data/eDNA/PER-2023-757/CTD/757A001.cnv
* Sea-Bird SBE19plus  Data File:
* FileName = C:\Eastern_Shore_Islands_cruises\Ryan_Perley2023757\757A001.hex
* Software version 2.3.0 SB_Terminal.dll
* Temperature SN = 7141
* Conductivity SN = 7141
* System UpLoad Time = Apr 21 2023 10:19:44
* <ApplicationData>
* <SeatermAF>
** Platform: M. Perley
** Cruise: PER2023757
** Station:  ESI_08
** Cast: 01 01
** Latitude: N  44 40.0813
** Longitude: W  -62 20.8761
** Sounding:  114
** Chief Scientist: Ryan Stanley
** Comment:
** first cast,Bottle 3 snaggede. First test of the new sysetm. Also the Salinity guard wasn't taken off. Samples 141001-141006
# nquan = 8
# nvalues = 4551                                  
# units = specified
# name 0 = depSM: Depth [salt water, m], lat = 44.00
# name 1 = tv290C: Temperature [ITS-90, deg C]
# name 2 = sal00: Salinity, Practical [PSU]
# name 3 = opoxMg/L: Oxygen Optode, Aanderaa [mg/l]
# name 4 = sbeox0Mg/L: Oxygen, SBE 43 [mg/l]
# name 5 = wetStar: Fluorescence, WET Labs WETstar [mg/m^3]
# name 6 = nbf: Bottles Fired
# name 7 = flag:  0.000e+00
# span 0 =     -0.098,    102.195                 
# span 1 =     0.4953,     3.6766                 
# span 2 =     0.0007,    32.2741                 
# span 3 =   11.97571,   15.44784                 
# span 4 =    10.9831,    16.5898                 
# span 5 =     1.9721,    75.0318                 
# span 6 =          0,          2                 
# span 7 = 0.0000e+00, 0.0000e+00                 
# interval = seconds: 0.25
# start_time = Apr 21 2023 11:31:42 [Instrument's time stamp, header]
# bad_flag = -9.990e-29
*END*
[from data line 4315]
     -0.081     1.8075     0.1386   13.32922    16.3153     9.9633          2  0.000e+00
     -0.083     1.8083     0.1390   13.30951    16.3213     9.9995          2  0.000e+00
     -0.083     1.8090     0.1394   13.30951    16.3199     9.9984          2  0.000e+00
     -0.082     1.8091     0.1400   13.30951    16.3033     9.9633          2  0.000e+00
     -0.082     1.8093     0.1406   13.30951    16.3067     9.9914          2  0.000e+00
     -0.083     1.8093     0.1412   13.30992    16.3030     9.9715          2  0.000e+00
     -0.082     1.8093     0.1416   13.30992    16.2978     9.9504          2  0.000e+00
     -0.083     1.8094     0.1417   13.30992    16.2887     9.9458          2  0.000e+00
     -0.082     1.8094     0.1418   13.30992    16.2829     9.9610          2  0.000e+00
     -0.082     1.8093     0.1415   13.32000    16.2844     9.9715          2  0.000e+00
     -0.080     1.8096     0.1411   13.32000    16.2911     9.9575          2  0.000e+00
     -0.083     1.8099     0.1407   13.32000    16.2921     9.9949          2  0.000e+00
     -0.083     1.8101     0.1402   13.32000    16.2943     9.9750          2  0.000e+00
     -0.084     1.8105     0.1397   13.32182    16.3004     9.9727          2  0.000e+00
     -0.084     1.8106     0.1393   13.32182    16.3123     9.9621          2  0.000e+00
     -0.083     1.8111     0.1389   13.32182    16.3149     9.9797          2  0.000e+00
     -0.085     1.8116     0.1386   13.32182    16.3113     9.9481          2  0.000e+00
     -0.083     1.8119     0.1384   13.31847    16.3047     9.9773          2  0.000e+00
     -0.082     1.8118     0.1383   13.31847    16.3091     9.9715          2  0.000e+00
     -0.083     1.8118     0.1384   13.31847    16.3034     9.9563          2  0.000e+00
     -0.083     1.8115     0.1385   13.31847    16.3048     9.9575          2  0.000e+00
     -0.081     1.8113     0.1386   13.33104    16.2932     9.9692          2  0.000e+00
     -0.083     1.8111     0.1390   13.33104    16.2853     9.9516          2  0.000e+00
     -0.082     1.8109     0.1392   13.33104    16.2921     9.9528          2  0.000e+00
     -0.082     1.8109     0.1395   13.33104    16.2958     9.9364          2  0.000e+00
     -0.084     1.8115     0.1394   13.32263    16.2883     9.9633          2  0.000e+00
     -0.081     1.8122     0.1394   13.32263    16.2921     9.9645          2  0.000e+00
     -0.083     1.8128     0.1392   13.32263    16.2883     9.9914          2  0.000e+00
     -0.084     1.8137     0.1389   13.32263    16.2886     9.9808          2  0.000e+00
     -0.083     1.8147     0.1386   13.32080    16.3052     9.9890          2  0.000e+00
     -0.085     1.8155     0.1384   13.32080    16.3035     9.9750          2  0.000e+00
     -0.081     1.8154     0.1382   13.32080    16.3022     9.9855          2  0.000e+00
     -0.084     1.8151     0.1382   13.32080    16.3037     9.9820          2  0.000e+00
     -0.083     1.8149     0.1384   13.32378    16.3051     9.9610          2  0.000e+00
     -0.082     1.8146     0.1386   13.32378    16.3044     9.9458          2  0.000e+00
     -0.082     1.8144     0.1391   13.32378    16.3121     9.9563          2  0.000e+00
     -0.082     1.8144     0.1397   13.32378    16.3008     9.9423          2  0.000e+00
     -0.081     1.8149     0.1403   13.32234    16.2996     9.9598          2  0.000e+00
     -0.081     1.8154     0.1409   13.32234    16.3039     9.9680          2  0.000e+00
     -0.083     1.8160     0.1409   13.32234    16.3058     9.9785          2  0.000e+00
     -0.082     1.8167     0.1407   13.32234    16.3003     9.9692          2  0.000e+00
     -0.080     1.8174     0.1403   13.31933    16.2929     9.9563          2  0.000e+00
     -0.084     1.8177     0.1398   13.31933    16.3022     9.9481          2  0.000e+00
     -0.082     1.8177     0.1393   13.31933    16.2991     9.9563          2  0.000e+00
     -0.083     1.8180     0.1388   13.31933    16.3055     9.9598          2  0.000e+00
     -0.085     1.8179     0.1384   13.32384    16.3068     9.9376          2  0.000e+00
     -0.084     1.8176     0.1381   13.32384    16.2971     9.9703          2  0.000e+00
     -0.083     1.8173     0.1379   13.32384    16.2973     9.9563          2  0.000e+00
     -0.083     1.8173     0.1378   13.32384    16.2976     9.9656          2  0.000e+00
     -0.083     1.8170     0.1378   13.32694    16.3042     9.9727          2  0.000e+00
     -0.082     1.8173     0.1378   13.32694    16.2970     9.9937          2  0.000e+00
     -0.083     1.8176     0.1379   13.32694    16.2939     9.9890          2  0.000e+00
     -0.083     1.8183     0.1381   13.32694    16.2888     9.9668          2  0.000e+00
     -0.084     1.8188     0.1382   13.31866    16.2905     9.9727          2  0.000e+00
     -0.082     1.8200     0.1383   13.31866    16.2948     9.9598          2  0.000e+00
     -0.080     1.8206     0.1383   13.31866    16.2959     9.9656          2  0.000e+00
     -0.082     1.8209     0.1384   13.31866    16.3028     9.9692          2  0.000e+00
     -0.084     1.8208     0.1386   13.31786    16.3111     9.9528          2  0.000e+00
     -0.084     1.8210     0.1388   13.31786    16.3085     9.9610          2  0.000e+00
     -0.082     1.8214     0.1390   13.31786    16.3141     9.9773          2  0.000e+00
     -0.081     1.8221     0.1394   13.31786    16.3096     9.9341          2  0.000e+00
     -0.082     1.8227     0.1397   13.31581    16.3011     9.9259          2  0.000e+00
     -0.080     1.8233     0.1398   13.31581    16.2893     9.9446          2  0.000e+00
     -0.083     1.8234     0.1398   13.31581    16.2843     9.9621          2  0.000e+00
     -0.081     1.8233     0.1396   13.31581    16.2828     9.9481          2  0.000e+00
     -0.082     1.8233     0.1394   13.31933    16.2867     9.9282          2  0.000e+00
     -0.083     1.8231     0.1390   13.31933    16.2938     9.9540          2  0.000e+00
     -0.082     1.8231     0.1386   13.31933    16.3040     9.9540          2  0.000e+00
     -0.082     1.8230     0.1383   13.31933    16.3002     9.9388          2  0.000e+00
     -0.082     1.8229     0.1379   13.33076    16.3126     9.9551          2  0.000e+00
     -0.084     1.8228     0.1375   13.33076    16.3105     9.9738          2  0.000e+00
     -0.083     1.8228     0.1372   13.33076    16.3055     9.9750          2  0.000e+00
     -0.084     1.8228     0.1369   13.33076    16.2983     9.9703          2  0.000e+00
     -0.083     1.8231     0.1366   13.32778    16.2988     9.9493          2  0.000e+00
     -0.084     1.8231     0.1363   13.32778    16.2961     9.9621          2  0.000e+00
     -0.083     1.8230     0.1361   13.32778    16.2899     9.9388          2  0.000e+00
     -0.083     1.8229     0.1359   13.32778    16.2983     9.9504          2  0.000e+00
     -0.082     1.8227     0.1358   13.32544    16.2870     9.9469          2  0.000e+00
     -0.081     1.8227     0.1357   13.32544    16.2956     9.9504          2  0.000e+00
     -0.084     1.8225     0.1357   13.32544    16.2969     9.9469          2  0.000e+00
     -0.081     1.8224     0.1358   13.32544    16.3005     9.9621          2  0.000e+00
     -0.082     1.8224     0.1358   13.32022    16.3005     9.9621          2  0.000e+00
     -0.082     1.8223     0.1361   13.32022    16.2906     9.9575          2  0.000e+00
     -0.080     1.8222     0.1363   13.32022    16.3056     9.9540          2  0.000e+00
     -0.079     1.8222     0.1366   13.32022    16.2980     9.9563          2  0.000e+00
     -0.081     1.8226     0.1368   13.30906    16.2909     9.9540          2  0.000e+00
     -0.082     1.8228     0.1369   13.30906    16.2959     9.9504          2  0.000e+00
     -0.080     1.8229     0.1369   13.30906    16.2916     9.9388          2  0.000e+00
     -0.082     1.8228     0.1367   13.30906    16.2950     9.9341          2  0.000e+00
     -0.081     1.8227     0.1366   13.32029    16.2896     9.9434          2  0.000e+00
     -0.080     1.8226     0.1364   13.32029    16.3011     9.9598          2  0.000e+00
     -0.083     1.8224     0.1362   13.32029    16.2943     9.9224          2  0.000e+00
     -0.082     1.8223     0.1360   13.32029    16.2967     9.9516          2  0.000e+00
     -0.081     1.8224     0.1358   13.31882    16.2947     9.9656          2  0.000e+00
     -0.084     1.8225     0.1356   13.31882    16.2857     9.9551          2  0.000e+00
     -0.085     1.8225     0.1354   13.31882    16.2934     9.9236          2  0.000e+00
     -0.083     1.8222     0.1352   13.31882    16.2760     9.9329          2  0.000e+00
     -0.082     1.8225     0.1350   13.31754    16.2811     9.9411          2  0.000e+00
     -0.082     1.8225     0.1347   13.31754    16.2929     9.9692          2  0.000e+00
     -0.083     1.8225     0.1345   13.31754    16.2921     9.9469          2  0.000e+00
     -0.082     1.8227     0.1342   13.31754    16.3024     9.9481          2  0.000e+00
     -0.082     1.8227     0.1341   13.32707    16.3018     9.9610          2  0.000e+00
     -0.083     1.8228     0.1339   13.32707    16.3019     9.9715          2  0.000e+00
     -0.082     1.8228     0.1337   13.32707    16.2978     9.9855          2  0.000e+00
     -0.083     1.8229     0.1337   13.32707    16.2976     9.9668          2  0.000e+00
     -0.082     1.8229     0.1337   13.32038    16.2914     9.9656          2  0.000e+00
     -0.082     1.8232     0.1338   13.32038    16.2847     9.9586          2  0.000e+00
     -0.081     1.8235     0.1338   13.32038    16.2873     9.9925          2  0.000e+00
     -0.082     1.8236     0.1340   13.32038    16.2879     9.9504          2  0.000e+00
     -0.083     1.8236     0.1341   13.30676    16.2983     9.9423          2  0.000e+00
     -0.081     1.8238     0.1344   13.30676    16.2984     9.9598          2  0.000e+00
     -0.082     1.8244     0.1345   13.30676    16.3014     9.9446          2  0.000e+00
     -0.080     1.8250     0.1345   13.30676    16.2920     9.9715          2  0.000e+00
     -0.082     1.8253     0.1346   13.29386    16.2963     9.9551          2  0.000e+00
     -0.084     1.8257     0.1345   13.29386    16.2932     9.9469          2  0.000e+00
     -0.085     1.8259     0.1345   13.29386    16.3001     9.9388          2  0.000e+00
     -0.083     1.8262     0.1344   13.29386    16.2940     9.9469          2  0.000e+00
     -0.082     1.8267     0.1343   13.30164    16.2864     9.9259          2  0.000e+00
     -0.084     1.8271     0.1341   13.30164    16.2920     9.9656          2  0.000e+00
     -0.084     1.8279     0.1338   13.30164    16.2935     9.9388          2  0.000e+00
     -0.084     1.8281     0.1337   13.30164    16.2974     9.9282          2  0.000e+00
     -0.082     1.8281     0.1335   13.30227    16.2922     9.9820          2  0.000e+00
     -0.082     1.8281     0.1334   13.30227    16.2944     9.9832          2  0.000e+00
     -0.082     1.8281     0.1333   13.30227    16.3032     9.9563          2  0.000e+00
     -0.083     1.8279     0.1332   13.30227    16.3092     9.9446          2  0.000e+00
     -0.083     1.8278     0.1331   13.30934    16.3026     9.9341          2  0.000e+00
     -0.083     1.8280     0.1330   13.30934    16.3008     9.9493          2  0.000e+00
     -0.084     1.8281     0.1329   13.30934    16.2919     9.9271          2  0.000e+00
     -0.082     1.8281     0.1328   13.30934    16.2843     9.9388          2  0.000e+00
     -0.083     1.8282     0.1327   13.31190    16.2933     9.9692          2  0.000e+00
     -0.080     1.8283     0.1325   13.31190    16.2885     9.9540          2  0.000e+00
     -0.081     1.8284     0.1324   13.31190    16.2845     9.9388          2  0.000e+00
     -0.082     1.8285     0.1322   13.31190    16.2904     9.9353          2  0.000e+00
     -0.083     1.8288     0.1321   13.30759    16.2919     9.9481          2  0.000e+00
     -0.082     1.8290     0.1321   13.30759    16.2932     9.9621          2  0.000e+00
     -0.082     1.8289     0.1321   13.30759    16.2901     9.9364          2  0.000e+00
     -0.080     1.8289     0.1321   13.30759    16.2988     9.9493          2  0.000e+00
     -0.080     1.8289     0.1323   13.30692    16.2806     9.9259          2  0.000e+00
     -0.081     1.8290     0.1325   13.30692    16.3019     9.9259          2  0.000e+00
     -0.081     1.8291     0.1328   13.30692    16.3015     9.9540          2  0.000e+00
     -0.081     1.8291     0.1331   13.30692    16.2942     9.9458          2  0.000e+00
     -0.082     1.8291     0.1334   13.30611    16.2978     9.9224          2  0.000e+00
     -0.081     1.8292     0.1334   13.30611    16.2967     9.9329          2  0.000e+00
     -0.082     1.8293     0.1334   13.30611    16.2975     9.9189          2  0.000e+00
     -0.081     1.8292     0.1332   13.30611    16.2950     9.9165          2  0.000e+00
     -0.082     1.8294     0.1330   13.31050    16.2975     9.9481          2  0.000e+00
     -0.082     1.8295     0.1329   13.31050    16.2830     9.9598          2  0.000e+00
     -0.082     1.8295     0.1326   13.31050    16.2984     9.9481          2  0.000e+00
     -0.083     1.8296     0.1324   13.31050    16.2944     9.9317          2  0.000e+00
     -0.083     1.8297     0.1323   13.31347    16.2915     9.9423          2  0.000e+00
     -0.083     1.8298     0.1321   13.31347    16.2883     9.9446          2  0.000e+00
     -0.083     1.8299     0.1320   13.31347    16.2909     9.9154          2  0.000e+00
     -0.082     1.8300     0.1319   13.31347    16.2895     9.9130          2  0.000e+00
     -0.082     1.8302     0.1317   13.31581    16.2993     9.8745          2  0.000e+00
     -0.083     1.8304     0.1317   13.31581    16.2984     9.8862          2  0.000e+00
     -0.082     1.8309     0.1316   13.31581    16.2911     9.9656          2  0.000e+00
     -0.082     1.8315     0.1315   13.31581    16.3000    10.0276          2  0.000e+00
     -0.081     1.8317     0.1315   13.30822    16.3030     9.9423          2  0.000e+00
     -0.082     1.8319     0.1315   13.30822    16.2975     9.6021          2  0.000e+00
     -0.082     1.8320     0.1315   13.30822    16.2913     9.2888          2  0.000e+00
     -0.081     1.8319     0.1317   13.30822    16.2870     9.5530          2  0.000e+00
     -0.082     1.8319     0.1319   13.31658    16.2924    10.1702          2  0.000e+00
     -0.082     1.8322     0.1322   13.31658    16.2906     9.5764          2  0.000e+00
     -0.082     1.8328     0.1324   13.31658    16.2850     8.6365          2  0.000e+00
     -0.082     1.8339     0.1325   13.31658    16.2833     9.0690          2  0.000e+00
     -0.082     1.8351     0.1326   13.30707    16.2814     9.7809          2  0.000e+00
     -0.081     1.8360     0.1325   13.30707    16.2975     9.9084          2  0.000e+00
     -0.081     1.8368     0.1323   13.30707    16.3040     9.9189          2  0.000e+00
     -0.082     1.8372     0.1321   13.30707    16.2905     9.9130          2  0.000e+00
     -0.082     1.8374     0.1319   13.31526    16.2914     9.8768          2  0.000e+00
     -0.083     1.8375     0.1317   13.31526    16.2970     9.8815          2  0.000e+00
     -0.083     1.8376     0.1316   13.31526    16.2910     9.8546          2  0.000e+00
     -0.081     1.8376     0.1315   13.31526    16.2816     9.9130          2  0.000e+00
     -0.083     1.8376     0.1314   13.31322    16.2707     9.9142          2  0.000e+00
     -0.082     1.8375     0.1313   13.31322    16.2724     9.9084          2  0.000e+00
     -0.083     1.8374     0.1312   13.31322    16.2783     9.9084          2  0.000e+00
     -0.082     1.8375     0.1312   13.31322    16.2829     9.8803          2  0.000e+00
     -0.082     1.8375     0.1312   13.32170    16.2819     9.8862          2  0.000e+00
     -0.081     1.8375     0.1313   13.32170    16.2827     9.8815          2  0.000e+00
