data/eDNA/PER-2023-757/CTD/757A001.cnv
* Sea-Bird SBE19plus  Data File:
* FileName = C:\Eastern_Shore_Islands_cruises\Ryan_Perley2023757\757A001.hex
* Software version 2.3.0 SB_Terminal.dll
* Temperature SN = 7141
* Conductivity SN = 7141
* System UpLoad Time = Apr 21 2023 10:19:44
* <ApplicationData>
* <SeatermAF>
** Platform: M. Perley
** Cruise: PER2023757
** Station:  ESI_08
** Cast: 01 01
** Latitude: N  44 40.0813
** Longitude: W  -62 20.8761
** Sounding:  114
** Chief Scientist: Ryan Stanley
** Comment:
** first cast,Bottle 3 snaggede. First test of the new sysetm. Also the Salinity guard wasn't taken off. Samples 141001-141006
# nquan = 8
# nvalues = 4551                                  
# units = specified
# name 0 = depSM: Depth [salt water, m], lat = 44.00
# name 1 = tv290C: Temperature [ITS-90, deg C]
# name 2 = sal00: Salinity, Practical [PSU]
# name 3 = opoxMg/L: Oxygen Optode, Aanderaa [mg/l]
# name 4 = sbeox0Mg/L: Oxygen, SBE 43 [mg/l]
# name 5 = wetStar: Fluorescence, WET Labs WETstar [mg/m^3]
# name 6 = nbf: Bottles Fired
# name 7 = flag:  0.000e+00
# span 0 =     -0.098,    102.195                 
# span 1 =     0.4953,     3.6766                 
# span 2 =     0.0007,    32.2741                 
# span 3 =   11.97571,   15.44784                 
# span 4 =    10.9831,    16.5898                 
# span 5 =     1.9721,    75.0318                 
# span 6 =          0,          2                 
# span 7 = 0.0000e+00, 0.0000e+00                 
# interval = seconds: 0.25
# start_time = Apr 21 2023 11:31:42 [Instrument's time stamp, header]
# bad_flag = -9.990e-29
*END*
[from data line 1978]
    101.810     2.5835    32.0871   12.06195    11.0936     3.0066          1  0.000e+00
    101.814     2.5897    32.0869   12.06195    11.0903     2.2959          1  0.000e+00
    101.820     2.5954    32.0883   12.04848    11.0840     2.3006          1  0.000e+00
    101.833     2.6002    32.0888   12.04848    11.0916     2.1240          1  0.000e+00
    101.849     2.6049    32.0890   12.04848    11.0845     2.2889          1  0.000e+00
    101.869     2.6100    32.0885   12.04848    11.0784     2.3438          1  0.000e+00
    101.889     2.6151    32.0860   12.03578    11.0727     2.6466          1  0.000e+00
    101.906     2.6203    32.0831   12.03578    11.0521     2.5262          1  0.000e+00
    101.909     2.6250    32.0800   12.03578    11.0493     3.0265          1  0.000e+00
    101.900     2.6291    32.0772   12.03578    11.0355     3.2439          1  0.000e+00
    101.874     2.6327    32.0757   12.04381    11.0327     4.2750          1  0.000e+00
    101.834     2.6359    32.0767   12.04381    11.0308     3.3187          1  0.000e+00
    101.787     2.6400    32.0782   12.04381    11.0307     2.9388          1  0.000e+00
    101.744     2.6442    32.0761   12.04381    11.0282     3.1072          1  0.000e+00
    101.711     2.6479    32.0707   12.01990    11.0282     3.6426          1  0.000e+00
    101.699     2.6512    32.0651   12.01990    11.0247     3.6040          1  0.000e+00
    101.703     2.6533    32.0609   12.01990    11.0134     3.1948          1  0.000e+00
    101.722     2.6536    32.0578   12.01990    11.0033     2.6057          1  0.000e+00
    101.746     2.6537    32.0533   12.04339    10.9948     2.4198          1  0.000e+00
    101.779     2.6541    32.0507   12.04339    10.9891     2.5507          1  0.000e+00
    101.807     2.6537    32.0478   12.04339    10.9860     2.9949          1  0.000e+00
    101.835     2.6533    32.0438   12.04339    10.9868     4.2084          1  0.000e+00
    101.858     2.6530    32.0395   12.04710    10.9924     3.9383          1  0.000e+00
    101.880     2.6521    32.0365   12.04710    10.9974     3.0090          1  0.000e+00
    101.897     2.6494    32.0353   12.04710    11.0063     7.2653          1  0.000e+00
    101.907     2.6461    32.0338   12.04710    11.0232     3.2907          1  0.000e+00
    101.910     2.6426    32.0334   12.05718    11.0237     3.7840          1  0.000e+00
    101.911     2.6386    32.0320   12.05718    11.0328     2.9026          1  0.000e+00
    101.910     2.6354    32.0312   12.05718    11.0380     2.5051          1  0.000e+00
    101.909     2.6321    32.0306   12.05718    11.0351     2.6770          1  0.000e+00
    101.912     2.6283    32.0321   12.05152    11.0473     2.6618          1  0.000e+00
    101.925     2.6245    32.0344   12.05152    11.0543     2.3719          1  0.000e+00
    101.934     2.6212    32.0375   12.05152    11.0565     2.2304          1  0.000e+00
    101.936     2.6183    32.0435   12.05152    11.0737     2.6162          1  0.000e+00
    101.922     2.6159    32.0514   12.05661    11.0854     2.8605          1  0.000e+00
    101.882     2.6134    32.0645   12.05661    11.0901     3.7454          1  0.000e+00
    101.815     2.6117    32.0756   12.05661    11.0926     3.8436          1  0.000e+00
    101.728     2.6128    32.0824   12.05661    11.0903     7.5774          1  0.000e+00
    101.635     2.6163    32.0836   12.05043    11.0837     5.1576          1  0.000e+00
    101.556     2.6207    32.0755   12.05043    11.0823     5.4007          1  0.000e+00
    101.507     2.6246    32.0526   12.05043    11.0785     3.3351          1  0.000e+00
    101.505     2.6263    32.0433   12.05043    11.0730     8.5290          1  0.000e+00
    101.545     2.6263    32.0443   12.01776    11.0618     3.8495          1  0.000e+00
    101.619     2.6251    32.0464   12.01776    11.0548     2.7120          1  0.000e+00
    101.712     2.6230    32.0490   12.01776    11.0465     3.8541          1  0.000e+00
    101.810     2.6216    32.0523   12.01776    11.0458     2.7833          1  0.000e+00
    101.894     2.6207    32.0541   12.03626    11.0349     2.3707          1  0.000e+00
    101.954     2.6200    32.0533   12.03626    11.0388     2.2164          1  0.000e+00
    101.986     2.6195    32.0545   12.03626    11.0441     2.7413          1  0.000e+00
    101.992     2.6190    32.0588   12.03626    11.0478     2.9762          1  0.000e+00
    101.972     2.6185    32.0652   12.05350    11.0624     4.3849          1  0.000e+00
    101.942     2.6181    32.0757   12.05350    11.0577     2.7389          1  0.000e+00
    101.909     2.6183    32.0803   12.05350    11.0584     2.7693          1  0.000e+00
    101.889     2.6216    32.0773   12.05350    11.0511     3.6426          1  0.000e+00
    101.886     2.6262    32.0706   12.04115    11.0474     4.2259          1  0.000e+00
    101.904     2.6308    32.0635   12.04115    11.0304     3.0686          1  0.000e+00
    101.935     2.6342    32.0587   12.04115    11.0335     2.6992          1  0.000e+00
    101.972     2.6362    32.0556   12.04115    11.0327     2.8628          1  0.000e+00
    102.003     2.6378    32.0531   12.02806    11.0323     2.6162          1  0.000e+00
    102.010     2.6388    32.0521   12.02806    11.0327     2.5671          1  0.000e+00
    102.000     2.6395    32.0534   12.02806    11.0282     2.7109          1  0.000e+00
    101.962     2.6397    32.0564   12.02806    11.0346     2.4350          1  0.000e+00
    101.909     2.6383    32.0578   12.03670    11.0320     2.5332          1  0.000e+00
    101.854     2.6363    32.0580   12.03670    11.0376     3.3702          1  0.000e+00
    101.800     2.6364    32.0564   12.03670    11.0430     3.3807          1  0.000e+00
    101.752     2.6370    32.0545   12.03670    11.0431     4.0821          1  0.000e+00
    101.712     2.6368    32.0537   12.03174    11.0370     4.0307          1  0.000e+00
    101.682     2.6364    32.0533   12.03174    11.0341     4.6888          1  0.000e+00
    101.658     2.6360    32.0528   12.03174    11.0428     7.3600          1  0.000e+00
    101.643     2.6358    32.0522   12.03174    11.0405     6.9987          1  0.000e+00
    101.645     2.6354    32.0516   12.03264    11.0454     3.6613          1  0.000e+00
    101.665     2.6351    32.0505   12.03264    11.0361     2.8944          1  0.000e+00
    101.709     2.6347    32.0494   12.03264    11.0417     3.6402          1  0.000e+00
    101.778     2.6340    32.0491   12.03264    11.0417     3.3187          1  0.000e+00
    101.865     2.6337    32.0491   12.03587    11.0617     3.9605          1  0.000e+00
    101.960     2.6332    32.0500   12.03587    11.0580     3.2860          1  0.000e+00
    102.059     2.6329    32.0508   12.03587    11.0548     2.9038          1  0.000e+00
    102.136     2.6328    32.0499   12.03587    11.0586     2.4502          1  0.000e+00
    102.187     2.6323    32.0481   12.04090    11.0654     3.4169          1  0.000e+00
    102.195     2.6320    32.0471   12.04090    11.0712     2.9879          1  0.000e+00
    102.152     2.6315    32.0481   12.04090    11.0753     2.6489          1  0.000e+00
    102.061     2.6310    32.0497   12.04090    11.0781     2.3999          1  0.000e+00
    101.932     2.6303    32.0502   12.04829    11.0787     2.4408          1  0.000e+00
    101.783     2.6281    32.0679   12.04829    11.0793     2.5320          1  0.000e+00
    101.636     2.6263    32.0829   12.04829    11.0780     3.5911          1  0.000e+00
    101.514     2.6270    32.0684   12.04829    11.0793     6.7872          1  0.000e+00
    101.435     2.6283    32.0536   12.02109    11.0724     4.2960          1  0.000e+00
    101.419     2.6283    32.0528   12.02109    11.0610     2.8757          1  0.000e+00
    101.461     2.6276    32.0539   12.02109    11.0499     6.5954          1  0.000e+00
    101.540     2.6272    32.0550   12.02109    11.0426     4.4293          1  0.000e+00
    101.644     2.6270    32.0553   12.00909    11.0414     4.3521          1  0.000e+00
    101.760     2.6270    32.0588   12.00909    11.0369     4.8034          1  0.000e+00
    101.863     2.6269    32.0614   12.00909    11.0380     7.4032          1  0.000e+00
    101.941     2.6269    32.0575   12.00909    11.0401     6.9029          1  0.000e+00
    101.986     2.6270    32.0535   12.02752    11.0340     6.8281          1  0.000e+00
    101.995     2.6270    32.0539   12.02752    11.0394     7.9889          1  0.000e+00
    101.967     2.6271    32.0593   12.02752    11.0394     3.5034          1  0.000e+00
    101.910     2.6270    32.0700   12.02752    11.0443     2.9681          1  0.000e+00
    101.838     2.6267    32.0783   12.03683    11.0412     2.5986          1  0.000e+00
    101.764     2.6272    32.0798   12.03683    11.0473     2.4023          1  0.000e+00
    101.698     2.6306    32.0759   12.03683    11.0393     2.3765          1  0.000e+00
    101.656     2.6350    32.0701   12.03683    11.0499     3.3141          1  0.000e+00
    101.632     2.6387    32.0624   12.02368    11.0417     3.6028          1  0.000e+00
    101.634     2.6405    32.0542   12.02368    11.0258     2.5390          1  0.000e+00
    101.662     2.6408    32.0508   12.02368    11.0245     2.4817          1  0.000e+00
    101.707     2.6405    32.0501   12.02368    11.0203     2.9049          1  0.000e+00
    101.765     2.6403    32.0495   12.01510    11.0256     3.0288          1  0.000e+00
    101.831     2.6403    32.0489   12.01510    11.0240     2.5940          1  0.000e+00
    101.884     2.6402    32.0489   12.01510    11.0277     2.6746          1  0.000e+00
    101.924     2.6402    32.0495   12.01510    11.0310     2.9143          1  0.000e+00
    101.946     2.6400    32.0518   12.03651    11.0442     2.6968          1  0.000e+00
    101.948     2.6398    32.0561   12.03651    11.0525     2.7144          1  0.000e+00
    101.929     2.6393    32.0581   12.03651    11.0493     4.0833          1  0.000e+00
    101.908     2.6382    32.0582   12.03651    11.0534     3.6203          1  0.000e+00
    101.886     2.6377    32.0584   12.03709    11.0472     2.7693          1  0.000e+00
    101.880     2.6370    32.0594   12.03709    11.0588     2.7974          1  0.000e+00
    101.881     2.6368    32.0604   12.03709    11.0607     2.5414          1  0.000e+00
    101.891     2.6371    32.0606   12.03709    11.0630     2.3613          1  0.000e+00
    101.914     2.6375    32.0607   12.02403    11.0557     3.6320          1  0.000e+00
    101.932     2.6379    32.0611   12.02403    11.0473     3.7618          1  0.000e+00
    101.944     2.6381    32.0626   12.02403    11.0480     2.8605          1  0.000e+00
    101.938     2.6383    32.0641   12.02403    11.0563     2.6454          1  0.000e+00
    101.910     2.6388    32.0659   12.02544    11.0502     3.3047          1  0.000e+00
    101.856     2.6391    32.0701   12.02544    11.0496     2.9669          1  0.000e+00
    101.779     2.6395    32.0770   12.02544    11.0526     3.3339          1  0.000e+00
    101.682     2.6419    32.0801   12.02544    11.0491     5.4685          1  0.000e+00
    101.587     2.6458    32.0783   12.02083    11.0542     2.9645          1  0.000e+00
    101.505     2.6492    32.0722   12.02083    11.0528     2.6536          1  0.000e+00
    101.454     2.6517    32.0557   12.02083    11.0381     3.6344          1  0.000e+00
    101.436     2.6524    32.0508   12.02083    11.0357     3.5210          1  0.000e+00
    101.460     2.6525    32.0541   12.00390    11.0313     3.3480          1  0.000e+00
    101.513     2.6503    32.0554   12.00390    11.0273     4.4199          1  0.000e+00
    101.588     2.6473    32.0560   12.00390    11.0252     2.9891          1  0.000e+00
    101.673     2.6449    32.0561   12.00390    11.0231     2.6653          1  0.000e+00
    101.755     2.6433    32.0563   12.00474    11.0180     2.8067          1  0.000e+00
    101.826     2.6421    32.0579   12.00474    11.0198     2.6863          1  0.000e+00
    101.881     2.6415    32.0605   12.00474    11.0233     2.4829          1  0.000e+00
    101.913     2.6408    32.0659   12.00474    11.0189     2.4572          1  0.000e+00
    101.923     2.6405    32.0719   12.04314    11.0199     2.2374          1  0.000e+00
    101.919     2.6402    32.0755   12.04314    11.0161     6.1991          1  0.000e+00
    101.897     2.6415    32.0747   12.04314    11.0162    11.1148          1  0.000e+00
    101.873     2.6436    32.0710   12.04314    11.0213     9.1392          1  0.000e+00
    101.851     2.6461    32.0675   12.03606    11.0236     5.8099          1  0.000e+00
    101.835     2.6484    32.0645   12.03606    11.0267     4.5731          1  0.000e+00
    101.828     2.6503    32.0619   12.03606    11.0266     3.9629          1  0.000e+00
    101.822     2.6515    32.0603   12.03606    11.0376     3.6355          1  0.000e+00
    101.822     2.6521    32.0594   12.02326    11.0355     3.9477          1  0.000e+00
    101.818     2.6524    32.0589   12.02326    11.0278     4.1861          1  0.000e+00
    101.817     2.6527    32.0589   12.02326    11.0324     3.3375          1  0.000e+00
    101.812     2.6528    32.0594   12.02326    11.0376     3.0253          1  0.000e+00
    101.801     2.6527    32.0604   12.01712    11.0403     2.8909          1  0.000e+00
    101.778     2.6528    32.0623   12.01712    11.0418     4.2949          1  0.000e+00
    101.745     2.6525    32.0654   12.01712    11.0377     4.0038          1  0.000e+00
    101.699     2.6520    32.0678   12.01712    11.0359     8.8598          1  0.000e+00
    101.643     2.6519    32.0699   12.01283    11.0391     5.1962          1  0.000e+00
    101.583     2.6527    32.0711   12.01283    11.0410     3.4356          1  0.000e+00
    101.529     2.6543    32.0704   12.01283    11.0356     3.0347          1  0.000e+00
    101.492     2.6559    32.0680   12.01283    11.0288     3.8530          1  0.000e+00
    101.484     2.6576    32.0586   11.99891    11.0341     3.4824          1  0.000e+00
    101.514     2.6584    32.0535   11.99891    11.0289     4.6081          1  0.000e+00
    101.583     2.6587    32.0515   11.99891    11.0201     3.2498          1  0.000e+00
    101.676     2.6588    32.0523   11.99891    11.0216     2.8231          1  0.000e+00
    101.775     2.6587    32.0530   12.00470    11.0099     3.4988          1  0.000e+00
    101.860     2.6580    32.0557   12.00470    11.0046     2.6559          1  0.000e+00
    101.930     2.6573    32.0577   12.00470    11.0163     2.7214          1  0.000e+00
    101.971     2.6565    32.0593   12.00470    11.0288     2.7343          1  0.000e+00
    101.987     2.6551    32.0615   12.02115    11.0341     3.1340          1  0.000e+00
    101.990     2.6538    32.0644   12.02115    11.0301     2.5227          1  0.000e+00
    101.987     2.6526    32.0678   12.02115    11.0401     2.8254          1  0.000e+00
    101.991     2.6522    32.0694   12.02115    11.0349     2.5577          1  0.000e+00
    102.001     2.6529    32.0695   12.01382    11.0345     2.4817          1  0.000e+00
    102.019     2.6541    32.0692   12.01382    11.0391     2.4163          1  0.000e+00
    102.036     2.6551    32.0690   12.01382    11.0362     5.4872          1  0.000e+00
    102.047     2.6561    32.0691   12.01382    11.0322     2.8827          1  0.000e+00
    102.039     2.6571    32.0696   12.00966    11.0397     2.7015          1  0.000e+00
    102.004     2.6580    32.0733   12.00966    11.0363     2.6080          1  0.000e+00
    101.937     2.6590    32.0793   12.00966    11.0336     3.3164          1  0.000e+00
    101.838     2.6604    32.0931   12.00966    11.0300     4.1043          1  0.000e+00
    101.709     2.6626    32.0996   11.99722    11.0305     4.0003          1  0.000e+00
