data/eDNA/PER-2023-757/CTD/757A004.cnv
* Sea-Bird SBE19plus  Data File:
* FileName = C:\Eastern_Shore_Islands_cruises\Ryan_Perley2023757\757A004.hex
* Software version 2.3.0 SB_Terminal.dll
* Temperature SN = 7141
* Conductivity SN = 7141
* System UpLoad Time = Apr 21 2023 12:47:56
* <ApplicationData>
* <SeatermAF>
** Platform: M. Perley
** Cruise: PER2023757
** Station:  ESI_05
** Cast: 01 04
** Latitude: N  44 49.3125
** Longitude: W  -62 28.7752
** Sounding:  11.7
** Chief Scientist: Ryan Stanley
** Comment: 141019-141024
** Samples 141019 - 141024. Coming back early into Sheet Harbour because of an engine issue with the CCGS Perley.
** CastID 757A004
# nquan = 8
# nvalues = 3582                                  
# units = specified
# name 0 = depSM: Depth [salt water, m], lat = 44.00
# name 1 = tv290C: Temperature [ITS-90, deg C]
# name 2 = sal00: Salinity, Practical [PSU]
# name 3 = opoxMg/L: Oxygen Optode, Aanderaa [mg/l]
# name 4 = sbeox0Mg/L: Oxygen, SBE 43 [mg/l]
# name 5 = wetStar: Fluorescence, WET Labs WETstar [mg/m^3]
# name 6 = nbf: Bottles Fired
# name 7 = flag:  0.000e+00
# span 0 =     -0.082,     14.382                 
# span 1 =     2.6495,     6.1178                 
# span 2 =     0.0917,    31.5377                 
# span 3 =   10.21002,   14.93456                 
# span 4 =    11.0016,    15.8457                 
# span 5 =     2.7272,    49.6588                 
# span 6 =          0,          2                 
# span 7 = 0.0000e+00, 0.0000e+00                 
# interval = seconds: 0.25
# start_time = Apr 21 2023 15:27:58 [Instrument's time stamp, header]
# bad_flag = -9.990e-29
*END*
[from data line 2158]
      2.421     3.2969    30.7048   14.48893    12.1457     3.5444          0  0.000e+00
      2.393     3.2986    30.6929   14.48893    12.1103     3.5935          0  0.000e+00
      2.352     3.2943    30.6905   14.50506    12.0560     3.8495          0  0.000e+00
      2.298     3.2869    30.6894   14.50506    12.0172     3.3608          0  0.000e+00
      2.222     3.2810    30.6913   14.50506    11.9726     3.6426          0  0.000e+00
      2.141     3.2752    30.6962   14.50506    11.9223     3.2100          0  0.000e+00
      2.054     3.2694    30.7047   14.52003    11.8868     3.2509          0  0.000e+00
      1.969     3.2675    30.7136   14.52003    11.8606     4.4796          0  0.000e+00
      1.888     3.2658    30.7300   14.52003    11.8350     3.4812          0  0.000e+00
      1.828     3.2654    30.7551   14.52003    11.7799     3.6542          0  0.000e+00
      1.780     3.2667    30.7744   14.52368    11.8009     3.3526          0  0.000e+00
      1.748     3.2686    30.7791   14.52368    11.7792     3.3211          0  0.000e+00
      1.733     3.2706    30.7819   14.52368    11.7860     3.3678          0  0.000e+00
      1.730     3.2723    30.7809   14.52368    11.8098     4.2656          0  0.000e+00
      1.744     3.2740    30.7695   14.53792    11.8525     4.3264          0  0.000e+00
      1.772     3.2753    30.7453   14.53792    11.9187     4.7952          0  0.000e+00
      1.811     3.2780    30.7305   14.53792    12.0259     5.3399          0  0.000e+00
      1.861     3.2839    30.7213   14.53792    12.1009     4.7227          0  0.000e+00
      1.928     3.2880    30.7322   14.54618    12.1613     4.3393          0  0.000e+00
      2.016     3.2939    30.7639   14.54618    12.2196     3.7244          0  0.000e+00
      2.120     3.3005    30.7703   14.54618    12.2383     3.8799          0  0.000e+00
      2.232     3.3054    30.7689   14.54618    12.2377     4.6643          0  0.000e+00
      2.341     3.3028    30.7702   14.55661    12.2061     4.0985          0  0.000e+00
      2.430     3.2937    30.7779   14.55661    12.1548     5.6977          0  0.000e+00
      2.499     3.2899    30.7666   14.55661    12.1160     4.2446          0  0.000e+00
      2.540     3.2890    30.7311   14.55661    12.0802     5.0944          0  0.000e+00
      2.563     3.2954    30.7004   14.55488    12.0710     4.2867          0  0.000e+00
      2.559     3.3040    30.6851   14.55488    12.0752     4.4293          0  0.000e+00
      2.531     3.3025    30.6805   14.55488    12.1035     3.8717          0  0.000e+00
      2.484     3.2946    30.6799   14.55488    12.1202     3.4111          0  0.000e+00
      2.416     3.2855    30.6798   14.56880    12.1404     4.1756          0  0.000e+00
      2.335     3.2754    30.6836   14.56880    12.1477     4.4562          0  0.000e+00
      2.236     3.2672    30.6847   14.56880    12.1187     3.4672          0  0.000e+00
      2.118     3.2581    30.6870   14.56880    12.0841     4.0237          0  0.000e+00
      1.991     3.2493    30.6932   14.58192    12.0095     4.0260          0  0.000e+00
      1.865     3.2434    30.7044   14.58192    11.9200     3.8167          0  0.000e+00
      1.754     3.2403    30.7539   14.58192    11.8443     3.9582          0  0.000e+00
      1.677     3.2410    30.7767   14.58192    11.7606     4.1137          0  0.000e+00
      1.640     3.2405    30.7687   14.58989    11.6807     4.0272          0  0.000e+00
      1.632     3.2342    30.7570   14.58989    11.6143     3.4614          0  0.000e+00
      1.645     3.2242    30.7536   14.58989    11.5811     3.3655          0  0.000e+00
      1.669     3.2161    30.7526   14.58989    11.5597     3.4637          0  0.000e+00
      1.713     3.2091    30.7520   14.58906    11.5605     3.7478          0  0.000e+00
      1.789     3.2030    30.7475   14.58906    11.5754     3.6063          0  0.000e+00
      1.890     3.1983    30.7430   14.58906    11.5782     4.0459          0  0.000e+00
      2.012     3.1955    30.7400   14.58906    11.6113     3.8904          0  0.000e+00
      2.147     3.1945    30.7377   14.58851    11.6710     3.4392          0  0.000e+00
      2.277     3.1940    30.7368   14.58851    11.7749     4.0120          0  0.000e+00
      2.389     3.1930    30.7388   14.58851    11.9052     4.5661          0  0.000e+00
      2.480     3.1922    30.7448   14.58851    12.0746     3.4368          0  0.000e+00
      2.542     3.1919    30.7657   14.59271    12.2376     3.3234          0  0.000e+00
      2.573     3.1921    30.7602   14.59271    12.4459     4.2867          0  0.000e+00
      2.572     3.1918    30.7588   14.59271    12.6333     3.8705          0  0.000e+00
      2.542     3.1961    30.7553   14.59271    12.7833     4.1172          0  0.000e+00
      2.491     3.2040    30.7451   14.61018    12.8630     3.9418          0  0.000e+00
      2.425     3.2116    30.7367   14.61018    12.8920     4.0049          0  0.000e+00
      2.348     3.2158    30.7337   14.61018    12.8756     4.1780          0  0.000e+00
      2.266     3.2168    30.7334   14.61018    12.8222     3.2708          0  0.000e+00
      2.176     3.2169    30.7332   14.60733    12.7381     3.3339          0  0.000e+00
      2.083     3.2165    30.7337   14.60733    12.6212     3.7033          0  0.000e+00
      1.991     3.2156    30.7370   14.60733    12.4988     4.4398          0  0.000e+00
      1.910     3.2160    30.7451   14.60733    12.3720     3.9664          0  0.000e+00
      1.840     3.2176    30.7606   14.61443    12.2382     3.6472          0  0.000e+00
      1.790     3.2191    30.7623   14.61443    12.1011     3.8296          0  0.000e+00
      1.753     3.2200    30.7614   14.61443    11.9868     3.2264          0  0.000e+00
      1.731     3.2209    30.7583   14.61443    11.8640     4.8104          0  0.000e+00
      1.723     3.2208    30.7544   14.61728    11.7610     3.6145          0  0.000e+00
      1.729     3.2176    30.7546   14.61728    11.6836     5.2523          0  0.000e+00
      1.755     3.2129    30.7529   14.61728    11.6214     3.5222          0  0.000e+00
      1.803     3.2088    30.7477   14.61728    11.5572     3.8319          0  0.000e+00
      1.878     3.2051    30.7417   14.61411    11.5202     4.1043          0  0.000e+00
      1.972     3.2021    30.7367   14.61411    11.4761     3.9453          0  0.000e+00
      2.081     3.2006    30.7335   14.61411    11.4292     3.2159          0  0.000e+00
      2.187     3.1996    30.7326   14.61411    11.4105     4.0505          0  0.000e+00
      2.285     3.1989    30.7335   14.60349    11.3667     4.6713          0  0.000e+00
      2.362     3.1977    30.7367   14.60349    11.3407     5.0138          0  0.000e+00
      2.421     3.1962    30.7441   14.60349    11.3130     3.9500          0  0.000e+00
      2.463     3.1960    30.7596   14.60349    11.2691     3.7454          0  0.000e+00
      2.487     3.1966    30.7618   14.61642    11.2362     5.8894          0  0.000e+00
      2.495     3.1960    30.7601   14.61642    11.1998     4.2855          0  0.000e+00
      2.482     3.1999    30.7566   14.61642    11.1620     4.4702          0  0.000e+00
      2.447     3.2069    30.7499   14.61642    11.1119     3.7711          0  0.000e+00
      2.395     3.2151    30.7410   14.62564    11.0704     3.8319          0  0.000e+00
      2.323     3.2230    30.7292   14.62564    11.0287     3.5011          0  0.000e+00
      2.233     3.2282    30.7218   14.62564    11.0095     4.4223          0  0.000e+00
      2.132     3.2297    30.7199   14.62564    11.0075     3.7922          0  0.000e+00
      2.025     3.2283    30.7232   14.62234    11.0016     4.2165          0  0.000e+00
      1.926     3.2276    30.7286   14.62234    11.0206     3.9196          0  0.000e+00
      1.839     3.2283    30.7414   14.62234    11.0555     4.6058          0  0.000e+00
      1.776     3.2295    30.7405   14.62234    11.1094     3.5876          0  0.000e+00
      1.735     3.2296    30.7411   14.63194    11.1626     3.5222          0  0.000e+00
      1.710     3.2300    30.7398   14.63194    11.2245     3.4660          0  0.000e+00
      1.698     3.2284    30.7425   14.63194    11.2749     3.4029          0  0.000e+00
      1.702     3.2257    30.7465   14.63194    11.3449     3.2381          0  0.000e+00
      1.738     3.2234    30.7436   14.63110    11.4078     4.5719          0  0.000e+00
      1.821     3.2213    30.7339   14.63110    11.4720     4.6865          0  0.000e+00
      1.934     3.2170    30.7216   14.63110    11.5327     3.5502          0  0.000e+00
      2.057     3.2115    30.7172   14.63110    11.5666     3.3375          0  0.000e+00
      2.178     3.2080    30.7185   14.62653    11.6113     3.5490          0  0.000e+00
      2.281     3.2053    30.7222   14.62653    11.6288     3.8880          0  0.000e+00
      2.354     3.2033    30.7312   14.62653    11.6352     3.0627          0  0.000e+00
      2.405     3.2028    30.7475   14.62653    11.6280     3.1492          0  0.000e+00
      2.428     3.2020    30.7466   14.62976    11.6194     3.3094          0  0.000e+00
      2.440     3.2019    30.7482   14.62976    11.6054     3.1761          0  0.000e+00
      2.440     3.2040    30.7470   14.62976    11.5942     3.6648          0  0.000e+00
      2.430     3.2077    30.7448   14.62976    11.5725     8.3326          0  0.000e+00
      2.410     3.2110    30.7408   14.64006    11.5577     4.7812          0  0.000e+00
      2.374     3.2130    30.7371   14.64006    11.5416     4.0587          0  0.000e+00
      2.312     3.2153    30.7335   14.64006    11.5164     3.6882          0  0.000e+00
      2.234     3.2199    30.7262   14.64006    11.4913     3.8343          0  0.000e+00
      2.132     3.2237    30.7191   14.64214    11.4615     3.9547          0  0.000e+00
      2.023     3.2258    30.7158   14.64214    11.4301     3.7431          0  0.000e+00
      1.913     3.2279    30.7170   14.64214    11.3935     3.1586          0  0.000e+00
      1.826     3.2282    30.7309   14.64214    11.3460     3.5140          0  0.000e+00
      1.776     3.2285    30.7317   14.64084    11.2913     3.5981          0  0.000e+00
      1.762     3.2284    30.7278   14.64084    11.2364     3.7454          0  0.000e+00
      1.774     3.2251    30.7238   14.64084    11.1899     4.1265          0  0.000e+00
      1.800     3.2199    30.7217   14.64084    11.1341     3.5163          0  0.000e+00
      1.831     3.2155    30.7215   14.64080    11.0838     3.2942          0  0.000e+00
      1.870     3.2118    30.7233   14.64080    11.0536     3.4883          0  0.000e+00
      1.913     3.2086    30.7250   14.64080    11.0281     4.2528          0  0.000e+00
      1.965     3.2058    30.7262   14.64080    11.0243     3.7934          0  0.000e+00
      2.020     3.2033    30.7274   14.64250    11.0360     3.2673          0  0.000e+00
      2.074     3.2013    30.7290   14.64250    11.0471     5.0769          0  0.000e+00
      2.123     3.1998    30.7314   14.64250    11.0598     4.2189          0  0.000e+00
      2.164     3.1989    30.7349   14.64250    11.0803     3.2206          0  0.000e+00
      2.198     3.1989    30.7427   14.64730    11.0953     3.8261          0  0.000e+00
      2.219     3.2001    30.7487   14.64730    11.1169     4.9273          0  0.000e+00
      2.239     3.2008    30.7488   14.64730    11.1501     3.7419          0  0.000e+00
      2.254     3.2007    30.7486   14.64730    11.1722     3.1107          0  0.000e+00
      2.267     3.2004    30.7492   14.65107    11.2014     3.0031          0  0.000e+00
      2.272     3.2027    30.7465   14.65107    11.2408     3.6601          0  0.000e+00
      2.270     3.2061    30.7417   14.65107    11.2812     4.2469          0  0.000e+00
      2.259     3.2086    30.7379   14.65107    11.3153     3.8086          0  0.000e+00
      2.238     3.2121    30.7351   14.65494    11.3541     4.6888          0  0.000e+00
      2.210     3.2152    30.7336   14.65494    11.3779     4.6035          0  0.000e+00
      2.177     3.2180    30.7315   14.65494    11.4078     4.0155          0  0.000e+00
      2.151     3.2205    30.7310   14.65494    11.4308     9.4700          0  0.000e+00
      2.135     3.2224    30.7341   14.64038    11.4318     7.3506          0  0.000e+00
      2.129     3.2238    30.7368   14.64038    11.4372     5.0278          0  0.000e+00
      2.122     3.2246    30.7375   14.64038    11.4307     3.6484          0  0.000e+00
      2.110     3.2253    30.7381   14.64038    11.4238     3.9243          0  0.000e+00
      2.097     3.2260    30.7355   14.65328    11.4179     4.4363          0  0.000e+00
      2.080     3.2269    30.7313   14.65328    11.4105     7.2641          0  0.000e+00
      2.060     3.2283    30.7288   14.65328    11.4147     5.9303          0  0.000e+00
      2.043     3.2303    30.7269   14.65328    11.4181     4.9191          0  0.000e+00
      2.029     3.2322    30.7260   14.65318    11.4320     5.4744          0  0.000e+00
      2.019     3.2340    30.7250   14.65318    11.4394     4.5602          0  0.000e+00
      2.008     3.2355    30.7244   14.65318    11.4613     3.4158          0  0.000e+00
      2.003     3.2368    30.7244   14.65318    11.5085     6.2541          0  0.000e+00
      2.002     3.2382    30.7253   14.65863    11.5558     6.6691          0  0.000e+00
      2.005     3.2393    30.7277   14.65863    11.6185     4.1452          0  0.000e+00
      2.013     3.2400    30.7296   14.65863    11.6866     6.7147          0  0.000e+00
      2.025     3.2404    30.7309   14.65863    11.7398     4.5216          0  0.000e+00
      2.043     3.2403    30.7319   14.65712    11.7946     4.1289          0  0.000e+00
      2.059     3.2402    30.7325   14.65712    11.8353     3.7010          0  0.000e+00
      2.081     3.2398    30.7333   14.65712    11.8465     4.3498          0  0.000e+00
      2.103     3.2394    30.7340   14.65712    11.8365     3.7337          0  0.000e+00
      2.123     3.2389    30.7346   14.65072    11.8079     3.5151          0  0.000e+00
      2.148     3.2384    30.7351   14.65072    11.7619     3.8670          0  0.000e+00
      2.178     3.2375    30.7359   14.65072    11.7049     7.1075          0  0.000e+00
      2.202     3.2368    30.7375   14.65072    11.6379     8.0251          0  0.000e+00
      2.223     3.2363    30.7397   14.64468    11.5677     5.6649          0  0.000e+00
      2.232     3.2365    30.7384   14.64468    11.5044     7.5295          0  0.000e+00
      2.231     3.2370    30.7321   14.64468    11.4499     4.9366          0  0.000e+00
      2.222     3.2383    30.7235   14.64468    11.4055     5.4685          0  0.000e+00
      2.204     3.2441    30.7116   14.64803    11.3732     4.2130          0  0.000e+00
      2.188     3.2504    30.7015   14.64803    11.3573     3.4169          0  0.000e+00
      2.177     3.2523    30.6995   14.64803    11.3594     2.9061          0  0.000e+00
      2.170     3.2516    30.7016   14.64803    11.3698     3.2626          0  0.000e+00
      2.164     3.2508    30.7027   14.65351    11.3878     3.2848          0  0.000e+00
      2.156     3.2504    30.7025   14.65351    11.4215     3.4660          0  0.000e+00
      2.136     3.2507    30.6993   14.65351    11.4605     4.2902          0  0.000e+00
      2.115     3.2517    30.6929   14.65351    11.5149     4.4971          0  0.000e+00
      2.089     3.2508    30.6919   14.65610    11.5705     4.2504          0  0.000e+00
      2.062     3.2468    30.6967   14.65610    11.6262     3.8635          0  0.000e+00
      2.046     3.2432    30.7063   14.65610    11.6687     3.7045          0  0.000e+00
      2.039     3.2424    30.7169   14.65610    11.7129     4.4994          0  0.000e+00
      2.039     3.2425    30.7191   14.65840    11.7429     4.2481          0  0.000e+00
