data/eDNA/PER-2023-757/CTD/757A001.cnv
* Sea-Bird SBE19plus  Data File:
* FileName = C:\Eastern_Shore_Islands_cruises\Ryan_Perley2023757\757A001.hex
* Software version 2.3.0 SB_Terminal.dll
* Temperature SN = 7141
* Conductivity SN = 7141
* System UpLoad Time = Apr 21 2023 10:19:44
* <ApplicationData>
* <SeatermAF>
** Platform: M. Perley
** Cruise: PER2023757
** Station:  ESI_08
** Cast: 01 01
** Latitude: N  44 40.0813
** Longitude: W  -62 20.8761
** Sounding:  114
** Chief Scientist: Ryan Stanley
** Comment:
** first cast,Bottle 3 snaggede. First test of the new sysetm. Also the Salinity guard wasn't taken off. Samples 141001-141006
# nquan = 8
# nvalues = 4551                                  
# units = specified
# name 0 = depSM: Depth [salt water, m], lat = 44.00
# name 1 = tv290C: Temperature [ITS-90, deg C]
# name 2 = sal00: Salinity, Practical [PSU]
# name 3 = opoxMg/L: Oxygen Optode, Aanderaa [mg/l]
# name 4 = sbeox0Mg/L: Oxygen, SBE 43 [mg/l]
# name 5 = wetStar: Fluorescence, WET Labs WETstar [mg/m^3]
# name 6 = nbf: Bottles Fired
# name 7 = flag:  0.000e+00
# span 0 =     -0.098,    102.195                 
# span 1 =     0.4953,     3.6766                 
# span 2 =     0.0007,    32.2741                 
# span 3 =   11.97571,   15.44784                 
# span 4 =    10.9831,    16.5898                 
# span 5 =     1.9721,    75.0318                 
# span 6 =          0,          2                 
# span 7 = 0.0000e+00, 0.0000e+00                 
# interval = seconds: 0.25
# start_time = Apr 21 2023 11:31:42 [Instrument's time stamp, header]
# bad_flag = -9.990e-29
*END*
[from data line 3776]
     -0.083     1.5929     0.1749   13.42301    16.3899     9.9528          2  0.000e+00
     -0.081     1.5931     0.1745   13.42301    16.3884     9.9540          2  0.000e+00
     -0.080     1.5932     0.1738   13.42301    16.3835     9.9645          2  0.000e+00
     -0.083     1.5935     0.1732   13.42301    16.3830     9.9458          2  0.000e+00
     -0.084     1.5942     0.1729   13.42899    16.3835     9.9411          2  0.000e+00
     -0.083     1.5951     0.1726   13.42899    16.3864     9.9563          2  0.000e+00
     -0.083     1.5963     0.1725   13.42899    16.3926     9.9446          2  0.000e+00
     -0.083     1.5974     0.1725   13.42899    16.3915     9.9844          2  0.000e+00
     -0.083     1.5979     0.1725   13.41603    16.3960     9.9563          2  0.000e+00
     -0.083     1.5980     0.1723   13.41603    16.4034     9.9598          2  0.000e+00
     -0.081     1.5985     0.1721   13.41603    16.4007     9.9633          2  0.000e+00
     -0.081     1.5990     0.1718   13.41603    16.3978     9.9750          2  0.000e+00
     -0.084     1.5993     0.1714   13.41764    16.3880     9.9692          2  0.000e+00
     -0.084     1.6002     0.1710   13.41764    16.3810     9.9715          2  0.000e+00
     -0.083     1.6009     0.1705   13.41764    16.3872     9.9282          2  0.000e+00
     -0.083     1.6020     0.1700   13.41764    16.3892     9.9738          2  0.000e+00
     -0.080     1.6042     0.1697   13.41203    16.3859     9.9540          2  0.000e+00
     -0.083     1.6058     0.1694   13.41203    16.3871     9.9633          2  0.000e+00
     -0.081     1.6066     0.1691   13.41203    16.3889     9.9820          2  0.000e+00
     -0.081     1.6075     0.1689   13.41203    16.3928     9.9867          2  0.000e+00
     -0.083     1.6092     0.1688   13.40112    16.3965     9.9563          2  0.000e+00
     -0.081     1.6116     0.1688   13.40112    16.3915     9.9516          2  0.000e+00
     -0.081     1.6141     0.1691   13.40112    16.3799     9.9528          2  0.000e+00
     -0.084     1.6158     0.1695   13.40112    16.3818     9.9656          2  0.000e+00
     -0.083     1.6167     0.1698   13.41367    16.3771     9.9341          2  0.000e+00
     -0.083     1.6181     0.1700   13.41367    16.3793     9.9692          2  0.000e+00
     -0.081     1.6200     0.1701   13.41367    16.3788     9.9586          2  0.000e+00
     -0.083     1.6223     0.1703   13.41367    16.3778     9.9785          2  0.000e+00
     -0.081     1.6239     0.1703   13.41178    16.3782     9.9364          2  0.000e+00
     -0.080     1.6246     0.1703   13.41178    16.3875     9.9844          2  0.000e+00
     -0.081     1.6251     0.1701   13.41178    16.3859     9.9879          2  0.000e+00
     -0.084     1.6256     0.1699   13.41178    16.3807     9.9820          2  0.000e+00
     -0.083     1.6264     0.1694   13.40551    16.3797     9.9855          2  0.000e+00
     -0.085     1.6270     0.1689   13.40551    16.3749     9.9797          2  0.000e+00
     -0.081     1.6283     0.1683   13.40551    16.3784     9.9797          2  0.000e+00
     -0.083     1.6287     0.1677   13.40551    16.3773     9.9902          2  0.000e+00
     -0.084     1.6287     0.1672   13.39853    16.3759     9.9715          2  0.000e+00
     -0.084     1.6288     0.1668   13.39853    16.3699     9.9551          2  0.000e+00
     -0.084     1.6286     0.1665   13.39853    16.3737     9.9995          2  0.000e+00
     -0.081     1.6285     0.1664   13.39853    16.3721     9.9879          2  0.000e+00
     -0.081     1.6293     0.1663   13.40864    16.3692     9.9785          2  0.000e+00
     -0.084     1.6304     0.1666   13.40864    16.3781     9.9902          2  0.000e+00
     -0.081     1.6312     0.1673   13.40864    16.3763     9.9960          2  0.000e+00
     -0.081     1.6314     0.1682   13.40864    16.3861     9.9645          2  0.000e+00
     -0.083     1.6314     0.1692   13.40406    16.3827     9.9645          2  0.000e+00
     -0.080     1.6316     0.1702   13.40406    16.3884     9.9598          2  0.000e+00
     -0.081     1.6316     0.1708   13.40406    16.3842     9.9984          2  0.000e+00
     -0.083     1.6323     0.1710   13.40406    16.3820    10.0054          2  0.000e+00
     -0.081     1.6332     0.1708   13.40951    16.3797     9.9902          2  0.000e+00
     -0.081     1.6334     0.1703   13.40951    16.3788     9.9551          2  0.000e+00
     -0.081     1.6334     0.1697   13.40951    16.3789     9.9610          2  0.000e+00
     -0.081     1.6332     0.1689   13.40951    16.3730     9.9820          2  0.000e+00
     -0.083     1.6332     0.1683   13.41200    16.3680     9.9446          2  0.000e+00
     -0.083     1.6327     0.1675   13.41200    16.3570     9.9727          2  0.000e+00
     -0.081     1.6324     0.1668   13.41200    16.3688     9.9750          2  0.000e+00
     -0.083     1.6322     0.1662   13.41200    16.3679     9.9715          2  0.000e+00
     -0.083     1.6318     0.1656   13.40522    16.3765     9.9692          2  0.000e+00
     -0.081     1.6316     0.1651   13.40522    16.3767     9.9493          2  0.000e+00
     -0.083     1.6315     0.1646   13.40522    16.3850     9.9633          2  0.000e+00
     -0.084     1.6313     0.1642   13.40522    16.3894     9.9692          2  0.000e+00
     -0.081     1.6311     0.1639   13.41024    16.3962     9.9715          2  0.000e+00
     -0.083     1.6310     0.1636   13.41024    16.3881     9.9551          2  0.000e+00
     -0.083     1.6308     0.1636   13.41024    16.3874     9.9738          2  0.000e+00
     -0.083     1.6308     0.1638   13.41024    16.3873     9.9575          2  0.000e+00
     -0.081     1.6309     0.1644   13.39296    16.3760     9.9820          2  0.000e+00
     -0.080     1.6312     0.1660   13.39296    16.3770     9.9668          2  0.000e+00
     -0.080     1.6313     0.1684   13.39296    16.3772     9.9434          2  0.000e+00
     -0.081     1.6312     0.1706   13.39296    16.3789     9.9995          2  0.000e+00
     -0.083     1.6311     0.1717   13.39655    16.3750     9.9598          2  0.000e+00
     -0.079     1.6310     0.1714   13.39655    16.3798     9.9715          2  0.000e+00
     -0.080     1.6311     0.1705   13.39655    16.3762     9.9750          2  0.000e+00
     -0.079     1.6314     0.1695   13.39655    16.3810     9.9750          2  0.000e+00
     -0.083     1.6314     0.1684   13.39504    16.3766     9.9516          2  0.000e+00
     -0.080     1.6314     0.1674   13.39504    16.3823     9.9773          2  0.000e+00
     -0.084     1.6316     0.1666   13.39504    16.3740     9.9516          2  0.000e+00
     -0.084     1.6315     0.1660   13.39504    16.3702    10.0042          2  0.000e+00
     -0.082     1.6314     0.1656   13.39485    16.3795     9.9855          2  0.000e+00
     -0.080     1.6315     0.1654   13.39485    16.3727     9.9469          2  0.000e+00
     -0.084     1.6315     0.1654   13.39485    16.3743     9.9773          2  0.000e+00
     -0.080     1.6315     0.1655   13.39485    16.3782     9.9493          2  0.000e+00
     -0.081     1.6316     0.1659   13.39488    16.3829     9.9563          2  0.000e+00
     -0.084     1.6317     0.1662   13.39488    16.3739     9.9586          2  0.000e+00
     -0.082     1.6318     0.1663   13.39488    16.3773     9.9668          2  0.000e+00
     -0.082     1.6319     0.1662   13.39488    16.3704     9.9598          2  0.000e+00
     -0.082     1.6319     0.1658   13.39347    16.3735     9.9504          2  0.000e+00
     -0.084     1.6320     0.1652   13.39347    16.3770     9.9563          2  0.000e+00
     -0.084     1.6322     0.1644   13.39347    16.3831     9.9563          2  0.000e+00
     -0.082     1.6323     0.1635   13.39347    16.3839     9.9668          2  0.000e+00
     -0.080     1.6326     0.1629   13.39872    16.3847     9.9703          2  0.000e+00
     -0.081     1.6333     0.1623   13.39872    16.3909     9.9563          2  0.000e+00
     -0.082     1.6343     0.1619   13.39872    16.3875     9.9446          2  0.000e+00
     -0.084     1.6352     0.1617   13.39872    16.3771     9.9750          2  0.000e+00
     -0.081     1.6356     0.1617   13.38970    16.3734     9.9773          2  0.000e+00
     -0.082     1.6356     0.1619   13.38970    16.3765     9.9306          2  0.000e+00
     -0.082     1.6356     0.1624   13.38970    16.3694     9.9586          2  0.000e+00
     -0.081     1.6359     0.1631   13.38970    16.3706     9.9411          2  0.000e+00
     -0.082     1.6368     0.1642   13.39126    16.3743     9.9540          2  0.000e+00
     -0.080     1.6386     0.1654   13.39126    16.3721     9.9902          2  0.000e+00
     -0.082     1.6404     0.1663   13.39126    16.3719     9.9598          2  0.000e+00
     -0.081     1.6418     0.1668   13.39126    16.3754     9.9540          2  0.000e+00
     -0.082     1.6434     0.1668   13.39117    16.3741     9.9469          2  0.000e+00
     -0.082     1.6446     0.1665   13.39117    16.3741     9.9551          2  0.000e+00
     -0.082     1.6459     0.1660   13.39117    16.3718     9.9598          2  0.000e+00
     -0.082     1.6469     0.1655   13.39117    16.3789     9.9773          2  0.000e+00
     -0.080     1.6471     0.1649   13.38778    16.3789     9.9621          2  0.000e+00
     -0.081     1.6470     0.1643   13.38778    16.3653     9.9937          2  0.000e+00
     -0.081     1.6469     0.1637   13.38778    16.3671     9.9563          2  0.000e+00
     -0.085     1.6466     0.1631   13.38778    16.3659     9.9621          2  0.000e+00
     -0.082     1.6466     0.1626   13.39274    16.3673     9.9925          2  0.000e+00
     -0.082     1.6464     0.1620   13.39274    16.3657     9.9750          2  0.000e+00
     -0.085     1.6464     0.1616   13.39274    16.3738     9.9610          2  0.000e+00
     -0.084     1.6464     0.1611   13.39274    16.3713     9.9317          2  0.000e+00
     -0.084     1.6465     0.1607   13.38240    16.3711     9.9575          2  0.000e+00
     -0.085     1.6466     0.1603   13.38240    16.3779     9.9575          2  0.000e+00
     -0.084     1.6466     0.1598   13.38240    16.3819     9.9820          2  0.000e+00
     -0.084     1.6466     0.1596   13.38240    16.3805     9.9446          2  0.000e+00
     -0.083     1.6467     0.1594   13.39056    16.3792     9.9738          2  0.000e+00
     -0.083     1.6467     0.1594   13.39056    16.3774     9.9469          2  0.000e+00
     -0.082     1.6468     0.1596   13.39056    16.3800     9.9469          2  0.000e+00
     -0.083     1.6470     0.1599   13.39056    16.3803     9.9551          2  0.000e+00
     -0.082     1.6470     0.1604   13.38794    16.3741     9.9294          2  0.000e+00
     -0.081     1.6471     0.1610   13.38794    16.3645     9.9750          2  0.000e+00
     -0.081     1.6471     0.1618   13.38794    16.3642     9.9540          2  0.000e+00
     -0.080     1.6471     0.1621   13.38794    16.3639     9.9808          2  0.000e+00
     -0.078     1.6474     0.1622   13.37990    16.3590     9.9423          2  0.000e+00
     -0.078     1.6481     0.1621   13.37990    16.3601     9.9575          2  0.000e+00
     -0.081     1.6489     0.1619   13.37990    16.3593     9.9680          2  0.000e+00
     -0.080     1.6492     0.1616   13.37990    16.3655     9.9621          2  0.000e+00
     -0.081     1.6493     0.1612   13.39175    16.3691     9.9797          2  0.000e+00
     -0.080     1.6495     0.1608   13.39175    16.3720     9.9551          2  0.000e+00
     -0.082     1.6496     0.1604   13.39175    16.3637     9.9353          2  0.000e+00
     -0.080     1.6498     0.1600   13.39175    16.3698     9.9271          2  0.000e+00
     -0.081     1.6502     0.1596   13.39255    16.3679     9.9692          2  0.000e+00
     -0.083     1.6502     0.1593   13.39255    16.3751     9.9750          2  0.000e+00
     -0.082     1.6501     0.1589   13.39255    16.3738     9.9551          2  0.000e+00
     -0.081     1.6502     0.1584   13.39255    16.3765     9.9750          2  0.000e+00
     -0.083     1.6503     0.1581   13.39543    16.3695     9.9692          2  0.000e+00
     -0.086     1.6504     0.1577   13.39543    16.3747     9.9703          2  0.000e+00
     -0.083     1.6506     0.1573   13.39543    16.3759     9.9797          2  0.000e+00
     -0.082     1.6508     0.1571   13.39543    16.3681     9.9317          2  0.000e+00
     -0.082     1.6509     0.1568   13.39258    16.3709     9.9785          2  0.000e+00
     -0.081     1.6510     0.1566   13.39258    16.3637     9.9540          2  0.000e+00
     -0.081     1.6514     0.1564   13.39258    16.3682     9.9586          2  0.000e+00
     -0.082     1.6514     0.1562   13.39258    16.3692     9.9411          2  0.000e+00
     -0.079     1.6516     0.1562   13.37894    16.3652     9.9797          2  0.000e+00
     -0.081     1.6519     0.1563   13.37894    16.3633     9.9306          2  0.000e+00
     -0.081     1.6522     0.1563   13.37894    16.3624     9.9516          2  0.000e+00
     -0.081     1.6526     0.1565   13.37894    16.3709     9.9388          2  0.000e+00
     -0.082     1.6536     0.1570   13.36269    16.3645     9.9820          2  0.000e+00
     -0.080     1.6549     0.1574   13.36269    16.3724     9.9493          2  0.000e+00
     -0.081     1.6557     0.1578   13.36269    16.3669     9.9469          2  0.000e+00
     -0.082     1.6565     0.1583   13.36269    16.3701     9.9621          2  0.000e+00
     -0.082     1.6579     0.1585   13.37002    16.3820     9.9773          2  0.000e+00
     -0.082     1.6593     0.1586   13.37002    16.3724     9.9469          2  0.000e+00
     -0.081     1.6604     0.1583   13.37002    16.3696     9.9750          2  0.000e+00
     -0.082     1.6615     0.1581   13.37002    16.3530     9.9540          2  0.000e+00
     -0.082     1.6633     0.1579   13.37910    16.3608     9.9645          2  0.000e+00
     -0.081     1.6644     0.1577   13.37910    16.3526     9.9844          2  0.000e+00
     -0.082     1.6656     0.1576   13.37910    16.3604     9.9844          2  0.000e+00
     -0.081     1.6663     0.1573   13.37910    16.3594     9.9341          2  0.000e+00
     -0.082     1.6666     0.1570   13.37725    16.3639     9.9458          2  0.000e+00
     -0.081     1.6667     0.1567   13.37725    16.3661     9.9446          2  0.000e+00
     -0.082     1.6671     0.1562   13.37725    16.3673     9.9668          2  0.000e+00
     -0.082     1.6684     0.1557   13.37725    16.3727     9.9750          2  0.000e+00
     -0.082     1.6705     0.1552   13.38362    16.3562     9.9680          2  0.000e+00
     -0.082     1.6729     0.1548   13.38362    16.3636     9.9493          2  0.000e+00
     -0.086     1.6750     0.1546   13.38362    16.3610     9.9715          2  0.000e+00
     -0.085     1.6761     0.1544   13.38362    16.3553     9.9692          2  0.000e+00
     -0.082     1.6763     0.1545   13.37943    16.3539     9.9353          2  0.000e+00
     -0.083     1.6762     0.1546   13.37943    16.3610     9.9493          2  0.000e+00
     -0.081     1.6760     0.1558   13.37943    16.3504     9.9995          2  0.000e+00
     -0.082     1.6758     0.1566   13.37943    16.3572     9.9317          2  0.000e+00
     -0.082     1.6759     0.1580   13.36934    16.3528     9.9680          2  0.000e+00
     -0.082     1.6759     0.1587   13.36934    16.3454     9.9481          2  0.000e+00
     -0.082     1.6762     0.1590   13.36934    16.3451     9.9469          2  0.000e+00
     -0.081     1.6770     0.1586   13.36934    16.3573     9.9563          2  0.000e+00
     -0.079     1.6774     0.1581   13.37686    16.3509     9.9598          2  0.000e+00
     -0.081     1.6777     0.1571   13.37686    16.3478     9.9633          2  0.000e+00
     -0.082     1.6785     0.1563   13.37686    16.3554     9.9703          2  0.000e+00
