data/eDNA/PER-2023-757/CTD/757A004.cnv
* Sea-Bird SBE19plus  Data File:
* FileName = C:\Eastern_Shore_Islands_cruises\Ryan_Perley2023757\757A004.hex
* Software version 2.3.0 SB_Terminal.dll
* Temperature SN = 7141
* Conductivity SN = 7141
* System UpLoad Time = Apr 21 2023 12:47:56
* <ApplicationData>
* <SeatermAF>
** Platform: M. Perley
** Cruise: PER2023757
** Station:  ESI_05
** Cast: 01 04
** Latitude: N  44 49.3125
** Longitude: W  -62 28.7752
** Sounding:  11.7
** Chief Scientist: Ryan Stanley
** Comment: 141019-141024
** Samples 141019 - 141024. Coming back early into Sheet Harbour because of an engine issue with the CCGS Perley.
** CastID 757A004
# nquan = 8
# nvalues = 3582                                  
# units = specified
# name 0 = depSM: Depth [salt water, m], lat = 44.00
# name 1 = tv290C: Temperature [ITS-90, deg C]
# name 2 = sal00: Salinity, Practical [PSU]
# name 3 = opoxMg/L: Oxygen Optode, Aanderaa [mg/l]
# name 4 = sbeox0Mg/L: Oxygen, SBE 43 [mg/l]
# name 5 = wetStar: Fluorescence, WET Labs WETstar [mg/m^3]
# name 6 = nbf: Bottles Fired
# name 7 = flag:  0.000e+00
# span 0 =     -0.082,     14.382                 
# span 1 =     2.6495,     6.1178                 
# span 2 =     0.0917,    31.5377                 
# span 3 =   10.21002,   14.93456                 
# span 4 =    11.0016,    15.8457                 
# span 5 =     2.7272,    49.6588                 
# span 6 =          0,          2                 
# span 7 = 0.0000e+00, 0.0000e+00                 
# interval = seconds: 0.25
# start_time = Apr 21 2023 15:27:58 [Instrument's time stamp, header]
# bad_flag = -9.990e-29
*END*
[from data line 899]
     -0.075     6.0066     0.0939   11.76285    14.6064     9.3531          0  0.000e+00
     -0.075     6.0064     0.0939   11.76877    14.6046     9.4069          0  0.000e+00
     -0.077     6.0064     0.0940   11.76877    14.6097     9.3893          0  0.000e+00
     -0.075     6.0066     0.0939   11.76877    14.6205     9.4022          0  0.000e+00
     -0.076     6.0066     0.0940   11.76877    14.6177     9.3671          0  0.000e+00
     -0.078     6.0067     0.0940   11.77904    14.6231     9.3741          0  0.000e+00
     -0.078     6.0067     0.0940   11.77904    14.6147     9.3671          0  0.000e+00
     -0.077     6.0067     0.0940   11.77904    14.6172     9.3847          0  0.000e+00
     -0.077     6.0068     0.0939   11.77904    14.6134     9.3624          0  0.000e+00
     -0.076     6.0067     0.0940   11.77050    14.6125     9.3718          0  0.000e+00
     -0.077     6.0067     0.0939   11.77050    14.6052     9.3706          0  0.000e+00
     -0.078     6.0069     0.0937   11.77050    14.6078     9.3695          0  0.000e+00
     -0.078     6.0069     0.0938   11.77050    14.6118     9.3870          0  0.000e+00
     -0.078     6.0069     0.0938   11.77219    14.6086     9.3718          0  0.000e+00
     -0.078     6.0070     0.0937   11.77219    14.6147     9.3788          0  0.000e+00
     -0.078     6.0070     0.0937   11.77219    14.6186     9.3823          0  0.000e+00
     -0.077     6.0073     0.0937   11.77219    14.6112     9.3718          0  0.000e+00
     -0.077     6.0072     0.0937   11.76509    14.6020     9.3718          0  0.000e+00
     -0.077     6.0073     0.0937   11.76509    14.6013     9.3741          0  0.000e+00
     -0.080     6.0075     0.0937   11.76509    14.6079     9.3823          0  0.000e+00
     -0.078     6.0075     0.0937   11.76509    14.6066     9.3589          0  0.000e+00
     -0.078     6.0075     0.0938   11.77398    14.6055     9.3741          0  0.000e+00
     -0.078     6.0074     0.0937   11.77398    14.5985     9.3800          0  0.000e+00
     -0.074     6.0074     0.0937   11.77398    14.6031     9.3648          0  0.000e+00
     -0.076     6.0076     0.0937   11.77398    14.6141     9.3999          0  0.000e+00
     -0.079     6.0077     0.0938   11.77165    14.6217     9.3624          0  0.000e+00
     -0.078     6.0077     0.0938   11.77165    14.6106     9.3671          0  0.000e+00
     -0.079     6.0077     0.0938   11.77165    14.6097     9.3893          0  0.000e+00
     -0.078     6.0077     0.0939   11.77165    14.6104     9.3999          0  0.000e+00
     -0.076     6.0077     0.0938   11.77635    14.6137     9.3624          0  0.000e+00
     -0.077     6.0077     0.0939   11.77635    14.6209     9.3566          0  0.000e+00
     -0.077     6.0079     0.0939   11.77635    14.6149     9.3543          0  0.000e+00
     -0.078     6.0078     0.0939   11.77635    14.6058     9.3788          0  0.000e+00
     -0.074     6.0080     0.0939   11.77341    14.6115     9.4092          0  0.000e+00
     -0.078     6.0080     0.0939   11.77341    14.6080     9.3788          0  0.000e+00
     -0.077     6.0081     0.0939   11.77341    14.6107     9.3741          0  0.000e+00
     -0.078     6.0081     0.0939   11.77341    14.6166     9.3613          0  0.000e+00
     -0.076     6.0081     0.0939   11.76896    14.6144     9.3835          0  0.000e+00
     -0.077     6.0082     0.0939   11.76896    14.6060     9.3823          0  0.000e+00
     -0.078     6.0082     0.0939   11.76896    14.6123     9.3788          0  0.000e+00
     -0.077     6.0083     0.0939   11.76896    14.6090     9.3917          0  0.000e+00
     -0.076     6.0083     0.0939   11.76138    14.6109     9.3741          0  0.000e+00
     -0.077     6.0083     0.0939   11.76138    14.6101     9.3823          0  0.000e+00
     -0.077     6.0084     0.0939   11.76138    14.6106     9.3613          0  0.000e+00
     -0.077     6.0086     0.0938   11.76138    14.6062     9.3648          0  0.000e+00
     -0.077     6.0084     0.0938   11.75712    14.6131     9.3718          0  0.000e+00
     -0.078     6.0086     0.0938   11.75712    14.6096     9.3765          0  0.000e+00
     -0.077     6.0086     0.0937   11.75712    14.6034     9.3660          0  0.000e+00
     -0.078     6.0086     0.0938   11.75712    14.6057     9.3414          0  0.000e+00
     -0.078     6.0087     0.0936   11.75494    14.6096     9.3870          0  0.000e+00
     -0.077     6.0087     0.0937   11.75494    14.6054     9.4104          0  0.000e+00
     -0.077     6.0087     0.0937   11.75494    14.6105     9.3835          0  0.000e+00
     -0.077     6.0088     0.0938   11.75494    14.6114     9.3543          0  0.000e+00
     -0.078     6.0089     0.0938   11.75434    14.6099     9.3706          0  0.000e+00
     -0.077     6.0089     0.0938   11.75434    14.6185     9.3823          0  0.000e+00
     -0.079     6.0089     0.0938   11.75434    14.6088     9.3963          0  0.000e+00
     -0.077     6.0092     0.0938   11.75434    14.6050     9.3753          0  0.000e+00
     -0.079     6.0091     0.0938   11.75318    14.6106     9.3765          0  0.000e+00
     -0.079     6.0091     0.0938   11.75318    14.6050     9.3765          0  0.000e+00
     -0.076     6.0092     0.0938   11.75318    14.6029     9.3788          0  0.000e+00
     -0.078     6.0092     0.0938   11.75318    14.6035     9.3765          0  0.000e+00
     -0.077     6.0094     0.0938   11.75043    14.6013     9.3624          0  0.000e+00
     -0.077     6.0094     0.0937   11.75043    14.6029     9.3589          0  0.000e+00
     -0.079     6.0094     0.0938   11.75043    14.6088     9.3578          0  0.000e+00
     -0.078     6.0094     0.0938   11.75043    14.6099     9.3472          0  0.000e+00
     -0.076     6.0095     0.0938   11.75037    14.6056     9.3776          0  0.000e+00
     -0.074     6.0095     0.0938   11.75037    14.6145     9.3566          0  0.000e+00
     -0.077     6.0096     0.0938   11.75037    14.6064     9.3893          0  0.000e+00
     -0.076     6.0096     0.0938   11.75037    14.6062     9.3519          0  0.000e+00
     -0.076     6.0096     0.0939   11.74960    14.6083     9.3847          0  0.000e+00
     -0.076     6.0096     0.0938   11.74960    14.6033     9.3823          0  0.000e+00
     -0.078     6.0096     0.0938   11.74960    14.6067     9.3601          0  0.000e+00
     -0.078     6.0096     0.0938   11.74960    14.6096     9.3566          0  0.000e+00
     -0.078     6.0098     0.0938   11.74317    14.6123     9.3975          0  0.000e+00
     -0.077     6.0099     0.0938   11.74317    14.6092     9.3648          0  0.000e+00
     -0.077     6.0098     0.0938   11.74317    14.6138     9.3624          0  0.000e+00
     -0.074     6.0098     0.0938   11.74317    14.6130     9.3800          0  0.000e+00
     -0.078     6.0099     0.0938   11.74019    14.5988     9.3765          0  0.000e+00
     -0.077     6.0102     0.0939   11.74019    14.6093     9.3566          0  0.000e+00
     -0.078     6.0102     0.0939   11.74019    14.6011     9.3741          0  0.000e+00
     -0.076     6.0102     0.0939   11.74019    14.5981     9.3566          0  0.000e+00
     -0.077     6.0103     0.0939   11.74566    14.6057     9.3823          0  0.000e+00
     -0.077     6.0104     0.0939   11.74566    14.6049     9.3741          0  0.000e+00
     -0.077     6.0105     0.0939   11.74566    14.6156     9.3566          0  0.000e+00
     -0.076     6.0105     0.0939   11.74566    14.6163     9.3531          0  0.000e+00
     -0.077     6.0105     0.0940   11.74816    14.6216     9.4069          0  0.000e+00
     -0.076     6.0105     0.0938   11.74816    14.6162     9.3987          0  0.000e+00
     -0.077     6.0106     0.0938   11.74816    14.6196     9.3461          0  0.000e+00
     -0.078     6.0106     0.0939   11.74816    14.6178     9.3461          0  0.000e+00
     -0.078     6.0106     0.0939   11.74957    14.6071     9.3531          0  0.000e+00
     -0.078     6.0106     0.0939   11.74957    14.6141     9.3765          0  0.000e+00
     -0.078     6.0107     0.0940   11.74957    14.6112     9.3648          0  0.000e+00
     -0.079     6.0107     0.0939   11.74957    14.6119     9.3940          0  0.000e+00
     -0.076     6.0107     0.0939   11.75821    14.6129     9.3636          0  0.000e+00
     -0.076     6.0109     0.0940   11.75821    14.6099     9.3414          0  0.000e+00
     -0.078     6.0107     0.0940   11.75821    14.6071     9.3928          0  0.000e+00
     -0.077     6.0109     0.0940   11.75821    14.6000     9.3613          0  0.000e+00
     -0.079     6.0109     0.0939   11.75286    14.6121     9.3624          0  0.000e+00
     -0.078     6.0110     0.0940   11.75286    14.5984     9.3765          0  0.000e+00
     -0.078     6.0109     0.0940   11.75286    14.6093     9.3648          0  0.000e+00
     -0.078     6.0110     0.0939   11.75286    14.6145     9.3461          0  0.000e+00
     -0.076     6.0111     0.0940   11.75158    14.6004     9.3648          0  0.000e+00
     -0.077     6.0111     0.0939   11.75158    14.6094     9.3671          0  0.000e+00
     -0.077     6.0110     0.0939   11.75158    14.6150     9.3356          0  0.000e+00
     -0.076     6.0111     0.0940   11.75158    14.6079     9.3414          0  0.000e+00
     -0.078     6.0111     0.0940   11.75597    14.6033     9.3811          0  0.000e+00
     -0.077     6.0112     0.0940   11.75597    14.6011     9.3823          0  0.000e+00
     -0.077     6.0113     0.0940   11.75597    14.6058     9.3811          0  0.000e+00
     -0.078     6.0113     0.0940   11.75597    14.6017     9.3765          0  0.000e+00
     -0.076     6.0115     0.0940   11.75344    14.6096     9.3519          0  0.000e+00
     -0.074     6.0115     0.0940   11.75344    14.6065     9.3519          0  0.000e+00
     -0.076     6.0115     0.0941   11.75344    14.6035     9.3449          0  0.000e+00
     -0.076     6.0115     0.0941   11.75344    14.6108     9.3730          0  0.000e+00
     -0.076     6.0116     0.0941   11.74429    14.6094     9.3566          0  0.000e+00
     -0.078     6.0117     0.0941   11.74429    14.6060     9.3870          0  0.000e+00
     -0.076     6.0117     0.0941   11.74429    14.6008     9.3613          0  0.000e+00
     -0.078     6.0117     0.0941   11.74429    14.6085     9.3695          0  0.000e+00
     -0.077     6.0118     0.0942   11.74682    14.6046     9.3601          0  0.000e+00
     -0.077     6.0118     0.0942   11.74682    14.6086     9.4022          0  0.000e+00
     -0.077     6.0120     0.0942   11.74682    14.6036     9.3718          0  0.000e+00
     -0.079     6.0119     0.0942   11.74682    14.6124     9.3472          0  0.000e+00
     -0.077     6.0120     0.0942   11.75050    14.6137     9.3765          0  0.000e+00
     -0.078     6.0120     0.0942   11.75050    14.6127     9.3391          0  0.000e+00
     -0.077     6.0122     0.0942   11.75050    14.6151     9.3741          0  0.000e+00
     -0.078     6.0122     0.0942   11.75050    14.6098     9.3765          0  0.000e+00
     -0.076     6.0121     0.0942   11.75075    14.6138     9.3718          0  0.000e+00
     -0.078     6.0124     0.0942   11.75075    14.6127     9.4010          0  0.000e+00
     -0.077     6.0124     0.0942   11.75075    14.6106     9.3391          0  0.000e+00
     -0.078     6.0125     0.0942   11.75075    14.6014     9.3695          0  0.000e+00
     -0.078     6.0125     0.0941   11.74506    14.6101     9.3554          0  0.000e+00
     -0.077     6.0125     0.0941   11.74506    14.6068     9.3753          0  0.000e+00
     -0.079     6.0125     0.0941   11.74506    14.6060     9.3496          0  0.000e+00
     -0.077     6.0125     0.0941   11.74506    14.6089     9.3870          0  0.000e+00
     -0.079     6.0126     0.0941   11.74224    14.6014     9.3601          0  0.000e+00
     -0.078     6.0127     0.0941   11.74224    14.6099     9.3671          0  0.000e+00
     -0.077     6.0127     0.0941   11.74224    14.6109     9.3776          0  0.000e+00
     -0.077     6.0128     0.0941   11.74224    14.6128     9.3671          0  0.000e+00
     -0.076     6.0126     0.0942   11.74224    14.6132     9.3730          0  0.000e+00
     -0.077     6.0128     0.0942   11.74224    14.6157     9.3963          0  0.000e+00
     -0.077     6.0128     0.0943   11.74224    14.6077     9.3671          0  0.000e+00
     -0.076     6.0128     0.0942   11.74224    14.6108     9.3636          0  0.000e+00
     -0.076     6.0130     0.0943   11.74294    14.6060     9.3847          0  0.000e+00
     -0.078     6.0132     0.0943   11.74294    14.5926     9.3613          0  0.000e+00
     -0.075     6.0134     0.0943   11.74294    14.6048     9.3648          0  0.000e+00
     -0.076     6.0135     0.0943   11.74294    14.6059     9.3741          0  0.000e+00
     -0.077     6.0138     0.0943   11.73872    14.6070     9.3893          0  0.000e+00
     -0.079     6.0138     0.0944   11.73872    14.6088     9.3391          0  0.000e+00
     -0.077     6.0138     0.0943   11.73872    14.6155     9.3519          0  0.000e+00
     -0.077     6.0139     0.0944   11.73872    14.6069     9.3496          0  0.000e+00
     -0.076     6.0139     0.0943   11.73910    14.6072     9.3671          0  0.000e+00
     -0.077     6.0139     0.0944   11.73910    14.6088     9.3905          0  0.000e+00
     -0.076     6.0140     0.0944   11.73910    14.5987     9.3472          0  0.000e+00
     -0.078     6.0140     0.0944   11.73910    14.5964     9.3741          0  0.000e+00
     -0.075     6.0140     0.0944   11.74259    14.6020     9.3671          0  0.000e+00
     -0.076     6.0142     0.0944   11.74259    14.6079     9.3297          0  0.000e+00
     -0.077     6.0142     0.0944   11.74259    14.6055     9.3449          0  0.000e+00
     -0.077     6.0143     0.0944   11.74259    14.6064     9.3648          0  0.000e+00
     -0.077     6.0143     0.0944   11.74858    14.6127     9.3519          0  0.000e+00
     -0.076     6.0142     0.0944   11.74858    14.6034     9.3566          0  0.000e+00
     -0.076     6.0142     0.0944   11.74858    14.6113     9.3671          0  0.000e+00
     -0.076     6.0143     0.0944   11.74858    14.6135     9.3566          0  0.000e+00
     -0.078     6.0144     0.0944   11.74086    14.6097     9.3297          0  0.000e+00
     -0.078     6.0145     0.0944   11.74086    14.6117     9.3367          0  0.000e+00
     -0.077     6.0145     0.0944   11.74086    14.6111     9.3963          0  0.000e+00
     -0.076     6.0145     0.0944   11.74086    14.6085     9.3519          0  0.000e+00
     -0.077     6.0145     0.0944   11.73082    14.5987     9.3543          0  0.000e+00
     -0.077     6.0146     0.0943   11.73082    14.6068     9.3917          0  0.000e+00
     -0.076     6.0147     0.0943   11.73082    14.6028     9.3788          0  0.000e+00
     -0.076     6.0147     0.0943   11.73082    14.6055     9.3449          0  0.000e+00
     -0.078     6.0147     0.0944   11.72979    14.6070     9.3519          0  0.000e+00
     -0.077     6.0147     0.0943   11.72979    14.6081     9.3835          0  0.000e+00
     -0.077     6.0148     0.0943   11.72979    14.6084     9.3882          0  0.000e+00
     -0.076     6.0149     0.0943   11.72979    14.6131     9.3613          0  0.000e+00
     -0.077     6.0149     0.0943   11.73690    14.6095     9.3695          0  0.000e+00
     -0.078     6.0149     0.0943   11.73690    14.6087     9.3671          0  0.000e+00
     -0.077     6.0150     0.0943   11.73690    14.6124     9.3472          0  0.000e+00
     -0.078     6.0151     0.0943   11.73690    14.6067     9.3543          0  0.000e+00
     -0.076     6.0150     0.0943   11.73974    14.6054     9.3613          0  0.000e+00
     -0.078     6.0151     0.0943   11.73974    14.6088     9.3508          0  0.000e+00
