data/eDNA/PER-2023-757/CTD/757A004.cnv
* Sea-Bird SBE19plus  Data File:
* FileName = C:\Eastern_Shore_Islands_cruises\Ryan_Perley2023757\757A004.hex
* Software version 2.3.0 SB_Terminal.dll
* Temperature SN = 7141
* Conductivity SN = 7141
* System UpLoad Time = Apr 21 2023 12:47:56
* <ApplicationData>
* <SeatermAF>
** Platform: M. Perley
** Cruise: PER2023757
** Station:  ESI_05
** Cast: 01 04
** Latitude: N  44 49.3125
** Longitude: W  -62 28.7752
** Sounding:  11.7
** Chief Scientist: Ryan Stanley
** Comment: 141019-141024
** Samples 141019 - 141024. Coming back early into Sheet Harbour because of an engine issue with the CCGS Perley.
** CastID 757A004
# nquan = 8
# nvalues = 3582                                  
# units = specified
# name 0 = depSM: Depth [salt water, m], lat = 44.00
# name 1 = tv290C: Temperature [ITS-90, deg C]
# name 2 = sal00: Salinity, Practical [PSU]
# name 3 = opoxMg/L: Oxygen Optode, Aanderaa [mg/l]
# name 4 = sbeox0Mg/L: Oxygen, SBE 43 [mg/l]
# name 5 = wetStar: Fluorescence, WET Labs WETstar [mg/m^3]
# name 6 = nbf: Bottles Fired
# name 7 = flag:  0.000e+00
# span 0 =     -0.082,     14.382                 
# span 1 =     2.6495,     6.1178                 
# span 2 =     0.0917,    31.5377                 
# span 3 =   10.21002,   14.93456                 
# span 4 =    11.0016,    15.8457                 
# span 5 =     2.7272,    49.6588                 
# span 6 =          0,          2                 
# span 7 = 0.0000e+00, 0.0000e+00                 
# interval = seconds: 0.25
# start_time = Apr 21 2023 15:27:58 [Instrument's time stamp, header]
# bad_flag = -9.990e-29
*END*
[from data line 1798]
     -0.073     6.0631     0.0924   11.57872    14.5852     9.2958          0  0.000e+00
     -0.073     6.0632     0.0924   11.57872    14.5773     9.2830          0  0.000e+00
     -0.072     6.0633     0.0924   11.58099    14.5870     9.2607          0  0.000e+00
     -0.073     6.0633     0.0925   11.58099    14.5862     9.2689          0  0.000e+00
     -0.075     6.0634     0.0925   11.58099    14.5877     9.2596          0  0.000e+00
     -0.073     6.0636     0.0925   11.58099    14.5911     9.2783          0  0.000e+00
     -0.076     6.0637     0.0925   11.58538    14.5830     9.2970          0  0.000e+00
     -0.074     6.0637     0.0926   11.58538    14.5866     9.2748          0  0.000e+00
     -0.074     6.0639     0.0925   11.58538    14.5907     9.2806          0  0.000e+00
     -0.075     6.0641     0.0926   11.58538    14.5928     9.2982          0  0.000e+00
     -0.073     6.0643     0.0925   11.57734    14.5920     9.3040          0  0.000e+00
     -0.073     6.0643     0.0925   11.57734    14.5832     9.2724          0  0.000e+00
     -0.073     6.0644     0.0926   11.57734    14.5842     9.2970          0  0.000e+00
     -0.073     6.0646     0.0925   11.57734    14.5787     9.2865          0  0.000e+00
     -0.073     6.0649     0.0926   11.57389    14.5830     9.2841          0  0.000e+00
     -0.074     6.0650     0.0925   11.57389    14.5721     9.2736          0  0.000e+00
     -0.073     6.0652     0.0924   11.57389    14.5868     9.2409          0  0.000e+00
     -0.074     6.0655     0.0924   11.57389    14.5905     9.2841          0  0.000e+00
     -0.074     6.0656     0.0924   11.57280    14.5921     9.2596          0  0.000e+00
     -0.073     6.0656     0.0924   11.57280    14.6063     9.2736          0  0.000e+00
     -0.073     6.0657     0.0923   11.57280    14.5958     9.2713          0  0.000e+00
     -0.074     6.0658     0.0925   11.57280    14.5837     9.2689          0  0.000e+00
     -0.072     6.0658     0.0924   11.57184    14.5795     9.3017          0  0.000e+00
     -0.072     6.0658     0.0924   11.57184    14.5755     9.2689          0  0.000e+00
     -0.074     6.0659     0.0924   11.57184    14.5770     9.2923          0  0.000e+00
     -0.073     6.0658     0.0924   11.57184    14.5745     9.2736          0  0.000e+00
     -0.074     6.0660     0.0923   11.57677    14.5833     9.2783          0  0.000e+00
     -0.073     6.0660     0.0924   11.57677    14.5796     9.2876          0  0.000e+00
     -0.073     6.0662     0.0924   11.57677    14.5939     9.2958          0  0.000e+00
     -0.073     6.0662     0.0932   11.57677    14.5973     9.2643          0  0.000e+00
     -0.073     6.0662     0.0931   11.58266    14.5942     9.2467          0  0.000e+00
     -0.073     6.0662     0.0930   11.58266    14.5938     9.2561          0  0.000e+00
     -0.075     6.0664     0.0931   11.58266    14.5866     9.3087          0  0.000e+00
     -0.074     6.0665     0.0931   11.58266    14.5897     9.2935          0  0.000e+00
     -0.075     6.0666     0.0930   11.58291    14.5889     9.2643          0  0.000e+00
     -0.074     6.0668     0.0929   11.58291    14.5881     9.2958          0  0.000e+00
     -0.074     6.0669     0.0928   11.58291    14.5922     9.2736          0  0.000e+00
     -0.073     6.0671     0.0927   11.58291    14.5961     9.3028          0  0.000e+00
     -0.074     6.0672     0.0926   11.58765    14.5947     9.2865          0  0.000e+00
     -0.073     6.0672     0.0927   11.58765    14.5939     9.2362          0  0.000e+00
     -0.072     6.0673     0.0926   11.58765    14.5890     9.2759          0  0.000e+00
     -0.074     6.0673     0.0926   11.58765    14.5837     9.2935          0  0.000e+00
     -0.073     6.0675     0.0926   11.58278    14.5751     9.2993          0  0.000e+00
     -0.074     6.0676     0.0924   11.58278    14.5727     9.2713          0  0.000e+00
     -0.073     6.0676     0.0923   11.58278    14.5800     9.2865          0  0.000e+00
     -0.072     6.0678     0.0924   11.58278    14.5822     9.2713          0  0.000e+00
     -0.074     6.0678     0.0924   11.58019    14.5796     9.2771          0  0.000e+00
     -0.072     6.0679     0.0923   11.58019    14.5876     9.2748          0  0.000e+00
     -0.071     6.0680     0.0923   11.58019    14.5894     9.3017          0  0.000e+00
     -0.072     6.0681     0.0922   11.58019    14.5921     9.2631          0  0.000e+00
     -0.072     6.0682     0.0921   11.57718    14.5856     9.2713          0  0.000e+00
     -0.071     6.0683     0.0922   11.57718    14.5906     9.2771          0  0.000e+00
     -0.072     6.0683     0.0921   11.57718    14.5842     9.2759          0  0.000e+00
     -0.071     6.0685     0.0924   11.57718    14.5846     9.2736          0  0.000e+00
     -0.072     6.0687     0.0920   11.57155    14.5891     9.2888          0  0.000e+00
     -0.072     6.0686     0.0920   11.57155    14.5787     9.2689          0  0.000e+00
     -0.073     6.0689     0.0920   11.57155    14.5872     9.2502          0  0.000e+00
     -0.071     6.0688     0.0920   11.57155    14.5784     9.2619          0  0.000e+00
     -0.073     6.0687     0.0920   11.56874    14.5807     9.2958          0  0.000e+00
     -0.072     6.0689     0.0921   11.56874    14.5810     9.2514          0  0.000e+00
     -0.074     6.0690     0.0918   11.56874    14.5931     9.2572          0  0.000e+00
     -0.075     6.0692     0.0918   11.56874    14.5838     9.2654          0  0.000e+00
     -0.073     6.0693     0.0919   11.56899    14.5910     9.2783          0  0.000e+00
     -0.073     6.0694     0.0917   11.56899    14.5952     9.2537          0  0.000e+00
     -0.074     6.0696     0.0919   11.56899    14.5820     9.2631          0  0.000e+00
     -0.075     6.0697     0.0918   11.56899    14.5877     9.2923          0  0.000e+00
     -0.072     6.0698     0.0917   11.56669    14.5936     9.2911          0  0.000e+00
     -0.073     6.0700     0.0917   11.56669    14.5851     9.2631          0  0.000e+00
     -0.074     6.0701     0.0917   11.56669    14.5785     9.2572          0  0.000e+00
     -0.073     6.0702     0.0918   11.56669    14.5812     9.2654          0  0.000e+00
     -0.073     6.0703     0.0919   11.56358    14.5771     9.2841          0  0.000e+00
     -0.073     6.0704     0.0919   11.56358    14.5840     9.2736          0  0.000e+00
     -0.072     6.0704     0.0921   11.56358    14.5862     9.2689          0  0.000e+00
     -0.073     6.0706     0.0922   11.56358    14.5906     9.3063          0  0.000e+00
     -0.073     6.0708     0.0922   11.56413    14.5844     9.2841          0  0.000e+00
     -0.073     6.0708     0.0923   11.56413    14.5876     9.2841          0  0.000e+00
     -0.072     6.0710     0.0925   11.56413    14.5825     9.2841          0  0.000e+00
     -0.072     6.0711     0.0925   11.56413    14.5762     9.2631          0  0.000e+00
     -0.072     6.0711     0.0926   11.56611    14.5800     9.2748          0  0.000e+00
     -0.073     6.0714     0.0928   11.56611    14.5769     9.2888          0  0.000e+00
     -0.072     6.0714     0.0928   11.56611    14.5809     9.2993          0  0.000e+00
     -0.073     6.0717     0.0929   11.56611    14.5837     9.2783          0  0.000e+00
     -0.074     6.0718     0.0929   11.56646    14.5838     9.2666          0  0.000e+00
     -0.072     6.0719     0.0930   11.56646    14.5857     9.2783          0  0.000e+00
     -0.073     6.0721     0.0932   11.56646    14.5843     9.2748          0  0.000e+00
     -0.073     6.0721     0.0933   11.56646    14.5824     9.2631          0  0.000e+00
     -0.072     6.0722     0.0938   11.56269    14.5821     9.2537          0  0.000e+00
     -0.072     6.0723     0.0941   11.56269    14.5814     9.2619          0  0.000e+00
     -0.074     6.0726     0.0944   11.56269    14.5802     9.2689          0  0.000e+00
     -0.074     6.0729     0.0946   11.56269    14.5750     9.2502          0  0.000e+00
     -0.073     6.0730     0.0947   11.56410    14.5809     9.2619          0  0.000e+00
     -0.073     6.0734     0.0950   11.56410    14.5832     9.3017          0  0.000e+00
     -0.073     6.0735     0.0951   11.56410    14.5816     9.2701          0  0.000e+00
     -0.071     6.0736     0.0950   11.56410    14.5728     9.2748          0  0.000e+00
     -0.074     6.0738     0.0950   11.57363    14.5723     9.2432          0  0.000e+00
     -0.073     6.0741     0.0947   11.57363    14.5774     9.2876          0  0.000e+00
     -0.074     6.0742     0.0943   11.57363    14.5740     9.2841          0  0.000e+00
     -0.072     6.0747     0.0940   11.57363    14.5805     9.2783          0  0.000e+00
     -0.073     6.0760     0.0937   11.52534    14.5743     9.2818          0  0.000e+00
     -0.073     6.0774     0.0934   11.52534    14.5703     9.2631          0  0.000e+00
     -0.074     6.0794     0.0931   11.52534    14.5781     9.2853          0  0.000e+00
     -0.076     6.0809     0.0928   11.52534    14.5873     9.2946          0  0.000e+00
     -0.077     6.0829     0.0928   11.53674    14.5843     9.3215          0  0.000e+00
     -0.075     6.0855     0.0941   11.53674    14.5944     9.3133          0  0.000e+00
     -0.075     6.0878     0.0967   11.53674    14.5915     9.3087          0  0.000e+00
     -0.074     6.0906     0.0990   11.53674    14.5874     9.2865          0  0.000e+00
     -0.075     6.0919     0.1009   11.50624    14.5998     9.3087          0  0.000e+00
     -0.076     6.0908     0.1029   11.50624    14.5928     9.3180          0  0.000e+00
     -0.077     6.0896     0.1049   11.50624    14.5988     9.3157          0  0.000e+00
     -0.075     6.0911     0.1067   11.50624    14.6059     9.2911          0  0.000e+00
     -0.075     6.0944     0.1084   11.51347    14.6010     9.3075          0  0.000e+00
     -0.075     6.0976     0.1098   11.51347    14.5959     9.3052          0  0.000e+00
     -0.074     6.1003     0.1112   11.51347    14.5909     9.3040          0  0.000e+00
     -0.075     6.1030     0.1125   11.51347    14.5968     9.3321          0  0.000e+00
     -0.076     6.1049     0.1154   11.55635    14.5847     9.2689          0  0.000e+00
     -0.076     6.1070     0.1160   11.55635    14.5830     9.3005          0  0.000e+00
     -0.076     6.1099     0.1168   11.55635    14.5728     9.2982          0  0.000e+00
     -0.074     6.1123     0.1181   11.55635    14.5842     9.3367          0  0.000e+00
     -0.074     6.1146     0.1179   11.59184    14.5835     9.3145          0  0.000e+00
     -0.074     6.1162     0.1189   11.59184    14.5911     9.2806          0  0.000e+00
     -0.073     6.1173     0.1198   11.59184    14.5895     9.2993          0  0.000e+00
     -0.074     6.1178     0.1204   11.59184    14.5929     9.3110          0  0.000e+00
     -0.075     6.1173     0.1212   11.61552    14.5937     9.2982          0  0.000e+00
     -0.035     6.1171     2.2108   11.61552    14.3848     9.2806          0  0.000e+00
      0.092     5.8111    26.7772   11.61552    12.3302     4.9086          0  0.000e+00
      0.226     4.9448    29.4346   11.61552    12.3699     4.0587          0  0.000e+00
      0.374     4.3044    30.0138   11.63184    12.5327     4.1791          0  0.000e+00
      0.557     3.9111    30.3967   11.63184    12.6144     4.1300          0  0.000e+00
      0.770     3.6796    30.6388   11.63184    12.6927     3.6367          0  0.000e+00
      1.010     3.5381    30.7407   11.63184    12.7495     3.7828          0  0.000e+00
      1.262     3.4501    30.7683   10.21002    12.5400     3.8495          0  0.000e+00
      1.544     3.3863    30.7799   10.21002    12.4308     3.5724          0  0.000e+00
      1.822     3.3387    30.8034   10.21002    12.4191     3.5794          0  0.000e+00
      2.017     3.3030    31.0691   10.21002    12.4629     3.5116          0  0.000e+00
      2.114     3.2831    31.2393   11.81283    12.4645     4.3650          0  0.000e+00
      2.180     3.2985    31.3181   11.81283    12.5219     3.8997          0  0.000e+00
      2.234     3.3271    31.3469   11.81283    12.6676     4.4924          0  0.000e+00
      2.284     3.3512    31.3543   11.81283    12.8914     3.4088          0  0.000e+00
      2.326     3.3750    31.3854   12.75139    13.1473     3.2661          0  0.000e+00
      2.363     3.4016    31.3953   12.75139    13.2939     2.8056          0  0.000e+00
      2.394     3.4179    31.4250   12.75139    13.3795     2.7927          0  0.000e+00
      2.410     3.4301    31.4345   12.75139    13.4443     3.3480          0  0.000e+00
      2.407     3.4564    31.3381   13.05446    13.5006     3.9500          0  0.000e+00
      2.394     3.5020    31.2399   13.05446    13.4673     3.7489          0  0.000e+00
      2.370     3.5766    31.1416   13.05446    13.3375     3.8565          0  0.000e+00
      2.342     3.6535    31.0694   13.05446    13.1825     3.6332          0  0.000e+00
      2.310     3.7099    31.0281   13.17994    13.0098     3.4520          0  0.000e+00
      2.268     3.7496    31.0014   13.17994    12.8204     3.3410          0  0.000e+00
      2.220     3.7678    30.9639   13.17994    12.6326     3.7583          0  0.000e+00
      2.163     3.7740    30.9065   13.17994    12.4567     3.7700          0  0.000e+00
      2.106     3.7745    30.8788   13.29430    12.2858     3.4859          0  0.000e+00
      2.050     3.7708    30.8940   13.29430    12.1438     3.5128          0  0.000e+00
      2.004     3.7598    31.0338   13.29430    11.9999     3.9336          0  0.000e+00
      1.974     3.7636    31.1605   13.29430    11.8588     3.6168          0  0.000e+00
      1.966     3.7851    31.1326   13.31588    11.7353     3.9477          0  0.000e+00
      1.971     3.8021    31.0856   13.31588    11.6291     3.4111          0  0.000e+00
      1.989     3.8073    31.0622   13.31588    11.5240     3.7232          0  0.000e+00
      2.010     3.7475    31.1203   13.31588    11.4584     4.1943          0  0.000e+00
      2.032     3.6843    31.1898   13.30733    11.4221     3.4356          0  0.000e+00
      2.052     3.6427    31.2791   13.30733    11.3997     2.9306          0  0.000e+00
      2.073     3.6276    31.3575   13.30733    11.4053     3.6776          0  0.000e+00
      2.095     3.6310    31.3785   13.30733    11.4293     4.8314          0  0.000e+00
      2.124     3.6328    31.3906   13.41485    11.4645     3.3994          0  0.000e+00
      2.160     3.6285    31.3690   13.41485    11.5194     3.5315          0  0.000e+00
      2.200     3.6164    31.3725   13.41485    11.5801     3.2615          0  0.000e+00
      2.243     3.5960    31.3985   13.41485    11.6407     3.0218          0  0.000e+00
      2.277     3.5753    31.5160   13.56068    11.6899     3.0020          0  0.000e+00
      2.296     3.5686    31.5377   13.56068    11.7476     3.3468          0  0.000e+00
      2.303     3.5750    31.3969   13.56068    11.8236     3.3445          0  0.000e+00
      2.302     3.6358    31.1522   13.56068    11.8868     3.2661          0  0.000e+00
      2.295     3.7746    30.9230   13.57514    11.9195     2.7272          0  0.000e+00
      2.290     3.8852    30.8094   13.57514    11.9475     2.7471          0  0.000e+00
      2.283     3.9029    30.8060   13.57514    11.9724     3.2556          0  0.000e+00
      2.272     3.8852    30.8408   13.57514    12.0120     3.9827          0  0.000e+00
      2.255     3.8704    30.8788   13.50544    12.0393     3.5654          0  0.000e+00
      2.230     3.8607    30.8379   13.50544    12.0647     3.6145          0  0.000e+00
      2.197     3.8683    30.7410   13.50544    12.0801     3.0171          0  0.000e+00
      2.147     3.8614    30.7040   13.50544    12.1049     3.7221          0  0.000e+00
      2.092     3.8355    30.6860   13.57764    12.1187     3.6683          0  0.000e+00
