data/eDNA/PER-2023-757/CTD/757A001.cnv
* Sea-Bird SBE19plus  Data File:
* FileName = C:\Eastern_Shore_Islands_cruises\Ryan_Perley2023757\757A001.hex
* Software version 2.3.0 SB_Terminal.dll
* Temperature SN = 7141
* Conductivity SN = 7141
* System UpLoad Time = Apr 21 2023 10:19:44
* <ApplicationData>
* <SeatermAF>
** Platform: M. Perley
** Cruise: PER2023757
** Station:  ESI_08
** Cast: 01 01
** Latitude: N  44 40.0813
** Longitude: W  -62 20.8761
** Sounding:  114
** Chief Scientist: Ryan Stanley
** Comment:
** first cast,Bottle 3 snaggede. First test of the new sysetm. Also the Salinity guard wasn't taken off. Samples 141001-141006
# nquan = 8
# nvalues = 4551                                  
# units = specified
# name 0 = depSM: Depth [salt water, m], lat = 44.00
# name 1 = tv290C: Temperature [ITS-90, deg C]
# name 2 = sal00: Salinity, Practical [PSU]
# name 3 = opoxMg/L: Oxygen Optode, Aanderaa [mg/l]
# name 4 = sbeox0Mg/L: Oxygen, SBE 43 [mg/l]
# name 5 = wetStar: Fluorescence, WET Labs WETstar [mg/m^3]
# name 6 = nbf: Bottles Fired
# name 7 = flag:  0.000e+00
# span 0 =     -0.098,    102.195                 
# span 1 =     0.4953,     3.6766                 
# span 2 =     0.0007,    32.2741                 
# span 3 =   11.97571,   15.44784                 
# span 4 =    10.9831,    16.5898                 
# span 5 =     1.9721,    75.0318                 
# span 6 =          0,          2                 
# span 7 = 0.0000e+00, 0.0000e+00                 
# interval = seconds: 0.25
# start_time = Apr 21 2023 11:31:42 [Instrument's time stamp, header]
# bad_flag = -9.990e-29
*END*
[from data line 2697]
     48.544     0.9178    31.5992   13.92182    12.8115     3.7887          1  0.000e+00
     48.497     0.9153    31.6074   13.92182    12.8048    11.6735          1  0.000e+00
     48.422     0.9121    31.6049   13.92182    12.8088     6.8982          1  0.000e+00
     48.298     0.9085    31.5859   13.92608    12.8008     6.3488          1  0.000e+00
     48.120     0.9046    31.5708   13.92608    12.8177     5.6825          1  0.000e+00
     47.896     0.9007    31.5628   13.92608    12.8334    12.7175          1  0.000e+00
     47.639     0.8973    31.5603   13.92608    12.8467     9.7050          1  0.000e+00
     47.365     0.8901    31.5629   13.92970    12.8405    14.5575          1  0.000e+00
     47.092     0.8834    31.5630   13.92970    12.8447    14.8041          1  0.000e+00
     46.831     0.8783    31.5598   13.92970    12.8592    11.7940          1  0.000e+00
     46.597     0.8746    31.5562   13.92970    12.8463    20.1791          1  0.000e+00
     46.392     0.8720    31.5559   13.93552    12.8489    23.5482          1  0.000e+00
     46.222     0.8695    31.5577   13.93552    12.8583     8.0964          1  0.000e+00
     46.087     0.8670    31.5620   13.93552    12.8702    10.4064          1  0.000e+00
     45.988     0.8647    31.5688   13.93552    12.8692     7.6955          1  0.000e+00
     45.925     0.8634    31.5846   13.94164    12.9016     5.8753          1  0.000e+00
     45.889     0.8633    31.6108   13.94164    12.9076    29.5966          1  0.000e+00
     45.882     0.8647    31.6348   13.94164    12.8511     8.2788          1  0.000e+00
     45.896     0.8668    31.6468   13.94164    12.8680     5.5480          1  0.000e+00
     45.927     0.8681    31.6486   13.93414    12.8681    24.9475          1  0.000e+00
     45.955     0.8686    31.6504   13.93414    12.8704    13.6117          1  0.000e+00
     45.983     0.8691    31.6488   13.93414    12.8755     9.8020          1  0.000e+00
     46.003     0.8696    31.6416   13.93414    12.8729     9.0889          1  0.000e+00
     46.012     0.8702    31.6215   13.93351    12.8617    30.3938          1  0.000e+00
     45.998     0.8705    31.5997   13.93351    12.8846    26.0463          1  0.000e+00
     45.950     0.8699    31.5901   13.93351    12.8923    15.8024          1  0.000e+00
     45.855     0.8683    31.5826   13.93351    12.8933    12.5924          1  0.000e+00
     45.707     0.8655    31.5649   13.94218    12.8760    21.3972          1  0.000e+00
     45.503     0.8613    31.5515   13.94218    12.8658    18.5917          1  0.000e+00
     45.253     0.8571    31.5485   13.94218    12.8676    15.1688          1  0.000e+00
     44.968     0.8534    31.5464   13.94218    12.8634    14.7784          1  0.000e+00
     44.661     0.8489    31.5450   13.95271    12.8563     9.3917          1  0.000e+00
     44.355     0.8431    31.5435   13.95271    12.9134    11.9214          1  0.000e+00
     44.069     0.8382    31.5441   13.95271    12.8769    13.7696          1  0.000e+00
     43.808     0.8344    31.5441   13.95271    12.8613    11.0481          1  0.000e+00
     43.583     0.8315    31.5444   13.95802    12.8753    14.9806          1  0.000e+00
     43.400     0.8281    31.5470   13.95802    12.8677    25.2163          1  0.000e+00
     43.257     0.8252    31.5531   13.95802    12.8792    26.5431          1  0.000e+00
     43.152     0.8235    31.5679   13.95802    12.9181     7.9550          1  0.000e+00
     43.077     0.8231    31.5908   13.96598    12.9239     5.0570          1  0.000e+00
     43.031     0.8244    31.6114   13.96598    12.9116     5.6825          1  0.000e+00
     43.013     0.8261    31.6261   13.96598    12.9481     8.4039          1  0.000e+00
     43.013     0.8267    31.6355   13.96598    12.9525     5.2312          1  0.000e+00
     43.033     0.8265    31.6528   13.97206    12.9522    13.2003          1  0.000e+00
     43.057     0.8268    31.6704   13.97206    12.9397    22.0963          1  0.000e+00
     43.083     0.8309    31.6756   13.97206    12.9178    22.3710          1  0.000e+00
     43.106     0.8372    31.6736   13.97206    12.8922    17.3607          1  0.000e+00
     43.124     0.8424    31.6713   13.97219    12.8994     9.5261          1  0.000e+00
     43.131     0.8472    31.6686   13.97219    12.9047     8.6517          1  0.000e+00
     43.122     0.8528    31.6638   13.97219    12.9028    36.1394          1  0.000e+00
     43.097     0.8590    31.6585   13.97219    12.9083    13.5206          1  0.000e+00
     43.041     0.8650    31.6541   13.98375    12.8959    10.8424          1  0.000e+00
     42.953     0.8709    31.6478   13.98375    12.9078    10.5408          1  0.000e+00
     42.823     0.8754    31.6365   13.98375    12.9122    20.4468          1  0.000e+00
     42.659     0.8765    31.6203   13.98375    12.9203    14.8965          1  0.000e+00
     42.461     0.8749    31.6024   13.98851    12.9155    17.3619          1  0.000e+00
     42.241     0.8717    31.5845   13.98851    12.9080    11.8910          1  0.000e+00
     42.006     0.8672    31.5688   13.98851    12.9184    16.0725          1  0.000e+00
     41.768     0.8601    31.5574   13.98851    12.9114    12.5117          1  0.000e+00
     41.533     0.8520    31.5451   13.99658    12.9137    14.3926          1  0.000e+00
     41.306     0.8442    31.5348   13.99658    12.9115    13.5229          1  0.000e+00
     41.090     0.8359    31.5304   13.99658    12.9094     9.5892          1  0.000e+00
     40.883     0.8271    31.5269   13.99658    12.9119     7.0174          1  0.000e+00
     40.683     0.8193    31.5280   14.00090    12.9195    11.5099          1  0.000e+00
     40.497     0.8134    31.5269   14.00090    12.9233    16.6137          1  0.000e+00
     40.325     0.8090    31.5271   14.00090    12.9231    12.8694          1  0.000e+00
     40.182     0.8059    31.5280   14.00090    12.9338    12.2697          1  0.000e+00
     40.080     0.8036    31.5311   14.00551    12.9373    22.8561          1  0.000e+00
     40.022     0.8022    31.5446   14.00551    12.9441    14.1799          1  0.000e+00
     40.013     0.8018    31.5745   14.00551    12.9517    11.1042          1  0.000e+00
     40.039     0.8027    31.6032   14.00551    12.9446    27.4082          1  0.000e+00
     40.090     0.8032    31.6136   14.00720    12.9574    23.8311          1  0.000e+00
     40.147     0.8022    31.6197   14.00720    12.9548    21.9794          1  0.000e+00
     40.188     0.8031    31.6194   14.00720    12.9541    20.9741          1  0.000e+00
     40.199     0.8075    31.6120   14.00720    12.9578    15.9252          1  0.000e+00
     40.173     0.8113    31.6038   14.01216    12.9611    27.3860          1  0.000e+00
     40.094     0.8129    31.5943   14.01216    12.9549    21.8718          1  0.000e+00
     39.976     0.8128    31.5738   14.01216    12.9535     7.2583          1  0.000e+00
     39.826     0.8105    31.5482   14.01216    12.9565    33.8412          1  0.000e+00
     39.647     0.8072    31.5397   14.01981    12.9545    14.5317          1  0.000e+00
     39.462     0.8039    31.5373   14.01981    12.9520    11.9260          1  0.000e+00
     39.277     0.8003    31.5347   14.01981    12.9464    12.3142          1  0.000e+00
     39.108     0.7967    31.5341   14.01981    12.9408     6.2015          1  0.000e+00
     38.952     0.7931    31.5332   14.02902    12.9411    13.9087          1  0.000e+00
     38.809     0.7901    31.5296   14.02902    12.9453    17.3829          1  0.000e+00
     38.674     0.7873    31.5256   14.02902    12.9485    12.5526          1  0.000e+00
     38.543     0.7836    31.5238   14.02902    12.9487    17.9885          1  0.000e+00
     38.411     0.7794    31.5222   14.03043    12.9633    25.8219          1  0.000e+00
     38.273     0.7758    31.5205   14.03043    12.9655    16.4220          1  0.000e+00
     38.135     0.7729    31.5191   14.03043    12.9733    14.2664          1  0.000e+00
     37.989     0.7707    31.5170   14.03043    12.9789    12.2569          1  0.000e+00
     37.836     0.7690    31.5151   14.03398    12.9764    15.2039          1  0.000e+00
     37.677     0.7678    31.5125   14.03398    12.9822    15.9638          1  0.000e+00
     37.513     0.7668    31.5099   14.03398    12.9885    21.7760          1  0.000e+00
     37.351     0.7654    31.5080   14.03398    12.9909     9.3823          1  0.000e+00
     37.205     0.7638    31.5074   14.03382    12.9940    25.5261          1  0.000e+00
     37.074     0.7619    31.5087   14.03382    13.0016    20.6000          1  0.000e+00
     36.969     0.7602    31.5109   14.03382    13.0030    13.9402          1  0.000e+00
     36.896     0.7587    31.5156   14.03382    13.0074    22.4552          1  0.000e+00
     36.855     0.7579    31.5281   14.03517    13.0003    11.5976          1  0.000e+00
     36.837     0.7578    31.5415   14.03517    13.0015     7.7223          1  0.000e+00
     36.828     0.7585    31.5521   14.03517    12.9898     8.0450          1  0.000e+00
     36.822     0.7595    31.5585   14.03517    12.9858     8.8083          1  0.000e+00
     36.801     0.7598    31.5606   14.03706    12.9837    18.1205          1  0.000e+00
     36.748     0.7599    31.5608   14.03706    12.9762    16.6663          1  0.000e+00
     36.658     0.7599    31.5564   14.03706    12.9762    16.5108          1  0.000e+00
     36.533     0.7603    31.5370   14.03706    12.9798    22.0928          1  0.000e+00
     36.376     0.7601    31.5175   14.03380    12.9839    13.4247          1  0.000e+00
     36.200     0.7588    31.5063   14.03380    12.9838    11.4947          1  0.000e+00
     36.019     0.7565    31.5004   14.03380    12.9849    14.1401          1  0.000e+00
     35.846     0.7540    31.4970   14.03380    12.9887    10.6226          1  0.000e+00
     35.690     0.7515    31.4950   14.03959    12.9791    30.9269          1  0.000e+00
     35.555     0.7489    31.4928   14.03959    12.9836    12.5491          1  0.000e+00
     35.434     0.7467    31.4906   14.03959    12.9732    26.7314          1  0.000e+00
     35.320     0.7449    31.4881   14.03959    12.9780    16.0187          1  0.000e+00
     35.193     0.7423    31.4849   14.03990    12.9794    24.8551          1  0.000e+00
     35.054     0.7391    31.4804   14.03990    12.9907    13.6012          1  0.000e+00
     34.890     0.7361    31.4762   14.03990    12.9882     9.7774          1  0.000e+00
     34.710     0.7334    31.4733   14.03990    12.9967    17.2683          1  0.000e+00
     34.508     0.7313    31.4723   14.04080    13.0061     9.9715          1  0.000e+00
     34.306     0.7294    31.4719   14.04080    12.9918    20.9215          1  0.000e+00
     34.115     0.7278    31.4727   14.04080    13.0069    10.3771          1  0.000e+00
     33.951     0.7263    31.4753   14.04080    13.0022     5.9396          1  0.000e+00
     33.827     0.7250    31.4799   14.04301    13.0044    11.2095          1  0.000e+00
     33.746     0.7236    31.4868   14.04301    13.0045     7.2793          1  0.000e+00
     33.698     0.7227    31.5004   14.04301    13.0075     6.0928          1  0.000e+00
     33.678     0.7231    31.5135   14.04301    12.9974    12.4077          1  0.000e+00
     33.673     0.7241    31.5233   14.04656    12.9993    16.0327          1  0.000e+00
     33.675     0.7250    31.5265   14.04656    13.0032    21.0816          1  0.000e+00
     33.674     0.7252    31.5294   14.04656    12.9944    11.7098          1  0.000e+00
     33.663     0.7250    31.5332   14.04656    13.0011    28.0523          1  0.000e+00
     33.633     0.7250    31.5370   14.04432    12.9968    22.7030          1  0.000e+00
     33.591     0.7253    31.5405   14.04432    13.0012    11.1627          1  0.000e+00
     33.531     0.7259    31.5431   14.04432    13.0016    17.8669          1  0.000e+00
     33.454     0.7269    31.5441   14.04432    13.0126    16.0690          1  0.000e+00
     33.366     0.7280    31.5422   14.04790    13.0051    19.3082          1  0.000e+00
     33.268     0.7291    31.5389   14.04790    13.0041    15.0496          1  0.000e+00
     33.167     0.7298    31.5335   14.04790    13.0089    49.4063          1  0.000e+00
     33.049     0.7304    31.5282   14.04790    13.0067    27.0388          1  0.000e+00
     32.917     0.7303    31.5188   14.04906    13.0006    22.6340          1  0.000e+00
     32.761     0.7300    31.5004   14.04906    13.0032    20.1113          1  0.000e+00
     32.579     0.7288    31.4882   14.04906    13.0022    15.0134          1  0.000e+00
     32.370     0.7266    31.4835   14.04906    12.9987    13.4095          1  0.000e+00
     32.144     0.7234    31.4812   14.05364    13.0048    16.4723          1  0.000e+00
     31.896     0.7200    31.4799   14.05364    13.0033    53.5107          1  0.000e+00
     31.638     0.7170    31.4786   14.05364    13.0068    27.8910          1  0.000e+00
     31.380     0.7146    31.4720   14.05364    13.0111    41.2514          1  0.000e+00
     31.136     0.7123    31.4664   14.06573    13.0241    42.3807          1  0.000e+00
     30.917     0.7093    31.4633   14.06573    13.0253    36.9530          1  0.000e+00
     30.736     0.7063    31.4632   14.06573    13.0341    66.2878          1  0.000e+00
     30.597     0.7037    31.4678   14.06573    13.0361    40.7663          1  0.000e+00
     30.513     0.7020    31.4838   14.06692    13.0482    68.1196          1  0.000e+00
     30.475     0.7018    31.5062   14.06692    13.0584    53.5200          1  0.000e+00
     30.465     0.7027    31.5202   14.06692    13.0567    72.8996          1  0.000e+00
     30.486     0.7031    31.5314   14.06692    13.0665    56.9054          1  0.000e+00
     30.529     0.7030    31.5436   14.05988    13.0810    44.2020          1  0.000e+00
     30.563     0.7047    31.5472   14.05988    13.0951    71.2244          1  0.000e+00
     30.579     0.7075    31.5462   14.05988    13.1211    59.1370          1  0.000e+00
     30.570     0.7103    31.5450   14.05988    13.1447    44.4989          1  0.000e+00
     30.525     0.7125    31.5473   14.06419    13.1682    32.2198          1  0.000e+00
     30.454     0.7146    31.5473   14.06419    13.2021    27.0166          1  0.000e+00
     30.360     0.7170    31.5392   14.06419    13.2232    49.4928          1  0.000e+00
     30.247     0.7185    31.5209   14.06419    13.2391    41.4712          1  0.000e+00
     30.128     0.7188    31.5046   14.08372    13.2442    24.2426          1  0.000e+00
     30.004     0.7174    31.4965   14.08372    13.2454    25.2304          1  0.000e+00
     29.886     0.7155    31.4905   14.08372    13.2530    35.4743          1  0.000e+00
     29.773     0.7130    31.4845   14.08372    13.2587    56.3525          1  0.000e+00
     29.660     0.7101    31.4798   14.09386    13.2634    75.0318          1  0.000e+00
     29.541     0.7074    31.4754   14.09386    13.2664    57.8418          1  0.000e+00
     29.406     0.7046    31.4706   14.09386    13.2814    75.0318          1  0.000e+00
     29.250     0.7015    31.4659   14.09386    13.2980    70.5534          1  0.000e+00
     29.073     0.6985    31.4615   14.10515    13.3159    70.8328          1  0.000e+00
     28.868     0.6949    31.4604   14.10515    13.3379    40.2297          1  0.000e+00
     28.647     0.6909    31.4625   14.10515    13.3576    34.8009          1  0.000e+00
     28.416     0.6872    31.4642   14.10515    13.3764    50.0446          1  0.000e+00
     28.190     0.6844    31.4636   14.11210    13.3961    47.3653          1  0.000e+00
     27.983     0.6822    31.4625   14.11210    13.4069    45.6153          1  0.000e+00
     27.805     0.6806    31.4622   14.11210    13.4235    43.7379          1  0.000e+00
     27.662     0.6791    31.4629   14.11210    13.4264    57.4490          1  0.000e+00
