data/eDNA/PER-2023-757/CTD/757A004.cnv
* Sea-Bird SBE19plus  Data File:
* FileName = C:\Eastern_Shore_Islands_cruises\Ryan_Perley2023757\757A004.hex
* Software version 2.3.0 SB_Terminal.dll
* Temperature SN = 7141
* Conductivity SN = 7141
* System UpLoad Time = Apr 21 2023 12:47:56
* <ApplicationData>
* <SeatermAF>
** Platform: M. Perley
** Cruise: PER2023757
** Station:  ESI_05
** Cast: 01 04
** Latitude: N  44 49.3125
** Longitude: W  -62 28.7752
** Sounding:  11.7
** Chief Scientist: Ryan Stanley
** Comment: 141019-141024
** Samples 141019 - 141024. Coming back early into Sheet Harbour because of an engine issue with the CCGS Perley.
** CastID 757A004
# nquan = 8
# nvalues = 3582                                  
# units = specified
# name 0 = depSM: Depth [salt water, m], lat = 44.00
# name 1 = tv290C: Temperature [ITS-90, deg C]
# name 2 = sal00: Salinity, Practical [PSU]
# name 3 = opoxMg/L: Oxygen Optode, Aanderaa [mg/l]
# name 4 = sbeox0Mg/L: Oxygen, SBE 43 [mg/l]
# name 5 = wetStar: Fluorescence, WET Labs WETstar [mg/m^3]
# name 6 = nbf: Bottles Fired
# name 7 = flag:  0.000e+00
# span 0 =     -0.082,     14.382                 
# span 1 =     2.6495,     6.1178                 
# span 2 =     0.0917,    31.5377                 
# span 3 =   10.21002,   14.93456                 
# span 4 =    11.0016,    15.8457                 
# span 5 =     2.7272,    49.6588                 
# span 6 =          0,          2                 
# span 7 = 0.0000e+00, 0.0000e+00                 
# interval = seconds: 0.25
# start_time = Apr 21 2023 15:27:58 [Instrument's time stamp, header]
# bad_flag = -9.990e-29
*END*
[from data line 1259]
     -0.076     6.0248     0.0947   11.71770    14.6010     9.3882          0  0.000e+00
     -0.076     6.0248     0.0947   11.71677    14.6025     9.3695          0  0.000e+00
     -0.076     6.0249     0.0946   11.71677    14.5962     9.3367          0  0.000e+00
     -0.077     6.0251     0.0947   11.71677    14.5959     9.3566          0  0.000e+00
     -0.076     6.0251     0.0947   11.71677    14.6082     9.3753          0  0.000e+00
     -0.075     6.0253     0.0947   11.71856    14.6135     9.3847          0  0.000e+00
     -0.075     6.0253     0.0947   11.71856    14.6104     9.3519          0  0.000e+00
     -0.075     6.0252     0.0948   11.71856    14.5999     9.3402          0  0.000e+00
     -0.076     6.0253     0.0948   11.71856    14.6145     9.3180          0  0.000e+00
     -0.074     6.0255     0.0948   11.71661    14.6077     9.3636          0  0.000e+00
     -0.076     6.0254     0.0948   11.71661    14.6170     9.3671          0  0.000e+00
     -0.075     6.0254     0.0949   11.71661    14.6060     9.3578          0  0.000e+00
     -0.075     6.0256     0.0949   11.71661    14.6025     9.3496          0  0.000e+00
     -0.075     6.0257     0.0950   11.71533    14.6043     9.3332          0  0.000e+00
     -0.076     6.0257     0.0949   11.71533    14.6066     9.3344          0  0.000e+00
     -0.077     6.0257     0.0949   11.71533    14.6078     9.3554          0  0.000e+00
     -0.075     6.0257     0.0950   11.71533    14.6038     9.3321          0  0.000e+00
     -0.076     6.0258     0.0950   11.71552    14.6042     9.3414          0  0.000e+00
     -0.075     6.0258     0.0949   11.71552    14.6007     9.3706          0  0.000e+00
     -0.076     6.0258     0.0950   11.71552    14.6108     9.3753          0  0.000e+00
     -0.077     6.0259     0.0950   11.71552    14.6082     9.3589          0  0.000e+00
     -0.076     6.0259     0.0950   11.71402    14.5985     9.3531          0  0.000e+00
     -0.074     6.0261     0.0950   11.71402    14.5997     9.3940          0  0.000e+00
     -0.075     6.0261     0.0950   11.71402    14.6037     9.3285          0  0.000e+00
     -0.076     6.0261     0.0950   11.71402    14.5996     9.3519          0  0.000e+00
     -0.075     6.0262     0.0951   11.71078    14.6030     9.3765          0  0.000e+00
     -0.076     6.0261     0.0951   11.71078    14.5951     9.3321          0  0.000e+00
     -0.077     6.0264     0.0951   11.71078    14.6043     9.3309          0  0.000e+00
     -0.076     6.0264     0.0951   11.71078    14.6040     9.3297          0  0.000e+00
     -0.076     6.0264     0.0952   11.70819    14.6059     9.3391          0  0.000e+00
     -0.074     6.0264     0.0951   11.70819    14.5992     9.3204          0  0.000e+00
     -0.075     6.0265     0.0952   11.70819    14.5951     9.3449          0  0.000e+00
     -0.075     6.0267     0.0951   11.70819    14.6052     9.3660          0  0.000e+00
     -0.074     6.0266     0.0952   11.71024    14.6016     9.3671          0  0.000e+00
     -0.075     6.0267     0.0951   11.71024    14.6088     9.3543          0  0.000e+00
     -0.075     6.0269     0.0951   11.71024    14.6048     9.3285          0  0.000e+00
     -0.076     6.0269     0.0951   11.71024    14.6017     9.3484          0  0.000e+00
     -0.075     6.0269     0.0951   11.71043    14.6029     9.3437          0  0.000e+00
     -0.074     6.0270     0.0951   11.71043    14.6121     9.3613          0  0.000e+00
     -0.077     6.0270     0.0951   11.71043    14.6085     9.3671          0  0.000e+00
     -0.076     6.0272     0.0951   11.71043    14.6042     9.3519          0  0.000e+00
     -0.075     6.0272     0.0951   11.71907    14.6041     9.3847          0  0.000e+00
     -0.079     6.0273     0.0951   11.71907    14.6116     9.3250          0  0.000e+00
     -0.075     6.0274     0.0952   11.71907    14.5980     9.3344          0  0.000e+00
     -0.076     6.0275     0.0952   11.71907    14.6117     9.3344          0  0.000e+00
     -0.075     6.0276     0.0951   11.71888    14.6054     9.3753          0  0.000e+00
     -0.077     6.0275     0.0951   11.71888    14.5879     9.3554          0  0.000e+00
     -0.078     6.0276     0.0951   11.71888    14.5964     9.3367          0  0.000e+00
     -0.077     6.0276     0.0951   11.71888    14.5997     9.3367          0  0.000e+00
     -0.074     6.0277     0.0951   11.70925    14.5903     9.3285          0  0.000e+00
     -0.077     6.0277     0.0950   11.70925    14.5966     9.3741          0  0.000e+00
     -0.075     6.0277     0.0950   11.70925    14.6042     9.3671          0  0.000e+00
     -0.076     6.0279     0.0951   11.70925    14.6012     9.3426          0  0.000e+00
     -0.074     6.0280     0.0950   11.70666    14.6006     9.3566          0  0.000e+00
     -0.075     6.0280     0.0950   11.70666    14.6106     9.3624          0  0.000e+00
     -0.076     6.0281     0.0950   11.70666    14.6073     9.3858          0  0.000e+00
     -0.077     6.0281     0.0951   11.70666    14.6126     9.3239          0  0.000e+00
     -0.076     6.0282     0.0951   11.70131    14.6036     9.3122          0  0.000e+00
     -0.076     6.0281     0.0950   11.70131    14.6033     9.3437          0  0.000e+00
     -0.077     6.0282     0.0951   11.70131    14.5953     9.3648          0  0.000e+00
     -0.077     6.0282     0.0950   11.70131    14.6033     9.3367          0  0.000e+00
     -0.075     6.0283     0.0951   11.70550    14.5952     9.3297          0  0.000e+00
     -0.075     6.0283     0.0950   11.70550    14.5946     9.3589          0  0.000e+00
     -0.076     6.0283     0.0951   11.70550    14.5984     9.3882          0  0.000e+00
     -0.074     6.0284     0.0950   11.70550    14.6030     9.3402          0  0.000e+00
     -0.074     6.0286     0.0950   11.70621    14.5915     9.3414          0  0.000e+00
     -0.075     6.0286     0.0950   11.70621    14.5911     9.2993          0  0.000e+00
     -0.077     6.0287     0.0950   11.70621    14.5980     9.3391          0  0.000e+00
     -0.075     6.0286     0.0950   11.70621    14.5952     9.3367          0  0.000e+00
     -0.074     6.0287     0.0950   11.71363    14.6020     9.3695          0  0.000e+00
     -0.076     6.0289     0.0950   11.71363    14.5945     9.3437          0  0.000e+00
     -0.074     6.0289     0.0950   11.71363    14.5993     9.3543          0  0.000e+00
     -0.074     6.0290     0.0950   11.71363    14.6112     9.3215          0  0.000e+00
     -0.075     6.0290     0.0950   11.71530    14.6082     9.3391          0  0.000e+00
     -0.076     6.0291     0.0951   11.71530    14.6023     9.3543          0  0.000e+00
     -0.074     6.0290     0.0951   11.71530    14.5981     9.3274          0  0.000e+00
     -0.076     6.0291     0.0951   11.71530    14.6055     9.3227          0  0.000e+00
     -0.077     6.0291     0.0950   11.70832    14.5995     9.3356          0  0.000e+00
     -0.076     6.0291     0.0950   11.70832    14.6074     9.3461          0  0.000e+00
     -0.076     6.0293     0.0951   11.70832    14.5965     9.3496          0  0.000e+00
     -0.075     6.0294     0.0951   11.70832    14.5932     9.3496          0  0.000e+00
     -0.077     6.0293     0.0950   11.70915    14.6056     9.3344          0  0.000e+00
     -0.075     6.0294     0.0950   11.70915    14.6049     9.3414          0  0.000e+00
     -0.075     6.0295     0.0950   11.70915    14.5974     9.3285          0  0.000e+00
     -0.076     6.0297     0.0951   11.70915    14.6004     9.3566          0  0.000e+00
     -0.076     6.0297     0.0950   11.70752    14.6017     9.3391          0  0.000e+00
     -0.076     6.0298     0.0951   11.70752    14.5971     9.3426          0  0.000e+00
     -0.075     6.0297     0.0950   11.70752    14.6017     9.3437          0  0.000e+00
     -0.076     6.0298     0.0950   11.70752    14.5938     9.3648          0  0.000e+00
     -0.075     6.0299     0.0950   11.70538    14.6011     9.3718          0  0.000e+00
     -0.072     6.0299     0.0950   11.70538    14.6094     9.3847          0  0.000e+00
     -0.077     6.0300     0.0950   11.70538    14.6024     9.3823          0  0.000e+00
     -0.075     6.0301     0.0950   11.70538    14.6059     9.3344          0  0.000e+00
     -0.075     6.0301     0.0950   11.69949    14.6061     9.3391          0  0.000e+00
     -0.077     6.0301     0.0950   11.69949    14.6096     9.3262          0  0.000e+00
     -0.075     6.0303     0.0950   11.69949    14.6075     9.3472          0  0.000e+00
     -0.074     6.0302     0.0950   11.69949    14.6029     9.3531          0  0.000e+00
     -0.075     6.0304     0.0950   11.70464    14.5950     9.3332          0  0.000e+00
     -0.075     6.0305     0.0949   11.70464    14.6030     9.3449          0  0.000e+00
     -0.075     6.0305     0.0951   11.70464    14.6053     9.3543          0  0.000e+00
     -0.075     6.0305     0.0950   11.70464    14.6029     9.3426          0  0.000e+00
     -0.075     6.0307     0.0952   11.70922    14.6050     9.3285          0  0.000e+00
     -0.075     6.0307     0.0949   11.70922    14.6039     9.3227          0  0.000e+00
     -0.076     6.0309     0.0952   11.70922    14.5991     9.3239          0  0.000e+00
     -0.076     6.0309     0.0950   11.70922    14.5951     9.3519          0  0.000e+00
     -0.077     6.0309     0.0951   11.70880    14.5927     9.3414          0  0.000e+00
     -0.075     6.0310     0.0951   11.70880    14.5961     9.3285          0  0.000e+00
     -0.075     6.0311     0.0951   11.70880    14.6015     9.3449          0  0.000e+00
     -0.075     6.0311     0.0951   11.70880    14.6051     9.3437          0  0.000e+00
     -0.076     6.0311     0.0950   11.70643    14.6028     9.3414          0  0.000e+00
     -0.076     6.0312     0.0951   11.70643    14.5997     9.3215          0  0.000e+00
     -0.075     6.0313     0.0950   11.70643    14.6041     9.3344          0  0.000e+00
     -0.074     6.0313     0.0950   11.70643    14.6062     9.3367          0  0.000e+00
     -0.075     6.0313     0.0950   11.70192    14.6010     9.3437          0  0.000e+00
     -0.074     6.0314     0.0950   11.70192    14.5923     9.3321          0  0.000e+00
     -0.076     6.0315     0.0950   11.70192    14.5921     9.3823          0  0.000e+00
     -0.075     6.0315     0.0950   11.70192    14.5929     9.3484          0  0.000e+00
     -0.075     6.0317     0.0950   11.69744    14.6010     9.3823          0  0.000e+00
     -0.074     6.0317     0.0950   11.69744    14.5980     9.3437          0  0.000e+00
     -0.074     6.0319     0.0950   11.69744    14.6063     9.3484          0  0.000e+00
     -0.076     6.0318     0.0950   11.69744    14.6013     9.3484          0  0.000e+00
     -0.076     6.0318     0.0950   11.69558    14.6145     9.3613          0  0.000e+00
     -0.075     6.0319     0.0950   11.69558    14.6094     9.3671          0  0.000e+00
     -0.075     6.0320     0.0951   11.69558    14.6105     9.3508          0  0.000e+00
     -0.075     6.0321     0.0950   11.69558    14.6037     9.3157          0  0.000e+00
     -0.075     6.0322     0.0949   11.68874    14.6001     9.3274          0  0.000e+00
     -0.077     6.0323     0.0950   11.68874    14.6003     9.3087          0  0.000e+00
     -0.075     6.0323     0.0949   11.68874    14.5984     9.3426          0  0.000e+00
     -0.073     6.0324     0.0950   11.68874    14.6035     9.3496          0  0.000e+00
     -0.076     6.0324     0.0950   11.69174    14.6039     9.3554          0  0.000e+00
     -0.075     6.0325     0.0949   11.69174    14.6030     9.3297          0  0.000e+00
     -0.075     6.0325     0.0950   11.69174    14.6026     9.3356          0  0.000e+00
     -0.074     6.0326     0.0949   11.69174    14.6002     9.3332          0  0.000e+00
     -0.074     6.0327     0.0950   11.69782    14.6041     9.3192          0  0.000e+00
     -0.075     6.0327     0.0949   11.69782    14.5926     9.3344          0  0.000e+00
     -0.076     6.0328     0.0950   11.69782    14.6047     9.3285          0  0.000e+00
     -0.074     6.0329     0.0949   11.69782    14.5965     9.3566          0  0.000e+00
     -0.075     6.0329     0.0949   11.69008    14.5979     9.3648          0  0.000e+00
     -0.075     6.0327     0.0949   11.69008    14.5998     9.3133          0  0.000e+00
     -0.077     6.0329     0.0949   11.69008    14.5951     9.3496          0  0.000e+00
     -0.076     6.0328     0.0949   11.69008    14.6006     9.3437          0  0.000e+00
     -0.074     6.0330     0.0949   11.69389    14.5898     9.3437          0  0.000e+00
     -0.076     6.0329     0.0949   11.69389    14.5940     9.3297          0  0.000e+00
     -0.074     6.0330     0.0949   11.69389    14.5890     9.3110          0  0.000e+00
     -0.075     6.0333     0.0949   11.69389    14.5953     9.3344          0  0.000e+00
     -0.075     6.0332     0.0949   11.68867    14.5984     9.3414          0  0.000e+00
     -0.075     6.0331     0.0948   11.68867    14.5973     9.3285          0  0.000e+00
     -0.075     6.0333     0.0949   11.68867    14.6003     9.3169          0  0.000e+00
     -0.073     6.0334     0.0949   11.68867    14.5942     9.3215          0  0.000e+00
     -0.075     6.0335     0.0949   11.68886    14.5995     9.3531          0  0.000e+00
     -0.076     6.0335     0.0949   11.68886    14.5993     9.3192          0  0.000e+00
     -0.076     6.0335     0.0949   11.68886    14.5993     9.3274          0  0.000e+00
     -0.076     6.0337     0.0949   11.68886    14.5920     9.3636          0  0.000e+00
     -0.074     6.0337     0.0948   11.68758    14.5987     9.3367          0  0.000e+00
     -0.075     6.0338     0.0949   11.68758    14.6016     9.3344          0  0.000e+00
     -0.073     6.0337     0.0949   11.68758    14.6028     9.3204          0  0.000e+00
     -0.074     6.0338     0.0949   11.68758    14.5974     9.3087          0  0.000e+00
     -0.076     6.0340     0.0949   11.68621    14.5934     9.3239          0  0.000e+00
     -0.076     6.0340     0.0949   11.68621    14.5982     9.3321          0  0.000e+00
     -0.075     6.0341     0.0949   11.68621    14.6008     9.3250          0  0.000e+00
     -0.076     6.0341     0.0949   11.68621    14.5933     9.3063          0  0.000e+00
     -0.077     6.0342     0.0948   11.68419    14.5927     9.3017          0  0.000e+00
     -0.076     6.0342     0.0949   11.68419    14.5938     9.3531          0  0.000e+00
     -0.076     6.0344     0.0949   11.68419    14.6041     9.3414          0  0.000e+00
     -0.076     6.0344     0.0949   11.68419    14.6079     9.3122          0  0.000e+00
     -0.077     6.0344     0.0948   11.67507    14.6027     9.3087          0  0.000e+00
     -0.076     6.0345     0.0949   11.67507    14.6019     9.3063          0  0.000e+00
     -0.074     6.0346     0.0949   11.67507    14.6003     9.3262          0  0.000e+00
     -0.075     6.0346     0.0949   11.67507    14.6009     9.3087          0  0.000e+00
     -0.075     6.0347     0.0948   11.66995    14.6040     9.3169          0  0.000e+00
     -0.076     6.0348     0.0948   11.66995    14.6061     9.3402          0  0.000e+00
     -0.075     6.0348     0.0948   11.66995    14.5907     9.3613          0  0.000e+00
     -0.074     6.0348     0.0948   11.66995    14.5911     9.3309          0  0.000e+00
     -0.074     6.0348     0.0948   11.67190    14.5995     9.3508          0  0.000e+00
     -0.075     6.0351     0.0948   11.67190    14.6048     9.3215          0  0.000e+00
     -0.073     6.0350     0.0947   11.67190    14.5959     9.3285          0  0.000e+00
     -0.075     6.0352     0.0947   11.67190    14.5973     9.3321          0  0.000e+00
     -0.075     6.0352     0.0947   11.67405    14.5913     9.3192          0  0.000e+00
     -0.074     6.0351     0.0947   11.67405    14.5877     9.3297          0  0.000e+00
