data/eDNA/PER-2023-757/CTD/757A002.cnv
* Sea-Bird SBE19plus  Data File:
* FileName = C:\Eastern_Shore_Islands_cruises\Ryan_Perley2023757\757A002.hex
* Software version 2.3.0 SB_Terminal.dll
* Temperature SN = 7141
* Conductivity SN = 7141
* System UpLoad Time = Apr 21 2023 10:15:25
* <ApplicationData>
* <SeatermAF>
** Platform: M. Perley
** Cruise: PER2023757
** Station:  ESI_07
** Cast: 01 02
** Latitude: N  44 43.0568
** Longitude: W  -62 23.5654
** Sounding:  77
** Chief Scientist: Ryan Stanley
** Comment:
# nquan = 8
# nvalues = 2812                                  
# units = specified
# name 0 = depSM: Depth [salt water, m], lat = 44.00
# name 1 = tv290C: Temperature [ITS-90, deg C]
# name 2 = sal00: Salinity, Practical [PSU]
# name 3 = opoxMg/L: Oxygen Optode, Aanderaa [mg/l]
# name 4 = sbeox0Mg/L: Oxygen, SBE 43 [mg/l]
# name 5 = wetStar: Fluorescence, WET Labs WETstar [mg/m^3]
# name 6 = nbf: Bottles Fired
# name 7 = flag:  0.000e+00
# span 0 =     -0.091,     69.260                 
# span 1 =     0.5479,     4.1438                 
# span 2 =     0.1370,    31.2843                 
# span 3 =   12.26870,   15.15920                 
# span 4 =    11.8225,    16.8062                 
# span 5 =     2.4934,    75.0318                 
# span 6 =          0,          2                 
# span 7 = 0.0000e+00, 0.0000e+00                 
# interval = seconds: 0.25
# start_time = Apr 21 2023 12:56:01 [Instrument's time stamp, header]
# bad_flag = -9.990e-29
*END*
     -0.087     4.1431     0.1438   12.56787    15.3182     9.7248          0  0.000e+00
     -0.087     4.1427     0.1438   12.56787    15.3096     9.6921          0  0.000e+00
     -0.087     4.1422     0.1437   12.56787    15.3039     9.7073          0  0.000e+00
     -0.086     4.1417     0.1438   12.56787    15.3018     9.7225          0  0.000e+00
     -0.088     4.1410     0.1438   12.60877    15.3087     9.7365          0  0.000e+00
     -0.086     4.1409     0.1437   12.60877    15.2990     9.7202          0  0.000e+00
     -0.087     4.1408     0.1437   12.60877    15.3013     9.6991          0  0.000e+00
     -0.086     4.1404     0.1437   12.60877    15.3024     9.7283          0  0.000e+00
     -0.087     4.1403     0.1437   12.59987    15.3155     9.7155          0  0.000e+00
     -0.086     4.1405     0.1437   12.59987    15.3195     9.7167          0  0.000e+00
     -0.087     4.1410     0.1437   12.59987    15.3152     9.7050          0  0.000e+00
     -0.087     4.1415     0.1437   12.59987    15.3170     9.7377          0  0.000e+00
     -0.087     4.1419     0.1438   12.59491    15.3185     9.7447          0  0.000e+00
     -0.088     4.1421     0.1438   12.59491    15.3318     9.7283          0  0.000e+00
     -0.088     4.1420     0.1439   12.59491    15.3245     9.7470          0  0.000e+00
     -0.087     4.1417     0.1439   12.59491    15.3209     9.7424          0  0.000e+00
     -0.088     4.1415     0.1440   12.59405    15.3170     9.7342          0  0.000e+00
     -0.088     4.1416     0.1440   12.59405    15.3225     9.7599          0  0.000e+00
     -0.088     4.1421     0.1441   12.59405    15.3233     9.7354          0  0.000e+00
     -0.088     4.1424     0.1441   12.59405    15.3203     9.7435          0  0.000e+00
     -0.090     4.1427     0.1441   12.61219    15.3128     9.7541          0  0.000e+00
     -0.089     4.1428     0.1441   12.61219    15.3200     9.7880          0  0.000e+00
     -0.089     4.1430     0.1441   12.61219    15.3127     9.7131          0  0.000e+00
     -0.089     4.1431     0.1441   12.61219    15.3182     9.7365          0  0.000e+00
     -0.090     4.1430     0.1442   12.61242    15.3194     9.7412          0  0.000e+00
     -0.088     4.1432     0.1442   12.61242    15.3197     9.7307          0  0.000e+00
     -0.087     4.1432     0.1444   12.61242    15.3156     9.7272          0  0.000e+00
     -0.089     4.1431     0.1444   12.61242    15.3137     9.7155          0  0.000e+00
     -0.089     4.1432     0.1446   12.60013    15.3196     9.7599          0  0.000e+00
     -0.087     4.1436     0.1447   12.60013    15.3154     9.7143          0  0.000e+00
     -0.088     4.1438     0.1447   12.60013    15.3154     9.7073          0  0.000e+00
     -0.088     4.1436     0.1449   12.60013    15.3104     9.7470          0  0.000e+00
     -0.088     4.1433     0.1447   12.59466    15.3131     9.7447          0  0.000e+00
     -0.089     4.1427     0.1448   12.59466    15.3182     9.7400          0  0.000e+00
     -0.089     4.1424     0.1446   12.59466    15.3213     9.7330          0  0.000e+00
     -0.087     4.1421     0.1444   12.59466    15.3151     9.7482          0  0.000e+00
     -0.089     4.1421     0.1443   12.61158    15.3145     9.7295          0  0.000e+00
     -0.089     4.1423     0.1440   12.61158    15.3144     9.7318          0  0.000e+00
     -0.090     4.1427     0.1437   12.61158    15.3089     9.7354          0  0.000e+00
     -0.087     4.1431     0.1434   12.61158    15.3091     9.7529          0  0.000e+00
     -0.088     4.1427     0.1431   12.61984    15.3099     9.7470          0  0.000e+00
     -0.088     4.1421     0.1429   12.61984    15.3172     9.7529          0  0.000e+00
     -0.089     4.1416     0.1427   12.61984    15.3152     9.7400          0  0.000e+00
     -0.087     4.1418     0.1425   12.61984    15.3157     9.7412          0  0.000e+00
     -0.086     4.1414     0.1422   12.61555    15.3194     9.7354          0  0.000e+00
     -0.087     4.1409     0.1421   12.61555    15.3238     9.7365          0  0.000e+00
     -0.088     4.1406     0.1424   12.61555    15.3219     9.7318          0  0.000e+00
     -0.087     4.1411     0.1422   12.61555    15.3273     9.7143          0  0.000e+00
     -0.088     4.1416     0.1419   12.60330    15.3233     9.7400          0  0.000e+00
     -0.086     4.1422     0.1417   12.60330    15.3261     9.7143          0  0.000e+00
     -0.088     4.1426     0.1415   12.60330    15.3222     9.7295          0  0.000e+00
     -0.089     4.1427     0.1415   12.60330    15.3216     9.7552          0  0.000e+00
     -0.087     4.1422     0.1412   12.59386    15.3139     9.7225          0  0.000e+00
     -0.089     4.1416     0.1411   12.59386    15.3128     9.7377          0  0.000e+00
     -0.089     4.1415     0.1409   12.59386    15.3179     9.7447          0  0.000e+00
     -0.089     4.1417     0.1407   12.59386    15.3102     9.7576          0  0.000e+00
     -0.090     4.1420     0.1406   12.59798    15.3166     9.7260          0  0.000e+00
     -0.090     4.1423     0.1405   12.59798    15.3164     9.7318          0  0.000e+00
     -0.088     4.1429     0.1404   12.59798    15.3185     9.7178          0  0.000e+00
     -0.089     4.1433     0.1406   12.59798    15.3167     9.7693          0  0.000e+00
     -0.090     4.1435     0.1391   12.60662    15.3194     9.7377          0  0.000e+00
     -0.088     4.1433     0.1400   12.60662    15.3117     9.7728          0  0.000e+00
     -0.088     4.1428     0.1400   12.60662    15.3111     9.7447          0  0.000e+00
     -0.089     4.1426     0.1399   12.60662    15.3186     9.7435          0  0.000e+00
     -0.088     4.1427     0.1401   12.63693    15.3150     9.7506          0  0.000e+00
     -0.088     4.1428     0.1400   12.63693    15.3220     9.7541          0  0.000e+00
     -0.088     4.1430     0.1400   12.63693    15.3246     9.7564          0  0.000e+00
     -0.088     4.1430     0.1401   12.63693    15.3242     9.7564          0  0.000e+00
     -0.088     4.1433     0.1402   12.61795    15.3291     9.7576          0  0.000e+00
     -0.088     4.1437     0.1402   12.61795    15.3251     9.7681          0  0.000e+00
     -0.088     4.1438     0.1402   12.61795    15.3171     9.7272          0  0.000e+00
     -0.086     4.1438     0.1403   12.61795    15.3238     9.7459          0  0.000e+00
     -0.087     4.1430     0.1404   12.59206    15.3236     9.7470          0  0.000e+00
     -0.087     4.1416     0.1403   12.59206    15.3241     9.7599          0  0.000e+00
     -0.088     4.1405     0.1403   12.59206    15.3269     9.7576          0  0.000e+00
     -0.089     4.1391     0.1403   12.59206    15.3194     9.7681          0  0.000e+00
     -0.088     4.1366     0.1402   12.61917    15.3323     9.7517          0  0.000e+00
     -0.088     4.1335     0.1402   12.61917    15.3322     9.7657          0  0.000e+00
     -0.089     4.1315     0.1401   12.61917    15.3220     9.7657          0  0.000e+00
     -0.087     4.1305     0.1400   12.61917    15.3233     9.7774          0  0.000e+00
     -0.089     4.1298     0.1399   12.62381    15.3306     9.7576          0  0.000e+00
     -0.090     4.1290     0.1399   12.62381    15.3251     9.7798          0  0.000e+00
     -0.090     4.1280     0.1397   12.62381    15.3222     9.7634          0  0.000e+00
     -0.090     4.1275     0.1396   12.62381    15.3313     9.7634          0  0.000e+00
     -0.089     4.1271     0.1395   12.63312    15.3179     9.7669          0  0.000e+00
     -0.088     4.1266     0.1395   12.63312    15.3175     9.7891          0  0.000e+00
     -0.089     4.1261     0.1396   12.63312    15.3223     9.7599          0  0.000e+00
     -0.088     4.1255     0.1397   12.63312    15.3168     9.7517          0  0.000e+00
     -0.088     4.1253     0.1397   12.62909    15.3216     9.7611          0  0.000e+00
     -0.090     4.1248     0.1397   12.62909    15.3209     9.7669          0  0.000e+00
     -0.088     4.1242     0.1396   12.62909    15.3236     9.7506          0  0.000e+00
     -0.086     4.1240     0.1398   12.62909    15.3217     9.7400          0  0.000e+00
     -0.086     4.1234     0.1399   12.62739    15.3330     9.7529          0  0.000e+00
     -0.086     4.1228     0.1401   12.62739    15.3279     9.7447          0  0.000e+00
     -0.088     4.1223     0.1401   12.62739    15.3257     9.7622          0  0.000e+00
     -0.087     4.1219     0.1401   12.62739    15.3254     9.7400          0  0.000e+00
     -0.088     4.1215     0.1401   12.61888    15.3222     9.7751          0  0.000e+00
     -0.087     4.1210     0.1397   12.61888    15.3211     9.7961          0  0.000e+00
     -0.086     4.1204     0.1396   12.61888    15.3184     9.7622          0  0.000e+00
     -0.086     4.1197     0.1395   12.61888    15.3258     9.7506          0  0.000e+00
     -0.087     4.1193     0.1392   12.61814    15.3197     9.7529          0  0.000e+00
     -0.089     4.1188     0.1386   12.61814    15.3273     9.7576          0  0.000e+00
     -0.089     4.1183     0.1386   12.61814    15.3269     9.7424          0  0.000e+00
     -0.088     4.1171     0.1389   12.61814    15.3263     9.7681          0  0.000e+00
     -0.089     4.1156     0.1386   12.61226    15.3257     9.7880          0  0.000e+00
     -0.089     4.1145     0.1385   12.61226    15.3279     9.7669          0  0.000e+00
     -0.088     4.1138     0.1381   12.61226    15.3257     9.7541          0  0.000e+00
     -0.088     4.1132     0.1380   12.61226    15.3154     9.7377          0  0.000e+00
     -0.090     4.1122     0.1376   12.61379    15.3264     9.7552          0  0.000e+00
     -0.091     4.1104     0.1376   12.61379    15.3279     9.7552          0  0.000e+00
     -0.090     4.1086     0.1375   12.61379    15.3335     9.7891          0  0.000e+00
     -0.090     4.1068     0.1373   12.61379    15.3356     9.8078          0  0.000e+00
     -0.088     4.1057     0.1371   12.58602    15.3421     9.7681          0  0.000e+00
     -0.087     4.1049     0.1370   12.58602    15.3367     9.7996          0  0.000e+00
     -0.089     4.1045     0.1371   12.58602    15.3307     9.7669          0  0.000e+00
     -0.089     4.1040     0.1370   12.58602    15.3308     9.7634          0  0.000e+00
     -0.089     4.1035     0.1371   12.61219    15.3289     9.7926          0  0.000e+00
     -0.087     4.1032     0.1370   12.61219    15.3240     9.7634          0  0.000e+00
     -0.087     4.1032     0.1372   12.61219    15.3279     9.7728          0  0.000e+00
     -0.088     4.1032     0.1372   12.61219    15.3293     9.8008          0  0.000e+00
     -0.087     4.1034     0.1373   12.65898    15.3336     9.7728          0  0.000e+00
     -0.086     4.1033     0.1374   12.65898    15.3401     9.7576          0  0.000e+00
     -0.088     4.1030     0.1376   12.65898    15.3504     9.7599          0  0.000e+00
     -0.088     4.1029     0.1377   12.65898    15.3509     9.7693          0  0.000e+00
     -0.086     4.1028     0.1377   12.64150    15.3537     9.7576          0  0.000e+00
     -0.088     4.1025     0.1377   12.64150    15.3642     9.7517          0  0.000e+00
     -0.086     4.1024     0.1378   12.64150    15.3573     9.7681          0  0.000e+00
     -0.088     4.1022     0.1382   12.64150    15.3595     9.7459          0  0.000e+00
     -0.086     4.1020     0.1382   12.63901    15.3540     9.7891          0  0.000e+00
     -0.086     4.1018     0.1384   12.63901    15.3434     9.7716          0  0.000e+00
     -0.088     4.1017     0.1384   12.63901    15.3427     9.7728          0  0.000e+00
     -0.087     4.1018     0.1384   12.63901    15.3401     9.7821          0  0.000e+00
     -0.088     4.1018     0.1384   12.63274    15.3370     9.7599          0  0.000e+00
     -0.087     4.1015     0.1384   12.63274    15.3435     9.7541          0  0.000e+00
     -0.087     4.1013     0.1386   12.63274    15.3494     9.7774          0  0.000e+00
     -0.086     4.1009     0.1385   12.63274    15.3460     9.7611          0  0.000e+00
     -0.087     4.0996     0.1385   12.62634    15.3421     9.7634          0  0.000e+00
     -0.087     4.0966     0.1383   12.62634    15.3488     9.7774          0  0.000e+00
     -0.087     4.0949     0.1384   12.62634    15.3482     9.7845          0  0.000e+00
     -0.081     4.0942     0.1390   12.62634    15.3491     9.7657          0  0.000e+00
     -0.090     3.9973     0.1413   12.64845    15.3908     9.7529          0  0.000e+00
     -0.088     3.6165     0.1422   12.64845    15.5529     9.7821          0  0.000e+00
     -0.086     3.4330     0.1427   12.64845    15.6378     9.7459          0  0.000e+00
     -0.085     3.3793     0.1428   12.64845    15.6641     9.7435          0  0.000e+00
     -0.041     3.3634     2.4628   12.65334    15.4195     9.2432          0  0.000e+00
      0.171     3.2420    29.3743   12.65334    12.8871     8.2624          0  0.000e+00
      0.441     2.9037    30.3995   12.65334    12.9012     4.4796          0  0.000e+00
      0.689     2.6455    30.6396   12.65334    12.9564     3.3877          0  0.000e+00
      0.960     2.4888    30.7825   12.58726    13.0124     3.5514          0  0.000e+00
      1.176     2.3957    30.8825   12.58726    13.0463     7.4804          0  0.000e+00
      1.351     2.3420    30.9629   12.58726    13.0979     4.1873          0  0.000e+00
      1.475     2.3131    31.0281   12.58726    13.1756     4.6584          0  0.000e+00
      1.565     2.3011    31.1435   12.26870    13.3077     4.2142          0  0.000e+00
      1.543     2.3031    31.1668   12.26870    13.4841     3.7863          0  0.000e+00
      1.440     2.3572    31.1325   12.26870    13.6953     5.9747          0  0.000e+00
      1.356     2.4221    31.1285   12.26870    13.9418     4.8057          0  0.000e+00
      1.324     2.4624    31.0428   13.10384    14.2245     3.5034          0  0.000e+00
      1.385     2.4638    30.8974   13.10384    14.3719     5.1096          0  0.000e+00
      1.532     2.4239    30.8758   13.10384    14.4629     5.1798          0  0.000e+00
      1.735     2.3786    30.8850   13.10384    14.5588     5.6322          0  0.000e+00
      1.944     2.3409    30.9100   13.42180    14.6073     4.8501          0  0.000e+00
      2.135     2.3132    30.9431   13.42180    14.5006     5.0804          0  0.000e+00
      2.281     2.2949    30.9709   13.42180    14.3428     3.7408          0  0.000e+00
      2.379     2.2844    31.0489   13.42180    14.1792     3.7606          0  0.000e+00
      2.413     2.2816    31.1728   13.57188    14.0068     3.4205          0  0.000e+00
      2.389     2.2885    31.1591   13.57188    13.8859     4.1534          0  0.000e+00
      2.302     2.3370    31.0611   13.57188    13.6883     5.2499          0  0.000e+00
      2.165     2.3973    30.9737   13.57188    13.4880     4.9179          0  0.000e+00
      2.008     2.4401    30.9467   13.71347    13.3914     3.9629          0  0.000e+00
      1.871     2.4753    30.9842   13.71347    13.3143     5.8017          0  0.000e+00
      1.779     2.4916    30.9661   13.71347    13.2281     5.2628          0  0.000e+00
      1.740     2.4899    30.9545   13.71347    13.1514     4.8361          0  0.000e+00
      1.742     2.4630    30.9244   13.78714    13.0902     3.6741          0  0.000e+00
      1.759     2.4269    30.9270   13.78714    13.0307     4.0459          0  0.000e+00
      1.777     2.3938    30.9530   13.78714    12.9701     4.9214          0  0.000e+00
      1.787     2.3697    31.0093   13.78714    12.8542     4.2878          0  0.000e+00
      1.788     2.3592    31.1111   13.81175    12.7391     3.9126          0  0.000e+00
      1.774     2.3554    31.0908   13.81175    12.6582     4.2200          0  0.000e+00
      1.741     2.3635    31.0560   13.81175    12.5861     4.9916          0  0.000e+00
