data/eDNA/PER-2023-757/CTD/757A002.cnv
* Sea-Bird SBE19plus  Data File:
* FileName = C:\Eastern_Shore_Islands_cruises\Ryan_Perley2023757\757A002.hex
* Software version 2.3.0 SB_Terminal.dll
* Temperature SN = 7141
* Conductivity SN = 7141
* System UpLoad Time = Apr 21 2023 10:15:25
* <ApplicationData>
* <SeatermAF>
** Platform: M. Perley
** Cruise: PER2023757
** Station:  ESI_07
** Cast: 01 02
** Latitude: N  44 43.0568
** Longitude: W  -62 23.5654
** Sounding:  77
** Chief Scientist: Ryan Stanley
** Comment:
# nquan = 8
# nvalues = 2812                                  
# units = specified
# name 0 = depSM: Depth [salt water, m], lat = 44.00
# name 1 = tv290C: Temperature [ITS-90, deg C]
# name 2 = sal00: Salinity, Practical [PSU]
# name 3 = opoxMg/L: Oxygen Optode, Aanderaa [mg/l]
# name 4 = sbeox0Mg/L: Oxygen, SBE 43 [mg/l]
# name 5 = wetStar: Fluorescence, WET Labs WETstar [mg/m^3]
# name 6 = nbf: Bottles Fired
# name 7 = flag:  0.000e+00
# span 0 =     -0.091,     69.260                 
# span 1 =     0.5479,     4.1438                 
# span 2 =     0.1370,    31.2843                 
# span 3 =   12.26870,   15.15920                 
# span 4 =    11.8225,    16.8062                 
# span 5 =     2.4934,    75.0318                 
# span 6 =          0,          2                 
# span 7 = 0.0000e+00, 0.0000e+00                 
# interval = seconds: 0.25
# start_time = Apr 21 2023 12:56:01 [Instrument's time stamp, header]
# bad_flag = -9.990e-29
*END*
[from data line 2338]
     26.499     1.1147    30.9285   14.05264    13.2419    19.0324          1  0.000e+00
     26.448     1.1150    30.9335   14.05264    13.2461    15.7323          1  0.000e+00
     26.393     1.1195    30.9580   14.04788    13.2521    11.7074          1  0.000e+00
     26.322     1.1132    30.9986   14.04788    13.2643    20.9776          1  0.000e+00
     26.235     1.0927    31.0353   14.04788    13.2821    23.3366          1  0.000e+00
     26.128     1.0852    31.0666   14.04788    13.2950    18.7693          1  0.000e+00
     26.004     1.0889    31.0771   14.05603    13.3053    11.9179          1  0.000e+00
     25.869     1.1012    31.0690   14.05603    13.3171    22.8281          1  0.000e+00
     25.738     1.1136    31.0469   14.05603    13.3099    22.3091          1  0.000e+00
     25.615     1.1216    30.9890   14.05603    13.3201    49.4063          1  0.000e+00
     25.509     1.1211    30.9648   14.05901    13.3180    27.5613          1  0.000e+00
     25.427     1.1151    30.9617   14.05901    13.3215    21.4487          1  0.000e+00
     25.370     1.1156    30.9713   14.05901    13.3224    19.3515          1  0.000e+00
     25.329     1.1322    30.9603   14.05901    13.3188    35.1037          1  0.000e+00
     25.292     1.1491    30.9346   14.06816    13.3214    25.6664          1  0.000e+00
     25.247     1.1557    30.9413   14.06816    13.3283    22.3663          1  0.000e+00
     25.179     1.1580    30.9939   14.06816    13.3348    17.4484          1  0.000e+00
     25.074     1.1442    31.0346   14.06816    13.3458    18.8032          1  0.000e+00
     24.926     1.1346    31.0509   14.08659    13.3545    19.6087          1  0.000e+00
     24.744     1.1433    31.0479   14.08659    13.3569    27.7893          1  0.000e+00
     24.534     1.1542    31.0361   14.08659    13.3530    29.5849          1  0.000e+00
     24.305     1.1631    31.0202   14.08659    13.3519    20.0704          1  0.000e+00
     24.074     1.1696    30.9900   14.10701    13.3538    20.7894          1  0.000e+00
     23.855     1.1722    30.9512   14.10701    13.3537    28.7292          1  0.000e+00
     23.655     1.1704    30.9480   14.10701    13.3641    34.8524          1  0.000e+00
     23.481     1.1680    30.9641   14.10701    13.3707    21.2488          1  0.000e+00
     23.338     1.1722    30.9785   14.13258    13.3742    27.9471          1  0.000e+00
     23.227     1.1802    30.9852   14.13258    13.3929    54.7042          1  0.000e+00
     23.148     1.1873    30.9849   14.13258    13.3965    61.6153          1  0.000e+00
     23.094     1.1936    30.9761   14.13258    13.4212    48.3858          1  0.000e+00
     23.056     1.1976    30.9526   14.14343    13.4274    17.9662          1  0.000e+00
     23.026     1.1987    30.9430   14.14343    13.4393    13.3698          1  0.000e+00
     22.992     1.2009    30.9589   14.14343    13.4512    12.6169          1  0.000e+00
     22.951     1.1984    30.9736   14.14343    13.4788    14.3599          1  0.000e+00
     22.896     1.1872    30.9891   14.17914    13.5048    19.2895          1  0.000e+00
     22.827     1.1820    31.0016   14.17914    13.5279    34.0025          1  0.000e+00
     22.745     1.1810    31.0057   14.17914    13.5526    36.8420          1  0.000e+00
     22.652     1.1843    31.0011   14.17914    13.5615    44.1938          1  0.000e+00
     22.560     1.1877    30.9940   14.18759    13.5956    12.9068          1  0.000e+00
     22.475     1.1884    30.9754   14.18759    13.6105    27.4538          1  0.000e+00
     22.399     1.1867    30.9585   14.18759    13.6292    40.8528          1  0.000e+00
     22.331     1.1826    30.9528   14.18759    13.6486    26.2532          1  0.000e+00
     22.270     1.1787    30.9542   14.20198    13.6638    17.0474          1  0.000e+00
     22.197     1.1763    30.9518   14.20198    13.6710    16.3717          1  0.000e+00
     22.117     1.1750    30.9636   14.20198    13.6773    25.0492          1  0.000e+00
     22.014     1.1738    30.9926   14.20198    13.6799    25.0001          1  0.000e+00
     21.883     1.1688    31.0243   14.23690    13.6746    18.8558          1  0.000e+00
     21.719     1.1629    31.0395   14.23690    13.6853    27.0692          1  0.000e+00
     21.526     1.1712    31.0334   14.23690    13.6857    18.5250          1  0.000e+00
     21.309     1.1859    31.0155   14.23690    13.6903    16.4068          1  0.000e+00
     21.080     1.1997    30.9949   14.27351    13.6994    30.7492          1  0.000e+00
     20.856     1.2096    30.9582   14.27351    13.7245    27.7566          1  0.000e+00
     20.654     1.2140    30.9328   14.27351    13.7430    36.7695          1  0.000e+00
     20.479     1.2155    30.9369   14.27351    13.7579    21.0512          1  0.000e+00
     20.344     1.2192    30.9498   14.30992    13.7889    14.8240          1  0.000e+00
     20.245     1.2284    30.9536   14.30992    13.7952    24.2589          1  0.000e+00
     20.172     1.2378    30.9490   14.30992    13.8046    13.0892          1  0.000e+00
     20.117     1.2470    30.9340   14.30992    13.8246    18.4607          1  0.000e+00
     20.070     1.2537    30.9088   14.34314    13.8481    27.0821          1  0.000e+00
     20.025     1.2561    30.9224   14.34314    13.8622    15.6142          1  0.000e+00
     19.979     1.2564    30.9436   14.34314    13.8774    17.8400          1  0.000e+00
     19.930     1.2441    30.9775   14.34314    13.8949    16.8989          1  0.000e+00
     19.877     1.2391    31.0036   14.34707    13.9114    20.5918          1  0.000e+00
     19.828     1.2404    31.0152   14.34707    13.9459    20.5719          1  0.000e+00
     19.777     1.2425    31.0298   14.34707    13.9572    24.7569          1  0.000e+00
     19.724     1.2544    31.0319   14.34707    13.9670    12.3609          1  0.000e+00
     19.674     1.2668    31.0345   14.32884    13.9742    19.8729          1  0.000e+00
     19.618     1.2761    31.0427   14.32884    13.9812    12.0523          1  0.000e+00
     19.556     1.2847    31.0538   14.32884    13.9880    11.9062          1  0.000e+00
     19.482     1.3016    31.0547   14.32884    13.9784    13.3733          1  0.000e+00
     19.392     1.3264    31.0593   14.33149    13.9873    13.3230          1  0.000e+00
     19.277     1.3510    31.0617   14.33149    13.9772    23.7960          1  0.000e+00
     19.129     1.3763    31.0495   14.33149    13.9793    14.5820          1  0.000e+00
     18.952     1.4126    31.0264   14.33149    13.9785    12.3796          1  0.000e+00
     18.743     1.4482    31.0079   14.35274    13.9682    14.4254          1  0.000e+00
     18.511     1.4724    30.9929   14.35274    13.9714    15.5768          1  0.000e+00
     18.262     1.4975    30.9674   14.35274    13.9648    18.1463          1  0.000e+00
     18.010     1.5210    30.8909   14.35274    13.9687    11.2562          1  0.000e+00
     17.768     1.5265    30.8024   14.40707    13.9806    11.1194          1  0.000e+00
     17.555     1.5268    30.7923   14.40707    13.9928    10.3993          1  0.000e+00
     17.379     1.5301    30.8391   14.40707    14.0018    22.0028          1  0.000e+00
     17.253     1.5509    30.8856   14.40707    14.0093     7.3588          1  0.000e+00
     17.184     1.5874    30.9206   14.43175    14.0015     8.8352          1  0.000e+00
     17.164     1.6278    30.9211   14.43175    13.9909    18.4666          1  0.000e+00
     17.183     1.6729    30.9033   14.43175    13.9825    10.8845          1  0.000e+00
     17.222     1.7160    30.8402   14.43175    13.9662    11.2738          1  0.000e+00
     17.263     1.7400    30.7519   14.41392    13.9688    11.0364          1  0.000e+00
     17.287     1.7540    30.7681   14.41392    13.9722    14.0010          1  0.000e+00
     17.275     1.7410    30.8193   14.41392    13.9556     9.5097          1  0.000e+00
     17.219     1.7154    30.9083   14.41392    13.9614     9.6839          1  0.000e+00
     17.115     1.6990    30.9784   14.41603    13.9887    14.3798          1  0.000e+00
     16.979     1.6927    31.0125   14.41603    14.0024    14.5785          1  0.000e+00
     16.818     1.7039    31.0055   14.41603    14.0177    10.0907          1  0.000e+00
     16.658     1.7224    30.9563   14.41603    14.0468    10.8342          1  0.000e+00
     16.507     1.7363    30.8800   14.43638    14.0764    13.0787          1  0.000e+00
     16.374     1.7447    30.8284   14.43638    14.0710    13.6807          1  0.000e+00
     16.254     1.7460    30.8114   14.43638    14.0651    27.5800          1  0.000e+00
     16.144     1.7455    30.8019   14.43638    14.0940    12.5561          1  0.000e+00
     16.034     1.7469    30.7918   14.45693    14.0801    12.9326          1  0.000e+00
     15.922     1.7586    30.7713   14.45693    14.0621    10.3327          1  0.000e+00
     15.801     1.7655    30.7673   14.45693    14.0420     6.5323          1  0.000e+00
     15.668     1.7632    30.8009   14.45693    14.0297     7.4266          1  0.000e+00
     15.528     1.7579    30.8428   14.48848    14.0259    10.0346          1  0.000e+00
     15.380     1.7434    30.8789   14.48848    14.0465     7.8568          1  0.000e+00
     15.231     1.7263    30.8986   14.48848    14.0437     7.4359          1  0.000e+00
     15.082     1.7224    30.8649   14.48848    14.0440     7.6242          1  0.000e+00
     14.943     1.7176    30.8158   14.51392    14.0625    20.5275          1  0.000e+00
     14.825     1.7091    30.8102   14.51392    14.0713    11.9670          1  0.000e+00
     14.734     1.7019    30.8077   14.51392    14.0780     7.5154          1  0.000e+00
     14.658     1.7085    30.8056   14.51392    14.0804     9.8464          1  0.000e+00
     14.601     1.7445    30.7747   14.53219    14.0678    12.0675          1  0.000e+00
     14.551     1.7820    30.7295   14.53219    14.0605    10.9231          1  0.000e+00
     14.491     1.7987    30.7219   14.53219    14.0612     5.6275          1  0.000e+00
     14.414     1.8025    30.7920   14.53219    14.0427     6.2962          1  0.000e+00
     14.323     1.7864    30.8766   14.54464    14.0466     6.2027          1  0.000e+00
     14.207     1.7562    30.9601   14.54464    14.0565    11.7449          1  0.000e+00
     14.069     1.7552    30.9872   14.54464    14.0536    10.1632          1  0.000e+00
     13.911     1.7713    30.9859   14.54464    14.0449     9.1076          1  0.000e+00
     13.745     1.7977    30.9530   14.55926    14.0460     9.4525          1  0.000e+00
     13.593     1.8115    30.8419   14.55926    14.0415     7.8591          1  0.000e+00
     13.463     1.8119    30.7946   14.55926    14.0501    12.8975          1  0.000e+00
     13.370     1.8114    30.7954   14.55926    14.0469    10.2918          1  0.000e+00
     13.311     1.8278    30.8148   14.57190    14.0468    20.5053          1  0.000e+00
     13.272     1.8620    30.8228   14.57190    14.0254    25.7249          1  0.000e+00
     13.247     1.8994    30.7863   14.57190    14.0131     9.2035          1  0.000e+00
     13.213     1.9268    30.7494   14.57190    14.0014     9.0842          1  0.000e+00
     13.162     1.9408    30.8059   14.59616    13.9922     6.0893          1  0.000e+00
     13.080     1.9377    30.8495   14.59616    13.9906     8.4635          1  0.000e+00
     12.952     1.9267    30.8858   14.59616    13.9790     6.4423          1  0.000e+00
     12.784     1.9279    30.9150   14.59616    13.9833     9.3215          1  0.000e+00
     12.581     1.9340    30.9248   14.61879    13.9789    10.5642          1  0.000e+00
     12.354     1.9393    30.9147   14.61879    13.9849    10.6109          1  0.000e+00
     12.126     1.9489    30.8458   14.61879    14.0007     9.2374          1  0.000e+00
     11.912     1.9558    30.7814   14.61879    14.0170    11.3182          1  0.000e+00
     11.738     1.9560    30.7790   14.62339    14.0261    13.0109          1  0.000e+00
     11.608     1.9640    30.8108   14.62339    14.0274     8.5851          1  0.000e+00
     11.525     1.9894    30.8419   14.62339    14.0182     5.8824          1  0.000e+00
     11.480     2.0150    30.8378   14.62339    14.0028     4.5228          1  0.000e+00
     11.451     2.0392    30.8046   14.63178    13.9918     7.2068          1  0.000e+00
     11.429     2.0567    30.7502   14.63178    13.9843     8.0684          1  0.000e+00
     11.391     2.0663    30.7848   14.63178    13.9695     7.3529          1  0.000e+00
     11.330     2.0643    30.8211   14.63178    13.9689     5.5632          1  0.000e+00
     11.245     2.0544    30.8464   14.64234    13.9658    10.2369          1  0.000e+00
     11.128     2.0539    30.8656   14.64234    13.9648     9.7202          1  0.000e+00
     10.990     2.0533    30.8740   14.64234    13.9656    12.1984          1  0.000e+00
     10.839     2.0552    30.8632   14.64234    13.9786    12.0932          1  0.000e+00
     10.699     2.0527    30.8050   14.65866    13.9801    13.0985          1  0.000e+00
     10.587     2.0478    30.7844   14.65866    13.9736    26.3058          1  0.000e+00
     10.519     2.0457    30.7939   14.65866    13.9739    13.3569          1  0.000e+00
     10.497     2.0554    30.8134   14.65866    13.9657    14.0150          1  0.000e+00
     10.497     2.0715    30.8193   14.66333    13.9588     9.9142          1  0.000e+00
     10.505     2.0899    30.7914   14.66333    13.9566     4.3673          1  0.000e+00
     10.498     2.1012    30.7739   14.66333    13.9584    12.2265          1  0.000e+00
     10.466     2.1086    30.8154   14.66333    13.9420     9.2713          1  0.000e+00
     10.392     2.1029    30.8348   14.68554    13.9449     7.6358          1  0.000e+00
     10.262     2.1005    30.8541   14.68554    13.9452     7.1168          1  0.000e+00
     10.085     2.1038    30.8649   14.68554    13.9469    10.3222          1  0.000e+00
      9.857     2.1052    30.8682   14.68554    13.9467     8.7920          1  0.000e+00
      9.598     2.1100    30.8561   14.68634    13.9554     6.2190          1  0.000e+00
      9.341     2.1151    30.7963   14.68634    13.9680     6.6551          1  0.000e+00
      9.114     2.1164    30.7750   14.68634    13.9752     8.0041          1  0.000e+00
      8.934     2.1155    30.7945   14.68634    13.9866     6.5674          1  0.000e+00
      8.817     2.1234    30.8208   14.70810    13.9795     6.2330          1  0.000e+00
      8.741     2.1335    30.8274   14.70810    13.9670     9.4525          1  0.000e+00
      8.691     2.1450    30.8230   14.70810    13.9615     9.3508          1  0.000e+00
      8.648     2.1546    30.7967   14.70810    13.9598     8.1140          1  0.000e+00
      8.603     2.1600    30.7768   14.71965    13.9510     8.2098          1  0.000e+00
      8.544     2.1627    30.7980   14.71965    13.9537     8.3571          1  0.000e+00
      8.461     2.1545    30.8117   14.71965    13.9522     8.3197          1  0.000e+00
      8.351     2.1437    30.8322   14.71965    13.9528    10.2252          1  0.000e+00
      8.209     2.1381    30.8478   14.73767    13.9553     8.8154          1  0.000e+00
      8.047     2.1345    30.8474   14.73767    13.9584     9.5261          1  0.000e+00
      7.891     2.1321    30.8116   14.73767    13.9603     9.1672          1  0.000e+00
      7.763     2.1273    30.8017   14.73767    13.9618     5.8087          1  0.000e+00
      7.676     2.1249    30.8099   14.74390    13.9635     7.8965          1  0.000e+00
      7.645     2.1298    30.8282   14.74390    13.9503     8.3887          1  0.000e+00
      7.642     2.1419    30.8354   14.74390    13.9433     7.1928          1  0.000e+00
      7.644     2.1563    30.8130   14.74390    13.9458    16.4501          1  0.000e+00
