data/eDNA/PER-2023-757/CTD/757A003.cnv
* Sea-Bird SBE19plus  Data File:
* FileName = C:\Eastern_Shore_Islands_cruises\Ryan_Perley2023757\757A003.hex
* Software version 2.3.0 SB_Terminal.dll
* Temperature SN = 7141
* Conductivity SN = 7141
* System UpLoad Time = Apr 21 2023 11:14:01
* <ApplicationData>
* <SeatermAF>
** Platform: M. Perley
** Cruise: PER2023757
** Station:  ESI_06
** Cast: 01 03
** Latitude: N  44 43.0568
** Longitude: W  -62 23.5654
** Sounding:  31.7
** Chief Scientist: Ryan Stanley
** Comment: 141012-141018
** Had to move slightly off station to avoid a lobster buoy. SampleIDs 141012-141018
# nquan = 8
# nvalues = 3565                                  
# units = specified
# name 0 = depSM: Depth [salt water, m], lat = 44.00
# name 1 = tv290C: Temperature [ITS-90, deg C]
# name 2 = sal00: Salinity, Practical [PSU]
# name 3 = opoxMg/L: Oxygen Optode, Aanderaa [mg/l]
# name 4 = sbeox0Mg/L: Oxygen, SBE 43 [mg/l]
# name 5 = wetStar: Fluorescence, WET Labs WETstar [mg/m^3]
# name 6 = nbf: Bottles Fired
# name 7 = flag:  0.000e+00
# span 0 =     -0.089,     28.999                 
# span 1 =     1.3137,     4.0877                 
# span 2 =     0.1442,    31.3214                 
# span 3 =   11.78045,   15.33396                 
# span 4 =    11.4280,    16.7324                 
# span 5 =     2.2783,    75.0318                 
# span 6 =          0,          2                 
# span 7 = 0.0000e+00, 0.0000e+00                 
# interval = seconds: 0.25
# start_time = Apr 21 2023 13:54:33 [Instrument's time stamp, header]
# bad_flag = -9.990e-29
*END*
[from data line 2158]
     16.843     2.3819    30.8999   15.26685    13.8973    28.0172          0  0.000e+00
     16.965     2.3820    30.9111   15.26685    13.8970    30.5844          0  0.000e+00
     17.098     2.3831    30.9255   15.28164    13.8839    23.7983          0  0.000e+00
     17.246     2.3850    30.9312   15.28164    13.8864    27.9927          0  0.000e+00
     17.422     2.3871    30.9298   15.28164    13.8905    16.4594          0  0.000e+00
     17.617     2.3817    30.9153   15.28164    13.8949    17.8634          0  0.000e+00
     17.837     2.3643    30.8914   15.26726    13.8964    22.5019          0  0.000e+00
     18.070     2.3425    30.8739   15.26726    13.9064    25.3157          0  0.000e+00
     18.305     2.3218    30.8729   15.26726    13.8967    22.4493          0  0.000e+00
     18.533     2.3021    30.8928   15.26726    13.9091    21.2464          0  0.000e+00
     18.742     2.2881    30.9199   15.26330    13.9065    22.0530          0  0.000e+00
     18.929     2.2794    30.9553   15.26330    13.8995    13.8584          0  0.000e+00
     19.080     2.2725    30.9591   15.26330    13.9010    15.6785          0  0.000e+00
     19.199     2.2758    30.9565   15.26330    13.9059    24.1958          0  0.000e+00
     19.289     2.2957    30.9273   15.26372    13.9028    61.8935          0  0.000e+00
     19.355     2.3114    30.8971   15.26372    13.9069    56.2426          0  0.000e+00
     19.406     2.3177    30.8839   15.26372    13.9067    75.0318          0  0.000e+00
     19.446     2.3178    30.8700   15.26372    13.9025    63.1946          0  0.000e+00
     19.477     2.3144    30.8627   15.27155    13.9063    22.1816          0  0.000e+00
     19.506     2.3097    30.8600   15.27155    13.8991    13.4001          0  0.000e+00
     19.531     2.3013    30.8639   15.27155    13.8982    13.0530          0  0.000e+00
     19.558     2.2952    30.8625   15.27155    13.9100    11.8886          0  0.000e+00
     19.588     2.2911    30.8628   15.26669    13.9068    40.1561          0  0.000e+00
     19.619     2.2864    30.8610   15.26669    13.9009    34.4526          0  0.000e+00
     19.661     2.2801    30.8649   15.26669    13.9055    52.0670          0  0.000e+00
     19.721     2.2738    30.8745   15.26669    13.8950    24.9814          0  0.000e+00
     19.800     2.2686    30.9173   15.26029    13.8861    31.9591          0  0.000e+00
     19.908     2.2674    30.9415   15.26029    13.8662    31.4997          0  0.000e+00
     20.052     2.2704    30.9371   15.26029    13.8512    21.3972          0  0.000e+00
     20.228     2.2669    30.9203   15.26029    13.8503    51.2720          0  0.000e+00
     20.427     2.2525    30.9028   15.25920    13.8577    28.4954          0  0.000e+00
     20.642     2.2334    30.8787   15.25920    13.8687    25.0164          0  0.000e+00
     20.871     2.2108    30.8699   15.25920    13.8771    20.4164          0  0.000e+00
     21.100     2.1866    30.8713   15.25920    13.8908    17.9125          0  0.000e+00
     21.323     2.1614    30.8909   15.23076    13.9023    15.0005          0  0.000e+00
     21.526     2.1394    30.9360   15.23076    13.9013    23.3202          0  0.000e+00
     21.698     2.1255    30.9889   15.23076    13.8863    23.8217          0  0.000e+00
     21.845     2.1200    30.9995   15.23076    13.8817    33.0509          0  0.000e+00
     21.957     2.1266    30.9966   15.22992    13.8710    20.3253          0  0.000e+00
     22.048     2.1452    30.9700   15.22992    13.8631     9.8908          0  0.000e+00
     22.118     2.1652    30.9311   15.22992    13.8438     8.2110          0  0.000e+00
     22.176     2.1797    30.9013   15.22992    13.8379     8.1549          0  0.000e+00
     22.233     2.1836    30.8917   15.25856    13.8291     8.0380          0  0.000e+00
     22.298     2.1801    30.9053   15.25856    13.8220    24.2274          0  0.000e+00
     22.369     2.1787    30.9276   15.25856    13.8013    13.4808          0  0.000e+00
     22.452     2.1798    30.9461   15.25856    13.7849    26.2439          0  0.000e+00
     22.539     2.1823    30.9488   15.26294    13.7701    22.3815          0  0.000e+00
     22.624     2.1853    30.9520   15.26294    13.7567    18.3777          0  0.000e+00
     22.704     2.1872    30.9456   15.26294    13.7542    25.1778          0  0.000e+00
     22.780     2.1889    30.9195   15.26294    13.7454    11.1124          0  0.000e+00
     22.854     2.1933    30.8895   15.25588    13.7439    46.8287          0  0.000e+00
     22.923     2.1996    30.8577   15.25588    13.7309    14.2991          0  0.000e+00
     22.987     2.2021    30.8337   15.25588    13.7334    20.9331          0  0.000e+00
     23.046     2.1926    30.8295   15.25588    13.7244    59.5555          0  0.000e+00
     23.109     2.1767    30.8394   15.24196    13.7305    23.7235          0  0.000e+00
     23.182     2.1596    30.8598   15.24196    13.7347    20.6888          0  0.000e+00
     23.275     2.1467    30.9152   15.24196    13.7235    36.9413          0  0.000e+00
     23.384     2.1408    30.9539   15.24196    13.7217    32.4524          0  0.000e+00
     23.512     2.1402    30.9661   15.23079    13.7173    26.3234          0  0.000e+00
     23.660     2.1473    30.9551   15.23079    13.7194    33.0509          0  0.000e+00
     23.825     2.1258    30.9535   15.23079    13.7101    27.2504          0  0.000e+00
     24.007     2.0379    30.9330   15.23079    13.7290    48.2969          0  0.000e+00
     24.199     1.9413    30.9059   15.07744    13.7268    24.2472          0  0.000e+00
     24.406     1.8455    30.9098   15.07744    13.7355    20.5976          0  0.000e+00
     24.618     1.7586    30.9124   15.07744    13.7574    25.0877          0  0.000e+00
     24.817     1.6854    30.9497   15.07744    13.7915    29.3651          0  0.000e+00
     25.012     1.6312    31.0093   15.22960    13.7971    29.9823          0  0.000e+00
     25.183     1.5916    31.1284   15.22960    13.8109    33.2765          0  0.000e+00
     25.337     1.5719    31.2535   15.22960    13.8187    14.2371          0  0.000e+00
     25.464     1.5595    31.2979   15.22960    13.8175    15.6680          0  0.000e+00
     25.559     1.5587    31.3214   15.30010    13.8220    45.0939          0  0.000e+00
     25.633     1.6033    31.2617   15.30010    13.8037    49.1819          0  0.000e+00
     25.690     1.6704    31.1204   15.30010    13.7825    24.0906          0  0.000e+00
     25.739     1.7385    30.9999   15.30010    13.7648    10.6799          0  0.000e+00
     25.786     1.7717    30.9482   15.33396    13.7674    16.2759          0  0.000e+00
     25.834     1.7713    30.9451   15.33396    13.7587    40.7043          0  0.000e+00
     25.885     1.7661    30.9393   15.33396    13.7533    49.9195          0  0.000e+00
     25.940     1.7596    30.9366   15.33396    13.7434    12.0979          0  0.000e+00
     25.995     1.7546    30.9291   15.31383    13.7266    10.0814          0  0.000e+00
     26.056     1.7499    30.9094   15.31383    13.7053     6.7766          0  0.000e+00
     26.117     1.7379    30.8886   15.31383    13.6917     7.1519          0  0.000e+00
     26.185     1.7207    30.8801   15.31383    13.6747    28.6076          0  0.000e+00
     26.260     1.7058    30.8912   15.30090    13.6606    16.2957          0  0.000e+00
     26.350     1.6895    30.9456   15.30090    13.6544    19.1247          0  0.000e+00
     26.460     1.6783    31.0493   15.30090    13.6408    13.6269          0  0.000e+00
     26.597     1.6825    31.0709   15.30090    13.6258    14.6077          0  0.000e+00
     26.764     1.6816    31.0669   15.30534    13.6203    13.7520          0  0.000e+00
     26.949     1.6653    31.0495   15.30534    13.6062    30.0045          0  0.000e+00
     27.151     1.6205    31.0040   15.30534    13.6111    24.5079          0  0.000e+00
     27.365     1.5751    30.9611   15.30534    13.6327    18.4736          0  0.000e+00
     27.572     1.5272    30.9686   15.26781    13.6396    14.8626          0  0.000e+00
     27.769     1.4829    31.0266   15.26781    13.6398    31.9953          0  0.000e+00
     27.939     1.4562    31.1251   15.26781    13.6335    26.4742          0  0.000e+00
     28.004     1.4421    31.0722   15.26781    13.6392    29.1255          0  0.000e+00
     28.015     1.4543    31.0482   15.25040    13.6310    37.7070          0  0.000e+00
     27.975     1.4846    30.9834   15.25040    13.6392    58.6192          0  0.000e+00
     27.905     1.5006    30.9699   15.25040    13.6188    26.4461          0  0.000e+00
     27.828     1.5023    30.9648   15.25040    13.6194    25.8488          0  0.000e+00
     27.747     1.5012    30.9786   15.23248    13.6136    36.0143          0  0.000e+00
     27.674     1.4936    31.0202   15.23248    13.6098    16.5728          0  0.000e+00
     27.614     1.4893    31.0787   15.23248    13.6006    28.6812          0  0.000e+00
     27.571     1.4912    31.0878   15.23248    13.6051    11.0715          0  0.000e+00
     27.540     1.4969    31.0894   15.20986    13.5986    62.1811          0  0.000e+00
     27.522     1.5043    31.0942   15.20986    13.5885    51.0312          0  0.000e+00
     27.515     1.5093    31.0793   15.20986    13.5922    34.9517          0  0.000e+00
     27.506     1.5123    31.0326   15.20986    13.5910    16.0736          0  0.000e+00
     27.503     1.5213    30.9871   15.17943    13.5820    32.7330          0  0.000e+00
     27.497     1.5341    30.9498   15.17943    13.5734    21.6474          0  0.000e+00
     27.500     1.5392    30.9322   15.17943    13.5793    11.6502          0  0.000e+00
     27.506     1.5313    30.9293   15.17943    13.5628    66.4584          0  0.000e+00
     27.520     1.5162    30.9300   15.16656    13.5760    43.2235          0  0.000e+00
     27.537     1.4991    30.9358   15.16656    13.5820    22.6235          0  0.000e+00
     27.562     1.4834    30.9427   15.16656    13.5783    18.8839          0  0.000e+00
     27.592     1.4690    30.9488   15.16656    13.5918    23.7609          0  0.000e+00
     27.631     1.4584    30.9478   15.15059    13.5946    19.1680          0  0.000e+00
     27.672     1.4474    30.9490   15.15059    13.5959    16.3565          0  0.000e+00
     27.712     1.4391    30.9499   15.15059    13.5991    14.5715          0  0.000e+00
     27.748     1.4332    30.9484   15.15059    13.6104    15.5581          0  0.000e+00
     27.780     1.4303    30.9444   15.12874    13.6166     9.9025          0  0.000e+00
     27.801     1.4323    30.9387   15.12874    13.6130    10.1784          0  0.000e+00
     27.811     1.4347    30.9321   15.12874    13.6287     7.6288          0  0.000e+00
     27.810     1.4297    30.9346   15.12874    13.6325     8.7908          0  0.000e+00
     27.796     1.4231    30.9424   15.11572    13.6394    13.8338          0  0.000e+00
     27.776     1.4185    30.9473   15.11572    13.6347    19.1235          0  0.000e+00
     27.749     1.4175    30.9498   15.11572    13.6400    10.3947          0  0.000e+00
     27.721     1.4149    30.9546   15.11572    13.6246    17.9604          0  0.000e+00
     27.697     1.4121    30.9611   15.09322    13.6296    13.4118          0  0.000e+00
     27.679     1.4102    30.9675   15.09322    13.6349    10.7267          0  0.000e+00
     27.660     1.4098    30.9718   15.09322    13.6310    11.0189          0  0.000e+00
     27.649     1.4077    30.9758   15.09322    13.6284    46.4663          0  0.000e+00
     27.644     1.4027    30.9781   15.08096    13.6362    17.4110          0  0.000e+00
     27.638     1.3981    30.9796   15.08096    13.6425    17.6424          0  0.000e+00
     27.629     1.3963    30.9760   15.08096    13.6390    17.7535          0  0.000e+00
     27.620     1.3978    30.9699   15.08096    13.6435    21.8368          0  0.000e+00
     27.603     1.3997    30.9633   15.06627    13.6316    18.8009          0  0.000e+00
     27.580     1.3975    30.9615   15.06627    13.6316    22.9765          0  0.000e+00
     27.552     1.3924    30.9643   15.06627    13.6444    17.0556          0  0.000e+00
     27.522     1.3887    30.9674   15.06627    13.6543    22.1279          0  0.000e+00
     27.496     1.3884    30.9667   15.04614    13.6571    24.8960          0  0.000e+00
     27.468     1.3901    30.9666   15.04614    13.6607    20.8969          0  0.000e+00
     27.448     1.3901    30.9713   15.04614    13.6657    10.0077          0  0.000e+00
     27.437     1.3876    30.9788   15.04614    13.6615    12.5830          0  0.000e+00
     27.439     1.3847    30.9869   15.03123    13.6616     6.8047          0  0.000e+00
     27.452     1.3831    30.9931   15.03123    13.6471    17.9148          0  0.000e+00
     27.482     1.3819    30.9944   15.03123    13.6446    52.0260          0  0.000e+00
     27.522     1.3812    30.9886   15.03123    13.6380    75.0318          0  0.000e+00
     27.573     1.3804    30.9841   15.02672    13.6302    25.8382          0  0.000e+00
     27.629     1.3806    30.9793   15.02672    13.6312    10.2135          0  0.000e+00
     27.687     1.3855    30.9693   15.02672    13.6241    13.7567          0  0.000e+00
     27.743     1.3912    30.9583   15.02672    13.6360     9.6547          0  0.000e+00
     27.790     1.3932    30.9485   15.00896    13.6375    20.7005          0  0.000e+00
     27.820     1.3898    30.9464   15.00896    13.6515    36.2294          0  0.000e+00
     27.836     1.3866    30.9463   15.00896    13.6485    32.5097          0  0.000e+00
     27.833     1.3850    30.9468   15.00896    13.6483    13.0950          0  0.000e+00
     27.820     1.3824    30.9483   15.00183    13.6545    27.1019          0  0.000e+00
     27.791     1.3789    30.9517   15.00183    13.6529    40.7172          0  0.000e+00
     27.753     1.3773    30.9550   15.00183    13.6481    20.8618          0  0.000e+00
     27.710     1.3737    30.9600   15.00183    13.6432    27.4351          0  0.000e+00
     27.663     1.3717    30.9632   14.98531    13.6393    27.2656          0  0.000e+00
     27.612     1.3708    30.9652   14.98531    13.6440    35.7700          0  0.000e+00
     27.561     1.3694    30.9683   14.98531    13.6511    35.1388          0  0.000e+00
     27.508     1.3678    30.9695   14.98531    13.6538    23.5201          0  0.000e+00
     27.466     1.3662    30.9721   14.97284    13.6558    28.6777          0  0.000e+00
     27.421     1.3663    30.9745   14.97284    13.6475    24.5126          0  0.000e+00
     27.391     1.3666    30.9759   14.97284    13.6479    32.3507          0  0.000e+00
     27.369     1.3666    30.9767   14.97284    13.6308    39.9655          0  0.000e+00
     27.358     1.3662    30.9780   14.96570    13.6305    28.0196          0  0.000e+00
     27.354     1.3659    30.9790   14.96570    13.6167    55.9843          0  0.000e+00
     27.363     1.3655    30.9805   14.96570    13.6132    50.8044          0  0.000e+00
     27.385     1.3653    30.9817   14.96570    13.6130    45.5323          0  0.000e+00
     27.425     1.3647    30.9817   14.95347    13.6137    48.1274          0  0.000e+00
     27.478     1.3640    30.9813   14.95347    13.6127    50.6291          0  0.000e+00
     27.541     1.3643    30.9800   14.95347    13.6104    31.2343          0  0.000e+00
     27.610     1.3662    30.9746   14.95347    13.6103    21.1950          0  0.000e+00
     27.675     1.3695    30.9668   14.94442    13.6085    42.3023          0  0.000e+00
     27.726     1.3739    30.9556   14.94442    13.6047    35.2521          0  0.000e+00
     27.752     1.3769    30.9473   14.94442    13.6091    40.3840          0  0.000e+00
     27.751     1.3766    30.9426   14.94442    13.6145    21.3353          0  0.000e+00
     27.716     1.3748    30.9460   14.93559    13.6109    18.5835          0  0.000e+00
