data/eDNA/PER-2023-757/CTD/757A003.cnv
* Sea-Bird SBE19plus  Data File:
* FileName = C:\Eastern_Shore_Islands_cruises\Ryan_Perley2023757\757A003.hex
* Software version 2.3.0 SB_Terminal.dll
* Temperature SN = 7141
* Conductivity SN = 7141
* System UpLoad Time = Apr 21 2023 11:14:01
* <ApplicationData>
* <SeatermAF>
** Platform: M. Perley
** Cruise: PER2023757
** Station:  ESI_06
** Cast: 01 03
** Latitude: N  44 43.0568
** Longitude: W  -62 23.5654
** Sounding:  31.7
** Chief Scientist: Ryan Stanley
** Comment: 141012-141018
** Had to move slightly off station to avoid a lobster buoy. SampleIDs 141012-141018
# nquan = 8
# nvalues = 3565                                  
# units = specified
# name 0 = depSM: Depth [salt water, m], lat = 44.00
# name 1 = tv290C: Temperature [ITS-90, deg C]
# name 2 = sal00: Salinity, Practical [PSU]
# name 3 = opoxMg/L: Oxygen Optode, Aanderaa [mg/l]
# name 4 = sbeox0Mg/L: Oxygen, SBE 43 [mg/l]
# name 5 = wetStar: Fluorescence, WET Labs WETstar [mg/m^3]
# name 6 = nbf: Bottles Fired
# name 7 = flag:  0.000e+00
# span 0 =     -0.089,     28.999                 
# span 1 =     1.3137,     4.0877                 
# span 2 =     0.1442,    31.3214                 
# span 3 =   11.78045,   15.33396                 
# span 4 =    11.4280,    16.7324                 
# span 5 =     2.2783,    75.0318                 
# span 6 =          0,          2                 
# span 7 = 0.0000e+00, 0.0000e+00                 
# interval = seconds: 0.25
# start_time = Apr 21 2023 13:54:33 [Instrument's time stamp, header]
# bad_flag = -9.990e-29
*END*
[from data line 899]
      1.816     2.9554    30.7801   14.94938    13.1765     4.4410          0  0.000e+00
      1.823     2.9556    30.7798   14.94810    13.1434     4.7087          0  0.000e+00
      1.839     2.9557    30.7802   14.94810    13.1144     5.4300          0  0.000e+00
      1.871     2.9557    30.7804   14.94810    13.0879     5.5153          0  0.000e+00
      1.928     2.9558    30.7814   14.94810    13.0794     3.5619          0  0.000e+00
      2.017     2.9559    30.7831   14.93798    13.0727     3.4169          0  0.000e+00
      2.133     2.9560    30.7832   14.93798    13.0744     3.4240          0  0.000e+00
      2.257     2.9558    30.7835   14.93798    13.0936     3.5549          0  0.000e+00
      2.364     2.9553    30.7842   14.93798    13.1124     3.2895          0  0.000e+00
      2.458     2.9551    30.7843   14.94490    13.1354     3.4228          0  0.000e+00
      2.532     2.9551    30.7837   14.94490    13.1687     2.9891          0  0.000e+00
      2.578     2.9555    30.7829   14.94490    13.1906     2.7787          0  0.000e+00
      2.593     2.9570    30.7814   14.94490    13.2228     3.7279          0  0.000e+00
      2.529     2.9578    30.7776   14.94730    13.2627     3.6262          0  0.000e+00
      2.397     2.9581    30.7767   14.94730    13.2890     4.2633          0  0.000e+00
      2.227     2.9583    30.7758   14.94730    13.3225     3.8495          0  0.000e+00
      2.021     2.9579    30.7753   14.94730    13.3636     3.8086          0  0.000e+00
      1.782     2.9569    30.7759   14.94902    13.3927     3.4766          0  0.000e+00
      1.505     2.9558    30.7764   14.94902    13.4388     3.4263          0  0.000e+00
      1.196     2.9549    30.7776   14.94902    13.4663     3.4707          0  0.000e+00
      0.858     2.9538    30.7792   14.94902    13.4913     3.6250          0  0.000e+00
      0.533     2.9534    30.7826   14.95152    13.5124     3.7372          0  0.000e+00
      0.264     2.9532    30.7832   14.95152    13.5132     3.3924          0  0.000e+00
      0.075     2.9532    30.7813   14.95152    13.4866     3.2112          0  0.000e+00
     -0.011     2.9534    30.7778   14.95152    13.4416     7.2781          0  0.000e+00
      0.042     2.9537    20.6843   14.94198    14.3317     3.7104          0  0.000e+00
      0.190     2.9535    30.7729   14.94198    13.2902     4.0400          0  0.000e+00
      0.346     2.9528    30.7783   14.94198    13.2143     3.2287          0  0.000e+00
      0.534     2.9520    30.7801   14.94198    13.1137     3.1738          0  0.000e+00
      0.686     2.9515    30.7823   14.93972    13.0395     4.0692          0  0.000e+00
      0.789     2.9516    30.7794   14.93972    13.0055     4.0085          0  0.000e+00
      0.813     2.9524    30.7712   14.93972    12.9909     3.2545          0  0.000e+00
      0.777     2.9516    30.7761   14.93972    13.0145     3.6391          0  0.000e+00
      0.717     2.9501    30.7799   14.92180    13.0680     2.7401          0  0.000e+00
      0.670     2.9496    30.7797   14.92180    13.1453     3.2135          0  0.000e+00
      0.625     2.9495    30.7758   14.92180    13.2460     2.9727          0  0.000e+00
      0.594     2.9494    30.7761   14.92180    13.3529     3.0849          0  0.000e+00
      0.571     2.9497    30.7793   14.92035    13.4331     4.0166          0  0.000e+00
      0.553     2.9499    30.7812   14.92035    13.4971     4.4597          0  0.000e+00
      0.503     2.9503    30.7807   14.92035    13.5381     3.2463          0  0.000e+00
      0.390     2.9505    30.7804   14.92035    13.5518     3.4356          0  0.000e+00
      0.225     2.9505    30.7808   14.92349    13.5312     3.4006          0  0.000e+00
      0.015     2.9508    30.7806   14.92349    13.4743     6.5019          0  0.000e+00
     -0.085     2.9507    13.6806   14.92349    15.0428     9.2046          0  0.000e+00
     -0.076     2.9509     4.6628   14.92349    15.8966     9.4665          0  0.000e+00
     -0.076     2.9513     3.8267   14.93549    15.8660     9.3624          0  0.000e+00
     -0.077     2.9520     3.1492   14.93549    15.8327     9.5764          0  0.000e+00
     -0.076     2.9527     2.7300   14.93549    15.7840     9.6161          0  0.000e+00
     -0.077     2.9544     2.4540   14.93549    15.7634     9.6220          0  0.000e+00
     -0.077     2.9561     2.2545   14.95786    15.7668     9.6418          0  0.000e+00
     -0.078     2.9575     2.1697   14.95786    15.7515     9.6395          0  0.000e+00
     -0.077     2.9587     2.0615   14.95786    15.7452     9.5016          0  0.000e+00
     -0.079     2.9601     1.9895   14.95786    15.7447     9.4536          0  0.000e+00
     -0.077     2.9608     1.9947   14.86326    15.7296     9.5775          0  0.000e+00
     -0.079     2.9622     1.9775   14.86326    15.7094     8.9463          0  0.000e+00
     -0.080     2.9635     1.9959   14.86326    15.6779     9.2736          0  0.000e+00
     -0.079     2.9646     1.9675   14.86326    15.6398     9.6430          0  0.000e+00
     -0.078     2.9658     1.8981   14.72375    15.6233     9.7330          0  0.000e+00
     -0.077     2.9670     1.7831   14.72375    15.6330     9.7237          0  0.000e+00
     -0.078     2.9680     1.5684   14.72375    15.6377     9.7131          0  0.000e+00
     -0.078     2.9689     1.4874   14.72375    15.6309     9.6442          0  0.000e+00
     -0.077     2.9699     1.3994   14.54451    15.6423     9.6056          0  0.000e+00
     -0.076     2.9711     1.2555   14.54451    15.6562     9.5857          0  0.000e+00
     -0.077     2.9723     1.1703   14.54451    15.6589     9.5810          0  0.000e+00
     -0.076     2.9737     1.1423   14.54451    15.6691     9.5144          0  0.000e+00
     -0.075     2.9750     1.0682   14.38832    15.6695     9.5132          0  0.000e+00
     -0.078     2.9765     1.0134   14.38832    15.6773     9.4700          0  0.000e+00
     -0.078     2.9778     0.9561   14.38832    15.6767     9.4571          0  0.000e+00
     -0.077     2.9791     0.9067   14.38832    15.6866     9.4408          0  0.000e+00
     -0.077     2.9805     0.8563   14.23168    15.6884     9.4373          0  0.000e+00
     -0.079     2.9822     0.8162   14.23168    15.6904     9.4221          0  0.000e+00
     -0.078     2.9834     0.7782   14.23168    15.7021     9.4326          0  0.000e+00
     -0.079     2.9841     0.7430   14.23168    15.7131     9.4186          0  0.000e+00
     -0.078     2.9850     0.7457   14.10051    15.7192     9.4326          0  0.000e+00
     -0.078     2.9861     0.7251   14.10051    15.7153     9.4232          0  0.000e+00
     -0.077     2.9867     0.6991   14.10051    15.7259     9.4221          0  0.000e+00
     -0.077     2.9871     0.6784   14.10051    15.7213     9.4174          0  0.000e+00
     -0.078     2.9873     0.6699   13.99453    15.7253     9.3975          0  0.000e+00
     -0.078     2.9875     0.6539   13.99453    15.7320     9.4115          0  0.000e+00
     -0.079     2.9877     0.6378   13.99453    15.7309     9.4151          0  0.000e+00
     -0.078     2.9881     0.6257   13.99453    15.7456     9.4057          0  0.000e+00
     -0.078     2.9885     0.6175   13.90614    15.7465     9.4045          0  0.000e+00
     -0.079     2.9889     0.6314   13.90614    15.7533     9.4139          0  0.000e+00
     -0.078     2.9892     0.6282   13.90614    15.7473     9.3730          0  0.000e+00
     -0.077     2.9896     0.6299   13.90614    15.7554     9.3741          0  0.000e+00
     -0.077     2.9900     0.6580   13.82762    15.7517     9.4115          0  0.000e+00
     -0.078     2.9905     0.6600   13.82762    15.7478     9.3835          0  0.000e+00
     -0.079     2.9913     0.6551   13.82762    15.7481     9.3905          0  0.000e+00
     -0.077     2.9925     0.6883   13.82762    15.7411     9.4104          0  0.000e+00
     -0.079     2.9938     0.6716   13.76726    15.7492     9.3905          0  0.000e+00
     -0.078     2.9947     0.6822   13.76726    15.7528     9.3940          0  0.000e+00
     -0.076     2.9960     0.6972   13.76726    15.7527     9.3671          0  0.000e+00
     -0.077     2.9973     0.6956   13.76726    15.7421     9.4080          0  0.000e+00
     -0.078     2.9985     0.6997   13.70122    15.7421     9.3823          0  0.000e+00
     -0.078     2.9994     0.6890   13.70122    15.7432     9.4034          0  0.000e+00
     -0.078     3.0003     0.6869   13.70122    15.7379     9.3870          0  0.000e+00
     -0.079     3.0009     0.6899   13.70122    15.7449     9.3987          0  0.000e+00
     -0.078     3.0017     0.6680   13.64384    15.7340     9.4080          0  0.000e+00
     -0.079     3.0023     0.6616   13.64384    15.7450     9.3940          0  0.000e+00
     -0.078     3.0031     0.6421   13.64384    15.7370     9.3788          0  0.000e+00
     -0.078     3.0034     0.6231   13.64384    15.7497     9.3765          0  0.000e+00
     -0.076     3.0038     0.6102   13.60723    15.7462     9.4162          0  0.000e+00
     -0.077     3.0040     0.5913   13.60723    15.7576     9.3999          0  0.000e+00
     -0.078     3.0042     0.5677   13.60723    15.7582     9.3882          0  0.000e+00
     -0.078     3.0044     0.5437   13.60723    15.7547     9.3975          0  0.000e+00
     -0.079     3.0048     0.5192   13.57463    15.7611     9.3741          0  0.000e+00
     -0.078     3.0049     0.5149   13.57463    15.7548     9.3928          0  0.000e+00
     -0.078     3.0052     0.5084   13.57463    15.7659     9.3882          0  0.000e+00
     -0.080     3.0055     0.5002   13.57463    15.7589     9.3847          0  0.000e+00
     -0.079     3.0061     0.4811   13.55840    15.7662     9.3917          0  0.000e+00
     -0.077     3.0066     0.4698   13.55840    15.7686     9.3706          0  0.000e+00
     -0.079     3.0080     0.4775   13.55840    15.7713     9.3975          0  0.000e+00
     -0.078     3.0094     0.4912   13.55840    15.7651     9.3811          0  0.000e+00
     -0.080     3.0105     0.4938   13.52998    15.7610     9.4045          0  0.000e+00
     -0.079     3.0111     0.5124   13.52998    15.7569     9.3963          0  0.000e+00
     -0.078     3.0115     0.5490   13.52998    15.7466     9.3975          0  0.000e+00
     -0.079     3.0120     0.5776   13.52998    15.7461     9.3788          0  0.000e+00
     -0.078     3.0126     0.6136   13.49680    15.7444     9.3695          0  0.000e+00
     -0.079     3.0131     0.6471   13.49680    15.7410     9.3776          0  0.000e+00
     -0.079     3.0134     0.6632   13.49680    15.7459     9.3706          0  0.000e+00
     -0.077     3.0137     0.6971   13.49680    15.7438     9.3987          0  0.000e+00
     -0.077     3.0140     0.7179   13.45744    15.7454     9.4034          0  0.000e+00
     -0.078     3.0142     0.7088   13.45744    15.7405     9.4092          0  0.000e+00
     -0.079     3.0144     0.7256   13.45744    15.7323     9.3847          0  0.000e+00
     -0.079     3.0146     0.7001   13.45744    15.7326     9.3788          0  0.000e+00
     -0.078     3.0150     0.6836   13.43328    15.7323     9.4057          0  0.000e+00
     -0.078     3.0156     0.6910   13.43328    15.7365     9.4045          0  0.000e+00
     -0.077     3.0163     0.6849   13.43328    15.7376     9.4092          0  0.000e+00
     -0.079     3.0172     0.6751   13.43328    15.7336     9.3905          0  0.000e+00
     -0.079     3.0181     0.6484   13.41447    15.7321     9.3730          0  0.000e+00
     -0.079     3.0188     0.6216   13.41447    15.7390     9.3730          0  0.000e+00
     -0.077     3.0197     0.6036   13.41447    15.7385     9.3811          0  0.000e+00
     -0.078     3.0203     0.5962   13.41447    15.7380     9.3975          0  0.000e+00
     -0.077     3.0205     0.5794   13.40605    15.7388     9.3905          0  0.000e+00
     -0.078     3.0208     0.5649   13.40605    15.7333     9.3800          0  0.000e+00
     -0.079     3.0209     0.5596   13.40605    15.7395     9.3741          0  0.000e+00
     -0.079     3.0212     0.5479   13.40605    15.7594     9.3718          0  0.000e+00
     -0.079     3.0214     0.5367   13.39315    15.7591     9.3975          0  0.000e+00
     -0.079     3.0216     0.5416   13.39315    15.7473     9.4022          0  0.000e+00
     -0.079     3.0219     0.5469   13.39315    15.7493     9.4232          0  0.000e+00
     -0.079     3.0222     0.5461   13.39315    15.7451     9.4080          0  0.000e+00
     -0.079     3.0226     0.5611   13.37728    15.7498     9.4080          0  0.000e+00
     -0.079     3.0233     0.5623   13.37728    15.7388     9.4174          0  0.000e+00
     -0.078     3.0242     0.5514   13.37728    15.7385     9.4396          0  0.000e+00
     -0.079     3.0257     0.5644   13.37728    15.7291     9.4267          0  0.000e+00
     -0.080     3.0273     0.5652   13.34598    15.7463     9.4478          0  0.000e+00
     -0.078     3.0287     0.5440   13.34598    15.7455     9.4326          0  0.000e+00
     -0.078     3.0295     0.5428   13.34598    15.7423     9.4209          0  0.000e+00
     -0.077     3.0299     0.5393   13.34598    15.7487     9.4419          0  0.000e+00
     -0.077     3.0304     0.5163   13.32934    15.7573     9.4431          0  0.000e+00
     -0.077     3.0305     0.5084   13.32934    15.7549     9.4606          0  0.000e+00
     -0.076     3.0308     0.4987   13.32934    15.7474     9.4244          0  0.000e+00
     -0.079     3.0313     0.4793   13.32934    15.7495     9.4373          0  0.000e+00
     -0.080     3.0315     0.4688   13.31776    15.7499     9.4443          0  0.000e+00
     -0.078     3.0315     0.4570   13.31776    15.7494     9.4221          0  0.000e+00
     -0.079     3.0320     0.4396   13.31776    15.7478     9.4349          0  0.000e+00
     -0.077     3.0325     0.4239   13.31776    15.7454     9.4244          0  0.000e+00
     -0.079     3.0329     0.4184   13.31526    15.7456     9.4595          0  0.000e+00
     -0.080     3.0336     0.4080   13.31526    15.7517     9.4454          0  0.000e+00
     -0.079     3.0340     0.3979   13.31526    15.7524     9.4361          0  0.000e+00
     -0.077     3.0344     0.3990   13.31526    15.7436     9.4408          0  0.000e+00
     -0.079     3.0354     0.3952   13.31235    15.7514     9.4571          0  0.000e+00
     -0.078     3.0363     0.3877   13.31235    15.7491     9.4595          0  0.000e+00
     -0.080     3.0375     0.3925   13.31235    15.7626     9.4606          0  0.000e+00
     -0.080     3.0383     0.3920   13.31235    15.7462     9.4501          0  0.000e+00
     -0.078     3.0388     0.3838   13.29034    15.7568     9.4700          0  0.000e+00
     -0.081     3.0391     0.3826   13.29034    15.7573     9.4758          0  0.000e+00
     -0.077     3.0395     0.3793   13.29034    15.7605     9.4805          0  0.000e+00
     -0.077     3.0402     0.3714   13.29034    15.7626     9.4267          0  0.000e+00
     -0.080     3.0413     0.3723   13.27341    15.7622     9.4186          0  0.000e+00
     -0.080     3.0424     0.3767   13.27341    15.7549     9.4805          0  0.000e+00
     -0.078     3.0428     0.3732   13.27341    15.7497     9.4571          0  0.000e+00
     -0.079     3.0430     0.3724   13.27341    15.7472     9.4396          0  0.000e+00
     -0.080     3.0431     0.3808   13.25299    15.7489     9.4384          0  0.000e+00
     -0.079     3.0433     0.3803   13.25299    15.7516     9.4525          0  0.000e+00
     -0.079     3.0433     0.3816   13.25299    15.7464     9.4373          0  0.000e+00
     -0.077     3.0432     0.3810   13.25299    15.7489     9.4735          0  0.000e+00
     -0.079     3.0433     0.3753   13.23920    15.7481     9.4630          0  0.000e+00
     -0.078     3.0433     0.3691   13.23920    15.7618     9.4805          0  0.000e+00
