data/eDNA/PER-2023-757/CTD/757A003.cnv
* Sea-Bird SBE19plus  Data File:
* FileName = C:\Eastern_Shore_Islands_cruises\Ryan_Perley2023757\757A003.hex
* Software version 2.3.0 SB_Terminal.dll
* Temperature SN = 7141
* Conductivity SN = 7141
* System UpLoad Time = Apr 21 2023 11:14:01
* <ApplicationData>
* <SeatermAF>
** Platform: M. Perley
** Cruise: PER2023757
** Station:  ESI_06
** Cast: 01 03
** Latitude: N  44 43.0568
** Longitude: W  -62 23.5654
** Sounding:  31.7
** Chief Scientist: Ryan Stanley
** Comment: 141012-141018
** Had to move slightly off station to avoid a lobster buoy. SampleIDs 141012-141018
# nquan = 8
# nvalues = 3565                                  
# units = specified
# name 0 = depSM: Depth [salt water, m], lat = 44.00
# name 1 = tv290C: Temperature [ITS-90, deg C]
# name 2 = sal00: Salinity, Practical [PSU]
# name 3 = opoxMg/L: Oxygen Optode, Aanderaa [mg/l]
# name 4 = sbeox0Mg/L: Oxygen, SBE 43 [mg/l]
# name 5 = wetStar: Fluorescence, WET Labs WETstar [mg/m^3]
# name 6 = nbf: Bottles Fired
# name 7 = flag:  0.000e+00
# span 0 =     -0.089,     28.999                 
# span 1 =     1.3137,     4.0877                 
# span 2 =     0.1442,    31.3214                 
# span 3 =   11.78045,   15.33396                 
# span 4 =    11.4280,    16.7324                 
# span 5 =     2.2783,    75.0318                 
# span 6 =          0,          2                 
# span 7 = 0.0000e+00, 0.0000e+00                 
# interval = seconds: 0.25
# start_time = Apr 21 2023 13:54:33 [Instrument's time stamp, header]
# bad_flag = -9.990e-29
*END*
[from data line 1079]
     -0.078     3.0442     0.3672   13.23920    15.7563     9.4501          0  0.000e+00
     -0.078     3.0447     0.3794   13.23117    15.7546     9.4653          0  0.000e+00
     -0.077     3.0453     0.3668   13.23117    15.7508     9.4408          0  0.000e+00
     -0.077     3.0457     0.3647   13.23117    15.7586     9.4373          0  0.000e+00
     -0.077     3.0459     0.3548   13.23117    15.7600     9.4478          0  0.000e+00
     -0.080     3.0465     0.3485   13.22797    15.7554     9.4723          0  0.000e+00
     -0.078     3.0471     0.3721   13.22797    15.7487     9.4454          0  0.000e+00
     -0.076     3.0472     0.3584   13.22797    15.7541     9.4302          0  0.000e+00
     -0.077     3.0481     0.3511   13.22797    15.7569     9.4302          0  0.000e+00
     -0.079     3.0486     0.3542   13.22221    15.7542     9.4653          0  0.000e+00
     -0.077     3.0495     0.3538   13.22221    15.7576     9.4396          0  0.000e+00
     -0.077     3.0503     0.3510   13.22221    15.7471     9.4302          0  0.000e+00
     -0.079     3.0505     0.3461   13.22221    15.7500     9.4630          0  0.000e+00
     -0.079     3.0508     0.3882   13.21588    15.7461     9.4571          0  0.000e+00
     -0.079     3.0510     0.4111   13.21588    15.7429     9.4630          0  0.000e+00
     -0.078     3.0511     0.4430   13.21588    15.7377     9.4419          0  0.000e+00
     -0.077     3.0514     0.4754   13.21588    15.7365     9.4244          0  0.000e+00
     -0.080     3.0515     0.4992   13.19872    15.7291     9.4525          0  0.000e+00
     -0.079     3.0517     0.5141   13.19872    15.7342     9.4314          0  0.000e+00
     -0.081     3.0520     0.5000   13.19872    15.7421     9.4174          0  0.000e+00
     -0.079     3.0521     0.4908   13.19872    15.7363     9.4209          0  0.000e+00
     -0.079     3.0525     0.4799   13.17923    15.7385     9.4034          0  0.000e+00
     -0.078     3.0528     0.4789   13.17923    15.7350     9.4606          0  0.000e+00
     -0.080     3.0532     0.4785   13.17923    15.7384     9.4384          0  0.000e+00
     -0.079     3.0535     0.4821   13.17923    15.7353     9.4466          0  0.000e+00
     -0.078     3.0539     0.4862   13.16669    15.7336     9.4583          0  0.000e+00
     -0.078     3.0543     0.4917   13.16669    15.7290     9.4723          0  0.000e+00
     -0.078     3.0547     0.4999   13.16669    15.7322     9.4688          0  0.000e+00
     -0.080     3.0550     0.5024   13.16669    15.7295     9.4525          0  0.000e+00
     -0.079     3.0554     0.4928   13.16218    15.7368     9.4279          0  0.000e+00
     -0.079     3.0559     0.4864   13.16218    15.7315     9.4256          0  0.000e+00
     -0.079     3.0563     0.4761   13.16218    15.7384     9.4186          0  0.000e+00
     -0.079     3.0566     0.4648   13.16218    15.7339     9.4080          0  0.000e+00
     -0.079     3.0570     0.4545   13.15572    15.7361     9.3952          0  0.000e+00
     -0.079     3.0575     0.4465   13.15572    15.7403     9.4279          0  0.000e+00
     -0.079     3.0578     0.4390   13.15572    15.7285     9.4244          0  0.000e+00
     -0.080     3.0583     0.4285   13.15572    15.7325     9.4244          0  0.000e+00
     -0.080     3.0587     0.4209   13.15382    15.7452     9.4174          0  0.000e+00
     -0.078     3.0591     0.4157   13.15382    15.7426     9.4431          0  0.000e+00
     -0.079     3.0594     0.4079   13.15382    15.7400     9.4478          0  0.000e+00
     -0.081     3.0596     0.3998   13.15382    15.7393     9.4291          0  0.000e+00
     -0.080     3.0602     0.3957   13.12995    15.7458     9.4384          0  0.000e+00
     -0.080     3.0604     0.3898   13.12995    15.7483     9.4045          0  0.000e+00
     -0.080     3.0609     0.3853   13.12995    15.7495     9.4197          0  0.000e+00
     -0.078     3.0614     0.3793   13.12995    15.7449     9.4162          0  0.000e+00
     -0.079     3.0618     0.3751   13.11907    15.7414     9.4560          0  0.000e+00
     -0.079     3.0623     0.3676   13.11907    15.7483     9.4209          0  0.000e+00
     -0.080     3.0628     0.3593   13.11907    15.7429     9.4244          0  0.000e+00
     -0.079     3.0631     0.3522   13.11907    15.7433     9.4501          0  0.000e+00
     -0.079     3.0636     0.3429   13.10272    15.7398     9.4373          0  0.000e+00
     -0.079     3.0641     0.3367   13.10272    15.7429     9.4104          0  0.000e+00
     -0.079     3.0647     0.3336   13.10272    15.7470     9.4314          0  0.000e+00
     -0.079     3.0654     0.3194   13.10272    15.7466     9.4139          0  0.000e+00
     -0.080     3.0674     0.3233   13.10061    15.7456     9.4034          0  0.000e+00
     -0.079     3.0698     0.3210   13.10061    15.7496     9.4490          0  0.000e+00
     -0.080     3.0714     0.3214   13.10061    15.7510     9.4419          0  0.000e+00
     -0.080     3.0720     0.3149   13.10061    15.7417     9.4197          0  0.000e+00
     -0.081     3.0724     0.3137   13.08538    15.7338     9.4361          0  0.000e+00
     -0.079     3.0728     0.3107   13.08538    15.7343     9.4677          0  0.000e+00
     -0.079     3.0731     0.3057   13.08538    15.7348     9.4571          0  0.000e+00
     -0.081     3.0734     0.2985   13.08538    15.7382     9.4677          0  0.000e+00
     -0.079     3.0740     0.2933   13.08435    15.7416     9.4349          0  0.000e+00
     -0.079     3.0749     0.2905   13.08435    15.7465     9.4326          0  0.000e+00
     -0.080     3.0753     0.2860   13.08435    15.7418     9.4174          0  0.000e+00
     -0.080     3.0756     0.2774   13.08435    15.7381     9.4197          0  0.000e+00
     -0.080     3.0771     0.2758   13.08275    15.7357     9.4022          0  0.000e+00
     -0.079     3.0799     0.3094   13.08275    15.7273     9.4279          0  0.000e+00
     -0.081     3.0817     0.3330   13.08275    15.7256     9.4115          0  0.000e+00
     -0.078     3.0825     0.3505   13.08275    15.7248     9.3999          0  0.000e+00
     -0.078     3.0833     0.3447   13.04506    15.7335     9.4080          0  0.000e+00
     -0.078     3.0863     0.3524   13.04506    15.7269     9.4151          0  0.000e+00
     -0.078     3.0886     0.3630   13.04506    15.7397     9.4057          0  0.000e+00
     -0.079     3.0892     0.3640   13.04506    15.7289     9.4162          0  0.000e+00
     -0.078     3.0898     0.3680   13.06205    15.7259     9.3999          0  0.000e+00
     -0.077     3.0905     0.3737   13.06205    15.7300     9.4244          0  0.000e+00
     -0.080     3.0909     0.3833   13.06205    15.7338     9.3963          0  0.000e+00
     -0.079     3.0911     0.3856   13.06205    15.7286     9.4197          0  0.000e+00
     -0.079     3.0916     0.3772   13.05024    15.7294     9.4267          0  0.000e+00
     -0.078     3.0927     0.3692   13.05024    15.7314     9.4373          0  0.000e+00
     -0.078     3.0957     0.3699   13.05024    15.7334     9.4069          0  0.000e+00
     -0.080     3.0979     0.3694   13.05024    15.7304     9.4326          0  0.000e+00
     -0.079     3.0987     0.3633   13.04394    15.7362     9.4069          0  0.000e+00
     -0.079     3.0989     0.3604   13.04394    15.7296     9.3975          0  0.000e+00
     -0.079     3.1004     0.3589   13.04394    15.7262     9.4186          0  0.000e+00
     -0.081     3.1045     0.3606   13.04394    15.7305     9.4057          0  0.000e+00
     -0.078     3.1070     0.3595   13.04493    15.7252     9.4010          0  0.000e+00
     -0.079     3.1081     0.3621   13.04493    15.7238     9.4162          0  0.000e+00
     -0.079     3.1098     0.3637   13.04493    15.7256     9.4045          0  0.000e+00
     -0.080     3.1103     0.3638   13.04493    15.7228     9.3928          0  0.000e+00
     -0.078     3.1107     0.3577   13.03427    15.7082     9.4174          0  0.000e+00
     -0.079     3.1110     0.3572   13.03427    15.7144     9.4244          0  0.000e+00
     -0.080     3.1132     0.3662   13.03427    15.7131     9.4490          0  0.000e+00
     -0.079     3.1145     0.3613   13.03427    15.7081     9.4209          0  0.000e+00
     -0.078     3.1148     0.3628   12.99814    15.7089     9.4197          0  0.000e+00
     -0.079     3.1148     0.3636   12.99814    15.7053     9.4338          0  0.000e+00
     -0.078     3.1146     0.3605   12.99814    15.7086     9.3917          0  0.000e+00
     -0.077     3.1146     0.3610   12.99814    15.7107     9.3987          0  0.000e+00
     -0.078     3.1145     0.3578   13.00214    15.7164     9.4209          0  0.000e+00
     -0.078     3.1144     0.3545   13.00214    15.7175     9.4151          0  0.000e+00
     -0.079     3.1146     0.3525   13.00214    15.7164     9.3952          0  0.000e+00
     -0.079     3.1146     0.3515   13.00214    15.7097     9.3893          0  0.000e+00
     -0.078     3.1149     0.3483   12.94432    15.7152     9.3847          0  0.000e+00
     -0.080     3.1151     0.3418   12.94432    15.7247     9.4069          0  0.000e+00
     -0.079     3.1150     0.3325   12.94432    15.7227     9.3788          0  0.000e+00
     -0.079     3.1157     0.3279   12.94432    15.7192     9.3858          0  0.000e+00
     -0.080     3.1172     0.3239   12.94730    15.7224     9.3940          0  0.000e+00
     -0.078     3.1184     0.3152   12.94730    15.7257     9.3706          0  0.000e+00
     -0.078     3.1204     0.3153   12.94730    15.7244     9.3858          0  0.000e+00
     -0.079     3.1221     0.3195   12.94730    15.7165     9.3811          0  0.000e+00
     -0.079     3.1226     0.3135   12.91763    15.7068     9.4127          0  0.000e+00
     -0.079     3.1229     0.3117   12.91763    15.7104     9.3823          0  0.000e+00
     -0.080     3.1231     0.3109   12.91763    15.7144     9.4069          0  0.000e+00
     -0.078     3.1231     0.3018   12.91763    15.7201     9.4127          0  0.000e+00
     -0.081     3.1234     0.2956   12.91501    15.7054     9.3835          0  0.000e+00
     -0.081     3.1233     0.2981   12.91501    15.7182     9.3999          0  0.000e+00
     -0.081     3.1234     0.2972   12.91501    15.7202     9.3835          0  0.000e+00
     -0.079     3.1236     0.2878   12.91501    15.7258     9.3940          0  0.000e+00
     -0.080     3.1237     0.2770   12.92870    15.7259     9.4034          0  0.000e+00
     -0.079     3.1240     0.2797   12.92870    15.7205     9.3917          0  0.000e+00
     -0.078     3.1241     0.2839   12.92870    15.7230     9.4419          0  0.000e+00
     -0.080     3.1241     0.2801   12.92870    15.7331     9.4127          0  0.000e+00
     -0.079     3.1242     0.2751   12.92662    15.7334     9.3858          0  0.000e+00
     -0.079     3.1243     0.2752   12.92662    15.7341     9.3695          0  0.000e+00
     -0.079     3.1245     0.2737   12.92662    15.7345     9.3893          0  0.000e+00
     -0.080     3.1246     0.2647   12.92662    15.7200     9.3753          0  0.000e+00
     -0.078     3.1253     0.2613   12.93216    15.7183     9.3893          0  0.000e+00
     -0.079     3.1271     0.2614   12.93216    15.7167     9.4092          0  0.000e+00
     -0.079     3.1280     0.2607   12.93216    15.7128     9.3858          0  0.000e+00
     -0.079     3.1280     0.2568   12.93216    15.7213     9.3835          0  0.000e+00
     -0.078     3.1285     0.2554   12.93014    15.7211     9.3917          0  0.000e+00
     -0.079     3.1298     0.2567   12.93014    15.7234     9.3601          0  0.000e+00
     -0.077     3.1305     0.2551   12.93014    15.7306     9.3648          0  0.000e+00
     -0.077     3.1307     0.2506   12.93014    15.7346     9.3823          0  0.000e+00
     -0.078     3.1308     0.2490   12.93341    15.7322     9.3847          0  0.000e+00
     -0.078     3.1310     0.2476   12.93341    15.7242     9.3940          0  0.000e+00
     -0.079     3.1311     0.2436   12.93341    15.7260     9.3554          0  0.000e+00
     -0.078     3.1314     0.2439   12.93341    15.7290     9.3765          0  0.000e+00
     -0.080     3.1314     0.2432   12.92490    15.7294     9.3706          0  0.000e+00
     -0.078     3.1316     0.2448   12.92490    15.7302     9.3847          0  0.000e+00
     -0.078     3.1317     0.2420   12.92490    15.7240     9.4069          0  0.000e+00
     -0.079     3.1321     0.2432   12.92490    15.7321     9.3917          0  0.000e+00
     -0.077     3.1322     0.2416   12.90912    15.7306     9.3847          0  0.000e+00
     -0.078     3.1324     0.2385   12.90912    15.7227     9.3776          0  0.000e+00
     -0.078     3.1326     0.2373   12.90912    15.7235     9.3648          0  0.000e+00
     -0.078     3.1330     0.2375   12.90912    15.7143     9.3496          0  0.000e+00
     -0.078     3.1332     0.2356   12.89629    15.7115     9.3554          0  0.000e+00
     -0.077     3.1335     0.2344   12.89629    15.7158     9.3788          0  0.000e+00
     -0.079     3.1337     0.2350   12.89629    15.7241     9.3917          0  0.000e+00
     -0.078     3.1339     0.2376   12.89629    15.7271     9.3800          0  0.000e+00
     -0.078     3.1339     0.2391   12.90250    15.7255     9.3870          0  0.000e+00
     -0.078     3.1341     0.2411   12.90250    15.7350     9.3671          0  0.000e+00
     -0.078     3.1343     0.2433   12.90250    15.7313     9.3671          0  0.000e+00
     -0.078     3.1345     0.2446   12.90250    15.7307     9.3671          0  0.000e+00
     -0.077     3.1347     0.2445   12.90042    15.7351     9.4197          0  0.000e+00
     -0.076     3.1351     0.2434   12.90042    15.7228     9.3648          0  0.000e+00
     -0.078     3.1350     0.2422   12.90042    15.7172     9.3496          0  0.000e+00
     -0.077     3.1353     0.2403   12.90042    15.7230     9.3589          0  0.000e+00
     -0.078     3.1356     0.2370   12.88432    15.7282     9.3776          0  0.000e+00
     -0.077     3.1359     0.2350   12.88432    15.7276     9.3811          0  0.000e+00
     -0.077     3.1361     0.2350   12.88432    15.7296     9.3566          0  0.000e+00
     -0.078     3.1363     0.2367   12.88432    15.7251     9.3847          0  0.000e+00
     -0.076     3.1365     0.2381   12.88848    15.7264     9.3543          0  0.000e+00
     -0.078     3.1369     0.2391   12.88848    15.7336     9.3788          0  0.000e+00
     -0.078     3.1372     0.2393   12.88848    15.7309     9.3648          0  0.000e+00
     -0.078     3.1377     0.2382   12.88848    15.7193     9.3893          0  0.000e+00
     -0.077     3.1380     0.2355   12.88189    15.7270     9.3437          0  0.000e+00
     -0.078     3.1385     0.2324   12.88189    15.7211     9.3765          0  0.000e+00
     -0.078     3.1386     0.2288   12.88189    15.7250     9.3648          0  0.000e+00
     -0.080     3.1388     0.2255   12.88189    15.7230     9.3823          0  0.000e+00
     -0.081     3.1391     0.2232   12.86912    15.7232     9.3671          0  0.000e+00
     -0.080     3.1392     0.2229   12.86912    15.7253     9.3624          0  0.000e+00
     -0.079     3.1394     0.2234   12.86912    15.7264     9.3648          0  0.000e+00
     -0.077     3.1397     0.2232   12.86912    15.7293     9.3671          0  0.000e+00
     -0.078     3.1400     0.2222   12.85587    15.7228     9.3543          0  0.000e+00
     -0.078     3.1403     0.2215   12.85587    15.7288     9.3706          0  0.000e+00
     -0.078     3.1405     0.2209   12.85587    15.7285     9.3847          0  0.000e+00
     -0.077     3.1409     0.2197   12.85587    15.7273     9.3811          0  0.000e+00
     -0.078     3.1412     0.2176   12.85155    15.7272     9.3882          0  0.000e+00
     -0.077     3.1417     0.2157   12.85155    15.7259     9.3648          0  0.000e+00
