data/eDNA/PER-2023-757/CTD/757A003.cnv
* Sea-Bird SBE19plus  Data File:
* FileName = C:\Eastern_Shore_Islands_cruises\Ryan_Perley2023757\757A003.hex
* Software version 2.3.0 SB_Terminal.dll
* Temperature SN = 7141
* Conductivity SN = 7141
* System UpLoad Time = Apr 21 2023 11:14:01
* <ApplicationData>
* <SeatermAF>
** Platform: M. Perley
** Cruise: PER2023757
** Station:  ESI_06
** Cast: 01 03
** Latitude: N  44 43.0568
** Longitude: W  -62 23.5654
** Sounding:  31.7
** Chief Scientist: Ryan Stanley
** Comment: 141012-141018
** Had to move slightly off station to avoid a lobster buoy. SampleIDs 141012-141018
# nquan = 8
# nvalues = 3565                                  
# units = specified
# name 0 = depSM: Depth [salt water, m], lat = 44.00
# name 1 = tv290C: Temperature [ITS-90, deg C]
# name 2 = sal00: Salinity, Practical [PSU]
# name 3 = opoxMg/L: Oxygen Optode, Aanderaa [mg/l]
# name 4 = sbeox0Mg/L: Oxygen, SBE 43 [mg/l]
# name 5 = wetStar: Fluorescence, WET Labs WETstar [mg/m^3]
# name 6 = nbf: Bottles Fired
# name 7 = flag:  0.000e+00
# span 0 =     -0.089,     28.999                 
# span 1 =     1.3137,     4.0877                 
# span 2 =     0.1442,    31.3214                 
# span 3 =   11.78045,   15.33396                 
# span 4 =    11.4280,    16.7324                 
# span 5 =     2.2783,    75.0318                 
# span 6 =          0,          2                 
# span 7 = 0.0000e+00, 0.0000e+00                 
# interval = seconds: 0.25
# start_time = Apr 21 2023 13:54:33 [Instrument's time stamp, header]
# bad_flag = -9.990e-29
*END*
[from data line 1978]
      2.787     3.0133    30.7734   14.93434    12.8259     2.2783          0  0.000e+00
      2.808     3.0135    30.7738   14.93434    12.8293     2.3941          0  0.000e+00
      2.799     3.0135    30.7739   14.94304    12.8304     3.0160          0  0.000e+00
      2.751     3.0136    30.7743   14.94304    12.8265     4.1674          0  0.000e+00
      2.668     3.0136    30.7750   14.94304    12.8534     3.3760          0  0.000e+00
      2.539     3.0136    30.7751   14.94304    12.8689     4.6502          0  0.000e+00
      2.382     3.0140    30.7744   14.94058    12.8951     4.0201          0  0.000e+00
      2.206     3.0145    30.7736   14.94058    12.9270     3.4251          0  0.000e+00
      2.044     3.0149    30.7733   14.94058    12.9522     4.0646          0  0.000e+00
      1.902     3.0152    30.7730   14.94058    12.9726     4.6888          0  0.000e+00
      1.798     3.0154    30.7727   14.94051    12.9760     3.6928          0  0.000e+00
      1.734     3.0152    30.7729   14.94051    12.9735     4.3837          0  0.000e+00
      1.711     3.0151    30.7726   14.94051    12.9546     3.3141          0  0.000e+00
      1.721     3.0146    30.7725   14.94051    12.9400     3.2439          0  0.000e+00
      1.752     3.0140    30.7725   14.93309    12.9235     3.4205          0  0.000e+00
      1.794     3.0131    30.7728   14.93309    12.9169     3.1808          0  0.000e+00
      1.848     3.0127    30.7730   14.93309    12.9154     2.9493          0  0.000e+00
      1.919     3.0127    30.7729   14.93309    12.9139     3.7700          0  0.000e+00
      2.000     3.0128    30.7732   14.93674    12.9072     3.9021          0  0.000e+00
      2.102     3.0130    30.7734   14.93674    12.9051     2.7985          0  0.000e+00
      2.211     3.0127    30.7736   14.93674    12.9124     3.0744          0  0.000e+00
      2.325     3.0119    30.7734   14.93674    12.9039     3.2311          0  0.000e+00
      2.430     3.0112    30.7737   14.94141    12.9031     3.5257          0  0.000e+00
      2.525     3.0105    30.7745   14.94141    12.8986     2.9786          0  0.000e+00
      2.597     3.0102    30.7757   14.94141    12.8992     2.6033          0  0.000e+00
      2.643     3.0101    30.7769   14.94141    12.8937     3.0698          0  0.000e+00
      2.659     3.0100    30.7772   14.94055    12.8864     3.4637          0  0.000e+00
      2.642     3.0106    30.7762   14.94055    12.8790     3.4205          0  0.000e+00
      2.601     3.0116    30.7750   14.94055    12.8632     3.5677          0  0.000e+00
      2.539     3.0120    30.7745   14.94055    12.8627     4.1768          0  0.000e+00
      2.460     3.0124    30.7739   14.93712    12.8542     3.7104          0  0.000e+00
      2.370     3.0123    30.7738   14.93712    12.8754     3.6052          0  0.000e+00
      2.274     3.0123    30.7736   14.93712    12.8835     3.2393          0  0.000e+00
      2.178     3.0124    30.7736   14.93712    12.9097     3.0721          0  0.000e+00
      2.088     3.0124    30.7736   14.93709    12.9208     2.9493          0  0.000e+00
      2.008     3.0124    30.7742   14.93709    12.9374     2.6267          0  0.000e+00
      1.941     3.0124    30.7741   14.93709    12.9442     2.6746          0  0.000e+00
      1.905     3.0125    30.7739   14.93709    12.9523     3.3702          0  0.000e+00
      1.897     3.0126    30.7740   14.93494    12.9547     3.2568          0  0.000e+00
      1.907     3.0125    30.7737   14.93494    12.9563     2.4619          0  0.000e+00
      1.930     3.0129    30.7734   14.93494    12.9806     2.7553          0  0.000e+00
      1.954     3.0134    30.7730   14.93494    12.9888     2.5203          0  0.000e+00
      1.968     3.0137    30.7728   14.93264    13.0039     2.9435          0  0.000e+00
      1.975     3.0138    30.7729   14.93264    13.0120     2.5051          0  0.000e+00
      1.975     3.0135    30.7742   14.93264    13.0262     2.8348          0  0.000e+00
      1.978     3.0134    30.7750   14.93264    13.0220     3.4438          0  0.000e+00
      2.006     3.0134    30.7748   14.93555    13.0153     2.6770          0  0.000e+00
      2.069     3.0134    30.7740   14.93555    12.9988     2.7670          0  0.000e+00
      2.174     3.0136    30.7735   14.93555    12.9476     3.1376          0  0.000e+00
      2.316     3.0142    30.7739   14.93555    12.9268     2.8944          0  0.000e+00
      2.464     3.0167    30.7750   14.93507    12.8861     2.9084          0  0.000e+00
      2.589     3.0192    30.7741   14.93507    12.8526     2.9868          0  0.000e+00
      2.729     3.0211    30.7735   14.93507    12.8109     3.6426          0  0.000e+00
      2.859     3.0231    30.7730   14.93507    12.7766     3.2977          0  0.000e+00
      2.965     3.0246    30.7707   14.93114    12.7505     3.2311          0  0.000e+00
      3.047     3.0257    30.7682   14.93114    12.7409     3.3398          0  0.000e+00
      3.109     3.0264    30.7669   14.93114    12.7488     2.9271          0  0.000e+00
      3.158     3.0264    30.7670   14.93114    12.7776     3.0651          0  0.000e+00
      3.202     3.0254    30.7678   14.94026    12.8315     4.1815          0  0.000e+00
      3.258     3.0246    30.7689   14.94026    12.8982     3.3830          0  0.000e+00
      3.330     3.0243    30.7699   14.94026    12.9776     3.0265          0  0.000e+00
      3.417     3.0244    30.7706   14.94026    13.0540     3.1715          0  0.000e+00
      3.513     3.0238    30.7714   14.93206    13.1152     2.9190          0  0.000e+00
      3.603     3.0206    30.7737   14.93206    13.1551     3.4894          0  0.000e+00
      3.681     3.0172    30.7763   14.93206    13.1886     2.9365          0  0.000e+00
      3.739     3.0148    30.7789   14.93206    13.1940     5.0699          0  0.000e+00
      3.782     3.0130    30.7815   14.93690    13.1940     6.4166          0  0.000e+00
      3.825     3.0139    30.7799   14.93690    13.2002     3.4579          0  0.000e+00
      3.881     3.0161    30.7770   14.93690    13.1934     3.1282          0  0.000e+00
      3.965     3.0179    30.7753   14.93690    13.1927     3.1633          0  0.000e+00
      4.093     3.0186    30.7734   14.95024    13.2020     3.4766          0  0.000e+00
      4.264     3.0175    30.7704   14.95024    13.2160     3.3562          0  0.000e+00
      4.478     3.0131    30.7664   14.95024    13.2280     3.9933          0  0.000e+00
      4.720     3.0082    30.7683   14.95024    13.2432     3.8810          0  0.000e+00
      4.990     3.0046    30.7713   14.94534    13.2703     3.4789          0  0.000e+00
      5.260     3.0024    30.7747   14.94534    13.2953     3.6461          0  0.000e+00
      5.524     3.0010    30.7727   14.94534    13.3181     4.3124          0  0.000e+00
      5.770     2.9975    30.7690   14.94534    13.3477     3.5537          0  0.000e+00
      5.983     2.9936    30.7742   14.95767    13.3763     4.0961          0  0.000e+00
      6.174     2.9896    30.7806   14.95767    13.4061     5.0079          0  0.000e+00
      6.339     2.9826    30.7924   14.95767    13.4260     3.7758          0  0.000e+00
      6.472     2.9792    30.7974   14.95767    13.4534     3.3503          0  0.000e+00
      6.575     2.9782    30.7990   14.96890    13.4767     3.1235          0  0.000e+00
      6.648     2.9819    30.7941   14.96890    13.5008     3.6274          0  0.000e+00
      6.697     2.9874    30.7838   14.96890    13.5168     3.7524          0  0.000e+00
      6.730     2.9913    30.7683   14.96890    13.5434     3.3375          0  0.000e+00
      6.754     2.9928    30.7521   14.94464    13.5577     4.7204          0  0.000e+00
      6.773     2.9906    30.7454   14.94464    13.5798     4.3755          0  0.000e+00
      6.793     2.9862    30.7431   14.94464    13.6014     3.9570          0  0.000e+00
      6.828     2.9834    30.7447   14.94464    13.6106     5.3341          0  0.000e+00
      6.873     2.9820    30.7528   15.00388    13.6167     4.4620          0  0.000e+00
      6.926     2.9813    30.7634   15.00388    13.6183     4.2750          0  0.000e+00
      6.991     2.9816    30.7703   15.00388    13.6320     4.0798          0  0.000e+00
      7.065     2.9825    30.7725   15.00388    13.6067     5.2569          0  0.000e+00
      7.161     2.9839    30.7781   15.02551    13.6272     5.8309          0  0.000e+00
      7.274     2.9844    30.7823   15.02551    13.6320     5.7982          0  0.000e+00
      7.407     2.9721    30.7906   15.02551    13.6435     4.9320          0  0.000e+00
      7.562     2.9444    30.7920   15.02551    13.6719     5.0804          0  0.000e+00
      7.729     2.9096    30.7920   15.05008    13.6920     6.0495          0  0.000e+00
      7.911     2.8765    30.7984   15.05008    13.7264     5.0325          0  0.000e+00
      8.110     2.8471    30.8058   15.05008    13.7497     4.9822          0  0.000e+00
      8.318     2.8217    30.8143   15.05008    13.7738     5.9303          0  0.000e+00
      8.527     2.7988    30.8254   15.05440    13.7785     6.5884          0  0.000e+00
      8.740     2.7791    30.8390   15.05440    13.8001     6.9543          0  0.000e+00
      8.953     2.7617    30.8538   15.05440    13.8094     4.6818          0  0.000e+00
      9.155     2.7436    30.8759   15.05440    13.8306     6.0846          0  0.000e+00
      9.344     2.7311    30.9086   15.05773    13.8337     5.9642          0  0.000e+00
      9.517     2.7286    30.9357   15.05773    13.8261     5.1354          0  0.000e+00
      9.674     2.7289    30.9350   15.05773    13.8290     7.9971          0  0.000e+00
      9.807     2.7271    30.9452   15.05773    13.8248     9.3075          0  0.000e+00
      9.921     2.7368    30.9288   15.08871    13.8143    16.6289          0  0.000e+00
     10.016     2.7569    30.8839   15.08871    13.8071    23.7212          0  0.000e+00
     10.083     2.7811    30.8151   15.08871    13.8014    15.6657          0  0.000e+00
     10.128     2.7972    30.7463   15.08871    13.8122    18.0983          0  0.000e+00
     10.147     2.7899    30.7093   15.16102    13.8320     9.8581          0  0.000e+00
     10.145     2.7712    30.6931   15.16102    13.8530     8.4740          0  0.000e+00
     10.131     2.7489    30.7003   15.16102    13.8742     9.4396          0  0.000e+00
     10.110     2.7201    30.7266   15.16102    13.8931     9.2806          0  0.000e+00
     10.095     2.6917    30.7583   15.18611    13.9037     5.4370          0  0.000e+00
     10.089     2.6742    30.7979   15.18611    13.9070     8.0123          0  0.000e+00
     10.099     2.6666    30.8435   15.18611    13.9022    11.6841          0  0.000e+00
     10.130     2.6670    30.8675   15.18611    13.8888     8.7896          0  0.000e+00
     10.189     2.6716    30.8799   15.21338    13.8724     8.8738          0  0.000e+00
     10.281     2.6777    30.8921   15.21338    13.8614     8.8656          0  0.000e+00
     10.412     2.6789    30.8850   15.21338    13.8509     7.9900          0  0.000e+00
     10.577     2.6539    30.8654   15.21338    13.8665    10.7267          0  0.000e+00
     10.770     2.6141    30.8306   15.22272    13.8790     8.3454          0  0.000e+00
     10.996     2.5738    30.8214   15.22272    13.9103    10.7945          0  0.000e+00
     11.244     2.5369    30.8326   15.22272    13.9234    10.4566          0  0.000e+00
     11.508     2.5051    30.8448   15.22272    13.9409    18.4151          0  0.000e+00
     11.776     2.4785    30.8568   15.20983    13.9656     9.4934          0  0.000e+00
     12.040     2.4561    30.8628   15.20983    13.9810    10.6250          0  0.000e+00
     12.296     2.4366    30.8839   15.20983    13.9894    10.6308          0  0.000e+00
     12.545     2.4224    30.9123   15.20983    13.9910     8.6236          0  0.000e+00
     12.771     2.4145    30.9703   15.21367    13.9864     8.7066          0  0.000e+00
     12.965     2.4107    30.9812   15.21367    13.9903    14.4686          0  0.000e+00
     13.118     2.4160    30.9637   15.21367    13.9955    19.8296          0  0.000e+00
     13.235     2.4383    30.9235   15.21367    13.9885    23.9830          0  0.000e+00
     13.303     2.4613    30.8862   15.23536    13.9736    19.9699          0  0.000e+00
     13.325     2.4744    30.8531   15.23536    13.9772    10.3362          0  0.000e+00
     13.304     2.4733    30.8376   15.23536    13.9836    15.5417          0  0.000e+00
     13.246     2.4665    30.8403   15.23536    13.9856    16.3296          0  0.000e+00
     13.168     2.4590    30.8489   15.25827    13.9855    27.2761          0  0.000e+00
     13.088     2.4535    30.8616   15.25827    13.9789    16.4629          0  0.000e+00
     13.008     2.4497    30.8864   15.25827    13.9682    15.0870          0  0.000e+00
     12.948     2.4477    30.9168   15.25827    13.9482    18.7495          0  0.000e+00
     12.917     2.4479    30.9249   15.25210    13.9312    14.2512          0  0.000e+00
     12.918     2.4492    30.9295   15.25210    13.8984    16.2104          0  0.000e+00
     12.950     2.4506    30.9308   15.25210    13.8830    15.8901          0  0.000e+00
     13.021     2.4504    30.9337   15.25210    13.8623    17.1316          0  0.000e+00
     13.126     2.4463    30.9342   15.27098    13.8498    22.1711          0  0.000e+00
     13.257     2.4403    30.9235   15.27098    13.8459    16.3846          0  0.000e+00
     13.425     2.4322    30.9037   15.27098    13.8518    21.3400          0  0.000e+00
     13.615     2.4169    30.8865   15.27098    13.8693    19.0733          0  0.000e+00
     13.828     2.4038    30.8862   15.24772    13.8779    17.0603          0  0.000e+00
     14.060     2.3942    30.8850   15.24772    13.8971    19.9103          0  0.000e+00
     14.304     2.3859    30.8895   15.24772    13.9088    21.9104          0  0.000e+00
     14.549     2.3788    30.8924   15.24772    13.9304    24.0590          0  0.000e+00
     14.795     2.3728    30.8954   15.25219    13.9410    23.9854          0  0.000e+00
     15.025     2.3688    30.9099   15.25219    13.9476    16.7891          0  0.000e+00
     15.236     2.3667    30.9489   15.25219    13.9481    30.7854          0  0.000e+00
     15.420     2.3662    30.9538   15.25219    13.9425    26.5467          0  0.000e+00
     15.575     2.3695    30.9557   15.25677    13.9480    55.4500          0  0.000e+00
     15.701     2.3801    30.9417   15.25677    13.9493    66.3649          0  0.000e+00
     15.802     2.3929    30.9187   15.25677    13.9545    75.0318          0  0.000e+00
     15.881     2.4053    30.8947   15.25677    13.9439    60.7210          0  0.000e+00
     15.947     2.4102    30.8763   15.27005    13.9597    66.9646          0  0.000e+00
     16.001     2.4121    30.8587   15.27005    13.9627    61.1746          0  0.000e+00
     16.040     2.4122    30.8490   15.27005    13.9624    53.6311          0  0.000e+00
     16.071     2.4075    30.8467   15.27005    13.9707    38.6528          0  0.000e+00
     16.095     2.4020    30.8461   15.27226    13.9538    35.0219          0  0.000e+00
     16.118     2.3966    30.8529   15.27226    13.9468    22.2097          0  0.000e+00
     16.153     2.3905    30.8577   15.27226    13.9407    25.3531          0  0.000e+00
     16.198     2.3866    30.8628   15.27226    13.9394    33.9382          0  0.000e+00
     16.258     2.3844    30.8659   15.27315    13.9306    25.2631          0  0.000e+00
     16.330     2.3813    30.8724   15.27315    13.9369    44.4229          0  0.000e+00
     16.416     2.3820    30.8783   15.27315    13.9284    55.8638          0  0.000e+00
     16.514     2.3822    30.8862   15.27315    13.9182    56.3279          0  0.000e+00
     16.619     2.3816    30.8959   15.26685    13.9288    33.5852          0  0.000e+00
