data/eDNA/PER-2023-757/CTD/757A002.cnv
* Sea-Bird SBE19plus  Data File:
* FileName = C:\Eastern_Shore_Islands_cruises\Ryan_Perley2023757\757A002.hex
* Software version 2.3.0 SB_Terminal.dll
* Temperature SN = 7141
* Conductivity SN = 7141
* System UpLoad Time = Apr 21 2023 10:15:25
* <ApplicationData>
* <SeatermAF>
** Platform: M. Perley
** Cruise: PER2023757
** Station:  ESI_07
** Cast: 01 02
** Latitude: N  44 43.0568
** Longitude: W  -62 23.5654
** Sounding:  77
** Chief Scientist: Ryan Stanley
** Comment:
# nquan = 8
# nvalues = 2812                                  
# units = specified
# name 0 = depSM: Depth [salt water, m], lat = 44.00
# name 1 = tv290C: Temperature [ITS-90, deg C]
# name 2 = sal00: Salinity, Practical [PSU]
# name 3 = opoxMg/L: Oxygen Optode, Aanderaa [mg/l]
# name 4 = sbeox0Mg/L: Oxygen, SBE 43 [mg/l]
# name 5 = wetStar: Fluorescence, WET Labs WETstar [mg/m^3]
# name 6 = nbf: Bottles Fired
# name 7 = flag:  0.000e+00
# span 0 =     -0.091,     69.260                 
# span 1 =     0.5479,     4.1438                 
# span 2 =     0.1370,    31.2843                 
# span 3 =   12.26870,   15.15920                 
# span 4 =    11.8225,    16.8062                 
# span 5 =     2.4934,    75.0318                 
# span 6 =          0,          2                 
# span 7 = 0.0000e+00, 0.0000e+00                 
# interval = seconds: 0.25
# start_time = Apr 21 2023 12:56:01 [Instrument's time stamp, header]
# bad_flag = -9.990e-29
*END*
[from data line 899]
     32.536     1.2082    31.0947   14.66925    13.0510    16.7657          0  0.000e+00
     32.666     1.2156    31.0981   14.66115    13.0381    21.5071          0  0.000e+00
     32.828     1.2153    31.0821   14.66115    13.0294    15.3594          0  0.000e+00
     33.009     1.1740    31.0419   14.66115    13.0400    22.3359          0  0.000e+00
     33.199     1.1149    31.0158   14.66115    13.0500    14.9327          0  0.000e+00
     33.394     1.0585    31.0336   14.63920    13.0518    20.0786          0  0.000e+00
     33.580     1.0120    31.0682   14.63920    13.0634    21.9268          0  0.000e+00
     33.758     0.9793    31.1001   14.63920    13.0728    16.4734          0  0.000e+00
     33.905     0.9580    31.1366   14.63920    13.0845    39.8919          0  0.000e+00
     34.036     0.9473    31.1995   14.61792    13.0658    34.8009          0  0.000e+00
     34.148     0.9431    31.2390   14.61792    13.0662    32.0725          0  0.000e+00
     34.253     0.9380    31.2509   14.61792    13.0650    16.2385          0  0.000e+00
     34.358     0.9334    31.2638   14.61792    13.0694    12.8449          0  0.000e+00
     34.468     0.9311    31.2435   14.60490    13.0801     9.9715          0  0.000e+00
     34.587     0.9298    31.2232   14.60490    13.0646     8.6985          0  0.000e+00
     34.717     0.9270    31.1987   14.60490    13.0705    38.0683          0  0.000e+00
     34.841     0.9235    31.1971   14.60490    13.0626    17.7208          0  0.000e+00
     34.961     0.9209    31.2212   14.57635    13.0698    14.6182          0  0.000e+00
     35.065     0.9217    31.2679   14.57635    13.0599    11.0306          0  0.000e+00
     35.151     0.9244    31.2729   14.57635    13.0506     9.0503          0  0.000e+00
     35.217     0.9268    31.2631   14.57635    13.0477    14.1787          0  0.000e+00
     35.268     0.9492    31.2203   14.55651    13.0478     9.6512          0  0.000e+00
     35.305     0.9847    31.1663   14.55651    13.0428    10.8599          0  0.000e+00
     35.336     1.0030    31.1395   14.55651    13.0367    27.3755          0  0.000e+00
     35.375     1.0138    31.1234   14.55651    13.0359    35.2744          0  0.000e+00
     35.430     1.0203    31.1332   14.53616    13.0267    14.2874          0  0.000e+00
     35.517     1.0256    31.1571   14.53616    13.0309    24.7943          0  0.000e+00
     35.640     1.0323    31.1506   14.53616    13.0383    28.8928          0  0.000e+00
     35.795     1.0347    31.1366   14.53616    13.0417    16.0058          0  0.000e+00
     35.977     1.0162    31.1007   14.50726    13.0506    23.1963          0  0.000e+00
     36.171     0.9878    31.0766   14.50726    13.0660    19.0476          0  0.000e+00
     36.381     0.9610    31.0777   14.50726    13.0697    16.9796          0  0.000e+00
     36.587     0.9357    31.0894   14.50726    13.0700    37.4884          0  0.000e+00
     36.782     0.9155    31.1059   14.48938    13.0758    22.7299          0  0.000e+00
     36.967     0.9015    31.1190   14.48938    13.0615    22.5896          0  0.000e+00
     37.135     0.8891    31.1259   14.48938    13.0603    27.4444          0  0.000e+00
     37.293     0.8811    31.1326   14.48938    13.0565    16.2712          0  0.000e+00
     37.443     0.8738    31.1337   14.46980    13.0540    17.8610          0  0.000e+00
     37.599     0.8638    31.1317   14.46980    13.0653    12.2849          0  0.000e+00
     37.765     0.8476    31.1290   14.46980    13.0860    25.7249          0  0.000e+00
     37.938     0.8291    31.1201   14.46980    13.0969    18.3450          0  0.000e+00
     38.101     0.8118    31.1286   14.44822    13.1017    27.5146          0  0.000e+00
     38.246     0.7961    31.1711   14.44822    13.1099    30.9573          0  0.000e+00
     38.362     0.7878    31.2586   14.44822    13.0875    25.1766          0  0.000e+00
     38.443     0.7833    31.2843   14.44822    13.0825    33.1421          0  0.000e+00
     38.491     0.7971    31.2463   14.44746    13.0769    30.2442          0  0.000e+00
     38.501     0.8357    31.1607   14.44746    13.0680    47.2647          0  0.000e+00
     38.474     0.8614    31.0822   14.44746    13.0660    62.9585          0  0.000e+00
     38.431     0.8717    31.0268   14.44746    13.0769    53.4078          0  0.000e+00
     38.374     0.8701    31.0159   14.42294    13.0819    44.3913          0  0.000e+00
     38.332     0.8573    31.0387   14.42294    13.0887    75.0318          0  0.000e+00
     38.305     0.8432    31.0894   14.42294    13.0940    23.4044          0  0.000e+00
     38.310     0.8367    31.1354   14.42294    13.0825    56.4670          0  0.000e+00
     38.343     0.8345    31.1534   14.45706    13.0771    60.1178          0  0.000e+00
     38.412     0.8356    31.1529   14.45706    13.0771    45.1220          0  0.000e+00
     38.518     0.8236    31.1418   14.45706    13.0915    33.0299          0  0.000e+00
     38.670     0.7857    31.0913   14.45706    13.1213    21.3961          0  0.000e+00
     38.850     0.7442    31.0690   14.47882    13.1492    24.6926          0  0.000e+00
     39.060     0.7058    31.0696   14.47882    13.1625    22.6586          0  0.000e+00
     39.292     0.6692    31.0855   14.47882    13.1918    31.4436          0  0.000e+00
     39.539     0.6400    31.1042   14.47882    13.2160    27.0236          0  0.000e+00
     39.797     0.6193    31.1199   14.46112    13.2361    38.5253          0  0.000e+00
     40.062     0.6055    31.1309   14.46112    13.2457    30.7656          0  0.000e+00
     40.324     0.5968    31.1388   14.46112    13.2566    24.0696          0  0.000e+00
     40.575     0.5911    31.1447   14.46112    13.2656    31.0765          0  0.000e+00
     40.800     0.5872    31.1524   14.45773    13.2769    23.9410          0  0.000e+00
     40.985     0.5846    31.1727   14.45773    13.2899    41.4560          0  0.000e+00
     41.119     0.5837    31.2313   14.45773    13.2852    11.2854          0  0.000e+00
     41.206     0.5854    31.2253   14.45773    13.2855    50.3743          0  0.000e+00
     41.255     0.5966    31.2072   14.46141    13.2783    25.8336          0  0.000e+00
     41.280     0.6146    31.1837   14.46141    13.2784    29.6644          0  0.000e+00
     41.288     0.6266    31.1691   14.46141    13.2713     9.9773          0  0.000e+00
     41.312     0.6353    31.1663   14.46141    13.2554    44.3364          0  0.000e+00
     41.352     0.6392    31.1753   14.45882    13.2465    21.1611          0  0.000e+00
     41.412     0.6418    31.1933   14.45882    13.2451    46.3424          0  0.000e+00
     41.478     0.6457    31.2017   14.45882    13.2258    43.2340          0  0.000e+00
     41.535     0.6495    31.1918   14.45882    13.2292    43.8723          0  0.000e+00
     41.575     0.6530    31.1549   14.44630    13.2312    36.9542          0  0.000e+00
     41.595     0.6600    31.1247   14.44630    13.2311    27.9074          0  0.000e+00
     41.594     0.6639    31.1082   14.44630    13.2345    42.4298          0  0.000e+00
     41.574     0.6596    31.1042   14.44630    13.2311    40.9580          0  0.000e+00
     41.554     0.6559    31.1111   14.43751    13.2267    64.4431          0  0.000e+00
     41.556     0.6550    31.1391   14.43751    13.2113    75.0318          0  0.000e+00
     41.596     0.6555    31.1736   14.43751    13.2041    44.9700          0  0.000e+00
     41.692     0.6540    31.1678   14.43751    13.1978    35.6075          0  0.000e+00
     41.849     0.6489    31.1415   14.43430    13.1954    70.5815          0  0.000e+00
     42.062     0.6342    31.1190   14.43430    13.2026    32.2899          0  0.000e+00
     42.314     0.6181    31.1156   14.43430    13.2087    36.5182          0  0.000e+00
     42.571     0.6029    31.1249   14.43430    13.2026    21.2698          0  0.000e+00
     42.818     0.5917    31.1396   14.41533    13.2042    29.8456          0  0.000e+00
     43.044     0.5854    31.1495   14.41533    13.2060    30.4569          0  0.000e+00
     43.237     0.5820    31.1594   14.41533    13.2129    33.0790          0  0.000e+00
     43.388     0.5804    31.1914   14.41533    13.2168    25.1240          0  0.000e+00
     43.491     0.5801    31.1937   14.41286    13.2183    59.0108          0  0.000e+00
     43.572     0.5835    31.1912   14.41286    13.2216    56.0006          0  0.000e+00
     43.644     0.5923    31.1870   14.41286    13.2211    74.6461          0  0.000e+00
     43.719     0.5983    31.1923   14.41286    13.2220    37.9315          0  0.000e+00
     43.811     0.6027    31.1863   14.41610    13.2265    43.5567          0  0.000e+00
     43.917     0.6044    31.1782   14.41610    13.2208    28.4416          0  0.000e+00
     44.039     0.6045    31.1762   14.41610    13.2168    52.4632          0  0.000e+00
     44.179     0.6039    31.1751   14.41610    13.2130    27.3755          0  0.000e+00
     44.315     0.6007    31.1800   14.40048    13.2227    28.2125          0  0.000e+00
     44.446     0.5976    31.1884   14.40048    13.2098    35.6075          0  0.000e+00
     44.555     0.5956    31.2125   14.40048    13.2000    14.5843          0  0.000e+00
     44.646     0.5969    31.2116   14.40048    13.1989    12.2861          0  0.000e+00
     44.708     0.5977    31.1963   14.39076    13.1854     9.7868          0  0.000e+00
     44.746     0.6076    31.1749   14.39076    13.1795    52.0693          0  0.000e+00
     44.752     0.6187    31.1549   14.39076    13.1762    35.7373          0  0.000e+00
     44.743     0.6242    31.1421   14.39076    13.1644    17.6272          0  0.000e+00
     44.728     0.6293    31.1343   14.38704    13.1595    44.4475          0  0.000e+00
     44.727     0.6326    31.1402   14.38704    13.1613    34.6221          0  0.000e+00
     44.749     0.6348    31.1624   14.38704    13.1625    62.4464          0  0.000e+00
     44.814     0.6367    31.1659   14.38704    13.1498    32.0456          0  0.000e+00
     44.921     0.6378    31.1624   14.37917    13.1480    15.6622          0  0.000e+00
     45.079     0.6310    31.1443   14.37917    13.1516    13.3581          0  0.000e+00
     45.269     0.6184    31.1277   14.37917    13.1564    15.8644          0  0.000e+00
     45.478     0.6034    31.1216   14.37917    13.1604    27.3334          0  0.000e+00
     45.696     0.5870    31.1247   14.36589    13.1708    32.7201          0  0.000e+00
     45.904     0.5713    31.1360   14.36589    13.1771    34.0364          0  0.000e+00
     46.101     0.5592    31.1479   14.36589    13.1821    33.3981          0  0.000e+00
     46.280     0.5523    31.1606   14.36589    13.1814    24.4670          0  0.000e+00
     46.438     0.5495    31.1704   14.35059    13.1898    24.0614          0  0.000e+00
     46.577     0.5488    31.1790   14.35059    13.1868    16.2455          0  0.000e+00
     46.703     0.5489    31.1862   14.35059    13.1896    33.5711          0  0.000e+00
     46.834     0.5489    31.1941   14.35059    13.1982    18.9517          0  0.000e+00
     46.972     0.5486    31.1834   14.37063    13.2002    32.3530          0  0.000e+00
     47.126     0.5481    31.1801   14.37063    13.2096    39.2291          0  0.000e+00
     47.298     0.5479    31.1809   14.37063    13.2051    15.7744          0  0.000e+00
     47.481     0.5488    31.1808   14.37063    13.2104    18.7004          0  0.000e+00
     47.660     0.5498    31.1827   14.35764    13.2023    20.3264          0  0.000e+00
     47.821     0.5506    31.1869   14.35764    13.2067    29.4364          0  0.000e+00
     47.955     0.5514    31.2101   14.35764    13.1884    28.5865          0  0.000e+00
     48.036     0.5529    31.2126   14.35764    13.1871    33.2099          0  0.000e+00
     48.067     0.5575    31.2003   14.34730    13.1818    18.0177          0  0.000e+00
     48.040     0.5688    31.1838   14.34730    13.1703    31.1864          0  0.000e+00
     47.974     0.5773    31.1761   14.34730    13.1664    21.8941          0  0.000e+00
     47.885     0.5835    31.1737   14.34730    13.1462    12.5573          0  0.000e+00
     47.793     0.5869    31.1774   14.33894    13.1410    18.6256          0  0.000e+00
     47.726     0.5881    31.1857   14.33894    13.1275     5.7327          0  0.000e+00
     47.705     0.5889    31.1824   14.33894    13.1252    20.2727          0  0.000e+00
     47.752     0.5893    31.1759   14.33894    13.1213    12.0874          0  0.000e+00
     47.859     0.5863    31.1707   14.33219    13.1182    16.6967          0  0.000e+00
     48.020     0.5818    31.1705   14.33219    13.1180    20.1897          0  0.000e+00
     48.226     0.5773    31.1732   14.33219    13.1003    39.8030          0  0.000e+00
     48.458     0.5741    31.1827   14.33219    13.0918    23.7247          0  0.000e+00
     48.692     0.5745    31.1920   14.31907    13.0962    32.6137          0  0.000e+00
     48.918     0.5775    31.1957   14.31907    13.0917    16.8662          0  0.000e+00
     49.126     0.5824    31.1995   14.31907    13.0801    20.0821          0  0.000e+00
     49.310     0.5887    31.2002   14.31907    13.0811    11.9716          0  0.000e+00
     49.465     0.5940    31.1993   14.32416    13.0840    18.5051          0  0.000e+00
     49.592     0.5978    31.1974   14.32416    13.0905     8.5687          0  0.000e+00
     49.699     0.6001    31.1955   14.32416    13.1040    11.1802          0  0.000e+00
     49.809     0.6021    31.1985   14.32416    13.1045     7.0490          0  0.000e+00
     49.927     0.6046    31.2013   14.30845    13.0922    10.4239          0  0.000e+00
     50.060     0.6066    31.1982   14.30845    13.1037    13.9963          0  0.000e+00
     50.207     0.6077    31.1967   14.30845    13.0958    11.2726          0  0.000e+00
     50.362     0.6111    31.1966   14.30845    13.0938    16.9960          0  0.000e+00
     50.516     0.6168    31.1986   14.28263    13.0894    11.2293          0  0.000e+00
     50.657     0.6242    31.1978   14.28263    13.0797    16.8919          0  0.000e+00
     50.775     0.6316    31.1920   14.28263    13.0720    13.1114          0  0.000e+00
     50.867     0.6367    31.1795   14.28263    13.0613    11.3006          0  0.000e+00
     50.941     0.6401    31.1727   14.26167    13.0481    12.2113          0  0.000e+00
     50.988     0.6405    31.1840   14.26167    13.0358    10.4496          0  0.000e+00
     51.014     0.6379    31.1967   14.26167    13.0272    16.6687          0  0.000e+00
     51.032     0.6377    31.2086   14.26167    13.0077    33.9125          0  0.000e+00
     51.053     0.6394    31.2166   14.23751    12.9989    15.1957          0  0.000e+00
     51.081     0.6421    31.2208   14.23751    12.9899     8.9054          0  0.000e+00
     51.121     0.6454    31.2220   14.23751    12.9766    17.9779          0  0.000e+00
     51.180     0.6497    31.2186   14.23751    12.9775    22.3909          0  0.000e+00
     51.265     0.6525    31.2102   14.21686    12.9666    16.5342          0  0.000e+00
     51.365     0.6534    31.2040   14.21686    12.9419     7.3401          0  0.000e+00
     51.474     0.6530    31.2022   14.21686    12.9291     6.3359          0  0.000e+00
     51.591     0.6525    31.2025   14.21686    12.9304     6.9321          0  0.000e+00
     51.713     0.6534    31.2016   14.20186    12.9140     8.5851          0  0.000e+00
     51.833     0.6562    31.1993   14.20186    12.9179     6.9941          0  0.000e+00
     51.962     0.6582    31.1966   14.20186    12.9129     9.3180          0  0.000e+00
     52.095     0.6593    31.1933   14.20186    12.9066     4.8688          0  0.000e+00
     52.242     0.6614    31.1922   14.18944    12.9124     8.0766          0  0.000e+00
     52.401     0.6648    31.1955   14.18944    12.9012    11.0657          0  0.000e+00
