data/eDNA/PER-2023-757/CTD/757A002.cnv
* Sea-Bird SBE19plus  Data File:
* FileName = C:\Eastern_Shore_Islands_cruises\Ryan_Perley2023757\757A002.hex
* Software version 2.3.0 SB_Terminal.dll
* Temperature SN = 7141
* Conductivity SN = 7141
* System UpLoad Time = Apr 21 2023 10:15:25
* <ApplicationData>
* <SeatermAF>
** Platform: M. Perley
** Cruise: PER2023757
** Station:  ESI_07
** Cast: 01 02
** Latitude: N  44 43.0568
** Longitude: W  -62 23.5654
** Sounding:  77
** Chief Scientist: Ryan Stanley
** Comment:
# nquan = 8
# nvalues = 2812                                  
# units = specified
# name 0 = depSM: Depth [salt water, m], lat = 44.00
# name 1 = tv290C: Temperature [ITS-90, deg C]
# name 2 = sal00: Salinity, Practical [PSU]
# name 3 = opoxMg/L: Oxygen Optode, Aanderaa [mg/l]
# name 4 = sbeox0Mg/L: Oxygen, SBE 43 [mg/l]
# name 5 = wetStar: Fluorescence, WET Labs WETstar [mg/m^3]
# name 6 = nbf: Bottles Fired
# name 7 = flag:  0.000e+00
# span 0 =     -0.091,     69.260                 
# span 1 =     0.5479,     4.1438                 
# span 2 =     0.1370,    31.2843                 
# span 3 =   12.26870,   15.15920                 
# span 4 =    11.8225,    16.8062                 
# span 5 =     2.4934,    75.0318                 
# span 6 =          0,          2                 
# span 7 = 0.0000e+00, 0.0000e+00                 
# interval = seconds: 0.25
# start_time = Apr 21 2023 12:56:01 [Instrument's time stamp, header]
# bad_flag = -9.990e-29
*END*
[from data line 2517]
      7.583     2.1700    30.8214   14.75341    13.9393     6.5475          1  0.000e+00
      7.487     2.1650    30.8401   14.75341    13.9409     7.1776          1  0.000e+00
      7.333     2.1602    30.8606   14.75341    13.9408     6.6574          1  0.000e+00
      7.121     2.1584    30.8761   14.76349    13.9478     6.1875          1  0.000e+00
      6.864     2.1620    30.8764   14.76349    13.9567     6.6691          1  0.000e+00
      6.576     2.1689    30.8588   14.76349    13.9535     5.6392          1  0.000e+00
      6.289     2.1767    30.8031   14.76349    13.9649     7.1262          1  0.000e+00
      6.025     2.1801    30.7934   14.76717    13.9718     4.6385          1  0.000e+00
      5.806     2.1809    30.8126   14.76717    13.9692     4.3592          1  0.000e+00
      5.649     2.1866    30.8332   14.76717    13.9729     3.5128          1  0.000e+00
      5.543     2.1938    30.8370   14.76717    13.9539    10.4777          1  0.000e+00
      5.476     2.2022    30.8287   14.76922    13.9399     4.1721          1  0.000e+00
      5.425     2.2099    30.8034   14.76922    13.9295     6.8865          1  0.000e+00
      5.380     2.2129    30.7913   14.76922    13.9209     5.6123          1  0.000e+00
      5.332     2.2143    30.8067   14.76922    13.9060     3.7934          1  0.000e+00
      5.267     2.2071    30.8192   14.77443    13.9146     8.9346          1  0.000e+00
      5.174     2.1978    30.8372   14.77443    13.9275     6.0448          1  0.000e+00
      5.048     2.1929    30.8446   14.77443    13.9185     5.0196          1  0.000e+00
      4.903     2.1924    30.8444   14.77443    13.9457     5.2020          1  0.000e+00
      4.760     2.1928    30.8255   14.78611    13.9472     3.9418          1  0.000e+00
      4.638     2.1917    30.8034   14.78611    13.9583     5.9548          1  0.000e+00
      4.558     2.1888    30.8079   14.78611    13.9538     7.7340          1  0.000e+00
      4.510     2.1875    30.8153   14.78611    13.9452     5.4475          1  0.000e+00
      4.476     2.1893    30.8147   14.79398    13.9418     4.1382          1  0.000e+00
      4.440     2.1923    30.8013   14.79398    13.9435     6.7720          1  0.000e+00
      4.390     2.1935    30.8158   14.79398    13.9419     5.4206          1  0.000e+00
      4.321     2.1934    30.8376   14.79398    13.9374     3.5034          1  0.000e+00
      4.224     2.1862    30.8471   14.80102    13.9322     4.6502          1  0.000e+00
      4.099     2.1843    30.8507   14.80102    13.9433     3.6402          1  0.000e+00
      3.946     2.1849    30.8542   14.80102    13.9442     3.6250          1  0.000e+00
      3.770     2.1843    30.8538   14.80102    13.9455     3.5783          1  0.000e+00
      3.581     2.1835    30.8419   14.80973    13.9438     3.3059          1  0.000e+00
      3.401     2.1830    30.8137   14.80973    13.9469     5.0734          1  0.000e+00
      3.247     2.1814    30.8126   14.80973    13.9479     3.1563          1  0.000e+00
      3.132     2.1808    30.8150   14.80973    13.9482     3.4368          1  0.000e+00
      3.046     2.1859    30.8146   14.80733    13.9535     3.4953          1  0.000e+00
      2.967     2.1920    30.8060   14.80733    13.9415     3.6589          1  0.000e+00
      2.882     2.1944    30.7961   14.80733    13.9389     3.8623          2  0.000e+00
      2.788     2.1942    30.8149   14.80733    13.9311     4.1242          2  0.000e+00
      2.690     2.1935    30.8343   14.80541    13.9281     3.5081          2  0.000e+00
      2.591     2.1857    30.8490   14.80541    13.9300     4.3147          2  0.000e+00
      2.483     2.1808    30.8512   14.80541    13.9245     4.3942          2  0.000e+00
      2.361     2.1778    30.8481   14.80541    13.9219     3.3421          2  0.000e+00
      2.246     2.1745    30.8284   14.80851    13.9315     2.8406          2  0.000e+00
      2.154     2.1708    30.8236   14.80851    13.9316     2.7985          2  0.000e+00
      2.106     2.1687    30.8234   14.80851    13.9236     2.4934          2  0.000e+00
      2.082     2.1690    30.8247   14.80851    13.9141     3.6496          2  0.000e+00
      2.065     2.1708    30.8200   14.81344    13.9028     3.1434          2  0.000e+00
      2.024     2.1726    30.8175   14.81344    13.8973     3.0698          2  0.000e+00
      1.964     2.1746    30.8374   14.81344    13.8838     3.5011          2  0.000e+00
      1.895     2.1725    30.8558   14.81344    13.8850     3.2965          2  0.000e+00
      1.813     2.1653    30.8667   14.81671    13.8868     3.5245          2  0.000e+00
      1.701     2.1629    30.8679   14.81671    13.8854     3.6075          2  0.000e+00
      1.556     2.1654    30.8537   14.81671    13.9039     4.2750          2  0.000e+00
      1.416     2.1666    30.8301   14.81671    13.9045     3.4392          2  0.000e+00
      1.320     2.1657    30.8310   14.82614    13.9272     2.9774          2  0.000e+00
      1.287     2.1685    30.8420   14.82614    13.9253     4.7379          2  0.000e+00
      1.269     2.1778    30.8391   14.82614    13.9214     3.4380          2  0.000e+00
      1.215     2.1856    30.8264   14.82614    13.9134     5.9911          2  0.000e+00
      1.113     2.1901    30.8468   14.82710    13.9152     3.4836          2  0.000e+00
      0.964     2.1901    30.8527   14.82710    13.9303     3.6858          2  0.000e+00
      0.777     2.1889    30.8606   14.82710    13.9335     4.3264          2  0.000e+00
      0.534     2.1886    30.8641   14.82710    13.9341     3.4660          2  0.000e+00
      0.251     2.1898    30.8532   14.82880    13.9424     3.3877          2  0.000e+00
      0.028     2.1914    30.8696   14.82880    13.9391     8.1210          2  0.000e+00
     -0.068     2.1917    16.3442   14.82880    15.3965     9.5822          2  0.000e+00
     -0.072     2.1986     4.4179   14.82880    16.6863     9.8943          2  0.000e+00
     -0.070     2.2011     3.5558   14.84736    16.7675     9.9037          2  0.000e+00
     -0.071     2.2009     3.2504   14.84736    16.7826     9.9002          2  0.000e+00
     -0.070     2.1994     3.0449   14.84736    16.8004     9.8885          2  0.000e+00
     -0.070     2.1974     2.8441   14.84736    16.8029     9.8686          2  0.000e+00
     -0.071     2.1949     2.6602   14.82285    16.8062     9.8815          2  0.000e+00
     -0.072     2.1923     2.4938   14.82285    16.7831     9.9072          2  0.000e+00
     -0.073     2.1895     2.3333   14.82285    16.7400     9.8464          2  0.000e+00
     -0.071     2.1868     2.2069   14.82285    16.6387     9.7926          2  0.000e+00
     -0.072     2.1841     2.0785   14.72694    16.5374     9.7880          2  0.000e+00
     -0.073     2.1814     1.8890   14.72694    16.4099     9.8312          2  0.000e+00
     -0.072     2.1786     1.7770   14.72694    16.2348     9.7751          2  0.000e+00
     -0.071     2.1758     1.7075   14.72694    16.1079     9.6769          2  0.000e+00
     -0.072     2.1728     1.5922   14.62224    15.9627     9.8219          2  0.000e+00
     -0.073     2.1697     1.5773   14.62224    15.8598     9.6804          2  0.000e+00
     -0.073     2.1664     1.5888   14.62224    15.7741     9.5144          2  0.000e+00
     -0.072     2.1633     1.6081   14.62224    15.7277     9.8382          2  0.000e+00
     -0.074     2.1601     1.6760   14.52186    15.6927     9.8523          2  0.000e+00
     -0.073     2.1572     1.6924   14.52186    15.6978     9.8616          2  0.000e+00
     -0.074     2.1544     1.7418   14.52186    15.7114     9.8534          2  0.000e+00
     -0.074     2.1517     1.7457   14.52186    15.7130     9.8429          2  0.000e+00
     -0.072     2.1486     1.6724   14.40586    15.7535     9.8675          2  0.000e+00
     -0.074     2.1449     1.6034   14.40586    15.7969     9.8511          2  0.000e+00
     -0.074     2.1410     1.4892   14.40586    15.8327     9.8429          2  0.000e+00
     -0.071     2.1373     1.4025   14.40586    15.8716     9.8324          2  0.000e+00
     -0.071     2.1342     1.2916   14.29549    15.9035     9.8487          2  0.000e+00
     -0.072     2.1309     1.2029   14.29549    15.9359     9.8452          2  0.000e+00
     -0.070     2.1276     1.1007   14.29549    15.9616     9.8511          2  0.000e+00
     -0.071     2.1242     1.0196   14.29549    15.9954     9.8289          2  0.000e+00
     -0.070     2.1209     0.9564   14.19492    15.9868     9.8441          2  0.000e+00
     -0.071     2.1173     0.9059   14.19492    16.0137     9.8511          2  0.000e+00
     -0.071     2.1138     0.8606   14.19492    16.0334     9.8160          2  0.000e+00
     -0.074     2.1104     0.8126   14.19492    16.0404     9.8137          2  0.000e+00
     -0.072     2.1072     0.7621   14.12317    16.0558     9.8394          2  0.000e+00
     -0.071     2.1040     0.7326   14.12317    16.0690     9.8254          2  0.000e+00
     -0.072     2.1010     0.7044   14.12317    16.0836     9.8382          2  0.000e+00
     -0.073     2.0984     0.6887   14.12317    16.0984     9.8452          2  0.000e+00
     -0.071     2.0962     0.6565   14.04624    16.1027     9.8523          2  0.000e+00
     -0.073     2.0943     0.6321   14.04624    16.1143     9.8534          2  0.000e+00
     -0.073     2.0921     0.6446   14.04624    16.1191     9.8487          2  0.000e+00
     -0.072     2.0895     0.6196   14.04624    16.1217     9.8172          2  0.000e+00
     -0.072     2.0868     0.6113   13.98102    16.1395     9.8254          2  0.000e+00
     -0.075     2.0844     0.6302   13.98102    16.1317     9.8616          2  0.000e+00
     -0.073     2.0826     0.6202   13.98102    16.1381     9.8850          2  0.000e+00
     -0.072     2.0808     0.6124   13.98102    16.1449     9.8791          2  0.000e+00
     -0.072     2.0794     0.6065   13.94144    16.1480     9.8312          2  0.000e+00
     -0.073     2.0778     0.5725   13.94144    16.1515     9.8733          2  0.000e+00
     -0.074     2.0763     0.5662   13.94144    16.1558     9.8511          2  0.000e+00
     -0.072     2.0746     0.5335   13.94144    16.1534     9.8639          2  0.000e+00
     -0.073     2.0727     0.5112   13.88790    16.1519     9.8756          2  0.000e+00
     -0.071     2.0708     0.5026   13.88790    16.1569     9.8523          2  0.000e+00
     -0.073     2.0687     0.5130   13.88790    16.1527     9.8815          2  0.000e+00
     -0.074     2.0669     0.4823   13.88790    16.1652     9.8429          2  0.000e+00
     -0.072     2.0653     0.4720   13.86922    16.1654     9.8546          2  0.000e+00
     -0.074     2.0634     0.4936   13.86922    16.1642     9.8651          2  0.000e+00
     -0.075     2.0613     0.4952   13.86922    16.1798     9.9084          2  0.000e+00
     -0.074     2.0594     0.4852   13.86922    16.1756     9.8838          2  0.000e+00
     -0.074     2.0576     0.4772   13.83690    16.1733     9.8780          2  0.000e+00
     -0.072     2.0558     0.4717   13.83690    16.1732     9.8254          2  0.000e+00
     -0.072     2.0541     0.4616   13.83690    16.1729     9.8791          2  0.000e+00
     -0.073     2.0523     0.4563   13.83690    16.1711     9.8745          2  0.000e+00
     -0.076     2.0506     0.4558   13.80115    16.1784     9.8862          2  0.000e+00
     -0.073     2.0491     0.4515   13.80115    16.1811     9.8476          2  0.000e+00
     -0.075     2.0476     0.4362   13.80115    16.1800     9.8663          2  0.000e+00
     -0.076     2.0460     0.4259   13.80115    16.1877     9.8756          2  0.000e+00
     -0.072     2.0444     0.4135   13.76822    16.1864     9.8464          2  0.000e+00
     -0.071     2.0428     0.3972   13.76822    16.1775     9.8663          2  0.000e+00
     -0.072     2.0410     0.3828   13.76822    16.1825     9.8838          2  0.000e+00
     -0.073     2.0394     0.3744   13.76822    16.1714     9.9329          2  0.000e+00
     -0.073     2.0379     0.3725   13.73984    16.1754     9.8803          2  0.000e+00
     -0.074     2.0366     0.3663   13.73984    16.1881     9.8932          2  0.000e+00
     -0.073     2.0354     0.3600   13.73984    16.1970     9.8803          2  0.000e+00
     -0.073     2.0342     0.3611   13.73984    16.2013     9.8920          2  0.000e+00
     -0.073     2.0335     0.3646   13.71751    16.2033     9.8955          2  0.000e+00
     -0.074     2.0328     0.3626   13.71751    16.2123     9.8838          2  0.000e+00
     -0.072     2.0332     0.3635   13.71751    16.2017     9.8815          2  0.000e+00
     -0.074     2.0338     0.3548   13.71751    16.2076     9.8815          2  0.000e+00
     -0.073     2.0337     0.3482   13.70346    16.1994     9.8768          2  0.000e+00
     -0.074     2.0330     0.3450   13.70346    16.1889     9.8651          2  0.000e+00
     -0.073     2.0322     0.3548   13.70346    16.1962     9.8897          2  0.000e+00
     -0.072     2.0318     0.3612   13.70346    16.1981     9.8908          2  0.000e+00
     -0.074     2.0310     0.3581   13.66992    16.1991     9.8826          2  0.000e+00
     -0.074     2.0302     0.3542   13.66992    16.1954     9.9119          2  0.000e+00
     -0.074     2.0297     0.3540   13.66992    16.2030     9.8791          2  0.000e+00
     -0.074     2.0290     0.3476   13.66992    16.1926     9.9037          2  0.000e+00
     -0.072     2.0281     0.3400   13.65405    16.1981     9.8675          2  0.000e+00
     -0.073     2.0270     0.3431   13.65405    16.1977     9.8826          2  0.000e+00
     -0.073     2.0261     0.3443   13.65405    16.1906     9.9037          2  0.000e+00
     -0.074     2.0251     0.3395   13.65405    16.1878     9.8803          2  0.000e+00
     -0.073     2.0244     0.3226   13.64458    16.1902     9.8932          2  0.000e+00
     -0.073     2.0231     0.3497   13.64458    16.1938     9.8885          2  0.000e+00
     -0.074     2.0222     0.3469   13.64458    16.1843     9.8862          2  0.000e+00
     -0.074     2.0214     0.3363   13.64458    16.2027     9.8885          2  0.000e+00
     -0.073     2.0204     0.3258   13.63539    16.1952     9.8733          2  0.000e+00
     -0.075     2.0194     0.3211   13.63539    16.1959     9.8873          2  0.000e+00
     -0.072     2.0187     0.3133   13.63539    16.1921     9.9037          2  0.000e+00
     -0.073     2.0178     0.3104   13.63539    16.2051     9.9014          2  0.000e+00
     -0.074     2.0169     0.3130   13.62534    16.1916     9.9107          2  0.000e+00
     -0.073     2.0163     0.3126   13.62534    16.2078     9.8908          2  0.000e+00
     -0.074     2.0156     0.3040   13.62534    16.2029     9.9224          2  0.000e+00
     -0.073     2.0149     0.2967   13.62534    16.1979     9.9025          2  0.000e+00
     -0.074     2.0141     0.2914   13.61334    16.2076     9.8803          2  0.000e+00
     -0.073     2.0134     0.3035   13.61334    16.2110     9.9014          2  0.000e+00
     -0.074     2.0128     0.3067   13.61334    16.2151     9.9212          2  0.000e+00
     -0.071     2.0122     0.2933   13.61334    16.2112     9.9002          2  0.000e+00
     -0.073     2.0115     0.2822   13.60230    16.2079     9.9130          2  0.000e+00
     -0.072     2.0110     0.2730   13.60230    16.2099     9.8838          2  0.000e+00
     -0.074     2.0101     0.2736   13.60230    16.2058     9.9212          2  0.000e+00
     -0.072     2.0093     0.2807   13.60230    16.2111     9.9364          2  0.000e+00
     -0.073     2.0088     0.2818   13.59085    16.2069     9.8756          2  0.000e+00
     -0.073     2.0083     0.2778   13.59085    16.2088     9.8838          2  0.000e+00
     -0.073     2.0076     0.2772   13.59085    16.2036     9.8873          2  0.000e+00
     -0.072     2.0072     0.2720   13.59085    16.2050     9.9060          2  0.000e+00
