data/eDNA/PER-2021-171/171a017.cnv
* Sea-Bird SBE19plus  Data File:
* FileName = C:\Users\RSG_field\Ryan_2021_Perley\CTD\171a017.hex
* Software version 2.3.0 SB_Terminal.dll
* Temperature SN = 7141
* Conductivity SN = 7141
* System UpLoad Time = Aug 13 2021 11:35:58
* <ApplicationData>
* <SeatermAF>
** Platform: M. Perley
** Cruise: Per2021171
** Station:  ESI_03
** Cast: 01 1
** Latitude: N  44 45.181
** Longitude: W 62 5.961
** Sounding: 69.5
** Chief Scientist: Ryan Stanley
** Comment: 171a017
# nquan = 8
# nvalues = 2833                                  
# units = specified
# name 0 = density00: Density [density, kg/m^3]
# name 1 = depSM: Depth [salt water, m], lat = 45.00
# name 2 = prdM: Pressure, Strain Gauge [db]
# name 3 = sal00: Salinity, Practical [PSU]
# name 4 = tv290C: Temperature [ITS-90, deg C]
# name 5 = bpos: Bottle Position in Carousel
# name 6 = nbf: Bottles Fired
# name 7 = flag:  0.000e+00
# span 0 =   998.7150,  1025.5929                 
# span 1 =     -0.087,     67.772                 
# span 2 =     -0.088,     68.338                 
# span 3 =     0.0083,    31.7825                 
# span 4 =     3.4828,    17.8472                 
# span 5 =          0,          2                 
# span 6 =          0,          2                 
# span 7 = 0.0000e+00, 0.0000e+00                 
# interval = seconds: 0.25
# start_time = Aug 13 2021 14:21:00 [Instrument's time stamp, header]
# bad_flag = -9.990e-29
*END*
[from data line 180]
  1021.8346      2.229      2.247    30.3686    17.5953          0          0  0.000e+00
  1021.8279      2.108      2.125    30.3628    17.6026          0          0  0.000e+00
  1021.8292      1.991      2.008    30.3679    17.6112          0          0  0.000e+00
  1021.8239      1.898      1.914    30.3638    17.6189          0          0  0.000e+00
  1021.8248      1.835      1.850    30.3671    17.6244          0          0  0.000e+00
  1021.8264      1.809      1.824    30.3706    17.6286          0          0  0.000e+00
  1021.8252      1.828      1.843    30.3694    17.6302          0          0  0.000e+00
  1021.8015      1.900      1.916    30.3376    17.6288          0          0  0.000e+00
  1021.7962      2.024      2.041    30.3271    17.6198          0          0  0.000e+00
  1021.8237      2.173      2.190    30.3589    17.6088          0          0  0.000e+00
  1021.8393      2.332      2.351    30.3746    17.5967          0          0  0.000e+00
  1021.8546      2.483      2.503    30.3908    17.5869          0          0  0.000e+00
  1021.8820      2.608      2.630    30.4237    17.5800          0          0  0.000e+00
  1021.8990      2.698      2.720    30.4442    17.5763          0          0  0.000e+00
  1021.8941      2.741      2.763    30.4395    17.5825          0          0  0.000e+00
  1021.8755      2.742      2.764    30.4219    17.6045          0          0  0.000e+00
  1021.8581      2.712      2.734    30.4052    17.6237          0          0  0.000e+00
  1021.8406      2.654      2.675    30.3859    17.6341          0          0  0.000e+00
  1021.8270      2.585      2.606    30.3695    17.6375          0          0  0.000e+00
  1021.8214      2.519      2.540    30.3627    17.6379          0          0  0.000e+00
  1021.8248      2.464      2.484    30.3665    17.6345          0          0  0.000e+00
  1021.8331      2.427      2.447    30.3752    17.6268          0          0  0.000e+00
  1021.8453      2.396      2.416    30.3889    17.6190          0          0  0.000e+00
  1021.8584      2.364      2.384    30.4045    17.6133          0          0  0.000e+00
  1021.8657      2.325      2.344    30.4134    17.6104          0          0  0.000e+00
  1021.8684      2.278      2.297    30.4165    17.6085          0          0  0.000e+00
  1021.8683      2.226      2.244    30.4167    17.6085          0          0  0.000e+00
  1021.8620      2.160      2.177    30.4099    17.6119          0          0  0.000e+00
  1021.8563      2.095      2.112    30.4038    17.6148          0          0  0.000e+00
  1021.8500      2.029      2.046    30.3962    17.6157          0          0  0.000e+00
  1021.8427      1.979      1.995    30.3868    17.6150          0          0  0.000e+00
  1021.8373      1.953      1.969    30.3791    17.6127          0          0  0.000e+00
  1021.8302      1.967      1.983    30.3680    17.6070          0          0  0.000e+00
  1021.8213      2.034      2.050    30.3524    17.5953          0          0  0.000e+00
  1021.8195      2.154      2.172    30.3439    17.5779          0          0  0.000e+00
  1021.8291      2.304      2.323    30.3499    17.5591          0          0  0.000e+00
  1021.8389      2.456      2.476    30.3572    17.5442          0          0  0.000e+00
  1021.8478      2.587      2.608    30.3650    17.5341          0          0  0.000e+00
  1021.8564      2.679      2.701    30.3742    17.5293          0          0  0.000e+00
  1021.8833      2.735      2.758    30.4084    17.5274          0          0  0.000e+00
  1021.9050      2.748      2.771    30.4365    17.5266          0          0  0.000e+00
  1021.9130      2.726      2.748    30.4477    17.5284          0          0  0.000e+00
  1021.8983      2.670      2.691    30.4337    17.5443          0          0  0.000e+00
  1021.8748      2.583      2.604    30.4106    17.5678          0          0  0.000e+00
  1021.8560      2.494      2.514    30.3931    17.5890          0          0  0.000e+00
  1021.8447      2.415      2.435    30.3826    17.6013          0          0  0.000e+00
  1021.8329      2.362      2.382    30.3695    17.6080          0          0  0.000e+00
  1021.8227      2.330      2.350    30.3575    17.6116          0          0  0.000e+00
  1021.8183      2.312      2.331    30.3524    17.6138          0          0  0.000e+00
  1021.8204      2.300      2.319    30.3555    17.6144          0          0  0.000e+00
  1021.8270      2.276      2.295    30.3638    17.6129          0          0  0.000e+00
  1021.8365      2.245      2.263    30.3759    17.6114          0          0  0.000e+00
  1021.8409      2.200      2.218    30.3817    17.6105          0          0  0.000e+00
  1021.8436      2.153      2.171    30.3853    17.6098          0          0  0.000e+00
  1021.8416      2.101      2.119    30.3829    17.6098          0          0  0.000e+00
  1021.8387      2.053      2.070    30.3805    17.6131          0          0  0.000e+00
  1021.8302      2.024      2.041    30.3707    17.6168          0          0  0.000e+00
  1021.8240      2.030      2.047    30.3634    17.6195          0          0  0.000e+00
  1021.8196      2.078      2.095    30.3578    17.6209          0          0  0.000e+00
  1021.8207      2.177      2.195    30.3585    17.6206          0          0  0.000e+00
  1021.8269      2.307      2.326    30.3665    17.6227          0          0  0.000e+00
  1021.8445      2.440      2.460    30.3941    17.6400          0          0  0.000e+00
  1021.8408      2.559      2.580    30.4007    17.6795          0          0  0.000e+00
  1021.8172      2.653      2.674    30.3807    17.7163          0          0  0.000e+00
  1021.7828      2.708      2.730    30.3434    17.7421          0          0  0.000e+00
  1021.7548      2.724      2.746    30.3114    17.7575          0          0  0.000e+00
  1021.7428      2.700      2.722    30.2986    17.7662          0          0  0.000e+00
  1021.7538      2.646      2.668    30.3099    17.7550          0          0  0.000e+00
  1021.7692      2.565      2.586    30.3240    17.7344          0          0  0.000e+00
  1021.7784      2.478      2.498    30.3317    17.7186          0          0  0.000e+00
  1021.7865      2.396      2.416    30.3400    17.7096          0          0  0.000e+00
  1021.7940      2.338      2.357    30.3486    17.7045          0          0  0.000e+00
  1021.7976      2.298      2.316    30.3525    17.7012          0          0  0.000e+00
  1021.8035      2.273      2.292    30.3598    17.6994          0          0  0.000e+00
  1021.8013      2.243      2.262    30.3571    17.6992          0          0  0.000e+00
  1021.7982      2.204      2.222    30.3537    17.7009          0          0  0.000e+00
  1021.7947      2.156      2.173    30.3496    17.7015          0          0  0.000e+00
  1021.7901      2.104      2.121    30.3438    17.7013          0          0  0.000e+00
  1021.7865      2.054      2.071    30.3395    17.7014          0          0  0.000e+00
  1021.7882      2.008      2.025    30.3414    17.6995          0          0  0.000e+00
  1021.7937      1.986      2.002    30.3476    17.6962          0          0  0.000e+00
  1021.7968      2.001      2.017    30.3513    17.6949          0          0  0.000e+00
  1021.8015      2.064      2.081    30.3573    17.6959          0          0  0.000e+00
  1021.7923      2.190      2.208    30.3441    17.6944          0          0  0.000e+00
  1021.7715      2.357      2.376    30.3088    17.6715          0          0  0.000e+00
  1021.7854      2.532      2.553    30.3139    17.6324          0          0  0.000e+00
  1021.8062      2.671      2.693    30.3310    17.6022          0          0  0.000e+00
  1021.8302      2.761      2.783    30.3587    17.5917          0          0  0.000e+00
  1021.8608      2.796      2.819    30.3975    17.5887          0          0  0.000e+00
  1021.8631      2.780      2.803    30.4004    17.5880          0          0  0.000e+00
  1021.8484      2.717      2.740    30.3846    17.5978          0          0  0.000e+00
  1021.8435      2.602      2.623    30.3831    17.6115          0          0  0.000e+00
  1021.8387      2.463      2.483    30.3800    17.6191          0          0  0.000e+00
  1021.8260      2.326      2.345    30.3659    17.6249          0          0  0.000e+00
  1021.8150      2.217      2.235    30.3534    17.6290          0          0  0.000e+00
  1021.8151      2.143      2.160    30.3544    17.6305          0          0  0.000e+00
  1021.8160      2.094      2.111    30.3542    17.6251          0          0  0.000e+00
  1021.8160      2.064      2.081    30.3501    17.6108          0          0  0.000e+00
  1021.8213      2.047      2.064    30.3525    17.5959          0          0  0.000e+00
  1021.8282      2.047      2.064    30.3581    17.5848          0          0  0.000e+00
  1021.8420      2.059      2.076    30.3735    17.5767          0          0  0.000e+00
  1021.8663      2.084      2.102    30.4077    17.5848          0          0  0.000e+00
  1021.8672      2.128      2.145    30.4173    17.6132          0          0  0.000e+00
  1021.8866      2.196      2.214    30.4527    17.6468          0          0  0.000e+00
  1021.8675      2.291      2.310    30.4430    17.6983          0          0  0.000e+00
  1021.8293      2.397      2.417    30.4072    17.7462          0          0  0.000e+00
  1021.7883      2.500      2.520    30.3617    17.7743          0          0  0.000e+00
  1021.7798      2.583      2.604    30.3507    17.7760          0          0  0.000e+00
  1021.7853      2.644      2.666    30.3549    17.7676          0          0  0.000e+00
  1021.7988      2.665      2.687    30.3702    17.7606          0          0  0.000e+00
  1021.7994      2.649      2.671    30.3714    17.7613          0          0  0.000e+00
  1021.7956      2.600      2.621    30.3677    17.7643          0          0  0.000e+00
  1021.7932      2.520      2.541    30.3654    17.7654          0          0  0.000e+00
  1021.7934      2.408      2.427    30.3660    17.7650          0          0  0.000e+00
  1021.7902      2.274      2.293    30.3626    17.7646          0          0  0.000e+00
  1021.7836      2.142      2.159    30.3540    17.7622          0          0  0.000e+00
  1021.7724      2.027      2.044    30.3375    17.7543          0          0  0.000e+00
  1021.7749      1.949      1.965    30.3362    17.7379          0          0  0.000e+00
  1021.7821      1.927      1.942    30.3397    17.7186          0          0  0.000e+00
  1021.7937      1.954      1.970    30.3492    17.7005          0          0  0.000e+00
  1021.8033      2.030      2.047    30.3568    17.6861          0          0  0.000e+00
  1021.8229      2.141      2.158    30.3796    17.6790          0          0  0.000e+00
  1021.8155      2.267      2.285    30.3708    17.6841          0          0  0.000e+00
  1021.7766      2.388      2.407    30.3188    17.6829          0          0  0.000e+00
  1021.8034      2.498      2.518    30.3454    17.6578          0          0  0.000e+00
  1021.8543      2.576      2.597    30.4062    17.6401          0          0  0.000e+00
  1021.8497      2.629      2.651    30.4052    17.6574          0          0  0.000e+00
  1021.8226      2.650      2.672    30.3765    17.6799          0          0  0.000e+00
  1021.8032      2.659      2.681    30.3527    17.6853          0          0  0.000e+00
  1021.7992      2.656      2.678    30.3451    17.6773          0          0  0.000e+00
  1021.7973      2.644      2.666    30.3384    17.6637          0          0  0.000e+00
  1021.8017      2.612      2.634    30.3387    17.6451          0          0  0.000e+00
  1021.8203      2.564      2.585    30.3578    17.6275          0          0  0.000e+00
  1021.8267      2.484      2.504    30.3639    17.6185          0          0  0.000e+00
  1021.8299      2.376      2.395    30.3675    17.6146          0          0  0.000e+00
  1021.8396      2.255      2.274    30.3806    17.6136          0          0  0.000e+00
  1021.8434      2.134      2.152    30.3881    17.6195          0          0  0.000e+00
  1021.8398      2.012      2.029    30.3875    17.6304          0          0  0.000e+00
  1021.8400      1.903      1.919    30.3920    17.6424          0          0  0.000e+00
  1021.8429      1.831      1.846    30.4009    17.6575          0          0  0.000e+00
  1021.8515      1.806      1.820    30.4185    17.6776          0          0  0.000e+00
  1021.8568      1.837      1.853    30.4347    17.7078          0          0  0.000e+00
  1021.8344      1.929      1.944    30.4168    17.7468          0          0  0.000e+00
  1021.8081      2.082      2.099    30.3916    17.7790          0          0  0.000e+00
  1021.7947      2.260      2.279    30.3784    17.7964          0          0  0.000e+00
  1021.7939      2.437      2.457    30.3789    17.8050          0          0  0.000e+00
  1021.7882      2.586      2.607    30.3729    17.8123          0          0  0.000e+00
  1021.7843      2.696      2.718    30.3685    17.8166          0          0  0.000e+00
  1021.7834      2.754      2.777    30.3674    17.8182          0          0  0.000e+00
  1021.7838      2.764      2.787    30.3681    17.8188          0          0  0.000e+00
  1021.7828      2.727      2.749    30.3672    17.8193          0          0  0.000e+00
  1021.7811      2.653      2.674    30.3655    17.8196          0          0  0.000e+00
  1021.7809      2.555      2.576    30.3655    17.8188          0          0  0.000e+00
  1021.7817      2.460      2.480    30.3668    17.8177          0          0  0.000e+00
  1021.7809      2.371      2.390    30.3661    17.8172          0          0  0.000e+00
  1021.7814      2.303      2.322    30.3669    17.8162          0          0  0.000e+00
  1021.7812      2.251      2.269    30.3668    17.8157          0          0  0.000e+00
  1021.7817      2.212      2.230    30.3675    17.8153          0          0  0.000e+00
  1021.7815      2.187      2.205    30.3673    17.8151          0          0  0.000e+00
  1021.7821      2.168      2.186    30.3682    17.8149          0          0  0.000e+00
  1021.7835      2.159      2.176    30.3701    17.8152          0          0  0.000e+00
  1021.7828      2.168      2.186    30.3696    17.8167          0          0  0.000e+00
  1021.7801      2.193      2.211    30.3664    17.8178          0          0  0.000e+00
  1021.7796      2.231      2.249    30.3652    17.8172          0          0  0.000e+00
  1021.7776      2.278      2.297    30.3619    17.8157          0          0  0.000e+00
  1021.7823      2.325      2.344    30.3667    17.8123          0          0  0.000e+00
  1021.7847      2.374      2.393    30.3691    17.8110          0          0  0.000e+00
  1021.7831      2.416      2.436    30.3670    17.8114          0          0  0.000e+00
  1021.7841      2.447      2.467    30.3678    17.8107          0          0  0.000e+00
  1021.7863      2.461      2.481    30.3705    17.8105          0          0  0.000e+00
  1021.7873      2.458      2.478    30.3722    17.8117          0          0  0.000e+00
  1021.7860      2.440      2.459    30.3714    17.8141          0          0  0.000e+00
  1021.7847      2.413      2.433    30.3706    17.8162          0          0  0.000e+00
  1021.7835      2.382      2.402    30.3697    17.8177          0          0  0.000e+00
  1021.7819      2.356      2.375    30.3681    17.8189          0          0  0.000e+00
  1021.7815      2.343      2.362    30.3677    17.8190          0          0  0.000e+00
  1021.7821      2.345      2.364    30.3684    17.8188          0          0  0.000e+00
  1021.7821      2.361      2.380    30.3682    17.8188          0          0  0.000e+00
  1021.7789      2.382      2.402    30.3639    17.8187          0          0  0.000e+00
