data/eDNA/PER-2021-171/171a025.ros
* Sea-Bird SBE19plus  Data File:
* FileName = C:\Users\RSG_field\Ryan_2021_Perley\CTD\171a025.hex
* Software version 2.3.0 SB_Terminal.dll
* Temperature SN = 7141
* Conductivity SN = 7141
* System UpLoad Time = Aug 18 2021 13:34:36
* <ApplicationData>
* <SeatermAF>
** Platform: M. Perley
** Cruise: Per2021171
** Station:  SAB_01
** Cast: 01 1
** Latitude: N  45 50.281
** Longitude: W 60 08.986
** Sounding: 13.4
** Chief Scientist: Ryan Stanley
** Comment: 171a025
# nquan = 9
# nvalues = 27                                    
# units = specified
# name 0 = density00: Density [density, kg/m^3]
# name 1 = depSM: Depth [salt water, m], lat = 45.00
# name 2 = prdM: Pressure, Strain Gauge [db]
# name 3 = sal00: Salinity, Practical [PSU]
# name 4 = tv290C: Temperature [ITS-90, deg C]
# name 5 = bpos: Bottle Position in Carousel
# name 6 = nbf: Bottles Fired
# name 7 = scan: Scan Count
# name 8 = flag:  0.000e+00
# interval = seconds: 0.25
# start_time = Aug 18 2021 16:24:39 [Instrument's time stamp, header]
# bad_flag = -9.990e-29
*END*
  1023.4209     13.868     13.982    30.3906     9.9874          1          1       1360  0.000e+00
  1023.4208     13.866     13.979    30.3906     9.9885          1          1       1361  0.000e+00
  1023.4203     13.866     13.979    30.3904     9.9903          1          1       1362  0.000e+00
  1023.4208     13.866     13.979    30.3914     9.9922          1          1       1363  0.000e+00
  1023.4207     13.866     13.979    30.3917     9.9944          1          1       1364  0.000e+00
  1023.4194     13.866     13.979    30.3907     9.9973          1          1       1365  0.000e+00
  1023.4178     13.869     13.983    30.3892    10.0002          1          1       1366  0.000e+00
  1023.4149     13.870     13.984    30.3860    10.0027          1          1       1367  0.000e+00
  1023.4146     13.874     13.988    30.3856    10.0032          1          1       1368  0.000e+00
  1021.9276      5.827      5.874    29.8196    15.3805          2          2       1687  0.000e+00
  1021.8621      5.709      5.756    29.7651    15.4883          2          2       1688  0.000e+00
  1021.8912      5.592      5.638    29.8317    15.5882          2          2       1689  0.000e+00
  1021.8380      5.473      5.517    29.7985    15.7136          2          2       1690  0.000e+00
  1021.7549      5.350      5.393    29.7237    15.8289          2          2       1691  0.000e+00
  1021.7004      5.225      5.267    29.6757    15.9071          2          2       1692  0.000e+00
  1021.6806      5.101      5.142    29.6639    15.9538          2          2       1693  0.000e+00
  1021.6704      4.977      5.017    29.6596    15.9828          2          2       1694  0.000e+00
  1021.7407      4.848      4.888    29.7619    16.0178          2          2       1695  0.000e+00
  1021.5351      2.775      2.798    29.7963    17.0096          3          3       1713  0.000e+00
  1021.4152      2.660      2.682    29.6801    17.1422          3          3       1714  0.000e+00
  1021.4363      2.546      2.567    29.7331    17.2243          3          3       1715  0.000e+00
  1021.4176      2.426      2.446    29.7370    17.3155          3          3       1716  0.000e+00
  1021.3553      2.309      2.327    29.6868    17.4164          3          3       1717  0.000e+00
  1021.3612      2.188      2.206    29.7211    17.5016          3          3       1718  0.000e+00
  1021.3315      2.067      2.084    29.7111    17.5932          3          3       1719  0.000e+00
  1021.2769      1.945      1.961    29.6688    17.6858          3          3       1720  0.000e+00
  1021.2411      1.824      1.839    29.6442    17.7560          3          3       1721  0.000e+00
