data/eDNA/PER-2021-171/171a007.ros
* Sea-Bird SBE19plus  Data File:
* FileName = C:\Users\RSG_field\Ryan_2021_Perley\CTD\171a007.hex
* Software version 2.3.0 SB_Terminal.dll
* Temperature SN = 7141
* Conductivity SN = 7141
* System UpLoad Time = Aug 09 2021 17:37:39
* <ApplicationData>
* <SeatermAF>
** Platform: M. Perley
** Cruise: Per2021171
** Station:  ESI_06
** Cast: 01 01
** Latitude: N  44 49.384
** Longitude: W 62 29.060
** Sounding: 17.5
** Chief Scientist: Ryan Stanley
** Comment: 171a007
** Station shifted from original location due to navigational hazard
# nquan = 9
# nvalues = 27                                    
# units = specified
# name 0 = density00: Density [density, kg/m^3]
# name 1 = depSM: Depth [salt water, m], lat = 45.00
# name 2 = prdM: Pressure, Strain Gauge [db]
# name 3 = sal00: Salinity, Practical [PSU]
# name 4 = tv290C: Temperature [ITS-90, deg C]
# name 5 = bpos: Bottle Position in Carousel
# name 6 = nbf: Bottles Fired
# name 7 = scan: Scan Count
# name 8 = flag:  0.000e+00
# interval = seconds: 0.25
# start_time = Aug 09 2021 20:24:03 [Instrument's time stamp, header]
# bad_flag = -9.990e-29
*END*
  1023.7785     15.839     15.969    30.6354     8.9809          1          1       1559  0.000e+00
  1023.7516     15.796     15.925    30.6027     8.9879          1          1       1560  0.000e+00
  1023.7340     15.771     15.901    30.5785     8.9782          1          1       1561  0.000e+00
  1023.7659     15.775     15.905    30.6146     8.9541          1          1       1562  0.000e+00
  1023.8014     15.807     15.937    30.6581     8.9452          1          1       1563  0.000e+00
  1023.8270     15.868     15.998    30.6940     8.9637          1          1       1564  0.000e+00
  1023.7933     15.952     16.084    30.6577     9.0011          1          1       1565  0.000e+00
  1023.7399     16.040     16.172    30.5934     9.0249          1          1       1566  0.000e+00
  1023.7295     16.122     16.255    30.5779     9.0160          1          1       1567  0.000e+00
  1022.4602      5.687      5.733    30.5870    15.6422          2          2       1872  0.000e+00
  1022.4045      5.561      5.606    30.5482    15.7581          2          2       1873  0.000e+00
  1022.3824      5.448      5.493    30.5456    15.8471          2          2       1874  0.000e+00
  1022.3742      5.350      5.394    30.5583    15.9266          2          2       1875  0.000e+00
  1022.3345      5.255      5.298    30.5309    16.0098          2          2       1876  0.000e+00
  1022.3600      5.156      5.198    30.5847    16.0789          2          2       1877  0.000e+00
  1022.3193      5.039      5.080    30.5584    16.1688          2          2       1878  0.000e+00
  1022.4287      4.894      4.934    30.7268    16.2544          2          2       1879  0.000e+00
  1022.5574      4.717      4.756    30.9428    16.4159          2          2       1880  0.000e+00
  1021.9750      2.819      2.842    30.4935    17.4156          3          3       1897  0.000e+00
  1021.9757      2.710      2.733    30.4933    17.4097          3          3       1898  0.000e+00
  1021.9767      2.596      2.617    30.4935    17.4038          3          3       1899  0.000e+00
  1021.9824      2.484      2.504    30.4994    17.3967          3          3       1900  0.000e+00
  1021.9922      2.388      2.408    30.5115    17.3925          3          3       1901  0.000e+00
  1021.9968      2.312      2.331    30.5186    17.3943          3          3       1902  0.000e+00
  1021.9964      2.261      2.280    30.5201    17.4003          3          3       1903  0.000e+00
  1021.9986      2.238      2.256    30.5253    17.4074          3          3       1904  0.000e+00
  1022.0022      2.226      2.244    30.5329    17.4168          3          3       1905  0.000e+00
