data/eDNA/PER-2021-171/171a005.cnv
* Sea-Bird SBE19plus  Data File:
* FileName = C:\Users\RSG_field\Ryan_2021_Perley\CTD\171a005.hex
* Software version 2.3.0 SB_Terminal.dll
* Temperature SN = 7141
* Conductivity SN = 7141
* System UpLoad Time = Aug 09 2021 15:45:08
* <ApplicationData>
* <SeatermAF>
** Platform: M. Perley
** Cruise: Per2021171
** Station:  ESI_06
** Cast: 01 01
** Latitude: N  44 46.312
** Longitude: W 62 26.113
** Sounding: 36.5
** Chief Scientist: Ryan Stanley
** Comment: 171a005
** Also GC_03
# nquan = 8
# nvalues = 2377                                  
# units = specified
# name 0 = density00: Density [density, kg/m^3]
# name 1 = depSM: Depth [salt water, m], lat = 45.00
# name 2 = prdM: Pressure, Strain Gauge [db]
# name 3 = sal00: Salinity, Practical [PSU]
# name 4 = tv290C: Temperature [ITS-90, deg C]
# name 5 = bpos: Bottle Position in Carousel
# name 6 = nbf: Bottles Fired
# name 7 = flag:  0.000e+00
# span 0 =   998.7823,  1024.3320                 
# span 1 =      0.017,     30.341                 
# span 2 =      0.017,     30.591                 
# span 3 =     0.0000,    31.7320                 
# span 4 =     6.7976,    17.7832                 
# span 5 =          0,          4                 
# span 6 =          0,          4                 
# span 7 = 0.0000e+00, 0.0000e+00                 
# interval = seconds: 0.25
# start_time = Aug 09 2021 18:30:03 [Instrument's time stamp, header]
# bad_flag = -9.990e-29
*END*
   999.0055      0.023      0.023     0.0081    15.6588          0          0  0.000e+00
   999.0054      0.023      0.023     0.0081    15.6596          0          0  0.000e+00
   999.0053      0.023      0.023     0.0081    15.6604          0          0  0.000e+00
   999.0051      0.023      0.023     0.0081    15.6611          0          0  0.000e+00
   999.0050      0.025      0.025     0.0081    15.6618          0          0  0.000e+00
   999.0049      0.024      0.024     0.0081    15.6626          0          0  0.000e+00
   999.0047      0.023      0.023     0.0081    15.6634          0          0  0.000e+00
   999.0046      0.023      0.023     0.0081    15.6642          0          0  0.000e+00
   999.0045      0.022      0.022     0.0080    15.6650          0          0  0.000e+00
   999.0043      0.022      0.022     0.0080    15.6659          0          0  0.000e+00
   999.0042      0.022      0.022     0.0080    15.6668          0          0  0.000e+00
   999.0040      0.024      0.024     0.0080    15.6678          0          0  0.000e+00
   999.0039      0.025      0.025     0.0080    15.6686          0          0  0.000e+00
   999.0038      0.025      0.025     0.0080    15.6696          0          0  0.000e+00
   999.0036      0.022      0.022     0.0080    15.6707          0          0  0.000e+00
   999.0034      0.022      0.022     0.0080    15.6715          0          0  0.000e+00
   999.0041      0.021      0.021     0.0092    15.6726          0          0  0.000e+00
   999.8997      0.021      0.021     1.1695    15.6734          0          0  0.000e+00
  1000.2858      0.022      0.022     1.6712    15.6738          0          0  0.000e+00
   999.7577      0.023      0.023     0.9853    15.6741          0          0  0.000e+00
   999.6741      0.021      0.021     0.8782    15.6807          0          0  0.000e+00
   999.5499      0.023      0.023     0.7198    15.6941          0          0  0.000e+00
   999.3890      0.021      0.021     0.5142    15.7080          0          0  0.000e+00
   999.3207      0.022      0.022     0.4281    15.7192          0          0  0.000e+00
   999.2879      0.022      0.022     0.3874    15.7280          0          0  0.000e+00
   999.2636      0.023      0.023     0.3575    15.7354          0          0  0.000e+00
   999.2377      0.021      0.021     0.3252    15.7417          0          0  0.000e+00
   999.2105      0.022      0.022     0.2912    15.7472          0          0  0.000e+00
   999.1924      0.022      0.022     0.2687    15.7519          0          0  0.000e+00
   999.1672      0.023      0.023     0.2370    15.7560          0          0  0.000e+00
   999.0029      0.021      0.021     0.0254    15.7595          0          0  0.000e+00
   998.9891      0.024      0.024     0.0082    15.7623          0          0  0.000e+00
   998.9887      0.023      0.023     0.0081    15.7646          0          0  0.000e+00
   998.9884      0.024      0.024     0.0082    15.7666          0          0  0.000e+00
   998.9882      0.025      0.025     0.0082    15.7681          0          0  0.000e+00
   998.9879      0.023      0.023     0.0082    15.7695          0          0  0.000e+00
   998.9878      0.023      0.023     0.0082    15.7706          0          0  0.000e+00
   998.9877      0.023      0.023     0.0082    15.7711          0          0  0.000e+00
   998.9876      0.023      0.023     0.0082    15.7720          0          0  0.000e+00
   998.9875      0.022      0.022     0.0082    15.7723          0          0  0.000e+00
   998.9875      0.025      0.025     0.0083    15.7726          0          0  0.000e+00
   998.9874      0.023      0.023     0.0081    15.7729          0          0  0.000e+00
   998.9874      0.023      0.023     0.0082    15.7732          0          0  0.000e+00
   998.9873      0.023      0.023     0.0082    15.7733          0          0  0.000e+00
   998.9873      0.022      0.022     0.0082    15.7734          0          0  0.000e+00
   998.9873      0.022      0.022     0.0082    15.7735          0          0  0.000e+00
   998.9873      0.018      0.019     0.0082    15.7736          0          0  0.000e+00
   998.9872      0.022      0.022     0.0082    15.7741          0          0  0.000e+00
   998.9872      0.023      0.023     0.0082    15.7745          0          0  0.000e+00
   998.9870      0.021      0.021     0.0082    15.7751          0          0  0.000e+00
  1008.1370      0.079      0.079    11.9527    15.7877          0          0  0.000e+00
  1019.2221      0.143      0.145    26.5454    16.1612          0          0  0.000e+00
  1019.8030      0.209      0.211    27.4600    16.7085          0          0  0.000e+00
  1021.2052      0.253      0.255    29.3980    17.0692          0          0  0.000e+00
  1022.1559      0.225      0.227    30.7175    17.3256          0          0  0.000e+00
  1021.9716      0.147      0.148    30.5287    17.4940          0          0  0.000e+00
  1021.8894      0.120      0.121    30.4466    17.5761          0          0  0.000e+00
  1010.8888      0.153      0.154    16.0216    17.5676          0          0  0.000e+00
  1021.4747      0.179      0.181    29.8836    17.5091          0          0  0.000e+00
  1021.9397      0.226      0.228    30.4789    17.4689          0          0  0.000e+00
  1021.9728      0.314      0.317    30.5272    17.4874          0          0  0.000e+00
  1022.0843      0.462      0.466    30.6955    17.5634          0          0  0.000e+00
  1022.0547      0.640      0.645    30.6819    17.6481          0          0  0.000e+00
  1022.0098      0.787      0.793    30.6407    17.7074          0          0  0.000e+00
  1021.9743      0.894      0.901    30.6039    17.7405          0          0  0.000e+00
  1021.9432      0.969      0.977    30.5673    17.7550          0          0  0.000e+00
  1021.9139      0.999      1.007    30.5302    17.7595          0          0  0.000e+00
  1021.9012      0.981      0.989    30.5137    17.7598          0          0  0.000e+00
  1021.8931      0.914      0.922    30.5036    17.7602          0          0  0.000e+00
  1021.8933      0.812      0.819    30.5048    17.7608          0          0  0.000e+00
  1021.8911      0.691      0.697    30.5023    17.7602          0          0  0.000e+00
  1021.8891      0.554      0.558    30.5002    17.7588          0          0  0.000e+00
  1021.8934      0.405      0.409    30.5055    17.7554          0          0  0.000e+00
  1021.6991      0.256      0.258    30.2510    17.7512          0          0  0.000e+00
  1021.6338      0.174      0.176    30.1639    17.7441          0          0  0.000e+00
  1021.7393      0.219      0.220    30.2987    17.7348          0          0  0.000e+00
  1021.9469      0.297      0.300    30.5691    17.7324          0          0  0.000e+00
  1021.8974      0.359      0.362    30.5054    17.7370          0          0  0.000e+00
  1021.8556      0.346      0.349    30.4527    17.7434          0          0  0.000e+00
  1021.8386      0.291      0.293    30.4317    17.7461          0          0  0.000e+00
  1021.8478      0.219      0.220    30.4444    17.7469          0          0  0.000e+00
  1021.8854      0.128      0.129    30.4896    17.7323          0          0  0.000e+00
  1021.9434      0.024      0.024    30.5538    17.6927          0          0  0.000e+00
  1021.9906      0.023      0.023    30.6020    17.6490          0          0  0.000e+00
  1021.9715      0.053      0.054    30.5693    17.6247          0          0  0.000e+00
  1021.9608      0.265      0.267    30.5515    17.6161          0          0  0.000e+00
  1020.1393      0.521      0.525    28.1638    17.6042          0          0  0.000e+00
  1019.8307      0.725      0.731    27.7635    17.6204          0          0  0.000e+00
  1021.3395      0.866      0.873    29.7481    17.6569          0          0  0.000e+00
  1021.7717      0.970      0.978    30.3215    17.6852          0          0  0.000e+00
  1021.9325      1.073      1.082    30.5360    17.7013          0          0  0.000e+00
  1021.9160      1.078      1.087    30.5116    17.6919          0          0  0.000e+00
  1020.9364      0.920      0.928    29.2218    17.6615          0          0  0.000e+00
  1021.8919      0.669      0.675    30.4648    17.6346          0          0  0.000e+00
  1021.9302      0.412      0.415    30.5181    17.6401          0          0  0.000e+00
  1021.9142      0.238      0.240    30.5071    17.6692          0          0  0.000e+00
  1021.9026      0.183      0.184    30.4966    17.6833          0          0  0.000e+00
  1021.8906      0.165      0.166    30.4706    17.6495          0          0  0.000e+00
  1021.9103      0.155      0.156    30.4773    17.5877          0          0  0.000e+00
  1021.9478      0.197      0.199    30.5072    17.5264          0          0  0.000e+00
  1021.9955      0.291      0.293    30.5504    17.4656          0          0  0.000e+00
  1022.0375      0.356      0.359    30.5923    17.4244          0          0  0.000e+00
  1022.1284      0.367      0.370    30.7129    17.4305          0          0  0.000e+00
  1022.0868      0.321      0.324    30.6827    17.5084          0          0  0.000e+00
  1022.0440      0.212      0.214    30.6526    17.5904          0          0  0.000e+00
  1021.9523      0.047      0.047    30.5504    17.6444          0          0  0.000e+00
  1021.8638      0.017      0.017    30.4421    17.6680          0          0  0.000e+00
  1012.5238      0.019      0.020    18.1852    17.6205          0          0  0.000e+00
  1004.6601      0.020      0.021     7.8281    17.5344          0          0  0.000e+00
  1009.1995      0.020      0.021    13.7781    17.4773          0          0  0.000e+00
  1007.7258      0.019      0.020    11.8336    17.4475          0          0  0.000e+00
  1006.1508      0.020      0.021     9.7592    17.4281          0          0  0.000e+00
  1004.8049      0.020      0.021     7.9874    17.4134          0          0  0.000e+00
  1003.8062      0.024      0.024     6.6720    17.3970          0          0  0.000e+00
  1003.5163      0.127      0.129     6.2875    17.3838          0          0  0.000e+00
  1022.0395      0.455      0.459    30.5839    17.3903          0          0  0.000e+00
  1022.1744      0.594      0.599    30.7935    17.5018          0          0  0.000e+00
  1022.0875      0.702      0.708    30.7129    17.6110          0          0  0.000e+00
  1022.0313      0.746      0.753    30.6604    17.6792          0          0  0.000e+00
  1021.9938      0.748      0.754    30.6236    17.7190          0          0  0.000e+00
  1021.9749      0.715      0.721    30.6054    17.7396          0          0  0.000e+00
  1021.9669      0.672      0.678    30.5985    17.7499          0          0  0.000e+00
  1021.9621      0.651      0.656    30.5940    17.7555          0          0  0.000e+00
  1021.9423      0.664      0.669    30.5690    17.7584          0          0  0.000e+00
  1021.9583      0.707      0.713    30.5899    17.7593          0          0  0.000e+00
  1021.9378      0.767      0.773    30.5628    17.7595          0          0  0.000e+00
  1021.9345      0.786      0.792    30.5583    17.7591          0          0  0.000e+00
  1021.9362      0.734      0.740    30.5594    17.7547          0          0  0.000e+00
  1021.9264      0.627      0.632    30.5408    17.7339          0          0  0.000e+00
  1021.9410      0.493      0.497    30.5558    17.7184          0          0  0.000e+00
  1021.9337      0.335      0.338    30.5446    17.7100          0          0  0.000e+00
  1021.9495      0.171      0.172    30.5654    17.7072          0          0  0.000e+00
  1021.9740      0.053      0.054    30.5966    17.7023          0          0  0.000e+00
  1021.9840      0.034      0.034    30.6050    17.6868          0          0  0.000e+00
  1021.9671      0.113      0.114    30.5784    17.6740          0          0  0.000e+00
  1021.9519      0.229      0.231    30.5548    17.6641          0          0  0.000e+00
  1021.9619      0.298      0.301    30.5630    17.6493          0          0  0.000e+00
  1021.9499      0.284      0.287    30.5428    17.6346          0          0  0.000e+00
  1021.9547      0.243      0.245    30.5519    17.6429          0          0  0.000e+00
  1021.8760      0.195      0.197    30.4611    17.6814          0          0  0.000e+00
  1021.7574      0.188      0.189    30.3163    17.7146          0          0  0.000e+00
  1021.7420      0.238      0.240    30.3015    17.7328          0          0  0.000e+00
  1021.7780      0.290      0.292    30.3515    17.7429          0          0  0.000e+00
  1021.8893      0.359      0.361    30.4966    17.7428          0          0  0.000e+00
  1021.9622      0.421      0.425    30.5916    17.7430          0          0  0.000e+00
  1021.9604      0.448      0.451    30.5909    17.7486          0          0  0.000e+00
  1021.9534      0.439      0.443    30.5838    17.7551          0          0  0.000e+00
  1021.9296      0.386      0.389    30.5542    17.7589          0          0  0.000e+00
  1021.9157      0.290      0.292    30.5367    17.7596          0          0  0.000e+00
  1021.9073      0.188      0.189    30.5268    17.7610          0          0  0.000e+00
  1021.9253      0.080      0.080    30.5470    17.7483          0          0  0.000e+00
  1021.9341      0.028      0.028    30.5487    17.7157          0          0  0.000e+00
  1021.9430      0.039      0.040    30.5498    17.6816          0          0  0.000e+00
  1021.9630      0.114      0.115    30.5642    17.6453          0          0  0.000e+00
  1021.8161      0.197      0.199    30.3622    17.6147          0          0  0.000e+00
  1018.1399      0.273      0.275    25.5452    17.5983          0          0  0.000e+00
  1021.6931      0.343      0.345    30.2019    17.6192          0          0  0.000e+00
  1021.6555      0.400      0.403    30.1692    17.6735          0          0  0.000e+00
  1021.4226      0.443      0.447    29.8780    17.7180          0          0  0.000e+00
  1021.9973      0.497      0.501    30.6378    17.7455          0          0  0.000e+00
  1021.9826      0.558      0.562    30.6231    17.7610          0          0  0.000e+00
  1021.9702      0.601      0.606    30.6092    17.7691          0          0  0.000e+00
  1021.9602      0.609      0.614    30.5970    17.7723          0          0  0.000e+00
  1021.9593      0.585      0.590    30.5959    17.7721          0          0  0.000e+00
  1021.9645      0.523      0.527    30.6034    17.7731          0          0  0.000e+00
  1021.9633      0.453      0.457    30.6026    17.7743          0          0  0.000e+00
  1021.9500      0.393      0.397    30.5850    17.7727          0          0  0.000e+00
  1021.9478      0.330      0.333    30.5817    17.7699          0          0  0.000e+00
  1021.9500      0.257      0.259    30.5840    17.7670          0          0  0.000e+00
  1021.9587      0.186      0.187    30.5923    17.7555          0          0  0.000e+00
  1021.9683      0.172      0.173    30.6010    17.7431          0          0  0.000e+00
  1021.9730      0.208      0.210    30.6040    17.7335          0          0  0.000e+00
  1021.9710      0.278      0.280    30.5991    17.7275          0          0  0.000e+00
  1021.9791      0.369      0.372    30.6079    17.7233          0          0  0.000e+00
  1021.9957      0.493      0.497    30.6290    17.7234          0          0  0.000e+00
  1021.9955      0.598      0.603    30.6310    17.7329          0          0  0.000e+00
  1021.9853      0.661      0.666    30.6209    17.7446          0          0  0.000e+00
  1021.9745      0.698      0.703    30.6088    17.7515          0          0  0.000e+00
  1021.9699      0.703      0.709    30.6036    17.7544          0          0  0.000e+00
