data/eDNA/PER-2021-171/171a022.cnv
* Sea-Bird SBE19plus  Data File:
* FileName = C:\Users\RSG_field\Ryan_2021_Perley\CTD\171a022.hex
* Software version 2.3.0 SB_Terminal.dll
* Temperature SN = 7141
* Conductivity SN = 7141
* System UpLoad Time = Aug 17 2021 15:08:23
* <ApplicationData>
* <SeatermAF>
** Platform: M. Perley
** Cruise: Per2021171
** Station:  SAB_07
** Cast: 01 1
** Latitude: N  46 16.325
** Longitude: W 59 00.878
** Sounding: 165
** Chief Scientist: Ryan Stanley
** Comment: 171a022
# nquan = 8
# nvalues = 4099                                  
# units = specified
# name 0 = density00: Density [density, kg/m^3]
# name 1 = depSM: Depth [salt water, m], lat = 45.00
# name 2 = prdM: Pressure, Strain Gauge [db]
# name 3 = sal00: Salinity, Practical [PSU]
# name 4 = tv290C: Temperature [ITS-90, deg C]
# name 5 = bpos: Bottle Position in Carousel
# name 6 = nbf: Bottles Fired
# name 7 = flag:  0.000e+00
# span 0 =   998.3245,  1027.4163                 
# span 1 =     -0.041,    152.414                 
# span 2 =     -0.041,    153.719                 
# span 3 =     0.0341,    33.7254                 
# span 4 =     1.8929,    19.8439                 
# span 5 =          0,          2                 
# span 6 =          0,          2                 
# span 7 = 0.0000e+00, 0.0000e+00                 
# interval = seconds: 0.25
# start_time = Aug 17 2021 17:48:17 [Instrument's time stamp, header]
# bad_flag = -9.990e-29
*END*
[from data line 360]
  1020.5191      1.697      1.711    29.3638    19.8313          0          0  0.000e+00
  1020.5189      1.823      1.837    29.3633    19.8326          0          0  0.000e+00
  1020.5195      1.985      2.001    29.3635    19.8337          0          0  0.000e+00
  1020.5159      2.133      2.151    29.3580    19.8342          0          0  0.000e+00
  1020.5189      2.255      2.273    29.3608    19.8328          0          0  0.000e+00
  1020.5199      2.330      2.349    29.3613    19.8318          0          0  0.000e+00
  1020.5218      2.359      2.378    29.3635    19.8315          0          0  0.000e+00
  1020.5205      2.340      2.359    29.3622    19.8322          0          0  0.000e+00
  1020.5190      2.279      2.298    29.3607    19.8327          0          0  0.000e+00
  1020.5190      2.173      2.191    29.3611    19.8320          0          0  0.000e+00
  1020.5190      2.050      2.067    29.3617    19.8314          0          0  0.000e+00
  1020.5189      1.950      1.966    29.3620    19.8313          0          0  0.000e+00
  1020.5191      1.901      1.917    29.3626    19.8313          0          0  0.000e+00
  1020.5190      1.911      1.926    29.3627    19.8321          0          0  0.000e+00
  1020.5197      1.973      1.989    29.3635    19.8328          0          0  0.000e+00
  1020.5195      2.049      2.066    29.3631    19.8338          0          0  0.000e+00
  1020.5189      2.104      2.122    29.3623    19.8348          0          0  0.000e+00
  1020.5190      2.135      2.153    29.3625    19.8355          0          0  0.000e+00
  1020.5186      2.143      2.160    29.3621    19.8359          0          0  0.000e+00
  1020.5181      2.121      2.139    29.3617    19.8362          0          0  0.000e+00
  1020.5175      2.067      2.084    29.3612    19.8363          0          0  0.000e+00
  1020.5173      1.987      2.003    29.3614    19.8361          0          0  0.000e+00
  1020.5167      1.894      1.909    29.3611    19.8360          0          0  0.000e+00
  1020.5167      1.828      1.843    29.3614    19.8359          0          0  0.000e+00
  1020.5167      1.817      1.832    29.3614    19.8356          0          0  0.000e+00
  1020.5169      1.850      1.865    29.3614    19.8353          0          0  0.000e+00
  1020.5171      1.899      1.914    29.3613    19.8352          0          0  0.000e+00
  1020.5152      1.950      1.966    29.3584    19.8347          0          0  0.000e+00
  1020.5172      1.985      2.001    29.3602    19.8328          0          0  0.000e+00
  1020.5205      2.000      2.016    29.3641    19.8317          0          0  0.000e+00
  1020.5205      2.021      2.037    29.3643    19.8328          0          0  0.000e+00
  1020.5194      2.024      2.040    29.3635    19.8349          0          0  0.000e+00
  1020.5185      2.003      2.019    29.3629    19.8362          0          0  0.000e+00
  1020.5179      1.986      2.002    29.3624    19.8370          0          0  0.000e+00
  1020.5179      2.010      2.027    29.3625    19.8377          0          0  0.000e+00
  1020.5185      2.071      2.088    29.3632    19.8385          0          0  0.000e+00
  1020.5181      2.143      2.160    29.3626    19.8394          0          0  0.000e+00
  1020.5186      2.199      2.217    29.3632    19.8403          0          0  0.000e+00
  1020.5183      2.226      2.245    29.3630    19.8413          0          0  0.000e+00
  1020.5176      2.232      2.250    29.3624    19.8423          0          0  0.000e+00
  1020.5163      2.209      2.228    29.3611    19.8430          0          0  0.000e+00
  1020.5164      2.151      2.169    29.3614    19.8428          0          0  0.000e+00
  1020.5160      2.068      2.085    29.3613    19.8425          0          0  0.000e+00
  1020.5153      1.993      2.010    29.3608    19.8423          0          0  0.000e+00
  1020.5154      1.948      1.964    29.3610    19.8418          0          0  0.000e+00
  1020.5155      1.935      1.951    29.3611    19.8414          0          0  0.000e+00
  1020.5160      1.947      1.962    29.3615    19.8411          0          0  0.000e+00
  1020.5176      1.970      1.986    29.3635    19.8410          0          0  0.000e+00
  1020.5172      1.986      2.002    29.3631    19.8417          0          0  0.000e+00
  1020.5158      1.990      2.006    29.3616    19.8426          0          0  0.000e+00
  1020.5155      1.988      2.004    29.3612    19.8426          0          0  0.000e+00
  1020.5152      1.973      1.989    29.3609    19.8426          0          0  0.000e+00
  1020.5151      1.955      1.971    29.3607    19.8422          0          0  0.000e+00
  1020.5154      1.938      1.954    29.3609    19.8413          0          0  0.000e+00
  1020.5156      1.931      1.946    29.3610    19.8408          0          0  0.000e+00
  1020.5159      1.940      1.956    29.3611    19.8403          0          0  0.000e+00
  1020.5163      1.970      1.986    29.3613    19.8396          0          0  0.000e+00
  1020.5168      2.010      2.027    29.3616    19.8393          0          0  0.000e+00
  1020.5171      2.057      2.074    29.3618    19.8393          0          0  0.000e+00
  1020.5179      2.101      2.119    29.3626    19.8393          0          0  0.000e+00
  1020.5178      2.135      2.153    29.3623    19.8398          0          0  0.000e+00
  1020.5174      2.156      2.174    29.3619    19.8403          0          0  0.000e+00
  1020.5167      2.166      2.184    29.3611    19.8408          0          0  0.000e+00
  1020.5166      2.160      2.177    29.3609    19.8405          0          0  0.000e+00
  1020.5170      2.147      2.164    29.3614    19.8401          0          0  0.000e+00
  1020.5170      2.128      2.145    29.3615    19.8400          0          0  0.000e+00
  1020.5169      2.103      2.121    29.3614    19.8398          0          0  0.000e+00
  1020.5168      2.079      2.096    29.3614    19.8396          0          0  0.000e+00
  1020.5169      2.062      2.079    29.3616    19.8395          0          0  0.000e+00
  1020.5170      2.058      2.075    29.3616    19.8393          0          0  0.000e+00
  1020.5182      2.065      2.082    29.3632    19.8394          0          0  0.000e+00
  1020.5178      2.082      2.099    29.3629    19.8403          0          0  0.000e+00
  1020.5172      2.108      2.125    29.3622    19.8412          0          0  0.000e+00
  1020.5172      2.142      2.159    29.3622    19.8417          0          0  0.000e+00
  1020.5172      2.170      2.188    29.3621    19.8420          0          0  0.000e+00
  1020.5166      2.183      2.201    29.3614    19.8423          0          0  0.000e+00
  1020.5160      2.175      2.193    29.3606    19.8421          0          0  0.000e+00
  1020.5159      2.150      2.168    29.3604    19.8415          0          0  0.000e+00
  1020.5161      2.101      2.118    29.3606    19.8407          0          0  0.000e+00
  1020.5166      2.025      2.042    29.3616    19.8402          0          0  0.000e+00
  1020.5163      1.933      1.949    29.3616    19.8399          0          0  0.000e+00
  1020.5155      1.832      1.847    29.3612    19.8400          0          0  0.000e+00
  1020.5154      1.739      1.753    29.3614    19.8396          0          0  0.000e+00
  1020.5152      1.666      1.679    29.3616    19.8395          0          0  0.000e+00
  1020.5148      1.630      1.643    29.3613    19.8396          0          0  0.000e+00
  1020.5148      1.650      1.663    29.3612    19.8394          0          0  0.000e+00
  1020.5148      1.721      1.735    29.3606    19.8390          0          0  0.000e+00
  1020.5161      1.844      1.859    29.3614    19.8383          0          0  0.000e+00
  1020.5168      2.003      2.019    29.3613    19.8382          0          0  0.000e+00
  1020.5180      2.183      2.201    29.3618    19.8382          0          0  0.000e+00
  1020.5193      2.350      2.370    29.3625    19.8381          0          0  0.000e+00
  1020.5199      2.458      2.479    29.3629    19.8386          0          0  0.000e+00
  1020.5199      2.503      2.524    29.3628    19.8393          0          0  0.000e+00
  1020.5194      2.496      2.516    29.3624    19.8399          0          0  0.000e+00
  1020.5184      2.431      2.451    29.3616    19.8404          0          0  0.000e+00
  1020.5173      2.309      2.328    29.3610    19.8406          0          0  0.000e+00
  1020.5166      2.136      2.154    29.3610    19.8403          0          0  0.000e+00
  1020.5157      1.938      1.954    29.3608    19.8399          0          0  0.000e+00
  1020.5148      1.747      1.762    29.3605    19.8393          0          0  0.000e+00
  1020.5149      1.624      1.638    29.3612    19.8389          0          0  0.000e+00
  1020.5151      1.615      1.628    29.3615    19.8387          0          0  0.000e+00
  1020.5155      1.711      1.725    29.3614    19.8384          0          0  0.000e+00
  1020.5161      1.852      1.867    29.3612    19.8382          0          0  0.000e+00
  1020.5175      2.012      2.029    29.3621    19.8378          0          0  0.000e+00
  1020.5188      2.153      2.171    29.3628    19.8377          0          0  0.000e+00
  1020.5184      2.230      2.248    29.3622    19.8385          0          0  0.000e+00
  1020.5181      2.228      2.247    29.3619    19.8390          0          0  0.000e+00
  1020.5175      2.166      2.184    29.3616    19.8393          0          0  0.000e+00
  1020.5168      2.062      2.079    29.3613    19.8392          0          0  0.000e+00
  1020.5164      1.902      1.918    29.3616    19.8389          0          0  0.000e+00
  1020.5155      1.701      1.715    29.3615    19.8387          0          0  0.000e+00
  1020.5146      1.507      1.519    29.3615    19.8385          0          0  0.000e+00
  1020.5144      1.400      1.411    29.3617    19.8383          0          0  0.000e+00
  1020.5140      1.431      1.443    29.3610    19.8384          0          0  0.000e+00
  1020.5152      1.600      1.613    29.3615    19.8381          0          0  0.000e+00
  1020.5162      1.861      1.876    29.3612    19.8378          0          0  0.000e+00
  1020.5181      2.146      2.163    29.3620    19.8375          0          0  0.000e+00
  1020.5185      2.396      2.416    29.3610    19.8376          0          0  0.000e+00
  1020.5204      2.554      2.575    29.3625    19.8374          0          0  0.000e+00
  1020.5212      2.638      2.659    29.3632    19.8378          0          0  0.000e+00
  1020.5202      2.648      2.670    29.3622    19.8387          0          0  0.000e+00
  1020.5190      2.585      2.606    29.3612    19.8392          0          0  0.000e+00
  1020.5181      2.443      2.463    29.3608    19.8390          0          0  0.000e+00
  1020.5176      2.225      2.244    29.3611    19.8384          0          0  0.000e+00
  1020.5165      1.970      1.986    29.3610    19.8380          0          0  0.000e+00
  1020.5158      1.726      1.740    29.3615    19.8376          0          0  0.000e+00
  1020.5151      1.546      1.559    29.3615    19.8375          0          0  0.000e+00
  1020.5150      1.470      1.482    29.3617    19.8372          0          0  0.000e+00
  1020.5151      1.480      1.492    29.3618    19.8372          0          0  0.000e+00
  1020.5152      1.555      1.568    29.3616    19.8373          0          0  0.000e+00
  1020.5156      1.672      1.686    29.3614    19.8375          0          0  0.000e+00
  1020.5156      1.793      1.808    29.3607    19.8372          0          0  0.000e+00
  1020.5164      1.905      1.921    29.3607    19.8365          0          0  0.000e+00
  1020.5174      1.996      2.013    29.3613    19.8359          0          0  0.000e+00
  1020.5186      2.065      2.082    29.3624    19.8354          0          0  0.000e+00
  1020.5199      2.099      2.116    29.3640    19.8358          0          0  0.000e+00
  1020.5189      2.115      2.132    29.3631    19.8373          0          0  0.000e+00
  1020.5186      2.122      2.140    29.3630    19.8383          0          0  0.000e+00
  1020.5181      2.129      2.146    29.3626    19.8393          0          0  0.000e+00
  1020.5175      2.142      2.159    29.3621    19.8402          0          0  0.000e+00
  1020.5178      2.163      2.180    29.3624    19.8403          0          0  0.000e+00
  1020.5178      2.185      2.203    29.3624    19.8408          0          0  0.000e+00
  1020.5182      2.207      2.225    29.3630    19.8413          0          0  0.000e+00
  1020.5180      2.221      2.239    29.3628    19.8420          0          0  0.000e+00
  1020.5175      2.225      2.244    29.3625    19.8428          0          0  0.000e+00
  1020.5168      2.216      2.234    29.3618    19.8433          0          0  0.000e+00
  1020.5164      2.205      2.223    29.3614    19.8437          0          0  0.000e+00
  1020.5164      2.196      2.214    29.3614    19.8435          0          0  0.000e+00
  1020.5167      2.185      2.203    29.3618    19.8433          0          0  0.000e+00
  1020.5167      2.161      2.178    29.3620    19.8433          0          0  0.000e+00
  1020.5164      2.119      2.137    29.3618    19.8433          0          0  0.000e+00
  1020.5161      2.068      2.085    29.3617    19.8433          0          0  0.000e+00
  1020.5160      2.008      2.024    29.3619    19.8434          0          0  0.000e+00
  1020.5155      1.943      1.959    29.3617    19.8435          0          0  0.000e+00
  1020.5151      1.886      1.902    29.3616    19.8436          0          0  0.000e+00
  1020.5150      1.845      1.860    29.3617    19.8436          0          0  0.000e+00
  1020.5151      1.828      1.843    29.3619    19.8436          0          0  0.000e+00
  1020.5152      1.842      1.857    29.3619    19.8435          0          0  0.000e+00
  1020.5153      1.869      1.884    29.3618    19.8434          0          0  0.000e+00
  1020.5153      1.892      1.908    29.3618    19.8436          0          0  0.000e+00
  1020.5153      1.898      1.913    29.3618    19.8439          0          0  0.000e+00
  1020.5152      1.891      1.907    29.3617    19.8436          0          0  0.000e+00
  1020.5151      1.877      1.892    29.3616    19.8437          0          0  0.000e+00
  1020.5147      1.863      1.878    29.3611    19.8434          0          0  0.000e+00
  1020.5149      1.851      1.866    29.3613    19.8431          0          0  0.000e+00
  1020.5144      1.853      1.868    29.3605    19.8428          0          0  0.000e+00
  1020.5143      1.902      1.918    29.3598    19.8418          0          0  0.000e+00
  1020.5160      2.016      2.033    29.3610    19.8407          0          0  0.000e+00
  1020.5165      2.169      2.187    29.3605    19.8400          0          0  0.000e+00
  1020.5155      2.337      2.356    29.3579    19.8388          0          0  0.000e+00
  1020.5191      2.469      2.489    29.3610    19.8364          0          0  0.000e+00
  1020.5199      2.536      2.557    29.3614    19.8353          0          0  0.000e+00
  1020.5205      2.541      2.562    29.3619    19.8346          0          0  0.000e+00
  1020.5209      2.498      2.518    29.3624    19.8341          0          0  0.000e+00
  1020.5203      2.409      2.428    29.3622    19.8342          0          0  0.000e+00
  1020.5196      2.273      2.292    29.3621    19.8342          0          0  0.000e+00
  1020.5189      2.100      2.117    29.3620    19.8340          0          0  0.000e+00
  1020.5184      1.916      1.931    29.3625    19.8338          0          0  0.000e+00
  1020.5188      1.750      1.765    29.3640    19.8340          0          0  0.000e+00
