data/eDNA/PER-2021-171/171a009.cnv
* Sea-Bird SBE19plus  Data File:
* FileName = C:\Users\RSG_field\Ryan_2021_Perley\CTD\171a009.hex
* Software version 2.3.0 SB_Terminal.dll
* Temperature SN = 7141
* Conductivity SN = 7141
* System UpLoad Time = Aug 11 2021 12:37:40
* <ApplicationData>
* <SeatermAF>
** Platform: M. Perley
** Cruise: Per2021171
** Station:  ESI_15
** Cast: 01 1
** Latitude: N  44 33.466
** Longitude: W 62 53.25
** Sounding: 69.9
** Chief Scientist: Ryan Stanley
** Comment: 171a009
# nquan = 8
# nvalues = 2783                                  
# units = specified
# name 0 = density00: Density [density, kg/m^3]
# name 1 = depSM: Depth [salt water, m], lat = 45.00
# name 2 = prdM: Pressure, Strain Gauge [db]
# name 3 = sal00: Salinity, Practical [PSU]
# name 4 = tv290C: Temperature [ITS-90, deg C]
# name 5 = bpos: Bottle Position in Carousel
# name 6 = nbf: Bottles Fired
# name 7 = flag:  0.000e+00
# span 0 =   998.4093,  1025.9037                 
# span 1 =     -0.045,     67.317                 
# span 2 =     -0.045,     67.879                 
# span 3 =     0.0082,    32.3455                 
# span 4 =     3.6232,    19.0218                 
# span 5 =          0,          6                 
# span 6 =          0,          6                 
# span 7 = 0.0000e+00, 0.0000e+00                 
# interval = seconds: 0.25
# start_time = Aug 11 2021 15:21:59 [Instrument's time stamp, header]
# bad_flag = -9.990e-29
*END*
[from data line 1978]
  1025.8805     66.215     66.768    32.1750     3.7019          1          1  0.000e+00
  1025.8795     66.254     66.807    32.1733     3.7008          1          1  0.000e+00
  1025.8774     66.319     66.873    32.1702     3.6994          1          1  0.000e+00
  1025.8823     66.414     66.968    32.1756     3.6978          1          1  0.000e+00
  1025.8861     66.525     67.080    32.1795     3.6971          1          1  0.000e+00
  1025.8870     66.652     67.209    32.1800     3.6973          1          1  0.000e+00
  1025.8871     66.786     67.343    32.1794     3.6976          1          1  0.000e+00
  1025.8874     66.918     67.477    32.1790     3.6980          1          1  0.000e+00
  1025.8882     67.040     67.600    32.1793     3.6978          1          1  0.000e+00
  1025.8886     67.144     67.705    32.1792     3.6979          1          1  0.000e+00
  1025.8882     67.222     67.783    32.1782     3.6979          1          1  0.000e+00
  1025.8887     67.213     67.774    32.1788     3.6978          1          1  0.000e+00
  1025.8894     67.246     67.807    32.1795     3.6980          1          1  0.000e+00
  1025.8907     67.245     67.806    32.1812     3.6986          1          1  0.000e+00
  1025.8908     67.237     67.799    32.1816     3.6995          1          1  0.000e+00
  1025.8896     67.222     67.783    32.1803     3.7011          1          1  0.000e+00
  1025.8897     67.162     67.723    32.1810     3.7021          1          1  0.000e+00
  1025.8885     67.086     67.646    32.1799     3.7030          1          1  0.000e+00
  1025.8862     66.982     67.541    32.1778     3.7035          1          1  0.000e+00
  1025.8886     66.873     67.431    32.1815     3.7033          1          1  0.000e+00
  1025.8875     66.754     67.311    32.1809     3.7045          1          1  0.000e+00
  1025.8845     66.630     67.186    32.1780     3.7060          1          1  0.000e+00
  1025.8803     66.505     67.060    32.1736     3.7067          1          1  0.000e+00
  1025.8793     66.378     66.932    32.1729     3.7058          1          1  0.000e+00
  1025.8795     66.262     66.815    32.1738     3.7047          1          1  0.000e+00
  1025.8800     66.162     66.715    32.1749     3.7041          1          1  0.000e+00
  1025.8795     66.087     66.639    32.1748     3.7041          1          1  0.000e+00
  1025.8772     66.038     66.590    32.1721     3.7042          1          1  0.000e+00
  1025.8744     66.019     66.570    32.1686     3.7033          1          1  0.000e+00
  1025.8755     66.035     66.586    32.1696     3.7015          1          1  0.000e+00
  1025.8773     66.080     66.631    32.1715     3.6998          1          1  0.000e+00
  1025.8764     66.156     66.708    32.1698     3.6987          1          1  0.000e+00
  1025.8764     66.265     66.818    32.1690     3.6976          1          1  0.000e+00
  1025.8823     66.388     66.942    32.1755     3.6963          1          1  0.000e+00
  1025.8846     66.524     67.079    32.1776     3.6961          1          1  0.000e+00
  1025.8852     66.669     67.226    32.1775     3.6964          1          1  0.000e+00
  1025.8876     66.805     67.363    32.1798     3.6968          1          1  0.000e+00
  1025.8876     66.938     67.496    32.1790     3.6973          1          1  0.000e+00
  1025.8865     67.056     67.616    32.1770     3.6976          1          1  0.000e+00
  1025.8862     67.155     67.716    32.1760     3.6974          1          1  0.000e+00
  1025.8868     67.233     67.795    32.1763     3.6969          1          1  0.000e+00
  1025.8873     67.279     67.841    32.1766     3.6965          1          1  0.000e+00
  1025.8879     67.317     67.879    32.1770     3.6963          1          1  0.000e+00
  1025.8881     67.311     67.873    32.1774     3.6962          1          1  0.000e+00
  1025.8906     67.294     67.856    32.1806     3.6963          1          1  0.000e+00
  1025.8901     67.235     67.797    32.1805     3.6977          1          1  0.000e+00
  1025.8896     67.145     67.706    32.1806     3.6994          1          1  0.000e+00
  1025.8875     67.026     67.585    32.1788     3.7007          1          1  0.000e+00
  1025.8878     66.883     67.442    32.1801     3.7017          1          1  0.000e+00
  1025.8862     66.727     67.284    32.1792     3.7032          1          1  0.000e+00
  1025.8820     66.565     67.121    32.1751     3.7045          1          1  0.000e+00
  1025.8782     66.405     66.960    32.1712     3.7045          1          1  0.000e+00
  1025.8765     66.265     66.819    32.1699     3.7034          1          1  0.000e+00
  1025.8767     66.151     66.703    32.1706     3.7021          1          1  0.000e+00
  1025.8761     66.071     66.623    32.1702     3.7011          1          1  0.000e+00
  1025.8741     66.030     66.581    32.1677     3.7002          1          1  0.000e+00
  1025.8751     66.030     66.581    32.1690     3.6989          1          1  0.000e+00
  1025.8766     66.072     66.624    32.1704     3.6977          1          1  0.000e+00
  1025.8793     66.149     66.701    32.1733     3.6968          1          1  0.000e+00
  1025.8754     66.272     66.825    32.1675     3.6964          1          1  0.000e+00
  1025.8777     66.417     66.971    32.1695     3.6956          1          1  0.000e+00
  1025.8793     66.581     67.137    32.1705     3.6948          1          1  0.000e+00
  1025.8825     66.751     67.308    32.1734     3.6943          1          1  0.000e+00
  1025.8864     66.910     67.469    32.1774     3.6945          1          1  0.000e+00
  1025.8879     67.053     67.613    32.1784     3.6952          1          1  0.000e+00
  1025.8880     67.169     67.730    32.1781     3.6960          1          1  0.000e+00
  1025.8876     67.248     67.810    32.1772     3.6967          1          1  0.000e+00
  1025.8878     67.292     67.854    32.1772     3.6968          1          1  0.000e+00
  1025.8880     67.295     67.857    32.1775     3.6970          1          1  0.000e+00
  1025.8886     67.264     67.826    32.1784     3.6973          1          1  0.000e+00
  1025.8881     67.200     67.761    32.1782     3.6981          1          1  0.000e+00
  1025.8880     67.105     67.665    32.1788     3.6990          1          1  0.000e+00
  1025.8862     66.991     67.550    32.1774     3.7003          1          1  0.000e+00
  1025.8841     66.862     67.421    32.1756     3.7013          1          1  0.000e+00
  1025.8823     66.726     67.283    32.1741     3.7018          1          1  0.000e+00
  1025.8800     66.594     67.150    32.1721     3.7019          1          1  0.000e+00
  1025.8788     66.464     67.019    32.1713     3.7014          1          1  0.000e+00
  1025.8788     66.346     66.900    32.1719     3.7007          1          1  0.000e+00
  1025.8787     66.248     66.800    32.1723     3.7000          1          1  0.000e+00
  1025.8773     66.174     66.727    32.1709     3.6999          1          1  0.000e+00
  1025.8766     66.126     66.678    32.1703     3.6994          1          1  0.000e+00
  1025.8754     66.110     66.662    32.1688     3.6988          1          1  0.000e+00
  1025.8768     66.126     66.678    32.1703     3.6977          1          1  0.000e+00
  1025.8784     66.170     66.722    32.1720     3.6971          1          1  0.000e+00
  1025.8787     66.246     66.799    32.1719     3.6965          1          1  0.000e+00
  1025.8795     66.354     66.907    32.1722     3.6959          1          1  0.000e+00
  1025.8804     66.481     67.036    32.1725     3.6954          1          1  0.000e+00
  1025.8812     66.621     67.177    32.1726     3.6950          1          1  0.000e+00
  1025.8848     66.765     67.322    32.1763     3.6948          1          1  0.000e+00
  1025.8858     66.902     67.460    32.1768     3.6951          1          1  0.000e+00
  1025.8861     67.020     67.580    32.1764     3.6957          1          1  0.000e+00
  1025.8865     67.109     67.670    32.1765     3.6959          1          1  0.000e+00
  1025.8873     67.167     67.728    32.1772     3.6962          1          1  0.000e+00
  1025.8871     67.194     67.755    32.1768     3.6964          1          1  0.000e+00
  1025.8872     67.185     67.746    32.1770     3.6966          1          1  0.000e+00
  1025.8870     67.146     67.706    32.1770     3.6970          1          1  0.000e+00
  1025.8869     67.081     67.641    32.1775     3.6979          1          1  0.000e+00
  1025.8868     66.991     67.550    32.1779     3.6986          1          1  0.000e+00
  1025.8867     66.887     67.445    32.1785     3.6999          1          1  0.000e+00
  1025.8839     66.770     67.328    32.1759     3.7014          1          1  0.000e+00
  1025.8818     66.655     67.211    32.1741     3.7022          1          1  0.000e+00
  1025.8801     66.540     67.096    32.1725     3.7024          1          1  0.000e+00
  1025.8785     66.441     66.995    32.1712     3.7020          1          1  0.000e+00
  1025.8790     66.359     66.913    32.1722     3.7013          1          1  0.000e+00
  1025.8782     66.302     66.855    32.1714     3.7007          1          1  0.000e+00
  1025.8780     66.270     66.823    32.1712     3.7000          1          1  0.000e+00
  1025.8785     66.267     66.820    32.1718     3.6992          1          1  0.000e+00
  1025.8787     66.291     66.844    32.1719     3.6986          1          1  0.000e+00
  1025.8794     66.340     66.894    32.1724     3.6981          1          1  0.000e+00
  1025.8802     66.415     66.970    32.1729     3.6975          1          1  0.000e+00
  1025.8816     66.518     67.073    32.1740     3.6968          1          1  0.000e+00
  1025.8830     66.633     67.189    32.1749     3.6962          1          1  0.000e+00
  1025.8841     66.757     67.314    32.1756     3.6960          1          1  0.000e+00
  1025.8828     66.876     67.435    32.1733     3.6960          1          1  0.000e+00
  1025.8837     66.988     67.547    32.1736     3.6956          1          1  0.000e+00
  1025.8843     67.078     67.638    32.1738     3.6951          1          1  0.000e+00
  1025.8846     67.146     67.706    32.1738     3.6951          1          1  0.000e+00
  1025.8853     67.186     67.747    32.1745     3.6948          1          1  0.000e+00
  1025.8860     67.192     67.753    32.1753     3.6949          1          1  0.000e+00
  1025.8859     67.167     67.728    32.1753     3.6952          1          1  0.000e+00
  1025.8859     67.111     67.671    32.1757     3.6957          1          1  0.000e+00
  1025.8870     67.029     67.589    32.1776     3.6963          1          1  0.000e+00
  1025.8862     66.928     67.487    32.1774     3.6978          1          1  0.000e+00
  1025.8847     66.810     67.367    32.1764     3.6991          1          1  0.000e+00
  1025.8835     66.657     67.213    32.1759     3.7001          1          1  0.000e+00
  1025.8808     66.496     67.051    32.1735     3.7007          1          1  0.000e+00
  1025.8813     66.330     66.884    32.1751     3.7006          1          1  0.000e+00
  1025.8802     66.180     66.732    32.1748     3.7011          1          1  0.000e+00
  1025.8782     66.016     66.567    32.1732     3.7015          1          1  0.000e+00
  1025.8765     65.867     66.417    32.1719     3.7013          1          1  0.000e+00
  1025.8741     65.730     66.279    32.1696     3.7009          1          1  0.000e+00
  1025.8747     65.615     66.162    32.1710     3.6999          1          1  0.000e+00
  1025.8747     65.512     66.059    32.1715     3.6992          1          1  0.000e+00
  1025.8742     65.418     65.964    32.1715     3.6988          1          1  0.000e+00
  1025.8734     65.334     65.879    32.1709     3.6985          1          1  0.000e+00
  1025.8728     65.254     65.799    32.1705     3.6981          1          1  0.000e+00
  1025.8696     65.189     65.733    32.1668     3.6976          1          1  0.000e+00
  1025.8652     65.121     65.664    32.1616     3.6968          1          1  0.000e+00
  1025.8668     65.060     65.603    32.1638     3.6952          1          1  0.000e+00
  1025.8622     64.993     65.535    32.1583     3.6941          1          1  0.000e+00
  1025.8591     64.929     65.471    32.1546     3.6926          1          1  0.000e+00
  1025.8592     64.858     65.399    32.1549     3.6907          1          1  0.000e+00
  1025.8594     64.781     65.321    32.1555     3.6894          1          1  0.000e+00
  1025.8617     64.697     65.237    32.1588     3.6887          1          1  0.000e+00
  1025.8636     64.601     65.140    32.1617     3.6888          1          1  0.000e+00
  1025.8650     64.494     65.032    32.1642     3.6893          1          1  0.000e+00
  1025.8639     64.373     64.910    32.1637     3.6906          1          1  0.000e+00
  1025.8393     64.243     64.779    32.1336     3.6915          1          1  0.000e+00
  1025.8347     64.102     64.637    32.1283     3.6886          1          1  0.000e+00
  1025.8277     63.955     64.488    32.1200     3.6854          1          1  0.000e+00
  1025.8102     63.807     64.340    32.0986     3.6834          1          1  0.000e+00
  1025.7979     63.663     64.194    32.0838     3.6810          1          1  0.000e+00
  1025.7715     63.522     64.052    32.0510     3.6782          1          1  0.000e+00
  1025.7705     63.388     63.916    32.0501     3.6744          1          1  0.000e+00
  1025.7608     63.262     63.790    32.0382     3.6706          1          1  0.000e+00
  1025.7465     63.145     63.671    32.0206     3.6677          1          1  0.000e+00
  1025.7389     63.031     63.557    32.0115     3.6655          1          1  0.000e+00
  1025.7365     62.930     63.454    32.0088     3.6636          1          1  0.000e+00
  1025.7321     62.836     63.360    32.0036     3.6610          1          1  0.000e+00
  1025.7278     62.756     63.279    31.9984     3.6588          1          1  0.000e+00
  1025.7233     62.683     63.205    31.9930     3.6567          1          1  0.000e+00
  1025.7035     62.614     63.136    31.9682     3.6546          1          1  0.000e+00
  1025.7106     62.544     63.065    31.9772     3.6526          1          1  0.000e+00
  1025.7098     62.466     62.987    31.9766     3.6514          1          1  0.000e+00
  1025.7072     62.380     62.901    31.9738     3.6510          1          1  0.000e+00
  1025.7061     62.278     62.797    31.9729     3.6506          1          1  0.000e+00
  1025.6978     62.152     62.671    31.9633     3.6511          1          1  0.000e+00
  1025.6692     62.004     62.521    31.9284     3.6527          1          1  0.000e+00
  1025.6700     61.834     62.350    31.9307     3.6550          1          1  0.000e+00
  1025.6746     61.647     62.161    31.9378     3.6570          1          1  0.000e+00
  1025.6673     61.440     61.952    31.9302     3.6592          1          1  0.000e+00
  1025.6492     61.233     61.744    31.9089     3.6614          1          1  0.000e+00
  1025.6397     61.031     61.540    31.8983     3.6629          1          1  0.000e+00
  1025.6306     60.833     61.340    31.8881     3.6640          1          1  0.000e+00
  1025.6250     60.650     61.156    31.8824     3.6656          1          1  0.000e+00
  1025.6199     60.483     60.987    31.8773     3.6684          1          1  0.000e+00
  1025.6130     60.336     60.839    31.8698     3.6707          1          1  0.000e+00
  1025.6065     60.208     60.710    31.8628     3.6748          1          1  0.000e+00
  1025.6016     60.103     60.604    31.8580     3.6804          1          1  0.000e+00
