data/eDNA/PER-2021-171/171a021.cnv
* Sea-Bird SBE19plus  Data File:
* FileName = C:\Users\RSG_field\Ryan_2021_Perley\CTD\171a021.hex
* Software version 2.3.0 SB_Terminal.dll
* Temperature SN = 7141
* Conductivity SN = 7141
* System UpLoad Time = Aug 17 2021 13:10:47
* <ApplicationData>
* <SeatermAF>
** Platform: M. Perley
** Cruise: Per2021171
** Station:  SAB_06
** Cast: 01 1
** Latitude: N  46 22.083
** Longitude: W 59 05.769
** Sounding: 229
** Chief Scientist: Ryan Stanley
** Comment: 171a021
** Sounder wasn't working so estimated depth to be between 215 and 220. Bottle was left at 220 for time based trigger for upcast.
# nquan = 8
# nvalues = 5405                                  
# units = specified
# name 0 = density00: Density [density, kg/m^3]
# name 1 = depSM: Depth [salt water, m], lat = 45.00
# name 2 = prdM: Pressure, Strain Gauge [db]
# name 3 = sal00: Salinity, Practical [PSU]
# name 4 = tv290C: Temperature [ITS-90, deg C]
# name 5 = bpos: Bottle Position in Carousel
# name 6 = nbf: Bottles Fired
# name 7 = flag:  0.000e+00
# span 0 =   998.5199,  1027.8650                 
# span 1 =     -0.046,    196.227                 
# span 2 =     -0.046,    197.928                 
# span 3 =     0.0093,    34.3684                 
# span 4 =     2.1790,    19.8275                 
# span 5 =          0,          6                 
# span 6 =          0,          6                 
# span 7 = 0.0000e+00, 0.0000e+00                 
# interval = seconds: 0.25
# start_time = Aug 17 2021 15:43:35 [Instrument's time stamp, header]
# bad_flag = -9.990e-29
*END*
[from data line 720]
  1020.4258      1.819      1.833    29.2341    19.8123          0          0  0.000e+00
  1020.4260      1.836      1.851    29.2345    19.8129          0          0  0.000e+00
  1020.4246      1.890      1.905    29.2327    19.8140          0          0  0.000e+00
  1020.4235      1.961      1.977    29.2308    19.8140          0          0  0.000e+00
  1020.4237      2.021      2.038    29.2305    19.8130          0          0  0.000e+00
  1020.4240      2.064      2.081    29.2302    19.8116          0          0  0.000e+00
  1020.4258      2.096      2.113    29.2317    19.8099          0          0  0.000e+00
  1020.4268      2.112      2.129    29.2326    19.8089          0          0  0.000e+00
  1020.4269      2.107      2.124    29.2327    19.8085          0          0  0.000e+00
  1020.4271      2.087      2.104    29.2330    19.8084          0          0  0.000e+00
  1020.4279      2.068      2.085    29.2341    19.8082          0          0  0.000e+00
  1020.4277      2.054      2.071    29.2342    19.8089          0          0  0.000e+00
  1020.4272      2.037      2.054    29.2338    19.8094          0          0  0.000e+00
  1020.4265      2.011      2.028    29.2331    19.8100          0          0  0.000e+00
  1020.4263      1.982      1.998    29.2332    19.8100          0          0  0.000e+00
  1020.4259      1.960      1.976    29.2328    19.8101          0          0  0.000e+00
  1020.4257      1.939      1.955    29.2325    19.8101          0          0  0.000e+00
  1020.4257      1.925      1.940    29.2325    19.8097          0          0  0.000e+00
  1020.4262      1.912      1.928    29.2332    19.8093          0          0  0.000e+00
  1020.4267      1.909      1.924    29.2338    19.8092          0          0  0.000e+00
  1020.4268      1.917      1.933    29.2340    19.8096          0          0  0.000e+00
  1020.4264      1.926      1.941    29.2336    19.8102          0          0  0.000e+00
  1020.4261      1.926      1.941    29.2334    19.8106          0          0  0.000e+00
  1020.4260      1.910      1.925    29.2334    19.8108          0          0  0.000e+00
  1020.4258      1.894      1.909    29.2333    19.8108          0          0  0.000e+00
  1020.4249      1.877      1.892    29.2322    19.8108          0          0  0.000e+00
  1020.4255      1.862      1.877    29.2329    19.8103          0          0  0.000e+00
  1020.4258      1.856      1.871    29.2332    19.8100          0          0  0.000e+00
  1020.4259      1.873      1.888    29.2332    19.8101          0          0  0.000e+00
  1020.4269      1.916      1.932    29.2344    19.8102          0          0  0.000e+00
  1020.4276      1.990      2.007    29.2350    19.8110          0          0  0.000e+00
  1020.4268      2.076      2.093    29.2339    19.8121          0          0  0.000e+00
  1020.4262      2.146      2.164    29.2329    19.8129          0          0  0.000e+00
  1020.4257      2.190      2.207    29.2321    19.8130          0          0  0.000e+00
  1020.4262      2.196      2.214    29.2326    19.8125          0          0  0.000e+00
  1020.4262      2.173      2.190    29.2326    19.8121          0          0  0.000e+00
  1020.4260      2.125      2.142    29.2325    19.8117          0          0  0.000e+00
  1020.4254      2.059      2.076    29.2319    19.8113          0          0  0.000e+00
  1020.4253      1.990      2.007    29.2318    19.8104          0          0  0.000e+00
  1020.4257      1.936      1.952    29.2325    19.8097          0          0  0.000e+00
  1020.4263      1.916      1.932    29.2332    19.8092          0          0  0.000e+00
  1020.4266      1.924      1.939    29.2335    19.8091          0          0  0.000e+00
  1020.4267      1.940      1.956    29.2337    19.8093          0          0  0.000e+00
  1020.4272      1.960      1.976    29.2342    19.8095          0          0  0.000e+00
  1020.4266      1.962      1.978    29.2337    19.8101          0          0  0.000e+00
  1020.4264      1.948      1.964    29.2336    19.8103          0          0  0.000e+00
  1020.4260      1.926      1.941    29.2332    19.8107          0          0  0.000e+00
  1020.4255      1.904      1.920    29.2327    19.8108          0          0  0.000e+00
  1020.4252      1.889      1.904    29.2324    19.8104          0          0  0.000e+00
  1020.4255      1.882      1.898    29.2325    19.8097          0          0  0.000e+00
  1020.4262      1.887      1.903    29.2333    19.8094          0          0  0.000e+00
  1020.4270      1.902      1.918    29.2342    19.8092          0          0  0.000e+00
  1020.4251      1.913      1.929    29.2318    19.8096          0          0  0.000e+00
  1020.4253      1.918      1.934    29.2319    19.8092          0          0  0.000e+00
  1020.4261      1.924      1.939    29.2326    19.8082          0          0  0.000e+00
  1020.4268      1.929      1.945    29.2333    19.8075          0          0  0.000e+00
  1020.4267      1.934      1.950    29.2332    19.8076          0          0  0.000e+00
  1020.4266      1.945      1.961    29.2330    19.8079          0          0  0.000e+00
  1020.4270      1.965      1.981    29.2333    19.8075          0          0  0.000e+00
  1020.4271      1.996      2.012    29.2332    19.8075          0          0  0.000e+00
  1020.4274      2.037      2.054    29.2334    19.8075          0          0  0.000e+00
  1020.4276      2.070      2.087    29.2335    19.8074          0          0  0.000e+00
  1020.4272      2.090      2.107    29.2329    19.8075          0          0  0.000e+00
  1020.4270      2.102      2.119    29.2325    19.8074          0          0  0.000e+00
  1020.4271      2.099      2.117    29.2325    19.8069          0          0  0.000e+00
  1020.4271      2.093      2.110    29.2324    19.8065          0          0  0.000e+00
  1020.4269      2.082      2.100    29.2319    19.8059          0          0  0.000e+00
  1020.4272      2.078      2.095    29.2321    19.8052          0          0  0.000e+00
  1020.4273      2.074      2.091    29.2320    19.8044          0          0  0.000e+00
  1020.4276      2.052      2.069    29.2323    19.8039          0          0  0.000e+00
  1020.4286      2.008      2.025    29.2337    19.8032          0          0  0.000e+00
  1020.4284      1.957      1.973    29.2337    19.8031          0          0  0.000e+00
  1020.4281      1.905      1.921    29.2337    19.8034          0          0  0.000e+00
  1020.4274      1.842      1.857    29.2334    19.8039          0          0  0.000e+00
  1020.4273      1.788      1.802    29.2336    19.8040          0          0  0.000e+00
  1020.4268      1.769      1.783    29.2330    19.8041          0          0  0.000e+00
  1020.4272      1.777      1.792    29.2335    19.8040          0          0  0.000e+00
  1020.4281      1.812      1.827    29.2344    19.8041          0          0  0.000e+00
  1020.4264      1.864      1.879    29.2321    19.8046          0          0  0.000e+00
  1020.4268      1.921      1.937    29.2321    19.8040          0          0  0.000e+00
  1020.4281      1.972      1.988    29.2332    19.8031          0          0  0.000e+00
  1020.4284      2.008      2.025    29.2334    19.8030          0          0  0.000e+00
  1020.4284      2.032      2.048    29.2331    19.8028          0          0  0.000e+00
  1020.4286      2.045      2.062    29.2333    19.8030          0          0  0.000e+00
  1020.4288      2.037      2.054    29.2338    19.8030          0          0  0.000e+00
  1020.4278      2.020      2.036    29.2326    19.8030          0          0  0.000e+00
  1020.4281      2.008      2.025    29.2329    19.8028          0          0  0.000e+00
  1020.4282      2.002      2.018    29.2329    19.8025          0          0  0.000e+00
  1020.4283      2.006      2.023    29.2329    19.8020          0          0  0.000e+00
  1020.4291      2.026      2.043    29.2338    19.8018          0          0  0.000e+00
  1020.4289      2.041      2.058    29.2335    19.8020          0          0  0.000e+00
  1020.4277      2.051      2.067    29.2319    19.8020          0          0  0.000e+00
  1020.4281      2.048      2.064    29.2323    19.8014          0          0  0.000e+00
  1020.4287      2.032      2.048    29.2328    19.8007          0          0  0.000e+00
  1020.4288      2.017      2.033    29.2330    19.8004          0          0  0.000e+00
  1020.4291      1.992      2.009    29.2334    19.8001          0          0  0.000e+00
  1020.4288      1.968      1.984    29.2332    19.8004          0          0  0.000e+00
  1020.4288      1.958      1.975    29.2332    19.8001          0          0  0.000e+00
  1020.4286      1.964      1.980    29.2329    19.8000          0          0  0.000e+00
  1020.4291      1.983      1.999    29.2333    19.7998          0          0  0.000e+00
  1020.4307      2.001      2.017    29.2354    19.7999          0          0  0.000e+00
  1020.4299      2.013      2.029    29.2346    19.8009          0          0  0.000e+00
  1020.4292      2.016      2.032    29.2341    19.8022          0          0  0.000e+00
  1020.4283      2.000      2.016    29.2333    19.8028          0          0  0.000e+00
  1020.4280      1.968      1.984    29.2331    19.8030          0          0  0.000e+00
  1020.4281      1.926      1.941    29.2334    19.8030          0          0  0.000e+00
  1020.4282      1.877      1.892    29.2339    19.8030          0          0  0.000e+00
  1020.4279      1.833      1.848    29.2339    19.8035          0          0  0.000e+00
  1020.4273      1.807      1.822    29.2334    19.8040          0          0  0.000e+00
  1020.4259      1.805      1.820    29.2317    19.8041          0          0  0.000e+00
  1020.4218      1.833      1.848    29.2257    19.8030          0          0  0.000e+00
  1020.4266      1.882      1.898    29.2302    19.7983          0          0  0.000e+00
  1020.4327      1.944      1.960    29.2370    19.7960          0          0  0.000e+00
  1020.4333      2.005      2.022    29.2381    19.7978          0          0  0.000e+00
  1020.4303      2.057      2.074    29.2349    19.8010          0          0  0.000e+00
  1020.4279      2.089      2.106    29.2322    19.8027          0          0  0.000e+00
  1020.4287      2.097      2.114    29.2330    19.8023          0          0  0.000e+00
  1020.4292      2.088      2.105    29.2337    19.8022          0          0  0.000e+00
  1020.4297      2.069      2.086    29.2344    19.8022          0          0  0.000e+00
  1020.4290      2.049      2.065    29.2339    19.8030          0          0  0.000e+00
  1020.4284      2.038      2.055    29.2333    19.8034          0          0  0.000e+00
  1020.4282      2.041      2.058    29.2331    19.8036          0          0  0.000e+00
  1020.4283      2.048      2.064    29.2332    19.8035          0          0  0.000e+00
  1020.4284      2.061      2.078    29.2332    19.8034          0          0  0.000e+00
  1020.4285      2.066      2.082    29.2333    19.8033          0          0  0.000e+00
  1020.4286      2.053      2.070    29.2335    19.8031          0          0  0.000e+00
  1020.4279      2.021      2.038    29.2327    19.8030          0          0  0.000e+00
  1020.4267      1.973      1.989    29.2313    19.8027          0          0  0.000e+00
  1020.4272      1.916      1.932    29.2318    19.8016          0          0  0.000e+00
  1020.4276      1.855      1.870    29.2324    19.8006          0          0  0.000e+00
  1020.4277      1.802      1.816    29.2326    19.7999          0          0  0.000e+00
  1020.4276      1.768      1.782    29.2325    19.7993          0          0  0.000e+00
  1020.4279      1.765      1.779    29.2327    19.7989          0          0  0.000e+00
  1020.4275      1.786      1.800    29.2319    19.7980          0          0  0.000e+00
  1020.4305      1.831      1.846    29.2352    19.7973          0          0  0.000e+00
  1020.4377      1.882      1.898    29.2449    19.7988          0          0  0.000e+00
  1020.4339      1.931      1.947    29.2419    19.8055          0          0  0.000e+00
  1020.4303      1.974      1.991    29.2391    19.8120          0          0  0.000e+00
  1020.4300      2.007      2.024    29.2399    19.8162          0          0  0.000e+00
  1020.4254      2.026      2.043    29.2352    19.8210          0          0  0.000e+00
  1020.4242      2.034      2.050    29.2344    19.8230          0          0  0.000e+00
  1020.4231      2.033      2.049    29.2333    19.8241          0          0  0.000e+00
  1020.4219      2.035      2.051    29.2318    19.8243          0          0  0.000e+00
  1020.4205      2.046      2.063    29.2297    19.8238          0          0  0.000e+00
  1020.4166      2.073      2.090    29.2236    19.8214          0          0  0.000e+00
  1020.4184      2.103      2.120    29.2239    19.8157          0          0  0.000e+00
  1020.4258      2.124      2.141    29.2314    19.8092          0          0  0.000e+00
  1020.4259      2.127      2.144    29.2307    19.8070          0          0  0.000e+00
  1020.4258      2.113      2.131    29.2301    19.8054          0          0  0.000e+00
  1020.4298      2.077      2.094    29.2349    19.8034          0          0  0.000e+00
  1020.4314      2.026      2.043    29.2375    19.8039          0          0  0.000e+00
  1020.4292      1.966      1.982    29.2357    19.8062          0          0  0.000e+00
  1020.4272      1.913      1.929    29.2340    19.8080          0          0  0.000e+00
  1020.4270      1.881      1.896    29.2341    19.8088          0          0  0.000e+00
  1020.4278      1.880      1.895    29.2356    19.8097          0          0  0.000e+00
  1020.4273      1.903      1.919    29.2352    19.8110          0          0  0.000e+00
  1020.4262      1.938      1.954    29.2338    19.8120          0          0  0.000e+00
  1020.4238      1.972      1.988    29.2307    19.8126          0          0  0.000e+00
  1020.4229      1.993      2.010    29.2288    19.8107          0          0  0.000e+00
  1020.4259      1.988      2.004    29.2318    19.8079          0          0  0.000e+00
  1020.4273      1.958      1.974    29.2335    19.8067          0          0  0.000e+00
  1020.4287      1.910      1.925    29.2356    19.8067          0          0  0.000e+00
  1020.4287      1.842      1.857    29.2364    19.8081          0          0  0.000e+00
  1020.4268      1.758      1.773    29.2352    19.8102          0          0  0.000e+00
  1020.4254      1.686      1.700    29.2340    19.8114          0          0  0.000e+00
  1020.4251      1.659      1.672    29.2341    19.8121          0          0  0.000e+00
  1020.4260      1.686      1.700    29.2353    19.8127          0          0  0.000e+00
  1020.4260      1.771      1.785    29.2353    19.8142          0          0  0.000e+00
  1020.4248      1.903      1.919    29.2334    19.8157          0          0  0.000e+00
  1020.4254      2.045      2.062    29.2336    19.8160          0          0  0.000e+00
  1020.4256      2.169      2.187    29.2331    19.8160          0          0  0.000e+00
  1020.4211      2.257      2.276    29.2266    19.8158          0          0  0.000e+00
  1020.4258      2.300      2.319    29.2315    19.8128          0          0  0.000e+00
  1020.4246      2.306      2.325    29.2294    19.8110          0          0  0.000e+00
  1020.4272      2.273      2.292    29.2322    19.8089          0          0  0.000e+00
  1020.4272      2.204      2.222    29.2322    19.8078          0          0  0.000e+00
  1020.4292      2.103      2.120    29.2352    19.8071          0          0  0.000e+00
  1020.4283      2.006      2.023    29.2352    19.8088          0          0  0.000e+00
