data/eDNA/PER-2021-171/171a001.cnv
* Sea-Bird SBE19plus  Data File:
* FileName = C:\Users\RSG_field\Ryan_2021_Perley\CTD\171a001.hex
* Software version 2.3.0 SB_Terminal.dll
* Temperature SN = 7141
* Conductivity SN = 7141
* System UpLoad Time = Aug 07 2021 19:51:33
* <ApplicationData>
* <SeatermAF>
** Platform: M. Perley
** Cruise: Per2021171
** Station:  1
** Cast: 01
** Latitude: N  44 27.0583
** Longitude: W 62 8.8382
** Sounding: 210
** Chief Scientist: Ryan Stanley
** Comment:
# nquan = 8
# nvalues = 5375                                  
# units = specified
# name 0 = density00: Density [density, kg/m^3]
# name 1 = depSM: Depth [salt water, m], lat = 45.00
# name 2 = prdM: Pressure, Strain Gauge [db]
# name 3 = sal00: Salinity, Practical [PSU]
# name 4 = tv290C: Temperature [ITS-90, deg C]
# name 5 = bpos: Bottle Position in Carousel
# name 6 = nbf: Bottles Fired
# name 7 = flag:  0.000e+00
# span 0 =   998.7110,  1027.7497                 
# span 1 =     -0.051,    191.116                 
# span 2 =     -0.051,    192.770                 
# span 3 =     0.0000,    35.2137                 
# span 4 =     3.0110,    17.4078                 
# span 5 =          0,          6                 
# span 6 =          0,          6                 
# span 7 = 0.0000e+00, 0.0000e+00                 
# interval = seconds: 0.25
# start_time = Aug 07 2021 18:23:24 [Instrument's time stamp, header]
# bad_flag = -9.990e-29
*END*
[from data line 4675]
  1025.9307     47.048     47.438    32.3471     3.6622          5          5  0.000e+00
  1025.9319     46.868     47.257    32.3500     3.6651          5          5  0.000e+00
  1025.9288     46.690     47.077    32.3478     3.6698          5          5  0.000e+00
  1025.9259     46.515     46.901    32.3457     3.6745          5          5  0.000e+00
  1025.9228     46.342     46.726    32.3434     3.6790          5          5  0.000e+00
  1025.9195     46.173     46.556    32.3407     3.6829          5          5  0.000e+00
  1025.9123     46.016     46.398    32.3329     3.6858          5          5  0.000e+00
  1025.8917     45.872     46.253    32.3078     3.6854          5          5  0.000e+00
  1025.8830     45.755     46.134    32.2966     3.6776          5          5  0.000e+00
  1025.7917     45.667     46.045    32.1803     3.6603          5          5  0.000e+00
  1025.8095     45.612     45.991    32.1972     3.6113          5          5  0.000e+00
  1025.7841     45.596     45.974    32.1597     3.5621          5          5  0.000e+00
  1025.8033     45.612     45.991    32.1776     3.5106          5          5  0.000e+00
  1025.8159     45.653     46.032    32.1879     3.4645          5          5  0.000e+00
  1025.8334     45.711     46.090    32.2053     3.4273          5          5  0.000e+00
  1025.8452     45.769     46.149    32.2165     3.3990          5          5  0.000e+00
  1025.8588     45.819     46.199    32.2309     3.3776          5          5  0.000e+00
  1025.8692     45.849     46.229    32.2420     3.3632          5          5  0.000e+00
  1025.8753     45.849     46.229    32.2487     3.3541          5          5  0.000e+00
  1025.8810     45.817     46.197    32.2555     3.3490          5          5  0.000e+00
  1025.8842     45.752     46.132    32.2597     3.3473          5          5  0.000e+00
  1025.8838     45.657     46.036    32.2598     3.3477          5          5  0.000e+00
  1025.8833     45.530     45.908    32.2601     3.3488          5          5  0.000e+00
  1025.8818     45.380     45.757    32.2592     3.3500          5          5  0.000e+00
  1025.8793     45.213     45.588    32.2572     3.3508          5          5  0.000e+00
  1025.8696     45.041     45.415    32.2460     3.3507          5          5  0.000e+00
  1025.8592     44.861     45.233    32.2334     3.3464          5          5  0.000e+00
  1025.8625     44.691     45.062    32.2377     3.3382          5          5  0.000e+00
  1025.8637     44.529     44.898    32.2394     3.3311          5          5  0.000e+00
  1025.8654     44.375     44.743    32.2418     3.3255          5          5  0.000e+00
  1025.8666     44.238     44.604    32.2436     3.3212          5          5  0.000e+00
  1025.8664     44.110     44.476    32.2437     3.3180          5          5  0.000e+00
  1025.8671     43.983     44.348    32.2452     3.3157          5          5  0.000e+00
  1025.8694     43.854     44.217    32.2486     3.3141          5          5  0.000e+00
  1025.8730     43.715     44.077    32.2540     3.3145          5          5  0.000e+00
  1025.8665     43.566     43.928    32.2470     3.3177          5          5  0.000e+00
  1025.8602     43.402     43.762    32.2404     3.3194          5          5  0.000e+00
  1025.8573     43.219     43.577    32.2377     3.3191          5          5  0.000e+00
  1025.8562     43.028     43.385    32.2373     3.3172          5          5  0.000e+00
  1025.8474     42.830     43.185    32.2272     3.3152          5          5  0.000e+00
  1025.8391     42.631     42.985    32.2175     3.3117          5          5  0.000e+00
  1025.8356     42.439     42.790    32.2137     3.3061          5          5  0.000e+00
  1025.8294     42.265     42.615    32.2062     3.3001          5          5  0.000e+00
  1025.8223     42.121     42.470    32.1974     3.2931          5          5  0.000e+00
  1025.8163     42.013     42.362    32.1895     3.2846          5          5  0.000e+00
  1025.8134     41.946     42.293    32.1853     3.2750          5          5  0.000e+00
  1025.8060     41.918     42.265    32.1750     3.2652          5          5  0.000e+00
  1025.7848     41.932     42.279    32.1471     3.2539          5          5  0.000e+00
  1025.7827     41.980     42.327    32.1422     3.2371          5          5  0.000e+00
  1025.7927     42.057     42.405    32.1524     3.2197          5          5  0.000e+00
  1025.8038     42.140     42.489    32.1645     3.2073          5          5  0.000e+00
  1025.8177     42.220     42.570    32.1807     3.2009          5          5  0.000e+00
  1025.8288     42.284     42.634    32.1943     3.2004          5          5  0.000e+00
  1025.8364     42.317     42.667    32.2040     3.2041          5          5  0.000e+00
  1025.8348     42.311     42.662    32.2028     3.2105          5          5  0.000e+00
  1025.8300     42.264     42.614    32.1976     3.2160          5          5  0.000e+00
  1025.8260     42.172     42.522    32.1935     3.2194          5          5  0.000e+00
  1025.8228     42.041     42.389    32.1905     3.2211          5          5  0.000e+00
  1025.8126     41.878     42.225    32.1786     3.2217          5          5  0.000e+00
  1025.8051     41.684     42.029    32.1702     3.2194          5          5  0.000e+00
  1025.7992     41.470     41.813    32.1635     3.2145          5          5  0.000e+00
  1025.7803     41.242     41.583    32.1405     3.2080          5          5  0.000e+00
  1025.7473     41.000     41.340    32.0989     3.1946          5          5  0.000e+00
  1025.7542     40.751     41.088    32.1064     3.1707          5          5  0.000e+00
  1025.7587     40.499     40.834    32.1113     3.1502          5          5  0.000e+00
  1025.7479     40.243     40.576    32.0976     3.1347          5          5  0.000e+00
  1025.7474     39.996     40.327    32.0968     3.1197          5          5  0.000e+00
  1025.7446     39.758     40.087    32.0933     3.1070          5          5  0.000e+00
  1025.7361     39.535     39.862    32.0828     3.0965          5          5  0.000e+00
  1025.7278     39.326     39.652    32.0726     3.0860          5          5  0.000e+00
  1025.7067     39.139     39.464    32.0460     3.0752          5          5  0.000e+00
  1025.7118     38.972     39.295    32.0520     3.0619          5          5  0.000e+00
  1025.7169     38.828     39.149    32.0582     3.0521          5          5  0.000e+00
  1025.6893     38.708     39.028    32.0236     3.0466          5          5  0.000e+00
  1025.6829     38.614     38.933    32.0153     3.0386          5          5  0.000e+00
  1025.6847     38.539     38.859    32.0174     3.0326          5          5  0.000e+00
  1025.6830     38.488     38.806    32.0155     3.0328          5          5  0.000e+00
  1025.6739     38.457     38.775    32.0047     3.0362          5          5  0.000e+00
  1025.6627     38.446     38.764    31.9911     3.0404          5          5  0.000e+00
  1025.6558     38.453     38.771    31.9830     3.0453          5          5  0.000e+00
  1025.6510     38.479     38.798    31.9773     3.0497          5          5  0.000e+00
  1025.6484     38.518     38.837    31.9741     3.0529          5          5  0.000e+00
  1025.6477     38.571     38.891    31.9732     3.0553          5          5  0.000e+00
  1025.6480     38.629     38.948    31.9735     3.0571          5          5  0.000e+00
  1025.6490     38.684     39.004    31.9745     3.0585          5          5  0.000e+00
  1025.6513     38.720     39.040    31.9773     3.0595          5          5  0.000e+00
  1025.6522     38.731     39.052    31.9785     3.0602          5          5  0.000e+00
  1025.6520     38.695     39.016    31.9784     3.0604          5          5  0.000e+00
  1025.6528     38.611     38.930    31.9800     3.0606          5          5  0.000e+00
  1025.6532     38.472     38.790    31.9814     3.0615          5          5  0.000e+00
  1025.6476     38.279     38.596    31.9757     3.0637          5          5  0.000e+00
  1025.6407     38.050     38.365    31.9686     3.0650          5          5  0.000e+00
  1025.6361     37.790     38.103    31.9642     3.0645          5          5  0.000e+00
  1025.6298     37.519     37.829    31.9579     3.0633          5          5  0.000e+00
  1025.6215     37.244     37.552    31.9488     3.0602          5          5  0.000e+00
  1025.6187     36.986     37.292    31.9462     3.0550          5          5  0.000e+00
  1025.6228     36.751     37.055    31.9522     3.0498          5          5  0.000e+00
  1025.6102     36.537     36.839    31.9373     3.0468          5          5  0.000e+00
  1025.5960     36.348     36.649    31.9200     3.0410          5          5  0.000e+00
  1025.5847     36.190     36.490    31.9059     3.0317          5          5  0.000e+00
  1025.5921     36.048     36.346    31.9148     3.0209          5          5  0.000e+00
  1025.5934     35.928     36.226    31.9163     3.0138          5          5  0.000e+00
  1025.5940     35.814     36.110    31.9175     3.0110          5          5  0.000e+00
  1025.5873     35.709     36.004    31.9097     3.0113          5          5  0.000e+00
  1025.5871     35.605     35.900    31.9104     3.0141          5          5  0.000e+00
  1025.5993     35.504     35.798    31.9269     3.0192          5          5  0.000e+00
  1025.6050     35.399     35.692    31.9361     3.0328          5          5  0.000e+00
  1025.5953     35.290     35.582    31.9269     3.0547          5          5  0.000e+00
  1025.5775     35.188     35.480    31.9075     3.0752          5          5  0.000e+00
  1025.5748     35.096     35.387    31.9060     3.0885          5          5  0.000e+00
  1025.5631     35.027     35.317    31.8934     3.1035          5          5  0.000e+00
  1025.5495     34.985     35.274    31.8780     3.1171          5          5  0.000e+00
  1025.5441     34.967     35.256    31.8723     3.1258          5          5  0.000e+00
  1025.5365     34.978     35.267    31.8638     3.1362          5          5  0.000e+00
  1025.5288     35.009     35.299    31.8550     3.1464          5          5  0.000e+00
  1025.5230     35.060     35.350    31.8484     3.1541          5          5  0.000e+00
  1025.5191     35.111     35.402    31.8437     3.1595          5          5  0.000e+00
  1025.5165     35.155     35.445    31.8406     3.1633          5          5  0.000e+00
  1025.5147     35.174     35.465    31.8386     3.1660          5          5  0.000e+00
  1025.5134     35.151     35.442    31.8373     3.1678          5          5  0.000e+00
  1025.5121     35.076     35.366    31.8362     3.1690          5          5  0.000e+00
  1025.5129     34.946     35.235    31.8380     3.1696          5          5  0.000e+00
  1025.5109     34.761     35.049    31.8367     3.1706          5          5  0.000e+00
  1025.5084     34.534     34.820    31.8349     3.1709          5          5  0.000e+00
  1025.5040     34.274     34.557    31.8309     3.1705          5          5  0.000e+00
  1025.5017     34.000     34.281    31.8295     3.1689          5          5  0.000e+00
  1025.4910     33.728     34.007    31.8174     3.1668          5          5  0.000e+00
  1025.4726     33.478     33.754    31.7953     3.1614          5          5  0.000e+00
  1025.4667     33.258     33.533    31.7881     3.1510          5          5  0.000e+00
  1025.4642     33.068     33.342    31.7849     3.1401          5          5  0.000e+00
  1025.4728     32.916     33.188    31.7956     3.1309          5          5  0.000e+00
  1025.4814     32.788     33.059    31.8069     3.1278          5          5  0.000e+00
  1025.4992     32.678     32.948    31.8304     3.1329          5          5  0.000e+00
  1025.5486     32.579     32.848    31.8948     3.1498          5          5  0.000e+00
  1025.7344     32.482     32.751    32.1344     3.2043          5          5  0.000e+00
  1025.6957     32.380     32.648    32.1032     3.3542          5          5  0.000e+00
  1025.6039     32.268     32.535    32.0067     3.5137          5          5  0.000e+00
  1025.5252     32.155     32.420    31.9217     3.6273          5          5  0.000e+00
  1025.5239     32.040     32.305    31.9295     3.7027          5          5  0.000e+00
  1025.4024     31.934     32.198    31.7852     3.7687          5          5  0.000e+00
  1025.4874     31.839     32.102    31.8950     3.7878          5          5  0.000e+00
  1025.5495     31.762     32.025    31.9796     3.8391          5          5  0.000e+00
  1025.4952     31.698     31.960    31.9217     3.9217          5          5  0.000e+00
  1025.4713     31.648     31.909    31.9012     3.9978          5          5  0.000e+00
  1025.4641     31.605     31.867    31.9007     4.0653          5          5  0.000e+00
  1025.4336     31.563     31.824    31.8704     4.1295          5          5  0.000e+00
  1025.3822     31.511     31.771    31.8128     4.1833          5          5  0.000e+00
  1025.3533     31.448     31.707    31.7804     4.2122          5          5  0.000e+00
  1025.3138     31.365     31.624    31.7327     4.2244          5          5  0.000e+00
  1025.3044     31.261     31.519    31.7202     4.2150          5          5  0.000e+00
  1025.3317     31.137     31.394    31.7529     4.1951          5          5  0.000e+00
  1025.3499     31.000     31.256    31.7758     4.1890          5          5  0.000e+00
  1025.3483     30.845     31.100    31.7755     4.1946          5          5  0.000e+00
  1025.3348     30.676     30.929    31.7608     4.2052          5          5  0.000e+00
  1025.3244     30.493     30.745    31.7496     4.2124          5          5  0.000e+00
  1025.3110     30.302     30.552    31.7343     4.2156          5          5  0.000e+00
  1025.2969     30.113     30.362    31.7175     4.2143          5          5  0.000e+00
  1025.2936     29.931     30.178    31.7137     4.2084          5          5  0.000e+00
  1025.2988     29.762     30.008    31.7204     4.2017          5          5  0.000e+00
  1025.2942     29.617     29.861    31.7151     4.1980          5          5  0.000e+00
  1025.2901     29.496     29.739    31.7101     4.1948          5          5  0.000e+00
  1025.2844     29.405     29.648    31.7031     4.1913          5          5  0.000e+00
  1025.2835     29.337     29.579    31.7019     4.1875          5          5  0.000e+00
  1025.2781     29.289     29.531    31.6951     4.1852          5          5  0.000e+00
  1025.2754     29.248     29.489    31.6919     4.1850          5          5  0.000e+00
  1025.3012     29.205     29.447    31.7252     4.1894          5          5  0.000e+00
  1025.3331     29.145     29.386    31.7683     4.2099          5          5  0.000e+00
  1025.3612     29.060     29.300    31.8094     4.2512          5          5  0.000e+00
  1025.3392     28.940     29.179    31.7896     4.3085          5          5  0.000e+00
  1025.3219     28.798     29.036    31.7753     4.3606          5          5  0.000e+00
  1025.2951     28.633     28.869    31.7479     4.4025          5          5  0.000e+00
  1025.3593     28.460     28.695    31.8344     4.4376          5          5  0.000e+00
  1025.3422     28.281     28.515    31.8221     4.5018          5          5  0.000e+00
  1025.3166     28.108     28.340    31.7993     4.5661          5          5  0.000e+00
  1025.2997     27.956     28.186    31.7858     4.6188          5          5  0.000e+00
  1025.3126     27.816     28.045    31.8092     4.6665          5          5  0.000e+00
  1025.3060     27.694     27.922    31.8092     4.7241          5          5  0.000e+00
  1025.3193     27.586     27.813    31.8352     4.7881          5          5  0.000e+00
