data/eDNA/PER-2021-171/171a012.cnv
* Sea-Bird SBE19plus  Data File:
* FileName = C:\Users\RSG_field\Ryan_2021_Perley\CTD\171a012.hex
* Software version 2.3.0 SB_Terminal.dll
* Temperature SN = 7141
* Conductivity SN = 7141
* System UpLoad Time = Aug 12 2021 09:09:10
* <ApplicationData>
* <SeatermAF>
** Platform: M. Perley
** Cruise: Per2021171
** Station:  ESI_16
** Cast: 01 1
** Latitude: N  44 35.607
** Longitude: W 62 3979
** Sounding: 108
** Chief Scientist: Ryan Stanley
** Comment: First cast didn't work adjusted bottom pressure
# nquan = 8
# nvalues = 3380                                  
# units = specified
# name 0 = density00: Density [density, kg/m^3]
# name 1 = depSM: Depth [salt water, m], lat = 45.00
# name 2 = prdM: Pressure, Strain Gauge [db]
# name 3 = sal00: Salinity, Practical [PSU]
# name 4 = tv290C: Temperature [ITS-90, deg C]
# name 5 = bpos: Bottle Position in Carousel
# name 6 = nbf: Bottles Fired
# name 7 = flag:  0.000e+00
# span 0 =   998.5983,  1026.4896                 
# span 1 =     -0.067,    100.763                 
# span 2 =     -0.068,    101.612                 
# span 3 =     0.0084,    32.8082                 
# span 4 =     3.2375,    18.5101                 
# span 5 =          0,          2                 
# span 6 =          0,          2                 
# span 7 = 0.0000e+00, 0.0000e+00                 
# interval = seconds: 0.25
# start_time = Aug 12 2021 11:51:08 [Instrument's time stamp, header]
# bad_flag = -9.990e-29
*END*
[from data line 720]
  1021.7243      2.504      2.525    30.5092    18.5095          0          0  0.000e+00
  1021.7240      2.448      2.468    30.5091    18.5092          0          0  0.000e+00
  1021.7228      2.359      2.378    30.5079    18.5087          0          0  0.000e+00
  1021.7225      2.285      2.303    30.5077    18.5079          0          0  0.000e+00
  1021.7233      2.233      2.251    30.5086    18.5065          0          0  0.000e+00
  1021.7234      2.221      2.239    30.5086    18.5059          0          0  0.000e+00
  1021.7246      2.241      2.259    30.5099    18.5055          0          0  0.000e+00
  1021.7255      2.258      2.277    30.5110    18.5055          0          0  0.000e+00
  1021.7250      2.257      2.275    30.5106    18.5065          0          0  0.000e+00
  1021.7244      2.236      2.254    30.5102    18.5070          0          0  0.000e+00
  1021.7235      2.189      2.207    30.5094    18.5074          0          0  0.000e+00
  1021.7221      2.114      2.131    30.5080    18.5074          0          0  0.000e+00
  1021.7221      2.014      2.031    30.5083    18.5066          0          0  0.000e+00
  1021.7216      1.907      1.923    30.5080    18.5058          0          0  0.000e+00
  1021.7217      1.808      1.822    30.5085    18.5049          0          0  0.000e+00
  1021.7225      1.751      1.766    30.5095    18.5038          0          0  0.000e+00
  1021.7237      1.763      1.777    30.5109    18.5038          0          0  0.000e+00
  1021.7246      1.826      1.841    30.5119    18.5045          0          0  0.000e+00
  1021.7243      1.931      1.946    30.5115    18.5059          0          0  0.000e+00
  1021.7239      2.058      2.075    30.5107    18.5072          0          0  0.000e+00
  1021.7244      2.180      2.197    30.5107    18.5079          0          0  0.000e+00
  1021.7241      2.274      2.293    30.5100    18.5087          0          0  0.000e+00
  1021.7243      2.345      2.364    30.5100    18.5091          0          0  0.000e+00
  1021.7239      2.382      2.402    30.5094    18.5093          0          0  0.000e+00
  1021.7241      2.391      2.410    30.5096    18.5092          0          0  0.000e+00
  1021.7238      2.375      2.394    30.5092    18.5093          0          0  0.000e+00
  1021.7234      2.339      2.358    30.5089    18.5090          0          0  0.000e+00
  1021.7231      2.300      2.319    30.5086    18.5087          0          0  0.000e+00
  1021.7224      2.281      2.300    30.5075    18.5079          0          0  0.000e+00
  1021.7230      2.283      2.302    30.5079    18.5066          0          0  0.000e+00
  1021.7244      2.303      2.321    30.5093    18.5057          0          0  0.000e+00
  1021.7252      2.326      2.345    30.5103    18.5056          0          0  0.000e+00
  1021.7253      2.334      2.353    30.5104    18.5058          0          0  0.000e+00
  1021.7248      2.321      2.340    30.5100    18.5065          0          0  0.000e+00
  1021.7245      2.287      2.305    30.5099    18.5067          0          0  0.000e+00
  1021.7236      2.225      2.243    30.5091    18.5069          0          0  0.000e+00
  1021.7230      2.140      2.158    30.5088    18.5065          0          0  0.000e+00
  1021.7224      2.040      2.056    30.5083    18.5061          0          0  0.000e+00
  1021.7213      1.945      1.961    30.5072    18.5052          0          0  0.000e+00
  1021.7220      1.873      1.889    30.5082    18.5039          0          0  0.000e+00
  1021.7232      1.838      1.853    30.5096    18.5029          0          0  0.000e+00
  1021.7239      1.840      1.855    30.5105    18.5027          0          0  0.000e+00
  1021.7256      1.884      1.899    30.5125    18.5031          0          0  0.000e+00
  1021.7252      1.956      1.972    30.5121    18.5048          0          0  0.000e+00
  1021.7248      2.044      2.061    30.5116    18.5065          0          0  0.000e+00
  1021.7245      2.140      2.158    30.5110    18.5076          0          0  0.000e+00
  1021.7239      2.225      2.243    30.5100    18.5085          0          0  0.000e+00
  1021.7237      2.296      2.315    30.5095    18.5090          0          0  0.000e+00
  1021.7239      2.352      2.372    30.5094    18.5090          0          0  0.000e+00
  1021.7238      2.385      2.405    30.5091    18.5089          0          0  0.000e+00
  1021.7243      2.396      2.415    30.5096    18.5088          0          0  0.000e+00
  1021.7239      2.387      2.407    30.5092    18.5087          0          0  0.000e+00
  1021.7238      2.367      2.387    30.5091    18.5085          0          0  0.000e+00
  1021.7235      2.336      2.356    30.5087    18.5081          0          0  0.000e+00
  1021.7236      2.296      2.315    30.5090    18.5076          0          0  0.000e+00
  1021.7232      2.245      2.264    30.5085    18.5071          0          0  0.000e+00
  1021.7227      2.199      2.217    30.5081    18.5066          0          0  0.000e+00
  1021.7232      2.151      2.169    30.5087    18.5058          0          0  0.000e+00
  1021.7235      2.103      2.120    30.5092    18.5052          0          0  0.000e+00
  1021.7235      2.063      2.080    30.5093    18.5050          0          0  0.000e+00
  1021.7235      2.026      2.042    30.5095    18.5048          0          0  0.000e+00
  1021.7238      2.011      2.027    30.5099    18.5045          0          0  0.000e+00
  1021.7232      2.013      2.030    30.5091    18.5045          0          0  0.000e+00
  1021.7246      2.035      2.052    30.5108    18.5045          0          0  0.000e+00
  1021.7250      2.076      2.093    30.5112    18.5049          0          0  0.000e+00
  1021.7250      2.124      2.142    30.5112    18.5058          0          0  0.000e+00
  1021.7246      2.177      2.195    30.5107    18.5068          0          0  0.000e+00
  1021.7245      2.224      2.242    30.5105    18.5074          0          0  0.000e+00
  1021.7242      2.257      2.275    30.5100    18.5079          0          0  0.000e+00
  1021.7239      2.275      2.294    30.5097    18.5082          0          0  0.000e+00
  1021.7232      2.268      2.286    30.5088    18.5083          0          0  0.000e+00
  1021.7236      2.241      2.259    30.5093    18.5077          0          0  0.000e+00
  1021.7231      2.200      2.218    30.5088    18.5073          0          0  0.000e+00
  1021.7222      2.159      2.177    30.5077    18.5070          0          0  0.000e+00
  1021.7230      2.124      2.142    30.5085    18.5056          0          0  0.000e+00
  1021.7243      2.116      2.133    30.5099    18.5047          0          0  0.000e+00
  1021.7255      2.136      2.154    30.5114    18.5046          0          0  0.000e+00
  1021.7260      2.177      2.195    30.5120    18.5053          0          0  0.000e+00
  1021.7251      2.229      2.248    30.5110    18.5067          0          0  0.000e+00
  1021.7247      2.273      2.291    30.5105    18.5076          0          0  0.000e+00
  1021.7243      2.289      2.307    30.5101    18.5082          0          0  0.000e+00
  1021.7241      2.281      2.300    30.5100    18.5084          0          0  0.000e+00
  1021.7232      2.248      2.267    30.5089    18.5084          0          0  0.000e+00
  1021.7233      2.199      2.217    30.5092    18.5080          0          0  0.000e+00
  1021.7229      2.129      2.146    30.5089    18.5074          0          0  0.000e+00
  1021.7219      2.060      2.077    30.5079    18.5070          0          0  0.000e+00
  1021.7221      2.019      2.036    30.5080    18.5058          0          0  0.000e+00
  1021.7239      2.026      2.042    30.5100    18.5047          0          0  0.000e+00
  1021.7260      2.069      2.086    30.5124    18.5044          0          0  0.000e+00
  1021.7257      2.135      2.152    30.5120    18.5056          0          0  0.000e+00
  1021.7252      2.190      2.208    30.5113    18.5066          0          0  0.000e+00
  1021.7244      2.225      2.243    30.5104    18.5075          0          0  0.000e+00
  1021.7239      2.234      2.252    30.5099    18.5081          0          0  0.000e+00
  1021.7237      2.221      2.239    30.5097    18.5082          0          0  0.000e+00
  1021.7235      2.185      2.203    30.5095    18.5079          0          0  0.000e+00
  1021.7231      2.122      2.140    30.5093    18.5077          0          0  0.000e+00
  1021.7222      2.050      2.067    30.5085    18.5073          0          0  0.000e+00
  1021.7217      1.988      2.004    30.5079    18.5065          0          0  0.000e+00
  1021.7228      1.961      1.977    30.5091    18.5051          0          0  0.000e+00
  1021.7244      1.983      2.000    30.5108    18.5045          0          0  0.000e+00
  1021.7251      2.048      2.065    30.5115    18.5050          0          0  0.000e+00
  1021.7251      2.143      2.161    30.5113    18.5058          0          0  0.000e+00
  1021.7253      2.240      2.258    30.5112    18.5067          0          0  0.000e+00
  1021.7255      2.319      2.338    30.5112    18.5074          0          0  0.000e+00
  1021.7254      2.363      2.382    30.5110    18.5079          0          0  0.000e+00
  1021.7252      2.367      2.386    30.5109    18.5084          0          0  0.000e+00
  1021.7246      2.346      2.365    30.5103    18.5086          0          0  0.000e+00
  1021.7239      2.290      2.308    30.5096    18.5085          0          0  0.000e+00
  1021.7233      2.211      2.229    30.5092    18.5080          0          0  0.000e+00
  1021.7222      2.125      2.143    30.5081    18.5075          0          0  0.000e+00
  1021.7233      2.069      2.086    30.5094    18.5063          0          0  0.000e+00
  1021.7240      2.069      2.086    30.5101    18.5055          0          0  0.000e+00
  1021.7251      2.119      2.136    30.5113    18.5056          0          0  0.000e+00
  1021.7253      2.191      2.209    30.5113    18.5060          0          0  0.000e+00
  1021.7252      2.249      2.268    30.5110    18.5067          0          0  0.000e+00
  1021.7254      2.280      2.299    30.5114    18.5075          0          0  0.000e+00
  1021.7251      2.279      2.298    30.5112    18.5081          0          0  0.000e+00
  1021.7243      2.253      2.271    30.5104    18.5084          0          0  0.000e+00
  1021.7236      2.191      2.209    30.5099    18.5085          0          0  0.000e+00
  1021.7225      2.101      2.118    30.5089    18.5085          0          0  0.000e+00
  1021.7219      2.005      2.021    30.5084    18.5077          0          0  0.000e+00
  1021.7220      1.923      1.939    30.5087    18.5065          0          0  0.000e+00
  1021.7224      1.888      1.903    30.5092    18.5056          0          0  0.000e+00
  1021.7234      1.905      1.921    30.5102    18.5051          0          0  0.000e+00
  1021.7253      1.972      1.988    30.5122    18.5049          0          0  0.000e+00
  1021.7253      2.060      2.077    30.5121    18.5061          0          0  0.000e+00
  1021.7252      2.147      2.164    30.5118    18.5072          0          0  0.000e+00
  1021.7249      2.213      2.231    30.5112    18.5080          0          0  0.000e+00
  1021.7245      2.256      2.274    30.5107    18.5087          0          0  0.000e+00
  1021.7244      2.270      2.288    30.5105    18.5087          0          0  0.000e+00
  1021.7242      2.258      2.276    30.5104    18.5089          0          0  0.000e+00
  1021.7238      2.221      2.239    30.5101    18.5088          0          0  0.000e+00
  1021.7233      2.168      2.186    30.5097    18.5088          0          0  0.000e+00
  1021.7230      2.125      2.143    30.5094    18.5083          0          0  0.000e+00
  1021.7231      2.109      2.127    30.5094    18.5078          0          0  0.000e+00
  1021.7248      2.177      2.195    30.5110    18.5070          0          0  0.000e+00
  1021.7258      2.308      2.327    30.5117    18.5074          0          0  0.000e+00
  1021.7258      2.507      2.528    30.5108    18.5082          0          0  0.000e+00
  1021.7266      2.704      2.726    30.5108    18.5085          0          0  0.000e+00
  1021.7275      2.878      2.902    30.5110    18.5085          0          0  0.000e+00
  1021.7277      3.002      3.027    30.5106    18.5088          0          0  0.000e+00
  1021.7278      3.079      3.105    30.5102    18.5087          0          0  0.000e+00
  1021.7283      3.112      3.138    30.5106    18.5085          0          0  0.000e+00
  1021.7282      3.104      3.129    30.5105    18.5083          0          0  0.000e+00
  1021.7278      3.060      3.085    30.5102    18.5082          0          0  0.000e+00
  1021.7277      2.986      3.011    30.5104    18.5079          0          0  0.000e+00
  1021.7270      2.910      2.934    30.5098    18.5077          0          0  0.000e+00
  1021.7268      2.855      2.878    30.5098    18.5071          0          0  0.000e+00
  1021.7272      2.847      2.871    30.5101    18.5068          0          0  0.000e+00
  1021.7282      2.907      2.930    30.5111    18.5065          0          0  0.000e+00
  1021.7291      3.046      3.071    30.5116    18.5069          0          0  0.000e+00
  1021.7279      3.242      3.268    30.5090    18.5071          0          0  0.000e+00
  1021.7242      3.467      3.496    30.5024    18.5059          0          0  0.000e+00
  1021.7282      3.695      3.725    30.5047    18.5009          0          0  0.000e+00
  1021.7336      3.915      3.947    30.5088    18.4957          0          0  0.000e+00
  1021.7346      4.112      4.145    30.5080    18.4925          0          0  0.000e+00
  1021.7348      4.285      4.320    30.5061    18.4893          0          0  0.000e+00
  1021.7401      4.429      4.465    30.5108    18.4846          0          0  0.000e+00
  1021.7443      4.545      4.583    30.5149    18.4822          0          0  0.000e+00
  1021.7454      4.640      4.678    30.5159    18.4829          0          0  0.000e+00
  1021.7443      4.714      4.752    30.5145    18.4842          0          0  0.000e+00
  1021.7439      4.773      4.812    30.5139    18.4851          0          0  0.000e+00
  1021.7428      4.830      4.870    30.5123    18.4853          0          0  0.000e+00
  1021.7432      4.894      4.934    30.5121    18.4845          0          0  0.000e+00
  1021.7442      4.969      5.010    30.5128    18.4839          0          0  0.000e+00
  1021.7450      5.051      5.092    30.5131    18.4833          0          0  0.000e+00
  1021.7461      5.142      5.184    30.5139    18.4828          0          0  0.000e+00
  1021.7472      5.235      5.278    30.5148    18.4830          0          0  0.000e+00
  1021.7471      5.324      5.368    30.5145    18.4838          0          0  0.000e+00
  1021.7466      5.409      5.453    30.5134    18.4843          0          0  0.000e+00
  1021.7422      5.477      5.522    30.5074    18.4846          0          0  0.000e+00
  1021.7415      5.530      5.575    30.5049    18.4807          0          0  0.000e+00
  1021.7459      5.568      5.614    30.5085    18.4746          0          0  0.000e+00
  1021.7495      5.594      5.639    30.5117    18.4700          0          0  0.000e+00
  1021.7512      5.618      5.664    30.5130    18.4674          0          0  0.000e+00
  1021.7528      5.641      5.688    30.5143    18.4656          0          0  0.000e+00
  1021.7538      5.686      5.732    30.5150    18.4646          0          0  0.000e+00
  1021.7538      5.758      5.805    30.5146    18.4643          0          0  0.000e+00
