data/eDNA/PER-2021-171/171a024.cnv
* Sea-Bird SBE19plus  Data File:
* FileName = C:\Users\RSG_field\Ryan_2021_Perley\CTD\171a024.hex
* Software version 2.3.0 SB_Terminal.dll
* Temperature SN = 7141
* Conductivity SN = 7141
* System UpLoad Time = Aug 17 2021 18:59:49
* <ApplicationData>
* <SeatermAF>
** Platform: M. Perley
** Cruise: Per2021171
** Station:  SAB_09
** Cast: 01 1
** Latitude: N  46 5.293
** Longitude: W 59 11.953
** Sounding: 85.6
** Chief Scientist: Ryan Stanley
** Comment: 171a024
# nquan = 8
# nvalues = 3062                                  
# units = specified
# name 0 = density00: Density [density, kg/m^3]
# name 1 = depSM: Depth [salt water, m], lat = 45.00
# name 2 = prdM: Pressure, Strain Gauge [db]
# name 3 = sal00: Salinity, Practical [PSU]
# name 4 = tv290C: Temperature [ITS-90, deg C]
# name 5 = bpos: Bottle Position in Carousel
# name 6 = nbf: Bottles Fired
# name 7 = flag:  0.000e+00
# span 0 =   998.3966,  1026.1552                 
# span 1 =     -0.045,     73.917                 
# span 2 =     -0.045,     74.535                 
# span 3 =     0.0101,    32.3241                 
# span 4 =     2.3093,    19.4667                 
# span 5 =          0,          2                 
# span 6 =          0,          2                 
# span 7 = 0.0000e+00, 0.0000e+00                 
# interval = seconds: 0.25
# start_time = Aug 17 2021 21:10:27 [Instrument's time stamp, header]
# bad_flag = -9.990e-29
*END*
[from data line 2338]
  1025.8586     65.680     66.228    32.0262     2.5759          1          1  0.000e+00
  1025.8312     65.696     66.244    31.9907     2.5641          1          1  0.000e+00
  1025.8444     65.698     66.246    32.0048     2.5395          1          1  0.000e+00
  1025.8633     65.678     66.226    32.0265     2.5188          1          1  0.000e+00
  1025.8809     65.617     66.165    32.0479     2.5089          1          1  0.000e+00
  1025.8777     65.508     66.055    32.0443     2.5070          1          1  0.000e+00
  1025.8734     65.356     65.902    32.0397     2.5055          1          1  0.000e+00
  1025.8676     65.171     65.715    32.0333     2.5030          1          1  0.000e+00
  1025.8562     64.985     65.528    32.0197     2.4985          1          1  0.000e+00
  1025.8530     64.792     65.333    32.0160     2.4900          1          1  0.000e+00
  1025.8501     64.617     65.156    32.0123     2.4798          1          1  0.000e+00
  1025.8513     64.463     65.001    32.0138     2.4700          1          1  0.000e+00
  1025.8553     64.324     64.861    32.0188     2.4613          1          1  0.000e+00
  1025.8538     64.199     64.734    32.0169     2.4547          1          1  0.000e+00
  1025.8570     64.078     64.612    32.0212     2.4490          1          1  0.000e+00
  1025.8560     63.950     64.483    32.0203     2.4449          1          1  0.000e+00
  1025.8547     63.808     64.340    32.0191     2.4416          1          1  0.000e+00
  1025.8491     63.649     64.179    32.0127     2.4379          1          1  0.000e+00
  1025.8506     63.499     64.029    32.0150     2.4333          1          1  0.000e+00
  1025.8548     63.351     63.879    32.0208     2.4294          1          1  0.000e+00
  1025.8561     63.214     63.741    32.0230     2.4279          1          1  0.000e+00
  1025.8546     63.105     63.631    32.0218     2.4278          1          1  0.000e+00
  1025.8521     63.026     63.552    32.0191     2.4277          1          1  0.000e+00
  1025.8498     62.986     63.511    32.0165     2.4267          1          1  0.000e+00
  1025.8490     62.973     63.498    32.0153     2.4248          1          1  0.000e+00
  1025.8494     62.987     63.512    32.0155     2.4225          1          1  0.000e+00
  1025.8516     63.011     63.537    32.0179     2.4208          1          1  0.000e+00
  1025.8527     63.037     63.563    32.0191     2.4207          1          1  0.000e+00
  1025.8529     63.042     63.568    32.0195     2.4217          1          1  0.000e+00
  1025.8529     63.003     63.528    32.0198     2.4231          1          1  0.000e+00
  1025.8525     62.914     63.439    32.0200     2.4249          1          1  0.000e+00
  1025.8518     62.772     63.295    32.0201     2.4265          1          1  0.000e+00
  1025.8487     62.576     63.098    32.0176     2.4283          1          1  0.000e+00
  1025.8460     62.353     62.873    32.0157     2.4295          1          1  0.000e+00
  1025.8440     62.111     62.629    32.0147     2.4299          1          1  0.000e+00
  1025.8427     61.875     62.391    32.0145     2.4302          1          1  0.000e+00
  1025.8412     61.670     62.185    32.0138     2.4305          1          1  0.000e+00
  1025.8401     61.497     62.009    32.0135     2.4307          1          1  0.000e+00
  1025.8387     61.361     61.872    32.0127     2.4311          1          1  0.000e+00
  1025.8372     61.261     61.772    32.0113     2.4313          1          1  0.000e+00
  1025.8368     61.191     61.701    32.0112     2.4311          1          1  0.000e+00
  1025.8369     61.133     61.642    32.0117     2.4309          1          1  0.000e+00
  1025.8364     61.083     61.592    32.0114     2.4312          1          1  0.000e+00
  1025.8356     61.025     61.533    32.0108     2.4316          1          1  0.000e+00
  1025.8356     60.953     61.461    32.0112     2.4317          1          1  0.000e+00
  1025.8361     60.870     61.377    32.0124     2.4322          1          1  0.000e+00
  1025.8363     60.779     61.285    32.0133     2.4332          1          1  0.000e+00
  1025.8351     60.687     61.192    32.0125     2.4348          1          1  0.000e+00
  1025.8335     60.597     61.102    32.0113     2.4365          1          1  0.000e+00
  1025.8322     60.511     61.015    32.0101     2.4377          1          1  0.000e+00
  1025.8330     60.441     60.944    32.0118     2.4386          1          1  0.000e+00
  1025.8317     60.374     60.877    32.0106     2.4406          1          1  0.000e+00
  1025.8298     60.311     60.814    32.0088     2.4425          1          1  0.000e+00
  1025.8283     60.245     60.747    32.0075     2.4441          1          1  0.000e+00
  1025.8268     60.162     60.663    32.0062     2.4451          1          1  0.000e+00
  1025.8261     60.060     60.561    32.0060     2.4459          1          1  0.000e+00
  1025.8259     59.920     60.419    32.0067     2.4468          1          1  0.000e+00
  1025.8250     59.748     60.246    32.0068     2.4485          1          1  0.000e+00
  1025.8240     59.536     60.032    32.0070     2.4499          1          1  0.000e+00
  1025.8248     59.294     59.788    32.0095     2.4515          1          1  0.000e+00
  1025.8244     59.042     59.534    32.0108     2.4541          1          1  0.000e+00
  1025.8225     58.794     59.284    32.0103     2.4577          1          1  0.000e+00
  1025.8222     58.570     59.057    32.0116     2.4613          1          1  0.000e+00
  1025.8221     58.382     58.868    32.0129     2.4653          1          1  0.000e+00
  1025.8187     58.242     58.727    32.0100     2.4706          1          1  0.000e+00
  1025.8114     58.147     58.631    32.0020     2.4753          1          1  0.000e+00
  1025.8118     58.091     58.575    32.0031     2.4782          1          1  0.000e+00
  1025.8043     58.066     58.550    31.9941     2.4804          1          1  0.000e+00
  1025.8063     58.055     58.539    31.9967     2.4807          1          1  0.000e+00
  1025.8233     58.050     58.534    32.0181     2.4826          1          1  0.000e+00
  1025.8100     58.033     58.516    32.0027     2.4930          1          1  0.000e+00
  1025.8062     57.998     58.481    31.9987     2.4994          1          1  0.000e+00
  1025.8085     57.939     58.421    32.0022     2.5028          1          1  0.000e+00
  1025.8027     57.856     58.338    31.9959     2.5071          1          1  0.000e+00
  1025.8058     57.765     58.246    32.0006     2.5100          1          1  0.000e+00
  1025.8043     57.665     58.145    31.9998     2.5139          1          1  0.000e+00
  1025.8025     57.557     58.036    31.9986     2.5186          1          1  0.000e+00
  1025.7999     57.442     57.920    31.9966     2.5233          1          1  0.000e+00
  1025.8020     57.317     57.794    32.0003     2.5278          1          1  0.000e+00
  1025.8050     57.175     57.651    32.0055     2.5338          1          1  0.000e+00
  1025.8055     57.016     57.490    32.0079     2.5421          1          1  0.000e+00
  1025.8070     56.837     57.311    32.0119     2.5523          1          1  0.000e+00
  1025.7984     56.648     57.119    32.0035     2.5649          1          1  0.000e+00
  1025.7893     56.447     56.917    31.9945     2.5765          1          1  0.000e+00
  1025.7929     56.244     56.712    32.0012     2.5861          1          1  0.000e+00
  1025.8074     56.046     56.512    32.0219     2.5999          1          1  0.000e+00
  1025.7946     55.856     56.321    32.0093     2.6226          1          1  0.000e+00
  1025.7944     55.686     56.149    32.0122     2.6442          1          1  0.000e+00
  1025.7794     55.542     56.004    31.9965     2.6657          1          1  0.000e+00
  1025.7735     55.417     55.878    31.9916     2.6830          1          1  0.000e+00
  1025.7769     55.326     55.786    31.9979     2.6979          1          1  0.000e+00
  1025.7800     55.257     55.717    32.0041     2.7152          1          1  0.000e+00
  1025.7767     55.211     55.671    32.0023     2.7360          1          1  0.000e+00
  1025.7741     55.175     55.634    32.0015     2.7575          1          1  0.000e+00
  1025.7679     55.143     55.602    31.9961     2.7784          1          1  0.000e+00
  1025.7546     55.108     55.567    31.9815     2.7965          1          1  0.000e+00
  1025.7441     55.059     55.517    31.9699     2.8081          1          1  0.000e+00
  1025.7457     55.003     55.461    31.9728     2.8138          1          1  0.000e+00
  1025.7472     54.930     55.387    31.9756     2.8191          1          1  0.000e+00
  1025.7435     54.845     55.302    31.9722     2.8257          1          1  0.000e+00
  1025.7769     54.745     55.200    32.0153     2.8319          1          1  0.000e+00
  1025.7821     54.629     55.084    32.0247     2.8527          1          1  0.000e+00
  1025.7804     54.496     54.949    32.0263     2.8811          1          1  0.000e+00
  1025.7693     54.348     54.800    32.0163     2.9094          1          1  0.000e+00
  1025.7622     54.178     54.628    32.0110     2.9344          1          1  0.000e+00
  1025.7503     54.000     54.449    31.9995     2.9561          1          1  0.000e+00
  1025.7425     53.810     54.257    31.9927     2.9734          1          1  0.000e+00
  1025.7356     53.621     54.067    31.9867     2.9881          1          1  0.000e+00
  1025.7247     53.440     53.884    31.9755     3.0005          1          1  0.000e+00
  1025.7154     53.267     53.710    31.9659     3.0100          1          1  0.000e+00
  1025.7065     53.110     53.552    31.9562     3.0156          1          1  0.000e+00
  1025.7042     52.974     53.415    31.9544     3.0175          1          1  0.000e+00
  1025.7015     52.861     53.300    31.9518     3.0188          1          1  0.000e+00
  1025.6972     52.766     53.204    31.9470     3.0193          1          1  0.000e+00
  1025.6966     52.686     53.124    31.9468     3.0193          1          1  0.000e+00
  1025.7023     52.629     53.066    31.9543     3.0198          1          1  0.000e+00
  1025.7109     52.577     53.014    31.9658     3.0237          1          1  0.000e+00
  1025.7091     52.533     52.970    31.9647     3.0322          1          1  0.000e+00
  1025.7024     52.496     52.933    31.9575     3.0413          1          1  0.000e+00
  1025.6988     52.454     52.890    31.9539     3.0477          1          1  0.000e+00
  1025.7030     52.400     52.835    31.9600     3.0521          1          1  0.000e+00
  1025.7079     52.338     52.773    31.9672     3.0587          1          1  0.000e+00
  1025.6994     52.267     52.702    31.9579     3.0671          1          1  0.000e+00
  1025.7183     52.187     52.621    31.9829     3.0740          1          1  0.000e+00
  1025.7125     52.092     52.525    31.9780     3.0911          1          1  0.000e+00
  1025.6968     51.990     52.422    31.9611     3.1109          1          1  0.000e+00
  1025.6872     51.868     52.299    31.9513     3.1253          1          1  0.000e+00
  1025.6804     51.730     52.160    31.9448     3.1359          1          1  0.000e+00
  1025.6795     51.587     52.016    31.9455     3.1450          1          1  0.000e+00
  1025.6742     51.435     51.863    31.9409     3.1553          1          1  0.000e+00
  1025.6645     51.292     51.718    31.9305     3.1647          1          1  0.000e+00
  1025.6479     51.160     51.585    31.9112     3.1713          1          1  0.000e+00
  1025.6378     51.048     51.472    31.8994     3.1731          1          1  0.000e+00
  1025.6320     50.957     51.381    31.8923     3.1701          1          1  0.000e+00
  1025.6384     50.891     51.314    31.9004     3.1667          1          1  0.000e+00
  1025.5827     50.834     51.257    31.8308     3.1656          1          1  0.000e+00
  1025.5839     50.787     51.209    31.8305     3.1466          1          1  0.000e+00
  1025.5874     50.732     51.154    31.8327     3.1235          1          1  0.000e+00
  1025.6083     50.645     51.066    31.8573     3.1050          1          1  0.000e+00
  1025.6029     50.512     50.932    31.8505     3.0975          1          1  0.000e+00
  1025.5430     50.325     50.743    31.7759     3.0924          1          1  0.000e+00
  1025.5672     50.096     50.512    31.8060     3.0768          1          1  0.000e+00
  1025.5470     49.841     50.255    31.7814     3.0695          1          1  0.000e+00
  1025.5207     49.572     49.983    31.7494     3.0635          1          1  0.000e+00
  1025.5151     49.317     49.727    31.7430     3.0558          1          1  0.000e+00
  1025.5133     49.097     49.504    31.7417     3.0525          1          1  0.000e+00
  1025.5127     48.929     49.335    31.7420     3.0530          1          1  0.000e+00
  1025.5163     48.823     49.229    31.7475     3.0556          1          1  0.000e+00
  1025.5076     48.775     49.180    31.7379     3.0650          1          1  0.000e+00
  1025.5532     48.777     49.182    31.7960     3.0749          1          1  0.000e+00
  1025.6454     48.826     49.232    31.9159     3.1156          1          1  0.000e+00
  1025.6921     48.895     49.301    31.9858     3.2225          1          1  0.000e+00
  1025.5900     48.964     49.371    31.8732     3.3652          1          1  0.000e+00
  1025.4803     49.020     49.427    31.7470     3.4712          1          1  0.000e+00
  1025.4151     49.050     49.457    31.6706     3.5199          1          1  0.000e+00
  1025.3898     49.038     49.446    31.6398     3.5286          1          1  0.000e+00
  1025.4134     48.978     49.385    31.6688     3.5197          1          1  0.000e+00
  1025.4078     48.866     49.271    31.6621     3.5163          1          1  0.000e+00
  1025.4442     48.706     49.110    31.7084     3.5127          1          1  0.000e+00
  1025.4620     48.507     48.910    31.7336     3.5274          1          1  0.000e+00
  1025.4603     48.288     48.689    31.7360     3.5565          1          1  0.000e+00
  1025.4816     48.063     48.462    31.7682     3.5912          1          1  0.000e+00
  1025.4826     47.851     48.248    31.7761     3.6381          1          1  0.000e+00
  1025.4410     47.671     48.067    31.7309     3.6889          1          1  0.000e+00
  1025.4529     47.526     47.920    31.7507     3.7231          1          1  0.000e+00
  1025.4995     47.428     47.822    31.8144     3.7614          1          1  0.000e+00
  1025.5220     47.371     47.764    31.8510     3.8271          1          1  0.000e+00
  1025.5277     47.343     47.736    31.8685     3.9112          1          1  0.000e+00
  1025.4665     47.330     47.722    31.8025     4.0006          1          1  0.000e+00
  1025.4282     47.315     47.707    31.7626     4.0686          1          1  0.000e+00
  1025.3803     47.292     47.685    31.7085     4.1174          1          1  0.000e+00
  1025.3335     47.236     47.628    31.6529     4.1411          1          1  0.000e+00
  1025.3262     47.136     47.527    31.6439     4.1378          1          1  0.000e+00
  1025.3472     46.997     47.387    31.6697     4.1270          1          1  0.000e+00
  1025.3756     46.819     47.207    31.7066     4.1276          1          1  0.000e+00
  1025.3799     46.615     47.002    31.7156     4.1456          1          1  0.000e+00
  1025.3702     46.399     46.784    31.7077     4.1700          1          1  0.000e+00
  1025.3587     46.192     46.575    31.6969     4.1905          1          1  0.000e+00
