data/eDNA/PER-2021-171/171a016.cnv
* Sea-Bird SBE19plus  Data File:
* FileName = C:\Users\RSG_field\Ryan_2021_Perley\CTD\171a016.hex
* Software version 2.3.0 SB_Terminal.dll
* Temperature SN = 7141
* Conductivity SN = 7141
* System UpLoad Time = Aug 13 2021 10:19:32
* <ApplicationData>
* <SeatermAF>
** Platform: M. Perley
** Cruise: Per2021171
** Station:  ESI_04
** Cast: 01
** Latitude: N  44 45.211
** Longitude: W 62 5.872
** Sounding: 100
** Chief Scientist: Ryan Stanley
** Comment: 171a016
# nquan = 8
# nvalues = 3534                                  
# units = specified
# name 0 = density00: Density [density, kg/m^3]
# name 1 = depSM: Depth [salt water, m], lat = 45.00
# name 2 = prdM: Pressure, Strain Gauge [db]
# name 3 = sal00: Salinity, Practical [PSU]
# name 4 = tv290C: Temperature [ITS-90, deg C]
# name 5 = bpos: Bottle Position in Carousel
# name 6 = nbf: Bottles Fired
# name 7 = flag:  0.000e+00
# span 0 =   998.3440,  1026.4106                 
# span 1 =     -0.078,     96.723                 
# span 2 =     -0.079,     97.537                 
# span 3 =     0.0097,    32.6596                 
# span 4 =     3.1920,    19.3519                 
# span 5 =          0,          2                 
# span 6 =          0,          2                 
# span 7 = 0.0000e+00, 0.0000e+00                 
# interval = seconds: 0.25
# start_time = Aug 13 2021 13:01:14 [Instrument's time stamp, header]
# bad_flag = -9.990e-29
*END*
[from data line 3057]
  1025.5113     52.541     52.978    31.7529     3.3634          1          1  0.000e+00
  1025.5094     52.392     52.828    31.7515     3.3649          1          1  0.000e+00
  1025.5064     52.258     52.692    31.7488     3.3675          1          1  0.000e+00
  1025.5036     52.128     52.562    31.7464     3.3702          1          1  0.000e+00
  1025.5015     52.004     52.437    31.7448     3.3722          1          1  0.000e+00
  1025.5003     51.879     52.310    31.7441     3.3732          1          1  0.000e+00
  1025.4994     51.753     52.183    31.7438     3.3740          1          1  0.000e+00
  1025.4977     51.622     52.051    31.7426     3.3757          1          1  0.000e+00
  1025.4941     51.490     51.918    31.7394     3.3800          1          1  0.000e+00
  1025.4911     51.363     51.790    31.7369     3.3849          1          1  0.000e+00
  1025.4878     51.240     51.666    31.7341     3.3900          1          1  0.000e+00
  1025.4856     51.128     51.552    31.7325     3.3937          1          1  0.000e+00
  1025.4845     51.021     51.445    31.7319     3.3961          1          1  0.000e+00
  1025.4811     50.925     51.348    31.7285     3.3983          1          1  0.000e+00
  1025.4798     50.833     51.255    31.7275     3.3990          1          1  0.000e+00
  1025.4837     50.734     51.156    31.7330     3.3995          1          1  0.000e+00
  1025.4813     50.637     51.058    31.7311     3.4042          1          1  0.000e+00
  1025.4763     50.533     50.953    31.7263     3.4108          1          1  0.000e+00
  1025.4766     50.425     50.844    31.7278     3.4168          1          1  0.000e+00
  1025.4714     50.310     50.728    31.7230     3.4246          1          1  0.000e+00
  1025.4660     50.202     50.619    31.7176     3.4318          1          1  0.000e+00
  1025.4604     50.095     50.511    31.7118     3.4366          1          1  0.000e+00
  1025.4586     49.991     50.406    31.7103     3.4387          1          1  0.000e+00
  1025.4588     49.891     50.305    31.7112     3.4396          1          1  0.000e+00
  1025.4570     49.785     50.198    31.7099     3.4410          1          1  0.000e+00
  1025.4567     49.670     50.083    31.7103     3.4423          1          1  0.000e+00
  1025.4563     49.544     49.955    31.7107     3.4440          1          1  0.000e+00
  1025.4565     49.409     49.820    31.7120     3.4466          1          1  0.000e+00
  1025.4532     49.257     49.666    31.7093     3.4508          1          1  0.000e+00
  1025.4501     49.100     49.507    31.7068     3.4546          1          1  0.000e+00
  1025.4481     48.937     49.344    31.7055     3.4572          1          1  0.000e+00
  1025.4469     48.781     49.186    31.7053     3.4597          1          1  0.000e+00
  1025.4465     48.629     49.033    31.7059     3.4624          1          1  0.000e+00
  1025.4436     48.496     48.899    31.7035     3.4662          1          1  0.000e+00
  1025.4401     48.380     48.782    31.7002     3.4697          1          1  0.000e+00
  1025.4393     48.279     48.680    31.7000     3.4718          1          1  0.000e+00
  1025.4391     48.199     48.599    31.7005     3.4735          1          1  0.000e+00
  1025.4385     48.133     48.532    31.7003     3.4758          1          1  0.000e+00
  1025.4365     48.081     48.480    31.6984     3.4784          1          1  0.000e+00
  1025.4351     48.025     48.423    31.6973     3.4804          1          1  0.000e+00
  1025.4405     47.970     48.368    31.7046     3.4821          1          1  0.000e+00
  1025.4424     47.905     48.303    31.7078     3.4871          1          1  0.000e+00
  1025.4389     47.821     48.218    31.7049     3.4948          1          1  0.000e+00
  1025.4387     47.710     48.106    31.7062     3.5023          1          1  0.000e+00
  1025.4317     47.568     47.963    31.6992     3.5108          1          1  0.000e+00
  1025.4251     47.389     47.782    31.6926     3.5165          1          1  0.000e+00
  1025.4196     47.177     47.568    31.6872     3.5194          1          1  0.000e+00
  1025.4244     46.935     47.325    31.6948     3.5201          1          1  0.000e+00
  1025.4313     46.683     47.070    31.7054     3.5235          1          1  0.000e+00
  1025.4282     46.443     46.828    31.7041     3.5333          1          1  0.000e+00
  1025.4249     46.224     46.607    31.7025     3.5448          1          1  0.000e+00
  1025.4199     46.039     46.421    31.6987     3.5571          1          1  0.000e+00
  1025.4137     45.900     46.281    31.6931     3.5686          1          1  0.000e+00
  1025.4086     45.805     46.185    31.6885     3.5791          1          1  0.000e+00
  1025.4061     45.748     46.127    31.6867     3.5887          1          1  0.000e+00
  1025.3931     45.718     46.097    31.6719     3.5992          1          1  0.000e+00
  1025.3953     45.707     46.087    31.6751     3.6034          1          1  0.000e+00
  1025.3970     45.701     46.080    31.6780     3.6094          1          1  0.000e+00
  1025.3905     45.689     46.068    31.6710     3.6187          1          1  0.000e+00
  1025.3856     45.658     46.036    31.6658     3.6259          1          1  0.000e+00
  1025.3785     45.599     45.978    31.6579     3.6309          1          1  0.000e+00
  1025.3752     45.513     45.891    31.6544     3.6318          1          1  0.000e+00
  1025.3772     45.398     45.774    31.6572     3.6297          1          1  0.000e+00
  1025.3783     45.263     45.639    31.6594     3.6288          1          1  0.000e+00
  1025.3777     45.114     45.488    31.6595     3.6292          1          1  0.000e+00
  1025.3776     44.961     45.334    31.6604     3.6300          1          1  0.000e+00
  1025.3765     44.806     45.178    31.6600     3.6311          1          1  0.000e+00
  1025.3750     44.656     45.026    31.6592     3.6322          1          1  0.000e+00
  1025.3765     44.508     44.878    31.6621     3.6329          1          1  0.000e+00
  1025.3807     44.363     44.731    31.6686     3.6365          1          1  0.000e+00
  1025.3759     44.214     44.580    31.6644     3.6444          1          1  0.000e+00
  1025.3715     44.064     44.430    31.6606     3.6525          1          1  0.000e+00
  1025.3644     43.913     44.277    31.6534     3.6597          1          1  0.000e+00
  1025.3641     43.759     44.122    31.6545     3.6640          1          1  0.000e+00
  1025.3602     43.605     43.967    31.6511     3.6688          1          1  0.000e+00
  1025.3543     43.461     43.821    31.6450     3.6731          1          1  0.000e+00
  1025.3514     43.320     43.679    31.6425     3.6750          1          1  0.000e+00
  1025.3512     43.194     43.552    31.6430     3.6759          1          1  0.000e+00
  1025.3475     43.088     43.445    31.6392     3.6778          1          1  0.000e+00
  1025.3416     42.996     43.352    31.6325     3.6788          1          1  0.000e+00
  1025.3397     42.920     43.276    31.6305     3.6781          1          1  0.000e+00
  1025.3332     42.862     43.217    31.6226     3.6784          1          1  0.000e+00
  1025.3323     42.813     43.168    31.6218     3.6780          1          1  0.000e+00
  1025.3362     42.768     43.122    31.6271     3.6783          1          1  0.000e+00
  1025.3322     42.716     43.070    31.6226     3.6808          1          1  0.000e+00
  1025.3260     42.650     43.004    31.6157     3.6853          1          1  0.000e+00
  1025.3211     42.561     42.914    31.6105     3.6899          1          1  0.000e+00
  1025.3165     42.445     42.796    31.6059     3.6936          1          1  0.000e+00
  1025.3125     42.304     42.654    31.6020     3.6957          1          1  0.000e+00
  1025.3105     42.141     42.491    31.6005     3.6957          1          1  0.000e+00
  1025.3086     41.969     42.316    31.5990     3.6945          1          1  0.000e+00
  1025.3060     41.793     42.139    31.5966     3.6935          1          1  0.000e+00
  1025.2999     41.620     41.965    31.5898     3.6925          1          1  0.000e+00
  1025.2977     41.461     41.804    31.5879     3.6919          1          1  0.000e+00
  1025.2941     41.317     41.659    31.5843     3.6917          1          1  0.000e+00
  1025.2937     41.189     41.531    31.5847     3.6929          1          1  0.000e+00
  1025.2942     41.074     41.414    31.5862     3.6951          1          1  0.000e+00
  1025.2967     40.967     41.306    31.5906     3.6996          1          1  0.000e+00
  1025.2909     40.862     41.200    31.5848     3.7077          1          1  0.000e+00
  1025.2847     40.761     41.099    31.5783     3.7140          1          1  0.000e+00
  1025.2852     40.659     40.996    31.5800     3.7178          1          1  0.000e+00
  1025.2831     40.551     40.887    31.5785     3.7221          1          1  0.000e+00
  1025.2799     40.439     40.774    31.5758     3.7267          1          1  0.000e+00
  1025.2781     40.317     40.651    31.5745     3.7302          1          1  0.000e+00
  1025.2757     40.186     40.518    31.5728     3.7340          1          1  0.000e+00
  1025.2713     40.041     40.373    31.5685     3.7374          1          1  0.000e+00
  1025.2674     39.892     40.222    31.5647     3.7395          1          1  0.000e+00
  1025.2667     39.745     40.074    31.5648     3.7404          1          1  0.000e+00
  1025.2648     39.606     39.934    31.5634     3.7416          1          1  0.000e+00
  1025.2630     39.482     39.809    31.5620     3.7427          1          1  0.000e+00
  1025.2624     39.376     39.702    31.5620     3.7444          1          1  0.000e+00
  1025.2597     39.290     39.615    31.5597     3.7487          1          1  0.000e+00
  1025.2559     39.223     39.548    31.5559     3.7531          1          1  0.000e+00
  1025.2531     39.173     39.498    31.5530     3.7566          1          1  0.000e+00
  1025.2510     39.127     39.451    31.5510     3.7595          1          1  0.000e+00
  1025.2493     39.085     39.409    31.5494     3.7620          1          1  0.000e+00
  1025.2487     39.026     39.349    31.5494     3.7650          1          1  0.000e+00
  1025.2437     38.943     39.266    31.5443     3.7710          1          1  0.000e+00
  1025.2390     38.827     39.148    31.5397     3.7765          1          1  0.000e+00
  1025.2343     38.675     38.995    31.5352     3.7806          1          1  0.000e+00
  1025.2324     38.488     38.807    31.5340     3.7817          1          1  0.000e+00
  1025.2325     38.280     38.596    31.5354     3.7814          1          1  0.000e+00
  1025.2313     38.057     38.372    31.5353     3.7824          1          1  0.000e+00
  1025.2292     37.844     38.157    31.5342     3.7846          1          1  0.000e+00
  1025.2271     37.650     37.961    31.5330     3.7873          1          1  0.000e+00
  1025.2260     37.489     37.799    31.5330     3.7906          1          1  0.000e+00
  1025.2260     37.365     37.674    31.5342     3.7951          1          1  0.000e+00
  1025.2317     37.279     37.587    31.5427     3.8023          1          1  0.000e+00
  1025.2271     37.222     37.530    31.5389     3.8153          1          1  0.000e+00
  1025.2245     37.192     37.500    31.5375     3.8292          1          1  0.000e+00
  1025.2206     37.164     37.472    31.5346     3.8449          1          1  0.000e+00
  1025.2125     37.144     37.452    31.5264     3.8614          1          1  0.000e+00
  1025.2053     37.119     37.426    31.5194     3.8768          1          1  0.000e+00
  1025.2021     37.073     37.380    31.5171     3.8897          1          1  0.000e+00
  1025.1928     37.006     37.313    31.5075     3.9037          1          1  0.000e+00
  1025.1851     36.918     37.224    31.4996     3.9141          1          1  0.000e+00
  1025.1784     36.810     37.115    31.4927     3.9211          1          1  0.000e+00
  1025.1761     36.687     36.991    31.4909     3.9245          1          1  0.000e+00
  1025.1769     36.551     36.853    31.4931     3.9276          1          1  0.000e+00
  1025.1723     36.403     36.704    31.4888     3.9322          1          1  0.000e+00
  1025.1662     36.242     36.542    31.4823     3.9351          1          1  0.000e+00
  1025.1676     36.074     36.372    31.4851     3.9350          1          1  0.000e+00
  1025.1741     35.894     36.191    31.4945     3.9362          1          1  0.000e+00
  1025.1745     35.707     36.002    31.4969     3.9433          1          1  0.000e+00
  1025.1677     35.511     35.804    31.4908     3.9537          1          1  0.000e+00
  1025.1669     35.311     35.603    31.4922     3.9630          1          1  0.000e+00
  1025.1594     35.113     35.404    31.4850     3.9724          1          1  0.000e+00
  1025.1678     34.927     35.215    31.4977     3.9807          1          1  0.000e+00
  1025.1646     34.760     35.048    31.4964     3.9949          1          1  0.000e+00
  1025.1528     34.626     34.912    31.4844     4.0117          1          1  0.000e+00
  1025.1526     34.521     34.806    31.4861     4.0236          1          1  0.000e+00
  1025.1496     34.458     34.743    31.4846     4.0382          1          1  0.000e+00
  1025.1429     34.423     34.708    31.4783     4.0544          1          1  0.000e+00
  1025.1357     34.410     34.695    31.4712     4.0703          1          1  0.000e+00
  1025.1299     34.412     34.697    31.4656     4.0848          1          1  0.000e+00
  1025.1312     34.417     34.701    31.4690     4.0986          1          1  0.000e+00
  1025.1256     34.407     34.692    31.4645     4.1188          1          1  0.000e+00
  1025.1100     34.375     34.660    31.4478     4.1416          1          1  0.000e+00
  1025.0976     34.310     34.593    31.4347     4.1587          1          1  0.000e+00
  1025.0888     34.208     34.491    31.4255     4.1694          1          1  0.000e+00
  1025.0804     34.072     34.354    31.4165     4.1751          1          1  0.000e+00
  1025.0828     33.906     34.186    31.4207     4.1765          1          1  0.000e+00
  1025.0793     33.713     33.992    31.4177     4.1790          1          1  0.000e+00
  1025.0771     33.508     33.785    31.4163     4.1805          1          1  0.000e+00
  1025.0797     33.303     33.578    31.4210     4.1815          1          1  0.000e+00
  1025.0776     33.105     33.379    31.4200     4.1853          1          1  0.000e+00
  1025.0756     32.918     33.190    31.4191     4.1896          1          1  0.000e+00
  1025.0747     32.749     33.020    31.4195     4.1943          1          1  0.000e+00
  1025.0729     32.597     32.866    31.4189     4.2001          1          1  0.000e+00
  1025.0719     32.467     32.736    31.4192     4.2070          1          1  0.000e+00
  1025.0667     32.357     32.624    31.4143     4.2141          1          1  0.000e+00
  1025.0682     32.269     32.536    31.4174     4.2204          1          1  0.000e+00
  1025.0677     32.194     32.460    31.4183     4.2285          1          1  0.000e+00
  1025.0829     32.128     32.394    31.4393     4.2409          1          1  0.000e+00
  1025.0756     32.066     32.331    31.4335     4.2657          1          1  0.000e+00
  1025.0444     31.998     32.262    31.3981     4.2931          1          1  0.000e+00
  1025.0470     31.924     32.187    31.4039     4.3088          1          1  0.000e+00
  1025.0417     31.832     32.095    31.4001     4.3277          1          1  0.000e+00
