data/eDNA/PER-2021-171/171a021.cnv
* Sea-Bird SBE19plus  Data File:
* FileName = C:\Users\RSG_field\Ryan_2021_Perley\CTD\171a021.hex
* Software version 2.3.0 SB_Terminal.dll
* Temperature SN = 7141
* Conductivity SN = 7141
* System UpLoad Time = Aug 17 2021 13:10:47
* <ApplicationData>
* <SeatermAF>
** Platform: M. Perley
** Cruise: Per2021171
** Station:  SAB_06
** Cast: 01 1
** Latitude: N  46 22.083
** Longitude: W 59 05.769
** Sounding: 229
** Chief Scientist: Ryan Stanley
** Comment: 171a021
** Sounder wasn't working so estimated depth to be between 215 and 220. Bottle was left at 220 for time based trigger for upcast.
# nquan = 8
# nvalues = 5405                                  
# units = specified
# name 0 = density00: Density [density, kg/m^3]
# name 1 = depSM: Depth [salt water, m], lat = 45.00
# name 2 = prdM: Pressure, Strain Gauge [db]
# name 3 = sal00: Salinity, Practical [PSU]
# name 4 = tv290C: Temperature [ITS-90, deg C]
# name 5 = bpos: Bottle Position in Carousel
# name 6 = nbf: Bottles Fired
# name 7 = flag:  0.000e+00
# span 0 =   998.5199,  1027.8650                 
# span 1 =     -0.046,    196.227                 
# span 2 =     -0.046,    197.928                 
# span 3 =     0.0093,    34.3684                 
# span 4 =     2.1790,    19.8275                 
# span 5 =          0,          6                 
# span 6 =          0,          6                 
# span 7 = 0.0000e+00, 0.0000e+00                 
# interval = seconds: 0.25
# start_time = Aug 17 2021 15:43:35 [Instrument's time stamp, header]
# bad_flag = -9.990e-29
*END*
[from data line 3776]
  1027.6851    175.417    176.928    34.1986     6.3714          1          1  0.000e+00
  1027.6722    175.308    176.818    34.1814     6.3638          1          1  0.000e+00
  1027.6771    175.194    176.704    34.1864     6.3517          1          1  0.000e+00
  1027.6906    175.071    176.580    34.2025     6.3418          1          1  0.000e+00
  1027.6901    174.950    176.458    34.2019     6.3380          1          1  0.000e+00
  1027.6901    174.835    176.341    34.2022     6.3356          1          1  0.000e+00
  1027.6804    174.732    176.237    34.1900     6.3326          1          1  0.000e+00
  1027.6753    174.647    176.151    34.1830     6.3269          1          1  0.000e+00
  1027.6775    174.577    176.081    34.1850     6.3192          1          1  0.000e+00
  1027.6783    174.520    176.023    34.1851     6.3122          1          1  0.000e+00
  1027.6750    174.470    175.973    34.1802     6.3062          1          1  0.000e+00
  1027.6751    174.428    175.930    34.1793     6.2991          2          2  0.000e+00
  1027.6811    174.382    175.884    34.1862     6.2925          2          2  0.000e+00
  1027.6822    174.323    175.824    34.1871     6.2885          2          2  0.000e+00
  1027.6797    174.244    175.745    34.1840     6.2856          2          2  0.000e+00
  1027.6819    174.138    175.638    34.1869     6.2821          2          2  0.000e+00
  1027.6828    174.010    175.508    34.1883     6.2798          2          2  0.000e+00
  1027.6822    173.859    175.356    34.1882     6.2784          2          2  0.000e+00
  1027.6823    173.696    175.192    34.1891     6.2772          2          2  0.000e+00
  1027.6795    173.527    175.021    34.1864     6.2763          2          2  0.000e+00
  1027.6780    173.354    174.847    34.1852     6.2749          2          2  0.000e+00
  1027.6774    173.187    174.678    34.1852     6.2730          2          2  0.000e+00
  1027.6770    173.028    174.517    34.1853     6.2711          2          2  0.000e+00
  1027.6771    172.877    174.365    34.1860     6.2694          2          2  0.000e+00
  1027.6764    172.741    174.228    34.1857     6.2681          2          2  0.000e+00
  1027.6756    172.614    174.100    34.1852     6.2669          2          2  0.000e+00
  1027.6755    172.499    173.984    34.1856     6.2657          2          2  0.000e+00
  1027.6723    172.392    173.876    34.1820     6.2646          2          2  0.000e+00
  1027.6703    172.292    173.775    34.1797     6.2628          2          2  0.000e+00
  1027.6687    172.189    173.671    34.1778     6.2600          2          2  0.000e+00
  1027.6660    172.083    173.564    34.1744     6.2569          2          2  0.000e+00
  1027.6646    171.969    173.449    34.1728     6.2534          2          2  0.000e+00
  1027.6676    171.853    173.332    34.1765     6.2494          2          2  0.000e+00
  1027.6707    171.733    173.211    34.1808     6.2469          2          2  0.000e+00
  1027.6707    171.613    173.090    34.1814     6.2465          2          2  0.000e+00
  1027.6637    171.499    172.975    34.1733     6.2466          2          2  0.000e+00
  1027.6620    171.390    172.865    34.1713     6.2442          2          2  0.000e+00
  1027.6639    171.287    172.761    34.1737     6.2411          2          2  0.000e+00
  1027.6623    171.188    172.661    34.1720     6.2389          2          2  0.000e+00
  1027.6614    171.095    172.568    34.1710     6.2365          2          2  0.000e+00
  1027.6616    171.003    172.475    34.1714     6.2342          2          2  0.000e+00
  1027.6601    170.914    172.385    34.1697     6.2320          2          2  0.000e+00
  1027.6623    170.821    172.290    34.1726     6.2298          2          2  0.000e+00
  1027.6585    170.724    172.193    34.1682     6.2286          2          2  0.000e+00
  1027.6588    170.612    172.080    34.1689     6.2266          2          2  0.000e+00
  1027.6586    170.481    171.948    34.1691     6.2246          2          2  0.000e+00
  1027.6594    170.334    171.799    34.1707     6.2230          2          2  0.000e+00
  1027.6597    170.176    171.640    34.1718     6.2223          2          2  0.000e+00
  1027.6577    170.017    171.479    34.1702     6.2219          2          2  0.000e+00
  1027.6564    169.865    171.326    34.1693     6.2213          2          2  0.000e+00
  1027.6552    169.726    171.186    34.1685     6.2204          2          2  0.000e+00
  1027.6552    169.606    171.065    34.1689     6.2193          2          2  0.000e+00
  1027.6545    169.506    170.964    34.1685     6.2184          2          2  0.000e+00
  1027.6545    169.420    170.877    34.1689     6.2173          2          2  0.000e+00
  1027.6550    169.347    170.803    34.1698     6.2164          2          2  0.000e+00
  1027.6546    169.286    170.742    34.1696     6.2160          2          2  0.000e+00
  1027.6543    169.230    170.685    34.1694     6.2157          2          2  0.000e+00
  1027.6546    169.171    170.625    34.1701     6.2154          2          2  0.000e+00
  1027.6554    169.101    170.555    34.1715     6.2153          2          2  0.000e+00
  1027.6545    169.016    170.469    34.1710     6.2159          2          2  0.000e+00
  1027.6547    168.911    170.363    34.1720     6.2164          2          2  0.000e+00
  1027.6556    168.784    170.236    34.1739     6.2173          2          2  0.000e+00
  1027.6542    168.639    170.089    34.1733     6.2190          2          2  0.000e+00
  1027.6532    168.490    169.938    34.1733     6.2207          2          2  0.000e+00
  1027.6511    168.342    169.790    34.1718     6.2223          2          2  0.000e+00
  1027.6512    168.208    169.654    34.1727     6.2233          2          2  0.000e+00
  1027.6519    168.089    169.534    34.1746     6.2247          2          2  0.000e+00
  1027.6509    167.987    169.431    34.1743     6.2269          2          2  0.000e+00
  1027.6508    167.896    169.339    34.1751     6.2291          2          2  0.000e+00
  1027.6491    167.808    169.250    34.1739     6.2316          2          2  0.000e+00
  1027.6477    167.709    169.151    34.1730     6.2337          2          2  0.000e+00
  1027.6459    167.597    169.037    34.1717     6.2354          2          2  0.000e+00
  1027.6423    167.466    168.906    34.1681     6.2365          2          2  0.000e+00
  1027.6342    167.316    168.754    34.1587     6.2369          2          2  0.000e+00
  1027.6329    167.150    168.587    34.1577     6.2345          2          2  0.000e+00
  1027.6355    166.973    168.408    34.1616     6.2317          2          2  0.000e+00
  1027.6342    166.793    168.226    34.1607     6.2301          2          2  0.000e+00
  1027.6295    166.622    168.054    34.1555     6.2288          2          2  0.000e+00
  1027.6278    166.464    167.895    34.1538     6.2259          2          2  0.000e+00
  1027.6275    166.325    167.754    34.1537     6.2227          2          2  0.000e+00
  1027.6278    166.204    167.632    34.1543     6.2197          2          2  0.000e+00
  1027.6266    166.098    167.525    34.1529     6.2169          2          2  0.000e+00
  1027.6245    166.000    167.426    34.1504     6.2141          2          2  0.000e+00
  1027.6219    165.907    167.333    34.1470     6.2107          2          2  0.000e+00
  1027.6241    165.816    167.241    34.1496     6.2063          2          2  0.000e+00
  1027.6273    165.722    167.146    34.1537     6.2032          2          2  0.000e+00
  1027.6091    165.624    167.047    34.1308     6.2008          2          2  0.000e+00
  1027.6086    165.522    166.944    34.1295     6.1929          2          2  0.000e+00
  1027.6141    165.427    166.848    34.1353     6.1831          2          2  0.000e+00
  1027.6184    165.327    166.748    34.1403     6.1765          2          2  0.000e+00
  1027.6202    165.225    166.645    34.1424     6.1722          2          2  0.000e+00
  1027.6235    165.121    166.540    34.1469     6.1698          2          2  0.000e+00
  1027.6284    165.018    166.435    34.1535     6.1689          2          2  0.000e+00
  1027.6273    164.914    166.330    34.1530     6.1704          2          2  0.000e+00
  1027.6200    164.815    166.231    34.1446     6.1725          2          2  0.000e+00
  1027.6195    164.722    166.137    34.1445     6.1718          2          2  0.000e+00
  1027.6161    164.638    166.052    34.1403     6.1703          2          2  0.000e+00
  1027.6160    164.560    165.974    34.1404     6.1681          2          2  0.000e+00
  1027.6137    164.490    165.903    34.1375     6.1658          2          2  0.000e+00
  1027.6144    164.428    165.840    34.1382     6.1626          2          2  0.000e+00
  1027.6164    164.363    165.775    34.1406     6.1596          2          2  0.000e+00
  1027.6165    164.304    165.715    34.1407     6.1580          2          2  0.000e+00
  1027.6159    164.232    165.642    34.1402     6.1568          2          2  0.000e+00
  1027.6171    164.145    165.554    34.1422     6.1563          2          2  0.000e+00
  1027.6156    164.031    165.440    34.1410     6.1564          2          2  0.000e+00
  1027.6140    163.893    165.301    34.1397     6.1564          2          2  0.000e+00
  1027.6154    163.729    165.135    34.1424     6.1563          2          2  0.000e+00
  1027.6132    163.543    164.948    34.1409     6.1570          2          2  0.000e+00
  1027.6111    163.348    164.751    34.1394     6.1574          2          2  0.000e+00
  1027.6099    163.156    164.557    34.1391     6.1575          2          2  0.000e+00
  1027.6095    162.971    164.370    34.1397     6.1577          2          2  0.000e+00
  1027.6092    162.798    164.195    34.1404     6.1579          2          2  0.000e+00
  1027.6087    162.648    164.045    34.1407     6.1584          2          2  0.000e+00
  1027.6078    162.514    163.909    34.1405     6.1591          2          2  0.000e+00
  1027.6069    162.395    163.789    34.1401     6.1598          2          2  0.000e+00
  1027.6065    162.290    163.683    34.1404     6.1603          2          2  0.000e+00
  1027.6062    162.191    163.583    34.1407     6.1609          2          2  0.000e+00
  1027.6059    162.096    163.487    34.1410     6.1616          2          2  0.000e+00
  1027.6040    162.001    163.392    34.1392     6.1623          2          2  0.000e+00
  1027.6038    161.903    163.292    34.1396     6.1624          2          2  0.000e+00
  1027.6061    161.799    163.188    34.1431     6.1627          2          2  0.000e+00
  1027.6066    161.696    163.084    34.1446     6.1641          2          2  0.000e+00
  1027.6059    161.590    162.977    34.1448     6.1665          2          2  0.000e+00
  1027.6030    161.488    162.874    34.1420     6.1688          2          2  0.000e+00
  1027.6007    161.393    162.778    34.1400     6.1702          2          2  0.000e+00
  1027.5996    161.311    162.695    34.1391     6.1707          2          2  0.000e+00
  1027.5987    161.235    162.618    34.1384     6.1709          2          2  0.000e+00
  1027.5979    161.170    162.553    34.1377     6.1707          2          2  0.000e+00
  1027.5978    161.113    162.495    34.1379     6.1703          2          2  0.000e+00
  1027.5968    161.053    162.435    34.1369     6.1701          2          2  0.000e+00
  1027.5958    160.986    162.367    34.1360     6.1694          2          2  0.000e+00
  1027.5963    160.904    162.284    34.1370     6.1688          2          2  0.000e+00
  1027.5918    160.804    162.184    34.1318     6.1681          2          2  0.000e+00
  1027.5871    160.678    162.057    34.1262     6.1661          2          2  0.000e+00
  1027.5878    160.535    161.912    34.1273     6.1623          2          2  0.000e+00
  1027.5913    160.380    161.756    34.1321     6.1589          2          2  0.000e+00
  1027.5855    160.222    161.596    34.1254     6.1573          2          2  0.000e+00
  1027.5819    160.065    161.438    34.1211     6.1540          2          2  0.000e+00
  1027.5837    159.912    161.284    34.1235     6.1492          2          2  0.000e+00
  1027.5862    159.777    161.147    34.1269     6.1454          2          2  0.000e+00
  1027.5873    159.655    161.024    34.1287     6.1433          2          2  0.000e+00
  1027.5882    159.546    160.915    34.1303     6.1422          2          2  0.000e+00
  1027.5884    159.454    160.822    34.1309     6.1419          2          2  0.000e+00
  1027.5885    159.368    160.735    34.1316     6.1419          2          2  0.000e+00
  1027.5878    159.290    160.656    34.1313     6.1423          2          2  0.000e+00
  1027.5872    159.208    160.573    34.1310     6.1425          2          2  0.000e+00
  1027.5869    159.123    160.488    34.1311     6.1426          2          2  0.000e+00
  1027.5862    159.027    160.391    34.1309     6.1428          2          2  0.000e+00
  1027.5861    158.915    160.278    34.1314     6.1430          2          2  0.000e+00
  1027.5815    158.786    160.148    34.1265     6.1436          2          2  0.000e+00
  1027.5683    158.642    160.002    34.1104     6.1431          2          2  0.000e+00
  1027.5624    158.480    159.838    34.1034     6.1392          2          2  0.000e+00
  1027.5627    158.307    159.664    34.1037     6.1333          2          2  0.000e+00
  1027.5537    158.129    159.484    34.0925     6.1278          2          2  0.000e+00
  1027.5369    157.948    159.302    34.0710     6.1202          2          2  0.000e+00
  1027.5325    157.771    159.124    34.0642     6.1074          2          2  0.000e+00
  1027.5243    157.599    158.950    34.0525     6.0929          2          2  0.000e+00
  1027.5242    157.435    158.784    34.0506     6.0764          2          2  0.000e+00
  1027.5286    157.285    158.634    34.0547     6.0617          2          2  0.000e+00
  1027.5287    157.148    158.494    34.0537     6.0499          2          2  0.000e+00
  1027.5156    157.027    158.372    34.0359     6.0391          2          2  0.000e+00
  1027.5126    156.920    158.264    34.0304     6.0248          2          2  0.000e+00
  1027.5052    156.826    158.170    34.0191     6.0096          2          2  0.000e+00
  1027.4878    156.735    158.078    33.9948     5.9924          2          2  0.000e+00
  1027.5073    156.642    157.984    34.0164     5.9701          2          2  0.000e+00
  1027.5187    156.552    157.893    34.0287     5.9539          2          2  0.000e+00
  1027.5298    156.455    157.796    34.0418     5.9448          2          2  0.000e+00
  1027.5161    156.361    157.701    34.0246     5.9423          2          2  0.000e+00
  1027.4758    156.262    157.601    33.9730     5.9352          2          2  0.000e+00
  1027.4542    156.170    157.508    33.9425     5.9123          2          2  0.000e+00
  1027.4657    156.079    157.416    33.9524     5.8810          2          2  0.000e+00
  1027.5085    156.002    157.339    34.0029     5.8545          2          2  0.000e+00
  1027.5188    155.934    157.270    34.0150     5.8460          2          2  0.000e+00
  1027.5148    155.868    157.203    34.0099     5.8435          2          2  0.000e+00
  1027.5120    155.803    157.138    34.0064     5.8418          2          2  0.000e+00
  1027.5117    155.727    157.061    34.0060     5.8393          2          2  0.000e+00
  1027.5113    155.643    156.976    34.0056     5.8369          2          2  0.000e+00
  1027.4576    155.538    156.870    33.9377     5.8334          2          2  0.000e+00
  1027.4220    155.418    156.749    33.8895     5.8097          2          2  0.000e+00
