data/eDNA/PER-2021-171/171a005.cnv
* Sea-Bird SBE19plus  Data File:
* FileName = C:\Users\RSG_field\Ryan_2021_Perley\CTD\171a005.hex
* Software version 2.3.0 SB_Terminal.dll
* Temperature SN = 7141
* Conductivity SN = 7141
* System UpLoad Time = Aug 09 2021 15:45:08
* <ApplicationData>
* <SeatermAF>
** Platform: M. Perley
** Cruise: Per2021171
** Station:  ESI_06
** Cast: 01 01
** Latitude: N  44 46.312
** Longitude: W 62 26.113
** Sounding: 36.5
** Chief Scientist: Ryan Stanley
** Comment: 171a005
** Also GC_03
# nquan = 8
# nvalues = 2377                                  
# units = specified
# name 0 = density00: Density [density, kg/m^3]
# name 1 = depSM: Depth [salt water, m], lat = 45.00
# name 2 = prdM: Pressure, Strain Gauge [db]
# name 3 = sal00: Salinity, Practical [PSU]
# name 4 = tv290C: Temperature [ITS-90, deg C]
# name 5 = bpos: Bottle Position in Carousel
# name 6 = nbf: Bottles Fired
# name 7 = flag:  0.000e+00
# span 0 =   998.7823,  1024.3320                 
# span 1 =      0.017,     30.341                 
# span 2 =      0.017,     30.591                 
# span 3 =     0.0000,    31.7320                 
# span 4 =     6.7976,    17.7832                 
# span 5 =          0,          4                 
# span 6 =          0,          4                 
# span 7 = 0.0000e+00, 0.0000e+00                 
# interval = seconds: 0.25
# start_time = Aug 09 2021 18:30:03 [Instrument's time stamp, header]
# bad_flag = -9.990e-29
*END*
[from data line 1079]
  1023.8368     17.827     17.974    30.6896     8.9357          0          0  0.000e+00
  1023.8439     17.970     18.118    30.6930     8.9107          0          0  0.000e+00
  1023.8562     18.129     18.278    30.7038     8.8896          0          0  0.000e+00
  1023.8645     18.291     18.442    30.7106     8.8753          0          0  0.000e+00
  1023.8656     18.457     18.609    30.7089     8.8643          0          0  0.000e+00
  1023.8699     18.609     18.763    30.7113     8.8526          0          0  0.000e+00
  1023.8707     18.748     18.903    30.7089     8.8395          0          0  0.000e+00
  1023.8732     18.874     19.030    30.7090     8.8263          0          0  0.000e+00
  1023.8859     18.980     19.137    30.7220     8.8136          0          0  0.000e+00
  1023.8922     19.067     19.224    30.7282     8.8060          0          0  0.000e+00
  1023.8942     19.138     19.296    30.7298     8.8029          0          0  0.000e+00
  1023.8924     19.187     19.345    30.7268     8.8010          0          0  0.000e+00
  1023.8954     19.215     19.373    30.7299     8.7983          0          0  0.000e+00
  1023.8955     19.215     19.373    30.7299     8.7972          0          0  0.000e+00
  1023.8956     19.191     19.349    30.7301     8.7972          0          0  0.000e+00
  1023.8921     19.158     19.316    30.7259     8.7976          0          0  0.000e+00
  1023.8910     19.130     19.287    30.7245     8.7969          0          0  0.000e+00
  1023.8916     19.113     19.270    30.7254     8.7968          0          0  0.000e+00
  1023.8867     19.126     19.283    30.7192     8.7976          0          0  0.000e+00
  1023.8839     19.178     19.335    30.7152     8.7967          0          0  0.000e+00
  1023.8877     19.288     19.447    30.7191     8.7950          0          0  0.000e+00
  1023.8611     19.454     19.614    30.6838     8.7939          0          0  0.000e+00
  1023.8540     19.660     19.822    30.6705     8.7784          0          0  0.000e+00
  1023.8626     19.887     20.050    30.6759     8.7552          0          0  0.000e+00
  1023.8677     20.124     20.290    30.6770     8.7349          0          0  0.000e+00
  1023.8747     20.344     20.511    30.6809     8.7150          0          0  0.000e+00
  1023.8934     20.542     20.711    30.7000     8.6960          0          0  0.000e+00
  1023.9039     20.696     20.866    30.7102     8.6832          0          0  0.000e+00
  1023.9118     20.810     20.981    30.7177     8.6733          0          0  0.000e+00
  1023.9169     20.893     21.065    30.7221     8.6643          0          0  0.000e+00
  1023.9218     20.958     21.131    30.7266     8.6573          0          0  0.000e+00
  1023.9249     21.019     21.192    30.7291     8.6512          0          0  0.000e+00
  1023.9276     21.096     21.270    30.7310     8.6459          0          0  0.000e+00
  1023.9327     21.192     21.366    30.7362     8.6415          0          0  0.000e+00
  1023.9315     21.308     21.484    30.7335     8.6392          0          0  0.000e+00
  1023.9299     21.433     21.610    30.7302     8.6363          0          0  0.000e+00
  1023.9340     21.556     21.734    30.7337     8.6312          0          0  0.000e+00
  1023.9360     21.670     21.848    30.7349     8.6273          0          0  0.000e+00
  1023.9320     21.765     21.944    30.7285     8.6237          0          0  0.000e+00
  1023.9321     21.846     22.026    30.7271     8.6182          0          0  0.000e+00
  1023.9319     21.921     22.101    30.7251     8.6109          0          0  0.000e+00
  1023.9312     21.979     22.160    30.7221     8.6021          0          0  0.000e+00
  1023.9352     22.026     22.207    30.7251     8.5919          0          0  0.000e+00
  1023.9371     22.065     22.247    30.7258     8.5838          0          0  0.000e+00
  1023.9342     22.101     22.283    30.7204     8.5764          0          0  0.000e+00
  1023.9415     22.142     22.325    30.7277     8.5671          0          0  0.000e+00
  1023.9436     22.200     22.383    30.7289     8.5609          0          0  0.000e+00
  1023.9406     22.273     22.456    30.7239     8.5567          0          0  0.000e+00
  1023.9417     22.371     22.556    30.7236     8.5508          0          0  0.000e+00
  1023.9368     22.491     22.676    30.7154     8.5445          0          0  0.000e+00
  1023.9248     22.634     22.821    30.6975     8.5347          0          0  0.000e+00
  1023.9226     22.800     22.987    30.6904     8.5172          0          0  0.000e+00
  1023.9210     22.968     23.157    30.6833     8.4956          0          0  0.000e+00
  1023.9243     23.143     23.334    30.6817     8.4701          0          0  0.000e+00
  1023.9250     23.307     23.499    30.6764     8.4413          0          0  0.000e+00
  1023.9421     23.471     23.664    30.6916     8.4114          0          0  0.000e+00
  1023.9447     23.635     23.830    30.6896     8.3878          0          0  0.000e+00
  1023.9352     23.793     23.989    30.6721     8.3640          0          0  0.000e+00
  1023.9461     23.948     24.145    30.6791     8.3314          0          0  0.000e+00
  1023.9546     24.097     24.296    30.6827     8.2967          0          0  0.000e+00
  1023.9768     24.235     24.435    30.7040     8.2631          0          0  0.000e+00
  1023.9933     24.362     24.563    30.7197     8.2377          0          0  0.000e+00
  1023.9997     24.471     24.673    30.7244     8.2217          0          0  0.000e+00
  1023.9977     24.562     24.765    30.7186     8.2075          0          0  0.000e+00
  1023.9976     24.631     24.834    30.7148     8.1895          0          0  0.000e+00
  1023.9955     24.691     24.894    30.7076     8.1664          0          0  0.000e+00
  1024.0166     24.733     24.937    30.7295     8.1404          0          0  0.000e+00
  1024.0239     24.776     24.980    30.7354     8.1229          0          0  0.000e+00
  1024.0261     24.823     25.028    30.7355     8.1091          0          0  0.000e+00
  1024.0366     24.874     25.079    30.7465     8.0982          0          0  0.000e+00
  1024.0311     24.937     25.142    30.7379     8.0908          0          0  0.000e+00
  1024.0323     25.006     25.212    30.7370     8.0802          0          0  0.000e+00
  1024.0304     25.077     25.283    30.7319     8.0674          0          0  0.000e+00
  1024.0303     25.149     25.356    30.7285     8.0514          0          0  0.000e+00
  1024.0348     25.213     25.421    30.7304     8.0323          0          0  0.000e+00
  1024.0435     25.276     25.484    30.7376     8.0133          0          0  0.000e+00
  1024.0502     25.343     25.552    30.7429     7.9972          0          0  0.000e+00
  1024.0212     25.418     25.627    30.7027     7.9821          0          0  0.000e+00
  1024.0329     25.504     25.714    30.7115     7.9498          0          0  0.000e+00
  1024.0356     25.616     25.827    30.7082     7.9160          0          0  0.000e+00
  1024.0434     25.760     25.973    30.7107     7.8792          0          0  0.000e+00
  1024.0820     25.951     26.165    30.7525     7.8437          0          0  0.000e+00
  1024.0237     26.194     26.410    30.6739     7.8274          0          0  0.000e+00
  1024.0175     26.465     26.684    30.6555     7.7776          0          0  0.000e+00
  1024.0702     26.756     26.976    30.7088     7.7088          0          0  0.000e+00
  1024.0853     27.037     27.260    30.7184     7.6623          0          0  0.000e+00
  1024.1138     27.284     27.509    30.7464     7.6231          0          0  0.000e+00
  1024.1376     27.509     27.736    30.7706     7.5961          0          0  0.000e+00
  1024.1403     27.672     27.900    30.7703     7.5799          0          0  0.000e+00
  1024.1090     27.750     27.979    30.7265     7.5594          0          0  0.000e+00
  1024.1404     27.736     27.965    30.7599     7.5212          0          0  0.000e+00
  1024.1791     27.662     27.890    30.8052     7.4954          0          0  0.000e+00
  1024.1978     27.558     27.785    30.8292     7.4936          0          0  0.000e+00
  1024.2018     27.437     27.664    30.8374     7.5070          0          0  0.000e+00
  1024.2023     27.329     27.555    30.8425     7.5288          0          0  0.000e+00
  1024.1979     27.253     27.478    30.8420     7.5557          0          0  0.000e+00
  1024.1783     27.224     27.449    30.8220     7.5838          0          0  0.000e+00
  1024.1555     27.245     27.470    30.7963     7.6040          0          0  0.000e+00
  1024.1392     27.319     27.544    30.7766     7.6119          0          0  0.000e+00
  1024.1380     27.432     27.658    30.7737     7.6085          0          0  0.000e+00
  1024.1128     27.581     27.809    30.7396     7.6018          0          0  0.000e+00
  1024.0766     27.757     27.986    30.6880     7.5764          0          0  0.000e+00
  1024.0864     27.934     28.165    30.6900     7.5214          0          0  0.000e+00
  1024.1117     28.115     28.347    30.7110     7.4624          0          0  0.000e+00
  1024.1438     28.299     28.533    30.7421     7.4114          0          0  0.000e+00
  1024.1574     28.470     28.705    30.7522     7.3754          0          0  0.000e+00
  1024.1802     28.643     28.879    30.7754     7.3473          0          0  0.000e+00
  1024.1660     28.813     29.051    30.7529     7.3271          0          0  0.000e+00
  1024.1434     28.985     29.224    30.7177     7.2954          0          0  0.000e+00
  1024.1674     29.162     29.403    30.7389     7.2463          0          0  0.000e+00
  1024.1991     29.332     29.574    30.7711     7.2036          0          0  0.000e+00
  1024.2178     29.500     29.744    30.7893     7.1766          0          0  0.000e+00
  1024.2289     29.663     29.908    30.7998     7.1602          0          0  0.000e+00
  1024.2322     29.816     30.062    30.8013     7.1500          0          0  0.000e+00
  1024.2306     29.941     30.188    30.7969     7.1406          0          0  0.000e+00
  1024.2372     30.048     30.296    30.8028     7.1290          0          0  0.000e+00
  1024.2448     30.119     30.368    30.8105     7.1199          0          0  0.000e+00
  1024.2543     30.151     30.400    30.8217     7.1154          0          0  0.000e+00
  1024.2615     30.145     30.394    30.8311     7.1169          0          0  0.000e+00
  1024.2583     30.107     30.356    30.8283     7.1236          0          0  0.000e+00
  1024.2563     30.040     30.288    30.8273     7.1303          0          0  0.000e+00
  1024.2558     29.923     30.170    30.8284     7.1367          0          0  0.000e+00
  1024.2504     29.791     30.037    30.8236     7.1433          0          0  0.000e+00
  1024.2463     29.674     29.919    30.8200     7.1497          0          0  0.000e+00
  1024.2424     29.574     29.818    30.8165     7.1549          0          0  0.000e+00
  1024.2397     29.508     29.751    30.8142     7.1586          0          0  0.000e+00
  1024.2463     29.465     29.708    30.8232     7.1613          0          0  0.000e+00
  1024.2497     29.452     29.696    30.8288     7.1681          0          0  0.000e+00
  1024.2420     29.466     29.709    30.8207     7.1792          0          0  0.000e+00
  1024.2321     29.502     29.746    30.8091     7.1863          0          0  0.000e+00
  1024.2310     29.554     29.798    30.8077     7.1881          0          0  0.000e+00
  1024.2316     29.617     29.861    30.8083     7.1894          0          0  0.000e+00
  1024.2451     29.698     29.944    30.8254     7.1918          0          0  0.000e+00
  1024.2493     29.795     30.041    30.8320     7.2025          0          0  0.000e+00
  1024.2360     29.906     30.153    30.8171     7.2178          0          0  0.000e+00
  1024.2269     30.026     30.274    30.8063     7.2274          0          0  0.000e+00
  1024.2224     30.147     30.396    30.8005     7.2309          0          0  0.000e+00
  1024.2067     30.247     30.497    30.7798     7.2304          0          0  0.000e+00
  1024.1763     30.317     30.568    30.7385     7.2168          0          0  0.000e+00
  1024.1975     30.341     30.591    30.7597     7.1835          0          0  0.000e+00
  1024.2250     30.310     30.560    30.7903     7.1566          0          0  0.000e+00
  1024.2253     30.235     30.484    30.7892     7.1443          0          0  0.000e+00
  1024.2312     30.116     30.365    30.7956     7.1343          0          0  0.000e+00
  1024.2315     29.970     30.217    30.7956     7.1266          0          0  0.000e+00
  1024.2380     29.823     30.070    30.8036     7.1198          0          0  0.000e+00
  1024.2365     29.693     29.938    30.8019     7.1160          0          0  0.000e+00
  1024.2370     29.591     29.836    30.8026     7.1133          0          0  0.000e+00
  1024.2403     29.524     29.768    30.8069     7.1114          0          0  0.000e+00
  1024.2709     29.487     29.731    30.8463     7.1134          0          0  0.000e+00
  1024.2814     29.477     29.720    30.8629     7.1321          0          0  0.000e+00
  1024.2581     29.492     29.735    30.8385     7.1632          0          0  0.000e+00
  1024.2026     29.515     29.759    30.7710     7.1832          0          0  0.000e+00
  1024.2042     29.542     29.786    30.7708     7.1710          0          0  0.000e+00
  1024.2199     29.573     29.817    30.7877     7.1530          0          0  0.000e+00
  1024.2319     29.602     29.846    30.8010     7.1428          0          0  0.000e+00
  1024.2407     29.633     29.877    30.8116     7.1407          0          0  0.000e+00
  1024.2447     29.668     29.912    30.8173     7.1453          0          0  0.000e+00
  1024.2227     29.719     29.965    30.7903     7.1526          0          0  0.000e+00
  1024.2077     29.786     30.032    30.7699     7.1473          0          0  0.000e+00
  1024.2156     29.871     30.118    30.7766     7.1303          0          0  0.000e+00
  1024.2214     29.962     30.210    30.7808     7.1146          0          0  0.000e+00
  1024.2319     30.050     30.298    30.7913     7.1010          0          0  0.000e+00
  1024.2422     30.123     30.372    30.8027     7.0929          0          0  0.000e+00
  1024.2434     30.168     30.417    30.8036     7.0904          0          0  0.000e+00
  1024.2468     30.171     30.420    30.8077     7.0895          0          0  0.000e+00
  1024.2478     30.135     30.384    30.8094     7.0904          0          0  0.000e+00
  1024.2468     30.057     30.305    30.8089     7.0928          0          0  0.000e+00
  1024.2469     29.945     30.193    30.8101     7.0950          0          0  0.000e+00
  1024.2473     29.813     30.059    30.8119     7.0981          0          0  0.000e+00
  1024.2476     29.675     29.920    30.8138     7.1024          0          0  0.000e+00
  1024.2451     29.546     29.790    30.8122     7.1076          0          0  0.000e+00
  1024.2438     29.435     29.678    30.8122     7.1130          0          0  0.000e+00
  1024.2418     29.353     29.595    30.8111     7.1189          0          0  0.000e+00
  1024.2381     29.300     29.542    30.8075     7.1243          0          0  0.000e+00
  1024.2381     29.275     29.517    30.8084     7.1288          0          0  0.000e+00
  1024.2632     29.287     29.529    30.8414     7.1354          0          0  0.000e+00
  1024.2483     29.321     29.563    30.8257     7.1555          0          0  0.000e+00
  1024.2273     29.376     29.619    30.8014     7.1722          0          0  0.000e+00
  1024.2159     29.445     29.688    30.7870     7.1758          0          0  0.000e+00
