data/eDNA/PER-2021-171/171a008.cnv
* Sea-Bird SBE19plus  Data File:
* FileName = C:\Users\RSG_field\Ryan_2021_Perley\CTD\171a008.hex
* Software version 2.3.0 SB_Terminal.dll
* Temperature SN = 7141
* Conductivity SN = 7141
* System UpLoad Time = Aug 11 2021 10:41:52
* <ApplicationData>
* <SeatermAF>
** Platform: M. Perley
** Cruise: Per2021171
** Station:  ESI_16
** Cast: 01 1
** Latitude: N  44 30.177
** Longitude: W 62 50.614
** Sounding: 116
** Chief Scientist: Ryan Stanley
** Comment: Calm seas
# nquan = 8
# nvalues = 3571                                  
# units = specified
# name 0 = density00: Density [density, kg/m^3]
# name 1 = depSM: Depth [salt water, m], lat = 45.00
# name 2 = prdM: Pressure, Strain Gauge [db]
# name 3 = sal00: Salinity, Practical [PSU]
# name 4 = tv290C: Temperature [ITS-90, deg C]
# name 5 = bpos: Bottle Position in Carousel
# name 6 = nbf: Bottles Fired
# name 7 = flag:  0.000e+00
# span 0 =   998.3915,  1026.7645                 
# span 1 =     -0.036,    113.423                 
# span 2 =     -0.036,    114.383                 
# span 3 =     0.0082,    33.2480                 
# span 4 =     3.3337,    19.1132                 
# span 5 =          0,          2                 
# span 6 =          0,          2                 
# span 7 = 0.0000e+00, 0.0000e+00                 
# interval = seconds: 0.25
# start_time = Aug 11 2021 13:22:30 [Instrument's time stamp, header]
# bad_flag = -9.990e-29
*END*
[from data line 1618]
  1026.4957     94.306     95.099    32.9139     4.7097          0          0  0.000e+00
  1026.5074     94.408     95.202    32.9285     4.7121          0          0  0.000e+00
  1026.5128     94.510     95.306    32.9356     4.7184          0          0  0.000e+00
  1026.5088     94.613     95.410    32.9311     4.7269          0          0  0.000e+00
  1026.5068     94.709     95.506    32.9289     4.7337          0          0  0.000e+00
  1026.5031     94.799     95.597    32.9245     4.7387          0          0  0.000e+00
  1026.5068     94.883     95.681    32.9291     4.7418          0          0  0.000e+00
  1026.5092     94.955     95.754    32.9321     4.7455          0          0  0.000e+00
  1026.5087     95.017     95.817    32.9318     4.7500          0          0  0.000e+00
  1026.5112     95.074     95.875    32.9351     4.7538          0          0  0.000e+00
  1026.5081     95.141     95.942    32.9315     4.7580          0          0  0.000e+00
  1026.5294     95.212     96.014    32.9584     4.7620          0          0  0.000e+00
  1026.5391     95.300     96.103    32.9716     4.7726          0          0  0.000e+00
  1026.5412     95.406     96.210    32.9758     4.7877          0          0  0.000e+00
  1026.5297     95.542     96.346    32.9626     4.8027          0          0  0.000e+00
  1026.5159     95.694     96.499    32.9457     4.8130          0          0  0.000e+00
  1026.5244     95.867     96.674    32.9557     4.8155          0          0  0.000e+00
  1026.5956     96.050     96.859    33.0455     4.8219          0          0  0.000e+00
  1026.5901     96.240     97.050    33.0420     4.8543          0          0  0.000e+00
  1026.5687     96.431     97.243    33.0185     4.8876          0          0  0.000e+00
  1026.5513     96.613     97.427    32.9987     4.9099          0          0  0.000e+00
  1026.5459     96.785     97.600    32.9927     4.9227          0          0  0.000e+00
  1026.5422     96.945     97.761    32.9882     4.9307          0          0  0.000e+00
  1026.5387     97.092     97.910    32.9837     4.9362          0          0  0.000e+00
  1026.5361     97.228     98.047    32.9801     4.9394          0          0  0.000e+00
  1026.5366     97.356     98.176    32.9802     4.9408          0          0  0.000e+00
  1026.5373     97.478     98.299    32.9805     4.9418          0          0  0.000e+00
  1026.5355     97.597     98.419    32.9776     4.9424          0          0  0.000e+00
  1026.5350     97.708     98.531    32.9762     4.9420          0          0  0.000e+00
  1026.5360     97.813     98.637    32.9766     4.9407          0          0  0.000e+00
  1026.5372     97.910     98.735    32.9775     4.9396          0          0  0.000e+00
  1026.5381     97.995     98.820    32.9781     4.9390          0          0  0.000e+00
  1026.5382     98.069     98.895    32.9777     4.9387          0          0  0.000e+00
  1026.5395     98.131     98.958    32.9789     4.9381          0          0  0.000e+00
  1026.5403     98.181     99.008    32.9796     4.9379          0          0  0.000e+00
  1026.5419     98.229     99.057    32.9813     4.9380          0          0  0.000e+00
  1026.5458     98.277     99.105    32.9861     4.9386          0          0  0.000e+00
  1026.5447     98.326     99.155    32.9847     4.9407          0          0  0.000e+00
  1026.5435     98.384     99.213    32.9831     4.9425          0          0  0.000e+00
  1026.5416     98.453     99.282    32.9803     4.9433          0          0  0.000e+00
  1026.5427     98.535     99.366    32.9812     4.9431          0          0  0.000e+00
  1026.5432     98.635     99.466    32.9812     4.9431          0          0  0.000e+00
  1026.5437     98.756     99.588    32.9812     4.9430          0          0  0.000e+00
  1026.5452     98.896     99.729    32.9822     4.9427          0          0  0.000e+00
  1026.5485     99.055     99.890    32.9854     4.9429          0          0  0.000e+00
  1026.5487     99.227    100.063    32.9848     4.9439          0          0  0.000e+00
  1026.5494     99.414    100.252    32.9848     4.9451          0          0  0.000e+00
  1026.5496     99.609    100.449    32.9840     4.9459          0          0  0.000e+00
  1026.5526     99.816    100.658    32.9866     4.9464          0          0  0.000e+00
  1026.5520    100.023    100.866    32.9849     4.9478          0          0  0.000e+00
  1026.5496    100.218    101.063    32.9807     4.9487          0          0  0.000e+00
  1026.5525    100.397    101.244    32.9833     4.9481          0          0  0.000e+00
  1026.5499    100.556    101.404    32.9790     4.9476          0          0  0.000e+00
  1026.5500    100.693    101.542    32.9781     4.9461          0          0  0.000e+00
  1026.5526    100.804    101.654    32.9805     4.9443          0          0  0.000e+00
  1026.5548    100.888    101.739    32.9827     4.9433          0          0  0.000e+00
  1026.5572    100.956    101.807    32.9852     4.9433          0          0  0.000e+00
  1026.5593    101.003    101.854    32.9877     4.9440          0          0  0.000e+00
  1026.5625    101.043    101.895    32.9918     4.9457          0          0  0.000e+00
  1026.5590    101.080    101.932    32.9875     4.9483          0          0  0.000e+00
  1026.5641    101.125    101.977    32.9939     4.9499          0          0  0.000e+00
  1026.5653    101.179    102.032    32.9955     4.9528          0          0  0.000e+00
  1026.5648    101.248    102.101    32.9950     4.9564          0          0  0.000e+00
  1026.5634    101.334    102.189    32.9932     4.9594          0          0  0.000e+00
  1026.5621    101.435    102.291    32.9912     4.9615          0          0  0.000e+00
  1026.5622    101.555    102.412    32.9907     4.9624          0          0  0.000e+00
  1026.5668    101.689    102.546    32.9959     4.9632          0          0  0.000e+00
  1026.5676    101.830    102.689    32.9964     4.9651          0          0  0.000e+00
  1026.5661    101.983    102.844    32.9938     4.9670          0          0  0.000e+00
  1026.5649    102.146    103.007    32.9914     4.9677          0          0  0.000e+00
  1026.5768    102.313    103.176    33.0056     4.9685          0          0  0.000e+00
  1026.5740    102.490    103.355    33.0016     4.9726          0          0  0.000e+00
  1026.5692    102.666    103.532    32.9949     4.9759          0          0  0.000e+00
  1026.5855    102.842    103.710    33.0146     4.9767          0          0  0.000e+00
  1026.6076    103.013    103.882    33.0426     4.9834          0          0  0.000e+00
  1026.6091    103.166    104.036    33.0458     4.9996          0          0  0.000e+00
  1026.6045    103.312    104.184    33.0417     5.0166          0          0  0.000e+00
  1026.5897    103.438    104.311    33.0241     5.0306          0          0  0.000e+00
  1026.5873    103.545    104.419    33.0216     5.0377          0          0  0.000e+00
  1026.5875    103.643    104.517    33.0218     5.0422          0          0  0.000e+00
  1026.5924    103.723    104.599    33.0282     5.0466          0          0  0.000e+00
  1026.5875    103.798    104.674    33.0224     5.0523          0          0  0.000e+00
  1026.5839    103.863    104.740    33.0181     5.0558          0          0  0.000e+00
  1026.5869    103.926    104.803    33.0217     5.0577          0          0  0.000e+00
  1026.5882    103.991    104.868    33.0233     5.0599          0          0  0.000e+00
  1026.5892    104.053    104.931    33.0246     5.0628          0          0  0.000e+00
  1026.5850    104.116    104.994    33.0193     5.0655          0          0  0.000e+00
  1026.5843    104.179    105.059    33.0181     5.0664          0          0  0.000e+00
  1026.5856    104.245    105.125    33.0195     5.0667          0          0  0.000e+00
  1026.5850    104.314    105.194    33.0184     5.0670          0          0  0.000e+00
  1026.5878    104.388    105.269    33.0214     5.0673          0          0  0.000e+00
  1026.5871    104.473    105.355    33.0203     5.0683          0          0  0.000e+00
  1026.5871    104.570    105.452    33.0198     5.0691          0          0  0.000e+00
  1026.5898    104.685    105.569    33.0226     5.0695          0          0  0.000e+00
  1026.5962    104.822    105.707    33.0301     5.0714          0          0  0.000e+00
  1026.5941    104.982    105.868    33.0270     5.0745          0          0  0.000e+00
  1026.6075    105.165    106.053    33.0432     5.0775          0          0  0.000e+00
  1026.6025    105.372    106.262    33.0368     5.0854          0          0  0.000e+00
  1026.5988    105.597    106.489    33.0317     5.0917          0          0  0.000e+00
  1026.5981    105.824    106.718    33.0301     5.0955          0          0  0.000e+00
  1026.5971    106.048    106.943    33.0278     5.0976          0          0  0.000e+00
  1026.5976    106.260    107.157    33.0273     5.0987          0          0  0.000e+00
  1026.6047    106.452    107.351    33.0353     5.0996          0          0  0.000e+00
  1026.6073    106.613    107.513    33.0381     5.1024          0          0  0.000e+00
  1026.6183    106.738    107.639    33.0519     5.1068          0          0  0.000e+00
  1026.6280    106.832    107.735    33.0648     5.1154          0          0  0.000e+00
  1026.6106    106.897    107.800    33.0441     5.1266          0          0  0.000e+00
  1026.6089    106.932    107.835    33.0424     5.1310          0          0  0.000e+00
  1026.6175    106.943    107.846    33.0536     5.1337          0          0  0.000e+00
  1026.6045    106.939    107.843    33.0380     5.1388          0          0  0.000e+00
  1026.5973    106.927    107.830    33.0291     5.1396          0          0  0.000e+00
  1026.5921    106.912    107.815    33.0222     5.1371          0          0  0.000e+00
  1026.5884    106.901    107.804    33.0169     5.1321          0          0  0.000e+00
  1026.5940    106.900    107.803    33.0231     5.1260          0          0  0.000e+00
  1026.6033    106.919    107.822    33.0341     5.1221          0          0  0.000e+00
  1026.6238    106.963    107.866    33.0599     5.1227          0          0  0.000e+00
  1026.6350    107.032    107.936    33.0747     5.1307          0          0  0.000e+00
  1026.6432    107.134    108.040    33.0864     5.1441          0          0  0.000e+00
  1026.6508    107.277    108.183    33.0977     5.1607          0          0  0.000e+00
  1026.7047    107.449    108.357    33.1677     5.1803          0          0  0.000e+00
  1026.7645    107.652    108.561    33.2480     5.2206          0          0  0.000e+00
  1026.7238    107.881    108.793    33.2047     5.2837          0          0  0.000e+00
  1026.6857    108.138    109.051    33.1620     5.3313          0          0  0.000e+00
  1026.6655    108.404    109.320    33.1389     5.3583          0          0  0.000e+00
  1026.6560    108.655    109.573    33.1276     5.3726          0          0  0.000e+00
  1026.6725    108.899    109.819    33.1482     5.3806          0          0  0.000e+00
  1026.6751    109.117    110.040    33.1521     5.3929          0          0  0.000e+00
  1026.6751    109.301    110.225    33.1531     5.4063          0          0  0.000e+00
  1026.6691    109.457    110.382    33.1464     5.4187          0          0  0.000e+00
  1026.6669    109.585    110.511    33.1443     5.4283          0          0  0.000e+00
  1026.6634    109.681    110.609    33.1404     5.4350          0          0  0.000e+00
  1026.6588    109.761    110.689    33.1347     5.4396          0          0  0.000e+00
  1026.6585    109.819    110.748    33.1343     5.4418          0          0  0.000e+00
  1026.6562    109.865    110.794    33.1313     5.4427          0          0  0.000e+00
  1026.6573    109.898    110.827    33.1325     5.4427          0          0  0.000e+00
  1026.6575    109.923    110.853    33.1326     5.4427          0          0  0.000e+00
  1026.6583    109.946    110.876    33.1335     5.4428          0          0  0.000e+00
  1026.6591    109.969    110.899    33.1344     5.4431          0          0  0.000e+00
  1026.6599    109.998    110.928    33.1354     5.4438          0          0  0.000e+00
  1026.6603    110.038    110.968    33.1357     5.4445          0          0  0.000e+00
  1026.6607    110.097    111.028    33.1360     5.4454          0          0  0.000e+00
  1026.6612    110.172    111.104    33.1364     5.4461          0          0  0.000e+00
  1026.6613    110.267    111.199    33.1361     5.4468          0          0  0.000e+00
  1026.6627    110.382    111.316    33.1371     5.4474          0          0  0.000e+00
  1026.6633    110.511    111.445    33.1373     5.4482          0          0  0.000e+00
  1026.6638    110.655    111.591    33.1372     5.4488          0          0  0.000e+00
  1026.6674    110.813    111.750    33.1409     5.4494          0          0  0.000e+00
  1026.6744    110.981    111.920    33.1491     5.4513          0          0  0.000e+00
  1026.6740    111.157    112.098    33.1482     5.4556          0          0  0.000e+00
  1026.6823    111.342    112.284    33.1582     5.4597          0          0  0.000e+00
  1026.6979    111.521    112.464    33.1779     5.4665          0          0  0.000e+00
  1026.7106    111.697    112.642    33.1948     5.4791          0          0  0.000e+00
  1026.7086    111.868    112.814    33.1939     5.4961          0          0  0.000e+00
  1026.7009    112.031    112.979    33.1856     5.5123          0          0  0.000e+00
  1026.6954    112.189    113.138    33.1795     5.5242          0          0  0.000e+00
  1026.6913    112.334    113.285    33.1747     5.5322          0          0  0.000e+00
  1026.6902    112.417    113.368    33.1737     5.5377          0          0  0.000e+00
  1026.6859    112.431    113.382    33.1689     5.5420          0          0  0.000e+00
  1026.6811    112.410    113.361    33.1633     5.5442          0          0  0.000e+00
  1026.6802    112.386    113.337    33.1621     5.5439          0          0  0.000e+00
  1026.6752    112.352    113.303    33.1559     5.5428          0          0  0.000e+00
  1026.6753    112.307    113.257    33.1559     5.5400          0          0  0.000e+00
  1026.6806    112.261    113.211    33.1623     5.5368          0          0  0.000e+00
  1026.6807    112.210    113.160    33.1627     5.5360          0          0  0.000e+00
  1026.6788    112.166    113.115    33.1604     5.5354          0          0  0.000e+00
  1026.6826    112.132    113.081    33.1653     5.5345          0          0  0.000e+00
  1026.6841    112.110    113.058    33.1673     5.5349          0          0  0.000e+00
  1026.6832    112.100    113.049    33.1665     5.5359          0          0  0.000e+00
  1026.6824    112.105    113.054    33.1655     5.5368          0          0  0.000e+00
  1026.6826    112.121    113.070    33.1658     5.5373          0          0  0.000e+00
  1026.6830    112.144    113.092    33.1663     5.5377          0          0  0.000e+00
  1026.6836    112.169    113.118    33.1669     5.5382          0          0  0.000e+00
  1026.6825    112.193    113.143    33.1655     5.5389          0          0  0.000e+00
  1026.6837    112.216    113.165    33.1669     5.5392          0          0  0.000e+00
  1026.6850    112.227    113.177    33.1685     5.5396          0          0  0.000e+00
  1026.6862    112.235    113.184    33.1701     5.5406          0          0  0.000e+00
  1026.6850    112.237    113.187    33.1689     5.5421          0          0  0.000e+00
  1026.6837    112.230    113.179    33.1674     5.5431          0          0  0.000e+00
  1026.6827    112.220    113.169    33.1662     5.5435          0          0  0.000e+00
