data/eDNA/PER-2021-171/171a002.cnv
* Sea-Bird SBE19plus  Data File:
* FileName = C:\Users\RSG_field\Ryan_2021_Perley\CTD\171a002.hex
* Software version 2.3.0 SB_Terminal.dll
* Temperature SN = 7141
* Conductivity SN = 7141
* System UpLoad Time = Aug 09 2021 08:55:26
* <ApplicationData>
* <SeatermAF>
** Platform: M. Perley
** Cruise: Per2021171
** Station:  ESI-08
** Cast: 01
** Latitude: N  44 40.1412
** Longitude: W 62 20.7438
** Sounding: 111
** Chief Scientist: Ryan Stanley
** Comment: Also GC_5
** same station as GC_5
# nquan = 8
# nvalues = 4902                                  
# units = specified
# name 0 = density00: Density [density, kg/m^3]
# name 1 = depSM: Depth [salt water, m], lat = 45.00
# name 2 = prdM: Pressure, Strain Gauge [db]
# name 3 = sal00: Salinity, Practical [PSU]
# name 4 = tv290C: Temperature [ITS-90, deg C]
# name 5 = bpos: Bottle Position in Carousel
# name 6 = nbf: Bottles Fired
# name 7 = flag:  0.000e+00
# span 0 =   998.7498,  1026.5022                 
# span 1 =      0.020,     99.015                 
# span 2 =      0.020,     99.849                 
# span 3 =     0.0000,    32.8124                 
# span 4 =     3.0905,    17.7348                 
# span 5 =          0,          6                 
# span 6 =          0,          6                 
# span 7 = 0.0000e+00, 0.0000e+00                 
# interval = seconds: 0.25
# start_time = Aug 09 2021 11:31:42 [Instrument's time stamp, header]
# bad_flag = -9.990e-29
*END*
[from data line 3416]
  1022.1566      2.243      2.261    30.8199    17.6937          5          5  0.000e+00
  1022.1624      2.039      2.056    30.8269    17.6879          5          5  0.000e+00
  1022.1638      1.857      1.872    30.8292    17.6861          5          5  0.000e+00
  1022.1666      1.718      1.732    30.8335    17.6855          6          6  0.000e+00
  1022.1685      1.618      1.632    30.8370    17.6869          6          6  0.000e+00
  1022.1685      1.528      1.541    30.8386    17.6906          6          6  0.000e+00
  1022.1636      1.426      1.437    30.8346    17.6962          6          6  0.000e+00
  1022.1596      1.295      1.306    30.8314    17.7000          6          6  0.000e+00
  1022.1552      1.121      1.130    30.8272    17.7020          6          6  0.000e+00
  1022.1465      0.893      0.901    30.8170    17.7013          6          6  0.000e+00
  1022.1428      0.615      0.620    30.8117    17.6950          6          6  0.000e+00
  1022.1479      0.280      0.282    30.8171    17.6845          6          6  0.000e+00
  1021.7111      0.055      0.055    30.2449    17.6769          6          6  0.000e+00
  1004.8534      0.060      0.061     8.1183    17.6759          6          6  0.000e+00
  1000.5705      0.062      0.063     2.4973    17.6731          6          6  0.000e+00
  1000.4316      0.061      0.062     2.3128    17.6622          6          6  0.000e+00
  1000.0955      0.060      0.061     1.8690    17.6446          6          6  0.000e+00
  1000.1678      0.061      0.062     1.9588    17.6251          6          6  0.000e+00
  1000.6764      0.061      0.062     2.6198    17.6071          6          6  0.000e+00
  1000.2359      0.060      0.061     2.0394    17.5900          6          6  0.000e+00
   999.4451      0.060      0.061     1.0021    17.5723          6          6  0.000e+00
  1000.2156      0.059      0.060     2.0046    17.5558          6          6  0.000e+00
  1000.0619      0.060      0.061     1.8001    17.5411          6          6  0.000e+00
  1009.4318      0.059      0.060    14.0960    17.5250          6          6  0.000e+00
  1021.9924      0.059      0.060    30.5604    17.5073          6          6  0.000e+00
  1022.1919      0.061      0.062    30.8140    17.4837          6          6  0.000e+00
  1022.1553      0.060      0.061    30.7623    17.4711          6          6  0.000e+00
  1022.1913      0.061      0.062    30.8070    17.4635          6          6  0.000e+00
  1022.1498      0.059      0.060    30.7472    17.4453          6          6  0.000e+00
  1021.7512      0.061      0.062    30.2228    17.4339          6          6  0.000e+00
  1021.3778      0.061      0.062    29.7326    17.4271          6          6  0.000e+00
  1013.0220      0.059      0.060    18.7812    17.4144          6          6  0.000e+00
  1009.8163      0.062      0.063    14.5689    17.4058          6          6  0.000e+00
  1010.1730      0.061      0.062    15.0365    17.4019          6          6  0.000e+00
  1006.4434      0.060      0.061    10.1352    17.3971          6          6  0.000e+00
  1004.2408      0.061      0.062     7.2402    17.3888          6          6  0.000e+00
  1003.4661      0.059      0.060     6.2212    17.3800          6          6  0.000e+00
  1002.8853      0.059      0.060     5.4571    17.3716          6          6  0.000e+00
  1002.6906      0.059      0.060     5.1995    17.3630          6          6  0.000e+00
  1001.7931      0.059      0.060     4.0204    17.3524          6          6  0.000e+00
  1001.4222      0.060      0.061     3.5315    17.3398          6          6  0.000e+00
  1002.0657      0.059      0.060     4.3714    17.3268          6          6  0.000e+00
  1002.6097      0.057      0.058     5.0815    17.3144          6          6  0.000e+00
  1001.8811      0.057      0.058     4.1213    17.2930          6          6  0.000e+00
  1001.5849      0.059      0.060     3.7259    17.2623          6          6  0.000e+00
  1000.6073      0.058      0.059     2.4381    17.2263          6          6  0.000e+00
   999.4429      0.060      0.061     0.9101    17.1921          6          6  0.000e+00
   999.9835      0.060      0.061     1.6089    17.1655          6          6  0.000e+00
  1004.6202      0.059      0.060     7.6772    17.1454          6          6  0.000e+00
  1002.9757      0.060      0.061     5.5131    17.1174          6          6  0.000e+00
  1001.4737      0.060      0.061     3.5327    17.0636          6          6  0.000e+00
  1000.9757      0.060      0.061     2.8729    17.0282          6          6  0.000e+00
  1000.8342      0.060      0.061     2.6813    17.0001          6          6  0.000e+00
  1000.5934      0.060      0.061     2.3606    16.9739          6          6  0.000e+00
  1000.1931      0.059      0.060     1.8329    16.9523          6          6  0.000e+00
   999.7952      0.061      0.062     1.3103    16.9371          6          6  0.000e+00
   999.6298      0.059      0.060     1.0920    16.9248          6          6  0.000e+00
   999.6285      0.060      0.061     1.0878    16.9138          6          6  0.000e+00
   999.6414      0.059      0.060     1.1023    16.9032          6          6  0.000e+00
   999.9113      0.061      0.062     1.4521    16.8949          6          6  0.000e+00
   999.9052      0.061      0.062     1.4422    16.8861          6          6  0.000e+00
   999.1873      0.060      0.061     0.5053    16.8762          6          6  0.000e+00
   998.9173      0.061      0.062     0.1523    16.8654          6          6  0.000e+00
   998.8083      0.061      0.062     0.0088    16.8554          6          6  0.000e+00
   998.8100      0.060      0.061     0.0088    16.8454          6          6  0.000e+00
   998.8117      0.062      0.062     0.0087    16.8353          6          6  0.000e+00
   998.8136      0.063      0.063     0.0088    16.8244          6          6  0.000e+00
   998.8156      0.060      0.061     0.0087    16.8128          6          6  0.000e+00
   998.8175      0.059      0.060     0.0087    16.8014          6          6  0.000e+00
   998.8194      0.059      0.060     0.0087    16.7905          6          6  0.000e+00
   998.8213      0.058      0.059     0.0087    16.7789          6          6  0.000e+00
   998.8233      0.059      0.060     0.0087    16.7673          6          6  0.000e+00
   998.8254      0.057      0.058     0.0088    16.7555          6          6  0.000e+00
   998.8274      0.059      0.060     0.0087    16.7434          6          6  0.000e+00
   998.8295      0.060      0.061     0.0087    16.7312          6          6  0.000e+00
   998.8316      0.057      0.058     0.0086    16.7186          6          6  0.000e+00
   998.8337      0.059      0.060     0.0086    16.7058          6          6  0.000e+00
   998.8359      0.058      0.059     0.0085    16.6931          6          6  0.000e+00
   998.8381      0.059      0.060     0.0085    16.6801          6          6  0.000e+00
   998.8403      0.058      0.059     0.0085    16.6669          6          6  0.000e+00
   998.8426      0.061      0.061     0.0085    16.6536          6          6  0.000e+00
   998.8449      0.059      0.060     0.0085    16.6403          6          6  0.000e+00
   998.8471      0.058      0.059     0.0086    16.6271          6          6  0.000e+00
   998.8494      0.061      0.061     0.0086    16.6138          6          6  0.000e+00
   998.8517      0.059      0.060     0.0086    16.6003          6          6  0.000e+00
   998.9954      0.059      0.060     0.1918    16.5872          6          6  0.000e+00
   999.2561      0.061      0.061     0.5272    16.5741          6          6  0.000e+00
   999.7486      0.063      0.063     1.1648    16.5616          6          6  0.000e+00
   999.1556      0.061      0.061     0.3913    16.5500          6          6  0.000e+00
   999.0332      0.061      0.061     0.2308    16.5416          6          6  0.000e+00
   999.0305      0.059      0.060     0.2261    16.5365          6          6  0.000e+00
   999.0333      0.062      0.062     0.2288    16.5318          6          6  0.000e+00
   998.9551      0.059      0.060     0.1262    16.5261          6          6  0.000e+00
   998.8665      0.059      0.060     0.0101    16.5196          6          6  0.000e+00
   998.8678      0.062      0.062     0.0101    16.5118          6          6  0.000e+00
   999.2040      0.059      0.060     0.4439    16.5032          6          6  0.000e+00
   999.8916      0.059      0.060     1.3360    16.4945          6          6  0.000e+00
   999.3542      0.061      0.061     0.6351    16.4858          6          6  0.000e+00
   999.2547      0.061      0.061     0.5040    16.4774          6          6  0.000e+00
   999.2540      0.059      0.060     0.5015    16.4697          6          6  0.000e+00
   999.2848      0.058      0.059     0.5398    16.4619          6          6  0.000e+00
   999.2868      0.061      0.061     0.5406    16.4537          6          6  0.000e+00
   999.2928      0.060      0.060     0.5465    16.4453          6          6  0.000e+00
   999.3049      0.058      0.059     0.5603    16.4367          6          6  0.000e+00
   999.2876      0.062      0.062     0.5360    16.4280          6          6  0.000e+00
   999.2689      0.062      0.062     0.5097    16.4189          6          6  0.000e+00
   999.2729      0.062      0.062     0.5129    16.4100          6          6  0.000e+00
   999.2995      0.057      0.058     0.5455    16.4008          6          6  0.000e+00
   999.3329      0.062      0.062     0.5866    16.3909          6          6  0.000e+00
   999.3502      0.061      0.061     0.6069    16.3803          6          6  0.000e+00
   999.3537      0.060      0.060     0.6090    16.3695          6          6  0.000e+00
   999.3424      0.062      0.062     0.5920    16.3587          6          6  0.000e+00
   999.3524      0.062      0.062     0.6026    16.3478          6          6  0.000e+00
   999.3407      0.062      0.062     0.5851    16.3371          6          6  0.000e+00
   999.3383      0.061      0.061     0.5796    16.3264          6          6  0.000e+00
   999.3995      0.060      0.060     0.6568    16.3157          6          6  0.000e+00
   999.6106      0.062      0.062     0.9287    16.3053          6          6  0.000e+00
   999.6290      0.062      0.062     0.9505    16.2953          6          6  0.000e+00
   999.4528      0.062      0.062     0.7194    16.2854          6          6  0.000e+00
   999.0056      0.063      0.063     0.1374    16.2759          6          6  0.000e+00
   998.9071      0.062      0.062     0.0084    16.2685          6          6  0.000e+00
   998.9077      0.062      0.062     0.0085    16.2652          6          6  0.000e+00
   998.9079      0.062      0.062     0.0084    16.2636          6          6  0.000e+00
   998.9084      0.063      0.063     0.0085    16.2612          6          6  0.000e+00
   998.9090      0.063      0.063     0.0085    16.2576          6          6  0.000e+00
   998.9096      0.063      0.063     0.0084    16.2536          6          6  0.000e+00
   998.9103      0.063      0.063     0.0084    16.2489          6          6  0.000e+00
   998.9113      0.063      0.063     0.0084    16.2432          6          6  0.000e+00
   998.9123      0.062      0.062     0.0084    16.2369          6          6  0.000e+00
   998.9135      0.062      0.062     0.0085    16.2301          6          6  0.000e+00
   998.9147      0.063      0.063     0.0084    16.2225          6          6  0.000e+00
   998.9159      0.061      0.061     0.0083    16.2151          6          6  0.000e+00
   998.9172      0.059      0.059     0.0084    16.2071          6          6  0.000e+00
   998.9185      0.061      0.061     0.0084    16.1993          6          6  0.000e+00
   998.9198      0.056      0.057     0.0083    16.1914          6          6  0.000e+00
   998.9211      0.057      0.058     0.0084    16.1836          6          6  0.000e+00
   998.9224      0.059      0.059     0.0083    16.1756          6          6  0.000e+00
   998.9238      0.057      0.058     0.0084    16.1674          6          6  0.000e+00
   998.9251      0.057      0.058     0.0084    16.1592          6          6  0.000e+00
   998.9264      0.059      0.059     0.0084    16.1511          6          6  0.000e+00
   998.9278      0.058      0.058     0.0083    16.1427          6          6  0.000e+00
   998.9292      0.060      0.060     0.0084    16.1343          6          6  0.000e+00
   998.9305      0.061      0.061     0.0083    16.1261          6          6  0.000e+00
   998.9980      0.061      0.061     0.0938    16.1182          6          6  0.000e+00
   999.4735      0.060      0.060     0.7086    16.1107          6          6  0.000e+00
   999.0710      0.061      0.061     0.1851    16.1030          6          6  0.000e+00
   998.9290      0.062      0.062     0.0000    16.0959          6          6  0.000e+00
   998.9295      0.062      0.062     0.0000    16.0929          6          6  0.000e+00
   998.9294      0.061      0.061     0.0000    16.0937          6          6  0.000e+00
   998.9359      0.061      0.061     0.0085    16.0943          6          6  0.000e+00
   999.2092      0.061      0.061     0.3622    16.0938          6          6  0.000e+00
   999.4018      0.061      0.061     0.6115    16.0922          6          6  0.000e+00
   998.9300      0.060      0.060     0.0000    16.0896          6          6  0.000e+00
   998.9305      0.058      0.058     0.0000    16.0869          6          6  0.000e+00
   998.9305      0.060      0.060     0.0000    16.0865          6          6  0.000e+00
   998.9305      0.059      0.059     0.0000    16.0869          6          6  0.000e+00
   998.9370      0.059      0.059     0.0084    16.0867          6          6  0.000e+00
   998.9372      0.059      0.059     0.0084    16.0854          6          6  0.000e+00
   998.9375      0.058      0.058     0.0084    16.0835          6          6  0.000e+00
   998.9380      0.059      0.059     0.0084    16.0808          6          6  0.000e+00
   998.9384      0.058      0.058     0.0083    16.0774          6          6  0.000e+00
   998.9390      0.059      0.059     0.0082    16.0737          6          6  0.000e+00
   998.9396      0.060      0.060     0.0082    16.0698          6          6  0.000e+00
   998.9403      0.058      0.058     0.0082    16.0657          6          6  0.000e+00
   998.9410      0.058      0.058     0.0082    16.0615          6          6  0.000e+00
   998.9417      0.058      0.058     0.0082    16.0572          6          6  0.000e+00
   998.9425      0.057      0.057     0.0082    16.0523          6          6  0.000e+00
   998.9433      0.057      0.057     0.0082    16.0470          6          6  0.000e+00
   998.9443      0.058      0.058     0.0082    16.0412          6          6  0.000e+00
   998.9452      0.057      0.057     0.0082    16.0355          6          6  0.000e+00
   998.9462      0.057      0.057     0.0082    16.0293          6          6  0.000e+00
   998.9472      0.054      0.055     0.0082    16.0234          6          6  0.000e+00
   998.9481      0.057      0.057     0.0082    16.0174          6          6  0.000e+00
   998.9491      0.057      0.057     0.0082    16.0114          6          6  0.000e+00
   998.9501      0.058      0.058     0.0082    16.0057          6          6  0.000e+00
   998.9510      0.058      0.058     0.0082    16.0000          6          6  0.000e+00
   998.9520      0.057      0.057     0.0082    15.9940          6          6  0.000e+00
   998.9529      0.058      0.058     0.0082    15.9879          6          6  0.000e+00
   998.9539      0.060      0.060     0.0082    15.9821          6          6  0.000e+00
