data/eDNA/PER-2021-171/171a026.cnv
* Sea-Bird SBE19plus  Data File:
* FileName = C:\Users\RSG_field\Ryan_2021_Perley\CTD\171a026.hex
* Software version 2.3.0 SB_Terminal.dll
* Temperature SN = 7141
* Conductivity SN = 7141
* System UpLoad Time = Aug 18 2021 12:32:14
* <ApplicationData>
* <SeatermAF>
** Platform: M. Perley
** Cruise: Per2021171
** Station:  SAB_02
** Cast: 01 1
** Latitude: N  45 50.383
** Longitude: W 60 07.934
** Sounding: 23,8
** Chief Scientist: Ryan Stanley
** Comment: 171a026
# nquan = 8
# nvalues = 1933                                  
# units = specified
# name 0 = density00: Density [density, kg/m^3]
# name 1 = depSM: Depth [salt water, m], lat = 45.00
# name 2 = prdM: Pressure, Strain Gauge [db]
# name 3 = sal00: Salinity, Practical [PSU]
# name 4 = tv290C: Temperature [ITS-90, deg C]
# name 5 = bpos: Bottle Position in Carousel
# name 6 = nbf: Bottles Fired
# name 7 = flag:  0.000e+00
# span 0 =   998.3336,  1024.3556                 
# span 1 =     -0.023,     23.152                 
# span 2 =     -0.024,     23.343                 
# span 3 =     0.0097,    31.0084                 
# span 4 =     6.9765,    19.4825                 
# span 5 =          0,          3                 
# span 6 =          0,          3                 
# span 7 = 0.0000e+00, 0.0000e+00                 
# interval = seconds: 0.25
# start_time = Aug 18 2021 15:21:33 [Instrument's time stamp, header]
# bad_flag = -9.990e-29
*END*
[from data line 720]
  1021.0527      1.751      1.765    29.5937    18.3831          0          0  0.000e+00
  1021.0530      1.753      1.767    29.5941    18.3835          0          0  0.000e+00
  1021.0547      1.749      1.763    29.5965    18.3837          0          0  0.000e+00
  1021.0549      1.746      1.761    29.5973    18.3854          0          0  0.000e+00
  1021.0530      1.743      1.758    29.5955    18.3878          0          0  0.000e+00
  1021.0520      1.742      1.757    29.5947    18.3891          0          0  0.000e+00
  1021.0511      1.746      1.761    29.5938    18.3899          0          0  0.000e+00
  1021.0516      1.755      1.769    29.5944    18.3901          0          0  0.000e+00
  1021.0510      1.761      1.776    29.5938    18.3907          0          0  0.000e+00
  1021.0501      1.767      1.781    29.5927    18.3909          0          0  0.000e+00
  1021.0499      1.768      1.782    29.5923    18.3905          0          0  0.000e+00
  1021.0501      1.770      1.784    29.5922    18.3896          0          0  0.000e+00
  1021.0503      1.773      1.788    29.5922    18.3888          0          0  0.000e+00
  1021.0511      1.776      1.791    29.5930    18.3880          0          0  0.000e+00
  1021.0518      1.778      1.793    29.5936    18.3873          0          0  0.000e+00
  1021.0508      1.778      1.793    29.5924    18.3874          0          0  0.000e+00
  1021.0490      1.775      1.790    29.5898    18.3866          0          0  0.000e+00
  1021.0504      1.774      1.789    29.5909    18.3844          0          0  0.000e+00
  1021.0527      1.770      1.784    29.5934    18.3827          0          0  0.000e+00
  1021.0532      1.769      1.783    29.5939    18.3822          0          0  0.000e+00
  1021.0524      1.767      1.781    29.5930    18.3824          0          0  0.000e+00
  1021.0520      1.767      1.781    29.5924    18.3822          0          0  0.000e+00
  1021.0518      1.768      1.782    29.5917    18.3812          0          0  0.000e+00
  1021.0524      1.768      1.782    29.5922    18.3802          0          0  0.000e+00
  1021.0534      1.767      1.781    29.5933    18.3793          0          0  0.000e+00
  1021.0538      1.763      1.778    29.5938    18.3791          0          0  0.000e+00
  1021.0543      1.758      1.773    29.5944    18.3790          0          0  0.000e+00
  1021.0540      1.754      1.768    29.5942    18.3794          0          0  0.000e+00
  1021.0541      1.749      1.763    29.5944    18.3796          0          0  0.000e+00
  1021.0537      1.751      1.765    29.5940    18.3802          0          0  0.000e+00
  1021.0537      1.749      1.763    29.5941    18.3803          0          0  0.000e+00
  1021.0540      1.746      1.761    29.5947    18.3806          0          0  0.000e+00
  1021.0535      1.745      1.760    29.5942    18.3813          0          0  0.000e+00
  1021.0534      1.745      1.760    29.5942    18.3816          0          0  0.000e+00
  1021.0532      1.741      1.755    29.5940    18.3818          0          0  0.000e+00
  1021.0532      1.738      1.752    29.5941    18.3820          0          0  0.000e+00
  1021.0528      1.736      1.750    29.5935    18.3822          0          0  0.000e+00
  1021.0524      1.740      1.754    29.5931    18.3822          0          0  0.000e+00
  1021.0528      1.744      1.759    29.5935    18.3820          0          0  0.000e+00
  1021.0530      1.754      1.768    29.5937    18.3820          0          0  0.000e+00
  1021.0531      1.763      1.778    29.5938    18.3819          0          0  0.000e+00
  1021.0532      1.766      1.780    29.5938    18.3818          0          0  0.000e+00
  1021.0529      1.770      1.784    29.5935    18.3820          0          0  0.000e+00
  1021.0530      1.772      1.786    29.5937    18.3820          0          0  0.000e+00
  1021.0532      1.776      1.791    29.5938    18.3819          0          0  0.000e+00
  1021.0532      1.781      1.796    29.5938    18.3819          0          0  0.000e+00
  1021.0534      1.786      1.800    29.5941    18.3822          0          0  0.000e+00
  1021.0533      1.787      1.801    29.5941    18.3823          0          0  0.000e+00
  1021.0530      1.785      1.799    29.5937    18.3827          0          0  0.000e+00
  1021.0530      1.783      1.797    29.5938    18.3827          0          0  0.000e+00
  1021.0530      1.777      1.792    29.5938    18.3828          0          0  0.000e+00
  1021.0528      1.767      1.781    29.5936    18.3829          0          0  0.000e+00
  1021.0527      1.759      1.774    29.5936    18.3829          0          0  0.000e+00
  1021.0522      1.760      1.775    29.5930    18.3829          0          0  0.000e+00
  1021.0521      1.759      1.774    29.5927    18.3826          0          0  0.000e+00
  1021.0526      1.761      1.776    29.5931    18.3820          0          0  0.000e+00
  1021.0526      1.763      1.778    29.5930    18.3818          0          0  0.000e+00
  1021.0531      1.760      1.775    29.5936    18.3813          0          0  0.000e+00
  1021.0535      1.751      1.765    29.5942    18.3813          0          0  0.000e+00
  1021.0533      1.742      1.757    29.5939    18.3814          0          0  0.000e+00
  1021.0531      1.737      1.751    29.5939    18.3819          0          0  0.000e+00
  1021.0531      1.734      1.748    29.5939    18.3820          0          0  0.000e+00
  1021.0529      1.732      1.746    29.5938    18.3821          0          0  0.000e+00
  1021.0526      1.738      1.752    29.5934    18.3824          0          0  0.000e+00
  1021.0527      1.742      1.757    29.5935    18.3822          0          0  0.000e+00
  1021.0520      1.746      1.761    29.5925    18.3821          0          0  0.000e+00
  1021.0521      1.753      1.767    29.5923    18.3814          0          0  0.000e+00
  1021.0534      1.755      1.769    29.5938    18.3805          0          0  0.000e+00
  1021.0546      1.757      1.771    29.5953    18.3806          0          0  0.000e+00
  1021.0535      1.759      1.774    29.5941    18.3815          0          0  0.000e+00
  1021.0532      1.764      1.779    29.5939    18.3820          0          0  0.000e+00
  1021.0530      1.774      1.789    29.5937    18.3821          0          0  0.000e+00
  1021.0529      1.780      1.795    29.5934    18.3821          0          0  0.000e+00
  1021.0533      1.788      1.802    29.5939    18.3821          0          0  0.000e+00
  1021.0536      1.793      1.808    29.5943    18.3822          0          0  0.000e+00
  1021.0535      1.793      1.808    29.5942    18.3824          0          0  0.000e+00
  1021.0529      1.790      1.805    29.5937    18.3829          0          0  0.000e+00
  1021.0528      1.783      1.797    29.5936    18.3830          0          0  0.000e+00
  1021.0528      1.775      1.790    29.5936    18.3829          0          0  0.000e+00
  1021.0526      1.771      1.785    29.5934    18.3829          0          0  0.000e+00
  1021.0527      1.764      1.779    29.5935    18.3828          0          0  0.000e+00
  1021.0527      1.761      1.776    29.5936    18.3828          0          0  0.000e+00
  1021.0529      1.759      1.774    29.5938    18.3827          0          0  0.000e+00
  1021.0527      1.753      1.767    29.5935    18.3827          0          0  0.000e+00
  1021.0527      1.750      1.764    29.5935    18.3826          0          0  0.000e+00
  1021.0526      1.743      1.758    29.5934    18.3825          0          0  0.000e+00
  1021.0530      1.741      1.755    29.5938    18.3821          0          0  0.000e+00
  1021.0531      1.752      1.766    29.5939    18.3821          0          0  0.000e+00
  1021.0537      1.827      1.842    29.5944    18.3823          0          0  0.000e+00
  1021.0546      1.933      1.949    29.5950    18.3826          0          0  0.000e+00
  1021.0534      2.061      2.078    29.5928    18.3833          0          0  0.000e+00
  1021.0538      2.194      2.212    29.5925    18.3829          0          0  0.000e+00
  1021.0573      2.324      2.343    29.5960    18.3822          0          0  0.000e+00
  1021.0570      2.450      2.470    29.5952    18.3832          0          0  0.000e+00
  1021.0554      2.571      2.592    29.5929    18.3844          0          0  0.000e+00
  1021.0569      2.692      2.714    29.5941    18.3841          0          0  0.000e+00
  1021.0596      2.813      2.836    29.5969    18.3842          0          0  0.000e+00
  1021.0586      2.934      2.958    29.5953    18.3858          0          0  0.000e+00
  1021.0567      3.058      3.083    29.5925    18.3870          0          0  0.000e+00
  1021.0613      3.177      3.203    29.5977    18.3867          0          0  0.000e+00
  1021.0616      3.298      3.325    29.5980    18.3883          0          0  0.000e+00
  1021.0605      3.418      3.446    29.5966    18.3909          0          0  0.000e+00
  1021.0597      3.539      3.568    29.5955    18.3927          0          0  0.000e+00
  1021.0573      3.655      3.685    29.5921    18.3942          0          0  0.000e+00
  1021.0498      3.766      3.797    29.5812    18.3931          0          0  0.000e+00
  1021.0560      3.877      3.909    29.5868    18.3867          0          0  0.000e+00
  1021.0617      3.985      4.018    29.5919    18.3813          0          0  0.000e+00
  1021.0649      4.090      4.124    29.5949    18.3795          0          0  0.000e+00
  1021.0561      4.193      4.227    29.5827    18.3795          0          0  0.000e+00
  1021.0478      4.292      4.328    29.5692    18.3729          0          0  0.000e+00
  1021.0565      4.391      4.427    29.5755    18.3586          0          0  0.000e+00
  1021.0498      4.492      4.529    29.5622    18.3462          0          0  0.000e+00
  1021.0316      4.591      4.629    29.5311    18.3250          0          0  0.000e+00
  1021.0350      4.693      4.732    29.5227    18.2860          0          0  0.000e+00
  1021.0521      4.797      4.836    29.5301    18.2404          0          0  0.000e+00
  1021.0627      4.903      4.943    29.5302    18.1983          0          0  0.000e+00
  1021.0569      5.013      5.054    29.5084    18.1549          0          0  0.000e+00
  1021.0476      5.126      5.168    29.4783    18.0996          1          1  0.000e+00
  1021.0545      5.239      5.282    29.4640    18.0270          1          1  0.000e+00
  1020.9610      5.353      5.397    29.3119    17.9335          1          1  0.000e+00
  1020.9726      5.469      5.514    29.2747    17.7658          1          1  0.000e+00
  1021.0989      5.588      5.633    29.3763    17.5607          1          1  0.000e+00
  1021.2112      5.707      5.754    29.4735    17.4000          1          1  0.000e+00
  1021.2831      5.829      5.877    29.5364    17.2996          1          1  0.000e+00
  1021.3140      5.945      5.994    29.5586    17.2415          1          1  0.000e+00
  1021.2753      6.064      6.113    29.4945    17.1991          1          1  0.000e+00
  1021.2114      6.180      6.231    29.3859    17.1176          1          1  0.000e+00
  1021.2217      6.297      6.348    29.3537    16.9671          1          1  0.000e+00
  1021.2703      6.412      6.465    29.3611    16.7805          1          1  0.000e+00
  1021.3829      6.529      6.582    29.4508    16.5877          1          1  0.000e+00
  1021.4879      6.642      6.697    29.5437    16.4393          1          1  0.000e+00
  1021.5547      6.754      6.809    29.6023    16.3438          1          1  0.000e+00
  1021.5692      6.865      6.921    29.6033    16.2841          1          1  0.000e+00
  1021.5836      6.974      7.031    29.6066    16.2325          1          1  0.000e+00
  1021.5934      7.082      7.140    29.6037    16.1804          1          1  0.000e+00
  1021.6315      7.191      7.250    29.6367    16.1250          1          1  0.000e+00
  1021.6386      7.297      7.357    29.6333    16.0830          1          1  0.000e+00
  1021.6541      7.401      7.462    29.6415    16.0436          1          1  0.000e+00
  1021.6780      7.506      7.568    29.6619    16.0079          1          1  0.000e+00
  1021.6929      7.613      7.676    29.6734    15.9828          1          1  0.000e+00
  1021.7001      7.723      7.787    29.6773    15.9653          1          1  0.000e+00
  1021.6953      7.831      7.895    29.6665    15.9516          1          1  0.000e+00
  1021.6918      7.941      8.006    29.6560    15.9332          1          1  0.000e+00
  1021.6773      8.055      8.121    29.6282    15.9043          1          1  0.000e+00
  1021.6687      8.169      8.236    29.6032    15.8582          1          1  0.000e+00
  1021.6506      8.284      8.352    29.5589    15.7878          1          1  0.000e+00
  1021.6974      8.402      8.471    29.5906    15.6865          1          1  0.000e+00
  1021.7445      8.521      8.590    29.6262    15.5975          1          1  0.000e+00
  1021.7876      8.640      8.711    29.6624    15.5293          1          1  0.000e+00
  1021.8216      8.755      8.827    29.6929    15.4819          1          1  0.000e+00
  1021.8440      8.879      8.952    29.7128    15.4520          1          1  0.000e+00
  1021.8576      9.002      9.076    29.7252    15.4355          1          1  0.000e+00
  1021.8630      9.122      9.196    29.7291    15.4267          1          1  0.000e+00
  1021.8673      9.237      9.313    29.7328    15.4220          1          1  0.000e+00
  1021.8676      9.356      9.433    29.7318    15.4196          1          1  0.000e+00
  1021.8672      9.473      9.551    29.7300    15.4173          1          1  0.000e+00
  1021.8689      9.591      9.670    29.7307    15.4146          1          1  0.000e+00
  1021.8633      9.709      9.788    29.7218    15.4114          1          1  0.000e+00
  1021.8648      9.827      9.908    29.7211    15.4046          1          1  0.000e+00
  1021.8647      9.946     10.028    29.7179    15.3959          1          1  0.000e+00
  1021.8642     10.061     10.143    29.7140    15.3864          1          1  0.000e+00
  1021.8644     10.178     10.262    29.7104    15.3751          1          1  0.000e+00
  1021.8684     10.291     10.375    29.7114    15.3623          1          1  0.000e+00
  1021.8681     10.403     10.488    29.7068    15.3494          1          1  0.000e+00
  1021.8598     10.518     10.604    29.6912    15.3345          1          1  0.000e+00
  1021.8450     10.630     10.717    29.6643    15.3094          1          1  0.000e+00
  1021.7262     10.737     10.825    29.4956    15.2608          1          1  0.000e+00
  1021.7445     10.845     10.934    29.4805    15.1215          1          1  0.000e+00
  1021.8665     10.954     11.044    29.5891    14.9413          1          1  0.000e+00
  1021.9102     11.063     11.154    29.6077    14.8026          1          1  0.000e+00
  1021.8996     11.174     11.265    29.5588    14.6750          1          1  0.000e+00
  1021.9397     11.285     11.378    29.5672    14.5140          1          1  0.000e+00
  1021.9833     11.396     11.490    29.5767    14.3396          1          1  0.000e+00
  1022.0669     11.513     11.607    29.6395    14.1687          1          1  0.000e+00
  1022.1546     11.630     11.726    29.7163    14.0294          1          1  0.000e+00
  1022.1806     11.747     11.844    29.7229    13.9277          1          1  0.000e+00
  1022.1875     11.865     11.962    29.7074    13.8360          1          1  0.000e+00
  1022.1372     11.990     12.088    29.6124    13.7229          1          1  0.000e+00
