data/eDNA/PER-2021-171/171a028.cnv
* Sea-Bird SBE19plus  Data File:
* FileName = C:\Users\RSG_field\Ryan_2021_Perley\CTD\171a028.hex
* Software version 2.3.0 SB_Terminal.dll
* Temperature SN = 7141
* Conductivity SN = 7141
* System UpLoad Time = Aug 18 2021 08:41:33
* <ApplicationData>
* <SeatermAF>
** Platform: M. Perley
** Cruise: Per2021171
** Station:  GC-04
** Cast: 01 1
** Latitude: N  44 55.546
** Longitude: W 59 51.424
** Sounding: 50.9
** Chief Scientist: Ryan Stanley
** Comment: 171a028
** Used thruster to compensate for the tide drag
# nquan = 8
# nvalues = 2483                                  
# units = specified
# name 0 = density00: Density [density, kg/m^3]
# name 1 = depSM: Depth [salt water, m], lat = 45.00
# name 2 = prdM: Pressure, Strain Gauge [db]
# name 3 = sal00: Salinity, Practical [PSU]
# name 4 = tv290C: Temperature [ITS-90, deg C]
# name 5 = bpos: Bottle Position in Carousel
# name 6 = nbf: Bottles Fired
# name 7 = flag:  0.000e+00
# span 0 =   998.6355,  1023.4415                 
# span 1 =     -0.013,     50.077                 
# span 2 =     -0.013,     50.493                 
# span 3 =     0.0091,    30.4684                 
# span 4 =    11.2030,    19.0142                 
# span 5 =          0,          3                 
# span 6 =          0,          3                 
# span 7 = 0.0000e+00, 0.0000e+00                 
# interval = seconds: 0.25
# start_time = Aug 18 2021 11:28:11 [Instrument's time stamp, header]
# bad_flag = -9.990e-29
*END*
[from data line 2338]
  1020.9027     10.841     10.930    29.1987    17.9181          2          2  0.000e+00
  1020.8922     10.685     10.773    29.1913    17.9355          2          2  0.000e+00
  1020.8813     10.545     10.632    29.1827    17.9511          2          2  0.000e+00
  1020.8731     10.424     10.509    29.1760    17.9622          2          2  0.000e+00
  1020.8731     10.320     10.404    29.1795    17.9712          2          2  0.000e+00
  1020.8827     10.236     10.320    29.1962    17.9830          2          2  0.000e+00
  1020.8975     10.174     10.258    29.2232    18.0063          2          2  0.000e+00
  1020.8888     10.130     10.213    29.2247    18.0468          2          2  0.000e+00
  1020.8843     10.097     10.180    29.2337    18.0943          2          2  0.000e+00
  1020.9051     10.076     10.159    29.2774    18.1466          2          2  0.000e+00
  1020.9091     10.057     10.139    29.3060    18.2210          2          2  0.000e+00
  1020.8432     10.023     10.105    29.2476    18.3095          2          2  0.000e+00
  1020.7380      9.966     10.047    29.1276    18.3648          2          2  0.000e+00
  1020.7333      9.880      9.961    29.1181    18.3527          2          2  0.000e+00
  1020.7680      9.759      9.839    29.1559    18.3260          2          2  0.000e+00
  1020.7727      9.602      9.681    29.1605    18.3182          2          2  0.000e+00
  1020.8347      9.419      9.496    29.2427    18.3178          2          2  0.000e+00
  1020.8505      9.215      9.291    29.2778    18.3597          2          2  0.000e+00
  1020.8257      8.997      9.071    29.2672    18.4251          2          2  0.000e+00
  1020.7964      8.785      8.857    29.2494    18.4864          2          2  0.000e+00
  1020.7722      8.582      8.653    29.2342    18.5350          2          2  0.000e+00
  1020.7511      8.402      8.471    29.2198    18.5733          2          2  0.000e+00
  1020.7424      8.251      8.318    29.2185    18.6020          2          2  0.000e+00
  1020.7353      8.138      8.205    29.2178    18.6274          2          2  0.000e+00
  1020.7318      8.051      8.117    29.2213    18.6511          2          2  0.000e+00
  1020.7300      7.989      8.054    29.2274    18.6765          2          2  0.000e+00
  1020.7230      7.947      8.013    29.2276    18.7050          2          2  0.000e+00
  1020.7067      7.917      7.982    29.2158    18.7345          2          2  0.000e+00
  1020.6895      7.894      7.959    29.2006    18.7570          2          2  0.000e+00
  1020.6814      7.864      7.928    29.1943    18.7701          2          2  0.000e+00
  1020.6668      7.823      7.888    29.1777    18.7773          2          2  0.000e+00
  1020.6626      7.769      7.833    29.1714    18.7741          2          2  0.000e+00
  1020.6653      7.695      7.758    29.1726    18.7654          2          2  0.000e+00
  1020.6714      7.602      7.664    29.1785    18.7569          2          2  0.000e+00
  1020.6836      7.492      7.553    29.1934    18.7514          2          2  0.000e+00
  1020.6905      7.370      7.430    29.2041    18.7546          2          2  0.000e+00
  1020.6847      7.248      7.307    29.2005    18.7647          2          2  0.000e+00
  1020.6835      7.121      7.179    29.2030    18.7752          2          2  0.000e+00
  1020.6765      6.987      7.044    29.1980    18.7857          2          2  0.000e+00
  1020.6727      6.860      6.916    29.1964    18.7937          2          2  0.000e+00
  1020.6704      6.736      6.791    29.1960    18.7997          2          2  0.000e+00
  1020.6715      6.608      6.662    29.2002    18.8061          2          2  0.000e+00
  1020.6699      6.480      6.534    29.2016    18.8146          2          2  0.000e+00
  1020.6686      6.348      6.400    29.2038    18.8248          2          2  0.000e+00
  1020.6631      6.214      6.265    29.2011    18.8362          2          2  0.000e+00
  1020.6537      6.075      6.124    29.1928    18.8461          2          2  0.000e+00
  1020.6527      5.935      5.983    29.1940    18.8515          2          2  0.000e+00
  1020.6525      5.788      5.836    29.1964    18.8570          2          2  0.000e+00
  1020.6483      5.654      5.700    29.1939    18.8638          2          2  0.000e+00
  1020.6440      5.525      5.571    29.1909    18.8699          2          2  0.000e+00
  1020.6434      5.410      5.454    29.1920    18.8739          2          2  0.000e+00
  1020.6423      5.318      5.361    29.1925    18.8781          2          2  0.000e+00
  1020.6419      5.249      5.292    29.1937    18.8825          2          2  0.000e+00
  1020.6427      5.196      5.238    29.1970    18.8882          2          2  0.000e+00
  1020.6419      5.149      5.191    29.1988    18.8962          2          2  0.000e+00
  1020.6379      5.096      5.138    29.1968    18.9056          2          2  0.000e+00
  1020.6305      5.041      5.082    29.1903    18.9141          2          2  0.000e+00
  1020.6269      4.967      5.008    29.1874    18.9189          2          2  0.000e+00
  1020.6193      4.875      4.915    29.1786    18.9209          2          2  0.000e+00
  1020.6181      4.767      4.806    29.1767    18.9176          2          2  0.000e+00
  1020.6225      4.652      4.690    29.1815    18.9124          2          2  0.000e+00
  1020.6279      4.530      4.567    29.1885    18.9099          2          2  0.000e+00
  1020.6256      4.388      4.424    29.1867    18.9111          2          2  0.000e+00
  1020.6238      4.230      4.265    29.1855    18.9120          2          2  0.000e+00
  1020.6238      4.062      4.095    29.1865    18.9121          2          2  0.000e+00
  1020.6253      3.897      3.929    29.1897    18.9129          2          2  0.000e+00
  1020.6243      3.738      3.769    29.1902    18.9155          2          2  0.000e+00
  1020.6253      3.586      3.615    29.1935    18.9189          2          2  0.000e+00
  1020.6221      3.453      3.482    29.1917    18.9241          2          2  0.000e+00
  1020.6203      3.339      3.366    29.1916    18.9288          2          2  0.000e+00
  1020.6193      3.252      3.279    29.1920    18.9329          2          2  0.000e+00
  1020.6197      3.181      3.207    29.1944    18.9376          2          2  0.000e+00
  1020.6177      3.128      3.154    29.1941    18.9435          2          2  0.000e+00
  1020.6138      3.081      3.107    29.1913    18.9500          2          2  0.000e+00
  1020.6105      3.031      3.056    29.1889    18.9549          2          2  0.000e+00
  1020.6081      2.975      3.000    29.1870    18.9579          2          2  0.000e+00
  1020.6066      2.898      2.922    29.1861    18.9597          3          3  0.000e+00
  1020.6026      2.801      2.824    29.1817    18.9607          3          3  0.000e+00
  1020.6013      2.687      2.709    29.1801    18.9592          3          3  0.000e+00
  1020.6000      2.551      2.572    29.1782    18.9562          3          3  0.000e+00
  1020.6008      2.402      2.422    29.1789    18.9520          3          3  0.000e+00
  1020.6027      2.238      2.256    29.1808    18.9475          3          3  0.000e+00
  1020.6058      2.073      2.090    29.1849    18.9445          3          3  0.000e+00
  1020.6066      1.931      1.947    29.1865    18.9436          3          3  0.000e+00
  1020.6075      1.803      1.818    29.1886    18.9440          3          3  0.000e+00
  1020.6105      1.697      1.711    29.1938    18.9460          3          3  0.000e+00
  1020.6065      1.620      1.633    29.1906    18.9508          3          3  0.000e+00
  1020.6049      1.558      1.571    29.1899    18.9543          3          3  0.000e+00
  1020.6043      1.507      1.520    29.1904    18.9573          3          3  0.000e+00
  1020.6006      1.445      1.457    29.1869    18.9604          3          3  0.000e+00
  1020.5977      1.362      1.373    29.1841    18.9617          3          3  0.000e+00
  1020.5948      1.258      1.268    29.1806    18.9610          3          3  0.000e+00
  1020.5973      1.122      1.132    29.1839    18.9587          3          3  0.000e+00
  1020.5973      0.952      0.960    29.1844    18.9569          3          3  0.000e+00
  1020.5987      0.783      0.790    29.1868    18.9560          3          3  0.000e+00
  1020.5979      0.648      0.653    29.1867    18.9564          3          3  0.000e+00
  1020.5982      0.546      0.550    29.1880    18.9573          3          3  0.000e+00
  1020.5966      0.461      0.465    29.1869    18.9586          3          3  0.000e+00
  1020.5939      0.358      0.361    29.1841    18.9595          3          3  0.000e+00
  1020.5927      0.227      0.229    29.1832    18.9589          3          3  0.000e+00
  1020.5917      0.075      0.076    29.1823    18.9576          3          3  0.000e+00
  1020.5907      0.006      0.006    29.1810    18.9565          3          3  0.000e+00
  1020.2959      0.006      0.006    28.7938    18.9550          3          3  0.000e+00
  1020.5450      0.005      0.005    29.1193    18.9509          3          3  0.000e+00
  1020.5866      0.005      0.005    29.1724    18.9465          3          3  0.000e+00
  1020.5933      0.006      0.006    29.1795    18.9409          3          3  0.000e+00
  1020.6012      0.003      0.003    29.1871    18.9325          3          3  0.000e+00
  1020.5980      0.003      0.003    29.1816    18.9281          3          3  0.000e+00
  1020.5890      0.006      0.006    29.1690    18.9261          3          3  0.000e+00
  1020.5330      0.003      0.003    29.0930    18.9180          3          3  0.000e+00
  1020.6033      0.005      0.005    29.1815    18.9065          3          3  0.000e+00
  1020.6058      0.004      0.004    29.1825    18.8993          3          3  0.000e+00
  1020.6060      0.004      0.004    29.1813    18.8949          3          3  0.000e+00
  1020.6069      0.005      0.005    29.1810    18.8901          3          3  0.000e+00
  1020.6082      0.005      0.005    29.1809    18.8845          3          3  0.000e+00
  1020.6070      0.007      0.008    29.1776    18.8791          3          3  0.000e+00
  1012.0735      0.005      0.005    17.9560    18.8730          3          3  0.000e+00
  1001.9782      0.005      0.005     4.6498    18.8645          3          3  0.000e+00
  1001.2074      0.004      0.004     3.6338    18.8564          3          3  0.000e+00
  1001.0970      0.005      0.005     3.4868    18.8490          3          3  0.000e+00
  1000.5412      0.004      0.004     2.7540    18.8395          3          3  0.000e+00
  1000.1455      0.004      0.004     2.2317    18.8286          3          3  0.000e+00
  1000.2524      0.004      0.004     2.3685    18.8152          3          3  0.000e+00
  1000.1426      0.003      0.003     2.2207    18.8008          3          3  0.000e+00
   999.9276      0.005      0.005     1.9355    18.7887          3          3  0.000e+00
   999.7584      0.004      0.004     1.7117    18.7808          3          3  0.000e+00
   999.5991      0.004      0.004     1.5014    18.7753          3          3  0.000e+00
   999.4329      0.003      0.003     1.2825    18.7701          3          3  0.000e+00
   999.3036      0.004      0.004     1.1119    18.7647          3          3  0.000e+00
   999.2322      0.005      0.005     1.0169    18.7591          3          3  0.000e+00
   999.1525      0.003      0.003     0.9112    18.7535          3          3  0.000e+00
   999.0785      0.004      0.004     0.8129    18.7475          3          3  0.000e+00
   999.0038      0.005      0.005     0.7137    18.7416          3          3  0.000e+00
   998.9467      0.005      0.005     0.6375    18.7353          3          3  0.000e+00
   998.9311      0.004      0.004     0.6155    18.7290          3          3  0.000e+00
   998.9280      0.002      0.002     0.6099    18.7227          3          3  0.000e+00
   998.9352      0.004      0.004     0.6176    18.7163          3          3  0.000e+00
   998.9261      0.005      0.005     0.6041    18.7096          3          3  0.000e+00
   998.8962      0.005      0.005     0.5634    18.7030          3          3  0.000e+00
   998.8686      0.005      0.005     0.5257    18.6963          3          3  0.000e+00
   998.8416      0.003      0.003     0.4887    18.6898          3          3  0.000e+00
   998.7616      0.005      0.005     0.3826    18.6830          3          3  0.000e+00
   998.6808      0.002      0.002     0.2755    18.6762          3          3  0.000e+00
   998.6580      0.004      0.004     0.2440    18.6693          3          3  0.000e+00
   998.6355      0.005      0.005     0.2130    18.6625          3          3  0.000e+00
