data/eDNA/PER-2021-171/171a023.cnv
* Sea-Bird SBE19plus  Data File:
* FileName = C:\Users\RSG_field\Ryan_2021_Perley\CTD\171a023.hex
* Software version 2.3.0 SB_Terminal.dll
* Temperature SN = 7141
* Conductivity SN = 7141
* System UpLoad Time = Aug 17 2021 17:32:49
* <ApplicationData>
* <SeatermAF>
** Platform: M. Perley
** Cruise: Per2021171
** Station:  SAB_08
** Cast: 01 1
** Latitude: N  46 10.928
** Longitude: W 59 09.745
** Sounding: 92.2
** Chief Scientist: Ryan Stanley
** Comment: 171a023
# nquan = 8
# nvalues = 3041                                  
# units = specified
# name 0 = density00: Density [density, kg/m^3]
# name 1 = depSM: Depth [salt water, m], lat = 45.00
# name 2 = prdM: Pressure, Strain Gauge [db]
# name 3 = sal00: Salinity, Practical [PSU]
# name 4 = tv290C: Temperature [ITS-90, deg C]
# name 5 = bpos: Bottle Position in Carousel
# name 6 = nbf: Bottles Fired
# name 7 = flag:  0.000e+00
# span 0 =   998.3155,  1026.3613                 
# span 1 =     -0.048,     83.329                 
# span 2 =     -0.049,     84.028                 
# span 3 =     0.0097,    32.5178                 
# span 4 =     2.2203,    20.0092                 
# span 5 =          0,          2                 
# span 6 =          0,          2                 
# span 7 = 0.0000e+00, 0.0000e+00                 
# interval = seconds: 0.25
# start_time = Aug 17 2021 19:41:53 [Instrument's time stamp, header]
# bad_flag = -9.990e-29
*END*
[from data line 2697]
  1024.8274     36.282     36.582    31.2094     5.1328          1          1  0.000e+00
  1024.8247     36.159     36.458    31.2061     5.1272          1          1  0.000e+00
  1024.8254     36.035     36.333    31.2071     5.1233          1          1  0.000e+00
  1024.8261     35.913     36.210    31.2085     5.1213          1          1  0.000e+00
  1024.8274     35.793     36.089    31.2110     5.1229          1          1  0.000e+00
  1024.8220     35.683     35.978    31.2057     5.1284          1          1  0.000e+00
  1024.8163     35.588     35.882    31.1996     5.1333          1          1  0.000e+00
  1024.8191     35.498     35.791    31.2041     5.1366          1          1  0.000e+00
  1024.8220     35.418     35.711    31.2095     5.1449          1          1  0.000e+00
  1024.8116     35.335     35.628    31.1988     5.1591          1          1  0.000e+00
  1024.8077     35.249     35.540    31.1959     5.1710          1          1  0.000e+00
  1024.8092     35.151     35.442    31.2001     5.1827          1          1  0.000e+00
  1024.8052     35.039     35.328    31.1980     5.1987          1          1  0.000e+00
  1024.7946     34.911     35.200    31.1879     5.2172          1          1  0.000e+00
  1024.7842     34.776     35.063    31.1776     5.2328          1          1  0.000e+00
  1024.7761     34.634     34.920    31.1699     5.2447          1          1  0.000e+00
  1024.7781     34.491     34.776    31.1746     5.2537          1          1  0.000e+00
  1024.7779     34.356     34.640    31.1768     5.2658          1          1  0.000e+00
  1024.7733     34.232     34.515    31.1739     5.2812          1          1  0.000e+00
  1024.7800     34.125     34.407    31.1851     5.2958          1          1  0.000e+00
  1024.7819     34.029     34.311    31.1910     5.3168          1          1  0.000e+00
  1024.7635     33.945     34.225    31.1721     5.3441          1          1  0.000e+00
  1024.7485     33.868     34.148    31.1565     5.3651          1          1  0.000e+00
  1024.7842     33.793     34.072    31.2042     5.3792          1          1  0.000e+00
  1024.8238     33.713     33.991    31.2597     5.4141          1          1  0.000e+00
  1024.8219     33.618     33.896    31.2670     5.4783          1          1  0.000e+00
  1024.7945     33.513     33.790    31.2441     5.5552          1          1  0.000e+00
  1024.7411     33.396     33.672    31.1871     5.6241          1          1  0.000e+00
  1024.6995     33.277     33.552    31.1415     5.6670          1          1  0.000e+00
  1024.7020     33.144     33.418    31.1484     5.6875          1          1  0.000e+00
  1024.7018     33.013     33.286    31.1518     5.7077          1          1  0.000e+00
  1024.7130     32.877     33.149    31.1702     5.7306          1          1  0.000e+00
  1024.7039     32.738     33.009    31.1641     5.7619          1          1  0.000e+00
  1024.6934     32.593     32.862    31.1562     5.7929          1          1  0.000e+00
  1024.6849     32.446     32.714    31.1504     5.8208          1          1  0.000e+00
  1024.6743     32.296     32.563    31.1416     5.8459          1          1  0.000e+00
  1024.6612     32.150     32.416    31.1291     5.8671          1          1  0.000e+00
  1024.6627     32.012     32.277    31.1343     5.8834          1          1  0.000e+00
  1024.6559     31.887     32.151    31.1290     5.9009          1          1  0.000e+00
  1024.6486     31.787     32.050    31.1227     5.9165          1          1  0.000e+00
  1024.6598     31.712     31.974    31.1392     5.9294          1          1  0.000e+00
  1024.6638     31.661     31.923    31.1475     5.9486          1          1  0.000e+00
  1024.6678     31.624     31.886    31.1568     5.9757          1          1  0.000e+00
  1024.6786     31.591     31.852    31.1758     6.0087          1          1  0.000e+00
  1024.7885     31.560     31.820    31.3228     6.0586          1          1  0.000e+00
  1024.7230     31.513     31.773    31.2557     6.1613          1          1  0.000e+00
  1024.6122     31.445     31.705    31.1287     6.2459          1          1  0.000e+00
  1024.5549     31.345     31.604    31.0612     6.2753          1          1  0.000e+00
  1024.6167     31.220     31.478    31.1397     6.2717          1          1  0.000e+00
  1024.6413     31.067     31.323    31.1742     6.2874          1          1  0.000e+00
  1024.6949     30.892     31.147    31.2501     6.3305          1          1  0.000e+00
  1024.6976     30.699     30.952    31.2667     6.4073          1          1  0.000e+00
  1024.7548     30.501     30.753    31.3555     6.5019          1          1  0.000e+00
  1024.7324     30.306     30.556    31.3492     6.6332          1          1  0.000e+00
  1024.6931     30.121     30.370    31.3224     6.7692          1          1  0.000e+00
  1024.6766     29.955     30.202    31.3228     6.8930          1          1  0.000e+00
  1024.6391     29.812     30.058    31.2967     7.0178          1          1  0.000e+00
  1024.6134     29.700     29.946    31.2839     7.1325          1          1  0.000e+00
  1024.6149     29.614     29.859    31.3045     7.2397          1          1  0.000e+00
  1024.6788     29.557     29.801    31.4071     7.3625          1          1  0.000e+00
  1024.6519     29.517     29.761    31.4021     7.5294          1          1  0.000e+00
  1024.5676     29.491     29.735    31.3270     7.7114          1          1  0.000e+00
  1024.5144     29.477     29.720    31.2851     7.8562          1          1  0.000e+00
  1024.5504     29.458     29.701    31.3537     7.9820          1          1  0.000e+00
  1024.4570     29.435     29.678    31.2623     8.1332          1          1  0.000e+00
  1024.3365     29.396     29.639    31.1295     8.2461          1          1  0.000e+00
  1024.2537     29.339     29.581    31.0333     8.2948          1          1  0.000e+00
  1024.2392     29.263     29.504    31.0145     8.2910          1          1  0.000e+00
  1024.2627     29.160     29.400    31.0405     8.2663          1          1  0.000e+00
  1024.2792     29.030     29.270    31.0601     8.2538          1          1  0.000e+00
  1024.3056     28.875     29.113    31.0942     8.2517          1          1  0.000e+00
  1024.3496     28.699     28.935    31.1544     8.2674          1          1  0.000e+00
  1024.3768     28.502     28.738    31.1985     8.3118          1          1  0.000e+00
  1024.3574     28.301     28.535    31.1886     8.3857          1          1  0.000e+00
  1024.3400     28.097     28.328    31.1809     8.4568          1          1  0.000e+00
  1024.3474     27.897     28.127    31.2043     8.5243          1          1  0.000e+00
  1024.3431     27.711     27.939    31.2149     8.6039          1          1  0.000e+00
  1024.3165     27.541     27.768    31.1993     8.6952          1          1  0.000e+00
  1024.2821     27.396     27.622    31.1741     8.7888          1          1  0.000e+00
  1024.2733     27.274     27.499    31.1807     8.8770          1          1  0.000e+00
  1024.3098     27.181     27.405    31.2461     8.9703          1          1  0.000e+00
  1024.2354     27.098     27.322    31.1763     9.0976          1          1  0.000e+00
  1024.2156     27.028     27.251    31.1744     9.2143          1          1  0.000e+00
  1024.2189     26.953     27.175    31.2039     9.3387          1          1  0.000e+00
  1024.0809     26.873     27.095    31.0591     9.4948          1          1  0.000e+00
  1024.0161     26.778     26.999    30.9950     9.5848          1          1  0.000e+00
  1023.9594     26.669     26.889    30.9323     9.6305          1          1  0.000e+00
  1023.9556     26.544     26.763    30.9323     9.6512          1          1  0.000e+00
  1024.0272     26.405     26.623    31.0279     9.6656          1          1  0.000e+00
  1024.0321     26.260     26.476    31.0500     9.7392          1          1  0.000e+00
  1023.9911     26.122     26.337    31.0202     9.8450          1          1  0.000e+00
  1023.9785     25.992     26.207    31.0261     9.9476          1          1  0.000e+00
  1023.9409     25.881     26.095    31.0018    10.0588          1          1  0.000e+00
  1023.8875     25.787     25.999    30.9562    10.1647          1          1  0.000e+00
  1023.8711     25.703     25.915    30.9546    10.2548          1          1  0.000e+00
  1023.8404     25.629     25.840    30.9360    10.3497          1          1  0.000e+00
  1023.7715     25.554     25.764    30.8684    10.4449          1          1  0.000e+00
  1023.7058     25.475     25.685    30.7988    10.5113          1          1  0.000e+00
  1023.6764     25.392     25.602    30.7674    10.5385          1          1  0.000e+00
  1023.7195     25.301     25.510    30.8255    10.5489          1          1  0.000e+00
  1023.7217     25.197     25.405    30.8373    10.5877          1          1  0.000e+00
  1023.7541     25.086     25.293    30.8932    10.6504          1          1  0.000e+00
  1023.6790     24.959     25.165    30.8168    10.7388          1          1  0.000e+00
  1023.6244     24.825     25.030    30.7612    10.8017          1          1  0.000e+00
  1023.6004     24.686     24.890    30.7384    10.8344          1          1  0.000e+00
  1023.6099     24.542     24.745    30.7552    10.8514          1          1  0.000e+00
  1023.6180     24.399     24.600    30.7716    10.8747          1          1  0.000e+00
  1023.6195     24.261     24.461    30.7826    10.9122          1          1  0.000e+00
  1023.6064     24.128     24.327    30.7773    10.9605          1          1  0.000e+00
  1023.5776     24.003     24.201    30.7515    11.0080          1          1  0.000e+00
  1023.5592     23.883     24.080    30.7364    11.0435          1          1  0.000e+00
  1023.5417     23.767     23.963    30.7204    11.0696          1          1  0.000e+00
  1023.5307     23.653     23.848    30.7109    11.0873          1          1  0.000e+00
  1023.5458     23.536     23.730    30.7336    11.0993          1          1  0.000e+00
  1023.5413     23.424     23.617    30.7338    11.1225          1          1  0.000e+00
  1023.5265     23.317     23.509    30.7216    11.1504          1          1  0.000e+00
  1023.5154     23.210     23.401    30.7123    11.1697          1          1  0.000e+00
  1023.5219     23.101     23.291    30.7249    11.1855          1          1  0.000e+00
  1023.5300     22.990     23.180    30.7409    11.2081          1          1  0.000e+00
  1023.5437     22.867     23.056    30.7675    11.2442          1          1  0.000e+00
  1023.5569     22.740     22.928    30.7958    11.2910          1          1  0.000e+00
  1023.5653     22.599     22.786    30.8231    11.3598          1          1  0.000e+00
  1023.5027     22.458     22.643    30.7633    11.4475          1          1  0.000e+00
  1023.4334     22.321     22.504    30.6887    11.5079          1          1  0.000e+00
  1023.4338     22.188     22.371    30.6959    11.5339          1          1  0.000e+00
  1023.4596     22.070     22.252    30.7352    11.5570          1          1  0.000e+00
  1023.4592     21.969     22.150    30.7455    11.6015          1          1  0.000e+00
  1023.4499     21.873     22.053    30.7466    11.6556          1          1  0.000e+00
  1023.4232     21.799     21.979    30.7256    11.7117          1          1  0.000e+00
  1023.4498     21.729     21.908    30.7713    11.7589          1          1  0.000e+00
  1023.4102     21.668     21.846    30.7366    11.8273          1          1  0.000e+00
  1023.3654     21.594     21.772    30.6935    11.8883          1          1  0.000e+00
  1023.3788     21.504     21.681    30.7205    11.9273          1          1  0.000e+00
  1023.3390     21.395     21.571    30.6819    11.9788          1          1  0.000e+00
  1023.2766     21.257     21.432    30.6109    12.0155          1          1  0.000e+00
  1023.3181     21.092     21.266    30.6650    12.0135          1          1  0.000e+00
  1023.3080     20.903     21.075    30.6577    12.0332          1          1  0.000e+00
  1023.3427     20.704     20.875    30.7096    12.0586          1          1  0.000e+00
  1023.3575     20.503     20.671    30.7424    12.1116          1          1  0.000e+00
  1023.3283     20.310     20.477    30.7250    12.1916          1          1  0.000e+00
  1023.2860     20.148     20.313    30.6889    12.2650          1          1  0.000e+00
  1023.2464     20.020     20.185    30.6525    12.3232          1          1  0.000e+00
  1023.2461     19.934     20.099    30.6621    12.3626          1          1  0.000e+00
  1023.2232     19.886     20.049    30.6426    12.4033          1          1  0.000e+00
  1023.2109     19.860     20.024    30.6352    12.4378          1          1  0.000e+00
  1023.2404     19.843     20.007    30.6811    12.4699          1          1  0.000e+00
  1023.2490     19.825     19.989    30.7068    12.5295          1          1  0.000e+00
  1023.2132     19.789     19.952    30.6808    12.6115          1          1  0.000e+00
  1023.1440     19.719     19.882    30.6108    12.6892          1          1  0.000e+00
  1023.0827     19.613     19.775    30.5434    12.7350          1          1  0.000e+00
  1023.0361     19.463     19.623    30.4839    12.7343          1          1  0.000e+00
  1023.1008     19.278     19.437    30.5606    12.7016          1          1  0.000e+00
  1023.1515     19.072     19.229    30.6269    12.6998          1          1  0.000e+00
  1023.2211     18.862     19.017    30.7287    12.7431          1          1  0.000e+00
  1023.2548     18.658     18.812    30.7997    12.8494          1          1  0.000e+00
  1023.2603     18.485     18.638    30.8510    13.0228          1          1  0.000e+00
  1023.0949     18.355     18.506    30.6891    13.2271          1          1  0.000e+00
  1023.0521     18.264     18.414    30.6708    13.3711          1          1  0.000e+00
  1022.9873     18.205     18.354    30.6185    13.4934          1          1  0.000e+00
  1022.9373     18.170     18.319    30.5810    13.5990          1          1  0.000e+00
  1022.9273     18.142     18.291    30.5896    13.6822          1          1  0.000e+00
  1022.9473     18.112     18.261    30.6401    13.7766          1          1  0.000e+00
  1022.8712     18.073     18.222    30.5738    13.8993          1          1  0.000e+00
  1022.7852     18.013     18.161    30.4899    14.0039          1          1  0.000e+00
  1022.7027     17.932     18.080    30.3977    14.0579          1          1  0.000e+00
  1022.6676     17.821     17.967    30.3525    14.0572          1          1  0.000e+00
  1022.6527     17.688     17.834    30.3248    14.0220          1          1  0.000e+00
  1022.7273     17.538     17.682    30.4083    13.9678          1          1  0.000e+00
  1022.7732     17.370     17.513    30.4639    13.9495          1          1  0.000e+00
  1022.7898     17.194     17.336    30.4928    13.9735          1          1  0.000e+00
  1022.7817     17.010     17.150    30.4948    14.0170          1          1  0.000e+00
  1022.7593     16.833     16.971    30.4795    14.0659          1          1  0.000e+00
  1022.7448     16.675     16.812    30.4734    14.1104          1          1  0.000e+00
  1022.7306     16.533     16.669    30.4675    14.1545          1          1  0.000e+00
  1022.6939     16.414     16.549    30.4318    14.1972          1          1  0.000e+00
  1022.7035     16.323     16.457    30.4514    14.2221          1          1  0.000e+00
  1022.7085     16.252     16.386    30.4663    14.2524          1          1  0.000e+00
  1022.7807     16.192     16.325    30.5732    14.3008          1          1  0.000e+00
  1022.7979     16.136     16.268    30.6259    14.4132          1          1  0.000e+00
