data/eDNA/PER-2021-171/171a026.ros
* Sea-Bird SBE19plus  Data File:
* FileName = C:\Users\RSG_field\Ryan_2021_Perley\CTD\171a026.hex
* Software version 2.3.0 SB_Terminal.dll
* Temperature SN = 7141
* Conductivity SN = 7141
* System UpLoad Time = Aug 18 2021 12:32:14
* <ApplicationData>
* <SeatermAF>
** Platform: M. Perley
** Cruise: Per2021171
** Station:  SAB_02
** Cast: 01 1
** Latitude: N  45 50.383
** Longitude: W 60 07.934
** Sounding: 23,8
** Chief Scientist: Ryan Stanley
** Comment: 171a026
# nquan = 9
# nvalues = 27                                    
# units = specified
# name 0 = density00: Density [density, kg/m^3]
# name 1 = depSM: Depth [salt water, m], lat = 45.00
# name 2 = prdM: Pressure, Strain Gauge [db]
# name 3 = sal00: Salinity, Practical [PSU]
# name 4 = tv290C: Temperature [ITS-90, deg C]
# name 5 = bpos: Bottle Position in Carousel
# name 6 = nbf: Bottles Fired
# name 7 = scan: Scan Count
# name 8 = flag:  0.000e+00
# interval = seconds: 0.25
# start_time = Aug 18 2021 15:21:33 [Instrument's time stamp, header]
# bad_flag = -9.990e-29
*END*
  1021.0476      5.126      5.168    29.4783    18.0996          1          1        838  0.000e+00
  1021.0545      5.239      5.282    29.4640    18.0270          1          1        839  0.000e+00
  1020.9610      5.353      5.397    29.3119    17.9335          1          1        840  0.000e+00
  1020.9726      5.469      5.514    29.2747    17.7658          1          1        841  0.000e+00
  1021.0989      5.588      5.633    29.3763    17.5607          1          1        842  0.000e+00
  1021.2112      5.707      5.754    29.4735    17.4000          1          1        843  0.000e+00
  1021.2831      5.829      5.877    29.5364    17.2996          1          1        844  0.000e+00
  1021.3140      5.945      5.994    29.5586    17.2415          1          1        845  0.000e+00
  1021.2753      6.064      6.113    29.4945    17.1991          1          1        846  0.000e+00
  1022.8207     10.777     10.865    30.2100    12.5431          2          2       1818  0.000e+00
  1022.7417     10.662     10.750    30.1529    12.7254          2          2       1819  0.000e+00
  1022.7266     10.548     10.634    30.1745    12.8901          2          2       1820  0.000e+00
  1022.6836     10.429     10.515    30.1632    13.0661          2          2       1821  0.000e+00
  1022.5725     10.309     10.394    30.0706    13.2680          2          2       1822  0.000e+00
  1022.5329     10.191     10.274    30.0630    13.4381          2          2       1823  0.000e+00
  1022.5372     10.068     10.150    30.1091    13.5944          2          2       1824  0.000e+00
  1022.4582      9.947     10.028    30.0540    13.7760          2          2       1825  0.000e+00
  1022.3974      9.823      9.903    30.0271    13.9732          2          2       1826  0.000e+00
  1021.2191      2.809      2.832    29.6396    17.8527          3          3       1886  0.000e+00
  1021.1993      2.698      2.720    29.6310    17.9065          3          3       1887  0.000e+00
  1021.1817      2.593      2.614    29.6235    17.9547          3          3       1888  0.000e+00
  1021.1572      2.486      2.506    29.6060    17.9994          3          3       1889  0.000e+00
  1021.1273      2.377      2.396    29.5779    18.0330          3          3       1890  0.000e+00
  1021.1342      2.263      2.282    29.5924    18.0485          3          3       1891  0.000e+00
  1021.1441      2.148      2.165    29.6121    18.0682          3          3       1892  0.000e+00
  1021.1268      2.029      2.046    29.6003    18.1002          3          3       1893  0.000e+00
  1021.1195      1.911      1.927    29.6003    18.1287          3          3       1894  0.000e+00
