data/eDNA/PER-2021-171/171a028.ros
* Sea-Bird SBE19plus  Data File:
* FileName = C:\Users\RSG_field\Ryan_2021_Perley\CTD\171a028.hex
* Software version 2.3.0 SB_Terminal.dll
* Temperature SN = 7141
* Conductivity SN = 7141
* System UpLoad Time = Aug 18 2021 08:41:33
* <ApplicationData>
* <SeatermAF>
** Platform: M. Perley
** Cruise: Per2021171
** Station:  GC-04
** Cast: 01 1
** Latitude: N  44 55.546
** Longitude: W 59 51.424
** Sounding: 50.9
** Chief Scientist: Ryan Stanley
** Comment: 171a028
** Used thruster to compensate for the tide drag
# nquan = 9
# nvalues = 27                                    
# units = specified
# name 0 = density00: Density [density, kg/m^3]
# name 1 = depSM: Depth [salt water, m], lat = 45.00
# name 2 = prdM: Pressure, Strain Gauge [db]
# name 3 = sal00: Salinity, Practical [PSU]
# name 4 = tv290C: Temperature [ITS-90, deg C]
# name 5 = bpos: Bottle Position in Carousel
# name 6 = nbf: Bottles Fired
# name 7 = scan: Scan Count
# name 8 = flag:  0.000e+00
# interval = seconds: 0.25
# start_time = Aug 18 2021 11:28:11 [Instrument's time stamp, header]
# bad_flag = -9.990e-29
*END*
  1023.2674     49.267     49.676    30.3398    11.6092          1          1       1760  0.000e+00
  1023.2635     49.240     49.649    30.3382    11.6237          1          1       1761  0.000e+00
  1023.2745     49.240     49.649    30.3560    11.6391          1          1       1762  0.000e+00
  1023.2612     49.261     49.670    30.3444    11.6641          1          1       1763  0.000e+00
  1023.2446     49.299     49.708    30.3278    11.6856          1          1       1764  0.000e+00
  1023.2409     49.346     49.756    30.3261    11.7000          1          1       1765  0.000e+00
  1023.2344     49.402     49.812    30.3205    11.7137          1          1       1766  0.000e+00
  1023.2265     49.443     49.854    30.3129    11.7256          1          1       1767  0.000e+00
  1023.2155     49.477     49.888    30.3002    11.7331          1          1       1768  0.000e+00
  1021.6087     25.552     25.762    29.5715    16.3736          2          2       2206  0.000e+00
  1021.6016     25.385     25.595    29.5670    16.3867          2          2       2207  0.000e+00
  1021.5928     25.247     25.456    29.5600    16.3994          2          2       2208  0.000e+00
  1021.5885     25.134     25.341    29.5576    16.4083          2          2       2209  0.000e+00
  1021.5844     25.050     25.257    29.5551    16.4163          2          2       2210  0.000e+00
  1021.5787     24.985     25.191    29.5503    16.4240          2          2       2211  0.000e+00
  1021.5728     24.933     25.138    29.5449    16.4309          2          2       2212  0.000e+00
  1021.5676     24.888     25.093    29.5401    16.4367          2          2       2213  0.000e+00
  1021.5631     24.846     25.051    29.5355    16.4402          2          2       2214  0.000e+00
  1020.6066      2.898      2.922    29.1861    18.9597          3          3       2415  0.000e+00
  1020.6026      2.801      2.824    29.1817    18.9607          3          3       2416  0.000e+00
  1020.6013      2.687      2.709    29.1801    18.9592          3          3       2417  0.000e+00
  1020.6000      2.551      2.572    29.1782    18.9562          3          3       2418  0.000e+00
  1020.6008      2.402      2.422    29.1789    18.9520          3          3       2419  0.000e+00
  1020.6027      2.238      2.256    29.1808    18.9475          3          3       2420  0.000e+00
  1020.6058      2.073      2.090    29.1849    18.9445          3          3       2421  0.000e+00
  1020.6066      1.931      1.947    29.1865    18.9436          3          3       2422  0.000e+00
  1020.6075      1.803      1.818    29.1886    18.9440          3          3       2423  0.000e+00
