data/eDNA/PER-2021-171/171a005.cnv
* Sea-Bird SBE19plus  Data File:
* FileName = C:\Users\RSG_field\Ryan_2021_Perley\CTD\171a005.hex
* Software version 2.3.0 SB_Terminal.dll
* Temperature SN = 7141
* Conductivity SN = 7141
* System UpLoad Time = Aug 09 2021 15:45:08
* <ApplicationData>
* <SeatermAF>
** Platform: M. Perley
** Cruise: Per2021171
** Station:  ESI_06
** Cast: 01 01
** Latitude: N  44 46.312
** Longitude: W 62 26.113
** Sounding: 36.5
** Chief Scientist: Ryan Stanley
** Comment: 171a005
** Also GC_03
# nquan = 8
# nvalues = 2377                                  
# units = specified
# name 0 = density00: Density [density, kg/m^3]
# name 1 = depSM: Depth [salt water, m], lat = 45.00
# name 2 = prdM: Pressure, Strain Gauge [db]
# name 3 = sal00: Salinity, Practical [PSU]
# name 4 = tv290C: Temperature [ITS-90, deg C]
# name 5 = bpos: Bottle Position in Carousel
# name 6 = nbf: Bottles Fired
# name 7 = flag:  0.000e+00
# span 0 =   998.7823,  1024.3320                 
# span 1 =      0.017,     30.341                 
# span 2 =      0.017,     30.591                 
# span 3 =     0.0000,    31.7320                 
# span 4 =     6.7976,    17.7832                 
# span 5 =          0,          4                 
# span 6 =          0,          4                 
# span 7 = 0.0000e+00, 0.0000e+00                 
# interval = seconds: 0.25
# start_time = Aug 09 2021 18:30:03 [Instrument's time stamp, header]
# bad_flag = -9.990e-29
*END*
[from data line 1439]
  1024.2266     29.315     29.557    30.7985     7.1580          0          0  0.000e+00
  1024.2185     29.409     29.651    30.7883     7.1620          0          0  0.000e+00
  1024.2099     29.522     29.766    30.7767     7.1625          0          0  0.000e+00
  1024.2192     29.632     29.877    30.7870     7.1569          0          0  0.000e+00
  1024.2202     29.743     29.988    30.7873     7.1550          0          0  0.000e+00
  1024.2116     29.839     30.085    30.7755     7.1533          0          0  0.000e+00
  1024.2033     29.907     30.154    30.7633     7.1452          0          0  0.000e+00
  1024.2096     29.946     30.193    30.7686     7.1302          0          0  0.000e+00
  1024.2355     29.952     30.200    30.7993     7.1175          0          0  0.000e+00
  1024.2433     29.923     30.170    30.8096     7.1191          0          0  0.000e+00
  1024.2430     29.873     30.120    30.8112     7.1285          0          0  0.000e+00
  1024.2349     29.801     30.047    30.8029     7.1386          0          0  0.000e+00
  1024.2266     29.724     29.969    30.7940     7.1456          0          0  0.000e+00
  1024.2232     29.649     29.894    30.7905     7.1483          0          0  0.000e+00
  1024.2201     29.588     29.832    30.7870     7.1486          0          0  0.000e+00
  1024.2145     29.549     29.793    30.7799     7.1468          0          0  0.000e+00
  1024.2126     29.528     29.772    30.7767     7.1415          0          0  0.000e+00
  1024.2073     29.532     29.775    30.7683     7.1322          0          0  0.000e+00
  1024.2148     29.557     29.801    30.7756     7.1195          0          0  0.000e+00
  1024.2244     29.600     29.844    30.7860     7.1096          0          0  0.000e+00
  1024.2302     29.653     29.897    30.7922     7.1049          0          0  0.000e+00
  1024.2283     29.704     29.950    30.7892     7.1035          0          0  0.000e+00
  1024.2298     29.754     30.000    30.7906     7.1016          0          0  0.000e+00
  1024.2441     29.788     30.034    30.8084     7.1007          0          0  0.000e+00
  1024.2475     29.795     30.041    30.8139     7.1081          0          0  0.000e+00
  1024.2377     29.771     30.017    30.8034     7.1193          0          0  0.000e+00
  1024.2336     29.713     29.958    30.7998     7.1269          0          0  0.000e+00
  1024.2298     29.612     29.857    30.7964     7.1318          0          0  0.000e+00
  1024.2321     29.490     29.734    30.8006     7.1350          0          0  0.000e+00
  1024.2296     29.349     29.592    30.7990     7.1397          0          0  0.000e+00
  1024.2271     29.220     29.461    30.7975     7.1447          0          0  0.000e+00
  1024.2305     29.114     29.354    30.8032     7.1492          0          0  0.000e+00
  1024.2315     29.057     29.297    30.8060     7.1563          0          0  0.000e+00
  1024.2309     29.051     29.291    30.8069     7.1663          0          0  0.000e+00
  1024.2325     29.106     29.346    30.8105     7.1771          0          0  0.000e+00
  1024.2373     29.219     29.460    30.8181     7.1906          0          0  0.000e+00
  1024.2221     29.366     29.609    30.8008     7.2077          0          0  0.000e+00
  1024.2033     29.524     29.768    30.7777     7.2183          0          0  0.000e+00
  1024.1608     29.678     29.923    30.7220     7.2142          0          0  0.000e+00
  1024.1714     29.809     30.056    30.7297     7.1843          0          0  0.000e+00
  1024.1817     29.906     30.153    30.7368     7.1512          0          0  0.000e+00
  1024.1962     29.959     30.206    30.7498     7.1203          0          0  0.000e+00
  1024.2320     29.960     30.207    30.7913     7.0964          0          0  0.000e+00
  1024.2442     29.915     30.162    30.8063     7.0917          0          0  0.000e+00
  1024.2474     29.820     30.066    30.8119     7.0977          0          0  0.000e+00
  1024.2397     29.691     29.936    30.8044     7.1074          0          0  0.000e+00
  1024.2189     29.542     29.786    30.7799     7.1133          0          0  0.000e+00
  1024.2230     29.389     29.631    30.7852     7.1085          0          0  0.000e+00
  1024.2230     29.250     29.491    30.7852     7.1034          0          0  0.000e+00
  1024.2252     29.145     29.385    30.7879     7.0990          0          0  0.000e+00
  1024.2316     29.077     29.317    30.7959     7.0956          0          0  0.000e+00
  1024.2400     29.053     29.292    30.8068     7.0964          0          0  0.000e+00
  1024.2589     29.073     29.313    30.8320     7.1038          0          0  0.000e+00
  1024.2498     29.138     29.379    30.8234     7.1243          0          0  0.000e+00
  1024.2166     29.231     29.472    30.7837     7.1427          0          0  0.000e+00
  1024.1988     29.336     29.578    30.7603     7.1415          0          0  0.000e+00
  1024.2037     29.442     29.685    30.7639     7.1296          0          0  0.000e+00
  1024.2063     29.539     29.783    30.7640     7.1146          0          0  0.000e+00
  1024.2192     29.607     29.851    30.7776     7.0992          0          0  0.000e+00
  1024.2325     29.644     29.889    30.7926     7.0897          0          0  0.000e+00
  1024.2319     29.646     29.891    30.7915     7.0877          0          0  0.000e+00
  1024.2281     29.618     29.862    30.7866     7.0859          0          0  0.000e+00
  1024.2308     29.566     29.810    30.7897     7.0821          0          0  0.000e+00
  1024.2331     29.489     29.733    30.7926     7.0795          0          0  0.000e+00
  1024.2345     29.410     29.653    30.7946     7.0780          0          0  0.000e+00
  1024.2351     29.338     29.580    30.7958     7.0778          0          0  0.000e+00
  1024.2359     29.281     29.523    30.7972     7.0784          0          0  0.000e+00
  1024.2421     29.257     29.499    30.8056     7.0801          0          0  0.000e+00
  1024.2479     29.267     29.508    30.8139     7.0863          0          0  0.000e+00
  1024.2435     29.311     29.553    30.8098     7.0969          0          0  0.000e+00
  1024.2376     29.383     29.626    30.8037     7.1072          0          0  0.000e+00
  1024.2234     29.468     29.711    30.7862     7.1142          0          0  0.000e+00
  1024.2245     29.549     29.793    30.7869     7.1128          0          0  0.000e+00
  1024.2264     29.616     29.861    30.7885     7.1103          0          0  0.000e+00
  1024.2262     29.661     29.906    30.7877     7.1085          0          0  0.000e+00
  1024.2277     29.668     29.913    30.7892     7.1062          0          0  0.000e+00
  1024.2295     29.639     29.883    30.7914     7.1047          0          0  0.000e+00
  1024.2300     29.577     29.821    30.7923     7.1043          0          0  0.000e+00
  1024.2359     29.491     29.735    30.8003     7.1047          0          0  0.000e+00
  1024.2407     29.392     29.634    30.8078     7.1089          0          0  0.000e+00
  1024.2408     29.295     29.537    30.8099     7.1173          0          0  0.000e+00
  1024.2374     29.216     29.457    30.8078     7.1278          0          0  0.000e+00
  1024.2340     29.167     29.408    30.8054     7.1374          0          0  0.000e+00
  1024.2329     29.150     29.391    30.8057     7.1471          0          0  0.000e+00
  1024.2193     29.163     29.404    30.7899     7.1565          0          0  0.000e+00
  1024.2104     29.200     29.441    30.7787     7.1588          0          0  0.000e+00
  1024.2130     29.263     29.505    30.7809     7.1544          0          0  0.000e+00
  1024.2114     29.333     29.576    30.7777     7.1499          0          0  0.000e+00
  1024.2140     29.398     29.641    30.7797     7.1438          0          0  0.000e+00
  1024.2183     29.454     29.697    30.7838     7.1385          0          0  0.000e+00
  1024.2201     29.489     29.733    30.7854     7.1351          0          0  0.000e+00
  1024.2207     29.500     29.743    30.7857     7.1324          0          0  0.000e+00
  1024.2192     29.486     29.730    30.7834     7.1299          0          0  0.000e+00
  1024.2183     29.449     29.692    30.7817     7.1258          0          0  0.000e+00
  1024.2254     29.407     29.649    30.7903     7.1214          0          0  0.000e+00
  1024.2268     29.358     29.600    30.7922     7.1206          0          0  0.000e+00
  1024.2288     29.321     29.563    30.7952     7.1214          0          0  0.000e+00
  1024.2287     29.303     29.545    30.7955     7.1235          0          0  0.000e+00
  1024.2309     29.306     29.548    30.7987     7.1266          0          0  0.000e+00
  1024.2284     29.338     29.580    30.7962     7.1313          0          0  0.000e+00
  1024.2192     29.391     29.633    30.7848     7.1349          0          0  0.000e+00
  1024.2082     29.464     29.707    30.7700     7.1326          0          0  0.000e+00
  1024.2090     29.542     29.786    30.7687     7.1217          0          0  0.000e+00
  1024.2188     29.614     29.859    30.7787     7.1091          0          0  0.000e+00
  1024.2243     29.672     29.917    30.7839     7.1009          0          0  0.000e+00
  1024.2291     29.706     29.951    30.7889     7.0957          0          0  0.000e+00
  1024.2381     29.709     29.954    30.8000     7.0931          0          0  0.000e+00
  1024.2378     29.685     29.930    30.8002     7.0959          0          0  0.000e+00
  1024.2375     29.636     29.880    30.8008     7.0999          0          0  0.000e+00
  1024.2373     29.571     29.815    30.8017     7.1046          0          0  0.000e+00
  1024.2364     29.503     29.747    30.8019     7.1101          0          0  0.000e+00
  1024.2296     29.438     29.681    30.7945     7.1155          0          0  0.000e+00
  1024.2224     29.384     29.627    30.7859     7.1177          0          0  0.000e+00
  1024.2179     29.334     29.577    30.7802     7.1155          0          0  0.000e+00
  1024.2167     29.283     29.524    30.7780     7.1092          0          0  0.000e+00
  1024.2188     29.233     29.474    30.7796     7.1015          0          0  0.000e+00
  1024.2263     29.177     29.417    30.7882     7.0939          0          0  0.000e+00
  1024.2329     29.118     29.359    30.7964     7.0904          0          0  0.000e+00
  1024.2331     29.061     29.301    30.7971     7.0913          0          0  0.000e+00
  1024.2323     29.010     29.250    30.7968     7.0935          0          0  0.000e+00
  1024.2307     28.971     29.210    30.7953     7.0956          0          0  0.000e+00
  1024.2301     28.956     29.195    30.7949     7.0971          0          0  0.000e+00
  1024.2320     28.979     29.219    30.7974     7.0984          0          0  0.000e+00
  1024.2307     29.038     29.277    30.7958     7.1009          0          0  0.000e+00
  1024.2201     29.135     29.376    30.7821     7.1029          0          0  0.000e+00
  1024.2197     29.261     29.503    30.7802     7.0989          0          0  0.000e+00
  1024.2059     29.401     29.644    30.7604     7.0906          0          0  0.000e+00
  1024.2128     29.535     29.779    30.7656     7.0740          0          0  0.000e+00
  1024.2228     29.655     29.899    30.7749     7.0572          0          0  0.000e+00
  1024.2339     29.743     29.988    30.7864     7.0450          0          0  0.000e+00
  1024.2406     29.792     30.038    30.7936     7.0384          0          0  0.000e+00
  1024.2475     29.793     30.039    30.8019     7.0359          0          0  0.000e+00
  1024.2526     29.757     30.003    30.8090     7.0381          0          0  0.000e+00
  1024.2583     29.691     29.936    30.8177     7.0446          0          0  0.000e+00
  1024.2474     29.612     29.857    30.8062     7.0556          0          0  0.000e+00
  1024.2419     29.526     29.770    30.8008     7.0624          0          0  0.000e+00
  1024.2400     29.446     29.689    30.7994     7.0659          0          0  0.000e+00
  1024.2371     29.377     29.619    30.7966     7.0689          0          0  0.000e+00
  1024.2332     29.324     29.566    30.7921     7.0697          0          0  0.000e+00
  1024.2320     29.287     29.529    30.7906     7.0687          0          0  0.000e+00
  1024.2312     29.267     29.508    30.7894     7.0666          0          0  0.000e+00
  1024.2327     29.255     29.496    30.7909     7.0640          0          0  0.000e+00
  1024.2349     29.256     29.498    30.7933     7.0616          0          0  0.000e+00
  1024.2360     29.254     29.495    30.7946     7.0606          0          0  0.000e+00
  1024.2350     29.248     29.489    30.7933     7.0603          0          0  0.000e+00
  1024.2331     29.234     29.475    30.7908     7.0593          0          0  0.000e+00
  1024.2349     29.208     29.449    30.7929     7.0571          0          0  0.000e+00
  1024.2365     29.166     29.407    30.7949     7.0556          0          0  0.000e+00
  1024.2352     29.113     29.353    30.7935     7.0550          0          0  0.000e+00
  1024.2340     29.058     29.298    30.7921     7.0539          0          0  0.000e+00
  1024.2334     29.018     29.257    30.7912     7.0521          0          0  0.000e+00
  1024.2350     28.997     29.237    30.7930     7.0498          0          0  0.000e+00
  1024.2371     29.013     29.253    30.7953     7.0480          0          0  0.000e+00
  1024.2386     29.067     29.307    30.7969     7.0477          0          0  0.000e+00
  1024.2357     29.159     29.399    30.7927     7.0478          0          0  0.000e+00
  1024.2234     29.275     29.517    30.7760     7.0459          0          0  0.000e+00
  1024.2146     29.397     29.640    30.7623     7.0357          0          0  0.000e+00
  1024.2251     29.510     29.754    30.7720     7.0170          0          0  0.000e+00
  1024.2376     29.600     29.844    30.7848     7.0017          0          0  0.000e+00
  1024.2472     29.662     29.907    30.7952     6.9927          0          0  0.000e+00
  1024.2542     29.678     29.923    30.8034     6.9894          0          0  0.000e+00
  1024.2536     29.653     29.897    30.8030     6.9904          1          1  0.000e+00
  1024.2543     29.594     29.839    30.8045     6.9921          1          1  0.000e+00
  1024.2526     29.506     29.750    30.8033     6.9943          1          1  0.000e+00
  1024.2504     29.404     29.647    30.8013     6.9962          1          1  0.000e+00
  1024.2513     29.302     29.544    30.8033     6.9975          1          1  0.000e+00
  1024.2513     29.210     29.452    30.8042     6.9995          1          1  0.000e+00
  1024.2534     29.143     29.383    30.8078     7.0027          1          1  0.000e+00
  1024.2529     29.101     29.342    30.8082     7.0076          1          1  0.000e+00
  1024.2509     29.084     29.324    30.8067     7.0135          1          1  0.000e+00
  1024.2556     29.097     29.337    30.8136     7.0193          1          1  0.000e+00
  1024.2512     29.129     29.369    30.8092     7.0280          1          1  0.000e+00
  1024.2434     29.179     29.420    30.8003     7.0356          1          1  0.000e+00
  1024.2402     29.234     29.475    30.7965     7.0391          1          1  0.000e+00
  1024.2349     29.285     29.526    30.7896     7.0400          1          1  0.000e+00
  1024.2299     29.325     29.567    30.7825     7.0372          1          1  0.000e+00
  1024.2336     29.354     29.596    30.7859     7.0303          1          1  0.000e+00
  1024.2362     29.364     29.607    30.7881     7.0242          1          1  0.000e+00
