data/eDNA/PER-2021-171/171a015.cnv
* Sea-Bird SBE19plus  Data File:
* FileName = C:\Users\RSG_field\Ryan_2021_Perley\CTD\171a015.hex
* Software version 2.3.0 SB_Terminal.dll
* Temperature SN = 7141
* Conductivity SN = 7141
* System UpLoad Time = Aug 12 2021 14:08:01
* <ApplicationData>
* <SeatermAF>
** Platform: M. Perley
** Cruise: Per2021171
** Station:  ESI_09
** Cast: 01 1
** Latitude: N  44 44.412
** Longitude: W 62 43.655
** Sounding: 17.5
** Chief Scientist: Ryan Stanley
** Comment: 171a015
# nquan = 8
# nvalues = 2042                                  
# units = specified
# name 0 = density00: Density [density, kg/m^3]
# name 1 = depSM: Depth [salt water, m], lat = 45.00
# name 2 = prdM: Pressure, Strain Gauge [db]
# name 3 = sal00: Salinity, Practical [PSU]
# name 4 = tv290C: Temperature [ITS-90, deg C]
# name 5 = bpos: Bottle Position in Carousel
# name 6 = nbf: Bottles Fired
# name 7 = flag:  0.000e+00
# span 0 =   998.6078,  1023.9828                 
# span 1 =     -0.074,     17.962                 
# span 2 =     -0.074,     18.110                 
# span 3 =     0.0076,    30.8053                 
# span 4 =     8.3770,    18.1193                 
# span 5 =          0,          3                 
# span 6 =          0,          3                 
# span 7 = 0.0000e+00, 0.0000e+00                 
# interval = seconds: 0.25
# start_time = Aug 12 2021 16:56:10 [Instrument's time stamp, header]
# bad_flag = -9.990e-29
*END*
[from data line 180]
  1021.6154      1.777      1.791    30.0336    17.4285          0          0  0.000e+00
  1021.5807      1.780      1.795    30.0007    17.4694          0          0  0.000e+00
  1021.5353      1.767      1.782    29.9530    17.5070          0          0  0.000e+00
  1021.4975      1.748      1.763    29.9074    17.5194          0          0  0.000e+00
  1021.4782      1.729      1.743    29.8811    17.5155          0          0  0.000e+00
  1021.4678      1.722      1.736    29.8660    17.5106          0          0  0.000e+00
  1021.4789      1.713      1.727    29.8761    17.4959          0          0  0.000e+00
  1021.5086      1.699      1.713    29.9091    17.4765          0          0  0.000e+00
  1021.5574      1.670      1.683    29.9694    17.4646          0          0  0.000e+00
  1021.5919      1.621      1.634    30.0122    17.4562          0          0  0.000e+00
  1021.6020      1.557      1.570    30.0268    17.4592          0          0  0.000e+00
  1021.5622      1.480      1.492    29.9908    17.5104          0          0  0.000e+00
  1021.5034      1.401      1.412    29.9344    17.5759          0          0  0.000e+00
  1021.4431      1.339      1.350    29.8691    17.6189          0          0  0.000e+00
  1021.4055      1.321      1.332    29.8242    17.6324          0          0  0.000e+00
  1021.4007      1.332      1.343    29.8161    17.6267          0          0  0.000e+00
  1021.4143      1.355      1.366    29.8256    17.6001          0          0  0.000e+00
  1021.4378      1.387      1.398    29.8449    17.5637          0          0  0.000e+00
  1021.4611      1.414      1.426    29.8663    17.5341          0          0  0.000e+00
  1021.4833      1.442      1.454    29.8891    17.5143          0          0  0.000e+00
  1021.5096      1.472      1.484    29.9204    17.5047          0          0  0.000e+00
  1021.5287      1.502      1.515    29.9440    17.5011          0          0  0.000e+00
  1021.5399      1.534      1.547    29.9570    17.4964          0          0  0.000e+00
  1021.5436      1.578      1.591    29.9598    17.4904          0          0  0.000e+00
  1021.5330      1.638      1.651    29.9444    17.4865          0          0  0.000e+00
  1021.5158      1.710      1.724    29.9206    17.4837          0          0  0.000e+00
  1021.5093      1.782      1.797    29.9097    17.4771          0          0  0.000e+00
  1021.5280      1.851      1.866    29.9278    17.4579          0          0  0.000e+00
  1021.5745      1.888      1.904    29.9839    17.4428          0          0  0.000e+00
  1021.6114      1.901      1.916    30.0298    17.4357          0          0  0.000e+00
  1021.6156      1.888      1.904    30.0369    17.4407          0          0  0.000e+00
  1021.5585      1.846      1.861    29.9810    17.5014          0          0  0.000e+00
  1021.4998      1.790      1.804    29.9249    17.5676          0          0  0.000e+00
  1021.4615      1.723      1.737    29.8890    17.6125          0          0  0.000e+00
  1021.4394      1.652      1.665    29.8685    17.6387          0          0  0.000e+00
  1021.4271      1.587      1.600    29.8576    17.6543          0          0  0.000e+00
  1021.4186      1.522      1.535    29.8500    17.6644          0          0  0.000e+00
  1021.4131      1.455      1.467    29.8453    17.6712          0          0  0.000e+00
  1021.4097      1.394      1.406    29.8426    17.6759          0          0  0.000e+00
  1021.4082      1.347      1.358    29.8418    17.6787          0          0  0.000e+00
  1021.4048      1.319      1.330    29.8383    17.6813          0          0  0.000e+00
  1021.3956      1.312      1.322    29.8273    17.6845          0          0  0.000e+00
  1021.3855      1.328      1.339    29.8147    17.6868          0          0  0.000e+00
  1021.3839      1.363      1.375    29.8127    17.6877          0          0  0.000e+00
  1021.3965      1.409      1.421    29.8249    17.6747          0          0  0.000e+00
  1021.4336      1.449      1.461    29.8602    17.6324          0          0  0.000e+00
  1021.4642      1.485      1.498    29.8917    17.6054          0          0  0.000e+00
  1021.4788      1.515      1.527    29.9073    17.5946          0          0  0.000e+00
  1021.4947      1.543      1.555    29.9242    17.5824          0          0  0.000e+00
  1021.4895      1.569      1.582    29.9198    17.5910          0          0  0.000e+00
  1021.4707      1.609      1.623    29.9026    17.6155          0          0  0.000e+00
  1021.4539      1.663      1.677    29.8871    17.6375          0          0  0.000e+00
  1021.4409      1.729      1.743    29.8750    17.6547          0          0  0.000e+00
  1021.4311      1.795      1.810    29.8661    17.6687          0          0  0.000e+00
  1021.4227      1.854      1.869    29.8582    17.6797          0          0  0.000e+00
  1021.4163      1.898      1.913    29.8523    17.6889          0          0  0.000e+00
  1021.4151      1.923      1.939    29.8524    17.6948          0          0  0.000e+00
  1021.4176      1.925      1.941    29.8572    17.6997          0          0  0.000e+00
  1021.4152      1.902      1.917    29.8570    17.7086          0          0  0.000e+00
  1021.4296      1.855      1.870    29.8809    17.7245          0          0  0.000e+00
  1021.4385      1.793      1.807    29.8973    17.7383          0          0  0.000e+00
  1021.4208      1.707      1.721    29.8854    17.7734          0          0  0.000e+00
  1021.3925      1.620      1.633    29.8630    17.8191          0          0  0.000e+00
  1021.3707      1.533      1.546    29.8445    17.8498          0          0  0.000e+00
  1021.3529      1.453      1.464    29.8289    17.8729          0          0  0.000e+00
  1021.3375      1.385      1.396    29.8147    17.8914          0          0  0.000e+00
  1021.3267      1.333      1.344    29.8042    17.9020          0          0  0.000e+00
  1021.3180      1.298      1.308    29.7942    17.9056          0          0  0.000e+00
  1021.3031      1.277      1.287    29.7744    17.9046          0          0  0.000e+00
  1021.2872      1.277      1.287    29.7524    17.9006          0          0  0.000e+00
  1021.2841      1.297      1.307    29.7456    17.8922          0          0  0.000e+00
  1021.2916      1.344      1.355    29.7500    17.8755          0          0  0.000e+00
  1021.3297      1.409      1.421    29.7849    17.8283          0          0  0.000e+00
  1021.3775      1.475      1.487    29.8206    17.7427          0          0  0.000e+00
  1021.4204      1.532      1.545    29.8544    17.6713          0          0  0.000e+00
  1021.4565      1.591      1.604    29.8868    17.6241          0          0  0.000e+00
  1021.4869      1.640      1.654    29.9173    17.5950          0          0  0.000e+00
  1021.5121      1.676      1.690    29.9446    17.5772          0          0  0.000e+00
  1021.5258      1.721      1.735    29.9582    17.5640          0          0  0.000e+00
  1021.4424      1.765      1.780    29.8454    17.5522          0          0  0.000e+00
  1021.3706      1.803      1.818    29.7327    17.4919          0          0  0.000e+00
  1021.4488      1.830      1.845    29.7848    17.3275          0          0  0.000e+00
  1021.5567      1.841      1.857    29.8738    17.1558          0          0  0.000e+00
  1021.6590      1.835      1.850    29.9676    17.0227          0          0  0.000e+00
  1021.7357      1.812      1.827    30.0443    16.9441          0          0  0.000e+00
  1021.7587      1.776      1.790    30.0674    16.9204          0          0  0.000e+00
  1021.7571      1.729      1.743    30.0659    16.9212          0          0  0.000e+00
  1021.7535      1.680      1.694    30.0623    16.9238          0          0  0.000e+00
  1021.7509      1.635      1.648    30.0598    16.9259          0          0  0.000e+00
  1021.7584      1.592      1.605    30.0698    16.9260          0          0  0.000e+00
  1021.7569      1.548      1.561    30.0705    16.9335          0          0  0.000e+00
  1021.7568      1.507      1.519    30.0742    16.9460          0          0  0.000e+00
  1021.7449      1.466      1.478    30.0648    16.9653          0          0  0.000e+00
  1021.7261      1.425      1.437    30.0464    16.9852          0          0  0.000e+00
  1021.7293      1.393      1.405    30.0541    16.9965          0          0  0.000e+00
  1021.7198      1.375      1.386    30.0469    17.0133          0          0  0.000e+00
  1021.7117      1.381      1.393    30.0413    17.0302          0          0  0.000e+00
  1021.7094      1.405      1.416    30.0435    17.0480          0          0  0.000e+00
  1021.6977      1.445      1.457    30.0352    17.0719          0          0  0.000e+00
  1021.6322      1.498      1.510    29.9565    17.0959          0          0  0.000e+00
  1021.6376      1.557      1.570    29.9537    17.0645          0          0  0.000e+00
  1021.6796      1.621      1.634    29.9897    17.0025          0          0  0.000e+00
  1021.7075      1.681      1.695    30.0117    16.9555          0          0  0.000e+00
  1021.7376      1.732      1.746    30.0400    16.9198          0          0  0.000e+00
  1021.7511      1.772      1.786    30.0514    16.8995          0          0  0.000e+00
  1021.7557      1.796      1.811    30.0531    16.8859          0          0  0.000e+00
  1021.7634      1.807      1.821    30.0585    16.8705          0          0  0.000e+00
  1021.7733      1.807      1.821    30.0672    16.8561          0          0  0.000e+00
  1021.7885      1.796      1.811    30.0835    16.8439          0          0  0.000e+00
  1021.7969      1.781      1.796    30.0939    16.8418          0          0  0.000e+00
  1021.7880      1.755      1.769    30.0852    16.8508          0          0  0.000e+00
  1021.7795      1.724      1.738    30.0758    16.8559          0          0  0.000e+00
  1021.7831      1.689      1.703    30.0797    16.8526          0          0  0.000e+00
  1021.7822      1.653      1.666    30.0781    16.8505          0          0  0.000e+00
  1021.7791      1.613      1.626    30.0729    16.8462          0          0  0.000e+00
  1021.7905      1.571      1.584    30.0860    16.8390          0          0  0.000e+00
  1021.8019      1.530      1.542    30.1013    16.8399          0          0  0.000e+00
  1021.7949      1.495      1.507    30.0972    16.8560          0          0  0.000e+00
  1021.7812      1.467      1.479    30.0855    16.8765          0          0  0.000e+00
  1021.7704      1.450      1.462    30.0765    16.8929          0          0  0.000e+00
  1021.7628      1.442      1.454    30.0703    16.9053          0          0  0.000e+00
  1021.7550      1.447      1.459    30.0631    16.9152          0          0  0.000e+00
  1021.7451      1.461      1.473    30.0518    16.9209          0          0  0.000e+00
  1021.7516      1.480      1.492    30.0589    16.9168          0          0  0.000e+00
  1021.7568      1.500      1.512    30.0655    16.9166          0          0  0.000e+00
  1021.7621      1.525      1.537    30.0740    16.9224          0          0  0.000e+00
  1021.7514      1.551      1.564    30.0637    16.9352          0          0  0.000e+00
  1021.7739      1.582      1.595    30.0959    16.9453          0          0  0.000e+00
  1021.8037      1.615      1.628    30.1470    16.9869          0          0  0.000e+00
  1021.6924      1.650      1.663    30.0326    17.0901          0          0  0.000e+00
  1021.5771      1.690      1.704    29.8938    17.1306          0          0  0.000e+00
  1021.5873      1.731      1.745    29.8808    17.0435          0          0  0.000e+00
  1021.6740      1.770      1.785    29.9514    16.9017          0          0  0.000e+00
  1021.7580      1.801      1.816    30.0228    16.7737          0          0  0.000e+00
  1021.8209      1.821      1.836    30.0786    16.6854          0          0  0.000e+00
  1021.8651      1.826      1.841    30.1220    16.6368          0          0  0.000e+00
  1021.8941      1.806      1.821    30.1543    16.6178          0          0  0.000e+00
  1021.8838      1.774      1.788    30.1409    16.6176          0          0  0.000e+00
  1021.8937      1.727      1.741    30.1507    16.6062          0          0  0.000e+00
  1021.9009      1.671      1.685    30.1569    16.5942          0          0  0.000e+00
  1021.9105      1.611      1.625    30.1669    16.5844          0          0  0.000e+00
  1021.9133      1.552      1.565    30.1703    16.5824          0          0  0.000e+00
  1021.9094      1.494      1.506    30.1664    16.5849          0          0  0.000e+00
  1021.9062      1.450      1.462    30.1627    16.5859          0          0  0.000e+00
  1021.9047      1.422      1.433    30.1603    16.5837          0          0  0.000e+00
  1021.9043      1.409      1.421    30.1585    16.5791          0          0  0.000e+00
  1021.9091      1.413      1.425    30.1626    16.5720          0          0  0.000e+00
  1021.9046      1.436      1.447    30.1545    16.5647          0          0  0.000e+00
  1021.9058      1.469      1.481    30.1517    16.5506          0          0  0.000e+00
  1021.9390      1.515      1.527    30.1881    16.5282          0          0  0.000e+00
  1021.9491      1.557      1.570    30.1967    16.5132          0          0  0.000e+00
  1021.9484      1.598      1.611    30.1931    16.5049          0          0  0.000e+00
  1021.9560      1.628      1.642    30.1965    16.4834          0          0  0.000e+00
  1021.9744      1.653      1.666    30.2142    16.4624          0          0  0.000e+00
  1021.9807      1.670      1.683    30.2199    16.4541          0          0  0.000e+00
  1021.9854      1.684      1.697    30.2249    16.4503          0          0  0.000e+00
  1021.9878      1.698      1.712    30.2273    16.4482          0          0  0.000e+00
  1021.9897      1.713      1.727    30.2283    16.4436          0          0  0.000e+00
  1021.9871      1.726      1.740    30.2233    16.4386          0          0  0.000e+00
  1021.9905      1.733      1.748    30.2269    16.4355          0          0  0.000e+00
  1021.9879      1.733      1.748    30.2230    16.4339          0          0  0.000e+00
  1021.9883      1.720      1.734    30.2248    16.4382          0          0  0.000e+00
  1021.9816      1.694      1.708    30.2198    16.4505          0          0  0.000e+00
  1021.9706      1.662      1.676    30.2103    16.4663          0          0  0.000e+00
  1021.9640      1.624      1.637    30.2063    16.4808          0          0  0.000e+00
  1021.9535      1.589      1.602    30.1971    16.4958          0          0  0.000e+00
  1021.9459      1.557      1.570    30.1896    16.5034          0          0  0.000e+00
  1021.9432      1.534      1.547    30.1866    16.5045          0          0  0.000e+00
  1021.9457      1.521      1.534    30.1892    16.5021          0          0  0.000e+00
  1021.9469      1.518      1.531    30.1903    16.5004          0          0  0.000e+00
  1021.9480      1.529      1.541    30.1909    16.4980          0          0  0.000e+00
  1021.9492      1.544      1.556    30.1913    16.4943          0          0  0.000e+00
  1021.9540      1.561      1.573    30.1961    16.4894          0          0  0.000e+00
  1021.9635      1.570      1.583    30.2063    16.4824          0          0  0.000e+00
  1021.9632      1.582      1.595    30.2063    16.4840          0          0  0.000e+00
  1021.9532      1.585      1.598    30.1957    16.4922          0          0  0.000e+00
  1021.9506      1.588      1.601    30.1936    16.4966          0          0  0.000e+00
  1021.9489      1.583      1.596    30.1924    16.5000          0          0  0.000e+00
  1021.9470      1.587      1.600    30.1912    16.5045          0          0  0.000e+00
