data/eDNA/PER-2021-171/171a022.cnv
* Sea-Bird SBE19plus  Data File:
* FileName = C:\Users\RSG_field\Ryan_2021_Perley\CTD\171a022.hex
* Software version 2.3.0 SB_Terminal.dll
* Temperature SN = 7141
* Conductivity SN = 7141
* System UpLoad Time = Aug 17 2021 15:08:23
* <ApplicationData>
* <SeatermAF>
** Platform: M. Perley
** Cruise: Per2021171
** Station:  SAB_07
** Cast: 01 1
** Latitude: N  46 16.325
** Longitude: W 59 00.878
** Sounding: 165
** Chief Scientist: Ryan Stanley
** Comment: 171a022
# nquan = 8
# nvalues = 4099                                  
# units = specified
# name 0 = density00: Density [density, kg/m^3]
# name 1 = depSM: Depth [salt water, m], lat = 45.00
# name 2 = prdM: Pressure, Strain Gauge [db]
# name 3 = sal00: Salinity, Practical [PSU]
# name 4 = tv290C: Temperature [ITS-90, deg C]
# name 5 = bpos: Bottle Position in Carousel
# name 6 = nbf: Bottles Fired
# name 7 = flag:  0.000e+00
# span 0 =   998.3245,  1027.4163                 
# span 1 =     -0.041,    152.414                 
# span 2 =     -0.041,    153.719                 
# span 3 =     0.0341,    33.7254                 
# span 4 =     1.8929,    19.8439                 
# span 5 =          0,          2                 
# span 6 =          0,          2                 
# span 7 = 0.0000e+00, 0.0000e+00                 
# interval = seconds: 0.25
# start_time = Aug 17 2021 17:48:17 [Instrument's time stamp, header]
# bad_flag = -9.990e-29
*END*
[from data line 3057]
  1026.6312    111.950    112.897    32.6735     2.1267          1          1  0.000e+00
  1026.6265    111.787    112.732    32.6689     2.1302          1          1  0.000e+00
  1026.6289    111.645    112.589    32.6730     2.1323          1          1  0.000e+00
  1026.6285    111.522    112.465    32.6736     2.1362          1          1  0.000e+00
  1026.6253    111.406    112.348    32.6708     2.1411          1          1  0.000e+00
  1026.6194    111.298    112.239    32.6645     2.1459          1          1  0.000e+00
  1026.6140    111.194    112.134    32.6587     2.1489          1          1  0.000e+00
  1026.6111    111.092    112.032    32.6558     2.1507          1          1  0.000e+00
  1026.6053    110.987    111.926    32.6494     2.1521          1          1  0.000e+00
  1026.6008    110.881    111.819    32.6443     2.1526          1          1  0.000e+00
  1026.5952    110.779    111.716    32.6379     2.1519          1          1  0.000e+00
  1026.5932    110.689    111.625    32.6357     2.1504          1          1  0.000e+00
  1026.5882    110.609    111.544    32.6298     2.1483          1          1  0.000e+00
  1026.5884    110.544    111.479    32.6302     2.1455          1          1  0.000e+00
  1026.5915    110.499    111.434    32.6340     2.1429          1          1  0.000e+00
  1026.5758    110.468    111.402    32.6145     2.1414          1          1  0.000e+00
  1026.5615    110.442    111.376    32.5962     2.1368          1          1  0.000e+00
  1026.5630    110.409    111.343    32.5975     2.1284          1          1  0.000e+00
  1026.5711    110.359    111.293    32.6073     2.1211          1          1  0.000e+00
  1026.5697    110.279    111.211    32.6057     2.1178          1          1  0.000e+00
  1026.5771    110.169    111.100    32.6154     2.1160          1          1  0.000e+00
  1026.5802    110.024    110.955    32.6203     2.1174          1          1  0.000e+00
  1026.5775    109.852    110.780    32.6183     2.1208          1          1  0.000e+00
  1026.5722    109.666    110.593    32.6130     2.1231          1          1  0.000e+00
  1026.5640    109.476    110.402    32.6038     2.1235          1          1  0.000e+00
  1026.5598    109.296    110.220    32.5994     2.1213          1          1  0.000e+00
  1026.5577    109.131    110.053    32.5975     2.1178          1          1  0.000e+00
  1026.5570    108.985    109.906    32.5971     2.1141          1          1  0.000e+00
  1026.5567    108.859    109.779    32.5971     2.1107          1          1  0.000e+00
  1026.5560    108.746    109.665    32.5966     2.1076          1          1  0.000e+00
  1026.5568    108.647    109.565    32.5980     2.1049          1          1  0.000e+00
  1026.5572    108.552    109.469    32.5989     2.1029          1          1  0.000e+00
  1026.5527    108.455    109.372    32.5937     2.1014          1          1  0.000e+00
  1026.5523    108.352    109.268    32.5935     2.0988          1          1  0.000e+00
  1026.5431    108.232    109.147    32.5824     2.0963          1          1  0.000e+00
  1026.5436    108.097    109.010    32.5835     2.0915          1          1  0.000e+00
  1026.5478    107.942    108.854    32.5893     2.0875          1          1  0.000e+00
  1026.5507    107.779    108.689    32.5937     2.0863          1          1  0.000e+00
  1026.5530    107.614    108.524    32.5977     2.0871          1          1  0.000e+00
  1026.5492    107.446    108.353    32.5941     2.0895          1          1  0.000e+00
  1026.5425    107.279    108.186    32.5869     2.0906          1          1  0.000e+00
  1026.5368    107.124    108.029    32.5806     2.0895          1          1  0.000e+00
  1026.5322    106.975    107.879    32.5754     2.0864          1          1  0.000e+00
  1026.5266    106.835    107.737    32.5688     2.0820          1          1  0.000e+00
  1026.5273    106.705    107.606    32.5699     2.0765          1          1  0.000e+00
  1026.5319    106.587    107.487    32.5760     2.0720          1          1  0.000e+00
  1026.5329    106.482    107.381    32.5776     2.0697          1          1  0.000e+00
  1026.5289    106.385    107.284    32.5730     2.0685          1          1  0.000e+00
  1026.5247    106.295    107.193    32.5681     2.0665          1          1  0.000e+00
  1026.5249    106.206    107.103    32.5686     2.0635          1          1  0.000e+00
  1026.5248    106.117    107.013    32.5687     2.0609          1          1  0.000e+00
  1026.5109    106.019    106.914    32.5518     2.0587          1          1  0.000e+00
  1026.5159    105.911    106.806    32.5582     2.0539          1          1  0.000e+00
  1026.5189    105.791    106.684    32.5624     2.0508          1          1  0.000e+00
  1026.5148    105.660    106.552    32.5579     2.0500          1          1  0.000e+00
  1026.5124    105.519    106.410    32.5557     2.0493          1          1  0.000e+00
  1026.5168    105.377    106.267    32.5619     2.0485          1          1  0.000e+00
  1026.5186    105.240    106.129    32.5651     2.0493          1          1  0.000e+00
  1026.5141    105.104    105.991    32.5604     2.0508          1          1  0.000e+00
  1026.5064    104.984    105.870    32.5515     2.0509          1          1  0.000e+00
  1026.5043    104.878    105.763    32.5494     2.0492          1          1  0.000e+00
  1026.5018    104.785    105.670    32.5465     2.0469          1          1  0.000e+00
  1026.5012    104.707    105.591    32.5460     2.0446          1          1  0.000e+00
  1026.5013    104.636    105.519    32.5464     2.0422          1          1  0.000e+00
  1026.5007    104.566    105.449    32.5459     2.0405          1          1  0.000e+00
  1026.4991    104.478    105.360    32.5443     2.0391          1          1  0.000e+00
  1026.4941    104.374    105.255    32.5385     2.0373          1          1  0.000e+00
  1026.4822    104.238    105.118    32.5241     2.0343          1          1  0.000e+00
  1026.4854    104.078    104.957    32.5285     2.0288          1          1  0.000e+00
  1026.4960    103.900    104.777    32.5426     2.0256          1          1  0.000e+00
  1026.4899    103.712    104.588    32.5362     2.0270          1          1  0.000e+00
  1026.4808    103.539    104.412    32.5258     2.0275          1          1  0.000e+00
  1026.4759    103.380    104.252    32.5205     2.0253          1          1  0.000e+00
  1026.4739    103.255    104.127    32.5184     2.0220          1          1  0.000e+00
  1026.4692    103.162    104.033    32.5128     2.0188          1          1  0.000e+00
  1026.4600    103.105    103.975    32.5012     2.0146          1          1  0.000e+00
  1026.4556    103.070    103.940    32.4952     2.0073          1          1  0.000e+00
  1026.4641    103.044    103.914    32.5053     1.9993          1          1  0.000e+00
  1026.4606    103.023    103.893    32.5006     1.9949          1          1  0.000e+00
  1026.4575    102.987    103.856    32.4965     1.9896          1          1  0.000e+00
  1026.4594    102.925    103.793    32.4986     1.9838          1          1  0.000e+00
  1026.4495    102.823    103.690    32.4864     1.9785          1          1  0.000e+00
  1026.4620    102.679    103.545    32.5022     1.9714          1          1  0.000e+00
  1026.4737    102.491    103.356    32.5177     1.9691          1          1  0.000e+00
  1026.4617    102.276    103.139    32.5043     1.9726          1          1  0.000e+00
  1026.4522    102.048    102.909    32.4938     1.9732          1          1  0.000e+00
  1026.4457    101.823    102.682    32.4868     1.9699          1          1  0.000e+00
  1026.4393    101.622    102.479    32.4794     1.9646          1          1  0.000e+00
  1026.4348    101.456    102.312    32.4742     1.9579          1          1  0.000e+00
  1026.4358    101.330    102.185    32.4754     1.9503          1          1  0.000e+00
  1026.4378    101.239    102.093    32.4779     1.9437          1          1  0.000e+00
  1026.4354    101.168    102.021    32.4749     1.9387          1          1  0.000e+00
  1026.4381    101.105    101.958    32.4781     1.9338          1          1  0.000e+00
  1026.4409    101.041    101.893    32.4817     1.9303          1          1  0.000e+00
  1026.4422    100.964    101.816    32.4836     1.9285          1          1  0.000e+00
  1026.4436    100.871    101.722    32.4859     1.9279          1          1  0.000e+00
  1026.4440    100.760    101.609    32.4870     1.9281          1          1  0.000e+00
  1026.4436    100.632    101.481    32.4874     1.9290          1          1  0.000e+00
  1026.4430    100.500    101.347    32.4876     1.9302          1          1  0.000e+00
  1026.4426    100.364    101.210    32.4880     1.9319          1          1  0.000e+00
  1026.4398    100.240    101.085    32.4854     1.9339          1          1  0.000e+00
  1026.4378    100.126    100.970    32.4837     1.9353          1          1  0.000e+00
  1026.4366    100.022    100.865    32.4829     1.9365          1          1  0.000e+00
  1026.4342     99.926    100.769    32.4805     1.9368          1          1  0.000e+00
  1026.4336     99.833    100.674    32.4803     1.9364          1          1  0.000e+00
  1026.4330     99.734    100.575    32.4801     1.9356          1          1  0.000e+00
  1026.4314     99.623    100.463    32.4787     1.9354          1          1  0.000e+00
  1026.4308     99.494    100.332    32.4787     1.9350          1          1  0.000e+00
  1026.4301     99.345    100.183    32.4788     1.9350          1          1  0.000e+00
  1026.4306     99.176    100.011    32.4804     1.9353          1          1  0.000e+00
  1026.4308     98.998     99.833    32.4818     1.9364          1          1  0.000e+00
  1026.4285     98.817     99.650    32.4801     1.9377          1          1  0.000e+00
  1026.4257     98.642     99.473    32.4778     1.9388          1          1  0.000e+00
  1026.4233     98.486     99.316    32.4758     1.9390          1          1  0.000e+00
  1026.4216     98.353     99.181    32.4743     1.9389          1          1  0.000e+00
  1026.4204     98.245     99.072    32.4734     1.9386          1          1  0.000e+00
  1026.4199     98.160     98.987    32.4734     1.9380          1          1  0.000e+00
  1026.4187     98.094     98.921    32.4722     1.9378          1          1  0.000e+00
  1026.4187     98.032     98.857    32.4725     1.9374          1          1  0.000e+00
  1026.4180     97.973     98.799    32.4720     1.9372          1          1  0.000e+00
  1026.4179     97.902     98.727    32.4723     1.9371          1          1  0.000e+00
  1026.4185     97.808     98.632    32.4736     1.9371          1          1  0.000e+00
  1026.4181     97.690     98.513    32.4738     1.9376          1          1  0.000e+00
  1026.4178     97.546     98.368    32.4745     1.9387          1          1  0.000e+00
  1026.4174     97.389     98.209    32.4750     1.9401          1          1  0.000e+00
  1026.4161     97.226     98.045    32.4745     1.9421          1          1  0.000e+00
  1026.4122     97.069     97.886    32.4707     1.9436          1          1  0.000e+00
  1026.4110     96.925     97.741    32.4701     1.9441          1          1  0.000e+00
  1026.4102     96.801     97.616    32.4698     1.9441          1          1  0.000e+00
  1026.4096     96.691     97.506    32.4697     1.9444          1          1  0.000e+00
  1026.4090     96.596     97.409    32.4696     1.9447          1          1  0.000e+00
  1026.4072     96.499     97.312    32.4680     1.9452          1          1  0.000e+00
  1026.4064     96.398     97.209    32.4675     1.9450          1          1  0.000e+00
  1026.4043     96.277     97.088    32.4656     1.9445          1          1  0.000e+00
  1026.4036     96.137     96.946    32.4655     1.9437          1          1  0.000e+00
  1026.4048     95.976     96.784    32.4679     1.9434          1          1  0.000e+00
  1026.4046     95.796     96.603    32.4688     1.9439          1          1  0.000e+00
  1026.4042     95.608     96.413    32.4695     1.9449          1          1  0.000e+00
  1026.4014     95.420     96.223    32.4672     1.9461          1          1  0.000e+00
  1026.3987     95.246     96.048    32.4650     1.9466          1          1  0.000e+00
  1026.3980     95.098     95.898    32.4650     1.9463          1          1  0.000e+00
  1026.3967     94.978     95.777    32.4640     1.9459          1          1  0.000e+00
  1026.3948     94.889     95.688    32.4621     1.9456          1          1  0.000e+00
  1026.3933     94.825     95.623    32.4605     1.9446          1          1  0.000e+00
  1026.3944     94.783     95.581    32.4621     1.9435          1          1  0.000e+00
  1026.3937     94.750     95.548    32.4613     1.9429          1          1  0.000e+00
  1026.3932     94.714     95.511    32.4608     1.9421          1          1  0.000e+00
  1026.3938     94.663     95.460    32.4619     1.9413          1          1  0.000e+00
  1026.3950     94.589     95.385    32.4638     1.9408          1          1  0.000e+00
  1026.3944     94.486     95.281    32.4636     1.9412          1          1  0.000e+00
  1026.3942     94.350     95.144    32.4642     1.9418          1          1  0.000e+00
  1026.3957     94.188     94.981    32.4671     1.9429          1          1  0.000e+00
  1026.3932     94.011     94.802    32.4652     1.9449          1          1  0.000e+00
  1026.3904     93.825     94.615    32.4630     1.9465          1          1  0.000e+00
  1026.3877     93.644     94.432    32.4608     1.9473          1          1  0.000e+00
  1026.3850     93.475     94.261    32.4585     1.9474          1          1  0.000e+00
  1026.3839     93.327     94.112    32.4580     1.9469          1          1  0.000e+00
  1026.3831     93.207     93.992    32.4575     1.9463          1          1  0.000e+00
  1026.3809     93.114     93.897    32.4553     1.9457          1          1  0.000e+00
  1026.3785     93.039     93.821    32.4526     1.9449          1          1  0.000e+00
  1026.3764     92.972     93.754    32.4503     1.9435          1          1  0.000e+00
  1026.3764     92.905     93.687    32.4506     1.9417          1          1  0.000e+00
  1026.3773     92.829     93.610    32.4520     1.9401          1          1  0.000e+00
  1026.3746     92.733     93.514    32.4490     1.9388          1          1  0.000e+00
  1026.3709     92.616     93.395    32.4449     1.9371          1          1  0.000e+00
  1026.3653     92.472     93.249    32.4386     1.9342          1          1  0.000e+00
  1026.3684     92.300     93.076    32.4431     1.9306          1          1  0.000e+00
  1026.3704     92.111     92.886    32.4465     1.9282          1          1  0.000e+00
  1026.3655     91.919     92.692    32.4415     1.9277          1          1  0.000e+00
  1026.3616     91.739     92.510    32.4375     1.9262          1          1  0.000e+00
  1026.3582     91.577     92.347    32.4340     1.9234          1          1  0.000e+00
  1026.3553     91.445     92.214    32.4308     1.9193          1          1  0.000e+00
  1026.3512     91.336     92.104    32.4258     1.9144          1          1  0.000e+00
  1026.3466     91.251     92.018    32.4200     1.9085          1          1  0.000e+00
  1026.3519     91.177     91.944    32.4265     1.9012          1          1  0.000e+00
  1026.3562     91.104     91.870    32.4318     1.8965          1          1  0.000e+00
  1026.3603     91.021     91.786    32.4372     1.8943          1          1  0.000e+00
  1026.3615     90.916     91.681    32.4393     1.8943          1          1  0.000e+00
