data/eDNA/PER-2021-171/171a006.cnv
* Sea-Bird SBE19plus  Data File:
* FileName = C:\Users\RSG_field\Ryan_2021_Perley\CTD\171a006.hex
* Software version 2.3.0 SB_Terminal.dll
* Temperature SN = 7141
* Conductivity SN = 7141
* System UpLoad Time = Aug 12 2021 16:14:41
* <ApplicationData>
* <SeatermAF>
** Platform: M. Perley
** Cruise: Per2021171
** Station:  GC_06
** Cast: 01 1
** Latitude: N  44 46.979
** Longitude: W 62 26.63
** Sounding: 22.1
** Chief Scientist: Ryan Stanley
** Comment: 171a006
# nquan = 8
# nvalues = 1914                                  
# units = specified
# name 0 = density00: Density [density, kg/m^3]
# name 1 = depSM: Depth [salt water, m], lat = 45.00
# name 2 = prdM: Pressure, Strain Gauge [db]
# name 3 = sal00: Salinity, Practical [PSU]
# name 4 = tv290C: Temperature [ITS-90, deg C]
# name 5 = bpos: Bottle Position in Carousel
# name 6 = nbf: Bottles Fired
# name 7 = flag:  0.000e+00
# span 0 =   998.2690,  1023.7603                 
# span 1 =     -0.078,     20.897                 
# span 2 =     -0.079,     21.069                 
# span 3 =     0.0089,    31.1200                 
# span 4 =     9.7329,    19.7279                 
# span 5 =          0,          3                 
# span 6 =          0,          3                 
# span 7 = 0.0000e+00, 0.0000e+00                 
# interval = seconds: 0.25
# start_time = Aug 12 2021 19:02:50 [Instrument's time stamp, header]
# bad_flag = -9.990e-29
*END*
[from data line 720]
  1021.5484      1.869      1.884    30.3150    18.6113          0          0  0.000e+00
  1021.5468      1.955      1.971    30.3126    18.6118          0          0  0.000e+00
  1021.5482      2.054      2.071    30.3131    18.6096          0          0  0.000e+00
  1021.5535      2.154      2.172    30.3190    18.6081          0          0  0.000e+00
  1021.5403      2.241      2.259    30.3067    18.6251          0          0  0.000e+00
  1021.5267      2.300      2.319    30.2935    18.6409          0          0  0.000e+00
  1021.5201      2.319      2.338    30.2867    18.6467          0          0  0.000e+00
  1021.5194      2.312      2.331    30.2860    18.6474          0          0  0.000e+00
  1021.5200      2.293      2.312    30.2870    18.6474          0          0  0.000e+00
  1021.5199      2.248      2.267    30.2872    18.6479          0          0  0.000e+00
  1021.5200      2.175      2.193    30.2875    18.6471          0          0  0.000e+00
  1021.5236      2.100      2.117    30.2909    18.6416          0          0  0.000e+00
  1021.5291      2.034      2.051    30.2960    18.6339          0          0  0.000e+00
  1021.5329      1.982      1.999    30.2996    18.6284          0          0  0.000e+00
  1021.5352      1.931      1.947    30.3019    18.6254          0          0  0.000e+00
  1021.5365      1.887      1.902    30.3032    18.6233          0          0  0.000e+00
  1021.5374      1.850      1.865    30.3036    18.6205          0          0  0.000e+00
  1021.5401      1.818      1.833    30.3061    18.6163          0          0  0.000e+00
  1021.5430      1.788      1.803    30.3087    18.6119          0          0  0.000e+00
  1021.5432      1.762      1.776    30.3085    18.6100          0          0  0.000e+00
  1021.5426      1.739      1.753    30.3079    18.6103          0          0  0.000e+00
  1021.5436      1.728      1.742    30.3092    18.6099          0          0  0.000e+00
  1021.5440      1.730      1.744    30.3096    18.6098          0          0  0.000e+00
  1021.5452      1.749      1.763    30.3112    18.6101          0          0  0.000e+00
  1021.5484      1.780      1.794    30.3163    18.6136          0          0  0.000e+00
  1021.5411      1.830      1.845    30.3107    18.6268          0          0  0.000e+00
  1021.5294      1.913      1.929    30.3006    18.6451          0          0  0.000e+00
  1021.5155      1.998      2.015    30.2877    18.6629          0          0  0.000e+00
  1021.5024      2.087      2.104    30.2738    18.6745          0          0  0.000e+00
  1021.4964      2.167      2.185    30.2661    18.6767          0          0  0.000e+00
  1021.4988      2.229      2.248    30.2677    18.6730          0          0  0.000e+00
  1021.4903      2.272      2.290    30.2542    18.6666          0          0  0.000e+00
  1021.5058      2.294      2.313    30.2686    18.6486          0          0  0.000e+00
  1021.5238      2.295      2.314    30.2880    18.6353          0          0  0.000e+00
  1021.5240      2.273      2.291    30.2890    18.6371          0          0  0.000e+00
  1021.5224      2.242      2.260    30.2890    18.6431          0          0  0.000e+00
  1021.5202      2.196      2.214    30.2889    18.6510          0          0  0.000e+00
  1021.5134      2.141      2.159    30.2832    18.6600          0          0  0.000e+00
  1021.5068      2.078      2.095    30.2769    18.6663          0          0  0.000e+00
  1021.5041      2.015      2.032    30.2744    18.6682          0          0  0.000e+00
  1021.5047      1.948      1.964    30.2755    18.6678          0          0  0.000e+00
  1021.5042      1.883      1.898    30.2752    18.6680          0          0  0.000e+00
  1021.5015      1.817      1.832    30.2720    18.6678          0          0  0.000e+00
  1021.4979      1.752      1.767    30.2665    18.6641          0          0  0.000e+00
  1021.5005      1.697      1.711    30.2672    18.6550          0          0  0.000e+00
  1021.5120      1.655      1.668    30.2797    18.6456          0          0  0.000e+00
  1021.5149      1.641      1.654    30.2828    18.6436          0          0  0.000e+00
  1021.5141      1.661      1.675    30.2824    18.6459          0          0  0.000e+00
  1021.5139      1.716      1.730    30.2826    18.6483          0          0  0.000e+00
  1021.5176      1.796      1.810    30.2875    18.6498          0          0  0.000e+00
  1021.5188      1.890      1.906    30.2900    18.6548          0          0  0.000e+00
  1021.5012      1.981      1.997    30.2695    18.6644          0          0  0.000e+00
  1021.4984      2.058      2.074    30.2647    18.6621          0          0  0.000e+00
  1021.5002      2.121      2.139    30.2636    18.6527          0          0  0.000e+00
  1021.5094      2.171      2.189    30.2707    18.6376          0          0  0.000e+00
  1021.5237      2.206      2.224    30.2821    18.6155          0          0  0.000e+00
  1021.5385      2.236      2.254    30.2958    18.5983          0          0  0.000e+00
  1021.5448      2.257      2.275    30.3018    18.5916          0          0  0.000e+00
  1021.5480      2.276      2.295    30.3052    18.5898          0          0  0.000e+00
  1021.5477      2.293      2.312    30.3049    18.5902          0          0  0.000e+00
  1021.5500      2.296      2.315    30.3073    18.5885          0          0  0.000e+00
  1021.5499      2.274      2.292    30.3069    18.5872          0          0  0.000e+00
  1021.5464      2.232      2.251    30.3008    18.5817          0          0  0.000e+00
  1021.5594      2.160      2.178    30.3110    18.5589          0          0  0.000e+00
  1021.5844      2.064      2.081    30.3366    18.5349          0          0  0.000e+00
  1021.5850      1.947      1.963    30.3375    18.5332          0          0  0.000e+00
  1021.5796      1.817      1.832    30.3334    18.5399          0          0  0.000e+00
  1021.5742      1.682      1.696    30.3296    18.5475          0          0  0.000e+00
  1021.5689      1.573      1.586    30.3258    18.5554          0          0  0.000e+00
  1021.5605      1.496      1.508    30.3179    18.5641          0          0  0.000e+00
  1021.5557      1.469      1.481    30.3132    18.5683          0          0  0.000e+00
  1021.5587      1.484      1.496    30.3173    18.5689          0          0  0.000e+00
  1021.5540      1.541      1.554    30.3124    18.5740          0          0  0.000e+00
  1021.5536      1.655      1.668    30.3135    18.5812          0          0  0.000e+00
  1021.5598      1.785      1.800    30.3252    18.5946          0          0  0.000e+00
  1021.5534      1.924      1.940    30.3238    18.6194          0          0  0.000e+00
  1021.5243      2.054      2.071    30.2948    18.6501          0          0  0.000e+00
  1021.5131      2.169      2.187    30.2845    18.6658          0          0  0.000e+00
  1021.5019      2.260      2.279    30.2714    18.6727          0          0  0.000e+00
  1021.4972      2.364      2.383    30.2633    18.6684          0          0  0.000e+00
  1021.5057      2.456      2.476    30.2682    18.6502          0          0  0.000e+00
  1021.5247      2.539      2.560    30.2856    18.6286          0          0  0.000e+00
  1021.5199      2.626      2.647    30.2735    18.6118          0          0  0.000e+00
  1021.5502      2.720      2.742    30.2977    18.5649          0          0  0.000e+00
  1021.6248      2.822      2.845    30.3720    18.4937          0          0  0.000e+00
  1021.6884      2.933      2.957    30.4369    18.4378          0          0  0.000e+00
  1021.7228      3.053      3.078    30.4695    18.4009          0          0  0.000e+00
  1021.7445      3.175      3.201    30.4901    18.3786          0          0  0.000e+00
  1021.7582      3.309      3.336    30.5030    18.3653          0          0  0.000e+00
  1021.7663      3.415      3.443    30.5101    18.3561          0          0  0.000e+00
  1021.7700      3.516      3.545    30.5119    18.3482          0          0  0.000e+00
  1021.7690      3.616      3.645    30.5073    18.3396          0          0  0.000e+00
  1021.7630      3.714      3.745    30.4941    18.3247          0          0  0.000e+00
  1021.7787      3.803      3.834    30.5060    18.2990          0          0  0.000e+00
  1021.8026      3.874      3.906    30.5291    18.2745          0          0  0.000e+00
  1021.8178      3.924      3.956    30.5442    18.2602          0          0  0.000e+00
  1021.8240      3.962      3.995    30.5499    18.2534          0          0  0.000e+00
  1021.8275      3.995      4.028    30.5532    18.2500          0          0  0.000e+00
  1021.8295      4.029      4.062    30.5552    18.2485          0          0  0.000e+00
  1021.8303      4.076      4.109    30.5559    18.2482          0          0  0.000e+00
  1021.8299      4.147      4.181    30.5550    18.2483          0          0  0.000e+00
  1021.8296      4.254      4.289    30.5537    18.2474          0          0  0.000e+00
  1021.8326      4.397      4.433    30.5559    18.2449          0          0  0.000e+00
  1021.8459      4.562      4.600    30.5716    18.2422          0          0  0.000e+00
  1021.8349      4.757      4.796    30.5548    18.2386          0          0  0.000e+00
  1021.8252      4.959      4.999    30.5358    18.2220          0          0  0.000e+00
  1021.8165      5.156      5.198    30.5129    18.1889          0          0  0.000e+00
  1021.7797      5.344      5.388    30.4469    18.1363          0          0  0.000e+00
  1021.7619      5.517      5.562    30.3930    18.0419          0          0  0.000e+00
  1021.8444      5.680      5.727    30.4586    17.9094          0          0  0.000e+00
  1021.9194      5.827      5.874    30.5212    17.7981          0          0  0.000e+00
  1021.9782      5.953      6.002    30.5736    17.7214          0          0  0.000e+00
  1022.0119      6.058      6.107    30.6033    17.6769          0          0  0.000e+00
  1022.0319      6.149      6.199    30.6216    17.6531          0          0  0.000e+00
  1022.0424      6.219      6.270    30.6314    17.6423          0          0  0.000e+00
  1022.0440      6.281      6.333    30.6324    17.6395          0          0  0.000e+00
  1022.0441      6.342      6.394    30.6317    17.6378          0          0  0.000e+00
  1022.0450      6.408      6.460    30.6319    17.6362          0          0  0.000e+00
  1022.0460      6.480      6.533    30.6324    17.6348          0          0  0.000e+00
  1022.0463      6.551      6.604    30.6320    17.6335          0          0  0.000e+00
  1022.0464      6.630      6.684    30.6311    17.6316          0          0  0.000e+00
  1022.0478      6.709      6.764    30.6315    17.6288          0          0  0.000e+00
  1022.0481      6.793      6.849    30.6307    17.6263          0          0  0.000e+00
  1022.0481      6.881      6.938    30.6292    17.6232          0          0  0.000e+00
  1022.0479      6.974      7.031    30.6266    17.6173          0          0  0.000e+00
  1022.0584      7.076      7.134    30.6372    17.6089          0          0  0.000e+00
  1022.0550      7.188      7.247    30.6313    17.6065          0          0  0.000e+00
  1022.0550      7.308      7.368    30.6288    17.6009          0          0  0.000e+00
  1022.0602      7.444      7.505    30.6320    17.5918          0          0  0.000e+00
  1022.0148      7.598      7.660    30.5682    17.5803          0          0  0.000e+00
  1022.0136      7.764      7.828    30.5490    17.5261          0          0  0.000e+00
  1021.9951      7.947      8.012    30.4971    17.4393          0          0  0.000e+00
  1022.0006      8.136      8.203    30.4641    17.3111          0          0  0.000e+00
  1022.0017      8.325      8.393    30.4094    17.1295          0          0  0.000e+00
  1022.0652      8.501      8.571    30.4174    16.8837          0          0  0.000e+00
  1022.0845      8.661      8.732    30.3628    16.6186          0          0  0.000e+00
  1022.1517      8.798      8.870    30.3634    16.3246          0          0  0.000e+00
  1022.3303      8.916      8.990    30.5105    16.0319          0          0  0.000e+00
  1022.4749      9.013      9.087    30.6340    15.8082          0          0  0.000e+00
  1022.5799      9.089      9.164    30.7292    15.6641          0          0  0.000e+00
  1022.6359      9.148      9.224    30.7779    15.5800          0          0  0.000e+00
  1022.6571      9.200      9.276    30.7908    15.5295          0          0  0.000e+00
  1022.6782      9.252      9.328    30.8074    15.4923          0          0  0.000e+00
  1022.6882      9.306      9.383    30.8126    15.4656          0          0  0.000e+00
  1022.6856      9.373      9.450    30.8029    15.4443          0          0  0.000e+00
  1022.6916      9.457      9.535    30.8035    15.4204          0          0  0.000e+00
  1022.7020      9.562      9.640    30.8099    15.3974          0          0  0.000e+00
  1022.6960      9.685      9.764    30.7960    15.3781          0          0  0.000e+00
  1022.6906      9.823      9.903    30.7820    15.3561          0          0  0.000e+00
  1022.7066      9.965     10.046    30.7948    15.3305          0          0  0.000e+00
  1022.7319     10.107     10.190    30.8215    15.3114          0          0  0.000e+00
  1022.7387     10.246     10.330    30.8279    15.3058          0          0  0.000e+00
  1022.6986     10.374     10.459    30.7745    15.3038          0          0  0.000e+00
  1022.6980     10.495     10.581    30.7680    15.2858          0          0  0.000e+00
  1022.6935     10.608     10.695    30.7548    15.2618          0          0  0.000e+00
  1022.6618     10.725     10.813    30.7050    15.2337          0          0  0.000e+00
  1022.6184     10.842     10.931    30.6351    15.1877          0          0  0.000e+00
  1022.5791     10.965     11.055    30.5622    15.1119          0          0  0.000e+00
  1022.6308     11.099     11.190    30.6003    15.0091          0          0  0.000e+00
  1022.6655     11.238     11.330    30.6213    14.9246          0          0  0.000e+00
  1022.7057     11.384     11.477    30.6546    14.8584          0          0  0.000e+00
  1022.7333     11.532     11.627    30.6768    14.8115          0          0  0.000e+00
  1022.7262     11.680     11.776    30.6581    14.7802          0          0  0.000e+00
  1022.7313     11.827     11.924    30.6550    14.7476          0          0  0.000e+00
  1022.7461     11.973     12.072    30.6642    14.7140          0          0  0.000e+00
  1022.7547     12.108     12.207    30.6674    14.6873          0          0  0.000e+00
  1022.7625     12.234     12.334    30.6705    14.6644          0          0  0.000e+00
  1022.7742     12.343     12.445    30.6794    14.6435          0          0  0.000e+00
  1022.7807     12.443     12.545    30.6831    14.6279          0          0  0.000e+00
  1022.7800     12.525     12.628    30.6780    14.6145          0          0  0.000e+00
  1022.7850     12.604     12.707    30.6800    14.5997          0          0  0.000e+00
  1022.7919     12.674     12.778    30.6848    14.5854          0          0  0.000e+00
  1022.7973     12.740     12.844    30.6880    14.5732          0          0  0.000e+00
  1022.7994     12.802     12.907    30.6881    14.5647          0          0  0.000e+00
  1022.8011     12.858     12.964    30.6879    14.5571          0          0  0.000e+00
  1022.8052     12.916     13.022    30.6911    14.5502          0          0  0.000e+00
  1022.8037     12.977     13.084    30.6874    14.5450          0          0  0.000e+00
  1022.8007     13.040     13.147    30.6817    14.5397          0          0  0.000e+00
