data/eDNA/PER-2021-171/171a016.cnv
* Sea-Bird SBE19plus  Data File:
* FileName = C:\Users\RSG_field\Ryan_2021_Perley\CTD\171a016.hex
* Software version 2.3.0 SB_Terminal.dll
* Temperature SN = 7141
* Conductivity SN = 7141
* System UpLoad Time = Aug 13 2021 10:19:32
* <ApplicationData>
* <SeatermAF>
** Platform: M. Perley
** Cruise: Per2021171
** Station:  ESI_04
** Cast: 01
** Latitude: N  44 45.211
** Longitude: W 62 5.872
** Sounding: 100
** Chief Scientist: Ryan Stanley
** Comment: 171a016
# nquan = 8
# nvalues = 3534                                  
# units = specified
# name 0 = density00: Density [density, kg/m^3]
# name 1 = depSM: Depth [salt water, m], lat = 45.00
# name 2 = prdM: Pressure, Strain Gauge [db]
# name 3 = sal00: Salinity, Practical [PSU]
# name 4 = tv290C: Temperature [ITS-90, deg C]
# name 5 = bpos: Bottle Position in Carousel
# name 6 = nbf: Bottles Fired
# name 7 = flag:  0.000e+00
# span 0 =   998.3440,  1026.4106                 
# span 1 =     -0.078,     96.723                 
# span 2 =     -0.079,     97.537                 
# span 3 =     0.0097,    32.6596                 
# span 4 =     3.1920,    19.3519                 
# span 5 =          0,          2                 
# span 6 =          0,          2                 
# span 7 = 0.0000e+00, 0.0000e+00                 
# interval = seconds: 0.25
# start_time = Aug 13 2021 13:01:14 [Instrument's time stamp, header]
# bad_flag = -9.990e-29
*END*
[from data line 2877]
  1026.0026     73.345     73.958    32.2472     3.3706          1          1  0.000e+00
  1026.0011     73.224     73.836    32.2459     3.3700          1          1  0.000e+00
  1025.9967     73.124     73.736    32.2410     3.3694          1          1  0.000e+00
  1025.9944     73.040     73.651    32.2385     3.3682          1          1  0.000e+00
  1025.9929     72.962     73.572    32.2368     3.3667          1          1  0.000e+00
  1025.9921     72.881     73.491    32.2361     3.3654          1          1  0.000e+00
  1025.9875     72.792     73.401    32.2308     3.3642          1          1  0.000e+00
  1025.9874     72.691     73.298    32.2312     3.3629          1          1  0.000e+00
  1025.9832     72.578     73.185    32.2263     3.3619          1          1  0.000e+00
  1025.9800     72.451     73.057    32.2229     3.3608          1          1  0.000e+00
  1025.9804     72.314     72.919    32.2242     3.3601          1          1  0.000e+00
  1025.9814     72.173     72.777    32.2263     3.3599          1          1  0.000e+00
  1025.9785     72.041     72.643    32.2235     3.3600          1          1  0.000e+00
  1025.9731     71.919     72.520    32.2174     3.3598          1          1  0.000e+00
  1025.9708     71.813     72.413    32.2150     3.3586          1          1  0.000e+00
  1025.9683     71.726     72.325    32.2122     3.3571          1          1  0.000e+00
  1025.9655     71.658     72.257    32.2088     3.3553          1          1  0.000e+00
  1025.9636     71.608     72.207    32.2065     3.3533          1          1  0.000e+00
  1025.9599     71.555     72.153    32.2020     3.3512          1          1  0.000e+00
  1025.9629     71.502     72.100    32.2059     3.3490          1          1  0.000e+00
  1025.9601     71.436     72.034    32.2025     3.3475          1          1  0.000e+00
  1025.9574     71.352     71.948    32.1995     3.3463          1          1  0.000e+00
  1025.9519     71.239     71.835    32.1930     3.3442          1          1  0.000e+00
  1025.9473     71.097     71.691    32.1878     3.3417          1          1  0.000e+00
  1025.9493     70.926     71.519    32.1910     3.3389          1          1  0.000e+00
  1025.9475     70.733     71.325    32.1896     3.3371          1          1  0.000e+00
  1025.9363     70.519     71.109    32.1767     3.3353          1          1  0.000e+00
  1025.9297     70.296     70.883    32.1692     3.3314          1          1  0.000e+00
  1025.9243     70.068     70.653    32.1632     3.3254          1          1  0.000e+00
  1025.9232     69.841     70.424    32.1623     3.3189          1          1  0.000e+00
  1025.9175     69.623     70.205    32.1558     3.3127          1          1  0.000e+00
  1025.9159     69.419     69.999    32.1543     3.3066          1          1  0.000e+00
  1025.9153     69.235     69.814    32.1540     3.3006          1          1  0.000e+00
  1025.9170     69.080     69.657    32.1565     3.2958          1          1  0.000e+00
  1025.9148     68.957     69.533    32.1540     3.2924          1          1  0.000e+00
  1025.9114     68.871     69.446    32.1500     3.2892          1          1  0.000e+00
  1025.9042     68.820     69.395    32.1409     3.2857          1          1  0.000e+00
  1025.8957     68.801     69.376    32.1297     3.2808          1          1  0.000e+00
  1025.8696     68.808     69.383    32.0961     3.2736          1          1  0.000e+00
  1025.8677     68.832     69.407    32.0921     3.2608          1          1  0.000e+00
  1025.8658     68.870     69.445    32.0880     3.2472          1          1  0.000e+00
  1025.8596     68.899     69.475    32.0787     3.2359          1          1  0.000e+00
  1025.8598     68.912     69.488    32.0778     3.2254          1          1  0.000e+00
  1025.8668     68.895     69.471    32.0857     3.2170          1          1  0.000e+00
  1025.8753     68.844     69.419    32.0961     3.2123          1          1  0.000e+00
  1025.8791     68.748     69.322    32.1013     3.2114          1          1  0.000e+00
  1025.8736     68.615     69.188    32.0954     3.2128          1          1  0.000e+00
  1025.8715     68.443     69.014    32.0938     3.2134          1          1  0.000e+00
  1025.8740     68.239     68.809    32.0984     3.2142          1          1  0.000e+00
  1025.8702     68.027     68.595    32.0950     3.2156          1          1  0.000e+00
  1025.8643     67.806     68.373    32.0889     3.2168          1          1  0.000e+00
  1025.8600     67.590     68.155    32.0849     3.2166          1          1  0.000e+00
  1025.8518     67.380     67.943    32.0757     3.2153          1          1  0.000e+00
  1025.8501     67.182     67.743    32.0744     3.2129          1          1  0.000e+00
  1025.8501     67.000     67.559    32.0753     3.2105          1          1  0.000e+00
  1025.8495     66.835     67.393    32.0753     3.2089          1          1  0.000e+00
  1025.8456     66.693     67.250    32.0712     3.2077          1          1  0.000e+00
  1025.8441     66.575     67.130    32.0698     3.2062          1          1  0.000e+00
  1025.8386     66.485     67.040    32.0633     3.2048          1          1  0.000e+00
  1025.8357     66.420     66.974    32.0598     3.2029          1          1  0.000e+00
  1025.8346     66.370     66.924    32.0585     3.2010          1          1  0.000e+00
  1025.8355     66.335     66.889    32.0596     3.1995          1          1  0.000e+00
  1025.8358     66.300     66.853    32.0602     3.1985          1          1  0.000e+00
  1025.8347     66.263     66.816    32.0590     3.1979          1          1  0.000e+00
  1025.8329     66.213     66.766    32.0570     3.1982          1          1  0.000e+00
  1025.8324     66.153     66.705    32.0569     3.1997          1          1  0.000e+00
  1025.8328     66.064     66.615    32.0581     3.2010          1          1  0.000e+00
  1025.8328     65.958     66.508    32.0589     3.2027          1          1  0.000e+00
  1025.8312     65.830     66.380    32.0578     3.2050          1          1  0.000e+00
  1025.8276     65.682     66.230    32.0545     3.2073          1          1  0.000e+00
  1025.8249     65.517     66.063    32.0523     3.2087          1          1  0.000e+00
  1025.8234     65.342     65.887    32.0515     3.2093          1          1  0.000e+00
  1025.8214     65.156     65.700    32.0501     3.2097          1          1  0.000e+00
  1025.8193     64.968     65.511    32.0487     3.2106          1          1  0.000e+00
  1025.8171     64.781     65.321    32.0471     3.2113          1          1  0.000e+00
  1025.8152     64.602     65.141    32.0459     3.2122          1          1  0.000e+00
  1025.8132     64.436     64.974    32.0444     3.2129          1          1  0.000e+00
  1025.8111     64.284     64.820    32.0427     3.2136          1          1  0.000e+00
  1025.8096     64.146     64.681    32.0418     3.2139          1          1  0.000e+00
  1025.8086     64.023     64.557    32.0413     3.2140          1          1  0.000e+00
  1025.8069     63.913     64.446    32.0398     3.2142          1          1  0.000e+00
  1025.8059     63.820     64.353    32.0390     3.2141          1          1  0.000e+00
  1025.8051     63.748     64.280    32.0385     3.2142          1          1  0.000e+00
  1025.8045     63.702     64.233    32.0381     3.2142          1          1  0.000e+00
  1025.8034     63.674     64.205    32.0369     3.2146          1          1  0.000e+00
  1025.8004     63.666     64.197    32.0332     3.2148          1          1  0.000e+00
  1025.7941     63.676     64.207    32.0252     3.2147          1          1  0.000e+00
  1025.7855     63.687     64.218    32.0142     3.2135          1          1  0.000e+00
  1025.7742     63.695     64.226    31.9996     3.2102          1          1  0.000e+00
  1025.7773     63.674     64.205    32.0032     3.2059          1          1  0.000e+00
  1025.7812     63.621     64.152    32.0081     3.2030          1          1  0.000e+00
  1025.7813     63.530     64.060    32.0086     3.2021          1          1  0.000e+00
  1025.7842     63.397     63.926    32.0130     3.2025          1          1  0.000e+00
  1025.7824     63.236     63.764    32.0120     3.2043          1          1  0.000e+00
  1025.7817     63.038     63.564    32.0124     3.2062          1          1  0.000e+00
  1025.7779     62.820     63.343    32.0092     3.2079          1          1  0.000e+00
  1025.7709     62.590     63.111    32.0019     3.2091          1          1  0.000e+00
  1025.7588     62.359     62.879    31.9881     3.2091          1          1  0.000e+00
  1025.7562     62.125     62.643    31.9862     3.2090          1          1  0.000e+00
  1025.7519     61.910     62.426    31.9821     3.2094          1          1  0.000e+00
  1025.7490     61.704     62.219    31.9798     3.2107          1          1  0.000e+00
  1025.7458     61.510     62.023    31.9771     3.2124          1          1  0.000e+00
  1025.7429     61.347     61.858    31.9747     3.2145          1          1  0.000e+00
  1025.7412     61.203     61.713    31.9737     3.2165          1          1  0.000e+00
  1025.7398     61.085     61.594    31.9729     3.2187          1          1  0.000e+00
  1025.7376     60.994     61.502    31.9709     3.2216          1          1  0.000e+00
  1025.7336     60.919     61.426    31.9667     3.2250          1          1  0.000e+00
  1025.7314     60.863     61.370    31.9646     3.2270          1          1  0.000e+00
  1025.7307     60.822     61.329    31.9641     3.2295          1          1  0.000e+00
  1025.7261     60.781     61.287    31.9592     3.2345          1          1  0.000e+00
  1025.7218     60.743     61.249    31.9546     3.2394          1          1  0.000e+00
  1025.7147     60.711     61.217    31.9466     3.2464          1          1  0.000e+00
  1025.7060     60.668     61.173    31.9369     3.2549          1          1  0.000e+00
  1025.6996     60.617     61.122    31.9299     3.2617          1          1  0.000e+00
  1025.6960     60.562     61.066    31.9263     3.2659          1          1  0.000e+00
  1025.6939     60.484     60.988    31.9243     3.2684          1          1  0.000e+00
  1025.6915     60.396     60.899    31.9221     3.2706          1          1  0.000e+00
  1025.6893     60.300     60.802    31.9202     3.2732          1          1  0.000e+00
  1025.6863     60.192     60.693    31.9173     3.2752          1          1  0.000e+00
  1025.6823     60.079     60.580    31.9131     3.2773          1          1  0.000e+00
  1025.6784     59.961     60.461    31.9093     3.2799          1          1  0.000e+00
  1025.6749     59.839     60.337    31.9058     3.2823          1          1  0.000e+00
  1025.6717     59.716     60.213    31.9028     3.2847          1          1  0.000e+00
  1025.6688     59.580     60.076    31.9003     3.2867          1          1  0.000e+00
  1025.6651     59.425     59.920    31.8967     3.2885          1          1  0.000e+00
  1025.6616     59.263     59.757    31.8935     3.2907          1          1  0.000e+00
  1025.6588     59.085     59.577    31.8914     3.2928          1          1  0.000e+00
  1025.6557     58.883     59.374    31.8888     3.2946          1          1  0.000e+00
  1025.6526     58.677     59.165    31.8863     3.2961          1          1  0.000e+00
  1025.6496     58.459     58.946    31.8840     3.2976          1          1  0.000e+00
  1025.6461     58.246     58.731    31.8811     3.2991          1          1  0.000e+00
  1025.6422     58.046     58.529    31.8775     3.3006          1          1  0.000e+00
  1025.6396     57.866     58.347    31.8755     3.3020          1          1  0.000e+00
  1025.6370     57.714     58.195    31.8733     3.3035          1          1  0.000e+00
  1025.6324     57.590     58.069    31.8684     3.3050          1          1  0.000e+00
  1025.6257     57.494     57.972    31.8608     3.3068          1          1  0.000e+00
  1025.6215     57.425     57.903    31.8562     3.3094          1          1  0.000e+00
  1025.6190     57.375     57.852    31.8536     3.3116          1          1  0.000e+00
  1025.6165     57.341     57.818    31.8508     3.3130          1          1  0.000e+00
  1025.6135     57.311     57.788    31.8474     3.3144          1          1  0.000e+00
  1025.6056     57.284     57.761    31.8381     3.3186          1          1  0.000e+00
  1025.5933     57.262     57.739    31.8242     3.3309          1          1  0.000e+00
  1025.5816     57.233     57.709    31.8110     3.3426          1          1  0.000e+00
  1025.5733     57.197     57.673    31.8017     3.3507          1          1  0.000e+00
  1025.5679     57.152     57.628    31.7957     3.3555          1          1  0.000e+00
  1025.5646     57.094     57.569    31.7922     3.3579          1          1  0.000e+00
  1025.5635     57.025     57.500    31.7914     3.3597          1          1  0.000e+00
  1025.5628     56.938     57.412    31.7911     3.3605          1          1  0.000e+00
  1025.5616     56.832     57.305    31.7903     3.3611          1          1  0.000e+00
  1025.5600     56.704     57.176    31.7892     3.3621          1          1  0.000e+00
  1025.5587     56.551     57.022    31.7886     3.3630          1          1  0.000e+00
  1025.5581     56.369     56.838    31.7890     3.3634          1          1  0.000e+00
  1025.5566     56.154     56.621    31.7883     3.3633          1          1  0.000e+00
  1025.5536     55.917     56.382    31.7860     3.3633          1          1  0.000e+00
  1025.5500     55.666     56.129    31.7830     3.3641          1          1  0.000e+00
  1025.5474     55.405     55.866    31.7814     3.3646          1          1  0.000e+00
  1025.5434     55.157     55.616    31.7778     3.3651          1          1  0.000e+00
  1025.5401     54.929     55.386    31.7750     3.3651          1          1  0.000e+00
  1025.5379     54.730     55.185    31.7734     3.3644          1          1  0.000e+00
  1025.5365     54.569     55.023    31.7725     3.3635          1          1  0.000e+00
  1025.5345     54.450     54.903    31.7706     3.3626          1          1  0.000e+00
  1025.5334     54.366     54.818    31.7696     3.3616          1          1  0.000e+00
  1025.5354     54.310     54.762    31.7724     3.3606          1          1  0.000e+00
  1025.5340     54.273     54.724    31.7707     3.3601          1          1  0.000e+00
  1025.5318     54.254     54.705    31.7680     3.3598          1          1  0.000e+00
  1025.5306     54.241     54.692    31.7666     3.3594          1          1  0.000e+00
  1025.5276     54.228     54.679    31.7629     3.3590          1          1  0.000e+00
  1025.5257     54.209     54.660    31.7606     3.3590          1          1  0.000e+00
  1025.5243     54.180     54.630    31.7590     3.3592          1          1  0.000e+00
  1025.5247     54.138     54.589    31.7597     3.3594          1          1  0.000e+00
  1025.5243     54.068     54.518    31.7597     3.3598          1          1  0.000e+00
  1025.5235     53.977     54.426    31.7593     3.3602          1          1  0.000e+00
  1025.5229     53.864     54.312    31.7593     3.3607          1          1  0.000e+00
  1025.5214     53.726     54.173    31.7583     3.3613          1          1  0.000e+00
  1025.5195     53.567     54.012    31.7570     3.3618          1          1  0.000e+00
  1025.5187     53.393     53.837    31.7570     3.3620          1          1  0.000e+00
  1025.5176     53.217     53.660    31.7566     3.3622          1          1  0.000e+00
  1025.5157     53.037     53.478    31.7554     3.3625          1          1  0.000e+00
  1025.5132     52.862     53.301    31.7533     3.3628          1          1  0.000e+00
