data/eDNA/PER-2021-171/171a002.ros
* Sea-Bird SBE19plus  Data File:
* FileName = C:\Users\RSG_field\Ryan_2021_Perley\CTD\171a002.hex
* Software version 2.3.0 SB_Terminal.dll
* Temperature SN = 7141
* Conductivity SN = 7141
* System UpLoad Time = Aug 09 2021 08:55:26
* <ApplicationData>
* <SeatermAF>
** Platform: M. Perley
** Cruise: Per2021171
** Station:  ESI-08
** Cast: 01
** Latitude: N  44 40.1412
** Longitude: W 62 20.7438
** Sounding: 111
** Chief Scientist: Ryan Stanley
** Comment: Also GC_5
** same station as GC_5
# nquan = 9
# nvalues = 54                                    
# units = specified
# name 0 = density00: Density [density, kg/m^3]
# name 1 = depSM: Depth [salt water, m], lat = 45.00
# name 2 = prdM: Pressure, Strain Gauge [db]
# name 3 = sal00: Salinity, Practical [PSU]
# name 4 = tv290C: Temperature [ITS-90, deg C]
# name 5 = bpos: Bottle Position in Carousel
# name 6 = nbf: Bottles Fired
# name 7 = scan: Scan Count
# name 8 = flag:  0.000e+00
# interval = seconds: 0.25
# start_time = Aug 09 2021 11:31:42 [Instrument's time stamp, header]
# bad_flag = -9.990e-29
*END*
  1026.4411     97.530     98.352    32.7402     4.0674          1          1       2240  0.000e+00
  1026.4294     97.231     98.050    32.7260     4.0580          1          1       2241  0.000e+00
  1026.4298     96.927     97.743    32.7265     4.0447          1          1       2242  0.000e+00
  1026.4340     96.630     97.444    32.7321     4.0326          1          1       2243  0.000e+00
  1026.4379     96.356     97.167    32.7374     4.0237          1          1       2244  0.000e+00
  1026.4400     96.115     96.924    32.7408     4.0174          1          1       2245  0.000e+00
  1026.4413     95.925     96.733    32.7430     4.0132          1          1       2246  0.000e+00
  1026.4410     95.794     96.600    32.7430     4.0103          1          1       2247  0.000e+00
  1026.4416     95.728     96.534    32.7438     4.0077          1          1       2248  0.000e+00
  1026.2052     75.175     75.805    32.4969     3.4223          2          2       2764  0.000e+00
  1026.2014     75.018     75.645    32.4926     3.4189          2          2       2765  0.000e+00
  1026.1937     74.904     75.531    32.4831     3.4147          2          2       2766  0.000e+00
  1026.1953     74.828     75.454    32.4849     3.4083          2          2       2767  0.000e+00
  1026.1980     74.786     75.412    32.4878     3.4027          2          2       2768  0.000e+00
  1026.1966     74.786     75.412    32.4857     3.3988          2          2       2769  0.000e+00
  1026.1966     74.837     75.464    32.4850     3.3954          2          2       2770  0.000e+00
  1026.1961     74.874     75.501    32.4837     3.3922          2          2       2771  0.000e+00
  1026.1983     74.942     75.569    32.4857     3.3891          2          2       2772  0.000e+00
  1025.8309     50.234     50.651    32.1469     3.1760          3          3       3003  0.000e+00
  1025.8273     49.961     50.376    32.1439     3.1748          3          3       3004  0.000e+00
  1025.8251     49.689     50.101    32.1426     3.1729          3          3       3005  0.000e+00
  1025.8236     49.423     49.833    32.1421     3.1708          3          3       3006  0.000e+00
  1025.8220     49.172     49.581    32.1413     3.1690          3          3       3007  0.000e+00
  1025.8214     48.948     49.354    32.1417     3.1674          3          3       3008  0.000e+00
  1025.8181     48.748     49.153    32.1387     3.1664          3          3       3009  0.000e+00
  1025.8127     48.582     48.985    32.1326     3.1650          3          3       3010  0.000e+00
  1025.8088     48.447     48.850    32.1284     3.1638          3          3       3011  0.000e+00
  1024.9770     25.547     25.757    31.5478     5.7303          4          4       3207  0.000e+00
  1024.9598     25.419     25.629    31.5308     5.7578          4          4       3208  0.000e+00
  1024.9537     25.307     25.516    31.5267     5.7775          4          4       3209  0.000e+00
  1024.9525     25.212     25.420    31.5284     5.7948          4          4       3210  0.000e+00
  1024.9607     25.132     25.339    31.5421     5.8141          4          4       3211  0.000e+00
  1024.9794     25.071     25.277    31.5704     5.8428          4          4       3212  0.000e+00
  1024.9642     25.025     25.232    31.5583     5.8888          4          4       3213  0.000e+00
  1024.9498     24.995     25.202    31.5475     5.9369          4          4       3214  0.000e+00
  1024.9268     24.979     25.184    31.5254     5.9828          4          4       3215  0.000e+00
  1022.1700      2.626      2.648    30.8356    17.6951          5          5       3402  0.000e+00
  1022.1671      2.487      2.507    30.8343    17.7003          5          5       3403  0.000e+00
  1022.1644      2.386      2.405    30.8329    17.7057          5          5       3404  0.000e+00
  1022.1604      2.321      2.340    30.8294    17.7098          5          5       3405  0.000e+00
  1022.1593      2.301      2.320    30.8287    17.7119          5          5       3406  0.000e+00
  1022.1588      2.328      2.347    30.8284    17.7133          5          5       3407  0.000e+00
  1022.1586      2.392      2.412    30.8280    17.7143          5          5       3408  0.000e+00
  1022.1602      2.493      2.513    30.8296    17.7148          5          5       3409  0.000e+00
  1022.1600      2.603      2.624    30.8291    17.7159          5          5       3410  0.000e+00
  1022.1666      1.718      1.732    30.8335    17.6855          6          6       3420  0.000e+00
  1022.1685      1.618      1.632    30.8370    17.6869          6          6       3421  0.000e+00
  1022.1685      1.528      1.541    30.8386    17.6906          6          6       3422  0.000e+00
  1022.1636      1.426      1.437    30.8346    17.6962          6          6       3423  0.000e+00
  1022.1596      1.295      1.306    30.8314    17.7000          6          6       3424  0.000e+00
  1022.1552      1.121      1.130    30.8272    17.7020          6          6       3425  0.000e+00
  1022.1465      0.893      0.901    30.8170    17.7013          6          6       3426  0.000e+00
  1022.1428      0.615      0.620    30.8117    17.6950          6          6       3427  0.000e+00
  1022.1479      0.280      0.282    30.8171    17.6845          6          6       3428  0.000e+00
