data/eDNA/PER-2021-171/171a008.cnv
* Sea-Bird SBE19plus  Data File:
* FileName = C:\Users\RSG_field\Ryan_2021_Perley\CTD\171a008.hex
* Software version 2.3.0 SB_Terminal.dll
* Temperature SN = 7141
* Conductivity SN = 7141
* System UpLoad Time = Aug 11 2021 10:41:52
* <ApplicationData>
* <SeatermAF>
** Platform: M. Perley
** Cruise: Per2021171
** Station:  ESI_16
** Cast: 01 1
** Latitude: N  44 30.177
** Longitude: W 62 50.614
** Sounding: 116
** Chief Scientist: Ryan Stanley
** Comment: Calm seas
# nquan = 8
# nvalues = 3571                                  
# units = specified
# name 0 = density00: Density [density, kg/m^3]
# name 1 = depSM: Depth [salt water, m], lat = 45.00
# name 2 = prdM: Pressure, Strain Gauge [db]
# name 3 = sal00: Salinity, Practical [PSU]
# name 4 = tv290C: Temperature [ITS-90, deg C]
# name 5 = bpos: Bottle Position in Carousel
# name 6 = nbf: Bottles Fired
# name 7 = flag:  0.000e+00
# span 0 =   998.3915,  1026.7645                 
# span 1 =     -0.036,    113.423                 
# span 2 =     -0.036,    114.383                 
# span 3 =     0.0082,    33.2480                 
# span 4 =     3.3337,    19.1132                 
# span 5 =          0,          2                 
# span 6 =          0,          2                 
# span 7 = 0.0000e+00, 0.0000e+00                 
# interval = seconds: 0.25
# start_time = Aug 11 2021 13:22:30 [Instrument's time stamp, header]
# bad_flag = -9.990e-29
*END*
[from data line 180]
  1022.1148      1.937      1.953    30.9561    18.2964          0          0  0.000e+00
  1022.1165      1.860      1.876    30.9574    18.2920          0          0  0.000e+00
  1022.1214      1.806      1.821    30.9612    18.2830          0          0  0.000e+00
  1022.1321      1.779      1.793    30.9703    18.2670          0          0  0.000e+00
  1022.1400      1.786      1.801    30.9754    18.2508          0          0  0.000e+00
  1022.1378      1.833      1.848    30.9675    18.2357          0          0  0.000e+00
  1022.1252      1.919      1.934    30.9464    18.2226          0          0  0.000e+00
  1022.1176      2.042      2.058    30.9323    18.2119          0          0  0.000e+00
  1022.1145      2.192      2.210    30.9246    18.2030          0          0  0.000e+00
  1022.1199      2.349      2.368    30.9283    18.1953          0          0  0.000e+00
  1022.1341      2.486      2.506    30.9441    18.1887          0          0  0.000e+00
  1022.1723      2.591      2.612    30.9922    18.1850          0          0  0.000e+00
  1022.1926      2.658      2.679    31.0178    18.1832          0          0  0.000e+00
  1022.1807      2.683      2.705    31.0071    18.1991          0          0  0.000e+00
  1022.1444      2.663      2.685    30.9725    18.2395          0          0  0.000e+00
  1022.1117      2.609      2.630    30.9403    18.2721          0          0  0.000e+00
  1022.0842      2.536      2.556    30.9120    18.2947          0          0  0.000e+00
  1022.0692      2.451      2.471    30.8966    18.3066          0          0  0.000e+00
  1022.0705      2.366      2.385    30.8991    18.3074          0          0  0.000e+00
  1022.0839      2.293      2.312    30.9120    18.2918          0          0  0.000e+00
  1022.0982      2.230      2.249    30.9250    18.2727          0          0  0.000e+00
  1022.1131      2.183      2.201    30.9405    18.2587          0          0  0.000e+00
  1022.1267      2.150      2.167    30.9560    18.2511          0          0  0.000e+00
  1022.1334      2.119      2.136    30.9639    18.2477          0          0  0.000e+00
  1022.1378      2.094      2.111    30.9681    18.2424          0          0  0.000e+00
  1022.1425      2.067      2.084    30.9729    18.2376          0          0  0.000e+00
  1022.1405      2.041      2.057    30.9716    18.2415          0          0  0.000e+00
  1022.1323      2.009      2.025    30.9646    18.2522          0          0  0.000e+00
  1022.1258      1.980      1.996    30.9587    18.2600          0          0  0.000e+00
  1022.1225      1.961      1.977    30.9553    18.2627          0          0  0.000e+00
  1022.1201      1.956      1.972    30.9521    18.2622          0          0  0.000e+00
  1022.1162      1.972      1.988    30.9466    18.2616          0          0  0.000e+00
  1022.1105      2.008      2.024    30.9397    18.2636          0          0  0.000e+00
  1022.1105      2.068      2.085    30.9382    18.2601          0          0  0.000e+00
  1022.1174      2.142      2.160    30.9440    18.2512          0          0  0.000e+00
  1022.1318      2.228      2.247    30.9590    18.2407          0          0  0.000e+00
  1022.1460      2.317      2.336    30.9753    18.2349          0          0  0.000e+00
  1022.1499      2.402      2.422    30.9793    18.2336          0          0  0.000e+00
  1022.1535      2.472      2.492    30.9833    18.2325          0          0  0.000e+00
  1022.1460      2.530      2.551    30.9763    18.2422          0          0  0.000e+00
  1022.1283      2.572      2.593    30.9596    18.2638          0          0  0.000e+00
  1022.1104      2.596      2.617    30.9432    18.2861          0          0  0.000e+00
  1022.0974      2.602      2.624    30.9304    18.2997          0          0  0.000e+00
  1022.0542      2.595      2.616    30.8761    18.3063          0          0  0.000e+00
  1022.0229      2.571      2.592    30.8301    18.2900          0          0  0.000e+00
  1022.0581      2.531      2.552    30.8612    18.2422          0          0  0.000e+00
  1022.0853      2.478      2.499    30.8859    18.2071          0          0  0.000e+00
  1022.0991      2.405      2.425    30.8986    18.1885          0          0  0.000e+00
  1022.1049      2.322      2.341    30.9038    18.1797          0          0  0.000e+00
  1022.1070      2.229      2.248    30.9059    18.1757          0          0  0.000e+00
  1022.1070      2.127      2.144    30.9060    18.1740          0          0  0.000e+00
  1022.1043      2.022      2.038    30.9029    18.1734          0          0  0.000e+00
  1022.1092      1.920      1.936    30.9100    18.1739          0          0  0.000e+00
  1022.1069      1.836      1.851    30.9080    18.1752          0          0  0.000e+00
  1022.1026      1.770      1.785    30.9033    18.1770          0          0  0.000e+00
  1022.1003      1.732      1.746    30.9013    18.1798          0          0  0.000e+00
  1022.0959      1.728      1.742    30.8965    18.1825          0          0  0.000e+00
  1022.0902      1.764      1.778    30.8899    18.1859          0          0  0.000e+00
  1022.0881      1.831      1.846    30.8880    18.1899          0          0  0.000e+00
  1022.0870      1.935      1.951    30.8865    18.1918          0          0  0.000e+00
  1022.0870      2.064      2.081    30.8857    18.1918          0          0  0.000e+00
  1022.0813      2.213      2.232    30.8771    18.1905          0          0  0.000e+00
  1022.0821      2.367      2.387    30.8783    18.1941          0          0  0.000e+00
  1022.0835      2.522      2.543    30.8810    18.1995          0          0  0.000e+00
  1022.0877      2.655      2.677    30.8856    18.1990          0          0  0.000e+00
  1022.0952      2.756      2.779    30.8928    18.1930          0          0  0.000e+00
  1022.0977      2.821      2.844    30.8944    18.1887          0          0  0.000e+00
  1022.0981      2.841      2.864    30.8946    18.1880          0          0  0.000e+00
  1022.0971      2.818      2.841    30.8937    18.1892          0          0  0.000e+00
  1022.0972      2.749      2.771    30.8945    18.1898          0          0  0.000e+00
  1022.0945      2.640      2.661    30.8915    18.1893          0          0  0.000e+00
  1022.0935      2.507      2.528    30.8912    18.1904          0          0  0.000e+00
  1022.0917      2.353      2.373    30.8901    18.1913          0          0  0.000e+00
  1022.0895      2.192      2.210    30.8882    18.1914          0          0  0.000e+00
  1022.0878      2.034      2.051    30.8869    18.1916          0          0  0.000e+00
  1022.0853      1.890      1.906    30.8849    18.1926          0          0  0.000e+00
  1022.0840      1.771      1.786    30.8841    18.1934          0          0  0.000e+00
  1022.0814      1.687      1.700    30.8816    18.1948          0          0  0.000e+00
  1022.0792      1.642      1.656    30.8796    18.1965          0          0  0.000e+00
  1022.0775      1.640      1.653    30.8779    18.1983          0          0  0.000e+00
  1022.0747      1.677      1.691    30.8746    18.1999          0          0  0.000e+00
  1022.0608      1.753      1.768    30.8564    18.2018          0          0  0.000e+00
  1022.0698      1.864      1.879    30.8685    18.2047          0          0  0.000e+00
  1022.0707      1.996      2.012    30.8694    18.2059          0          0  0.000e+00
  1022.0752      2.141      2.159    30.8740    18.2047          0          0  0.000e+00
  1022.0808      2.289      2.307    30.8794    18.2015          0          0  0.000e+00
  1022.0819      2.432      2.452    30.8807    18.2034          0          0  0.000e+00
  1022.0731      2.560      2.581    30.8709    18.2114          0          0  0.000e+00
  1022.0755      2.661      2.683    30.8729    18.2095          0          0  0.000e+00
  1022.0905      2.736      2.758    30.8878    18.1962          0          0  0.000e+00
  1022.0970      2.775      2.798    30.8933    18.1872          0          0  0.000e+00
  1022.0928      2.779      2.802    30.8893    18.1922          0          0  0.000e+00
  1022.0872      2.744      2.767    30.8834    18.1957          0          0  0.000e+00
  1022.0901      2.680      2.702    30.8861    18.1911          0          0  0.000e+00
  1022.0910      2.580      2.601    30.8878    18.1910          0          0  0.000e+00
  1022.0875      2.464      2.484    30.8850    18.1948          0          0  0.000e+00
  1022.0823      2.336      2.356    30.8806    18.1998          0          0  0.000e+00
  1022.0785      2.207      2.225    30.8775    18.2037          0          0  0.000e+00
  1022.0758      2.090      2.108    30.8755    18.2061          0          0  0.000e+00
  1022.0737      1.992      2.008    30.8738    18.2075          0          0  0.000e+00
  1022.0722      1.915      1.930    30.8725    18.2084          0          0  0.000e+00
  1022.0710      1.865      1.880    30.8712    18.2081          0          0  0.000e+00
  1022.0684      1.841      1.856    30.8677    18.2074          0          0  0.000e+00
  1022.0670      1.841      1.856    30.8656    18.2066          0          0  0.000e+00
  1022.0670      1.863      1.878    30.8655    18.2068          0          0  0.000e+00
  1022.0685      1.904      1.920    30.8677    18.2081          0          0  0.000e+00
  1022.0721      1.960      1.976    30.8724    18.2092          0          0  0.000e+00
  1022.0756      2.029      2.046    30.8764    18.2085          0          0  0.000e+00
  1022.0793      2.104      2.121    30.8798    18.2056          0          0  0.000e+00
  1022.0814      2.183      2.201    30.8818    18.2045          0          0  0.000e+00
  1022.0794      2.260      2.279    30.8791    18.2059          0          0  0.000e+00
  1022.0775      2.332      2.351    30.8771    18.2086          0          0  0.000e+00
  1022.0745      2.401      2.421    30.8733    18.2103          0          0  0.000e+00
  1022.0731      2.466      2.486    30.8715    18.2116          0          0  0.000e+00
  1022.0738      2.517      2.537    30.8724    18.2123          0          0  0.000e+00
  1022.0775      2.556      2.577    30.8768    18.2118          0          0  0.000e+00
  1022.0786      2.580      2.601    30.8777    18.2103          0          0  0.000e+00
  1022.0826      2.588      2.609    30.8821    18.2079          0          0  0.000e+00
  1022.0871      2.577      2.598    30.8865    18.2030          0          0  0.000e+00
  1022.0914      2.548      2.569    30.8909    18.1985          0          0  0.000e+00
  1022.0949      2.505      2.525    30.8946    18.1951          0          0  0.000e+00
  1022.0963      2.449      2.469    30.8962    18.1932          0          0  0.000e+00
  1022.0962      2.378      2.397    30.8962    18.1924          0          0  0.000e+00
  1022.0949      2.300      2.319    30.8952    18.1933          0          0  0.000e+00
  1022.0927      2.217      2.235    30.8933    18.1950          0          0  0.000e+00
  1022.0910      2.134      2.151    30.8920    18.1960          0          0  0.000e+00
  1022.0907      2.053      2.070    30.8920    18.1962          0          0  0.000e+00
  1022.0901      1.979      1.995    30.8918    18.1964          0          0  0.000e+00
  1022.0902      1.915      1.930    30.8922    18.1959          0          0  0.000e+00
  1022.0904      1.869      1.884    30.8924    18.1953          0          0  0.000e+00
  1022.0906      1.840      1.855    30.8926    18.1944          0          0  0.000e+00
  1022.0905      1.838      1.853    30.8924    18.1938          0          0  0.000e+00
  1022.0906      1.860      1.876    30.8919    18.1928          0          0  0.000e+00
  1022.0926      1.910      1.926    30.8939    18.1912          0          0  0.000e+00
  1022.0949      1.981      1.998    30.8952    18.1874          0          0  0.000e+00
  1022.0929      2.078      2.095    30.8919    18.1871          0          0  0.000e+00
  1022.0913      2.187      2.205    30.8899    18.1894          0          0  0.000e+00
  1022.0884      2.305      2.323    30.8863    18.1918          0          0  0.000e+00
  1022.0884      2.422      2.442    30.8861    18.1936          0          0  0.000e+00
  1022.0862      2.528      2.549    30.8828    18.1942          0          0  0.000e+00
  1022.0846      2.615      2.637    30.8806    18.1954          0          0  0.000e+00
  1022.0834      2.674      2.696    30.8789    18.1961          0          0  0.000e+00
  1022.0832      2.704      2.726    30.8782    18.1955          0          0  0.000e+00
  1022.0845      2.700      2.722    30.8798    18.1951          0          0  0.000e+00
  1022.0849      2.662      2.684    30.8805    18.1948          0          0  0.000e+00
  1022.0869      2.601      2.623    30.8834    18.1947          0          0  0.000e+00
  1022.0870      2.514      2.535    30.8841    18.1950          0          0  0.000e+00
  1022.0862      2.412      2.431    30.8839    18.1957          0          0  0.000e+00
  1022.0864      2.299      2.318    30.8850    18.1961          0          0  0.000e+00
  1022.0878      2.182      2.200    30.8875    18.1959          0          0  0.000e+00
  1022.0894      2.066      2.083    30.8896    18.1938          0          0  0.000e+00
  1022.0911      1.954      1.970    30.8917    18.1914          0          0  0.000e+00
  1022.0920      1.860      1.876    30.8929    18.1899          0          0  0.000e+00
  1022.0929      1.785      1.800    30.8943    18.1889          0          0  0.000e+00
  1022.0948      1.742      1.756    30.8964    18.1872          0          0  0.000e+00
  1022.0972      1.736      1.751    30.8988    18.1847          0          0  0.000e+00
  1022.0996      1.769      1.784    30.9010    18.1821          0          0  0.000e+00
  1022.1010      1.845      1.860    30.9015    18.1795          0          0  0.000e+00
  1022.1028      1.946      1.962    30.9027    18.1778          0          0  0.000e+00
  1022.1024      2.076      2.093    30.9015    18.1781          0          0  0.000e+00
  1022.1006      2.220      2.238    30.8986    18.1789          0          0  0.000e+00
  1022.0980      2.367      2.387    30.8948    18.1802          0          0  0.000e+00
  1022.0951      2.497      2.518    30.8891    18.1767          0          0  0.000e+00
  1022.1022      2.603      2.625    30.8951    18.1682          0          0  0.000e+00
  1022.1042      2.682      2.704    30.8950    18.1611          0          0  0.000e+00
  1022.1102      2.726      2.749    30.8998    18.1523          0          0  0.000e+00
  1022.1172      2.733      2.755    30.9062    18.1435          0          0  0.000e+00
  1022.1258      2.703      2.725    30.9159    18.1384          0          0  0.000e+00
  1022.1264      2.635      2.657    30.9188    18.1436          0          0  0.000e+00
  1022.1190      2.547      2.568    30.9126    18.1528          0          0  0.000e+00
  1022.1120      2.443      2.463    30.9058    18.1586          0          0  0.000e+00
  1022.1118      2.330      2.349    30.9065    18.1596          0          0  0.000e+00
  1022.1132      2.214      2.233    30.9092    18.1600          0          0  0.000e+00
  1022.1122      2.099      2.116    30.9097    18.1636          0          0  0.000e+00
  1022.1057      1.991      2.007    30.9037    18.1697          0          0  0.000e+00
  1022.1027      1.899      1.914    30.9011    18.1725          0          0  0.000e+00
  1022.1027      1.822      1.837    30.9017    18.1728          0          0  0.000e+00
  1022.1031      1.774      1.788    30.9026    18.1733          0          0  0.000e+00
  1022.1023      1.760      1.774    30.9022    18.1749          0          0  0.000e+00
