data/eDNA/PER-2021-171/171a010.ros
* Sea-Bird SBE19plus  Data File:
* FileName = C:\Users\RSG_field\Ryan_2021_Perley\CTD\171a010.hex
* Software version 2.3.0 SB_Terminal.dll
* Temperature SN = 7141
* Conductivity SN = 7141
* System UpLoad Time = Aug 11 2021 14:25:42
* <ApplicationData>
* <SeatermAF>
** Platform: M. Perley
** Cruise: Per2021171
** Station:  ESI_14
** Cast: 01 1
** Latitude: N  44 36.483
** Longitude: W 62 55.281
** Sounding: 26.3
** Chief Scientist: Ryan Stanley
** Comment: 171a010
# nquan = 9
# nvalues = 36                                    
# units = specified
# name 0 = density00: Density [density, kg/m^3]
# name 1 = depSM: Depth [salt water, m], lat = 45.00
# name 2 = prdM: Pressure, Strain Gauge [db]
# name 3 = sal00: Salinity, Practical [PSU]
# name 4 = tv290C: Temperature [ITS-90, deg C]
# name 5 = bpos: Bottle Position in Carousel
# name 6 = nbf: Bottles Fired
# name 7 = scan: Scan Count
# name 8 = flag:  0.000e+00
# interval = seconds: 0.25
# start_time = Aug 11 2021 16:39:50 [Instrument's time stamp, header]
# bad_flag = -9.990e-29
*END*
  1024.4629     33.715     33.993    30.9077     6.1269          1          1       1521  0.000e+00
  1024.4715     33.786     34.065    30.9182     6.1275          1          1       1522  0.000e+00
  1024.4689     33.853     34.133    30.9153     6.1319          1          1       1523  0.000e+00
  1024.4684     33.914     34.194    30.9148     6.1362          1          1       1524  0.000e+00
  1024.4666     33.964     34.245    30.9130     6.1402          1          1       1525  0.000e+00
  1024.4639     34.003     34.284    30.9097     6.1433          1          1       1526  0.000e+00
  1024.4630     34.028     34.310    30.9088     6.1452          1          1       1527  0.000e+00
  1024.4630     34.035     34.316    30.9089     6.1465          1          1       1528  0.000e+00
  1024.4627     34.025     34.307    30.9088     6.1476          1          1       1529  0.000e+00
  1023.8331     15.656     15.785    30.8624     9.7634          2          2       2026  0.000e+00
  1023.8618     15.468     15.595    30.9024     9.7739          2          2       2027  0.000e+00
  1023.8775     15.274     15.400    30.9297     9.8031          2          2       2028  0.000e+00
  1023.8700     15.074     15.198    30.9311     9.8506          2          2       2029  0.000e+00
  1023.9818     14.878     15.000    31.0879     9.9095          2          2       2030  0.000e+00
  1023.9758     14.687     14.808    31.1060    10.0281          2          2       2031  0.000e+00
  1023.9325     14.509     14.628    31.0827    10.1766          2          2       2032  0.000e+00
  1023.8622     14.342     14.460    31.0242    10.3208          2          2       2033  0.000e+00
  1023.7940     14.192     14.309    30.9637    10.4432          2          2       2034  0.000e+00
  1022.0759      5.700      5.746    30.7463    17.8615          3          3       2109  0.000e+00
  1022.0694      5.502      5.547    30.7441    17.8776          3          3       2110  0.000e+00
  1022.0656      5.316      5.359    30.7446    17.8917          3          3       2111  0.000e+00
  1022.0639      5.156      5.198    30.7473    17.9048          3          3       2112  0.000e+00
  1022.0673      5.019      5.060    30.7571    17.9191          3          3       2113  0.000e+00
  1022.0653      4.917      4.958    30.7603    17.9358          3          3       2114  0.000e+00
  1022.0666      4.851      4.890    30.7679    17.9537          3          3       2115  0.000e+00
  1022.0694      4.806      4.845    30.7789    17.9763          3          3       2116  0.000e+00
  1022.0604      4.785      4.824    30.7754    18.0021          3          3       2117  0.000e+00
  1021.9955      2.717      2.739    30.8125    18.3503          4          4       2135  0.000e+00
  1021.9704      2.537      2.557    30.7913    18.3838          4          4       2136  0.000e+00
  1021.9577      2.372      2.392    30.7825    18.4054          4          4       2137  0.000e+00
  1021.9481      2.226      2.244    30.7754    18.4197          4          4       2138  0.000e+00
  1021.9507      2.090      2.108    30.7827    18.4295          4          4       2139  0.000e+00
  1021.9577      1.975      1.991    30.7966    18.4424          4          4       2140  0.000e+00
  1021.9471      1.885      1.900    30.7894    18.4617          4          4       2141  0.000e+00
  1021.9455      1.827      1.841    30.7930    18.4785          4          4       2142  0.000e+00
  1021.9358      1.796      1.810    30.7859    18.4954          4          4       2143  0.000e+00
