data/eDNA/PER-2021-171/171a012.cnv
* Sea-Bird SBE19plus  Data File:
* FileName = C:\Users\RSG_field\Ryan_2021_Perley\CTD\171a012.hex
* Software version 2.3.0 SB_Terminal.dll
* Temperature SN = 7141
* Conductivity SN = 7141
* System UpLoad Time = Aug 12 2021 09:09:10
* <ApplicationData>
* <SeatermAF>
** Platform: M. Perley
** Cruise: Per2021171
** Station:  ESI_16
** Cast: 01 1
** Latitude: N  44 35.607
** Longitude: W 62 3979
** Sounding: 108
** Chief Scientist: Ryan Stanley
** Comment: First cast didn't work adjusted bottom pressure
# nquan = 8
# nvalues = 3380                                  
# units = specified
# name 0 = density00: Density [density, kg/m^3]
# name 1 = depSM: Depth [salt water, m], lat = 45.00
# name 2 = prdM: Pressure, Strain Gauge [db]
# name 3 = sal00: Salinity, Practical [PSU]
# name 4 = tv290C: Temperature [ITS-90, deg C]
# name 5 = bpos: Bottle Position in Carousel
# name 6 = nbf: Bottles Fired
# name 7 = flag:  0.000e+00
# span 0 =   998.5983,  1026.4896                 
# span 1 =     -0.067,    100.763                 
# span 2 =     -0.068,    101.612                 
# span 3 =     0.0084,    32.8082                 
# span 4 =     3.2375,    18.5101                 
# span 5 =          0,          2                 
# span 6 =          0,          2                 
# span 7 = 0.0000e+00, 0.0000e+00                 
# interval = seconds: 0.25
# start_time = Aug 12 2021 11:51:08 [Instrument's time stamp, header]
# bad_flag = -9.990e-29
*END*
[from data line 2338]
  1026.4637    100.148    100.993    32.7798     4.2728          1          1  0.000e+00
  1026.4632    100.081    100.924    32.7797     4.2734          1          1  0.000e+00
  1026.4630    100.023    100.866    32.7799     4.2739          1          1  0.000e+00
  1026.4607     99.976    100.818    32.7774     4.2744          1          1  0.000e+00
  1026.4594     99.946    100.788    32.7758     4.2741          1          1  0.000e+00
  1026.4596     99.933    100.776    32.7760     4.2732          1          1  0.000e+00
  1026.4589     99.940    100.782    32.7750     4.2721          1          1  0.000e+00
  1026.4573     99.962    100.804    32.7727     4.2711          1          1  0.000e+00
  1026.4585     99.997    100.840    32.7737     4.2694          1          1  0.000e+00
  1026.4618    100.038    100.882    32.7775     4.2679          1          1  0.000e+00
  1026.4637    100.081    100.924    32.7795     4.2677          1          1  0.000e+00
  1026.4637    100.120    100.964    32.7794     4.2685          1          1  0.000e+00
  1026.4635    100.155    100.999    32.7790     4.2691          1          1  0.000e+00
  1026.4636    100.185    101.029    32.7792     4.2697          1          1  0.000e+00
  1026.4648    100.213    101.058    32.7806     4.2703          1          1  0.000e+00
  1026.4649    100.241    101.086    32.7806     4.2712          1          1  0.000e+00
  1026.4629    100.279    101.124    32.7779     4.2721          1          1  0.000e+00
  1026.4610    100.327    101.172    32.7754     4.2721          1          1  0.000e+00
  1026.4595    100.385    101.231    32.7729     4.2710          1          1  0.000e+00
  1026.4708    100.455    101.302    32.7866     4.2696          1          1  0.000e+00
  1026.4761    100.523    101.370    32.7932     4.2721          1          1  0.000e+00
  1026.4700    100.581    101.429    32.7858     4.2766          1          1  0.000e+00
  1026.4686    100.622    101.471    32.7840     4.2793          1          1  0.000e+00
  1026.4683    100.634    101.483    32.7838     4.2804          1          1  0.000e+00
  1026.4670    100.619    101.468    32.7823     4.2810          1          1  0.000e+00
  1026.4657    100.574    101.422    32.7810     4.2813          1          1  0.000e+00
  1026.4662    100.500    101.347    32.7821     4.2813          1          1  0.000e+00
  1026.4652    100.409    101.256    32.7813     4.2813          1          1  0.000e+00
  1026.4644    100.307    101.152    32.7810     4.2816          1          1  0.000e+00
  1026.4643    100.201    101.045    32.7815     4.2816          1          1  0.000e+00
  1026.4634    100.098    100.942    32.7809     4.2818          1          1  0.000e+00
  1026.4621    100.004    100.847    32.7800     4.2818          1          1  0.000e+00
  1026.4610     99.917    100.760    32.7790     4.2814          1          1  0.000e+00
  1026.4611     99.842    100.684    32.7795     4.2808          1          1  0.000e+00
  1026.4594     99.781    100.622    32.7776     4.2803          1          1  0.000e+00
  1026.4551     99.732    100.573    32.7723     4.2793          1          1  0.000e+00
  1026.4529     99.702    100.543    32.7693     4.2764          1          1  0.000e+00
  1026.4530     99.698    100.538    32.7690     4.2722          1          1  0.000e+00
  1026.4558     99.719    100.560    32.7719     4.2686          1          1  0.000e+00
  1026.4473     99.773    100.614    32.7606     4.2661          1          1  0.000e+00
  1026.4505     99.858    100.700    32.7634     4.2609          1          1  0.000e+00
  1026.4601     99.977    100.820    32.7742     4.2562          1          1  0.000e+00
  1026.4610    100.121    100.965    32.7743     4.2554          1          1  0.000e+00
  1026.4658    100.278    101.123    32.7794     4.2553          1          1  0.000e+00
  1026.4891    100.434    101.281    32.8082     4.2573          1          1  0.000e+00
  1026.4829    100.569    101.417    32.8008     4.2672          1          1  0.000e+00
  1026.4790    100.672    101.521    32.7965     4.2764          1          1  0.000e+00
  1026.4770    100.740    101.590    32.7944     4.2824          1          1  0.000e+00
  1026.4729    100.763    101.612    32.7897     4.2867          1          1  0.000e+00
  1026.4681    100.744    101.593    32.7840     4.2893          1          1  0.000e+00
  1026.4612    100.685    101.534    32.7758     4.2895          1          1  0.000e+00
  1026.4611    100.592    101.440    32.7759     4.2871          1          1  0.000e+00
  1026.4648    100.475    101.322    32.7809     4.2845          1          1  0.000e+00
  1026.4641    100.345    101.191    32.7806     4.2836          1          1  0.000e+00
  1026.4595    100.211    101.056    32.7756     4.2831          1          1  0.000e+00
  1026.4565    100.087    100.931    32.7722     4.2812          1          1  0.000e+00
  1026.4589     99.975    100.818    32.7755     4.2781          1          1  0.000e+00
  1026.4611     99.883    100.725    32.7786     4.2762          1          1  0.000e+00
  1026.4620     99.815    100.656    32.7800     4.2755          1          1  0.000e+00
  1026.4624     99.775    100.617    32.7808     4.2755          1          1  0.000e+00
  1026.4641     99.767    100.608    32.7831     4.2757          1          1  0.000e+00
  1026.4645     99.787    100.628    32.7835     4.2765          1          1  0.000e+00
  1026.4588     99.840    100.682    32.7761     4.2773          1          1  0.000e+00
  1026.4560     99.917    100.759    32.7720     4.2759          1          1  0.000e+00
  1026.4646    100.006    100.849    32.7819     4.2731          1          1  0.000e+00
  1026.4675    100.106    100.950    32.7850     4.2734          1          1  0.000e+00
  1026.4624    100.203    101.048    32.7783     4.2750          1          1  0.000e+00
  1026.4645    100.292    101.137    32.7803     4.2746          1          1  0.000e+00
  1026.4632    100.364    101.210    32.7782     4.2745          1          1  0.000e+00
  1026.4657    100.419    101.266    32.7810     4.2743          1          1  0.000e+00
  1026.4654    100.453    101.300    32.7805     4.2745          1          1  0.000e+00
  1026.4650    100.452    101.299    32.7799     4.2749          1          1  0.000e+00
  1026.4653    100.389    101.236    32.7808     4.2750          1          1  0.000e+00
  1026.4648    100.271    101.116    32.7808     4.2753          1          1  0.000e+00
  1026.4649    100.117    100.961    32.7820     4.2756          1          1  0.000e+00
  1026.4635     99.957    100.800    32.7813     4.2764          1          1  0.000e+00
  1026.4609     99.791    100.633    32.7790     4.2769          1          1  0.000e+00
  1026.4599     99.624    100.464    32.7787     4.2766          1          1  0.000e+00
  1026.4587     99.466    100.304    32.7781     4.2761          1          1  0.000e+00
  1026.4582     99.313    100.150    32.7782     4.2755          1          1  0.000e+00
  1026.4560     99.173    100.009    32.7763     4.2750          1          1  0.000e+00
  1026.4534     99.041     99.875    32.7735     4.2737          1          1  0.000e+00
  1026.4542     98.919     99.753    32.7751     4.2719          1          1  0.000e+00
  1026.4528     98.811     99.643    32.7737     4.2705          1          1  0.000e+00
  1026.4478     98.707     99.539    32.7679     4.2689          1          1  0.000e+00
  1026.4485     98.611     99.442    32.7688     4.2659          1          1  0.000e+00
  1026.4419     98.519     99.349    32.7607     4.2628          1          1  0.000e+00
  1026.4410     98.419     99.249    32.7597     4.2590          1          1  0.000e+00
  1026.4291     98.313     99.142    32.7447     4.2542          1          1  0.000e+00
  1026.4464     98.203     99.031    32.7661     4.2468          1          1  0.000e+00
  1026.4314     98.084     98.911    32.7476     4.2433          1          1  0.000e+00
  1026.4202     97.969     98.794    32.7332     4.2365          1          1  0.000e+00
  1026.4343     97.855     98.680    32.7502     4.2257          1          1  0.000e+00
  1026.4340     97.742     98.565    32.7496     4.2194          1          1  0.000e+00
  1026.4391     97.641     98.464    32.7561     4.2151          1          1  0.000e+00
  1026.4375     97.547     98.369    32.7544     4.2133          1          1  0.000e+00
  1026.4343     97.458     98.279    32.7507     4.2115          1          1  0.000e+00
  1026.4235     97.372     98.192    32.7371     4.2078          1          1  0.000e+00
  1026.4360     97.289     98.109    32.7523     4.2003          1          1  0.000e+00
  1026.4181     97.208     98.026    32.7299     4.1971          1          1  0.000e+00
  1026.4201     97.122     97.940    32.7321     4.1901          1          1  0.000e+00
  1026.4329     97.036     97.853    32.7478     4.1832          1          1  0.000e+00
  1026.4335     96.939     97.756    32.7487     4.1811          1          1  0.000e+00
  1026.4056     96.830     97.646    32.7142     4.1804          1          1  0.000e+00
  1026.3937     96.710     97.525    32.6985     4.1692          1          1  0.000e+00
  1026.4091     96.574     97.387    32.7165     4.1532          1          1  0.000e+00
  1026.4251     96.426     97.238    32.7364     4.1434          1          1  0.000e+00
  1026.4304     96.270     97.081    32.7437     4.1416          1          1  0.000e+00
  1026.4222     96.113     96.923    32.7345     4.1429          1          1  0.000e+00
  1026.4116     95.956     96.764    32.7219     4.1421          1          1  0.000e+00
  1026.3987     95.800     96.606    32.7060     4.1376          1          1  0.000e+00
  1026.3939     95.639     96.445    32.6997     4.1283          1          1  0.000e+00
  1026.3984     95.485     96.289    32.7049     4.1171          1          1  0.000e+00
  1026.4017     95.330     96.132    32.7089     4.1081          1          1  0.000e+00
  1026.4005     95.178     95.979    32.7075     4.1020          1          1  0.000e+00
  1026.4029     95.039     95.839    32.7106     4.0972          1          1  0.000e+00
  1026.4036     94.924     95.723    32.7118     4.0939          1          1  0.000e+00
  1026.4020     94.829     95.628    32.7101     4.0918          1          1  0.000e+00
  1026.4006     94.765     95.562    32.7084     4.0897          1          1  0.000e+00
  1026.3974     94.736     95.534    32.7043     4.0874          1          1  0.000e+00
  1026.3925     94.732     95.529    32.6977     4.0848          1          1  0.000e+00
  1026.3855     94.742     95.540    32.6884     4.0814          1          1  0.000e+00
  1026.3826     94.759     95.557    32.6840     4.0759          1          1  0.000e+00
  1026.3733     94.769     95.567    32.6715     4.0701          1          1  0.000e+00
  1026.3593     94.752     95.550    32.6527     4.0607          1          1  0.000e+00
  1026.3682     94.699     95.496    32.6626     4.0474          1          1  0.000e+00
  1026.3730     94.606     95.402    32.6680     4.0376          1          1  0.000e+00
  1026.3755     94.467     95.262    32.6711     4.0318          1          1  0.000e+00
  1026.3783     94.284     95.078    32.6752     4.0279          1          1  0.000e+00
  1026.3758     94.063     94.854    32.6733     4.0263          1          1  0.000e+00
  1026.3744     93.819     94.609    32.6726     4.0237          1          1  0.000e+00
  1026.3489     93.560     94.348    32.6415     4.0199          1          1  0.000e+00
  1026.3352     93.299     94.084    32.6244     4.0087          1          1  0.000e+00
  1026.3347     93.046     93.829    32.6232     3.9926          1          1  0.000e+00
  1026.3404     92.814     93.595    32.6299     3.9779          1          1  0.000e+00
  1026.3386     92.620     93.399    32.6273     3.9660          1          1  0.000e+00
  1026.3339     92.458     93.235    32.6209     3.9555          1          1  0.000e+00
  1026.3324     92.334     93.110    32.6184     3.9434          1          1  0.000e+00
  1026.3232     92.247     93.023    32.6058     3.9316          1          1  0.000e+00
  1026.3270     92.191     92.967    32.6091     3.9173          1          1  0.000e+00
  1026.3288     92.167     92.942    32.6099     3.9040          1          1  0.000e+00
  1026.3323     92.158     92.933    32.6131     3.8943          1          1  0.000e+00
  1026.3308     92.164     92.939    32.6101     3.8859          1          1  0.000e+00
  1026.3199     92.169     92.944    32.5952     3.8771          1          1  0.000e+00
  1026.3256     92.163     92.938    32.6009     3.8650          1          1  0.000e+00
  1026.3254     92.128     92.903    32.5995     3.8539          1          1  0.000e+00
  1026.3354     92.060     92.834    32.6113     3.8448          1          1  0.000e+00
  1026.3278     91.955     92.728    32.6019     3.8404          1          1  0.000e+00
  1026.3347     91.819     92.592    32.6107     3.8352          1          1  0.000e+00
  1026.3378     91.656     92.427    32.6153     3.8329          1          1  0.000e+00
  1026.3378     91.471     92.240    32.6163     3.8329          1          1  0.000e+00
  1026.3343     91.278     92.045    32.6132     3.8333          1          1  0.000e+00
  1026.3258     91.086     91.852    32.6035     3.8330          1          1  0.000e+00
  1026.3092     90.910     91.674    32.5833     3.8295          1          1  0.000e+00
  1026.3032     90.753     91.516    32.5755     3.8196          1          1  0.000e+00
  1026.2927     90.622     91.384    32.5614     3.8067          1          1  0.000e+00
  1026.3015     90.515     91.276    32.5712     3.7918          1          1  0.000e+00
  1026.2965     90.418     91.178    32.5641     3.7797          1          1  0.000e+00
  1026.2972     90.324     91.084    32.5640     3.7668          1          1  0.000e+00
  1026.3024     90.229     90.987    32.5696     3.7551          1          1  0.000e+00
  1026.2843     90.129     90.887    32.5463     3.7463          1          1  0.000e+00
  1026.2595     90.015     90.771    32.5139     3.7306          1          1  0.000e+00
  1026.2666     89.880     90.636    32.5204     3.7047          1          1  0.000e+00
  1026.2711     89.730     90.484    32.5242     3.6814          1          1  0.000e+00
  1026.3120     89.568     90.321    32.5744     3.6638          1          1  0.000e+00
  1026.3055     89.408     90.160    32.5670     3.6620          1          1  0.000e+00
  1026.2874     89.249     89.999    32.5451     3.6619          1          1  0.000e+00
  1026.2829     89.107     89.856    32.5393     3.6532          1          1  0.000e+00
  1026.2860     88.986     89.734    32.5426     3.6421          1          1  0.000e+00
  1026.2767     88.900     89.648    32.5302     3.6318          1          1  0.000e+00
  1026.2675     88.839     89.585    32.5174     3.6194          1          1  0.000e+00
  1026.2769     88.789     89.535    32.5278     3.6047          1          1  0.000e+00
  1026.2855     88.754     89.500    32.5375     3.5936          1          1  0.000e+00
  1026.2858     88.718     89.464    32.5373     3.5869          1          1  0.000e+00
  1026.2806     88.677     89.422    32.5304     3.5826          1          1  0.000e+00
  1026.2807     88.622     89.366    32.5301     3.5758          1          1  0.000e+00
  1026.2838     88.548     89.292    32.5337     3.5694          1          1  0.000e+00
  1026.2845     88.455     89.198    32.5346     3.5653          1          1  0.000e+00
