data/eDNA/PER-2021-171/171a009.ros
* Sea-Bird SBE19plus  Data File:
* FileName = C:\Users\RSG_field\Ryan_2021_Perley\CTD\171a009.hex
* Software version 2.3.0 SB_Terminal.dll
* Temperature SN = 7141
* Conductivity SN = 7141
* System UpLoad Time = Aug 11 2021 12:37:40
* <ApplicationData>
* <SeatermAF>
** Platform: M. Perley
** Cruise: Per2021171
** Station:  ESI_15
** Cast: 01 1
** Latitude: N  44 33.466
** Longitude: W 62 53.25
** Sounding: 69.9
** Chief Scientist: Ryan Stanley
** Comment: 171a009
# nquan = 9
# nvalues = 54                                    
# units = specified
# name 0 = density00: Density [density, kg/m^3]
# name 1 = depSM: Depth [salt water, m], lat = 45.00
# name 2 = prdM: Pressure, Strain Gauge [db]
# name 3 = sal00: Salinity, Practical [PSU]
# name 4 = tv290C: Temperature [ITS-90, deg C]
# name 5 = bpos: Bottle Position in Carousel
# name 6 = nbf: Bottles Fired
# name 7 = scan: Scan Count
# name 8 = flag:  0.000e+00
# interval = seconds: 0.25
# start_time = Aug 11 2021 15:21:59 [Instrument's time stamp, header]
# bad_flag = -9.990e-29
*END*
  1025.8952     66.791     67.349    32.1910     3.7099          1          1       1802  0.000e+00
  1025.8962     66.763     67.320    32.1924     3.7103          1          1       1803  0.000e+00
  1025.8954     66.730     67.287    32.1918     3.7111          1          1       1804  0.000e+00
  1025.8948     66.685     67.242    32.1913     3.7121          1          1       1805  0.000e+00
  1025.8950     66.639     67.195    32.1919     3.7127          1          1       1806  0.000e+00
  1025.8962     66.593     67.149    32.1938     3.7134          1          1       1807  0.000e+00
  1025.8967     66.537     67.092    32.1950     3.7149          1          1       1808  0.000e+00
  1025.8911     66.516     67.071    32.1883     3.7169          1          1       1809  0.000e+00
  1025.8903     66.495     67.050    32.1875     3.7172          1          1       1810  0.000e+00
  1025.0655     50.467     50.886    31.3299     4.4106          2          2       2245  0.000e+00
  1025.0651     50.345     50.763    31.3301     4.4105          2          2       2246  0.000e+00
  1025.0640     50.193     50.610    31.3297     4.4106          2          2       2247  0.000e+00
  1025.0634     50.015     50.431    31.3299     4.4104          2          2       2248  0.000e+00
  1025.0612     49.818     50.232    31.3284     4.4103          2          2       2249  0.000e+00
  1025.0607     49.613     50.025    31.3289     4.4098          2          2       2250  0.000e+00
  1025.0580     49.404     49.814    31.3267     4.4095          2          2       2251  0.000e+00
  1025.0555     49.197     49.606    31.3246     4.4089          2          2       2252  0.000e+00
  1025.0519     49.003     49.410    31.3211     4.4075          2          2       2253  0.000e+00
  1024.3552     25.454     25.664    30.9218     6.7752          3          3       2456  0.000e+00
  1024.3500     25.262     25.471    30.9190     6.7921          3          3       2457  0.000e+00
  1024.3410     25.072     25.279    30.9116     6.8097          3          3       2458  0.000e+00
  1024.3311     24.889     25.094    30.9026     6.8250          3          3       2459  0.000e+00
  1024.3222     24.718     24.922    30.8940     6.8360          3          3       2460  0.000e+00
  1024.3180     24.558     24.761    30.8908     6.8429          3          3       2461  0.000e+00
  1024.3141     24.416     24.618    30.8876     6.8482          3          3       2462  0.000e+00
  1024.3109     24.298     24.498    30.8849     6.8525          3          3       2463  0.000e+00
  1024.3093     24.198     24.397    30.8839     6.8553          3          3       2464  0.000e+00
  1024.1866     15.646     15.775    30.8132     7.0662          4          4       2534  0.000e+00
  1024.1848     15.572     15.700    30.8110     7.0637          4          4       2535  0.000e+00
  1024.1857     15.524     15.652    30.8121     7.0618          4          4       2536  0.000e+00
  1024.1864     15.499     15.626    30.8128     7.0607          4          4       2537  0.000e+00
  1024.1895     15.486     15.613    30.8169     7.0610          4          4       2538  0.000e+00
  1024.1914     15.477     15.605    30.8198     7.0635          4          4       2539  0.000e+00
  1024.1944     15.467     15.594    30.8245     7.0684          4          4       2540  0.000e+00
  1024.1904     15.450     15.577    30.8208     7.0759          4          4       2541  0.000e+00
  1024.1844     15.414     15.541    30.8144     7.0820          4          4       2542  0.000e+00
  1022.2263      5.761      5.808    30.8048    17.4158          5          5       2621  0.000e+00
  1022.3178      5.609      5.655    30.9191    17.3954          5          5       2622  0.000e+00
  1022.3142      5.462      5.507    30.9300    17.4438          5          5       2623  0.000e+00
  1022.2767      5.323      5.367    30.9020    17.5090          5          5       2624  0.000e+00
  1022.2591      5.199      5.242    30.8968    17.5645          5          5       2625  0.000e+00
  1022.2374      5.095      5.137    30.8834    17.6112          5          5       2626  0.000e+00
  1022.2142      4.999      5.040    30.8654    17.6492          5          5       2627  0.000e+00
  1022.2096      4.924      4.965    30.8683    17.6769          5          5       2628  0.000e+00
  1022.2351      4.852      4.892    30.9131    17.7123          5          5       2629  0.000e+00
  1022.0646      2.827      2.850    30.8601    18.2175          6          6       2647  0.000e+00
  1022.0572      2.710      2.732    30.8564    18.2340          6          6       2648  0.000e+00
  1022.0680      2.596      2.617    30.8762    18.2499          6          6       2649  0.000e+00
  1022.0712      2.482      2.503    30.8877    18.2709          6          6       2650  0.000e+00
  1022.1076      2.368      2.387    30.9457    18.3012          6          6       2651  0.000e+00
  1022.1251      2.257      2.275    30.9873    18.3583          6          6       2652  0.000e+00
  1022.0796      2.147      2.165    30.9550    18.4415          6          6       2653  0.000e+00
  1022.0438      2.038      2.055    30.9295    18.5064          6          6       2654  0.000e+00
  1021.9925      1.926      1.942    30.8768    18.5496          6          6       2655  0.000e+00
