data/eDNA/PER-2021-171/171a021.cnv
* Sea-Bird SBE19plus  Data File:
* FileName = C:\Users\RSG_field\Ryan_2021_Perley\CTD\171a021.hex
* Software version 2.3.0 SB_Terminal.dll
* Temperature SN = 7141
* Conductivity SN = 7141
* System UpLoad Time = Aug 17 2021 13:10:47
* <ApplicationData>
* <SeatermAF>
** Platform: M. Perley
** Cruise: Per2021171
** Station:  SAB_06
** Cast: 01 1
** Latitude: N  46 22.083
** Longitude: W 59 05.769
** Sounding: 229
** Chief Scientist: Ryan Stanley
** Comment: 171a021
** Sounder wasn't working so estimated depth to be between 215 and 220. Bottle was left at 220 for time based trigger for upcast.
# nquan = 8
# nvalues = 5405                                  
# units = specified
# name 0 = density00: Density [density, kg/m^3]
# name 1 = depSM: Depth [salt water, m], lat = 45.00
# name 2 = prdM: Pressure, Strain Gauge [db]
# name 3 = sal00: Salinity, Practical [PSU]
# name 4 = tv290C: Temperature [ITS-90, deg C]
# name 5 = bpos: Bottle Position in Carousel
# name 6 = nbf: Bottles Fired
# name 7 = flag:  0.000e+00
# span 0 =   998.5199,  1027.8650                 
# span 1 =     -0.046,    196.227                 
# span 2 =     -0.046,    197.928                 
# span 3 =     0.0093,    34.3684                 
# span 4 =     2.1790,    19.8275                 
# span 5 =          0,          6                 
# span 6 =          0,          6                 
# span 7 = 0.0000e+00, 0.0000e+00                 
# interval = seconds: 0.25
# start_time = Aug 17 2021 15:43:35 [Instrument's time stamp, header]
# bad_flag = -9.990e-29
*END*
[from data line 4315]
  1026.7879    113.549    114.510    32.9201     2.7084          3          3  0.000e+00
  1026.7395    113.471    114.432    32.8571     2.6820          3          3  0.000e+00
  1026.7200    113.409    114.368    32.8287     2.6418          3          3  0.000e+00
  1026.7646    113.357    114.316    32.8793     2.5896          3          3  0.000e+00
  1026.8086    113.311    114.270    32.9312     2.5566          3          3  0.000e+00
  1026.8044    113.265    114.224    32.9247     2.5434          3          3  0.000e+00
  1026.8164    113.217    114.175    32.9393     2.5355          3          3  0.000e+00
  1026.8295    113.165    114.122    32.9559     2.5341          3          3  0.000e+00
  1026.8199    113.104    114.061    32.9447     2.5391          3          3  0.000e+00
  1026.8398    113.035    113.992    32.9703     2.5418          3          3  0.000e+00
  1026.8383    112.951    113.906    32.9701     2.5529          3          3  0.000e+00
  1026.8328    112.854    113.809    32.9652     2.5661          3          3  0.000e+00
  1026.8283    112.739    113.692    32.9615     2.5783          3          3  0.000e+00
  1026.8246    112.611    113.564    32.9588     2.5895          3          3  0.000e+00
  1026.8193    112.481    113.433    32.9541     2.6003          3          3  0.000e+00
  1026.8222    112.348    113.299    32.9596     2.6102          3          3  0.000e+00
  1026.8156    112.223    113.173    32.9533     2.6218          3          3  0.000e+00
  1026.8091    112.100    113.049    32.9470     2.6321          3          3  0.000e+00
  1026.8037    111.974    112.921    32.9418     2.6397          3          3  0.000e+00
  1026.8014    111.849    112.795    32.9403     2.6450          3          3  0.000e+00
  1026.7977    111.715    112.660    32.9369     2.6496          3          3  0.000e+00
  1026.7940    111.580    112.523    32.9334     2.6530          3          3  0.000e+00
  1026.7903    111.446    112.389    32.9299     2.6550          3          3  0.000e+00
  1026.7864    111.309    112.251    32.9258     2.6560          3          3  0.000e+00
  1026.7830    111.167    112.107    32.9223     2.6557          3          3  0.000e+00
  1026.7793    111.032    111.971    32.9184     2.6539          3          3  0.000e+00
  1026.7854    110.913    111.851    32.9264     2.6509          3          3  0.000e+00
  1026.7890    110.804    111.742    32.9315     2.6507          3          3  0.000e+00
  1026.7854    110.721    111.657    32.9277     2.6531          3          3  0.000e+00
  1026.7819    110.654    111.590    32.9239     2.6545          3          3  0.000e+00
  1026.7802    110.599    111.534    32.9221     2.6541          3          3  0.000e+00
  1026.7810    110.546    111.481    32.9234     2.6536          3          3  0.000e+00
  1026.7810    110.491    111.425    32.9237     2.6536          3          3  0.000e+00
  1026.7807    110.424    111.358    32.9237     2.6540          3          3  0.000e+00
  1026.7815    110.339    111.272    32.9252     2.6544          3          3  0.000e+00
  1026.7822    110.233    111.165    32.9268     2.6552          3          3  0.000e+00
  1026.7830    110.120    111.051    32.9287     2.6568          3          3  0.000e+00
  1026.7830    109.998    110.928    32.9297     2.6593          3          3  0.000e+00
  1026.7810    109.875    110.804    32.9283     2.6627          3          3  0.000e+00
  1026.7752    109.759    110.687    32.9220     2.6658          3          3  0.000e+00
  1026.7719    109.643    110.570    32.9187     2.6666          3          3  0.000e+00
  1026.7706    109.525    110.451    32.9177     2.6660          3          3  0.000e+00
  1026.7644    109.394    110.319    32.9106     2.6644          3          3  0.000e+00
  1026.7322    109.252    110.176    32.8705     2.6594          3          3  0.000e+00
  1026.7036    109.093    110.015    32.8337     2.6417          3          3  0.000e+00
  1026.7281    108.915    109.836    32.8624     2.6129          3          3  0.000e+00
  1026.7516    108.725    109.644    32.8909     2.5928          3          3  0.000e+00
  1026.7443    108.529    109.446    32.8820     2.5846          3          3  0.000e+00
  1026.7382    108.337    109.253    32.8746     2.5761          3          3  0.000e+00
  1026.7277    108.160    109.074    32.8613     2.5646          3          3  0.000e+00
  1026.7226    108.003    108.916    32.8544     2.5503          3          3  0.000e+00
  1026.7273    107.875    108.786    32.8591     2.5333          3          3  0.000e+00
  1026.7301    107.770    108.680    32.8617     2.5178          3          3  0.000e+00
  1026.7457    107.688    108.598    32.8806     2.5065          3          3  0.000e+00
  1026.7606    107.621    108.531    32.8992     2.5024          3          3  0.000e+00
  1026.7659    107.560    108.469    32.9066     2.5059          3          3  0.000e+00
  1026.7579    107.506    108.414    32.8977     2.5139          3          3  0.000e+00
  1026.7548    107.446    108.354    32.8948     2.5199          3          3  0.000e+00
  1026.7504    107.387    108.294    32.8901     2.5242          3          3  0.000e+00
  1026.7505    107.322    108.229    32.8909     2.5271          3          3  0.000e+00
  1026.7497    107.256    108.162    32.8905     2.5298          3          3  0.000e+00
  1026.7514    107.185    108.090    32.8934     2.5326          3          3  0.000e+00
  1026.7521    107.117    108.022    32.8950     2.5365          3          3  0.000e+00
  1026.7511    107.045    107.949    32.8948     2.5411          3          3  0.000e+00
  1026.7491    106.977    107.880    32.8931     2.5457          3          3  0.000e+00
  1026.7471    106.905    107.808    32.8915     2.5495          3          3  0.000e+00
  1026.7502    106.823    107.725    32.8962     2.5528          3          3  0.000e+00
  1026.7515    106.729    107.630    32.8989     2.5578          3          3  0.000e+00
  1026.7600    106.615    107.516    32.9109     2.5647          3          3  0.000e+00
  1026.7520    106.480    107.380    32.9028     2.5756          3          3  0.000e+00
  1026.7509    106.324    107.222    32.9033     2.5846          3          3  0.000e+00
  1026.7473    106.143    107.040    32.9007     2.5929          3          3  0.000e+00
  1026.7465    105.952    106.847    32.9017     2.6005          3          3  0.000e+00
  1026.7346    105.761    106.654    32.8887     2.6079          3          3  0.000e+00
  1026.7291    105.569    106.460    32.8835     2.6120          3          3  0.000e+00
  1026.7134    105.389    106.279    32.8650     2.6132          3          3  0.000e+00
  1026.7110    105.226    106.115    32.8625     2.6089          3          3  0.000e+00
  1026.7084    105.074    105.962    32.8594     2.6026          3          3  0.000e+00
  1026.7054    104.931    105.817    32.8559     2.5967          3          3  0.000e+00
  1026.7047    104.790    105.675    32.8551     2.5903          3          3  0.000e+00
  1026.7067    104.651    105.535    32.8579     2.5841          3          3  0.000e+00
  1026.7035    104.519    105.401    32.8542     2.5792          3          3  0.000e+00
  1026.7031    104.387    105.269    32.8538     2.5740          3          3  0.000e+00
  1026.7040    104.271    105.151    32.8551     2.5685          3          3  0.000e+00
  1026.6958    104.171    105.050    32.8450     2.5644          3          3  0.000e+00
  1026.6904    104.083    104.962    32.8381     2.5579          3          3  0.000e+00
  1026.6994    104.015    104.893    32.8489     2.5494          3          3  0.000e+00
  1026.6985    103.954    104.831    32.8476     2.5448          3          3  0.000e+00
  1026.7011    103.900    104.777    32.8508     2.5412          3          3  0.000e+00
  1026.7012    103.848    104.724    32.8509     2.5378          3          3  0.000e+00
  1026.7073    103.794    104.670    32.8586     2.5356          3          3  0.000e+00
  1026.7210    103.736    104.612    32.8763     2.5371          3          3  0.000e+00
  1026.7116    103.671    104.546    32.8658     2.5460          3          3  0.000e+00
  1026.7015    103.597    104.472    32.8542     2.5525          3          3  0.000e+00
  1026.7110    103.514    104.387    32.8669     2.5538          3          3  0.000e+00
  1026.7106    103.425    104.297    32.8673     2.5591          3          3  0.000e+00
  1026.7074    103.323    104.195    32.8648     2.5665          3          3  0.000e+00
  1026.7090    103.215    104.086    32.8681     2.5730          3          3  0.000e+00
  1026.7061    103.102    103.972    32.8660     2.5811          3          3  0.000e+00
  1026.7029    102.980    103.849    32.8636     2.5898          3          3  0.000e+00
  1026.6955    102.853    103.721    32.8560     2.5986          3          3  0.000e+00
  1026.6894    102.716    103.583    32.8499     2.6052          3          3  0.000e+00
  1026.6854    102.573    103.439    32.8462     2.6095          3          3  0.000e+00
  1026.6797    102.427    103.291    32.8403     2.6124          3          3  0.000e+00
  1026.6766    102.274    103.137    32.8374     2.6137          3          3  0.000e+00
  1026.6725    102.116    102.978    32.8332     2.6142          3          3  0.000e+00
  1026.6696    101.957    102.817    32.8305     2.6136          3          3  0.000e+00
  1026.6641    101.801    102.660    32.8245     2.6125          3          3  0.000e+00
  1026.6593    101.651    102.508    32.8190     2.6100          3          3  0.000e+00
  1026.6575    101.509    102.365    32.8172     2.6060          3          3  0.000e+00
  1026.6574    101.376    102.231    32.8173     2.6017          3          3  0.000e+00
  1026.6573    101.255    102.109    32.8176     2.5983          3          3  0.000e+00
  1026.6526    101.145    101.998    32.8121     2.5956          3          3  0.000e+00
  1026.6497    101.046    101.898    32.8087     2.5917          3          3  0.000e+00
  1026.6463    100.955    101.806    32.8045     2.5873          3          3  0.000e+00
  1026.6441    100.875    101.725    32.8017     2.5821          3          3  0.000e+00
  1026.6428    100.792    101.642    32.7999     2.5769          3          3  0.000e+00
  1026.6413    100.707    101.556    32.7980     2.5713          3          3  0.000e+00
  1026.6439    100.616    101.464    32.8013     2.5667          3          3  0.000e+00
  1026.6442    100.519    101.367    32.8020     2.5637          3          3  0.000e+00
  1026.6221    100.419    101.265    32.7745     2.5608          3          3  0.000e+00
  1026.6149    100.313    101.158    32.7652     2.5514          3          3  0.000e+00
  1026.6257    100.203    101.048    32.7781     2.5398          3          3  0.000e+00
  1026.6280    100.089    100.933    32.7809     2.5326          3          3  0.000e+00
  1026.6263     99.972    100.815    32.7791     2.5282          4          4  0.000e+00
  1026.6165     99.849    100.691    32.7672     2.5244          4          4  0.000e+00
  1026.6108     99.728    100.569    32.7601     2.5181          4          4  0.000e+00
  1026.6124     99.611    100.450    32.7619     2.5106          4          4  0.000e+00
  1026.6078     99.497    100.336    32.7563     2.5044          4          4  0.000e+00
  1026.6074     99.386    100.224    32.7557     2.4980          4          4  0.000e+00
  1026.5988     99.271    100.108    32.7450     2.4917          4          4  0.000e+00
  1026.5983     99.158     99.994    32.7443     2.4838          4          4  0.000e+00
  1026.5900     99.037     99.872    32.7337     2.4759          4          4  0.000e+00
  1026.5811     98.907     99.740    32.7224     2.4663          4          4  0.000e+00
  1026.5814     98.774     99.607    32.7223     2.4543          4          4  0.000e+00
  1026.5897     98.633     99.464    32.7324     2.4428          4          4  0.000e+00
  1026.5939     98.497     99.327    32.7378     2.4363          4          4  0.000e+00
  1026.5983     98.365     99.194    32.7437     2.4326          4          4  0.000e+00
  1026.5904     98.244     99.072    32.7344     2.4312          4          4  0.000e+00
  1026.5862     98.134     98.961    32.7294     2.4277          4          4  0.000e+00
  1026.5871     98.038     98.864    32.7306     2.4225          4          4  0.000e+00
  1026.5864     97.955     98.780    32.7298     2.4185          4          4  0.000e+00
  1026.5789     97.875     98.700    32.7205     2.4147          4          4  0.000e+00
  1026.5811     97.798     98.622    32.7231     2.4085          4          4  0.000e+00
  1026.5835     97.709     98.532    32.7260     2.4026          4          4  0.000e+00
  1026.5860     97.611     98.433    32.7293     2.3985          4          4  0.000e+00
  1026.5902     97.494     98.316    32.7350     2.3965          4          4  0.000e+00
  1026.5699     97.370     98.191    32.7103     2.3963          4          4  0.000e+00
  1026.5627     97.231     98.050    32.7016     2.3910          4          4  0.000e+00
  1026.5689     97.087     97.905    32.7093     2.3822          4          4  0.000e+00
  1026.5821     96.946     97.763    32.7261     2.3771          4          4  0.000e+00
  1026.5834     96.803     97.618    32.7288     2.3785          4          4  0.000e+00
  1026.5662     96.662     97.476    32.7083     2.3808          4          4  0.000e+00
  1026.5573     96.522     97.335    32.6977     2.3773          4          4  0.000e+00
  1026.5523     96.384     97.196    32.6916     2.3700          4          4  0.000e+00
  1026.5602     96.250     97.060    32.7013     2.3608          4          4  0.000e+00
  1026.5621     96.115     96.924    32.7038     2.3550          4          4  0.000e+00
  1026.5654     95.981     96.790    32.7085     2.3522          4          4  0.000e+00
  1026.5591     95.848     96.655    32.7012     2.3510          4          4  0.000e+00
  1026.5549     95.713     96.519    32.6965     2.3480          4          4  0.000e+00
  1026.5543     95.575     96.380    32.6962     2.3435          4          4  0.000e+00
  1026.5487     95.437     96.241    32.6894     2.3389          4          4  0.000e+00
  1026.5429     95.307     96.109    32.6825     2.3334          4          4  0.000e+00
  1026.5487     95.186     95.987    32.6898     2.3266          4          4  0.000e+00
  1026.5578     95.072     95.872    32.7013     2.3223          4          4  0.000e+00
  1026.5527     94.971     95.770    32.6955     2.3216          4          4  0.000e+00
  1026.5523     94.878     95.676    32.6955     2.3203          4          4  0.000e+00
  1026.5473     94.786     95.584    32.6896     2.3191          4          4  0.000e+00
  1026.5433     94.694     95.491    32.6849     2.3168          4          4  0.000e+00
  1026.5426     94.596     95.392    32.6843     2.3134          4          4  0.000e+00
  1026.5290     94.487     95.283    32.6674     2.3090          4          4  0.000e+00
  1026.5092     94.378     95.172    32.6427     2.3023          4          4  0.000e+00
  1026.5180     94.253     95.046    32.6533     2.2919          4          4  0.000e+00
  1026.5099     94.127     94.919    32.6432     2.2844          4          4  0.000e+00
  1026.5190     93.998     94.789    32.6547     2.2775          4          4  0.000e+00
  1026.5270     93.876     94.666    32.6651     2.2743          4          4  0.000e+00
  1026.5308     93.770     94.559    32.6706     2.2751          4          4  0.000e+00
  1026.5176     93.686     94.474    32.6549     2.2775          4          4  0.000e+00
  1026.5060     93.623     94.411    32.6406     2.2768          4          4  0.000e+00
