data/eDNA/PER-2021-171/171a008.cnv
* Sea-Bird SBE19plus  Data File:
* FileName = C:\Users\RSG_field\Ryan_2021_Perley\CTD\171a008.hex
* Software version 2.3.0 SB_Terminal.dll
* Temperature SN = 7141
* Conductivity SN = 7141
* System UpLoad Time = Aug 11 2021 10:41:52
* <ApplicationData>
* <SeatermAF>
** Platform: M. Perley
** Cruise: Per2021171
** Station:  ESI_16
** Cast: 01 1
** Latitude: N  44 30.177
** Longitude: W 62 50.614
** Sounding: 116
** Chief Scientist: Ryan Stanley
** Comment: Calm seas
# nquan = 8
# nvalues = 3571                                  
# units = specified
# name 0 = density00: Density [density, kg/m^3]
# name 1 = depSM: Depth [salt water, m], lat = 45.00
# name 2 = prdM: Pressure, Strain Gauge [db]
# name 3 = sal00: Salinity, Practical [PSU]
# name 4 = tv290C: Temperature [ITS-90, deg C]
# name 5 = bpos: Bottle Position in Carousel
# name 6 = nbf: Bottles Fired
# name 7 = flag:  0.000e+00
# span 0 =   998.3915,  1026.7645                 
# span 1 =     -0.036,    113.423                 
# span 2 =     -0.036,    114.383                 
# span 3 =     0.0082,    33.2480                 
# span 4 =     3.3337,    19.1132                 
# span 5 =          0,          2                 
# span 6 =          0,          2                 
# span 7 = 0.0000e+00, 0.0000e+00                 
# interval = seconds: 0.25
# start_time = Aug 11 2021 13:22:30 [Instrument's time stamp, header]
# bad_flag = -9.990e-29
*END*
[from data line 2877]
  1026.1941     69.525     70.106    32.6051     4.1461          1          1  0.000e+00
  1026.1785     69.331     69.911    32.5860     4.1416          1          1  0.000e+00
  1026.1745     69.136     69.714    32.5810     4.1332          1          1  0.000e+00
  1026.1788     68.943     69.519    32.5865     4.1243          1          1  0.000e+00
  1026.1699     68.761     69.335    32.5755     4.1180          1          1  0.000e+00
  1026.1680     68.590     69.163    32.5733     4.1109          1          1  0.000e+00
  1026.1620     68.438     69.009    32.5657     4.1037          1          1  0.000e+00
  1026.1601     68.311     68.881    32.5632     4.0963          1          1  0.000e+00
  1026.1545     68.212     68.782    32.5557     4.0887          1          1  0.000e+00
  1026.1550     68.143     68.712    32.5557     4.0811          1          1  0.000e+00
  1026.1519     68.101     68.669    32.5512     4.0742          1          1  0.000e+00
  1026.1473     68.079     68.648    32.5447     4.0678          1          1  0.000e+00
  1026.1514     68.073     68.642    32.5491     4.0609          1          1  0.000e+00
  1026.1481     68.075     68.644    32.5442     4.0555          1          1  0.000e+00
  1026.1490     68.076     68.645    32.5447     4.0504          1          1  0.000e+00
  1026.1536     68.061     68.630    32.5500     4.0460          1          1  0.000e+00
  1026.1564     68.023     68.591    32.5535     4.0439          1          1  0.000e+00
  1026.1519     67.956     68.524    32.5482     4.0437          1          1  0.000e+00
  1026.1525     67.852     68.418    32.5494     4.0427          1          1  0.000e+00
  1026.1501     67.715     68.280    32.5471     4.0421          1          1  0.000e+00
  1026.1460     67.542     68.106    32.5429     4.0411          1          1  0.000e+00
  1026.1466     67.341     67.903    32.5447     4.0396          1          1  0.000e+00
  1026.1407     67.120     67.680    32.5384     4.0383          1          1  0.000e+00
  1026.1360     66.893     67.452    32.5335     4.0355          1          1  0.000e+00
  1026.1311     66.665     67.222    32.5282     4.0315          1          1  0.000e+00
  1026.1281     66.450     67.005    32.5250     4.0267          1          1  0.000e+00
  1026.1175     66.249     66.802    32.5122     4.0213          1          1  0.000e+00
  1026.1222     66.069     66.621    32.5182     4.0139          1          1  0.000e+00
  1026.1216     65.909     66.459    32.5178     4.0088          1          1  0.000e+00
  1026.1108     65.774     66.323    32.5045     4.0046          1          1  0.000e+00
  1026.1043     65.663     66.211    32.4960     3.9976          1          1  0.000e+00
  1026.1073     65.568     66.115    32.4994     3.9890          1          1  0.000e+00
  1026.0952     65.494     66.040    32.4838     3.9822          1          1  0.000e+00
  1026.0878     65.430     65.976    32.4736     3.9730          1          1  0.000e+00
  1026.0956     65.375     65.921    32.4824     3.9621          1          1  0.000e+00
  1026.0811     65.321     65.866    32.4636     3.9548          1          1  0.000e+00
  1026.0637     65.267     65.811    32.4407     3.9446          1          1  0.000e+00
  1026.0727     65.212     65.756    32.4505     3.9300          1          1  0.000e+00
  1026.0930     65.150     65.694    32.4752     3.9203          1          1  0.000e+00
  1026.0857     65.083     65.626    32.4663     3.9184          1          1  0.000e+00
  1026.0841     65.012     65.555    32.4643     3.9160          1          1  0.000e+00
  1026.0762     64.931     65.473    32.4546     3.9135          1          1  0.000e+00
  1026.0705     64.841     65.382    32.4474     3.9088          1          1  0.000e+00
  1026.0687     64.743     65.283    32.4448     3.9020          1          1  0.000e+00
  1026.0685     64.632     65.171    32.4444     3.8956          1          1  0.000e+00
  1026.0689     64.502     65.041    32.4450     3.8898          1          1  0.000e+00
  1026.0620     64.358     64.895    32.4365     3.8846          1          1  0.000e+00
  1026.0445     64.197     64.733    32.4145     3.8770          1          1  0.000e+00
  1026.0191     64.019     64.553    32.3818     3.8625          1          1  0.000e+00
  1025.9994     63.835     64.367    32.3551     3.8377          1          1  0.000e+00
  1026.0023     63.649     64.180    32.3559     3.8057          1          1  0.000e+00
  1025.9904     63.465     63.994    32.3382     3.7738          1          1  0.000e+00
  1026.0072     63.290     63.817    32.3563     3.7403          1          1  0.000e+00
  1026.0086     63.132     63.658    32.3558     3.7145          1          1  0.000e+00
  1026.0230     62.990     63.515    32.3722     3.6929          1          1  0.000e+00
  1026.0196     62.868     63.392    32.3669     3.6778          1          1  0.000e+00
  1026.0165     62.769     63.293    32.3618     3.6642          1          1  0.000e+00
  1026.0185     62.682     63.205    32.3632     3.6498          1          1  0.000e+00
  1026.0025     62.608     63.130    32.3418     3.6359          1          1  0.000e+00
  1025.9904     62.540     63.062    32.3246     3.6150          1          1  0.000e+00
  1026.0188     62.479     63.000    32.3576     3.5901          1          1  0.000e+00
  1026.0369     62.412     62.932    32.3794     3.5786          1          1  0.000e+00
  1026.0244     62.342     62.862    32.3640     3.5765          1          1  0.000e+00
  1026.0168     62.265     62.784    32.3543     3.5719          1          1  0.000e+00
  1026.0312     62.178     62.696    32.3721     3.5654          1          1  0.000e+00
  1026.0074     62.080     62.598    32.3425     3.5627          1          1  0.000e+00
  1026.0192     61.972     62.489    32.3568     3.5532          1          1  0.000e+00
  1026.0175     61.854     62.370    32.3547     3.5471          1          1  0.000e+00
  1026.0195     61.726     62.240    32.3575     3.5436          1          1  0.000e+00
  1026.0050     61.590     62.104    32.3398     3.5407          1          1  0.000e+00
  1025.9821     61.451     61.964    32.3109     3.5327          1          1  0.000e+00
  1025.9742     61.310     61.821    32.2999     3.5161          1          1  0.000e+00
  1025.9702     61.166     61.676    32.2933     3.4957          1          1  0.000e+00
  1025.9846     61.028     61.537    32.3100     3.4768          1          1  0.000e+00
  1025.9890     60.893     61.400    32.3148     3.4637          1          1  0.000e+00
  1025.9917     60.763     61.270    32.3180     3.4552          1          1  0.000e+00
  1025.9933     60.641     61.147    32.3200     3.4490          1          1  0.000e+00
  1025.9949     60.526     61.030    32.3222     3.4447          1          1  0.000e+00
  1025.9942     60.419     60.922    32.3216     3.4417          1          1  0.000e+00
  1025.9950     60.322     60.825    32.3229     3.4389          1          1  0.000e+00
  1025.9969     60.228     60.730    32.3255     3.4369          1          1  0.000e+00
  1025.9928     60.133     60.634    32.3210     3.4363          1          1  0.000e+00
  1025.9949     60.040     60.541    32.3240     3.4350          1          1  0.000e+00
  1025.9863     59.944     60.443    32.3138     3.4351          1          1  0.000e+00
  1025.9757     59.841     60.340    32.3008     3.4330          1          1  0.000e+00
  1025.9736     59.734     60.232    32.2981     3.4267          1          1  0.000e+00
  1025.9682     59.624     60.120    32.2911     3.4190          1          1  0.000e+00
  1025.9566     59.506     60.002    32.2763     3.4111          1          1  0.000e+00
  1025.9602     59.390     59.885    32.2804     3.4013          1          1  0.000e+00
  1025.9718     59.271     59.764    32.2949     3.3946          1          1  0.000e+00
  1025.9748     59.160     59.653    32.2991     3.3936          1          1  0.000e+00
  1025.9678     59.050     59.542    32.2912     3.3943          1          1  0.000e+00
  1025.9653     58.937     59.428    32.2885     3.3931          1          1  0.000e+00
  1025.9557     58.821     59.311    32.2769     3.3907          1          1  0.000e+00
  1025.9462     58.701     59.190    32.2650     3.3857          1          1  0.000e+00
  1025.9365     58.569     59.057    32.2530     3.3795          1          1  0.000e+00
  1025.9282     58.422     58.908    32.2426     3.3725          1          1  0.000e+00
  1025.9302     58.265     58.750    32.2453     3.3652          1          1  0.000e+00
  1025.9328     58.098     58.582    32.2489     3.3610          1          1  0.000e+00
  1025.9290     57.929     58.411    32.2450     3.3593          1          1  0.000e+00
  1025.9257     57.764     58.245    32.2418     3.3586          1          1  0.000e+00
  1025.9222     57.611     58.090    32.2383     3.3591          1          1  0.000e+00
  1025.9153     57.474     57.952    32.2306     3.3600          1          1  0.000e+00
  1025.9149     57.359     57.837    32.2306     3.3594          1          1  0.000e+00
  1025.9159     57.266     57.743    32.2327     3.3608          1          1  0.000e+00
  1025.9137     57.193     57.669    32.2308     3.3649          1          1  0.000e+00
  1025.9029     57.133     57.609    32.2181     3.3696          1          1  0.000e+00
  1025.9072     57.089     57.564    32.2240     3.3712          1          1  0.000e+00
  1025.9197     57.051     57.526    32.2404     3.3752          1          1  0.000e+00
  1025.9138     57.009     57.484    32.2348     3.3884          1          1  0.000e+00
  1025.9003     56.968     57.442    32.2196     3.4023          1          1  0.000e+00
  1025.8903     56.916     57.390    32.2082     3.4093          1          1  0.000e+00
  1025.8905     56.852     57.325    32.2090     3.4107          1          1  0.000e+00
  1025.8878     56.771     57.243    32.2061     3.4114          1          1  0.000e+00
  1025.8871     56.680     57.152    32.2058     3.4115          1          1  0.000e+00
  1025.8881     56.574     57.045    32.2076     3.4112          1          1  0.000e+00
  1025.8922     56.454     56.924    32.2136     3.4116          1          1  0.000e+00
  1025.8923     56.320     56.789    32.2150     3.4160          1          1  0.000e+00
  1025.8837     56.172     56.639    32.2060     3.4240          1          1  0.000e+00
  1025.8725     56.015     56.481    32.1939     3.4324          1          1  0.000e+00
  1025.8581     55.841     56.306    32.1774     3.4380          1          1  0.000e+00
  1025.8458     55.657     56.120    32.1635     3.4421          1          1  0.000e+00
  1025.8410     55.466     55.927    32.1588     3.4446          1          1  0.000e+00
  1025.8346     55.274     55.734    32.1522     3.4463          1          1  0.000e+00
  1025.8275     55.087     55.546    32.1445     3.4471          1          1  0.000e+00
  1025.8256     54.905     55.362    32.1432     3.4471          1          1  0.000e+00
  1025.8236     54.734     55.190    32.1417     3.4474          1          1  0.000e+00
  1025.8199     54.578     55.032    32.1382     3.4491          1          1  0.000e+00
  1025.8181     54.432     54.885    32.1370     3.4507          1          1  0.000e+00
  1025.8163     54.301     54.752    32.1358     3.4527          1          1  0.000e+00
  1025.8145     54.187     54.638    32.1344     3.4551          1          1  0.000e+00
  1025.8148     54.087     54.537    32.1357     3.4579          1          1  0.000e+00
  1025.8166     54.004     54.453    32.1390     3.4623          1          1  0.000e+00
  1025.8045     53.938     54.387    32.1250     3.4706          1          1  0.000e+00
  1025.8036     53.895     54.343    32.1247     3.4753          1          1  0.000e+00
  1025.8072     53.860     54.308    32.1300     3.4793          1          1  0.000e+00
  1025.8005     53.840     54.287    32.1226     3.4873          1          1  0.000e+00
  1025.7960     53.827     54.275    32.1177     3.4939          1          1  0.000e+00
  1025.7925     53.817     54.265    32.1140     3.4992          1          1  0.000e+00
  1025.7920     53.806     54.253    32.1142     3.5046          1          1  0.000e+00
  1025.7879     53.786     54.233    32.1100     3.5122          1          1  0.000e+00
  1025.7817     53.749     54.196    32.1033     3.5206          1          1  0.000e+00
  1025.7752     53.689     54.136    32.0962     3.5262          1          1  0.000e+00
  1025.7736     53.600     54.046    32.0948     3.5275          1          1  0.000e+00
  1025.7745     53.482     53.927    32.0966     3.5262          1          1  0.000e+00
  1025.7772     53.333     53.776    32.1007     3.5249          1          1  0.000e+00
  1025.7767     53.159     53.601    32.1012     3.5265          1          1  0.000e+00
  1025.7751     52.961     53.401    32.1008     3.5298          1          1  0.000e+00
  1025.7709     52.748     53.186    32.0974     3.5350          1          1  0.000e+00
  1025.7616     52.527     52.964    32.0877     3.5412          1          1  0.000e+00
  1025.7526     52.309     52.744    32.0783     3.5465          1          1  0.000e+00
  1025.7483     52.084     52.517    32.0747     3.5498          1          1  0.000e+00
  1025.7440     51.876     52.308    32.0707     3.5521          1          1  0.000e+00
  1025.7403     51.676     52.105    32.0676     3.5536          1          1  0.000e+00
  1025.7376     51.486     51.914    32.0654     3.5547          1          1  0.000e+00
  1025.7354     51.316     51.742    32.0637     3.5554          1          1  0.000e+00
  1025.7319     51.165     51.590    32.0602     3.5556          1          1  0.000e+00
  1025.7280     51.034     51.458    32.0562     3.5558          1          1  0.000e+00
  1025.7254     50.929     51.352    32.0535     3.5560          1          1  0.000e+00
  1025.7133     50.848     51.271    32.0388     3.5561          1          1  0.000e+00
  1025.7187     50.791     51.213    32.0460     3.5565          1          1  0.000e+00
  1025.7178     50.751     51.172    32.0450     3.5562          1          1  0.000e+00
  1025.7112     50.726     51.148    32.0369     3.5561          1          1  0.000e+00
  1025.7042     50.712     51.134    32.0282     3.5564          1          1  0.000e+00
  1025.7026     50.703     51.124    32.0263     3.5572          1          1  0.000e+00
  1025.6969     50.689     51.110    32.0193     3.5579          1          1  0.000e+00
  1025.6962     50.665     51.086    32.0186     3.5587          1          1  0.000e+00
  1025.6975     50.625     51.046    32.0206     3.5593          1          1  0.000e+00
  1025.6999     50.571     50.992    32.0240     3.5598          1          1  0.000e+00
  1025.7006     50.500     50.920    32.0253     3.5603          1          1  0.000e+00
  1025.7006     50.410     50.829    32.0260     3.5608          1          1  0.000e+00
  1025.7006     50.304     50.722    32.0267     3.5616          1          1  0.000e+00
  1025.6990     50.191     50.608    32.0255     3.5628          1          1  0.000e+00
  1025.6963     50.064     50.480    32.0230     3.5638          1          1  0.000e+00
  1025.6917     49.928     50.343    32.0181     3.5643          1          1  0.000e+00
  1025.6871     49.783     50.196    32.0131     3.5646          1          1  0.000e+00
  1025.6838     49.626     50.038    32.0099     3.5645          1          1  0.000e+00
  1025.6807     49.458     49.869    32.0070     3.5645          1          1  0.000e+00
  1025.6772     49.276     49.685    32.0038     3.5645          1          1  0.000e+00
