data/eDNA/PER-2021-171/171a006.ros
* Sea-Bird SBE19plus  Data File:
* FileName = C:\Users\RSG_field\Ryan_2021_Perley\CTD\171a006.hex
* Software version 2.3.0 SB_Terminal.dll
* Temperature SN = 7141
* Conductivity SN = 7141
* System UpLoad Time = Aug 12 2021 16:14:41
* <ApplicationData>
* <SeatermAF>
** Platform: M. Perley
** Cruise: Per2021171
** Station:  GC_06
** Cast: 01 1
** Latitude: N  44 46.979
** Longitude: W 62 26.63
** Sounding: 22.1
** Chief Scientist: Ryan Stanley
** Comment: 171a006
# nquan = 9
# nvalues = 27                                    
# units = specified
# name 0 = density00: Density [density, kg/m^3]
# name 1 = depSM: Depth [salt water, m], lat = 45.00
# name 2 = prdM: Pressure, Strain Gauge [db]
# name 3 = sal00: Salinity, Practical [PSU]
# name 4 = tv290C: Temperature [ITS-90, deg C]
# name 5 = bpos: Bottle Position in Carousel
# name 6 = nbf: Bottles Fired
# name 7 = scan: Scan Count
# name 8 = flag:  0.000e+00
# interval = seconds: 0.25
# start_time = Aug 12 2021 19:02:50 [Instrument's time stamp, header]
# bad_flag = -9.990e-29
*END*
  1023.6368     20.603     20.772    30.6564    10.1246          1          1       1402  0.000e+00
  1023.6186     20.603     20.772    30.6336    10.1265          1          1       1403  0.000e+00
  1023.6363     20.595     20.765    30.6550    10.1203          1          1       1404  0.000e+00
  1023.6374     20.580     20.750    30.6566    10.1209          1          1       1405  0.000e+00
  1023.6370     20.562     20.732    30.6571    10.1250          1          1       1406  0.000e+00
  1023.6324     20.543     20.712    30.6520    10.1286          1          1       1407  0.000e+00
  1023.6307     20.527     20.696    30.6502    10.1297          1          1       1408  0.000e+00
  1023.6351     20.513     20.682    30.6559    10.1299          1          1       1409  0.000e+00
  1023.6243     20.501     20.670    30.6426    10.1325          1          1       1410  0.000e+00
  1022.7902     10.721     10.809    30.7345    14.7349          2          2       1775  0.000e+00
  1022.7662     10.575     10.662    30.7132    14.7679          2          2       1776  0.000e+00
  1022.7866     10.436     10.521    30.7477    14.7941          2          2       1777  0.000e+00
  1022.7853     10.298     10.382    30.7557    14.8269          2          2       1778  0.000e+00
  1022.7722     10.174     10.257    30.7492    14.8628          2          2       1779  0.000e+00
  1022.8144     10.055     10.138    30.8144    14.8977          2          2       1780  0.000e+00
  1022.7907      9.947     10.029    30.7989    14.9511          2          2       1781  0.000e+00
  1022.7968      9.853      9.933    30.8222    15.0049          2          2       1782  0.000e+00
  1022.7588      9.764      9.844    30.7877    15.0572          2          2       1783  0.000e+00
  1021.8711      2.881      2.905    30.5745    18.1159          3          3       1843  0.000e+00
  1021.8025      2.851      2.874    30.5086    18.1911          3          3       1844  0.000e+00
  1021.7547      2.820      2.843    30.4682    18.2605          3          3       1845  0.000e+00
  1021.6846      2.778      2.800    30.4047    18.3494          3          3       1846  0.000e+00
  1021.6269      2.713      2.735    30.3523    18.4212          3          3       1847  0.000e+00
  1021.5873      2.620      2.641    30.3131    18.4590          3          3       1848  0.000e+00
  1021.5930      2.499      2.519    30.3224    18.4625          3          3       1849  0.000e+00
  1021.5781      2.351      2.371    30.3051    18.4672          3          3       1850  0.000e+00
  1021.5869      2.185      2.203    30.3123    18.4506          3          3       1851  0.000e+00
