data/eDNA/PER-2021-171/171a026.cnv
* Sea-Bird SBE19plus  Data File:
* FileName = C:\Users\RSG_field\Ryan_2021_Perley\CTD\171a026.hex
* Software version 2.3.0 SB_Terminal.dll
* Temperature SN = 7141
* Conductivity SN = 7141
* System UpLoad Time = Aug 18 2021 12:32:14
* <ApplicationData>
* <SeatermAF>
** Platform: M. Perley
** Cruise: Per2021171
** Station:  SAB_02
** Cast: 01 1
** Latitude: N  45 50.383
** Longitude: W 60 07.934
** Sounding: 23,8
** Chief Scientist: Ryan Stanley
** Comment: 171a026
# nquan = 8
# nvalues = 1933                                  
# units = specified
# name 0 = density00: Density [density, kg/m^3]
# name 1 = depSM: Depth [salt water, m], lat = 45.00
# name 2 = prdM: Pressure, Strain Gauge [db]
# name 3 = sal00: Salinity, Practical [PSU]
# name 4 = tv290C: Temperature [ITS-90, deg C]
# name 5 = bpos: Bottle Position in Carousel
# name 6 = nbf: Bottles Fired
# name 7 = flag:  0.000e+00
# span 0 =   998.3336,  1024.3556                 
# span 1 =     -0.023,     23.152                 
# span 2 =     -0.024,     23.343                 
# span 3 =     0.0097,    31.0084                 
# span 4 =     6.9765,    19.4825                 
# span 5 =          0,          3                 
# span 6 =          0,          3                 
# span 7 = 0.0000e+00, 0.0000e+00                 
# interval = seconds: 0.25
# start_time = Aug 18 2021 15:21:33 [Instrument's time stamp, header]
# bad_flag = -9.990e-29
*END*
[from data line 1079]
  1024.3125     22.988     23.178    30.9401     7.1276          1          1  0.000e+00
  1024.3133     22.979     23.168    30.9410     7.1273          1          1  0.000e+00
  1024.3134     22.970     23.159    30.9413     7.1273          1          1  0.000e+00
  1024.3118     22.961     23.150    30.9394     7.1276          1          1  0.000e+00
  1024.3084     22.954     23.143    30.9349     7.1269          1          1  0.000e+00
  1024.3111     22.945     23.134    30.9379     7.1241          1          1  0.000e+00
  1024.3144     22.935     23.124    30.9420     7.1228          1          1  0.000e+00
  1024.3086     22.931     23.120    30.9346     7.1228          1          1  0.000e+00
  1024.3110     22.928     23.117    30.9374     7.1208          1          1  0.000e+00
  1024.3124     22.924     23.112    30.9389     7.1190          1          1  0.000e+00
  1024.3093     22.927     23.116    30.9349     7.1186          1          1  0.000e+00
  1024.3085     22.932     23.121    30.9335     7.1166          1          1  0.000e+00
  1024.3085     22.939     23.128    30.9330     7.1139          1          1  0.000e+00
  1024.3117     22.950     23.139    30.9364     7.1107          1          1  0.000e+00
  1024.3125     22.962     23.151    30.9371     7.1090          1          1  0.000e+00
  1024.3159     22.975     23.165    30.9412     7.1081          1          1  0.000e+00
  1024.3160     22.988     23.178    30.9415     7.1091          1          1  0.000e+00
  1024.3139     23.002     23.192    30.9390     7.1110          1          1  0.000e+00
  1024.3119     23.008     23.198    30.9364     7.1114          1          1  0.000e+00
  1024.3127     23.015     23.204    30.9374     7.1109          1          1  0.000e+00
  1024.3148     23.020     23.210    30.9400     7.1106          1          1  0.000e+00
  1024.3171     23.024     23.214    30.9431     7.1115          1          1  0.000e+00
  1024.3156     23.024     23.214    30.9415     7.1137          1          1  0.000e+00
  1024.3155     23.021     23.211    30.9416     7.1154          1          1  0.000e+00
  1024.3174     23.015     23.204    30.9444     7.1171          1          1  0.000e+00
  1024.3181     23.012     23.201    30.9458     7.1201          1          1  0.000e+00
  1024.3156     23.006     23.196    30.9432     7.1238          1          1  0.000e+00
  1024.3113     23.001     23.190    30.9383     7.1266          1          1  0.000e+00
  1024.3069     22.992     23.182    30.9328     7.1271          1          1  0.000e+00
  1024.3103     22.989     23.179    30.9368     7.1250          1          1  0.000e+00
  1024.3123     22.982     23.171    30.9392     7.1238          1          1  0.000e+00
  1024.3100     22.978     23.167    30.9364     7.1243          1          1  0.000e+00
  1024.3100     22.973     23.163    30.9364     7.1241          1          1  0.000e+00
  1024.3080     22.970     23.159    30.9336     7.1227          1          1  0.000e+00
  1024.3088     22.970     23.159    30.9344     7.1207          1          1  0.000e+00
  1024.3042     22.971     23.161    30.9281     7.1182          1          1  0.000e+00
  1024.3078     22.970     23.159    30.9318     7.1134          1          1  0.000e+00
  1024.3156     22.974     23.164    30.9412     7.1106          1          1  0.000e+00
  1024.3141     22.980     23.169    30.9395     7.1113          1          1  0.000e+00
  1024.3111     22.985     23.174    30.9357     7.1121          1          1  0.000e+00
  1024.3090     22.991     23.181    30.9329     7.1112          1          1  0.000e+00
  1024.3127     22.998     23.187    30.9372     7.1092          1          1  0.000e+00
  1024.3144     23.005     23.195    30.9392     7.1086          1          1  0.000e+00
  1024.3149     23.012     23.201    30.9399     7.1093          1          1  0.000e+00
  1024.3142     23.018     23.208    30.9393     7.1110          1          1  0.000e+00
  1024.3156     23.023     23.213    30.9413     7.1129          1          1  0.000e+00
  1024.3118     23.026     23.216    30.9367     7.1146          1          1  0.000e+00
  1024.3121     23.030     23.219    30.9373     7.1149          1          1  0.000e+00
  1024.3145     23.033     23.223    30.9402     7.1149          1          1  0.000e+00
  1024.3095     23.034     23.224    30.9341     7.1164          1          1  0.000e+00
  1024.3126     23.036     23.226    30.9379     7.1155          1          1  0.000e+00
  1024.3106     23.034     23.224    30.9355     7.1160          1          1  0.000e+00
  1024.3125     23.034     23.224    30.9378     7.1161          1          1  0.000e+00
  1024.3119     23.032     23.221    30.9372     7.1160          1          1  0.000e+00
  1024.3097     23.032     23.221    30.9344     7.1160          1          1  0.000e+00
  1024.3080     23.028     23.218    30.9320     7.1149          1          1  0.000e+00
  1024.3085     23.026     23.216    30.9322     7.1122          1          1  0.000e+00
  1024.3114     23.024     23.214    30.9355     7.1098          1          1  0.000e+00
  1024.3141     23.023     23.213    30.9387     7.1086          1          1  0.000e+00
  1024.3148     23.020     23.210    30.9397     7.1088          1          1  0.000e+00
  1024.3129     23.016     23.205    30.9374     7.1099          1          1  0.000e+00
  1024.3141     23.013     23.202    30.9391     7.1104          1          1  0.000e+00
  1024.3135     23.009     23.199    30.9386     7.1115          1          1  0.000e+00
  1024.3134     23.004     23.194    30.9387     7.1127          1          1  0.000e+00
  1024.3163     23.003     23.193    30.9424     7.1134          1          1  0.000e+00
  1024.3138     22.998     23.187    30.9398     7.1164          1          1  0.000e+00
  1024.3066     22.996     23.185    30.9310     7.1178          1          1  0.000e+00
  1024.3097     22.994     23.183    30.9345     7.1156          1          1  0.000e+00
  1024.3100     22.996     23.185    30.9345     7.1139          1          1  0.000e+00
  1024.3093     22.997     23.186    30.9335     7.1128          1          1  0.000e+00
  1024.3096     23.002     23.192    30.9335     7.1108          1          1  0.000e+00
  1024.3125     23.007     23.197    30.9367     7.1085          1          1  0.000e+00
  1024.3120     23.017     23.207    30.9361     7.1089          1          1  0.000e+00
  1024.3070     23.024     23.214    30.9298     7.1093          1          1  0.000e+00
  1024.3069     23.034     23.224    30.9292     7.1065          1          1  0.000e+00
  1024.3112     23.042     23.232    30.9340     7.1026          1          1  0.000e+00
  1024.3100     23.050     23.240    30.9321     7.1011          1          1  0.000e+00
  1024.3126     23.057     23.247    30.9350     7.0990          1          1  0.000e+00
  1024.3153     23.062     23.252    30.9382     7.0976          1          1  0.000e+00
  1024.3147     23.062     23.252    30.9374     7.0974          1          1  0.000e+00
  1024.3169     23.063     23.254    30.9403     7.0978          1          1  0.000e+00
  1024.3202     23.060     23.250    30.9449     7.1001          1          1  0.000e+00
  1024.3154     23.056     23.246    30.9394     7.1040          1          1  0.000e+00
  1024.3148     23.052     23.242    30.9390     7.1059          1          1  0.000e+00
  1024.3216     23.047     23.236    30.9479     7.1075          1          1  0.000e+00
  1024.3208     23.043     23.233    30.9478     7.1130          1          1  0.000e+00
  1024.3149     23.036     23.226    30.9414     7.1194          1          1  0.000e+00
  1024.3101     23.034     23.224    30.9359     7.1222          1          1  0.000e+00
  1024.3101     23.031     23.220    30.9359     7.1224          1          1  0.000e+00
  1024.3063     23.030     23.219    30.9310     7.1219          1          1  0.000e+00
  1024.3093     23.034     23.224    30.9345     7.1200          1          1  0.000e+00
  1024.3058     23.035     23.225    30.9298     7.1186          1          1  0.000e+00
  1024.3045     23.035     23.225    30.9276     7.1157          1          1  0.000e+00
  1024.3100     23.037     23.227    30.9340     7.1116          1          1  0.000e+00
  1024.3169     23.035     23.225    30.9426     7.1105          1          1  0.000e+00
  1024.3118     23.039     23.229    30.9364     7.1130          1          1  0.000e+00
  1024.3093     23.038     23.228    30.9334     7.1140          1          1  0.000e+00
  1024.3080     23.040     23.230    30.9316     7.1130          1          1  0.000e+00
  1024.3110     23.043     23.233    30.9351     7.1109          1          1  0.000e+00
  1024.3061     23.045     23.235    30.9286     7.1101          1          1  0.000e+00
  1024.3121     23.050     23.240    30.9357     7.1070          1          1  0.000e+00
  1024.3159     23.049     23.239    30.9404     7.1060          1          1  0.000e+00
  1024.3161     23.054     23.244    30.9410     7.1078          1          1  0.000e+00
  1024.3135     23.055     23.245    30.9381     7.1103          1          1  0.000e+00
  1024.3101     23.060     23.250    30.9338     7.1112          1          1  0.000e+00
  1024.3090     23.062     23.252    30.9323     7.1104          1          1  0.000e+00
  1024.3105     23.066     23.256    30.9340     7.1092          1          1  0.000e+00
  1024.3109     23.067     23.257    30.9345     7.1087          1          1  0.000e+00
  1024.3098     23.063     23.254    30.9329     7.1081          1          1  0.000e+00
  1024.3106     23.062     23.252    30.9338     7.1070          1          1  0.000e+00
  1024.3085     23.058     23.248    30.9312     7.1070          1          1  0.000e+00
  1024.3123     23.055     23.245    30.9357     7.1056          1          1  0.000e+00
  1024.3151     23.048     23.238    30.9393     7.1052          1          1  0.000e+00
  1024.3094     23.045     23.235    30.9322     7.1058          1          1  0.000e+00
  1024.3142     23.037     23.227    30.9381     7.1044          1          1  0.000e+00
  1024.3144     23.033     23.223    30.9384     7.1046          1          1  0.000e+00
  1024.3147     23.027     23.217    30.9390     7.1056          1          1  0.000e+00
  1024.3157     23.024     23.214    30.9404     7.1061          1          1  0.000e+00
  1024.3138     23.024     23.214    30.9380     7.1065          1          1  0.000e+00
  1024.3123     23.023     23.213    30.9364     7.1080          1          1  0.000e+00
  1024.3120     23.026     23.216    30.9361     7.1085          1          1  0.000e+00
  1024.3067     23.027     23.217    30.9291     7.1076          1          1  0.000e+00
  1024.3107     23.031     23.220    30.9338     7.1052          1          1  0.000e+00
  1024.3080     23.033     23.223    30.9300     7.1034          1          1  0.000e+00
  1024.3076     23.040     23.230    30.9291     7.1005          1          1  0.000e+00
  1024.3107     23.045     23.235    30.9323     7.0968          1          1  0.000e+00
  1024.3105     23.053     23.243    30.9316     7.0942          1          1  0.000e+00
  1024.3131     23.061     23.251    30.9344     7.0914          1          1  0.000e+00
  1024.3153     23.069     23.259    30.9367     7.0892          1          1  0.000e+00
  1024.3159     23.075     23.265    30.9374     7.0886          1          1  0.000e+00
  1024.3190     23.082     23.272    30.9413     7.0890          1          1  0.000e+00
  1024.3172     23.084     23.274    30.9394     7.0910          1          1  0.000e+00
  1024.3141     23.088     23.278    30.9356     7.0922          1          1  0.000e+00
  1024.3163     23.089     23.279    30.9383     7.0919          1          1  0.000e+00
  1024.3176     23.086     23.276    30.9401     7.0926          1          1  0.000e+00
  1024.3223     23.084     23.274    30.9465     7.0946          1          1  0.000e+00
  1024.3176     23.077     23.267    30.9414     7.0995          1          1  0.000e+00
  1024.3125     23.077     23.267    30.9352     7.1022          1          1  0.000e+00
  1024.3097     23.070     23.260    30.9317     7.1015          1          1  0.000e+00
  1024.3134     23.066     23.256    30.9361     7.0997          1          1  0.000e+00
  1024.3140     23.062     23.252    30.9367     7.0988          1          1  0.000e+00
  1024.3183     23.058     23.248    30.9422     7.0986          1          1  0.000e+00
  1024.3228     23.055     23.245    30.9484     7.1011          1          1  0.000e+00
  1024.3176     23.054     23.244    30.9427     7.1067          1          1  0.000e+00
  1024.3100     23.054     23.244    30.9337     7.1110          1          1  0.000e+00
  1024.3073     23.053     23.243    30.9302     7.1109          1          1  0.000e+00
  1024.3056     23.056     23.246    30.9276     7.1080          1          1  0.000e+00
  1024.3096     23.055     23.245    30.9319     7.1032          1          1  0.000e+00
  1024.3084     23.058     23.248    30.9298     7.0996          1          1  0.000e+00
  1024.3115     23.058     23.248    30.9331     7.0957          1          1  0.000e+00
  1024.3122     23.060     23.250    30.9335     7.0930          1          1  0.000e+00
  1024.3138     23.058     23.248    30.9352     7.0909          1          1  0.000e+00
  1024.3163     23.060     23.250    30.9381     7.0896          1          1  0.000e+00
  1024.3166     23.062     23.252    30.9385     7.0897          1          1  0.000e+00
  1024.3140     23.066     23.256    30.9353     7.0905          1          1  0.000e+00
  1024.3103     23.070     23.260    30.9303     7.0892          1          1  0.000e+00
  1024.3141     23.074     23.264    30.9346     7.0856          1          1  0.000e+00
  1024.3157     23.075     23.265    30.9363     7.0835          1          1  0.000e+00
  1024.3182     23.078     23.269    30.9393     7.0826          1          1  0.000e+00
  1024.3195     23.082     23.272    30.9411     7.0833          1          1  0.000e+00
  1024.3179     23.084     23.274    30.9394     7.0854          1          1  0.000e+00
  1024.3153     23.086     23.276    30.9361     7.0864          1          1  0.000e+00
  1024.3157     23.087     23.277    30.9366     7.0855          1          1  0.000e+00
  1024.3164     23.087     23.277    30.9374     7.0853          1          1  0.000e+00
  1024.3173     23.085     23.275    30.9385     7.0852          1          1  0.000e+00
  1024.3140     23.082     23.272    30.9343     7.0852          1          1  0.000e+00
  1024.3169     23.079     23.270    30.9379     7.0839          1          1  0.000e+00
  1024.3209     23.072     23.262    30.9429     7.0838          1          1  0.000e+00
  1024.3240     23.062     23.252    30.9474     7.0862          1          1  0.000e+00
  1024.3199     23.056     23.246    30.9430     7.0912          1          1  0.000e+00
  1024.3158     23.050     23.240    30.9385     7.0948          1          1  0.000e+00
  1024.3107     23.043     23.233    30.9320     7.0950          1          1  0.000e+00
  1024.3124     23.039     23.229    30.9338     7.0926          1          1  0.000e+00
  1024.3125     23.035     23.225    30.9336     7.0902          1          1  0.000e+00
  1024.3160     23.030     23.219    30.9377     7.0884          1          1  0.000e+00
  1024.3155     23.027     23.217    30.9371     7.0883          1          1  0.000e+00
  1024.3157     23.024     23.214    30.9373     7.0878          1          1  0.000e+00
  1024.3155     23.024     23.214    30.9369     7.0873          1          1  0.000e+00
  1024.3152     23.025     23.215    30.9364     7.0866          1          1  0.000e+00
