data/eDNA/PER-2021-171/171a015.cnv
* Sea-Bird SBE19plus  Data File:
* FileName = C:\Users\RSG_field\Ryan_2021_Perley\CTD\171a015.hex
* Software version 2.3.0 SB_Terminal.dll
* Temperature SN = 7141
* Conductivity SN = 7141
* System UpLoad Time = Aug 12 2021 14:08:01
* <ApplicationData>
* <SeatermAF>
** Platform: M. Perley
** Cruise: Per2021171
** Station:  ESI_09
** Cast: 01 1
** Latitude: N  44 44.412
** Longitude: W 62 43.655
** Sounding: 17.5
** Chief Scientist: Ryan Stanley
** Comment: 171a015
# nquan = 8
# nvalues = 2042                                  
# units = specified
# name 0 = density00: Density [density, kg/m^3]
# name 1 = depSM: Depth [salt water, m], lat = 45.00
# name 2 = prdM: Pressure, Strain Gauge [db]
# name 3 = sal00: Salinity, Practical [PSU]
# name 4 = tv290C: Temperature [ITS-90, deg C]
# name 5 = bpos: Bottle Position in Carousel
# name 6 = nbf: Bottles Fired
# name 7 = flag:  0.000e+00
# span 0 =   998.6078,  1023.9828                 
# span 1 =     -0.074,     17.962                 
# span 2 =     -0.074,     18.110                 
# span 3 =     0.0076,    30.8053                 
# span 4 =     8.3770,    18.1193                 
# span 5 =          0,          3                 
# span 6 =          0,          3                 
# span 7 = 0.0000e+00, 0.0000e+00                 
# interval = seconds: 0.25
# start_time = Aug 12 2021 16:56:10 [Instrument's time stamp, header]
# bad_flag = -9.990e-29
*END*
[from data line 899]
  1021.6392      1.568      1.581    29.9793    17.1427          0          0  0.000e+00
  1021.6386      1.543      1.556    29.9789    17.1436          0          0  0.000e+00
  1021.6379      1.533      1.545    29.9784    17.1445          0          0  0.000e+00
  1021.6375      1.525      1.538    29.9783    17.1457          0          0  0.000e+00
  1021.6368      1.528      1.540    29.9777    17.1468          0          0  0.000e+00
  1021.6359      1.532      1.544    29.9764    17.1468          0          0  0.000e+00
  1021.6347      1.538      1.551    29.9747    17.1462          0          0  0.000e+00
  1021.6361      1.548      1.560    29.9763    17.1459          0          0  0.000e+00
  1021.6340      1.556      1.569    29.9731    17.1445          0          0  0.000e+00
  1021.6352      1.563      1.575    29.9730    17.1390          0          0  0.000e+00
  1021.6418      1.569      1.582    29.9791    17.1307          0          0  0.000e+00
  1021.6484      1.574      1.587    29.9861    17.1256          0          0  0.000e+00
  1021.6498      1.580      1.592    29.9884    17.1275          0          0  0.000e+00
  1021.6476      1.589      1.602    29.9869    17.1320          0          0  0.000e+00
  1021.6409      1.603      1.616    29.9797    17.1373          0          0  0.000e+00
  1021.6357      1.621      1.634    29.9729    17.1375          0          0  0.000e+00
  1021.6438      1.646      1.660    29.9822    17.1336          0          0  0.000e+00
  1021.6452      1.674      1.688    29.9841    17.1348          0          0  0.000e+00
  1021.6465      1.702      1.716    29.9867    17.1383          0          0  0.000e+00
  1021.6406      1.730      1.744    29.9800    17.1421          0          0  0.000e+00
  1021.6373      1.752      1.767    29.9753    17.1410          0          0  0.000e+00
  1021.6385      1.769      1.784    29.9745    17.1336          0          0  0.000e+00
  1021.6453      1.775      1.789    29.9808    17.1251          0          0  0.000e+00
  1021.6472      1.767      1.782    29.9817    17.1196          0          0  0.000e+00
  1021.6458      1.742      1.756    29.9787    17.1151          0          0  0.000e+00
  1021.6456      1.706      1.720    29.9758    17.1058          0          0  0.000e+00
  1021.6612      1.664      1.678    29.9931    17.0949          0          0  0.000e+00
  1021.6659      1.618      1.631    29.9994    17.0944          0          0  0.000e+00
  1021.6632      1.574      1.587    29.9983    17.1016          0          0  0.000e+00
  1021.6592      1.534      1.546    29.9957    17.1097          0          0  0.000e+00
  1021.6528      1.507      1.520    29.9897    17.1172          0          0  0.000e+00
  1021.6483      1.494      1.506    29.9852    17.1214          0          0  0.000e+00
  1021.6466      1.490      1.503    29.9835    17.1229          0          0  0.000e+00
  1021.6464      1.499      1.511    29.9832    17.1231          0          0  0.000e+00
  1021.6467      1.516      1.528    29.9835    17.1230          0          0  0.000e+00
  1021.6467      1.537      1.550    29.9836    17.1238          0          0  0.000e+00
  1021.6447      1.585      1.598    29.9813    17.1261          0          0  0.000e+00
  1021.6472      1.674      1.688    29.9840    17.1258          0          0  0.000e+00
  1021.6434      1.766      1.781    29.9793    17.1282          0          0  0.000e+00
  1021.6355      1.853      1.868    29.9679    17.1261          0          0  0.000e+00
  1021.6330      1.938      1.954    29.9605    17.1140          0          0  0.000e+00
  1021.6402      2.017      2.034    29.9636    17.0950          0          0  0.000e+00
  1021.6559      2.100      2.117    29.9789    17.0790          0          0  0.000e+00
  1021.6647      2.202      2.220    29.9873    17.0709          0          0  0.000e+00
  1021.6684      2.321      2.340    29.9919    17.0726          0          0  0.000e+00
  1021.6609      2.454      2.474    29.9837    17.0802          0          0  0.000e+00
  1021.6599      2.584      2.605    29.9823    17.0822          0          0  0.000e+00
  1021.6486      2.715      2.737    29.9672    17.0841          0          0  0.000e+00
  1021.6253      2.837      2.860    29.9330    17.0737          0          0  0.000e+00
  1021.6374      2.948      2.972    29.9340    17.0267          0          0  0.000e+00
  1021.6898      3.056      3.081    29.9829    16.9635          0          0  0.000e+00
  1021.6869      3.159      3.185    29.9661    16.9220          0          0  0.000e+00
  1021.5546      3.258      3.285    29.7755    16.8640          0          0  0.000e+00
  1021.5981      3.355      3.382    29.7712    16.6595          0          0  0.000e+00
  1021.8079      3.457      3.485    29.9709    16.4090          0          0  0.000e+00
  1021.8456      3.564      3.593    29.9749    16.2561          0          0  0.000e+00
  1021.9032      3.676      3.706    30.0102    16.1207          0          0  0.000e+00
  1021.8785      3.787      3.818    29.9384    15.9850          0          0  0.000e+00
  1021.9911      3.902      3.934    30.0324    15.8029          0          0  0.000e+00
  1022.0852      4.012      4.045    30.1117    15.6526          0          0  0.000e+00
  1022.1728      4.116      4.150    30.1975    15.5548          0          0  0.000e+00
  1022.2405      4.219      4.253    30.2705    15.5034          0          0  0.000e+00
  1022.2435      4.322      4.357    30.2716    15.4951          0          0  0.000e+00
  1022.2376      4.428      4.464    30.2641    15.4983          0          0  0.000e+00
  1022.2094      4.539      4.576    30.2260    15.4955          0          0  0.000e+00
  1022.2126      4.659      4.697    30.2236    15.4746          0          0  0.000e+00
  1022.2237      4.793      4.833    30.2313    15.4534          0          0  0.000e+00
  1022.1596      4.938      4.979    30.1399    15.4280          0          0  0.000e+00
  1022.1919      5.087      5.129    30.1625    15.3615          0          0  0.000e+00
  1022.1390      5.249      5.292    30.0726    15.2892          0          0  0.000e+00
  1022.1363      5.409      5.453    30.0365    15.1749          0          0  0.000e+00
  1022.2948      5.568      5.614    30.2026    15.0329          0          0  0.000e+00
  1022.2906      5.718      5.764    30.1760    14.9594          0          0  0.000e+00
  1022.3561      5.859      5.907    30.2420    14.8925          0          0  0.000e+00
  1022.3273      5.987      6.036    30.1921    14.8496          0          0  0.000e+00
  1022.2542      6.103      6.153    30.0789    14.7849          0          0  0.000e+00
  1022.3288      6.206      6.257    30.1396    14.6534          0          0  0.000e+00
  1022.3859      6.298      6.350    30.1826    14.5396          0          0  0.000e+00
  1022.4560      6.382      6.434    30.2503    14.4545          0          0  0.000e+00
  1022.4613      6.463      6.516    30.2415    14.3971          0          0  0.000e+00
  1022.4771      6.541      6.595    30.2482    14.3472          0          0  0.000e+00
  1022.5058      6.626      6.680    30.2727    14.3011          0          0  0.000e+00
  1022.5303      6.714      6.769    30.2938    14.2631          0          0  0.000e+00
  1022.5454      6.816      6.872    30.3056    14.2356          0          0  0.000e+00
  1022.5696      6.925      6.982    30.3303    14.2128          0          0  0.000e+00
  1022.5841      7.047      7.105    30.3431    14.1927          0          0  0.000e+00
  1022.5611      7.174      7.233    30.3083    14.1765          0          0  0.000e+00
  1022.4716      7.302      7.362    30.1820    14.1407          0          0  0.000e+00
  1022.4981      7.430      7.491    30.1901    14.0434          0          0  0.000e+00
  1022.5099      7.558      7.620    30.1775    13.9397          0          0  0.000e+00
  1022.4624      7.685      7.748    30.0867    13.8300          0          0  0.000e+00
  1022.4074      7.805      7.869    29.9735    13.6700          0          0  0.000e+00
  1022.5389      7.929      7.994    30.0875    13.4522          0          0  0.000e+00
  1022.6664      8.055      8.121    30.2064    13.2721          0          0  0.000e+00
  1022.7430      8.191      8.259    30.2765    13.1598          0          0  0.000e+00
  1022.7266      8.331      8.400    30.2375    13.0922          0          0  0.000e+00
  1022.5506      8.476      8.545    29.9866    13.0015          0          0  0.000e+00
  1022.5607      8.623      8.694    29.9457    12.7861          0          0  0.000e+00
  1022.7405      8.780      8.852    30.1119    12.5173          0          0  0.000e+00
  1022.8803      8.929      9.002    30.2437    12.3178          0          0  0.000e+00
  1022.8804      9.079      9.153    30.2118    12.1872          0          0  0.000e+00
  1022.9199      9.222      9.297    30.2310    12.0563          0          0  0.000e+00
  1022.9334      9.356      9.433    30.2160    11.9215          0          0  0.000e+00
  1022.9777      9.485      9.562    30.2380    11.7734          0          0  0.000e+00
  1023.0394      9.600      9.679    30.2832    11.6275          0          0  0.000e+00
  1023.0721      9.707      9.787    30.2965    11.5038          0          0  0.000e+00
  1023.1212      9.800      9.881    30.3323    11.3856          0          0  0.000e+00
  1023.1766      9.885      9.966    30.3795    11.2809          0          0  0.000e+00
  1023.2352      9.958     10.040    30.4362    11.1991          0          0  0.000e+00
  1023.2578     10.024     10.106    30.4528    11.1457          0          0  0.000e+00
  1023.2762     10.088     10.171    30.4671    11.1051          0          0  0.000e+00
  1023.3037     10.156     10.239    30.4951    11.0733          0          0  0.000e+00
  1023.3148     10.231     10.315    30.5042    11.0525          0          0  0.000e+00
  1023.3166     10.321     10.406    30.5028    11.0380          0          0  0.000e+00
  1023.3072     10.430     10.516    30.4869    11.0237          0          0  0.000e+00
  1023.2573     10.562     10.648    30.4165    10.9990          0          0  0.000e+00
  1023.2653     10.712     10.800    30.4120    10.9362          0          0  0.000e+00
  1023.3123     10.878     10.968    30.4547    10.8594          0          0  0.000e+00
  1023.3259     11.059     11.149    30.4582    10.8008          0          0  0.000e+00
  1023.3364     11.248     11.341    30.4590    10.7477          0          0  0.000e+00
  1023.2809     11.430     11.524    30.3736    10.6878          0          0  0.000e+00
  1023.2780     11.607     11.702    30.3461    10.5824          0          0  0.000e+00
  1023.2765     11.767     11.863    30.3129    10.4410          0          0  0.000e+00
  1023.1997     11.911     12.009    30.1765    10.2672          0          0  0.000e+00
  1023.3560     12.041     12.140    30.3246    10.0190          0          0  0.000e+00
  1023.5053     12.150     12.250    30.4735     9.8154          0          0  0.000e+00
  1023.5967     12.251     12.352    30.5648     9.6918          0          0  0.000e+00
  1023.6330     12.347     12.448    30.5962     9.6197          0          0  0.000e+00
  1023.6652     12.438     12.540    30.6276     9.5739          0          0  0.000e+00
  1023.6711     12.532     12.635    30.6285     9.5438          0          0  0.000e+00
  1023.6874     12.625     12.729    30.6436     9.5173          0          0  0.000e+00
  1023.7069     12.729     12.834    30.6642     9.4985          0          0  0.000e+00
  1023.7119     12.834     12.940    30.6686     9.4916          0          0  0.000e+00
  1023.7000     12.941     13.048    30.6522     9.4891          0          0  0.000e+00
  1023.6950     13.055     13.162    30.6435     9.4811          0          0  0.000e+00
  1023.6990     13.164     13.272    30.6451     9.4664          0          0  0.000e+00
  1023.7032     13.270     13.379    30.6469     9.4520          0          0  0.000e+00
  1023.7040     13.380     13.490    30.6447     9.4390          0          0  0.000e+00
  1023.6905     13.487     13.598    30.6236     9.4231          0          0  0.000e+00
  1023.6836     13.592     13.704    30.6091     9.3973          0          0  0.000e+00
  1023.6855     13.700     13.813    30.6035     9.3607          0          0  0.000e+00
  1023.6784     13.809     13.923    30.5855     9.3184          0          0  0.000e+00
  1023.6725     13.921     14.035    30.5662     9.2631          0          0  0.000e+00
  1023.7096     14.037     14.153    30.5994     9.1933          0          0  0.000e+00
  1023.7405     14.163     14.280    30.6267     9.1353          0          0  0.000e+00
  1023.7517     14.304     14.422    30.6316     9.0914          0          0  0.000e+00
  1023.7747     14.454     14.573    30.6527     9.0522          0          0  0.000e+00
  1023.7832     14.611     14.731    30.6567     9.0219          0          0  0.000e+00
  1023.7865     14.775     14.896    30.6547     8.9948          0          0  0.000e+00
  1023.8083     14.946     15.068    30.6760     8.9661          0          0  0.000e+00
  1023.8102     15.108     15.232    30.6737     8.9463          0          0  0.000e+00
  1023.8247     15.273     15.399    30.6879     8.9290          0          0  0.000e+00
  1023.8251     15.421     15.547    30.6849     8.9157          0          0  0.000e+00
  1023.8255     15.559     15.687    30.6822     8.9032          0          0  0.000e+00
  1023.8385     15.683     15.812    30.6956     8.8901          0          0  0.000e+00
  1023.8426     15.793     15.922    30.6985     8.8811          0          0  0.000e+00
  1023.8331     15.886     16.016    30.6849     8.8763          0          0  0.000e+00
  1023.8303     15.973     16.104    30.6789     8.8667          0          0  0.000e+00
  1023.8406     16.047     16.179    30.6889     8.8524          0          0  0.000e+00
  1023.8441     16.115     16.247    30.6906     8.8399          0          0  0.000e+00
  1023.8538     16.179     16.313    30.7008     8.8305          0          0  0.000e+00
  1023.8552     16.242     16.376    30.7013     8.8257          0          0  0.000e+00
  1023.8578     16.311     16.445    30.7037     8.8228          0          0  0.000e+00
  1023.8548     16.388     16.523    30.6992     8.8216          0          0  0.000e+00
  1023.8563     16.476     16.612    30.7001     8.8191          0          0  0.000e+00
  1023.8555     16.580     16.716    30.6979     8.8163          0          0  0.000e+00
  1023.8252     16.704     16.842    30.6575     8.8116          0          0  0.000e+00
  1023.7924     16.845     16.984    30.6102     8.7881          0          0  0.000e+00
  1023.7716     17.003     17.143    30.5731     8.7369          0          0  0.000e+00
  1023.8194     17.174     17.315    30.6193     8.6633          0          0  0.000e+00
  1023.8621     17.356     17.499    30.6613     8.6032          0          0  0.000e+00
  1023.8910     17.508     17.652    30.6901     8.5647          0          0  0.000e+00
  1023.9060     17.609     17.754    30.7042     8.5401          0          0  0.000e+00
  1023.9158     17.646     17.792    30.7132     8.5234          0          0  0.000e+00
  1023.9149     17.698     17.844    30.7096     8.5120          0          0  0.000e+00
  1023.9233     17.726     17.872    30.7179     8.4999          0          0  0.000e+00
  1023.9343     17.728     17.874    30.7308     8.4929          0          0  0.000e+00
  1023.9496     17.722     17.868    30.7507     8.4950          0          0  0.000e+00
  1023.9470     17.707     17.853    30.7496     8.5064          0          0  0.000e+00
