data/eDNA/PER-2021-171/171a007.cnv
* Sea-Bird SBE19plus  Data File:
* FileName = C:\Users\RSG_field\Ryan_2021_Perley\CTD\171a007.hex
* Software version 2.3.0 SB_Terminal.dll
* Temperature SN = 7141
* Conductivity SN = 7141
* System UpLoad Time = Aug 09 2021 17:37:39
* <ApplicationData>
* <SeatermAF>
** Platform: M. Perley
** Cruise: Per2021171
** Station:  ESI_06
** Cast: 01 01
** Latitude: N  44 49.384
** Longitude: W 62 29.060
** Sounding: 17.5
** Chief Scientist: Ryan Stanley
** Comment: 171a007
** Station shifted from original location due to navigational hazard
# nquan = 8
# nvalues = 2047                                  
# units = specified
# name 0 = density00: Density [density, kg/m^3]
# name 1 = depSM: Depth [salt water, m], lat = 45.00
# name 2 = prdM: Pressure, Strain Gauge [db]
# name 3 = sal00: Salinity, Practical [PSU]
# name 4 = tv290C: Temperature [ITS-90, deg C]
# name 5 = bpos: Bottle Position in Carousel
# name 6 = nbf: Bottles Fired
# name 7 = flag:  0.000e+00
# span 0 =   998.8200,  1023.8628                 
# span 1 =      0.020,     16.366                 
# span 2 =      0.021,     16.500                 
# span 3 =     0.0000,    30.9428                 
# span 4 =     8.7595,    17.5080                 
# span 5 =          0,          3                 
# span 6 =          0,          3                 
# span 7 = 0.0000e+00, 0.0000e+00                 
# interval = seconds: 0.25
# start_time = Aug 09 2021 20:24:03 [Instrument's time stamp, header]
# bad_flag = -9.990e-29
*END*
[from data line 720]
  1021.9886      1.481      1.493    30.5398    17.4831          0          0  0.000e+00
  1021.9886      1.437      1.449    30.5399    17.4827          0          0  0.000e+00
  1021.9888      1.419      1.431    30.5403    17.4827          0          0  0.000e+00
  1021.9891      1.416      1.428    30.5407    17.4827          0          0  0.000e+00
  1021.9893      1.421      1.433    30.5410    17.4828          0          0  0.000e+00
  1021.9893      1.425      1.436    30.5411    17.4833          0          0  0.000e+00
  1021.9890      1.424      1.435    30.5409    17.4838          0          0  0.000e+00
  1021.9884      1.424      1.435    30.5403    17.4844          0          0  0.000e+00
  1021.9884      1.420      1.432    30.5403    17.4844          0          0  0.000e+00
  1021.9886      1.435      1.447    30.5404    17.4844          0          0  0.000e+00
  1021.9893      1.491      1.504    30.5412    17.4845          0          0  0.000e+00
  1021.9902      1.599      1.613    30.5419    17.4850          0          0  0.000e+00
  1021.9940      1.745      1.759    30.5462    17.4860          0          0  0.000e+00
  1021.9974      1.887      1.902    30.5508    17.4892          0          0  0.000e+00
  1021.9931      1.998      2.014    30.5463    17.4951          0          0  0.000e+00
  1021.9899      2.059      2.076    30.5430    17.4990          0          0  0.000e+00
  1021.9886      2.066      2.083    30.5418    17.5008          0          0  0.000e+00
  1021.9874      2.022      2.039    30.5410    17.5021          0          0  0.000e+00
  1021.9862      1.931      1.947    30.5400    17.5024          0          0  0.000e+00
  1021.9850      1.808      1.823    30.5390    17.5021          0          0  0.000e+00
  1021.9846      1.670      1.684    30.5391    17.5015          0          0  0.000e+00
  1021.9839      1.550      1.562    30.5386    17.5005          0          0  0.000e+00
  1021.9836      1.473      1.485    30.5383    17.4994          0          0  0.000e+00
  1021.9835      1.448      1.460    30.5379    17.4980          0          0  0.000e+00
  1021.9849      1.480      1.492    30.5391    17.4964          0          0  0.000e+00
  1021.9869      1.554      1.567    30.5411    17.4958          0          0  0.000e+00
  1021.9879      1.644      1.657    30.5419    17.4959          0          0  0.000e+00
  1021.9870      1.729      1.743    30.5404    17.4964          0          0  0.000e+00
  1021.9866      1.785      1.800    30.5396    17.4964          0          0  0.000e+00
  1021.9898      1.801      1.816    30.5434    17.4960          0          0  0.000e+00
  1021.9892      1.783      1.797    30.5432    17.4975          0          0  0.000e+00
  1021.9856      1.726      1.740    30.5394    17.4990          0          0  0.000e+00
  1021.9847      1.637      1.650    30.5387    17.4990          0          0  0.000e+00
  1021.9843      1.540      1.553    30.5384    17.4978          0          0  0.000e+00
  1021.9847      1.463      1.475    30.5390    17.4965          0          0  0.000e+00
  1021.9849      1.425      1.436    30.5392    17.4957          0          0  0.000e+00
  1021.9856      1.422      1.434    30.5398    17.4948          0          0  0.000e+00
  1021.9863      1.447      1.459    30.5404    17.4943          0          0  0.000e+00
  1021.9859      1.496      1.508    30.5395    17.4942          0          0  0.000e+00
  1021.9872      1.555      1.568    30.5409    17.4939          0          0  0.000e+00
  1021.9905      1.622      1.635    30.5449    17.4942          0          0  0.000e+00
  1021.9902      1.683      1.697    30.5447    17.4963          0          0  0.000e+00
  1021.9884      1.743      1.757    30.5429    17.4988          0          0  0.000e+00
  1021.9873      1.793      1.808    30.5416    17.5004          0          0  0.000e+00
  1021.9870      1.827      1.842    30.5413    17.5012          0          0  0.000e+00
  1021.9870      1.839      1.854    30.5414    17.5017          0          0  0.000e+00
  1021.9866      1.836      1.851    30.5410    17.5022          0          0  0.000e+00
  1021.9862      1.814      1.828    30.5407    17.5024          0          0  0.000e+00
  1021.9851      1.776      1.791    30.5394    17.5024          0          0  0.000e+00
  1021.9843      1.743      1.757    30.5385    17.5020          0          0  0.000e+00
  1021.9852      1.713      1.727    30.5394    17.5006          0          0  0.000e+00
  1021.9854      1.697      1.711    30.5396    17.5001          0          0  0.000e+00
  1021.9862      1.695      1.709    30.5404    17.4995          0          0  0.000e+00
  1021.9865      1.707      1.720    30.5407    17.4994          0          0  0.000e+00
  1021.9882      1.732      1.746    30.5429    17.4996          0          0  0.000e+00
  1021.9872      1.751      1.765    30.5418    17.5009          0          0  0.000e+00
  1021.9869      1.757      1.772    30.5417    17.5020          0          0  0.000e+00
  1021.9858      1.748      1.762    30.5406    17.5026          0          0  0.000e+00
  1021.9828      1.709      1.723    30.5369    17.5027          0          0  0.000e+00
  1021.9845      1.643      1.656    30.5390    17.5011          0          0  0.000e+00
  1021.9849      1.560      1.573    30.5398    17.5001          0          0  0.000e+00
  1021.9841      1.485      1.497    30.5390    17.4995          0          0  0.000e+00
  1021.9841      1.440      1.452    30.5389    17.4985          0          0  0.000e+00
  1021.9853      1.442      1.453    30.5402    17.4976          0          0  0.000e+00
  1021.9868      1.475      1.488    30.5418    17.4970          0          0  0.000e+00
  1021.9868      1.528      1.541    30.5416    17.4977          0          0  0.000e+00
  1021.9869      1.584      1.597    30.5417    17.4984          0          0  0.000e+00
  1021.9871      1.628      1.641    30.5419    17.4992          0          0  0.000e+00
  1021.9857      1.664      1.678    30.5402    17.5001          0          0  0.000e+00
  1021.9855      1.695      1.709    30.5398    17.5001          0          0  0.000e+00
  1021.9859      1.720      1.734    30.5400    17.4998          0          0  0.000e+00
  1021.9862      1.740      1.755    30.5402    17.4995          0          0  0.000e+00
  1021.9866      1.761      1.775    30.5405    17.4991          0          0  0.000e+00
  1021.9869      1.788      1.803    30.5408    17.4992          0          0  0.000e+00
  1021.9868      1.809      1.824    30.5405    17.4993          0          0  0.000e+00
  1021.9869      1.817      1.832    30.5406    17.4995          0          0  0.000e+00
  1021.9869      1.809      1.824    30.5407    17.4994          0          0  0.000e+00
  1021.9863      1.790      1.805    30.5400    17.4995          0          0  0.000e+00
  1021.9864      1.763      1.777    30.5403    17.4994          0          0  0.000e+00
  1021.9861      1.729      1.743    30.5401    17.4991          0          0  0.000e+00
  1021.9855      1.683      1.697    30.5395    17.4989          0          0  0.000e+00
  1021.9857      1.648      1.662    30.5397    17.4983          0          0  0.000e+00
  1021.9858      1.631      1.645    30.5398    17.4978          0          0  0.000e+00
  1021.9862      1.627      1.640    30.5402    17.4974          0          0  0.000e+00
  1021.9863      1.620      1.633    30.5404    17.4972          0          0  0.000e+00
  1021.9867      1.616      1.630    30.5409    17.4973          0          0  0.000e+00
  1021.9868      1.623      1.636    30.5410    17.4974          0          0  0.000e+00
  1021.9865      1.632      1.646    30.5407    17.4978          0          0  0.000e+00
  1021.9859      1.645      1.658    30.5399    17.4979          0          0  0.000e+00
  1021.9861      1.659      1.672    30.5400    17.4979          0          0  0.000e+00
  1021.9862      1.672      1.685    30.5400    17.4975          0          0  0.000e+00
  1021.9861      1.676      1.689    30.5398    17.4973          0          0  0.000e+00
  1021.9868      1.673      1.686    30.5405    17.4968          0          0  0.000e+00
  1021.9865      1.663      1.677    30.5402    17.4968          0          0  0.000e+00
  1021.9867      1.648      1.662    30.5405    17.4965          0          0  0.000e+00
  1021.9868      1.632      1.646    30.5407    17.4964          0          0  0.000e+00
  1021.9864      1.609      1.622    30.5402    17.4964          0          0  0.000e+00
  1021.9863      1.590      1.603    30.5402    17.4963          0          0  0.000e+00
  1021.9864      1.586      1.599    30.5403    17.4960          0          0  0.000e+00
  1021.9863      1.596      1.609    30.5400    17.4959          0          0  0.000e+00
  1021.9868      1.624      1.637    30.5405    17.4957          0          0  0.000e+00
  1021.9874      1.663      1.677    30.5410    17.4957          0          0  0.000e+00
  1021.9877      1.705      1.719    30.5412    17.4960          0          0  0.000e+00
  1021.9869      1.740      1.755    30.5403    17.4966          0          0  0.000e+00
  1021.9872      1.769      1.784    30.5404    17.4966          0          0  0.000e+00
  1021.9874      1.787      1.802    30.5407    17.4967          0          0  0.000e+00
  1021.9873      1.804      1.819    30.5404    17.4969          0          0  0.000e+00
  1021.9872      1.809      1.824    30.5403    17.4969          0          0  0.000e+00
  1021.9869      1.794      1.809    30.5399    17.4967          0          0  0.000e+00
  1021.9868      1.766      1.780    30.5399    17.4964          0          0  0.000e+00
  1021.9866      1.726      1.740    30.5397    17.4959          0          0  0.000e+00
  1021.9863      1.676      1.689    30.5395    17.4955          0          0  0.000e+00
  1021.9863      1.620      1.633    30.5396    17.4950          0          0  0.000e+00
  1021.9865      1.562      1.575    30.5401    17.4944          0          0  0.000e+00
  1021.9864      1.523      1.536    30.5401    17.4943          0          0  0.000e+00
  1021.9864      1.508      1.521    30.5402    17.4941          0          0  0.000e+00
  1021.9867      1.516      1.528    30.5405    17.4939          0          0  0.000e+00
  1021.9871      1.551      1.563    30.5408    17.4941          0          0  0.000e+00
  1021.9873      1.604      1.617    30.5408    17.4943          0          0  0.000e+00
  1021.9877      1.662      1.676    30.5412    17.4948          0          0  0.000e+00
  1021.9877      1.709      1.723    30.5410    17.4953          0          0  0.000e+00
  1021.9877      1.733      1.747    30.5410    17.4956          0          0  0.000e+00
  1021.9872      1.740      1.755    30.5404    17.4959          0          0  0.000e+00
  1021.9872      1.726      1.740    30.5405    17.4960          0          0  0.000e+00
  1021.9868      1.693      1.707    30.5402    17.4959          0          0  0.000e+00
  1021.9868      1.652      1.666    30.5403    17.4958          0          0  0.000e+00
  1021.9866      1.624      1.637    30.5402    17.4957          0          0  0.000e+00
  1021.9865      1.626      1.639    30.5400    17.4956          0          0  0.000e+00
  1021.9871      1.662      1.676    30.5405    17.4953          0          0  0.000e+00
  1021.9876      1.723      1.738    30.5409    17.4954          0          0  0.000e+00
  1021.9878      1.780      1.794    30.5408    17.4954          0          0  0.000e+00
  1021.9880      1.824      1.839    30.5409    17.4957          0          0  0.000e+00
  1021.9878      1.843      1.858    30.5406    17.4959          0          0  0.000e+00
  1021.9877      1.833      1.848    30.5405    17.4959          0          0  0.000e+00
  1021.9877      1.798      1.812    30.5407    17.4958          0          0  0.000e+00
  1021.9870      1.737      1.751    30.5402    17.4959          0          0  0.000e+00
  1021.9865      1.659      1.672    30.5399    17.4958          0          0  0.000e+00
  1021.9861      1.575      1.588    30.5398    17.4954          0          0  0.000e+00
  1021.9859      1.509      1.522    30.5398    17.4952          0          0  0.000e+00
  1021.9863      1.472      1.484    30.5403    17.4945          0          0  0.000e+00
  1021.9867      1.461      1.473    30.5409    17.4943          0          0  0.000e+00
  1021.9868      1.472      1.484    30.5410    17.4944          0          0  0.000e+00
  1021.9872      1.497      1.509    30.5413    17.4945          0          0  0.000e+00
  1021.9872      1.536      1.548    30.5414    17.4952          0          0  0.000e+00
  1021.9869      1.592      1.605    30.5408    17.4957          0          0  0.000e+00
  1021.9864      1.650      1.664    30.5399    17.4959          0          0  0.000e+00
  1021.9849      1.708      1.722    30.5375    17.4956          0          0  0.000e+00
  1021.9848      1.768      1.782    30.5365    17.4942          0          0  0.000e+00
  1021.9850      1.828      1.843    30.5359    17.4920          0          0  0.000e+00
  1021.9866      1.871      1.886    30.5371    17.4901          0          0  0.000e+00
  1021.9868      1.889      1.904    30.5367    17.4884          0          0  0.000e+00
  1021.9884      1.872      1.887    30.5383    17.4867          0          0  0.000e+00
  1021.9895      1.822      1.837    30.5398    17.4859          0          0  0.000e+00
  1021.9907      1.751      1.765    30.5419    17.4859          0          0  0.000e+00
  1021.9903      1.665      1.679    30.5421    17.4868          0          0  0.000e+00
  1021.9887      1.580      1.593    30.5409    17.4879          0          0  0.000e+00
  1021.9882      1.532      1.544    30.5407    17.4887          0          0  0.000e+00
  1021.9882      1.527      1.540    30.5409    17.4892          0          0  0.000e+00
  1021.9882      1.560      1.573    30.5409    17.4898          0          0  0.000e+00
  1021.9873      1.605      1.618    30.5396    17.4901          0          0  0.000e+00
  1021.9860      1.645      1.658    30.5376    17.4901          0          0  0.000e+00
  1021.9874      1.678      1.692    30.5390    17.4891          0          0  0.000e+00
  1021.9871      1.694      1.708    30.5382    17.4884          0          0  0.000e+00
  1021.9875      1.695      1.709    30.5385    17.4874          0          0  0.000e+00
  1021.9889      1.674      1.687    30.5401    17.4867          0          0  0.000e+00
  1021.9882      1.643      1.656    30.5394    17.4867          0          0  0.000e+00
  1021.9881      1.621      1.634    30.5394    17.4865          0          0  0.000e+00
  1021.9880      1.617      1.631    30.5392    17.4864          0          0  0.000e+00
  1021.9880      1.640      1.653    30.5390    17.4862          0          0  0.000e+00
  1021.9877      1.666      1.680    30.5383    17.4857          0          0  0.000e+00
  1021.9877      1.685      1.699    30.5380    17.4849          0          0  0.000e+00
  1021.9883      1.685      1.699    30.5384    17.4838          0          0  0.000e+00
  1021.9888      1.670      1.684    30.5390    17.4832          0          0  0.000e+00
  1021.9893      1.645      1.658    30.5397    17.4828          0          0  0.000e+00
  1021.9890      1.608      1.621    30.5395    17.4828          0          0  0.000e+00
  1021.9883      1.570      1.583    30.5388    17.4828          0          0  0.000e+00
  1021.9886      1.549      1.561    30.5393    17.4827          0          0  0.000e+00
  1021.9886      1.560      1.573    30.5391    17.4823          0          0  0.000e+00
