data/eDNA/PER-2021-171/171a012.cnv
* Sea-Bird SBE19plus  Data File:
* FileName = C:\Users\RSG_field\Ryan_2021_Perley\CTD\171a012.hex
* Software version 2.3.0 SB_Terminal.dll
* Temperature SN = 7141
* Conductivity SN = 7141
* System UpLoad Time = Aug 12 2021 09:09:10
* <ApplicationData>
* <SeatermAF>
** Platform: M. Perley
** Cruise: Per2021171
** Station:  ESI_16
** Cast: 01 1
** Latitude: N  44 35.607
** Longitude: W 62 3979
** Sounding: 108
** Chief Scientist: Ryan Stanley
** Comment: First cast didn't work adjusted bottom pressure
# nquan = 8
# nvalues = 3380                                  
# units = specified
# name 0 = density00: Density [density, kg/m^3]
# name 1 = depSM: Depth [salt water, m], lat = 45.00
# name 2 = prdM: Pressure, Strain Gauge [db]
# name 3 = sal00: Salinity, Practical [PSU]
# name 4 = tv290C: Temperature [ITS-90, deg C]
# name 5 = bpos: Bottle Position in Carousel
# name 6 = nbf: Bottles Fired
# name 7 = flag:  0.000e+00
# span 0 =   998.5983,  1026.4896                 
# span 1 =     -0.067,    100.763                 
# span 2 =     -0.068,    101.612                 
# span 3 =     0.0084,    32.8082                 
# span 4 =     3.2375,    18.5101                 
# span 5 =          0,          2                 
# span 6 =          0,          2                 
# span 7 = 0.0000e+00, 0.0000e+00                 
# interval = seconds: 0.25
# start_time = Aug 12 2021 11:51:08 [Instrument's time stamp, header]
# bad_flag = -9.990e-29
*END*
[from data line 3057]
  1024.1427     25.003     25.209    30.7965     7.6221          1          1  0.000e+00
  1024.1808     24.941     25.146    30.8376     7.5771          1          1  0.000e+00
  1024.1994     24.835     25.040    30.8581     7.5557          1          1  0.000e+00
  1024.2181     24.687     24.891    30.8815     7.5478          1          1  0.000e+00
  1024.2286     24.511     24.714    30.8965     7.5514          1          1  0.000e+00
  1024.2342     24.315     24.516    30.9067     7.5621          1          1  0.000e+00
  1024.2276     24.117     24.316    30.9025     7.5796          1          1  0.000e+00
  1024.2149     23.928     24.126    30.8908     7.5995          1          1  0.000e+00
  1024.2043     23.762     23.958    30.8814     7.6173          1          1  0.000e+00
  1024.1932     23.615     23.809    30.8708     7.6324          1          1  0.000e+00
  1024.1886     23.486     23.680    30.8677     7.6436          1          1  0.000e+00
  1024.1811     23.372     23.565    30.8607     7.6548          1          1  0.000e+00
  1024.1828     23.268     23.460    30.8652     7.6645          1          1  0.000e+00
  1024.2593     23.167     23.358    30.9669     7.6849          1          1  0.000e+00
  1024.3231     23.057     23.247    31.0616     7.7573          1          1  0.000e+00
  1024.2688     22.933     23.122    31.0150     7.8807          1          1  0.000e+00
  1024.2737     22.797     22.985    31.0437     8.0007          1          1  0.000e+00
  1024.1543     22.664     22.851    30.9140     8.1212          1          1  0.000e+00
  1024.1287     22.525     22.711    30.8945     8.1888          1          1  0.000e+00
  1024.1522     22.386     22.571    30.9350     8.2419          1          1  0.000e+00
  1024.1851     22.261     22.444    30.9906     8.3122          1          1  0.000e+00
  1024.2111     22.149     22.331    31.0414     8.4028          1          1  0.000e+00
  1024.3559     22.051     22.233    31.2516     8.5354          1          1  0.000e+00
  1024.1381     21.962     22.143    31.0131     8.7416          1          1  0.000e+00
  1024.1454     21.891     22.071    31.0468     8.8661          1          1  0.000e+00
  1024.3184     21.825     22.005    31.2937     8.9964          1          1  0.000e+00
  1024.1487     21.760     21.939    31.1210     9.2202          1          1  0.000e+00
  1024.2275     21.692     21.870    31.2588     9.4023          1          1  0.000e+00
  1024.1717     21.614     21.792    31.2317     9.6192          1          1  0.000e+00
  1024.0410     21.526     21.704    31.1076     9.8273          1          1  0.000e+00
  1023.9776     21.429     21.605    31.0586     9.9802          1          1  0.000e+00
  1023.9200     21.326     21.502    31.0086    10.0916          1          1  0.000e+00
  1023.9156     21.218     21.393    31.0232    10.1844          1          1  0.000e+00
  1023.9016     21.114     21.288    31.0254    10.2763          1          1  0.000e+00
  1023.9806     21.014     21.187    31.1492    10.3783          1          1  0.000e+00
  1023.9129     20.915     21.087    31.0958    10.5308          1          1  0.000e+00
  1023.9168     20.809     20.980    31.1317    10.6693          1          1  0.000e+00
  1023.9262     20.695     20.866    31.1787    10.8254          1          1  0.000e+00
  1023.8463     20.567     20.736    31.1152    10.9987          1          1  0.000e+00
  1023.8293     20.423     20.591    31.1250    11.1357          1          1  0.000e+00
  1023.7804     20.258     20.424    31.0950    11.2772          1          1  0.000e+00
  1023.7520     20.078     20.244    31.0874    11.4001          1          1  0.000e+00
  1023.8194     19.892     20.056    31.2037    11.5235          1          1  0.000e+00
  1023.8586     19.698     19.860    31.2939    11.6895          1          1  0.000e+00
  1023.8106     19.509     19.670    31.2830    11.9022          1          1  0.000e+00
  1023.6865     19.334     19.493    31.1733    12.1100          1          1  0.000e+00
  1023.6800     19.171     19.329    31.2037    12.2674          1          1  0.000e+00
  1023.5736     19.028     19.184    31.1041    12.4200          1          1  0.000e+00
  1023.5264     18.906     19.062    31.0713    12.5329          1          1  0.000e+00
  1023.5915     18.803     18.958    31.1768    12.6178          1          1  0.000e+00
  1023.5830     18.722     18.876    31.1978    12.7458          1          1  0.000e+00
  1023.4910     18.655     18.808    31.1161    12.8937          1          1  0.000e+00
  1023.4400     18.608     18.761    31.0777    13.0032          1          1  0.000e+00
  1023.8113     18.572     18.725    31.5826    13.1011          1          1  0.000e+00
  1023.7234     18.547     18.699    31.5476    13.4089          1          1  0.000e+00
  1023.3789     18.518     18.670    31.1960    13.7727          1          1  0.000e+00
  1023.2487     18.480     18.632    31.0804    13.9744          1          1  0.000e+00
  1023.1626     18.423     18.574    31.0005    14.0936          1          1  0.000e+00
  1023.1218     18.338     18.489    30.9696    14.1749          1          1  0.000e+00
  1023.0276     18.218     18.368    30.8685    14.2510          1          1  0.000e+00
  1022.9668     18.064     18.213    30.8053    14.3065          1          1  0.000e+00
  1022.9256     17.876     18.023    30.7610    14.3367          1          1  0.000e+00
  1022.9185     17.658     17.804    30.7568    14.3504          1          1  0.000e+00
  1022.9109     17.418     17.561    30.7529    14.3680          1          1  0.000e+00
  1022.9197     17.170     17.311    30.7734    14.3964          1          1  0.000e+00
  1022.9345     16.917     17.057    30.8064    14.4422          1          1  0.000e+00
  1022.9187     16.674     16.811    30.8051    14.5083          1          1  0.000e+00
  1022.8888     16.449     16.584    30.7859    14.5759          1          1  0.000e+00
  1022.8598     16.256     16.390    30.7648    14.6332          1          1  0.000e+00
  1022.8527     16.096     16.228    30.7688    14.6779          1          1  0.000e+00
  1022.9334     15.977     16.109    30.8885    14.7302          1          1  0.000e+00
  1022.9742     15.904     16.035    30.9751    14.8518          1          1  0.000e+00
  1022.9082     15.866     15.996    30.9398    15.0338          1          1  0.000e+00
  1022.8891     15.861     15.991    30.9620    15.2028          1          1  0.000e+00
  1023.0446     15.881     16.011    31.2201    15.4029          1          1  0.000e+00
  1022.8689     15.900     16.031    31.0867    15.7382          1          1  0.000e+00
  1022.6519     15.910     16.041    30.8915    16.0421          1          1  0.000e+00
  1022.4790     15.894     16.025    30.7227    16.2362          1          1  0.000e+00
  1022.3918     15.844     15.974    30.6362    16.3279          1          1  0.000e+00
  1022.3780     15.753     15.883    30.6280    16.3597          1          1  0.000e+00
  1022.3707     15.622     15.750    30.6247    16.3787          1          1  0.000e+00
  1022.3781     15.449     15.576    30.6402    16.3946          1          1  0.000e+00
  1022.3575     15.250     15.375    30.6207    16.4160          1          1  0.000e+00
  1022.3775     15.034     15.157    30.6524    16.4308          1          1  0.000e+00
  1022.3808     14.812     14.934    30.6659    16.4578          1          1  0.000e+00
  1022.3755     14.596     14.716    30.6720    16.4976          1          1  0.000e+00
  1022.3580     14.398     14.516    30.6635    16.5419          1          1  0.000e+00
  1022.3413     14.224     14.341    30.6557    16.5857          1          1  0.000e+00
  1022.3212     14.075     14.191    30.6425    16.6269          1          1  0.000e+00
  1022.3107     13.946     14.061    30.6400    16.6624          1          1  0.000e+00
  1022.2945     13.835     13.949    30.6303    16.6985          1          1  0.000e+00
  1022.2659     13.728     13.841    30.6036    16.7324          1          1  0.000e+00
  1022.2659     13.621     13.733    30.6117    16.7574          1          1  0.000e+00
  1022.2674     13.495     13.605    30.6242    16.7902          1          1  0.000e+00
  1022.2407     13.347     13.457    30.6057    16.8421          1          1  0.000e+00
  1022.1981     13.171     13.279    30.5653    16.8892          1          1  0.000e+00
  1022.1613     12.976     13.083    30.5263    16.9156          1          1  0.000e+00
  1022.1938     12.766     12.871    30.5712    16.9198          1          1  0.000e+00
  1022.1843     12.565     12.668    30.5689    16.9495          1          1  0.000e+00
  1022.1597     12.382     12.483    30.5504    16.9917          1          1  0.000e+00
  1022.1405     12.237     12.338    30.5375    17.0290          1          1  0.000e+00
  1022.1217     12.147     12.247    30.5235    17.0625          1          1  0.000e+00
  1022.1125     12.109     12.209    30.5220    17.0963          1          1  0.000e+00
  1022.0978     12.125     12.225    30.5148    17.1368          1          1  0.000e+00
  1022.1162     12.188     12.288    30.5523    17.1822          1          1  0.000e+00
  1022.0752     12.267     12.368    30.5172    17.2444          1          1  0.000e+00
  1022.0265     12.337     12.438    30.4683    17.2944          1          1  0.000e+00
  1021.9990     12.381     12.482    30.4389    17.3163          1          1  0.000e+00
  1021.9889     12.388     12.490    30.4264    17.3187          1          1  0.000e+00
  1021.9913     12.337     12.438    30.4274    17.3108          1          1  0.000e+00
  1022.0051     12.223     12.323    30.4435    17.3023          1          1  0.000e+00
  1022.0056     12.055     12.154    30.4448    17.3014          1          1  0.000e+00
  1022.0123     11.838     11.935    30.4550    17.3022          1          1  0.000e+00
  1022.0203     11.586     11.681    30.4689    17.3083          1          1  0.000e+00
  1022.0205     11.315     11.408    30.4744    17.3203          1          1  0.000e+00
  1022.0266     11.049     11.140    30.4884    17.3352          1          1  0.000e+00
  1022.0288     10.799     10.888    30.4994    17.3567          1          1  0.000e+00
  1022.0431     10.579     10.665    30.5285    17.3868          1          1  0.000e+00
  1022.0243     10.383     10.469    30.5180    17.4293          1          1  0.000e+00
  1022.0003     10.217     10.301    30.4988    17.4657          1          1  0.000e+00
  1021.9955     10.080     10.163    30.5017    17.4931          1          1  0.000e+00
  1022.0065      9.966     10.048    30.5250    17.5199          1          1  0.000e+00
  1022.0050      9.870      9.951    30.5345    17.5554          1          1  0.000e+00
  1022.0119      9.788      9.868    30.5567    17.5966          1          1  0.000e+00
  1022.0718      9.717      9.796    30.6530    17.6534          1          1  0.000e+00
  1022.0244      9.655      9.735    30.6217    17.7512          1          1  0.000e+00
  1021.9580      9.601      9.680    30.5626    17.8397          1          1  0.000e+00
  1021.9451      9.551      9.630    30.5632    17.8949          1          1  0.000e+00
  1021.9061      9.509      9.587    30.5278    17.9442          1          1  0.000e+00
  1021.9053      9.462      9.540    30.5370    17.9757          1          1  0.000e+00
  1021.9015      9.415      9.492    30.5414    18.0051          1          1  0.000e+00
  1021.8779      9.360      9.436    30.5217    18.0395          1          1  0.000e+00
  1021.8782      9.301      9.378    30.5302    18.0644          1          1  0.000e+00
  1021.8672      9.233      9.309    30.5237    18.0881          1          1  0.000e+00
  1021.8591      9.158      9.233    30.5200    18.1088          1          1  0.000e+00
  1021.8567      9.071      9.146    30.5234    18.1282          1          1  0.000e+00
  1021.8456      8.972      9.045    30.5153    18.1468          1          1  0.000e+00
  1021.8376      8.860      8.933    30.5102    18.1618          1          1  0.000e+00
  1021.8290      8.735      8.807    30.5032    18.1726          1          1  0.000e+00
  1021.8364      8.595      8.666    30.5157    18.1791          1          1  0.000e+00
  1021.8358      8.444      8.513    30.5196    18.1911          1          1  0.000e+00
  1021.8277      8.287      8.355    30.5143    18.2053          1          1  0.000e+00
  1021.8238      8.124      8.190    30.5138    18.2165          1          1  0.000e+00
  1021.8256      7.958      8.023    30.5205    18.2275          1          1  0.000e+00
  1021.8227      7.800      7.864    30.5224    18.2425          1          1  0.000e+00
  1021.8112      7.644      7.707    30.5130    18.2577          1          1  0.000e+00
  1021.8057      7.494      7.555    30.5100    18.2681          1          1  0.000e+00
  1021.8017      7.347      7.407    30.5082    18.2762          1          1  0.000e+00
  1021.8004      7.203      7.263    30.5093    18.2825          1          1  0.000e+00
  1021.7982      7.054      7.112    30.5096    18.2898          1          1  0.000e+00
  1021.7968      6.901      6.958    30.5111    18.2974          1          1  0.000e+00
  1021.7937      6.738      6.793    30.5103    18.3048          1          1  0.000e+00
  1021.7884      6.574      6.628    30.5066    18.3121          1          1  0.000e+00
  1021.7825      6.414      6.466    30.5014    18.3168          1          1  0.000e+00
  1021.7803      6.262      6.314    30.4997    18.3178          1          1  0.000e+00
  1021.7870      6.130      6.180    30.5094    18.3182          1          1  0.000e+00
  1021.7894      6.023      6.072    30.5146    18.3229          1          1  0.000e+00
  1021.7872      5.941      5.990    30.5148    18.3308          1          1  0.000e+00
  1021.7899      5.885      5.933    30.5216    18.3401          1          1  0.000e+00
  1021.7894      5.849      5.897    30.5253    18.3531          1          1  0.000e+00
  1021.7784      5.836      5.884    30.5157    18.3685          1          1  0.000e+00
  1021.7740      5.833      5.881    30.5135    18.3793          1          1  0.000e+00
  1021.7655      5.831      5.879    30.5053    18.3883          1          1  0.000e+00
  1021.7598      5.814      5.862    30.4995    18.3935          1          1  0.000e+00
  1021.7568      5.780      5.827    30.4960    18.3944          1          1  0.000e+00
  1021.7483      5.712      5.759    30.4846    18.3922          1          1  0.000e+00
  1021.7535      5.605      5.651    30.4893    18.3838          1          1  0.000e+00
  1021.7507      5.457      5.501    30.4840    18.3757          1          1  0.000e+00
  1021.7623      5.264      5.307    30.4972    18.3660          1          1  0.000e+00
  1021.7716      5.034      5.075    30.5096    18.3623          1          1  0.000e+00
  1021.7720      4.772      4.811    30.5130    18.3667          1          1  0.000e+00
  1021.7689      4.499      4.536    30.5130    18.3742          1          1  0.000e+00
  1021.7666      4.233      4.268    30.5138    18.3814          1          1  0.000e+00
  1021.7670      3.985      4.018    30.5180    18.3886          1          1  0.000e+00
  1021.7611      3.768      3.799    30.5146    18.3980          1          1  0.000e+00
  1021.7599      3.598      3.628    30.5166    18.4064          1          1  0.000e+00
  1021.7575      3.481      3.509    30.5171    18.4154          1          1  0.000e+00
  1021.7539      3.416      3.444    30.5157    18.4248          1          1  0.000e+00
