data/eDNA/PER-2021-171/171a027.cnv
* Sea-Bird SBE19plus  Data File:
* FileName = C:\Users\RSG_field\Ryan_2021_Perley\CTD\171a027.hex
* Software version 2.3.0 SB_Terminal.dll
* Temperature SN = 7141
* Conductivity SN = 7141
* System UpLoad Time = Aug 18 2021 11:16:21
* <ApplicationData>
* <SeatermAF>
** Platform: M. Perley
** Cruise: Per2021171
** Station:  SAB_03
** Cast: 01 1
** Latitude: N  45 50.543
** Longitude: W 60 05.292
** Sounding: 34.6
** Chief Scientist: Ryan Stanley
** Comment: 171a027
** Samples in Gabrus Bay came for protection from wind and well. Very calm
# nquan = 8
# nvalues = 2114                                  
# units = specified
# name 0 = density00: Density [density, kg/m^3]
# name 1 = depSM: Depth [salt water, m], lat = 45.00
# name 2 = prdM: Pressure, Strain Gauge [db]
# name 3 = sal00: Salinity, Practical [PSU]
# name 4 = tv290C: Temperature [ITS-90, deg C]
# name 5 = bpos: Bottle Position in Carousel
# name 6 = nbf: Bottles Fired
# name 7 = flag:  0.000e+00
# span 0 =   998.4345,  1024.6470                 
# span 1 =     -0.011,     31.846                 
# span 2 =     -0.011,     32.109                 
# span 3 =     0.0095,    31.1595                 
# span 4 =     6.0933,    19.0425                 
# span 5 =          0,          3                 
# span 6 =          0,          3                 
# span 7 = 0.0000e+00, 0.0000e+00                 
# interval = seconds: 0.25
# start_time = Aug 18 2021 14:04:05 [Instrument's time stamp, header]
# bad_flag = -9.990e-29
*END*
[from data line 1259]
  1024.6164     31.654     31.916    31.1178     6.1490          0          0  0.000e+00
  1024.6112     31.651     31.913    31.1113     6.1492          0          0  0.000e+00
  1024.6086     31.651     31.913    31.1077     6.1466          0          0  0.000e+00
  1024.6117     31.657     31.918    31.1109     6.1424          0          0  0.000e+00
  1024.6067     31.661     31.922    31.1041     6.1396          0          0  0.000e+00
  1024.6072     31.667     31.929    31.1038     6.1341          0          0  0.000e+00
  1024.6118     31.672     31.934    31.1086     6.1277          0          0  0.000e+00
  1024.6161     31.680     31.942    31.1134     6.1235          0          0  0.000e+00
  1024.6180     31.686     31.948    31.1155     6.1215          0          0  0.000e+00
  1024.6216     31.694     31.956    31.1198     6.1206          0          0  0.000e+00
  1024.6208     31.701     31.963    31.1190     6.1215          0          0  0.000e+00
  1024.6214     31.710     31.972    31.1198     6.1223          0          0  0.000e+00
  1024.6196     31.716     31.978    31.1176     6.1228          0          0  0.000e+00
  1024.6193     31.722     31.984    31.1172     6.1230          0          0  0.000e+00
  1024.6200     31.728     31.990    31.1180     6.1227          0          0  0.000e+00
  1024.6203     31.730     31.992    31.1184     6.1230          0          0  0.000e+00
  1024.6203     31.732     31.994    31.1185     6.1238          0          0  0.000e+00
  1024.6185     31.733     31.995    31.1163     6.1244          0          0  0.000e+00
  1024.6170     31.735     31.997    31.1142     6.1235          0          0  0.000e+00
  1024.6231     31.734     31.996    31.1218     6.1220          0          0  0.000e+00
  1024.6208     31.736     31.998    31.1189     6.1227          0          0  0.000e+00
  1024.6268     31.735     31.997    31.1267     6.1234          0          0  0.000e+00
  1024.6224     31.733     31.995    31.1217     6.1270          0          0  0.000e+00
  1024.6200     31.729     31.991    31.1190     6.1296          0          0  0.000e+00
  1024.6152     31.727     31.989    31.1130     6.1303          0          0  0.000e+00
  1024.6157     31.723     31.985    31.1133     6.1274          0          0  0.000e+00
  1024.6182     31.718     31.980    31.1160     6.1247          0          0  0.000e+00
  1024.6210     31.715     31.977    31.1194     6.1232          0          0  0.000e+00
  1024.6213     31.713     31.975    31.1197     6.1228          0          0  0.000e+00
  1024.6231     31.709     31.971    31.1220     6.1228          0          0  0.000e+00
  1024.6241     31.706     31.968    31.1235     6.1240          0          0  0.000e+00
  1024.6214     31.705     31.967    31.1202     6.1254          0          0  0.000e+00
  1024.6215     31.710     31.972    31.1205     6.1259          0          0  0.000e+00
  1024.6201     31.712     31.974    31.1186     6.1259          0          0  0.000e+00
  1024.6221     31.716     31.978    31.1212     6.1254          0          0  0.000e+00
  1024.6220     31.719     31.981    31.1211     6.1256          0          0  0.000e+00
  1024.6259     31.720     31.982    31.1262     6.1271          0          0  0.000e+00
  1024.6266     31.723     31.985    31.1276     6.1302          0          0  0.000e+00
  1024.6196     31.724     31.987    31.1193     6.1347          0          0  0.000e+00
  1024.6126     31.725     31.988    31.1107     6.1363          0          0  0.000e+00
  1024.6145     31.726     31.988    31.1126     6.1332          0          0  0.000e+00
  1024.6162     31.726     31.988    31.1143     6.1299          0          0  0.000e+00
  1024.6182     31.722     31.984    31.1164     6.1276          0          0  0.000e+00
  1024.6191     31.719     31.981    31.1175     6.1263          0          0  0.000e+00
  1024.6209     31.714     31.976    31.1197     6.1258          0          0  0.000e+00
  1024.6229     31.706     31.968    31.1223     6.1263          0          0  0.000e+00
  1024.6270     31.703     31.965    31.1278     6.1280          0          0  0.000e+00
  1024.6206     31.698     31.960    31.1202     6.1315          0          0  0.000e+00
  1024.6121     31.695     31.957    31.1097     6.1326          0          0  0.000e+00
  1024.6120     31.693     31.954    31.1089     6.1288          0          0  0.000e+00
  1024.6157     31.689     31.951    31.1130     6.1246          0          0  0.000e+00
  1024.6206     31.686     31.948    31.1188     6.1217          0          0  0.000e+00
  1024.6236     31.681     31.943    31.1228     6.1221          0          0  0.000e+00
  1024.6178     31.679     31.941    31.1158     6.1242          0          0  0.000e+00
  1024.6170     31.678     31.940    31.1146     6.1236          0          0  0.000e+00
  1024.6165     31.681     31.943    31.1137     6.1220          0          0  0.000e+00
  1024.6178     31.684     31.946    31.1151     6.1202          0          0  0.000e+00
  1024.6183     31.685     31.947    31.1155     6.1192          0          0  0.000e+00
  1024.6201     31.689     31.951    31.1177     6.1185          0          0  0.000e+00
  1024.6208     31.694     31.956    31.1186     6.1185          0          0  0.000e+00
  1024.6212     31.704     31.966    31.1191     6.1192          0          0  0.000e+00
  1024.6237     31.716     31.978    31.1223     6.1200          0          0  0.000e+00
  1024.6207     31.731     31.993    31.1187     6.1220          0          0  0.000e+00
  1024.6174     31.750     32.012    31.1146     6.1227          0          0  0.000e+00
  1024.6173     31.768     32.030    31.1141     6.1213          0          0  0.000e+00
  1024.6190     31.785     32.047    31.1159     6.1197          0          0  0.000e+00
  1024.6194     31.800     32.062    31.1162     6.1189          0          0  0.000e+00
  1024.6208     31.812     32.075    31.1179     6.1187          0          0  0.000e+00
  1024.6213     31.823     32.086    31.1185     6.1190          0          0  0.000e+00
  1024.6210     31.832     32.095    31.1180     6.1191          0          0  0.000e+00
  1024.6256     31.833     32.096    31.1239     6.1186          0          0  0.000e+00
  1024.6257     31.829     32.092    31.1243     6.1207          0          0  0.000e+00
  1024.6309     31.823     32.086    31.1314     6.1238          0          0  0.000e+00
  1024.6249     31.806     32.069    31.1247     6.1294          0          0  0.000e+00
  1024.6217     31.786     32.049    31.1215     6.1334          0          0  0.000e+00
  1024.6220     31.769     32.031    31.1222     6.1355          0          0  0.000e+00
  1024.6173     31.753     32.015    31.1167     6.1374          0          0  0.000e+00
  1024.6161     31.734     31.996    31.1153     6.1377          0          0  0.000e+00
  1024.6139     31.710     31.972    31.1125     6.1369          0          0  0.000e+00
  1024.6154     31.688     31.950    31.1142     6.1349          0          0  0.000e+00
  1024.6178     31.664     31.926    31.1172     6.1336          0          0  0.000e+00
  1024.6168     31.643     31.904    31.1161     6.1333          0          0  0.000e+00
  1024.6169     31.629     31.890    31.1162     6.1331          0          0  0.000e+00
  1024.6177     31.615     31.876    31.1173     6.1330          0          0  0.000e+00
  1024.6164     31.604     31.865    31.1158     6.1334          0          0  0.000e+00
  1024.6147     31.598     31.859    31.1137     6.1336          0          0  0.000e+00
  1024.6142     31.595     31.856    31.1130     6.1327          0          0  0.000e+00
  1024.6136     31.597     31.858    31.1120     6.1316          0          0  0.000e+00
  1024.6128     31.603     31.864    31.1107     6.1298          0          0  0.000e+00
  1024.6135     31.614     31.875    31.1110     6.1268          0          0  0.000e+00
  1024.6135     31.629     31.890    31.1105     6.1237          0          0  0.000e+00
  1024.6164     31.647     31.909    31.1135     6.1205          0          0  0.000e+00
  1024.6186     31.668     31.930    31.1158     6.1180          0          0  0.000e+00
  1024.6199     31.695     31.957    31.1171     6.1168          0          0  0.000e+00
  1024.6217     31.720     31.982    31.1192     6.1165          0          0  0.000e+00
  1024.6196     31.746     32.008    31.1165     6.1169          0          0  0.000e+00
  1024.6176     31.770     32.033    31.1136     6.1160          0          0  0.000e+00
  1024.6200     31.797     32.059    31.1162     6.1135          0          0  0.000e+00
  1024.6218     31.818     32.081    31.1179     6.1114          0          0  0.000e+00
  1024.6242     31.833     32.096    31.1207     6.1101          0          0  0.000e+00
  1024.6247     31.840     32.103    31.1214     6.1101          0          0  0.000e+00
  1024.6299     31.839     32.102    31.1281     6.1110          0          0  0.000e+00
  1024.6288     31.833     32.096    31.1273     6.1147          0          0  0.000e+00
  1024.6257     31.820     32.083    31.1241     6.1185          0          0  0.000e+00
  1024.6271     31.803     32.066    31.1263     6.1214          0          0  0.000e+00
  1024.6266     31.786     32.049    31.1263     6.1249          0          0  0.000e+00
  1024.6203     31.766     32.028    31.1190     6.1288          0          0  0.000e+00
  1024.6208     31.741     32.004    31.1200     6.1298          0          0  0.000e+00
  1024.6191     31.723     31.986    31.1181     6.1307          0          0  0.000e+00
  1024.6180     31.703     31.965    31.1169     6.1311          0          0  0.000e+00
  1024.6182     31.688     31.950    31.1172     6.1307          0          0  0.000e+00
  1024.6161     31.676     31.937    31.1145     6.1300          0          0  0.000e+00
  1024.6171     31.667     31.929    31.1156     6.1285          0          0  0.000e+00
  1024.6177     31.661     31.922    31.1162     6.1275          0          0  0.000e+00
  1024.6177     31.657     31.918    31.1161     6.1268          0          0  0.000e+00
  1024.6139     31.656     31.917    31.1112     6.1260          0          0  0.000e+00
  1024.6176     31.658     31.919    31.1155     6.1236          0          0  0.000e+00
  1024.6182     31.661     31.922    31.1161     6.1222          0          0  0.000e+00
  1024.6203     31.670     31.932    31.1185     6.1217          0          0  0.000e+00
  1024.6214     31.684     31.946    31.1200     6.1224          0          0  0.000e+00
  1024.6185     31.701     31.963    31.1163     6.1234          0          0  0.000e+00
  1024.6163     31.721     31.983    31.1134     6.1228          0          0  0.000e+00
  1024.6191     31.739     32.002    31.1165     6.1207          0          0  0.000e+00
  1024.6215     31.751     32.013    31.1193     6.1195          0          0  0.000e+00
  1024.6212     31.765     32.027    31.1188     6.1195          0          0  0.000e+00
  1024.6258     31.775     32.038    31.1246     6.1200          0          0  0.000e+00
  1024.6208     31.785     32.048    31.1186     6.1226          0          0  0.000e+00
  1024.6196     31.787     32.050    31.1171     6.1227          0          0  0.000e+00
  1024.6240     31.785     32.048    31.1225     6.1218          0          0  0.000e+00
  1024.6247     31.774     32.037    31.1237     6.1228          0          0  0.000e+00
  1024.6261     31.761     32.023    31.1260     6.1254          0          0  0.000e+00
  1024.6225     31.744     32.006    31.1220     6.1288          0          0  0.000e+00
  1024.6212     31.726     31.988    31.1208     6.1312          0          0  0.000e+00
  1024.6212     31.712     31.974    31.1211     6.1328          0          0  0.000e+00
  1024.6195     31.700     31.962    31.1194     6.1348          0          0  0.000e+00
  1024.6189     31.688     31.950    31.1188     6.1362          0          0  0.000e+00
  1024.6154     31.677     31.939    31.1146     6.1368          0          0  0.000e+00
  1024.6138     31.668     31.930    31.1125     6.1360          0          0  0.000e+00
  1024.6130     31.662     31.924    31.1112     6.1338          0          0  0.000e+00
  1024.6149     31.658     31.919    31.1131     6.1308          0          0  0.000e+00
  1024.6162     31.658     31.919    31.1145     6.1285          0          0  0.000e+00
  1024.6164     31.658     31.919    31.1144     6.1260          0          0  0.000e+00
  1024.6181     31.662     31.924    31.1161     6.1239          0          0  0.000e+00
  1024.6176     31.664     31.926    31.1152     6.1227          0          0  0.000e+00
  1024.6179     31.670     31.932    31.1155     6.1215          0          0  0.000e+00
  1024.6192     31.676     31.937    31.1169     6.1197          0          0  0.000e+00
  1024.6217     31.685     31.947    31.1198     6.1189          0          0  0.000e+00
  1024.6192     31.693     31.955    31.1168     6.1200          0          0  0.000e+00
  1024.6188     31.702     31.964    31.1162     6.1204          0          0  0.000e+00
  1024.6219     31.715     31.977    31.1200     6.1194          0          0  0.000e+00
  1024.6215     31.730     31.992    31.1194     6.1195          0          0  0.000e+00
  1024.6203     31.743     32.005    31.1178     6.1198          0          0  0.000e+00
  1024.6187     31.756     32.019    31.1155     6.1188          0          0  0.000e+00
  1024.6206     31.768     32.030    31.1177     6.1168          0          0  0.000e+00
  1024.6217     31.773     32.036    31.1188     6.1156          0          0  0.000e+00
  1024.6238     31.778     32.040    31.1213     6.1150          0          0  0.000e+00
  1024.6236     31.781     32.043    31.1212     6.1161          0          0  0.000e+00
  1024.6244     31.776     32.039    31.1224     6.1174          0          0  0.000e+00
  1024.6230     31.771     32.034    31.1211     6.1196          0          0  0.000e+00
  1024.6244     31.758     32.021    31.1232     6.1211          0          0  0.000e+00
  1024.6243     31.744     32.006    31.1234     6.1235          0          0  0.000e+00
  1024.6211     31.723     31.986    31.1199     6.1263          0          0  0.000e+00
  1024.6209     31.704     31.966    31.1200     6.1276          0          0  0.000e+00
  1024.6217     31.686     31.948    31.1213     6.1288          0          0  0.000e+00
  1024.6215     31.674     31.935    31.1215     6.1306          0          0  0.000e+00
  1024.6175     31.663     31.925    31.1166     6.1320          0          0  0.000e+00
  1024.6185     31.658     31.919    31.1179     6.1321          0          0  0.000e+00
  1024.6184     31.656     31.917    31.1178     6.1322          0          0  0.000e+00
  1024.6142     31.660     31.921    31.1125     6.1324          0          0  0.000e+00
  1024.6142     31.666     31.928    31.1122     6.1303          0          0  0.000e+00
  1024.6166     31.675     31.936    31.1147     6.1271          0          0  0.000e+00
  1024.6180     31.687     31.949    31.1159     6.1248          0          0  0.000e+00
  1024.6179     31.705     31.967    31.1156     6.1233          0          0  0.000e+00
  1024.6189     31.722     31.985    31.1165     6.1224          0          0  0.000e+00
  1024.6199     31.737     31.999    31.1177     6.1217          0          0  0.000e+00
  1024.6225     31.757     32.020    31.1208     6.1220          0          0  0.000e+00
  1024.6202     31.773     32.036    31.1181     6.1236          0          0  0.000e+00
  1024.6199     31.782     32.044    31.1178     6.1244          0          0  0.000e+00
  1024.6235     31.791     32.054    31.1224     6.1252          0          0  0.000e+00
