data/eDNA/PER-2021-171/171a027.cnv
* Sea-Bird SBE19plus  Data File:
* FileName = C:\Users\RSG_field\Ryan_2021_Perley\CTD\171a027.hex
* Software version 2.3.0 SB_Terminal.dll
* Temperature SN = 7141
* Conductivity SN = 7141
* System UpLoad Time = Aug 18 2021 11:16:21
* <ApplicationData>
* <SeatermAF>
** Platform: M. Perley
** Cruise: Per2021171
** Station:  SAB_03
** Cast: 01 1
** Latitude: N  45 50.543
** Longitude: W 60 05.292
** Sounding: 34.6
** Chief Scientist: Ryan Stanley
** Comment: 171a027
** Samples in Gabrus Bay came for protection from wind and well. Very calm
# nquan = 8
# nvalues = 2114                                  
# units = specified
# name 0 = density00: Density [density, kg/m^3]
# name 1 = depSM: Depth [salt water, m], lat = 45.00
# name 2 = prdM: Pressure, Strain Gauge [db]
# name 3 = sal00: Salinity, Practical [PSU]
# name 4 = tv290C: Temperature [ITS-90, deg C]
# name 5 = bpos: Bottle Position in Carousel
# name 6 = nbf: Bottles Fired
# name 7 = flag:  0.000e+00
# span 0 =   998.4345,  1024.6470                 
# span 1 =     -0.011,     31.846                 
# span 2 =     -0.011,     32.109                 
# span 3 =     0.0095,    31.1595                 
# span 4 =     6.0933,    19.0425                 
# span 5 =          0,          3                 
# span 6 =          0,          3                 
# span 7 = 0.0000e+00, 0.0000e+00                 
# interval = seconds: 0.25
# start_time = Aug 18 2021 14:04:05 [Instrument's time stamp, header]
# bad_flag = -9.990e-29
*END*
[from data line 1618]
  1024.6112     31.611     31.873    31.1085     6.1294          1          1  0.000e+00
  1024.6120     31.629     31.891    31.1091     6.1273          1          1  0.000e+00
  1024.6130     31.646     31.908    31.1100     6.1255          1          1  0.000e+00
  1024.6148     31.670     31.931    31.1119     6.1242          1          1  0.000e+00
  1024.6151     31.692     31.954    31.1121     6.1241          1          1  0.000e+00
  1024.6155     31.716     31.978    31.1126     6.1243          1          1  0.000e+00
  1024.6121     31.742     32.004    31.1082     6.1245          1          1  0.000e+00
  1024.6133     31.766     32.029    31.1092     6.1223          1          1  0.000e+00
  1024.6154     31.787     32.050    31.1114     6.1198          1          1  0.000e+00
  1024.6160     31.805     32.068    31.1118     6.1184          1          1  0.000e+00
  1024.6162     31.819     32.082    31.1118     6.1171          1          1  0.000e+00
  1024.6173     31.827     32.090    31.1128     6.1156          1          1  0.000e+00
  1024.6203     31.829     32.092    31.1165     6.1142          1          1  0.000e+00
  1024.6203     31.824     32.087    31.1165     6.1142          1          1  0.000e+00
  1024.6221     31.817     32.080    31.1189     6.1149          1          1  0.000e+00
  1024.6242     31.804     32.067    31.1220     6.1166          1          1  0.000e+00
  1024.6226     31.787     32.050    31.1205     6.1198          1          1  0.000e+00
  1024.6221     31.773     32.035    31.1204     6.1231          1          1  0.000e+00
  1024.6197     31.757     32.019    31.1180     6.1264          1          1  0.000e+00
  1024.6153     31.741     32.003    31.1129     6.1290          1          1  0.000e+00
  1024.6151     31.731     31.993    31.1128     6.1295          1          1  0.000e+00
  1024.6156     31.721     31.983    31.1135     6.1291          1          1  0.000e+00
  1024.6141     31.712     31.974    31.1116     6.1293          1          1  0.000e+00
  1024.6153     31.701     31.963    31.1131     6.1287          1          1  0.000e+00
  1024.6154     31.693     31.955    31.1132     6.1281          1          1  0.000e+00
  1024.6154     31.685     31.946    31.1132     6.1278          1          1  0.000e+00
  1024.6147     31.679     31.941    31.1123     6.1277          1          1  0.000e+00
  1024.6135     31.673     31.935    31.1108     6.1270          1          1  0.000e+00
  1024.6137     31.669     31.930    31.1108     6.1256          1          1  0.000e+00
  1024.6165     31.663     31.925    31.1142     6.1243          1          1  0.000e+00
  1024.6165     31.658     31.920    31.1142     6.1242          1          1  0.000e+00
  1024.6166     31.659     31.921    31.1144     6.1243          1          1  0.000e+00
  1024.6160     31.659     31.921    31.1136     6.1245          1          1  0.000e+00
  1024.6135     31.663     31.925    31.1104     6.1243          1          1  0.000e+00
  1024.6138     31.673     31.935    31.1104     6.1227          1          1  0.000e+00
  1024.6147     31.685     31.946    31.1112     6.1206          1          1  0.000e+00
  1024.6143     31.695     31.957    31.1104     6.1190          1          1  0.000e+00
  1024.6164     31.706     31.968    31.1127     6.1172          1          1  0.000e+00
  1024.6195     31.713     31.975    31.1164     6.1163          1          1  0.000e+00
  1024.6171     31.718     31.981    31.1134     6.1166          1          1  0.000e+00
  1024.6162     31.724     31.986    31.1122     6.1161          1          1  0.000e+00
  1024.6166     31.730     31.992    31.1124     6.1144          1          1  0.000e+00
  1024.6185     31.731     31.993    31.1146     6.1126          1          1  0.000e+00
  1024.6182     31.731     31.993    31.1140     6.1114          1          1  0.000e+00
  1024.6197     31.730     31.992    31.1156     6.1101          1          1  0.000e+00
  1024.6221     31.726     31.988    31.1186     6.1093          1          1  0.000e+00
  1024.6234     31.723     31.985    31.1204     6.1103          1          1  0.000e+00
  1024.6204     31.721     31.983    31.1170     6.1125          1          1  0.000e+00
  1024.6178     31.717     31.979    31.1139     6.1138          1          1  0.000e+00
  1024.6204     31.719     31.981    31.1170     6.1132          1          1  0.000e+00
  1024.6178     31.722     31.984    31.1138     6.1134          1          1  0.000e+00
  1024.6180     31.725     31.987    31.1139     6.1129          1          1  0.000e+00
  1024.6185     31.734     31.997    31.1145     6.1124          1          1  0.000e+00
  1024.6186     31.741     32.003    31.1145     6.1121          1          1  0.000e+00
  1024.6183     31.752     32.015    31.1141     6.1122          1          1  0.000e+00
  1024.6185     31.764     32.027    31.1143     6.1121          1          1  0.000e+00
  1024.6194     31.775     32.037    31.1153     6.1122          1          1  0.000e+00
  1024.6184     31.785     32.048    31.1141     6.1125          1          1  0.000e+00
  1024.6187     31.791     32.053    31.1144     6.1125          1          1  0.000e+00
  1024.6198     31.795     32.058    31.1158     6.1124          1          1  0.000e+00
  1024.6194     31.793     32.055    31.1153     6.1129          1          1  0.000e+00
  1024.6199     31.792     32.054    31.1161     6.1136          1          1  0.000e+00
  1024.6209     31.791     32.053    31.1174     6.1142          1          1  0.000e+00
  1024.6246     31.786     32.049    31.1225     6.1157          1          1  0.000e+00
  1024.6225     31.778     32.040    31.1204     6.1194          1          1  0.000e+00
  1024.6183     31.767     32.030    31.1156     6.1227          1          1  0.000e+00
  1024.6180     31.760     32.022    31.1154     6.1239          1          1  0.000e+00
  1024.6191     31.747     32.009    31.1169     6.1244          1          1  0.000e+00
  1024.6152     31.738     32.000    31.1123     6.1253          1          1  0.000e+00
  1024.6152     31.729     31.991    31.1121     6.1242          1          1  0.000e+00
  1024.6149     31.724     31.986    31.1114     6.1216          1          1  0.000e+00
  1024.6166     31.717     31.980    31.1130     6.1181          1          1  0.000e+00
  1024.6175     31.709     31.971    31.1139     6.1154          1          1  0.000e+00
  1024.6182     31.701     31.962    31.1145     6.1136          1          1  0.000e+00
  1024.6182     31.690     31.952    31.1145     6.1129          1          1  0.000e+00
  1024.6197     31.680     31.942    31.1163     6.1121          1          1  0.000e+00
  1024.6201     31.668     31.929    31.1169     6.1124          1          1  0.000e+00
  1024.6188     31.660     31.922    31.1155     6.1132          1          1  0.000e+00
  1024.6187     31.654     31.915    31.1153     6.1132          1          1  0.000e+00
  1024.6177     31.651     31.912    31.1140     6.1129          1          1  0.000e+00
  1024.6174     31.651     31.912    31.1136     6.1124          1          1  0.000e+00
  1024.6178     31.656     31.918    31.1139     6.1117          1          1  0.000e+00
  1024.6180     31.667     31.928    31.1141     6.1109          1          1  0.000e+00
  1024.6185     31.683     31.944    31.1145     6.1104          1          1  0.000e+00
  1024.6198     31.703     31.965    31.1159     6.1103          1          1  0.000e+00
  1024.6198     31.728     31.990    31.1160     6.1111          1          1  0.000e+00
  1024.6187     31.755     32.017    31.1146     6.1120          1          1  0.000e+00
  1024.6171     31.779     32.042    31.1124     6.1124          1          1  0.000e+00
  1024.6171     31.796     32.059    31.1123     6.1121          1          1  0.000e+00
  1024.6177     31.813     32.076    31.1129     6.1112          1          1  0.000e+00
  1024.6197     31.820     32.083    31.1152     6.1104          1          1  0.000e+00
  1024.6206     31.821     32.084    31.1164     6.1107          1          1  0.000e+00
  1024.6201     31.814     32.077    31.1160     6.1117          1          1  0.000e+00
  1024.6208     31.804     32.067    31.1170     6.1127          1          1  0.000e+00
  1024.6230     31.789     32.051    31.1201     6.1142          1          1  0.000e+00
  1024.6240     31.769     32.032    31.1219     6.1172          1          1  0.000e+00
  1024.6233     31.750     32.013    31.1219     6.1217          1          1  0.000e+00
  1024.6159     31.732     31.995    31.1133     6.1262          1          1  0.000e+00
  1024.6145     31.719     31.981    31.1118     6.1271          1          1  0.000e+00
  1024.6132     31.711     31.973    31.1101     6.1268          1          1  0.000e+00
  1024.6112     31.707     31.969    31.1073     6.1255          1          1  0.000e+00
  1024.6131     31.707     31.969    31.1094     6.1226          1          1  0.000e+00
  1024.6122     31.710     31.972    31.1078     6.1199          1          1  0.000e+00
  1024.6121     31.715     31.977    31.1070     6.1164          1          1  0.000e+00
  1024.6149     31.726     31.988    31.1099     6.1125          1          1  0.000e+00
  1024.6187     31.737     31.999    31.1143     6.1094          1          1  0.000e+00
  1024.6203     31.747     32.010    31.1161     6.1084          1          1  0.000e+00
  1024.6198     31.755     32.017    31.1153     6.1085          1          1  0.000e+00
  1024.6195     31.761     32.023    31.1149     6.1080          1          1  0.000e+00
  1024.6213     31.761     32.023    31.1171     6.1074          1          1  0.000e+00
  1024.6234     31.764     32.027    31.1198     6.1075          1          1  0.000e+00
  1024.6188     31.763     32.026    31.1141     6.1082          1          1  0.000e+00
  1024.6203     31.764     32.027    31.1158     6.1071          1          1  0.000e+00
  1024.6194     31.765     32.028    31.1143     6.1050          1          1  0.000e+00
  1024.6257     31.764     32.027    31.1218     6.1022          1          1  0.000e+00
  1024.6265     31.760     32.022    31.1229     6.1022          1          1  0.000e+00
  1024.6216     31.754     32.016    31.1168     6.1030          1          1  0.000e+00
  1024.6219     31.746     32.008    31.1169     6.1010          1          1  0.000e+00
  1024.6249     31.739     32.001    31.1205     6.0986          1          1  0.000e+00
  1024.6261     31.732     31.995    31.1218     6.0976          1          1  0.000e+00
  1024.6266     31.727     31.989    31.1226     6.0981          1          1  0.000e+00
  1024.6252     31.722     31.984    31.1211     6.0992          1          1  0.000e+00
  1024.6252     31.718     31.980    31.1212     6.1000          1          1  0.000e+00
  1024.6248     31.713     31.975    31.1208     6.1007          1          1  0.000e+00
  1024.6224     31.711     31.973    31.1179     6.1011          1          1  0.000e+00
  1024.6214     31.714     31.976    31.1164     6.1001          1          1  0.000e+00
  1024.6227     31.715     31.977    31.1177     6.0980          1          1  0.000e+00
  1024.6238     31.723     31.985    31.1187     6.0957          1          1  0.000e+00
  1024.6257     31.728     31.990    31.1208     6.0938          1          1  0.000e+00
  1024.6273     31.732     31.995    31.1227     6.0933          1          1  0.000e+00
  1024.6273     31.735     31.997    31.1228     6.0942          1          1  0.000e+00
  1024.6262     31.738     32.000    31.1217     6.0955          1          1  0.000e+00
  1024.6264     31.740     32.002    31.1221     6.0970          1          1  0.000e+00
  1024.6257     31.741     32.003    31.1216     6.0993          1          1  0.000e+00
  1024.6233     31.743     32.005    31.1190     6.1019          1          1  0.000e+00
  1024.6219     31.748     32.011    31.1174     6.1036          1          1  0.000e+00
  1024.6220     31.749     32.012    31.1177     6.1047          1          1  0.000e+00
  1024.6216     31.753     32.015    31.1173     6.1061          1          1  0.000e+00
  1024.6197     31.723     31.985    31.1152     6.1072          1          1  0.000e+00
  1024.6225     31.668     31.929    31.1192     6.1075          1          1  0.000e+00
  1024.6304     31.591     31.852    31.1299     6.1094          1          1  0.000e+00
  1024.6235     31.521     31.782    31.1227     6.1165          1          1  0.000e+00
  1024.6184     31.430     31.690    31.1176     6.1217          1          1  0.000e+00
  1024.6147     31.325     31.584    31.1139     6.1243          1          1  0.000e+00
  1024.6104     31.225     31.483    31.1091     6.1252          1          1  0.000e+00
  1024.6113     31.113     31.370    31.1108     6.1242          1          1  0.000e+00
  1024.6106     31.000     31.256    31.1105     6.1234          1          1  0.000e+00
  1024.6100     30.883     31.138    31.1103     6.1229          1          1  0.000e+00
  1024.6107     30.768     31.022    31.1118     6.1222          1          1  0.000e+00
  1024.6106     30.655     30.909    31.1123     6.1221          1          1  0.000e+00
  1024.6115     30.540     30.792    31.1142     6.1223          1          1  0.000e+00
  1024.6108     30.422     30.674    31.1141     6.1231          1          1  0.000e+00
  1024.6093     30.296     30.546    31.1131     6.1245          1          1  0.000e+00
  1024.6157     30.164     30.413    31.1223     6.1261          1          1  0.000e+00
  1024.6200     30.034     30.282    31.1299     6.1351          1          1  0.000e+00
  1024.6283     29.902     30.149    31.1441     6.1539          1          1  0.000e+00
  1024.6226     29.766     30.012    31.1428     6.1874          1          1  0.000e+00
  1024.5945     29.633     29.877    31.1142     6.2276          1          1  0.000e+00
  1024.5610     29.501     29.745    31.0771     6.2573          1          1  0.000e+00
  1024.5594     29.370     29.612    31.0774     6.2676          1          1  0.000e+00
  1024.5533     29.234     29.475    31.0716     6.2751          1          1  0.000e+00
  1024.5625     29.104     29.344    31.0852     6.2825          1          1  0.000e+00
  1024.5693     28.973     29.212    31.0973     6.2994          1          1  0.000e+00
  1024.5559     28.852     29.091    31.0857     6.3296          1          1  0.000e+00
  1024.5406     28.740     28.977    31.0719     6.3622          1          1  0.000e+00
  1024.5331     28.639     28.876    31.0675     6.3908          1          1  0.000e+00
  1024.5059     28.528     28.764    31.0382     6.4194          1          1  0.000e+00
  1024.5181     28.414     28.648    31.0579     6.4419          1          1  0.000e+00
  1024.4939     28.304     28.538    31.0323     6.4705          1          1  0.000e+00
  1024.4814     28.192     28.425    31.0212     6.4960          1          1  0.000e+00
  1024.4965     28.084     28.316    31.0446     6.5187          1          1  0.000e+00
  1024.4782     27.976     28.207    31.0279     6.5567          1          1  0.000e+00
  1024.4611     27.873     28.103    31.0126     6.5922          1          1  0.000e+00
  1024.4508     27.769     27.998    31.0046     6.6208          1          1  0.000e+00
  1024.4509     27.663     27.891    31.0099     6.6489          1          1  0.000e+00
  1024.4195     27.553     27.780    30.9759     6.6811          1          1  0.000e+00
  1024.4154     27.439     27.666    30.9743     6.6998          1          1  0.000e+00
  1024.4215     27.317     27.543    30.9853     6.7154          1          1  0.000e+00
  1024.4110     27.195     27.419    30.9766     6.7396          1          1  0.000e+00
