data/eDNA/PER-2021-171/171a026.cnv
* Sea-Bird SBE19plus  Data File:
* FileName = C:\Users\RSG_field\Ryan_2021_Perley\CTD\171a026.hex
* Software version 2.3.0 SB_Terminal.dll
* Temperature SN = 7141
* Conductivity SN = 7141
* System UpLoad Time = Aug 18 2021 12:32:14
* <ApplicationData>
* <SeatermAF>
** Platform: M. Perley
** Cruise: Per2021171
** Station:  SAB_02
** Cast: 01 1
** Latitude: N  45 50.383
** Longitude: W 60 07.934
** Sounding: 23,8
** Chief Scientist: Ryan Stanley
** Comment: 171a026
# nquan = 8
# nvalues = 1933                                  
# units = specified
# name 0 = density00: Density [density, kg/m^3]
# name 1 = depSM: Depth [salt water, m], lat = 45.00
# name 2 = prdM: Pressure, Strain Gauge [db]
# name 3 = sal00: Salinity, Practical [PSU]
# name 4 = tv290C: Temperature [ITS-90, deg C]
# name 5 = bpos: Bottle Position in Carousel
# name 6 = nbf: Bottles Fired
# name 7 = flag:  0.000e+00
# span 0 =   998.3336,  1024.3556                 
# span 1 =     -0.023,     23.152                 
# span 2 =     -0.024,     23.343                 
# span 3 =     0.0097,    31.0084                 
# span 4 =     6.9765,    19.4825                 
# span 5 =          0,          3                 
# span 6 =          0,          3                 
# span 7 = 0.0000e+00, 0.0000e+00                 
# interval = seconds: 0.25
# start_time = Aug 18 2021 15:21:33 [Instrument's time stamp, header]
# bad_flag = -9.990e-29
*END*
[from data line 1259]
  1024.3139     23.032     23.221    30.9347     7.0865          1          1  0.000e+00
  1024.3116     23.038     23.228    30.9317     7.0865          1          1  0.000e+00
  1024.3118     23.042     23.232    30.9316     7.0836          1          1  0.000e+00
  1024.3127     23.051     23.241    30.9321     7.0803          1          1  0.000e+00
  1024.3188     23.059     23.249    30.9393     7.0778          1          1  0.000e+00
  1024.3150     23.073     23.263    30.9345     7.0781          1          1  0.000e+00
  1024.3149     23.085     23.275    30.9341     7.0771          1          1  0.000e+00
  1024.3157     23.100     23.290    30.9347     7.0751          1          1  0.000e+00
  1024.3179     23.108     23.298    30.9372     7.0733          1          1  0.000e+00
  1024.3183     23.112     23.303    30.9375     7.0726          1          1  0.000e+00
  1024.3200     23.118     23.308    30.9397     7.0726          1          1  0.000e+00
  1024.3184     23.119     23.309    30.9378     7.0734          1          1  0.000e+00
  1024.3230     23.120     23.310    30.9437     7.0738          1          1  0.000e+00
  1024.3245     23.119     23.309    30.9460     7.0762          1          1  0.000e+00
  1024.3291     23.114     23.305    30.9526     7.0801          1          1  0.000e+00
  1024.3254     23.106     23.296    30.9490     7.0870          1          1  0.000e+00
  1024.3210     23.095     23.286    30.9445     7.0931          1          1  0.000e+00
  1024.3176     23.086     23.276    30.9409     7.0969          1          1  0.000e+00
  1024.3150     23.076     23.266    30.9380     7.0989          1          1  0.000e+00
  1024.3164     23.069     23.259    30.9400     7.0996          1          1  0.000e+00
  1024.3117     23.061     23.251    30.9341     7.1006          1          1  0.000e+00
  1024.3104     23.054     23.244    30.9323     7.0993          1          1  0.000e+00
  1024.3115     23.052     23.242    30.9333     7.0967          1          1  0.000e+00
  1024.3118     23.047     23.236    30.9333     7.0948          1          1  0.000e+00
  1024.3128     23.043     23.233    30.9344     7.0932          1          1  0.000e+00
  1024.3147     23.044     23.234    30.9365     7.0915          1          1  0.000e+00
  1024.3111     23.049     23.239    30.9317     7.0901          1          1  0.000e+00
  1024.3115     23.053     23.243    30.9318     7.0876          1          1  0.000e+00
  1024.3116     23.058     23.248    30.9313     7.0844          1          1  0.000e+00
  1024.3139     23.062     23.252    30.9336     7.0808          1          1  0.000e+00
  1024.3151     23.069     23.259    30.9346     7.0779          1          1  0.000e+00
  1024.3170     23.073     23.263    30.9366     7.0760          1          1  0.000e+00
  1024.3182     23.077     23.267    30.9381     7.0754          1          1  0.000e+00
  1024.3204     23.079     23.270    30.9409     7.0756          1          1  0.000e+00
  1024.3179     23.084     23.274    30.9379     7.0766          1          1  0.000e+00
  1024.3155     23.083     23.273    30.9348     7.0763          1          1  0.000e+00
  1024.3162     23.084     23.274    30.9355     7.0753          1          1  0.000e+00
  1024.3180     23.083     23.273    30.9376     7.0739          1          1  0.000e+00
  1024.3184     23.078     23.269    30.9379     7.0728          1          1  0.000e+00
  1024.3248     23.072     23.262    30.9459     7.0723          1          1  0.000e+00
  1024.3271     23.068     23.258    30.9494     7.0751          1          1  0.000e+00
  1024.3182     23.064     23.254    30.9390     7.0805          1          1  0.000e+00
  1024.3133     23.061     23.251    30.9330     7.0818          1          1  0.000e+00
  1024.3146     23.059     23.249    30.9343     7.0789          1          1  0.000e+00
  1024.3204     23.061     23.251    30.9413     7.0768          1          1  0.000e+00
  1024.3210     23.059     23.249    30.9422     7.0781          1          1  0.000e+00
  1024.3157     23.061     23.251    30.9357     7.0797          1          1  0.000e+00
  1024.3139     23.060     23.250    30.9333     7.0787          1          1  0.000e+00
  1024.3144     23.062     23.253    30.9335     7.0763          1          1  0.000e+00
  1024.3189     23.064     23.254    30.9388     7.0739          1          1  0.000e+00
  1024.3192     23.065     23.255    30.9391     7.0735          1          1  0.000e+00
  1024.3175     23.065     23.255    30.9371     7.0740          1          1  0.000e+00
  1024.3210     23.067     23.257    30.9413     7.0733          1          1  0.000e+00
  1024.3179     23.066     23.256    30.9375     7.0738          1          1  0.000e+00
  1024.3189     23.068     23.258    30.9387     7.0738          1          1  0.000e+00
  1024.3211     23.072     23.262    30.9416     7.0737          1          1  0.000e+00
  1024.3196     23.074     23.264    30.9398     7.0751          1          1  0.000e+00
  1024.3188     23.076     23.266    30.9388     7.0753          1          1  0.000e+00
  1024.3211     23.082     23.272    30.9417     7.0751          1          1  0.000e+00
  1024.3182     23.088     23.278    30.9384     7.0774          1          1  0.000e+00
  1024.3178     23.093     23.284    30.9380     7.0782          1          1  0.000e+00
  1024.3154     23.097     23.288    30.9347     7.0773          1          1  0.000e+00
  1024.3189     23.103     23.293    30.9389     7.0759          1          1  0.000e+00
  1024.3161     23.109     23.300    30.9353     7.0761          1          1  0.000e+00
  1024.3174     23.109     23.300    30.9368     7.0750          1          1  0.000e+00
  1024.3160     23.108     23.298    30.9349     7.0740          1          1  0.000e+00
  1024.3181     23.106     23.296    30.9373     7.0723          1          1  0.000e+00
  1024.3227     23.100     23.290    30.9430     7.0714          1          1  0.000e+00
  1024.3241     23.094     23.285    30.9451     7.0725          1          1  0.000e+00
  1024.3280     23.088     23.278    30.9505     7.0757          1          1  0.000e+00
  1024.3272     23.078     23.269    30.9505     7.0812          1          1  0.000e+00
  1024.3228     23.070     23.260    30.9459     7.0871          1          1  0.000e+00
  1024.3195     23.062     23.253    30.9426     7.0918          1          1  0.000e+00
  1024.3115     23.056     23.246    30.9329     7.0944          1          1  0.000e+00
  1024.3135     23.050     23.240    30.9352     7.0926          1          1  0.000e+00
  1024.3125     23.047     23.236    30.9335     7.0899          1          1  0.000e+00
  1024.3108     23.044     23.234    30.9308     7.0868          1          1  0.000e+00
  1024.3148     23.047     23.236    30.9351     7.0826          1          1  0.000e+00
  1024.3140     23.048     23.238    30.9337     7.0795          1          1  0.000e+00
  1024.3143     23.054     23.244    30.9334     7.0764          1          1  0.000e+00
  1024.3151     23.058     23.248    30.9339     7.0733          1          1  0.000e+00
  1024.3164     23.065     23.255    30.9349     7.0700          1          1  0.000e+00
  1024.3176     23.072     23.262    30.9360     7.0671          1          1  0.000e+00
  1024.3194     23.084     23.274    30.9379     7.0651          1          1  0.000e+00
  1024.3193     23.091     23.281    30.9375     7.0639          1          1  0.000e+00
  1024.3199     23.101     23.291    30.9380     7.0626          1          1  0.000e+00
  1024.3203     23.108     23.298    30.9382     7.0611          1          1  0.000e+00
  1024.3228     23.118     23.308    30.9411     7.0596          1          1  0.000e+00
  1024.3215     23.120     23.310    30.9394     7.0594          1          1  0.000e+00
  1024.3217     23.123     23.313    30.9396     7.0592          1          1  0.000e+00
  1024.3218     23.125     23.316    30.9397     7.0587          1          1  0.000e+00
  1024.3225     23.123     23.313    30.9404     7.0580          1          1  0.000e+00
  1024.3254     23.115     23.306    30.9440     7.0574          1          1  0.000e+00
  1024.3278     23.104     23.294    30.9474     7.0589          1          1  0.000e+00
  1024.3377     23.091     23.281    30.9607     7.0627          1          1  0.000e+00
  1024.3244     23.076     23.266    30.9453     7.0714          1          1  0.000e+00
  1024.3202     23.066     23.256    30.9406     7.0750          1          1  0.000e+00
  1024.3193     23.055     23.245    30.9395     7.0748          1          1  0.000e+00
  1024.3203     23.042     23.232    30.9408     7.0744          1          1  0.000e+00
  1024.3184     23.033     23.223    30.9384     7.0742          1          1  0.000e+00
  1024.3170     23.025     23.215    30.9365     7.0730          1          1  0.000e+00
  1024.3187     23.023     23.213    30.9382     7.0708          1          1  0.000e+00
  1024.3192     23.023     23.213    30.9385     7.0689          1          1  0.000e+00
  1024.3204     23.032     23.222    30.9399     7.0675          1          1  0.000e+00
  1024.3194     23.038     23.228    30.9384     7.0669          1          1  0.000e+00
  1024.3179     23.049     23.239    30.9363     7.0660          1          1  0.000e+00
  1024.3146     23.061     23.251    30.9317     7.0638          1          1  0.000e+00
  1024.3183     23.075     23.265    30.9355     7.0591          1          1  0.000e+00
  1024.3213     23.089     23.279    30.9386     7.0556          1          1  0.000e+00
  1024.3245     23.099     23.289    30.9423     7.0535          1          1  0.000e+00
  1024.3260     23.111     23.302    30.9441     7.0529          1          1  0.000e+00
  1024.3241     23.122     23.312    30.9416     7.0528          1          1  0.000e+00
  1024.3239     23.129     23.320    30.9411     7.0520          1          1  0.000e+00
  1024.3251     23.132     23.323    30.9426     7.0511          1          1  0.000e+00
  1024.3288     23.134     23.324    30.9471     7.0506          1          1  0.000e+00
  1024.3297     23.130     23.321    30.9485     7.0519          1          1  0.000e+00
  1024.3247     23.127     23.318    30.9425     7.0539          1          1  0.000e+00
  1024.3244     23.123     23.313    30.9421     7.0537          1          1  0.000e+00
  1024.3261     23.115     23.306    30.9441     7.0524          1          1  0.000e+00
  1024.3235     23.109     23.300    30.9407     7.0514          1          1  0.000e+00
  1024.3248     23.103     23.293    30.9419     7.0487          1          1  0.000e+00
  1024.3308     23.094     23.285    30.9491     7.0459          1          1  0.000e+00
  1024.3260     23.088     23.278    30.9431     7.0462          1          1  0.000e+00
  1024.3296     23.084     23.274    30.9475     7.0448          1          1  0.000e+00
  1024.3295     23.078     23.269    30.9472     7.0441          1          1  0.000e+00
  1024.3300     23.073     23.263    30.9479     7.0438          1          1  0.000e+00
  1024.3292     23.071     23.261    30.9469     7.0439          1          1  0.000e+00
  1024.3294     23.067     23.257    30.9471     7.0441          1          1  0.000e+00
  1024.3270     23.063     23.253    30.9442     7.0441          1          1  0.000e+00
  1024.3269     23.059     23.249    30.9438     7.0427          1          1  0.000e+00
  1024.3278     23.055     23.245    30.9447     7.0407          1          1  0.000e+00
  1024.3277     23.054     23.244    30.9444     7.0395          1          1  0.000e+00
  1024.3267     23.051     23.241    30.9428     7.0377          1          1  0.000e+00
  1024.3288     23.055     23.245    30.9451     7.0354          1          1  0.000e+00
  1024.3309     23.056     23.246    30.9475     7.0340          1          1  0.000e+00
  1024.3291     23.061     23.251    30.9452     7.0343          1          1  0.000e+00
  1024.3289     23.065     23.255    30.9448     7.0338          1          1  0.000e+00
  1024.3326     23.074     23.264    30.9493     7.0326          1          1  0.000e+00
  1024.3305     23.079     23.270    30.9466     7.0325          1          1  0.000e+00
  1024.3284     23.086     23.276    30.9438     7.0320          1          1  0.000e+00
  1024.3296     23.092     23.282    30.9451     7.0304          1          1  0.000e+00
  1024.3323     23.101     23.291    30.9481     7.0283          1          1  0.000e+00
  1024.3336     23.106     23.296    30.9496     7.0274          1          1  0.000e+00
  1024.3326     23.110     23.301    30.9483     7.0276          1          1  0.000e+00
  1024.3335     23.112     23.303    30.9493     7.0272          1          1  0.000e+00
  1024.3342     23.112     23.303    30.9502     7.0273          1          1  0.000e+00
  1024.3338     23.109     23.300    30.9498     7.0279          1          1  0.000e+00
  1024.3368     23.106     23.296    30.9538     7.0283          1          1  0.000e+00
  1024.3337     23.100     23.290    30.9501     7.0298          1          1  0.000e+00
  1024.3353     23.099     23.289    30.9522     7.0301          1          1  0.000e+00
  1024.3306     23.094     23.285    30.9463     7.0307          1          1  0.000e+00
  1024.3321     23.089     23.279    30.9480     7.0291          1          1  0.000e+00
  1024.3307     23.085     23.275    30.9459     7.0273          1          1  0.000e+00
  1024.3335     23.079     23.270    30.9492     7.0252          1          1  0.000e+00
  1024.3367     23.076     23.266    30.9531     7.0240          1          1  0.000e+00
  1024.3351     23.074     23.264    30.9513     7.0252          1          1  0.000e+00
  1024.3314     23.073     23.263    30.9467     7.0258          1          1  0.000e+00
  1024.3320     23.075     23.265    30.9471     7.0238          1          1  0.000e+00
  1024.3340     23.078     23.269    30.9493     7.0216          1          1  0.000e+00
  1024.3315     23.083     23.273    30.9459     7.0209          1          1  0.000e+00
  1024.3336     23.088     23.278    30.9481     7.0183          1          1  0.000e+00
  1024.3379     23.091     23.281    30.9532     7.0162          1          1  0.000e+00
  1024.3413     23.094     23.285    30.9576     7.0168          1          1  0.000e+00
  1024.3370     23.098     23.288    30.9527     7.0202          1          1  0.000e+00
  1024.3328     23.103     23.293    30.9476     7.0218          1          1  0.000e+00
  1024.3321     23.107     23.297    30.9465     7.0201          1          1  0.000e+00
  1024.3346     23.109     23.300    30.9490     7.0167          1          1  0.000e+00
  1024.3372     23.112     23.303    30.9520     7.0149          1          1  0.000e+00
  1024.3391     23.112     23.303    30.9543     7.0145          1          1  0.000e+00
  1024.3402     23.116     23.306    30.9559     7.0155          1          1  0.000e+00
  1024.3401     23.119     23.309    30.9560     7.0171          1          1  0.000e+00
  1024.3377     23.121     23.311    30.9532     7.0189          1          1  0.000e+00
  1024.3373     23.124     23.315    30.9529     7.0198          1          1  0.000e+00
  1024.3382     23.121     23.311    30.9541     7.0201          1          1  0.000e+00
  1024.3362     23.117     23.307    30.9518     7.0212          1          1  0.000e+00
  1024.3356     23.109     23.300    30.9511     7.0215          1          1  0.000e+00
  1024.3406     23.104     23.294    30.9574     7.0209          1          1  0.000e+00
  1024.3394     23.096     23.287    30.9563     7.0238          1          1  0.000e+00
  1024.3364     23.089     23.279    30.9531     7.0267          1          1  0.000e+00
