data/eDNA/PER-2021-171/171a001.cnv
* Sea-Bird SBE19plus  Data File:
* FileName = C:\Users\RSG_field\Ryan_2021_Perley\CTD\171a001.hex
* Software version 2.3.0 SB_Terminal.dll
* Temperature SN = 7141
* Conductivity SN = 7141
* System UpLoad Time = Aug 07 2021 19:51:33
* <ApplicationData>
* <SeatermAF>
** Platform: M. Perley
** Cruise: Per2021171
** Station:  1
** Cast: 01
** Latitude: N  44 27.0583
** Longitude: W 62 8.8382
** Sounding: 210
** Chief Scientist: Ryan Stanley
** Comment:
# nquan = 8
# nvalues = 5375                                  
# units = specified
# name 0 = density00: Density [density, kg/m^3]
# name 1 = depSM: Depth [salt water, m], lat = 45.00
# name 2 = prdM: Pressure, Strain Gauge [db]
# name 3 = sal00: Salinity, Practical [PSU]
# name 4 = tv290C: Temperature [ITS-90, deg C]
# name 5 = bpos: Bottle Position in Carousel
# name 6 = nbf: Bottles Fired
# name 7 = flag:  0.000e+00
# span 0 =   998.7110,  1027.7497                 
# span 1 =     -0.051,    191.116                 
# span 2 =     -0.051,    192.770                 
# span 3 =     0.0000,    35.2137                 
# span 4 =     3.0110,    17.4078                 
# span 5 =          0,          6                 
# span 6 =          0,          6                 
# span 7 = 0.0000e+00, 0.0000e+00                 
# interval = seconds: 0.25
# start_time = Aug 07 2021 18:23:24 [Instrument's time stamp, header]
# bad_flag = -9.990e-29
*END*
[from data line 180]
   998.7175     -0.048     -0.048     0.0089    17.3710          0          0  0.000e+00
   998.7171     -0.048     -0.048     0.0089    17.3732          0          0  0.000e+00
   998.7167     -0.047     -0.047     0.0089    17.3756          0          0  0.000e+00
   998.7164     -0.048     -0.048     0.0089    17.3776          0          0  0.000e+00
   998.7161     -0.047     -0.047     0.0089    17.3793          0          0  0.000e+00
   998.7158     -0.048     -0.048     0.0089    17.3805          0          0  0.000e+00
   998.7158     -0.047     -0.047     0.0089    17.3809          0          0  0.000e+00
   998.7158     -0.048     -0.048     0.0089    17.3810          0          0  0.000e+00
   998.7158     -0.046     -0.046     0.0089    17.3810          0          0  0.000e+00
   998.7158     -0.047     -0.047     0.0089    17.3807          0          0  0.000e+00
   998.7158     -0.048     -0.048     0.0089    17.3805          0          0  0.000e+00
   998.7158     -0.047     -0.047     0.0088    17.3805          0          0  0.000e+00
   998.7159     -0.049     -0.049     0.0089    17.3801          0          0  0.000e+00
   998.7159     -0.047     -0.047     0.0089    17.3800          0          0  0.000e+00
   998.7159     -0.046     -0.046     0.0089    17.3800          0          0  0.000e+00
   998.7159     -0.047     -0.047     0.0089    17.3800          0          0  0.000e+00
   998.7159     -0.047     -0.047     0.0089    17.3800          0          0  0.000e+00
   998.7159     -0.048     -0.048     0.0089    17.3800          0          0  0.000e+00
   998.7160     -0.046     -0.046     0.0089    17.3798          0          0  0.000e+00
   998.7160     -0.046     -0.046     0.0089    17.3799          0          0  0.000e+00
   998.7160     -0.047     -0.047     0.0089    17.3797          0          0  0.000e+00
   998.7160     -0.046     -0.046     0.0089    17.3795          0          0  0.000e+00
   998.7160     -0.047     -0.047     0.0089    17.3796          0          0  0.000e+00
   998.7160     -0.046     -0.046     0.0089    17.3797          0          0  0.000e+00
   998.7160     -0.046     -0.046     0.0089    17.3796          0          0  0.000e+00
   998.7159     -0.047     -0.047     0.0089    17.3800          0          0  0.000e+00
   998.7159     -0.046     -0.046     0.0089    17.3802          0          0  0.000e+00
   998.7159     -0.047     -0.047     0.0089    17.3804          0          0  0.000e+00
   998.7159     -0.048     -0.048     0.0089    17.3803          0          0  0.000e+00
   998.7159     -0.048     -0.048     0.0089    17.3804          0          0  0.000e+00
   998.7159     -0.048     -0.048     0.0088    17.3804          0          0  0.000e+00
   998.7159     -0.047     -0.047     0.0089    17.3802          0          0  0.000e+00
   998.7158     -0.050     -0.050     0.0089    17.3805          0          0  0.000e+00
   998.7158     -0.050     -0.050     0.0089    17.3808          0          0  0.000e+00
   998.7155     -0.047     -0.047     0.0089    17.3823          0          0  0.000e+00
   998.7151     -0.049     -0.049     0.0089    17.3845          0          0  0.000e+00
   998.7146     -0.049     -0.049     0.0089    17.3874          0          0  0.000e+00
   998.7142     -0.051     -0.051     0.0089    17.3899          0          0  0.000e+00
   998.7137     -0.050     -0.050     0.0089    17.3924          0          0  0.000e+00
   998.7133     -0.051     -0.051     0.0089    17.3945          0          0  0.000e+00
   998.7131     -0.048     -0.048     0.0089    17.3962          0          0  0.000e+00
   998.7128     -0.047     -0.047     0.0089    17.3978          0          0  0.000e+00
   998.7125     -0.049     -0.049     0.0089    17.3994          0          0  0.000e+00
   998.7122     -0.048     -0.048     0.0089    17.4007          0          0  0.000e+00
   998.7122     -0.047     -0.047     0.0089    17.4013          0          0  0.000e+00
   998.7121     -0.049     -0.049     0.0089    17.4017          0          0  0.000e+00
   998.7123     -0.048     -0.048     0.0091    17.4013          0          0  0.000e+00
   998.7123     -0.047     -0.047     0.0089    17.4008          0          0  0.000e+00
   998.7123     -0.047     -0.047     0.0089    17.4005          0          0  0.000e+00
   998.7124     -0.048     -0.048     0.0089    17.4001          0          0  0.000e+00
   998.7124     -0.046     -0.046     0.0089    17.4000          0          0  0.000e+00
   998.7125     -0.047     -0.047     0.0089    17.3996          0          0  0.000e+00
   998.7125     -0.046     -0.046     0.0089    17.3993          0          0  0.000e+00
   998.7125     -0.047     -0.047     0.0089    17.3996          0          0  0.000e+00
   998.7125     -0.046     -0.046     0.0089    17.3996          0          0  0.000e+00
   998.7125     -0.046     -0.046     0.0089    17.3994          0          0  0.000e+00
   998.7126     -0.045     -0.045     0.0089    17.3992          0          0  0.000e+00
   998.7126     -0.046     -0.046     0.0089    17.3990          0          0  0.000e+00
   998.7125     -0.046     -0.046     0.0089    17.3997          0          0  0.000e+00
   998.7125     -0.046     -0.046     0.0089    17.3996          0          0  0.000e+00
   998.7125     -0.047     -0.047     0.0089    17.3996          0          0  0.000e+00
   998.7125     -0.047     -0.047     0.0089    17.3996          0          0  0.000e+00
   998.7125     -0.048     -0.048     0.0089    17.3995          0          0  0.000e+00
   998.7124     -0.048     -0.048     0.0089    17.3996          0          0  0.000e+00
   998.7124     -0.047     -0.047     0.0089    17.3999          0          0  0.000e+00
   998.7124     -0.049     -0.049     0.0089    17.4000          0          0  0.000e+00
   998.7124     -0.048     -0.048     0.0089    17.4002          0          0  0.000e+00
   998.7123     -0.048     -0.048     0.0089    17.4005          0          0  0.000e+00
   998.7123     -0.049     -0.049     0.0089    17.4005          0          0  0.000e+00
   998.7122     -0.049     -0.049     0.0089    17.4009          0          0  0.000e+00
   998.7122     -0.048     -0.048     0.0089    17.4010          0          0  0.000e+00
   998.7122     -0.046     -0.046     0.0089    17.4010          0          0  0.000e+00
   998.7122     -0.048     -0.048     0.0089    17.4013          0          0  0.000e+00
   998.7123     -0.048     -0.048     0.0091    17.4013          0          0  0.000e+00
   998.7121     -0.047     -0.047     0.0089    17.4018          0          0  0.000e+00
   998.7121     -0.047     -0.047     0.0089    17.4018          0          0  0.000e+00
   998.7121     -0.047     -0.047     0.0089    17.4019          0          0  0.000e+00
   998.7120     -0.047     -0.047     0.0089    17.4023          0          0  0.000e+00
   998.7119     -0.046     -0.046     0.0089    17.4026          0          0  0.000e+00
   998.7119     -0.046     -0.046     0.0089    17.4031          0          0  0.000e+00
   998.7118     -0.047     -0.047     0.0089    17.4034          0          0  0.000e+00
   998.7116     -0.048     -0.048     0.0089    17.4042          0          0  0.000e+00
   998.7115     -0.047     -0.047     0.0089    17.4049          0          0  0.000e+00
   998.7114     -0.047     -0.047     0.0089    17.4056          0          0  0.000e+00
   998.7112     -0.048     -0.048     0.0089    17.4064          0          0  0.000e+00
   998.7112     -0.048     -0.048     0.0089    17.4068          0          0  0.000e+00
   998.7111     -0.047     -0.047     0.0089    17.4071          0          0  0.000e+00
   998.7111     -0.049     -0.049     0.0089    17.4072          0          0  0.000e+00
   998.7111     -0.048     -0.048     0.0089    17.4071          0          0  0.000e+00
   998.7110     -0.047     -0.047     0.0089    17.4077          0          0  0.000e+00
   998.7110     -0.047     -0.047     0.0089    17.4077          0          0  0.000e+00
   998.7110     -0.048     -0.048     0.0089    17.4076          0          0  0.000e+00
   998.7110     -0.047     -0.047     0.0089    17.4078          0          0  0.000e+00
   998.7110     -0.049     -0.049     0.0089    17.4077          0          0  0.000e+00
   998.7111     -0.047     -0.047     0.0089    17.4076          0          0  0.000e+00
   998.7110     -0.047     -0.047     0.0089    17.4076          0          0  0.000e+00
   998.7111     -0.046     -0.046     0.0089    17.4076          0          0  0.000e+00
   998.7110     -0.046     -0.046     0.0089    17.4077          0          0  0.000e+00
   998.7110     -0.048     -0.048     0.0089    17.4078          0          0  0.000e+00
   998.7110     -0.049     -0.049     0.0088    17.4077          0          0  0.000e+00
   998.7112     -0.047     -0.047     0.0089    17.4070          0          0  0.000e+00
   998.7111     -0.048     -0.048     0.0089    17.4073          0          0  0.000e+00
   998.7111     -0.048     -0.048     0.0089    17.4073          0          0  0.000e+00
   998.7111     -0.045     -0.045     0.0089    17.4074          0          0  0.000e+00
   998.7111     -0.046     -0.046     0.0089    17.4073          0          0  0.000e+00
   998.7111     -0.046     -0.046     0.0089    17.4073          0          0  0.000e+00
   998.7111     -0.047     -0.047     0.0089    17.4072          0          0  0.000e+00
   998.7111     -0.046     -0.046     0.0089    17.4072          0          0  0.000e+00
   998.7111     -0.047     -0.047     0.0088    17.4068          0          0  0.000e+00
   998.7112     -0.042     -0.043     0.0089    17.4066          0          0  0.000e+00
  1017.2786      0.060      0.061    24.3456    17.3525          0          0  0.000e+00
  1017.9026      0.209      0.210    25.0661    17.0233          0          0  0.000e+00
  1021.4271      0.351      0.354    29.5806    16.7106          0          0  0.000e+00
  1021.6686      0.494      0.498    29.8288    16.4855          0          0  0.000e+00
  1021.9590      0.601      0.606    30.1615    16.3299          0          0  0.000e+00
  1022.0509      0.668      0.673    30.2533    16.2350          0          0  0.000e+00
  1022.0925      0.715      0.721    30.2921    16.1823          0          0  0.000e+00
  1022.1116      0.772      0.778    30.3073    16.1503          0          0  0.000e+00
  1022.1234      0.849      0.856    30.3159    16.1281          0          0  0.000e+00
  1022.0955      0.967      0.975    30.2737    16.1104          0          0  0.000e+00
  1022.1652      1.116      1.125    30.3592    16.0954          0          0  0.000e+00
  1022.2338      1.216      1.226    30.4438    16.0807          0          0  0.000e+00
  1022.2395      1.308      1.319    30.4488    16.0743          0          0  0.000e+00
  1022.2018      1.402      1.414    30.3992    16.0740          0          0  0.000e+00
  1022.1899      1.478      1.490    30.3820    16.0699          0          0  0.000e+00
  1022.2065      1.534      1.546    30.4010    16.0617          0          0  0.000e+00
  1022.2216      1.559      1.572    30.4187    16.0559          0          0  0.000e+00
  1022.2194      1.550      1.562    30.4147    16.0516          0          0  0.000e+00
  1022.2085      1.514      1.526    30.3989    16.0448          0          0  0.000e+00
  1022.2015      1.450      1.462    30.3876    16.0360          0          0  0.000e+00
  1022.1938      1.370      1.382    30.3752    16.0261          0          0  0.000e+00
  1022.1877      1.285      1.295    30.3659    16.0201          0          0  0.000e+00
  1022.1865      1.208      1.218    30.3645    16.0193          0          0  0.000e+00
  1022.1851      1.171      1.181    30.3639    16.0223          0          0  0.000e+00
  1022.1780      1.183      1.193    30.3557    16.0265          0          0  0.000e+00
  1022.1742      1.239      1.249    30.3517    16.0309          0          0  0.000e+00
  1022.1745      1.319      1.329    30.3531    16.0363          0          0  0.000e+00
  1022.1816      1.402      1.414    30.3630    16.0401          0          0  0.000e+00
  1022.2387      1.466      1.478    30.4384    16.0449          0          0  0.000e+00
  1022.2728      1.505      1.517    30.4839    16.0494          0          0  0.000e+00
  1022.2687      1.518      1.530    30.4804    16.0556          0          0  0.000e+00
  1022.2221      1.506      1.518    30.4241    16.0707          0          0  0.000e+00
  1022.1865      1.480      1.492    30.3813    16.0830          0          0  0.000e+00
  1022.1733      1.456      1.468    30.3644    16.0832          0          0  0.000e+00
  1022.1695      1.439      1.451    30.3567    16.0735          0          0  0.000e+00
  1022.1642      1.452      1.464    30.3463    16.0617          0          0  0.000e+00
  1022.1658      1.496      1.508    30.3448    16.0503          0          0  0.000e+00
  1022.1728      1.547      1.560    30.3512    16.0416          0          0  0.000e+00
  1022.1865      1.592      1.605    30.3666    16.0345          0          0  0.000e+00
  1022.2222      1.618      1.632    30.4118    16.0301          0          0  0.000e+00
  1022.2724      1.620      1.633    30.4772    16.0303          0          0  0.000e+00
  1022.2908      1.587      1.600    30.5018    16.0317          0          0  0.000e+00
  1022.2646      1.528      1.541    30.4677    16.0307          0          0  0.000e+00
  1022.2210      1.452      1.464    30.4110    16.0295          0          0  0.000e+00
  1022.1941      1.365      1.376    30.3763    16.0289          0          0  0.000e+00
  1022.1837      1.285      1.295    30.3635    16.0297          0          0  0.000e+00
  1022.1784      1.223      1.233    30.3588    16.0359          0          0  0.000e+00
  1022.1759      1.184      1.194    30.3578    16.0431          0          0  0.000e+00
  1022.1716      1.183      1.193    30.3536    16.0480          0          0  0.000e+00
  1022.1701      1.207      1.217    30.3525    16.0515          0          0  0.000e+00
  1022.1730      1.245      1.256    30.3566    16.0536          0          0  0.000e+00
  1022.1811      1.286      1.296    30.3674    16.0552          0          0  0.000e+00
  1022.2118      1.322      1.333    30.4076    16.0567          0          0  0.000e+00
  1022.2519      1.351      1.362    30.4606    16.0598          0          0  0.000e+00
  1022.2624      1.369      1.381    30.4753    16.0634          0          0  0.000e+00
  1022.2626      1.369      1.381    30.4757    16.0639          0          0  0.000e+00
  1022.2408      1.358      1.369    30.4474    16.0642          0          0  0.000e+00
  1022.2087      1.347      1.358    30.4060    16.0659          0          0  0.000e+00
  1022.1853      1.332      1.343    30.3760    16.0667          0          0  0.000e+00
  1022.1748      1.317      1.328    30.3626    16.0676          0          0  0.000e+00
  1022.1679      1.314      1.325    30.3553    16.0733          0          0  0.000e+00
  1022.1624      1.323      1.334    30.3504    16.0815          0          0  0.000e+00
  1022.1591      1.354      1.365    30.3482    16.0894          0          0  0.000e+00
  1022.1589      1.402      1.414    30.3495    16.0955          0          0  0.000e+00
  1022.1646      1.454      1.466    30.3578    16.1000          0          0  0.000e+00
  1022.1807      1.504      1.516    30.3796    16.1038          0          0  0.000e+00
  1022.2003      1.545      1.558    30.4060    16.1075          0          0  0.000e+00
  1022.2163      1.579      1.592    30.4277    16.1112          0          0  0.000e+00
  1022.2296      1.597      1.610    30.4456    16.1133          0          0  0.000e+00
