data/eDNA/PER-2021-171/171a010.cnv
* Sea-Bird SBE19plus  Data File:
* FileName = C:\Users\RSG_field\Ryan_2021_Perley\CTD\171a010.hex
* Software version 2.3.0 SB_Terminal.dll
* Temperature SN = 7141
* Conductivity SN = 7141
* System UpLoad Time = Aug 11 2021 14:25:42
* <ApplicationData>
* <SeatermAF>
** Platform: M. Perley
** Cruise: Per2021171
** Station:  ESI_14
** Cast: 01 1
** Latitude: N  44 36.483
** Longitude: W 62 55.281
** Sounding: 26.3
** Chief Scientist: Ryan Stanley
** Comment: 171a010
# nquan = 8
# nvalues = 2311                                  
# units = specified
# name 0 = density00: Density [density, kg/m^3]
# name 1 = depSM: Depth [salt water, m], lat = 45.00
# name 2 = prdM: Pressure, Strain Gauge [db]
# name 3 = sal00: Salinity, Practical [PSU]
# name 4 = tv290C: Temperature [ITS-90, deg C]
# name 5 = bpos: Bottle Position in Carousel
# name 6 = nbf: Bottles Fired
# name 7 = flag:  0.000e+00
# span 0 =   998.6161,  1024.8359                 
# span 1 =     -0.044,     34.328                 
# span 2 =     -0.044,     34.612                 
# span 3 =     0.0000,    31.8823                 
# span 4 =     6.0358,    18.7791                 
# span 5 =          0,          4                 
# span 6 =          0,          4                 
# span 7 = 0.0000e+00, 0.0000e+00                 
# interval = seconds: 0.25
# start_time = Aug 11 2021 16:39:50 [Instrument's time stamp, header]
# bad_flag = -9.990e-29
*END*
[from data line 180]
  1021.8496      1.755      1.769    30.7378    18.6964          0          0  0.000e+00
  1021.8541      1.755      1.769    30.7437    18.6967          0          0  0.000e+00
  1021.8601      1.752      1.766    30.7516    18.6967          0          0  0.000e+00
  1021.8637      1.749      1.763    30.7565    18.6971          0          0  0.000e+00
  1021.8658      1.748      1.762    30.7598    18.6987          0          0  0.000e+00
  1021.8651      1.748      1.762    30.7593    18.7002          0          0  0.000e+00
  1021.8636      1.748      1.762    30.7574    18.7007          0          0  0.000e+00
  1021.8628      1.745      1.760    30.7561    18.6995          0          0  0.000e+00
  1021.8620      1.743      1.758    30.7546    18.6982          0          0  0.000e+00
  1021.8626      1.742      1.757    30.7548    18.6964          0          0  0.000e+00
  1021.8627      1.741      1.755    30.7544    18.6948          0          0  0.000e+00
  1021.8659      1.749      1.763    30.7583    18.6941          0          0  0.000e+00
  1021.8725      1.772      1.786    30.7667    18.6937          0          0  0.000e+00
  1021.8741      1.798      1.813    30.7687    18.6939          0          0  0.000e+00
  1021.8708      1.813      1.828    30.7645    18.6942          0          0  0.000e+00
  1021.8586      1.813      1.828    30.7481    18.6930          0          0  0.000e+00
  1021.8602      1.795      1.810    30.7494    18.6904          0          0  0.000e+00
  1021.8648      1.758      1.773    30.7551    18.6885          0          0  0.000e+00
  1021.8796      1.697      1.711    30.7710    18.6764          0          0  0.000e+00
  1021.8927      1.624      1.637    30.7836    18.6612          0          0  0.000e+00
  1021.8958      1.557      1.569    30.7860    18.6549          0          0  0.000e+00
  1021.8933      1.511      1.524    30.7822    18.6522          0          0  0.000e+00
  1021.8904      1.474      1.486    30.7780    18.6503          0          0  0.000e+00
  1021.8917      1.447      1.458    30.7793    18.6486          0          0  0.000e+00
  1021.8940      1.427      1.439    30.7818    18.6468          0          0  0.000e+00
  1021.8957      1.427      1.439    30.7839    18.6460          0          0  0.000e+00
  1021.8973      1.441      1.453    30.7861    18.6470          0          0  0.000e+00
  1021.8984      1.466      1.478    30.7894    18.6530          0          0  0.000e+00
  1021.9004      1.510      1.522    30.7949    18.6626          0          0  0.000e+00
  1021.9005      1.580      1.593    30.7979    18.6730          0          0  0.000e+00
  1021.8988      1.662      1.675    30.7985    18.6834          0          0  0.000e+00
  1021.8959      1.752      1.766    30.7974    18.6934          0          0  0.000e+00
  1021.8918      1.843      1.858    30.7939    18.7010          0          0  0.000e+00
  1021.8874      1.930      1.946    30.7892    18.7058          0          0  0.000e+00
  1021.8838      2.005      2.022    30.7852    18.7089          0          0  0.000e+00
  1021.8789      2.059      2.076    30.7795    18.7122          0          0  0.000e+00
  1021.8687      2.094      2.111    30.7667    18.7146          0          0  0.000e+00
  1021.8599      2.111      2.128    30.7551    18.7148          0          0  0.000e+00
  1021.8591      2.103      2.120    30.7543    18.7153          0          0  0.000e+00
  1021.8614      2.068      2.085    30.7560    18.7108          0          0  0.000e+00
  1021.8716      2.003      2.019    30.7658    18.6986          0          0  0.000e+00
  1021.8820      1.913      1.929    30.7762    18.6867          0          0  0.000e+00
  1021.8895      1.798      1.813    30.7835    18.6772          0          0  0.000e+00
  1021.8939      1.675      1.689    30.7879    18.6703          0          0  0.000e+00
  1021.8939      1.551      1.564    30.7877    18.6675          0          0  0.000e+00
  1021.8921      1.437      1.449    30.7854    18.6660          0          0  0.000e+00
  1021.8925      1.334      1.345    30.7864    18.6653          0          0  0.000e+00
  1021.8936      1.251      1.262    30.7881    18.6645          0          0  0.000e+00
  1021.8951      1.207      1.217    30.7902    18.6642          0          0  0.000e+00
  1021.9012      1.191      1.201    30.8000    18.6697          0          0  0.000e+00
  1021.9041      1.206      1.216    30.8067    18.6790          0          0  0.000e+00
  1021.9014      1.250      1.261    30.8065    18.6903          0          0  0.000e+00
  1021.8958      1.324      1.334    30.8023    18.7012          0          0  0.000e+00
  1021.8915      1.416      1.427    30.7989    18.7096          0          0  0.000e+00
  1021.8882      1.524      1.536    30.7960    18.7162          0          0  0.000e+00
  1021.8860      1.645      1.658    30.7937    18.7203          0          0  0.000e+00
  1021.8841      1.762      1.777    30.7918    18.7239          0          0  0.000e+00
  1021.8827      1.878      1.893    30.7901    18.7266          0          0  0.000e+00
  1021.8814      1.987      2.003    30.7882    18.7281          0          0  0.000e+00
  1021.8796      2.076      2.093    30.7856    18.7291          0          0  0.000e+00
  1021.8744      2.146      2.164    30.7786    18.7296          0          0  0.000e+00
  1021.8645      2.187      2.205    30.7653    18.7296          0          0  0.000e+00
  1021.8634      2.201      2.219    30.7639    18.7296          0          0  0.000e+00
  1021.8641      2.187      2.205    30.7642    18.7273          0          0  0.000e+00
  1021.8716      2.145      2.163    30.7715    18.7188          0          0  0.000e+00
  1021.8808      2.078      2.095    30.7810    18.7096          0          0  0.000e+00
  1021.8884      1.992      2.009    30.7891    18.7023          0          0  0.000e+00
  1021.8926      1.888      1.904    30.7937    18.6975          0          0  0.000e+00
  1021.8929      1.782      1.797    30.7940    18.6955          0          0  0.000e+00
  1021.8914      1.684      1.698    30.7923    18.6944          0          0  0.000e+00
  1021.8875      1.589      1.602    30.7876    18.6941          0          0  0.000e+00
  1021.8852      1.493      1.505    30.7851    18.6939          0          0  0.000e+00
  1021.8856      1.412      1.423    30.7858    18.6930          0          0  0.000e+00
  1021.8862      1.337      1.348    30.7867    18.6921          0          0  0.000e+00
  1021.8866      1.273      1.283    30.7875    18.6918          0          0  0.000e+00
  1021.8873      1.233      1.244    30.7889    18.6925          0          0  0.000e+00
  1021.8895      1.239      1.249    30.7930    18.6961          0          0  0.000e+00
  1021.8931      1.269      1.280    30.7990    18.7007          0          0  0.000e+00
  1021.8925      1.317      1.328    30.7997    18.7062          0          0  0.000e+00
  1021.8897      1.387      1.398    30.7975    18.7123          0          0  0.000e+00
  1021.8869      1.469      1.481    30.7951    18.7177          0          0  0.000e+00
  1021.8856      1.552      1.565    30.7942    18.7214          0          0  0.000e+00
  1021.8852      1.657      1.671    30.7936    18.7236          0          0  0.000e+00
  1021.8857      1.761      1.776    30.7942    18.7252          0          0  0.000e+00
  1021.8857      1.848      1.863    30.7948    18.7286          0          0  0.000e+00
  1021.8840      1.936      1.952    30.7934    18.7325          0          0  0.000e+00
  1021.8817      2.016      2.032    30.7906    18.7348          0          0  0.000e+00
  1021.8786      2.072      2.089    30.7866    18.7359          0          0  0.000e+00
  1021.8507      2.096      2.113    30.7501    18.7363          0          0  0.000e+00
  1021.8857      2.093      2.110    30.7954    18.7348          0          0  0.000e+00
  1021.8892      2.067      2.083    30.7997    18.7334          0          0  0.000e+00
  1021.8863      2.015      2.031    30.7966    18.7344          0          0  0.000e+00
  1021.8859      1.948      1.964    30.7961    18.7336          0          0  0.000e+00
  1021.8888      1.876      1.891    30.8000    18.7326          0          0  0.000e+00
  1021.8871      1.821      1.836    30.7983    18.7332          0          0  0.000e+00
  1021.8868      1.780      1.795    30.7982    18.7333          0          0  0.000e+00
  1021.8870      1.739      1.753    30.7985    18.7329          0          0  0.000e+00
  1021.8863      1.693      1.707    30.7980    18.7331          0          0  0.000e+00
  1021.8869      1.647      1.660    30.7989    18.7327          0          0  0.000e+00
  1021.8865      1.586      1.599    30.7988    18.7327          0          0  0.000e+00
  1021.8856      1.527      1.540    30.7980    18.7327          0          0  0.000e+00
  1021.8848      1.462      1.474    30.7971    18.7325          0          0  0.000e+00
  1021.8849      1.408      1.420    30.7973    18.7314          0          0  0.000e+00
  1021.8853      1.374      1.386    30.7977    18.7305          0          0  0.000e+00
  1021.8848      1.366      1.377    30.7968    18.7295          0          0  0.000e+00
  1021.8864      1.374      1.386    30.7985    18.7284          0          0  0.000e+00
  1021.8937      1.402      1.413    30.8080    18.7290          0          0  0.000e+00
  1021.8938      1.459      1.471    30.8095    18.7340          0          0  0.000e+00
  1021.8897      1.538      1.550    30.8058    18.7405          0          0  0.000e+00
  1021.8863      1.620      1.634    30.8023    18.7452          0          0  0.000e+00
  1021.8849      1.702      1.716    30.8008    18.7475          0          0  0.000e+00
  1021.8933      1.782      1.797    30.8119    18.7493          0          0  0.000e+00
  1021.8876      1.857      1.872    30.8056    18.7545          0          0  0.000e+00
  1021.8834      1.908      1.923    30.8012    18.7587          0          0  0.000e+00
  1021.8863      1.931      1.947    30.8055    18.7610          0          0  0.000e+00
  1021.8814      1.941      1.957    30.8003    18.7647          0          0  0.000e+00
  1021.8804      1.940      1.956    30.7994    18.7660          0          0  0.000e+00
  1021.8811      1.923      1.939    30.8005    18.7661          0          0  0.000e+00
  1021.8802      1.904      1.920    30.7996    18.7667          0          0  0.000e+00
  1021.8780      1.888      1.904    30.7969    18.7669          0          0  0.000e+00
  1021.8786      1.875      1.890    30.7973    18.7655          0          0  0.000e+00
  1021.8795      1.863      1.878    30.7981    18.7639          0          0  0.000e+00
  1021.8797      1.843      1.858    30.7981    18.7631          0          0  0.000e+00
  1021.8790      1.821      1.836    30.7970    18.7619          0          0  0.000e+00
  1021.8777      1.788      1.802    30.7950    18.7603          0          0  0.000e+00
  1021.8790      1.742      1.756    30.7960    18.7575          0          0  0.000e+00
  1021.8783      1.684      1.698    30.7947    18.7552          0          0  0.000e+00
  1021.8790      1.619      1.632    30.7949    18.7521          0          0  0.000e+00
  1021.8782      1.556      1.568    30.7932    18.7488          0          0  0.000e+00
  1021.8790      1.489      1.501    30.7934    18.7447          0          0  0.000e+00
  1021.8771      1.431      1.442    30.7901    18.7411          0          0  0.000e+00
  1021.8699      1.384      1.395    30.7788    18.7347          0          0  0.000e+00
  1021.8763      1.361      1.372    30.7836    18.7232          0          0  0.000e+00
  1021.8851      1.355      1.366    30.7919    18.7130          0          0  0.000e+00
  1021.8858      1.372      1.383    30.7910    18.7078          0          0  0.000e+00
  1021.8829      1.417      1.428    30.7851    18.7020          0          0  0.000e+00
  1021.8975      1.480      1.492    30.8015    18.6945          0          0  0.000e+00
  1021.8983      1.557      1.569    30.8020    18.6944          0          0  0.000e+00
  1021.9206      1.637      1.651    30.8322    18.6986          0          0  0.000e+00
  1021.9005      1.713      1.727    30.8104    18.7145          0          0  0.000e+00
  1021.8696      1.782      1.797    30.7725    18.7235          0          0  0.000e+00
  1021.8835      1.850      1.865    30.7868    18.7128          0          0  0.000e+00
  1021.8849      1.909      1.924    30.7852    18.7030          0          0  0.000e+00
  1021.8966      1.972      1.988    30.7974    18.6946          0          0  0.000e+00
  1021.9014      2.030      2.047    30.8028    18.6925          0          0  0.000e+00
  1021.8997      2.082      2.099    30.8008    18.6944          0          0  0.000e+00
  1021.9001      2.117      2.135    30.8016    18.6957          0          0  0.000e+00
  1021.9010      2.122      2.139    30.8032    18.6972          0          0  0.000e+00
  1021.8975      2.106      2.123    30.7994    18.6995          0          0  0.000e+00
  1021.8948      2.057      2.074    30.7963    18.6999          0          0  0.000e+00
  1021.8946      1.976      1.993    30.7960    18.6984          0          0  0.000e+00
  1021.8973      1.869      1.885    30.7996    18.6968          0          0  0.000e+00
  1021.8977      1.759      1.774    30.8009    18.6971          0          0  0.000e+00
  1021.8967      1.655      1.669    30.8006    18.6981          0          0  0.000e+00
  1021.8965      1.563      1.576    30.8012    18.6992          0          0  0.000e+00
  1021.8955      1.484      1.496    30.8008    18.7006          0          0  0.000e+00
  1021.8952      1.407      1.419    30.8012    18.7017          0          0  0.000e+00
  1021.8938      1.338      1.349    30.8002    18.7030          0          0  0.000e+00
  1021.8931      1.277      1.287    30.8000    18.7039          0          0  0.000e+00
  1021.8915      1.233      1.243    30.7982    18.7044          0          0  0.000e+00
  1021.8909      1.223      1.233    30.7974    18.7041          0          0  0.000e+00
  1021.8943      1.247      1.257    30.8014    18.7031          0          0  0.000e+00
  1021.9096      1.314      1.325    30.8216    18.7048          0          0  0.000e+00
  1021.9030      1.419      1.431    30.8157    18.7154          0          0  0.000e+00
  1021.8884      1.540      1.552    30.7992    18.7255          0          0  0.000e+00
  1021.8813      1.664      1.677    30.7895    18.7268          0          0  0.000e+00
  1021.8795      1.775      1.790    30.7850    18.7221          0          0  0.000e+00
  1021.8958      1.865      1.880    30.8033    18.7143          0          0  0.000e+00
  1021.9084      1.933      1.949    30.8199    18.7157          0          0  0.000e+00
  1021.9011      1.979      1.995    30.8139    18.7273          0          0  0.000e+00
  1021.8940      2.001      2.017    30.8075    18.7367          0          0  0.000e+00
  1021.8903      2.009      2.026    30.8044    18.7425          0          0  0.000e+00
  1021.8856      2.007      2.024    30.7994    18.7460          0          0  0.000e+00
  1021.8830      1.999      2.015    30.7962    18.7467          0          0  0.000e+00
  1021.8820      1.987      2.003    30.7946    18.7454          0          0  0.000e+00
  1021.8838      1.971      1.987    30.7961    18.7423          0          0  0.000e+00
  1021.8828      1.945      1.961    30.7942    18.7402          0          0  0.000e+00
  1021.8835      1.910      1.925    30.7945    18.7375          0          0  0.000e+00
  1021.8848      1.866      1.881    30.7955    18.7345          0          0  0.000e+00
