data/eDNA/PER-2021-171/171a001.ros
* Sea-Bird SBE19plus  Data File:
* FileName = C:\Users\RSG_field\Ryan_2021_Perley\CTD\171a001.hex
* Software version 2.3.0 SB_Terminal.dll
* Temperature SN = 7141
* Conductivity SN = 7141
* System UpLoad Time = Aug 07 2021 19:51:33
* <ApplicationData>
* <SeatermAF>
** Platform: M. Perley
** Cruise: Per2021171
** Station:  1
** Cast: 01
** Latitude: N  44 27.0583
** Longitude: W 62 8.8382
** Sounding: 210
** Chief Scientist: Ryan Stanley
** Comment:
# nquan = 9
# nvalues = 54                                    
# units = specified
# name 0 = density00: Density [density, kg/m^3]
# name 1 = depSM: Depth [salt water, m], lat = 45.00
# name 2 = prdM: Pressure, Strain Gauge [db]
# name 3 = sal00: Salinity, Practical [PSU]
# name 4 = tv290C: Temperature [ITS-90, deg C]
# name 5 = bpos: Bottle Position in Carousel
# name 6 = nbf: Bottles Fired
# name 7 = scan: Scan Count
# name 8 = flag:  0.000e+00
# interval = seconds: 0.25
# start_time = Aug 07 2021 18:23:24 [Instrument's time stamp, header]
# bad_flag = -9.990e-29
*END*
  1027.7374    189.596    191.236    35.2023    11.2973          1          1       3123  0.000e+00
  1027.7380    189.557    191.197    35.2031    11.2963          1          1       3124  0.000e+00
  1027.7384    189.521    191.161    35.2037    11.2956          1          1       3125  0.000e+00
  1027.7386    189.495    191.134    35.2041    11.2953          1          1       3126  0.000e+00
  1027.7393    189.479    191.118    35.2050    11.2951          1          1       3127  0.000e+00
  1027.7439    189.478    191.117    35.2109    11.2954          1          1       3128  0.000e+00
  1027.7444    189.490    191.129    35.2121    11.2979          1          1       3129  0.000e+00
  1027.7431    189.505    191.145    35.2112    11.3011          1          1       3130  0.000e+00
  1027.7414    189.526    191.165    35.2094    11.3036          1          1       3131  0.000e+00
  1027.6386    174.118    175.618    35.1545    11.2525          2          2       3564  0.000e+00
  1027.6399    173.902    175.399    35.1566    11.2491          2          2       3565  0.000e+00
  1027.6389    173.713    175.209    35.1559    11.2469          2          2       3566  0.000e+00
  1027.6381    173.563    175.058    35.1554    11.2451          2          2       3567  0.000e+00
  1027.6370    173.455    174.949    35.1541    11.2435          2          2       3568  0.000e+00
  1027.6363    173.395    174.888    35.1531    11.2415          2          2       3569  0.000e+00
  1027.6349    173.368    174.861    35.1510    11.2398          2          2       3570  0.000e+00
  1027.6295    173.382    174.875    35.1434    11.2373          2          2       3571  0.000e+00
  1027.6315    173.434    174.928    35.1449    11.2338          2          2       3572  0.000e+00
  1027.4390    149.288    150.565    34.9349    10.7995          3          3       3821  0.000e+00
  1027.4373    149.036    150.310    34.9339    10.7986          3          3       3822  0.000e+00
  1027.4366    148.782    150.054    34.9343    10.7978          3          3       3823  0.000e+00
  1027.4339    148.541    149.811    34.9321    10.7969          3          3       3824  0.000e+00
  1027.4282    148.310    149.578    34.9258    10.7956          3          3       3825  0.000e+00
  1027.4302    148.096    149.362    34.9289    10.7927          3          3       3826  0.000e+00
  1027.4240    147.898    149.162    34.9216    10.7904          3          3       3827  0.000e+00
  1027.4222    147.703    148.965    34.9195    10.7867          3          3       3828  0.000e+00
  1027.4243    147.525    148.786    34.9223    10.7824          3          3       3829  0.000e+00
  1026.7164    100.068    100.911    33.5408     7.1175          4          4       4231  0.000e+00
  1026.6781    100.046    100.890    33.4875     7.0912          4          4       4232  0.000e+00
  1026.6871    100.045    100.889    33.4916     7.0490          4          4       4233  0.000e+00
  1026.7163    100.057    100.900    33.5217     7.0096          4          4       4234  0.000e+00
  1026.7316    100.074    100.918    33.5364     6.9837          4          4       4235  0.000e+00
  1026.7415    100.085    100.928    33.5461     6.9672          4          4       4236  0.000e+00
  1026.7449    100.085    100.928    33.5484     6.9558          4          4       4237  0.000e+00
  1026.7516    100.043    100.887    33.5556     6.9469          4          4       4238  0.000e+00
  1026.7589     99.965    100.807    33.5643     6.9410          4          4       4239  0.000e+00
  1025.9123     50.343     50.761    32.3097     3.7067          5          5       4642  0.000e+00
  1025.9239     50.175     50.592    32.3208     3.6690          5          5       4643  0.000e+00
  1025.9364     50.031     50.447    32.3338     3.6388          5          5       4644  0.000e+00
  1025.9430     49.917     50.331    32.3400     3.6160          5          5       4645  0.000e+00
  1025.9469     49.823     50.237    32.3433     3.5975          5          5       4646  0.000e+00
  1025.9540     49.752     50.166    32.3509     3.5824          5          5       4647  0.000e+00
  1025.9512     49.692     50.105    32.3464     3.5713          5          5       4648  0.000e+00
  1025.9474     49.643     50.055    32.3405     3.5597          5          5       4649  0.000e+00
  1025.9518     49.600     50.012    32.3449     3.5471          5          5       4650  0.000e+00
  1022.4516      2.894      2.917    30.3858    14.9012          6          6       5065  0.000e+00
  1022.4320      2.856      2.879    30.3739    14.9497          6          6       5066  0.000e+00
  1022.4290      2.829      2.852    30.3836    14.9989          6          6       5067  0.000e+00
  1022.4108      2.808      2.831    30.3751    15.0532          6          6       5068  0.000e+00
  1022.3756      2.780      2.803    30.3432    15.1032          6          6       5069  0.000e+00
  1022.3674      2.741      2.764    30.3424    15.1381          6          6       5070  0.000e+00
  1022.3390      2.681      2.703    30.3146    15.1696          6          6       5071  0.000e+00
  1022.3181      2.602      2.624    30.2926    15.1870          6          6       5072  0.000e+00
  1022.3207      2.513      2.534    30.2974    15.1898          6          6       5073  0.000e+00
