data/eDNA/PER-2021-171/171a009.cnv
* Sea-Bird SBE19plus  Data File:
* FileName = C:\Users\RSG_field\Ryan_2021_Perley\CTD\171a009.hex
* Software version 2.3.0 SB_Terminal.dll
* Temperature SN = 7141
* Conductivity SN = 7141
* System UpLoad Time = Aug 11 2021 12:37:40
* <ApplicationData>
* <SeatermAF>
** Platform: M. Perley
** Cruise: Per2021171
** Station:  ESI_15
** Cast: 01 1
** Latitude: N  44 33.466
** Longitude: W 62 53.25
** Sounding: 69.9
** Chief Scientist: Ryan Stanley
** Comment: 171a009
# nquan = 8
# nvalues = 2783                                  
# units = specified
# name 0 = density00: Density [density, kg/m^3]
# name 1 = depSM: Depth [salt water, m], lat = 45.00
# name 2 = prdM: Pressure, Strain Gauge [db]
# name 3 = sal00: Salinity, Practical [PSU]
# name 4 = tv290C: Temperature [ITS-90, deg C]
# name 5 = bpos: Bottle Position in Carousel
# name 6 = nbf: Bottles Fired
# name 7 = flag:  0.000e+00
# span 0 =   998.4093,  1025.9037                 
# span 1 =     -0.045,     67.317                 
# span 2 =     -0.045,     67.879                 
# span 3 =     0.0082,    32.3455                 
# span 4 =     3.6232,    19.0218                 
# span 5 =          0,          6                 
# span 6 =          0,          6                 
# span 7 = 0.0000e+00, 0.0000e+00                 
# interval = seconds: 0.25
# start_time = Aug 11 2021 15:21:59 [Instrument's time stamp, header]
# bad_flag = -9.990e-29
*END*
[from data line 1259]
  1025.1003     53.974     54.423    31.3522     4.4041          0          0  0.000e+00
  1025.1049     54.195     54.646    31.3555     4.3957          0          0  0.000e+00
  1025.1110     54.384     54.836    31.3610     4.3866          0          0  0.000e+00
  1025.1168     54.536     54.990    31.3664     4.3787          0          0  0.000e+00
  1025.1218     54.655     55.110    31.3712     4.3729          0          0  0.000e+00
  1025.1242     54.737     55.192    31.3733     4.3690          0          0  0.000e+00
  1025.1271     54.780     55.236    31.3764     4.3663          0          0  0.000e+00
  1025.1316     54.785     55.241    31.3818     4.3648          0          0  0.000e+00
  1025.1354     54.754     55.209    31.3870     4.3661          0          0  0.000e+00
  1025.1392     54.695     55.150    31.3926     4.3705          0          0  0.000e+00
  1025.1321     54.616     55.070    31.3851     4.3779          0          0  0.000e+00
  1025.1266     54.522     54.976    31.3793     4.3831          0          0  0.000e+00
  1025.1229     54.430     54.883    31.3754     4.3847          0          0  0.000e+00
  1025.1209     54.348     54.800    31.3734     4.3848          0          0  0.000e+00
  1025.1205     54.284     54.735    31.3731     4.3837          0          0  0.000e+00
  1025.1199     54.253     54.704    31.3724     4.3823          0          0  0.000e+00
  1025.1183     54.267     54.718    31.3701     4.3808          0          0  0.000e+00
  1025.1195     54.332     54.784    31.3709     4.3784          0          0  0.000e+00
  1025.1183     54.450     54.903    31.3683     4.3756          0          0  0.000e+00
  1025.1192     54.626     55.081    31.3680     4.3719          0          0  0.000e+00
  1025.1183     54.856     55.313    31.3650     4.3673          0          0  0.000e+00
  1025.1197     55.131     55.590    31.3641     4.3594          0          0  0.000e+00
  1025.1264     55.443     55.904    31.3692     4.3483          0          0  0.000e+00
  1025.1320     55.769     56.233    31.3727     4.3352          0          0  0.000e+00
  1025.1382     56.100     56.567    31.3760     4.3153          0          0  0.000e+00
  1025.1543     56.398     56.867    31.3906     4.2841          0          0  0.000e+00
  1025.1833     56.659     57.130    31.4208     4.2461          0          0  0.000e+00
  1025.2143     56.903     57.377    31.4538     4.2094          0          0  0.000e+00
  1025.2348     57.136     57.611    31.4747     4.1803          0          0  0.000e+00
  1025.2559     57.360     57.838    31.4965     4.1538          0          0  0.000e+00
  1025.2748     57.601     58.081    31.5161     4.1310          0          0  0.000e+00
  1025.2880     57.809     58.290    31.5296     4.1159          0          0  0.000e+00
  1025.2977     57.914     58.396    31.5399     4.1058          0          0  0.000e+00
  1025.3084     57.905     58.387    31.5526     4.0987          0          0  0.000e+00
  1025.3138     57.853     58.335    31.5595     4.0973          0          0  0.000e+00
  1025.3092     57.779     58.260    31.5548     4.1016          0          0  0.000e+00
  1025.3032     57.681     58.161    31.5484     4.1069          0          0  0.000e+00
  1025.3051     57.568     58.047    31.5521     4.1116          0          0  0.000e+00
  1025.3015     57.461     57.939    31.5494     4.1215          0          0  0.000e+00
  1025.2939     57.364     57.841    31.5425     4.1384          0          0  0.000e+00
  1025.2743     57.293     57.769    31.5214     4.1640          0          0  0.000e+00
  1025.2531     57.256     57.733    31.4976     4.1859          0          0  0.000e+00
  1025.2415     57.262     57.738    31.4845     4.1985          0          0  0.000e+00
  1025.2299     57.304     57.781    31.4706     4.2051          0          0  0.000e+00
  1025.2297     57.392     57.870    31.4694     4.2017          0          0  0.000e+00
  1025.2383     57.528     58.007    31.4785     4.1940          0          0  0.000e+00
  1025.2405     57.702     58.182    31.4803     4.1946          0          0  0.000e+00
  1025.2250     57.900     58.382    31.4601     4.1995          0          0  0.000e+00
  1025.2313     58.128     58.612    31.4646     4.1826          0          0  0.000e+00
  1025.2666     58.382     58.869    31.5023     4.1408          0          0  0.000e+00
  1025.2967     58.650     59.138    31.5341     4.1037          0          0  0.000e+00
  1025.3189     58.938     59.429    31.5571     4.0777          0          0  0.000e+00
  1025.3256     59.227     59.721    31.5618     4.0606          0          0  0.000e+00
  1025.3363     59.518     60.014    31.5711     4.0417          0          0  0.000e+00
  1025.3460     59.797     60.295    31.5791     4.0199          0          0  0.000e+00
  1025.3614     60.057     60.558    31.5937     3.9942          0          0  0.000e+00
  1025.3800     60.302     60.805    31.6124     3.9668          0          0  0.000e+00
  1025.3936     60.516     61.021    31.6248     3.9382          0          0  0.000e+00
  1025.4250     60.688     61.194    31.6588     3.9014          0          0  0.000e+00
  1025.4568     60.798     61.305    31.6938     3.8657          0          0  0.000e+00
  1025.4857     60.862     61.369    31.7262     3.8356          0          0  0.000e+00
  1025.5027     60.891     61.398    31.7457     3.8209          0          0  0.000e+00
  1025.5041     60.877     61.384    31.7473     3.8197          0          0  0.000e+00
  1025.5075     60.830     61.337    31.7529     3.8275          0          0  0.000e+00
  1025.4953     60.764     61.271    31.7402     3.8471          0          0  0.000e+00
  1025.4852     60.686     61.192    31.7300     3.8643          0          0  0.000e+00
  1025.4729     60.619     61.124    31.7172     3.8826          0          0  0.000e+00
  1025.4548     60.571     61.075    31.6975     3.9051          0          0  0.000e+00
  1025.4361     60.544     61.049    31.6762     3.9229          0          0  0.000e+00
  1025.4275     60.551     61.056    31.6662     3.9300          0          0  0.000e+00
  1025.4118     60.594     61.099    31.6458     3.9270          0          0  0.000e+00
  1025.4269     60.672     61.178    31.6609     3.8988          0          0  0.000e+00
  1025.4565     60.788     61.294    31.6931     3.8619          0          0  0.000e+00
  1025.4806     60.939     61.447    31.7189     3.8320          0          0  0.000e+00
  1025.5003     61.120     61.629    31.7397     3.8077          0          0  0.000e+00
  1025.5191     61.333     61.844    31.7595     3.7857          0          0  0.000e+00
  1025.5347     61.573     62.087    31.7755     3.7673          0          0  0.000e+00
  1025.5455     61.839     62.355    31.7859     3.7544          0          0  0.000e+00
  1025.5552     62.114     62.632    31.7952     3.7433          0          0  0.000e+00
  1025.5673     62.397     62.917    31.8072     3.7308          0          0  0.000e+00
  1025.5772     62.675     63.197    31.8167     3.7204          0          0  0.000e+00
  1025.5811     62.930     63.455    31.8193     3.7135          0          0  0.000e+00
  1025.6016     63.177     63.704    31.8418     3.6975          0          0  0.000e+00
  1025.6418     63.394     63.922    31.8879     3.6709          0          0  0.000e+00
  1025.6945     63.572     64.102    31.9503     3.6483          0          0  0.000e+00
  1025.7332     63.718     64.250    31.9966     3.6348          0          0  0.000e+00
  1025.7453     63.821     64.353    32.0106     3.6292          0          0  0.000e+00
  1025.7487     63.889     64.422    32.0142     3.6269          0          0  0.000e+00
  1025.7497     63.916     64.449    32.0152     3.6259          0          0  0.000e+00
  1025.7429     63.916     64.449    32.0066     3.6267          0          0  0.000e+00
  1025.7332     63.885     64.417    31.9951     3.6300          0          0  0.000e+00
  1025.7212     63.840     64.372    31.9811     3.6374          0          0  0.000e+00
  1025.7068     63.793     64.325    31.9645     3.6476          0          0  0.000e+00
  1025.7014     63.753     64.285    31.9589     3.6554          0          0  0.000e+00
  1025.7045     63.730     64.261    31.9635     3.6602          0          0  0.000e+00
  1025.7127     63.724     64.256    31.9741     3.6621          0          0  0.000e+00
  1025.7181     63.742     64.274    31.9802     3.6578          0          0  0.000e+00
  1025.7271     63.793     64.325    31.9899     3.6473          0          0  0.000e+00
  1025.7379     63.879     64.412    32.0016     3.6357          0          0  0.000e+00
  1025.7449     63.993     64.526    32.0089     3.6279          0          0  0.000e+00
  1025.7718     64.146     64.681    32.0412     3.6232          0          0  0.000e+00
  1025.8091     64.331     64.868    32.0871     3.6239          0          0  0.000e+00
  1025.8186     64.545     65.083    32.0988     3.6320          0          0  0.000e+00
  1025.8298     64.782     65.323    32.1123     3.6399          0          0  0.000e+00
  1025.8403     65.034     65.576    32.1250     3.6475          0          0  0.000e+00
  1025.8391     65.286     65.831    32.1230     3.6558          0          0  0.000e+00
  1025.8397     65.446     65.992    32.1235     3.6621          0          0  0.000e+00
  1025.8387     65.617     66.164    32.1218     3.6671          0          0  0.000e+00
  1025.8371     65.755     66.303    32.1195     3.6709          0          0  0.000e+00
  1025.8371     65.897     66.447    32.1188     3.6731          0          0  0.000e+00
  1025.8387     66.004     66.555    32.1204     3.6744          0          0  0.000e+00
  1025.8422     66.088     66.639    32.1244     3.6758          0          0  0.000e+00
  1025.8431     66.131     66.683    32.1255     3.6775          0          0  0.000e+00
  1025.8425     66.142     66.694    32.1249     3.6797          0          0  0.000e+00
  1025.8407     66.110     66.662    32.1232     3.6821          0          0  0.000e+00
  1025.8408     66.042     66.593    32.1240     3.6846          0          0  0.000e+00
  1025.8417     65.940     66.491    32.1261     3.6873          0          0  0.000e+00
  1025.8361     65.813     66.362    32.1202     3.6914          0          0  0.000e+00
  1025.8302     65.665     66.213    32.1139     3.6934          0          0  0.000e+00
  1025.8292     65.502     66.049    32.1136     3.6924          0          0  0.000e+00
  1025.8304     65.336     65.881    32.1160     3.6912          0          0  0.000e+00
  1025.8267     65.176     65.720    32.1122     3.6908          0          0  0.000e+00
  1025.8268     65.031     65.573    32.1130     3.6893          0          0  0.000e+00
  1025.8260     64.908     65.449    32.1126     3.6882          0          0  0.000e+00
  1025.8240     64.817     65.358    32.1104     3.6871          0          0  0.000e+00
  1025.8259     64.771     65.311    32.1129     3.6855          0          0  0.000e+00
  1025.8214     64.761     65.302    32.1072     3.6843          0          0  0.000e+00
  1025.8190     64.802     65.342    32.1036     3.6820          0          0  0.000e+00
  1025.8173     64.892     65.433    32.1005     3.6783          0          0  0.000e+00
  1025.8220     65.027     65.570    32.1052     3.6743          0          0  0.000e+00
  1025.8254     65.191     65.735    32.1081     3.6714          0          0  0.000e+00
  1025.8303     65.371     65.916    32.1131     3.6702          0          0  0.000e+00
  1025.8333     65.554     66.101    32.1158     3.6703          0          0  0.000e+00
  1025.8389     65.727     66.276    32.1219     3.6712          0          0  0.000e+00
  1025.8430     65.870     66.420    32.1264     3.6735          0          0  0.000e+00
  1025.8449     65.977     66.528    32.1286     3.6763          0          0  0.000e+00
  1025.8445     66.044     66.595    32.1279     3.6792          0          0  0.000e+00
  1025.8430     66.065     66.617    32.1262     3.6814          0          0  0.000e+00
  1025.8437     66.046     66.597    32.1274     3.6829          0          0  0.000e+00
  1025.8429     65.994     66.545    32.1270     3.6846          0          0  0.000e+00
  1025.8433     65.914     66.464    32.1282     3.6871          0          0  0.000e+00
  1025.8404     65.821     66.371    32.1255     3.6900          0          0  0.000e+00
  1025.8381     65.724     66.272    32.1235     3.6924          0          0  0.000e+00
  1025.8345     65.640     66.188    32.1195     3.6939          0          0  0.000e+00
  1025.8308     65.568     66.115    32.1153     3.6938          0          0  0.000e+00
  1025.8302     65.509     66.055    32.1147     3.6922          0          0  0.000e+00
  1025.8286     65.468     66.015    32.1127     3.6901          0          0  0.000e+00
  1025.8274     65.440     65.986    32.1111     3.6879          0          0  0.000e+00
  1025.8283     65.424     65.970    32.1121     3.6853          0          0  0.000e+00
  1025.8283     65.420     65.966    32.1119     3.6832          0          0  0.000e+00
  1025.8295     65.424     65.970    32.1130     3.6810          0          0  0.000e+00
  1025.8315     65.437     65.983    32.1153     3.6795          0          0  0.000e+00
  1025.8310     65.459     66.005    32.1144     3.6787          0          0  0.000e+00
  1025.8315     65.490     66.036    32.1148     3.6781          0          0  0.000e+00
  1025.8319     65.525     66.071    32.1150     3.6776          0          0  0.000e+00
  1025.8332     65.564     66.111    32.1164     3.6774          0          0  0.000e+00
  1025.8336     65.605     66.153    32.1167     3.6775          0          0  0.000e+00
  1025.8349     65.648     66.196    32.1181     3.6779          0          0  0.000e+00
  1025.8338     65.693     66.241    32.1166     3.6787          0          0  0.000e+00
  1025.8345     65.737     66.285    32.1172     3.6790          0          0  0.000e+00
  1025.8362     65.779     66.328    32.1191     3.6793          0          0  0.000e+00
  1025.8349     65.822     66.371    32.1173     3.6800          0          0  0.000e+00
  1025.8361     65.863     66.413    32.1186     3.6802          0          0  0.000e+00
  1025.8374     65.898     66.448    32.1201     3.6806          0          0  0.000e+00
  1025.8394     65.924     66.475    32.1225     3.6811          0          0  0.000e+00
  1025.8408     65.942     66.493    32.1243     3.6818          0          0  0.000e+00
  1025.8406     65.941     66.492    32.1241     3.6829          0          0  0.000e+00
  1025.8419     65.929     66.479    32.1259     3.6838          0          0  0.000e+00
  1025.8411     65.900     66.450    32.1253     3.6849          0          0  0.000e+00
  1025.8414     65.855     66.405    32.1261     3.6860          0          0  0.000e+00
  1025.8417     65.799     66.348    32.1269     3.6870          0          0  0.000e+00
  1025.8398     65.738     66.286    32.1250     3.6884          0          0  0.000e+00
  1025.8413     65.678     66.227    32.1274     3.6896          0          0  0.000e+00
  1025.8410     65.621     66.169    32.1276     3.6915          0          0  0.000e+00
  1025.8387     65.578     66.125    32.1252     3.6935          0          0  0.000e+00
  1025.8344     65.548     66.095    32.1201     3.6944          0          0  0.000e+00
  1025.8297     65.538     66.085    32.1141     3.6937          0          0  0.000e+00
  1025.8297     65.546     66.093    32.1137     3.6909          0          0  0.000e+00
  1025.8325     65.581     66.128    32.1167     3.6877          0          0  0.000e+00
