data/eDNA/PER-2021-171/171a016.cnv
* Sea-Bird SBE19plus  Data File:
* FileName = C:\Users\RSG_field\Ryan_2021_Perley\CTD\171a016.hex
* Software version 2.3.0 SB_Terminal.dll
* Temperature SN = 7141
* Conductivity SN = 7141
* System UpLoad Time = Aug 13 2021 10:19:32
* <ApplicationData>
* <SeatermAF>
** Platform: M. Perley
** Cruise: Per2021171
** Station:  ESI_04
** Cast: 01
** Latitude: N  44 45.211
** Longitude: W 62 5.872
** Sounding: 100
** Chief Scientist: Ryan Stanley
** Comment: 171a016
# nquan = 8
# nvalues = 3534                                  
# units = specified
# name 0 = density00: Density [density, kg/m^3]
# name 1 = depSM: Depth [salt water, m], lat = 45.00
# name 2 = prdM: Pressure, Strain Gauge [db]
# name 3 = sal00: Salinity, Practical [PSU]
# name 4 = tv290C: Temperature [ITS-90, deg C]
# name 5 = bpos: Bottle Position in Carousel
# name 6 = nbf: Bottles Fired
# name 7 = flag:  0.000e+00
# span 0 =   998.3440,  1026.4106                 
# span 1 =     -0.078,     96.723                 
# span 2 =     -0.079,     97.537                 
# span 3 =     0.0097,    32.6596                 
# span 4 =     3.1920,    19.3519                 
# span 5 =          0,          2                 
# span 6 =          0,          2                 
# span 7 = 0.0000e+00, 0.0000e+00                 
# interval = seconds: 0.25
# start_time = Aug 13 2021 13:01:14 [Instrument's time stamp, header]
# bad_flag = -9.990e-29
*END*
[from data line 3236]
  1025.0151     31.602     31.863    31.3718     4.3587          1          1  0.000e+00
  1025.0087     31.471     31.731    31.3657     4.3678          1          1  0.000e+00
  1025.0018     31.333     31.592    31.3590     4.3766          1          1  0.000e+00
  1024.9962     31.194     31.452    31.3536     4.3834          1          1  0.000e+00
  1024.9936     31.056     31.313    31.3517     4.3886          1          1  0.000e+00
  1024.9807     30.926     31.181    31.3371     4.3951          1          1  0.000e+00
  1024.9670     30.794     31.048    31.3213     4.4004          1          1  0.000e+00
  1024.9522     30.659     30.912    31.3037     4.4025          1          1  0.000e+00
  1024.9419     30.522     30.774    31.2912     4.4005          1          1  0.000e+00
  1024.9355     30.377     30.628    31.2835     4.3966          1          1  0.000e+00
  1024.9333     30.231     30.480    31.2812     4.3925          1          1  0.000e+00
  1024.9376     30.081     30.330    31.2872     4.3905          1          1  0.000e+00
  1024.9374     29.934     30.181    31.2880     4.3921          1          1  0.000e+00
  1024.9378     29.802     30.048    31.2896     4.3942          1          1  0.000e+00
  1024.9422     29.688     29.933    31.2963     4.3982          1          1  0.000e+00
  1024.9363     29.595     29.839    31.2909     4.4106          1          1  0.000e+00
  1024.9333     29.517     29.761    31.2898     4.4274          1          1  0.000e+00
  1024.9776     29.459     29.702    31.3488     4.4500          1          1  0.000e+00
  1025.0404     29.410     29.653    31.4345     4.4985          1          1  0.000e+00
  1025.0033     29.361     29.604    31.4001     4.5920          1          1  0.000e+00
  1024.9239     29.305     29.547    31.3116     4.6785          1          1  0.000e+00
  1024.9098     29.236     29.478    31.3012     4.7317          1          1  0.000e+00
  1024.8991     29.155     29.395    31.2938     4.7741          1          1  0.000e+00
  1024.8666     29.056     29.296    31.2588     4.8146          1          1  0.000e+00
  1024.8526     28.949     29.188    31.2453     4.8414          1          1  0.000e+00
  1024.8469     28.830     29.068    31.2414     4.8618          1          1  0.000e+00
  1024.8289     28.708     28.945    31.2223     4.8820          1          1  0.000e+00
  1024.8170     28.574     28.810    31.2096     4.8940          1          1  0.000e+00
  1024.8216     28.433     28.668    31.2169     4.8994          1          1  0.000e+00
  1024.8268     28.279     28.513    31.2255     4.9073          1          1  0.000e+00
  1024.8324     28.121     28.353    31.2354     4.9213          1          1  0.000e+00
  1024.8399     27.952     28.182    31.2486     4.9417          1          1  0.000e+00
  1024.8286     27.774     28.003    31.2390     4.9687          1          1  0.000e+00
  1024.8159     27.590     27.818    31.2276     4.9942          1          1  0.000e+00
  1024.8159     27.397     27.623    31.2315     5.0149          1          1  0.000e+00
  1024.8422     27.211     27.435    31.2689     5.0377          1          1  0.000e+00
  1024.8060     27.033     27.256    31.2294     5.0752          1          1  0.000e+00
  1024.8239     26.869     27.091    31.2568     5.1027          1          1  0.000e+00
  1024.8339     26.728     26.949    31.2751     5.1378          1          1  0.000e+00
  1024.8046     26.620     26.840    31.2448     5.1823          1          1  0.000e+00
  1024.7963     26.541     26.760    31.2396     5.2173          1          1  0.000e+00
  1024.7892     26.487     26.705    31.2353     5.2478          1          1  0.000e+00
  1024.8051     26.450     26.668    31.2599     5.2791          1          1  0.000e+00
  1024.8504     26.429     26.647    31.3233     5.3214          1          1  0.000e+00
  1024.9109     26.420     26.638    31.4112     5.4016          1          1  0.000e+00
  1024.8568     26.407     26.625    31.3596     5.5179          1          1  0.000e+00
  1024.8135     26.394     26.612    31.3197     5.6204          1          1  0.000e+00
  1024.7729     26.367     26.584    31.2804     5.7023          1          1  0.000e+00
  1024.7421     26.323     26.541    31.2508     5.7635          1          1  0.000e+00
  1024.7262     26.253     26.470    31.2376     5.8080          1          1  0.000e+00
  1024.7094     26.155     26.371    31.2224     5.8449          1          1  0.000e+00
  1024.6921     26.030     26.245    31.2055     5.8739          1          1  0.000e+00
  1024.6808     25.877     26.091    31.1951     5.8939          1          1  0.000e+00
  1024.6628     25.705     25.917    31.1753     5.9072          1          1  0.000e+00
  1024.6742     25.524     25.735    31.1916     5.9127          1          1  0.000e+00
  1024.6805     25.341     25.550    31.2024     5.9235          1          1  0.000e+00
  1024.6637     25.160     25.367    31.1850     5.9429          1          1  0.000e+00
  1024.6508     24.980     25.186    31.1721     5.9585          1          1  0.000e+00
  1024.6425     24.805     25.010    31.1639     5.9676          1          1  0.000e+00
  1024.6385     24.631     24.834    31.1607     5.9732          1          1  0.000e+00
  1024.6476     24.457     24.658    31.1742     5.9789          1          1  0.000e+00
  1024.6397     24.284     24.484    31.1673     5.9926          1          1  0.000e+00
  1024.6398     24.113     24.312    31.1708     6.0084          1          1  0.000e+00
  1024.6311     23.941     24.138    31.1644     6.0327          1          1  0.000e+00
  1024.6209     23.774     23.970    31.1573     6.0648          1          1  0.000e+00
  1024.6026     23.618     23.813    31.1404     6.0992          1          1  0.000e+00
  1024.5962     23.476     23.670    31.1377     6.1296          1          1  0.000e+00
  1024.5817     23.359     23.551    31.1246     6.1591          1          1  0.000e+00
  1024.5769     23.267     23.459    31.1231     6.1858          1          1  0.000e+00
  1024.5945     23.203     23.394    31.1499     6.2129          1          1  0.000e+00
  1024.6091     23.173     23.364    31.1758     6.2597          1          1  0.000e+00
  1024.5855     23.169     23.360    31.1568     6.3294          1          1  0.000e+00
  1024.6115     23.192     23.383    31.2011     6.4023          1          1  0.000e+00
  1024.5988     23.225     23.416    31.2010     6.5048          1          1  0.000e+00
  1024.5257     23.252     23.443    31.1272     6.6252          1          1  0.000e+00
  1024.4513     23.260     23.452    31.0481     6.7211          1          1  0.000e+00
  1024.3982     23.229     23.421    30.9899     6.7773          1          1  0.000e+00
  1024.3791     23.159     23.350    30.9699     6.8009          1          1  0.000e+00
  1024.3794     23.042     23.232    30.9728     6.8127          1          1  0.000e+00
  1024.3762     22.879     23.068    30.9719     6.8262          1          1  0.000e+00
  1024.3758     22.680     22.867    30.9747     6.8392          1          1  0.000e+00
  1024.3824     22.455     22.640    30.9867     6.8533          1          1  0.000e+00
  1024.3967     22.220     22.403    31.0093     6.8717          1          1  0.000e+00
  1024.4136     21.983     22.164    31.0372     6.9024          1          1  0.000e+00
  1024.3942     21.752     21.931    31.0216     6.9494          1          1  0.000e+00
  1024.3681     21.533     21.711    30.9974     6.9954          1          1  0.000e+00
  1024.3341     21.337     21.513    30.9618     7.0346          1          1  0.000e+00
  1024.3028     21.159     21.333    30.9284     7.0666          1          1  0.000e+00
  1024.2761     21.003     21.176    30.8994     7.0910          1          1  0.000e+00
  1024.2432     20.871     21.043    30.8613     7.1083          1          1  0.000e+00
  1024.2268     20.757     20.928    30.8442     7.1275          1          1  0.000e+00
  1024.2123     20.662     20.832    30.8308     7.1543          1          1  0.000e+00
  1024.2041     20.578     20.748    30.8244     7.1748          1          1  0.000e+00
  1024.2041     20.503     20.672    30.8277     7.1917          1          1  0.000e+00
  1024.2115     20.431     20.599    30.8405     7.2097          1          1  0.000e+00
  1024.3242     20.353     20.521    30.9888     7.2359          1          1  0.000e+00
  1024.4309     20.272     20.439    31.1394     7.3208          1          1  0.000e+00
  1024.4906     20.186     20.352    31.2447     7.4887          1          1  0.000e+00
  1024.4725     20.094     20.259    31.2609     7.7091          1          1  0.000e+00
  1024.4021     20.008     20.173    31.2113     7.9316          1          1  0.000e+00
  1024.4261     19.928     20.092    31.2778     8.1266          1          1  0.000e+00
  1024.3040     19.857     20.021    31.1593     8.3269          1          1  0.000e+00
  1024.4797     19.794     19.957    31.4144     8.4893          1          1  0.000e+00
  1024.3013     19.728     19.890    31.2280     8.7059          1          1  0.000e+00
  1024.3855     19.651     19.812    31.3725     8.8953          1          1  0.000e+00
  1024.5976     19.557     19.718    31.6864     9.1092          1          1  0.000e+00
  1024.4536     19.446     19.606    31.5708     9.4486          1          1  0.000e+00
  1024.3199     19.318     19.477    31.4641     9.7605          1          1  0.000e+00
  1024.3436     19.175     19.333    31.5466    10.0057          1          1  0.000e+00
  1024.2619     19.019     19.175    31.4946    10.2502          1          1  0.000e+00
  1024.1338     18.863     19.018    31.3811    10.4820          1          1  0.000e+00
  1024.1928     18.700     18.854    31.4970    10.6623          1          1  0.000e+00
  1024.3745     18.531     18.684    31.7786    10.8747          1          1  0.000e+00
  1024.3813     18.352     18.503    31.8600    11.1921          1          1  0.000e+00
  1024.1744     18.169     18.318    31.6744    11.5382          1          1  0.000e+00
  1024.0871     17.977     18.125    31.6282    11.8161          1          1  0.000e+00
  1024.0732     17.784     17.930    31.6657    12.0449          1          1  0.000e+00
  1024.1529     17.593     17.738    31.8264    12.2811          1          1  0.000e+00
  1023.9606     17.410     17.553    31.6473    12.5593          1          1  0.000e+00
  1023.9258     17.243     17.385    31.6573    12.7772          1          1  0.000e+00
  1023.8146     17.096     17.237    31.5593    12.9569          1          1  0.000e+00
  1023.8775     16.978     17.118    31.6767    13.0977          1          1  0.000e+00
  1023.8803     16.889     17.028    31.7283    13.2841          1          1  0.000e+00
  1023.8258     16.829     16.967    31.7124    13.4953          1          1  0.000e+00
  1023.9010     16.789     16.927    31.8619    13.6949          1          1  0.000e+00
  1023.8860     16.767     16.905    31.9084    13.9449          1          1  0.000e+00
  1023.9016     16.759     16.897    32.0046    14.2296          1          1  0.000e+00
  1023.7698     16.752     16.889    31.9211    14.5519          1          1  0.000e+00
  1023.5790     16.737     16.874    31.7489    14.8269          1          1  0.000e+00
  1023.4251     16.704     16.841    31.5978    15.0024          1          1  0.000e+00
  1023.3619     16.641     16.778    31.5428    15.0986          1          1  0.000e+00
  1023.3060     16.554     16.691    31.4849    15.1492          1          1  0.000e+00
  1023.3214     16.439     16.574    31.5108    15.1683          1          1  0.000e+00
  1023.3481     16.303     16.437    31.5529    15.1918          1          1  0.000e+00
  1023.3499     16.146     16.279    31.5674    15.2317          1          1  0.000e+00
  1023.3241     15.977     16.108    31.5487    15.2810          1          1  0.000e+00
  1023.3583     15.796     15.925    31.6061    15.3232          1          1  0.000e+00
  1023.3622     15.606     15.734    31.6305    15.3877          1          1  0.000e+00
  1023.3474     15.411     15.537    31.6341    15.4642          1          1  0.000e+00
  1023.3499     15.215     15.340    31.6604    15.5413          1          1  0.000e+00
  1023.3421     15.014     15.138    31.6783    15.6357          1          1  0.000e+00
  1023.3001     14.818     14.940    31.6550    15.7412          1          1  0.000e+00
  1023.2372     14.621     14.741    31.6028    15.8401          1          1  0.000e+00
  1023.1914     14.439     14.557    31.5676    15.9211          1          1  0.000e+00
  1023.1589     14.264     14.381    31.5462    15.9895          1          1  0.000e+00
  1023.1233     14.108     14.224    31.5178    16.0480          1          1  0.000e+00
  1023.1115     13.977     14.091    31.5169    16.0952          1          1  0.000e+00
  1023.0937     13.869     13.983    31.5090    16.1456          1          1  0.000e+00
  1023.0872     13.792     13.905    31.5184    16.2050          1          1  0.000e+00
  1023.0282     13.737     13.850    31.4640    16.2808          1          1  0.000e+00
  1022.9990     13.703     13.816    31.4446    16.3430          1          1  0.000e+00
  1023.1166     13.683     13.795    31.6202    16.4187          1          1  0.000e+00
  1022.9778     13.672     13.785    31.4954    16.6074          1          1  0.000e+00
  1022.8992     13.661     13.773    31.4438    16.7778          1          1  0.000e+00
  1022.7855     13.636     13.748    31.3402    16.9256          1          1  0.000e+00
  1022.7196     13.595     13.707    31.2845    17.0252          1          1  0.000e+00
  1022.6750     13.534     13.645    31.2468    17.0918          1          1  0.000e+00
  1022.6370     13.439     13.550    31.2116    17.1374          1          1  0.000e+00
  1022.6158     13.317     13.427    31.1924    17.1630          1          1  0.000e+00
  1022.6021     13.166     13.274    31.1801    17.1783          1          1  0.000e+00
  1022.6007     12.989     13.095    31.1822    17.1879          1          1  0.000e+00
  1022.5934     12.796     12.901    31.1765    17.1969          1          1  0.000e+00
  1022.5989     12.594     12.698    31.1872    17.2049          1          1  0.000e+00
  1022.5933     12.393     12.495    31.1863    17.2219          1          1  0.000e+00
  1022.5799     12.196     12.296    31.1773    17.2458          1          1  0.000e+00
  1022.5652     12.012     12.111    31.1671    17.2717          1          1  0.000e+00
  1022.5381     11.846     11.943    31.1422    17.3028          1          1  0.000e+00
  1022.5213     11.696     11.792    31.1283    17.3263          1          1  0.000e+00
  1022.4965     11.566     11.661    31.1040    17.3503          1          1  0.000e+00
  1022.4761     11.443     11.537    31.0855    17.3744          1          1  0.000e+00
  1022.4590     11.336     11.429    31.0713    17.3991          1          1  0.000e+00
  1022.4307     11.233     11.326    31.0426    17.4242          1          1  0.000e+00
  1022.3773     11.128     11.220    30.9842    17.4594          1          1  0.000e+00
  1022.3294     11.027     11.117    30.9340    17.4975          1          1  0.000e+00
  1022.2863     10.927     11.017    30.8891    17.5330          1          1  0.000e+00
  1022.2540     10.823     10.912    30.8575    17.5655          1          1  0.000e+00
  1022.2229     10.719     10.807    30.8249    17.5892          1          1  0.000e+00
  1022.1997     10.619     10.706    30.7994    17.6029          1          1  0.000e+00
  1022.1775     10.515     10.601    30.7764    17.6207          1          1  0.000e+00
