data/eDNA/PER-2021-171/171a001.cnv
* Sea-Bird SBE19plus  Data File:
* FileName = C:\Users\RSG_field\Ryan_2021_Perley\CTD\171a001.hex
* Software version 2.3.0 SB_Terminal.dll
* Temperature SN = 7141
* Conductivity SN = 7141
* System UpLoad Time = Aug 07 2021 19:51:33
* <ApplicationData>
* <SeatermAF>
** Platform: M. Perley
** Cruise: Per2021171
** Station:  1
** Cast: 01
** Latitude: N  44 27.0583
** Longitude: W 62 8.8382
** Sounding: 210
** Chief Scientist: Ryan Stanley
** Comment:
# nquan = 8
# nvalues = 5375                                  
# units = specified
# name 0 = density00: Density [density, kg/m^3]
# name 1 = depSM: Depth [salt water, m], lat = 45.00
# name 2 = prdM: Pressure, Strain Gauge [db]
# name 3 = sal00: Salinity, Practical [PSU]
# name 4 = tv290C: Temperature [ITS-90, deg C]
# name 5 = bpos: Bottle Position in Carousel
# name 6 = nbf: Bottles Fired
# name 7 = flag:  0.000e+00
# span 0 =   998.7110,  1027.7497                 
# span 1 =     -0.051,    191.116                 
# span 2 =     -0.051,    192.770                 
# span 3 =     0.0000,    35.2137                 
# span 4 =     3.0110,    17.4078                 
# span 5 =          0,          6                 
# span 6 =          0,          6                 
# span 7 = 0.0000e+00, 0.0000e+00                 
# interval = seconds: 0.25
# start_time = Aug 07 2021 18:23:24 [Instrument's time stamp, header]
# bad_flag = -9.990e-29
*END*
   998.7237     -0.043     -0.044     0.0088    17.3365          0          0  0.000e+00
   998.7236     -0.044     -0.045     0.0088    17.3368          0          0  0.000e+00
   998.7236     -0.042     -0.043     0.0089    17.3372          0          0  0.000e+00
   998.7236     -0.042     -0.043     0.0088    17.3369          0          0  0.000e+00
   998.7236     -0.041     -0.042     0.0088    17.3370          0          0  0.000e+00
   998.7235     -0.043     -0.044     0.0088    17.3373          0          0  0.000e+00
   998.7236     -0.044     -0.045     0.0088    17.3372          0          0  0.000e+00
   998.7235     -0.044     -0.045     0.0088    17.3372          0          0  0.000e+00
   998.7235     -0.047     -0.047     0.0088    17.3373          0          0  0.000e+00
   998.7235     -0.047     -0.047     0.0088    17.3373          0          0  0.000e+00
   998.7235     -0.046     -0.046     0.0088    17.3373          0          0  0.000e+00
   998.7235     -0.047     -0.047     0.0088    17.3375          0          0  0.000e+00
   998.7235     -0.044     -0.045     0.0088    17.3375          0          0  0.000e+00
   998.7236     -0.047     -0.047     0.0090    17.3374          0          0  0.000e+00
   998.7235     -0.046     -0.046     0.0089    17.3376          0          0  0.000e+00
   998.7234     -0.044     -0.045     0.0088    17.3378          0          0  0.000e+00
   998.7234     -0.044     -0.045     0.0088    17.3378          0          0  0.000e+00
   998.7234     -0.044     -0.045     0.0088    17.3378          0          0  0.000e+00
   998.7235     -0.047     -0.047     0.0088    17.3376          0          0  0.000e+00
   998.7234     -0.043     -0.044     0.0088    17.3378          0          0  0.000e+00
   998.7234     -0.047     -0.047     0.0089    17.3378          0          0  0.000e+00
   998.7234     -0.044     -0.045     0.0088    17.3382          0          0  0.000e+00
   998.7234     -0.046     -0.046     0.0089    17.3383          0          0  0.000e+00
   998.7234     -0.044     -0.045     0.0088    17.3383          0          0  0.000e+00
   998.7233     -0.044     -0.045     0.0088    17.3383          0          0  0.000e+00
   998.7234     -0.043     -0.044     0.0088    17.3383          0          0  0.000e+00
   998.7233     -0.044     -0.045     0.0088    17.3384          0          0  0.000e+00
   998.7233     -0.042     -0.043     0.0089    17.3385          0          0  0.000e+00
   998.7233     -0.045     -0.045     0.0088    17.3384          0          0  0.000e+00
   998.7233     -0.046     -0.046     0.0088    17.3386          0          0  0.000e+00
   998.7233     -0.046     -0.046     0.0088    17.3387          0          0  0.000e+00
   998.7233     -0.046     -0.046     0.0088    17.3388          0          0  0.000e+00
   998.7232     -0.046     -0.046     0.0088    17.3389          0          0  0.000e+00
   998.7233     -0.046     -0.046     0.0088    17.3388          0          0  0.000e+00
   998.7233     -0.046     -0.046     0.0088    17.3388          0          0  0.000e+00
   998.7233     -0.046     -0.046     0.0088    17.3388          0          0  0.000e+00
   998.7232     -0.046     -0.046     0.0088    17.3390          0          0  0.000e+00
   998.7232     -0.046     -0.046     0.0088    17.3389          0          0  0.000e+00
   998.7232     -0.045     -0.045     0.0088    17.3390          0          0  0.000e+00
   998.7232     -0.046     -0.046     0.0089    17.3391          0          0  0.000e+00
   998.7232     -0.046     -0.046     0.0088    17.3393          0          0  0.000e+00
   998.7231     -0.046     -0.046     0.0088    17.3394          0          0  0.000e+00
   998.7232     -0.046     -0.046     0.0088    17.3393          0          0  0.000e+00
   998.7231     -0.045     -0.045     0.0088    17.3396          0          0  0.000e+00
   998.7231     -0.047     -0.047     0.0088    17.3394          0          0  0.000e+00
   998.7231     -0.047     -0.047     0.0088    17.3394          0          0  0.000e+00
   998.7231     -0.047     -0.047     0.0088    17.3396          0          0  0.000e+00
   998.7231     -0.048     -0.048     0.0089    17.3397          0          0  0.000e+00
   998.7231     -0.046     -0.046     0.0088    17.3398          0          0  0.000e+00
   998.7230     -0.047     -0.047     0.0088    17.3401          0          0  0.000e+00
   998.7230     -0.048     -0.048     0.0088    17.3403          0          0  0.000e+00
   998.7230     -0.046     -0.046     0.0088    17.3403          0          0  0.000e+00
   998.7230     -0.047     -0.047     0.0088    17.3401          0          0  0.000e+00
   998.7230     -0.046     -0.046     0.0088    17.3403          0          0  0.000e+00
   998.7230     -0.045     -0.045     0.0088    17.3405          0          0  0.000e+00
   998.7230     -0.046     -0.046     0.0088    17.3405          0          0  0.000e+00
   998.7230     -0.047     -0.047     0.0089    17.3405          0          0  0.000e+00
   998.7229     -0.046     -0.046     0.0088    17.3407          0          0  0.000e+00
   998.7229     -0.048     -0.048     0.0088    17.3407          0          0  0.000e+00
   998.7229     -0.047     -0.047     0.0088    17.3407          0          0  0.000e+00
   998.7229     -0.047     -0.047     0.0088    17.3408          0          0  0.000e+00
   998.7229     -0.047     -0.047     0.0089    17.3409          0          0  0.000e+00
   998.7229     -0.046     -0.046     0.0088    17.3410          0          0  0.000e+00
   998.7228     -0.045     -0.045     0.0088    17.3413          0          0  0.000e+00
   998.7228     -0.046     -0.046     0.0088    17.3414          0          0  0.000e+00
   998.7228     -0.046     -0.046     0.0089    17.3416          0          0  0.000e+00
   998.7228     -0.047     -0.047     0.0088    17.3416          0          0  0.000e+00
   998.7228     -0.047     -0.047     0.0088    17.3415          0          0  0.000e+00
   998.7227     -0.048     -0.048     0.0089    17.3418          0          0  0.000e+00
   998.7227     -0.048     -0.048     0.0089    17.3420          0          0  0.000e+00
   998.7227     -0.048     -0.048     0.0088    17.3420          0          0  0.000e+00
   998.7227     -0.048     -0.048     0.0088    17.3421          0          0  0.000e+00
   998.7226     -0.047     -0.047     0.0088    17.3423          0          0  0.000e+00
   998.7226     -0.048     -0.048     0.0088    17.3423          0          0  0.000e+00
   998.7226     -0.046     -0.046     0.0088    17.3425          0          0  0.000e+00
   998.7226     -0.047     -0.047     0.0089    17.3425          0          0  0.000e+00
   998.7226     -0.048     -0.048     0.0089    17.3427          0          0  0.000e+00
   998.7226     -0.048     -0.048     0.0089    17.3427          0          0  0.000e+00
   998.7226     -0.048     -0.048     0.0088    17.3427          0          0  0.000e+00
   998.7225     -0.047     -0.047     0.0088    17.3428          0          0  0.000e+00
   998.7225     -0.047     -0.047     0.0089    17.3429          0          0  0.000e+00
   998.7225     -0.048     -0.048     0.0089    17.3432          0          0  0.000e+00
   998.7225     -0.048     -0.048     0.0089    17.3431          0          0  0.000e+00
   998.7225     -0.047     -0.047     0.0088    17.3432          0          0  0.000e+00
   998.7224     -0.046     -0.046     0.0088    17.3434          0          0  0.000e+00
   998.7224     -0.046     -0.046     0.0088    17.3435          0          0  0.000e+00
   998.7224     -0.046     -0.046     0.0088    17.3436          0          0  0.000e+00
   998.7224     -0.048     -0.048     0.0088    17.3436          0          0  0.000e+00
   998.7224     -0.046     -0.046     0.0088    17.3438          0          0  0.000e+00
   998.7223     -0.045     -0.045     0.0088    17.3441          0          0  0.000e+00
   998.7223     -0.043     -0.044     0.0088    17.3444          0          0  0.000e+00
   998.7222     -0.046     -0.046     0.0088    17.3446          0          0  0.000e+00
   998.7222     -0.046     -0.046     0.0088    17.3446          0          0  0.000e+00
   998.7222     -0.045     -0.045     0.0088    17.3449          0          0  0.000e+00
   998.7222     -0.045     -0.045     0.0089    17.3449          0          0  0.000e+00
   998.7221     -0.046     -0.046     0.0088    17.3453          0          0  0.000e+00
   998.7221     -0.046     -0.046     0.0089    17.3457          0          0  0.000e+00
   998.7220     -0.048     -0.048     0.0088    17.3459          0          0  0.000e+00
   998.7220     -0.046     -0.046     0.0088    17.3459          0          0  0.000e+00
   998.7219     -0.046     -0.046     0.0089    17.3464          0          0  0.000e+00
   998.7218     -0.048     -0.048     0.0088    17.3471          0          0  0.000e+00
   998.7216     -0.049     -0.049     0.0089    17.3479          0          0  0.000e+00
   998.7216     -0.048     -0.048     0.0088    17.3480          0          0  0.000e+00
   998.7215     -0.048     -0.048     0.0088    17.3485          0          0  0.000e+00
   998.7215     -0.049     -0.049     0.0088    17.3485          0          0  0.000e+00
   998.7215     -0.050     -0.050     0.0088    17.3487          0          0  0.000e+00
   998.7215     -0.048     -0.048     0.0089    17.3490          0          0  0.000e+00
   998.7214     -0.047     -0.047     0.0088    17.3493          0          0  0.000e+00
   998.7214     -0.049     -0.049     0.0089    17.3495          0          0  0.000e+00
   998.7213     -0.045     -0.045     0.0088    17.3499          0          0  0.000e+00
   998.7212     -0.049     -0.049     0.0088    17.3500          0          0  0.000e+00
   998.7212     -0.046     -0.046     0.0088    17.3503          0          0  0.000e+00
   998.7211     -0.046     -0.046     0.0088    17.3507          0          0  0.000e+00
   998.7211     -0.047     -0.047     0.0088    17.3512          0          0  0.000e+00
   998.7210     -0.048     -0.048     0.0088    17.3515          0          0  0.000e+00
   998.7210     -0.046     -0.046     0.0088    17.3518          0          0  0.000e+00
   998.7209     -0.047     -0.047     0.0089    17.3519          0          0  0.000e+00
   998.7209     -0.046     -0.046     0.0089    17.3522          0          0  0.000e+00
   998.7209     -0.047     -0.047     0.0089    17.3524          0          0  0.000e+00
   998.7208     -0.047     -0.047     0.0088    17.3525          0          0  0.000e+00
   998.7208     -0.048     -0.048     0.0088    17.3525          0          0  0.000e+00
   998.7208     -0.045     -0.045     0.0088    17.3527          0          0  0.000e+00
   998.7207     -0.047     -0.047     0.0089    17.3530          0          0  0.000e+00
   998.7207     -0.047     -0.047     0.0088    17.3530          0          0  0.000e+00
   998.7207     -0.047     -0.047     0.0089    17.3531          0          0  0.000e+00
   998.7207     -0.048     -0.048     0.0089    17.3534          0          0  0.000e+00
   998.7206     -0.049     -0.049     0.0089    17.3537          0          0  0.000e+00
   998.7205     -0.047     -0.047     0.0088    17.3541          0          0  0.000e+00
   998.7205     -0.050     -0.050     0.0089    17.3542          0          0  0.000e+00
   998.7205     -0.047     -0.047     0.0088    17.3543          0          0  0.000e+00
   998.7205     -0.048     -0.048     0.0088    17.3544          0          0  0.000e+00
   998.7205     -0.049     -0.049     0.0088    17.3545          0          0  0.000e+00
   998.7205     -0.047     -0.047     0.0089    17.3544          0          0  0.000e+00
   998.7204     -0.048     -0.048     0.0088    17.3547          0          0  0.000e+00
   998.7204     -0.048     -0.048     0.0088    17.3549          0          0  0.000e+00
   998.7204     -0.047     -0.047     0.0089    17.3551          0          0  0.000e+00
   998.7203     -0.047     -0.047     0.0089    17.3553          0          0  0.000e+00
   998.7203     -0.049     -0.049     0.0089    17.3555          0          0  0.000e+00
   998.7202     -0.048     -0.048     0.0088    17.3559          0          0  0.000e+00
   998.7202     -0.048     -0.048     0.0088    17.3560          0          0  0.000e+00
   998.7201     -0.047     -0.047     0.0089    17.3565          0          0  0.000e+00
   998.7201     -0.051     -0.051     0.0088    17.3567          0          0  0.000e+00
   998.7201     -0.049     -0.049     0.0088    17.3566          0          0  0.000e+00
   998.7200     -0.048     -0.048     0.0089    17.3569          0          0  0.000e+00
   998.7201     -0.048     -0.048     0.0089    17.3569          0          0  0.000e+00
   998.7200     -0.047     -0.047     0.0088    17.3571          0          0  0.000e+00
   998.7200     -0.048     -0.048     0.0089    17.3573          0          0  0.000e+00
   998.7200     -0.045     -0.045     0.0089    17.3574          0          0  0.000e+00
   998.7199     -0.046     -0.046     0.0089    17.3576          0          0  0.000e+00
   998.7199     -0.043     -0.044     0.0089    17.3580          0          0  0.000e+00
   998.7198     -0.046     -0.046     0.0089    17.3581          0          0  0.000e+00
   998.7197     -0.046     -0.046     0.0089    17.3589          0          0  0.000e+00
   998.7196     -0.048     -0.048     0.0089    17.3594          0          0  0.000e+00
   998.7195     -0.047     -0.047     0.0089    17.3598          0          0  0.000e+00
   998.7195     -0.047     -0.047     0.0089    17.3600          0          0  0.000e+00
   998.7194     -0.047     -0.047     0.0089    17.3603          0          0  0.000e+00
   998.7193     -0.048     -0.048     0.0089    17.3608          0          0  0.000e+00
   998.7193     -0.048     -0.048     0.0089    17.3610          0          0  0.000e+00
   998.7193     -0.046     -0.046     0.0089    17.3612          0          0  0.000e+00
   998.7192     -0.047     -0.047     0.0089    17.3615          0          0  0.000e+00
   998.7192     -0.047     -0.047     0.0089    17.3618          0          0  0.000e+00
   998.7190     -0.046     -0.046     0.0089    17.3626          0          0  0.000e+00
   998.7188     -0.048     -0.048     0.0089    17.3639          0          0  0.000e+00
   998.7186     -0.047     -0.047     0.0089    17.3650          0          0  0.000e+00
   998.7184     -0.049     -0.049     0.0089    17.3662          0          0  0.000e+00
   998.7183     -0.048     -0.048     0.0089    17.3669          0          0  0.000e+00
   998.7183     -0.047     -0.047     0.0089    17.3670          0          0  0.000e+00
   998.7182     -0.048     -0.048     0.0089    17.3671          0          0  0.000e+00
   998.7182     -0.049     -0.049     0.0089    17.3672          0          0  0.000e+00
   998.7182     -0.049     -0.049     0.0089    17.3672          0          0  0.000e+00
   998.7182     -0.047     -0.047     0.0088    17.3674          0          0  0.000e+00
   998.7182     -0.046     -0.046     0.0089    17.3675          0          0  0.000e+00
   998.7182     -0.047     -0.047     0.0089    17.3673          0          0  0.000e+00
   998.7181     -0.047     -0.047     0.0089    17.3677          0          0  0.000e+00
   998.7182     -0.046     -0.046     0.0089    17.3675          0          0  0.000e+00
   998.7181     -0.047     -0.047     0.0089    17.3677          0          0  0.000e+00
   998.7181     -0.048     -0.048     0.0089    17.3679          0          0  0.000e+00
   998.7180     -0.048     -0.048     0.0089    17.3685          0          0  0.000e+00
   998.7180     -0.047     -0.047     0.0089    17.3688          0          0  0.000e+00
