data/eDNA/PER-2021-171/171a006.cnv
* Sea-Bird SBE19plus  Data File:
* FileName = C:\Users\RSG_field\Ryan_2021_Perley\CTD\171a006.hex
* Software version 2.3.0 SB_Terminal.dll
* Temperature SN = 7141
* Conductivity SN = 7141
* System UpLoad Time = Aug 12 2021 16:14:41
* <ApplicationData>
* <SeatermAF>
** Platform: M. Perley
** Cruise: Per2021171
** Station:  GC_06
** Cast: 01 1
** Latitude: N  44 46.979
** Longitude: W 62 26.63
** Sounding: 22.1
** Chief Scientist: Ryan Stanley
** Comment: 171a006
# nquan = 8
# nvalues = 1914                                  
# units = specified
# name 0 = density00: Density [density, kg/m^3]
# name 1 = depSM: Depth [salt water, m], lat = 45.00
# name 2 = prdM: Pressure, Strain Gauge [db]
# name 3 = sal00: Salinity, Practical [PSU]
# name 4 = tv290C: Temperature [ITS-90, deg C]
# name 5 = bpos: Bottle Position in Carousel
# name 6 = nbf: Bottles Fired
# name 7 = flag:  0.000e+00
# span 0 =   998.2690,  1023.7603                 
# span 1 =     -0.078,     20.897                 
# span 2 =     -0.079,     21.069                 
# span 3 =     0.0089,    31.1200                 
# span 4 =     9.7329,    19.7279                 
# span 5 =          0,          3                 
# span 6 =          0,          3                 
# span 7 = 0.0000e+00, 0.0000e+00                 
# interval = seconds: 0.25
# start_time = Aug 12 2021 19:02:50 [Instrument's time stamp, header]
# bad_flag = -9.990e-29
*END*
[from data line 360]
  1021.6062      2.213      2.232    30.3599    18.5209          0          0  0.000e+00
  1021.5995      2.208      2.226    30.3534    18.5278          0          0  0.000e+00
  1021.5996      2.169      2.187    30.3544    18.5299          0          0  0.000e+00
  1021.6034      2.090      2.108    30.3589    18.5273          0          0  0.000e+00
  1021.6074      1.993      2.009    30.3634    18.5230          0          0  0.000e+00
  1021.6090      1.895      1.911    30.3650    18.5196          0          0  0.000e+00
  1021.6093      1.823      1.838    30.3654    18.5186          0          0  0.000e+00
  1021.6089      1.790      1.805    30.3650    18.5181          0          0  0.000e+00
  1021.6097      1.797      1.812    30.3654    18.5162          0          0  0.000e+00
  1021.6169      1.820      1.835    30.3739    18.5136          0          0  0.000e+00
  1021.6189      1.860      1.876    30.3768    18.5154          0          0  0.000e+00
  1021.6144      1.909      1.925    30.3727    18.5222          0          0  0.000e+00
  1021.6069      1.949      1.965    30.3656    18.5312          0          0  0.000e+00
  1021.6042      1.990      2.006    30.3628    18.5339          0          0  0.000e+00
  1021.6072      2.016      2.033    30.3654    18.5305          0          0  0.000e+00
  1021.6125      2.036      2.053    30.3704    18.5247          0          0  0.000e+00
  1021.6144      2.050      2.067    30.3725    18.5239          0          0  0.000e+00
  1021.6085      2.066      2.083    30.3670    18.5308          0          0  0.000e+00
  1021.6025      2.083      2.100    30.3612    18.5379          0          0  0.000e+00
  1021.5984      2.092      2.109    30.3569    18.5416          0          0  0.000e+00
  1021.5957      2.089      2.106    30.3542    18.5439          0          0  0.000e+00
  1021.5931      2.080      2.097    30.3509    18.5441          0          0  0.000e+00
  1021.5927      2.055      2.072    30.3501    18.5428          0          0  0.000e+00
  1021.5947      2.022      2.038    30.3521    18.5404          0          0  0.000e+00
  1021.5955      1.975      1.991    30.3528    18.5384          0          0  0.000e+00
  1021.5967      1.933      1.948    30.3538    18.5358          0          0  0.000e+00
  1021.5985      1.905      1.921    30.3557    18.5337          0          0  0.000e+00
  1021.6015      1.894      1.910    30.3587    18.5309          0          0  0.000e+00
  1021.6023      1.893      1.909    30.3591    18.5285          0          0  0.000e+00
  1021.5945      1.900      1.915    30.3476    18.5248          0          0  0.000e+00
  1021.5985      1.913      1.929    30.3484    18.5107          0          0  0.000e+00
  1021.6151      1.924      1.940    30.3630    18.4889          0          0  0.000e+00
  1021.6308      1.937      1.953    30.3770    18.4687          0          0  0.000e+00
  1021.6436      1.956      1.972    30.3884    18.4521          0          0  0.000e+00
  1021.6538      1.978      1.994    30.3971    18.4378          0          0  0.000e+00
  1021.6592      2.004      2.020    30.4001    18.4254          0          0  0.000e+00
  1021.6682      2.034      2.051    30.4070    18.4107          0          0  0.000e+00
  1021.6755      2.070      2.087    30.4144    18.4044          0          0  0.000e+00
  1021.6824      2.106      2.124    30.4289    18.4224          0          0  0.000e+00
  1021.6293      2.124      2.142    30.3764    18.4760          0          0  0.000e+00
  1021.6145      2.118      2.135    30.3671    18.5074          0          0  0.000e+00
  1021.5934      2.094      2.111    30.3499    18.5400          0          0  0.000e+00
  1021.5662      2.055      2.072    30.3237    18.5690          0          0  0.000e+00
  1021.5586      2.001      2.018    30.3170    18.5777          0          0  0.000e+00
  1021.5597      1.943      1.959    30.3191    18.5793          0          0  0.000e+00
  1021.5570      1.895      1.911    30.3181    18.5859          0          0  0.000e+00
  1021.5525      1.875      1.891    30.3158    18.5968          0          0  0.000e+00
  1021.5398      1.884      1.899    30.3037    18.6116          0          0  0.000e+00
  1021.5274      1.906      1.922    30.2906    18.6217          0          0  0.000e+00
  1021.5194      1.940      1.956    30.2811    18.6255          0          0  0.000e+00
  1021.5177      1.974      1.990    30.2735    18.6092          0          0  0.000e+00
  1021.5681      2.004      2.020    30.3206    18.5503          0          0  0.000e+00
  1021.5940      2.015      2.032    30.3440    18.5176          0          0  0.000e+00
  1021.6009      2.008      2.024    30.3502    18.5085          0          0  0.000e+00
  1021.6080      1.993      2.009    30.3582    18.5042          0          0  0.000e+00
  1021.6091      1.965      1.981    30.3627    18.5134          0          0  0.000e+00
  1021.5925      1.938      1.954    30.3493    18.5389          0          0  0.000e+00
  1021.5752      1.917      1.932    30.3344    18.5629          0          0  0.000e+00
  1021.5652      1.910      1.926    30.3277    18.5825          0          0  0.000e+00
  1021.5502      1.920      1.936    30.3147    18.6036          0          0  0.000e+00
  1021.5390      1.940      1.956    30.3064    18.6239          0          0  0.000e+00
  1021.5290      1.970      1.986    30.2984    18.6404          0          0  0.000e+00
  1021.5207      2.005      2.021    30.2909    18.6520          0          0  0.000e+00
  1021.5166      2.033      2.050    30.2877    18.6589          0          0  0.000e+00
  1021.5120      2.053      2.070    30.2829    18.6633          0          0  0.000e+00
  1021.5090      2.066      2.083    30.2793    18.6645          0          0  0.000e+00
  1021.5073      2.066      2.083    30.2766    18.6629          0          0  0.000e+00
  1021.5096      2.059      2.075    30.2786    18.6596          0          0  0.000e+00
  1021.5122      2.042      2.058    30.2810    18.6560          0          0  0.000e+00
  1021.5146      2.022      2.038    30.2836    18.6539          0          0  0.000e+00
  1021.5166      2.005      2.021    30.2860    18.6531          0          0  0.000e+00
  1021.5176      1.993      2.009    30.2874    18.6529          0          0  0.000e+00
  1021.5169      1.989      2.005    30.2868    18.6540          0          0  0.000e+00
  1021.5177      2.000      2.017    30.2878    18.6544          0          0  0.000e+00
  1021.5166      2.011      2.027    30.2863    18.6542          0          0  0.000e+00
  1021.5188      2.020      2.037    30.2878    18.6501          0          0  0.000e+00
  1021.5235      2.025      2.041    30.2921    18.6444          0          0  0.000e+00
  1021.5254      2.020      2.037    30.2937    18.6416          0          0  0.000e+00
  1021.5224      2.004      2.020    30.2904    18.6430          0          0  0.000e+00
  1021.5227      1.977      1.993    30.2913    18.6446          0          0  0.000e+00
  1021.5223      1.946      1.962    30.2913    18.6453          0          0  0.000e+00
  1021.5229      1.913      1.929    30.2923    18.6452          0          0  0.000e+00
  1021.5239      1.896      1.912    30.2933    18.6440          0          0  0.000e+00
  1021.5252      1.901      1.916    30.2948    18.6434          0          0  0.000e+00
  1021.5230      1.920      1.936    30.2925    18.6457          0          0  0.000e+00
  1021.5115      1.949      1.965    30.2787    18.6501          0          0  0.000e+00
  1021.5021      1.984      2.001    30.2651    18.6469          0          0  0.000e+00
  1021.5115      2.025      2.041    30.2711    18.6280          0          0  0.000e+00
  1021.5281      2.064      2.081    30.2846    18.6028          0          0  0.000e+00
  1021.5447      2.090      2.108    30.2988    18.5796          0          0  0.000e+00
  1021.5605      2.098      2.115    30.3136    18.5615          0          0  0.000e+00
  1021.5635      2.088      2.105    30.3154    18.5546          0          0  0.000e+00
  1021.5727      2.059      2.075    30.3245    18.5449          0          0  0.000e+00
  1021.5789      2.015      2.032    30.3320    18.5421          0          0  0.000e+00
  1021.5717      1.952      1.968    30.3266    18.5536          0          0  0.000e+00
  1021.5639      1.883      1.898    30.3206    18.5654          0          0  0.000e+00
  1021.5576      1.820      1.835    30.3158    18.5749          0          0  0.000e+00
  1021.5528      1.772      1.787    30.3123    18.5829          0          0  0.000e+00
  1021.5497      1.758      1.772    30.3105    18.5896          0          0  0.000e+00
  1021.5522      1.771      1.786    30.3160    18.5972          0          0  0.000e+00
  1021.5467      1.815      1.830    30.3132    18.6114          0          0  0.000e+00
  1021.5411      1.901      1.916    30.3117    18.6314          0          0  0.000e+00
  1021.5245      2.004      2.020    30.2970    18.6553          0          0  0.000e+00
  1021.4824      2.121      2.139    30.2451    18.6674          0          0  0.000e+00
  1021.5091      2.228      2.246    30.2650    18.6225          0          0  0.000e+00
  1021.5834      2.303      2.322    30.3349    18.5380          0          0  0.000e+00
  1021.6435      2.334      2.353    30.3912    18.4681          0          0  0.000e+00
  1021.6746      2.326      2.345    30.4192    18.4279          0          0  0.000e+00
  1021.6861      2.278      2.297    30.4297    18.4124          0          0  0.000e+00
  1021.6825      2.189      2.207    30.4274    18.4187          0          0  0.000e+00
  1021.6666      2.067      2.084    30.4143    18.4410          0          0  0.000e+00
  1021.6578      1.942      1.958    30.4085    18.4566          0          0  0.000e+00
  1021.6383      1.820      1.835    30.3924    18.4839          0          0  0.000e+00
  1021.6118      1.724      1.738    30.3693    18.5187          0          0  0.000e+00
  1021.5887      1.664      1.678    30.3488    18.5481          0          0  0.000e+00
  1021.5760      1.654      1.667    30.3393    18.5700          0          0  0.000e+00
  1021.5630      1.671      1.684    30.3294    18.5931          0          0  0.000e+00
  1021.5195      1.709      1.723    30.2802    18.6178          0          0  0.000e+00
  1021.5122      1.760      1.774    30.2699    18.6164          0          0  0.000e+00
  1021.5211      1.817      1.832    30.2743    18.5947          0          0  0.000e+00
  1021.5423      1.877      1.893    30.2917    18.5634          0          0  0.000e+00
  1021.5678      1.923      1.939    30.3136    18.5280          0          0  0.000e+00
  1021.5976      1.966      1.983    30.3408    18.4918          0          0  0.000e+00
  1021.6255      1.997      2.014    30.3685    18.4646          0          0  0.000e+00
  1021.6518      2.026      2.042    30.3954    18.4414          0          0  0.000e+00
  1021.6741      2.052      2.069    30.4175    18.4196          0          0  0.000e+00
  1021.6955      2.084      2.101    30.4402    18.4035          0          0  0.000e+00
  1021.7131      2.122      2.140    30.4592    18.3912          0          0  0.000e+00
  1021.7228      2.171      2.189    30.4685    18.3818          0          0  0.000e+00
  1021.7299      2.223      2.241    30.4758    18.3761          0          0  0.000e+00
  1021.7380      2.267      2.286    30.4849    18.3724          0          0  0.000e+00
  1021.7448      2.298      2.317    30.4923    18.3681          0          0  0.000e+00
  1021.7490      2.299      2.318    30.4965    18.3638          0          0  0.000e+00
  1021.7513      2.274      2.292    30.4985    18.3605          0          0  0.000e+00
  1021.7493      2.218      2.236    30.4960    18.3597          0          0  0.000e+00
  1021.7418      2.128      2.145    30.4874    18.3621          0          0  0.000e+00
  1021.7353      2.009      2.025    30.4815    18.3683          0          0  0.000e+00
  1021.7273      1.883      1.898    30.4744    18.3762          0          0  0.000e+00
  1021.7156      1.759      1.773    30.4621    18.3835          0          0  0.000e+00
  1021.7037      1.660      1.674    30.4512    18.3965          0          0  0.000e+00
  1021.6917      1.595      1.609    30.4390    18.4065          0          0  0.000e+00
  1021.6805      1.562      1.574    30.4268    18.4135          0          0  0.000e+00
  1021.6695      1.570      1.583    30.4141    18.4188          0          0  0.000e+00
  1021.6537      1.605      1.618    30.3937    18.4207          0          0  0.000e+00
  1021.6530      1.662      1.676    30.3938    18.4250          0          0  0.000e+00
  1021.6544      1.734      1.749    30.3940    18.4210          0          0  0.000e+00
  1021.6630      1.815      1.830    30.4025    18.4140          0          0  0.000e+00
  1021.6783      1.903      1.918    30.4185    18.4029          0          0  0.000e+00
  1021.6910      1.986      2.002    30.4313    18.3923          0          0  0.000e+00
  1021.7139      2.070      2.087    30.4585    18.3847          0          0  0.000e+00
  1021.7267      2.159      2.177    30.4724    18.3776          0          0  0.000e+00
  1021.7378      2.242      2.260    30.4844    18.3712          0          0  0.000e+00
  1021.7476      2.315      2.334    30.4951    18.3659          0          0  0.000e+00
  1021.7529      2.368      2.388    30.5000    18.3604          0          0  0.000e+00
  1021.7563      2.391      2.411    30.5031    18.3566          0          0  0.000e+00
  1021.7580      2.385      2.405    30.5047    18.3543          0          0  0.000e+00
  1021.7581      2.350      2.369    30.5048    18.3537          0          0  0.000e+00
  1021.7551      2.291      2.310    30.5013    18.3539          0          0  0.000e+00
  1021.7480      2.199      2.217    30.4935    18.3567          0          0  0.000e+00
  1021.7453      2.089      2.106    30.4919    18.3609          0          0  0.000e+00
  1021.7376      1.976      1.992    30.4837    18.3648          0          0  0.000e+00
  1021.7285      1.868      1.883    30.4740    18.3700          0          0  0.000e+00
  1021.7198      1.768      1.783    30.4654    18.3769          0          0  0.000e+00
  1021.7106      1.692      1.706    30.4563    18.3848          0          0  0.000e+00
  1021.6990      1.646      1.660    30.4443    18.3939          0          0  0.000e+00
  1021.6802      1.628      1.642    30.4254    18.4117          0          0  0.000e+00
  1021.6563      1.633      1.646    30.4012    18.4340          0          0  0.000e+00
  1021.6358      1.650      1.663    30.3802    18.4529          0          0  0.000e+00
  1021.6208      1.677      1.691    30.3666    18.4720          0          0  0.000e+00
  1021.6147      1.718      1.732    30.3643    18.4910          0          0  0.000e+00
  1021.5914      1.771      1.786    30.3431    18.5209          0          0  0.000e+00
  1021.5632      1.830      1.845    30.3134    18.5448          0          0  0.000e+00
  1021.5666      1.901      1.916    30.3160    18.5402          0          0  0.000e+00
  1021.5708      1.969      1.985    30.3180    18.5305          0          0  0.000e+00
  1021.5866      2.044      2.061    30.3318    18.5104          0          0  0.000e+00
  1021.6126      2.118      2.135    30.3572    18.4845          0          0  0.000e+00
  1021.6413      2.187      2.205    30.3823    18.4468          0          0  0.000e+00
  1021.6748      2.246      2.265    30.4167    18.4178          0          0  0.000e+00
  1021.6912      2.289      2.307    30.4320    18.3990          0          0  0.000e+00
