data/eDNA/PER-2021-171/171a023.cnv
* Sea-Bird SBE19plus  Data File:
* FileName = C:\Users\RSG_field\Ryan_2021_Perley\CTD\171a023.hex
* Software version 2.3.0 SB_Terminal.dll
* Temperature SN = 7141
* Conductivity SN = 7141
* System UpLoad Time = Aug 17 2021 17:32:49
* <ApplicationData>
* <SeatermAF>
** Platform: M. Perley
** Cruise: Per2021171
** Station:  SAB_08
** Cast: 01 1
** Latitude: N  46 10.928
** Longitude: W 59 09.745
** Sounding: 92.2
** Chief Scientist: Ryan Stanley
** Comment: 171a023
# nquan = 8
# nvalues = 3041                                  
# units = specified
# name 0 = density00: Density [density, kg/m^3]
# name 1 = depSM: Depth [salt water, m], lat = 45.00
# name 2 = prdM: Pressure, Strain Gauge [db]
# name 3 = sal00: Salinity, Practical [PSU]
# name 4 = tv290C: Temperature [ITS-90, deg C]
# name 5 = bpos: Bottle Position in Carousel
# name 6 = nbf: Bottles Fired
# name 7 = flag:  0.000e+00
# span 0 =   998.3155,  1026.3613                 
# span 1 =     -0.048,     83.329                 
# span 2 =     -0.049,     84.028                 
# span 3 =     0.0097,    32.5178                 
# span 4 =     2.2203,    20.0092                 
# span 5 =          0,          2                 
# span 6 =          0,          2                 
# span 7 = 0.0000e+00, 0.0000e+00                 
# interval = seconds: 0.25
# start_time = Aug 17 2021 19:41:53 [Instrument's time stamp, header]
# bad_flag = -9.990e-29
*END*
[from data line 1259]
  1025.2351     44.853     45.225    31.5748     4.3930          0          0  0.000e+00
  1025.2466     44.918     45.290    31.5855     4.3665          0          0  0.000e+00
  1025.2534     45.020     45.393    31.5904     4.3424          0          0  0.000e+00
  1025.2562     45.150     45.524    31.5902     4.3190          0          0  0.000e+00
  1025.2657     45.326     45.702    31.5981     4.2956          0          0  0.000e+00
  1025.2653     45.516     45.893    31.5938     4.2740          0          0  0.000e+00
  1025.2780     45.723     46.103    31.6055     4.2497          0          0  0.000e+00
  1025.2815     45.938     46.319    31.6060     4.2281          0          0  0.000e+00
  1025.2923     46.162     46.545    31.6155     4.2064          0          0  0.000e+00
  1025.2967     46.379     46.763    31.6173     4.1873          0          0  0.000e+00
  1025.2963     46.581     46.968    31.6132     4.1680          0          0  0.000e+00
  1025.3015     46.753     47.141    31.6159     4.1447          0          0  0.000e+00
  1025.2828     46.896     47.285    31.5881     4.1171          0          0  0.000e+00
  1025.3102     46.993     47.383    31.6169     4.0760          0          0  0.000e+00
  1025.3392     47.052     47.442    31.6487     4.0399          0          0  0.000e+00
  1025.3605     47.078     47.469    31.6728     4.0197          0          0  0.000e+00
  1025.3722     47.078     47.469    31.6866     4.0124          0          0  0.000e+00
  1025.3635     47.076     47.467    31.6756     4.0119          0          0  0.000e+00
  1025.3619     47.086     47.476    31.6731     4.0081          0          0  0.000e+00
  1025.3529     47.126     47.517    31.6608     4.0023          0          0  0.000e+00
  1025.3518     47.202     47.594    31.6576     3.9909          0          0  0.000e+00
  1025.3410     47.328     47.721    31.6415     3.9763          0          0  0.000e+00
  1025.3384     47.499     47.893    31.6344     3.9535          0          0  0.000e+00
  1025.3499     47.703     48.099    31.6442     3.9242          0          0  0.000e+00
  1025.3509     47.933     48.331    31.6407     3.8971          0          0  0.000e+00
  1025.3656     48.180     48.580    31.6541     3.8664          0          0  0.000e+00
  1025.3741     48.427     48.829    31.6594     3.8339          0          0  0.000e+00
  1025.3820     48.647     49.051    31.6641     3.8008          0          0  0.000e+00
  1025.4108     48.831     49.236    31.6952     3.7673          0          0  0.000e+00
  1025.4286     48.963     49.370    31.7142     3.7443          0          0  0.000e+00
  1025.4414     49.045     49.452    31.7280     3.7294          0          0  0.000e+00
  1025.4591     49.079     49.486    31.7491     3.7219          0          0  0.000e+00
  1025.4594     49.078     49.485    31.7498     3.7240          0          0  0.000e+00
  1025.4588     49.058     49.466    31.7497     3.7289          0          0  0.000e+00
  1025.4648     49.043     49.450    31.7580     3.7346          0          0  0.000e+00
  1025.4519     49.060     49.467    31.7430     3.7450          0          0  0.000e+00
  1025.4309     49.121     49.529    31.7168     3.7499          0          0  0.000e+00
  1025.4250     49.242     49.651    31.7077     3.7425          0          0  0.000e+00
  1025.4350     49.420     49.830    31.7176     3.7290          0          0  0.000e+00
  1025.4466     49.652     50.065    31.7295     3.7175          0          0  0.000e+00
  1025.4548     49.911     50.325    31.7375     3.7106          0          0  0.000e+00
  1025.4654     50.182     50.599    31.7487     3.7061          0          0  0.000e+00
  1025.4707     50.431     50.850    31.7534     3.7027          0          0  0.000e+00
  1025.4760     50.654     51.075    31.7585     3.7005          0          0  0.000e+00
  1025.4842     50.821     51.244    31.7678     3.6995          0          0  0.000e+00
  1025.4936     50.924     51.347    31.7792     3.7009          0          0  0.000e+00
  1025.4973     50.969     51.392    31.7840     3.7045          0          0  0.000e+00
  1025.4934     50.963     51.387    31.7797     3.7101          0          0  0.000e+00
  1025.4898     50.926     51.350    31.7761     3.7158          0          0  0.000e+00
  1025.4872     50.868     51.291    31.7738     3.7212          0          0  0.000e+00
  1025.4817     50.818     51.240    31.7677     3.7259          0          0  0.000e+00
  1025.4768     50.786     51.208    31.7620     3.7285          0          0  0.000e+00
  1025.4696     50.802     51.224    31.7530     3.7289          0          0  0.000e+00
  1025.4653     50.871     51.294    31.7467     3.7257          0          0  0.000e+00
  1025.4741     50.996     51.420    31.7562     3.7187          0          0  0.000e+00
  1025.4905     51.173     51.599    31.7751     3.7132          0          0  0.000e+00
  1025.4945     51.382     51.809    31.7788     3.7123          0          0  0.000e+00
  1025.5031     51.618     52.047    31.7883     3.7130          0          0  0.000e+00
  1025.5177     51.866     52.297    31.8055     3.7144          0          0  0.000e+00
  1025.5245     52.112     52.545    31.8127     3.7163          0          0  0.000e+00
  1025.5268     52.337     52.772    31.8145     3.7176          0          0  0.000e+00
  1025.5285     52.540     52.977    31.8155     3.7190          0          0  0.000e+00
  1025.5316     52.706     53.144    31.8185     3.7197          0          0  0.000e+00
  1025.5389     52.840     53.279    31.8269     3.7191          0          0  0.000e+00
  1025.5446     52.935     53.375    31.8332     3.7167          0          0  0.000e+00
  1025.5508     53.013     53.453    31.8403     3.7148          0          0  0.000e+00
  1025.5544     53.072     53.513    31.8443     3.7140          0          0  0.000e+00
  1025.5595     53.137     53.578    31.8503     3.7130          0          0  0.000e+00
  1025.5623     53.202     53.645    31.8531     3.7101          0          0  0.000e+00
  1025.5667     53.286     53.729    31.8577     3.7060          0          0  0.000e+00
  1025.5755     53.383     53.827    31.8677     3.7022          0          0  0.000e+00
  1025.5864     53.492     53.937    31.8806     3.7009          0          0  0.000e+00
  1025.5821     53.604     54.050    31.8746     3.7022          0          0  0.000e+00
  1025.5758     53.721     54.168    31.8656     3.6990          0          0  0.000e+00
  1025.5751     53.831     54.279    31.8631     3.6896          0          0  0.000e+00
  1025.5819     53.934     54.382    31.8693     3.6754          0          0  0.000e+00
  1025.5865     54.031     54.481    31.8725     3.6589          0          0  0.000e+00
  1025.5804     54.126     54.576    31.8620     3.6395          0          0  0.000e+00
  1025.5859     54.214     54.665    31.8651     3.6112          0          0  0.000e+00
  1025.5948     54.305     54.757    31.8719     3.5785          0          0  0.000e+00
  1025.6035     54.407     54.859    31.8783     3.5446          0          0  0.000e+00
  1025.6126     54.516     54.969    31.8850     3.5093          0          0  0.000e+00
  1025.6248     54.643     55.098    31.8955     3.4731          0          0  0.000e+00
  1025.6420     54.777     55.232    31.9120     3.4364          0          0  0.000e+00
  1025.6434     54.919     55.376    31.9093     3.4047          0          0  0.000e+00
  1025.6534     55.067     55.525    31.9172     3.3711          0          0  0.000e+00
  1025.6663     55.212     55.672    31.9287     3.3368          0          0  0.000e+00
  1025.6812     55.365     55.826    31.9431     3.3064          0          0  0.000e+00
  1025.6965     55.512     55.974    31.9587     3.2815          0          0  0.000e+00
  1025.7047     55.659     56.122    31.9659     3.2626          0          0  0.000e+00
  1025.7057     55.803     56.267    31.9645     3.2466          0          0  0.000e+00
  1025.7133     55.948     56.414    31.9714     3.2300          0          0  0.000e+00
  1025.7168     56.098     56.564    31.9734     3.2163          0          0  0.000e+00
  1025.7051     56.247     56.715    31.9564     3.2038          0          0  0.000e+00
  1025.6732     56.395     56.865    31.9132     3.1837          0          0  0.000e+00
  1025.6630     56.545     57.016    31.8955     3.1468          0          0  0.000e+00
  1025.6879     56.692     57.164    31.9206     3.0986          0          0  0.000e+00
  1025.7261     56.831     57.304    31.9632     3.0564          0          0  0.000e+00
  1025.7479     56.959     57.434    31.9869     3.0305          0          0  0.000e+00
  1025.7626     57.069     57.544    32.0029     3.0143          0          0  0.000e+00
  1025.7775     57.171     57.647    32.0199     3.0035          0          0  0.000e+00
  1025.7854     57.261     57.737    32.0288     2.9986          0          0  0.000e+00
  1025.7860     57.339     57.816    32.0288     2.9963          0          0  0.000e+00
  1025.7884     57.413     57.891    32.0310     2.9929          0          0  0.000e+00
  1025.7981     57.493     57.971    32.0422     2.9895          0          0  0.000e+00
  1025.8282     57.579     58.058    32.0793     2.9880          0          0  0.000e+00
  1025.8697     57.671     58.151    32.1318     2.9966          0          0  0.000e+00
  1025.8722     57.762     58.243    32.1369     3.0201          0          0  0.000e+00
  1025.8833     57.855     58.337    32.1532     3.0464          0          0  0.000e+00
  1025.8919     57.939     58.421    32.1666     3.0754          0          0  0.000e+00
  1025.8791     58.006     58.489    32.1537     3.1078          0          0  0.000e+00
  1025.8606     58.060     58.543    32.1331     3.1345          0          0  0.000e+00
  1025.8462     58.099     58.583    32.1167     3.1517          0          0  0.000e+00
  1025.8371     58.126     58.610    32.1062     3.1610          0          0  0.000e+00
  1025.8330     58.158     58.643    32.1014     3.1656          0          0  0.000e+00
  1025.8330     58.215     58.699    32.1013     3.1675          0          0  0.000e+00
  1025.8366     58.312     58.798    32.1054     3.1691          0          0  0.000e+00
  1025.8419     58.467     58.954    32.1114     3.1716          0          0  0.000e+00
  1025.8432     58.678     59.167    32.1122     3.1752          0          0  0.000e+00
  1025.8459     58.937     59.427    32.1144     3.1786          0          0  0.000e+00
  1025.8366     59.236     59.729    32.1010     3.1796          0          0  0.000e+00
  1025.8286     59.539     60.035    32.0884     3.1725          0          0  0.000e+00
  1025.8391     59.822     60.320    32.0981     3.1568          0          0  0.000e+00
  1025.8481     60.076     60.577    32.1061     3.1405          0          0  0.000e+00
  1025.8554     60.308     60.811    32.1122     3.1247          0          0  0.000e+00
  1025.8563     60.493     60.997    32.1103     3.1078          0          0  0.000e+00
  1025.8748     60.597     61.102    32.1308     3.0886          0          0  0.000e+00
  1025.8947     60.609     61.115    32.1544     3.0767          0          0  0.000e+00
  1025.9048     60.561     61.065    32.1674     3.0761          0          0  0.000e+00
  1025.9011     60.500     61.004    32.1637     3.0829          0          0  0.000e+00
  1025.8956     60.430     60.934    32.1581     3.0907          0          0  0.000e+00
  1025.8904     60.373     60.876    32.1526     3.0966          0          0  0.000e+00
  1025.8924     60.356     60.859    32.1558     3.1014          0          0  0.000e+00
  1025.8895     60.391     60.894    32.1528     3.1093          0          0  0.000e+00
  1025.8821     60.485     60.989    32.1439     3.1186          0          0  0.000e+00
  1025.8648     60.640     61.146    32.1221     3.1257          0          0  0.000e+00
  1025.8523     60.833     61.340    32.1049     3.1218          0          0  0.000e+00
  1025.9475     61.049     61.558    32.2213     3.1057          0          0  0.000e+00
  1026.0502     61.281     61.791    32.3506     3.1234          0          0  0.000e+00
  1026.0477     61.495     62.007    32.3534     3.1871          0          0  0.000e+00
  1026.0179     61.687     62.201    32.3223     3.2531          0          0  0.000e+00
  1025.9950     61.839     62.355    32.2984     3.3044          0          0  0.000e+00
  1025.9697     61.945     62.462    32.2701     3.3399          0          0  0.000e+00
  1025.9557     62.005     62.521    32.2546     3.3614          0          0  0.000e+00
  1025.9447     62.035     62.552    32.2420     3.3736          0          0  0.000e+00
  1025.9376     62.043     62.560    32.2337     3.3799          0          0  0.000e+00
  1025.9388     62.046     62.563    32.2355     3.3827          0          0  0.000e+00
  1025.9369     62.061     62.578    32.2333     3.3851          0          0  0.000e+00
  1025.9345     62.105     62.623    32.2303     3.3865          0          0  0.000e+00
  1025.9359     62.195     62.714    32.2314     3.3860          0          0  0.000e+00
  1025.9332     62.318     62.838    32.2272     3.3852          0          0  0.000e+00
  1025.9307     62.489     63.010    32.2226     3.3823          0          0  0.000e+00
  1025.9256     62.686     63.209    32.2144     3.3763          0          0  0.000e+00
  1025.9310     62.907     63.431    32.2189     3.3669          0          0  0.000e+00
  1025.9353     63.130     63.657    32.2219     3.3578          0          0  0.000e+00
  1025.9113     63.358     63.887    32.1894     3.3489          0          0  0.000e+00
  1025.9004     63.578     64.108    32.1719     3.3278          0          0  0.000e+00
  1025.8951     63.782     64.314    32.1603     3.2941          0          0  0.000e+00
  1025.8908     63.967     64.500    32.1493     3.2542          0          0  0.000e+00
  1025.9174     64.140     64.675    32.1766     3.2094          0          0  0.000e+00
  1025.9640     64.282     64.818    32.2303     3.1736          0          0  0.000e+00
  1025.9846     64.399     64.937    32.2536     3.1579          0          0  0.000e+00
  1025.9913     64.498     65.036    32.2610     3.1539          0          0  0.000e+00
  1025.9943     64.558     65.097    32.2645     3.1540          0          0  0.000e+00
  1025.9973     64.591     65.130    32.2683     3.1560          0          0  0.000e+00
  1025.9994     64.597     65.136    32.2713     3.1595          0          0  0.000e+00
  1025.9977     64.584     65.123    32.2697     3.1641          0          0  0.000e+00
  1025.9934     64.557     65.096    32.2650     3.1683          0          0  0.000e+00
  1025.9930     64.542     65.080    32.2648     3.1708          0          0  0.000e+00
  1025.9889     64.547     65.085    32.2598     3.1728          0          0  0.000e+00
  1025.9876     64.588     65.127    32.2580     3.1733          0          0  0.000e+00
  1025.9889     64.679     65.219    32.2590     3.1722          0          0  0.000e+00
  1025.9905     64.810     65.350    32.2601     3.1706          0          0  0.000e+00
  1025.9913     65.001     65.543    32.2597     3.1689          0          0  0.000e+00
  1025.9956     65.221     65.765    32.2633     3.1651          0          0  0.000e+00
  1026.0137     65.470     66.017    32.2839     3.1587          0          0  0.000e+00
  1026.0328     65.732     66.281    32.3060     3.1565          0          0  0.000e+00
  1026.0222     65.989     66.539    32.2916     3.1597          0          0  0.000e+00
  1026.0142     66.215     66.768    32.2794     3.1524          0          0  0.000e+00
