data/eDNA/PER-2021-171/171a007.cnv
* Sea-Bird SBE19plus  Data File:
* FileName = C:\Users\RSG_field\Ryan_2021_Perley\CTD\171a007.hex
* Software version 2.3.0 SB_Terminal.dll
* Temperature SN = 7141
* Conductivity SN = 7141
* System UpLoad Time = Aug 09 2021 17:37:39
* <ApplicationData>
* <SeatermAF>
** Platform: M. Perley
** Cruise: Per2021171
** Station:  ESI_06
** Cast: 01 01
** Latitude: N  44 49.384
** Longitude: W 62 29.060
** Sounding: 17.5
** Chief Scientist: Ryan Stanley
** Comment: 171a007
** Station shifted from original location due to navigational hazard
# nquan = 8
# nvalues = 2047                                  
# units = specified
# name 0 = density00: Density [density, kg/m^3]
# name 1 = depSM: Depth [salt water, m], lat = 45.00
# name 2 = prdM: Pressure, Strain Gauge [db]
# name 3 = sal00: Salinity, Practical [PSU]
# name 4 = tv290C: Temperature [ITS-90, deg C]
# name 5 = bpos: Bottle Position in Carousel
# name 6 = nbf: Bottles Fired
# name 7 = flag:  0.000e+00
# span 0 =   998.8200,  1023.8628                 
# span 1 =      0.020,     16.366                 
# span 2 =      0.021,     16.500                 
# span 3 =     0.0000,    30.9428                 
# span 4 =     8.7595,    17.5080                 
# span 5 =          0,          3                 
# span 6 =          0,          3                 
# span 7 = 0.0000e+00, 0.0000e+00                 
# interval = seconds: 0.25
# start_time = Aug 09 2021 20:24:03 [Instrument's time stamp, header]
# bad_flag = -9.990e-29
*END*
[from data line 1618]
  1023.7522     16.040     16.172    30.6222     9.0920          1          1  0.000e+00
  1023.7537     15.963     16.094    30.6259     9.0986          1          1  0.000e+00
  1023.7529     15.901     16.031    30.6267     9.1060          1          1  0.000e+00
  1023.7580     15.862     15.993    30.6351     9.1150          1          1  0.000e+00
  1023.7465     15.850     15.980    30.6230     9.1279          1          1  0.000e+00
  1023.7292     15.866     15.996    30.6029     9.1382          1          1  0.000e+00
  1023.7204     15.894     16.025    30.5912     9.1374          1          1  0.000e+00
  1023.7417     15.932     16.063    30.6169     9.1303          1          1  0.000e+00
  1023.7346     15.966     16.098    30.6081     9.1326          1          1  0.000e+00
  1023.7420     15.997     16.129    30.6175     9.1333          1          1  0.000e+00
  1023.7501     16.015     16.147    30.6288     9.1384          1          1  0.000e+00
  1023.7465     16.021     16.153    30.6264     9.1502          1          1  0.000e+00
  1023.7335     16.021     16.153    30.6121     9.1621          1          1  0.000e+00
  1023.7249     16.020     16.152    30.6020     9.1670          1          1  0.000e+00
  1023.7289     16.028     16.160    30.6070     9.1662          1          1  0.000e+00
  1023.7311     16.051     16.183    30.6096     9.1665          1          1  0.000e+00
  1023.7301     16.095     16.227    30.6085     9.1685          1          1  0.000e+00
  1023.7227     16.151     16.284    30.5990     9.1698          1          1  0.000e+00
  1023.7020     16.206     16.339    30.5714     9.1659          1          1  0.000e+00
  1023.6796     16.256     16.389    30.5385     9.1455          1          1  0.000e+00
  1023.6851     16.294     16.428    30.5375     9.1051          1          1  0.000e+00
  1023.7063     16.314     16.448    30.5556     9.0597          1          1  0.000e+00
  1023.7506     16.313     16.447    30.6049     9.0219          1          1  0.000e+00
  1023.7981     16.291     16.425    30.6634     9.0099          1          1  0.000e+00
  1023.7967     16.252     16.386    30.6658     9.0297          1          1  0.000e+00
  1023.7917     16.198     16.332    30.6652     9.0582          1          1  0.000e+00
  1023.7794     16.139     16.272    30.6556     9.0874          1          1  0.000e+00
  1023.7597     16.085     16.217    30.6359     9.1139          1          1  0.000e+00
  1023.7541     16.033     16.165    30.6321     9.1300          1          1  0.000e+00
  1023.7505     15.989     16.120    30.6305     9.1441          1          1  0.000e+00
  1023.7433     15.950     16.082    30.6243     9.1581          1          1  0.000e+00
  1023.7311     15.921     16.052    30.6112     9.1704          1          1  0.000e+00
  1023.6951     15.902     16.032    30.5663     9.1752          1          1  0.000e+00
  1023.6961     15.892     16.023    30.5639     9.1563          1          1  0.000e+00
  1023.7373     15.895     16.026    30.6119     9.1323          1          1  0.000e+00
  1023.7329     15.907     16.038    30.6056     9.1296          1          1  0.000e+00
  1023.7252     15.926     16.057    30.5954     9.1286          1          1  0.000e+00
  1023.7326     15.951     16.083    30.6033     9.1208          1          1  0.000e+00
  1023.7373     15.976     16.107    30.6080     9.1153          1          1  0.000e+00
  1023.7329     16.003     16.135    30.6018     9.1127          1          1  0.000e+00
  1023.7247     16.031     16.163    30.5901     9.1072          1          1  0.000e+00
  1023.7254     16.056     16.188    30.5884     9.0946          1          1  0.000e+00
  1023.7284     16.083     16.215    30.5890     9.0792          1          1  0.000e+00
  1023.7362     16.111     16.244    30.5958     9.0634          1          1  0.000e+00
  1023.7372     16.140     16.273    30.5940     9.0490          1          1  0.000e+00
  1023.7447     16.168     16.301    30.6006     9.0343          1          1  0.000e+00
  1023.7459     16.196     16.329    30.5995     9.0215          1          1  0.000e+00
  1023.7484     16.216     16.350    30.6001     9.0086          1          1  0.000e+00
  1023.7578     16.230     16.364    30.6093     8.9943          1          1  0.000e+00
  1023.7548     16.234     16.368    30.6032     8.9829          1          1  0.000e+00
  1023.7855     16.231     16.365    30.6404     8.9722          1          1  0.000e+00
  1023.7874     16.219     16.352    30.6439     8.9769          1          1  0.000e+00
  1023.7885     16.195     16.328    30.6475     8.9881          1          1  0.000e+00
  1023.7838     16.170     16.303    30.6444     9.0023          1          1  0.000e+00
  1023.7826     16.143     16.276    30.6458     9.0161          1          1  0.000e+00
  1023.7903     16.114     16.246    30.6586     9.0305          1          1  0.000e+00
  1023.7716     16.089     16.222    30.6389     9.0516          1          1  0.000e+00
  1023.7529     16.066     16.198    30.6180     9.0665          1          1  0.000e+00
  1023.7547     16.047     16.179    30.6210     9.0697          1          1  0.000e+00
  1023.7478     16.031     16.163    30.6127     9.0718          1          1  0.000e+00
  1023.7388     16.021     16.153    30.6006     9.0686          1          1  0.000e+00
  1023.7399     16.011     16.142    30.6002     9.0587          1          1  0.000e+00
  1023.7458     16.009     16.140    30.6058     9.0485          1          1  0.000e+00
  1023.7540     16.008     16.139    30.6148     9.0408          1          1  0.000e+00
  1023.7592     16.010     16.141    30.6207     9.0377          1          1  0.000e+00
  1023.7635     16.009     16.140    30.6264     9.0384          1          1  0.000e+00
  1023.7660     16.008     16.139    30.6304     9.0425          1          1  0.000e+00
  1023.7629     16.006     16.137    30.6278     9.0494          1          1  0.000e+00
  1023.7559     16.007     16.138    30.6200     9.0558          1          1  0.000e+00
  1023.7503     16.006     16.137    30.6134     9.0584          1          1  0.000e+00
  1023.7537     16.013     16.145    30.6175     9.0571          1          1  0.000e+00
  1023.7571     16.028     16.160    30.6217     9.0570          1          1  0.000e+00
  1023.7540     16.049     16.181    30.6181     9.0594          1          1  0.000e+00
  1023.7502     16.080     16.212    30.6133     9.0604          1          1  0.000e+00
  1023.7440     16.116     16.248    30.6048     9.0586          1          1  0.000e+00
  1023.7400     16.156     16.289    30.5981     9.0518          1          1  0.000e+00
  1023.7438     16.194     16.327    30.6006     9.0410          1          1  0.000e+00
  1023.7486     16.226     16.359    30.6045     9.0303          1          1  0.000e+00
  1023.7566     16.249     16.383    30.6128     9.0210          1          1  0.000e+00
  1023.7655     16.260     16.394    30.6232     9.0162          1          1  0.000e+00
  1023.7684     16.261     16.395    30.6270     9.0167          1          1  0.000e+00
  1023.7721     16.256     16.389    30.6324     9.0201          1          1  0.000e+00
  1023.7719     16.247     16.381    30.6336     9.0275          1          1  0.000e+00
  1023.7634     16.238     16.371    30.6244     9.0358          1          1  0.000e+00
  1023.7637     16.228     16.362    30.6257     9.0398          1          1  0.000e+00
  1023.7672     16.213     16.347    30.6310     9.0439          1          1  0.000e+00
  1023.7623     16.195     16.328    30.6263     9.0511          1          1  0.000e+00
  1023.7547     16.169     16.302    30.6177     9.0563          1          1  0.000e+00
  1023.7596     16.131     16.263    30.6245     9.0578          1          1  0.000e+00
  1023.7604     16.079     16.211    30.6266     9.0618          1          1  0.000e+00
  1023.7658     16.023     16.154    30.6350     9.0681          1          1  0.000e+00
  1023.7711     15.962     16.093    30.6445     9.0802          1          1  0.000e+00
  1023.7632     15.901     16.031    30.6382     9.0981          1          1  0.000e+00
  1023.7524     15.852     15.982    30.6279     9.1144          1          1  0.000e+00
  1023.7277     15.820     15.950    30.5986     9.1251          1          1  0.000e+00
  1023.7323     15.813     15.943    30.6043     9.1234          1          1  0.000e+00
  1023.7485     15.835     15.965    30.6242     9.1201          1          1  0.000e+00
  1023.7521     15.883     16.013    30.6299     9.1268          1          1  0.000e+00
  1023.7325     15.951     16.083    30.6065     9.1380          1          1  0.000e+00
  1023.7081     16.030     16.162    30.5748     9.1383          1          1  0.000e+00
  1023.7086     16.110     16.243    30.5714     9.1199          1          1  0.000e+00
  1023.7105     16.177     16.310    30.5690     9.0969          1          1  0.000e+00
  1023.7134     16.231     16.365    30.5674     9.0708          1          1  0.000e+00
  1023.7383     16.265     16.399    30.5934     9.0424          1          1  0.000e+00
  1023.7471     16.276     16.410    30.6013     9.0247          1          1  0.000e+00
  1023.7676     16.268     16.402    30.6253     9.0136          1          1  0.000e+00
  1023.7784     16.243     16.377    30.6394     9.0140          1          1  0.000e+00
  1023.7789     16.213     16.347    30.6420     9.0238          1          1  0.000e+00
  1023.7806     16.179     16.312    30.6471     9.0372          1          1  0.000e+00
  1023.7706     16.147     16.279    30.6377     9.0539          1          1  0.000e+00
  1023.7621     16.122     16.255    30.6295     9.0673          1          1  0.000e+00
  1023.7595     16.102     16.234    30.6282     9.0766          1          1  0.000e+00
  1023.7574     16.087     16.219    30.6273     9.0853          1          1  0.000e+00
  1023.7481     16.078     16.210    30.6172     9.0941          1          1  0.000e+00
  1023.7354     16.070     16.202    30.6018     9.0986          1          1  0.000e+00
  1023.7333     16.066     16.198    30.5983     9.0942          1          1  0.000e+00
  1023.7372     16.061     16.193    30.6019     9.0867          1          1  0.000e+00
  1023.7433     16.052     16.184    30.6084     9.0800          1          1  0.000e+00
  1023.7501     16.043     16.175    30.6166     9.0769          1          1  0.000e+00
  1023.7538     16.035     16.167    30.6216     9.0778          1          1  0.000e+00
  1023.7561     16.031     16.163    30.6254     9.0821          1          1  0.000e+00
  1023.7550     16.026     16.157    30.6252     9.0887          1          1  0.000e+00
  1023.7502     16.026     16.157    30.6204     9.0959          1          1  0.000e+00
  1023.7464     16.027     16.159    30.6167     9.1013          1          1  0.000e+00
  1023.7379     16.025     16.156    30.6063     9.1039          1          1  0.000e+00
  1023.7394     16.020     16.152    30.6080     9.1023          1          1  0.000e+00
  1023.7434     16.014     16.146    30.6128     9.1005          1          1  0.000e+00
  1023.7414     16.007     16.138    30.6103     9.1005          1          1  0.000e+00
  1023.7445     15.986     16.118    30.6142     9.0996          1          1  0.000e+00
  1023.7564     15.968     16.100    30.6299     9.1016          1          1  0.000e+00
  1023.7503     15.979     16.110    30.6238     9.1107          1          1  0.000e+00
  1023.7293     16.001     16.133    30.5982     9.1182          1          1  0.000e+00
  1023.7266     16.036     16.168    30.5937     9.1135          1          1  0.000e+00
  1023.7277     16.080     16.212    30.5928     9.1033          1          1  0.000e+00
  1023.7297     16.120     16.253    30.5929     9.0919          1          1  0.000e+00
  1023.7290     16.162     16.295    30.5895     9.0802          1          1  0.000e+00
  1023.7319     16.199     16.332    30.5901     9.0657          1          1  0.000e+00
  1023.7385     16.223     16.356    30.5955     9.0502          1          1  0.000e+00
  1023.7540     16.230     16.364    30.6127     9.0371          1          1  0.000e+00
  1023.7683     16.224     16.357    30.6301     9.0324          1          1  0.000e+00
  1023.7740     16.195     16.329    30.6386     9.0380          1          1  0.000e+00
  1023.7756     16.147     16.279    30.6432     9.0492          1          1  0.000e+00
  1023.7807     16.086     16.218    30.6532     9.0653          1          1  0.000e+00
  1023.7621     16.017     16.149    30.6341     9.0870          1          1  0.000e+00
  1023.7577     15.957     16.088    30.6315     9.1016          1          1  0.000e+00
  1023.7499     15.907     16.038    30.6243     9.1137          1          1  0.000e+00
  1023.7311     15.882     16.012    30.6021     9.1222          1          1  0.000e+00
  1023.7351     15.884     16.014    30.6070     9.1219          1          1  0.000e+00
  1023.7283     15.911     16.042    30.5980     9.1203          1          1  0.000e+00
  1023.7152     15.962     16.093    30.5793     9.1125          1          1  0.000e+00
  1023.7213     16.024     16.155    30.5835     9.0955          1          1  0.000e+00
  1023.7259     16.085     16.217    30.5856     9.0779          1          1  0.000e+00
  1023.7310     16.131     16.263    30.5885     9.0607          1          1  0.000e+00
  1023.7430     16.160     16.293    30.6004     9.0440          1          1  0.000e+00
  1023.7520     16.162     16.295    30.6096     9.0326          1          1  0.000e+00
  1023.7599     16.138     16.271    30.6187     9.0264          1          1  0.000e+00
  1023.7746     16.090     16.223    30.6377     9.0259          1          1  0.000e+00
  1023.7707     16.024     16.155    30.6349     9.0349          1          1  0.000e+00
  1023.7658     15.952     16.083    30.6309     9.0451          1          1  0.000e+00
  1023.7640     15.885     16.015    30.6307     9.0537          1          1  0.000e+00
  1023.7613     15.832     15.962    30.6292     9.0622          1          1  0.000e+00
  1023.7589     15.800     15.930    30.6280     9.0707          1          1  0.000e+00
  1023.7454     15.796     15.926    30.6124     9.0789          1          1  0.000e+00
  1023.7481     15.813     15.943    30.6161     9.0807          1          1  0.000e+00
  1023.7452     15.855     15.985    30.6123     9.0816          1          1  0.000e+00
  1023.7427     15.914     16.045    30.6088     9.0816          1          1  0.000e+00
  1023.7346     15.979     16.111    30.5975     9.0791          1          1  0.000e+00
  1023.7297     16.046     16.178    30.5892     9.0703          1          1  0.000e+00
  1023.7298     16.114     16.246    30.5861     9.0560          1          1  0.000e+00
  1023.7318     16.172     16.305    30.5849     9.0380          1          1  0.000e+00
  1023.7208     16.226     16.360    30.5663     9.0166          1          1  0.000e+00
  1023.7237     16.262     16.396    30.5637     8.9851          1          1  0.000e+00
  1023.7477     16.289     16.423    30.5874     8.9493          1          1  0.000e+00
  1023.7630     16.298     16.432    30.6017     8.9223          1          1  0.000e+00
  1023.7900     16.292     16.426    30.6327     8.9036          1          1  0.000e+00
  1023.8289     16.267     16.401    30.6823     8.9026          1          1  0.000e+00
  1023.8181     16.227     16.361    30.6736     8.9283          1          1  0.000e+00
  1023.8100     16.168     16.301    30.6691     8.9569          1          1  0.000e+00
  1023.7862     16.061     16.193    30.6444     8.9829          1          1  0.000e+00
