data/eDNA/PER-2021-171/171a028.cnv
* Sea-Bird SBE19plus  Data File:
* FileName = C:\Users\RSG_field\Ryan_2021_Perley\CTD\171a028.hex
* Software version 2.3.0 SB_Terminal.dll
* Temperature SN = 7141
* Conductivity SN = 7141
* System UpLoad Time = Aug 18 2021 08:41:33
* <ApplicationData>
* <SeatermAF>
** Platform: M. Perley
** Cruise: Per2021171
** Station:  GC-04
** Cast: 01 1
** Latitude: N  44 55.546
** Longitude: W 59 51.424
** Sounding: 50.9
** Chief Scientist: Ryan Stanley
** Comment: 171a028
** Used thruster to compensate for the tide drag
# nquan = 8
# nvalues = 2483                                  
# units = specified
# name 0 = density00: Density [density, kg/m^3]
# name 1 = depSM: Depth [salt water, m], lat = 45.00
# name 2 = prdM: Pressure, Strain Gauge [db]
# name 3 = sal00: Salinity, Practical [PSU]
# name 4 = tv290C: Temperature [ITS-90, deg C]
# name 5 = bpos: Bottle Position in Carousel
# name 6 = nbf: Bottles Fired
# name 7 = flag:  0.000e+00
# span 0 =   998.6355,  1023.4415                 
# span 1 =     -0.013,     50.077                 
# span 2 =     -0.013,     50.493                 
# span 3 =     0.0091,    30.4684                 
# span 4 =    11.2030,    19.0142                 
# span 5 =          0,          3                 
# span 6 =          0,          3                 
# span 7 = 0.0000e+00, 0.0000e+00                 
# interval = seconds: 0.25
# start_time = Aug 18 2021 11:28:11 [Instrument's time stamp, header]
# bad_flag = -9.990e-29
*END*
[from data line 1259]
  1022.2527     41.110     41.450    29.8771    14.8039          0          0  0.000e+00
  1022.2546     41.233     41.574    29.8770    14.7972          0          0  0.000e+00
  1022.2536     41.350     41.693    29.8729    14.7895          0          0  0.000e+00
  1022.2476     41.465     41.808    29.8615    14.7786          0          0  0.000e+00
  1022.2469     41.565     41.910    29.8547    14.7592          0          0  0.000e+00
  1022.2504     41.657     42.002    29.8514    14.7324          0          0  0.000e+00
  1022.2546     41.731     42.077    29.8478    14.7002          0          0  0.000e+00
  1022.2702     41.783     42.129    29.8576    14.6625          0          0  0.000e+00
  1022.2866     41.811     42.158    29.8692    14.6272          0          0  0.000e+00
  1022.3060     41.831     42.178    29.8863    14.5979          0          0  0.000e+00
  1022.3069     41.841     42.188    29.8819    14.5770          0          0  0.000e+00
  1022.2890     41.861     42.208    29.8519    14.5523          0          0  0.000e+00
  1022.2887     41.899     42.247    29.8390    14.5067          0          0  0.000e+00
  1022.3189     41.965     42.313    29.8614    14.4455          0          0  0.000e+00
  1022.3626     42.067     42.415    29.9032    14.3914          0          0  0.000e+00
  1022.3625     42.200     42.550    29.8936    14.3589          0          0  0.000e+00
  1022.3639     42.366     42.717    29.8850    14.3234          0          0  0.000e+00
  1022.3777     42.547     42.900    29.8893    14.2763          0          0  0.000e+00
  1022.4026     42.730     43.085    29.9075    14.2266          0          0  0.000e+00
  1022.4181     42.915     43.271    29.9154    14.1846          0          0  0.000e+00
  1022.4367     43.086     43.443    29.9284    14.1463          0          0  0.000e+00
  1022.4535     43.241     43.600    29.9406    14.1133          0          0  0.000e+00
  1022.4592     43.376     43.736    29.9398    14.0852          0          0  0.000e+00
  1022.4712     43.486     43.847    29.9473    14.0568          0          0  0.000e+00
  1022.4777     43.577     43.939    29.9481    14.0294          0          0  0.000e+00
  1022.4882     43.649     44.011    29.9539    14.0016          0          0  0.000e+00
  1022.4969     43.707     44.069    29.9575    13.9735          0          0  0.000e+00
  1022.5029     43.761     44.124    29.9580    13.9463          0          0  0.000e+00
  1022.4881     43.814     44.177    29.9302    13.9153          0          0  0.000e+00
  1022.4833     43.876     44.240    29.9106    13.8652          0          0  0.000e+00
  1022.4899     43.950     44.314    29.9001    13.7929          0          0  0.000e+00
  1022.5112     44.021     44.386    29.9040    13.7029          0          0  0.000e+00
  1022.5565     44.036     44.402    29.9373    13.6041          0          0  0.000e+00
  1022.6286     44.042     44.407    30.0091    13.5201          0          0  0.000e+00
  1022.6367     44.031     44.396    30.0077    13.4727          0          0  0.000e+00
  1022.6559     44.047     44.412    30.0210    13.4283          0          0  0.000e+00
  1022.6617     44.056     44.421    30.0176    13.3850          0          0  0.000e+00
  1022.7086     44.069     44.435    30.0668    13.3398          0          0  0.000e+00
  1022.7160     44.076     44.441    30.0708    13.3182          0          0  0.000e+00
  1022.7151     44.075     44.440    30.0657    13.3024          0          0  0.000e+00
  1022.7149     44.059     44.424    30.0601    13.2810          0          0  0.000e+00
  1022.7289     44.041     44.406    30.0717    13.2541          0          0  0.000e+00
  1022.7582     44.012     44.377    30.1043    13.2327          0          0  0.000e+00
  1022.7653     43.977     44.342    30.1129    13.2294          0          0  0.000e+00
  1022.7711     43.937     44.301    30.1224    13.2364          0          0  0.000e+00
  1022.7743     43.886     44.250    30.1305    13.2510          0          0  0.000e+00
  1022.7702     43.829     44.192    30.1313    13.2739          0          0  0.000e+00
  1022.7626     43.763     44.126    30.1287    13.3012          0          0  0.000e+00
  1022.7579     43.693     44.055    30.1306    13.3307          0          0  0.000e+00
  1022.7487     43.624     43.986    30.1276    13.3645          0          0  0.000e+00
  1022.7444     43.564     43.925    30.1317    13.4011          0          0  0.000e+00
  1022.7513     43.514     43.875    30.1522    13.4454          0          0  0.000e+00
  1022.7326     43.474     43.834    30.1437    13.5061          0          0  0.000e+00
  1022.7033     43.450     43.810    30.1230    13.5732          0          0  0.000e+00
  1022.6769     43.436     43.797    30.1048    13.6354          0          0  0.000e+00
  1022.6583     43.437     43.798    30.0951    13.6912          0          0  0.000e+00
  1022.6282     43.454     43.815    30.0697    13.7443          0          0  0.000e+00
  1022.6197     43.477     43.837    30.0701    13.7890          0          0  0.000e+00
  1022.5953     43.504     43.865    30.0504    13.8353          0          0  0.000e+00
  1022.5693     43.536     43.897    30.0264    13.8737          0          0  0.000e+00
  1022.5533     43.569     43.930    30.0121    13.8993          0          0  0.000e+00
  1022.5417     43.596     43.958    30.0015    13.9168          0          0  0.000e+00
  1022.5309     43.617     43.978    29.9901    13.9273          0          0  0.000e+00
  1022.5289     43.629     43.991    29.9884    13.9311          0          0  0.000e+00
  1022.5265     43.633     43.994    29.9859    13.9332          0          0  0.000e+00
  1022.5255     43.618     43.979    29.9846    13.9333          0          0  0.000e+00
  1022.5276     43.599     43.960    29.9872    13.9322          0          0  0.000e+00
  1022.5269     43.570     43.931    29.9865    13.9324          0          0  0.000e+00
  1022.5297     43.533     43.894    29.9904    13.9328          0          0  0.000e+00
  1022.5288     43.496     43.856    29.9901    13.9349          0          0  0.000e+00
  1022.5277     43.460     43.820    29.9896    13.9377          0          0  0.000e+00
  1022.5264     43.426     43.786    29.9887    13.9401          0          0  0.000e+00
  1022.5197     43.400     43.760    29.9806    13.9416          0          0  0.000e+00
  1022.5215     43.387     43.746    29.9823    13.9389          0          0  0.000e+00
  1022.5255     43.382     43.742    29.9868    13.9363          0          0  0.000e+00
  1022.5287     43.389     43.748    29.9911    13.9366          0          0  0.000e+00
  1022.5290     43.407     43.767    29.9922    13.9400          0          0  0.000e+00
  1022.5290     43.436     43.797    29.9933    13.9449          0          0  0.000e+00
  1022.5264     43.465     43.825    29.9912    13.9509          0          0  0.000e+00
  1022.5225     43.497     43.857    29.9875    13.9562          0          0  0.000e+00
  1022.5202     43.518     43.879    29.9852    13.9594          0          0  0.000e+00
  1022.5197     43.528     43.888    29.9851    13.9616          0          0  0.000e+00
  1022.5198     43.521     43.882    29.9857    13.9635          0          0  0.000e+00
  1022.5191     43.506     43.867    29.9854    13.9656          0          0  0.000e+00
  1022.5214     43.482     43.842    29.9892    13.9679          0          0  0.000e+00
  1022.5223     43.454     43.815    29.9917    13.9726          0          0  0.000e+00
  1022.5187     43.420     43.780    29.9891    13.9795          0          0  0.000e+00
  1022.5157     43.387     43.746    29.9871    13.9861          0          0  0.000e+00
  1022.5120     43.357     43.716    29.9839    13.9918          0          0  0.000e+00
  1022.5092     43.328     43.687    29.9817    13.9962          0          0  0.000e+00
  1022.5068     43.308     43.667    29.9794    13.9992          0          0  0.000e+00
  1022.5041     43.291     43.650    29.9764    14.0009          0          0  0.000e+00
  1022.5020     43.286     43.645    29.9737    14.0006          0          0  0.000e+00
  1022.5019     43.285     43.644    29.9730    13.9984          0          0  0.000e+00
  1022.5044     43.299     43.658    29.9753    13.9954          0          0  0.000e+00
  1022.5062     43.327     43.686    29.9770    13.9935          0          0  0.000e+00
  1022.5067     43.364     43.724    29.9772    13.9925          0          0  0.000e+00
  1022.5066     43.418     43.778    29.9766    13.9920          0          0  0.000e+00
  1022.5066     43.484     43.845    29.9760    13.9907          0          0  0.000e+00
  1022.4992     43.559     43.921    29.9653    13.9885          0          0  0.000e+00
  1022.4895     43.626     43.988    29.9500    13.9794          0          0  0.000e+00
  1022.4973     43.692     44.054    29.9546    13.9601          0          0  0.000e+00
  1022.5135     43.744     44.107    29.9698    13.9389          0          0  0.000e+00
  1022.5318     43.776     44.139    29.9902    13.9267          0          0  0.000e+00
  1022.5383     43.798     44.161    29.9985    13.9269          0          0  0.000e+00
  1022.5402     43.804     44.167    30.0026    13.9334          0          0  0.000e+00
  1022.5383     43.807     44.171    30.0028    13.9432          0          0  0.000e+00
  1022.5298     43.811     44.174    29.9950    13.9556          0          0  0.000e+00
  1022.5070     43.814     44.177    29.9673    13.9632          0          0  0.000e+00
  1022.4977     43.821     44.185    29.9531    13.9553          0          0  0.000e+00
  1022.4697     43.836     44.200    29.9107    13.9322          0          0  0.000e+00
  1022.4647     43.854     44.218    29.8895    13.8763          0          0  0.000e+00
  1022.5169     43.882     44.246    29.9372    13.7993          0          0  0.000e+00
  1022.5537     43.907     44.271    29.9698    13.7419          0          0  0.000e+00
  1022.5773     43.927     44.291    29.9904    13.7031          0          0  0.000e+00
  1022.5982     43.942     44.306    30.0105    13.6764          0          0  0.000e+00
  1022.6197     43.952     44.316    30.0346    13.6621          0          0  0.000e+00
  1022.6238     43.952     44.316    30.0401    13.6632          0          0  0.000e+00
  1022.5929     43.942     44.306    30.0009    13.6661          0          0  0.000e+00
  1022.6065     43.930     44.295    30.0135    13.6462          0          0  0.000e+00
  1022.6691     43.921     44.285    30.0911    13.6323          0          0  0.000e+00
  1022.6636     43.922     44.286    30.0926    13.6658          0          0  0.000e+00
  1022.5855     43.935     44.299    30.0031    13.7115          0          0  0.000e+00
  1022.5070     43.963     44.328    29.8986    13.7018          0          0  0.000e+00
  1022.5208     44.014     44.379    29.8974    13.6287          0          0  0.000e+00
  1022.5825     44.078     44.443    29.9527    13.5338          0          0  0.000e+00
  1022.6343     44.152     44.518    30.0013    13.4631          0          0  0.000e+00
  1022.5589     44.231     44.598    29.8899    13.4108          0          0  0.000e+00
  1022.6056     44.312     44.680    29.9203    13.2933          0          0  0.000e+00
  1022.6810     44.390     44.759    29.9865    13.1704          0          0  0.000e+00
  1022.7481     44.455     44.824    30.0495    13.0769          0          0  0.000e+00
  1022.8063     44.509     44.878    30.1103    13.0196          0          0  0.000e+00
  1022.8447     44.549     44.919    30.1548    12.9994          0          0  0.000e+00
  1022.9076     44.571     44.940    30.2402    13.0165          0          0  0.000e+00
  1022.9019     44.587     44.956    30.2503    13.0864          0          0  0.000e+00
  1022.8331     44.597     44.967    30.1835    13.1754          0          0  0.000e+00
  1022.7734     44.610     44.980    30.1216    13.2370          0          0  0.000e+00
  1022.6927     44.636     45.007    30.0236    13.2635          0          0  0.000e+00
  1022.6421     44.682     45.053    29.9480    13.2243          0          0  0.000e+00
  1022.6712     44.746     45.117    29.9607    13.1264          0          0  0.000e+00
  1022.7317     44.830     45.202    30.0117    13.0187          0          0  0.000e+00
  1022.7605     44.935     45.308    30.0262    12.9298          0          0  0.000e+00
  1022.7898     45.047     45.420    30.0425    12.8446          0          0  0.000e+00
  1022.8463     45.159     45.534    30.0949    12.7633          0          0  0.000e+00
  1022.8817     45.260     45.635    30.1258    12.7053          0          0  0.000e+00
  1022.9052     45.337     45.713    30.1459    12.6648          0          0  0.000e+00
  1022.9349     45.382     45.758    30.1770    12.6364          0          0  0.000e+00
  1022.9775     45.385     45.761    30.2297    12.6268          0          0  0.000e+00
  1022.9911     45.356     45.732    30.2531    12.6499          0          0  0.000e+00
  1022.9620     45.294     45.669    30.2271    12.6958          0          0  0.000e+00
  1022.9195     45.214     45.589    30.1815    12.7322          0          0  0.000e+00
  1022.8971     45.136     45.510    30.1553    12.7416          0          0  0.000e+00
  1022.8760     45.063     45.436    30.1261    12.7317          0          0  0.000e+00
  1022.8958     45.011     45.384    30.1450    12.7033          0          0  0.000e+00
  1022.9174     44.978     45.351    30.1677    12.6812          0          0  0.000e+00
  1022.9107     44.970     45.343    30.1567    12.6714          0          0  0.000e+00
  1022.9129     44.984     45.357    30.1560    12.6574          0          0  0.000e+00
  1022.9234     45.016     45.389    30.1654    12.6406          0          0  0.000e+00
  1022.9342     45.060     45.434    30.1759    12.6280          0          0  0.000e+00
  1022.9385     45.116     45.490    30.1796    12.6218          0          0  0.000e+00
  1022.9399     45.183     45.558    30.1802    12.6180          0          0  0.000e+00
  1022.9378     45.256     45.631    30.1763    12.6148          0          0  0.000e+00
  1022.9395     45.334     45.710    30.1767    12.6094          0          0  0.000e+00
  1022.9332     45.421     45.798    30.1664    12.6029          0          0  0.000e+00
  1022.9204     45.519     45.897    30.1460    12.5894          0          0  0.000e+00
  1022.9256     45.619     45.998    30.1452    12.5605          0          0  0.000e+00
  1022.9366     45.727     46.107    30.1505    12.5263          0          0  0.000e+00
  1022.9551     45.837     46.218    30.1656    12.4928          0          0  0.000e+00
  1022.9712     45.947     46.328    30.1789    12.4642          0          0  0.000e+00
  1022.9770     46.047     46.429    30.1804    12.4420          0          0  0.000e+00
  1022.9852     46.142     46.525    30.1850    12.4193          0          0  0.000e+00
  1022.9975     46.222     46.606    30.1951    12.3974          0          0  0.000e+00
  1023.0103     46.290     46.674    30.2069    12.3795          0          0  0.000e+00
  1023.0205     46.341     46.726    30.2170    12.3679          0          0  0.000e+00
  1023.0305     46.379     46.764    30.2284    12.3626          0          0  0.000e+00
  1023.0300     46.406     46.791    30.2278    12.3636          0          0  0.000e+00
  1023.0259     46.426     46.811    30.2231    12.3661          0          0  0.000e+00
  1023.0275     46.443     46.828    30.2249    12.3659          0          0  0.000e+00
  1023.0242     46.460     46.845    30.2207    12.3665          0          0  0.000e+00
