data/eDNA/PER-2021-171/171a024.cnv
* Sea-Bird SBE19plus  Data File:
* FileName = C:\Users\RSG_field\Ryan_2021_Perley\CTD\171a024.hex
* Software version 2.3.0 SB_Terminal.dll
* Temperature SN = 7141
* Conductivity SN = 7141
* System UpLoad Time = Aug 17 2021 18:59:49
* <ApplicationData>
* <SeatermAF>
** Platform: M. Perley
** Cruise: Per2021171
** Station:  SAB_09
** Cast: 01 1
** Latitude: N  46 5.293
** Longitude: W 59 11.953
** Sounding: 85.6
** Chief Scientist: Ryan Stanley
** Comment: 171a024
# nquan = 8
# nvalues = 3062                                  
# units = specified
# name 0 = density00: Density [density, kg/m^3]
# name 1 = depSM: Depth [salt water, m], lat = 45.00
# name 2 = prdM: Pressure, Strain Gauge [db]
# name 3 = sal00: Salinity, Practical [PSU]
# name 4 = tv290C: Temperature [ITS-90, deg C]
# name 5 = bpos: Bottle Position in Carousel
# name 6 = nbf: Bottles Fired
# name 7 = flag:  0.000e+00
# span 0 =   998.3966,  1026.1552                 
# span 1 =     -0.045,     73.917                 
# span 2 =     -0.045,     74.535                 
# span 3 =     0.0101,    32.3241                 
# span 4 =     2.3093,    19.4667                 
# span 5 =          0,          2                 
# span 6 =          0,          2                 
# span 7 = 0.0000e+00, 0.0000e+00                 
# interval = seconds: 0.25
# start_time = Aug 17 2021 21:10:27 [Instrument's time stamp, header]
# bad_flag = -9.990e-29
*END*
[from data line 1439]
  1025.8621     61.471     61.984    32.0381     2.3993          0          0  0.000e+00
  1025.8641     61.553     62.066    32.0401     2.3992          0          0  0.000e+00
  1025.8647     61.629     62.143    32.0405     2.3998          0          0  0.000e+00
  1025.8654     61.711     62.225    32.0410     2.4009          0          0  0.000e+00
  1025.8645     61.804     62.320    32.0393     2.4019          0          0  0.000e+00
  1025.8651     61.911     62.427    32.0395     2.4020          0          0  0.000e+00
  1025.8647     62.036     62.554    32.0383     2.4021          0          0  0.000e+00
  1025.8658     62.174     62.693    32.0388     2.4020          0          0  0.000e+00
  1025.8677     62.324     62.843    32.0403     2.4017          0          0  0.000e+00
  1025.8684     62.472     62.993    32.0404     2.4020          0          0  0.000e+00
  1025.8690     62.610     63.132    32.0403     2.4024          0          0  0.000e+00
  1025.8702     62.732     63.255    32.0411     2.4028          0          0  0.000e+00
  1025.8716     62.826     63.350    32.0424     2.4032          0          0  0.000e+00
  1025.8730     62.890     63.414    32.0437     2.4041          0          0  0.000e+00
  1025.8757     62.920     63.444    32.0472     2.4057          0          0  0.000e+00
  1025.8761     62.931     63.456    32.0479     2.4089          0          0  0.000e+00
  1025.8726     62.941     63.466    32.0438     2.4126          0          0  0.000e+00
  1025.8680     62.966     63.491    32.0382     2.4148          0          0  0.000e+00
  1025.8657     63.027     63.552    32.0349     2.4148          0          0  0.000e+00
  1025.8669     63.140     63.667    32.0356     2.4130          0          0  0.000e+00
  1025.8698     63.305     63.833    32.0380     2.4110          0          0  0.000e+00
  1025.8757     63.518     64.047    32.0440     2.4098          0          0  0.000e+00
  1025.8800     63.750     64.281    32.0481     2.4103          0          0  0.000e+00
  1025.8804     63.988     64.522    32.0473     2.4121          0          0  0.000e+00
  1025.8822     64.223     64.758    32.0483     2.4137          0          0  0.000e+00
  1025.8943     64.443     64.981    32.0624     2.4157          0          0  0.000e+00
  1025.9201     64.622     65.161    32.0944     2.4233          0          0  0.000e+00
  1025.9189     64.760     65.300    32.0938     2.4403          0          0  0.000e+00
  1025.9309     64.853     65.394    32.1100     2.4591          0          0  0.000e+00
  1025.9216     64.906     65.448    32.1002     2.4808          0          0  0.000e+00
  1025.9055     64.931     65.472    32.0817     2.4988          0          0  0.000e+00
  1025.8969     64.935     65.477    32.0719     2.5084          0          0  0.000e+00
  1025.8932     64.926     65.468    32.0678     2.5134          0          0  0.000e+00
  1025.8914     64.918     65.460    32.0660     2.5164          0          0  0.000e+00
  1025.8943     64.916     65.457    32.0698     2.5185          0          0  0.000e+00
  1025.8937     64.917     65.459    32.0693     2.5212          0          0  0.000e+00
  1025.8947     64.932     65.474    32.0707     2.5237          0          0  0.000e+00
  1025.8942     64.967     65.509    32.0701     2.5266          0          0  0.000e+00
  1025.8952     65.028     65.571    32.0713     2.5291          0          0  0.000e+00
  1025.9003     65.120     65.664    32.0774     2.5316          0          0  0.000e+00
  1025.9117     65.239     65.784    32.0915     2.5363          0          0  0.000e+00
  1025.9144     65.393     65.939    32.0947     2.5450          0          0  0.000e+00
  1025.9097     65.568     66.115    32.0887     2.5543          0          0  0.000e+00
  1025.9010     65.771     66.320    32.0771     2.5585          0          0  0.000e+00
  1025.9092     65.974     66.525    32.0855     2.5523          0          0  0.000e+00
  1025.9183     66.172     66.724    32.0945     2.5399          0          0  0.000e+00
  1025.9258     66.356     66.909    32.1017     2.5280          0          0  0.000e+00
  1025.9348     66.499     67.054    32.1111     2.5179          0          0  0.000e+00
  1025.9384     66.622     67.178    32.1141     2.5111          0          0  0.000e+00
  1025.9399     66.703     67.260    32.1150     2.5058          0          0  0.000e+00
  1025.9457     66.764     67.321    32.1214     2.5010          0          0  0.000e+00
  1025.9453     66.808     67.366    32.1204     2.4989          0          0  0.000e+00
  1025.9379     66.861     67.419    32.1105     2.4962          0          0  0.000e+00
  1025.9413     66.929     67.488    32.1137     2.4895          0          0  0.000e+00
  1025.9406     67.022     67.582    32.1116     2.4827          0          0  0.000e+00
  1025.9419     67.137     67.697    32.1119     2.4751          0          0  0.000e+00
  1025.9500     67.267     67.829    32.1205     2.4680          0          0  0.000e+00
  1025.9501     67.414     67.976    32.1193     2.4638          0          0  0.000e+00
  1025.9469     67.565     68.129    32.1140     2.4597          0          0  0.000e+00
  1025.9408     67.720     68.285    32.1048     2.4532          0          0  0.000e+00
  1025.9402     67.864     68.431    32.1021     2.4429          0          0  0.000e+00
  1025.9488     68.015     68.583    32.1108     2.4305          0          0  0.000e+00
  1025.9543     68.160     68.729    32.1159     2.4212          0          0  0.000e+00
  1025.9568     68.300     68.870    32.1175     2.4143          0          0  0.000e+00
  1025.9548     68.433     69.005    32.1136     2.4082          0          0  0.000e+00
  1025.9573     68.567     69.140    32.1151     2.3998          0          0  0.000e+00
  1025.9615     68.686     69.260    32.1187     2.3911          0          0  0.000e+00
  1025.9679     68.812     69.387    32.1253     2.3827          0          0  0.000e+00
  1025.9746     68.922     69.498    32.1323     2.3751          0          0  0.000e+00
  1025.9805     69.006     69.582    32.1387     2.3700          0          0  0.000e+00
  1025.9828     69.078     69.655    32.1408     2.3676          0          0  0.000e+00
  1025.9872     69.125     69.702    32.1460     2.3673          0          0  0.000e+00
  1025.9868     69.156     69.734    32.1455     2.3690          0          0  0.000e+00
  1025.9847     69.191     69.770    32.1428     2.3709          0          0  0.000e+00
  1025.9836     69.239     69.818    32.1413     2.3716          0          0  0.000e+00
  1025.9826     69.296     69.875    32.1396     2.3712          0          0  0.000e+00
  1025.9890     69.383     69.963    32.1468     2.3688          0          0  0.000e+00
  1026.0012     69.525     70.106    32.1608     2.3637          0          0  0.000e+00
  1026.0190     69.684     70.267    32.1813     2.3550          0          0  0.000e+00
  1026.0356     69.878     70.462    32.1999     2.3449          0          0  0.000e+00
  1026.0521     70.079     70.664    32.2185     2.3357          0          0  0.000e+00
  1026.0685     70.269     70.856    32.2371     2.3279          0          0  0.000e+00
  1026.0814     70.436     71.025    32.2517     2.3225          0          0  0.000e+00
  1026.0929     70.576     71.166    32.2649     2.3191          0          0  0.000e+00
  1026.0991     70.687     71.278    32.2719     2.3173          0          0  0.000e+00
  1026.1018     70.753     71.344    32.2748     2.3165          0          0  0.000e+00
  1026.1044     70.774     71.366    32.2779     2.3167          0          0  0.000e+00
  1026.1049     70.787     71.379    32.2785     2.3180          0          0  0.000e+00
  1026.1038     70.815     71.407    32.2772     2.3198          0          0  0.000e+00
  1026.1009     70.866     71.458    32.2734     2.3208          0          0  0.000e+00
  1026.1012     70.929     71.522    32.2733     2.3197          0          0  0.000e+00
  1026.1044     71.045     71.639    32.2765     2.3182          0          0  0.000e+00
  1026.1067     71.181     71.776    32.2784     2.3169          0          0  0.000e+00
  1026.1112     71.339     71.936    32.2830     2.3159          0          0  0.000e+00
  1026.1156     71.511     72.109    32.2874     2.3146          0          0  0.000e+00
  1026.1212     71.673     72.273    32.2933     2.3138          0          0  0.000e+00
  1026.1251     71.842     72.443    32.2971     2.3131          0          0  0.000e+00
  1026.1289     72.000     72.602    32.3009     2.3129          0          0  0.000e+00
  1026.1336     72.156     72.759    32.3058     2.3126          0          0  0.000e+00
  1026.1364     72.294     72.898    32.3085     2.3124          0          0  0.000e+00
  1026.1386     72.421     73.026    32.3105     2.3121          0          0  0.000e+00
  1026.1399     72.546     73.153    32.3113     2.3120          0          0  0.000e+00
  1026.1408     72.682     73.289    32.3117     2.3119          0          0  0.000e+00
  1026.1409     72.819     73.428    32.3110     2.3121          0          0  0.000e+00
  1026.1410     72.942     73.552    32.3104     2.3121          0          0  0.000e+00
  1026.1406     73.074     73.685    32.3091     2.3121          0          0  0.000e+00
  1026.1417     73.171     73.783    32.3098     2.3120          0          0  0.000e+00
  1026.1442     73.288     73.901    32.3123     2.3121          0          0  0.000e+00
  1026.1464     73.368     73.981    32.3146     2.3122          0          0  0.000e+00
  1026.1480     73.430     74.044    32.3163     2.3124          0          0  0.000e+00
  1026.1495     73.483     74.098    32.3179     2.3132          0          0  0.000e+00
  1026.1491     73.512     74.127    32.3174     2.3146          0          0  0.000e+00
  1026.1504     73.532     74.147    32.3190     2.3157          0          0  0.000e+00
  1026.1499     73.517     74.132    32.3186     2.3172          0          0  0.000e+00
  1026.1483     73.452     74.067    32.3171     2.3188          0          0  0.000e+00
  1026.1496     73.363     73.977    32.3194     2.3195          0          0  0.000e+00
  1026.1481     73.309     73.922    32.3179     2.3211          0          0  0.000e+00
  1026.1423     73.298     73.911    32.3109     2.3222          0          0  0.000e+00
  1026.1431     73.330     73.944    32.3116     2.3209          0          0  0.000e+00
  1026.1413     73.404     74.018    32.3086     2.3193          0          0  0.000e+00
  1026.1432     73.499     74.114    32.3103     2.3171          0          0  0.000e+00
  1026.1454     73.609     74.225    32.3122     2.3149          0          0  0.000e+00
  1026.1469     73.716     74.333    32.3133     2.3136          0          0  0.000e+00
  1026.1488     73.815     74.432    32.3150     2.3128          0          0  0.000e+00
  1026.1491     73.883     74.501    32.3149     2.3124          0          0  0.000e+00
  1026.1500     73.917     74.535    32.3158     2.3125          0          0  0.000e+00
  1026.1504     73.911     74.530    32.3165     2.3134          0          0  0.000e+00
  1026.1495     73.864     74.482    32.3157     2.3147          0          0  0.000e+00
  1026.1480     73.790     74.407    32.3145     2.3161          0          0  0.000e+00
  1026.1496     73.692     74.308    32.3172     2.3173          0          0  0.000e+00
  1026.1455     73.582     74.197    32.3129     2.3196          0          0  0.000e+00
  1026.1432     73.473     74.087    32.3108     2.3211          0          0  0.000e+00
  1026.1411     73.375     73.989    32.3089     2.3217          0          0  0.000e+00
  1026.1382     73.291     73.904    32.3057     2.3216          0          0  0.000e+00
  1026.1383     73.221     73.834    32.3061     2.3205          0          0  0.000e+00
  1026.1374     73.175     73.787    32.3053     2.3196          0          0  0.000e+00
  1026.1365     73.147     73.759    32.3042     2.3191          0          0  0.000e+00
  1026.1362     73.138     73.749    32.3038     2.3183          0          0  0.000e+00
  1026.1347     73.147     73.759    32.3018     2.3173          0          0  0.000e+00
  1026.1359     73.175     73.787    32.3030     2.3159          0          0  0.000e+00
  1026.1357     73.217     73.829    32.3024     2.3150          0          0  0.000e+00
  1026.1372     73.275     73.888    32.3038     2.3144          0          0  0.000e+00
  1026.1407     73.346     73.960    32.3078     2.3138          0          0  0.000e+00
  1026.1421     73.427     74.041    32.3090     2.3135          0          0  0.000e+00
  1026.1444     73.516     74.131    32.3113     2.3132          0          0  0.000e+00
  1026.1450     73.605     74.221    32.3115     2.3130          0          0  0.000e+00
  1026.1491     73.687     74.303    32.3161     2.3130          0          0  0.000e+00
  1026.1503     73.751     74.368    32.3173     2.3130          0          0  0.000e+00
  1026.1513     73.792     74.409    32.3182     2.3130          0          0  0.000e+00
  1026.1523     73.790     74.407    32.3195     2.3134          0          0  0.000e+00
  1026.1536     73.749     74.366    32.3215     2.3144          0          0  0.000e+00
  1026.1552     73.681     74.298    32.3241     2.3157          0          0  0.000e+00
  1026.1528     73.587     74.203    32.3219     2.3177          0          0  0.000e+00
  1026.1485     73.486     74.101    32.3172     2.3195          0          0  0.000e+00
  1026.1476     73.390     74.004    32.3168     2.3208          0          0  0.000e+00
  1026.1448     73.311     73.925    32.3138     2.3215          0          0  0.000e+00
  1026.1439     73.261     73.873    32.3131     2.3220          0          0  0.000e+00
  1026.1405     73.238     73.851    32.3089     2.3217          0          0  0.000e+00
  1026.1387     73.251     73.864    32.3064     2.3202          0          0  0.000e+00
  1026.1373     73.288     73.901    32.3043     2.3180          0          0  0.000e+00
  1026.1388     73.347     73.961    32.3055     2.3156          0          0  0.000e+00
  1026.1398     73.417     74.032    32.3062     2.3140          0          0  0.000e+00
  1026.1402     73.486     74.101    32.3063     2.3131          0          0  0.000e+00
  1026.1400     73.547     74.162    32.3056     2.3128          0          0  0.000e+00
  1026.1402     73.589     74.205    32.3055     2.3125          0          0  0.000e+00
  1026.1413     73.603     74.219    32.3068     2.3126          0          0  0.000e+00
  1026.1406     73.585     74.201    32.3062     2.3131          0          0  0.000e+00
  1026.1399     73.539     74.155    32.3055     2.3137          0          0  0.000e+00
  1026.1400     73.470     74.085    32.3061     2.3143          0          0  0.000e+00
  1026.1414     73.396     74.010    32.3085     2.3154          0          0  0.000e+00
  1026.1385     73.321     73.934    32.3055     2.3175          0          0  0.000e+00
  1026.1353     73.256     73.869    32.3020     2.3187          0          0  0.000e+00
  1026.1346     73.209     73.821    32.3014     2.3189          0          0  0.000e+00
  1026.1338     73.180     73.792    32.3005     2.3186          0          0  0.000e+00
  1026.1327     73.167     73.779    32.2992     2.3179          0          0  0.000e+00
  1026.1344     73.173     73.785    32.3012     2.3168          0          0  0.000e+00
  1026.1410     73.187     73.800    32.3092     2.3153          0          0  0.000e+00
  1026.1443     73.213     73.825    32.3130     2.3141          0          0  0.000e+00
