data/eDNA/PER-2021-171/171a010.cnv
* Sea-Bird SBE19plus  Data File:
* FileName = C:\Users\RSG_field\Ryan_2021_Perley\CTD\171a010.hex
* Software version 2.3.0 SB_Terminal.dll
* Temperature SN = 7141
* Conductivity SN = 7141
* System UpLoad Time = Aug 11 2021 14:25:42
* <ApplicationData>
* <SeatermAF>
** Platform: M. Perley
** Cruise: Per2021171
** Station:  ESI_14
** Cast: 01 1
** Latitude: N  44 36.483
** Longitude: W 62 55.281
** Sounding: 26.3
** Chief Scientist: Ryan Stanley
** Comment: 171a010
# nquan = 8
# nvalues = 2311                                  
# units = specified
# name 0 = density00: Density [density, kg/m^3]
# name 1 = depSM: Depth [salt water, m], lat = 45.00
# name 2 = prdM: Pressure, Strain Gauge [db]
# name 3 = sal00: Salinity, Practical [PSU]
# name 4 = tv290C: Temperature [ITS-90, deg C]
# name 5 = bpos: Bottle Position in Carousel
# name 6 = nbf: Bottles Fired
# name 7 = flag:  0.000e+00
# span 0 =   998.6161,  1024.8359                 
# span 1 =     -0.044,     34.328                 
# span 2 =     -0.044,     34.612                 
# span 3 =     0.0000,    31.8823                 
# span 4 =     6.0358,    18.7791                 
# span 5 =          0,          4                 
# span 6 =          0,          4                 
# span 7 = 0.0000e+00, 0.0000e+00                 
# interval = seconds: 0.25
# start_time = Aug 11 2021 16:39:50 [Instrument's time stamp, header]
# bad_flag = -9.990e-29
*END*
[from data line 2158]
  1021.9131      0.017      0.017    30.7619    18.4808          4          4  0.000e+00
  1016.3137     -0.012     -0.013    23.4161    18.4795          4          4  0.000e+00
  1001.8633     -0.009     -0.009     4.3965    18.4768          4          4  0.000e+00
  1001.6279     -0.010     -0.010     4.0852    18.4696          4          4  0.000e+00
  1000.8880     -0.010     -0.010     3.1109    18.4597          4          4  0.000e+00
   999.0688     -0.010     -0.010     0.7240    18.4451          4          4  0.000e+00
   998.9090     -0.011     -0.012     0.5116    18.4295          4          4  0.000e+00
   999.7675     -0.011     -0.011     1.6291    18.4095          4          4  0.000e+00
  1016.4218     -0.011     -0.011    23.5289    18.3833          4          4  0.000e+00
  1021.1134     -0.010     -0.010    29.6706    18.3423          4          4  0.000e+00
  1020.9502     -0.011     -0.011    29.4379    18.2823          4          4  0.000e+00
  1021.2656     -0.011     -0.011    29.8396    18.2459          4          4  0.000e+00
  1021.3196     -0.009     -0.009    29.8983    18.2079          4          4  0.000e+00
  1021.2694     -0.011     -0.011    29.8238    18.1801          4          4  0.000e+00
  1021.2147     -0.010     -0.010    29.7471    18.1634          4          4  0.000e+00
  1020.1808     -0.011     -0.011    28.3897    18.1531          4          4  0.000e+00
  1011.2048     -0.009     -0.009    16.5996    18.1429          4          4  0.000e+00
  1009.4231     -0.014     -0.014    14.2512    18.1283          4          4  0.000e+00
  1005.8665     -0.011     -0.011     9.5680    18.1193          4          4  0.000e+00
  1001.0374     -0.009     -0.009     3.2184    18.1120          4          4  0.000e+00
  1003.0527     -0.012     -0.013     5.8628    18.1036          4          4  0.000e+00
  1003.9447     -0.012     -0.013     7.0331    18.0941          4          4  0.000e+00
  1004.4366     -0.012     -0.013     7.6767    18.0816          4          4  0.000e+00
  1005.5816     -0.010     -0.010     9.1779    18.0627          4          4  0.000e+00
  1005.6249     -0.010     -0.010     9.2289    18.0400          4          4  0.000e+00
  1005.2187     -0.013     -0.014     8.6882    18.0163          4          4  0.000e+00
  1004.5217     -0.013     -0.014     7.7653    17.9930          4          4  0.000e+00
  1004.3526     -0.012     -0.013     7.5372    17.9709          4          4  0.000e+00
  1004.0472     -0.012     -0.013     7.1305    17.9514          4          4  0.000e+00
  1003.7197     -0.012     -0.013     6.6953    17.9332          4          4  0.000e+00
  1001.0713     -0.012     -0.013     3.2135    17.9154          4          4  0.000e+00
   998.8877     -0.012     -0.013     0.3537    17.8973          4          4  0.000e+00
   998.6191     -0.015     -0.015     0.0000    17.8785          4          4  0.000e+00
   998.6225     -0.010     -0.010     0.0000    17.8599          4          4  0.000e+00
   998.6259     -0.013     -0.014     0.0000    17.8414          4          4  0.000e+00
   998.6294     -0.012     -0.013     0.0000    17.8221          4          4  0.000e+00
   998.6331     -0.012     -0.013     0.0000    17.8023          4          4  0.000e+00
   998.6439     -0.012     -0.013     0.0092    17.7821          4          4  0.000e+00
   998.6475     -0.011     -0.011     0.0091    17.7617          4          4  0.000e+00
   998.6512     -0.010     -0.010     0.0091    17.7411          4          4  0.000e+00
   998.6551     -0.011     -0.011     0.0091    17.7202          4          4  0.000e+00
   998.6588     -0.013     -0.014     0.0090    17.6990          4          4  0.000e+00
   998.6627     -0.011     -0.011     0.0090    17.6776          4          4  0.000e+00
   998.6666     -0.012     -0.013     0.0090    17.6560          4          4  0.000e+00
   998.6705     -0.012     -0.013     0.0090    17.6346          4          4  0.000e+00
   998.6744     -0.011     -0.011     0.0089    17.6127          4          4  0.000e+00
   998.6785     -0.012     -0.013     0.0090    17.5907          4          4  0.000e+00
   998.6824     -0.011     -0.011     0.0090    17.5689          4          4  0.000e+00
   998.6864     -0.009     -0.009     0.0091    17.5467          4          4  0.000e+00
   998.6834     -0.010     -0.010     0.0000    17.5245          4          4  0.000e+00
   998.6874     -0.012     -0.012     0.0000    17.5022          4          4  0.000e+00
   998.6914     -0.011     -0.011     0.0000    17.4801          4          4  0.000e+00
   998.6953     -0.010     -0.010     0.0000    17.4581          4          4  0.000e+00
   998.6992     -0.012     -0.012     0.0000    17.4366          4          4  0.000e+00
   998.7029     -0.012     -0.012     0.0000    17.4157          4          4  0.000e+00
   998.7066     -0.010     -0.010     0.0000    17.3949          4          4  0.000e+00
   998.7102     -0.012     -0.012     0.0000    17.3749          4          4  0.000e+00
   998.7136     -0.011     -0.011     0.0000    17.3554          4          4  0.000e+00
   998.7170     -0.011     -0.011     0.0000    17.3363          4          4  0.000e+00
   998.7204     -0.011     -0.011     0.0000    17.3176          4          4  0.000e+00
   998.7237     -0.012     -0.012     0.0000    17.2989          4          4  0.000e+00
   998.7268     -0.011     -0.011     0.0000    17.2809          4          4  0.000e+00
   998.7300     -0.011     -0.011     0.0000    17.2631          4          4  0.000e+00
   998.7330     -0.011     -0.011     0.0000    17.2461          4          4  0.000e+00
   998.7359     -0.012     -0.012     0.0000    17.2296          4          4  0.000e+00
   998.7388     -0.009     -0.009     0.0000    17.2134          4          4  0.000e+00
   998.7416     -0.012     -0.012     0.0000    17.1975          4          4  0.000e+00
   998.7442     -0.010     -0.010     0.0000    17.1823          4          4  0.000e+00
   998.7470     -0.011     -0.011     0.0000    17.1666          4          4  0.000e+00
   998.7497     -0.010     -0.010     0.0000    17.1514          4          4  0.000e+00
   998.7523     -0.010     -0.010     0.0000    17.1363          4          4  0.000e+00
   998.7549     -0.010     -0.010     0.0000    17.1214          4          4  0.000e+00
   998.7576     -0.009     -0.009     0.0000    17.1064          4          4  0.000e+00
   998.7602     -0.010     -0.010     0.0000    17.0912          4          4  0.000e+00
   998.7628     -0.011     -0.011     0.0000    17.0762          4          4  0.000e+00
   998.7655     -0.009     -0.009     0.0000    17.0613          4          4  0.000e+00
   998.7680     -0.010     -0.010     0.0000    17.0465          4          4  0.000e+00
   998.7706     -0.011     -0.011     0.0000    17.0317          4          4  0.000e+00
   998.7732     -0.011     -0.011     0.0000    17.0168          4          4  0.000e+00
   998.7757     -0.010     -0.010     0.0000    17.0023          4          4  0.000e+00
   998.7783     -0.011     -0.011     0.0000    16.9874          4          4  0.000e+00
   998.7808     -0.010     -0.010     0.0000    16.9732          4          4  0.000e+00
   998.7833     -0.011     -0.011     0.0000    16.9587          4          4  0.000e+00
   998.7925     -0.010     -0.010     0.0088    16.9445          4          4  0.000e+00
   998.7950     -0.009     -0.009     0.0087    16.9303          4          4  0.000e+00
   998.7973     -0.010     -0.010     0.0087    16.9164          4          4  0.000e+00
   998.7998     -0.010     -0.010     0.0087    16.9025          4          4  0.000e+00
   998.8021     -0.012     -0.012     0.0087    16.8888          4          4  0.000e+00
   998.8045     -0.011     -0.011     0.0087    16.8747          4          4  0.000e+00
   998.8069     -0.010     -0.010     0.0087    16.8608          4          4  0.000e+00
   998.8093     -0.008     -0.008     0.0087    16.8471          4          4  0.000e+00
   998.8117     -0.009     -0.009     0.0087    16.8332          4          4  0.000e+00
   998.8140     -0.011     -0.011     0.0086    16.8194          4          4  0.000e+00
   998.8163     -0.008     -0.008     0.0086    16.8059          4          4  0.000e+00
   998.8186     -0.010     -0.010     0.0086    16.7925          4          4  0.000e+00
   998.8209     -0.009     -0.009     0.0086    16.7791          4          4  0.000e+00
   998.8232     -0.010     -0.010     0.0086    16.7658          4          4  0.000e+00
   998.8255     -0.009     -0.009     0.0086    16.7524          4          4  0.000e+00
   998.8277     -0.010     -0.010     0.0086    16.7391          4          4  0.000e+00
   998.8300     -0.011     -0.011     0.0086    16.7260          4          4  0.000e+00
   998.8322     -0.010     -0.010     0.0086    16.7132          4          4  0.000e+00
   998.8343     -0.011     -0.011     0.0086    16.7006          4          4  0.000e+00
   998.8364     -0.009     -0.009     0.0086    16.6882          4          4  0.000e+00
   998.8385     -0.009     -0.009     0.0086    16.6758          4          4  0.000e+00
  1001.1204     -0.010     -0.010     2.9776    16.6635          4          4  0.000e+00
  1004.5550     -0.010     -0.010     7.4706    16.6517          4          4  0.000e+00
  1004.6237     -0.012     -0.012     7.5586    16.6437          4          4  0.000e+00
  1005.4696     -0.010     -0.010     8.6689    16.6500          4          4  0.000e+00
  1004.3975     -0.010     -0.010     7.2660    16.6594          4          4  0.000e+00
  1004.5896     -0.013     -0.013     7.5197    16.6673          4          4  0.000e+00
  1003.6779     -0.013     -0.013     6.3270    16.6755          4          4  0.000e+00
  1003.9126     -0.011     -0.011     6.6363    16.6835          4          4  0.000e+00
  1004.6026     -0.012     -0.012     7.5425    16.6911          4          4  0.000e+00
  1003.4984     -0.010     -0.010     6.0967    16.6958          4          4  0.000e+00
  1002.6124     -0.010     -0.010     4.9372    16.6988          4          4  0.000e+00
  1001.7049     -0.010     -0.010     3.7501    16.6998          4          4  0.000e+00
  1002.3648     -0.010     -0.010     4.6134    16.7000          4          4  0.000e+00
  1002.2150     -0.011     -0.011     4.4170    16.6987          4          4  0.000e+00
  1001.9518     -0.010     -0.010     4.0723    16.6969          4          4  0.000e+00
  1001.8130     -0.011     -0.011     3.8900    16.6941          4          4  0.000e+00
  1001.6672     -0.012     -0.012     3.6988    16.6914          4          4  0.000e+00
  1001.5174     -0.012     -0.012     3.5022    16.6883          4          4  0.000e+00
  1001.2915     -0.012     -0.012     3.2061    16.6847          4          4  0.000e+00
  1000.4723     -0.011     -0.011     2.1353    16.6807          4          4  0.000e+00
   999.4440     -0.012     -0.012     0.7946    16.6762          4          4  0.000e+00
   999.2433     -0.011     -0.011     0.5327    16.6721          4          4  0.000e+00
   999.1136     -0.011     -0.011     0.3634    16.6680          4          4  0.000e+00
   999.0878     -0.011     -0.011     0.3289    16.6637          4          4  0.000e+00
   999.1147     -0.010     -0.010     0.3628    16.6590          4          4  0.000e+00
   999.0946     -0.012     -0.012     0.3356    16.6542          4          4  0.000e+00
   999.0557     -0.011     -0.011     0.2841    16.6493          4          4  0.000e+00
   999.0142     -0.010     -0.010     0.2292    16.6444          4          4  0.000e+00
   998.9774     -0.011     -0.011     0.1804    16.6394          4          4  0.000e+00
   998.9833     -0.012     -0.012     0.1870    16.6346          4          4  0.000e+00
   999.0266     -0.011     -0.011     0.2420    16.6296          4          4  0.000e+00
   999.0431     -0.011     -0.011     0.2623    16.6244          4          4  0.000e+00
   999.0768     -0.012     -0.012     0.3048    16.6191          4          4  0.000e+00
   999.1603     -0.012     -0.012     0.4120    16.6138          4          4  0.000e+00
   999.4673     -0.012     -0.012     0.8095    16.6080          4          4  0.000e+00
  1001.8242     -0.013     -0.013     3.8834    16.6022          4          4  0.000e+00
  1005.4066     -0.014     -0.014     8.5732    16.5962          4          4  0.000e+00
  1000.9119     -0.012     -0.012     2.6887    16.5906          4          4  0.000e+00
  1000.4535     -0.011     -0.011     2.0891    16.5851          4          4  0.000e+00
  1000.4144     -0.013     -0.013     2.0370    16.5800          4          4  0.000e+00
  1000.3337     -0.010     -0.010     1.9310    16.5768          4          4  0.000e+00
  1000.1563     -0.011     -0.011     1.6993    16.5750          4          4  0.000e+00
   999.7580     -0.013     -0.013     1.1803    16.5744          4          4  0.000e+00
   999.6048     -0.012     -0.012     0.9811    16.5748          4          4  0.000e+00
  1000.7170     -0.010     -0.010     2.4307    16.5757          4          4  0.000e+00
  1005.5737     -0.011     -0.011     8.7875    16.5772          4          4  0.000e+00
  1004.3017     -0.010     -0.010     7.1210    16.5788          4          4  0.000e+00
  1003.1285     -0.010     -0.010     5.5848    16.5803          4          4  0.000e+00
  1001.9773     -0.011     -0.011     4.0790    16.5826          4          4  0.000e+00
