data/eDNA/PER-2021-171/171a008.cnv
* Sea-Bird SBE19plus  Data File:
* FileName = C:\Users\RSG_field\Ryan_2021_Perley\CTD\171a008.hex
* Software version 2.3.0 SB_Terminal.dll
* Temperature SN = 7141
* Conductivity SN = 7141
* System UpLoad Time = Aug 11 2021 10:41:52
* <ApplicationData>
* <SeatermAF>
** Platform: M. Perley
** Cruise: Per2021171
** Station:  ESI_16
** Cast: 01 1
** Latitude: N  44 30.177
** Longitude: W 62 50.614
** Sounding: 116
** Chief Scientist: Ryan Stanley
** Comment: Calm seas
# nquan = 8
# nvalues = 3571                                  
# units = specified
# name 0 = density00: Density [density, kg/m^3]
# name 1 = depSM: Depth [salt water, m], lat = 45.00
# name 2 = prdM: Pressure, Strain Gauge [db]
# name 3 = sal00: Salinity, Practical [PSU]
# name 4 = tv290C: Temperature [ITS-90, deg C]
# name 5 = bpos: Bottle Position in Carousel
# name 6 = nbf: Bottles Fired
# name 7 = flag:  0.000e+00
# span 0 =   998.3915,  1026.7645                 
# span 1 =     -0.036,    113.423                 
# span 2 =     -0.036,    114.383                 
# span 3 =     0.0082,    33.2480                 
# span 4 =     3.3337,    19.1132                 
# span 5 =          0,          2                 
# span 6 =          0,          2                 
# span 7 = 0.0000e+00, 0.0000e+00                 
# interval = seconds: 0.25
# start_time = Aug 11 2021 13:22:30 [Instrument's time stamp, header]
# bad_flag = -9.990e-29
*END*
   998.3923     -0.031     -0.032     0.0096    19.1085          0          0  0.000e+00
   998.3923     -0.033     -0.033     0.0096    19.1087          0          0  0.000e+00
   998.3923     -0.030     -0.031     0.0096    19.1087          0          0  0.000e+00
   998.3923     -0.030     -0.031     0.0096    19.1089          0          0  0.000e+00
   998.3923     -0.033     -0.033     0.0096    19.1086          0          0  0.000e+00
   998.3923     -0.031     -0.032     0.0096    19.1086          0          0  0.000e+00
   998.3923     -0.031     -0.032     0.0096    19.1087          0          0  0.000e+00
   998.3923     -0.033     -0.033     0.0096    19.1088          0          0  0.000e+00
   998.3922     -0.034     -0.034     0.0096    19.1089          0          0  0.000e+00
   998.3923     -0.033     -0.033     0.0096    19.1088          0          0  0.000e+00
   998.3923     -0.031     -0.032     0.0096    19.1087          0          0  0.000e+00
   998.3923     -0.033     -0.033     0.0096    19.1088          0          0  0.000e+00
   998.3922     -0.034     -0.034     0.0096    19.1089          0          0  0.000e+00
   998.3923     -0.033     -0.033     0.0096    19.1089          0          0  0.000e+00
   998.3922     -0.031     -0.032     0.0096    19.1091          0          0  0.000e+00
   998.3922     -0.033     -0.033     0.0096    19.1091          0          0  0.000e+00
   998.3922     -0.031     -0.032     0.0096    19.1090          0          0  0.000e+00
   998.3922     -0.034     -0.034     0.0096    19.1092          0          0  0.000e+00
   998.3922     -0.033     -0.033     0.0096    19.1091          0          0  0.000e+00
   998.3922     -0.034     -0.034     0.0096    19.1092          0          0  0.000e+00
   998.3922     -0.034     -0.034     0.0096    19.1092          0          0  0.000e+00
   998.3922     -0.033     -0.033     0.0096    19.1092          0          0  0.000e+00
   998.3922     -0.031     -0.032     0.0096    19.1093          0          0  0.000e+00
   998.3922     -0.034     -0.034     0.0096    19.1092          0          0  0.000e+00
   998.3922     -0.034     -0.034     0.0096    19.1093          0          0  0.000e+00
   998.3922     -0.035     -0.035     0.0096    19.1092          0          0  0.000e+00
   998.3921     -0.034     -0.034     0.0096    19.1095          0          0  0.000e+00
   998.3921     -0.033     -0.033     0.0096    19.1094          0          0  0.000e+00
   998.3921     -0.034     -0.034     0.0096    19.1094          0          0  0.000e+00
   998.3921     -0.033     -0.033     0.0096    19.1095          0          0  0.000e+00
   998.3921     -0.033     -0.033     0.0096    19.1097          0          0  0.000e+00
   998.3921     -0.035     -0.035     0.0096    19.1097          0          0  0.000e+00
   998.3921     -0.035     -0.035     0.0096    19.1097          0          0  0.000e+00
   998.3921     -0.034     -0.034     0.0096    19.1096          0          0  0.000e+00
   998.3921     -0.034     -0.034     0.0096    19.1097          0          0  0.000e+00
   998.3921     -0.034     -0.034     0.0096    19.1099          0          0  0.000e+00
   998.3921     -0.034     -0.034     0.0096    19.1098          0          0  0.000e+00
   998.3920     -0.036     -0.036     0.0096    19.1100          0          0  0.000e+00
   998.3920     -0.031     -0.032     0.0096    19.1100          0          0  0.000e+00
   998.3920     -0.034     -0.034     0.0096    19.1103          0          0  0.000e+00
   998.3920     -0.034     -0.034     0.0096    19.1102          0          0  0.000e+00
   998.3920     -0.034     -0.034     0.0096    19.1102          0          0  0.000e+00
   998.3920     -0.034     -0.034     0.0096    19.1103          0          0  0.000e+00
   998.3919     -0.035     -0.035     0.0096    19.1104          0          0  0.000e+00
   998.3919     -0.035     -0.035     0.0096    19.1107          0          0  0.000e+00
   998.3919     -0.035     -0.035     0.0096    19.1107          0          0  0.000e+00
   998.3919     -0.035     -0.035     0.0096    19.1108          0          0  0.000e+00
   998.3918     -0.036     -0.036     0.0096    19.1112          0          0  0.000e+00
   998.3918     -0.034     -0.034     0.0096    19.1111          0          0  0.000e+00
   998.3917     -0.036     -0.036     0.0096    19.1114          0          0  0.000e+00
   998.3917     -0.034     -0.034     0.0096    19.1116          0          0  0.000e+00
   998.3917     -0.036     -0.036     0.0096    19.1117          0          0  0.000e+00
   998.3916     -0.035     -0.035     0.0096    19.1119          0          0  0.000e+00
   998.3916     -0.035     -0.035     0.0096    19.1120          0          0  0.000e+00
   998.3916     -0.035     -0.035     0.0096    19.1123          0          0  0.000e+00
   998.3916     -0.035     -0.035     0.0096    19.1124          0          0  0.000e+00
   998.3916     -0.033     -0.033     0.0096    19.1124          0          0  0.000e+00
   998.3916     -0.034     -0.034     0.0097    19.1127          0          0  0.000e+00
   998.3916     -0.035     -0.035     0.0097    19.1128          0          0  0.000e+00
   998.3915     -0.034     -0.034     0.0097    19.1131          0          0  0.000e+00
   998.3915     -0.033     -0.033     0.0097    19.1132          0          0  0.000e+00
   998.3915     -0.034     -0.034     0.0097    19.1132          0          0  0.000e+00
  1021.0203      0.140      0.141    29.7882    19.0934          0          0  0.000e+00
  1021.3852      0.377      0.380    30.1797    18.8289          0          0  0.000e+00
  1021.8388      0.576      0.581    30.6752    18.5244          0          0  0.000e+00
  1021.9826      0.738      0.744    30.8063    18.3479          0          0  0.000e+00
  1022.0484      0.837      0.843    30.8647    18.2621          0          0  0.000e+00
  1022.1290      0.798      0.805    30.9591    18.2265          0          0  0.000e+00
  1022.0799      0.692      0.698    30.8944    18.2233          0          0  0.000e+00
  1021.9133      0.586      0.591    30.6799    18.2325          0          0  0.000e+00
  1021.5896      0.508      0.512    30.2586    18.2388          0          0  0.000e+00
  1021.3163      0.471      0.475    29.9004    18.2369          0          0  0.000e+00
  1022.0803      0.525      0.529    30.8972    18.2270          0          0  0.000e+00
  1022.1017      0.612      0.617    30.9194    18.2106          0          0  0.000e+00
  1022.1269      0.707      0.713    30.9469    18.1947          0          0  0.000e+00
  1022.1508      0.798      0.805    30.9751    18.1868          0          0  0.000e+00
  1022.1620      0.885      0.893    30.9881    18.1831          0          0  0.000e+00
  1022.1628      0.956      0.964    30.9899    18.1870          0          0  0.000e+00
  1022.1662      0.988      0.996    30.9964    18.1942          0          0  0.000e+00
  1022.1533      1.004      1.012    30.9815    18.2006          0          0  0.000e+00
  1022.1277      1.035      1.043    30.9481    18.2015          0          0  0.000e+00
  1022.1014      1.087      1.096    30.9132    18.2010          0          0  0.000e+00
  1022.0819      1.157      1.166    30.8875    18.2015          0          0  0.000e+00
  1022.0700      1.243      1.253    30.8708    18.1996          0          0  0.000e+00
  1022.0635      1.325      1.336    30.8600    18.1938          0          0  0.000e+00
  1022.0697      1.406      1.417    30.8647    18.1845          0          0  0.000e+00
  1022.0843      1.470      1.482    30.8819    18.1795          0          0  0.000e+00
  1022.0867      1.506      1.519    30.8871    18.1868          0          0  0.000e+00
  1022.0844      1.523      1.536    30.8877    18.1985          0          0  0.000e+00
  1022.0839      1.521      1.534    30.8898    18.2073          0          0  0.000e+00
  1022.0741      1.505      1.518    30.8794    18.2146          0          0  0.000e+00
  1022.0773      1.475      1.487    30.8850    18.2184          0          0  0.000e+00
  1022.0769      1.424      1.435    30.8861    18.2226          0          0  0.000e+00
  1022.0755      1.359      1.370    30.8865    18.2287          0          0  0.000e+00
  1022.0757      1.270      1.281    30.8891    18.2344          0          0  0.000e+00
  1022.0785      1.173      1.182    30.8946    18.2386          0          0  0.000e+00
  1022.0778      1.068      1.076    30.8952    18.2412          0          0  0.000e+00
  1022.0687      0.960      0.967    30.8844    18.2427          0          0  0.000e+00
  1022.0622      0.859      0.866    30.8767    18.2434          0          0  0.000e+00
  1022.0576      0.785      0.791    30.8710    18.2432          0          0  0.000e+00
  1022.0552      0.751      0.757    30.8679    18.2426          0          0  0.000e+00
  1022.0552      0.763      0.770    30.8673    18.2407          0          0  0.000e+00
  1022.0582      0.814      0.821    30.8696    18.2366          0          0  0.000e+00
  1022.0647      0.900      0.908    30.8757    18.2307          0          0  0.000e+00
  1022.0728      1.009      1.018    30.8835    18.2239          0          0  0.000e+00
  1022.0807      1.128      1.137    30.8914    18.2184          0          0  0.000e+00
  1022.1029      1.235      1.245    30.9189    18.2152          0          0  0.000e+00
  1022.1218      1.326      1.337    30.9427    18.2141          0          0  0.000e+00
  1022.1199      1.388      1.399    30.9398    18.2141          0          0  0.000e+00
  1022.1092      1.422      1.433    30.9305    18.2294          0          0  0.000e+00
  1022.0941      1.433      1.445    30.9180    18.2524          0          0  0.000e+00
  1022.0772      1.434      1.446    30.9007    18.2680          0          0  0.000e+00
  1022.0653      1.439      1.450    30.8878    18.2766          0          0  0.000e+00
  1022.0586      1.449      1.461    30.8778    18.2726          0          0  0.000e+00
  1022.0598      1.465      1.477    30.8754    18.2604          0          0  0.000e+00
  1022.0708      1.479      1.491    30.8852    18.2461          0          0  0.000e+00
  1022.0856      1.490      1.502    30.9006    18.2337          0          0  0.000e+00
  1022.0812      1.524      1.537    30.8921    18.2258          0          0  0.000e+00
  1022.0886      1.564      1.577    30.8988    18.2172          0          0  0.000e+00
  1022.0973      1.607      1.620    30.9070    18.2078          0          0  0.000e+00
  1022.1089      1.658      1.672    30.9188    18.1979          0          0  0.000e+00
  1022.1278      1.696      1.710    30.9406    18.1897          0          0  0.000e+00
  1022.1430      1.726      1.740    30.9587    18.1844          0          0  0.000e+00
  1022.1487      1.744      1.758    30.9649    18.1807          0          0  0.000e+00
  1022.1412      1.763      1.777    30.9543    18.1784          0          0  0.000e+00
  1022.1313      1.782      1.797    30.9407    18.1768          0          0  0.000e+00
  1022.1280      1.817      1.832    30.9351    18.1735          0          0  0.000e+00
  1022.1365      1.858      1.874    30.9446    18.1693          0          0  0.000e+00
  1022.1471      1.877      1.893    30.9573    18.1660          0          0  0.000e+00
  1022.1516      1.886      1.901    30.9622    18.1627          0          0  0.000e+00
  1022.1657      1.929      1.945    30.9800    18.1614          0          0  0.000e+00
  1022.1618      1.992      2.008    30.9744    18.1609          0          0  0.000e+00
  1022.1663      2.066      2.083    30.9790    18.1581          0          0  0.000e+00
  1022.1775      2.146      2.163    30.9920    18.1548          0          0  0.000e+00
  1022.1898      2.223      2.241    31.0069    18.1524          0          0  0.000e+00
  1022.1964      2.295      2.314    31.0147    18.1507          0          0  0.000e+00
  1022.2023      2.357      2.376    31.0214    18.1485          0          0  0.000e+00
  1022.2038      2.416      2.436    31.0239    18.1515          0          0  0.000e+00
  1022.1974      2.467      2.487    31.0187    18.1627          0          0  0.000e+00
  1022.1945      2.507      2.528    31.0170    18.1699          0          0  0.000e+00
  1022.1951      2.536      2.556    31.0186    18.1730          0          0  0.000e+00
  1022.1962      2.552      2.572    31.0206    18.1751          0          0  0.000e+00
  1022.1966      2.556      2.577    31.0219    18.1774          0          0  0.000e+00
  1022.1968      2.545      2.566    31.0231    18.1801          0          0  0.000e+00
  1022.1970      2.521      2.541    31.0241    18.1825          0          0  0.000e+00
  1022.1968      2.481      2.501    31.0249    18.1847          0          0  0.000e+00
  1022.1965      2.428      2.447    31.0255    18.1869          0          0  0.000e+00
  1022.1957      2.362      2.381    31.0257    18.1898          0          0  0.000e+00
  1022.1952      2.290      2.308    31.0265    18.1933          0          0  0.000e+00
  1022.1919      2.207      2.225    31.0234    18.1954          0          0  0.000e+00
  1022.1851      2.131      2.148    31.0147    18.1948          0          0  0.000e+00
  1022.1811      2.059      2.076    31.0094    18.1930          0          0  0.000e+00
  1022.1787      1.999      2.016    31.0057    18.1905          0          0  0.000e+00
  1022.1789      1.961      1.977    31.0045    18.1851          0          0  0.000e+00
  1022.1830      1.950      1.965    31.0080    18.1787          0          0  0.000e+00
  1022.1871      1.960      1.976    31.0119    18.1743          0          0  0.000e+00
  1022.1895      1.999      2.016    31.0140    18.1717          0          0  0.000e+00
  1022.1927      2.057      2.073    31.0173    18.1700          0          0  0.000e+00
  1022.2027      2.122      2.140    31.0297    18.1691          0          0  0.000e+00
  1022.2116      2.191      2.209    31.0412    18.1702          0          0  0.000e+00
  1022.2089      2.251      2.269    31.0386    18.1739          0          0  0.000e+00
  1022.2065      2.296      2.315    31.0362    18.1772          0          0  0.000e+00
  1022.1873      2.331      2.350    31.0175    18.1980          0          0  0.000e+00
  1022.1615      2.350      2.369    30.9938    18.2301          0          0  0.000e+00
  1022.1454      2.367      2.387    30.9799    18.2531          0          0  0.000e+00
  1022.1349      2.379      2.398    30.9709    18.2685          0          0  0.000e+00
  1022.1291      2.389      2.409    30.9653    18.2748          0          0  0.000e+00
  1022.1289      2.407      2.427    30.9647    18.2742          0          0  0.000e+00
  1022.1297      2.433      2.453    30.9659    18.2751          0          0  0.000e+00
  1022.1338      2.463      2.483    30.9709    18.2746          0          0  0.000e+00
  1022.1378      2.489      2.509    30.9760    18.2743          0          0  0.000e+00
  1022.1385      2.504      2.524    30.9773    18.2762          0          0  0.000e+00
  1022.1361      2.509      2.530    30.9746    18.2774          0          0  0.000e+00
  1022.1327      2.493      2.514    30.9705    18.2782          0          0  0.000e+00
  1022.1318      2.452      2.472    30.9699    18.2792          0          0  0.000e+00
  1022.1287      2.394      2.413    30.9677    18.2841          0          0  0.000e+00
  1022.1233      2.311      2.330    30.9638    18.2926          0          0  0.000e+00
  1022.1204      2.217      2.235    30.9625    18.2987          0          0  0.000e+00
  1022.1189      2.120      2.138    30.9618    18.3008          0          0  0.000e+00
