data/eDNA/PER-2021-171/171a025.cnv
* Sea-Bird SBE19plus  Data File:
* FileName = C:\Users\RSG_field\Ryan_2021_Perley\CTD\171a025.hex
* Software version 2.3.0 SB_Terminal.dll
* Temperature SN = 7141
* Conductivity SN = 7141
* System UpLoad Time = Aug 18 2021 13:34:36
* <ApplicationData>
* <SeatermAF>
** Platform: M. Perley
** Cruise: Per2021171
** Station:  SAB_01
** Cast: 01 1
** Latitude: N  45 50.281
** Longitude: W 60 08.986
** Sounding: 13.4
** Chief Scientist: Ryan Stanley
** Comment: 171a025
# nquan = 8
# nvalues = 1767                                  
# units = specified
# name 0 = density00: Density [density, kg/m^3]
# name 1 = depSM: Depth [salt water, m], lat = 45.00
# name 2 = prdM: Pressure, Strain Gauge [db]
# name 3 = sal00: Salinity, Practical [PSU]
# name 4 = tv290C: Temperature [ITS-90, deg C]
# name 5 = bpos: Bottle Position in Carousel
# name 6 = nbf: Bottles Fired
# name 7 = flag:  0.000e+00
# span 0 =   998.8529,  1023.5225                 
# span 1 =     -0.018,     13.915                 
# span 2 =     -0.018,     14.029                 
# span 3 =     0.0091,    30.5711                 
# span 4 =     9.7329,    18.2761                 
# span 5 =          0,          3                 
# span 6 =          0,          3                 
# span 7 = 0.0000e+00, 0.0000e+00                 
# interval = seconds: 0.25
# start_time = Aug 18 2021 16:24:39 [Instrument's time stamp, header]
# bad_flag = -9.990e-29
*END*
  1000.5301     -0.010     -0.011     2.0815    16.1022          0          0  0.000e+00
  1000.7158     -0.012     -0.012     2.3236    16.1027          0          0  0.000e+00
  1000.4848     -0.013     -0.013     2.0236    16.1072          0          0  0.000e+00
  1000.2010     -0.012     -0.012     1.6589    16.1298          0          0  0.000e+00
   999.9320     -0.012     -0.012     1.3187    16.1746          0          0  0.000e+00
   999.7460     -0.014     -0.014     1.0893    16.2317          0          0  0.000e+00
   999.6097     -0.012     -0.012     0.9247    16.2902          0          0  0.000e+00
   999.5896     -0.013     -0.013     0.9100    16.3427          0          0  0.000e+00
   999.5649     -0.013     -0.013     0.8878    16.3875          0          0  0.000e+00
   999.5080     -0.012     -0.012     0.8217    16.4234          0          0  0.000e+00
   999.4718     -0.012     -0.012     0.7809    16.4523          0          0  0.000e+00
   999.4369     -0.014     -0.014     0.7406    16.4748          0          0  0.000e+00
   999.4103     -0.013     -0.013     0.7099    16.4928          0          0  0.000e+00
   999.3383     -0.010     -0.011     0.6195    16.5066          0          0  0.000e+00
   999.1308     -0.013     -0.013     0.3524    16.5172          0          0  0.000e+00
   999.1093     -0.010     -0.011     0.3263    16.5252          0          0  0.000e+00
   999.1068     -0.012     -0.012     0.3244    16.5314          0          0  0.000e+00
   999.1120     -0.012     -0.012     0.3324    16.5368          0          0  0.000e+00
   999.1056     -0.013     -0.013     0.3249    16.5408          0          0  0.000e+00
   999.0889     -0.015     -0.015     0.3040    16.5439          0          0  0.000e+00
   999.0636     -0.015     -0.015     0.2716    16.5458          0          0  0.000e+00
   999.0387     -0.015     -0.015     0.2396    16.5472          0          0  0.000e+00
   999.0188     -0.015     -0.015     0.2140    16.5483          0          0  0.000e+00
   998.9951     -0.015     -0.015     0.1836    16.5493          0          0  0.000e+00
   998.9795     -0.015     -0.015     0.1636    16.5509          0          0  0.000e+00
   998.9571     -0.014     -0.014     0.1353    16.5541          0          0  0.000e+00
   998.9415     -0.013     -0.013     0.1164    16.5603          0          0  0.000e+00
   998.9282     -0.014     -0.014     0.1010    16.5679          0          0  0.000e+00
   998.9174     -0.012     -0.012     0.0888    16.5764          0          0  0.000e+00
   998.9047     -0.013     -0.013     0.0748    16.5871          0          0  0.000e+00
   998.8860     -0.012     -0.012     0.0526    16.5967          0          0  0.000e+00
   998.8704     -0.012     -0.012     0.0333    16.6006          0          0  0.000e+00
   998.8568     -0.011     -0.011     0.0154    16.5993          0          0  0.000e+00
   998.8544     -0.012     -0.012     0.0117    16.5962          0          0  0.000e+00
   998.8536     -0.015     -0.015     0.0100    16.5936          0          0  0.000e+00
   998.8538     -0.015     -0.015     0.0100    16.5919          0          0  0.000e+00
   998.8539     -0.016     -0.016     0.0099    16.5910          0          0  0.000e+00
   998.8533     -0.015     -0.015     0.0098    16.5941          0          0  0.000e+00
   998.8529     -0.017     -0.017     0.0096    16.5954          0          0  0.000e+00
   998.8531     -0.018     -0.018     0.0094    16.5932          0          0  0.000e+00
   998.8535     -0.017     -0.017     0.0093    16.5907          0          0  0.000e+00
   998.8535     -0.017     -0.017     0.0093    16.5908          0          0  0.000e+00
   998.8537     -0.018     -0.018     0.0093    16.5891          0          0  0.000e+00
   998.8544     -0.016     -0.016     0.0092    16.5853          0          0  0.000e+00
   998.8550     -0.016     -0.016     0.0092    16.5815          0          0  0.000e+00
   998.8557     -0.018     -0.018     0.0092    16.5775          0          0  0.000e+00
   998.8563     -0.017     -0.017     0.0092    16.5737          0          0  0.000e+00
   998.8568     -0.016     -0.016     0.0092    16.5706          0          0  0.000e+00
   998.8575     -0.016     -0.016     0.0092    16.5665          0          0  0.000e+00
   998.8582     -0.015     -0.015     0.0091    16.5620          0          0  0.000e+00
   998.8589     -0.017     -0.017     0.0091    16.5577          0          0  0.000e+00
   998.8584     -0.016     -0.016     0.0091    16.5605          0          0  0.000e+00
   998.8566     -0.015     -0.015     0.0091    16.5714          0          0  0.000e+00
  1012.0636      0.084      0.084    17.3017    16.6011          0          0  0.000e+00
  1021.9502      0.320      0.323    30.3450    16.9839          0          0  0.000e+00
  1021.6255      0.544      0.548    30.0773    17.5048          0          0  0.000e+00
  1021.3635      0.781      0.788    29.8369    17.8417          0          0  0.000e+00
  1021.2246      1.013      1.022    29.7123    18.0299          0          0  0.000e+00
  1021.1472      1.251      1.261    29.6400    18.1274          0          0  0.000e+00
  1021.1108      1.484      1.496    29.6054    18.1736          0          0  0.000e+00
  1021.0906      1.717      1.731    29.5847    18.1960          0          0  0.000e+00
  1021.1063      1.808      1.823    29.6070    18.2034          0          0  0.000e+00
  1021.1099      1.824      1.839    29.6086    18.1937          0          0  0.000e+00
  1021.0892      1.833      1.848    29.5771    18.1801          0          0  0.000e+00
  1021.0823      1.839      1.854    29.5653    18.1712          0          0  0.000e+00
  1021.0927      1.845      1.861    29.5765    18.1635          0          0  0.000e+00
  1021.0982      1.846      1.862    29.5822    18.1590          0          0  0.000e+00
  1021.0987      1.851      1.866    29.5833    18.1604          0          0  0.000e+00
  1021.0956      1.854      1.869    29.5799    18.1627          0          0  0.000e+00
  1021.0892      1.851      1.866    29.5727    18.1662          0          0  0.000e+00
  1021.0802      1.848      1.863    29.5625    18.1711          0          0  0.000e+00
  1021.0840      1.841      1.856    29.5686    18.1746          0          0  0.000e+00
  1021.0855      1.836      1.851    29.5708    18.1754          0          0  0.000e+00
  1021.0929      1.830      1.845    29.5806    18.1758          0          0  0.000e+00
  1021.0952      1.821      1.836    29.5844    18.1782          0          0  0.000e+00
  1020.9556      1.816      1.831    29.4025    18.1807          0          0  0.000e+00
  1021.0626      1.813      1.827    29.5432    18.1825          0          0  0.000e+00
  1021.0916      1.807      1.822    29.5819    18.1848          0          0  0.000e+00
  1021.0901      1.807      1.822    29.5807    18.1873          0          0  0.000e+00
  1021.0893      1.808      1.823    29.5804    18.1893          0          0  0.000e+00
  1021.0905      1.815      1.830    29.5826    18.1917          0          0  0.000e+00
  1021.0883      1.819      1.834    29.5803    18.1936          0          0  0.000e+00
  1021.0857      1.830      1.844    29.5770    18.1943          0          0  0.000e+00
  1021.0817      1.836      1.851    29.5719    18.1948          0          0  0.000e+00
  1021.0763      1.843      1.858    29.5650    18.1954          0          0  0.000e+00
  1021.0746      1.851      1.866    29.5632    18.1970          0          0  0.000e+00
  1021.0724      1.855      1.870    29.5609    18.1989          0          0  0.000e+00
  1021.0706      1.859      1.874    29.5589    18.2003          0          0  0.000e+00
  1021.0713      1.860      1.875    29.5599    18.2003          0          0  0.000e+00
  1021.0735      1.859      1.874    29.5619    18.1977          0          0  0.000e+00
  1021.0756      1.857      1.872    29.5639    18.1950          0          0  0.000e+00
  1021.0771      1.856      1.871    29.5654    18.1937          0          0  0.000e+00
  1021.0787      1.858      1.873    29.5675    18.1937          0          0  0.000e+00
  1021.0792      1.857      1.872    29.5683    18.1944          0          0  0.000e+00
  1021.0796      1.856      1.871    29.5691    18.1950          0          0  0.000e+00
  1021.0790      1.856      1.871    29.5686    18.1958          0          0  0.000e+00
  1021.0788      1.856      1.871    29.5685    18.1964          0          0  0.000e+00
  1021.0777      1.855      1.870    29.5674    18.1975          0          0  0.000e+00
  1021.0766      1.852      1.867    29.5664    18.1987          0          0  0.000e+00
  1021.0755      1.849      1.864    29.5654    18.2001          0          0  0.000e+00
  1021.0745      1.840      1.855    29.5643    18.2010          0          0  0.000e+00
  1021.0735      1.831      1.846    29.5634    18.2018          0          0  0.000e+00
  1021.0726      1.823      1.838    29.5626    18.2028          0          0  0.000e+00
  1021.0729      1.815      1.830    29.5632    18.2034          0          0  0.000e+00
  1021.0738      1.810      1.825    29.5643    18.2028          0          0  0.000e+00
  1021.0749      1.805      1.820    29.5653    18.2013          0          0  0.000e+00
  1021.0759      1.802      1.817    29.5659    18.1992          0          0  0.000e+00
  1021.0762      1.802      1.817    29.5658    18.1976          0          0  0.000e+00
  1021.0766      1.802      1.817    29.5659    18.1962          0          0  0.000e+00
  1021.0762      1.808      1.823    29.5651    18.1958          0          0  0.000e+00
  1021.0761      1.813      1.827    29.5648    18.1951          0          0  0.000e+00
  1021.0758      1.819      1.834    29.5642    18.1943          0          0  0.000e+00
  1021.0752      1.825      1.840    29.5633    18.1940          0          0  0.000e+00
  1021.0754      1.832      1.847    29.5631    18.1931          0          0  0.000e+00
  1021.0755      1.838      1.853    29.5630    18.1921          0          0  0.000e+00
  1021.0758      1.842      1.857    29.5629    18.1909          0          0  0.000e+00
  1021.0753      1.845      1.860    29.5619    18.1900          0          0  0.000e+00
  1021.0745      1.849      1.864    29.5606    18.1891          0          0  0.000e+00
  1021.0741      1.852      1.867    29.5599    18.1884          0          0  0.000e+00
  1021.0739      1.856      1.871    29.5596    18.1882          0          0  0.000e+00
  1021.0734      1.855      1.870    29.5588    18.1882          0          0  0.000e+00
  1021.0724      1.860      1.875    29.5575    18.1882          0          0  0.000e+00
  1021.0712      1.862      1.878    29.5560    18.1884          0          0  0.000e+00
  1021.0706      1.862      1.878    29.5551    18.1883          0          0  0.000e+00
  1021.0695      1.859      1.874    29.5539    18.1889          0          0  0.000e+00
  1021.0687      1.858      1.873    29.5530    18.1893          0          0  0.000e+00
  1021.0677      1.850      1.865    29.5519    18.1898          0          0  0.000e+00
  1021.0668      1.843      1.858    29.5509    18.1902          0          0  0.000e+00
  1021.0674      1.837      1.852    29.5518    18.1905          0          0  0.000e+00
  1021.0678      1.831      1.846    29.5526    18.1911          0          0  0.000e+00
  1021.0669      1.827      1.842    29.5518    18.1926          0          0  0.000e+00
  1021.0659      1.819      1.834    29.5509    18.1936          0          0  0.000e+00
  1021.0655      1.819      1.834    29.5504    18.1938          0          0  0.000e+00
  1021.0656      1.814      1.828    29.5504    18.1930          0          0  0.000e+00
  1021.0665      1.813      1.827    29.5511    18.1915          0          0  0.000e+00
  1021.0678      1.808      1.823    29.5520    18.1890          0          0  0.000e+00
  1021.0694      1.807      1.822    29.5531    18.1856          0          0  0.000e+00
  1021.0716      1.809      1.824    29.5548    18.1819          0          0  0.000e+00
  1021.0736      1.806      1.821    29.5564    18.1788          0          0  0.000e+00
  1021.0757      1.810      1.825    29.5583    18.1759          0          0  0.000e+00
  1021.0793      1.810      1.825    29.5618    18.1722          0          0  0.000e+00
  1021.0834      1.813      1.827    29.5655    18.1667          0          0  0.000e+00
  1021.0884      1.816      1.831    29.5700    18.1605          0          0  0.000e+00
  1021.0942      1.814      1.828    29.5758    18.1546          0          0  0.000e+00
  1021.1015      1.816      1.831    29.5838    18.1494          0          0  0.000e+00
  1021.1073      1.815      1.829    29.5903    18.1462          0          0  0.000e+00
  1021.1082      1.816      1.831    29.5915    18.1460          0          0  0.000e+00
  1021.1059      1.820      1.835    29.5888    18.1472          0          0  0.000e+00
  1021.1044      1.823      1.838    29.5868    18.1471          0          0  0.000e+00
  1021.1057      1.827      1.842    29.5881    18.1459          0          0  0.000e+00
  1021.1090      1.829      1.844    29.5917    18.1435          0          0  0.000e+00
  1021.1116      1.837      1.852    29.5943    18.1414          0          0  0.000e+00
  1021.1115      1.845      1.860    29.5936    18.1397          0          0  0.000e+00
  1021.1097      1.853      1.868    29.5907    18.1380          0          0  0.000e+00
  1021.1121      1.862      1.878    29.5930    18.1353          0          0  0.000e+00
  1021.1195      1.869      1.884    29.6017    18.1323          0          0  0.000e+00
  1021.1289      1.872      1.887    29.6132    18.1297          0          0  0.000e+00
  1021.1379      1.878      1.894    29.6244    18.1283          0          0  0.000e+00
  1021.1470      1.879      1.895    29.6354    18.1250          0          0  0.000e+00
  1021.1585      1.876      1.891    29.6478    18.1169          0          0  0.000e+00
  1021.1716      1.872      1.887    29.6615    18.1053          0          0  0.000e+00
  1021.1779      1.862      1.878    29.6683    18.1008          0          0  0.000e+00
  1021.1771      1.853      1.868    29.6681    18.1036          0          0  0.000e+00
  1021.1717      1.846      1.862    29.6632    18.1103          0          0  0.000e+00
  1021.1692      1.838      1.853    29.6609    18.1132          0          0  0.000e+00
  1021.1706      1.831      1.846    29.6622    18.1112          0          0  0.000e+00
  1021.1718      1.819      1.834    29.6634    18.1100          0          0  0.000e+00
  1021.1690      1.805      1.820    29.6608    18.1133          0          0  0.000e+00
  1021.1636      1.796      1.810    29.6557    18.1192          0          0  0.000e+00
  1021.1576      1.785      1.800    29.6495    18.1242          0          0  0.000e+00
  1021.1514      1.780      1.794    29.6421    18.1263          0          0  0.000e+00
  1021.1475      1.774      1.789    29.6362    18.1239          0          0  0.000e+00
  1021.1471      1.773      1.788    29.6337    18.1175          0          0  0.000e+00
  1021.1445      1.775      1.790    29.6283    18.1113          0          0  0.000e+00
  1021.1399      1.783      1.797    29.6207    18.1064          0          0  0.000e+00
  1021.1339      1.797      1.811    29.6122    18.1044          0          0  0.000e+00
  1021.1261      1.811      1.826    29.6020    18.1045          0          0  0.000e+00
  1021.1230      1.825      1.840    29.5979    18.1049          0          0  0.000e+00
  1021.1243      1.834      1.849    29.5996    18.1050          0          0  0.000e+00
