data/eDNA/PER-2021-171/171a010.cnv
* Sea-Bird SBE19plus  Data File:
* FileName = C:\Users\RSG_field\Ryan_2021_Perley\CTD\171a010.hex
* Software version 2.3.0 SB_Terminal.dll
* Temperature SN = 7141
* Conductivity SN = 7141
* System UpLoad Time = Aug 11 2021 14:25:42
* <ApplicationData>
* <SeatermAF>
** Platform: M. Perley
** Cruise: Per2021171
** Station:  ESI_14
** Cast: 01 1
** Latitude: N  44 36.483
** Longitude: W 62 55.281
** Sounding: 26.3
** Chief Scientist: Ryan Stanley
** Comment: 171a010
# nquan = 8
# nvalues = 2311                                  
# units = specified
# name 0 = density00: Density [density, kg/m^3]
# name 1 = depSM: Depth [salt water, m], lat = 45.00
# name 2 = prdM: Pressure, Strain Gauge [db]
# name 3 = sal00: Salinity, Practical [PSU]
# name 4 = tv290C: Temperature [ITS-90, deg C]
# name 5 = bpos: Bottle Position in Carousel
# name 6 = nbf: Bottles Fired
# name 7 = flag:  0.000e+00
# span 0 =   998.6161,  1024.8359                 
# span 1 =     -0.044,     34.328                 
# span 2 =     -0.044,     34.612                 
# span 3 =     0.0000,    31.8823                 
# span 4 =     6.0358,    18.7791                 
# span 5 =          0,          4                 
# span 6 =          0,          4                 
# span 7 = 0.0000e+00, 0.0000e+00                 
# interval = seconds: 0.25
# start_time = Aug 11 2021 16:39:50 [Instrument's time stamp, header]
# bad_flag = -9.990e-29
*END*
[from data line 1798]
  1024.4637     33.583     33.860    30.9057     6.1021          1          1  0.000e+00
  1024.4640     33.596     33.874    30.9059     6.1014          1          1  0.000e+00
  1024.4641     33.601     33.878    30.9059     6.1008          1          1  0.000e+00
  1024.4642     33.618     33.895    30.9058     6.1003          1          1  0.000e+00
  1024.4648     33.629     33.907    30.9064     6.0996          1          1  0.000e+00
  1024.4645     33.656     33.934    30.9059     6.0992          1          1  0.000e+00
  1024.4653     33.701     33.980    30.9064     6.0985          1          1  0.000e+00
  1024.4658     33.765     34.044    30.9067     6.0981          1          1  0.000e+00
  1024.4690     33.786     34.065    30.9105     6.0980          1          1  0.000e+00
  1024.4697     33.764     34.043    30.9118     6.0993          1          1  0.000e+00
  1024.4666     33.712     33.991    30.9086     6.1015          1          1  0.000e+00
  1024.4674     33.648     33.926    30.9101     6.1028          1          1  0.000e+00
  1024.4675     33.586     33.863    30.9108     6.1040          1          1  0.000e+00
  1024.4667     33.530     33.807    30.9104     6.1058          1          1  0.000e+00
  1024.4646     33.468     33.745    30.9084     6.1076          1          1  0.000e+00
  1024.4630     33.409     33.685    30.9069     6.1086          1          1  0.000e+00
  1024.4619     33.338     33.613    30.9059     6.1087          1          1  0.000e+00
  1024.4617     33.279     33.554    30.9059     6.1082          1          1  0.000e+00
  1024.4619     33.213     33.487    30.9064     6.1077          1          1  0.000e+00
  1024.4618     33.163     33.437    30.9066     6.1076          1          1  0.000e+00
  1024.4600     33.132     33.406    30.9045     6.1072          1          1  0.000e+00
  1024.4598     33.107     33.380    30.9042     6.1064          1          1  0.000e+00
  1024.4595     33.101     33.375    30.9037     6.1050          1          1  0.000e+00
  1024.4589     33.101     33.375    30.9026     6.1035          1          1  0.000e+00
  1024.4567     33.112     33.386    30.8994     6.1012          1          1  0.000e+00
  1024.4592     33.131     33.405    30.9020     6.0979          1          1  0.000e+00
  1024.4592     33.167     33.441    30.9013     6.0948          1          1  0.000e+00
  1024.4650     33.232     33.506    30.9079     6.0921          1          1  0.000e+00
  1024.4696     33.338     33.613    30.9131     6.0917          1          1  0.000e+00
  1024.4747     33.451     33.728    30.9192     6.0943          1          1  0.000e+00
  1024.4745     33.524     33.801    30.9194     6.1001          1          1  0.000e+00
  1024.4712     33.547     33.824    30.9161     6.1063          1          1  0.000e+00
  1024.4658     33.561     33.839    30.9099     6.1113          1          1  0.000e+00
  1024.4608     33.551     33.828    30.9039     6.1135          1          1  0.000e+00
  1024.4604     33.525     33.803    30.9035     6.1128          1          1  0.000e+00
  1024.4604     33.493     33.769    30.9034     6.1111          1          1  0.000e+00
  1024.4637     33.469     33.746    30.9075     6.1097          1          1  0.000e+00
  1024.4655     33.437     33.714    30.9101     6.1099          1          1  0.000e+00
  1024.4646     33.384     33.660    30.9095     6.1113          1          1  0.000e+00
  1024.4674     33.300     33.575    30.9138     6.1129          1          1  0.000e+00
  1024.4612     33.198     33.472    30.9069     6.1159          1          1  0.000e+00
  1024.4551     33.126     33.400    30.8997     6.1165          1          1  0.000e+00
  1024.4555     33.069     33.342    30.9001     6.1137          1          1  0.000e+00
  1024.4580     33.031     33.304    30.9030     6.1106          1          1  0.000e+00
  1024.4596     33.004     33.277    30.9049     6.1085          1          1  0.000e+00
  1024.4605     32.988     33.261    30.9060     6.1076          1          1  0.000e+00
  1024.4656     32.997     33.270    30.9124     6.1074          1          1  0.000e+00
  1024.4646     33.024     33.297    30.9113     6.1097          1          1  0.000e+00
  1024.4644     33.079     33.353    30.9111     6.1123          1          1  0.000e+00
  1024.4716     33.147     33.421    30.9203     6.1150          1          1  0.000e+00
  1024.4702     33.222     33.497    30.9189     6.1210          1          1  0.000e+00
  1024.4635     33.291     33.566    30.9111     6.1275          1          1  0.000e+00
  1024.4595     33.355     33.630    30.9060     6.1303          1          1  0.000e+00
  1024.4607     33.434     33.711    30.9071     6.1309          1          1  0.000e+00
  1024.4598     33.494     33.770    30.9058     6.1315          1          1  0.000e+00
  1024.4604     33.536     33.813    30.9063     6.1317          1          1  0.000e+00
  1024.4631     33.576     33.854    30.9095     6.1322          1          1  0.000e+00
  1024.4597     33.604     33.882    30.9053     6.1338          1          1  0.000e+00
  1024.4583     33.609     33.887    30.9036     6.1340          1          1  0.000e+00
  1024.4600     33.585     33.862    30.9057     6.1331          1          1  0.000e+00
  1024.4625     33.534     33.811    30.9091     6.1330          1          1  0.000e+00
  1024.4617     33.485     33.762    30.9087     6.1344          1          1  0.000e+00
  1024.4657     33.422     33.698    30.9143     6.1360          1          1  0.000e+00
  1024.4664     33.365     33.641    30.9162     6.1398          1          1  0.000e+00
  1024.4615     33.311     33.587    30.9110     6.1450          1          1  0.000e+00
  1024.4569     33.271     33.546    30.9059     6.1480          1          1  0.000e+00
  1024.4541     33.180     33.454    30.9030     6.1486          1          1  0.000e+00
  1024.4546     33.087     33.360    30.9041     6.1480          1          1  0.000e+00
  1024.4553     32.972     33.245    30.9056     6.1473          1          1  0.000e+00
  1024.4540     32.895     33.167    30.9044     6.1472          1          1  0.000e+00
  1024.4520     32.788     33.059    30.9024     6.1469          1          1  0.000e+00
  1024.4524     32.733     33.003    30.9030     6.1455          1          1  0.000e+00
  1024.4523     32.639     32.909    30.9032     6.1441          1          1  0.000e+00
  1024.4532     32.571     32.841    30.9045     6.1429          1          1  0.000e+00
  1024.4536     32.482     32.751    30.9056     6.1423          1          1  0.000e+00
  1024.4528     32.406     32.674    30.9049     6.1419          1          1  0.000e+00
  1024.4520     32.334     32.601    30.9043     6.1414          1          1  0.000e+00
  1024.4484     32.247     32.514    30.9000     6.1405          1          1  0.000e+00
  1024.4514     32.160     32.426    30.9040     6.1380          1          1  0.000e+00
  1024.4461     32.066     32.331    30.8975     6.1362          1          1  0.000e+00
  1024.4351     31.951     32.215    30.8837     6.1321          1          1  0.000e+00
  1024.4383     31.847     32.111    30.8869     6.1224          1          1  0.000e+00
  1024.4383     31.732     31.994    30.8860     6.1121          1          1  0.000e+00
  1024.4403     31.631     31.893    30.8876     6.1015          1          1  0.000e+00
  1024.4439     31.528     31.789    30.8911     6.0915          1          1  0.000e+00
  1024.4495     31.424     31.684    30.8976     6.0827          1          1  0.000e+00
  1024.4466     31.315     31.574    30.8936     6.0765          1          1  0.000e+00
  1024.4518     31.193     31.451    30.8999     6.0697          1          1  0.000e+00
  1024.4521     31.061     31.317    30.9002     6.0643          1          1  0.000e+00
  1024.4516     30.909     31.165    30.8998     6.0600          1          1  0.000e+00
  1024.4516     30.747     31.001    30.9001     6.0552          1          1  0.000e+00
  1024.4536     30.575     30.828    30.9029     6.0503          1          1  0.000e+00
  1024.4528     30.403     30.654    30.9023     6.0467          1          1  0.000e+00
  1024.4516     30.230     30.479    30.9013     6.0431          1          1  0.000e+00
  1024.4540     30.059     30.307    30.9047     6.0392          1          1  0.000e+00
  1024.4564     29.896     30.143    30.9083     6.0366          1          1  0.000e+00
  1024.4597     29.740     29.986    30.9134     6.0358          1          1  0.000e+00
  1024.4615     29.599     29.844    30.9168     6.0375          1          1  0.000e+00
  1024.4579     29.470     29.713    30.9134     6.0405          1          1  0.000e+00
  1024.4563     29.358     29.601    30.9124     6.0430          1          1  0.000e+00
  1024.4552     29.259     29.500    30.9118     6.0445          1          1  0.000e+00
  1024.4541     29.175     29.416    30.9112     6.0458          1          1  0.000e+00
  1024.4526     29.099     29.339    30.9098     6.0466          1          1  0.000e+00
  1024.4502     29.035     29.275    30.9072     6.0469          1          1  0.000e+00
  1024.4503     28.975     29.214    30.9075     6.0461          1          1  0.000e+00
  1024.4522     28.923     29.162    30.9101     6.0452          1          1  0.000e+00
  1024.4515     28.868     29.106    30.9096     6.0453          1          1  0.000e+00
  1024.4473     28.812     29.049    30.9046     6.0453          1          1  0.000e+00
  1024.4459     28.744     28.981    30.9029     6.0432          1          1  0.000e+00
  1024.4473     28.664     28.901    30.9047     6.0401          1          1  0.000e+00
  1024.4609     28.572     28.808    30.9222     6.0378          1          1  0.000e+00
  1024.4752     28.469     28.704    30.9416     6.0429          1          1  0.000e+00
  1024.4691     28.355     28.589    30.9367     6.0568          1          1  0.000e+00
  1024.4798     28.232     28.465    30.9531     6.0711          1          1  0.000e+00
  1024.4698     28.100     28.332    30.9441     6.0907          1          1  0.000e+00
  1024.4567     27.960     28.191    30.9313     6.1092          1          1  0.000e+00
  1024.4500     27.810     28.039    30.9257     6.1226          1          1  0.000e+00
  1024.4472     27.650     27.878    30.9245     6.1320          1          1  0.000e+00
  1024.4385     27.475     27.702    30.9157     6.1405          1          1  0.000e+00
  1024.4287     27.290     27.516    30.9053     6.1458          1          1  0.000e+00
  1024.4332     27.097     27.321    30.9121     6.1464          1          1  0.000e+00
  1024.4303     26.903     27.125    30.9100     6.1485          1          1  0.000e+00
  1024.4093     26.709     26.930    30.8846     6.1497          1          1  0.000e+00
  1024.4126     26.523     26.742    30.8888     6.1416          1          1  0.000e+00
  1024.4148     26.347     26.564    30.8911     6.1321          1          1  0.000e+00
  1024.4174     26.189     26.405    30.8941     6.1238          1          1  0.000e+00
  1024.4227     26.053     26.268    30.9005     6.1171          1          1  0.000e+00
  1024.4250     25.935     26.149    30.9036     6.1129          1          1  0.000e+00
  1024.4426     25.831     26.044    30.9263     6.1114          1          1  0.000e+00
  1024.4343     25.742     25.954    30.9173     6.1180          1          1  0.000e+00
  1024.4399     25.665     25.877    30.9257     6.1240          1          1  0.000e+00
  1024.4447     25.601     25.812    30.9334     6.1321          1          1  0.000e+00
  1024.5182     25.545     25.755    31.0294     6.1482          1          1  0.000e+00
  1024.5608     25.500     25.710    31.0918     6.2012          1          1  0.000e+00
  1024.5730     25.462     25.672    31.1208     6.2867          1          1  0.000e+00
  1024.5429     25.427     25.637    31.0987     6.3889          1          1  0.000e+00
  1024.5091     25.394     25.603    31.0713     6.4862          1          1  0.000e+00
  1024.4542     25.359     25.568    31.0150     6.5693          1          1  0.000e+00
  1024.3755     25.319     25.528    30.9245     6.6270          1          1  0.000e+00
  1024.3331     25.272     25.481    30.8742     6.6469          1          1  0.000e+00
  1024.2920     25.216     25.424    30.8207     6.6365          1          1  0.000e+00
  1024.3090     25.143     25.350    30.8371     6.6017          1          1  0.000e+00
  1024.3320     25.053     25.259    30.8616     6.5687          1          1  0.000e+00
  1024.3533     24.941     25.147    30.8857     6.5467          1          1  0.000e+00
  1024.3732     24.807     25.011    30.9103     6.5369          1          1  0.000e+00
  1024.3794     24.646     24.849    30.9194     6.5381          1          1  0.000e+00
  1024.3826     24.461     24.663    30.9256     6.5451          1          1  0.000e+00
  1024.3695     24.261     24.461    30.9116     6.5547          1          1  0.000e+00
  1024.3637     24.047     24.245    30.9063     6.5594          1          1  0.000e+00
  1024.3688     23.830     24.027    30.9143     6.5608          1          1  0.000e+00
  1024.3770     23.615     23.810    30.9266     6.5651          1          1  0.000e+00
  1024.3898     23.414     23.607    30.9458     6.5763          1          1  0.000e+00
  1024.3807     23.229     23.421    30.9387     6.5968          1          1  0.000e+00
  1024.3640     23.064     23.254    30.9212     6.6141          1          1  0.000e+00
  1024.3739     22.923     23.112    30.9365     6.6255          1          1  0.000e+00
  1024.3706     22.809     22.997    30.9353     6.6402          1          1  0.000e+00
  1024.3687     22.717     22.905    30.9358     6.6550          1          1  0.000e+00
  1024.3633     22.644     22.831    30.9317     6.6696          1          1  0.000e+00
  1024.4156     22.590     22.776    31.0011     6.6866          1          1  0.000e+00
  1024.3842     22.554     22.740    30.9679     6.7261          1          1  0.000e+00
  1024.3695     22.533     22.719    30.9547     6.7593          1          1  0.000e+00
  1024.3511     22.520     22.706    30.9354     6.7845          1          1  0.000e+00
  1024.3092     22.508     22.693    30.8848     6.8006          1          1  0.000e+00
  1024.3001     22.489     22.674    30.8726     6.7949          1          1  0.000e+00
  1024.2936     22.465     22.650    30.8619     6.7798          1          1  0.000e+00
  1024.3032     22.431     22.616    30.8711     6.7599          1          1  0.000e+00
  1024.3148     22.385     22.569    30.8834     6.7426          1          1  0.000e+00
  1024.3259     22.319     22.503    30.8959     6.7312          1          1  0.000e+00
  1024.3322     22.230     22.413    30.9035     6.7254          1          1  0.000e+00
  1024.3341     22.114     22.297    30.9064     6.7238          1          1  0.000e+00
  1024.3349     21.970     22.151    30.9083     6.7240          1          1  0.000e+00
  1024.3328     21.805     21.984    30.9068     6.7251          1          1  0.000e+00
  1024.3325     21.614     21.792    30.9077     6.7256          1          1  0.000e+00
  1024.3324     21.404     21.580    30.9088     6.7264          1          1  0.000e+00
  1024.3336     21.182     21.356    30.9119     6.7278          1          1  0.000e+00
  1024.3458     20.954     21.126    30.9293     6.7308          1          1  0.000e+00
  1024.3550     20.728     20.899    30.9440     6.7412          1          1  0.000e+00
  1024.3646     20.515     20.684    30.9603     6.7586          1          1  0.000e+00
  1024.3777     20.322     20.489    30.9823     6.7853          1          1  0.000e+00
