data/eDNA/PER-2021-171/171a007.cnv
* Sea-Bird SBE19plus  Data File:
* FileName = C:\Users\RSG_field\Ryan_2021_Perley\CTD\171a007.hex
* Software version 2.3.0 SB_Terminal.dll
* Temperature SN = 7141
* Conductivity SN = 7141
* System UpLoad Time = Aug 09 2021 17:37:39
* <ApplicationData>
* <SeatermAF>
** Platform: M. Perley
** Cruise: Per2021171
** Station:  ESI_06
** Cast: 01 01
** Latitude: N  44 49.384
** Longitude: W 62 29.060
** Sounding: 17.5
** Chief Scientist: Ryan Stanley
** Comment: 171a007
** Station shifted from original location due to navigational hazard
# nquan = 8
# nvalues = 2047                                  
# units = specified
# name 0 = density00: Density [density, kg/m^3]
# name 1 = depSM: Depth [salt water, m], lat = 45.00
# name 2 = prdM: Pressure, Strain Gauge [db]
# name 3 = sal00: Salinity, Practical [PSU]
# name 4 = tv290C: Temperature [ITS-90, deg C]
# name 5 = bpos: Bottle Position in Carousel
# name 6 = nbf: Bottles Fired
# name 7 = flag:  0.000e+00
# span 0 =   998.8200,  1023.8628                 
# span 1 =      0.020,     16.366                 
# span 2 =      0.021,     16.500                 
# span 3 =     0.0000,    30.9428                 
# span 4 =     8.7595,    17.5080                 
# span 5 =          0,          3                 
# span 6 =          0,          3                 
# span 7 = 0.0000e+00, 0.0000e+00                 
# interval = seconds: 0.25
# start_time = Aug 09 2021 20:24:03 [Instrument's time stamp, header]
# bad_flag = -9.990e-29
*END*
[from data line 1439]
  1023.8149     16.227     16.360    30.6505     8.8286          0          0  0.000e+00
  1023.8145     16.190     16.323    30.6512     8.8342          0          0  0.000e+00
  1023.8148     16.138     16.271    30.6534     8.8421          0          0  0.000e+00
  1023.8116     16.076     16.209    30.6514     8.8512          0          0  0.000e+00
  1023.8026     16.012     16.143    30.6419     8.8599          0          0  0.000e+00
  1023.8045     15.949     16.080    30.6457     8.8647          0          0  0.000e+00
  1023.8042     15.896     16.027    30.6467     8.8702          0          0  0.000e+00
  1023.7978     15.850     15.980    30.6402     8.8773          0          0  0.000e+00
  1023.8019     15.816     15.946    30.6465     8.8822          0          0  0.000e+00
  1023.8135     15.796     15.925    30.6630     8.8904          0          0  0.000e+00
  1023.8021     15.786     15.916    30.6519     8.9077          0          0  0.000e+00
  1023.8044     15.788     15.918    30.6576     8.9224          0          0  0.000e+00
  1023.8043     15.803     15.933    30.6605     8.9387          0          0  0.000e+00
  1023.7908     15.828     15.959    30.6471     8.9591          0          0  0.000e+00
  1023.7818     15.856     15.986    30.6382     8.9738          0          0  0.000e+00
  1023.7606     15.889     16.019    30.6126     8.9825          0          0  0.000e+00
  1023.7462     15.922     16.053    30.5932     8.9789          0          0  0.000e+00
  1023.7461     15.958     16.089    30.5897     8.9620          0          0  0.000e+00
  1023.7556     15.995     16.126    30.5974     8.9405          0          0  0.000e+00
  1023.7706     16.036     16.168    30.6129     8.9218          0          0  0.000e+00
  1023.7734     16.079     16.211    30.6140     8.9108          0          0  0.000e+00
  1023.7690     16.119     16.251    30.6060     8.8994          0          0  0.000e+00
  1023.7768     16.158     16.291    30.6128     8.8840          0          0  0.000e+00
  1023.7850     16.187     16.320    30.6207     8.8718          0          0  0.000e+00
  1023.7878     16.200     16.334    30.6225     8.8630          0          0  0.000e+00
  1023.7973     16.195     16.328    30.6334     8.8558          0          0  0.000e+00
  1023.8067     16.165     16.298    30.6451     8.8540          0          0  0.000e+00
  1023.8066     16.116     16.248    30.6462     8.8584          0          0  0.000e+00
  1023.8094     16.048     16.180    30.6514     8.8648          0          0  0.000e+00
  1023.8120     15.970     16.102    30.6570     8.8742          0          0  0.000e+00
  1023.7978     15.898     16.029    30.6417     8.8872          0          0  0.000e+00
  1023.7945     15.840     15.970    30.6393     8.8946          0          0  0.000e+00
  1023.7879     15.802     15.932    30.6318     8.8985          0          0  0.000e+00
  1023.7806     15.790     15.920    30.6229     8.9003          0          0  0.000e+00
  1023.7875     15.801     15.931    30.6310     8.8969          0          0  0.000e+00
  1023.7901     15.828     15.959    30.6339     8.8956          0          0  0.000e+00
  1023.7929     15.864     15.995    30.6375     8.8967          0          0  0.000e+00
  1023.7870     15.904     16.034    30.6304     8.9001          0          0  0.000e+00
  1023.7725     15.944     16.075    30.6115     8.9000          0          0  0.000e+00
  1023.7724     15.973     16.104    30.6093     8.8898          0          0  0.000e+00
  1023.7825     15.993     16.124    30.6195     8.8763          0          0  0.000e+00
  1023.7908     16.001     16.133    30.6284     8.8674          0          0  0.000e+00
  1023.7977     16.000     16.132    30.6364     8.8632          0          0  0.000e+00
  1023.7948     15.995     16.126    30.6327     8.8630          0          0  0.000e+00
  1023.7958     15.994     16.125    30.6339     8.8621          0          0  0.000e+00
  1023.7990     16.000     16.132    30.6377     8.8612          0          0  0.000e+00
  1023.7971     16.015     16.147    30.6353     8.8620          0          0  0.000e+00
  1023.7933     16.038     16.170    30.6305     8.8623          0          0  0.000e+00
  1023.7925     16.067     16.199    30.6288     8.8604          0          0  0.000e+00
  1023.7976     16.093     16.226    30.6346     8.8568          0          0  0.000e+00
  1023.8002     16.110     16.243    30.6375     8.8558          0          0  0.000e+00
  1023.7971     16.115     16.247    30.6338     8.8568          0          0  0.000e+00
  1023.8001     16.098     16.230    30.6376     8.8561          0          0  0.000e+00
  1023.8055     16.066     16.198    30.6449     8.8570          0          0  0.000e+00
  1023.8086     16.028     16.159    30.6501     8.8624          0          0  0.000e+00
  1023.8154     15.982     16.113    30.6608     8.8717          0          0  0.000e+00
  1023.8149     15.943     16.074    30.6634     8.8873          0          0  0.000e+00
  1023.8042     15.916     16.047    30.6535     8.9060          0          0  0.000e+00
  1023.7930     15.905     16.035    30.6420     8.9206          0          0  0.000e+00
  1023.7973     15.909     16.040    30.6492     8.9292          0          0  0.000e+00
  1023.8047     15.917     16.048    30.6609     8.9413          0          0  0.000e+00
  1023.7975     15.931     16.062    30.6556     8.9618          0          0  0.000e+00
  1023.7800     15.944     16.075    30.6369     8.9815          0          0  0.000e+00
  1023.7617     15.953     16.085    30.6153     8.9914          0          0  0.000e+00
  1023.7581     15.957     16.088    30.6105     8.9902          0          0  0.000e+00
  1023.7624     15.953     16.085    30.6148     8.9839          0          0  0.000e+00
  1023.7737     15.948     16.079    30.6284     8.9797          0          0  0.000e+00
  1023.7793     15.947     16.078    30.6359     8.9816          0          0  0.000e+00
  1023.7850     15.949     16.080    30.6448     8.9896          0          0  0.000e+00
  1023.7803     15.958     16.089    30.6413     9.0027          0          0  0.000e+00
  1023.7621     15.970     16.102    30.6205     9.0154          0          0  0.000e+00
  1023.7414     15.992     16.123    30.5941     9.0172          0          0  0.000e+00
  1023.7352     16.017     16.149    30.5837     9.0046          0          0  0.000e+00
  1023.7264     16.044     16.175    30.5680     8.9834          0          0  0.000e+00
  1023.7408     16.069     16.201    30.5803     8.9516          0          0  0.000e+00
  1023.7584     16.095     16.228    30.5971     8.9233          0          0  0.000e+00
  1023.7756     16.116     16.248    30.6150     8.9025          0          0  0.000e+00
  1023.7925     16.123     16.256    30.6345     8.8918          0          0  0.000e+00
  1023.7998     16.123     16.256    30.6437     8.8908          0          0  0.000e+00
  1023.8178     16.106     16.239    30.6680     8.8972          0          0  0.000e+00
  1023.8123     16.080     16.212    30.6648     8.9162          0          0  0.000e+00
  1023.8078     16.048     16.180    30.6634     8.9377          0          0  0.000e+00
  1023.8008     16.016     16.148    30.6589     8.9603          0          0  0.000e+00
  1023.7914     15.995     16.126    30.6511     8.9812          0          0  0.000e+00
  1023.7788     15.985     16.117    30.6386     8.9995          0          0  0.000e+00
  1023.7584     15.992     16.123    30.6148     9.0113          0          0  0.000e+00
  1023.7237     16.008     16.139    30.5699     9.0096          0          0  0.000e+00
  1023.7183     16.033     16.165    30.5581     8.9845          0          0  0.000e+00
  1023.7382     16.057     16.189    30.5761     8.9469          0          0  0.000e+00
  1023.7634     16.073     16.205    30.6020     8.9147          0          0  0.000e+00
  1023.7835     16.075     16.208    30.6241     8.8959          0          0  0.000e+00
  1023.7934     16.064     16.196    30.6354     8.8888          0          0  0.000e+00
  1023.8003     16.041     16.173    30.6445     8.8896          0          0  0.000e+00
  1023.8102     16.003     16.135    30.6588     8.8966          0          0  0.000e+00
  1023.8195     15.959     16.090    30.6740     8.9122          0          0  0.000e+00
  1023.8242     15.915     16.046    30.6853     8.9386          0          0  0.000e+00
  1023.8046     15.884     16.014    30.6671     8.9730          0          0  0.000e+00
  1023.7874     15.871     16.001    30.6505     9.0007          0          0  0.000e+00
  1023.7749     15.877     16.008    30.6382     9.0202          0          0  0.000e+00
  1023.7733     15.909     16.040    30.6386     9.0336          0          0  0.000e+00
  1023.7705     15.961     16.092    30.6374     9.0469          0          0  0.000e+00
  1023.7222     16.022     16.154    30.5773     9.0576          0          0  0.000e+00
  1023.7033     16.081     16.213    30.5493     9.0397          0          0  0.000e+00
  1023.7176     16.132     16.264    30.5597     9.0011          0          0  0.000e+00
  1023.7311     16.170     16.303    30.5695     8.9634          0          0  0.000e+00
  1023.7533     16.193     16.326    30.5911     8.9286          0          0  0.000e+00
  1023.7781     16.207     16.340    30.6180     8.9043          0          0  0.000e+00
  1023.7975     16.211     16.344    30.6408     8.8941          0          0  0.000e+00
  1023.7945     16.212     16.345    30.6374     8.8963          0          0  0.000e+00
  1023.7984     16.208     16.341    30.6432     8.9003          0          0  0.000e+00
  1023.7945     16.199     16.333    30.6395     8.9067          0          0  0.000e+00
  1023.7923     16.190     16.323    30.6377     8.9114          0          0  0.000e+00
  1023.7899     16.175     16.308    30.6353     8.9150          0          0  0.000e+00
  1023.7876     16.154     16.287    30.6332     8.9185          0          0  0.000e+00
  1023.7887     16.121     16.254    30.6352     8.9206          0          0  0.000e+00
  1023.8075     16.075     16.208    30.6604     8.9251          0          0  0.000e+00
  1023.8000     16.020     16.152    30.6545     8.9426          0          0  0.000e+00
  1023.7878     15.958     16.089    30.6427     8.9601          0          0  0.000e+00
  1023.7839     15.897     16.028    30.6401     8.9710          0          0  0.000e+00
  1023.7785     15.839     15.969    30.6354     8.9809          1          1  0.000e+00
  1023.7516     15.796     15.925    30.6027     8.9879          1          1  0.000e+00
  1023.7340     15.771     15.901    30.5785     8.9782          1          1  0.000e+00
  1023.7659     15.775     15.905    30.6146     8.9541          1          1  0.000e+00
  1023.8014     15.807     15.937    30.6581     8.9452          1          1  0.000e+00
  1023.8270     15.868     15.998    30.6940     8.9637          1          1  0.000e+00
  1023.7933     15.952     16.084    30.6577     9.0011          1          1  0.000e+00
  1023.7399     16.040     16.172    30.5934     9.0249          1          1  0.000e+00
  1023.7295     16.122     16.255    30.5779     9.0160          1          1  0.000e+00
  1023.7172     16.180     16.313    30.5572     8.9921          1          1  0.000e+00
  1023.7387     16.208     16.341    30.5775     8.9555          1          1  0.000e+00
  1023.7615     16.208     16.341    30.6009     8.9257          1          1  0.000e+00
  1023.7989     16.182     16.316    30.6455     8.9081          1          1  0.000e+00
  1023.8230     16.135     16.267    30.6775     8.9132          1          1  0.000e+00
  1023.8075     16.082     16.214    30.6631     8.9394          1          1  0.000e+00
  1023.7880     16.030     16.162    30.6428     8.9622          1          1  0.000e+00
  1023.7802     15.995     16.126    30.6355     8.9745          1          1  0.000e+00
  1023.7656     15.979     16.110    30.6184     8.9819          1          1  0.000e+00
  1023.7366     15.987     16.119    30.5809     8.9804          1          1  0.000e+00
  1023.7544     16.013     16.145    30.5994     8.9592          1          1  0.000e+00
  1023.7780     16.047     16.179    30.6262     8.9427          1          1  0.000e+00
  1023.7747     16.082     16.214    30.6213     8.9397          1          1  0.000e+00
  1023.7769     16.111     16.244    30.6232     8.9363          1          1  0.000e+00
  1023.7802     16.125     16.258    30.6268     8.9333          1          1  0.000e+00
  1023.7929     16.125     16.258    30.6429     8.9325          1          1  0.000e+00
  1023.7956     16.107     16.240    30.6478     8.9401          1          1  0.000e+00
  1023.7981     16.078     16.210    30.6536     8.9522          1          1  0.000e+00
  1023.7920     16.039     16.171    30.6491     8.9682          1          1  0.000e+00
  1023.7799     16.001     16.133    30.6369     8.9837          1          1  0.000e+00
  1023.7789     15.960     16.091    30.6378     8.9940          1          1  0.000e+00
  1023.7742     15.930     16.061    30.6338     9.0036          1          1  0.000e+00
  1023.7834     15.906     16.037    30.6473     9.0118          1          1  0.000e+00
  1023.7920     15.896     16.027    30.6614     9.0275          1          1  0.000e+00
  1023.7846     15.905     16.036    30.6568     9.0529          1          1  0.000e+00
  1023.7696     15.923     16.054    30.6424     9.0778          1          1  0.000e+00
  1023.7356     15.954     16.085    30.6021     9.0952          1          1  0.000e+00
  1023.7277     15.988     16.120    30.5913     9.0929          1          1  0.000e+00
  1023.7266     16.025     16.156    30.5875     9.0817          1          1  0.000e+00
  1023.7384     16.051     16.183    30.5996     9.0669          1          1  0.000e+00
  1023.7455     16.080     16.212    30.6065     9.0567          1          1  0.000e+00
  1023.7501     16.100     16.232    30.6112     9.0508          1          1  0.000e+00
  1023.7618     16.108     16.241    30.6255     9.0478          1          1  0.000e+00
  1023.7659     16.105     16.238    30.6315     9.0518          1          1  0.000e+00
  1023.7601     16.091     16.224    30.6258     9.0602          1          1  0.000e+00
  1023.7568     16.066     16.198    30.6230     9.0669          1          1  0.000e+00
  1023.7564     16.039     16.171    30.6237     9.0721          1          1  0.000e+00
  1023.7554     16.013     16.145    30.6237     9.0776          1          1  0.000e+00
  1023.7522     15.998     16.130    30.6208     9.0834          1          1  0.000e+00
  1023.7495     15.994     16.125    30.6182     9.0881          1          1  0.000e+00
  1023.7542     16.011     16.142    30.6249     9.0918          1          1  0.000e+00
  1023.7589     16.045     16.177    30.6322     9.0991          1          1  0.000e+00
  1023.7600     16.096     16.228    30.6354     9.1107          1          1  0.000e+00
  1023.7573     16.155     16.288    30.6347     9.1263          1          1  0.000e+00
  1023.7114     16.211     16.344    30.5784     9.1404          1          1  0.000e+00
  1023.7003     16.251     16.385    30.5615     9.1273          1          1  0.000e+00
  1023.7118     16.278     16.412    30.5708     9.1006          1          1  0.000e+00
  1023.7167     16.277     16.411    30.5719     9.0740          1          1  0.000e+00
  1023.7667     16.248     16.382    30.6312     9.0490          1          1  0.000e+00
  1023.7908     16.193     16.326    30.6628     9.0520          1          1  0.000e+00
