data/eDNA/PER-2021-171/171a015.cnv
* Sea-Bird SBE19plus  Data File:
* FileName = C:\Users\RSG_field\Ryan_2021_Perley\CTD\171a015.hex
* Software version 2.3.0 SB_Terminal.dll
* Temperature SN = 7141
* Conductivity SN = 7141
* System UpLoad Time = Aug 12 2021 14:08:01
* <ApplicationData>
* <SeatermAF>
** Platform: M. Perley
** Cruise: Per2021171
** Station:  ESI_09
** Cast: 01 1
** Latitude: N  44 44.412
** Longitude: W 62 43.655
** Sounding: 17.5
** Chief Scientist: Ryan Stanley
** Comment: 171a015
# nquan = 8
# nvalues = 2042                                  
# units = specified
# name 0 = density00: Density [density, kg/m^3]
# name 1 = depSM: Depth [salt water, m], lat = 45.00
# name 2 = prdM: Pressure, Strain Gauge [db]
# name 3 = sal00: Salinity, Practical [PSU]
# name 4 = tv290C: Temperature [ITS-90, deg C]
# name 5 = bpos: Bottle Position in Carousel
# name 6 = nbf: Bottles Fired
# name 7 = flag:  0.000e+00
# span 0 =   998.6078,  1023.9828                 
# span 1 =     -0.074,     17.962                 
# span 2 =     -0.074,     18.110                 
# span 3 =     0.0076,    30.8053                 
# span 4 =     8.3770,    18.1193                 
# span 5 =          0,          3                 
# span 6 =          0,          3                 
# span 7 = 0.0000e+00, 0.0000e+00                 
# interval = seconds: 0.25
# start_time = Aug 12 2021 16:56:10 [Instrument's time stamp, header]
# bad_flag = -9.990e-29
*END*
[from data line 1798]
  1023.8999     17.678     17.823    30.6958     8.5393          1          1  0.000e+00
  1023.8998     17.649     17.794    30.6962     8.5411          1          1  0.000e+00
  1023.8994     17.618     17.763    30.6962     8.5432          1          1  0.000e+00
  1023.8997     17.593     17.738    30.6972     8.5454          1          1  0.000e+00
  1023.9019     17.565     17.710    30.7008     8.5486          1          1  0.000e+00
  1023.9021     17.541     17.685    30.7021     8.5537          1          1  0.000e+00
  1023.8975     17.514     17.658    30.6975     8.5598          1          1  0.000e+00
  1023.8942     17.454     17.598    30.6944     8.5642          1          1  0.000e+00
  1023.8917     17.360     17.502    30.6923     8.5668          1          1  0.000e+00
  1023.8919     17.278     17.420    30.6934     8.5683          1          1  0.000e+00
  1023.8923     17.189     17.330    30.6947     8.5702          1          1  0.000e+00
  1023.8918     17.104     17.245    30.6951     8.5731          1          1  0.000e+00
  1023.8914     17.025     17.165    30.6957     8.5764          1          1  0.000e+00
  1023.8966     16.937     17.076    30.7037     8.5805          1          1  0.000e+00
  1023.8904     16.849     16.987    30.6977     8.5878          1          1  0.000e+00
  1023.8959     16.747     16.885    30.7065     8.5947          1          1  0.000e+00
  1023.9047     16.612     16.749    30.7207     8.6054          1          1  0.000e+00
  1023.9441     16.454     16.590    30.7761     8.6281          1          1  0.000e+00
  1023.9041     16.310     16.444    30.7347     8.6749          1          1  0.000e+00
  1023.8926     16.162     16.295    30.7278     8.7111          1          1  0.000e+00
  1023.8611     16.016     16.147    30.6941     8.7413          1          1  0.000e+00
  1023.8470     15.875     16.005    30.6797     8.7556          1          1  0.000e+00
  1023.8498     15.736     15.865    30.6852     8.7617          1          1  0.000e+00
  1023.8407     15.602     15.730    30.6754     8.7672          1          1  0.000e+00
  1023.8421     15.477     15.604    30.6784     8.7696          1          1  0.000e+00
  1023.8392     15.355     15.481    30.6762     8.7738          1          1  0.000e+00
  1023.8434     15.233     15.359    30.6829     8.7769          1          1  0.000e+00
  1023.8415     15.125     15.249    30.6822     8.7830          1          1  0.000e+00
  1023.8409     15.020     15.144    30.6836     8.7910          1          1  0.000e+00
  1023.8337     14.920     15.042    30.6764     8.7979          1          1  0.000e+00
  1023.8387     14.820     14.942    30.6845     8.8038          1          1  0.000e+00
  1023.8436     14.715     14.836    30.6930     8.8125          1          1  0.000e+00
  1023.8307     14.612     14.732    30.6794     8.8245          1          1  0.000e+00
  1023.8287     14.504     14.623    30.6792     8.8331          1          1  0.000e+00
  1023.8337     14.394     14.512    30.6877     8.8415          1          1  0.000e+00
  1023.8328     14.280     14.398    30.6895     8.8529          1          1  0.000e+00
  1023.8313     14.167     14.283    30.6908     8.8668          1          1  0.000e+00
  1023.8283     14.054     14.169    30.6909     8.8835          1          1  0.000e+00
  1023.8135     13.938     14.053    30.6761     8.9010          1          1  0.000e+00
  1023.7970     13.817     13.931    30.6574     8.9102          1          1  0.000e+00
  1023.8031     13.695     13.808    30.6657     8.9090          1          1  0.000e+00
  1023.8276     13.574     13.686    30.6986     8.9132          1          1  0.000e+00
  1023.8162     13.456     13.566    30.6885     8.9332          1          1  0.000e+00
  1023.8240     13.339     13.449    30.7031     8.9535          1          1  0.000e+00
  1023.8207     13.225     13.333    30.7044     8.9789          1          1  0.000e+00
  1023.7903     13.115     13.223    30.6717     9.0070          1          1  0.000e+00
  1023.7805     13.007     13.114    30.6628     9.0227          1          1  0.000e+00
  1023.7989     12.907     13.013    30.6889     9.0325          1          1  0.000e+00
  1023.8006     12.809     12.914    30.6955     9.0529          1          1  0.000e+00
  1023.7994     12.716     12.820    30.7002     9.0818          1          1  0.000e+00
  1023.7866     12.630     12.734    30.6908     9.1147          1          1  0.000e+00
  1023.7715     12.539     12.642    30.6775     9.1431          1          1  0.000e+00
  1023.7391     12.448     12.550    30.6411     9.1660          1          1  0.000e+00
  1023.7976     12.351     12.453    30.7192     9.1796          1          1  0.000e+00
  1023.7676     12.249     12.350    30.6899     9.2230          1          1  0.000e+00
  1023.7365     12.142     12.242    30.6584     9.2617          1          1  0.000e+00
  1023.7456     12.024     12.122    30.6753     9.2852          1          1  0.000e+00
  1023.7183     11.896     11.994    30.6468     9.3133          1          1  0.000e+00
  1023.6960     11.761     11.857    30.6220     9.3287          1          1  0.000e+00
  1023.7217     11.624     11.720    30.6567     9.3336          1          1  0.000e+00
  1023.7332     11.485     11.580    30.6765     9.3549          1          1  0.000e+00
  1023.7827     11.345     11.438    30.7490     9.3970          1          1  0.000e+00
  1023.7492     11.208     11.300    30.7234     9.4790          1          1  0.000e+00
  1023.8004     11.072     11.163    30.8053     9.5561          1          1  0.000e+00
  1023.7738     10.938     11.028    30.7955     9.6722          1          1  0.000e+00
  1023.6509     10.800     10.889    30.6637     9.7936          1          1  0.000e+00
  1023.6687     10.663     10.750    30.7010     9.8604          1          1  0.000e+00
  1023.6668     10.531     10.618    30.7161     9.9417          1          1  0.000e+00
  1023.6167     10.392     10.478    30.6741    10.0446          1          1  0.000e+00
  1023.5857     10.252     10.337    30.6533    10.1314          1          1  0.000e+00
  1023.5436     10.120     10.203    30.6156    10.2052          1          1  0.000e+00
  1023.5455      9.992     10.074    30.6312    10.2641          1          1  0.000e+00
  1023.5812      9.875      9.956    30.6916    10.3297          1          1  0.000e+00
  1023.5058      9.768      9.848    30.6181    10.4360          1          1  0.000e+00
  1023.4462      9.674      9.753    30.5594    10.5167          1          1  0.000e+00
  1023.4289      9.585      9.663    30.5449    10.5500          1          1  0.000e+00
  1023.4293      9.499      9.577    30.5510    10.5735          1          1  0.000e+00
  1023.4593      9.414      9.491    30.5983    10.6118          1          1  0.000e+00
  1023.4352      9.327      9.404    30.5835    10.6847          1          1  0.000e+00
  1023.5331      9.232      9.307    30.7261    10.7589          1          1  0.000e+00
  1023.4716      9.129      9.204    30.6772    10.8931          1          1  0.000e+00
  1023.3590      9.020      9.094    30.5649    11.0372          1          1  0.000e+00
  1023.4055      8.902      8.975    30.6470    11.1343          1          1  0.000e+00
  1023.3620      8.773      8.845    30.6204    11.2615          1          1  0.000e+00
  1023.2518      8.639      8.710    30.5067    11.3831          1          1  0.000e+00
  1023.1548      8.501      8.571    30.3974    11.4484          1          1  0.000e+00
  1023.1361      8.355      8.424    30.3752    11.4527          1          1  0.000e+00
  1023.1849      8.216      8.284    30.4362    11.4409          1          1  0.000e+00
  1023.2483      8.081      8.147    30.5242    11.4655          1          1  0.000e+00
  1023.2247      7.945      8.010    30.5124    11.5431          1          1  0.000e+00
  1023.3558      7.811      7.875    30.6998    11.6204          1          1  0.000e+00
  1023.2796      7.678      7.741    30.6384    11.7763          1          1  0.000e+00
  1023.2137      7.551      7.613    30.5940    11.9461          1          1  0.000e+00
  1023.1865      7.419      7.480    30.5943    12.0929          1          1  0.000e+00
  1023.1210      7.288      7.348    30.5464    12.2440          1          1  0.000e+00
  1023.0272      7.160      7.218    30.4557    12.3679          1          1  0.000e+00
  1023.0350      7.027      7.085    30.4857    12.4476          1          1  0.000e+00
  1023.0075      6.898      6.954    30.4712    12.5314          1          1  0.000e+00
  1022.9533      6.774      6.829    30.4220    12.6138          1          1  0.000e+00
  1022.8679      6.651      6.705    30.3270    12.6739          1          1  0.000e+00
  1022.9102      6.536      6.590    30.3872    12.6941          1          1  0.000e+00
  1022.8616      6.429      6.482    30.3329    12.7263          1          1  0.000e+00
  1022.8982      6.334      6.386    30.3833    12.7368          1          1  0.000e+00
  1022.9220      6.246      6.297    30.4233    12.7723          1          1  0.000e+00
  1022.9245      6.166      6.217    30.4450    12.8452          1          1  0.000e+00
  1022.8559      6.093      6.143    30.3761    12.9239          1          1  0.000e+00
  1022.8734      6.018      6.067    30.4102    12.9682          1          1  0.000e+00
  1022.8643      5.932      5.981    30.4117    13.0195          1          1  0.000e+00
  1022.8319      5.838      5.886    30.3861    13.0828          2          2  0.000e+00
  1022.9018      5.730      5.777    30.4909    13.1378          2          2  0.000e+00
  1022.9056      5.608      5.654    30.5240    13.2473          2          2  0.000e+00
  1022.9691      5.461      5.506    30.6458    13.4003          2          2  0.000e+00
  1022.8522      5.302      5.346    30.5492    13.6110          2          2  0.000e+00
  1022.6365      5.137      5.179    30.3152    13.7833          2          2  0.000e+00
  1022.6283      4.966      5.007    30.3222    13.8477          2          2  0.000e+00
  1022.7065      4.792      4.831    30.4352    13.8881          2          2  0.000e+00
  1022.6965      4.626      4.664    30.4490    13.9871          2          2  0.000e+00
  1022.6881      4.476      4.512    30.4729    14.1165          2          2  0.000e+00
  1022.6182      4.340      4.376    30.4223    14.2648          2          2  0.000e+00
  1022.5707      4.221      4.256    30.3960    14.3951          2          2  0.000e+00
  1022.5708      4.119      4.152    30.4274    14.5096          2          2  0.000e+00
  1022.4657      4.033      4.066    30.3259    14.6377          2          2  0.000e+00
  1022.5001      3.954      3.987    30.3939    14.7221          2          2  0.000e+00
  1022.5502      3.878      3.910    30.4925    14.8438          2          2  0.000e+00
  1022.3736      3.807      3.838    30.3140    15.0284          2          2  0.000e+00
  1022.3508      3.730      3.760    30.3129    15.1302          2          2  0.000e+00
  1022.2676      3.640      3.670    30.2271    15.2092          2          2  0.000e+00
  1022.2002      3.539      3.568    30.1512    15.2493          2          2  0.000e+00
  1022.1792      3.421      3.449    30.1233    15.2453          2          2  0.000e+00
  1022.3708      3.292      3.319    30.3686    15.2281          2          2  0.000e+00
  1022.3961      3.158      3.184    30.4320    15.3351          2          2  0.000e+00
  1022.2820      3.015      3.040    30.3350    15.5154          2          2  0.000e+00
  1022.1179      2.868      2.891    30.1635    15.6614          2          2  0.000e+00
  1022.0843      2.720      2.743    30.1382    15.7235          3          3  0.000e+00
  1022.1765      2.571      2.592    30.2696    15.7606          3          3  0.000e+00
  1022.1097      2.426      2.446    30.2146    15.8702          3          3  0.000e+00
  1022.0416      2.288      2.307    30.1560    15.9722          3          3  0.000e+00
  1022.0169      2.161      2.178    30.1452    16.0440          3          3  0.000e+00
  1021.9727      2.048      2.065    30.1046    16.1011          3          3  0.000e+00
  1021.9606      1.947      1.963    30.1024    16.1460          3          3  0.000e+00
  1021.9659      1.849      1.864    30.1227    16.1903          3          3  0.000e+00
  1021.9467      1.745      1.760    30.1152    16.2488          3          3  0.000e+00
  1021.9589      1.632      1.645    30.1496    16.3103          3          3  0.000e+00
  1021.9355      1.504      1.516    30.1450    16.3962          3          3  0.000e+00
  1021.8899      1.362      1.373    30.1175    16.5028          3          3  0.000e+00
  1021.8661      1.197      1.207    30.1198    16.6128          3          3  0.000e+00
  1021.7779      1.028      1.036    30.0462    16.7498          3          3  0.000e+00
  1021.7142      0.855      0.862    29.9977    16.8634          3          3  0.000e+00
  1021.6201      0.699      0.705    29.9030    16.9546          3          3  0.000e+00
  1021.6195      0.558      0.563    29.9142    16.9917          3          3  0.000e+00
  1021.6110      0.431      0.435    29.9155    17.0307          3          3  0.000e+00
  1021.6181      0.313      0.316    29.9404    17.0806          3          3  0.000e+00
  1021.5409      0.192      0.194    29.8603    17.1475          3          3  0.000e+00
  1021.5371      0.084      0.085    29.8688    17.1897          3          3  0.000e+00
  1021.5198      0.015      0.016    29.8594    17.2322          3          3  0.000e+00
  1021.4910     -0.031     -0.031    29.8397    17.2908          3          3  0.000e+00
  1021.3643     -0.052     -0.053    29.6971    17.3662          3          3  0.000e+00
  1021.3000     -0.048     -0.048    29.6269    17.4119          3          3  0.000e+00
  1021.3260     -0.048     -0.048    29.6409    17.3461          3          3  0.000e+00
  1021.3488     -0.047     -0.047    29.6340    17.2244          3          3  0.000e+00
  1021.3234     -0.047     -0.047    29.5689    17.1185          3          3  0.000e+00
  1021.4111     -0.046     -0.046    29.6394    16.9713          3          3  0.000e+00
  1021.4986     -0.049     -0.050    29.7057    16.8097          3          3  0.000e+00
  1021.5523     -0.047     -0.047    29.7404    16.6905          3          3  0.000e+00
  1021.5931     -0.047     -0.047    29.7642    16.5901          3          3  0.000e+00
  1021.6350     -0.049     -0.050    29.7914    16.4965          3          3  0.000e+00
  1021.6835     -0.048     -0.048    29.8294    16.4097          3          3  0.000e+00
  1021.7234     -0.051     -0.052    29.8595    16.3345          3          3  0.000e+00
  1009.2025     -0.048     -0.048    13.4694    16.2774          3          3  0.000e+00
  1003.6796     -0.049     -0.050     6.2246    16.2313          3          3  0.000e+00
  1003.1910     -0.050     -0.051     5.5776    16.1977          3          3  0.000e+00
  1001.6267     -0.051     -0.052     3.5299    16.1829          3          3  0.000e+00
  1001.5059     -0.049     -0.050     3.3696    16.1715          3          3  0.000e+00
  1001.7708     -0.051     -0.052     3.7124    16.1576          3          3  0.000e+00
  1001.4786     -0.050     -0.051     3.3270    16.1403          3          3  0.000e+00
  1000.8576     -0.049     -0.050     2.5124    16.1200          3          3  0.000e+00
  1000.5348     -0.050     -0.051     2.0869    16.0980          3          3  0.000e+00
  1000.2538     -0.049     -0.050     1.7158    16.0743          3          3  0.000e+00
  1000.4001     -0.051     -0.052     1.9008    16.0493          3          3  0.000e+00
