data/eDNA/PER-2021-171/171a012.cnv
* Sea-Bird SBE19plus  Data File:
* FileName = C:\Users\RSG_field\Ryan_2021_Perley\CTD\171a012.hex
* Software version 2.3.0 SB_Terminal.dll
* Temperature SN = 7141
* Conductivity SN = 7141
* System UpLoad Time = Aug 12 2021 09:09:10
* <ApplicationData>
* <SeatermAF>
** Platform: M. Perley
** Cruise: Per2021171
** Station:  ESI_16
** Cast: 01 1
** Latitude: N  44 35.607
** Longitude: W 62 3979
** Sounding: 108
** Chief Scientist: Ryan Stanley
** Comment: First cast didn't work adjusted bottom pressure
# nquan = 8
# nvalues = 3380                                  
# units = specified
# name 0 = density00: Density [density, kg/m^3]
# name 1 = depSM: Depth [salt water, m], lat = 45.00
# name 2 = prdM: Pressure, Strain Gauge [db]
# name 3 = sal00: Salinity, Practical [PSU]
# name 4 = tv290C: Temperature [ITS-90, deg C]
# name 5 = bpos: Bottle Position in Carousel
# name 6 = nbf: Bottles Fired
# name 7 = flag:  0.000e+00
# span 0 =   998.5983,  1026.4896                 
# span 1 =     -0.067,    100.763                 
# span 2 =     -0.068,    101.612                 
# span 3 =     0.0084,    32.8082                 
# span 4 =     3.2375,    18.5101                 
# span 5 =          0,          2                 
# span 6 =          0,          2                 
# span 7 = 0.0000e+00, 0.0000e+00                 
# interval = seconds: 0.25
# start_time = Aug 12 2021 11:51:08 [Instrument's time stamp, header]
# bad_flag = -9.990e-29
*END*
[from data line 540]
  1021.7206      2.129      2.146    30.5047    18.5037          0          0  0.000e+00
  1021.7208      2.031      2.048    30.5048    18.5010          0          0  0.000e+00
  1021.7224      1.938      1.954    30.5064    18.4981          0          0  0.000e+00
  1021.7242      1.860      1.875    30.5086    18.4962          0          0  0.000e+00
  1021.7252      1.804      1.818    30.5100    18.4956          0          0  0.000e+00
  1021.7253      1.788      1.802    30.5105    18.4961          0          0  0.000e+00
  1021.7264      1.811      1.826    30.5120    18.4970          0          0  0.000e+00
  1021.7254      1.884      1.900    30.5108    18.4986          0          0  0.000e+00
  1021.7257      1.993      2.010    30.5110    18.4998          0          0  0.000e+00
  1021.7259      2.113      2.130    30.5110    18.5012          0          0  0.000e+00
  1021.7258      2.223      2.242    30.5105    18.5020          0          0  0.000e+00
  1021.7262      2.304      2.323    30.5108    18.5029          0          0  0.000e+00
  1021.7261      2.363      2.383    30.5106    18.5039          0          0  0.000e+00
  1021.7255      2.395      2.415    30.5100    18.5048          0          0  0.000e+00
  1021.7250      2.398      2.418    30.5095    18.5054          0          0  0.000e+00
  1021.7242      2.374      2.393    30.5085    18.5054          0          0  0.000e+00
  1021.7233      2.345      2.364    30.5074    18.5051          0          0  0.000e+00
  1021.7234      2.316      2.334    30.5074    18.5038          0          0  0.000e+00
  1021.7230      2.295      2.314    30.5066    18.5027          0          0  0.000e+00
  1021.7239      2.287      2.306    30.5073    18.5010          0          0  0.000e+00
  1021.7254      2.282      2.300    30.5089    18.4997          0          0  0.000e+00
  1021.7265      2.273      2.292    30.5102    18.4994          0          0  0.000e+00
  1021.7262      2.260      2.279    30.5100    18.4997          0          0  0.000e+00
  1021.7262      2.238      2.256    30.5103    18.5001          0          0  0.000e+00
  1021.7251      2.206      2.224    30.5093    18.5008          0          0  0.000e+00
  1021.7254      2.164      2.182    30.5098    18.5006          0          0  0.000e+00
  1021.7242      2.114      2.131    30.5086    18.5006          0          0  0.000e+00
  1021.7234      2.066      2.083    30.5078    18.5006          0          0  0.000e+00
  1021.7232      2.024      2.041    30.5075    18.4998          0          0  0.000e+00
  1021.7236      1.991      2.007    30.5079    18.4989          0          0  0.000e+00
  1021.7241      1.969      1.985    30.5085    18.4980          0          0  0.000e+00
  1021.7250      1.966      1.982    30.5095    18.4976          0          0  0.000e+00
  1021.7266      1.981      1.997    30.5115    18.4976          0          0  0.000e+00
  1021.7263      2.016      2.032    30.5114    18.4988          0          0  0.000e+00
  1021.7261      2.065      2.082    30.5112    18.5002          0          0  0.000e+00
  1021.7253      2.130      2.147    30.5101    18.5015          0          0  0.000e+00
  1021.7259      2.198      2.216    30.5108    18.5022          0          0  0.000e+00
  1021.7257      2.255      2.274    30.5105    18.5031          0          0  0.000e+00
  1021.7252      2.299      2.317    30.5099    18.5041          0          0  0.000e+00
  1021.7249      2.326      2.345    30.5095    18.5046          0          0  0.000e+00
  1021.7243      2.329      2.348    30.5089    18.5050          0          0  0.000e+00
  1021.7236      2.303      2.322    30.5081    18.5050          0          0  0.000e+00
  1021.7231      2.258      2.277    30.5075    18.5044          0          0  0.000e+00
  1021.7223      2.202      2.220    30.5065    18.5035          0          0  0.000e+00
  1021.7217      2.147      2.165    30.5056    18.5022          0          0  0.000e+00
  1021.7232      2.108      2.125    30.5071    18.4999          0          0  0.000e+00
  1021.7248      2.109      2.126    30.5086    18.4985          0          0  0.000e+00
  1021.7263      2.154      2.172    30.5102    18.4977          0          0  0.000e+00
  1021.7273      2.233      2.251    30.5112    18.4981          0          0  0.000e+00
  1021.7273      2.308      2.327    30.5110    18.4992          0          0  0.000e+00
  1021.7271      2.356      2.375    30.5108    18.5005          0          0  0.000e+00
  1021.7266      2.378      2.397    30.5105    18.5016          0          0  0.000e+00
  1021.7260      2.380      2.400    30.5099    18.5022          0          0  0.000e+00
  1021.7248      2.345      2.364    30.5087    18.5027          0          0  0.000e+00
  1021.7243      2.266      2.284    30.5085    18.5025          0          0  0.000e+00
  1021.7223      2.161      2.178    30.5063    18.5021          0          0  0.000e+00
  1021.7223      2.065      2.082    30.5063    18.5005          0          0  0.000e+00
  1021.7243      1.994      2.011    30.5087    18.4985          0          0  0.000e+00
  1021.7243      1.940      1.956    30.5089    18.4978          0          0  0.000e+00
  1021.7239      1.900      1.916    30.5084    18.4975          0          0  0.000e+00
  1021.7248      1.861      1.876    30.5097    18.4971          0          0  0.000e+00
  1021.7248      1.836      1.851    30.5099    18.4972          0          0  0.000e+00
  1021.7249      1.835      1.850    30.5101    18.4974          0          0  0.000e+00
  1021.7276      1.859      1.874    30.5137    18.4984          0          0  0.000e+00
  1021.7270      1.910      1.925    30.5135    18.5006          0          0  0.000e+00
  1021.7268      1.988      2.004    30.5136    18.5033          0          0  0.000e+00
  1021.7257      2.108      2.125    30.5123    18.5058          0          0  0.000e+00
  1021.7245      2.255      2.274    30.5104    18.5078          0          0  0.000e+00
  1021.7247      2.405      2.424    30.5101    18.5086          0          0  0.000e+00
  1021.7253      2.525      2.546    30.5103    18.5089          0          0  0.000e+00
  1021.7252      2.605      2.626    30.5099    18.5094          0          0  0.000e+00
  1021.7252      2.631      2.653    30.5097    18.5098          0          0  0.000e+00
  1021.7242      2.611      2.633    30.5087    18.5101          0          0  0.000e+00
  1021.7239      2.556      2.577    30.5086    18.5098          0          0  0.000e+00
  1021.7222      2.454      2.474    30.5067    18.5094          0          0  0.000e+00
  1021.7219      2.328      2.347    30.5066    18.5078          0          0  0.000e+00
  1021.7233      2.212      2.230    30.5085    18.5060          0          0  0.000e+00
  1021.7240      2.118      2.136    30.5097    18.5051          0          0  0.000e+00
  1021.7235      2.057      2.074    30.5094    18.5051          0          0  0.000e+00
  1021.7230      2.030      2.047    30.5090    18.5052          0          0  0.000e+00
  1021.7240      2.022      2.038    30.5101    18.5047          0          0  0.000e+00
  1021.7245      2.021      2.037    30.5110    18.5051          0          0  0.000e+00
  1021.7239      2.027      2.044    30.5104    18.5060          0          0  0.000e+00
  1021.7238      2.023      2.039    30.5106    18.5069          0          0  0.000e+00
  1021.7233      2.007      2.023    30.5102    18.5076          0          0  0.000e+00
  1021.7225      1.986      2.002    30.5095    18.5082          0          0  0.000e+00
  1021.7219      1.958      1.974    30.5089    18.5084          0          0  0.000e+00
  1021.7213      1.926      1.942    30.5082    18.5079          0          0  0.000e+00
  1021.7216      1.906      1.922    30.5085    18.5073          0          0  0.000e+00
  1021.7222      1.913      1.928    30.5091    18.5068          0          0  0.000e+00
  1021.7225      1.950      1.966    30.5091    18.5065          0          0  0.000e+00
  1021.7244      2.014      2.031    30.5112    18.5063          0          0  0.000e+00
  1021.7240      2.103      2.121    30.5104    18.5071          0          0  0.000e+00
  1021.7241      2.212      2.230    30.5103    18.5080          0          0  0.000e+00
  1021.7247      2.311      2.330    30.5106    18.5085          0          0  0.000e+00
  1021.7245      2.399      2.419    30.5101    18.5092          0          0  0.000e+00
  1021.7246      2.479      2.499    30.5098    18.5096          0          0  0.000e+00
  1021.7245      2.539      2.560    30.5094    18.5098          0          0  0.000e+00
  1021.7247      2.565      2.586    30.5095    18.5097          0          0  0.000e+00
  1021.7249      2.558      2.579    30.5097    18.5093          0          0  0.000e+00
  1021.7248      2.532      2.552    30.5095    18.5091          0          0  0.000e+00
  1021.7238      2.487      2.508    30.5086    18.5091          0          0  0.000e+00
  1021.7235      2.425      2.444    30.5083    18.5085          0          0  0.000e+00
  1021.7230      2.359      2.378    30.5078    18.5077          0          0  0.000e+00
  1021.7226      2.289      2.308    30.5074    18.5067          0          0  0.000e+00
  1021.7232      2.212      2.230    30.5083    18.5055          0          0  0.000e+00
  1021.7236      2.118      2.136    30.5089    18.5045          0          0  0.000e+00
  1021.7234      2.020      2.036    30.5092    18.5042          0          0  0.000e+00
  1021.7227      1.914      1.929    30.5088    18.5039          0          0  0.000e+00
  1021.7222      1.807      1.821    30.5087    18.5037          0          0  0.000e+00
  1021.7220      1.710      1.724    30.5088    18.5031          0          0  0.000e+00
  1021.7227      1.639      1.653    30.5100    18.5027          0          0  0.000e+00
  1021.7228      1.611      1.624    30.5104    18.5029          0          0  0.000e+00
  1021.7234      1.646      1.659    30.5113    18.5037          0          0  0.000e+00
  1021.7243      1.752      1.766    30.5121    18.5046          0          0  0.000e+00
  1021.7241      1.914      1.929    30.5114    18.5062          0          0  0.000e+00
  1021.7244      2.099      2.116    30.5112    18.5076          0          0  0.000e+00
  1021.7247      2.280      2.299    30.5108    18.5086          0          0  0.000e+00
  1021.7244      2.426      2.446    30.5099    18.5095          0          0  0.000e+00
  1021.7247      2.517      2.537    30.5097    18.5097          0          0  0.000e+00
  1021.7246      2.551      2.572    30.5094    18.5096          0          0  0.000e+00
  1021.7248      2.550      2.571    30.5097    18.5094          0          0  0.000e+00
  1021.7246      2.509      2.530    30.5095    18.5091          0          0  0.000e+00
  1021.7236      2.422      2.442    30.5087    18.5090          0          0  0.000e+00
  1021.7230      2.328      2.347    30.5082    18.5084          0          0  0.000e+00
  1021.7229      2.269      2.287    30.5081    18.5073          0          0  0.000e+00
  1021.7233      2.254      2.272    30.5085    18.5064          0          0  0.000e+00
  1021.7243      2.265      2.283    30.5094    18.5056          0          0  0.000e+00
  1021.7243      2.270      2.288    30.5093    18.5052          0          0  0.000e+00
  1021.7252      2.259      2.278    30.5104    18.5050          0          0  0.000e+00
  1021.7248      2.239      2.257    30.5102    18.5054          0          0  0.000e+00
  1021.7241      2.198      2.216    30.5096    18.5057          0          0  0.000e+00
  1021.7242      2.135      2.153    30.5101    18.5057          0          0  0.000e+00
  1021.7236      2.054      2.070    30.5098    18.5059          0          0  0.000e+00
  1021.7220      1.973      1.989    30.5083    18.5062          0          0  0.000e+00
  1021.7219      1.914      1.929    30.5082    18.5055          0          0  0.000e+00
  1021.7224      1.894      1.909    30.5088    18.5046          0          0  0.000e+00
  1021.7237      1.917      1.933    30.5102    18.5042          0          0  0.000e+00
  1021.7256      1.975      1.991    30.5124    18.5045          0          0  0.000e+00
  1021.7251      2.045      2.062    30.5118    18.5059          0          0  0.000e+00
  1021.7243      2.116      2.133    30.5108    18.5075          0          0  0.000e+00
  1021.7240      2.172      2.190    30.5104    18.5084          0          0  0.000e+00
  1021.7237      2.206      2.224    30.5100    18.5089          0          0  0.000e+00
  1021.7232      2.216      2.234    30.5095    18.5093          0          0  0.000e+00
  1021.7227      2.207      2.225    30.5088    18.5091          0          0  0.000e+00
  1021.7226      2.193      2.211    30.5086    18.5086          0          0  0.000e+00
  1021.7228      2.181      2.199    30.5086    18.5078          0          0  0.000e+00
  1021.7225      2.174      2.192    30.5081    18.5072          0          0  0.000e+00
  1021.7223      2.177      2.194    30.5076    18.5063          0          0  0.000e+00
  1021.7232      2.190      2.208    30.5082    18.5049          0          0  0.000e+00
  1021.7264      2.210      2.229    30.5121    18.5041          0          0  0.000e+00
  1021.7262      2.241      2.260    30.5119    18.5051          0          0  0.000e+00
  1021.7258      2.277      2.296    30.5116    18.5065          0          0  0.000e+00
  1021.7247      2.305      2.324    30.5105    18.5079          0          0  0.000e+00
  1021.7244      2.331      2.350    30.5101    18.5086          0          0  0.000e+00
  1021.7244      2.347      2.366    30.5101    18.5087          0          0  0.000e+00
  1021.7240      2.344      2.363    30.5097    18.5090          0          0  0.000e+00
  1021.7237      2.326      2.345    30.5094    18.5089          0          0  0.000e+00
  1021.7226      2.302      2.320    30.5080    18.5089          0          0  0.000e+00
  1021.7234      2.272      2.291    30.5089    18.5079          0          0  0.000e+00
  1021.7228      2.234      2.252    30.5083    18.5075          0          0  0.000e+00
  1021.7229      2.202      2.220    30.5083    18.5069          0          0  0.000e+00
  1021.7227      2.173      2.191    30.5079    18.5058          0          0  0.000e+00
  1021.7231      2.143      2.160    30.5082    18.5048          0          0  0.000e+00
  1021.7234      2.111      2.128    30.5085    18.5037          0          0  0.000e+00
  1021.7241      2.069      2.086    30.5095    18.5031          0          0  0.000e+00
  1021.7251      2.020      2.036    30.5110    18.5028          0          0  0.000e+00
  1021.7239      1.963      1.980    30.5100    18.5036          0          0  0.000e+00
  1021.7225      1.896      1.911    30.5086    18.5038          0          0  0.000e+00
  1021.7222      1.838      1.853    30.5084    18.5033          0          0  0.000e+00
  1021.7226      1.809      1.823    30.5089    18.5026          0          0  0.000e+00
  1021.7234      1.818      1.833    30.5098    18.5023          0          0  0.000e+00
  1021.7261      1.867      1.882    30.5130    18.5023          0          0  0.000e+00
  1021.7257      1.968      1.984    30.5125    18.5041          0          0  0.000e+00
  1021.7252      2.105      2.123    30.5117    18.5061          0          0  0.000e+00
  1021.7249      2.245      2.264    30.5109    18.5074          0          0  0.000e+00
  1021.7246      2.372      2.391    30.5101    18.5084          0          0  0.000e+00
  1021.7251      2.463      2.483    30.5103    18.5089          0          0  0.000e+00
  1021.7249      2.515      2.535    30.5099    18.5094          0          0  0.000e+00
