data/eDNA/PER-2021-171/171a024.cnv
* Sea-Bird SBE19plus  Data File:
* FileName = C:\Users\RSG_field\Ryan_2021_Perley\CTD\171a024.hex
* Software version 2.3.0 SB_Terminal.dll
* Temperature SN = 7141
* Conductivity SN = 7141
* System UpLoad Time = Aug 17 2021 18:59:49
* <ApplicationData>
* <SeatermAF>
** Platform: M. Perley
** Cruise: Per2021171
** Station:  SAB_09
** Cast: 01 1
** Latitude: N  46 5.293
** Longitude: W 59 11.953
** Sounding: 85.6
** Chief Scientist: Ryan Stanley
** Comment: 171a024
# nquan = 8
# nvalues = 3062                                  
# units = specified
# name 0 = density00: Density [density, kg/m^3]
# name 1 = depSM: Depth [salt water, m], lat = 45.00
# name 2 = prdM: Pressure, Strain Gauge [db]
# name 3 = sal00: Salinity, Practical [PSU]
# name 4 = tv290C: Temperature [ITS-90, deg C]
# name 5 = bpos: Bottle Position in Carousel
# name 6 = nbf: Bottles Fired
# name 7 = flag:  0.000e+00
# span 0 =   998.3966,  1026.1552                 
# span 1 =     -0.045,     73.917                 
# span 2 =     -0.045,     74.535                 
# span 3 =     0.0101,    32.3241                 
# span 4 =     2.3093,    19.4667                 
# span 5 =          0,          2                 
# span 6 =          0,          2                 
# span 7 = 0.0000e+00, 0.0000e+00                 
# interval = seconds: 0.25
# start_time = Aug 17 2021 21:10:27 [Instrument's time stamp, header]
# bad_flag = -9.990e-29
*END*
[from data line 2158]
  1026.1219     73.484     74.099    32.2836     2.3157          1          1  0.000e+00
  1026.1228     73.436     74.051    32.2849     2.3149          1          1  0.000e+00
  1026.1235     73.385     73.999    32.2861     2.3150          1          1  0.000e+00
  1026.1226     73.338     73.951    32.2853     2.3158          1          1  0.000e+00
  1026.1214     73.298     73.912    32.2841     2.3164          1          1  0.000e+00
  1026.1219     73.272     73.885    32.2850     2.3168          1          1  0.000e+00
  1026.1188     73.259     73.872    32.2813     2.3175          1          1  0.000e+00
  1026.1182     73.257     73.870    32.2804     2.3169          1          1  0.000e+00
  1026.1200     73.270     73.883    32.2824     2.3154          1          1  0.000e+00
  1026.1221     73.288     73.901    32.2848     2.3140          1          1  0.000e+00
  1026.1223     73.308     73.921    32.2849     2.3132          1          1  0.000e+00
  1026.1238     73.321     73.934    32.2866     2.3126          1          1  0.000e+00
  1026.1230     73.323     73.936    32.2856     2.3129          1          1  0.000e+00
  1026.1237     73.309     73.922    32.2867     2.3134          1          1  0.000e+00
  1026.1242     73.280     73.893    32.2876     2.3145          1          1  0.000e+00
  1026.1206     73.236     73.849    32.2834     2.3161          1          1  0.000e+00
  1026.1178     73.180     73.792    32.2804     2.3168          1          1  0.000e+00
  1026.1169     73.120     73.732    32.2795     2.3163          1          1  0.000e+00
  1026.1170     73.063     73.674    32.2800     2.3157          1          1  0.000e+00
  1026.1181     73.020     73.630    32.2816     2.3154          1          1  0.000e+00
  1026.1163     72.996     73.607    32.2795     2.3159          1          1  0.000e+00
  1026.1136     72.994     73.605    32.2762     2.3161          1          1  0.000e+00
  1026.1124     73.022     73.633    32.2744     2.3149          1          1  0.000e+00
  1026.1126     73.076     73.687    32.2741     2.3132          1          1  0.000e+00
  1026.1176     73.147     73.759    32.2799     2.3119          1          1  0.000e+00
  1026.1233     73.222     73.835    32.2864     2.3110          1          1  0.000e+00
  1026.1270     73.294     73.907    32.2906     2.3106          1          1  0.000e+00
  1026.1287     73.351     73.964    32.2923     2.3102          1          1  0.000e+00
  1026.1288     73.389     74.003    32.2923     2.3103          1          1  0.000e+00
  1026.1276     73.406     74.020    32.2908     2.3107          1          1  0.000e+00
  1026.1265     73.400     74.014    32.2895     2.3117          1          1  0.000e+00
  1026.1236     73.379     73.993    32.2861     2.3128          1          1  0.000e+00
  1026.1208     73.349     73.963    32.2828     2.3137          1          1  0.000e+00
  1026.1201     73.321     73.934    32.2822     2.3147          1          1  0.000e+00
  1026.1185     73.300     73.913    32.2803     2.3152          1          1  0.000e+00
  1026.1174     73.295     73.908    32.2790     2.3151          1          1  0.000e+00
  1026.1194     73.302     73.915    32.2815     2.3144          1          1  0.000e+00
  1026.1201     73.323     73.936    32.2821     2.3138          1          1  0.000e+00
  1026.1224     73.356     73.969    32.2848     2.3132          1          1  0.000e+00
  1026.1244     73.392     74.006    32.2869     2.3125          1          1  0.000e+00
  1026.1258     73.428     74.042    32.2885     2.3122          1          1  0.000e+00
  1026.1262     73.454     74.069    32.2888     2.3119          1          1  0.000e+00
  1026.1231     73.476     74.090    32.2847     2.3118          1          1  0.000e+00
  1026.1229     73.479     74.094    32.2845     2.3121          1          1  0.000e+00
  1026.1227     73.459     74.073    32.2845     2.3128          1          1  0.000e+00
  1026.1211     73.425     74.039    32.2828     2.3143          1          1  0.000e+00
  1026.1205     73.379     73.993    32.2824     2.3151          1          1  0.000e+00
  1026.1212     73.329     73.943    32.2837     2.3163          1          1  0.000e+00
  1026.1189     73.282     73.895    32.2812     2.3179          1          1  0.000e+00
  1026.1163     73.247     73.859    32.2783     2.3188          1          1  0.000e+00
  1026.1131     73.229     73.841    32.2744     2.3185          1          1  0.000e+00
  1026.1111     73.230     73.842    32.2717     2.3172          1          1  0.000e+00
  1026.1121     73.246     73.858    32.2727     2.3153          1          1  0.000e+00
  1026.1160     73.274     73.887    32.2772     2.3131          1          1  0.000e+00
  1026.1188     73.322     73.935    32.2804     2.3118          1          1  0.000e+00
  1026.1233     73.376     73.990    32.2855     2.3111          1          1  0.000e+00
  1026.1258     73.438     74.052    32.2883     2.3114          1          1  0.000e+00
  1026.1267     73.495     74.110    32.2890     2.3112          1          1  0.000e+00
  1026.1277     73.542     74.157    32.2900     2.3109          1          1  0.000e+00
  1026.1294     73.558     74.174    32.2921     2.3110          1          1  0.000e+00
  1026.1292     73.544     74.159    32.2921     2.3120          1          1  0.000e+00
  1026.1276     73.489     74.103    32.2905     2.3136          1          1  0.000e+00
  1026.1247     73.395     74.009    32.2876     2.3155          1          1  0.000e+00
  1026.1225     73.279     73.892    32.2857     2.3166          1          1  0.000e+00
  1026.1202     73.146     73.758    32.2836     2.3171          1          1  0.000e+00
  1026.1196     73.026     73.637    32.2836     2.3175          1          1  0.000e+00
  1026.1178     72.936     73.546    32.2819     2.3178          1          1  0.000e+00
  1026.1149     72.888     73.498    32.2785     2.3176          1          1  0.000e+00
  1026.1147     72.887     73.497    32.2781     2.3165          1          1  0.000e+00
  1026.1124     72.935     73.545    32.2749     2.3145          1          1  0.000e+00
  1026.1125     73.021     73.632    32.2742     2.3124          1          1  0.000e+00
  1026.1156     73.130     73.742    32.2774     2.3110          1          1  0.000e+00
  1026.1220     73.245     73.857    32.2846     2.3102          1          1  0.000e+00
  1026.1265     73.350     73.963    32.2896     2.3100          1          1  0.000e+00
  1026.1271     73.429     74.043    32.2898     2.3100          1          1  0.000e+00
  1026.1253     73.483     74.098    32.2874     2.3102          1          1  0.000e+00
  1026.1266     73.501     74.116    32.2888     2.3106          1          1  0.000e+00
  1026.1266     73.486     74.101    32.2890     2.3116          1          1  0.000e+00
  1026.1249     73.452     74.066    32.2872     2.3128          1          1  0.000e+00
  1026.1233     73.405     74.019    32.2856     2.3141          1          1  0.000e+00
  1026.1214     73.357     73.971    32.2836     2.3148          1          1  0.000e+00
  1026.1209     73.317     73.930    32.2833     2.3149          1          1  0.000e+00
  1026.1208     73.285     73.898    32.2833     2.3150          1          1  0.000e+00
  1026.1197     73.263     73.876    32.2821     2.3152          1          1  0.000e+00
  1026.1208     73.243     73.855    32.2836     2.3149          1          1  0.000e+00
  1026.1228     73.223     73.835    32.2862     2.3146          1          1  0.000e+00
  1026.1241     73.197     73.809    32.2879     2.3141          1          1  0.000e+00
  1026.1237     73.173     73.785    32.2875     2.3137          1          1  0.000e+00
  1026.1229     73.138     73.749    32.2867     2.3135          1          1  0.000e+00
  1026.1232     73.101     73.712    32.2872     2.3136          1          1  0.000e+00
  1026.1220     73.058     73.669    32.2860     2.3142          1          1  0.000e+00
  1026.1217     73.018     73.629    32.2860     2.3144          1          1  0.000e+00
  1026.1222     72.986     73.597    32.2868     2.3145          1          1  0.000e+00
  1026.1217     72.964     73.574    32.2864     2.3148          1          1  0.000e+00
  1026.1213     72.958     73.568    32.2859     2.3148          1          1  0.000e+00
  1026.1207     72.974     73.585    32.2850     2.3145          1          1  0.000e+00
  1026.1210     73.013     73.623    32.2850     2.3138          1          1  0.000e+00
  1026.1210     73.065     73.676    32.2848     2.3134          1          1  0.000e+00
  1026.1199     73.129     73.741    32.2829     2.3131          1          1  0.000e+00
  1026.1209     73.202     73.815    32.2837     2.3128          1          1  0.000e+00
  1026.1244     73.270     73.883    32.2876     2.3120          1          1  0.000e+00
  1026.1266     73.331     73.944    32.2900     2.3117          1          1  0.000e+00
  1026.1284     73.378     73.992    32.2920     2.3116          1          1  0.000e+00
  1026.1299     73.409     74.023    32.2937     2.3118          1          1  0.000e+00
  1026.1280     73.416     74.030    32.2913     2.3128          1          1  0.000e+00
  1026.1273     73.404     74.018    32.2907     2.3135          1          1  0.000e+00
  1026.1253     73.378     73.992    32.2883     2.3143          1          1  0.000e+00
  1026.1248     73.343     73.957    32.2880     2.3150          1          1  0.000e+00
  1026.1243     73.305     73.918    32.2877     2.3159          1          1  0.000e+00
  1026.1237     73.268     73.881    32.2873     2.3168          1          1  0.000e+00
  1026.1228     73.239     73.851    32.2863     2.3173          1          1  0.000e+00
  1026.1240     73.225     73.837    32.2879     2.3174          1          1  0.000e+00
  1026.1243     73.223     73.835    32.2883     2.3172          1          1  0.000e+00
  1026.1257     73.238     73.850    32.2898     2.3161          1          1  0.000e+00
  1026.1274     73.263     73.876    32.2917     2.3148          1          1  0.000e+00
  1026.1303     73.297     73.910    32.2950     2.3134          1          1  0.000e+00
  1026.1326     73.318     73.931    32.2977     2.3129          1          1  0.000e+00
  1026.1335     73.291     73.904    32.2989     2.3125          1          1  0.000e+00
  1026.1347     73.212     73.824    32.3009     2.3126          1          1  0.000e+00
  1026.1322     73.103     73.714    32.2986     2.3144          1          1  0.000e+00
  1026.1285     72.967     73.577    32.2950     2.3165          1          1  0.000e+00
  1026.1278     72.777     73.386    32.2953     2.3169          1          1  0.000e+00
  1026.1266     72.563     73.170    32.2951     2.3168          1          1  0.000e+00
  1026.1253     72.368     72.973    32.2946     2.3167          1          1  0.000e+00
  1026.1221     72.143     72.747    32.2919     2.3167          1          1  0.000e+00
  1026.1176     71.938     72.539    32.2875     2.3165          1          1  0.000e+00
  1026.1151     71.763     72.363    32.2853     2.3157          1          1  0.000e+00
  1026.1152     71.627     72.226    32.2862     2.3152          1          1  0.000e+00
  1026.1111     71.522     72.120    32.2817     2.3148          1          1  0.000e+00
  1026.1102     71.465     72.062    32.2808     2.3142          1          1  0.000e+00
  1026.1088     71.432     72.029    32.2792     2.3135          1          1  0.000e+00
  1026.1067     71.414     72.011    32.2766     2.3127          1          1  0.000e+00
  1026.1042     71.402     71.999    32.2735     2.3122          1          1  0.000e+00
  1026.1041     71.380     71.977    32.2735     2.3120          1          1  0.000e+00
  1026.1072     71.340     71.936    32.2776     2.3122          1          1  0.000e+00
  1026.1033     71.262     71.858    32.2733     2.3131          1          1  0.000e+00
  1026.1020     71.168     71.763    32.2723     2.3142          1          1  0.000e+00
  1026.0972     71.070     71.664    32.2671     2.3154          1          1  0.000e+00
  1026.0920     70.938     71.531    32.2614     2.3166          1          1  0.000e+00
  1026.0828     70.789     71.380    32.2509     2.3173          1          1  0.000e+00
  1026.0756     70.648     71.238    32.2428     2.3184          1          1  0.000e+00
  1026.0701     70.494     71.083    32.2370     2.3198          1          1  0.000e+00
  1026.0644     70.355     70.943    32.2309     2.3215          1          1  0.000e+00
  1026.0587     70.251     70.838    32.2244     2.3232          1          1  0.000e+00
  1026.0523     70.139     70.725    32.2173     2.3251          1          1  0.000e+00
  1026.0429     70.084     70.669    32.2061     2.3271          1          1  0.000e+00
  1026.0321     70.041     70.626    32.1931     2.3300          1          1  0.000e+00
  1026.0210     70.025     70.610    32.1799     2.3351          1          1  0.000e+00
  1026.0113     70.021     70.606    32.1684     2.3427          1          1  0.000e+00
  1026.0033     70.003     70.588    32.1594     2.3515          1          1  0.000e+00
  1025.9969     69.948     70.532    32.1525     2.3597          1          1  0.000e+00
  1025.9958     69.833     70.417    32.1522     2.3639          1          1  0.000e+00
  1025.9974     69.648     70.230    32.1553     2.3631          1          1  0.000e+00
  1025.9974     69.401     69.981    32.1567     2.3624          1          1  0.000e+00
  1025.9975     69.088     69.665    32.1590     2.3659          1          1  0.000e+00
  1025.9939     68.768     69.342    32.1571     2.3738          1          1  0.000e+00
  1025.9912     68.429     69.000    32.1567     2.3835          1          1  0.000e+00
  1025.9877     68.130     68.699    32.1552     2.3940          1          1  0.000e+00
  1025.9859     67.889     68.456    32.1554     2.4044          1          1  0.000e+00
  1025.9829     67.704     68.269    32.1538     2.4151          1          1  0.000e+00
  1025.9821     67.591     68.156    32.1544     2.4253          1          1  0.000e+00
  1025.9856     67.528     68.091    32.1603     2.4359          1          1  0.000e+00
  1025.9807     67.516     68.080    32.1555     2.4487          1          1  0.000e+00
  1025.9928     67.554     68.118    32.1716     2.4612          1          1  0.000e+00
  1025.9916     67.609     68.174    32.1716     2.4780          1          1  0.000e+00
  1025.9789     67.659     68.224    32.1572     2.4963          1          1  0.000e+00
  1025.9698     67.691     68.256    32.1468     2.5080          1          1  0.000e+00
  1025.9641     67.685     68.250    32.1403     2.5144          1          1  0.000e+00
  1025.9561     67.608     68.173    32.1310     2.5178          1          1  0.000e+00
  1025.9526     67.483     68.047    32.1274     2.5171          1          1  0.000e+00
  1025.9559     67.276     67.838    32.1325     2.5148          1          1  0.000e+00
  1025.9525     67.025     67.585    32.1296     2.5141          1          1  0.000e+00
  1025.9478     66.769     67.326    32.1253     2.5140          1          1  0.000e+00
  1025.9463     66.487     67.042    32.1252     2.5148          1          1  0.000e+00
  1025.9451     66.234     66.787    32.1255     2.5180          1          1  0.000e+00
  1025.9353     66.022     66.573    32.1153     2.5253          1          1  0.000e+00
  1025.9369     65.859     66.409    32.1187     2.5303          1          1  0.000e+00
  1025.9327     65.757     66.306    32.1150     2.5404          1          1  0.000e+00
  1025.9246     65.699     66.247    32.1067     2.5541          1          1  0.000e+00
