data/eDNA/PER-2021-171/171a025.cnv
* Sea-Bird SBE19plus  Data File:
* FileName = C:\Users\RSG_field\Ryan_2021_Perley\CTD\171a025.hex
* Software version 2.3.0 SB_Terminal.dll
* Temperature SN = 7141
* Conductivity SN = 7141
* System UpLoad Time = Aug 18 2021 13:34:36
* <ApplicationData>
* <SeatermAF>
** Platform: M. Perley
** Cruise: Per2021171
** Station:  SAB_01
** Cast: 01 1
** Latitude: N  45 50.281
** Longitude: W 60 08.986
** Sounding: 13.4
** Chief Scientist: Ryan Stanley
** Comment: 171a025
# nquan = 8
# nvalues = 1767                                  
# units = specified
# name 0 = density00: Density [density, kg/m^3]
# name 1 = depSM: Depth [salt water, m], lat = 45.00
# name 2 = prdM: Pressure, Strain Gauge [db]
# name 3 = sal00: Salinity, Practical [PSU]
# name 4 = tv290C: Temperature [ITS-90, deg C]
# name 5 = bpos: Bottle Position in Carousel
# name 6 = nbf: Bottles Fired
# name 7 = flag:  0.000e+00
# span 0 =   998.8529,  1023.5225                 
# span 1 =     -0.018,     13.915                 
# span 2 =     -0.018,     14.029                 
# span 3 =     0.0091,    30.5711                 
# span 4 =     9.7329,    18.2761                 
# span 5 =          0,          3                 
# span 6 =          0,          3                 
# span 7 = 0.0000e+00, 0.0000e+00                 
# interval = seconds: 0.25
# start_time = Aug 18 2021 16:24:39 [Instrument's time stamp, header]
# bad_flag = -9.990e-29
*END*
[from data line 1618]
  1023.4183     13.820     13.934    30.3922    10.0100          1          1  0.000e+00
  1023.4170     13.767     13.880    30.3920    10.0155          1          1  0.000e+00
  1023.4150     13.670     13.783    30.3912    10.0216          1          1  0.000e+00
  1023.4100     13.556     13.667    30.3869    10.0281          1          1  0.000e+00
  1023.4090     13.438     13.549    30.3873    10.0331          1          1  0.000e+00
  1023.4041     13.305     13.414    30.3828    10.0378          1          1  0.000e+00
  1023.4013     13.165     13.273    30.3805    10.0406          1          1  0.000e+00
  1023.3996     13.026     13.133    30.3796    10.0427          1          1  0.000e+00
  1023.3979     12.888     12.994    30.3787    10.0446          1          1  0.000e+00
  1023.3965     12.762     12.867    30.3779    10.0458          1          1  0.000e+00
  1023.3962     12.635     12.739    30.3783    10.0466          1          1  0.000e+00
  1023.3958     12.509     12.611    30.3789    10.0483          1          1  0.000e+00
  1023.3982     12.385     12.486    30.3832    10.0504          1          1  0.000e+00
  1023.3994     12.263     12.364    30.3864    10.0549          1          1  0.000e+00
  1023.3953     12.145     12.245    30.3834    10.0620          1          1  0.000e+00
  1023.4179     12.037     12.136    30.4159    10.0759          1          1  0.000e+00
  1023.4100     11.932     12.030    30.4137    10.1113          1          1  0.000e+00
  1023.3707     11.830     11.927    30.3712    10.1466          1          1  0.000e+00
  1023.3552     11.723     11.820    30.3556    10.1636          1          1  0.000e+00
  1023.3585     11.610     11.705    30.3611    10.1667          1          1  0.000e+00
  1023.3918     11.497     11.592    30.4053    10.1704          1          1  0.000e+00
  1023.4225     11.378     11.471    30.4529    10.2059          1          1  0.000e+00
  1023.5003     11.259     11.351    30.5711    10.2898          1          1  0.000e+00
  1023.4731     11.130     11.221    30.5708    10.4487          1          1  0.000e+00
  1023.4031     10.994     11.084    30.5247    10.6486          1          1  0.000e+00
  1023.2995     10.857     10.946    30.4334    10.8371          1          1  0.000e+00
  1023.1092     10.722     10.810    30.2207    10.9794          1          1  0.000e+00
  1023.1272     10.587     10.674    30.2541    11.0222          1          1  0.000e+00
  1023.0838     10.448     10.534    30.2050    11.0494          1          1  0.000e+00
  1023.1319     10.315     10.399    30.2719    11.0680          1          1  0.000e+00
  1023.1347     10.182     10.266    30.2886    11.1238          1          1  0.000e+00
  1023.0819     10.056     10.138    30.2362    11.1901          1          1  0.000e+00
  1023.1297      9.933     10.014    30.3088    11.2361          1          1  0.000e+00
  1023.0970      9.814      9.895    30.2876    11.3261          1          1  0.000e+00
  1023.0347      9.701      9.780    30.2301    11.4240          1          1  0.000e+00
  1023.0215      9.594      9.672    30.2295    11.4932          1          1  0.000e+00
  1022.9831      9.487      9.565    30.1971    11.5652          1          1  0.000e+00
  1022.9546      9.381      9.458    30.1760    11.6305          1          1  0.000e+00
  1022.9537      9.276      9.352    30.1871    11.6816          1          1  0.000e+00
  1022.9265      9.164      9.240    30.1670    11.7431          1          1  0.000e+00
  1022.9576      9.052      9.126    30.2223    11.8062          1          1  0.000e+00
  1022.9533      8.937      9.010    30.2398    11.9027          1          1  0.000e+00
  1022.8863      8.817      8.889    30.1825    12.0243          1          1  0.000e+00
  1022.8559      8.695      8.766    30.1669    12.1213          1          1  0.000e+00
  1022.8363      8.573      8.643    30.1624    12.2060          1          1  0.000e+00
  1022.7691      8.450      8.519    30.0978    12.2962          1          1  0.000e+00
  1022.7531      8.325      8.393    30.0944    12.3657          1          1  0.000e+00
  1022.8339      8.200      8.267    30.2156    12.4326          1          1  0.000e+00
  1022.6880      8.073      8.139    30.0583    12.5589          1          1  0.000e+00
  1022.9716      7.948      8.013    30.4438    12.6345          1          1  0.000e+00
  1022.9957      7.824      7.888    30.5355    12.8786          1          1  0.000e+00
  1022.6844      7.704      7.767    30.2313    13.2706          1          1  0.000e+00
  1022.5786      7.585      7.647    30.1641    13.5430          1          1  0.000e+00
  1022.4629      7.470      7.531    30.0684    13.7517          1          1  0.000e+00
  1022.3834      7.355      7.415    30.0119    13.9286          1          1  0.000e+00
  1022.3291      7.241      7.300    29.9826    14.0842          1          1  0.000e+00
  1022.2722      7.128      7.187    29.9463    14.2241          1          1  0.000e+00
  1022.1824      7.014      7.071    29.8637    14.3502          1          1  0.000e+00
  1022.1707      6.906      6.962    29.8722    14.4368          1          1  0.000e+00
  1022.1390      6.798      6.853    29.8552    14.5250          1          1  0.000e+00
  1022.1184      6.689      6.744    29.8525    14.6123          1          1  0.000e+00
  1022.1162      6.581      6.635    29.8760    14.7075          1          1  0.000e+00
  1022.0435      6.474      6.527    29.8160    14.8328          1          1  0.000e+00
  1022.0250      6.370      6.423    29.8217    14.9400          1          1  0.000e+00
  1022.0216      6.261      6.313    29.8440    15.0356          1          1  0.000e+00
  1021.9462      6.154      6.205    29.7799    15.1567          1          1  0.000e+00
  1021.8865      6.046      6.096    29.7285    15.2496          1          1  0.000e+00
  1021.8915      5.937      5.986    29.7528    15.3115          1          1  0.000e+00
  1021.9276      5.827      5.874    29.8196    15.3805          2          2  0.000e+00
  1021.8621      5.709      5.756    29.7651    15.4883          2          2  0.000e+00
  1021.8912      5.592      5.638    29.8317    15.5882          2          2  0.000e+00
  1021.8380      5.473      5.517    29.7985    15.7136          2          2  0.000e+00
  1021.7549      5.350      5.393    29.7237    15.8289          2          2  0.000e+00
  1021.7004      5.225      5.267    29.6757    15.9071          2          2  0.000e+00
  1021.6806      5.101      5.142    29.6639    15.9538          2          2  0.000e+00
  1021.6704      4.977      5.017    29.6596    15.9828          2          2  0.000e+00
  1021.7407      4.848      4.888    29.7619    16.0178          2          2  0.000e+00
  1021.6830      4.726      4.765    29.7082    16.0899          2          2  0.000e+00
  1021.6170      4.602      4.640    29.6427    16.1588          2          2  0.000e+00
  1021.7088      4.486      4.522    29.7735    16.1948          2          2  0.000e+00
  1021.6494      4.367      4.403    29.7213    16.2801          2          2  0.000e+00
  1021.6734      4.249      4.284    29.7768    16.3609          2          2  0.000e+00
  1021.5723      4.134      4.168    29.6765    16.4668          2          2  0.000e+00
  1021.5443      4.019      4.052    29.6591    16.5300          2          2  0.000e+00
  1021.5137      3.906      3.938    29.6315    16.5695          2          2  0.000e+00
  1021.4944      3.794      3.825    29.6160    16.6006          2          2  0.000e+00
  1021.4807      3.682      3.712    29.6036    16.6171          2          2  0.000e+00
  1021.4759      3.570      3.599    29.6012    16.6279          2          2  0.000e+00
  1021.4777      3.459      3.487    29.6054    16.6322          2          2  0.000e+00
  1021.5087      3.345      3.373    29.6484    16.6383          2          2  0.000e+00
  1021.5069      3.236      3.263    29.6543    16.6645          2          2  0.000e+00
  1021.5518      3.117      3.143    29.7247    16.7022          2          2  0.000e+00
  1021.5740      3.005      3.030    29.7797    16.7874          2          2  0.000e+00
  1021.5388      2.893      2.916    29.7675    16.8993          2          2  0.000e+00
  1021.5351      2.775      2.798    29.7963    17.0096          3          3  0.000e+00
  1021.4152      2.660      2.682    29.6801    17.1422          3          3  0.000e+00
  1021.4363      2.546      2.567    29.7331    17.2243          3          3  0.000e+00
  1021.4176      2.426      2.446    29.7370    17.3155          3          3  0.000e+00
  1021.3553      2.309      2.327    29.6868    17.4164          3          3  0.000e+00
  1021.3612      2.188      2.206    29.7211    17.5016          3          3  0.000e+00
  1021.3315      2.067      2.084    29.7111    17.5932          3          3  0.000e+00
  1021.2769      1.945      1.961    29.6688    17.6858          3          3  0.000e+00
  1021.2411      1.824      1.839    29.6442    17.7560          3          3  0.000e+00
  1021.1935      1.701      1.715    29.5986    17.8076          3          3  0.000e+00
  1021.1551      1.580      1.593    29.5561    17.8304          3          3  0.000e+00
  1021.1603      1.461      1.473    29.5659    17.8379          3          3  0.000e+00
  1021.1634      1.336      1.346    29.5719    17.8418          3          3  0.000e+00
  1021.2055      1.212      1.221    29.6287    17.8450          3          3  0.000e+00
  1021.2305      1.084      1.093    29.6723    17.8776          3          3  0.000e+00
  1021.1975      0.965      0.972    29.6496    17.9416          3          3  0.000e+00
  1021.1402      0.848      0.855    29.5921    17.9959          3          3  0.000e+00
  1021.1203      0.732      0.738    29.5731    18.0163          3          3  0.000e+00
  1021.1157      0.622      0.627    29.5689    18.0200          3          3  0.000e+00
  1021.1131      0.517      0.521    29.5658    18.0191          3          3  0.000e+00
  1021.1326      0.406      0.409    29.5914    18.0169          3          3  0.000e+00
  1021.1503      0.290      0.293    29.6187    18.0281          3          3  0.000e+00
  1021.1396      0.180      0.182    29.6130    18.0528          3          3  0.000e+00
  1021.1023      0.090      0.091    29.5732    18.0802          3          3  0.000e+00
  1021.0759      0.001      0.001    29.5423    18.0901          3          3  0.000e+00
  1021.0383     -0.011     -0.011    29.4917    18.0857          3          3  0.000e+00
  1021.0420     -0.006     -0.006    29.4948    18.0800          3          3  0.000e+00
  1021.0732     -0.007     -0.007    29.5266    18.0509          3          3  0.000e+00
  1021.0982     -0.007     -0.007    29.5434    17.9996          3          3  0.000e+00
  1021.0287     -0.006     -0.006    29.4428    17.9689          3          3  0.000e+00
  1021.0322     -0.007     -0.007    29.4323    17.9203          3          3  0.000e+00
  1021.0934     -0.007     -0.007    29.4839    17.8280          3          3  0.000e+00
  1021.1313     -0.007     -0.007    29.5098    17.7513          3          3  0.000e+00
  1021.1494     -0.007     -0.007    29.5177    17.6998          3          3  0.000e+00
  1021.1597     -0.006     -0.006    29.5177    17.6562          3          3  0.000e+00
  1021.1684     -0.007     -0.007    29.5162    17.6140          3          3  0.000e+00
  1021.1835     -0.007     -0.007    29.5226    17.5705          3          3  0.000e+00
  1021.1988     -0.010     -0.010    29.5295    17.5273          3          3  0.000e+00
  1008.9159     -0.007     -0.007    13.4085    17.4881          3          3  0.000e+00
  1010.7280     -0.016     -0.016    15.7798    17.4526          3          3  0.000e+00
  1003.1905     -0.014     -0.014     5.8709    17.4237          3          3  0.000e+00
  1002.2625     -0.014     -0.014     4.6472    17.3976          3          3  0.000e+00
  1001.7485     -0.013     -0.013     3.9658    17.3661          3          3  0.000e+00
  1001.7925     -0.013     -0.013     4.0169    17.3393          3          3  0.000e+00
  1001.6309     -0.014     -0.014     3.8008    17.3212          3          3  0.000e+00
  1002.4070     -0.013     -0.013     4.8138    17.3049          3          3  0.000e+00
  1002.3407     -0.016     -0.016     4.7218    17.2840          3          3  0.000e+00
  1001.9842     -0.012     -0.012     4.2488    17.2599          3          3  0.000e+00
  1001.6638     -0.014     -0.014     3.8234    17.2361          3          3  0.000e+00
  1000.8196     -0.012     -0.012     2.7136    17.2158          3          3  0.000e+00
  1000.4389     -0.013     -0.013     2.2116    17.1978          3          3  0.000e+00
  1000.1754     -0.013     -0.013     1.8639    17.1831          3          3  0.000e+00
  1000.0133     -0.013     -0.013     1.6495    17.1710          3          3  0.000e+00
   999.9409     -0.014     -0.014     1.5522    17.1586          3          3  0.000e+00
   999.8300     -0.013     -0.013     1.4035    17.1422          3          3  0.000e+00
