data/eDNA/PER-2021-171/171a017.cnv
* Sea-Bird SBE19plus  Data File:
* FileName = C:\Users\RSG_field\Ryan_2021_Perley\CTD\171a017.hex
* Software version 2.3.0 SB_Terminal.dll
* Temperature SN = 7141
* Conductivity SN = 7141
* System UpLoad Time = Aug 13 2021 11:35:58
* <ApplicationData>
* <SeatermAF>
** Platform: M. Perley
** Cruise: Per2021171
** Station:  ESI_03
** Cast: 01 1
** Latitude: N  44 45.181
** Longitude: W 62 5.961
** Sounding: 69.5
** Chief Scientist: Ryan Stanley
** Comment: 171a017
# nquan = 8
# nvalues = 2833                                  
# units = specified
# name 0 = density00: Density [density, kg/m^3]
# name 1 = depSM: Depth [salt water, m], lat = 45.00
# name 2 = prdM: Pressure, Strain Gauge [db]
# name 3 = sal00: Salinity, Practical [PSU]
# name 4 = tv290C: Temperature [ITS-90, deg C]
# name 5 = bpos: Bottle Position in Carousel
# name 6 = nbf: Bottles Fired
# name 7 = flag:  0.000e+00
# span 0 =   998.7150,  1025.5929                 
# span 1 =     -0.087,     67.772                 
# span 2 =     -0.088,     68.338                 
# span 3 =     0.0083,    31.7825                 
# span 4 =     3.4828,    17.8472                 
# span 5 =          0,          2                 
# span 6 =          0,          2                 
# span 7 = 0.0000e+00, 0.0000e+00                 
# interval = seconds: 0.25
# start_time = Aug 13 2021 14:21:00 [Instrument's time stamp, header]
# bad_flag = -9.990e-29
*END*
[from data line 2338]
  1025.0753     45.399     45.776    31.4334     4.8749          1          1  0.000e+00
  1025.0780     45.311     45.687    31.4374     4.8754          1          1  0.000e+00
  1025.0834     45.247     45.622    31.4449     4.8785          1          1  0.000e+00
  1025.0831     45.195     45.570    31.4458     4.8853          1          1  0.000e+00
  1025.0833     45.146     45.520    31.4477     4.8947          1          1  0.000e+00
  1025.0795     45.087     45.461    31.4448     4.9065          1          1  0.000e+00
  1025.0677     45.003     45.376    31.4320     4.9185          1          1  0.000e+00
  1025.0595     44.887     45.260    31.4232     4.9250          1          1  0.000e+00
  1025.0768     44.732     45.103    31.4466     4.9295          1          1  0.000e+00
  1025.0642     44.543     44.912    31.4333     4.9411          1          1  0.000e+00
  1025.0545     44.326     44.694    31.4236     4.9496          1          1  0.000e+00
  1025.0747     44.091     44.457    31.4511     4.9543          1          1  0.000e+00
  1025.0799     43.854     44.217    31.4610     4.9686          1          1  0.000e+00
  1025.0751     43.628     43.990    31.4592     4.9892          1          1  0.000e+00
  1025.0588     43.426     43.786    31.4425     5.0094          1          1  0.000e+00
  1025.0569     43.257     43.615    31.4433     5.0252          1          1  0.000e+00
  1025.0510     43.121     43.479    31.4387     5.0400          1          1  0.000e+00
  1025.0530     43.031     43.388    31.4437     5.0539          1          1  0.000e+00
  1025.0830     42.978     43.334    31.4844     5.0723          1          1  0.000e+00
  1025.0295     42.956     43.312    31.4210     5.1017          1          1  0.000e+00
  1025.0378     42.954     43.310    31.4335     5.1156          1          1  0.000e+00
  1025.0116     42.966     43.323    31.4017     5.1265          1          1  0.000e+00
  1025.0137     42.973     43.329    31.4047     5.1289          1          1  0.000e+00
  1025.0203     42.967     43.324    31.4135     5.1319          1          1  0.000e+00
  1025.0222     42.938     43.294    31.4168     5.1374          1          1  0.000e+00
  1025.0217     42.883     43.238    31.4176     5.1451          1          1  0.000e+00
  1025.0125     42.799     43.154    31.4076     5.1532          1          1  0.000e+00
  1025.0064     42.688     43.041    31.4011     5.1570          1          1  0.000e+00
  1025.0013     42.554     42.907    31.3955     5.1578          1          1  0.000e+00
  1024.9967     42.396     42.747    31.3904     5.1563          1          1  0.000e+00
  1025.0023     42.212     42.561    31.3982     5.1533          1          1  0.000e+00
  1025.0076     42.007     42.355    31.4060     5.1522          1          1  0.000e+00
  1025.0378     41.790     42.136    31.4458     5.1550          1          1  0.000e+00
  1025.0556     41.566     41.910    31.4721     5.1724          1          1  0.000e+00
  1025.0317     41.348     41.690    31.4471     5.2010          1          1  0.000e+00
  1025.0358     41.150     41.491    31.4569     5.2251          1          1  0.000e+00
  1025.0189     40.981     41.320    31.4403     5.2519          1          1  0.000e+00
  1025.0072     40.842     41.180    31.4297     5.2761          1          1  0.000e+00
  1024.9933     40.736     41.073    31.4156     5.2958          1          1  0.000e+00
  1024.9873     40.664     41.001    31.4108     5.3129          1          1  0.000e+00
  1024.9776     40.619     40.956    31.4015     5.3314          1          1  0.000e+00
  1024.9607     40.594     40.930    31.3825     5.3477          1          1  0.000e+00
  1024.9543     40.573     40.909    31.3759     5.3566          1          1  0.000e+00
  1024.9527     40.553     40.889    31.3745     5.3605          1          1  0.000e+00
  1024.9470     40.523     40.859    31.3681     5.3650          1          1  0.000e+00
  1024.9379     40.472     40.807    31.3575     5.3696          1          1  0.000e+00
  1024.9372     40.401     40.736    31.3575     5.3723          1          1  0.000e+00
  1024.9372     40.306     40.639    31.3582     5.3737          1          1  0.000e+00
  1024.9347     40.189     40.522    31.3557     5.3736          1          1  0.000e+00
  1024.9293     40.050     40.382    31.3494     5.3714          1          1  0.000e+00
  1024.9295     39.891     40.221    31.3501     5.3678          1          1  0.000e+00
  1024.9257     39.716     40.045    31.3458     5.3644          1          1  0.000e+00
  1024.9139     39.522     39.850    31.3315     5.3602          1          1  0.000e+00
  1024.9146     39.320     39.645    31.3326     5.3538          1          1  0.000e+00
  1024.9152     39.117     39.441    31.3338     5.3479          1          1  0.000e+00
  1024.9162     38.922     39.244    31.3356     5.3441          1          1  0.000e+00
  1024.9174     38.743     39.064    31.3380     5.3424          1          1  0.000e+00
  1024.9181     38.582     38.901    31.3398     5.3417          1          1  0.000e+00
  1024.9165     38.438     38.756    31.3387     5.3420          1          1  0.000e+00
  1024.9217     38.315     38.632    31.3460     5.3424          1          1  0.000e+00
  1024.9295     38.208     38.524    31.3571     5.3466          1          1  0.000e+00
  1024.9230     38.114     38.430    31.3506     5.3551          1          1  0.000e+00
  1024.9212     38.029     38.343    31.3498     5.3620          1          1  0.000e+00
  1024.9258     37.948     38.262    31.3570     5.3680          1          1  0.000e+00
  1024.9367     37.868     38.182    31.3727     5.3779          1          1  0.000e+00
  1024.9353     37.793     38.106    31.3734     5.3927          1          1  0.000e+00
  1024.9280     37.715     38.027    31.3668     5.4078          1          1  0.000e+00
  1024.9180     37.642     37.953    31.3566     5.4214          1          1  0.000e+00
  1024.9237     37.576     37.887    31.3655     5.4314          1          1  0.000e+00
  1024.9742     37.508     37.819    31.4317     5.4443          1          1  0.000e+00
  1024.9346     37.438     37.748    31.3868     5.4776          1          1  0.000e+00
  1024.9118     37.359     37.668    31.3617     5.5006          1          1  0.000e+00
  1024.9587     37.265     37.574    31.4235     5.5138          1          1  0.000e+00
  1024.9730     37.154     37.461    31.4468     5.5452          1          1  0.000e+00
  1024.9137     37.019     37.326    31.3784     5.5853          1          1  0.000e+00
  1024.8605     36.861     37.166    31.3147     5.6036          1          1  0.000e+00
  1024.8649     36.683     36.987    31.3207     5.5986          1          1  0.000e+00
  1024.8758     36.498     36.800    31.3349     5.5949          1          1  0.000e+00
  1024.8873     36.309     36.610    31.3508     5.5966          1          1  0.000e+00
  1024.8788     36.132     36.431    31.3426     5.6067          1          1  0.000e+00
  1024.8711     35.977     36.275    31.3357     5.6195          1          1  0.000e+00
  1024.8634     35.852     36.149    31.3286     5.6331          1          1  0.000e+00
  1024.8517     35.758     36.054    31.3162     5.6447          1          1  0.000e+00
  1024.8664     35.686     35.981    31.3366     5.6552          1          1  0.000e+00
  1024.8727     35.638     35.933    31.3476     5.6740          1          1  0.000e+00
  1024.8351     35.597     35.891    31.3036     5.6960          1          1  0.000e+00
  1024.8439     35.549     35.843    31.3165     5.7063          1          1  0.000e+00
  1024.8187     35.483     35.777    31.2864     5.7157          1          1  0.000e+00
  1024.8177     35.392     35.685    31.2860     5.7182          1          1  0.000e+00
  1024.8304     35.265     35.557    31.3032     5.7200          1          1  0.000e+00
  1024.8345     35.104     35.394    31.3103     5.7268          1          1  0.000e+00
  1024.8232     34.916     35.205    31.2984     5.7360          1          1  0.000e+00
  1024.8163     34.714     35.001    31.2919     5.7429          1          1  0.000e+00
  1024.8117     34.503     34.788    31.2880     5.7475          1          1  0.000e+00
  1024.7717     34.296     34.580    31.2390     5.7501          1          1  0.000e+00
  1024.7213     34.101     34.383    31.1750     5.7417          1          1  0.000e+00
  1024.7083     33.928     34.209    31.1562     5.7184          1          1  0.000e+00
  1024.7287     33.785     34.064    31.1785     5.6883          1          1  0.000e+00
  1024.6959     33.662     33.940    31.1342     5.6643          1          1  0.000e+00
  1024.7178     33.564     33.841    31.1580     5.6336          1          1  0.000e+00
  1024.7145     33.484     33.761    31.1510     5.6104          1          1  0.000e+00
  1024.7106     33.419     33.696    31.1434     5.5897          1          1  0.000e+00
  1024.7007     33.369     33.644    31.1281     5.5685          1          1  0.000e+00
  1024.7101     33.323     33.598    31.1372     5.5476          1          1  0.000e+00
  1024.7338     33.275     33.550    31.1652     5.5314          1          1  0.000e+00
  1024.7367     33.227     33.501    31.1680     5.5233          1          1  0.000e+00
  1024.7366     33.175     33.449    31.1675     5.5186          1          1  0.000e+00
  1024.7382     33.119     33.393    31.1695     5.5157          1          1  0.000e+00
  1024.7335     33.058     33.331    31.1639     5.5159          1          1  0.000e+00
  1024.7308     32.991     33.264    31.1610     5.5171          1          1  0.000e+00
  1024.7288     32.918     33.190    31.1591     5.5182          1          1  0.000e+00
  1024.7286     32.833     33.105    31.1595     5.5199          1          1  0.000e+00
  1024.7293     32.737     33.007    31.1613     5.5223          1          1  0.000e+00
  1024.7286     32.620     32.890    31.1617     5.5254          1          1  0.000e+00
  1024.7282     32.486     32.754    31.1622     5.5277          1          1  0.000e+00
  1024.7285     32.334     32.601    31.1641     5.5320          1          1  0.000e+00
  1024.7339     32.163     32.429    31.1727     5.5376          1          1  0.000e+00
  1024.7337     31.968     32.232    31.1755     5.5503          1          1  0.000e+00
  1024.7190     31.753     32.015    31.1608     5.5682          1          1  0.000e+00
  1024.7187     31.521     31.781    31.1639     5.5830          1          1  0.000e+00
  1024.7222     31.278     31.537    31.1725     5.6019          1          1  0.000e+00
  1024.7367     31.033     31.290    31.1960     5.6273          1          1  0.000e+00
  1024.7502     30.798     31.052    31.2201     5.6661          1          1  0.000e+00
  1024.7283     30.581     30.833    31.2013     5.7180          1          1  0.000e+00
  1024.6946     30.395     30.646    31.1669     5.7664          1          1  0.000e+00
  1024.7172     30.251     30.501    31.2021     5.8050          1          1  0.000e+00
  1024.7052     30.142     30.391    31.1958     5.8608          1          1  0.000e+00
  1024.6855     30.074     30.322    31.1800     5.9191          1          1  0.000e+00
  1024.6943     30.036     30.284    31.2001     5.9779          1          1  0.000e+00
  1024.6388     30.020     30.268    31.1403     6.0466          1          1  0.000e+00
  1024.5451     30.019     30.267    31.0290     6.0950          1          1  0.000e+00
  1024.5866     30.018     30.266    31.0818     6.0967          1          1  0.000e+00
  1024.6739     30.009     30.257    31.1959     6.1190          1          1  0.000e+00
  1024.6802     29.992     30.240    31.2160     6.1969          1          1  0.000e+00
  1024.6383     29.956     30.204    31.1786     6.2972          1          1  0.000e+00
  1024.6039     29.909     30.156    31.1499     6.3911          1          1  0.000e+00
  1024.5559     29.842     30.088    31.1036     6.4809          1          1  0.000e+00
  1024.5010     29.761     30.007    31.0466     6.5586          1          1  0.000e+00
  1024.4501     29.674     29.919    30.9912     6.6134          1          1  0.000e+00
  1024.4159     29.575     29.819    30.9537     6.6462          1          1  0.000e+00
  1024.4039     29.460     29.703    30.9416     6.6618          1          1  0.000e+00
  1024.4150     29.326     29.568    30.9580     6.6710          1          1  0.000e+00
  1024.4037     29.162     29.403    30.9474     6.6878          1          1  0.000e+00
  1024.4033     28.970     29.210    30.9504     6.7033          1          1  0.000e+00
  1024.3956     28.754     28.992    30.9443     6.7184          1          1  0.000e+00
  1024.4087     28.519     28.754    30.9646     6.7320          1          1  0.000e+00
  1024.4325     28.274     28.507    31.0003     6.7568          1          1  0.000e+00
  1024.4139     28.031     28.263    30.9848     6.7979          1          1  0.000e+00
  1024.3965     27.797     28.026    30.9707     6.8384          1          1  0.000e+00
  1024.3785     27.587     27.815    30.9547     6.8734          1          1  0.000e+00
  1024.3594     27.402     27.628    30.9363     6.9026          1          1  0.000e+00
  1024.3633     27.251     27.476    30.9459     6.9254          1          1  0.000e+00
  1024.3506     27.127     27.351    30.9348     6.9516          1          1  0.000e+00
  1024.3411     27.032     27.255    30.9276     6.9771          1          1  0.000e+00
  1024.3383     26.958     27.181    30.9281     6.9998          1          1  0.000e+00
  1024.3301     26.900     27.122    30.9217     7.0221          1          1  0.000e+00
  1024.3418     26.854     27.075    30.9405     7.0437          1          1  0.000e+00
  1024.3650     26.813     27.034    30.9756     7.0755          1          1  0.000e+00
  1024.3450     26.763     26.984    30.9582     7.1225          1          1  0.000e+00
  1024.3310     26.714     26.934    30.9484     7.1677          1          1  0.000e+00
  1024.3033     26.652     26.872    30.9203     7.2087          1          1  0.000e+00
  1024.2764     26.584     26.804    30.8918     7.2405          1          1  0.000e+00
  1024.2614     26.512     26.731    30.8767     7.2605          1          1  0.000e+00
  1024.2542     26.440     26.658    30.8701     7.2739          1          1  0.000e+00
  1024.2559     26.367     26.585    30.8745     7.2846          1          1  0.000e+00
  1024.2514     26.301     26.518    30.8712     7.2967          1          1  0.000e+00
  1024.2505     26.235     26.451    30.8725     7.3087          1          1  0.000e+00
  1024.2476     26.161     26.377    30.8714     7.3213          1          1  0.000e+00
  1024.2430     26.076     26.291    30.8683     7.3342          1          1  0.000e+00
  1024.2297     25.963     26.177    30.8541     7.3462          1          1  0.000e+00
  1024.2221     25.813     26.026    30.8464     7.3530          1          1  0.000e+00
  1024.2182     25.629     25.841    30.8432     7.3568          1          1  0.000e+00
  1024.2194     25.410     25.619    30.8464     7.3594          1          1  0.000e+00
  1024.2211     25.170     25.378    30.8506     7.3631          1          1  0.000e+00
  1024.2291     24.924     25.130    30.8633     7.3691          1          1  0.000e+00
  1024.2506     24.689     24.893    30.8942     7.3816          1          1  0.000e+00
  1024.2752     24.476     24.678    30.9314     7.4086          1          1  0.000e+00
  1024.2491     24.296     24.496    30.9072     7.4546          1          1  0.000e+00
