data/eDNA/PER-2021-171/171a019.cnv
* Sea-Bird SBE19plus  Data File:
* FileName = C:\Users\RSG_field\Ryan_2021_Perley\CTD\171a019.hex
* Software version 2.3.0 SB_Terminal.dll
* Temperature SN = 7141
* Conductivity SN = 7141
* System UpLoad Time = Aug 14 2021 13:39:03
* <ApplicationData>
* <SeatermAF>
** Platform: M. Perley
** Cruise: Per2021171
** Station:  ESI_01
** Cast: 01 1
** Latitude: N  44 54.370
** Longitude: W 62 13.895
** Sounding: 20.9
** Chief Scientist: Ryan Stanley
** Comment: 171a019
** Only station of the day
# nquan = 8
# nvalues = 2161                                  
# units = specified
# name 0 = density00: Density [density, kg/m^3]
# name 1 = depSM: Depth [salt water, m], lat = 45.00
# name 2 = prdM: Pressure, Strain Gauge [db]
# name 3 = sal00: Salinity, Practical [PSU]
# name 4 = tv290C: Temperature [ITS-90, deg C]
# name 5 = bpos: Bottle Position in Carousel
# name 6 = nbf: Bottles Fired
# name 7 = flag:  0.000e+00
# span 0 =   998.0615,  1023.5208                 
# span 1 =     -0.071,     20.782                 
# span 2 =     -0.071,     20.953                 
# span 3 =     0.0000,    30.6361                 
# span 4 =    10.6322,    20.6977                 
# span 5 =          0,          2                 
# span 6 =          0,          2                 
# span 7 = 0.0000e+00, 0.0000e+00                 
# interval = seconds: 0.25
# start_time = Aug 14 2021 16:27:09 [Instrument's time stamp, header]
# bad_flag = -9.990e-29
*END*
[from data line 1798]
  1023.4257     19.991     20.155    30.5540    10.8919          1          1  0.000e+00
  1023.4086     20.065     20.230    30.5314    10.8916          1          1  0.000e+00
  1023.4068     20.152     20.318    30.5260    10.8799          1          1  0.000e+00
  1023.4077     20.237     20.403    30.5233    10.8644          1          1  0.000e+00
  1023.4083     20.310     20.477    30.5195    10.8456          1          1  0.000e+00
  1023.4173     20.361     20.528    30.5259    10.8231          1          1  0.000e+00
  1023.4335     20.380     20.548    30.5423    10.8033          1          1  0.000e+00
  1023.4508     20.359     20.526    30.5619    10.7908          1          1  0.000e+00
  1023.4638     20.302     20.470    30.5788    10.7900          1          1  0.000e+00
  1023.4617     20.209     20.376    30.5786    10.7991          1          1  0.000e+00
  1023.4568     20.095     20.260    30.5755    10.8106          1          1  0.000e+00
  1023.4533     19.967     20.132    30.5739    10.8206          1          1  0.000e+00
  1023.4542     19.843     20.007    30.5779    10.8300          1          1  0.000e+00
  1023.4514     19.741     19.903    30.5773    10.8412          1          1  0.000e+00
  1023.4429     19.674     19.836    30.5695    10.8532          1          1  0.000e+00
  1023.4338     19.654     19.816    30.5597    10.8615          1          1  0.000e+00
  1023.4371     19.678     19.840    30.5645    10.8650          1          1  0.000e+00
  1023.4500     19.744     19.906    30.5821    10.8710          1          1  0.000e+00
  1023.4356     19.847     20.010    30.5657    10.8839          1          1  0.000e+00
  1023.4129     19.973     20.137    30.5373    10.8906          1          1  0.000e+00
  1023.4032     20.101     20.267    30.5227    10.8842          1          1  0.000e+00
  1023.4099     20.224     20.391    30.5267    10.8667          1          1  0.000e+00
  1023.4044     20.326     20.493    30.5151    10.8487          1          1  0.000e+00
  1023.4086     20.401     20.569    30.5148    10.8251          1          1  0.000e+00
  1023.4252     20.447     20.615    30.5302    10.7990          1          1  0.000e+00
  1023.4432     20.457     20.626    30.5491    10.7801          1          1  0.000e+00
  1023.4543     20.436     20.604    30.5616    10.7711          1          1  0.000e+00
  1023.4753     20.397     20.565    30.5886    10.7700          1          1  0.000e+00
  1023.4730     20.341     20.508    30.5889    10.7835          1          1  0.000e+00
  1023.4630     20.272     20.439    30.5802    10.8007          1          1  0.000e+00
  1023.4471     20.197     20.364    30.5629    10.8129          1          1  0.000e+00
  1023.4484     20.121     20.287    30.5659    10.8171          1          1  0.000e+00
  1023.4493     20.044     20.209    30.5686    10.8216          1          1  0.000e+00
  1023.4455     19.969     20.133    30.5655    10.8278          1          1  0.000e+00
  1023.4435     19.902     20.066    30.5645    10.8330          1          1  0.000e+00
  1023.4417     19.845     20.008    30.5634    10.8375          1          1  0.000e+00
  1023.4400     19.799     19.962    30.5623    10.8415          1          1  0.000e+00
  1023.4356     19.775     19.937    30.5576    10.8447          1          1  0.000e+00
  1023.4359     19.768     19.931    30.5581    10.8456          1          1  0.000e+00
  1023.4392     19.784     19.947    30.5626    10.8466          1          1  0.000e+00
  1023.4450     19.821     19.984    30.5707    10.8504          1          1  0.000e+00
  1023.4634     19.878     20.042    30.5960    10.8595          1          1  0.000e+00
  1023.4521     19.946     20.111    30.5855    10.8795          1          1  0.000e+00
  1023.4385     20.026     20.191    30.5718    10.8988          1          1  0.000e+00
  1023.4001     20.107     20.273    30.5246    10.9112          1          1  0.000e+00
  1023.3688     20.186     20.352    30.4814    10.8995          1          1  0.000e+00
  1023.3872     20.256     20.423    30.4959    10.8600          1          1  0.000e+00
  1023.4156     20.314     20.481    30.5239    10.8228          1          1  0.000e+00
  1023.4394     20.358     20.525    30.5492    10.7998          1          1  0.000e+00
  1023.4475     20.385     20.553    30.5575    10.7908          1          1  0.000e+00
  1023.4464     20.400     20.568    30.5553    10.7881          1          1  0.000e+00
  1023.4499     20.399     20.567    30.5593    10.7851          1          1  0.000e+00
  1023.4616     20.381     20.549    30.5743    10.7843          1          1  0.000e+00
  1023.4597     20.348     20.516    30.5734    10.7911          1          1  0.000e+00
  1023.4492     20.304     20.471    30.5619    10.7989          1          1  0.000e+00
  1023.4468     20.239     20.405    30.5598    10.8015          1          1  0.000e+00
  1023.4499     20.165     20.331    30.5643    10.8021          1          1  0.000e+00
  1023.4507     20.077     20.242    30.5665    10.8047          1          1  0.000e+00
  1023.4524     19.986     20.150    30.5701    10.8089          1          1  0.000e+00
  1023.4586     19.895     20.059    30.5802    10.8161          1          1  0.000e+00
  1023.4540     19.810     19.973    30.5775    10.8285          1          1  0.000e+00
  1023.4502     19.744     19.906    30.5754    10.8398          1          1  0.000e+00
  1023.4469     19.696     19.858    30.5739    10.8505          1          1  0.000e+00
  1023.4501     19.676     19.838    30.5805    10.8615          1          1  0.000e+00
  1023.4463     19.684     19.847    30.5787    10.8759          1          1  0.000e+00
  1023.4471     19.724     19.886    30.5828    10.8906          1          1  0.000e+00
  1023.4449     19.790     19.953    30.5833    10.9077          1          1  0.000e+00
  1023.4237     19.878     20.042    30.5593    10.9247          1          1  0.000e+00
  1023.4241     19.984     20.149    30.5606    10.9313          1          1  0.000e+00
  1023.3702     20.096     20.261    30.4912    10.9341          1          1  0.000e+00
  1023.3461     20.205     20.371    30.4533    10.9055          1          1  0.000e+00
  1023.3851     20.307     20.474    30.4907    10.8501          1          1  0.000e+00
  1023.4155     20.390     20.558    30.5200    10.8078          1          1  0.000e+00
  1023.4363     20.456     20.625    30.5407    10.7819          1          1  0.000e+00
  1023.4474     20.495     20.664    30.5517    10.7677          1          1  0.000e+00
  1023.4550     20.505     20.674    30.5598    10.7607          1          1  0.000e+00
  1023.4601     20.487     20.656    30.5660    10.7587          1          1  0.000e+00
  1023.4699     20.440     20.609    30.5793    10.7604          1          1  0.000e+00
  1023.4717     20.375     20.542    30.5840    10.7694          1          1  0.000e+00
  1023.4583     20.299     20.466    30.5699    10.7818          1          1  0.000e+00
  1023.4563     20.219     20.385    30.5693    10.7886          1          1  0.000e+00
  1023.4545     20.145     20.310    30.5685    10.7937          1          1  0.000e+00
  1023.4540     20.076     20.241    30.5693    10.7985          1          1  0.000e+00
  1023.4544     20.017     20.182    30.5715    10.8040          1          1  0.000e+00
  1023.4492     19.969     20.133    30.5665    10.8109          1          1  0.000e+00
  1023.4413     19.923     20.087    30.5576    10.8154          1          1  0.000e+00
  1023.4391     19.880     20.043    30.5551    10.8152          1          1  0.000e+00
  1023.4450     19.842     20.006    30.5625    10.8136          1          1  0.000e+00
  1023.4510     19.803     19.966    30.5707    10.8151          1          1  0.000e+00
  1023.4577     19.771     19.934    30.5811    10.8219          1          1  0.000e+00
  1023.4554     19.745     19.907    30.5811    10.8350          1          1  0.000e+00
  1023.4552     19.728     19.890    30.5840    10.8490          1          1  0.000e+00
  1023.4543     19.730     19.893    30.5864    10.8650          1          1  0.000e+00
  1023.4457     19.754     19.917    30.5793    10.8839          1          1  0.000e+00
  1023.4338     19.807     19.971    30.5673    10.9000          1          1  0.000e+00
  1023.4208     19.892     20.056    30.5521    10.9093          1          1  0.000e+00
  1023.4031     20.005     20.169    30.5287    10.9096          1          1  0.000e+00
  1023.3662     20.137     20.303    30.4774    10.8959          1          1  0.000e+00
  1023.3747     20.282     20.449    30.4790    10.8573          1          1  0.000e+00
  1023.4077     20.422     20.590    30.5105    10.8111          1          1  0.000e+00
  1023.4213     20.541     20.710    30.5204    10.7791          1          1  0.000e+00
  1023.4267     20.626     20.796    30.5210    10.7530          1          1  0.000e+00
  1023.4486     20.670     20.840    30.5434    10.7277          1          1  0.000e+00
  1023.4601     20.668     20.838    30.5549    10.7125          1          1  0.000e+00
  1023.4814     20.622     20.791    30.5810    10.7054          1          1  0.000e+00
  1023.4892     20.537     20.706    30.5930    10.7118          1          1  0.000e+00
  1023.4780     20.418     20.586    30.5825    10.7266          1          1  0.000e+00
  1023.4744     20.281     20.448    30.5813    10.7384          1          1  0.000e+00
  1023.4762     20.139     20.305    30.5868    10.7491          1          1  0.000e+00
  1023.4784     19.998     20.163    30.5935    10.7633          1          1  0.000e+00
  1023.4730     19.865     20.028    30.5913    10.7817          1          1  0.000e+00
  1023.4647     19.743     19.905    30.5855    10.8002          1          1  0.000e+00
  1023.4676     19.640     19.802    30.5934    10.8168          1          1  0.000e+00
  1023.4499     19.557     19.718    30.5753    10.8359          1          1  0.000e+00
  1023.4443     19.500     19.661    30.5711    10.8481          1          1  0.000e+00
  1023.4544     19.470     19.631    30.5864    10.8576          1          1  0.000e+00
  1023.4441     19.470     19.631    30.5768    10.8743          1          1  0.000e+00
  1023.4411     19.500     19.661    30.5761    10.8893          1          1  0.000e+00
  1023.4387     19.568     19.729    30.5755    10.9027          1          1  0.000e+00
  1023.4280     19.669     19.831    30.5643    10.9164          1          1  0.000e+00
  1023.4197     19.796     19.959    30.5546    10.9244          1          1  0.000e+00
  1023.4239     19.948     20.113    30.5599    10.9282          1          1  0.000e+00
  1023.4181     20.114     20.279    30.5526    10.9331          1          1  0.000e+00
  1023.3866     20.282     20.449    30.5113    10.9344          1          1  0.000e+00
  1023.3349     20.435     20.603    30.4392    10.9133          1          1  0.000e+00
  1023.3527     20.575     20.744    30.4479    10.8524          1          1  0.000e+00
  1023.3888     20.681     20.851    30.4790    10.7849          1          1  0.000e+00
  1023.4165     20.751     20.922    30.5027    10.7324          1          1  0.000e+00
  1023.4474     20.782     20.953    30.5336    10.6926          1          1  0.000e+00
  1023.4811     20.767     20.938    30.5716    10.6680          1          1  0.000e+00
  1023.5082     20.708     20.879    30.6064    10.6662          1          1  0.000e+00
  1023.5159     20.610     20.780    30.6213    10.6862          1          1  0.000e+00
  1023.4887     20.482     20.650    30.5934    10.7156          1          1  0.000e+00
  1023.4917     20.335     20.503    30.6023    10.7347          1          1  0.000e+00
  1023.4940     20.181     20.347    30.6111    10.7568          1          1  0.000e+00
  1023.4853     20.029     20.194    30.6069    10.7855          1          1  0.000e+00
  1023.4676     19.891     20.055    30.5912    10.8134          1          1  0.000e+00
  1023.4550     19.770     19.933    30.5804    10.8346          1          1  0.000e+00
  1023.4448     19.677     19.839    30.5710    10.8494          1          1  0.000e+00
  1023.4398     19.612     19.774    30.5672    10.8593          1          1  0.000e+00
  1023.4375     19.571     19.732    30.5660    10.8668          1          1  0.000e+00
  1023.4368     19.556     19.717    30.5668    10.8739          1          1  0.000e+00
  1023.4336     19.557     19.718    30.5644    10.8816          1          1  0.000e+00
  1023.4314     19.585     19.746    30.5629    10.8884          1          1  0.000e+00
  1023.4312     19.625     19.787    30.5638    10.8946          1          1  0.000e+00
  1023.4276     19.680     19.842    30.5602    10.9012          1          1  0.000e+00
  1023.4120     19.750     19.913    30.5407    10.9056          1          1  0.000e+00
  1023.4207     19.831     19.994    30.5505    10.9012          1          1  0.000e+00
  1023.4239     19.926     20.090    30.5536    10.8987          1          1  0.000e+00
  1023.4278     20.030     20.195    30.5581    10.8998          1          1  0.000e+00
  1023.4188     20.138     20.304    30.5464    10.9019          1          1  0.000e+00
  1023.4147     20.245     20.412    30.5399    10.8991          1          1  0.000e+00
  1023.3787     20.336     20.504    30.4911    10.8904          1          1  0.000e+00
  1023.3786     20.412     20.580    30.4840    10.8603          1          1  0.000e+00
  1023.4108     20.469     20.637    30.5159    10.8192          1          1  0.000e+00
  1023.4437     20.502     20.671    30.5521    10.7917          1          1  0.000e+00
  1023.4456     20.514     20.683    30.5526    10.7835          1          1  0.000e+00
  1023.4512     20.505     20.674    30.5589    10.7785          1          1  0.000e+00
  1023.4637     20.475     20.644    30.5748    10.7773          1          1  0.000e+00
  1023.4697     20.438     20.606    30.5844    10.7846          1          1  0.000e+00
  1023.4612     20.389     20.557    30.5767    10.7982          1          1  0.000e+00
  1023.4495     20.335     20.503    30.5644    10.8091          1          1  0.000e+00
  1023.4416     20.269     20.435    30.5554    10.8126          1          1  0.000e+00
  1023.4502     20.194     20.361    30.5666    10.8115          1          1  0.000e+00
  1023.4552     20.113     20.278    30.5743    10.8152          1          1  0.000e+00
  1023.4535     20.032     20.197    30.5746    10.8242          1          1  0.000e+00
  1023.4498     19.951     20.115    30.5725    10.8343          1          1  0.000e+00
  1023.4444     19.813     19.976    30.5686    10.8443          1          1  0.000e+00
  1023.4498     19.663     19.825    30.5784    10.8530          1          1  0.000e+00
  1023.4420     19.502     19.663    30.5719    10.8652          1          1  0.000e+00
  1023.4372     19.368     19.527    30.5690    10.8762          1          1  0.000e+00
  1023.4319     19.254     19.413    30.5648    10.8848          1          1  0.000e+00
  1023.4270     19.158     19.315    30.5605    10.8917          1          1  0.000e+00
  1023.4246     19.080     19.237    30.5590    10.8967          1          1  0.000e+00
  1023.4272     19.026     19.183    30.5635    10.9004          1          1  0.000e+00
  1023.4269     18.976     19.133    30.5646    10.9064          1          1  0.000e+00
  1023.4204     18.926     19.081    30.5582    10.9135          1          1  0.000e+00
  1023.4181     18.850     19.005    30.5566    10.9178          1          1  0.000e+00
  1023.4201     18.754     18.908    30.5605    10.9211          1          1  0.000e+00
