data/eDNA/PER-2021-171/171a010.cnv
* Sea-Bird SBE19plus  Data File:
* FileName = C:\Users\RSG_field\Ryan_2021_Perley\CTD\171a010.hex
* Software version 2.3.0 SB_Terminal.dll
* Temperature SN = 7141
* Conductivity SN = 7141
* System UpLoad Time = Aug 11 2021 14:25:42
* <ApplicationData>
* <SeatermAF>
** Platform: M. Perley
** Cruise: Per2021171
** Station:  ESI_14
** Cast: 01 1
** Latitude: N  44 36.483
** Longitude: W 62 55.281
** Sounding: 26.3
** Chief Scientist: Ryan Stanley
** Comment: 171a010
# nquan = 8
# nvalues = 2311                                  
# units = specified
# name 0 = density00: Density [density, kg/m^3]
# name 1 = depSM: Depth [salt water, m], lat = 45.00
# name 2 = prdM: Pressure, Strain Gauge [db]
# name 3 = sal00: Salinity, Practical [PSU]
# name 4 = tv290C: Temperature [ITS-90, deg C]
# name 5 = bpos: Bottle Position in Carousel
# name 6 = nbf: Bottles Fired
# name 7 = flag:  0.000e+00
# span 0 =   998.6161,  1024.8359                 
# span 1 =     -0.044,     34.328                 
# span 2 =     -0.044,     34.612                 
# span 3 =     0.0000,    31.8823                 
# span 4 =     6.0358,    18.7791                 
# span 5 =          0,          4                 
# span 6 =          0,          4                 
# span 7 = 0.0000e+00, 0.0000e+00                 
# interval = seconds: 0.25
# start_time = Aug 11 2021 16:39:50 [Instrument's time stamp, header]
# bad_flag = -9.990e-29
*END*
[from data line 899]
  1022.0703      7.271      7.330    30.7634    17.9689          0          0  0.000e+00
  1022.0661      7.394      7.454    30.7565    17.9665          0          0  0.000e+00
  1022.0572      7.525      7.587    30.7426    17.9615          0          0  0.000e+00
  1022.0417      7.671      7.734    30.7174    17.9489          0          0  0.000e+00
  1022.0511      7.820      7.884    30.7215    17.9252          0          0  0.000e+00
  1022.0601      7.974      8.040    30.7258    17.9044          0          0  0.000e+00
  1022.0704      8.134      8.201    30.7329    17.8870          0          0  0.000e+00
  1022.0453      8.287      8.355    30.6947    17.8728          0          0  0.000e+00
  1021.9986      8.434      8.504    30.6233    17.8420          0          0  0.000e+00
  1022.0221      8.575      8.646    30.6344    17.7816          0          0  0.000e+00
  1022.0523      8.713      8.785    30.6544    17.7216          0          0  0.000e+00
  1022.0659      8.831      8.903    30.6568    17.6740          0          0  0.000e+00
  1022.0871      8.944      9.018    30.6707    17.6313          0          0  0.000e+00
  1022.1110      9.045      9.119    30.6916    17.5996          0          0  0.000e+00
  1022.1187      9.145      9.220    30.6949    17.5798          0          0  0.000e+00
  1022.1234      9.240      9.316    30.6960    17.5652          0          0  0.000e+00
  1022.0814      9.327      9.403    30.6360    17.5501          0          0  0.000e+00
  1022.0800      9.413      9.490    30.6223    17.5137          0          0  0.000e+00
  1022.0833      9.485      9.563    30.6118    17.4666          0          0  0.000e+00
  1022.0885      9.548      9.627    30.6033    17.4177          0          0  0.000e+00
  1022.1184      9.606      9.685    30.6274    17.3703          0          0  0.000e+00
  1022.1109      9.658      9.737    30.6061    17.3332          0          0  0.000e+00
  1022.1261      9.709      9.788    30.6140    17.2948          0          0  0.000e+00
  1022.1446      9.767      9.847    30.6270    17.2592          0          0  0.000e+00
  1022.1515      9.837      9.918    30.6274    17.2326          0          0  0.000e+00
  1022.1327      9.913      9.994    30.5955    17.2095          0          0  0.000e+00
  1022.0394     10.007     10.090    30.4609    17.1698          0          0  0.000e+00
  1021.9868     10.130     10.214    30.3625    17.0735          0          0  0.000e+00
  1021.9420     10.269     10.354    30.2565    16.9182          0          0  0.000e+00
  1022.0088     10.428     10.514    30.2810    16.7106          0          0  0.000e+00
  1022.0815     10.608     10.696    30.3184    16.5197          0          0  0.000e+00
  1022.1557     10.799     10.888    30.3666    16.3581          0          0  0.000e+00
  1022.2366     11.005     11.095    30.4328    16.2275          0          0  0.000e+00
  1022.2721     11.206     11.298    30.4518    16.1374          0          0  0.000e+00
  1022.2631     11.403     11.497    30.4182    16.0657          0          0  0.000e+00
  1022.1711     11.587     11.682    30.2734    15.9831          0          0  0.000e+00
  1021.8888     11.765     11.861    29.8575    15.8182          0          0  0.000e+00
  1021.9094     11.918     12.015    29.7746    15.4321          0          0  0.000e+00
  1022.2404     12.044     12.143    30.0696    14.9443          0          0  0.000e+00
  1022.5238     12.152     12.252    30.3410    14.5901          0          0  0.000e+00
  1022.6805     12.234     12.335    30.4918    14.3958          0          0  0.000e+00
  1022.7440     12.299     12.400    30.5471    14.2962          0          0  0.000e+00
  1022.7882     12.346     12.447    30.5887    14.2376          0          0  0.000e+00
  1022.8158     12.383     12.485    30.6148    14.2019          0          0  0.000e+00
  1022.8252     12.409     12.511    30.6220    14.1837          0          0  0.000e+00
  1022.8274     12.436     12.538    30.6214    14.1711          0          0  0.000e+00
  1022.8303     12.466     12.568    30.6217    14.1588          0          0  0.000e+00
  1022.8309     12.507     12.610    30.6191    14.1467          0          0  0.000e+00
  1022.8314     12.564     12.667    30.6158    14.1333          0          0  0.000e+00
  1022.8257     12.637     12.741    30.6037    14.1167          0          0  0.000e+00
  1022.8192     12.728     12.833    30.5882    14.0923          0          0  0.000e+00
  1022.8046     12.839     12.944    30.5588    14.0549          0          0  0.000e+00
  1022.8260     12.963     13.069    30.5703    13.9960          0          0  0.000e+00
  1022.8652     13.091     13.198    30.6045    13.9352          0          0  0.000e+00
  1022.8917     13.227     13.335    30.6262    13.8900          0          0  0.000e+00
  1022.8857     13.370     13.480    30.6087    13.8556          0          0  0.000e+00
  1022.8498     13.520     13.631    30.5485    13.8066          0          0  0.000e+00
  1022.8611     13.682     13.795    30.5403    13.7221          0          0  0.000e+00
  1022.7339     13.854     13.968    30.3487    13.6223          0          0  0.000e+00
  1022.5869     14.035     14.151    30.1057    13.4201          0          0  0.000e+00
  1022.6419     14.212     14.329    30.0892    13.0746          0          0  0.000e+00
  1022.7541     14.386     14.504    30.1415    12.7027          0          0  0.000e+00
  1022.9331     14.553     14.672    30.2819    12.3309          0          0  0.000e+00
  1023.1289     14.714     14.835    30.4585    12.0140          0          0  0.000e+00
  1023.2961     14.866     14.989    30.6207    11.7900          0          0  0.000e+00
  1023.3993     15.014     15.137    30.7218    11.6563          0          0  0.000e+00
  1023.4011     15.152     15.276    30.7071    11.5857          0          0  0.000e+00
  1023.3941     15.285     15.411    30.6800    11.5109          0          0  0.000e+00
  1023.4223     15.406     15.533    30.6945    11.4182          0          0  0.000e+00
  1023.4934     15.513     15.641    30.7648    11.3275          0          0  0.000e+00
  1023.5077     15.608     15.737    30.7692    11.2679          0          0  0.000e+00
  1023.4826     15.682     15.810    30.7244    11.2148          0          0  0.000e+00
  1023.4062     15.735     15.864    30.6068    11.1303          0          0  0.000e+00
  1023.4693     15.768     15.898    30.6546    10.9811          0          0  0.000e+00
  1023.6236     15.789     15.918    30.8212    10.8375          0          0  0.000e+00
  1023.6176     15.800     15.930    30.7995    10.7742          0          0  0.000e+00
  1023.6097     15.813     15.943    30.7761    10.7145          0          0  0.000e+00
  1023.6412     15.832     15.962    30.8001    10.6391          0          0  0.000e+00
  1023.6733     15.874     16.005    30.8267    10.5728          0          0  0.000e+00
  1023.6957     15.945     16.077    30.8438    10.5202          0          0  0.000e+00
  1023.6928     16.052     16.184    30.8299    10.4761          0          0  0.000e+00
  1023.5521     16.195     16.328    30.6362    10.4195          0          0  0.000e+00
  1023.6075     16.374     16.508    30.6749    10.2724          0          0  0.000e+00
  1023.6813     16.579     16.716    30.7352    10.1144          0          0  0.000e+00
  1023.7582     16.806     16.944    30.8063     9.9890          0          0  0.000e+00
  1023.8782     17.041     17.182    30.9410     9.9033          0          0  0.000e+00
  1023.9109     17.279     17.421    30.9776     9.8848          0          0  0.000e+00
  1023.7661     17.510     17.654    30.7903     9.8835          0          0  0.000e+00
  1023.9121     17.723     17.869    30.9622     9.8157          0          0  0.000e+00
  1023.9750     17.915     18.062    31.0397     9.8051          0          0  0.000e+00
  1023.9408     18.079     18.228    31.0047     9.8526          0          0  0.000e+00
  1023.9100     18.213     18.363    30.9715     9.8872          0          0  0.000e+00
  1023.8893     18.315     18.465    30.9478     9.9040          0          0  0.000e+00
  1023.8633     18.384     18.536    30.9147     9.9072          0          0  0.000e+00
  1023.8956     18.424     18.575    30.9536     9.8958          0          0  0.000e+00
  1023.8971     18.433     18.585    30.9560     9.8987          0          0  0.000e+00
  1023.8662     18.427     18.579    30.9181     9.9065          0          0  0.000e+00
  1023.7405     18.408     18.559    30.7531     9.8874          0          0  0.000e+00
  1023.8285     18.393     18.544    30.8483     9.8020          0          0  0.000e+00
  1023.7302     18.391     18.542    30.7081     9.7325          0          0  0.000e+00
  1023.6953     18.414     18.566    30.6386     9.6117          0          0  0.000e+00
  1023.7158     18.462     18.614    30.6298     9.4385          0          0  0.000e+00
  1023.8567     18.545     18.697    30.7744     9.2611          0          0  0.000e+00
  1024.0166     18.664     18.818    30.9567     9.1513          0          0  0.000e+00
  1023.9178     18.817     18.972    30.8251     9.1296          0          0  0.000e+00
  1023.7379     18.991     19.147    30.5801     9.0590          0          0  0.000e+00
  1023.7215     19.185     19.343    30.5199     8.8613          0          0  0.000e+00
  1023.8715     19.388     19.548    30.6647     8.6211          0          0  0.000e+00
  1024.1128     19.598     19.760    30.9397     8.4503          0          0  0.000e+00
  1024.0368     19.810     19.973    30.8317     8.3983          0          0  0.000e+00
  1024.1728     20.017     20.182    30.9924     8.3352          0          0  0.000e+00
  1024.1865     20.215     20.382    31.0078     8.3302          0          0  0.000e+00
  1024.0547     20.400     20.568    30.8410     8.3437          0          0  0.000e+00
  1024.0606     20.562     20.731    30.8363     8.2825          0          0  0.000e+00
  1024.0580     20.703     20.873    30.8180     8.2054          0          0  0.000e+00
  1024.0938     20.821     20.993    30.8483     8.1246          0          0  0.000e+00
  1024.1224     20.918     21.090    30.8707     8.0506          0          0  0.000e+00
  1024.1773     20.991     21.164    30.9296     7.9911          0          0  0.000e+00
  1024.2171     21.043     21.216    30.9744     7.9596          0          0  0.000e+00
  1024.2651     21.077     21.250    31.0346     7.9555          0          0  0.000e+00
  1024.2506     21.104     21.278    31.0208     7.9822          0          0  0.000e+00
  1024.2232     21.133     21.307    30.9906     8.0096          0          0  0.000e+00
  1024.2383     21.160     21.334    31.0126     8.0252          0          0  0.000e+00
  1024.1875     21.190     21.365    30.9513     8.0457          0          0  0.000e+00
  1024.1486     21.232     21.406    30.9008     8.0421          0          0  0.000e+00
  1024.2313     21.281     21.457    31.0013     8.0161          0          0  0.000e+00
  1024.2495     21.345     21.521    31.0260     8.0268          0          0  0.000e+00
  1024.2747     21.426     21.602    31.0638     8.0605          0          0  0.000e+00
  1024.2287     21.527     21.705    31.0142     8.1136          0          0  0.000e+00
  1024.1673     21.650     21.829    30.9404     8.1431          0          0  0.000e+00
  1023.9474     21.787     21.967    30.6571     8.1319          0          0  0.000e+00
  1023.8974     21.942     22.123    30.5674     7.9931          0          0  0.000e+00
  1023.9782     22.108     22.290    30.6320     7.7822          0          0  0.000e+00
  1024.0654     22.287     22.471    30.7099     7.5982          0          0  0.000e+00
  1024.1003     22.478     22.663    30.7273     7.4477          0          0  0.000e+00
  1024.2006     22.671     22.858    30.8312     7.3153          0          0  0.000e+00
  1024.2804     22.865     23.054    30.9173     7.2309          0          0  0.000e+00
  1024.2820     23.064     23.254    30.9116     7.1918          0          0  0.000e+00
  1024.3009     23.267     23.459    30.9287     7.1579          0          0  0.000e+00
  1024.3042     23.461     23.654    30.9269     7.1287          0          0  0.000e+00
  1024.2421     23.647     23.842    30.8421     7.1004          0          0  0.000e+00
  1024.2539     23.818     24.014    30.8460     7.0395          0          0  0.000e+00
  1024.2844     23.958     24.155    30.8729     6.9728          0          0  0.000e+00
  1024.3078     24.068     24.267    30.8931     6.9188          0          0  0.000e+00
  1024.3117     24.142     24.341    30.8905     6.8752          0          0  0.000e+00
  1024.3457     24.189     24.388    30.9265     6.8329          0          0  0.000e+00
  1024.3916     24.215     24.414    30.9807     6.8081          0          0  0.000e+00
  1024.3985     24.221     24.421    30.9895     6.8088          0          0  0.000e+00
  1024.3866     24.223     24.423    30.9760     6.8189          0          0  0.000e+00
  1024.3716     24.221     24.421    30.9579     6.8241          0          0  0.000e+00
  1024.3607     24.225     24.425    30.9438     6.8235          0          0  0.000e+00
  1024.3564     24.247     24.447    30.9369     6.8148          0          0  0.000e+00
  1024.3348     24.288     24.488    30.9068     6.8004          0          0  0.000e+00
  1024.3141     24.358     24.558    30.8759     6.7747          0          0  0.000e+00
  1024.3104     24.453     24.655    30.8641     6.7335          0          0  0.000e+00
  1024.3218     24.579     24.782    30.8701     6.6861          0          0  0.000e+00
  1024.3936     24.738     24.942    30.9538     6.6453          0          0  0.000e+00
  1024.3922     24.920     25.126    30.9499     6.6379          0          0  0.000e+00
  1024.3194     25.120     25.327    30.8556     6.6340          0          0  0.000e+00
  1024.3325     25.337     25.546    30.8641     6.5913          0          0  0.000e+00
  1024.3246     25.558     25.768    30.8448     6.5410          0          0  0.000e+00
  1024.3485     25.779     25.992    30.8653     6.4869          0          0  0.000e+00
  1024.4423     25.991     26.205    30.9761     6.4424          0          0  0.000e+00
  1024.4496     26.184     26.400    30.9846     6.4446          0          0  0.000e+00
  1024.4219     26.359     26.576    30.9508     6.4600          0          0  0.000e+00
  1024.4093     26.514     26.732    30.9340     6.4610          0          0  0.000e+00
  1024.3748     26.648     26.868    30.8880     6.4517          0          0  0.000e+00
  1024.3359     26.763     26.984    30.8330     6.4202          0          0  0.000e+00
  1024.3703     26.859     27.081    30.8673     6.3640          0          0  0.000e+00
  1024.4125     26.941     27.163    30.9135     6.3194          0          0  0.000e+00
  1024.4110     27.011     27.234    30.9075     6.2956          0          0  0.000e+00
  1024.4307     27.065     27.288    30.9290     6.2752          0          0  0.000e+00
  1024.4400     27.115     27.338    30.9388     6.2646          0          0  0.000e+00
  1024.4422     27.159     27.383    30.9409     6.2613          0          0  0.000e+00
  1024.4462     27.212     27.437    30.9455     6.2601          0          0  0.000e+00
  1024.4458     27.274     27.499    30.9447     6.2609          0          0  0.000e+00
  1024.4335     27.350     27.576    30.9288     6.2624          0          0  0.000e+00
  1024.4205     27.434     27.660    30.9110     6.2570          0          0  0.000e+00
  1024.4208     27.532     27.760    30.9088     6.2439          0          0  0.000e+00
