data/eDNA/PER-2021-171/171a015.ros
* Sea-Bird SBE19plus  Data File:
* FileName = C:\Users\RSG_field\Ryan_2021_Perley\CTD\171a015.hex
* Software version 2.3.0 SB_Terminal.dll
* Temperature SN = 7141
* Conductivity SN = 7141
* System UpLoad Time = Aug 12 2021 14:08:01
* <ApplicationData>
* <SeatermAF>
** Platform: M. Perley
** Cruise: Per2021171
** Station:  ESI_09
** Cast: 01 1
** Latitude: N  44 44.412
** Longitude: W 62 43.655
** Sounding: 17.5
** Chief Scientist: Ryan Stanley
** Comment: 171a015
# nquan = 9
# nvalues = 27                                    
# units = specified
# name 0 = density00: Density [density, kg/m^3]
# name 1 = depSM: Depth [salt water, m], lat = 45.00
# name 2 = prdM: Pressure, Strain Gauge [db]
# name 3 = sal00: Salinity, Practical [PSU]
# name 4 = tv290C: Temperature [ITS-90, deg C]
# name 5 = bpos: Bottle Position in Carousel
# name 6 = nbf: Bottles Fired
# name 7 = scan: Scan Count
# name 8 = flag:  0.000e+00
# interval = seconds: 0.25
# start_time = Aug 12 2021 16:56:10 [Instrument's time stamp, header]
# bad_flag = -9.990e-29
*END*
  1023.9025     17.529     17.673    30.6953     8.5144          1          1       1482  0.000e+00
  1023.9022     17.545     17.689    30.6948     8.5147          1          1       1483  0.000e+00
  1023.9018     17.563     17.707    30.6943     8.5149          1          1       1484  0.000e+00
  1023.9028     17.579     17.723    30.6955     8.5149          1          1       1485  0.000e+00
  1023.9032     17.596     17.740    30.6960     8.5155          1          1       1486  0.000e+00
  1023.9018     17.612     17.756    30.6943     8.5165          1          1       1487  0.000e+00
  1023.9000     17.629     17.774    30.6919     8.5167          1          1       1488  0.000e+00
  1023.9002     17.646     17.791    30.6920     8.5156          1          1       1489  0.000e+00
  1023.8951     17.660     17.806    30.6849     8.5132          1          1       1490  0.000e+00
  1022.8319      5.838      5.886    30.3861    13.0828          2          2       1907  0.000e+00
  1022.9018      5.730      5.777    30.4909    13.1378          2          2       1908  0.000e+00
  1022.9056      5.608      5.654    30.5240    13.2473          2          2       1909  0.000e+00
  1022.9691      5.461      5.506    30.6458    13.4003          2          2       1910  0.000e+00
  1022.8522      5.302      5.346    30.5492    13.6110          2          2       1911  0.000e+00
  1022.6365      5.137      5.179    30.3152    13.7833          2          2       1912  0.000e+00
  1022.6283      4.966      5.007    30.3222    13.8477          2          2       1913  0.000e+00
  1022.7065      4.792      4.831    30.4352    13.8881          2          2       1914  0.000e+00
  1022.6965      4.626      4.664    30.4490    13.9871          2          2       1915  0.000e+00
  1022.0843      2.720      2.743    30.1382    15.7235          3          3       1932  0.000e+00
  1022.1765      2.571      2.592    30.2696    15.7606          3          3       1933  0.000e+00
  1022.1097      2.426      2.446    30.2146    15.8702          3          3       1934  0.000e+00
  1022.0416      2.288      2.307    30.1560    15.9722          3          3       1935  0.000e+00
  1022.0169      2.161      2.178    30.1452    16.0440          3          3       1936  0.000e+00
  1021.9727      2.048      2.065    30.1046    16.1011          3          3       1937  0.000e+00
  1021.9606      1.947      1.963    30.1024    16.1460          3          3       1938  0.000e+00
  1021.9659      1.849      1.864    30.1227    16.1903          3          3       1939  0.000e+00
  1021.9467      1.745      1.760    30.1152    16.2488          3          3       1940  0.000e+00
