data/eDNA/PER-2021-171/171a006.cnv
* Sea-Bird SBE19plus  Data File:
* FileName = C:\Users\RSG_field\Ryan_2021_Perley\CTD\171a006.hex
* Software version 2.3.0 SB_Terminal.dll
* Temperature SN = 7141
* Conductivity SN = 7141
* System UpLoad Time = Aug 12 2021 16:14:41
* <ApplicationData>
* <SeatermAF>
** Platform: M. Perley
** Cruise: Per2021171
** Station:  GC_06
** Cast: 01 1
** Latitude: N  44 46.979
** Longitude: W 62 26.63
** Sounding: 22.1
** Chief Scientist: Ryan Stanley
** Comment: 171a006
# nquan = 8
# nvalues = 1914                                  
# units = specified
# name 0 = density00: Density [density, kg/m^3]
# name 1 = depSM: Depth [salt water, m], lat = 45.00
# name 2 = prdM: Pressure, Strain Gauge [db]
# name 3 = sal00: Salinity, Practical [PSU]
# name 4 = tv290C: Temperature [ITS-90, deg C]
# name 5 = bpos: Bottle Position in Carousel
# name 6 = nbf: Bottles Fired
# name 7 = flag:  0.000e+00
# span 0 =   998.2690,  1023.7603                 
# span 1 =     -0.078,     20.897                 
# span 2 =     -0.079,     21.069                 
# span 3 =     0.0089,    31.1200                 
# span 4 =     9.7329,    19.7279                 
# span 5 =          0,          3                 
# span 6 =          0,          3                 
# span 7 = 0.0000e+00, 0.0000e+00                 
# interval = seconds: 0.25
# start_time = Aug 12 2021 19:02:50 [Instrument's time stamp, header]
# bad_flag = -9.990e-29
*END*
[from data line 180]
  1021.6624      1.739      1.753    30.4449    18.5478          0          0  0.000e+00
  1021.6702      1.757      1.771    30.4508    18.5347          0          0  0.000e+00
  1021.6815      1.777      1.791    30.4619    18.5237          0          0  0.000e+00
  1021.6937      1.796      1.810    30.4756    18.5167          0          0  0.000e+00
  1021.7025      1.819      1.834    30.4860    18.5138          0          0  0.000e+00
  1021.7006      1.852      1.867    30.4829    18.5124          0          0  0.000e+00
  1021.6995      1.900      1.915    30.4804    18.5099          0          0  0.000e+00
  1021.6883      1.960      1.976    30.4642    18.5060          0          0  0.000e+00
  1021.6782      2.025      2.041    30.4494    18.5025          0          0  0.000e+00
  1021.6676      2.093      2.110    30.4369    18.5080          0          0  0.000e+00
  1021.6569      2.148      2.165    30.4261    18.5190          0          0  0.000e+00
  1021.6497      2.190      2.208    30.4198    18.5298          0          0  0.000e+00
  1021.6569      2.219      2.237    30.4320    18.5391          0          0  0.000e+00
  1021.6828      2.225      2.243    30.4679    18.5452          0          0  0.000e+00
  1021.6889      2.218      2.236    30.4773    18.5496          0          0  0.000e+00
  1021.6988      2.196      2.214    30.4917    18.5537          0          0  0.000e+00
  1021.6962      2.166      2.183    30.4910    18.5613          0          0  0.000e+00
  1021.6884      2.126      2.144    30.4847    18.5729          0          0  0.000e+00
  1021.6818      2.084      2.101    30.4792    18.5817          0          0  0.000e+00
  1021.6766      2.037      2.054    30.4746    18.5882          0          0  0.000e+00
  1021.6732      1.982      1.999    30.4717    18.5917          0          0  0.000e+00
  1021.6708      1.930      1.946    30.4694    18.5937          0          0  0.000e+00
  1021.6679      1.873      1.888    30.4671    18.5972          0          0  0.000e+00
  1021.6650      1.807      1.822    30.4650    18.6014          0          0  0.000e+00
  1021.6621      1.748      1.762    30.4630    18.6057          0          0  0.000e+00
  1021.6572      1.699      1.713    30.4580    18.6093          0          0  0.000e+00
  1021.6471      1.670      1.683    30.4459    18.6124          0          0  0.000e+00
  1021.6355      1.670      1.683    30.4314    18.6144          0          0  0.000e+00
  1021.6346      1.691      1.705    30.4304    18.6153          0          0  0.000e+00
  1021.6287      1.742      1.756    30.4216    18.6132          0          0  0.000e+00
  1021.6070      1.812      1.827    30.3900    18.6044          0          0  0.000e+00
  1021.6014      1.904      1.919    30.3774    18.5898          0          0  0.000e+00
  1021.6096      1.986      2.002    30.3822    18.5727          0          0  0.000e+00
  1021.6210      2.062      2.079    30.3921    18.5585          0          0  0.000e+00
  1021.6326      2.120      2.137    30.4040    18.5492          0          0  0.000e+00
  1021.6584      2.163      2.180    30.4360    18.5442          0          0  0.000e+00
  1021.6812      2.183      2.201    30.4653    18.5426          0          0  0.000e+00
  1021.6922      2.182      2.199    30.4791    18.5405          0          0  0.000e+00
  1021.6987      2.171      2.189    30.4886    18.5439          0          0  0.000e+00
  1021.6929      2.150      2.167    30.4851    18.5565          0          0  0.000e+00
  1021.6783      2.124      2.142    30.4713    18.5722          0          0  0.000e+00
  1021.6192      2.106      2.124    30.3972    18.5826          0          0  0.000e+00
  1021.5806      2.098      2.115    30.3464    18.5814          0          0  0.000e+00
  1021.5903      2.097      2.114    30.3535    18.5640          0          0  0.000e+00
  1021.6022      2.099      2.116    30.3633    18.5460          0          0  0.000e+00
  1021.6100      2.107      2.125    30.3686    18.5307          0          0  0.000e+00
  1021.6244      2.110      2.127    30.3805    18.5091          0          0  0.000e+00
  1021.6426      2.101      2.118    30.3969    18.4853          0          0  0.000e+00
  1021.6556      2.078      2.095    30.4089    18.4694          0          0  0.000e+00
  1021.6647      2.042      2.058    30.4183    18.4606          0          0  0.000e+00
  1021.6614      1.983      2.000    30.4150    18.4628          0          0  0.000e+00
  1021.6590      1.912      1.928    30.4146    18.4701          0          0  0.000e+00
  1021.6543      1.836      1.851    30.4114    18.4780          0          0  0.000e+00
  1021.6486      1.761      1.775    30.4063    18.4840          0          0  0.000e+00
  1021.6474      1.693      1.707    30.4050    18.4839          0          0  0.000e+00
  1021.6503      1.645      1.659    30.4077    18.4794          0          0  0.000e+00
  1021.6529      1.619      1.632    30.4099    18.4750          0          0  0.000e+00
  1021.6541      1.621      1.634    30.4099    18.4701          0          0  0.000e+00
  1021.6663      1.661      1.675    30.4200    18.4523          0          0  0.000e+00
  1021.6871      1.743      1.757    30.4379    18.4247          0          0  0.000e+00
  1021.6991      1.850      1.865    30.4499    18.4149          0          0  0.000e+00
  1021.6963      1.982      1.999    30.4459    18.4163          0          0  0.000e+00
  1021.7208      2.102      2.119    30.4674    18.3854          0          0  0.000e+00
  1021.7137      2.206      2.224    30.4601    18.3934          0          0  0.000e+00
  1021.6912      2.285      2.304    30.4399    18.4240          0          0  0.000e+00
  1021.6904      2.332      2.351    30.4385    18.4236          0          0  0.000e+00
  1021.7064      2.350      2.369    30.4523    18.4015          0          0  0.000e+00
  1021.7311      2.338      2.358    30.4751    18.3711          0          0  0.000e+00
  1021.7440      2.306      2.324    30.4871    18.3553          0          0  0.000e+00
  1021.7473      2.253      2.271    30.4910    18.3530          0          0  0.000e+00
  1021.7361      2.188      2.206    30.4810    18.3668          0          0  0.000e+00
  1021.7242      2.116      2.133    30.4706    18.3812          0          0  0.000e+00
  1021.7186      2.051      2.068    30.4658    18.3880          0          0  0.000e+00
  1021.7199      1.993      2.009    30.4669    18.3852          0          0  0.000e+00
  1021.7283      1.936      1.952    30.4750    18.3751          0          0  0.000e+00
  1021.7359      1.878      1.894    30.4824    18.3659          0          0  0.000e+00
  1021.7392      1.818      1.833    30.4859    18.3623          0          0  0.000e+00
  1021.7371      1.763      1.777    30.4845    18.3657          0          0  0.000e+00
  1021.7257      1.712      1.726    30.4737    18.3774          0          0  0.000e+00
  1021.7199      1.676      1.690    30.4681    18.3831          0          0  0.000e+00
  1021.7182      1.666      1.680    30.4649    18.3799          0          0  0.000e+00
  1021.7177      1.676      1.690    30.4595    18.3651          0          0  0.000e+00
  1021.7434      1.713      1.727    30.4827    18.3329          0          0  0.000e+00
  1021.7705      1.779      1.793    30.5097    18.3075          0          0  0.000e+00
  1021.7587      1.870      1.885    30.5021    18.3339          0          0  0.000e+00
  1021.7045      1.974      1.990    30.4530    18.4045          0          0  0.000e+00
  1021.6562      2.071      2.088    30.4085    18.4654          0          0  0.000e+00
  1021.6230      2.156      2.174    30.3782    18.5081          0          0  0.000e+00
  1021.6040      2.225      2.243    30.3605    18.5322          0          0  0.000e+00
  1021.5935      2.271      2.289    30.3505    18.5446          0          0  0.000e+00
  1021.5850      2.282      2.301    30.3430    18.5564          0          0  0.000e+00
  1021.5733      2.275      2.293    30.3324    18.5709          0          0  0.000e+00
  1021.5665      2.244      2.263    30.3264    18.5795          0          0  0.000e+00
  1021.5643      2.196      2.214    30.3245    18.5818          0          0  0.000e+00
  1021.5658      2.132      2.149    30.3259    18.5788          0          0  0.000e+00
  1021.5717      2.063      2.080    30.3316    18.5711          0          0  0.000e+00
  1021.5791      2.007      2.023    30.3386    18.5616          0          0  0.000e+00
  1021.5861      1.965      1.981    30.3453    18.5533          0          0  0.000e+00
  1021.5919      1.945      1.961    30.3507    18.5460          0          0  0.000e+00
  1021.5970      1.936      1.952    30.3554    18.5397          0          0  0.000e+00
  1021.6041      1.936      1.952    30.3624    18.5321          0          0  0.000e+00
  1021.6071      1.930      1.946    30.3660    18.5311          0          0  0.000e+00
  1021.5999      1.918      1.933    30.3598    18.5410          0          0  0.000e+00
  1021.5905      1.892      1.908    30.3516    18.5537          0          0  0.000e+00
  1021.5876      1.853      1.868    30.3495    18.5580          0          0  0.000e+00
  1021.5952      1.802      1.817    30.3564    18.5475          0          0  0.000e+00
  1021.5943      1.748      1.762    30.3559    18.5488          0          0  0.000e+00
  1021.5871      1.710      1.724    30.3494    18.5572          0          0  0.000e+00
  1021.5803      1.701      1.715    30.3433    18.5659          0          0  0.000e+00
  1021.5796      1.737      1.752    30.3431    18.5688          0          0  0.000e+00
  1021.6047      1.813      1.828    30.3660    18.5390          0          0  0.000e+00
  1021.6469      1.926      1.942    30.4047    18.4891          0          0  0.000e+00
  1021.6792      2.041      2.057    30.4312    18.4416          0          0  0.000e+00
  1021.6893      2.150      2.167    30.4368    18.4196          0          0  0.000e+00
  1021.6878      2.230      2.249    30.4348    18.4207          0          0  0.000e+00
  1021.6997      2.277      2.296    30.4447    18.4038          0          0  0.000e+00
  1021.7252      2.293      2.312    30.4648    18.3626          0          0  0.000e+00
  1021.7578      2.280      2.299    30.4954    18.3238          0          0  0.000e+00
  1021.7772      2.239      2.257    30.5155    18.3066          0          0  0.000e+00
  1021.7750      2.167      2.184    30.5148    18.3118          0          0  0.000e+00
  1021.7552      2.077      2.094    30.4974    18.3373          0          0  0.000e+00
  1021.7291      1.983      2.000    30.4745    18.3713          0          0  0.000e+00
  1021.7137      1.898      1.913    30.4612    18.3914          0          0  0.000e+00
  1021.7061      1.839      1.854    30.4548    18.4013          0          0  0.000e+00
  1021.6974      1.804      1.819    30.4473    18.4125          0          0  0.000e+00
  1021.6814      1.796      1.810    30.4327    18.4326          0          0  0.000e+00
  1021.6616      1.804      1.819    30.4147    18.4576          0          0  0.000e+00
  1021.6447      1.829      1.844    30.3995    18.4801          0          0  0.000e+00
  1021.6292      1.863      1.878    30.3850    18.4988          0          0  0.000e+00
  1021.6219      1.899      1.914    30.3777    18.5067          0          0  0.000e+00
  1021.6228      1.923      1.939    30.3779    18.5040          0          0  0.000e+00
  1021.6287      1.945      1.961    30.3830    18.4962          0          0  0.000e+00
  1021.6354      1.958      1.974    30.3887    18.4866          0          0  0.000e+00
  1021.6428      1.958      1.974    30.3951    18.4764          0          0  0.000e+00
  1021.6501      1.957      1.973    30.4018    18.4673          0          0  0.000e+00
  1021.6559      1.963      1.979    30.4074    18.4611          0          0  0.000e+00
  1021.6553      1.981      1.997    30.4073    18.4639          0          0  0.000e+00
  1021.6485      2.010      2.026    30.4017    18.4745          0          0  0.000e+00
  1021.6362      2.052      2.069    30.3910    18.4921          0          0  0.000e+00
  1021.6200      2.087      2.104    30.3766    18.5141          0          0  0.000e+00
  1021.6032      2.117      2.134    30.3611    18.5354          0          0  0.000e+00
  1021.5916      2.128      2.145    30.3506    18.5502          0          0  0.000e+00
  1021.5845      2.121      2.139    30.3441    18.5590          0          0  0.000e+00
  1021.5810      2.104      2.121    30.3409    18.5628          0          0  0.000e+00
  1021.5806      2.080      2.097    30.3407    18.5634          0          0  0.000e+00
  1021.5817      2.051      2.068    30.3417    18.5617          0          0  0.000e+00
  1021.5860      2.022      2.038    30.3456    18.5556          0          0  0.000e+00
  1021.5916      1.998      2.015    30.3509    18.5487          0          0  0.000e+00
  1021.5946      1.982      1.999    30.3537    18.5452          0          0  0.000e+00
  1021.5942      1.976      1.992    30.3534    18.5456          0          0  0.000e+00
  1021.5931      1.969      1.985    30.3527    18.5477          0          0  0.000e+00
  1021.5927      1.957      1.973    30.3533    18.5511          0          0  0.000e+00
  1021.5864      1.943      1.959    30.3476    18.5586          0          0  0.000e+00
  1021.5833      1.922      1.938    30.3454    18.5643          0          0  0.000e+00
  1021.5779      1.893      1.909    30.3407    18.5712          0          0  0.000e+00
  1021.5727      1.859      1.875    30.3363    18.5777          0          0  0.000e+00
  1021.5685      1.822      1.837    30.3325    18.5824          0          0  0.000e+00
  1021.5672      1.798      1.813    30.3311    18.5832          0          0  0.000e+00
  1021.5697      1.793      1.807    30.3336    18.5805          0          0  0.000e+00
  1021.5706      1.817      1.832    30.3341    18.5789          0          0  0.000e+00
  1021.5732      1.880      1.895    30.3365    18.5772          0          0  0.000e+00
  1021.5708      1.979      1.995    30.3317    18.5735          0          0  0.000e+00
  1021.5848      2.087      2.104    30.3418    18.5499          0          0  0.000e+00
  1021.5839      2.183      2.201    30.3335    18.5291          0          0  0.000e+00
  1021.6066      2.248      2.267    30.3573    18.5118          0          0  0.000e+00
  1021.6163      2.278      2.297    30.3670    18.5031          0          0  0.000e+00
  1021.6185      2.267      2.286    30.3694    18.5012          0          0  0.000e+00
  1021.6151      2.218      2.236    30.3655    18.5021          0          0  0.000e+00
  1021.6128      2.134      2.151    30.3633    18.5029          0          0  0.000e+00
  1021.6130      2.022      2.038    30.3657    18.5079          0          0  0.000e+00
  1021.6097      1.901      1.916    30.3642    18.5144          0          0  0.000e+00
  1021.6080      1.787      1.802    30.3641    18.5191          0          0  0.000e+00
  1021.6049      1.700      1.714    30.3626    18.5257          0          0  0.000e+00
  1021.6007      1.658      1.672    30.3599    18.5335          0          0  0.000e+00
  1021.5963      1.673      1.687    30.3568    18.5420          0          0  0.000e+00
  1021.5874      1.732      1.746    30.3480    18.5520          0          0  0.000e+00
  1021.5725      1.849      1.864    30.3306    18.5607          0          0  0.000e+00
  1021.5789      1.987      2.003    30.3368    18.5567          0          0  0.000e+00
  1021.5943      2.099      2.116    30.3500    18.5370          0          0  0.000e+00
