data/eDNA/PER-2021-171/171a027.cnv
* Sea-Bird SBE19plus  Data File:
* FileName = C:\Users\RSG_field\Ryan_2021_Perley\CTD\171a027.hex
* Software version 2.3.0 SB_Terminal.dll
* Temperature SN = 7141
* Conductivity SN = 7141
* System UpLoad Time = Aug 18 2021 11:16:21
* <ApplicationData>
* <SeatermAF>
** Platform: M. Perley
** Cruise: Per2021171
** Station:  SAB_03
** Cast: 01 1
** Latitude: N  45 50.543
** Longitude: W 60 05.292
** Sounding: 34.6
** Chief Scientist: Ryan Stanley
** Comment: 171a027
** Samples in Gabrus Bay came for protection from wind and well. Very calm
# nquan = 8
# nvalues = 2114                                  
# units = specified
# name 0 = density00: Density [density, kg/m^3]
# name 1 = depSM: Depth [salt water, m], lat = 45.00
# name 2 = prdM: Pressure, Strain Gauge [db]
# name 3 = sal00: Salinity, Practical [PSU]
# name 4 = tv290C: Temperature [ITS-90, deg C]
# name 5 = bpos: Bottle Position in Carousel
# name 6 = nbf: Bottles Fired
# name 7 = flag:  0.000e+00
# span 0 =   998.4345,  1024.6470                 
# span 1 =     -0.011,     31.846                 
# span 2 =     -0.011,     32.109                 
# span 3 =     0.0095,    31.1595                 
# span 4 =     6.0933,    19.0425                 
# span 5 =          0,          3                 
# span 6 =          0,          3                 
# span 7 = 0.0000e+00, 0.0000e+00                 
# interval = seconds: 0.25
# start_time = Aug 18 2021 14:04:05 [Instrument's time stamp, header]
# bad_flag = -9.990e-29
*END*
[from data line 1798]
  1024.3693     26.944     27.167    30.9317     6.7803          1          1  0.000e+00
  1024.3831     26.815     27.036    30.9507     6.7848          1          1  0.000e+00
  1024.3791     26.679     26.899    30.9479     6.7942          1          1  0.000e+00
  1024.3931     26.543     26.762    30.9685     6.8062          1          1  0.000e+00
  1024.3886     26.406     26.624    30.9672     6.8281          1          1  0.000e+00
  1024.3761     26.263     26.479    30.9563     6.8537          1          1  0.000e+00
  1024.3815     26.126     26.342    30.9677     6.8769          1          1  0.000e+00
  1024.3674     25.990     26.205    30.9556     6.9068          1          1  0.000e+00
  1024.3447     25.856     26.069    30.9319     6.9333          1          1  0.000e+00
  1024.3330     25.724     25.936    30.9201     6.9475          1          1  0.000e+00
  1024.3356     25.595     25.806    30.9256     6.9561          1          1  0.000e+00
  1024.3430     25.469     25.679    30.9378     6.9688          1          1  0.000e+00
  1024.3323     25.348     25.557    30.9282     6.9890          1          1  0.000e+00
  1024.3190     25.234     25.442    30.9153     7.0087          1          1  0.000e+00
  1024.3130     25.121     25.328    30.9109     7.0245          1          1  0.000e+00
  1024.3096     25.018     25.225    30.9094     7.0382          1          1  0.000e+00
  1024.2946     24.916     25.121    30.8932     7.0512          1          1  0.000e+00
  1024.2992     24.816     25.020    30.9009     7.0592          1          1  0.000e+00
  1024.2902     24.716     24.920    30.8919     7.0695          1          1  0.000e+00
  1024.3009     24.613     24.816    30.9077     7.0802          1          1  0.000e+00
  1024.3059     24.510     24.712    30.9179     7.0989          1          1  0.000e+00
  1024.2892     24.405     24.606    30.9023     7.1290          1          1  0.000e+00
  1024.2702     24.295     24.496    30.8833     7.1561          1          1  0.000e+00
  1024.2618     24.183     24.382    30.8765     7.1753          1          1  0.000e+00
  1024.2518     24.071     24.269    30.8673     7.1918          1          1  0.000e+00
  1024.2457     23.952     24.149    30.8626     7.2058          1          1  0.000e+00
  1024.2349     23.829     24.025    30.8516     7.2178          1          1  0.000e+00
  1024.2282     23.706     23.901    30.8449     7.2247          1          1  0.000e+00
  1024.2388     23.582     23.776    30.8599     7.2288          1          1  0.000e+00
  1024.2591     23.458     23.651    30.8885     7.2410          1          1  0.000e+00
  1024.2463     23.334     23.526    30.8782     7.2723          1          1  0.000e+00
  1024.2713     23.209     23.400    30.9180     7.3152          1          1  0.000e+00
  1024.2222     23.084     23.274    30.8675     7.3812          1          1  0.000e+00
  1024.2039     22.955     23.144    30.8534     7.4308          1          1  0.000e+00
  1024.2135     22.825     23.013    30.8737     7.4731          1          1  0.000e+00
  1024.1584     22.699     22.886    30.8151     7.5354          1          1  0.000e+00
  1024.1682     22.574     22.760    30.8360     7.5802          1          1  0.000e+00
  1024.1156     22.450     22.635    30.7786     7.6308          1          1  0.000e+00
  1024.1343     22.329     22.513    30.8081     7.6592          1          1  0.000e+00
  1024.1457     22.204     22.387    30.8302     7.6991          1          1  0.000e+00
  1024.1210     22.083     22.265    30.8101     7.7594          1          1  0.000e+00
  1024.1314     21.962     22.143    30.8351     7.8216          1          1  0.000e+00
  1024.0642     21.843     22.023    30.7644     7.9017          1          1  0.000e+00
  1024.0359     21.726     21.905    30.7382     7.9537          1          1  0.000e+00
  1024.0408     21.610     21.788    30.7520     7.9921          1          1  0.000e+00
  1024.0138     21.497     21.674    30.7271     8.0413          1          1  0.000e+00
  1024.0477     21.385     21.561    30.7789     8.0847          1          1  0.000e+00
  1024.0340     21.273     21.449    30.7742     8.1514          1          1  0.000e+00
  1024.0165     21.164     21.339    30.7680     8.2360          1          1  0.000e+00
  1023.9848     21.056     21.230    30.7436     8.3204          1          1  0.000e+00
  1023.9321     20.951     21.124    30.6922     8.4029          1          1  0.000e+00
  1023.9156     20.847     21.019    30.6842     8.4696          1          1  0.000e+00
  1023.8964     20.742     20.913    30.6711     8.5279          1          1  0.000e+00
  1023.8862     20.636     20.806    30.6690     8.5829          1          1  0.000e+00
  1023.8405     20.527     20.696    30.6217     8.6385          1          1  0.000e+00
  1023.8273     20.420     20.588    30.6119     8.6727          1          1  0.000e+00
  1023.8375     20.311     20.478    30.6310     8.7011          1          1  0.000e+00
  1023.8069     20.204     20.370    30.5989     8.7346          1          1  0.000e+00
  1023.7976     20.092     20.257    30.5920     8.7578          1          1  0.000e+00
  1023.8056     19.974     20.138    30.6064     8.7757          1          1  0.000e+00
  1023.8070     19.849     20.012    30.6143     8.8043          1          1  0.000e+00
  1023.7811     19.717     19.880    30.5886     8.8390          1          1  0.000e+00
  1023.7618     19.584     19.745    30.5697     8.8651          1          1  0.000e+00
  1023.7834     19.447     19.607    30.6013     8.8818          1          1  0.000e+00
  1023.7705     19.311     19.470    30.5912     8.9104          1          1  0.000e+00
  1023.7614     19.175     19.332    30.5872     8.9464          1          1  0.000e+00
  1023.7200     19.040     19.197    30.5417     8.9804          1          1  0.000e+00
  1023.7617     18.899     19.055    30.5981     8.9923          1          1  0.000e+00
  1023.7768     18.761     18.916    30.6261     9.0328          1          1  0.000e+00
  1023.7390     18.621     18.775    30.5913     9.0984          1          1  0.000e+00
  1023.7268     18.489     18.641    30.5879     9.1569          1          1  0.000e+00
  1023.6813     18.358     18.510    30.5410     9.2103          1          1  0.000e+00
  1023.6521     18.234     18.384    30.5120     9.2494          1          1  0.000e+00
  1023.6361     18.114     18.263    30.4965     9.2709          1          1  0.000e+00
  1023.6349     17.998     18.146    30.4979     9.2824          1          1  0.000e+00
  1023.6430     17.884     18.031    30.5117     9.2961          1          1  0.000e+00
  1023.6339     17.768     17.914    30.5051     9.3185          1          1  0.000e+00
  1023.6319     17.659     17.804    30.5076     9.3409          1          1  0.000e+00
  1023.6108     17.550     17.694    30.4862     9.3658          1          1  0.000e+00
  1023.6078     17.446     17.589    30.4863     9.3830          1          1  0.000e+00
  1023.6267     17.341     17.484    30.5150     9.4021          1          1  0.000e+00
  1023.6284     17.237     17.379    30.5249     9.4378          1          1  0.000e+00
  1023.6091     17.127     17.268    30.5102     9.4850          1          1  0.000e+00
  1023.6591     17.014     17.154    30.5849     9.5345          1          1  0.000e+00
  1023.7343     16.898     17.037    30.7017     9.6319          1          1  0.000e+00
  1023.7423     16.778     16.916    30.7484     9.8071          1          1  0.000e+00
  1023.6203     16.656     16.793    30.6395    10.0335          1          1  0.000e+00
  1023.4817     16.531     16.667    30.5048    10.2360          1          1  0.000e+00
  1023.5410     16.410     16.545    30.6114    10.3765          1          1  0.000e+00
  1023.3655     16.285     16.419    30.4261    10.5601          1          1  0.000e+00
  1023.2933     16.161     16.294    30.3604    10.6823          1          1  0.000e+00
  1023.3309     16.031     16.163    30.4265    10.7601          1          1  0.000e+00
  1023.2664     15.897     16.028    30.3699    10.8774          1          1  0.000e+00
  1023.2173     15.763     15.892    30.3309    10.9832          1          1  0.000e+00
  1023.1849     15.631     15.760    30.3091    11.0694          2          2  0.000e+00
  1023.1749     15.498     15.625    30.3147    11.1486          2          2  0.000e+00
  1023.1553     15.368     15.495    30.3090    11.2325          2          2  0.000e+00
  1023.1352     15.239     15.364    30.3059    11.3308          2          2  0.000e+00
  1023.0775     15.110     15.234    30.2567    11.4379          2          2  0.000e+00
  1023.0802     14.982     15.106    30.2814    11.5277          2          2  0.000e+00
  1023.0033     14.855     14.977    30.2035    11.6176          2          2  0.000e+00
  1023.0624     14.734     14.856    30.2955    11.6830          2          2  0.000e+00
  1023.0802     14.616     14.736    30.3488    11.8114          2          2  0.000e+00
  1022.9715     14.500     14.619    30.2522    11.9950          2          2  0.000e+00
  1022.8721     14.390     14.508    30.1617    12.1528          2          2  0.000e+00
  1022.9022     14.275     14.393    30.2294    12.2712          2          2  0.000e+00
  1022.8474     14.166     14.283    30.1929    12.4116          2          2  0.000e+00
  1022.7708     14.056     14.172    30.1290    12.5544          2          2  0.000e+00
  1022.7175     13.946     14.060    30.0904    12.6762          2          2  0.000e+00
  1022.6977     13.836     13.949    30.0937    12.7921          2          2  0.000e+00
  1022.6807     13.727     13.840    30.1037    12.9194          2          2  0.000e+00
  1022.6010     13.619     13.731    30.0337    13.0508          2          2  0.000e+00
  1022.5332     13.508     13.619    29.9723    13.1539          2          2  0.000e+00
  1022.5750     13.396     13.506    30.0472    13.2344          2          2  0.000e+00
  1022.4779     13.279     13.388    29.9481    13.3370          2          2  0.000e+00
  1022.4677     13.161     13.270    29.9536    13.4087          2          2  0.000e+00
  1022.4471     13.041     13.148    29.9451    13.4771          2          2  0.000e+00
  1022.4112     12.916     13.022    29.9165    13.5451          2          2  0.000e+00
  1022.3946     12.786     12.891    29.9101    13.6014          2          2  0.000e+00
  1022.3579     12.656     12.760    29.8762    13.6515          2          2  0.000e+00
  1022.3671     12.520     12.623    29.8985    13.6888          2          2  0.000e+00
  1022.3589     12.389     12.490    29.9000    13.7329          2          2  0.000e+00
  1022.3394     12.257     12.358    29.8877    13.7807          2          2  0.000e+00
  1022.3314     12.129     12.229    29.8886    13.8218          2          2  0.000e+00
  1022.3201     12.004     12.103    29.8852    13.8617          2          2  0.000e+00
  1022.2890     11.886     11.984    29.8567    13.9051          2          2  0.000e+00
  1022.2708     11.771     11.867    29.8416    13.9352          2          2  0.000e+00
  1022.2525     11.659     11.755    29.8233    13.9536          2          2  0.000e+00
  1022.2651     11.552     11.647    29.8425    13.9622          2          2  0.000e+00
  1022.2593     11.450     11.544    29.8395    13.9773          2          2  0.000e+00
  1022.2841     11.352     11.445    29.8772    13.9961          2          2  0.000e+00
  1022.2831     11.260     11.352    29.8869    14.0363          2          2  0.000e+00
  1022.2474     11.164     11.256    29.8540    14.0853          2          2  0.000e+00
  1022.2268     11.066     11.157    29.8368    14.1193          2          2  0.000e+00
  1022.2521     10.962     11.052    29.8769    14.1446          2          2  0.000e+00
  1022.2283     10.857     10.946    29.8572    14.1854          2          2  0.000e+00
  1022.2044     10.747     10.835    29.8379    14.2270          2          2  0.000e+00
  1022.1992     10.637     10.724    29.8398    14.2574          2          2  0.000e+00
  1022.1836     10.522     10.608    29.8290    14.2907          2          2  0.000e+00
  1022.1545     10.399     10.485    29.7999    14.3208          2          2  0.000e+00
  1022.1562     10.276     10.361    29.8071    14.3369          2          2  0.000e+00
  1022.1614     10.149     10.232    29.8192    14.3542          2          2  0.000e+00
  1022.1587     10.018     10.100    29.8232    14.3796          2          2  0.000e+00
  1022.1681      9.888      9.969    29.8449    14.4125          2          2  0.000e+00
  1022.1395      9.758      9.838    29.8205    14.4577          2          2  0.000e+00
  1022.1441      9.621      9.700    29.8371    14.4946          2          2  0.000e+00
  1022.1173      9.487      9.564    29.8152    14.5397          2          2  0.000e+00
  1022.1027      9.349      9.425    29.8076    14.5790          2          2  0.000e+00
  1022.1179      9.213      9.289    29.8377    14.6147          2          2  0.000e+00
  1022.1072      9.075      9.150    29.8396    14.6705          2          2  0.000e+00
  1022.0797      8.943      9.016    29.8205    14.7296          2          2  0.000e+00
  1022.0469      8.809      8.882    29.7925    14.7804          2          2  0.000e+00
  1022.0341      8.679      8.750    29.7862    14.8160          2          2  0.000e+00
  1022.0277      8.556      8.626    29.7876    14.8492          2          2  0.000e+00
  1022.0103      8.436      8.505    29.7750    14.8834          2          2  0.000e+00
  1021.9954      8.321      8.389    29.7638    14.9106          2          2  0.000e+00
  1022.0029      8.208      8.276    29.7801    14.9323          2          2  0.000e+00
  1022.0129      8.102      8.169    29.8019    14.9625          2          2  0.000e+00
  1021.9751      8.006      8.071    29.7662    15.0091          2          2  0.000e+00
  1021.9670      7.914      7.978    29.7657    15.0440          2          2  0.000e+00
  1021.9442      7.820      7.884    29.7446    15.0732          2          2  0.000e+00
  1021.9262      7.730      7.794    29.7263    15.0897          2          2  0.000e+00
  1021.9239      7.636      7.699    29.7256    15.0962          2          2  0.000e+00
  1021.9179      7.538      7.600    29.7199    15.1015          2          2  0.000e+00
  1021.9552      7.440      7.501    29.7696    15.1041          2          2  0.000e+00
  1021.9491      7.333      7.393    29.7708    15.1351          2          2  0.000e+00
  1021.9851      7.219      7.279    29.8316    15.1835          2          2  0.000e+00
  1021.9443      7.101      7.159    29.8025    15.2674          2          2  0.000e+00
  1021.8843      6.974      7.032    29.7478    15.3493          2          2  0.000e+00
  1021.8470      6.842      6.898    29.7153    15.4042          2          2  0.000e+00
  1021.8433      6.709      6.764    29.7198    15.4344          2          2  0.000e+00
  1021.8144      6.574      6.628    29.6912    15.4644          2          2  0.000e+00
  1021.8049      6.441      6.494    29.6849    15.4833          2          2  0.000e+00
  1021.8321      6.305      6.356    29.7264    15.5019          2          2  0.000e+00
  1021.8353      6.172      6.223    29.7426    15.5421          2          2  0.000e+00
  1021.8789      6.043      6.092    29.8174    15.6033          2          2  0.000e+00
  1021.8115      5.917      5.965    29.7595    15.7070          2          2  0.000e+00
  1021.7522      5.794      5.841    29.7088    15.7980          2          2  0.000e+00
  1021.7206      5.677      5.724    29.6837    15.8520          2          2  0.000e+00
