data/eDNA/PER-2021-171/171a022.cnv
* Sea-Bird SBE19plus  Data File:
* FileName = C:\Users\RSG_field\Ryan_2021_Perley\CTD\171a022.hex
* Software version 2.3.0 SB_Terminal.dll
* Temperature SN = 7141
* Conductivity SN = 7141
* System UpLoad Time = Aug 17 2021 15:08:23
* <ApplicationData>
* <SeatermAF>
** Platform: M. Perley
** Cruise: Per2021171
** Station:  SAB_07
** Cast: 01 1
** Latitude: N  46 16.325
** Longitude: W 59 00.878
** Sounding: 165
** Chief Scientist: Ryan Stanley
** Comment: 171a022
# nquan = 8
# nvalues = 4099                                  
# units = specified
# name 0 = density00: Density [density, kg/m^3]
# name 1 = depSM: Depth [salt water, m], lat = 45.00
# name 2 = prdM: Pressure, Strain Gauge [db]
# name 3 = sal00: Salinity, Practical [PSU]
# name 4 = tv290C: Temperature [ITS-90, deg C]
# name 5 = bpos: Bottle Position in Carousel
# name 6 = nbf: Bottles Fired
# name 7 = flag:  0.000e+00
# span 0 =   998.3245,  1027.4163                 
# span 1 =     -0.041,    152.414                 
# span 2 =     -0.041,    153.719                 
# span 3 =     0.0341,    33.7254                 
# span 4 =     1.8929,    19.8439                 
# span 5 =          0,          2                 
# span 6 =          0,          2                 
# span 7 = 0.0000e+00, 0.0000e+00                 
# interval = seconds: 0.25
# start_time = Aug 17 2021 17:48:17 [Instrument's time stamp, header]
# bad_flag = -9.990e-29
*END*
[from data line 2158]
  1027.3396    151.971    153.272    33.6131     4.5316          0          0  0.000e+00
  1027.3628    152.060    153.361    33.6429     4.5387          0          0  0.000e+00
  1027.3639    152.143    153.445    33.6460     4.5541          0          0  0.000e+00
  1027.3622    152.204    153.507    33.6459     4.5710          0          0  0.000e+00
  1027.3464    152.241    153.544    33.6276     4.5852          0          0  0.000e+00
  1027.3569    152.249    153.552    33.6419     4.5925          0          0  0.000e+00
  1027.3334    152.223    153.526    33.6136     4.6008          0          0  0.000e+00
  1027.3291    152.162    153.464    33.6087     4.6020          0          0  0.000e+00
  1027.3333    152.070    153.371    33.6142     4.5994          0          0  0.000e+00
  1027.3315    151.955    153.256    33.6124     4.5985          0          0  0.000e+00
  1027.3218    151.823    153.122    33.6007     4.5970          0          0  0.000e+00
  1027.3167    151.686    152.984    33.5946     4.5926          0          0  0.000e+00
  1027.3138    151.563    152.860    33.5906     4.5860          0          0  0.000e+00
  1027.3125    151.457    152.753    33.5886     4.5788          0          0  0.000e+00
  1027.3131    151.384    152.679    33.5889     4.5717          0          0  0.000e+00
  1027.3093    151.350    152.645    33.5833     4.5653          0          0  0.000e+00
  1027.3073    151.349    152.644    33.5798     4.5579          0          0  0.000e+00
  1027.3094    151.376    152.671    33.5811     4.5501          0          0  0.000e+00
  1027.3002    151.427    152.723    33.5682     4.5428          0          0  0.000e+00
  1027.3078    151.495    152.791    33.5761     4.5331          0          0  0.000e+00
  1027.3184    151.566    152.863    33.5880     4.5260          0          0  0.000e+00
  1027.3219    151.632    152.929    33.5917     4.5238          0          0  0.000e+00
  1027.3285    151.692    152.990    33.5996     4.5237          0          0  0.000e+00
  1027.3263    151.747    153.046    33.5968     4.5259          0          0  0.000e+00
  1027.3264    151.794    153.093    33.5970     4.5277          0          0  0.000e+00
  1027.3269    151.839    153.138    33.5975     4.5291          0          0  0.000e+00
  1027.3267    151.870    153.170    33.5973     4.5307          0          0  0.000e+00
  1027.3264    151.896    153.196    33.5970     4.5322          0          0  0.000e+00
  1027.3263    151.912    153.212    33.5969     4.5334          0          0  0.000e+00
  1027.3265    151.925    153.225    33.5973     4.5346          0          0  0.000e+00
  1027.3252    151.933    153.233    33.5958     4.5357          0          0  0.000e+00
  1027.3253    151.946    153.246    33.5959     4.5364          0          0  0.000e+00
  1027.3248    151.958    153.259    33.5953     4.5368          0          0  0.000e+00
  1027.3252    151.967    153.268    33.5957     4.5372          0          0  0.000e+00
  1027.3252    151.970    153.271    33.5958     4.5375          0          0  0.000e+00
  1027.3254    151.957    153.258    33.5962     4.5379          0          0  0.000e+00
  1027.3246    151.927    153.227    33.5954     4.5383          0          0  0.000e+00
  1027.3235    151.877    153.177    33.5943     4.5386          0          0  0.000e+00
  1027.3220    151.804    153.103    33.5928     4.5382          0          0  0.000e+00
  1027.3206    151.711    153.010    33.5915     4.5376          0          0  0.000e+00
  1027.3208    151.605    152.903    33.5922     4.5364          0          0  0.000e+00
  1027.3209    151.496    152.793    33.5929     4.5355          0          0  0.000e+00
  1027.3201    151.390    152.686    33.5924     4.5348          0          0  0.000e+00
  1027.3184    151.300    152.595    33.5907     4.5342          0          0  0.000e+00
  1027.3164    151.232    152.526    33.5884     4.5332          0          0  0.000e+00
  1027.3124    151.201    152.495    33.5834     4.5312          0          0  0.000e+00
  1027.3119    151.207    152.500    33.5822     4.5281          0          0  0.000e+00
  1027.2958    151.250    152.544    33.5611     4.5241          0          0  0.000e+00
  1027.2935    151.334    152.629    33.5563     4.5146          0          0  0.000e+00
  1027.3147    151.451    152.747    33.5809     4.5037          0          0  0.000e+00
  1027.3222    151.590    152.887    33.5890     4.5006          0          0  0.000e+00
  1027.3391    151.737    153.035    33.6098     4.5023          0          0  0.000e+00
  1027.3458    151.879    153.179    33.6184     4.5100          0          0  0.000e+00
  1027.3385    152.000    153.301    33.6101     4.5211          0          0  0.000e+00
  1027.3423    152.082    153.383    33.6156     4.5291          0          0  0.000e+00
  1027.3376    152.119    153.421    33.6104     4.5368          0          0  0.000e+00
  1027.3316    152.112    153.414    33.6038     4.5430          0          0  0.000e+00
  1027.3199    152.064    153.365    33.5897     4.5457          0          0  0.000e+00
  1027.3189    151.982    153.283    33.5887     4.5439          0          0  0.000e+00
  1027.3200    151.887    153.186    33.5903     4.5413          0          0  0.000e+00
  1027.3211    151.788    153.087    33.5919     4.5393          0          0  0.000e+00
  1027.3195    151.708    153.007    33.5902     4.5382          0          0  0.000e+00
  1027.3172    151.660    152.957    33.5874     4.5365          0          0  0.000e+00
  1027.3198    151.649    152.947    33.5904     4.5341          0          0  0.000e+00
  1027.3214    151.671    152.969    33.5921     4.5328          0          0  0.000e+00
  1027.3210    151.719    153.017    33.5912     4.5320          0          0  0.000e+00
  1027.3230    151.776    153.075    33.5933     4.5311          0          0  0.000e+00
  1027.3248    151.828    153.128    33.5952     4.5311          0          0  0.000e+00
  1027.3243    151.860    153.160    33.5945     4.5317          0          0  0.000e+00
  1027.3244    151.863    153.163    33.5946     4.5319          0          0  0.000e+00
  1027.3238    151.834    153.133    33.5940     4.5322          0          0  0.000e+00
  1027.3232    151.774    153.073    33.5937     4.5326          0          0  0.000e+00
  1027.3220    151.692    152.990    33.5927     4.5325          0          0  0.000e+00
  1027.3181    151.600    152.898    33.5883     4.5322          0          0  0.000e+00
  1027.3149    151.514    152.811    33.5845     4.5305          0          0  0.000e+00
  1027.3149    151.451    152.747    33.5845     4.5276          0          0  0.000e+00
  1027.3159    151.415    152.710    33.5856     4.5250          0          0  0.000e+00
  1027.3160    151.412    152.707    33.5854     4.5230          0          0  0.000e+00
  1027.3135    151.445    152.740    33.5819     4.5212          0          0  0.000e+00
  1027.3096    151.508    152.805    33.5761     4.5183          0          0  0.000e+00
  1027.3094    151.598    152.896    33.5747     4.5135          0          0  0.000e+00
  1027.3234    151.703    153.002    33.5910     4.5087          0          0  0.000e+00
  1027.3345    151.810    153.110    33.6046     4.5093          0          0  0.000e+00
  1027.3419    151.910    153.210    33.6141     4.5154          0          0  0.000e+00
  1027.3399    151.992    153.293    33.6124     4.5241          0          0  0.000e+00
  1027.3423    152.046    153.347    33.6161     4.5322          0          0  0.000e+00
  1027.3296    152.067    153.369    33.6010     4.5395          0          0  0.000e+00
  1027.3269    152.058    153.359    33.5981     4.5427          0          0  0.000e+00
  1027.3205    152.015    153.316    33.5904     4.5433          0          0  0.000e+00
  1027.3185    151.953    153.253    33.5880     4.5415          0          0  0.000e+00
  1027.3209    151.877    153.177    33.5911     4.5389          0          0  0.000e+00
  1027.3213    151.801    153.100    33.5919     4.5373          0          0  0.000e+00
  1027.3210    151.736    153.035    33.5916     4.5363          0          0  0.000e+00
  1027.3205    151.695    152.993    33.5912     4.5353          0          0  0.000e+00
  1027.3208    151.678    152.976    33.5915     4.5343          0          0  0.000e+00
  1027.3198    151.682    152.980    33.5902     4.5335          0          0  0.000e+00
  1027.3139    151.700    152.998    33.5824     4.5320          0          0  0.000e+00
  1027.3161    151.736    153.035    33.5845     4.5285          0          0  0.000e+00
  1027.3187    151.770    153.069    33.5871     4.5256          0          0  0.000e+00
  1027.3219    151.795    153.094    33.5907     4.5240          0          0  0.000e+00
  1027.3268    151.803    153.102    33.5969     4.5236          0          0  0.000e+00
  1027.3224    151.791    153.090    33.5916     4.5252          0          0  0.000e+00
  1027.3168    151.754    153.053    33.5849     4.5256          0          0  0.000e+00
  1027.3145    151.695    152.993    33.5820     4.5236          0          0  0.000e+00
  1027.3154    151.618    152.915    33.5832     4.5206          0          0  0.000e+00
  1027.3153    151.529    152.825    33.5832     4.5182          0          0  0.000e+00
  1027.3155    151.444    152.740    33.5837     4.5163          0          0  0.000e+00
  1027.3153    151.366    152.661    33.5837     4.5147          0          0  0.000e+00
  1027.3143    151.316    152.611    33.5825     4.5133          0          0  0.000e+00
  1027.3144    151.304    152.598    33.5824     4.5117          0          0  0.000e+00
  1027.3138    151.333    152.628    33.5813     4.5101          0          0  0.000e+00
  1027.3039    151.400    152.696    33.5682     4.5080          0          0  0.000e+00
  1027.3107    151.511    152.807    33.5753     4.5027          0          0  0.000e+00
  1027.3213    151.644    152.942    33.5875     4.4991          0          0  0.000e+00
  1027.3338    151.793    153.092    33.6024     4.4999          0          0  0.000e+00
  1027.3477    151.933    153.233    33.6200     4.5061          0          0  0.000e+00
  1027.3425    152.047    153.348    33.6143     4.5176          0          0  0.000e+00
  1027.3501    152.130    153.432    33.6249     4.5278          0          0  0.000e+00
  1027.3377    152.164    153.466    33.6105     4.5383          0          0  0.000e+00
  1027.3303    152.159    153.461    33.6022     4.5450          0          0  0.000e+00
  1027.3198    152.120    153.422    33.5894     4.5469          0          0  0.000e+00
  1027.3181    152.054    153.355    33.5874     4.5448          0          0  0.000e+00
  1027.3191    151.978    153.279    33.5887     4.5415          0          0  0.000e+00
  1027.3193    151.902    153.202    33.5890     4.5388          0          0  0.000e+00
  1027.3204    151.843    153.142    33.5903     4.5366          0          0  0.000e+00
  1027.3199    151.805    153.105    33.5898     4.5349          0          0  0.000e+00
  1027.3198    151.789    153.087    33.5894     4.5335          0          0  0.000e+00
  1027.3133    151.790    153.089    33.5811     4.5317          0          0  0.000e+00
  1027.3123    151.801    153.100    33.5792     4.5281          0          0  0.000e+00
  1027.3163    151.819    153.119    33.5835     4.5237          0          0  0.000e+00
  1027.3199    151.833    153.132    33.5876     4.5210          0          0  0.000e+00
  1027.3236    151.843    153.142    33.5921     4.5200          0          0  0.000e+00
  1027.3249    151.837    153.137    33.5938     4.5204          0          0  0.000e+00
  1027.3215    151.819    153.119    33.5897     4.5216          0          0  0.000e+00
  1027.3176    151.793    153.092    33.5850     4.5215          0          0  0.000e+00
  1027.3149    151.763    153.062    33.5815     4.5199          0          0  0.000e+00
  1027.3132    151.730    153.029    33.5793     4.5172          0          0  0.000e+00
  1027.3139    151.701    152.999    33.5798     4.5140          0          0  0.000e+00
  1027.3166    151.677    152.975    33.5830     4.5112          0          0  0.000e+00
  1027.3160    151.668    152.966    33.5821     4.5097          0          0  0.000e+00
  1027.3147    151.670    152.968    33.5802     4.5083          0          0  0.000e+00
  1027.3164    151.684    152.982    33.5820     4.5065          0          0  0.000e+00
  1027.3184    151.718    153.016    33.5841     4.5050          0          0  0.000e+00
  1027.3198    151.763    153.062    33.5856     4.5046          0          0  0.000e+00
  1027.3216    151.818    153.118    33.5875     4.5047          0          0  0.000e+00
  1027.3227    151.872    153.172    33.5888     4.5057          0          0  0.000e+00
  1027.3276    151.919    153.219    33.5949     4.5071          0          0  0.000e+00
  1027.3318    151.944    153.244    33.6004     4.5101          0          0  0.000e+00
  1027.3295    151.941    153.242    33.5982     4.5146          0          0  0.000e+00
  1027.3243    151.914    153.214    33.5923     4.5185          0          0  0.000e+00
  1027.3187    151.857    153.156    33.5858     4.5197          0          0  0.000e+00
  1027.3160    151.783    153.082    33.5827     4.5188          0          0  0.000e+00
  1027.3164    151.706    153.004    33.5833     4.5167          0          0  0.000e+00
  1027.3165    151.629    152.926    33.5837     4.5151          0          0  0.000e+00
  1027.3150    151.572    152.869    33.5819     4.5135          0          0  0.000e+00
  1027.3149    151.538    152.835    33.5817     4.5118          0          0  0.000e+00
  1027.3156    151.529    152.826    33.5824     4.5101          0          0  0.000e+00
  1027.3149    151.543    152.840    33.5812     4.5086          0          0  0.000e+00
  1027.3137    151.580    152.877    33.5794     4.5070          0          0  0.000e+00
  1027.3149    151.627    152.924    33.5803     4.5050          0          0  0.000e+00
  1027.3163    151.681    152.979    33.5814     4.5031          0          0  0.000e+00
  1027.3200    151.732    153.030    33.5857     4.5020          0          0  0.000e+00
  1027.3209    151.776    153.075    33.5865     4.5021          0          0  0.000e+00
  1027.3210    151.822    153.121    33.5865     4.5029          0          0  0.000e+00
  1027.3252    151.865    153.165    33.5917     4.5038          0          0  0.000e+00
  1027.3265    151.912    153.212    33.5933     4.5059          0          0  0.000e+00
  1027.3275    151.966    153.266    33.5946     4.5086          0          0  0.000e+00
  1027.3301    152.023    153.324    33.5980     4.5116          0          0  0.000e+00
  1027.3311    152.078    153.380    33.5995     4.5154          0          0  0.000e+00
  1027.3308    152.123    153.425    33.5995     4.5196          0          0  0.000e+00
  1027.3502    152.146    153.448    33.6245     4.5241          0          0  0.000e+00
  1027.3464    152.147    153.449    33.6210     4.5341          0          0  0.000e+00
  1027.3368    152.122    153.424    33.6104     4.5435          0          0  0.000e+00
  1027.3231    152.074    153.376    33.5941     4.5482          0          0  0.000e+00
  1027.3186    152.007    153.308    33.5886     4.5477          0          0  0.000e+00
  1027.3190    151.934    153.234    33.5893     4.5450          0          0  0.000e+00
  1027.3198    151.858    153.157    33.5903     4.5422          0          0  0.000e+00
  1027.3181    151.786    153.085    33.5883     4.5400          0          0  0.000e+00
  1027.3163    151.721    153.019    33.5861     4.5373          0          0  0.000e+00
