data/eDNA/PER-2021-171/171a015.cnv
* Sea-Bird SBE19plus  Data File:
* FileName = C:\Users\RSG_field\Ryan_2021_Perley\CTD\171a015.hex
* Software version 2.3.0 SB_Terminal.dll
* Temperature SN = 7141
* Conductivity SN = 7141
* System UpLoad Time = Aug 12 2021 14:08:01
* <ApplicationData>
* <SeatermAF>
** Platform: M. Perley
** Cruise: Per2021171
** Station:  ESI_09
** Cast: 01 1
** Latitude: N  44 44.412
** Longitude: W 62 43.655
** Sounding: 17.5
** Chief Scientist: Ryan Stanley
** Comment: 171a015
# nquan = 8
# nvalues = 2042                                  
# units = specified
# name 0 = density00: Density [density, kg/m^3]
# name 1 = depSM: Depth [salt water, m], lat = 45.00
# name 2 = prdM: Pressure, Strain Gauge [db]
# name 3 = sal00: Salinity, Practical [PSU]
# name 4 = tv290C: Temperature [ITS-90, deg C]
# name 5 = bpos: Bottle Position in Carousel
# name 6 = nbf: Bottles Fired
# name 7 = flag:  0.000e+00
# span 0 =   998.6078,  1023.9828                 
# span 1 =     -0.074,     17.962                 
# span 2 =     -0.074,     18.110                 
# span 3 =     0.0076,    30.8053                 
# span 4 =     8.3770,    18.1193                 
# span 5 =          0,          3                 
# span 6 =          0,          3                 
# span 7 = 0.0000e+00, 0.0000e+00                 
# interval = seconds: 0.25
# start_time = Aug 12 2021 16:56:10 [Instrument's time stamp, header]
# bad_flag = -9.990e-29
*END*
[from data line 1978]
  1000.2229     -0.051     -0.052     1.6582    15.9936          3          3  0.000e+00
   999.8956     -0.052     -0.053     1.2259    15.9629          3          3  0.000e+00
   999.5070     -0.052     -0.053     0.7145    15.9312          3          3  0.000e+00
   999.3541     -0.049     -0.050     0.5092    15.8985          3          3  0.000e+00
   999.2531     -0.052     -0.053     0.3716    15.8663          3          3  0.000e+00
   999.1849     -0.050     -0.051     0.2769    15.8354          3          3  0.000e+00
   999.1462     -0.052     -0.053     0.2206    15.8055          3          3  0.000e+00
   999.1209     -0.051     -0.052     0.1817    15.7764          3          3  0.000e+00
   999.1072     -0.051     -0.052     0.1581    15.7477          3          3  0.000e+00
   999.0949     -0.051     -0.052     0.1365    15.7200          3          3  0.000e+00
   999.0816     -0.052     -0.053     0.1139    15.6935          3          3  0.000e+00
   999.0191     -0.049     -0.050     0.0278    15.6676          3          3  0.000e+00
   999.0078     -0.051     -0.052     0.0080    15.6420          3          3  0.000e+00
   999.0118     -0.049     -0.050     0.0080    15.6166          3          3  0.000e+00
   999.0158     -0.051     -0.052     0.0080    15.5913          3          3  0.000e+00
   999.0197     -0.050     -0.051     0.0080    15.5664          3          3  0.000e+00
   999.0236     -0.050     -0.051     0.0080    15.5415          3          3  0.000e+00
   999.0275     -0.050     -0.051     0.0080    15.5169          3          3  0.000e+00
   999.0312     -0.049     -0.050     0.0080    15.4927          3          3  0.000e+00
   999.0351     -0.050     -0.051     0.0080    15.4683          3          3  0.000e+00
   999.0389     -0.048     -0.048     0.0081    15.4441          3          3  0.000e+00
   999.2909     -0.050     -0.051     0.3285    15.4199          3          3  0.000e+00
   999.6134     -0.051     -0.052     0.7413    15.3959          3          3  0.000e+00
   999.5867     -0.049     -0.050     0.7018    15.3720          3          3  0.000e+00
  1000.4477     -0.049     -0.050     1.8141    15.3481          3          3  0.000e+00
  1000.0781     -0.051     -0.052     1.3294    15.3247          3          3  0.000e+00
   999.7463     -0.049     -0.050     0.8941    15.3012          3          3  0.000e+00
   999.4653     -0.051     -0.052     0.5256    15.2780          3          3  0.000e+00
   999.4252     -0.049     -0.050     0.4690    15.2546          3          3  0.000e+00
   999.4069     -0.049     -0.050     0.4407    15.2309          3          3  0.000e+00
   999.1053     -0.049     -0.050     0.0465    15.2074          3          3  0.000e+00
   999.0790     -0.049     -0.050     0.0079    15.1838          3          3  0.000e+00
   999.0825     -0.049     -0.050     0.0078    15.1609          3          3  0.000e+00
   999.0858     -0.048     -0.048     0.0078    15.1388          3          3  0.000e+00
   999.0891     -0.050     -0.051     0.0078    15.1171          3          3  0.000e+00
   999.0923     -0.050     -0.051     0.0078    15.0959          3          3  0.000e+00
   999.0955     -0.049     -0.050     0.0078    15.0753          3          3  0.000e+00
   999.0986     -0.049     -0.050     0.0078    15.0547          3          3  0.000e+00
   999.1017     -0.048     -0.048     0.0077    15.0341          3          3  0.000e+00
   999.1048     -0.047     -0.047     0.0077    15.0137          3          3  0.000e+00
   999.1079     -0.047     -0.047     0.0078    14.9932          3          3  0.000e+00
   999.1110     -0.047     -0.047     0.0078    14.9727          3          3  0.000e+00
   999.1140     -0.048     -0.048     0.0077    14.9524          3          3  0.000e+00
   999.1170     -0.049     -0.049     0.0077    14.9322          3          3  0.000e+00
   999.1199     -0.050     -0.051     0.0077    14.9129          3          3  0.000e+00
   999.1227     -0.047     -0.047     0.0077    14.8944          3          3  0.000e+00
   999.1253     -0.048     -0.048     0.0077    14.8767          3          3  0.000e+00
   999.1278     -0.047     -0.047     0.0077    14.8597          3          3  0.000e+00
   999.1303     -0.047     -0.047     0.0077    14.8431          3          3  0.000e+00
   999.1329     -0.048     -0.048     0.0079    14.8270          3          3  0.000e+00
   999.2090     -0.047     -0.047     0.1028    14.8109          3          3  0.000e+00
   999.1376     -0.050     -0.051     0.0078    14.7948          3          3  0.000e+00
   999.1398     -0.050     -0.051     0.0076    14.7787          3          3  0.000e+00
   999.1422     -0.046     -0.046     0.0076    14.7630          3          3  0.000e+00
   999.1445     -0.047     -0.047     0.0076    14.7470          3          3  0.000e+00
   999.1468     -0.047     -0.047     0.0076    14.7318          3          3  0.000e+00
   999.1490     -0.046     -0.046     0.0076    14.7168          3          3  0.000e+00
   999.1511     -0.046     -0.046     0.0076    14.7021          3          3  0.000e+00
   999.1532     -0.046     -0.046     0.0076    14.6877          3          3  0.000e+00
   999.1553     -0.048     -0.048     0.0076    14.6737          3          3  0.000e+00
   999.1574     -0.045     -0.045     0.0076    14.6599          3          3  0.000e+00
   999.1593     -0.047     -0.047     0.0076    14.6464          3          3  0.000e+00
   999.1615     -0.046     -0.046     0.0078    14.6332          3          3  0.000e+00
   999.2809     -0.047     -0.047     0.1591    14.6200          3          3  0.000e+00
