data/eDNA/PER-2021-171/171a026.cnv
* Sea-Bird SBE19plus  Data File:
* FileName = C:\Users\RSG_field\Ryan_2021_Perley\CTD\171a026.hex
* Software version 2.3.0 SB_Terminal.dll
* Temperature SN = 7141
* Conductivity SN = 7141
* System UpLoad Time = Aug 18 2021 12:32:14
* <ApplicationData>
* <SeatermAF>
** Platform: M. Perley
** Cruise: Per2021171
** Station:  SAB_02
** Cast: 01 1
** Latitude: N  45 50.383
** Longitude: W 60 07.934
** Sounding: 23,8
** Chief Scientist: Ryan Stanley
** Comment: 171a026
# nquan = 8
# nvalues = 1933                                  
# units = specified
# name 0 = density00: Density [density, kg/m^3]
# name 1 = depSM: Depth [salt water, m], lat = 45.00
# name 2 = prdM: Pressure, Strain Gauge [db]
# name 3 = sal00: Salinity, Practical [PSU]
# name 4 = tv290C: Temperature [ITS-90, deg C]
# name 5 = bpos: Bottle Position in Carousel
# name 6 = nbf: Bottles Fired
# name 7 = flag:  0.000e+00
# span 0 =   998.3336,  1024.3556                 
# span 1 =     -0.023,     23.152                 
# span 2 =     -0.024,     23.343                 
# span 3 =     0.0097,    31.0084                 
# span 4 =     6.9765,    19.4825                 
# span 5 =          0,          3                 
# span 6 =          0,          3                 
# span 7 = 0.0000e+00, 0.0000e+00                 
# interval = seconds: 0.25
# start_time = Aug 18 2021 15:21:33 [Instrument's time stamp, header]
# bad_flag = -9.990e-29
*END*
[from data line 899]
  1022.2868     12.233     12.333    29.7083    13.3432          1          1  0.000e+00
  1022.3514     12.355     12.457    29.7461    13.1629          1          1  0.000e+00
  1022.3619     12.476     12.579    29.7175    12.9958          1          1  0.000e+00
  1022.4269     12.600     12.704    29.7542    12.8055          1          1  0.000e+00
  1022.4617     12.718     12.822    29.7475    12.5957          1          1  0.000e+00
  1022.5731     12.837     12.942    29.8384    12.3778          1          1  0.000e+00
  1022.6842     12.952     13.059    29.9373    12.1931          1          1  0.000e+00
  1022.7576     13.067     13.174    29.9996    12.0587          1          1  0.000e+00
  1022.7777     13.179     13.287    30.0007    11.9555          1          1  0.000e+00
  1022.8049     13.289     13.399    30.0115    11.8539          1          1  0.000e+00
  1022.8502     13.400     13.510    30.0461    11.7535          1          1  0.000e+00
  1022.8795     13.509     13.620    30.0606    11.6558          1          1  0.000e+00
  1022.9181     13.618     13.730    30.0872    11.5573          1          1  0.000e+00
  1022.9582     13.721     13.833    30.1180    11.4683          1          1  0.000e+00
  1023.0048     13.831     13.945    30.1598    11.3907          1          1  0.000e+00
  1023.0346     13.936     14.050    30.1848    11.3336          1          1  0.000e+00
  1023.0423     14.041     14.156    30.1843    11.2904          1          1  0.000e+00
  1023.0480     14.145     14.261    30.1812    11.2471          1          1  0.000e+00
  1023.0526     14.251     14.368    30.1762    11.2004          1          1  0.000e+00
  1023.0451     14.357     14.475    30.1538    11.1459          1          1  0.000e+00
  1023.0440     14.462     14.581    30.1362    11.0764          1          1  0.000e+00
  1023.0715     14.570     14.690    30.1515    10.9881          1          1  0.000e+00
  1023.1095     14.680     14.801    30.1799    10.8981          1          1  0.000e+00
  1023.1482     14.789     14.911    30.2118    10.8191          1          1  0.000e+00
  1023.1786     14.906     15.028    30.2359    10.7538          1          1  0.000e+00
  1023.1960     15.022     15.146    30.2455    10.6981          1          1  0.000e+00
  1023.2213     15.137     15.261    30.2657    10.6443          1          1  0.000e+00
  1023.2466     15.255     15.380    30.2875    10.5977          1          1  0.000e+00
  1023.2532     15.376     15.503    30.2871    10.5603          1          1  0.000e+00
  1023.2339     15.499     15.627    30.2530    10.5195          1          1  0.000e+00
  1023.2297     15.621     15.750    30.2335    10.4571          1          1  0.000e+00
  1023.2704     15.745     15.875    30.2679    10.3763          1          1  0.000e+00
  1023.2790     15.871     16.002    30.2622    10.3012          1          1  0.000e+00
  1023.3014     15.998     16.129    30.2732    10.2205          1          1  0.000e+00
  1023.3302     16.123     16.255    30.2915    10.1343          1          1  0.000e+00
  1023.3550     16.245     16.378    30.3048    10.0488          1          1  0.000e+00
  1023.3886     16.369     16.503    30.3292     9.9629          1          1  0.000e+00
  1023.3734     16.486     16.622    30.2915     9.8773          1          1  0.000e+00
  1023.3583     16.607     16.744    30.2485     9.7652          1          1  0.000e+00
  1023.3652     16.719     16.857    30.2237     9.6020          1          1  0.000e+00
  1023.4818     16.832     16.970    30.3322     9.4007          1          1  0.000e+00
  1023.5735     16.939     17.078    30.4168     9.2380          1          1  0.000e+00
  1023.6375     17.047     17.187    30.4738     9.1140          1          1  0.000e+00
  1023.6973     17.149     17.290    30.5308     9.0169          1          1  0.000e+00
  1023.7402     17.252     17.393    30.5718     8.9481          1          1  0.000e+00
  1023.7663     17.356     17.499    30.5957     8.9016          1          1  0.000e+00
  1023.7822     17.461     17.605    30.6090     8.8687          1          1  0.000e+00
  1023.7912     17.566     17.711    30.6150     8.8431          1          1  0.000e+00
  1023.7880     17.670     17.816    30.6061     8.8208          1          1  0.000e+00
  1023.7876     17.778     17.925    30.6002     8.7964          1          1  0.000e+00
  1023.7883     17.892     18.039    30.5947     8.7663          1          1  0.000e+00
  1023.7911     18.002     18.150    30.5909     8.7309          1          1  0.000e+00
  1023.8003     18.120     18.269    30.5946     8.6921          1          1  0.000e+00
  1023.8128     18.239     18.390    30.6024     8.6523          1          1  0.000e+00
  1023.8291     18.365     18.516    30.6153     8.6144          1          1  0.000e+00
  1023.8442     18.487     18.640    30.6275     8.5803          1          1  0.000e+00
  1023.8572     18.613     18.766    30.6379     8.5511          1          1  0.000e+00
  1023.8637     18.741     18.895    30.6407     8.5261          1          1  0.000e+00
  1023.8457     18.869     19.024    30.6119     8.4991          1          1  0.000e+00
  1023.8390     18.992     19.148    30.5942     8.4534          1          1  0.000e+00
  1023.8461     19.116     19.273    30.5902     8.3868          1          1  0.000e+00
  1023.8829     19.239     19.397    30.6218     8.3072          1          1  0.000e+00
  1023.9165     19.358     19.517    30.6499     8.2306          1          1  0.000e+00
  1023.9369     19.476     19.637    30.6633     8.1647          1          1  0.000e+00
  1023.9582     19.595     19.756    30.6788     8.1044          1          1  0.000e+00
  1023.9878     19.709     19.871    30.7050     8.0438          1          1  0.000e+00
  1024.0162     19.819     19.982    30.7306     7.9880          1          1  0.000e+00
  1024.0287     19.931     20.095    30.7374     7.9406          1          1  0.000e+00
  1024.0482     20.037     20.202    30.7532     7.8936          1          1  0.000e+00
  1024.0622     20.138     20.304    30.7622     7.8468          1          1  0.000e+00
  1024.0500     20.245     20.412    30.7374     7.7990          1          1  0.000e+00
  1024.0417     20.351     20.519    30.7145     7.7318          1          1  0.000e+00
  1024.0413     20.453     20.621    30.6971     7.6386          1          1  0.000e+00
  1024.0669     20.557     20.726    30.7086     7.5204          1          1  0.000e+00
  1024.1407     20.660     20.831    30.7800     7.3924          1          1  0.000e+00
  1024.2131     20.766     20.937    30.8539     7.2889          1          1  0.000e+00
  1024.2611     20.872     21.044    30.9029     7.2209          1          1  0.000e+00
  1024.2887     20.978     21.151    30.9303     7.1792          1          1  0.000e+00
  1024.3099     21.090     21.263    30.9522     7.1526          1          1  0.000e+00
  1024.3199     21.199     21.374    30.9616     7.1369          1          1  0.000e+00
  1024.3257     21.312     21.488    30.9668     7.1276          1          1  0.000e+00
  1024.3296     21.429     21.605    30.9701     7.1218          1          1  0.000e+00
  1024.3305     21.549     21.726    30.9699     7.1186          1          1  0.000e+00
  1024.3310     21.674     21.852    30.9695     7.1162          1          1  0.000e+00
  1024.3318     21.794     21.973    30.9695     7.1143          1          1  0.000e+00
  1024.3326     21.918     22.098    30.9695     7.1129          1          1  0.000e+00
  1024.3324     22.037     22.219    30.9684     7.1116          1          1  0.000e+00
  1024.3334     22.160     22.343    30.9687     7.1103          1          1  0.000e+00
  1024.3340     22.281     22.465    30.9686     7.1100          1          1  0.000e+00
  1024.3346     22.401     22.586    30.9686     7.1094          1          1  0.000e+00
  1024.3342     22.519     22.704    30.9674     7.1092          1          1  0.000e+00
  1024.3320     22.636     22.823    30.9639     7.1091          1          1  0.000e+00
  1024.3359     22.724     22.912    30.9681     7.1081          1          1  0.000e+00
  1024.3391     22.756     22.944    30.9720     7.1079          1          1  0.000e+00
  1024.3556     22.745     22.933    30.9934     7.1101          1          1  0.000e+00
  1024.3424     22.751     22.938    30.9784     7.1212          1          1  0.000e+00
  1024.3333     22.734     22.921    30.9685     7.1302          1          1  0.000e+00
  1024.3332     22.732     22.919    30.9691     7.1341          1          1  0.000e+00
  1024.3289     22.724     22.912    30.9641     7.1371          1          1  0.000e+00
  1024.3267     22.715     22.902    30.9616     7.1387          1          1  0.000e+00
  1024.3222     22.710     22.898    30.9559     7.1387          1          1  0.000e+00
  1024.3232     22.703     22.890    30.9568     7.1361          1          1  0.000e+00
  1024.3232     22.697     22.884    30.9565     7.1339          1          1  0.000e+00
  1024.3257     22.695     22.882    30.9594     7.1318          1          1  0.000e+00
  1024.3264     22.694     22.881    30.9601     7.1310          1          1  0.000e+00
  1024.3226     22.692     22.879    30.9552     7.1313          1          1  0.000e+00
  1024.3204     22.694     22.881    30.9522     7.1296          1          1  0.000e+00
  1024.3271     22.697     22.884    30.9603     7.1267          1          1  0.000e+00
  1024.3259     22.702     22.889    30.9588     7.1273          1          1  0.000e+00
  1024.3242     22.713     22.900    30.9567     7.1286          1          1  0.000e+00
  1024.3222     22.723     22.910    30.9541     7.1284          1          1  0.000e+00
  1024.3251     22.738     22.925    30.9577     7.1281          1          1  0.000e+00
  1024.3249     22.754     22.941    30.9574     7.1285          1          1  0.000e+00
  1024.3193     22.769     22.956    30.9502     7.1290          1          1  0.000e+00
  1024.3236     22.784     22.971    30.9553     7.1270          1          1  0.000e+00
  1024.3253     22.797     22.985    30.9572     7.1265          1          1  0.000e+00
  1024.3211     22.811     22.999    30.9522     7.1280          1          1  0.000e+00
  1024.3205     22.820     23.008    30.9513     7.1277          1          1  0.000e+00
  1024.3217     22.827     23.015    30.9526     7.1263          1          1  0.000e+00
  1024.3243     22.829     23.017    30.9557     7.1258          1          1  0.000e+00
  1024.3226     22.829     23.017    30.9538     7.1272          1          1  0.000e+00
  1024.3256     22.824     23.012    30.9577     7.1278          1          1  0.000e+00
  1024.3247     22.816     23.005    30.9570     7.1298          1          1  0.000e+00
  1024.3258     22.809     22.997    30.9589     7.1325          1          1  0.000e+00
  1024.3258     22.797     22.985    30.9594     7.1356          1          1  0.000e+00
  1024.3263     22.789     22.977    30.9609     7.1395          1          1  0.000e+00
  1024.3228     22.777     22.965    30.9572     7.1441          1          1  0.000e+00
  1024.3159     22.773     22.961    30.9489     7.1474          1          1  0.000e+00
  1024.3157     22.769     22.956    30.9487     7.1472          1          1  0.000e+00
  1024.3058     22.769     22.956    30.9360     7.1463          1          1  0.000e+00
  1024.3075     22.772     22.960    30.9371     7.1399          1          1  0.000e+00
  1024.3118     22.775     22.963    30.9412     7.1324          1          1  0.000e+00
  1024.3170     22.779     22.967    30.9472     7.1279          1          1  0.000e+00
  1024.3181     22.787     22.975    30.9483     7.1270          1          1  0.000e+00
  1024.3136     22.793     22.981    30.9428     7.1282          1          1  0.000e+00
  1024.3141     22.804     22.992    30.9428     7.1257          1          1  0.000e+00
  1024.3180     22.816     23.005    30.9473     7.1226          1          1  0.000e+00
  1024.3252     22.825     23.013    30.9562     7.1219          1          1  0.000e+00
  1024.3270     22.835     23.023    30.9589     7.1248          1          1  0.000e+00
  1024.3230     22.843     23.031    30.9548     7.1302          1          1  0.000e+00
  1024.3152     22.850     23.039    30.9455     7.1344          1          1  0.000e+00
  1024.3141     22.859     23.047    30.9440     7.1339          1          1  0.000e+00
  1024.3178     22.868     23.057    30.9483     7.1322          1          1  0.000e+00
  1024.3180     22.880     23.069    30.9485     7.1321          1          1  0.000e+00
  1024.3142     22.886     23.075    30.9437     7.1324          1          1  0.000e+00
  1024.3104     22.895     23.084    30.9385     7.1307          1          1  0.000e+00
  1024.3179     22.902     23.091    30.9473     7.1272          1          1  0.000e+00
  1024.3162     22.908     23.096    30.9451     7.1270          1          1  0.000e+00
  1024.3162     22.911     23.100    30.9451     7.1269          1          1  0.000e+00
  1024.3176     22.915     23.104    30.9468     7.1265          1          1  0.000e+00
  1024.3207     22.914     23.103    30.9509     7.1272          1          1  0.000e+00
  1024.3192     22.910     23.099    30.9495     7.1297          1          1  0.000e+00
  1024.3250     22.903     23.092    30.9574     7.1330          1          1  0.000e+00
  1024.3218     22.893     23.081    30.9545     7.1392          1          1  0.000e+00
  1024.3137     22.881     23.070    30.9451     7.1447          1          1  0.000e+00
  1024.3074     22.873     23.061    30.9373     7.1456          1          1  0.000e+00
  1024.3067     22.863     23.052    30.9360     7.1426          1          1  0.000e+00
  1024.3058     22.857     23.045    30.9342     7.1386          1          1  0.000e+00
  1024.3086     22.850     23.039    30.9369     7.1336          1          1  0.000e+00
  1024.3097     22.850     23.039    30.9376     7.1296          1          1  0.000e+00
  1024.3150     22.857     23.045    30.9439     7.1266          1          1  0.000e+00
  1024.3168     22.864     23.053    30.9461     7.1264          1          1  0.000e+00
  1024.3130     22.878     23.066    30.9414     7.1279          1          1  0.000e+00
  1024.3093     22.892     23.080    30.9365     7.1273          1          1  0.000e+00
  1024.3102     22.907     23.095    30.9371     7.1243          1          1  0.000e+00
  1024.3108     22.920     23.109    30.9373     7.1212          1          1  0.000e+00
  1024.3143     22.933     23.122    30.9412     7.1185          1          1  0.000e+00
  1024.3147     22.945     23.134    30.9414     7.1170          1          1  0.000e+00
  1024.3169     22.956     23.146    30.9440     7.1161          1          1  0.000e+00
  1024.3141     22.966     23.155    30.9404     7.1164          1          1  0.000e+00
  1024.3167     22.975     23.165    30.9435     7.1162          1          1  0.000e+00
  1024.3124     22.984     23.173    30.9381     7.1166          1          1  0.000e+00
  1024.3145     22.989     23.179    30.9405     7.1149          1          1  0.000e+00
  1024.3203     22.995     23.184    30.9478     7.1143          1          1  0.000e+00
  1024.3204     22.998     23.187    30.9482     7.1166          1          1  0.000e+00
  1024.3223     22.998     23.187    30.9512     7.1200          1          1  0.000e+00
  1024.3202     22.999     23.188    30.9494     7.1248          1          1  0.000e+00
  1024.3122     23.000     23.189    30.9399     7.1288          1          1  0.000e+00
  1024.3128     22.999     23.188    30.9406     7.1287          1          1  0.000e+00
