data/eDNA/PER-2021-171/171a002.cnv
* Sea-Bird SBE19plus  Data File:
* FileName = C:\Users\RSG_field\Ryan_2021_Perley\CTD\171a002.hex
* Software version 2.3.0 SB_Terminal.dll
* Temperature SN = 7141
* Conductivity SN = 7141
* System UpLoad Time = Aug 09 2021 08:55:26
* <ApplicationData>
* <SeatermAF>
** Platform: M. Perley
** Cruise: Per2021171
** Station:  ESI-08
** Cast: 01
** Latitude: N  44 40.1412
** Longitude: W 62 20.7438
** Sounding: 111
** Chief Scientist: Ryan Stanley
** Comment: Also GC_5
** same station as GC_5
# nquan = 8
# nvalues = 4902                                  
# units = specified
# name 0 = density00: Density [density, kg/m^3]
# name 1 = depSM: Depth [salt water, m], lat = 45.00
# name 2 = prdM: Pressure, Strain Gauge [db]
# name 3 = sal00: Salinity, Practical [PSU]
# name 4 = tv290C: Temperature [ITS-90, deg C]
# name 5 = bpos: Bottle Position in Carousel
# name 6 = nbf: Bottles Fired
# name 7 = flag:  0.000e+00
# span 0 =   998.7498,  1026.5022                 
# span 1 =      0.020,     99.015                 
# span 2 =      0.020,     99.849                 
# span 3 =     0.0000,    32.8124                 
# span 4 =     3.0905,    17.7348                 
# span 5 =          0,          6                 
# span 6 =          0,          6                 
# span 7 = 0.0000e+00, 0.0000e+00                 
# interval = seconds: 0.25
# start_time = Aug 09 2021 11:31:42 [Instrument's time stamp, header]
# bad_flag = -9.990e-29
*END*
[from data line 720]
  1022.1615      1.447      1.459    30.8421    17.7299          0          0  0.000e+00
  1022.1618      1.480      1.492    30.8424    17.7300          0          0  0.000e+00
  1022.1621      1.540      1.553    30.8426    17.7304          0          0  0.000e+00
  1022.1620      1.622      1.635    30.8421    17.7306          0          0  0.000e+00
  1022.1615      1.716      1.730    30.8408    17.7307          0          0  0.000e+00
  1022.1623      1.820      1.835    30.8411    17.7301          0          0  0.000e+00
  1022.1629      1.923      1.939    30.8412    17.7297          0          0  0.000e+00
  1022.1633      2.029      2.045    30.8409    17.7294          0          0  0.000e+00
  1022.1645      2.125      2.143    30.8418    17.7289          0          0  0.000e+00
  1022.1653      2.204      2.222    30.8424    17.7289          0          0  0.000e+00
  1022.1652      2.256      2.274    30.8421    17.7291          0          0  0.000e+00
  1022.1646      2.277      2.295    30.8412    17.7292          0          0  0.000e+00
  1022.1650      2.262      2.281    30.8417    17.7291          0          0  0.000e+00
  1022.1648      2.213      2.231    30.8418    17.7292          0          0  0.000e+00
  1022.1644      2.138      2.155    30.8417    17.7292          0          0  0.000e+00
  1022.1641      2.051      2.068    30.8417    17.7291          0          0  0.000e+00
  1022.1634      1.958      1.974    30.8414    17.7293          0          0  0.000e+00
  1022.1631      1.863      1.879    30.8415    17.7290          0          0  0.000e+00
  1022.1630      1.773      1.788    30.8420    17.7289          0          0  0.000e+00
  1022.1629      1.698      1.712    30.8422    17.7287          0          0  0.000e+00
  1022.1622      1.630      1.644    30.8417    17.7289          0          0  0.000e+00
  1022.1619      1.569      1.582    30.8416    17.7289          0          0  0.000e+00
  1022.1620      1.522      1.535    30.8421    17.7289          0          0  0.000e+00
  1022.1621      1.512      1.524    30.8423    17.7290          0          0  0.000e+00
  1022.1621      1.541      1.554    30.8422    17.7292          0          0  0.000e+00
  1022.1625      1.600      1.613    30.8425    17.7295          0          0  0.000e+00
  1022.1628      1.667      1.681    30.8425    17.7296          0          0  0.000e+00
  1022.1627      1.731      1.745    30.8421    17.7300          0          0  0.000e+00
  1022.1628      1.771      1.786    30.8421    17.7300          0          0  0.000e+00
  1022.1629      1.785      1.800    30.8421    17.7300          0          0  0.000e+00
  1022.1626      1.771      1.786    30.8418    17.7301          0          0  0.000e+00
  1022.1627      1.746      1.760    30.8421    17.7300          0          0  0.000e+00
  1022.1626      1.741      1.755    30.8419    17.7300          0          0  0.000e+00
  1022.1628      1.771      1.786    30.8420    17.7299          0          0  0.000e+00
  1022.1630      1.836      1.851    30.8419    17.7300          0          0  0.000e+00
  1022.1635      1.915      1.931    30.8421    17.7298          0          0  0.000e+00
  1022.1637      1.989      2.005    30.8419    17.7300          0          0  0.000e+00
  1022.1641      2.046      2.063    30.8420    17.7297          0          0  0.000e+00
  1022.1640      2.078      2.095    30.8418    17.7300          0          0  0.000e+00
  1022.1642      2.085      2.102    30.8420    17.7300          0          0  0.000e+00
  1022.1638      2.064      2.081    30.8417    17.7302          0          0  0.000e+00
  1022.1637      2.026      2.042    30.8419    17.7303          0          0  0.000e+00
  1022.1634      1.985      2.002    30.8416    17.7300          0          0  0.000e+00
  1022.1636      1.959      1.975    30.8419    17.7298          0          0  0.000e+00
  1022.1637      1.944      1.960    30.8421    17.7297          0          0  0.000e+00
  1022.1637      1.939      1.955    30.8421    17.7299          0          0  0.000e+00
  1022.1638      1.938      1.954    30.8423    17.7298          0          0  0.000e+00
  1022.1635      1.939      1.955    30.8420    17.7301          0          0  0.000e+00
  1022.1631      1.930      1.946    30.8416    17.7303          0          0  0.000e+00
  1022.1632      1.906      1.921    30.8418    17.7301          0          0  0.000e+00
  1022.1632      1.865      1.880    30.8420    17.7301          0          0  0.000e+00
  1022.1628      1.801      1.816    30.8419    17.7300          0          0  0.000e+00
  1022.1624      1.718      1.732    30.8419    17.7301          0          0  0.000e+00
  1022.1618      1.625      1.638    30.8415    17.7300          0          0  0.000e+00
  1022.1615      1.534      1.546    30.8416    17.7297          0          0  0.000e+00
  1022.1614      1.459      1.471    30.8419    17.7295          0          0  0.000e+00
  1022.1615      1.412      1.423    30.8423    17.7294          0          0  0.000e+00
  1022.1615      1.403      1.415    30.8423    17.7295          0          0  0.000e+00
  1022.1618      1.426      1.437    30.8426    17.7295          0          0  0.000e+00
  1022.1615      1.482      1.494    30.8420    17.7300          0          0  0.000e+00
  1022.1618      1.574      1.587    30.8419    17.7300          0          0  0.000e+00
  1022.1624      1.689      1.702    30.8419    17.7298          0          0  0.000e+00
  1022.1627      1.818      1.833    30.8416    17.7300          0          0  0.000e+00
  1022.1636      1.956      1.972    30.8419    17.7298          0          0  0.000e+00
  1022.1642      2.074      2.091    30.8420    17.7297          0          0  0.000e+00
  1022.1648      2.157      2.175    30.8423    17.7297          0          0  0.000e+00
  1022.1645      2.204      2.222    30.8417    17.7300          0          0  0.000e+00
  1022.1646      2.216      2.235    30.8417    17.7298          0          0  0.000e+00
  1022.1645      2.189      2.207    30.8418    17.7298          0          0  0.000e+00
  1022.1644      2.129      2.147    30.8419    17.7299          0          0  0.000e+00
  1022.1640      2.046      2.063    30.8420    17.7298          0          0  0.000e+00
  1022.1635      1.944      1.960    30.8419    17.7298          0          0  0.000e+00
  1022.1630      1.850      1.865    30.8418    17.7298          0          0  0.000e+00
  1022.1631      1.773      1.788    30.8422    17.7296          0          0  0.000e+00
  1022.1627      1.726      1.740    30.8420    17.7297          0          0  0.000e+00
  1022.1624      1.710      1.724    30.8418    17.7299          0          0  0.000e+00
  1022.1627      1.730      1.744    30.8420    17.7299          0          0  0.000e+00
  1022.1632      1.777      1.791    30.8425    17.7299          0          0  0.000e+00
  1022.1631      1.844      1.859    30.8420    17.7301          0          0  0.000e+00
  1022.1634      1.912      1.928    30.8420    17.7301          0          0  0.000e+00
  1022.1637      1.967      1.983    30.8421    17.7303          0          0  0.000e+00
  1022.1636      1.990      2.006    30.8419    17.7304          0          0  0.000e+00
  1022.1634      1.977      1.993    30.8417    17.7305          0          0  0.000e+00
  1022.1632      1.925      1.941    30.8418    17.7304          0          0  0.000e+00
  1022.1629      1.837      1.852    30.8419    17.7304          0          0  0.000e+00
  1022.1624      1.726      1.740    30.8418    17.7302          0          0  0.000e+00
  1022.1616      1.602      1.615    30.8415    17.7303          0          0  0.000e+00
  1022.1614      1.490      1.503    30.8418    17.7300          0          0  0.000e+00
  1022.1610      1.396      1.407    30.8419    17.7300          0          0  0.000e+00
  1022.1608      1.333      1.344    30.8419    17.7299          0          0  0.000e+00
  1022.1610      1.322      1.333    30.8423    17.7298          0          0  0.000e+00
  1022.1611      1.375      1.386    30.8421    17.7300          0          0  0.000e+00
  1022.1614      1.500      1.512    30.8418    17.7302          0          0  0.000e+00
  1022.1622      1.685      1.699    30.8417    17.7301          0          0  0.000e+00
  1022.1634      1.889      1.904    30.8421    17.7300          0          0  0.000e+00
  1022.1640      2.092      2.110    30.8417    17.7301          0          0  0.000e+00
  1022.1644      2.251      2.270    30.8413    17.7301          0          0  0.000e+00
  1022.1651      2.348      2.367    30.8415    17.7296          0          0  0.000e+00
  1022.1655      2.382      2.401    30.8418    17.7294          0          0  0.000e+00
  1022.1656      2.363      2.382    30.8420    17.7292          0          0  0.000e+00
  1022.1650      2.290      2.308    30.8417    17.7292          0          0  0.000e+00
  1022.1646      2.162      2.180    30.8418    17.7292          0          0  0.000e+00
  1022.1637      1.989      2.005    30.8417    17.7292          0          0  0.000e+00
  1022.1632      1.810      1.825    30.8420    17.7292          0          0  0.000e+00
  1022.1627      1.659      1.672    30.8423    17.7291          0          0  0.000e+00
  1022.1623      1.552      1.565    30.8423    17.7292          0          0  0.000e+00
  1022.1621      1.501      1.513    30.8424    17.7293          0          0  0.000e+00
  1022.1616      1.500      1.512    30.8419    17.7296          0          0  0.000e+00
  1022.1616      1.535      1.547    30.8418    17.7299          0          0  0.000e+00
  1022.1620      1.594      1.607    30.8420    17.7298          0          0  0.000e+00
  1022.1621      1.653      1.666    30.8417    17.7299          0          0  0.000e+00
  1022.1622      1.702      1.716    30.8416    17.7298          0          0  0.000e+00
  1022.1625      1.736      1.750    30.8418    17.7297          0          0  0.000e+00
  1022.1626      1.745      1.759    30.8418    17.7296          0          0  0.000e+00
  1022.1626      1.736      1.750    30.8418    17.7295          0          0  0.000e+00
  1022.1625      1.719      1.733    30.8419    17.7296          0          0  0.000e+00
  1022.1625      1.698      1.712    30.8419    17.7296          0          0  0.000e+00
  1022.1624      1.679      1.693    30.8418    17.7295          0          0  0.000e+00
  1022.1625      1.682      1.696    30.8420    17.7297          0          0  0.000e+00
  1022.1626      1.731      1.745    30.8418    17.7295          0          0  0.000e+00
  1022.1631      1.817      1.832    30.8420    17.7297          0          0  0.000e+00
  1022.1635      1.914      1.930    30.8419    17.7297          0          0  0.000e+00
  1022.1638      2.011      2.027    30.8418    17.7297          0          0  0.000e+00
  1022.1644      2.088      2.105    30.8421    17.7296          0          0  0.000e+00
  1022.1646      2.141      2.159    30.8421    17.7295          0          0  0.000e+00
  1022.1646      2.157      2.175    30.8420    17.7297          0          0  0.000e+00
  1022.1643      2.136      2.153    30.8418    17.7298          0          0  0.000e+00
  1022.1641      2.091      2.108    30.8418    17.7298          0          0  0.000e+00
  1022.1641      2.035      2.052    30.8420    17.7297          0          0  0.000e+00
  1022.1635      1.969      1.986    30.8417    17.7300          0          0  0.000e+00
  1022.1632      1.901      1.916    30.8418    17.7298          0          0  0.000e+00
  1022.1631      1.832      1.847    30.8420    17.7297          0          0  0.000e+00
  1022.1628      1.771      1.786    30.8419    17.7298          0          0  0.000e+00
  1022.1626      1.721      1.736    30.8420    17.7296          0          0  0.000e+00
  1022.1624      1.678      1.692    30.8420    17.7298          0          0  0.000e+00
  1022.1623      1.646      1.660    30.8420    17.7297          0          0  0.000e+00
  1022.1622      1.621      1.634    30.8420    17.7299          0          0  0.000e+00
  1022.1620      1.613      1.627    30.8418    17.7298          0          0  0.000e+00
  1022.1622      1.621      1.634    30.8420    17.7298          0          0  0.000e+00
  1022.1621      1.637      1.650    30.8419    17.7298          0          0  0.000e+00
  1022.1622      1.650      1.664    30.8418    17.7297          0          0  0.000e+00
  1022.1623      1.648      1.662    30.8419    17.7297          0          0  0.000e+00
  1022.1620      1.619      1.632    30.8418    17.7298          0          0  0.000e+00
  1022.1619      1.573      1.586    30.8418    17.7297          0          0  0.000e+00
  1022.1616      1.524      1.537    30.8417    17.7297          0          0  0.000e+00
  1022.1613      1.474      1.487    30.8417    17.7297          0          0  0.000e+00
  1022.1613      1.445      1.457    30.8418    17.7295          0          0  0.000e+00
  1022.1614      1.450      1.462    30.8419    17.7295          0          0  0.000e+00
  1022.1617      1.499      1.511    30.8420    17.7295          0          0  0.000e+00
  1022.1623      1.606      1.619    30.8422    17.7295          0          0  0.000e+00
  1022.1627      1.765      1.779    30.8419    17.7297          0          0  0.000e+00
  1022.1635      1.950      1.966    30.8419    17.7298          0          0  0.000e+00
  1022.1639      2.125      2.143    30.8413    17.7297          0          0  0.000e+00
  1022.1648      2.264      2.283    30.8416    17.7295          0          0  0.000e+00
  1022.1651      2.353      2.372    30.8414    17.7292          0          0  0.000e+00
  1022.1652      2.387      2.407    30.8413    17.7289          0          0  0.000e+00
  1022.1660      2.372      2.392    30.8421    17.7284          0          0  0.000e+00
  1022.1658      2.297      2.316    30.8423    17.7284          0          0  0.000e+00
  1022.1649      2.164      2.182    30.8422    17.7289          0          0  0.000e+00
  1022.1643      2.002      2.019    30.8422    17.7288          0          0  0.000e+00
  1022.1637      1.843      1.858    30.8424    17.7289          0          0  0.000e+00
  1022.1630      1.713      1.727    30.8424    17.7291          0          0  0.000e+00
  1022.1623      1.618      1.631    30.8421    17.7294          0          0  0.000e+00
  1022.1620      1.547      1.559    30.8422    17.7295          0          0  0.000e+00
  1022.1619      1.485      1.497    30.8423    17.7296          0          0  0.000e+00
  1022.1614      1.435      1.447    30.8420    17.7298          0          0  0.000e+00
  1022.1609      1.389      1.400    30.8418    17.7300          0          0  0.000e+00
  1022.1608      1.341      1.352    30.8420    17.7300          0          0  0.000e+00
  1022.1604      1.300      1.310    30.8416    17.7299          0          0  0.000e+00
  1022.1605      1.287      1.297    30.8418    17.7298          0          0  0.000e+00
  1022.1609      1.311      1.322    30.8422    17.7297          0          0  0.000e+00
  1022.1609      1.366      1.378    30.8418    17.7298          0          0  0.000e+00
  1022.1615      1.441      1.452    30.8422    17.7298          0          0  0.000e+00
  1022.1619      1.527      1.540    30.8423    17.7300          0          0  0.000e+00
  1022.1623      1.622      1.635    30.8422    17.7301          0          0  0.000e+00
  1022.1622      1.721      1.736    30.8417    17.7304          0          0  0.000e+00
  1022.1625      1.825      1.840    30.8413    17.7300          0          0  0.000e+00
  1022.1627      1.924      1.940    30.8410    17.7300          0          0  0.000e+00
