data/eDNA/PER-2021-171/171a022.cnv
* Sea-Bird SBE19plus  Data File:
* FileName = C:\Users\RSG_field\Ryan_2021_Perley\CTD\171a022.hex
* Software version 2.3.0 SB_Terminal.dll
* Temperature SN = 7141
* Conductivity SN = 7141
* System UpLoad Time = Aug 17 2021 15:08:23
* <ApplicationData>
* <SeatermAF>
** Platform: M. Perley
** Cruise: Per2021171
** Station:  SAB_07
** Cast: 01 1
** Latitude: N  46 16.325
** Longitude: W 59 00.878
** Sounding: 165
** Chief Scientist: Ryan Stanley
** Comment: 171a022
# nquan = 8
# nvalues = 4099                                  
# units = specified
# name 0 = density00: Density [density, kg/m^3]
# name 1 = depSM: Depth [salt water, m], lat = 45.00
# name 2 = prdM: Pressure, Strain Gauge [db]
# name 3 = sal00: Salinity, Practical [PSU]
# name 4 = tv290C: Temperature [ITS-90, deg C]
# name 5 = bpos: Bottle Position in Carousel
# name 6 = nbf: Bottles Fired
# name 7 = flag:  0.000e+00
# span 0 =   998.3245,  1027.4163                 
# span 1 =     -0.041,    152.414                 
# span 2 =     -0.041,    153.719                 
# span 3 =     0.0341,    33.7254                 
# span 4 =     1.8929,    19.8439                 
# span 5 =          0,          2                 
# span 6 =          0,          2                 
# span 7 = 0.0000e+00, 0.0000e+00                 
# interval = seconds: 0.25
# start_time = Aug 17 2021 17:48:17 [Instrument's time stamp, header]
# bad_flag = -9.990e-29
*END*
[from data line 2697]
  1027.3487    152.073    153.374    33.6315     4.5845          1          1  0.000e+00
  1027.3799    152.139    153.441    33.6712     4.5902          1          1  0.000e+00
  1027.3893    152.186    153.489    33.6852     4.6071          1          1  0.000e+00
  1027.3819    152.202    153.505    33.6791     4.6301          1          1  0.000e+00
  1027.3484    152.186    153.489    33.6396     4.6498          1          1  0.000e+00
  1027.3227    152.138    153.440    33.6081     4.6535          1          1  0.000e+00
  1027.3208    152.064    153.366    33.6049     4.6456          1          1  0.000e+00
  1027.3249    151.981    153.281    33.6092     4.6359          1          1  0.000e+00
  1027.3308    151.902    153.202    33.6161     4.6286          1          1  0.000e+00
  1027.3286    151.838    153.137    33.6130     4.6240          1          1  0.000e+00
  1027.3227    151.803    153.102    33.6053     4.6196          1          1  0.000e+00
  1027.3224    151.795    153.094    33.6039     4.6132          1          1  0.000e+00
  1027.3227    151.824    153.123    33.6032     4.6059          1          1  0.000e+00
  1027.3111    151.875    153.174    33.5872     4.5993          1          1  0.000e+00
  1027.3229    151.950    153.250    33.6003     4.5894          1          1  0.000e+00
  1027.3515    152.036    153.337    33.6351     4.5836          1          1  0.000e+00
  1027.3853    152.129    153.431    33.6781     4.5896          1          1  0.000e+00
  1027.4094    152.218    153.521    33.7108     4.6094          1          1  0.000e+00
  1027.4163    152.295    153.598    33.7232     4.6392          1          1  0.000e+00
  1027.4145    152.352    153.656    33.7254     4.6728          1          1  0.000e+00
  1027.3729    152.387    153.691    33.6768     4.7014          1          1  0.000e+00
  1027.3730    152.398    153.702    33.6786     4.7134          1          1  0.000e+00
  1027.3468    152.383    153.687    33.6467     4.7208          1          1  0.000e+00
  1027.3386    152.346    153.650    33.6362     4.7193          1          1  0.000e+00
  1027.3495    152.300    153.604    33.6493     4.7125          1          1  0.000e+00
  1027.3443    152.252    153.555    33.6426     4.7095          1          1  0.000e+00
  1027.3406    152.207    153.509    33.6377     4.7059          1          1  0.000e+00
  1027.3412    152.173    153.475    33.6379     4.7008          1          1  0.000e+00
  1027.3399    152.152    153.454    33.6357     4.6959          1          1  0.000e+00
  1027.3418    152.113    153.415    33.6377     4.6911          1          1  0.000e+00
  1027.3338    152.025    153.327    33.6275     4.6871          1          1  0.000e+00
  1027.3126    151.899    153.199    33.6005     4.6803          1          1  0.000e+00
  1027.3180    151.768    153.067    33.6060     4.6662          1          1  0.000e+00
  1027.3209    151.631    152.929    33.6088     4.6538          1          1  0.000e+00
  1027.2985    151.481    152.778    33.5799     4.6433          1          1  0.000e+00
  1027.2908    151.333    152.628    33.5687     4.6266          1          1  0.000e+00
  1027.3012    151.190    152.483    33.5800     4.6074          1          1  0.000e+00
  1027.3075    151.049    152.341    33.5867     4.5927          1          1  0.000e+00
  1027.3118    150.920    152.212    33.5914     4.5824          1          1  0.000e+00
  1027.3036    150.806    152.096    33.5806     4.5748          1          1  0.000e+00
  1027.3109    150.703    151.992    33.5892     4.5655          1          1  0.000e+00
  1027.3058    150.609    151.897    33.5824     4.5589          1          1  0.000e+00
  1027.3008    150.520    151.807    33.5756     4.5517          1          1  0.000e+00
  1027.2996    150.429    151.716    33.5734     4.5435          1          1  0.000e+00
  1027.2768    150.334    151.620    33.5440     4.5345          1          1  0.000e+00
  1027.2777    150.238    151.523    33.5434     4.5188          1          1  0.000e+00
  1027.2720    150.145    151.430    33.5348     4.5040          1          1  0.000e+00
  1027.2677    150.056    151.340    33.5273     4.4863          1          1  0.000e+00
  1027.2630    149.972    151.255    33.5193     4.4677          1          1  0.000e+00
  1027.2736    149.884    151.166    33.5307     4.4494          1          1  0.000e+00
  1027.3128    149.794    151.075    33.5788     4.4362          1          1  0.000e+00
  1027.3033    149.694    150.974    33.5678     4.4388          1          1  0.000e+00
  1027.2643    149.581    150.860    33.5195     4.4404          1          1  0.000e+00
  1027.2417    149.457    150.735    33.4899     4.4269          1          1  0.000e+00
  1027.2570    149.331    150.608    33.5070     4.4058          1          1  0.000e+00
  1027.2763    149.206    150.482    33.5301     4.3907          1          1  0.000e+00
  1027.2850    149.091    150.366    33.5409     4.3851          1          1  0.000e+00
  1027.2593    148.987    150.261    33.5089     4.3837          1          1  0.000e+00
  1027.2545    148.895    150.168    33.5022     4.3747          1          1  0.000e+00
  1027.2620    148.805    150.077    33.5105     4.3628          1          1  0.000e+00
  1027.2535    148.708    149.980    33.4992     4.3540          1          1  0.000e+00
  1027.2244    148.600    149.871    33.4617     4.3436          1          1  0.000e+00
  1027.2336    148.479    149.749    33.4715     4.3251          1          1  0.000e+00
  1027.2351    148.341    149.609    33.4719     4.3083          1          1  0.000e+00
  1027.2424    148.186    149.453    33.4801     4.2940          1          1  0.000e+00
  1027.2587    148.029    149.294    33.5002     4.2842          1          1  0.000e+00
  1027.2589    147.872    149.136    33.5010     4.2818          1          1  0.000e+00
  1027.2439    147.725    148.988    33.4828     4.2807          1          1  0.000e+00
  1027.2387    147.589    148.850    33.4763     4.2751          1          1  0.000e+00
  1027.2334    147.479    148.740    33.4691     4.2668          1          1  0.000e+00
  1027.2320    147.388    148.648    33.4666     4.2570          1          1  0.000e+00
  1027.2288    147.309    148.568    33.4617     4.2471          1          1  0.000e+00
  1027.2299    147.241    148.499    33.4621     4.2373          1          1  0.000e+00
  1027.2370    147.181    148.439    33.4703     4.2283          1          1  0.000e+00
  1027.2294    147.124    148.382    33.4603     4.2230          1          1  0.000e+00
  1027.2300    147.068    148.325    33.4604     4.2160          1          1  0.000e+00
  1027.2210    147.007    148.263    33.4484     4.2084          1          1  0.000e+00
  1027.2158    146.937    148.192    33.4409     4.1984          1          1  0.000e+00
  1027.2095    146.851    148.106    33.4319     4.1868          1          1  0.000e+00
  1027.2249    146.738    147.992    33.4503     4.1740          1          1  0.000e+00
  1027.2226    146.603    147.855    33.4473     4.1674          1          1  0.000e+00
  1027.2339    146.439    147.690    33.4620     4.1630          1          1  0.000e+00
  1027.2325    146.262    147.512    33.4612     4.1624          1          1  0.000e+00
  1027.2248    146.075    147.324    33.4526     4.1623          1          1  0.000e+00
  1027.2074    145.890    147.136    33.4314     4.1600          1          1  0.000e+00
  1027.1966    145.713    146.958    33.4177     4.1513          1          1  0.000e+00
  1027.1824    145.541    146.784    33.3990     4.1379          1          1  0.000e+00
  1027.1796    145.381    146.623    33.3941     4.1203          1          1  0.000e+00
  1027.1870    145.223    146.463    33.4018     4.1014          1          1  0.000e+00
  1027.1857    145.065    146.304    33.3991     4.0859          1          1  0.000e+00
  1027.1706    144.912    146.150    33.3792     4.0720          1          1  0.000e+00
  1027.1845    144.757    145.994    33.3954     4.0561          1          1  0.000e+00
  1027.1547    144.607    145.842    33.3573     4.0443          1          1  0.000e+00
  1027.1861    144.466    145.699    33.3951     4.0253          1          1  0.000e+00
  1027.2061    144.332    145.565    33.4200     4.0168          1          1  0.000e+00
  1027.1803    144.211    145.443    33.3884     4.0186          1          1  0.000e+00
  1027.1865    144.099    145.329    33.3962     4.0138          1          1  0.000e+00
  1027.1729    143.993    145.222    33.3790     4.0083          1          1  0.000e+00
  1027.1665    143.887    145.115    33.3703     3.9984          1          1  0.000e+00
  1027.1531    143.781    145.008    33.3525     3.9867          1          1  0.000e+00
  1027.1550    143.670    144.897    33.3536     3.9720          1          1  0.000e+00
  1027.1487    143.568    144.793    33.3444     3.9577          1          1  0.000e+00
  1027.1493    143.468    144.693    33.3441     3.9443          1          1  0.000e+00
  1027.1582    143.381    144.605    33.3541     3.9317          1          1  0.000e+00
  1027.1662    143.313    144.537    33.3635     3.9237          1          1  0.000e+00
  1027.1506    143.263    144.486    33.3435     3.9175          1          1  0.000e+00
  1027.1220    143.226    144.449    33.3064     3.9078          1          1  0.000e+00
  1027.1222    143.201    144.423    33.3042     3.8877          1          1  0.000e+00
  1027.0889    143.174    144.396    33.2597     3.8668          1          1  0.000e+00
  1027.0559    143.139    144.361    33.2145     3.8359          1          1  0.000e+00
  1027.0963    143.084    144.306    33.2602     3.7931          1          1  0.000e+00
  1027.0992    142.997    144.218    33.2609     3.7662          1          1  0.000e+00
  1027.1363    142.877    144.097    33.3058     3.7464          1          1  0.000e+00
  1027.1489    142.723    143.941    33.3219     3.7417          1          1  0.000e+00
  1027.1436    142.539    143.756    33.3168     3.7451          1          1  0.000e+00
  1027.1193    142.337    143.551    33.2875     3.7462          1          1  0.000e+00
  1027.1161    142.129    143.342    33.2838     3.7390          1          1  0.000e+00
  1027.0964    141.931    143.143    33.2592     3.7304          1          1  0.000e+00
  1027.0817    141.750    142.960    33.2399     3.7155          1          1  0.000e+00
  1027.0864    141.591    142.799    33.2441     3.6947          1          1  0.000e+00
  1027.0933    141.462    142.669    33.2510     3.6752          1          1  0.000e+00
  1027.0935    141.356    142.562    33.2501     3.6604          1          1  0.000e+00
  1027.0871    141.268    142.473    33.2408     3.6468          1          1  0.000e+00
  1027.0992    141.179    142.383    33.2548     3.6325          1          1  0.000e+00
  1027.1102    141.092    142.295    33.2680     3.6233          1          1  0.000e+00
  1027.1110    140.990    142.193    33.2692     3.6197          1          1  0.000e+00
  1027.0952    140.871    142.073    33.2497     3.6177          1          1  0.000e+00
  1027.0890    140.731    141.932    33.2419     3.6108          1          1  0.000e+00
  1027.0973    140.573    141.772    33.2521     3.6016          1          1  0.000e+00
  1027.1066    140.397    141.595    33.2643     3.5967          1          1  0.000e+00
  1027.1004    140.213    141.408    33.2576     3.5962          1          1  0.000e+00
  1027.1003    140.027    141.221    33.2584     3.5949          1          1  0.000e+00
  1027.0921    139.846    141.038    33.2489     3.5935          1          1  0.000e+00
  1027.0734    139.675    140.866    33.2260     3.5901          1          1  0.000e+00
  1027.0705    139.517    140.707    33.2220     3.5798          1          1  0.000e+00
  1027.0683    139.379    140.568    33.2187     3.5682          1          1  0.000e+00
  1027.0697    139.263    140.451    33.2197     3.5568          1          1  0.000e+00
  1027.0649    139.173    140.360    33.2128     3.5461          1          1  0.000e+00
  1027.0703    139.102    140.288    33.2187     3.5352          1          1  0.000e+00
  1027.0703    139.043    140.228    33.2180     3.5262          1          1  0.000e+00
  1027.0714    138.994    140.179    33.2187     3.5190          1          1  0.000e+00
  1027.0733    138.943    140.128    33.2207     3.5132          1          1  0.000e+00
  1027.0652    138.880    140.064    33.2102     3.5082          1          1  0.000e+00
  1027.0581    138.792    139.975    33.2010     3.5009          1          1  0.000e+00
  1027.0638    138.676    139.858    33.2077     3.4914          1          1  0.000e+00
  1027.0739    138.530    139.711    33.2206     3.4859          1          1  0.000e+00
  1027.0756    138.358    139.537    33.2236     3.4851          1          1  0.000e+00
  1027.0703    138.170    139.348    33.2181     3.4856          1          1  0.000e+00
  1027.0673    137.986    139.162    33.2154     3.4847          1          1  0.000e+00
  1027.0555    137.815    138.990    33.2013     3.4831          1          1  0.000e+00
  1027.0523    137.665    138.839    33.1976     3.4781          1          1  0.000e+00
  1027.0508    137.549    138.721    33.1956     3.4715          1          1  0.000e+00
  1027.0463    137.460    138.631    33.1896     3.4646          1          1  0.000e+00
  1027.0429    137.394    138.565    33.1847     3.4567          1          1  0.000e+00
  1027.0483    137.335    138.505    33.1908     3.4480          1          1  0.000e+00
  1027.0551    137.275    138.445    33.1989     3.4416          1          1  0.000e+00
  1027.0531    137.201    138.370    33.1965     3.4386          1          1  0.000e+00
  1027.0461    137.107    138.275    33.1880     3.4357          1          1  0.000e+00
  1027.0310    136.984    138.151    33.1690     3.4301          1          1  0.000e+00
  1027.0376    136.838    138.004    33.1770     3.4204          1          1  0.000e+00
  1027.0414    136.677    137.842    33.1819     3.4134          1          1  0.000e+00
  1027.0435    136.502    137.665    33.1850     3.4095          1          1  0.000e+00
  1027.0393    136.325    137.487    33.1806     3.4072          1          1  0.000e+00
  1027.0222    136.150    137.310    33.1597     3.4034          1          1  0.000e+00
  1027.0087    135.984    137.142    33.1425     3.3938          1          1  0.000e+00
  1026.9906    135.828    136.985    33.1190     3.3792          1          1  0.000e+00
  1027.0002    135.680    136.836    33.1294     3.3583          1          1  0.000e+00
  1026.9865    135.547    136.701    33.1109     3.3415          1          1  0.000e+00
  1026.9934    135.418    136.572    33.1183     3.3244          1          1  0.000e+00
  1027.0005    135.291    136.444    33.1262     3.3091          1          1  0.000e+00
  1027.0069    135.161    136.312    33.1336     3.2981          1          1  0.000e+00
  1026.9868    135.025    136.175    33.1084     3.2919          1          1  0.000e+00
  1026.9823    134.882    136.031    33.1024     3.2818          1          1  0.000e+00
  1026.9545    134.727    135.874    33.0669     3.2688          1          1  0.000e+00
  1026.9724    134.570    135.716    33.0881     3.2492          1          1  0.000e+00
  1026.9812    134.411    135.556    33.0983     3.2351          1          1  0.000e+00
  1026.9868    134.257    135.401    33.1054     3.2276          1          1  0.000e+00
  1026.9775    134.111    135.253    33.0942     3.2235          1          1  0.000e+00
  1026.9689    133.981    135.121    33.0833     3.2169          1          1  0.000e+00
