data/eDNA/PER-2021-171/171a016.cnv
* Sea-Bird SBE19plus  Data File:
* FileName = C:\Users\RSG_field\Ryan_2021_Perley\CTD\171a016.hex
* Software version 2.3.0 SB_Terminal.dll
* Temperature SN = 7141
* Conductivity SN = 7141
* System UpLoad Time = Aug 13 2021 10:19:32
* <ApplicationData>
* <SeatermAF>
** Platform: M. Perley
** Cruise: Per2021171
** Station:  ESI_04
** Cast: 01
** Latitude: N  44 45.211
** Longitude: W 62 5.872
** Sounding: 100
** Chief Scientist: Ryan Stanley
** Comment: 171a016
# nquan = 8
# nvalues = 3534                                  
# units = specified
# name 0 = density00: Density [density, kg/m^3]
# name 1 = depSM: Depth [salt water, m], lat = 45.00
# name 2 = prdM: Pressure, Strain Gauge [db]
# name 3 = sal00: Salinity, Practical [PSU]
# name 4 = tv290C: Temperature [ITS-90, deg C]
# name 5 = bpos: Bottle Position in Carousel
# name 6 = nbf: Bottles Fired
# name 7 = flag:  0.000e+00
# span 0 =   998.3440,  1026.4106                 
# span 1 =     -0.078,     96.723                 
# span 2 =     -0.079,     97.537                 
# span 3 =     0.0097,    32.6596                 
# span 4 =     3.1920,    19.3519                 
# span 5 =          0,          2                 
# span 6 =          0,          2                 
# span 7 = 0.0000e+00, 0.0000e+00                 
# interval = seconds: 0.25
# start_time = Aug 13 2021 13:01:14 [Instrument's time stamp, header]
# bad_flag = -9.990e-29
*END*
[from data line 1259]
  1022.2552     10.954     11.044    30.9050    17.7160          0          0  0.000e+00
  1022.2582     10.955     11.045    30.9078    17.7124          0          0  0.000e+00
  1022.2599     10.961     11.051    30.9093    17.7103          0          0  0.000e+00
  1022.2614     10.988     11.078    30.9105    17.7086          0          0  0.000e+00
  1022.2620     11.042     11.132    30.9106    17.7075          0          0  0.000e+00
  1022.2580     11.125     11.217    30.9043    17.7054          0          0  0.000e+00
  1022.2591     11.237     11.329    30.9027    17.6977          0          0  0.000e+00
  1022.2691     11.365     11.458    30.9109    17.6843          0          0  0.000e+00
  1022.2841     11.525     11.620    30.9236    17.6651          0          0  0.000e+00
  1022.3124     11.691     11.787    30.9530    17.6436          0          0  0.000e+00
  1022.3603     11.866     11.964    31.0063    17.6168          0          0  0.000e+00
  1022.3917     12.053     12.152    31.0368    17.5862          0          0  0.000e+00
  1022.4158     12.246     12.346    31.0580    17.5569          0          0  0.000e+00
  1022.4419     12.443     12.545    31.0791    17.5180          0          0  0.000e+00
  1022.4762     12.639     12.743    31.1098    17.4760          0          0  0.000e+00
  1022.5194     12.836     12.942    31.1514    17.4315          0          0  0.000e+00
  1022.5531     13.031     13.138    31.1827    17.3938          0          0  0.000e+00
  1022.5593     13.214     13.323    31.1774    17.3535          0          0  0.000e+00
  1022.5438     13.393     13.503    31.1379    17.2941          0          0  0.000e+00
  1022.5119     13.561     13.673    31.0677    17.2036          0          0  0.000e+00
  1022.5724     13.719     13.832    31.1038    17.0655          0          0  0.000e+00
  1022.6645     13.853     13.966    31.1806    16.9245          0          0  0.000e+00
  1022.7511     13.966     14.081    31.2596    16.8133          0          0  0.000e+00
  1022.8081     14.053     14.168    31.3122    16.7423          0          0  0.000e+00
  1022.8687     14.110     14.226    31.3776    16.6980          0          0  0.000e+00
  1022.9146     14.135     14.251    31.4269    16.6632          0          0  0.000e+00
  1022.9308     14.121     14.237    31.4394    16.6339          0          0  0.000e+00
  1022.9347     14.073     14.189    31.4397    16.6167          0          0  0.000e+00
  1022.9291     14.015     14.130    31.4292    16.6050          0          0  0.000e+00
  1022.9277     13.955     14.070    31.4241    16.5932          0          0  0.000e+00
  1022.9241     13.914     14.028    31.4170    16.5839          0          0  0.000e+00
  1022.9264     13.908     14.022    31.4190    16.5803          0          0  0.000e+00
  1022.9149     13.954     14.069    31.4044    16.5827          0          0  0.000e+00
  1022.9143     14.064     14.179    31.4021    16.5796          0          0  0.000e+00
  1022.9866     14.231     14.348    31.4925    16.5703          0          0  0.000e+00
  1022.9640     14.454     14.572    31.4574    16.5556          0          0  0.000e+00
  1022.9447     14.718     14.838    31.4170    16.5093          0          0  0.000e+00
  1022.9141     15.001     15.124    31.3517    16.4291          0          0  0.000e+00
  1022.9077     15.273     15.398    31.3060    16.3074          0          0  0.000e+00
  1022.8868     15.547     15.675    31.2299    16.1463          0          0  0.000e+00
  1022.9313     15.809     15.939    31.2288    15.9480          0          0  0.000e+00
  1022.9108     16.048     16.180    31.1400    15.7368          0          0  0.000e+00
  1022.8925     16.260     16.393    31.0445    15.4895          0          0  0.000e+00
  1023.0500     16.429     16.564    31.1693    15.2082          0          0  0.000e+00
  1023.1526     16.546     16.682    31.2390    14.9820          0          0  0.000e+00
  1023.2420     16.612     16.748    31.3063    14.8061          0          0  0.000e+00
  1023.3374     16.640     16.777    31.3946    14.6767          0          0  0.000e+00
  1023.3651     16.645     16.781    31.4092    14.5984          0          0  0.000e+00
  1023.4096     16.622     16.759    31.4501    14.5359          0          0  0.000e+00
  1023.4618     16.589     16.726    31.5073    14.4965          0          0  0.000e+00
  1023.4557     16.561     16.697    31.4979    14.4906          0          0  0.000e+00
  1023.4316     16.552     16.688    31.4650    14.4844          0          0  0.000e+00
  1023.4287     16.574     16.710    31.4559    14.4652          0          0  0.000e+00
  1023.4367     16.637     16.774    31.4588    14.4387          0          0  0.000e+00
  1023.4103     16.744     16.882    31.4171    14.4133          0          0  0.000e+00
  1023.3503     16.895     17.034    31.3267    14.3702          0          0  0.000e+00
  1023.1958     17.083     17.224    31.1016    14.2824          0          0  0.000e+00
  1023.2278     17.291     17.433    31.0927    14.0974          0          0  0.000e+00
  1023.2790     17.509     17.654    31.1029    13.8890          0          0  0.000e+00
  1023.2925     17.730     17.876    31.0677    13.6924          0          0  0.000e+00
  1023.1850     17.938     18.085    30.8728    13.4810          0          0  0.000e+00
  1023.0126     18.137     18.286    30.5742    13.1887          0          0  0.000e+00
  1022.8568     18.308     18.458    30.2670    12.7670          0          0  0.000e+00
  1022.9485     18.453     18.605    30.2535    12.2241          0          0  0.000e+00
  1023.1166     18.570     18.723    30.3427    11.6825          0          0  0.000e+00
  1023.3807     18.674     18.828    30.5739    11.2066          0          0  0.000e+00
  1023.4234     18.759     18.914    30.5470    10.8410          0          0  0.000e+00
  1023.4837     18.832     18.987    30.5533    10.5155          0          0  0.000e+00
  1023.6314     18.897     19.052    30.6752    10.1986          0          0  0.000e+00
  1023.6912     18.964     19.120    30.6990     9.9478          0          0  0.000e+00
  1023.7802     19.041     19.198    30.7694     9.7379          0          0  0.000e+00
  1023.8290     19.130     19.288    30.7968     9.5679          0          0  0.000e+00
  1023.8448     19.237     19.396    30.7877     9.4249          0          0  0.000e+00
  1023.7854     19.365     19.525    30.6842     9.2913          0          0  0.000e+00
  1023.7432     19.509     19.669    30.5971     9.1270          0          0  0.000e+00
  1023.6953     19.663     19.825    30.4951     8.9221          0          0  0.000e+00
  1023.5829     19.822     19.986    30.3046     8.6810          0          0  0.000e+00
  1023.6358     19.987     20.151    30.3141     8.3736          0          0  0.000e+00
  1023.7099     20.147     20.313    30.3514     8.0633          0          0  0.000e+00
  1023.8166     20.301     20.469    30.4377     7.7876          0          0  0.000e+00
  1023.9889     20.448     20.616    30.6167     7.5602          0          0  0.000e+00
  1024.1641     20.580     20.750    30.8149     7.4197          0          0  0.000e+00
  1024.2271     20.696     20.866    30.8833     7.3544          0          0  0.000e+00
  1024.2812     20.796     20.968    30.9471     7.3283          0          0  0.000e+00
  1024.3050     20.882     21.054    30.9755     7.3202          0          0  0.000e+00
  1024.3142     20.961     21.133    30.9852     7.3112          0          0  0.000e+00
  1024.3237     21.037     21.210    30.9947     7.2986          0          0  0.000e+00
  1024.3279     21.112     21.286    30.9976     7.2871          0          0  0.000e+00
  1024.3250     21.193     21.367    30.9916     7.2761          0          0  0.000e+00
  1024.3091     21.286     21.461    30.9681     7.2604          0          0  0.000e+00
  1024.2837     21.393     21.569    30.9299     7.2286          0          0  0.000e+00
  1024.2708     21.509     21.686    30.9038     7.1753          0          0  0.000e+00
  1024.2599     21.634     21.812    30.8781     7.1091          0          0  0.000e+00
  1024.2744     21.778     21.957    30.8825     7.0297          0          0  0.000e+00
  1024.2977     21.941     22.122    30.8976     6.9476          0          0  0.000e+00
  1024.3365     22.109     22.291    30.9332     6.8699          0          0  0.000e+00
  1024.3808     22.281     22.465    30.9780     6.8058          0          0  0.000e+00
  1024.3991     22.451     22.636    30.9926     6.7583          0          0  0.000e+00
  1024.4242     22.616     22.803    31.0166     6.7159          0          0  0.000e+00
  1024.3978     22.769     22.957    30.9758     6.6759          0          0  0.000e+00
  1024.4000     22.908     23.097    30.9683     6.6173          0          0  0.000e+00
  1024.4495     23.034     23.224    31.0194     6.5475          0          0  0.000e+00
  1024.5033     23.143     23.334    31.0784     6.4934          0          0  0.000e+00
  1024.5534     23.238     23.429    31.1366     6.4631          0          0  0.000e+00
  1024.5804     23.320     23.512    31.1687     6.4523          0          0  0.000e+00
  1024.5652     23.397     23.589    31.1483     6.4481          0          0  0.000e+00
  1024.5375     23.464     23.658    31.1100     6.4306          0          0  0.000e+00
  1024.5309     23.530     23.724    31.0955     6.3940          0          0  0.000e+00
  1024.5371     23.595     23.789    31.0958     6.3484          0          0  0.000e+00
  1024.5643     23.679     23.874    31.1227     6.3022          0          0  0.000e+00
  1024.6088     23.778     23.974    31.1730     6.2666          0          0  0.000e+00
  1024.6466     23.893     24.090    31.2179     6.2513          0          0  0.000e+00
  1024.6388     24.038     24.236    31.2072     6.2516          0          0  0.000e+00
  1024.5907     24.204     24.404    31.1446     6.2475          0          0  0.000e+00
  1024.5529     24.383     24.584    31.0908     6.2168          0          0  0.000e+00
  1024.5527     24.574     24.777    31.0810     6.1616          0          0  0.000e+00
  1024.6286     24.769     24.974    31.1670     6.1019          0          0  0.000e+00
  1024.6451     24.957     25.163    31.1813     6.0662          0          0  0.000e+00
  1024.6415     25.136     25.343    31.1718     6.0405          0          0  0.000e+00
  1024.6077     25.291     25.499    31.1233     6.0092          0          0  0.000e+00
  1024.6003     25.419     25.629    31.1055     5.9585          0          0  0.000e+00
  1024.5942     25.516     25.726    31.0877     5.8946          0          0  0.000e+00
  1024.6069     25.572     25.783    31.0930     5.8242          0          0  0.000e+00
  1024.6589     25.600     25.811    31.1488     5.7579          0          0  0.000e+00
  1024.7011     25.607     25.818    31.1960     5.7152          0          0  0.000e+00
  1024.7299     25.593     25.804    31.2304     5.7009          0          0  0.000e+00
  1024.7244     25.584     25.795    31.2238     5.7032          0          0  0.000e+00
  1024.7066     25.595     25.806    31.2016     5.7052          0          0  0.000e+00
  1024.6765     25.633     25.845    31.1623     5.6995          0          0  0.000e+00
  1024.6702     25.710     25.922    31.1506     5.6767          0          0  0.000e+00
  1024.6623     25.820     26.033    31.1354     5.6451          0          0  0.000e+00
  1024.6721     25.971     26.186    31.1411     5.6054          0          0  0.000e+00
  1024.6839     26.147     26.363    31.1492     5.5655          0          0  0.000e+00
  1024.6912     26.344     26.562    31.1519     5.5284          0          0  0.000e+00
  1024.6923     26.562     26.781    31.1466     5.4906          0          0  0.000e+00
  1024.6754     26.795     27.016    31.1177     5.4476          0          0  0.000e+00
  1024.6640     27.036     27.259    31.0933     5.3868          0          0  0.000e+00
  1024.7045     27.277     27.502    31.1323     5.3108          0          0  0.000e+00
  1024.7455     27.506     27.733    31.1741     5.2490          0          0  0.000e+00
  1024.7107     27.717     27.946    31.1225     5.2027          0          0  0.000e+00
  1024.7228     27.894     28.124    31.1282     5.1410          0          0  0.000e+00
  1024.7926     28.038     28.270    31.2065     5.0752          0          0  0.000e+00
  1024.8355     28.140     28.372    31.2546     5.0347          0          0  0.000e+00
  1024.8434     28.211     28.444    31.2617     5.0174          0          0  0.000e+00
  1024.8449     28.259     28.492    31.2619     5.0066          0          0  0.000e+00
  1024.8434     28.280     28.513    31.2583     4.9953          0          0  0.000e+00
  1024.8604     28.290     28.523    31.2784     4.9848          0          0  0.000e+00
  1024.8565     28.297     28.531    31.2730     4.9825          0          0  0.000e+00
  1024.8422     28.309     28.542    31.2545     4.9793          0          0  0.000e+00
  1024.8384     28.343     28.577    31.2480     4.9690          0          0  0.000e+00
  1024.8356     28.399     28.633    31.2420     4.9523          0          0  0.000e+00
  1024.8302     28.481     28.717    31.2321     4.9335          0          0  0.000e+00
  1024.7840     28.591     28.827    31.1699     4.9093          0          0  0.000e+00
  1024.7857     28.727     28.964    31.1649     4.8623          0          0  0.000e+00
  1024.7453     28.882     29.121    31.1050     4.8014          0          0  0.000e+00
  1024.8261     29.043     29.283    31.1945     4.7149          0          0  0.000e+00
  1024.8963     29.212     29.453    31.2743     4.6549          0          0  0.000e+00
  1024.9170     29.376     29.619    31.2958     4.6270          0          0  0.000e+00
  1024.9196     29.536     29.780    31.2957     4.6090          0          0  0.000e+00
  1024.9068     29.689     29.934    31.2763     4.5901          0          0  0.000e+00
  1024.9160     29.839     30.086    31.2836     4.5641          0          0  0.000e+00
  1024.9287     29.985     30.232    31.2952     4.5372          0          0  0.000e+00
  1024.9476     30.122     30.371    31.3153     4.5145          0          0  0.000e+00
  1024.9653     30.253     30.503    31.3351     4.5002          0          0  0.000e+00
  1024.9768     30.378     30.629    31.3479     4.4936          0          0  0.000e+00
  1024.9834     30.502     30.754    31.3554     4.4924          0          0  0.000e+00
  1024.9849     30.622     30.875    31.3568     4.4941          0          0  0.000e+00
  1024.9879     30.737     30.991    31.3602     4.4966          0          0  0.000e+00
  1024.9901     30.855     31.110    31.3626     4.4991          0          0  0.000e+00
  1024.9893     30.970     31.226    31.3611     4.5005          0          0  0.000e+00
  1024.9887     31.077     31.334    31.3593     4.4972          0          0  0.000e+00
  1024.9953     31.182     31.440    31.3662     4.4915          0          0  0.000e+00
  1024.9986     31.289     31.548    31.3693     4.4870          0          0  0.000e+00
  1024.9976     31.400     31.659    31.3667     4.4829          0          0  0.000e+00
  1024.9990     31.511     31.771    31.3670     4.4760          0          0  0.000e+00
  1024.9999     31.630     31.891    31.3662     4.4673          0          0  0.000e+00
  1025.0033     31.763     32.026    31.3684     4.4559          0          0  0.000e+00
  1024.9928     31.902     32.166    31.3525     4.4416          0          0  0.000e+00
  1025.0021     32.045     32.310    31.3602     4.4170          0          0  0.000e+00
