data/eDNA/PER-2021-171/171a028.cnv
* Sea-Bird SBE19plus  Data File:
* FileName = C:\Users\RSG_field\Ryan_2021_Perley\CTD\171a028.hex
* Software version 2.3.0 SB_Terminal.dll
* Temperature SN = 7141
* Conductivity SN = 7141
* System UpLoad Time = Aug 18 2021 08:41:33
* <ApplicationData>
* <SeatermAF>
** Platform: M. Perley
** Cruise: Per2021171
** Station:  GC-04
** Cast: 01 1
** Latitude: N  44 55.546
** Longitude: W 59 51.424
** Sounding: 50.9
** Chief Scientist: Ryan Stanley
** Comment: 171a028
** Used thruster to compensate for the tide drag
# nquan = 8
# nvalues = 2483                                  
# units = specified
# name 0 = density00: Density [density, kg/m^3]
# name 1 = depSM: Depth [salt water, m], lat = 45.00
# name 2 = prdM: Pressure, Strain Gauge [db]
# name 3 = sal00: Salinity, Practical [PSU]
# name 4 = tv290C: Temperature [ITS-90, deg C]
# name 5 = bpos: Bottle Position in Carousel
# name 6 = nbf: Bottles Fired
# name 7 = flag:  0.000e+00
# span 0 =   998.6355,  1023.4415                 
# span 1 =     -0.013,     50.077                 
# span 2 =     -0.013,     50.493                 
# span 3 =     0.0091,    30.4684                 
# span 4 =    11.2030,    19.0142                 
# span 5 =          0,          3                 
# span 6 =          0,          3                 
# span 7 = 0.0000e+00, 0.0000e+00                 
# interval = seconds: 0.25
# start_time = Aug 18 2021 11:28:11 [Instrument's time stamp, header]
# bad_flag = -9.990e-29
*END*
   998.6469     -0.007     -0.007     0.0091    17.7652          0          0  0.000e+00
   998.6469     -0.007     -0.007     0.0091    17.7654          0          0  0.000e+00
   998.6470     -0.008     -0.008     0.0091    17.7646          0          0  0.000e+00
   998.6471     -0.007     -0.007     0.0091    17.7643          0          0  0.000e+00
   998.6472     -0.007     -0.007     0.0091    17.7637          0          0  0.000e+00
   998.6472     -0.010     -0.010     0.0091    17.7634          0          0  0.000e+00
   998.6473     -0.009     -0.009     0.0091    17.7629          0          0  0.000e+00
   998.6475     -0.007     -0.007     0.0091    17.7621          0          0  0.000e+00
   998.6475     -0.008     -0.008     0.0091    17.7619          0          0  0.000e+00
   998.6475     -0.009     -0.009     0.0091    17.7619          0          0  0.000e+00
   998.6472     -0.007     -0.007     0.0091    17.7637          0          0  0.000e+00
   998.6468     -0.010     -0.010     0.0091    17.7659          0          0  0.000e+00
   998.6464     -0.009     -0.009     0.0091    17.7678          0          0  0.000e+00
   998.6460     -0.008     -0.008     0.0091    17.7703          0          0  0.000e+00
   998.6457     -0.009     -0.009     0.0091    17.7721          0          0  0.000e+00
   998.6455     -0.008     -0.008     0.0091    17.7729          0          0  0.000e+00
   998.6455     -0.011     -0.011     0.0091    17.7726          0          0  0.000e+00
   998.6456     -0.008     -0.008     0.0091    17.7724          0          0  0.000e+00
   998.6456     -0.008     -0.008     0.0091    17.7723          0          0  0.000e+00
   998.6456     -0.009     -0.009     0.0091    17.7720          0          0  0.000e+00
   998.6457     -0.007     -0.007     0.0091    17.7716          0          0  0.000e+00
   998.6458     -0.007     -0.007     0.0091    17.7711          0          0  0.000e+00
   998.6459     -0.007     -0.007     0.0091    17.7705          0          0  0.000e+00
   998.6460     -0.007     -0.007     0.0091    17.7699          0          0  0.000e+00
   998.6460     -0.007     -0.007     0.0091    17.7700          0          0  0.000e+00
   998.6460     -0.008     -0.008     0.0091    17.7702          0          0  0.000e+00
   998.6461     -0.005     -0.006     0.0091    17.7695          0          0  0.000e+00
   998.6461     -0.009     -0.009     0.0091    17.7693          0          0  0.000e+00
   998.6460     -0.008     -0.008     0.0091    17.7698          0          0  0.000e+00
   998.6461     -0.008     -0.008     0.0091    17.7697          0          0  0.000e+00
   998.6461     -0.009     -0.009     0.0091    17.7694          0          0  0.000e+00
   998.6462     -0.007     -0.007     0.0091    17.7688          0          0  0.000e+00
   998.6463     -0.008     -0.008     0.0091    17.7684          0          0  0.000e+00
   998.6464     -0.008     -0.008     0.0091    17.7676          0          0  0.000e+00
   998.6466     -0.009     -0.009     0.0091    17.7666          0          0  0.000e+00
   998.6468     -0.009     -0.009     0.0091    17.7655          0          0  0.000e+00
   998.6470     -0.008     -0.008     0.0091    17.7645          0          0  0.000e+00
   998.6472     -0.010     -0.010     0.0091    17.7632          0          0  0.000e+00
   998.6473     -0.009     -0.009     0.0091    17.7626          0          0  0.000e+00
   998.6475     -0.009     -0.009     0.0091    17.7621          0          0  0.000e+00
   998.6475     -0.009     -0.009     0.0091    17.7615          0          0  0.000e+00
   998.6475     -0.008     -0.008     0.0091    17.7618          0          0  0.000e+00
   998.6474     -0.010     -0.010     0.0091    17.7625          0          0  0.000e+00
   998.6472     -0.010     -0.010     0.0091    17.7632          0          0  0.000e+00
   998.6472     -0.009     -0.009     0.0091    17.7637          0          0  0.000e+00
   998.6470     -0.009     -0.009     0.0091    17.7647          0          0  0.000e+00
   998.6469     -0.007     -0.007     0.0091    17.7652          0          0  0.000e+00
   998.6469     -0.008     -0.008     0.0091    17.7651          0          0  0.000e+00
   998.6470     -0.010     -0.010     0.0091    17.7647          0          0  0.000e+00
   998.6469     -0.009     -0.009     0.0091    17.7649          0          0  0.000e+00
   998.6468     -0.009     -0.009     0.0091    17.7657          0          0  0.000e+00
   998.6466     -0.009     -0.009     0.0091    17.7668          0          0  0.000e+00
   998.6464     -0.008     -0.008     0.0091    17.7681          0          0  0.000e+00
   998.6462     -0.009     -0.009     0.0091    17.7688          0          0  0.000e+00
   998.6462     -0.009     -0.009     0.0091    17.7691          0          0  0.000e+00
   998.6462     -0.009     -0.009     0.0091    17.7688          0          0  0.000e+00
   998.6461     -0.009     -0.009     0.0091    17.7692          0          0  0.000e+00
   998.6461     -0.007     -0.007     0.0091    17.7698          0          0  0.000e+00
   998.6460     -0.009     -0.009     0.0091    17.7699          0          0  0.000e+00
   998.6461     -0.007     -0.007     0.0091    17.7695          0          0  0.000e+00
   998.6461     -0.009     -0.009     0.0091    17.7694          0          0  0.000e+00
   998.6460     -0.009     -0.009     0.0091    17.7698          0          0  0.000e+00
   998.6460     -0.010     -0.010     0.0091    17.7702          0          0  0.000e+00
   998.6459     -0.010     -0.010     0.0091    17.7706          0          0  0.000e+00
   998.6458     -0.009     -0.009     0.0091    17.7711          0          0  0.000e+00
   998.6457     -0.010     -0.010     0.0091    17.7718          0          0  0.000e+00
   998.6456     -0.009     -0.009     0.0091    17.7721          0          0  0.000e+00
   998.6458     -0.009     -0.009     0.0091    17.7712          0          0  0.000e+00
   998.6459     -0.010     -0.010     0.0091    17.7708          0          0  0.000e+00
   998.6459     -0.009     -0.009     0.0091    17.7707          0          0  0.000e+00
   998.6459     -0.008     -0.008     0.0091    17.7705          0          0  0.000e+00
   998.6460     -0.009     -0.009     0.0091    17.7701          0          0  0.000e+00
   998.6460     -0.010     -0.010     0.0091    17.7700          0          0  0.000e+00
   998.6460     -0.008     -0.008     0.0091    17.7698          0          0  0.000e+00
   998.6461     -0.010     -0.010     0.0091    17.7693          0          0  0.000e+00
   998.6463     -0.008     -0.008     0.0091    17.7684          0          0  0.000e+00
   998.6464     -0.009     -0.009     0.0091    17.7681          0          0  0.000e+00
   998.6464     -0.008     -0.008     0.0091    17.7679          0          0  0.000e+00
   998.6465     -0.009     -0.009     0.0091    17.7673          0          0  0.000e+00
   998.6467     -0.009     -0.009     0.0091    17.7664          0          0  0.000e+00
   998.6468     -0.009     -0.009     0.0091    17.7654          0          0  0.000e+00
   998.6471     -0.009     -0.009     0.0091    17.7641          0          0  0.000e+00
   998.6473     -0.011     -0.011     0.0091    17.7628          0          0  0.000e+00
   998.6476     -0.010     -0.010     0.0091    17.7615          0          0  0.000e+00
   998.6477     -0.009     -0.009     0.0091    17.7605          0          0  0.000e+00
   998.6478     -0.009     -0.009     0.0091    17.7603          0          0  0.000e+00
   998.6478     -0.012     -0.012     0.0091    17.7600          0          0  0.000e+00
   998.6480     -0.010     -0.010     0.0091    17.7593          0          0  0.000e+00
   998.6479     -0.012     -0.012     0.0091    17.7595          0          0  0.000e+00
   998.6479     -0.008     -0.008     0.0091    17.7594          0          0  0.000e+00
   998.6480     -0.009     -0.009     0.0091    17.7590          0          0  0.000e+00
   998.6481     -0.009     -0.009     0.0091    17.7585          0          0  0.000e+00
  1000.0974     -0.008     -0.008     1.8993    17.7576          0          0  0.000e+00
  1000.2578     -0.008     -0.008     2.1088    17.7563          0          0  0.000e+00
   999.9121     -0.005     -0.006     1.6564    17.7553          0          0  0.000e+00
   999.8367     -0.005     -0.006     1.5579    17.7558          0          0  0.000e+00
   999.6081     -0.007     -0.007     1.2598    17.7579          0          0  0.000e+00
   999.3780     -0.005     -0.006     0.9602    17.7615          0          0  0.000e+00
   999.2977     -0.004     -0.004     0.8563    17.7649          0          0  0.000e+00
   999.2212     -0.003     -0.003     0.7573    17.7680          0          0  0.000e+00
   999.1695     -0.003     -0.003     0.6903    17.7703          0          0  0.000e+00
   999.1506     -0.003     -0.003     0.6660    17.7719          0          0  0.000e+00
   999.1033     -0.007     -0.007     0.6048    17.7731          0          0  0.000e+00
   998.8841     -0.001     -0.001     0.3194    17.7737          0          0  0.000e+00
   998.8478     -0.004     -0.004     0.2723    17.7741          0          0  0.000e+00
   998.8327     -0.005     -0.006     0.2526    17.7739          0          0  0.000e+00
   998.8147     -0.004     -0.004     0.2292    17.7739          0          0  0.000e+00
   998.7998     -0.003     -0.003     0.2096    17.7735          0          0  0.000e+00
   998.7946     -0.007     -0.007     0.2028    17.7731          0          0  0.000e+00
   998.7877     -0.008     -0.008     0.1937    17.7726          0          0  0.000e+00
   998.7810     -0.005     -0.006     0.1849    17.7721          0          0  0.000e+00
   998.7755     -0.007     -0.007     0.1777    17.7721          0          0  0.000e+00
   998.7685     -0.009     -0.009     0.1688    17.7722          0          0  0.000e+00
   998.7637     -0.007     -0.007     0.1624    17.7719          0          0  0.000e+00
   998.7625     -0.008     -0.008     0.1607    17.7712          0          0  0.000e+00
   998.7581     -0.008     -0.008     0.1547    17.7705          0          0  0.000e+00
   998.7529     -0.009     -0.009     0.1479    17.7699          0          0  0.000e+00
   998.7490     -0.008     -0.008     0.1425    17.7689          0          0  0.000e+00
   998.7426     -0.005     -0.006     0.1341    17.7680          0          0  0.000e+00
   998.7369     -0.005     -0.006     0.1263    17.7669          0          0  0.000e+00
   998.7285     -0.003     -0.003     0.1152    17.7661          0          0  0.000e+00
   998.7196     -0.007     -0.007     0.1034    17.7651          0          0  0.000e+00
   998.7087     -0.005     -0.006     0.0891    17.7642          0          0  0.000e+00
   998.6997     -0.005     -0.006     0.0772    17.7632          0          0  0.000e+00
   998.6938     -0.005     -0.006     0.0693    17.7623          0          0  0.000e+00
   998.6881     -0.005     -0.006     0.0616    17.7609          0          0  0.000e+00
   998.6815     -0.005     -0.006     0.0527    17.7598          0          0  0.000e+00
   998.6750     -0.005     -0.006     0.0440    17.7588          0          0  0.000e+00
   998.6642     -0.007     -0.007     0.0298    17.7575          0          0  0.000e+00
   998.6490     -0.008     -0.008     0.0098    17.7563          0          0  0.000e+00
   998.6490     -0.010     -0.010     0.0096    17.7554          0          0  0.000e+00
   998.6492     -0.008     -0.008     0.0096    17.7547          0          0  0.000e+00
   998.6493     -0.009     -0.009     0.0096    17.7539          0          0  0.000e+00
   998.6495     -0.011     -0.011     0.0096    17.7531          0          0  0.000e+00
   999.1521     -0.008     -0.008     0.6634    17.7523          0          0  0.000e+00
   999.4212     -0.008     -0.008     1.0141    17.7514          0          0  0.000e+00
   999.1125     -0.009     -0.009     0.6114    17.7506          0          0  0.000e+00
   999.0005     -0.007     -0.007     0.4653    17.7496          0          0  0.000e+00
   998.9072     -0.008     -0.008     0.3436    17.7493          0          0  0.000e+00
   998.8119     -0.010     -0.010     0.2197    17.7497          0          0  0.000e+00
   998.7909     -0.011     -0.011     0.1927    17.7504          0          0  0.000e+00
   998.7727     -0.010     -0.010     0.1692    17.7511          0          0  0.000e+00
   998.7648     -0.013     -0.013     0.1590    17.7517          0          0  0.000e+00
   998.7357     -0.011     -0.011     0.1213    17.7520          0          0  0.000e+00
   998.7175     -0.010     -0.010     0.0975    17.7517          0          0  0.000e+00
   998.7092     -0.012     -0.012     0.0860    17.7483          0          0  0.000e+00
   998.6738     -0.010     -0.010     0.0388    17.7429          0          0  0.000e+00
   998.6523     -0.008     -0.008     0.0097    17.7379          0          0  0.000e+00
   998.6533     -0.011     -0.011     0.0096    17.7317          0          0  0.000e+00
   998.6546     -0.009     -0.009     0.0095    17.7245          0          0  0.000e+00
   998.6555     -0.010     -0.010     0.0094    17.7192          0          0  0.000e+00
   998.6558     -0.008     -0.008     0.0094    17.7172          0          0  0.000e+00
   998.6555     -0.008     -0.008     0.0094    17.7189          0          0  0.000e+00
   998.6551     -0.009     -0.009     0.0093    17.7209          0          0  0.000e+00
  1009.4403      0.115      0.116    14.1622    17.7277          0          0  0.000e+00
  1020.8768      0.308      0.311    29.2438    17.9745          0          0  0.000e+00
  1020.9934      0.477      0.481    29.5195    18.3706          0          0  0.000e+00
  1020.8028      0.626      0.631    29.3493    18.6247          0          0  0.000e+00
  1020.6897      0.784      0.791    29.2461    18.7689          0          0  0.000e+00
  1020.6326      0.943      0.951    29.1956    18.8477          0          0  0.000e+00
  1020.5982      1.107      1.117    29.1639    18.8928          0          0  0.000e+00
  1020.5725      1.281      1.292    29.1376    18.9187          0          0  0.000e+00
  1020.5359      1.437      1.449    29.0926    18.9308          0          0  0.000e+00
  1020.5347      1.535      1.547    29.0909    18.9322          0          0  0.000e+00
  1020.5427      1.592      1.605    29.0979    18.9223          0          0  0.000e+00
  1020.5526      1.614      1.627    29.1021    18.8954          0          0  0.000e+00
  1020.5446      1.607      1.620    29.0853    18.8759          0          0  0.000e+00
  1020.5761      1.581      1.594    29.1213    18.8588          0          0  0.000e+00
  1020.5986      1.541      1.554    29.1503    18.8564          0          0  0.000e+00
  1020.5952      1.513      1.526    29.1506    18.8709          0          0  0.000e+00
  1020.5858      1.525      1.538    29.1428    18.8851          0          0  0.000e+00
  1020.5760      1.567      1.580    29.1334    18.8965          0          0  0.000e+00
  1020.5587      1.608      1.621    29.1129    18.9043          0          0  0.000e+00
  1020.5612      1.652      1.666    29.1175    18.9093          0          0  0.000e+00
  1020.5650      1.705      1.719    29.1241    18.9149          0          0  0.000e+00
  1020.5690      1.772      1.787    29.1299    18.9182          0          0  0.000e+00
  1020.5869      1.919      1.935    29.1537    18.9216          0          0  0.000e+00
  1020.5884      2.086      2.103    29.1572    18.9292          0          0  0.000e+00
  1020.5752      2.266      2.284    29.1421    18.9399          0          0  0.000e+00
