data/eDNA/PER-2021-171/171a009.cnv
* Sea-Bird SBE19plus  Data File:
* FileName = C:\Users\RSG_field\Ryan_2021_Perley\CTD\171a009.hex
* Software version 2.3.0 SB_Terminal.dll
* Temperature SN = 7141
* Conductivity SN = 7141
* System UpLoad Time = Aug 11 2021 12:37:40
* <ApplicationData>
* <SeatermAF>
** Platform: M. Perley
** Cruise: Per2021171
** Station:  ESI_15
** Cast: 01 1
** Latitude: N  44 33.466
** Longitude: W 62 53.25
** Sounding: 69.9
** Chief Scientist: Ryan Stanley
** Comment: 171a009
# nquan = 8
# nvalues = 2783                                  
# units = specified
# name 0 = density00: Density [density, kg/m^3]
# name 1 = depSM: Depth [salt water, m], lat = 45.00
# name 2 = prdM: Pressure, Strain Gauge [db]
# name 3 = sal00: Salinity, Practical [PSU]
# name 4 = tv290C: Temperature [ITS-90, deg C]
# name 5 = bpos: Bottle Position in Carousel
# name 6 = nbf: Bottles Fired
# name 7 = flag:  0.000e+00
# span 0 =   998.4093,  1025.9037                 
# span 1 =     -0.045,     67.317                 
# span 2 =     -0.045,     67.879                 
# span 3 =     0.0082,    32.3455                 
# span 4 =     3.6232,    19.0218                 
# span 5 =          0,          6                 
# span 6 =          0,          6                 
# span 7 = 0.0000e+00, 0.0000e+00                 
# interval = seconds: 0.25
# start_time = Aug 11 2021 15:21:59 [Instrument's time stamp, header]
# bad_flag = -9.990e-29
*END*
[from data line 2338]
  1024.8824     38.875     39.197    31.1882     4.5686          2          2  0.000e+00
  1024.8874     38.850     39.171    31.1954     4.5751          2          2  0.000e+00
  1024.8876     38.826     39.148    31.1973     4.5865          2          2  0.000e+00
  1024.8815     38.795     39.116    31.1916     4.6005          2          2  0.000e+00
  1024.8709     38.750     39.071    31.1800     4.6125          2          2  0.000e+00
  1024.8657     38.696     39.016    31.1748     4.6204          2          2  0.000e+00
  1024.8574     38.623     38.943    31.1655     4.6257          2          2  0.000e+00
  1024.8651     38.534     38.853    31.1762     4.6296          2          2  0.000e+00
  1024.8630     38.428     38.746    31.1751     4.6362          2          2  0.000e+00
  1024.8568     38.310     38.627    31.1689     4.6436          2          2  0.000e+00
  1024.8545     38.180     38.496    31.1674     4.6485          2          2  0.000e+00
  1024.8560     38.036     38.350    31.1708     4.6532          2          2  0.000e+00
  1024.8626     37.874     38.188    31.1810     4.6600          2          2  0.000e+00
  1024.8606     37.702     38.014    31.1814     4.6740          2          2  0.000e+00
  1024.8510     37.518     37.829    31.1726     4.6915          2          2  0.000e+00
  1024.8417     37.330     37.638    31.1640     4.7071          2          2  0.000e+00
  1024.8380     37.138     37.445    31.1620     4.7192          2          2  0.000e+00
  1024.8414     36.946     37.252    31.1691     4.7313          2          2  0.000e+00
  1024.8339     36.766     37.070    31.1629     4.7477          2          2  0.000e+00
  1024.8291     36.593     36.896    31.1600     4.7638          2          2  0.000e+00
  1024.8255     36.426     36.728    31.1585     4.7796          2          2  0.000e+00
  1024.8174     36.276     36.576    31.1513     4.7964          2          2  0.000e+00
  1024.8108     36.140     36.439    31.1457     4.8100          2          2  0.000e+00
  1024.8055     36.024     36.322    31.1412     4.8215          2          2  0.000e+00
  1024.8086     35.927     36.224    31.1470     4.8317          2          2  0.000e+00
  1024.8114     35.848     36.144    31.1530     4.8464          2          2  0.000e+00
  1024.8066     35.786     36.082    31.1499     4.8663          2          2  0.000e+00
  1024.7939     35.730     36.026    31.1370     4.8863          2          2  0.000e+00
  1024.7996     35.685     35.981    31.1465     4.9027          2          2  0.000e+00
  1024.8030     35.638     35.933    31.1542     4.9256          2          2  0.000e+00
  1024.7988     35.590     35.884    31.1536     4.9578          2          2  0.000e+00
  1024.7722     35.534     35.828    31.1254     4.9957          2          2  0.000e+00
  1024.7327     35.475     35.768    31.0795     5.0221          2          2  0.000e+00
  1024.7342     35.397     35.690    31.0821     5.0243          2          2  0.000e+00
  1024.7567     35.303     35.595    31.1113     5.0254          2          2  0.000e+00
  1024.7621     35.193     35.484    31.1209     5.0421          2          2  0.000e+00
  1024.7572     35.057     35.347    31.1196     5.0714          2          2  0.000e+00
  1024.7560     34.906     35.195    31.1237     5.1053          2          2  0.000e+00
  1024.7399     34.734     35.021    31.1098     5.1456          2          2  0.000e+00
  1024.7231     34.547     34.833    31.0951     5.1848          2          2  0.000e+00
  1024.7104     34.347     34.631    31.0852     5.2200          2          2  0.000e+00
  1024.7065     34.139     34.421    31.0861     5.2539          2          2  0.000e+00
  1024.7021     33.934     34.215    31.0870     5.2910          2          2  0.000e+00
  1024.6865     33.736     34.015    31.0743     5.3323          2          2  0.000e+00
  1024.6647     33.558     33.835    31.0534     5.3725          2          2  0.000e+00
  1024.6464     33.408     33.685    31.0355     5.4038          2          2  0.000e+00
  1024.6466     33.282     33.557    31.0400     5.4278          2          2  0.000e+00
  1024.6412     33.190     33.464    31.0374     5.4541          2          2  0.000e+00
  1024.6196     33.128     33.401    31.0146     5.4825          2          2  0.000e+00
  1024.6146     33.085     33.359    31.0113     5.5022          2          2  0.000e+00
  1024.6128     33.058     33.331    31.0119     5.5211          2          2  0.000e+00
  1024.6016     33.040     33.313    31.0009     5.5426          2          2  0.000e+00
  1024.5902     33.024     33.297    30.9893     5.5619          2          2  0.000e+00
  1024.5796     32.998     33.271    30.9782     5.5765          2          2  0.000e+00
  1024.5717     32.953     33.225    30.9699     5.5863          2          2  0.000e+00
  1024.5650     32.889     33.161    30.9625     5.5913          2          2  0.000e+00
  1024.5602     32.803     33.074    30.9570     5.5921          2          2  0.000e+00
  1024.5628     32.692     32.962    30.9606     5.5898          2          2  0.000e+00
  1024.5635     32.556     32.825    30.9622     5.5887          2          2  0.000e+00
  1024.5646     32.400     32.668    30.9645     5.5884          2          2  0.000e+00
  1024.5646     32.232     32.498    30.9656     5.5895          2          2  0.000e+00
  1024.5651     32.054     32.319    30.9675     5.5910          2          2  0.000e+00
  1024.5654     31.876     32.139    30.9694     5.5938          2          2  0.000e+00
  1024.5638     31.700     31.962    30.9691     5.5986          2          2  0.000e+00
  1024.5636     31.528     31.788    30.9705     5.6036          2          2  0.000e+00
  1024.5593     31.361     31.620    30.9669     5.6093          2          2  0.000e+00
  1024.5580     31.198     31.456    30.9669     5.6141          2          2  0.000e+00
  1024.5568     31.040     31.297    30.9669     5.6184          2          2  0.000e+00
  1024.5586     30.886     31.141    30.9709     5.6233          2          2  0.000e+00
  1024.5587     30.736     30.990    30.9729     5.6303          2          2  0.000e+00
  1024.5472     30.592     30.845    30.9604     5.6384          2          2  0.000e+00
  1024.5480     30.455     30.707    30.9627     5.6420          2          2  0.000e+00
  1024.5479     30.327     30.577    30.9637     5.6449          2          2  0.000e+00
  1024.5483     30.207     30.457    30.9654     5.6481          2          2  0.000e+00
  1024.5517     30.102     30.351    30.9709     5.6521          2          2  0.000e+00
  1024.5500     30.007     30.255    30.9703     5.6588          2          2  0.000e+00
  1024.5507     29.928     30.176    30.9726     5.6650          2          2  0.000e+00
  1024.5621     29.861     30.107    30.9886     5.6727          2          2  0.000e+00
  1024.5601     29.809     30.055    30.9885     5.6874          2          2  0.000e+00
  1024.5397     29.772     30.017    30.9648     5.7012          2          2  0.000e+00
  1024.6233     29.746     29.992    31.0720     5.7086          2          2  0.000e+00
  1024.6607     29.731     29.977    31.1264     5.7564          2          2  0.000e+00
  1024.6224     29.717     29.963    31.0908     5.8428          2          2  0.000e+00
  1024.5813     29.694     29.939    31.0502     5.9189          2          2  0.000e+00
  1024.5336     29.659     29.904    30.9980     5.9729          2          2  0.000e+00
  1024.5050     29.601     29.845    30.9667     6.0033          2          2  0.000e+00
  1024.4928     29.510     29.753    30.9537     6.0158          2          2  0.000e+00
  1024.4873     29.389     29.632    30.9482     6.0205          2          2  0.000e+00
  1024.4959     29.231     29.472    30.9601     6.0218          2          2  0.000e+00
  1024.4964     29.041     29.281    30.9629     6.0282          2          2  0.000e+00
  1024.4936     28.824     29.062    30.9618     6.0360          2          2  0.000e+00
  1024.5071     28.586     28.822    30.9814     6.0436          2          2  0.000e+00
  1024.5124     28.339     28.573    30.9920     6.0598          2          2  0.000e+00
  1024.5061     28.091     28.323    30.9888     6.0814          2          2  0.000e+00
  1024.5055     27.849     28.078    30.9927     6.1029          2          2  0.000e+00
  1024.4927     27.623     27.851    30.9812     6.1248          2          2  0.000e+00
  1024.4889     27.415     27.641    30.9803     6.1429          2          2  0.000e+00
  1024.4724     27.237     27.462    30.9628     6.1584          2          2  0.000e+00
  1024.4786     27.084     27.308    30.9729     6.1670          2          2  0.000e+00
  1024.4789     26.965     27.187    30.9757     6.1780          2          2  0.000e+00
  1024.4751     26.873     27.095    30.9736     6.1919          2          2  0.000e+00
  1024.4766     26.809     27.030    30.9780     6.2053          2          2  0.000e+00
  1024.4949     26.768     26.989    31.0036     6.2204          2          2  0.000e+00
  1024.5027     26.743     26.964    31.0179     6.2474          2          2  0.000e+00
  1024.5442     26.741     26.962    31.0761     6.2835          2          2  0.000e+00
  1024.6166     26.738     26.958    31.1785     6.3511          2          2  0.000e+00
  1024.5748     26.732     26.953    31.1452     6.4762          2          2  0.000e+00
  1024.4973     26.716     26.936    31.0666     6.6003          2          2  0.000e+00
  1024.4180     26.678     26.898    30.9808     6.6921          2          2  0.000e+00
  1024.3636     26.621     26.841    30.9203     6.7432          2          2  0.000e+00
  1024.3381     26.541     26.760    30.8912     6.7604          2          2  0.000e+00
  1024.3293     26.437     26.655    30.8804     6.7593          2          2  0.000e+00
  1024.3425     26.310     26.527    30.8969     6.7530          2          2  0.000e+00
  1024.3508     26.159     26.375    30.9088     6.7548          2          2  0.000e+00
  1024.3394     25.997     26.211    30.8962     6.7614          2          2  0.000e+00
  1024.3367     25.823     26.036    30.8943     6.7641          2          2  0.000e+00
  1024.3505     25.642     25.853    30.9129     6.7649          2          2  0.000e+00
  1024.3552     25.454     25.664    30.9218     6.7752          3          3  0.000e+00
  1024.3500     25.262     25.471    30.9190     6.7921          3          3  0.000e+00
  1024.3410     25.072     25.279    30.9116     6.8097          3          3  0.000e+00
  1024.3311     24.889     25.094    30.9026     6.8250          3          3  0.000e+00
  1024.3222     24.718     24.922    30.8940     6.8360          3          3  0.000e+00
  1024.3180     24.558     24.761    30.8908     6.8429          3          3  0.000e+00
  1024.3141     24.416     24.618    30.8876     6.8482          3          3  0.000e+00
  1024.3109     24.298     24.498    30.8849     6.8525          3          3  0.000e+00
  1024.3093     24.198     24.397    30.8839     6.8553          3          3  0.000e+00
  1024.3066     24.121     24.319    30.8813     6.8573          3          3  0.000e+00
  1024.3051     24.064     24.263    30.8799     6.8587          3          3  0.000e+00
  1024.3037     24.022     24.220    30.8786     6.8596          3          3  0.000e+00
  1024.3033     23.987     24.185    30.8783     6.8600          3          3  0.000e+00
  1024.2993     23.964     24.161    30.8734     6.8606          3          3  0.000e+00
  1024.2970     23.936     24.133    30.8706     6.8599          3          3  0.000e+00
  1024.2980     23.901     24.098    30.8718     6.8582          3          3  0.000e+00
  1024.2982     23.850     24.047    30.8722     6.8568          3          3  0.000e+00
  1024.2982     23.770     23.966    30.8723     6.8553          3          3  0.000e+00
  1024.2955     23.667     23.862    30.8692     6.8533          3          3  0.000e+00
  1024.2959     23.537     23.731    30.8699     6.8501          3          3  0.000e+00
  1024.2976     23.380     23.572    30.8725     6.8467          3          3  0.000e+00
  1024.2985     23.199     23.391    30.8744     6.8448          3          3  0.000e+00
  1024.2980     23.000     23.190    30.8748     6.8440          3          3  0.000e+00
  1024.2968     22.790     22.978    30.8745     6.8442          3          3  0.000e+00
  1024.2946     22.580     22.766    30.8730     6.8443          3          3  0.000e+00
  1024.2932     22.375     22.559    30.8723     6.8440          3          3  0.000e+00
  1024.2928     22.178     22.360    30.8730     6.8437          3          3  0.000e+00
  1024.2923     21.998     22.180    30.8734     6.8436          3          3  0.000e+00
  1024.2919     21.842     22.022    30.8739     6.8440          3          3  0.000e+00
  1024.2911     21.712     21.891    30.8737     6.8445          3          3  0.000e+00
  1024.2906     21.605     21.783    30.8738     6.8451          3          3  0.000e+00
  1024.2905     21.524     21.701    30.8742     6.8456          3          3  0.000e+00
  1024.2900     21.463     21.640    30.8741     6.8465          3          3  0.000e+00
  1024.2890     21.414     21.591    30.8733     6.8475          3          3  0.000e+00
  1024.2885     21.379     21.556    30.8730     6.8481          3          3  0.000e+00
  1024.2888     21.351     21.527    30.8736     6.8486          3          3  0.000e+00
  1024.2946     21.325     21.501    30.8813     6.8499          3          3  0.000e+00
  1024.2943     21.289     21.465    30.8821     6.8561          3          3  0.000e+00
  1024.2856     21.246     21.421    30.8728     6.8646          3          3  0.000e+00
  1024.2786     21.188     21.362    30.8650     6.8689          3          3  0.000e+00
  1024.2752     21.111     21.285    30.8610     6.8687          3          3  0.000e+00
  1024.2790     21.013     21.186    30.8660     6.8663          3          3  0.000e+00
  1024.2898     20.887     21.059    30.8806     6.8668          3          3  0.000e+00
  1024.2919     20.740     20.911    30.8856     6.8758          3          3  0.000e+00
  1024.2797     20.571     20.740    30.8731     6.8887          3          3  0.000e+00
  1024.2780     20.378     20.546    30.8736     6.8976          3          3  0.000e+00
  1024.2768     20.169     20.335    30.8750     6.9079          3          3  0.000e+00
  1024.2703     19.947     20.112    30.8702     6.9214          3          3  0.000e+00
  1024.2639     19.724     19.886    30.8655     6.9337          3          3  0.000e+00
  1024.2560     19.494     19.654    30.8587     6.9453          3          3  0.000e+00
  1024.2514     19.271     19.430    30.8559     6.9554          3          3  0.000e+00
  1024.2456     19.071     19.228    30.8511     6.9643          3          3  0.000e+00
  1024.2418     18.887     19.043    30.8485     6.9717          3          3  0.000e+00
  1024.2393     18.733     18.887    30.8474     6.9784          3          3  0.000e+00
  1024.2361     18.610     18.763    30.8452     6.9854          3          3  0.000e+00
  1024.2365     18.521     18.673    30.8474     6.9919          3          3  0.000e+00
  1024.2341     18.459     18.611    30.8460     7.0000          3          3  0.000e+00
  1024.2312     18.420     18.572    30.8440     7.0086          3          3  0.000e+00
  1024.2261     18.403     18.554    30.8387     7.0158          3          3  0.000e+00
  1024.2297     18.400     18.551    30.8442     7.0212          3          3  0.000e+00
  1024.2426     18.404     18.555    30.8620     7.0294          3          3  0.000e+00
