data/eDNA/PER-2021-171/171a007.cnv
* Sea-Bird SBE19plus  Data File:
* FileName = C:\Users\RSG_field\Ryan_2021_Perley\CTD\171a007.hex
* Software version 2.3.0 SB_Terminal.dll
* Temperature SN = 7141
* Conductivity SN = 7141
* System UpLoad Time = Aug 09 2021 17:37:39
* <ApplicationData>
* <SeatermAF>
** Platform: M. Perley
** Cruise: Per2021171
** Station:  ESI_06
** Cast: 01 01
** Latitude: N  44 49.384
** Longitude: W 62 29.060
** Sounding: 17.5
** Chief Scientist: Ryan Stanley
** Comment: 171a007
** Station shifted from original location due to navigational hazard
# nquan = 8
# nvalues = 2047                                  
# units = specified
# name 0 = density00: Density [density, kg/m^3]
# name 1 = depSM: Depth [salt water, m], lat = 45.00
# name 2 = prdM: Pressure, Strain Gauge [db]
# name 3 = sal00: Salinity, Practical [PSU]
# name 4 = tv290C: Temperature [ITS-90, deg C]
# name 5 = bpos: Bottle Position in Carousel
# name 6 = nbf: Bottles Fired
# name 7 = flag:  0.000e+00
# span 0 =   998.8200,  1023.8628                 
# span 1 =      0.020,     16.366                 
# span 2 =      0.021,     16.500                 
# span 3 =     0.0000,    30.9428                 
# span 4 =     8.7595,    17.5080                 
# span 5 =          0,          3                 
# span 6 =          0,          3                 
# span 7 = 0.0000e+00, 0.0000e+00                 
# interval = seconds: 0.25
# start_time = Aug 09 2021 20:24:03 [Instrument's time stamp, header]
# bad_flag = -9.990e-29
*END*
[from data line 180]
  1021.9561      1.410      1.421    30.4886    17.4533          0          0  0.000e+00
  1021.9612      1.364      1.376    30.4955    17.4533          0          0  0.000e+00
  1021.9634      1.354      1.365    30.4981    17.4522          0          0  0.000e+00
  1021.9635      1.369      1.380    30.4980    17.4513          0          0  0.000e+00
  1021.9614      1.398      1.410    30.4951    17.4516          0          0  0.000e+00
  1021.9545      1.426      1.437    30.4860    17.4520          0          0  0.000e+00
  1021.9395      1.447      1.459    30.4662    17.4516          0          0  0.000e+00
  1021.9311      1.453      1.465    30.4546    17.4499          0          0  0.000e+00
  1021.9276      1.444      1.456    30.4501    17.4500          0          0  0.000e+00
  1021.9249      1.417      1.429    30.4470    17.4505          0          0  0.000e+00
  1021.9339      1.370      1.381    30.4590    17.4505          0          0  0.000e+00
  1021.9434      1.308      1.319    30.4717    17.4505          0          0  0.000e+00
  1021.9549      1.249      1.259    30.4873    17.4509          0          0  0.000e+00
  1021.9620      1.221      1.231    30.4970    17.4521          0          0  0.000e+00
  1021.9664      1.236      1.246    30.5027    17.4519          0          0  0.000e+00
  1021.9668      1.272      1.283    30.5030    17.4518          0          0  0.000e+00
  1021.9618      1.317      1.327    30.4963    17.4525          0          0  0.000e+00
  1021.9428      1.356      1.367    30.4714    17.4528          0          0  0.000e+00
  1021.9361      1.382      1.394    30.4623    17.4521          0          0  0.000e+00
  1021.9348      1.392      1.403    30.4604    17.4518          0          0  0.000e+00
  1021.9395      1.388      1.399    30.4640    17.4433          0          0  0.000e+00
  1021.9462      1.373      1.384    30.4697    17.4329          0          0  0.000e+00
  1021.9584      1.355      1.366    30.4833    17.4252          0          0  0.000e+00
  1021.9702      1.341      1.352    30.4981    17.4228          0          0  0.000e+00
  1021.9784      1.355      1.366    30.5095    17.4252          0          0  0.000e+00
  1021.9814      1.413      1.425    30.5150    17.4314          0          0  0.000e+00
  1021.9777      1.494      1.506    30.5114    17.4373          0          0  0.000e+00
  1021.9616      1.574      1.587    30.4914    17.4418          0          0  0.000e+00
  1021.9476      1.629      1.643    30.4733    17.4438          0          0  0.000e+00
  1021.9460      1.651      1.664    30.4712    17.4443          0          0  0.000e+00
  1021.9551      1.636      1.649    30.4797    17.4329          0          0  0.000e+00
  1021.9648      1.581      1.593    30.4882    17.4179          0          0  0.000e+00
  1021.9721      1.497      1.509    30.4952    17.4079          0          0  0.000e+00
  1021.9812      1.402      1.414    30.5055    17.4010          0          0  0.000e+00
  1021.9854      1.326      1.337    30.5101    17.3967          0          0  0.000e+00
  1021.9875      1.285      1.295    30.5143    17.4005          0          0  0.000e+00
  1021.9820      1.268      1.278    30.5099    17.4093          0          0  0.000e+00
  1021.9737      1.254      1.264    30.5015    17.4171          0          0  0.000e+00
  1021.9620      1.232      1.242    30.4878    17.4220          0          0  0.000e+00
  1021.9548      1.202      1.212    30.4789    17.4231          0          0  0.000e+00
  1021.9508      1.183      1.193    30.4741    17.4243          0          0  0.000e+00
  1021.9468      1.170      1.180    30.4697    17.4264          0          0  0.000e+00
  1021.9473      1.168      1.178    30.4709    17.4283          0          0  0.000e+00
  1021.9589      1.188      1.198    30.4864    17.4300          0          0  0.000e+00
  1021.9739      1.243      1.254    30.5066    17.4328          0          0  0.000e+00
  1021.9829      1.339      1.350    30.5196    17.4386          0          0  0.000e+00
  1021.9848      1.449      1.461    30.5237    17.4459          0          0  0.000e+00
  1021.9803      1.552      1.565    30.5200    17.4551          0          0  0.000e+00
  1021.9724      1.622      1.635    30.5115    17.4624          0          0  0.000e+00
  1021.9495      1.658      1.672    30.4828    17.4674          0          0  0.000e+00
  1021.9351      1.662      1.676    30.4646    17.4692          0          0  0.000e+00
  1021.9318      1.625      1.638    30.4603    17.4686          0          0  0.000e+00
  1021.9447      1.563      1.575    30.4731    17.4541          0          0  0.000e+00
  1021.9612      1.484      1.496    30.4891    17.4344          0          0  0.000e+00
  1021.9735      1.414      1.426    30.5006    17.4182          0          0  0.000e+00
  1021.9840      1.372      1.383    30.5116    17.4087          0          0  0.000e+00
  1021.9889      1.372      1.383    30.5166    17.4040          0          0  0.000e+00
  1021.9891      1.401      1.413    30.5180    17.4082          0          0  0.000e+00
  1021.9901      1.437      1.449    30.5227    17.4200          0          0  0.000e+00
  1021.9831      1.461      1.473    30.5169    17.4314          0          0  0.000e+00
  1021.9645      1.462      1.474    30.4952    17.4402          0          0  0.000e+00
  1021.9553      1.435      1.447    30.4846    17.4443          0          0  0.000e+00
  1021.9518      1.383      1.395    30.4814    17.4476          0          0  0.000e+00
  1021.9573      1.317      1.327    30.4869    17.4410          0          0  0.000e+00
  1021.9670      1.239      1.249    30.4961    17.4279          0          0  0.000e+00
  1021.9740      1.163      1.172    30.5024    17.4172          0          0  0.000e+00
  1021.9772      1.100      1.109    30.5049    17.4102          0          0  0.000e+00
  1021.9827      1.076      1.085    30.5110    17.4066          0          0  0.000e+00
  1021.9877      1.109      1.118    30.5167    17.4045          0          0  0.000e+00
  1022.0032      1.190      1.200    30.5374    17.4077          0          0  0.000e+00
  1022.0085      1.305      1.316    30.5486    17.4236          0          0  0.000e+00
  1021.9984      1.424      1.435    30.5407    17.4433          0          0  0.000e+00
  1021.9876      1.528      1.540    30.5307    17.4588          0          0  0.000e+00
  1021.9783      1.600      1.613    30.5213    17.4691          0          0  0.000e+00
  1021.9591      1.637      1.650    30.4978    17.4745          0          0  0.000e+00
  1021.9488      1.632      1.646    30.4847    17.4762          0          0  0.000e+00
  1021.9498      1.593      1.606    30.4862    17.4759          0          0  0.000e+00
  1021.9601      1.520      1.533    30.4969    17.4655          0          0  0.000e+00
  1021.9678      1.426      1.437    30.5037    17.4528          0          0  0.000e+00
  1021.9713      1.327      1.338    30.5065    17.4452          0          0  0.000e+00
  1021.9752      1.249      1.259    30.5109    17.4413          0          0  0.000e+00
  1021.9803      1.239      1.249    30.5166    17.4381          0          0  0.000e+00
  1021.9949      1.321      1.332    30.5353    17.4382          0          0  0.000e+00
  1021.9970      1.452      1.464    30.5402    17.4479          0          0  0.000e+00
  1021.9898      1.575      1.588    30.5338    17.4603          0          0  0.000e+00
  1021.9795      1.643      1.657    30.5229    17.4699          0          0  0.000e+00
  1021.9600      1.657      1.670    30.4990    17.4752          0          0  0.000e+00
  1021.9581      1.618      1.631    30.4973    17.4771          0          0  0.000e+00
  1021.9649      1.533      1.545    30.5051    17.4719          0          0  0.000e+00
  1021.9694      1.398      1.410    30.5085    17.4614          0          0  0.000e+00
  1021.9708      1.224      1.234    30.5093    17.4547          0          0  0.000e+00
  1021.9731      1.052      1.060    30.5121    17.4508          0          0  0.000e+00
  1021.9801      0.981      0.989    30.5210    17.4485          0          0  0.000e+00
  1021.9919      1.023      1.031    30.5370    17.4510          0          0  0.000e+00
  1021.9899      1.143      1.152    30.5366    17.4603          0          0  0.000e+00
  1021.9850      1.313      1.324    30.5318    17.4693          0          0  0.000e+00
  1021.9809      1.501      1.513    30.5273    17.4757          0          0  0.000e+00
  1021.9789      1.674      1.688    30.5250    17.4798          0          0  0.000e+00
  1021.9740      1.773      1.788    30.5189    17.4824          0          0  0.000e+00
  1021.9686      1.829      1.844    30.5118    17.4836          0          0  0.000e+00
  1021.9664      1.852      1.867    30.5090    17.4843          0          0  0.000e+00
  1021.9688      1.828      1.842    30.5120    17.4836          0          0  0.000e+00
  1021.9724      1.778      1.792    30.5157    17.4791          0          0  0.000e+00
  1021.9742      1.711      1.725    30.5172    17.4750          0          0  0.000e+00
  1021.9745      1.648      1.662    30.5168    17.4713          0          0  0.000e+00
  1021.9729      1.616      1.629    30.5140    17.4687          0          0  0.000e+00
  1021.9742      1.624      1.637    30.5154    17.4676          0          0  0.000e+00
  1021.9763      1.663      1.677    30.5179    17.4672          0          0  0.000e+00
  1021.9783      1.720      1.735    30.5204    17.4681          0          0  0.000e+00
  1021.9790      1.777      1.791    30.5215    17.4702          0          0  0.000e+00
  1021.9773      1.822      1.837    30.5199    17.4728          0          0  0.000e+00
  1021.9747      1.852      1.867    30.5169    17.4748          0          0  0.000e+00
  1021.9699      1.868      1.883    30.5109    17.4760          0          0  0.000e+00
  1021.9664      1.866      1.881    30.5064    17.4759          0          0  0.000e+00
  1021.9670      1.851      1.866    30.5075    17.4766          0          0  0.000e+00
  1021.9675      1.822      1.837    30.5081    17.4762          0          0  0.000e+00
  1021.9717      1.772      1.787    30.5121    17.4703          0          0  0.000e+00
  1021.9802      1.697      1.711    30.5217    17.4642          0          0  0.000e+00
  1021.9927      1.620      1.633    30.5383    17.4633          0          0  0.000e+00
  1021.9931      1.546      1.558    30.5415    17.4705          0          0  0.000e+00
  1021.9887      1.479      1.491    30.5381    17.4769          0          0  0.000e+00
  1021.9853      1.435      1.447    30.5351    17.4812          0          0  0.000e+00
  1021.9836      1.419      1.431    30.5338    17.4834          0          0  0.000e+00
  1021.9833      1.441      1.452    30.5336    17.4845          0          0  0.000e+00
  1021.9850      1.497      1.509    30.5358    17.4859          0          0  0.000e+00
  1021.9838      1.566      1.579    30.5346    17.4881          0          0  0.000e+00
  1021.9838      1.647      1.661    30.5347    17.4900          0          0  0.000e+00
  1021.9824      1.717      1.731    30.5330    17.4916          0          0  0.000e+00
  1021.9832      1.767      1.782    30.5340    17.4926          0          0  0.000e+00
  1021.9829      1.796      1.810    30.5337    17.4934          0          0  0.000e+00
  1021.9827      1.815      1.830    30.5336    17.4943          0          0  0.000e+00
  1021.9821      1.808      1.823    30.5330    17.4951          0          0  0.000e+00
  1021.9812      1.778      1.792    30.5322    17.4955          0          0  0.000e+00
  1021.9796      1.736      1.751    30.5303    17.4953          0          0  0.000e+00
  1021.9799      1.696      1.710    30.5306    17.4942          0          0  0.000e+00
  1021.9796      1.675      1.689    30.5301    17.4933          0          0  0.000e+00
  1021.9869      1.678      1.692    30.5394    17.4928          0          0  0.000e+00
  1021.9879      1.696      1.710    30.5406    17.4925          0          0  0.000e+00
  1021.9885      1.724      1.738    30.5413    17.4928          0          0  0.000e+00
  1021.9898      1.748      1.762    30.5431    17.4936          0          0  0.000e+00
  1021.9891      1.764      1.778    30.5426    17.4953          0          0  0.000e+00
  1021.9887      1.765      1.779    30.5425    17.4969          0          0  0.000e+00
  1021.9873      1.754      1.769    30.5413    17.4986          0          0  0.000e+00
  1021.9847      1.731      1.745    30.5384    17.4996          0          0  0.000e+00
  1021.9841      1.696      1.710    30.5375    17.4989          0          0  0.000e+00
  1021.9844      1.670      1.683    30.5376    17.4974          0          0  0.000e+00
  1021.9860      1.656      1.669    30.5393    17.4960          0          0  0.000e+00
  1021.9865      1.670      1.683    30.5397    17.4953          0          0  0.000e+00
  1021.9891      1.685      1.699    30.5429    17.4950          0          0  0.000e+00
  1021.9882      1.700      1.714    30.5422    17.4966          0          0  0.000e+00
  1021.9882      1.705      1.719    30.5425    17.4978          0          0  0.000e+00
  1021.9882      1.690      1.704    30.5431    17.4994          0          0  0.000e+00
  1021.9853      1.663      1.677    30.5399    17.5010          0          0  0.000e+00
  1021.9824      1.630      1.644    30.5364    17.5010          0          0  0.000e+00
  1021.9832      1.600      1.613    30.5370    17.4991          0          0  0.000e+00
  1021.9850      1.578      1.591    30.5390    17.4973          0          0  0.000e+00
  1021.9864      1.575      1.588    30.5404    17.4960          0          0  0.000e+00
  1021.9880      1.582      1.595    30.5423    17.4959          0          0  0.000e+00
  1021.9865      1.599      1.612    30.5406    17.4969          0          0  0.000e+00
  1021.9846      1.620      1.633    30.5381    17.4971          0          0  0.000e+00
  1021.9848      1.642      1.655    30.5379    17.4960          0          0  0.000e+00
  1021.9870      1.662      1.676    30.5403    17.4948          0          0  0.000e+00
  1021.9884      1.677      1.691    30.5419    17.4946          0          0  0.000e+00
  1021.9874      1.691      1.705    30.5408    17.4956          0          0  0.000e+00
  1021.9866      1.707      1.721    30.5400    17.4962          0          0  0.000e+00
  1021.9866      1.730      1.744    30.5397    17.4959          0          0  0.000e+00
  1021.9914      1.780      1.794    30.5458    17.4963          0          0  0.000e+00
  1021.9921      1.843      1.858    30.5471    17.4988          0          0  0.000e+00
  1021.9902      1.902      1.917    30.5454    17.5026          0          0  0.000e+00
  1021.9880      1.939      1.955    30.5434    17.5058          0          0  0.000e+00
  1021.9858      1.952      1.967    30.5409    17.5077          0          0  0.000e+00
  1021.9848      1.931      1.947    30.5399    17.5080          0          0  0.000e+00
  1021.9841      1.875      1.891    30.5392    17.5079          0          0  0.000e+00
  1021.9831      1.797      1.811    30.5381    17.5072          0          0  0.000e+00
  1021.9807      1.693      1.707    30.5353    17.5061          0          0  0.000e+00
  1021.9811      1.574      1.587    30.5356    17.5032          0          0  0.000e+00
  1021.9830      1.461      1.473    30.5379    17.5004          0          0  0.000e+00
  1021.9829      1.374      1.385    30.5377    17.4983          0          0  0.000e+00
  1021.9832      1.335      1.346    30.5378    17.4969          0          0  0.000e+00
