data/eDNA/PER-2021-171/171a023.cnv
* Sea-Bird SBE19plus  Data File:
* FileName = C:\Users\RSG_field\Ryan_2021_Perley\CTD\171a023.hex
* Software version 2.3.0 SB_Terminal.dll
* Temperature SN = 7141
* Conductivity SN = 7141
* System UpLoad Time = Aug 17 2021 17:32:49
* <ApplicationData>
* <SeatermAF>
** Platform: M. Perley
** Cruise: Per2021171
** Station:  SAB_08
** Cast: 01 1
** Latitude: N  46 10.928
** Longitude: W 59 09.745
** Sounding: 92.2
** Chief Scientist: Ryan Stanley
** Comment: 171a023
# nquan = 8
# nvalues = 3041                                  
# units = specified
# name 0 = density00: Density [density, kg/m^3]
# name 1 = depSM: Depth [salt water, m], lat = 45.00
# name 2 = prdM: Pressure, Strain Gauge [db]
# name 3 = sal00: Salinity, Practical [PSU]
# name 4 = tv290C: Temperature [ITS-90, deg C]
# name 5 = bpos: Bottle Position in Carousel
# name 6 = nbf: Bottles Fired
# name 7 = flag:  0.000e+00
# span 0 =   998.3155,  1026.3613                 
# span 1 =     -0.048,     83.329                 
# span 2 =     -0.049,     84.028                 
# span 3 =     0.0097,    32.5178                 
# span 4 =     2.2203,    20.0092                 
# span 5 =          0,          2                 
# span 6 =          0,          2                 
# span 7 = 0.0000e+00, 0.0000e+00                 
# interval = seconds: 0.25
# start_time = Aug 17 2021 19:41:53 [Instrument's time stamp, header]
# bad_flag = -9.990e-29
*END*
[from data line 1079]
  1023.3401     23.619     23.813    30.5354    11.3964          0          0  0.000e+00
  1023.3806     23.693     23.888    30.5570    11.2637          0          0  0.000e+00
  1023.3867     23.744     23.939    30.5360    11.1361          0          0  0.000e+00
  1023.4841     23.779     23.975    30.6300    10.9967          0          0  0.000e+00
  1023.5532     23.809     24.006    30.6968    10.8979          0          0  0.000e+00
  1023.5603     23.849     24.045    30.6925    10.8383          0          0  0.000e+00
  1023.5585     23.911     24.108    30.6773    10.7814          0          0  0.000e+00
  1023.5867     24.009     24.206    30.6981    10.7133          0          0  0.000e+00
  1023.6294     24.141     24.340    30.7384    10.6495          0          0  0.000e+00
  1023.6786     24.304     24.505    30.7897    10.5994          0          0  0.000e+00
  1023.7151     24.493     24.695    30.8283    10.5663          0          0  0.000e+00
  1023.7220     24.690     24.894    30.8321    10.5481          0          0  0.000e+00
  1023.7151     24.886     25.091    30.8181    10.5294          0          0  0.000e+00
  1023.7199     25.070     25.276    30.8170    10.5008          0          0  0.000e+00
  1023.7294     25.232     25.440    30.8211    10.4680          0          0  0.000e+00
  1023.7350     25.363     25.572    30.8202    10.4339          0          0  0.000e+00
  1023.7297     25.464     25.674    30.8037    10.3912          0          0  0.000e+00
  1023.7255     25.543     25.754    30.7845    10.3288          0          0  0.000e+00
  1023.7595     25.605     25.816    30.8101    10.2461          0          0  0.000e+00
  1023.8051     25.666     25.878    30.8518    10.1683          0          0  0.000e+00
  1023.8252     25.733     25.945    30.8642    10.1061          0          0  0.000e+00
  1023.8306     25.820     26.033    30.8585    10.0484          0          0  0.000e+00
  1023.8558     25.931     26.145    30.8763     9.9820          0          0  0.000e+00
  1023.8547     26.073     26.289    30.8594     9.9119          0          0  0.000e+00
  1023.8725     26.232     26.449    30.8638     9.8275          0          0  0.000e+00
  1023.9009     26.400     26.618    30.8801     9.7345          0          0  0.000e+00
  1023.9315     26.566     26.786    30.8996     9.6429          0          0  0.000e+00
  1023.9835     26.720     26.941    30.9488     9.5615          0          0  0.000e+00
  1024.0194     26.853     27.074    30.9819     9.5016          0          0  0.000e+00
  1024.0499     26.963     27.185    31.0118     9.4596          0          0  0.000e+00
  1024.0554     27.050     27.273    31.0127     9.4313          0          0  0.000e+00
  1024.0677     27.115     27.339    31.0222     9.4028          0          0  0.000e+00
  1024.0833     27.171     27.395    31.0363     9.3749          0          0  0.000e+00
  1024.0937     27.224     27.448    31.0448     9.3526          0          0  0.000e+00
  1024.0995     27.291     27.517    31.0482     9.3344          0          0  0.000e+00
  1024.0897     27.388     27.614    31.0317     9.3169          0          0  0.000e+00
  1024.0626     27.523     27.750    30.9905     9.2888          0          0  0.000e+00
  1024.0336     27.692     27.921    30.9416     9.2344          0          0  0.000e+00
  1023.9731     27.901     28.131    30.8463     9.1503          0          0  0.000e+00
  1023.7491     28.118     28.350    30.5307     9.0079          0          0  0.000e+00
  1023.9248     28.343     28.577    30.7015     8.7347          0          0  0.000e+00
  1024.0426     28.549     28.784    30.8041     8.4868          0          0  0.000e+00
  1024.1399     28.719     28.956    30.8918     8.2954          0          0  0.000e+00
  1024.2114     28.852     29.090    30.9548     8.1461          0          0  0.000e+00
  1024.3038     28.942     29.181    31.0509     8.0292          0          0  0.000e+00
  1024.3469     28.997     29.236    31.0933     7.9615          0          0  0.000e+00
  1024.3871     29.023     29.263    31.1375     7.9235          0          0  0.000e+00
  1024.4237     29.037     29.277    31.1819     7.9111          0          0  0.000e+00
  1024.3686     29.065     29.305    31.1127     7.9182          0          0  0.000e+00
  1024.3493     29.119     29.359    31.0846     7.9002          0          0  0.000e+00
  1024.3350     29.219     29.460    31.0588     7.8616          0          0  0.000e+00
  1024.3177     29.365     29.607    31.0267     7.8100          0          0  0.000e+00
  1024.3173     29.547     29.791    31.0135     7.7443          0          0  0.000e+00
  1024.2394     29.752     29.997    30.8993     7.6658          0          0  0.000e+00
  1024.2231     29.965     30.212    30.8549     7.5379          0          0  0.000e+00
  1024.2441     30.174     30.423    30.8532     7.3797          0          0  0.000e+00
  1024.2539     30.372     30.623    30.8369     7.2173          0          0  0.000e+00
  1024.2278     30.542     30.795    30.7738     7.0446          0          0  0.000e+00
  1024.3002     30.691     30.944    30.8327     6.8478          0          0  0.000e+00
  1024.3836     30.810     31.064    30.9081     6.6634          0          0  0.000e+00
  1024.4718     30.902     31.157    30.9969     6.5215          0          0  0.000e+00
  1024.4993     30.969     31.224    31.0157     6.4212          0          0  0.000e+00
  1024.5342     31.030     31.286    31.0464     6.3374          0          0  0.000e+00
  1024.5747     31.092     31.348    31.0869     6.2695          0          0  0.000e+00
  1024.5894     31.167     31.424    31.0975     6.2206          0          0  0.000e+00
  1024.5953     31.253     31.511    31.0985     6.1813          0          0  0.000e+00
  1024.6091     31.354     31.613    31.1097     6.1447          0          0  0.000e+00
  1024.6249     31.467     31.727    31.1245     6.1139          0          0  0.000e+00
  1024.6341     31.579     31.840    31.1317     6.0900          0          0  0.000e+00
  1024.6391     31.694     31.956    31.1345     6.0703          0          0  0.000e+00
  1024.6441     31.804     32.067    31.1375     6.0532          0          0  0.000e+00
  1024.6449     31.915     32.179    31.1355     6.0373          0          0  0.000e+00
  1024.6451     32.024     32.289    31.1327     6.0215          0          0  0.000e+00
  1024.6479     32.138     32.403    31.1330     6.0052          0          0  0.000e+00
  1024.6532     32.258     32.524    31.1367     5.9895          0          0  0.000e+00
  1024.6558     32.398     32.665    31.1369     5.9745          0          0  0.000e+00
  1024.6599     32.557     32.826    31.1392     5.9612          0          0  0.000e+00
  1024.6506     32.726     32.997    31.1246     5.9493          0          0  0.000e+00
  1024.6493     32.903     33.175    31.1193     5.9319          0          0  0.000e+00
  1024.6427     33.075     33.348    31.1064     5.9091          0          0  0.000e+00
  1024.6540     33.238     33.513    31.1156     5.8812          0          0  0.000e+00
  1024.6615     33.377     33.653    31.1203     5.8544          0          0  0.000e+00
  1024.6791     33.490     33.767    31.1386     5.8316          0          0  0.000e+00
  1024.6861     33.577     33.855    31.1446     5.8162          0          0  0.000e+00
  1024.6868     33.645     33.923    31.1434     5.8048          0          0  0.000e+00
  1024.6907     33.705     33.983    31.1464     5.7940          0          0  0.000e+00
  1024.6946     33.763     34.042    31.1497     5.7849          0          0  0.000e+00
  1024.6948     33.833     34.113    31.1484     5.7776          0          0  0.000e+00
  1024.6926     33.912     34.193    31.1441     5.7707          0          0  0.000e+00
  1024.6901     34.011     34.292    31.1391     5.7619          0          0  0.000e+00
  1024.6888     34.121     34.403    31.1352     5.7511          0          0  0.000e+00
  1024.6853     34.240     34.523    31.1281     5.7381          0          0  0.000e+00
  1024.6806     34.372     34.657    31.1190     5.7217          0          0  0.000e+00
  1024.6883     34.512     34.798    31.1249     5.7008          0          0  0.000e+00
  1024.6844     34.663     34.949    31.1161     5.6808          0          0  0.000e+00
  1024.6412     34.824     35.112    31.0569     5.6558          0          0  0.000e+00
  1024.6122     34.985     35.274    31.0111     5.6007          0          0  0.000e+00
  1024.6214     35.159     35.450    31.0095     5.5162          0          0  0.000e+00
  1024.6832     35.334     35.626    31.0734     5.4230          0          0  0.000e+00
  1024.7225     35.509     35.802    31.1112     5.3462          0          0  0.000e+00
  1024.7496     35.670     35.965    31.1359     5.2850          0          0  0.000e+00
  1024.7864     35.817     36.113    31.1746     5.2341          0          0  0.000e+00
  1024.8286     35.937     36.234    31.2221     5.1974          0          0  0.000e+00
  1024.8553     36.031     36.329    31.2522     5.1759          0          0  0.000e+00
  1024.8797     36.098     36.397    31.2813     5.1664          0          0  0.000e+00
  1024.9096     36.139     36.438    31.3190     5.1672          0          0  0.000e+00
  1024.9311     36.171     36.470    31.3479     5.1815          0          0  0.000e+00
  1024.9351     36.205     36.505    31.3563     5.2073          0          0  0.000e+00
  1024.9462     36.262     36.562    31.3740     5.2354          0          0  0.000e+00
  1024.9537     36.355     36.655    31.3869     5.2636          0          0  0.000e+00
  1024.9497     36.487     36.789    31.3852     5.2925          0          0  0.000e+00
  1024.9398     36.661     36.964    31.3751     5.3172          0          0  0.000e+00
  1024.9375     36.862     37.167    31.3737     5.3363          0          0  0.000e+00
  1024.9508     37.073     37.380    31.3917     5.3529          0          0  0.000e+00
  1024.9440     37.297     37.606    31.3846     5.3735          0          0  0.000e+00
  1024.9358     37.509     37.819    31.3755     5.3910          0          0  0.000e+00
  1024.9380     37.693     38.005    31.3787     5.4020          0          0  0.000e+00
  1024.9374     37.851     38.165    31.3783     5.4105          0          0  0.000e+00
  1024.9382     37.977     38.291    31.3795     5.4170          0          0  0.000e+00
  1024.9381     38.066     38.381    31.3797     5.4227          0          0  0.000e+00
  1024.9518     38.127     38.443    31.3974     5.4289          0          0  0.000e+00
  1024.9514     38.165     38.481    31.3983     5.4390          0          0  0.000e+00
  1024.9489     38.195     38.511    31.3965     5.4501          0          0  0.000e+00
  1024.9421     38.222     38.539    31.3893     5.4611          0          0  0.000e+00
  1024.9378     38.267     38.584    31.3847     5.4689          0          0  0.000e+00
  1024.9330     38.336     38.653    31.3790     5.4744          0          0  0.000e+00
  1024.9314     38.437     38.755    31.3768     5.4772          0          0  0.000e+00
  1024.9269     38.563     38.882    31.3706     5.4786          0          0  0.000e+00
  1024.9253     38.723     39.043    31.3674     5.4773          0          0  0.000e+00
  1024.9269     38.906     39.228    31.3680     5.4748          0          0  0.000e+00
  1024.9526     39.098     39.422    31.3992     5.4737          0          0  0.000e+00
  1024.9226     39.301     39.626    31.3607     5.4785          0          0  0.000e+00
  1024.8947     39.499     39.826    31.3226     5.4666          0          0  0.000e+00
  1024.8479     39.691     40.019    31.2570     5.4299          0          0  0.000e+00
  1024.8666     39.872     40.202    31.2704     5.3656          0          0  0.000e+00
  1024.8410     40.044     40.375    31.2274     5.2977          0          0  0.000e+00
  1024.8439     40.196     40.529    31.2176     5.2084          0          0  0.000e+00
  1024.9018     40.326     40.660    31.2743     5.0944          0          0  0.000e+00
  1024.9924     40.437     40.772    31.3739     4.9911          0          0  0.000e+00
  1025.0278     40.520     40.855    31.4099     4.9314          0          0  0.000e+00
  1025.0412     40.583     40.919    31.4210     4.8911          0          0  0.000e+00
  1025.0641     40.615     40.951    31.4448     4.8542          0          0  0.000e+00
  1025.0864     40.632     40.969    31.4692     4.8270          0          0  0.000e+00
  1025.0860     40.640     40.977    31.4665     4.8108          0          0  0.000e+00
  1025.0981     40.649     40.986    31.4796     4.7948          0          0  0.000e+00
  1025.0948     40.669     41.006    31.4735     4.7816          0          0  0.000e+00
  1025.0959     40.709     41.047    31.4726     4.7666          0          0  0.000e+00
  1025.1012     40.782     41.120    31.4766     4.7493          0          0  0.000e+00
  1025.1009     40.890     41.228    31.4733     4.7325          0          0  0.000e+00
  1025.1065     41.034     41.374    31.4771     4.7137          0          0  0.000e+00
  1025.1180     41.215     41.556    31.4880     4.6944          0          0  0.000e+00
  1025.1299     41.417     41.761    31.4996     4.6787          0          0  0.000e+00
  1025.1376     41.635     41.980    31.5067     4.6677          0          0  0.000e+00
  1025.1433     41.856     42.203    31.5115     4.6599          0          0  0.000e+00
  1025.1491     42.073     42.421    31.5167     4.6540          0          0  0.000e+00
  1025.1546     42.264     42.615    31.5220     4.6503          0          0  0.000e+00
  1025.1575     42.425     42.776    31.5246     4.6491          0          0  0.000e+00
  1025.1550     42.556     42.909    31.5206     4.6490          0          0  0.000e+00
  1025.1561     42.649     43.003    31.5211     4.6464          0          0  0.000e+00
  1025.1607     42.711     43.065    31.5261     4.6423          0          0  0.000e+00
  1025.1627     42.758     43.113    31.5279     4.6402          0          0  0.000e+00
  1025.1615     42.802     43.157    31.5260     4.6389          0          0  0.000e+00
  1025.1622     42.864     43.220    31.5263     4.6368          0          0  0.000e+00
  1025.1600     42.955     43.311    31.5227     4.6345          0          0  0.000e+00
  1025.1595     43.081     43.438    31.5207     4.6304          0          0  0.000e+00
  1025.1631     43.244     43.602    31.5236     4.6251          0          0  0.000e+00
  1025.1655     43.440     43.800    31.5249     4.6206          0          0  0.000e+00
  1025.1694     43.648     44.010    31.5281     4.6165          0          0  0.000e+00
  1025.1634     43.866     44.230    31.5187     4.6130          0          0  0.000e+00
  1025.1789     44.079     44.445    31.5355     4.6008          0          0  0.000e+00
  1025.1965     44.279     44.646    31.5538     4.5801          0          0  0.000e+00
  1025.2009     44.451     44.820    31.5558     4.5610          0          0  0.000e+00
  1025.2015     44.587     44.957    31.5528     4.5386          0          0  0.000e+00
  1025.2202     44.685     45.055    31.5725     4.5130          0          0  0.000e+00
  1025.2276     44.753     45.125    31.5790     4.4943          0          0  0.000e+00
  1025.2235     44.788     45.160    31.5713     4.4772          0          0  0.000e+00
  1025.2400     44.805     45.177    31.5892     4.4550          0          0  0.000e+00
  1025.2431     44.805     45.177    31.5911     4.4390          0          0  0.000e+00
  1025.2503     44.809     45.180    31.5983     4.4250          0          0  0.000e+00
