data/eDNA/PER-2021-171/171a025.cnv
* Sea-Bird SBE19plus  Data File:
* FileName = C:\Users\RSG_field\Ryan_2021_Perley\CTD\171a025.hex
* Software version 2.3.0 SB_Terminal.dll
* Temperature SN = 7141
* Conductivity SN = 7141
* System UpLoad Time = Aug 18 2021 13:34:36
* <ApplicationData>
* <SeatermAF>
** Platform: M. Perley
** Cruise: Per2021171
** Station:  SAB_01
** Cast: 01 1
** Latitude: N  45 50.281
** Longitude: W 60 08.986
** Sounding: 13.4
** Chief Scientist: Ryan Stanley
** Comment: 171a025
# nquan = 8
# nvalues = 1767                                  
# units = specified
# name 0 = density00: Density [density, kg/m^3]
# name 1 = depSM: Depth [salt water, m], lat = 45.00
# name 2 = prdM: Pressure, Strain Gauge [db]
# name 3 = sal00: Salinity, Practical [PSU]
# name 4 = tv290C: Temperature [ITS-90, deg C]
# name 5 = bpos: Bottle Position in Carousel
# name 6 = nbf: Bottles Fired
# name 7 = flag:  0.000e+00
# span 0 =   998.8529,  1023.5225                 
# span 1 =     -0.018,     13.915                 
# span 2 =     -0.018,     14.029                 
# span 3 =     0.0091,    30.5711                 
# span 4 =     9.7329,    18.2761                 
# span 5 =          0,          3                 
# span 6 =          0,          3                 
# span 7 = 0.0000e+00, 0.0000e+00                 
# interval = seconds: 0.25
# start_time = Aug 18 2021 16:24:39 [Instrument's time stamp, header]
# bad_flag = -9.990e-29
*END*
[from data line 899]
  1023.4539     13.797     13.910    30.4179     9.9131          0          0  0.000e+00
  1023.4550     13.801     13.915    30.4157     9.8954          0          0  0.000e+00
  1023.4665     13.803     13.917    30.4262     9.8748          0          0  0.000e+00
  1023.4720     13.804     13.918    30.4296     9.8570          0          0  0.000e+00
  1023.4880     13.806     13.919    30.4465     9.8399          0          0  0.000e+00
  1023.4855     13.809     13.922    30.4418     9.8322          0          0  0.000e+00
  1023.4829     13.812     13.925    30.4369     9.8247          0          0  0.000e+00
  1023.4870     13.814     13.928    30.4398     9.8135          0          0  0.000e+00
  1023.4924     13.815     13.929    30.4446     9.8029          0          0  0.000e+00
  1023.5023     13.819     13.933    30.4555     9.7945          0          0  0.000e+00
  1023.5107     13.825     13.938    30.4657     9.7917          0          0  0.000e+00
  1023.5068     13.828     13.941    30.4615     9.7960          0          0  0.000e+00
  1023.5018     13.832     13.946    30.4560     9.8002          0          0  0.000e+00
  1023.4973     13.835     13.949    30.4505     9.8020          0          0  0.000e+00
  1023.4986     13.839     13.953    30.4519     9.8009          0          0  0.000e+00
  1023.5054     13.842     13.955    30.4607     9.8011          0          0  0.000e+00
  1023.5107     13.841     13.954    30.4687     9.8070          0          0  0.000e+00
  1023.5115     13.845     13.959    30.4724     9.8199          0          0  0.000e+00
  1023.5026     13.844     13.957    30.4645     9.8376          0          0  0.000e+00
  1023.4894     13.843     13.956    30.4507     9.8522          0          0  0.000e+00
  1023.4852     13.842     13.955    30.4473     9.8619          0          0  0.000e+00
  1023.4720     13.841     13.954    30.4316     9.8680          0          0  0.000e+00
  1023.4630     13.839     13.953    30.4197     9.8662          0          0  0.000e+00
  1023.4623     13.838     13.952    30.4168     9.8563          0          0  0.000e+00
  1023.4718     13.837     13.951    30.4260     9.8422          0          0  0.000e+00
  1023.4732     13.836     13.950    30.4257     9.8319          0          0  0.000e+00
  1023.4823     13.836     13.950    30.4356     9.8225          0          0  0.000e+00
  1023.4988     13.836     13.950    30.4557     9.8180          0          0  0.000e+00
  1023.5059     13.835     13.949    30.4665     9.8263          0          0  0.000e+00
  1023.4917     13.836     13.950    30.4521     9.8442          0          0  0.000e+00
  1023.5006     13.837     13.951    30.4664     9.8590          0          0  0.000e+00
  1023.4809     13.838     13.952    30.4453     9.8791          0          0  0.000e+00
  1023.4568     13.838     13.952    30.4170     9.8918          0          0  0.000e+00
  1023.4490     13.835     13.949    30.4062     9.8879          0          0  0.000e+00
  1023.4751     13.835     13.949    30.4375     9.8768          0          0  0.000e+00
  1023.4633     13.835     13.949    30.4223     9.8772          0          0  0.000e+00
  1023.4728     13.836     13.950    30.4342     9.8752          0          0  0.000e+00
  1023.4699     13.834     13.948    30.4306     9.8758          0          0  0.000e+00
  1023.4620     13.834     13.948    30.4207     9.8767          0          0  0.000e+00
  1023.4784     13.834     13.948    30.4410     9.8736          0          0  0.000e+00
  1023.4701     13.837     13.951    30.4313     9.8782          0          0  0.000e+00
  1023.4570     13.838     13.952    30.4151     9.8811          0          0  0.000e+00
  1023.4620     13.843     13.956    30.4203     9.8754          0          0  0.000e+00
  1023.4678     13.845     13.959    30.4269     9.8712          0          0  0.000e+00
  1023.4527     13.848     13.962    30.4070     9.8694          0          0  0.000e+00
  1023.4547     13.851     13.965    30.4071     9.8573          0          0  0.000e+00
  1023.4631     13.853     13.967    30.4151     9.8437          0          0  0.000e+00
  1023.4719     13.855     13.969    30.4238     9.8314          0          0  0.000e+00
  1023.4751     13.857     13.971    30.4261     9.8221          0          0  0.000e+00
  1023.4767     13.861     13.975    30.4270     9.8166          0          0  0.000e+00
  1023.4687     13.863     13.977    30.4159     9.8125          0          0  0.000e+00
  1023.4672     13.869     13.983    30.4114     9.8002          0          0  0.000e+00
  1023.4850     13.871     13.985    30.4303     9.7808          0          0  0.000e+00
  1023.4915     13.875     13.989    30.4363     9.7698          0          0  0.000e+00
  1023.4903     13.879     13.993    30.4332     9.7626          0          0  0.000e+00
  1023.4934     13.884     13.998    30.4353     9.7534          0          0  0.000e+00
  1023.4995     13.887     14.001    30.4413     9.7444          0          0  0.000e+00
  1023.5063     13.889     14.003    30.4488     9.7382          0          0  0.000e+00
  1023.5075     13.891     14.006    30.4499     9.7364          0          0  0.000e+00
  1023.5073     13.891     14.006    30.4491     9.7341          0          0  0.000e+00
  1023.5103     13.890     14.004    30.4528     9.7329          0          0  0.000e+00
  1023.5149     13.886     14.000    30.4589     9.7336          0          0  0.000e+00
  1023.5196     13.883     13.997    30.4659     9.7382          0          0  0.000e+00
  1023.5225     13.878     13.992    30.4715     9.7474          0          0  0.000e+00
  1023.5157     13.873     13.987    30.4654     9.7604          0          0  0.000e+00
  1023.5149     13.867     13.981    30.4672     9.7737          0          0  0.000e+00
  1023.5096     13.861     13.974    30.4633     9.7877          0          0  0.000e+00
  1023.5013     13.852     13.966    30.4555     9.8014          0          0  0.000e+00
  1023.4946     13.847     13.961    30.4491     9.8121          0          0  0.000e+00
  1023.4941     13.840     13.954    30.4503     9.8208          0          0  0.000e+00
  1023.4873     13.837     13.951    30.4435     9.8305          0          0  0.000e+00
  1023.4809     13.834     13.948    30.4370     9.8381          0          0  0.000e+00
  1023.4736     13.834     13.948    30.4287     9.8434          0          0  0.000e+00
  1023.4710     13.837     13.951    30.4253     9.8435          0          0  0.000e+00
  1023.4672     13.842     13.955    30.4201     9.8417          0          0  0.000e+00
  1023.4723     13.852     13.966    30.4257     9.8374          0          0  0.000e+00
  1023.4736     13.862     13.976    30.4273     9.8374          0          0  0.000e+00
  1023.4717     13.870     13.984    30.4253     9.8396          0          0  0.000e+00
  1023.4727     13.879     13.993    30.4267     9.8411          0          0  0.000e+00
  1023.4737     13.884     13.998    30.4287     9.8444          0          0  0.000e+00
  1023.4807     13.888     14.002    30.4380     9.8464          0          0  0.000e+00
  1023.4804     13.895     14.009    30.4391     9.8533          0          0  0.000e+00
  1023.4687     13.897     14.011    30.4259     9.8623          0          0  0.000e+00
  1023.4634     13.897     14.011    30.4197     9.8652          0          0  0.000e+00
  1023.4681     13.893     14.008    30.4256     9.8645          0          0  0.000e+00
  1023.4714     13.889     14.003    30.4301     9.8660          0          0  0.000e+00
  1023.4703     13.881     13.995    30.4298     9.8708          0          0  0.000e+00
  1023.4749     13.873     13.987    30.4369     9.8767          0          0  0.000e+00
  1023.4740     13.868     13.982    30.4377     9.8859          0          0  0.000e+00
  1023.4690     13.860     13.973    30.4339     9.8984          0          0  0.000e+00
  1023.4611     13.849     13.963    30.4262     9.9097          0          0  0.000e+00
  1023.4549     13.841     13.955    30.4200     9.9182          0          0  0.000e+00
  1023.4525     13.837     13.951    30.4182     9.9239          0          0  0.000e+00
  1023.4487     13.836     13.950    30.4142     9.9281          0          0  0.000e+00
  1023.4418     13.836     13.950    30.4059     9.9311          0          0  0.000e+00
  1023.4463     13.840     13.954    30.4117     9.9313          0          0  0.000e+00
  1023.4499     13.846     13.959    30.4167     9.9335          0          0  0.000e+00
  1023.4415     13.852     13.966    30.4070     9.9386          0          0  0.000e+00
  1023.4401     13.863     13.977    30.4056     9.9409          0          0  0.000e+00
  1023.4387     13.873     13.987    30.4037     9.9410          0          0  0.000e+00
  1023.4355     13.884     13.998    30.3994     9.9403          0          0  0.000e+00
  1023.4287     13.894     14.009    30.3902     9.9376          0          0  0.000e+00
  1023.4353     13.903     14.017    30.3969     9.9301          0          0  0.000e+00
  1023.4328     13.909     14.024    30.3922     9.9228          0          0  0.000e+00
  1023.4273     13.914     14.028    30.3830     9.9124          0          0  0.000e+00
  1023.4363     13.915     14.029    30.3911     9.8957          0          0  0.000e+00
  1023.4538     13.915     14.029    30.4104     9.8804          0          0  0.000e+00
  1023.4706     13.911     14.026    30.4306     9.8737          0          0  0.000e+00
  1023.4763     13.906     14.020    30.4393     9.8803          0          0  0.000e+00
  1023.4697     13.898     14.012    30.4338     9.8947          0          0  0.000e+00
  1023.4637     13.891     14.005    30.4287     9.9072          0          0  0.000e+00
  1023.4590     13.881     13.995    30.4250     9.9181          0          0  0.000e+00
  1023.4554     13.874     13.988    30.4225     9.9280          0          0  0.000e+00
  1023.4546     13.868     13.982    30.4234     9.9370          0          0  0.000e+00
  1023.4465     13.863     13.977    30.4149     9.9466          0          0  0.000e+00
  1023.4364     13.858     13.972    30.4032     9.9523          0          0  0.000e+00
  1023.4330     13.856     13.970    30.3988     9.9523          0          0  0.000e+00
  1023.4315     13.857     13.971    30.3960     9.9482          0          0  0.000e+00
  1023.4362     13.856     13.970    30.4009     9.9424          0          0  0.000e+00
  1023.4130     13.856     13.970    30.3704     9.9384          0          0  0.000e+00
  1023.4320     13.858     13.972    30.3913     9.9219          0          0  0.000e+00
  1023.4415     13.862     13.975    30.4008     9.9089          0          0  0.000e+00
  1023.4238     13.859     13.973    30.3764     9.9008          0          0  0.000e+00
  1023.4456     13.862     13.975    30.4007     9.8828          0          0  0.000e+00
  1023.4563     13.863     13.977    30.4119     9.8710          0          0  0.000e+00
  1023.4535     13.861     13.974    30.4076     9.8669          0          0  0.000e+00
  1023.4590     13.861     13.974    30.4132     9.8603          0          0  0.000e+00
  1023.4632     13.859     13.973    30.4178     9.8559          0          0  0.000e+00
  1023.4722     13.859     13.973    30.4290     9.8547          0          0  0.000e+00
  1023.4765     13.858     13.972    30.4357     9.8603          0          0  0.000e+00
  1023.4735     13.859     13.973    30.4341     9.8716          0          0  0.000e+00
  1023.4701     13.863     13.977    30.4323     9.8839          0          0  0.000e+00
  1023.4664     13.868     13.982    30.4301     9.8959          0          0  0.000e+00
  1023.4607     13.871     13.985    30.4252     9.9082          0          0  0.000e+00
  1023.4512     13.877     13.992    30.4152     9.9194          0          0  0.000e+00
  1023.4416     13.882     13.996    30.4043     9.9256          0          0  0.000e+00
  1023.4417     13.888     14.002    30.4044     9.9259          0          0  0.000e+00
  1023.4416     13.893     14.008    30.4041     9.9250          0          0  0.000e+00
  1023.4412     13.897     14.011    30.4035     9.9247          0          0  0.000e+00
  1023.4436     13.903     14.017    30.4064     9.9242          0          0  0.000e+00
  1023.4471     13.903     14.017    30.4111     9.9251          0          0  0.000e+00
  1023.4483     13.903     14.017    30.4134     9.9288          0          0  0.000e+00
  1023.4460     13.904     14.018    30.4116     9.9345          0          0  0.000e+00
  1023.4403     13.901     14.015    30.4054     9.9400          0          0  0.000e+00
  1023.4347     13.895     14.010    30.3988     9.9427          0          0  0.000e+00
  1023.4342     13.891     14.005    30.3980     9.9417          0          0  0.000e+00
  1023.4396     13.882     13.996    30.4046     9.9395          0          0  0.000e+00
  1023.4383     13.875     13.989    30.4030     9.9401          0          0  0.000e+00
  1023.4380     13.868     13.982    30.4028     9.9406          0          0  0.000e+00
  1023.4449     13.859     13.973    30.4118     9.9413          0          0  0.000e+00
  1023.4453     13.854     13.968    30.4136     9.9467          0          0  0.000e+00
  1023.4419     13.849     13.963    30.4106     9.9539          0          0  0.000e+00
  1023.4388     13.849     13.963    30.4080     9.9606          0          0  0.000e+00
  1023.4318     13.848     13.962    30.4001     9.9656          0          0  0.000e+00
  1023.4270     13.852     13.966    30.3945     9.9686          0          0  0.000e+00
  1023.4289     13.854     13.968    30.3970     9.9686          0          0  0.000e+00
  1023.4319     13.858     13.972    30.4009     9.9688          0          0  0.000e+00
  1023.4302     13.864     13.978    30.3991     9.9711          0          0  0.000e+00
  1023.4276     13.872     13.986    30.3962     9.9732          0          0  0.000e+00
  1023.4284     13.877     13.991    30.3974     9.9743          0          0  0.000e+00
  1023.4294     13.886     14.000    30.3990     9.9759          0          0  0.000e+00
  1023.4265     13.889     14.003    30.3958     9.9787          0          0  0.000e+00
  1023.4246     13.893     14.007    30.3935     9.9799          0          0  0.000e+00
  1023.4255     13.893     14.007    30.3947     9.9798          0          0  0.000e+00
  1023.4266     13.892     14.006    30.3961     9.9794          0          0  0.000e+00
  1023.4259     13.890     14.004    30.3952     9.9797          0          0  0.000e+00
  1023.4241     13.886     14.000    30.3930     9.9798          0          0  0.000e+00
  1023.4262     13.880     13.994    30.3956     9.9794          0          0  0.000e+00
  1023.4284     13.881     13.995    30.3986     9.9801          0          0  0.000e+00
  1023.4298     13.877     13.991    30.4010     9.9829          0          0  0.000e+00
  1023.4281     13.876     13.990    30.3996     9.9866          0          0  0.000e+00
  1023.4238     13.875     13.989    30.3947     9.9895          0          0  0.000e+00
  1023.4251     13.873     13.987    30.3966     9.9910          0          0  0.000e+00
  1023.4211     13.870     13.984    30.3918     9.9924          0          0  0.000e+00
  1023.4197     13.868     13.982    30.3900     9.9921          0          0  0.000e+00
  1023.4187     13.868     13.982    30.3884     9.9907          0          0  0.000e+00
  1023.4224     13.868     13.982    30.3928     9.9887          0          0  0.000e+00
  1023.4240     13.868     13.982    30.3946     9.9880          0          0  0.000e+00
  1023.4246     13.870     13.984    30.3955     9.9889          0          0  0.000e+00
