data/eDNA/PER-2021-171/171a005.cnv
* Sea-Bird SBE19plus  Data File:
* FileName = C:\Users\RSG_field\Ryan_2021_Perley\CTD\171a005.hex
* Software version 2.3.0 SB_Terminal.dll
* Temperature SN = 7141
* Conductivity SN = 7141
* System UpLoad Time = Aug 09 2021 15:45:08
* <ApplicationData>
* <SeatermAF>
** Platform: M. Perley
** Cruise: Per2021171
** Station:  ESI_06
** Cast: 01 01
** Latitude: N  44 46.312
** Longitude: W 62 26.113
** Sounding: 36.5
** Chief Scientist: Ryan Stanley
** Comment: 171a005
** Also GC_03
# nquan = 8
# nvalues = 2377                                  
# units = specified
# name 0 = density00: Density [density, kg/m^3]
# name 1 = depSM: Depth [salt water, m], lat = 45.00
# name 2 = prdM: Pressure, Strain Gauge [db]
# name 3 = sal00: Salinity, Practical [PSU]
# name 4 = tv290C: Temperature [ITS-90, deg C]
# name 5 = bpos: Bottle Position in Carousel
# name 6 = nbf: Bottles Fired
# name 7 = flag:  0.000e+00
# span 0 =   998.7823,  1024.3320                 
# span 1 =      0.017,     30.341                 
# span 2 =      0.017,     30.591                 
# span 3 =     0.0000,    31.7320                 
# span 4 =     6.7976,    17.7832                 
# span 5 =          0,          4                 
# span 6 =          0,          4                 
# span 7 = 0.0000e+00, 0.0000e+00                 
# interval = seconds: 0.25
# start_time = Aug 09 2021 18:30:03 [Instrument's time stamp, header]
# bad_flag = -9.990e-29
*END*
[from data line 360]
  1021.9906      1.815      1.830    30.6283    17.7681          0          0  0.000e+00
  1021.9905      1.796      1.810    30.6285    17.7683          0          0  0.000e+00
  1021.9897      1.749      1.763    30.6277    17.7684          0          0  0.000e+00
  1021.9893      1.679      1.693    30.6276    17.7682          0          0  0.000e+00
  1021.9889      1.600      1.613    30.6273    17.7677          0          0  0.000e+00
  1021.9882      1.530      1.542    30.6267    17.7672          0          0  0.000e+00
  1021.9889      1.518      1.530    30.6273    17.7661          0          0  0.000e+00
  1021.9906      1.570      1.583    30.6290    17.7654          0          0  0.000e+00
  1021.9917      1.669      1.683    30.6300    17.7659          0          0  0.000e+00
  1021.9919      1.800      1.815    30.6298    17.7671          0          0  0.000e+00
  1021.9926      1.938      1.954    30.6303    17.7681          0          0  0.000e+00
  1021.9923      2.052      2.069    30.6296    17.7693          0          0  0.000e+00
  1021.9917      2.143      2.161    30.6286    17.7700          0          0  0.000e+00
  1021.9909      2.203      2.221    30.6273    17.7703          0          0  0.000e+00
  1021.9912      2.233      2.252    30.6273    17.7698          0          0  0.000e+00
  1021.9916      2.230      2.248    30.6276    17.7692          0          0  0.000e+00
  1021.9919      2.195      2.213    30.6280    17.7687          0          0  0.000e+00
  1021.9920      2.135      2.152    30.6286    17.7687          0          0  0.000e+00
  1021.9914      2.065      2.082    30.6282    17.7688          0          0  0.000e+00
  1021.9904      1.996      2.012    30.6273    17.7688          0          0  0.000e+00
  1021.9906      1.927      1.943    30.6277    17.7681          0          0  0.000e+00
  1021.9906      1.856      1.871    30.6280    17.7678          0          0  0.000e+00
  1021.9905      1.780      1.794    30.6283    17.7676          0          0  0.000e+00
  1021.9903      1.705      1.719    30.6284    17.7676          0          0  0.000e+00
  1021.9898      1.640      1.653    30.6282    17.7676          0          0  0.000e+00
  1021.9895      1.579      1.592    30.6281    17.7675          0          0  0.000e+00
  1021.9893      1.535      1.547    30.6281    17.7675          0          0  0.000e+00
  1021.9887      1.524      1.537    30.6273    17.7674          0          0  0.000e+00
  1021.9895      1.545      1.558    30.6282    17.7669          0          0  0.000e+00
  1021.9908      1.595      1.608    30.6296    17.7668          0          0  0.000e+00
  1021.9908      1.672      1.685    30.6293    17.7675          0          0  0.000e+00
  1021.9907      1.760      1.774    30.6289    17.7682          0          0  0.000e+00
  1021.9914      1.848      1.863    30.6294    17.7685          0          0  0.000e+00
  1021.9915      1.928      1.944    30.6293    17.7693          0          0  0.000e+00
  1021.9915      1.992      2.008    30.6292    17.7699          0          0  0.000e+00
  1021.9911      2.036      2.053    30.6285    17.7704          0          0  0.000e+00
  1021.9911      2.063      2.080    30.6284    17.7705          0          0  0.000e+00
  1021.9911      2.067      2.084    30.6284    17.7705          0          0  0.000e+00
  1021.9910      2.056      2.073    30.6282    17.7704          0          0  0.000e+00
  1021.9908      2.046      2.062    30.6280    17.7705          0          0  0.000e+00
  1021.9908      2.035      2.052    30.6281    17.7704          0          0  0.000e+00
  1021.9905      2.025      2.041    30.6278    17.7704          0          0  0.000e+00
  1021.9903      2.013      2.029    30.6273    17.7698          0          0  0.000e+00
  1021.9905      2.002      2.019    30.6275    17.7692          0          0  0.000e+00
  1021.9907      1.991      2.007    30.6276    17.7684          0          0  0.000e+00
  1021.9909      1.963      1.979    30.6279    17.7679          0          0  0.000e+00
  1021.9912      1.925      1.941    30.6284    17.7675          0          0  0.000e+00
  1021.9919      1.885      1.900    30.6296    17.7676          0          0  0.000e+00
  1021.9920      1.836      1.851    30.6301    17.7683          0          0  0.000e+00
  1021.9910      1.781      1.795    30.6295    17.7693          0          0  0.000e+00
  1021.9904      1.726      1.740    30.6292    17.7699          0          0  0.000e+00
  1021.9889      1.674      1.687    30.6276    17.7702          0          0  0.000e+00
  1021.9883      1.640      1.653    30.6269    17.7694          0          0  0.000e+00
  1021.9889      1.638      1.651    30.6274    17.7684          0          0  0.000e+00
  1021.9905      1.656      1.669    30.6290    17.7677          0          0  0.000e+00
  1021.9915      1.683      1.697    30.6304    17.7681          0          0  0.000e+00
  1021.9914      1.713      1.727    30.6304    17.7692          0          0  0.000e+00
  1021.9905      1.737      1.751    30.6295    17.7704          0          0  0.000e+00
  1021.9898      1.761      1.775    30.6286    17.7710          0          0  0.000e+00
  1021.9898      1.793      1.808    30.6284    17.7710          0          0  0.000e+00
  1021.9897      1.826      1.841    30.6281    17.7709          0          0  0.000e+00
  1021.9868      1.868      1.883    30.6238    17.7701          0          0  0.000e+00
  1021.9848      1.942      1.958    30.6197    17.7671          0          0  0.000e+00
  1021.9868      2.039      2.056    30.6200    17.7611          0          0  0.000e+00
  1021.9891      2.133      2.150    30.6206    17.7554          0          0  0.000e+00
  1021.9901      2.196      2.214    30.6200    17.7500          0          0  0.000e+00
  1021.9956      2.234      2.253    30.6251    17.7442          0          0  0.000e+00
  1021.9997      2.237      2.255    30.6297    17.7418          0          0  0.000e+00
  1021.9982      2.196      2.214    30.6280    17.7421          0          0  0.000e+00
  1021.9978      2.115      2.132    30.6278    17.7416          0          0  0.000e+00
  1021.9988      2.010      2.026    30.6297    17.7411          0          0  0.000e+00
  1021.9982      1.881      1.897    30.6297    17.7417          0          0  0.000e+00
  1021.9965      1.751      1.765    30.6285    17.7421          0          0  0.000e+00
  1021.9969      1.638      1.651    30.6296    17.7421          0          0  0.000e+00
  1021.9982      1.571      1.584    30.6319    17.7428          0          0  0.000e+00
  1021.9983      1.557      1.570    30.6328    17.7449          0          0  0.000e+00
  1021.9999      1.589      1.602    30.6356    17.7478          0          0  0.000e+00
  1021.9935      1.649      1.663    30.6282    17.7520          0          0  0.000e+00
  1021.9939      1.728      1.742    30.6284    17.7525          0          0  0.000e+00
  1021.9943      1.798      1.812    30.6284    17.7523          0          0  0.000e+00
  1021.9947      1.837      1.852    30.6288    17.7524          0          0  0.000e+00
  1021.9941      1.842      1.857    30.6280    17.7526          0          0  0.000e+00
  1021.9944      1.827      1.842    30.6284    17.7524          0          0  0.000e+00
  1021.9950      1.796      1.810    30.6294    17.7527          0          0  0.000e+00
  1021.9948      1.757      1.772    30.6296    17.7532          0          0  0.000e+00
  1021.9948      1.736      1.750    30.6300    17.7543          0          0  0.000e+00
  1021.9950      1.750      1.764    30.6305    17.7551          0          0  0.000e+00
  1021.9966      1.833      1.848    30.6326    17.7566          0          0  0.000e+00
  1021.9936      1.978      1.994    30.6286    17.7589          0          0  0.000e+00
  1021.9934      2.122      2.139    30.6275    17.7591          0          0  0.000e+00
  1021.9943      2.218      2.237    30.6280    17.7586          0          0  0.000e+00
  1021.9944      2.251      2.270    30.6278    17.7585          0          0  0.000e+00
  1021.9946      2.236      2.255    30.6281    17.7582          0          0  0.000e+00
  1021.9944      2.182      2.200    30.6281    17.7579          0          0  0.000e+00
  1021.9938      2.076      2.093    30.6279    17.7577          0          0  0.000e+00
  1021.9930      1.913      1.929    30.6277    17.7576          0          0  0.000e+00
  1021.9923      1.713      1.727    30.6278    17.7572          0          0  0.000e+00
  1021.9921      1.528      1.541    30.6285    17.7567          0          0  0.000e+00
  1021.9921      1.426      1.437    30.6290    17.7564          0          0  0.000e+00
  1021.9920      1.415      1.427    30.6291    17.7569          0          0  0.000e+00
  1021.9922      1.471      1.483    30.6291    17.7573          0          0  0.000e+00
  1021.9919      1.577      1.590    30.6283    17.7575          0          0  0.000e+00
  1021.9928      1.700      1.714    30.6287    17.7574          0          0  0.000e+00
  1022.0001      1.815      1.829    30.6378    17.7582          0          0  0.000e+00
  1021.9983      1.904      1.919    30.6364    17.7629          0          0  0.000e+00
  1021.9941      1.962      1.978    30.6321    17.7679          0          0  0.000e+00
  1021.9913      1.985      2.001    30.6290    17.7703          0          0  0.000e+00
  1021.9907      1.980      1.996    30.6285    17.7712          0          0  0.000e+00
  1021.9899      1.946      1.962    30.6278    17.7714          0          0  0.000e+00
  1021.9895      1.897      1.913    30.6274    17.7711          0          0  0.000e+00
  1021.9901      1.857      1.872    30.6283    17.7708          0          0  0.000e+00
  1021.9904      1.844      1.859    30.6287    17.7705          0          0  0.000e+00
  1021.9901      1.869      1.884    30.6282    17.7705          0          0  0.000e+00
  1021.9900      1.923      1.938    30.6277    17.7704          0          0  0.000e+00
  1021.9908      1.970      1.987    30.6283    17.7699          0          0  0.000e+00
  1021.9912      2.000      2.016    30.6286    17.7697          0          0  0.000e+00
  1021.9915      2.011      2.027    30.6289    17.7699          0          0  0.000e+00
  1021.9918      2.001      2.018    30.6296    17.7704          0          0  0.000e+00
  1021.9921      1.965      1.981    30.6303    17.7710          0          0  0.000e+00
  1021.9916      1.908      1.923    30.6304    17.7720          0          0  0.000e+00
  1021.9905      1.842      1.857    30.6298    17.7732          0          0  0.000e+00
  1021.9892      1.782      1.796    30.6286    17.7741          0          0  0.000e+00
  1021.9883      1.754      1.769    30.6276    17.7742          0          0  0.000e+00
  1021.9887      1.766      1.780    30.6279    17.7735          0          0  0.000e+00
  1021.9886      1.801      1.816    30.6274    17.7731          0          0  0.000e+00
  1021.9896      1.845      1.860    30.6283    17.7724          0          0  0.000e+00
  1021.9904      1.878      1.894    30.6290    17.7722          0          0  0.000e+00
  1021.9884      1.893      1.908    30.6263    17.7720          0          0  0.000e+00
  1021.9871      1.893      1.908    30.6242    17.7704          0          0  0.000e+00
  1021.9888      1.872      1.887    30.6256    17.7679          0          0  0.000e+00
  1021.9892      1.825      1.840    30.6258    17.7657          0          0  0.000e+00
  1021.9898      1.768      1.782    30.6263    17.7637          0          0  0.000e+00
  1021.9899      1.712      1.726    30.6262    17.7620          0          0  0.000e+00
  1021.9904      1.670      1.684    30.6265    17.7603          0          0  0.000e+00
  1021.9912      1.647      1.661    30.6272    17.7587          0          0  0.000e+00
  1021.9920      1.653      1.667    30.6279    17.7576          0          0  0.000e+00
  1021.9925      1.693      1.707    30.6282    17.7569          0          0  0.000e+00
  1021.9929      1.764      1.778    30.6281    17.7565          0          0  0.000e+00
  1021.9971      1.866      1.882    30.6330    17.7564          0          0  0.000e+00
  1022.0001      1.976      1.992    30.6371    17.7593          0          0  0.000e+00
  1021.9971      2.084      2.101    30.6341    17.7640          0          0  0.000e+00
  1021.9930      2.174      2.192    30.6293    17.7676          0          0  0.000e+00
  1021.9886      2.232      2.250    30.6231    17.7674          0          0  0.000e+00
  1021.9908      2.253      2.272    30.6248    17.7639          0          0  0.000e+00
  1021.9955      2.230      2.248    30.6305    17.7619          0          0  0.000e+00
  1021.9941      2.162      2.180    30.6293    17.7627          0          0  0.000e+00
  1021.9936      2.052      2.069    30.6294    17.7632          0          0  0.000e+00
  1021.9932      1.911      1.927    30.6299    17.7637          0          0  0.000e+00
  1021.9924      1.762      1.776    30.6300    17.7646          0          0  0.000e+00
  1021.9917      1.614      1.627    30.6301    17.7653          0          0  0.000e+00
  1021.9904      1.495      1.508    30.6294    17.7663          0          0  0.000e+00
  1021.9896      1.426      1.437    30.6289    17.7668          0          0  0.000e+00
  1021.9899      1.403      1.415    30.6295    17.7670          0          0  0.000e+00
  1021.9898      1.419      1.431    30.6294    17.7675          0          0  0.000e+00
  1021.9907      1.456      1.468    30.6307    17.7681          0          0  0.000e+00
  1021.9912      1.513      1.526    30.6314    17.7694          0          0  0.000e+00
  1021.9897      1.587      1.600    30.6295    17.7710          0          0  0.000e+00
  1021.9893      1.672      1.686    30.6286    17.7715          0          0  0.000e+00
  1021.9905      1.764      1.778    30.6297    17.7717          0          0  0.000e+00
  1021.9914      1.855      1.870    30.6305    17.7723          0          0  0.000e+00
  1021.9910      1.959      1.975    30.6298    17.7735          0          0  0.000e+00
  1021.9915      2.065      2.082    30.6300    17.7742          0          0  0.000e+00
  1021.9907      2.175      2.193    30.6285    17.7749          0          0  0.000e+00
  1021.9912      2.281      2.300    30.6286    17.7749          0          0  0.000e+00
  1021.9915      2.366      2.385    30.6285    17.7748          0          0  0.000e+00
  1021.9918      2.400      2.419    30.6285    17.7746          0          0  0.000e+00
  1021.9916      2.371      2.390    30.6285    17.7747          0          0  0.000e+00
  1021.9912      2.281      2.300    30.6284    17.7744          0          0  0.000e+00
  1021.9906      2.151      2.168    30.6282    17.7740          0          0  0.000e+00
  1021.9897      1.983      1.999    30.6281    17.7739          0          0  0.000e+00
  1021.9888      1.782      1.796    30.6279    17.7735          0          0  0.000e+00
  1021.9884      1.571      1.584    30.6284    17.7729          0          0  0.000e+00
  1021.9879      1.402      1.414    30.6287    17.7726          0          0  0.000e+00
  1021.9875      1.317      1.328    30.6286    17.7725          0          0  0.000e+00
  1021.9879      1.324      1.335    30.6291    17.7726          0          0  0.000e+00
  1021.9887      1.398      1.409    30.6297    17.7726          0          0  0.000e+00
  1021.9886      1.471      1.483    30.6294    17.7732          0          0  0.000e+00
  1021.9883      1.537      1.549    30.6287    17.7735          0          0  0.000e+00
  1021.9872      1.579      1.592    30.6270    17.7734          0          0  0.000e+00
