data/eDNA/PER-2021-171/171a002.cnv
* Sea-Bird SBE19plus  Data File:
* FileName = C:\Users\RSG_field\Ryan_2021_Perley\CTD\171a002.hex
* Software version 2.3.0 SB_Terminal.dll
* Temperature SN = 7141
* Conductivity SN = 7141
* System UpLoad Time = Aug 09 2021 08:55:26
* <ApplicationData>
* <SeatermAF>
** Platform: M. Perley
** Cruise: Per2021171
** Station:  ESI-08
** Cast: 01
** Latitude: N  44 40.1412
** Longitude: W 62 20.7438
** Sounding: 111
** Chief Scientist: Ryan Stanley
** Comment: Also GC_5
** same station as GC_5
# nquan = 8
# nvalues = 4902                                  
# units = specified
# name 0 = density00: Density [density, kg/m^3]
# name 1 = depSM: Depth [salt water, m], lat = 45.00
# name 2 = prdM: Pressure, Strain Gauge [db]
# name 3 = sal00: Salinity, Practical [PSU]
# name 4 = tv290C: Temperature [ITS-90, deg C]
# name 5 = bpos: Bottle Position in Carousel
# name 6 = nbf: Bottles Fired
# name 7 = flag:  0.000e+00
# span 0 =   998.7498,  1026.5022                 
# span 1 =      0.020,     99.015                 
# span 2 =      0.020,     99.849                 
# span 3 =     0.0000,    32.8124                 
# span 4 =     3.0905,    17.7348                 
# span 5 =          0,          6                 
# span 6 =          0,          6                 
# span 7 = 0.0000e+00, 0.0000e+00                 
# interval = seconds: 0.25
# start_time = Aug 09 2021 11:31:42 [Instrument's time stamp, header]
# bad_flag = -9.990e-29
*END*
[from data line 1978]
  1026.4795     98.518     99.348    32.7842     4.0794          0          0  0.000e+00
  1026.4800     98.598     99.429    32.7849     4.0837          0          0  0.000e+00
  1026.4816     98.633     99.464    32.7872     4.0874          0          0  0.000e+00
  1026.4819     98.630     99.461    32.7882     4.0915          0          0  0.000e+00
  1026.4782     98.585     99.416    32.7843     4.0952          0          0  0.000e+00
  1026.4772     98.507     99.337    32.7838     4.0976          0          0  0.000e+00
  1026.4753     98.403     99.232    32.7821     4.0993          0          0  0.000e+00
  1026.4740     98.281     99.109    32.7815     4.1005          0          0  0.000e+00
  1026.4727     98.152     98.979    32.7806     4.1014          0          0  0.000e+00
  1026.4709     98.026     98.852    32.7792     4.1019          0          0  0.000e+00
  1026.4696     97.914     98.739    32.7782     4.1019          0          0  0.000e+00
  1026.4660     97.816     98.640    32.7743     4.1014          0          0  0.000e+00
  1026.4632     97.736     98.559    32.7709     4.0995          0          0  0.000e+00
  1026.4608     97.677     98.500    32.7679     4.0967          0          0  0.000e+00
  1026.4579     97.640     98.463    32.7640     4.0932          0          0  0.000e+00
  1026.4583     97.623     98.446    32.7640     4.0887          0          0  0.000e+00
  1026.4578     97.623     98.446    32.7628     4.0845          0          0  0.000e+00
  1026.4592     97.639     98.462    32.7640     4.0803          0          0  0.000e+00
  1026.4618     97.673     98.496    32.7665     4.0769          0          0  0.000e+00
  1026.4640     97.724     98.547    32.7688     4.0746          0          0  0.000e+00
  1026.4658     97.786     98.609    32.7706     4.0736          0          0  0.000e+00
  1026.4700     97.860     98.684    32.7754     4.0732          0          0  0.000e+00
  1026.4757     97.942     98.767    32.7821     4.0743          0          0  0.000e+00
  1026.4805     98.028     98.854    32.7881     4.0778          0          0  0.000e+00
  1026.4827     98.122     98.948    32.7910     4.0830          0          0  0.000e+00
  1026.4828     98.215     99.043    32.7913     4.0888          0          0  0.000e+00
  1026.4795     98.308     99.137    32.7873     4.0940          0          0  0.000e+00
  1026.4801     98.399     99.228    32.7880     4.0974          0          0  0.000e+00
  1026.4799     98.483     99.313    32.7876     4.1006          0          0  0.000e+00
  1026.4785     98.559     99.389    32.7857     4.1029          0          0  0.000e+00
  1026.4780     98.621     99.452    32.7849     4.1046          0          0  0.000e+00
  1026.4774     98.663     99.494    32.7841     4.1056          0          0  0.000e+00
  1026.4787     98.681     99.512    32.7857     4.1063          0          0  0.000e+00
  1026.4793     98.673     99.505    32.7866     4.1073          0          0  0.000e+00
  1026.4791     98.640     99.472    32.7867     4.1086          0          0  0.000e+00
  1026.4776     98.580     99.411    32.7853     4.1098          0          0  0.000e+00
  1026.4770     98.499     99.329    32.7852     4.1104          0          0  0.000e+00
  1026.4766     98.401     99.230    32.7853     4.1110          0          0  0.000e+00
  1026.4767     98.286     99.114    32.7862     4.1118          0          0  0.000e+00
  1026.4751     98.163     98.990    32.7850     4.1128          0          0  0.000e+00
  1026.4732     98.037     98.863    32.7835     4.1135          0          0  0.000e+00
  1026.4719     97.909     98.734    32.7826     4.1136          0          0  0.000e+00
  1026.4714     97.787     98.611    32.7827     4.1131          0          0  0.000e+00
  1026.4707     97.679     98.502    32.7823     4.1127          0          0  0.000e+00
  1026.4690     97.591     98.413    32.7807     4.1121          0          0  0.000e+00
  1026.4665     97.534     98.356    32.7778     4.1111          0          0  0.000e+00
  1026.4614     97.512     98.334    32.7713     4.1092          0          0  0.000e+00
  1026.4515     97.523     98.344    32.7581     4.1049          0          0  0.000e+00
  1026.4555     97.580     98.402    32.7618     4.0972          0          0  0.000e+00
  1026.4563     97.667     98.490    32.7615     4.0907          0          0  0.000e+00
  1026.4598     97.777     98.601    32.7645     4.0854          0          0  0.000e+00
  1026.4760     97.909     98.734    32.7837     4.0819          0          0  0.000e+00
  1026.4811     98.046     98.872    32.7896     4.0840          0          0  0.000e+00
  1026.4802     98.176     99.003    32.7883     4.0888          0          0  0.000e+00
  1026.4785     98.298     99.126    32.7860     4.0929          0          0  0.000e+00
  1026.4782     98.407     99.236    32.7854     4.0958          0          0  0.000e+00
  1026.4785     98.492     99.322    32.7855     4.0980          0          0  0.000e+00
  1026.4781     98.553     99.384    32.7849     4.1000          0          0  0.000e+00
  1026.4742     98.597     99.428    32.7799     4.1014          0          0  0.000e+00
  1026.4742     98.621     99.452    32.7798     4.1013          0          0  0.000e+00
  1026.4725     98.631     99.462    32.7775     4.1008          0          0  0.000e+00
  1026.4715     98.627     99.458    32.7761     4.0998          0          0  0.000e+00
  1026.4726     98.619     99.450    32.7774     4.0985          0          0  0.000e+00
  1026.4727     98.604     99.435    32.7775     4.0975          0          0  0.000e+00
  1026.4722     98.584     99.415    32.7768     4.0969          0          0  0.000e+00
  1026.4726     98.558     99.388    32.7774     4.0961          0          0  0.000e+00
  1026.4729     98.523     99.353    32.7779     4.0953          0          0  0.000e+00
  1026.4732     98.471     99.301    32.7785     4.0950          0          0  0.000e+00
  1026.4719     98.401     99.230    32.7773     4.0948          0          0  0.000e+00
  1026.4724     98.309     99.137    32.7784     4.0946          0          0  0.000e+00
  1026.4730     98.196     99.024    32.7798     4.0947          0          0  0.000e+00
  1026.4714     98.070     98.896    32.7787     4.0955          0          0  0.000e+00
  1026.4708     97.936     98.762    32.7789     4.0961          0          0  0.000e+00
  1026.4699     97.805     98.629    32.7785     4.0966          0          0  0.000e+00
  1026.4684     97.683     98.506    32.7774     4.0968          0          0  0.000e+00
  1026.4676     97.581     98.403    32.7770     4.0965          0          0  0.000e+00
  1026.4673     97.511     98.333    32.7769     4.0962          0          0  0.000e+00
  1026.4676     97.478     98.300    32.7775     4.0956          0          0  0.000e+00
  1026.4612     97.487     98.308    32.7693     4.0951          0          0  0.000e+00
  1026.4614     97.534     98.355    32.7689     4.0925          0          0  0.000e+00
  1026.4639     97.618     98.441    32.7711     4.0893          0          0  0.000e+00
  1026.4676     97.734     98.557    32.7749     4.0871          0          0  0.000e+00
  1026.4726     97.873     98.697    32.7802     4.0866          0          0  0.000e+00
  1026.4722     98.022     98.848    32.7790     4.0877          0          0  0.000e+00
  1026.4701     98.184     99.011    32.7755     4.0885          0          0  0.000e+00
  1026.4673     98.339     99.168    32.7710     4.0882          0          0  0.000e+00
  1026.4704     98.490     99.320    32.7739     4.0866          0          0  0.000e+00
  1026.4737     98.629     99.460    32.7771     4.0856          0          0  0.000e+00
  1026.4754     98.751     99.583    32.7785     4.0859          0          0  0.000e+00
  1026.4753     98.849     99.682    32.7779     4.0868          0          0  0.000e+00
  1026.4776     98.922     99.755    32.7805     4.0874          0          0  0.000e+00
  1026.4870     98.961     99.795    32.7922     4.0889          0          0  0.000e+00
  1026.4814     98.959     99.793    32.7857     4.0933          0          0  0.000e+00
  1026.4760     98.918     99.752    32.7797     4.0966          0          0  0.000e+00
  1026.4697     98.835     99.668    32.7723     4.0970          0          0  0.000e+00
  1026.4680     98.717     99.549    32.7706     4.0949          0          0  0.000e+00
  1026.4688     98.572     99.402    32.7721     4.0924          0          0  0.000e+00
  1026.4675     98.407     99.237    32.7712     4.0906          0          0  0.000e+00
  1026.4671     98.229     99.057    32.7715     4.0888          0          0  0.000e+00
  1026.4661     98.047     98.873    32.7711     4.0872          0          0  0.000e+00
  1026.4651     97.863     98.688    32.7708     4.0860          0          0  0.000e+00
  1026.4655     97.683     98.506    32.7722     4.0846          0          0  0.000e+00
  1026.4654     97.510     98.332    32.7730     4.0837          0          0  0.000e+00
  1026.4654     97.355     98.175    32.7738     4.0833          0          0  0.000e+00
  1026.4638     97.223     98.042    32.7726     4.0831          0          0  0.000e+00
  1026.4634     97.125     97.944    32.7726     4.0827          0          0  0.000e+00
  1026.4608     97.065     97.883    32.7696     4.0822          0          0  0.000e+00
  1026.4581     97.058     97.875    32.7660     4.0806          0          0  0.000e+00
  1026.4423     97.107     97.925    32.7454     4.0773          0          0  0.000e+00
  1026.4416     97.217     98.036    32.7428     4.0684          0          0  0.000e+00
  1026.4493     97.375     98.195    32.7504     4.0592          0          0  0.000e+00
  1026.4626     97.571     98.393    32.7650     4.0527          0          0  0.000e+00
  1026.4718     97.788     98.612    32.7754     4.0521          0          0  0.000e+00
  1026.4800     98.027     98.853    32.7847     4.0555          0          0  0.000e+00
  1026.4744     98.272     99.100    32.7770     4.0617          0          0  0.000e+00
  1026.4735     98.506     99.336    32.7749     4.0655          0          0  0.000e+00
  1026.4710     98.718     99.550    32.7708     4.0677          0          0  0.000e+00
  1026.4804     98.879     99.713    32.7818     4.0686          0          0  0.000e+00
  1026.4796     98.980     99.814    32.7806     4.0719          0          0  0.000e+00
  1026.4780     99.015     99.849    32.7788     4.0752          0          0  0.000e+00
  1026.4748     98.980     99.814    32.7753     4.0777          0          0  0.000e+00
  1026.4715     98.880     99.714    32.7719     4.0788          0          0  0.000e+00
  1026.4720     98.716     99.548    32.7735     4.0786          0          0  0.000e+00
  1026.4697     98.497     99.327    32.7719     4.0788          0          0  0.000e+00
  1026.4648     98.241     99.069    32.7672     4.0786          0          0  0.000e+00
  1026.4623     97.969     98.794    32.7655     4.0770          0          0  0.000e+00
  1026.4619     97.697     98.520    32.7663     4.0749          0          0  0.000e+00
  1026.4616     97.434     98.255    32.7673     4.0732          0          0  0.000e+00
  1026.4602     97.197     98.015    32.7667     4.0718          0          0  0.000e+00
  1026.4582     96.993     97.810    32.7653     4.0706          0          0  0.000e+00
  1026.4571     96.836     97.652    32.7646     4.0690          0          0  0.000e+00
  1026.4563     96.734     97.549    32.7640     4.0673          0          0  0.000e+00
  1026.4528     96.690     97.504    32.7596     4.0656          0          0  0.000e+00
  1026.4492     96.710     97.525    32.7545     4.0623          0          0  0.000e+00
  1026.4466     96.794     97.609    32.7502     4.0578          0          0  0.000e+00
  1026.4334     96.944     97.761    32.7319     4.0518          0          0  0.000e+00
  1026.4561     97.135     97.953    32.7581     4.0424          0          0  0.000e+00
  1026.4600     97.361     98.181    32.7614     4.0394          0          0  0.000e+00
  1026.4749     97.606     98.428    32.7787     4.0402          0          0  0.000e+00
  1026.4803     97.856     98.681    32.7847     4.0455          0          0  0.000e+00
  1026.4768     98.105     98.932    32.7799     4.0527          0          0  0.000e+00
  1026.4716     98.341     99.169    32.7726     4.0583          0          0  0.000e+00
  1026.4711     98.540     99.370    32.7711     4.0609          0          0  0.000e+00
  1026.4738     98.681     99.513    32.7739     4.0626          0          0  0.000e+00
  1026.4756     98.767     99.599    32.7760     4.0647          0          0  0.000e+00
  1026.4797     98.788     99.621    32.7813     4.0675          0          0  0.000e+00
  1026.4754     98.761     99.593    32.7766     4.0715          0          0  0.000e+00
  1026.4741     98.677     99.508    32.7757     4.0741          0          0  0.000e+00
  1026.4713     98.537     99.367    32.7733     4.0757          0          0  0.000e+00
  1026.4689     98.355     99.183    32.7715     4.0764          0          0  0.000e+00
  1026.4640     98.143     98.969    32.7665     4.0765          0          0  0.000e+00
  1026.4608     97.912     98.737    32.7637     4.0751          0          0  0.000e+00
  1026.4589     97.677     98.500    32.7624     4.0726          0          0  0.000e+00
  1026.4589     97.446     98.267    32.7634     4.0698          0          0  0.000e+00
  1026.4577     97.233     98.052    32.7629     4.0677          0          0  0.000e+00
  1026.4575     97.046     97.864    32.7634     4.0653          0          0  0.000e+00
  1026.4561     96.895     97.711    32.7623     4.0637          0          0  0.000e+00
  1026.4543     96.783     97.598    32.7604     4.0617          0          0  0.000e+00
  1026.4534     96.715     97.530    32.7595     4.0596          0          0  0.000e+00
  1026.4421     96.690     97.504    32.7450     4.0570          0          0  0.000e+00
  1026.4333     96.712     97.527    32.7330     4.0501          0          0  0.000e+00
  1026.4401     96.791     97.606    32.7398     4.0398          0          0  0.000e+00
  1026.4440     96.907     97.724    32.7430     4.0318          0          0  0.000e+00
  1026.4469     97.069     97.886    32.7449     4.0263          0          0  0.000e+00
  1026.4487     97.265     98.084    32.7455     4.0221          0          0  0.000e+00
  1026.4512     97.483     98.304    32.7469     4.0187          0          0  0.000e+00
  1026.4693     97.720     98.543    32.7681     4.0167          0          0  0.000e+00
  1026.4834     97.966     98.791    32.7849     4.0210          0          0  0.000e+00
  1026.4803     98.202     99.029    32.7808     4.0308          0          0  0.000e+00
  1026.4954     98.426     99.255    32.7998     4.0404          0          0  0.000e+00
  1026.4937     98.606     99.437    32.7981     4.0531          0          0  0.000e+00
  1026.4836     98.717     99.549    32.7864     4.0653          0          0  0.000e+00
  1026.4784     98.767     99.600    32.7804     4.0722          0          0  0.000e+00
  1026.4752     98.745     99.577    32.7770     4.0760          0          0  0.000e+00
  1026.4727     98.657     99.488    32.7746     4.0780          0          0  0.000e+00
  1026.4706     98.500     99.330    32.7730     4.0790          0          0  0.000e+00
  1026.4675     98.288     99.116    32.7704     4.0791          0          0  0.000e+00
  1026.4641     98.026     98.852    32.7677     4.0788          0          0  0.000e+00
  1026.4601     97.739     98.562    32.7641     4.0771          0          0  0.000e+00
