data/eDNA/PER-2021-171/171a002.cnv
* Sea-Bird SBE19plus  Data File:
* FileName = C:\Users\RSG_field\Ryan_2021_Perley\CTD\171a002.hex
* Software version 2.3.0 SB_Terminal.dll
* Temperature SN = 7141
* Conductivity SN = 7141
* System UpLoad Time = Aug 09 2021 08:55:26
* <ApplicationData>
* <SeatermAF>
** Platform: M. Perley
** Cruise: Per2021171
** Station:  ESI-08
** Cast: 01
** Latitude: N  44 40.1412
** Longitude: W 62 20.7438
** Sounding: 111
** Chief Scientist: Ryan Stanley
** Comment: Also GC_5
** same station as GC_5
# nquan = 8
# nvalues = 4902                                  
# units = specified
# name 0 = density00: Density [density, kg/m^3]
# name 1 = depSM: Depth [salt water, m], lat = 45.00
# name 2 = prdM: Pressure, Strain Gauge [db]
# name 3 = sal00: Salinity, Practical [PSU]
# name 4 = tv290C: Temperature [ITS-90, deg C]
# name 5 = bpos: Bottle Position in Carousel
# name 6 = nbf: Bottles Fired
# name 7 = flag:  0.000e+00
# span 0 =   998.7498,  1026.5022                 
# span 1 =      0.020,     99.015                 
# span 2 =      0.020,     99.849                 
# span 3 =     0.0000,    32.8124                 
# span 4 =     3.0905,    17.7348                 
# span 5 =          0,          6                 
# span 6 =          0,          6                 
# span 7 = 0.0000e+00, 0.0000e+00                 
# interval = seconds: 0.25
# start_time = Aug 09 2021 11:31:42 [Instrument's time stamp, header]
# bad_flag = -9.990e-29
*END*
[from data line 2877]
  1026.0819     63.472     64.002    32.3958     3.2868          2          2  0.000e+00
  1026.0791     63.270     63.798    32.3934     3.2858          2          2  0.000e+00
  1026.0755     63.096     63.622    32.3899     3.2849          2          2  0.000e+00
  1026.0721     62.957     63.482    32.3862     3.2843          2          2  0.000e+00
  1026.0690     62.865     63.389    32.3829     3.2839          2          2  0.000e+00
  1026.0676     62.803     63.327    32.3816     3.2839          2          2  0.000e+00
  1026.0647     62.784     63.308    32.3779     3.2835          2          2  0.000e+00
  1026.0626     62.806     63.329    32.3751     3.2833          2          2  0.000e+00
  1026.0605     62.864     63.388    32.3723     3.2840          2          2  0.000e+00
  1026.0585     62.946     63.470    32.3693     3.2846          2          2  0.000e+00
  1026.0586     63.038     63.563    32.3689     3.2853          2          2  0.000e+00
  1026.0592     63.123     63.649    32.3692     3.2857          2          2  0.000e+00
  1026.0596     63.188     63.715    32.3694     3.2859          2          2  0.000e+00
  1026.0604     63.229     63.756    32.3702     3.2860          2          2  0.000e+00
  1026.0609     63.236     63.763    32.3708     3.2862          2          2  0.000e+00
  1026.0615     63.198     63.725    32.3718     3.2867          2          2  0.000e+00
  1026.0602     63.124     63.650    32.3708     3.2877          2          2  0.000e+00
  1026.0589     63.014     63.540    32.3698     3.2885          2          2  0.000e+00
  1026.0581     62.866     63.390    32.3698     3.2890          2          2  0.000e+00
  1026.0567     62.685     63.207    32.3692     3.2895          2          2  0.000e+00
  1026.0552     62.470     62.990    32.3686     3.2896          2          2  0.000e+00
  1026.0530     62.233     62.752    32.3673     3.2897          2          2  0.000e+00
  1026.0507     61.974     62.491    32.3659     3.2896          2          2  0.000e+00
  1026.0488     61.691     62.206    32.3651     3.2891          2          2  0.000e+00
  1026.0466     61.404     61.916    32.3639     3.2888          2          2  0.000e+00
  1026.0439     61.122     61.631    32.3622     3.2884          2          2  0.000e+00
  1026.0410     60.844     61.351    32.3602     3.2876          2          2  0.000e+00
  1026.0341     60.588     61.093    32.3530     3.2869          2          2  0.000e+00
  1026.0336     60.365     60.868    32.3535     3.2854          2          2  0.000e+00
  1026.0271     60.175     60.677    32.3463     3.2840          2          2  0.000e+00
  1026.0162     60.024     60.524    32.3333     3.2821          2          2  0.000e+00
  1025.9988     59.917     60.416    32.3116     3.2779          2          2  0.000e+00
  1026.0137     59.865     60.363    32.3299     3.2716          2          2  0.000e+00
  1026.0067     59.851     60.350    32.3208     3.2683          2          2  0.000e+00
  1025.9918     59.882     60.381    32.3016     3.2652          2          2  0.000e+00
  1025.9819     59.946     60.446    32.2881     3.2587          2          2  0.000e+00
  1025.9856     60.028     60.528    32.2911     3.2497          2          2  0.000e+00
  1025.9928     60.118     60.619    32.2990     3.2430          2          2  0.000e+00
  1025.9968     60.200     60.701    32.3031     3.2399          2          2  0.000e+00
  1025.9995     60.263     60.765    32.3060     3.2388          2          2  0.000e+00
  1026.0000     60.300     60.803    32.3064     3.2391          2          2  0.000e+00
  1026.0002     60.304     60.806    32.3067     3.2397          2          2  0.000e+00
  1025.9993     60.261     60.763    32.3060     3.2404          2          2  0.000e+00
  1025.9977     60.171     60.673    32.3045     3.2411          2          2  0.000e+00
  1025.9982     60.039     60.539    32.3059     3.2411          2          2  0.000e+00
  1025.9965     59.868     60.367    32.3049     3.2415          2          2  0.000e+00
  1025.9949     59.658     60.155    32.3042     3.2417          2          2  0.000e+00
  1025.9929     59.420     59.915    32.3030     3.2414          2          2  0.000e+00
  1025.9902     59.157     59.649    32.3011     3.2409          2          2  0.000e+00
  1025.9887     58.875     59.365    32.3008     3.2397          2          2  0.000e+00
  1025.9848     58.582     59.070    32.2975     3.2384          2          2  0.000e+00
  1025.9791     58.281     58.766    32.2919     3.2361          2          2  0.000e+00
  1025.9739     57.985     58.468    32.2867     3.2327          2          2  0.000e+00
  1025.9661     57.702     58.183    32.2781     3.2277          2          2  0.000e+00
  1025.9645     57.435     57.913    32.2769     3.2215          2          2  0.000e+00
  1025.9631     57.201     57.677    32.2759     3.2159          2          2  0.000e+00
  1025.9616     57.005     57.479    32.2746     3.2108          2          2  0.000e+00
  1025.9558     56.859     57.333    32.2678     3.2063          2          2  0.000e+00
  1025.9476     56.779     57.251    32.2574     3.2021          2          2  0.000e+00
  1025.9434     56.749     57.221    32.2518     3.1969          2          2  0.000e+00
  1025.9326     56.778     57.250    32.2374     3.1916          2          2  0.000e+00
  1025.9298     56.866     57.339    32.2330     3.1876          2          2  0.000e+00
  1025.9282     56.982     57.457    32.2300     3.1853          2          2  0.000e+00
  1025.9314     57.112     57.587    32.2330     3.1837          2          2  0.000e+00
  1025.9365     57.235     57.711    32.2386     3.1824          2          2  0.000e+00
  1025.9395     57.342     57.819    32.2415     3.1812          2          2  0.000e+00
  1025.9413     57.399     57.877    32.2434     3.1800          2          2  0.000e+00
  1025.9423     57.398     57.876    32.2446     3.1796          2          2  0.000e+00
  1025.9415     57.331     57.808    32.2440     3.1799          2          2  0.000e+00
  1025.9403     57.198     57.674    32.2434     3.1808          2          2  0.000e+00
  1025.9389     56.993     57.467    32.2430     3.1821          2          2  0.000e+00
  1025.9359     56.738     57.211    32.2408     3.1829          2          2  0.000e+00
  1025.9328     56.445     56.915    32.2387     3.1832          2          2  0.000e+00
  1025.9305     56.135     56.602    32.2377     3.1833          2          2  0.000e+00
  1025.9275     55.829     56.293    32.2358     3.1835          2          2  0.000e+00
  1025.9246     55.536     55.998    32.2340     3.1845          2          2  0.000e+00
  1025.9211     55.270     55.730    32.2314     3.1863          2          2  0.000e+00
  1025.9175     55.040     55.498    32.2284     3.1881          2          2  0.000e+00
  1025.9134     54.845     55.301    32.2246     3.1898          2          2  0.000e+00
  1025.9112     54.681     55.136    32.2230     3.1914          2          2  0.000e+00
  1025.9094     54.549     55.003    32.2217     3.1926          2          2  0.000e+00
  1025.9073     54.441     54.894    32.2198     3.1937          2          2  0.000e+00
  1025.9041     54.355     54.807    32.2163     3.1946          2          2  0.000e+00
  1025.9015     54.285     54.737    32.2137     3.1954          2          2  0.000e+00
  1025.9011     54.227     54.678    32.2136     3.1965          2          2  0.000e+00
  1025.8989     54.186     54.636    32.2112     3.1971          2          2  0.000e+00
  1025.8986     54.156     54.606    32.2109     3.1976          2          2  0.000e+00
  1025.8984     54.136     54.586    32.2109     3.1982          2          2  0.000e+00
  1025.8973     54.126     54.576    32.2096     3.1985          2          2  0.000e+00
  1025.8962     54.120     54.570    32.2084     3.1991          2          2  0.000e+00
  1025.8941     54.117     54.567    32.2059     3.1998          2          2  0.000e+00
  1025.8928     54.114     54.564    32.2043     3.2006          2          2  0.000e+00
  1025.8919     54.108     54.558    32.2032     3.2013          2          2  0.000e+00
  1025.8910     54.088     54.538    32.2024     3.2019          2          2  0.000e+00
  1025.8903     54.052     54.502    32.2017     3.2022          2          2  0.000e+00
  1025.8880     53.985     54.434    32.1992     3.2026          2          2  0.000e+00
  1025.8874     53.883     54.331    32.1991     3.2028          2          2  0.000e+00
  1025.8876     53.729     54.176    32.2004     3.2032          2          2  0.000e+00
  1025.8848     53.533     53.978    32.1981     3.2038          2          2  0.000e+00
  1025.8830     53.291     53.734    32.1973     3.2042          2          2  0.000e+00
  1025.8803     53.022     53.463    32.1955     3.2044          2          2  0.000e+00
  1025.8773     52.734     53.173    32.1935     3.2043          2          2  0.000e+00
  1025.8742     52.446     52.882    32.1912     3.2040          2          2  0.000e+00
  1025.8726     52.175     52.608    32.1908     3.2033          2          2  0.000e+00
  1025.8706     51.928     52.359    32.1897     3.2028          2          2  0.000e+00
  1025.8694     51.713     52.143    32.1894     3.2025          2          2  0.000e+00
  1025.8653     51.536     51.965    32.1853     3.2023          2          2  0.000e+00
  1025.8621     51.392     51.819    32.1821     3.2019          2          2  0.000e+00
  1025.8617     51.283     51.709    32.1821     3.2012          2          2  0.000e+00
  1025.8617     51.204     51.629    32.1826     3.2005          2          2  0.000e+00
  1025.8578     51.139     51.564    32.1780     3.2001          2          2  0.000e+00
  1025.8570     51.098     51.522    32.1771     3.1990          2          2  0.000e+00
  1025.8502     51.080     51.504    32.1686     3.1979          2          2  0.000e+00
  1025.8382     51.080     51.504    32.1533     3.1958          2          2  0.000e+00
  1025.8291     51.102     51.526    32.1411     3.1906          2          2  0.000e+00
  1025.8314     51.137     51.562    32.1431     3.1841          2          2  0.000e+00
  1025.8349     51.179     51.605    32.1466     3.1790          2          2  0.000e+00
  1025.8376     51.216     51.642    32.1494     3.1759          2          2  0.000e+00
  1025.8395     51.236     51.662    32.1516     3.1742          2          2  0.000e+00
  1025.8413     51.228     51.654    32.1538     3.1736          2          2  0.000e+00
  1025.8441     51.177     51.602    32.1577     3.1740          2          2  0.000e+00
  1025.8400     51.076     51.501    32.1532     3.1753          2          2  0.000e+00
  1025.8402     50.927     51.350    32.1545     3.1758          2          2  0.000e+00
  1025.8375     50.728     51.149    32.1523     3.1763          2          2  0.000e+00
  1025.8353     50.493     50.913    32.1509     3.1763          2          2  0.000e+00
  1025.8309     50.234     50.651    32.1469     3.1760          3          3  0.000e+00
  1025.8273     49.961     50.376    32.1439     3.1748          3          3  0.000e+00
  1025.8251     49.689     50.101    32.1426     3.1729          3          3  0.000e+00
  1025.8236     49.423     49.833    32.1421     3.1708          3          3  0.000e+00
  1025.8220     49.172     49.581    32.1413     3.1690          3          3  0.000e+00
  1025.8214     48.948     49.354    32.1417     3.1674          3          3  0.000e+00
  1025.8181     48.748     49.153    32.1387     3.1664          3          3  0.000e+00
  1025.8127     48.582     48.985    32.1326     3.1650          3          3  0.000e+00
  1025.8088     48.447     48.850    32.1284     3.1638          3          3  0.000e+00
  1025.8045     48.343     48.745    32.1237     3.1634          3          3  0.000e+00
  1025.8021     48.265     48.666    32.1211     3.1638          3          3  0.000e+00
  1025.8000     48.210     48.610    32.1189     3.1642          3          3  0.000e+00
  1025.7995     48.178     48.578    32.1186     3.1652          3          3  0.000e+00
  1025.8058     48.166     48.566    32.1269     3.1687          3          3  0.000e+00
  1025.7989     48.180     48.580    32.1193     3.1789          3          3  0.000e+00
  1025.7900     48.201     48.602    32.1092     3.1904          3          3  0.000e+00
  1025.7833     48.227     48.627    32.1017     3.1992          3          3  0.000e+00
  1025.7785     48.248     48.649    32.0962     3.2055          3          3  0.000e+00
  1025.7760     48.260     48.660    32.0934     3.2092          3          3  0.000e+00
  1025.7734     48.243     48.643    32.0906     3.2116          3          3  0.000e+00
  1025.7711     48.197     48.597    32.0881     3.2128          3          3  0.000e+00
  1025.7698     48.113     48.513    32.0869     3.2124          3          3  0.000e+00
  1025.7701     47.988     48.387    32.0879     3.2117          3          3  0.000e+00
  1025.7686     47.821     48.218    32.0870     3.2114          3          3  0.000e+00
  1025.7636     47.614     48.009    32.0819     3.2108          3          3  0.000e+00
  1025.7603     47.384     47.777    32.0789     3.2087          3          3  0.000e+00
  1025.7546     47.136     47.527    32.0728     3.2059          3          3  0.000e+00
  1025.7463     46.878     47.267    32.0635     3.2017          3          3  0.000e+00
  1025.7430     46.626     47.013    32.0602     3.1946          3          3  0.000e+00
  1025.7429     46.393     46.778    32.0605     3.1863          3          3  0.000e+00
  1025.7399     46.182     46.565    32.0571     3.1796          3          3  0.000e+00
  1025.7370     45.998     46.380    32.0538     3.1722          3          3  0.000e+00
  1025.7339     45.847     46.227    32.0500     3.1644          3          3  0.000e+00
  1025.7357     45.720     46.099    32.0523     3.1572          3          3  0.000e+00
  1025.7303     45.621     46.000    32.0455     3.1516          3          3  0.000e+00
  1025.7325     45.543     45.920    32.0481     3.1461          3          3  0.000e+00
  1025.7328     45.484     45.862    32.0482     3.1418          3          3  0.000e+00
  1025.7324     45.437     45.814    32.0478     3.1386          3          3  0.000e+00
  1025.7254     45.398     45.775    32.0388     3.1358          3          3  0.000e+00
  1025.7239     45.366     45.742    32.0368     3.1320          3          3  0.000e+00
  1025.7265     45.338     45.714    32.0398     3.1283          3          3  0.000e+00
  1025.7235     45.319     45.695    32.0358     3.1258          3          3  0.000e+00
  1025.7204     45.300     45.676    32.0318     3.1234          3          3  0.000e+00
  1025.7226     45.271     45.647    32.0345     3.1207          3          3  0.000e+00
  1025.7210     45.234     45.609    32.0325     3.1190          3          3  0.000e+00
  1025.7173     45.174     45.548    32.0280     3.1175          3          3  0.000e+00
  1025.7177     45.081     45.455    32.0288     3.1152          3          3  0.000e+00
  1025.7176     44.952     45.325    32.0293     3.1133          3          3  0.000e+00
  1025.7159     44.788     45.159    32.0280     3.1119          3          3  0.000e+00
  1025.7154     44.596     44.966    32.0283     3.1107          3          3  0.000e+00
  1025.7103     44.382     44.750    32.0231     3.1095          3          3  0.000e+00
  1025.7078     44.161     44.528    32.0210     3.1074          3          3  0.000e+00
  1025.7036     43.942     44.306    32.0168     3.1048          3          3  0.000e+00
  1025.6998     43.734     44.097    32.0130     3.1020          3          3  0.000e+00
