data/eDNA/PER-2021-171/171a027.cnv
* Sea-Bird SBE19plus  Data File:
* FileName = C:\Users\RSG_field\Ryan_2021_Perley\CTD\171a027.hex
* Software version 2.3.0 SB_Terminal.dll
* Temperature SN = 7141
* Conductivity SN = 7141
* System UpLoad Time = Aug 18 2021 11:16:21
* <ApplicationData>
* <SeatermAF>
** Platform: M. Perley
** Cruise: Per2021171
** Station:  SAB_03
** Cast: 01 1
** Latitude: N  45 50.543
** Longitude: W 60 05.292
** Sounding: 34.6
** Chief Scientist: Ryan Stanley
** Comment: 171a027
** Samples in Gabrus Bay came for protection from wind and well. Very calm
# nquan = 8
# nvalues = 2114                                  
# units = specified
# name 0 = density00: Density [density, kg/m^3]
# name 1 = depSM: Depth [salt water, m], lat = 45.00
# name 2 = prdM: Pressure, Strain Gauge [db]
# name 3 = sal00: Salinity, Practical [PSU]
# name 4 = tv290C: Temperature [ITS-90, deg C]
# name 5 = bpos: Bottle Position in Carousel
# name 6 = nbf: Bottles Fired
# name 7 = flag:  0.000e+00
# span 0 =   998.4345,  1024.6470                 
# span 1 =     -0.011,     31.846                 
# span 2 =     -0.011,     32.109                 
# span 3 =     0.0095,    31.1595                 
# span 4 =     6.0933,    19.0425                 
# span 5 =          0,          3                 
# span 6 =          0,          3                 
# span 7 = 0.0000e+00, 0.0000e+00                 
# interval = seconds: 0.25
# start_time = Aug 18 2021 14:04:05 [Instrument's time stamp, header]
# bad_flag = -9.990e-29
*END*
[from data line 180]
  1021.0392      2.094      2.111    29.6085    18.4920          0          0  0.000e+00
  1021.0346      2.102      2.119    29.6029    18.4936          0          0  0.000e+00
  1021.0351      2.121      2.139    29.6020    18.4892          0          0  0.000e+00
  1021.0449      2.135      2.153    29.6088    18.4702          0          0  0.000e+00
  1021.0558      2.153      2.171    29.6157    18.4473          0          0  0.000e+00
  1021.0617      2.178      2.195    29.6168    18.4267          0          0  0.000e+00
  1021.0706      2.196      2.214    29.6225    18.4082          0          0  0.000e+00
  1021.0895      2.198      2.216    29.6428    18.3940          0          0  0.000e+00
  1021.1146      2.198      2.216    29.6729    18.3856          0          0  0.000e+00
  1021.1313      2.197      2.215    29.6937    18.3816          0          0  0.000e+00
  1021.1430      2.180      2.197    29.7071    18.3758          0          0  0.000e+00
  1021.1497      2.160      2.177    29.7161    18.3759          0          0  0.000e+00
  1021.1397      2.149      2.167    29.7080    18.3916          0          0  0.000e+00
  1021.1303      2.133      2.150    29.7001    18.4053          0          0  0.000e+00
  1021.1223      2.112      2.129    29.6935    18.4168          0          0  0.000e+00
  1021.1139      2.098      2.115    29.6859    18.4275          0          0  0.000e+00
  1021.1063      2.090      2.107    29.6787    18.4362          0          0  0.000e+00
  1021.0997      2.077      2.094    29.6716    18.4410          0          0  0.000e+00
  1021.0953      2.070      2.087    29.6662    18.4417          0          0  0.000e+00
  1021.0931      2.066      2.083    29.6626    18.4396          0          0  0.000e+00
  1021.0918      2.060      2.077    29.6602    18.4370          0          0  0.000e+00
  1021.0892      2.058      2.075    29.6561    18.4347          0          0  0.000e+00
  1021.0858      2.061      2.078    29.6509    18.4327          0          0  0.000e+00
  1021.0775      2.067      2.084    29.6391    18.4298          0          0  0.000e+00
  1021.0066      2.081      2.098    29.5442    18.4236          0          0  0.000e+00
  1020.9984      2.095      2.112    29.5254    18.3988          0          0  0.000e+00
  1021.0218      2.107      2.124    29.5458    18.3664          0          0  0.000e+00
  1021.0375      2.116      2.133    29.5598    18.3453          0          0  0.000e+00
  1021.0451      2.129      2.146    29.5661    18.3342          0          0  0.000e+00
  1021.0502      2.143      2.160    29.5708    18.3283          0          0  0.000e+00
  1021.0514      2.160      2.177    29.5715    18.3255          0          0  0.000e+00
  1021.0525      2.172      2.190    29.5723    18.3239          0          0  0.000e+00
  1021.0529      2.181      2.199    29.5723    18.3226          0          0  0.000e+00
  1021.0537      2.183      2.201    29.5730    18.3215          0          0  0.000e+00
  1021.0539      2.182      2.200    29.5731    18.3211          0          0  0.000e+00
  1021.0542      2.182      2.200    29.5734    18.3207          0          0  0.000e+00
  1021.0544      2.178      2.195    29.5738    18.3208          0          0  0.000e+00
  1021.0543      2.172      2.190    29.5736    18.3208          0          0  0.000e+00
  1021.0543      2.170      2.188    29.5737    18.3211          0          0  0.000e+00
  1021.0541      2.164      2.181    29.5736    18.3213          0          0  0.000e+00
  1021.0542      2.153      2.171    29.5739    18.3215          0          0  0.000e+00
  1021.0542      2.141      2.159    29.5740    18.3219          0          0  0.000e+00
  1021.0538      2.127      2.144    29.5737    18.3224          0          0  0.000e+00
  1021.0536      2.109      2.126    29.5737    18.3228          0          0  0.000e+00
  1021.0532      2.090      2.107    29.5735    18.3234          0          0  0.000e+00
  1021.0530      2.073      2.090    29.5735    18.3236          0          0  0.000e+00
  1021.0525      2.061      2.078    29.5730    18.3241          0          0  0.000e+00
  1021.0524      2.057      2.074    29.5729    18.3244          0          0  0.000e+00
  1021.0523      2.063      2.080    29.5728    18.3247          0          0  0.000e+00
  1021.0516      2.069      2.086    29.5719    18.3246          0          0  0.000e+00
  1021.0517      2.080      2.097    29.5718    18.3240          0          0  0.000e+00
  1021.0515      2.091      2.108    29.5713    18.3234          0          0  0.000e+00
  1021.0517      2.094      2.111    29.5713    18.3227          0          0  0.000e+00
  1021.0527      2.100      2.117    29.5723    18.3220          0          0  0.000e+00
  1021.0538      2.105      2.123    29.5736    18.3216          0          0  0.000e+00
  1021.0541      2.110      2.127    29.5742    18.3221          0          0  0.000e+00
  1021.0540      2.115      2.132    29.5743    18.3229          0          0  0.000e+00
  1021.0539      2.126      2.143    29.5745    18.3240          0          0  0.000e+00
  1021.0531      2.133      2.150    29.5738    18.3253          0          0  0.000e+00
  1021.0528      2.136      2.154    29.5735    18.3261          0          0  0.000e+00
  1021.0524      2.143      2.160    29.5733    18.3268          0          0  0.000e+00
  1021.0515      2.144      2.161    29.5723    18.3276          0          0  0.000e+00
  1021.0516      2.143      2.160    29.5725    18.3276          0          0  0.000e+00
  1021.0520      2.144      2.161    29.5730    18.3277          0          0  0.000e+00
  1021.0516      2.140      2.158    29.5725    18.3278          0          0  0.000e+00
  1021.0515      2.140      2.158    29.5724    18.3279          0          0  0.000e+00
  1021.0516      2.143      2.160    29.5726    18.3280          0          0  0.000e+00
  1021.0515      2.141      2.159    29.5725    18.3281          0          0  0.000e+00
  1021.0512      2.146      2.163    29.5720    18.3282          0          0  0.000e+00
  1021.0517      2.147      2.164    29.5727    18.3281          0          0  0.000e+00
  1021.0513      2.144      2.161    29.5723    18.3282          0          0  0.000e+00
  1021.0517      2.132      2.149    29.5729    18.3282          0          0  0.000e+00
  1021.0516      2.121      2.139    29.5728    18.3285          0          0  0.000e+00
  1021.0514      2.109      2.126    29.5727    18.3287          0          0  0.000e+00
  1021.0508      2.095      2.112    29.5722    18.3291          0          0  0.000e+00
  1021.0507      2.082      2.099    29.5721    18.3290          0          0  0.000e+00
  1021.0509      2.074      2.091    29.5723    18.3290          0          0  0.000e+00
  1021.0511      2.070      2.087    29.5726    18.3291          0          0  0.000e+00
  1021.0501      2.069      2.086    29.5715    18.3293          0          0  0.000e+00
  1021.0493      2.075      2.092    29.5703    18.3289          0          0  0.000e+00
  1021.0505      2.086      2.103    29.5714    18.3278          0          0  0.000e+00
  1021.0529      2.099      2.116    29.5742    18.3272          0          0  0.000e+00
  1021.0549      2.115      2.132    29.5773    18.3285          0          0  0.000e+00
  1021.0526      2.126      2.143    29.5751    18.3315          0          0  0.000e+00
  1021.0514      2.134      2.152    29.5742    18.3337          0          0  0.000e+00
  1021.0504      2.140      2.158    29.5732    18.3350          0          0  0.000e+00
  1021.0496      2.144      2.161    29.5724    18.3359          0          0  0.000e+00
  1021.0493      2.148      2.165    29.5721    18.3362          0          0  0.000e+00
  1021.0492      2.155      2.173    29.5719    18.3361          0          0  0.000e+00
  1021.0491      2.161      2.178    29.5717    18.3359          0          0  0.000e+00
  1021.0490      2.167      2.185    29.5714    18.3355          0          0  0.000e+00
  1021.0489      2.174      2.192    29.5711    18.3351          0          0  0.000e+00
  1021.0498      2.176      2.194    29.5721    18.3346          0          0  0.000e+00
  1021.0501      2.179      2.196    29.5724    18.3344          0          0  0.000e+00
  1021.0499      2.173      2.191    29.5721    18.3344          0          0  0.000e+00
  1021.0498      2.168      2.186    29.5721    18.3345          0          0  0.000e+00
  1021.0497      2.155      2.173    29.5720    18.3346          0          0  0.000e+00
  1021.0496      2.145      2.162    29.5720    18.3344          0          0  0.000e+00
  1021.0500      2.127      2.144    29.5726    18.3342          0          0  0.000e+00
  1021.0498      2.109      2.126    29.5724    18.3344          0          0  0.000e+00
  1021.0499      2.093      2.110    29.5727    18.3346          0          0  0.000e+00
  1021.0495      2.080      2.097    29.5724    18.3349          0          0  0.000e+00
  1021.0495      2.074      2.091    29.5724    18.3349          0          0  0.000e+00
  1021.0493      2.069      2.086    29.5723    18.3352          0          0  0.000e+00
  1021.0492      2.072      2.088    29.5721    18.3351          0          0  0.000e+00
  1021.0492      2.075      2.092    29.5720    18.3352          0          0  0.000e+00
  1021.0489      2.081      2.098    29.5717    18.3351          0          0  0.000e+00
  1021.0484      2.085      2.102    29.5709    18.3351          0          0  0.000e+00
  1021.0489      2.092      2.109    29.5713    18.3343          0          0  0.000e+00
  1021.0489      2.098      2.115    29.5711    18.3338          0          0  0.000e+00
  1021.0492      2.100      2.117    29.5713    18.3331          0          0  0.000e+00
  1021.0492      2.105      2.123    29.5711    18.3327          0          0  0.000e+00
  1021.0495      2.112      2.129    29.5713    18.3320          0          0  0.000e+00
  1021.0498      2.117      2.134    29.5714    18.3315          0          0  0.000e+00
  1021.0498      2.121      2.139    29.5713    18.3311          0          0  0.000e+00
  1021.0497      2.132      2.149    29.5709    18.3306          0          0  0.000e+00
  1021.0507      2.145      2.162    29.5720    18.3299          0          0  0.000e+00
  1021.0496      2.153      2.171    29.5705    18.3298          0          0  0.000e+00
  1021.0500      2.162      2.179    29.5707    18.3290          0          0  0.000e+00
  1021.0508      2.170      2.188    29.5714    18.3280          0          0  0.000e+00
  1021.0510      2.180      2.197    29.5715    18.3276          0          0  0.000e+00
  1021.0512      2.185      2.203    29.5715    18.3272          0          0  0.000e+00
  1021.0512      2.188      2.206    29.5715    18.3268          0          0  0.000e+00
  1021.0510      2.189      2.207    29.5709    18.3263          0          0  0.000e+00
  1021.0512      2.179      2.196    29.5712    18.3258          0          0  0.000e+00
  1021.0515      2.166      2.184    29.5714    18.3252          0          0  0.000e+00
  1021.0513      2.153      2.171    29.5712    18.3249          0          0  0.000e+00
  1021.0519      2.141      2.159    29.5719    18.3245          0          0  0.000e+00
  1021.0518      2.129      2.146    29.5717    18.3241          0          0  0.000e+00
  1021.0519      2.121      2.139    29.5719    18.3242          0          0  0.000e+00
  1021.0520      2.113      2.130    29.5720    18.3241          0          0  0.000e+00
  1021.0519      2.101      2.118    29.5721    18.3242          0          0  0.000e+00
  1021.0523      2.090      2.107    29.5726    18.3241          0          0  0.000e+00
  1021.0517      2.079      2.096    29.5720    18.3246          0          0  0.000e+00
  1021.0514      2.069      2.086    29.5717    18.3247          0          0  0.000e+00
  1021.0514      2.057      2.074    29.5716    18.3244          0          0  0.000e+00
  1021.0517      2.054      2.070    29.5720    18.3243          0          0  0.000e+00
  1021.0524      2.057      2.074    29.5730    18.3244          0          0  0.000e+00
  1021.0526      2.072      2.088    29.5734    18.3251          0          0  0.000e+00
  1021.0525      2.092      2.109    29.5735    18.3262          0          0  0.000e+00
  1021.0522      2.110      2.127    29.5732    18.3269          0          0  0.000e+00
  1021.0521      2.130      2.147    29.5732    18.3278          0          0  0.000e+00
  1021.0515      2.148      2.165    29.5725    18.3286          0          0  0.000e+00
  1021.0513      2.163      2.180    29.5724    18.3291          0          0  0.000e+00
  1021.0516      2.178      2.195    29.5728    18.3294          0          0  0.000e+00
  1021.0513      2.189      2.207    29.5725    18.3298          0          0  0.000e+00
  1021.0514      2.192      2.210    29.5727    18.3304          0          0  0.000e+00
  1021.0509      2.188      2.206    29.5722    18.3307          0          0  0.000e+00
  1021.0503      2.185      2.203    29.5716    18.3310          0          0  0.000e+00
  1021.0503      2.179      2.196    29.5716    18.3308          0          0  0.000e+00
  1021.0502      2.165      2.183    29.5715    18.3306          0          0  0.000e+00
  1021.0504      2.157      2.175    29.5716    18.3303          0          0  0.000e+00
  1021.0504      2.151      2.169    29.5716    18.3302          0          0  0.000e+00
  1021.0505      2.139      2.157    29.5719    18.3301          0          0  0.000e+00
  1021.0504      2.123      2.141    29.5718    18.3302          0          0  0.000e+00
  1021.0506      2.114      2.131    29.5721    18.3303          0          0  0.000e+00
  1021.0506      2.107      2.124    29.5722    18.3303          0          0  0.000e+00
  1021.0504      2.091      2.108    29.5721    18.3307          0          0  0.000e+00
  1021.0503      2.085      2.102    29.5721    18.3309          0          0  0.000e+00
  1021.0505      2.090      2.107    29.5723    18.3309          0          0  0.000e+00
  1021.0504      2.084      2.101    29.5723    18.3311          0          0  0.000e+00
  1021.0500      2.079      2.096    29.5718    18.3313          0          0  0.000e+00
  1021.0500      2.087      2.105    29.5718    18.3311          0          0  0.000e+00
  1021.0500      2.095      2.112    29.5718    18.3312          0          0  0.000e+00
  1021.0499      2.100      2.117    29.5717    18.3313          0          0  0.000e+00
  1021.0501      2.107      2.124    29.5718    18.3310          0          0  0.000e+00
  1021.0508      2.128      2.145    29.5726    18.3310          0          0  0.000e+00
  1021.0507      2.136      2.154    29.5725    18.3314          0          0  0.000e+00
  1021.0504      2.135      2.153    29.5723    18.3318          0          0  0.000e+00
  1021.0502      2.139      2.157    29.5721    18.3323          0          0  0.000e+00
  1021.0501      2.143      2.160    29.5720    18.3323          0          0  0.000e+00
  1021.0502      2.134      2.152    29.5722    18.3324          0          0  0.000e+00
  1021.0500      2.130      2.147    29.5721    18.3327          0          0  0.000e+00
  1021.0501      2.140      2.158    29.5721    18.3327          0          0  0.000e+00
  1021.0500      2.149      2.167    29.5719    18.3329          0          0  0.000e+00
  1021.0502      2.156      2.174    29.5721    18.3329          0          0  0.000e+00
  1021.0499      2.164      2.181    29.5718    18.3330          0          0  0.000e+00
  1021.0499      2.173      2.191    29.5717    18.3329          0          0  0.000e+00
  1021.0501      2.172      2.190    29.5720    18.3328          0          0  0.000e+00
