data/eDNA/PER-2021-171/171a017.cnv
* Sea-Bird SBE19plus  Data File:
* FileName = C:\Users\RSG_field\Ryan_2021_Perley\CTD\171a017.hex
* Software version 2.3.0 SB_Terminal.dll
* Temperature SN = 7141
* Conductivity SN = 7141
* System UpLoad Time = Aug 13 2021 11:35:58
* <ApplicationData>
* <SeatermAF>
** Platform: M. Perley
** Cruise: Per2021171
** Station:  ESI_03
** Cast: 01 1
** Latitude: N  44 45.181
** Longitude: W 62 5.961
** Sounding: 69.5
** Chief Scientist: Ryan Stanley
** Comment: 171a017
# nquan = 8
# nvalues = 2833                                  
# units = specified
# name 0 = density00: Density [density, kg/m^3]
# name 1 = depSM: Depth [salt water, m], lat = 45.00
# name 2 = prdM: Pressure, Strain Gauge [db]
# name 3 = sal00: Salinity, Practical [PSU]
# name 4 = tv290C: Temperature [ITS-90, deg C]
# name 5 = bpos: Bottle Position in Carousel
# name 6 = nbf: Bottles Fired
# name 7 = flag:  0.000e+00
# span 0 =   998.7150,  1025.5929                 
# span 1 =     -0.087,     67.772                 
# span 2 =     -0.088,     68.338                 
# span 3 =     0.0083,    31.7825                 
# span 4 =     3.4828,    17.8472                 
# span 5 =          0,          2                 
# span 6 =          0,          2                 
# span 7 = 0.0000e+00, 0.0000e+00                 
# interval = seconds: 0.25
# start_time = Aug 13 2021 14:21:00 [Instrument's time stamp, header]
# bad_flag = -9.990e-29
*END*
[from data line 540]
  1021.7818      2.637      2.658    30.3657    17.8172          0          0  0.000e+00
  1021.7815      2.737      2.760    30.3651    17.8181          0          0  0.000e+00
  1021.7816      2.794      2.817    30.3649    17.8185          0          0  0.000e+00
  1021.7810      2.811      2.834    30.3642    17.8187          0          0  0.000e+00
  1021.7811      2.793      2.816    30.3643    17.8185          0          0  0.000e+00
  1021.7810      2.728      2.750    30.3645    17.8183          0          0  0.000e+00
  1021.7804      2.610      2.631    30.3644    17.8181          0          0  0.000e+00
  1021.7793      2.468      2.488    30.3638    17.8181          0          0  0.000e+00
  1021.7785      2.319      2.338    30.3634    17.8175          0          0  0.000e+00
  1021.7780      2.187      2.205    30.3632    17.8168          0          0  0.000e+00
  1021.7777      2.090      2.107    30.3632    17.8161          0          0  0.000e+00
  1021.7778      2.027      2.044    30.3635    17.8153          0          0  0.000e+00
  1021.7779      2.011      2.028    30.3636    17.8148          0          0  0.000e+00
  1021.7772      2.026      2.043    30.3624    17.8143          0          0  0.000e+00
  1021.7775      2.059      2.076    30.3622    17.8131          0          0  0.000e+00
  1021.7789      2.099      2.116    30.3634    17.8116          0          0  0.000e+00
  1021.7809      2.138      2.156    30.3655    17.8107          0          0  0.000e+00
  1021.7817      2.173      2.191    30.3664    17.8110          0          0  0.000e+00
  1021.7803      2.201      2.219    30.3648    17.8122          0          0  0.000e+00
  1021.7804      2.213      2.231    30.3649    17.8124          0          0  0.000e+00
  1021.7799      2.216      2.234    30.3643    17.8128          0          0  0.000e+00
  1021.7795      2.222      2.240    30.3638    17.8128          0          0  0.000e+00
  1021.7797      2.244      2.263    30.3639    17.8125          0          0  0.000e+00
  1021.7801      2.289      2.308    30.3640    17.8123          0          0  0.000e+00
  1021.7798      2.367      2.387    30.3631    17.8123          0          0  0.000e+00
  1021.7814      2.484      2.504    30.3644    17.8118          0          0  0.000e+00
  1021.7820      2.612      2.634    30.3646    17.8122          0          0  0.000e+00
  1021.7826      2.727      2.749    30.3649    17.8127          0          0  0.000e+00
  1021.7829      2.800      2.823    30.3650    17.8134          0          0  0.000e+00
  1021.7836      2.829      2.853    30.3661    17.8144          0          0  0.000e+00
  1021.7824      2.815      2.838    30.3650    17.8154          0          0  0.000e+00
  1021.7799      2.751      2.774    30.3622    17.8160          0          0  0.000e+00
  1021.7797      2.627      2.648    30.3625    17.8153          0          0  0.000e+00
  1021.7799      2.465      2.485    30.3634    17.8144          0          0  0.000e+00
  1021.7794      2.281      2.300    30.3637    17.8141          0          0  0.000e+00
  1021.7787      2.110      2.127    30.3637    17.8138          0          0  0.000e+00
  1021.7778      1.966      1.982    30.3634    17.8137          0          0  0.000e+00
  1021.7778      1.873      1.889    30.3638    17.8133          0          0  0.000e+00
  1021.7777      1.840      1.856    30.3637    17.8130          0          0  0.000e+00
  1021.7778      1.852      1.867    30.3637    17.8126          0          0  0.000e+00
  1021.7783      1.902      1.918    30.3639    17.8121          0          0  0.000e+00
  1021.7793      1.978      1.994    30.3646    17.8119          0          0  0.000e+00
  1021.7795      2.063      2.080    30.3644    17.8118          0          0  0.000e+00
  1021.7801      2.151      2.169    30.3647    17.8118          0          0  0.000e+00
  1021.7807      2.236      2.254    30.3651    17.8122          0          0  0.000e+00
  1021.7814      2.312      2.331    30.3657    17.8128          0          0  0.000e+00
  1021.7814      2.388      2.408    30.3657    17.8139          0          0  0.000e+00
  1021.7811      2.469      2.489    30.3652    17.8151          0          0  0.000e+00
  1021.7812      2.547      2.568    30.3651    17.8157          0          0  0.000e+00
  1021.7810      2.623      2.644    30.3645    17.8164          0          0  0.000e+00
  1021.7798      2.691      2.713    30.3627    17.8167          0          0  0.000e+00
  1021.7776      2.737      2.760    30.3594    17.8162          0          0  0.000e+00
  1021.7769      2.757      2.780    30.3578    17.8143          0          0  0.000e+00
  1021.7792      2.749      2.771    30.3600    17.8119          0          0  0.000e+00
  1021.7815      2.716      2.738    30.3630    17.8108          0          0  0.000e+00
  1021.7824      2.660      2.682    30.3645    17.8109          0          0  0.000e+00
  1021.7824      2.573      2.594    30.3653    17.8118          0          0  0.000e+00
  1021.7796      2.469      2.489    30.3624    17.8127          0          0  0.000e+00
  1021.7786      2.356      2.375    30.3618    17.8125          0          0  0.000e+00
  1021.7792      2.262      2.281    30.3629    17.8121          0          0  0.000e+00
  1021.7799      2.194      2.212    30.3641    17.8117          0          0  0.000e+00
  1021.7795      2.154      2.172    30.3640    17.8121          0          0  0.000e+00
  1021.7796      2.144      2.161    30.3642    17.8121          0          0  0.000e+00
  1021.7801      2.150      2.168    30.3649    17.8124          0          0  0.000e+00
  1021.7793      2.163      2.180    30.3639    17.8130          0          0  0.000e+00
  1021.7763      2.183      2.201    30.3600    17.8132          0          0  0.000e+00
  1021.7788      2.192      2.210    30.3630    17.8123          0          0  0.000e+00
  1021.7777      2.198      2.216    30.3615    17.8125          0          0  0.000e+00
  1021.7774      2.193      2.211    30.3611    17.8124          0          0  0.000e+00
  1021.7777      2.188      2.206    30.3614    17.8121          0          0  0.000e+00
  1021.7779      2.183      2.201    30.3616    17.8117          0          0  0.000e+00
  1021.7778      2.180      2.197    30.3615    17.8115          0          0  0.000e+00
  1021.7780      2.196      2.214    30.3616    17.8112          0          0  0.000e+00
  1021.7779      2.239      2.257    30.3611    17.8109          0          0  0.000e+00
  1021.7784      2.311      2.330    30.3612    17.8108          0          0  0.000e+00
  1021.7788      2.392      2.411    30.3612    17.8105          0          0  0.000e+00
  1021.7800      2.468      2.488    30.3622    17.8100          0          0  0.000e+00
  1021.7801      2.539      2.560    30.3619    17.8101          0          0  0.000e+00
  1021.7805      2.594      2.615    30.3621    17.8103          0          0  0.000e+00
  1021.7834      2.632      2.654    30.3659    17.8109          0          0  0.000e+00
  1021.7809      2.641      2.662    30.3633    17.8133          0          0  0.000e+00
  1021.7790      2.625      2.646    30.3613    17.8145          0          0  0.000e+00
  1021.7785      2.598      2.620    30.3608    17.8146          0          0  0.000e+00
  1021.7782      2.557      2.578    30.3606    17.8143          0          0  0.000e+00
  1021.7790      2.504      2.524    30.3617    17.8136          0          0  0.000e+00
  1021.7793      2.463      2.483    30.3623    17.8134          0          0  0.000e+00
  1021.7790      2.438      2.458    30.3622    17.8138          0          0  0.000e+00
  1021.7787      2.428      2.448    30.3619    17.8140          0          0  0.000e+00
  1021.7791      2.427      2.446    30.3625    17.8140          0          0  0.000e+00
  1021.7789      2.422      2.442    30.3624    17.8145          0          0  0.000e+00
  1021.7790      2.401      2.421    30.3627    17.8147          0          0  0.000e+00
  1021.7791      2.364      2.383    30.3632    17.8151          0          0  0.000e+00
  1021.7781      2.312      2.331    30.3624    17.8157          0          0  0.000e+00
  1021.7776      2.250      2.268    30.3622    17.8162          0          0  0.000e+00
  1021.7772      2.174      2.192    30.3623    17.8165          0          0  0.000e+00
  1021.7769      2.105      2.123    30.3623    17.8167          0          0  0.000e+00
  1021.7766      2.058      2.075    30.3623    17.8170          0          0  0.000e+00
  1021.7763      2.031      2.048    30.3621    17.8172          0          0  0.000e+00
  1021.7767      2.025      2.041    30.3627    17.8174          0          0  0.000e+00
  1021.7768      2.041      2.057    30.3628    17.8174          0          0  0.000e+00
  1021.7756      2.082      2.099    30.3610    17.8177          0          0  0.000e+00
  1021.7757      2.147      2.164    30.3605    17.8168          0          0  0.000e+00
  1021.7771      2.229      2.248    30.3615    17.8158          0          0  0.000e+00
  1021.7779      2.320      2.339    30.3619    17.8153          0          0  0.000e+00
  1021.7769      2.427      2.446    30.3599    17.8150          0          0  0.000e+00
  1021.7781      2.534      2.554    30.3605    17.8139          0          0  0.000e+00
  1021.7805      2.610      2.631    30.3629    17.8130          0          0  0.000e+00
  1021.7809      2.663      2.685    30.3631    17.8130          0          0  0.000e+00
  1021.7807      2.694      2.716    30.3628    17.8134          0          0  0.000e+00
  1021.7808      2.711      2.733    30.3629    17.8136          0          0  0.000e+00
  1021.7807      2.703      2.725    30.3629    17.8140          0          0  0.000e+00
  1021.7804      2.682      2.704    30.3626    17.8141          0          0  0.000e+00
  1021.7794      2.654      2.676    30.3617    17.8145          0          0  0.000e+00
  1021.7794      2.625      2.646    30.3616    17.8140          0          0  0.000e+00
  1021.7793      2.583      2.605    30.3616    17.8134          0          0  0.000e+00
  1021.7794      2.530      2.551    30.3619    17.8131          0          0  0.000e+00
  1021.7790      2.452      2.472    30.3618    17.8128          0          0  0.000e+00
  1021.7786      2.348      2.367    30.3618    17.8125          0          0  0.000e+00
  1021.7784      2.227      2.246    30.3621    17.8123          0          0  0.000e+00
  1021.7781      2.096      2.113    30.3625    17.8122          0          0  0.000e+00
  1021.7775      1.955      1.971    30.3626    17.8124          0          0  0.000e+00
  1021.7766      1.821      1.836    30.3624    17.8128          0          0  0.000e+00
  1021.7763      1.720      1.734    30.3626    17.8128          0          0  0.000e+00
  1021.7761      1.675      1.689    30.3626    17.8131          0          0  0.000e+00
  1021.7756      1.705      1.719    30.3619    17.8134          0          0  0.000e+00
  1021.7760      1.817      1.832    30.3618    17.8135          0          0  0.000e+00
  1021.7773      2.007      2.023    30.3623    17.8131          0          0  0.000e+00
  1021.7783      2.229      2.248    30.3622    17.8130          0          0  0.000e+00
  1021.7802      2.469      2.489    30.3634    17.8130          0          0  0.000e+00
  1021.7831      2.674      2.695    30.3661    17.8135          0          0  0.000e+00
  1021.7840      2.837      2.860    30.3670    17.8154          0          0  0.000e+00
  1021.7836      2.922      2.946    30.3667    17.8181          0          0  0.000e+00
  1021.7805      2.949      2.973    30.3636    17.8214          0          0  0.000e+00
  1021.7785      2.922      2.946    30.3616    17.8228          0          0  0.000e+00
  1021.7770      2.836      2.859    30.3600    17.8229          0          0  0.000e+00
  1021.7770      2.689      2.711    30.3606    17.8217          0          0  0.000e+00
  1021.7765      2.516      2.536    30.3606    17.8207          0          0  0.000e+00
  1021.7752      2.343      2.362    30.3597    17.8197          0          0  0.000e+00
  1021.7751      2.189      2.207    30.3600    17.8185          0          0  0.000e+00
  1021.7757      2.074      2.091    30.3609    17.8168          0          0  0.000e+00
  1021.7759      2.005      2.021    30.3614    17.8161          0          0  0.000e+00
  1021.7760      1.976      1.992    30.3616    17.8157          0          0  0.000e+00
  1021.7763      1.974      1.990    30.3618    17.8153          0          0  0.000e+00
  1021.7756      1.994      2.010    30.3607    17.8151          0          0  0.000e+00
  1021.7757      2.026      2.042    30.3604    17.8142          0          0  0.000e+00
  1021.7764      2.067      2.084    30.3607    17.8132          0          0  0.000e+00
  1021.7771      2.110      2.127    30.3612    17.8122          0          0  0.000e+00
  1021.7779      2.153      2.171    30.3617    17.8117          0          0  0.000e+00
  1021.7785      2.206      2.224    30.3622    17.8112          0          0  0.000e+00
  1021.7790      2.258      2.277    30.3624    17.8112          0          0  0.000e+00
  1021.7791      2.309      2.328    30.3624    17.8115          0          0  0.000e+00
  1021.7798      2.353      2.373    30.3631    17.8117          0          0  0.000e+00
  1021.7794      2.396      2.415    30.3625    17.8121          0          0  0.000e+00
  1021.7797      2.438      2.458    30.3628    17.8125          0          0  0.000e+00
  1021.7796      2.487      2.507    30.3625    17.8131          0          0  0.000e+00
  1021.7798      2.535      2.555    30.3625    17.8134          0          0  0.000e+00
  1021.7802      2.582      2.604    30.3629    17.8137          0          0  0.000e+00
  1021.7812      2.623      2.644    30.3640    17.8141          0          0  0.000e+00
  1021.7819      2.651      2.673    30.3651    17.8149          0          0  0.000e+00
  1021.7819      2.671      2.693    30.3655    17.8167          0          0  0.000e+00
  1021.7797      2.675      2.696    30.3632    17.8187          0          0  0.000e+00
  1021.7786      2.661      2.683    30.3622    17.8197          0          0  0.000e+00
  1021.7767      2.623      2.644    30.3601    17.8202          0          0  0.000e+00
  1021.7768      2.572      2.593    30.3602    17.8193          0          0  0.000e+00
  1021.7762      2.505      2.525    30.3596    17.8182          0          0  0.000e+00
  1021.7764      2.414      2.434    30.3599    17.8167          0          0  0.000e+00
  1021.7766      2.304      2.322    30.3603    17.8154          0          0  0.000e+00
  1021.7773      2.191      2.209    30.3616    17.8142          0          0  0.000e+00
  1021.7773      2.079      2.096    30.3621    17.8139          0          0  0.000e+00
  1021.7774      1.980      1.997    30.3628    17.8140          0          0  0.000e+00
  1021.7770      1.898      1.913    30.3629    17.8144          0          0  0.000e+00
  1021.7764      1.862      1.877    30.3625    17.8149          0          0  0.000e+00
  1021.7772      1.883      1.898    30.3635    17.8150          0          0  0.000e+00
  1021.7777      1.970      1.986    30.3638    17.8157          0          0  0.000e+00
  1021.7769      2.089      2.107    30.3625    17.8170          0          0  0.000e+00
  1021.7776      2.194      2.212    30.3631    17.8178          0          0  0.000e+00
  1021.7779      2.294      2.313    30.3632    17.8189          0          0  0.000e+00
  1021.7770      2.388      2.408    30.3618    17.8202          0          0  0.000e+00
  1021.7773      2.476      2.497    30.3619    17.8207          0          0  0.000e+00
