data/eDNA/PER-2021-171/171a019.cnv
* Sea-Bird SBE19plus  Data File:
* FileName = C:\Users\RSG_field\Ryan_2021_Perley\CTD\171a019.hex
* Software version 2.3.0 SB_Terminal.dll
* Temperature SN = 7141
* Conductivity SN = 7141
* System UpLoad Time = Aug 14 2021 13:39:03
* <ApplicationData>
* <SeatermAF>
** Platform: M. Perley
** Cruise: Per2021171
** Station:  ESI_01
** Cast: 01 1
** Latitude: N  44 54.370
** Longitude: W 62 13.895
** Sounding: 20.9
** Chief Scientist: Ryan Stanley
** Comment: 171a019
** Only station of the day
# nquan = 8
# nvalues = 2161                                  
# units = specified
# name 0 = density00: Density [density, kg/m^3]
# name 1 = depSM: Depth [salt water, m], lat = 45.00
# name 2 = prdM: Pressure, Strain Gauge [db]
# name 3 = sal00: Salinity, Practical [PSU]
# name 4 = tv290C: Temperature [ITS-90, deg C]
# name 5 = bpos: Bottle Position in Carousel
# name 6 = nbf: Bottles Fired
# name 7 = flag:  0.000e+00
# span 0 =   998.0615,  1023.5208                 
# span 1 =     -0.071,     20.782                 
# span 2 =     -0.071,     20.953                 
# span 3 =     0.0000,    30.6361                 
# span 4 =    10.6322,    20.6977                 
# span 5 =          0,          2                 
# span 6 =          0,          2                 
# span 7 = 0.0000e+00, 0.0000e+00                 
# interval = seconds: 0.25
# start_time = Aug 14 2021 16:27:09 [Instrument's time stamp, header]
# bad_flag = -9.990e-29
*END*
[from data line 540]
  1021.5180      1.429      1.441    30.0476    17.8813          0          0  0.000e+00
  1021.4855      1.534      1.547    30.0007    17.8693          0          0  0.000e+00
  1021.4790      1.620      1.633    29.9786    17.8271          0          0  0.000e+00
  1021.5212      1.681      1.695    30.0147    17.7664          0          0  0.000e+00
  1021.5370      1.718      1.732    30.0202    17.7183          0          0  0.000e+00
  1021.5622      1.731      1.745    30.0404    17.6769          0          0  0.000e+00
  1021.5834      1.729      1.743    30.0585    17.6457          0          0  0.000e+00
  1021.5985      1.721      1.735    30.0720    17.6250          0          0  0.000e+00
  1021.6087      1.710      1.724    30.0817    17.6131          0          0  0.000e+00
  1021.6122      1.701      1.715    30.0849    17.6082          0          0  0.000e+00
  1021.6165      1.698      1.712    30.0900    17.6065          0          0  0.000e+00
  1021.6195      1.692      1.706    30.0944    17.6081          0          0  0.000e+00
  1021.6224      1.682      1.696    30.1000    17.6138          0          0  0.000e+00
  1021.6220      1.663      1.677    30.1027    17.6235          0          0  0.000e+00
  1021.6162      1.638      1.651    30.0989    17.6355          0          0  0.000e+00
  1021.6047      1.597      1.610    30.0873    17.6461          0          0  0.000e+00
  1021.5979      1.547      1.559    30.0800    17.6503          0          0  0.000e+00
  1021.6015      1.494      1.506    30.0848    17.6498          0          0  0.000e+00
  1021.6084      1.444      1.456    30.0946    17.6511          0          0  0.000e+00
  1021.6118      1.404      1.415    30.1015    17.6584          0          0  0.000e+00
  1021.6161      1.373      1.384    30.1116    17.6721          0          0  0.000e+00
  1021.6171      1.356      1.367    30.1194    17.6930          0          0  0.000e+00
  1021.6088      1.344      1.355    30.1168    17.7196          0          0  0.000e+00
  1021.6016      1.337      1.348    30.1160    17.7471          0          0  0.000e+00
  1021.5928      1.334      1.345    30.1130    17.7749          0          0  0.000e+00
  1021.5774      1.334      1.345    30.1011    17.8015          0          0  0.000e+00
  1021.5641      1.338      1.349    30.0902    17.8222          0          0  0.000e+00
  1021.5607      1.353      1.364    30.0902    17.8371          0          0  0.000e+00
  1021.5544      1.379      1.391    30.0861    17.8507          0          0  0.000e+00
  1021.5469      1.427      1.439    30.0796    17.8626          0          0  0.000e+00
  1021.5494      1.492      1.504    30.0853    17.8715          0          0  0.000e+00
  1021.5499      1.567      1.580    30.0890    17.8826          0          0  0.000e+00
  1021.5403      1.648      1.662    30.0800    17.8959          0          0  0.000e+00
  1021.5329      1.723      1.737    30.0727    17.9051          0          0  0.000e+00
  1021.5271      1.782      1.797    30.0663    17.9098          0          0  0.000e+00
  1021.5030      1.828      1.843    30.0342    17.9090          0          0  0.000e+00
  1021.4709      1.845      1.860    29.9858    17.8887          0          0  0.000e+00
  1021.4543      1.838      1.853    29.9473    17.8345          0          0  0.000e+00
  1021.5124      1.808      1.823    29.9985    17.7533          0          0  0.000e+00
  1021.5733      1.755      1.770    30.0605    17.6954          0          0  0.000e+00
  1021.6014      1.686      1.699    30.0918    17.6764          0          0  0.000e+00
  1021.6219      1.601      1.614    30.1206    17.6812          0          0  0.000e+00
  1021.6292      1.509      1.521    30.1383    17.7059          0          0  0.000e+00
  1021.5944      1.417      1.429    30.1057    17.7458          0          0  0.000e+00
  1021.6018      1.336      1.347    30.1283    17.7860          0          0  0.000e+00
  1021.5958      1.279      1.289    30.1326    17.8244          0          0  0.000e+00
  1021.5735      1.257      1.268    30.1158    17.8637          0          0  0.000e+00
  1021.5851      1.273      1.284    30.1420    17.8998          0          0  0.000e+00
  1021.5796      1.311      1.322    30.1488    17.9454          0          0  0.000e+00
  1021.5779      1.363      1.374    30.1633    18.0000          0          0  0.000e+00
  1021.5124      1.416      1.428    30.0978    18.0657          0          0  0.000e+00
  1021.4544      1.461      1.473    30.0316    18.0974          0          0  0.000e+00
  1021.4548      1.496      1.508    30.0284    18.0863          0          0  0.000e+00
  1021.4598      1.525      1.538    30.0284    18.0659          0          0  0.000e+00
  1021.4799      1.546      1.558    30.0481    18.0454          0          0  0.000e+00
  1021.4746      1.562      1.574    30.0378    18.0347          0          0  0.000e+00
  1021.4535      1.567      1.580    30.0048    18.0175          0          0  0.000e+00
  1021.5158      1.568      1.581    30.0754    17.9825          0          0  0.000e+00
  1021.5467      1.566      1.579    30.1157    17.9820          0          0  0.000e+00
  1021.5421      1.564      1.576    30.1201    18.0156          0          0  0.000e+00
  1021.4311      1.565      1.578    29.9837    18.0440          0          0  0.000e+00
  1021.4327      1.581      1.594    29.9734    18.0043          0          0  0.000e+00
  1021.4635      1.603      1.616    29.9946    17.9435          0          0  0.000e+00
  1021.4822      1.641      1.654    30.0023    17.8904          0          0  0.000e+00
  1021.4928      1.678      1.692    30.0011    17.8427          0          0  0.000e+00
  1021.4962      1.712      1.726    29.9896    17.7915          0          0  0.000e+00
  1021.5505      1.725      1.739    30.0431    17.7350          0          0  0.000e+00
  1021.5942      1.725      1.739    30.0912    17.7055          0          0  0.000e+00
  1021.5971      1.695      1.709    30.0955    17.7067          0          0  0.000e+00
  1021.6042      1.647      1.661    30.1072    17.7136          0          0  0.000e+00
  1021.6174      1.588      1.601    30.1297    17.7294          0          0  0.000e+00
  1021.5967      1.521      1.534    30.1122    17.7589          0          0  0.000e+00
  1021.5598      1.464      1.476    30.0710    17.7810          0          0  0.000e+00
  1021.5697      1.427      1.439    30.0842    17.7811          0          0  0.000e+00
  1021.5829      1.413      1.425    30.1028    17.7852          0          0  0.000e+00
  1021.6002      1.415      1.427    30.1310    17.8033          0          0  0.000e+00
  1021.5986      1.432      1.444    30.1397    17.8385          0          0  0.000e+00
  1021.5861      1.451      1.463    30.1371    17.8832          0          0  0.000e+00
  1021.5714      1.464      1.476    30.1325    17.9301          0          0  0.000e+00
  1021.5335      1.466      1.478    30.0965    17.9738          0          0  0.000e+00
  1021.4979      1.457      1.469    30.0577    17.9988          0          0  0.000e+00
  1021.4885      1.442      1.454    30.0453    17.9980          0          0  0.000e+00
  1021.4807      1.429      1.441    30.0313    17.9858          0          0  0.000e+00
  1021.4808      1.432      1.444    30.0252    17.9659          0          0  0.000e+00
  1021.5134      1.461      1.473    30.0599    17.9410          0          0  0.000e+00
  1021.5200      1.514      1.526    30.0660    17.9335          0          0  0.000e+00
  1021.5026      1.580      1.592    30.0421    17.9313          0          0  0.000e+00
  1021.4959      1.637      1.650    30.0283    17.9162          0          0  0.000e+00
  1021.4947      1.681      1.695    30.0180    17.8889          0          0  0.000e+00
  1021.5034      1.698      1.712    30.0194    17.8572          0          0  0.000e+00
  1021.4997      1.692      1.706    30.0031    17.8202          0          0  0.000e+00
  1021.5440      1.665      1.679    30.0477    17.7761          0          0  0.000e+00
  1021.5702      1.623      1.636    30.0751    17.7534          0          0  0.000e+00
  1021.5909      1.582      1.595    30.1014    17.7500          0          0  0.000e+00
  1021.5940      1.564      1.576    30.1099    17.7642          0          0  0.000e+00
  1021.5713      1.578      1.591    30.0868    17.7858          0          0  0.000e+00
  1021.5581      1.611      1.625    30.0729    17.7970          0          0  0.000e+00
  1021.5200      1.644      1.658    30.0225    17.7961          0          0  0.000e+00
  1021.5086      1.666      1.680    29.9988    17.7677          0          0  0.000e+00
  1021.5174      1.672      1.685    29.9940    17.7154          0          0  0.000e+00
  1021.5731      1.656      1.669    30.0494    17.6584          0          0  0.000e+00
  1021.5978      1.613      1.627    30.0729    17.6291          0          0  0.000e+00
  1021.6009      1.553      1.566    30.0738    17.6177          0          0  0.000e+00
  1021.6163      1.488      1.501    30.0915    17.6082          0          0  0.000e+00
  1021.6372      1.428      1.440    30.1196    17.6098          0          0  0.000e+00
  1021.6353      1.385      1.396    30.1231    17.6282          0          0  0.000e+00
  1021.6196      1.359      1.370    30.1104    17.6531          0          0  0.000e+00
  1021.6294      1.353      1.364    30.1291    17.6721          0          0  0.000e+00
  1021.6610      1.358      1.369    30.1796    17.7021          0          0  0.000e+00
  1021.6529      1.367      1.378    30.1886    17.7655          0          0  0.000e+00
  1021.5906      1.380      1.392    30.1301    17.8402          0          0  0.000e+00
  1021.5535      1.401      1.413    30.0961    17.8874          0          0  0.000e+00
  1021.5298      1.431      1.443    30.0710    17.9070          0          0  0.000e+00
  1021.5155      1.469      1.481    30.0532    17.9107          0          0  0.000e+00
  1021.5109      1.520      1.533    30.0439    17.9009          0          0  0.000e+00
  1021.5023      1.581      1.594    30.0264    17.8822          0          0  0.000e+00
  1021.5603      1.642      1.656    30.0945    17.8580          0          0  0.000e+00
  1021.5783      1.695      1.709    30.1198    17.8648          0          0  0.000e+00
  1021.5653      1.735      1.750    30.1119    17.8946          0          0  0.000e+00
  1021.5483      1.765      1.779    30.0989    17.9252          0          0  0.000e+00
  1021.5282      1.775      1.789    30.0791    17.9463          0          0  0.000e+00
  1021.5259      1.774      1.788    30.0794    17.9569          0          0  0.000e+00
  1021.5155      1.762      1.776    30.0685    17.9651          0          0  0.000e+00
  1021.5194      1.744      1.758    30.0747    17.9684          0          0  0.000e+00
  1021.5191      1.722      1.736    30.0759    17.9729          0          0  0.000e+00
  1021.5376      1.694      1.708    30.1025    17.9803          0          0  0.000e+00
  1021.5203      1.658      1.672    30.0865    18.0009          0          0  0.000e+00
  1021.5076      1.613      1.627    30.0749    18.0163          0          0  0.000e+00
  1021.5081      1.557      1.570    30.0785    18.0245          0          0  0.000e+00
  1021.5130      1.494      1.506    30.0884    18.0346          0          0  0.000e+00
  1021.5043      1.430      1.442    30.0822    18.0499          0          0  0.000e+00
  1021.4867      1.373      1.384    30.0636    18.0629          0          0  0.000e+00
  1021.4743      1.332      1.342    30.0486    18.0662          0          0  0.000e+00
  1021.4907      1.314      1.324    30.0681    18.0598          0          0  0.000e+00
  1021.4878      1.317      1.327    30.0649    18.0615          0          0  0.000e+00
  1021.4911      1.329      1.340    30.0700    18.0644          0          0  0.000e+00
  1021.4927      1.352      1.363    30.0737    18.0700          0          0  0.000e+00
  1021.4826      1.368      1.379    30.0630    18.0782          0          0  0.000e+00
  1021.4906      1.387      1.398    30.0745    18.0817          0          0  0.000e+00
  1021.5005      1.399      1.411    30.0901    18.0905          0          0  0.000e+00
  1021.4893      1.422      1.433    30.0808    18.1078          0          0  0.000e+00
  1021.4735      1.466      1.478    30.0646    18.1231          0          0  0.000e+00
  1021.3284      1.536      1.549    29.8741    18.1230          0          0  0.000e+00
  1021.2872      1.624      1.637    29.7870    18.0181          0          0  0.000e+00
  1021.4614      1.716      1.730    29.9580    17.8366          0          0  0.000e+00
  1021.5576      1.798      1.813    30.0527    17.7376          0          0  0.000e+00
  1021.5843      1.854      1.869    30.0770    17.7042          0          0  0.000e+00
  1021.5747      1.882      1.897    30.0613    17.6943          0          0  0.000e+00
  1021.5453      1.880      1.895    30.0169    17.6753          0          0  0.000e+00
  1021.5870      1.845      1.860    30.0586    17.6329          0          0  0.000e+00
  1021.6034      1.789      1.804    30.0723    17.6066          0          0  0.000e+00
  1021.6078      1.712      1.726    30.0740    17.5918          0          0  0.000e+00
  1021.6207      1.634      1.647    30.0876    17.5797          0          0  0.000e+00
  1021.6262      1.567      1.580    30.0936    17.5745          0          0  0.000e+00
  1021.6286      1.515      1.527    30.0971    17.5747          0          0  0.000e+00
  1021.6403      1.477      1.489    30.1137    17.5783          0          0  0.000e+00
  1021.6470      1.444      1.456    30.1272    17.5931          0          0  0.000e+00
  1021.6497      1.418      1.430    30.1384    17.6174          0          0  0.000e+00
  1021.6703      1.391      1.402    30.1761    17.6519          0          0  0.000e+00
  1021.6385      1.364      1.376    30.1521    17.7083          0          0  0.000e+00
  1021.5891      1.338      1.349    30.1029    17.7577          0          0  0.000e+00
  1021.5590      1.318      1.329    30.0702    17.7789          0          0  0.000e+00
  1021.5454      1.311      1.322    30.0520    17.7776          0          0  0.000e+00
  1021.5587      1.323      1.334    30.0650    17.7633          0          0  0.000e+00
  1021.5905      1.352      1.363    30.1034    17.7540          0          0  0.000e+00
  1021.5830      1.395      1.407    30.0978    17.7682          0          0  0.000e+00
  1021.5829      1.451      1.463    30.1026    17.7854          0          0  0.000e+00
  1021.5872      1.515      1.527    30.1135    17.8033          0          0  0.000e+00
  1021.5335      1.577      1.590    30.0494    17.8244          0          0  0.000e+00
  1021.5706      1.636      1.649    30.0949    17.8159          0          0  0.000e+00
  1021.5788      1.687      1.700    30.1080    17.8242          0          0  0.000e+00
  1021.5636      1.726      1.740    30.0948    17.8465          0          0  0.000e+00
  1021.5498      1.758      1.772    30.0814    17.8626          0          0  0.000e+00
  1021.5425      1.776      1.790    30.0743    17.8705          0          0  0.000e+00
  1021.5431      1.782      1.797    30.0759    17.8734          0          0  0.000e+00
  1021.5547      1.782      1.797    30.0926    17.8779          0          0  0.000e+00
  1021.5485      1.777      1.791    30.0885    17.8912          0          0  0.000e+00
  1021.5427      1.769      1.784    30.0851    17.9046          0          0  0.000e+00
  1021.5364      1.758      1.772    30.0806    17.9163          0          0  0.000e+00
