data/eDNA/PER-2021-171/171a017.cnv
* Sea-Bird SBE19plus  Data File:
* FileName = C:\Users\RSG_field\Ryan_2021_Perley\CTD\171a017.hex
* Software version 2.3.0 SB_Terminal.dll
* Temperature SN = 7141
* Conductivity SN = 7141
* System UpLoad Time = Aug 13 2021 11:35:58
* <ApplicationData>
* <SeatermAF>
** Platform: M. Perley
** Cruise: Per2021171
** Station:  ESI_03
** Cast: 01 1
** Latitude: N  44 45.181
** Longitude: W 62 5.961
** Sounding: 69.5
** Chief Scientist: Ryan Stanley
** Comment: 171a017
# nquan = 8
# nvalues = 2833                                  
# units = specified
# name 0 = density00: Density [density, kg/m^3]
# name 1 = depSM: Depth [salt water, m], lat = 45.00
# name 2 = prdM: Pressure, Strain Gauge [db]
# name 3 = sal00: Salinity, Practical [PSU]
# name 4 = tv290C: Temperature [ITS-90, deg C]
# name 5 = bpos: Bottle Position in Carousel
# name 6 = nbf: Bottles Fired
# name 7 = flag:  0.000e+00
# span 0 =   998.7150,  1025.5929                 
# span 1 =     -0.087,     67.772                 
# span 2 =     -0.088,     68.338                 
# span 3 =     0.0083,    31.7825                 
# span 4 =     3.4828,    17.8472                 
# span 5 =          0,          2                 
# span 6 =          0,          2                 
# span 7 = 0.0000e+00, 0.0000e+00                 
# interval = seconds: 0.25
# start_time = Aug 13 2021 14:21:00 [Instrument's time stamp, header]
# bad_flag = -9.990e-29
*END*
[from data line 1259]
  1025.0969     47.258     47.650    31.4588     4.9420          0          0  0.000e+00
  1025.0894     47.240     47.632    31.4500     4.9466          0          0  0.000e+00
  1025.0862     47.258     47.650    31.4461     4.9485          0          0  0.000e+00
  1025.0852     47.314     47.707    31.4445     4.9490          0          0  0.000e+00
  1025.0847     47.409     47.802    31.4433     4.9484          0          0  0.000e+00
  1025.0835     47.536     47.931    31.4403     4.9435          0          0  0.000e+00
  1025.0840     47.681     48.077    31.4386     4.9327          0          0  0.000e+00
  1025.0901     47.846     48.243    31.4432     4.9164          0          0  0.000e+00
  1025.0879     48.021     48.420    31.4370     4.8991          0          0  0.000e+00
  1025.0871     48.209     48.609    31.4322     4.8796          0          0  0.000e+00
  1025.1005     48.411     48.812    31.4450     4.8577          0          0  0.000e+00
  1025.1172     48.622     49.025    31.4624     4.8400          0          0  0.000e+00
  1025.1213     48.839     49.244    31.4649     4.8294          0          0  0.000e+00
  1025.1277     49.047     49.454    31.4705     4.8205          0          0  0.000e+00
  1025.1380     49.237     49.646    31.4812     4.8109          0          0  0.000e+00
  1025.1469     49.396     49.807    31.4900     4.8005          0          0  0.000e+00
  1025.1582     49.523     49.934    31.5024     4.7921          0          0  0.000e+00
  1025.1622     49.611     50.023    31.5064     4.7880          0          0  0.000e+00
  1025.1660     49.673     50.086    31.5106     4.7861          0          0  0.000e+00
  1025.1654     49.718     50.131    31.5095     4.7861          0          0  0.000e+00
  1025.1680     49.760     50.173    31.5127     4.7865          0          0  0.000e+00
  1025.1682     49.812     50.226    31.5127     4.7874          0          0  0.000e+00
  1025.1691     49.879     50.293    31.5136     4.7882          0          0  0.000e+00
  1025.1706     49.965     50.380    31.5148     4.7875          0          0  0.000e+00
  1025.1730     50.066     50.482    31.5169     4.7856          0          0  0.000e+00
  1025.1745     50.177     50.594    31.5180     4.7837          0          0  0.000e+00
  1025.1785     50.290     50.708    31.5219     4.7812          0          0  0.000e+00
  1025.1803     50.400     50.819    31.5234     4.7796          0          0  0.000e+00
  1025.1815     50.499     50.919    31.5241     4.7785          0          0  0.000e+00
  1025.1815     50.590     51.010    31.5236     4.7781          0          0  0.000e+00
  1025.1806     50.672     51.093    31.5219     4.7776          0          0  0.000e+00
  1025.1817     50.744     51.165    31.5227     4.7769          0          0  0.000e+00
  1025.1832     50.819     51.241    31.5241     4.7763          0          0  0.000e+00
  1025.1842     50.906     51.329    31.5249     4.7764          0          0  0.000e+00
  1025.1870     51.017     51.441    31.5279     4.7771          0          0  0.000e+00
  1025.1882     51.165     51.590    31.5287     4.7783          0          0  0.000e+00
  1025.1884     51.343     51.769    31.5280     4.7794          0          0  0.000e+00
  1025.1883     51.556     51.984    31.5268     4.7807          0          0  0.000e+00
  1025.1711     51.802     52.232    31.5034     4.7795          0          0  0.000e+00
  1025.1545     52.064     52.496    31.4795     4.7679          0          0  0.000e+00
  1025.1246     52.332     52.767    31.4368     4.7426          0          0  0.000e+00
  1025.0846     52.568     53.005    31.3787     4.6964          0          0  0.000e+00
  1025.0444     52.781     53.220    31.3165     4.6189          0          0  0.000e+00
  1025.0716     52.937     53.377    31.3352     4.5053          0          0  0.000e+00
  1025.1167     53.043     53.484    31.3771     4.3946          0          0  0.000e+00
  1025.1916     53.103     53.544    31.4596     4.3036          0          0  0.000e+00
  1025.2496     53.117     53.559    31.5257     4.2485          0          0  0.000e+00
  1025.3176     53.095     53.537    31.6090     4.2285          0          0  0.000e+00
  1025.3873     53.054     53.495    31.6998     4.2504          0          0  0.000e+00
  1025.3150     53.005     53.446    31.6169     4.3130          0          0  0.000e+00
  1025.2593     52.971     53.412    31.5518     4.3513          0          0  0.000e+00
  1025.2965     52.964     53.404    31.5998     4.3601          0          0  0.000e+00
  1025.2929     52.996     53.436    31.5979     4.3822          0          0  0.000e+00
  1025.2641     53.068     53.509    31.5644     4.4075          0          0  0.000e+00
  1025.1460     53.185     53.628    31.4159     4.4149          0          0  0.000e+00
  1025.1198     53.346     53.790    31.3754     4.3641          0          0  0.000e+00
  1025.1585     53.538     53.984    31.4124     4.2800          0          0  0.000e+00
  1025.2130     53.762     54.209    31.4703     4.2054          0          0  0.000e+00
  1025.2454     53.990     54.439    31.5039     4.1577          0          0  0.000e+00
  1025.2582     54.225     54.676    31.5148     4.1271          0          0  0.000e+00
  1025.2608     54.454     54.907    31.5137     4.1020          0          0  0.000e+00
  1025.2742     54.674     55.129    31.5261     4.0771          0          0  0.000e+00
  1025.2919     54.881     55.337    31.5447     4.0572          0          0  0.000e+00
  1025.3003     55.077     55.535    31.5526     4.0445          0          0  0.000e+00
  1025.3007     55.259     55.719    31.5510     4.0366          0          0  0.000e+00
  1025.2982     55.432     55.893    31.5458     4.0281          0          0  0.000e+00
  1025.3085     55.592     56.054    31.5564     4.0171          0          0  0.000e+00
  1025.3231     55.734     56.198    31.5731     4.0101          0          0  0.000e+00
  1025.3248     55.844     56.309    31.5746     4.0095          0          0  0.000e+00
  1025.3180     55.923     56.388    31.5656     4.0098          0          0  0.000e+00
  1025.3177     55.972     56.438    31.5644     4.0057          0          0  0.000e+00
  1025.3230     55.989     56.455    31.5704     4.0010          0          0  0.000e+00
  1025.3303     55.989     56.455    31.5794     3.9998          0          0  0.000e+00
  1025.3386     55.973     56.439    31.5904     4.0032          0          0  0.000e+00
  1025.3411     55.952     56.418    31.5948     4.0123          0          0  0.000e+00
  1025.3314     55.948     56.414    31.5841     4.0246          0          0  0.000e+00
  1025.3231     55.963     56.429    31.5746     4.0333          0          0  0.000e+00
  1025.3201     56.006     56.472    31.5711     4.0373          0          0  0.000e+00
  1025.2747     56.081     56.547    31.5134     4.0369          0          0  0.000e+00
  1025.2809     56.187     56.654    31.5180     4.0154          0          0  0.000e+00
  1025.3007     56.325     56.794    31.5387     3.9884          0          0  0.000e+00
  1025.3121     56.491     56.961    31.5499     3.9701          0          0  0.000e+00
  1025.3118     56.674     57.146    31.5469     3.9573          0          0  0.000e+00
  1025.3007     56.880     57.353    31.5297     3.9415          0          0  0.000e+00
  1025.3073     57.097     57.573    31.5336     3.9152          0          0  0.000e+00
  1025.3290     57.324     57.801    31.5562     3.8873          0          0  0.000e+00
  1025.3610     57.549     58.028    31.5928     3.8675          0          0  0.000e+00
  1025.4280     57.765     58.246    31.6753     3.8631          0          0  0.000e+00
  1025.4131     57.968     58.450    31.6577     3.8824          0          0  0.000e+00
  1025.4134     58.148     58.632    31.6590     3.8990          0          0  0.000e+00
  1025.4229     58.308     58.793    31.6716     3.9128          0          0  0.000e+00
  1025.4147     58.451     58.938    31.6624     3.9288          0          0  0.000e+00
  1025.3987     58.579     59.067    31.6429     3.9405          0          0  0.000e+00
  1025.3609     58.697     59.186    31.5949     3.9419          0          0  0.000e+00
  1025.3502     58.809     59.299    31.5782     3.9219          0          0  0.000e+00
  1025.3586     58.919     59.409    31.5844     3.8905          0          0  0.000e+00
  1025.3705     59.029     59.521    31.5952     3.8611          0          0  0.000e+00
  1025.3886     59.127     59.620    31.6143     3.8359          0          0  0.000e+00
  1025.4019     59.216     59.710    31.6286     3.8191          0          0  0.000e+00
  1025.4091     59.286     59.780    31.6360     3.8090          0          0  0.000e+00
  1025.4138     59.342     59.836    31.6409     3.8033          0          0  0.000e+00
  1025.4157     59.381     59.875    31.6427     3.8002          0          0  0.000e+00
  1025.4181     59.408     59.903    31.6453     3.7984          0          0  0.000e+00
  1025.4243     59.432     59.927    31.6530     3.7983          0          0  0.000e+00
  1025.4145     59.460     59.956    31.6407     3.8011          0          0  0.000e+00
  1025.4142     59.500     59.995    31.6400     3.8000          0          0  0.000e+00
  1025.4127     59.559     60.055    31.6374     3.7967          0          0  0.000e+00
  1025.4112     59.639     60.136    31.6345     3.7924          0          0  0.000e+00
  1025.4060     59.744     60.242    31.6266     3.7856          0          0  0.000e+00
  1025.4057     59.873     60.372    31.6239     3.7722          0          0  0.000e+00
  1025.4095     60.015     60.515    31.6257     3.7548          0          0  0.000e+00
  1025.4169     60.179     60.681    31.6317     3.7352          0          0  0.000e+00
  1025.4153     60.359     60.862    31.6262     3.7149          0          0  0.000e+00
  1025.4289     60.552     61.057    31.6393     3.6904          0          0  0.000e+00
  1025.4438     60.762     61.269    31.6541     3.6675          0          0  0.000e+00
  1025.4490     60.971     61.479    31.6573     3.6491          0          0  0.000e+00
  1025.4566     61.183     61.693    31.6635     3.6314          0          0  0.000e+00
  1025.4684     61.391     61.903    31.6753     3.6152          0          0  0.000e+00
  1025.4797     61.588     62.101    31.6866     3.6014          0          0  0.000e+00
  1025.4867     61.769     62.284    31.6932     3.5909          0          0  0.000e+00
  1025.4986     61.939     62.455    31.7060     3.5812          0          0  0.000e+00
  1025.5073     62.094     62.611    31.7151     3.5734          0          0  0.000e+00
  1025.5114     62.233     62.752    31.7189     3.5693          0          0  0.000e+00
  1025.5141     62.354     62.873    31.7214     3.5672          0          0  0.000e+00
  1025.5146     62.456     62.977    31.7212     3.5661          0          0  0.000e+00
  1025.5153     62.546     63.068    31.7216     3.5655          0          0  0.000e+00
  1025.5161     62.626     63.148    31.7220     3.5654          0          0  0.000e+00
  1025.5168     62.691     63.213    31.7226     3.5656          0          0  0.000e+00
  1025.5169     62.746     63.269    31.7224     3.5661          0          0  0.000e+00
  1025.5156     62.787     63.311    31.7206     3.5666          0          0  0.000e+00
  1025.5167     62.810     63.334    31.7218     3.5665          0          0  0.000e+00
  1025.5215     62.824     63.348    31.7278     3.5665          0          0  0.000e+00
  1025.5215     62.827     63.351    31.7280     3.5688          0          0  0.000e+00
  1025.5191     62.826     63.350    31.7253     3.5716          0          0  0.000e+00
  1025.5230     62.827     63.351    31.7304     3.5737          0          0  0.000e+00
  1025.5179     62.841     63.365    31.7245     3.5779          0          0  0.000e+00
  1025.5098     62.877     63.402    31.7144     3.5801          0          0  0.000e+00
  1025.5062     62.940     63.465    31.7091     3.5769          0          0  0.000e+00
  1025.5087     63.041     63.566    31.7110     3.5713          0          0  0.000e+00
  1025.5140     63.189     63.716    31.7160     3.5653          0          0  0.000e+00
  1025.5178     63.385     63.914    31.7192     3.5617          0          0  0.000e+00
  1025.5212     63.637     64.168    31.7218     3.5596          0          0  0.000e+00
  1025.5228     63.925     64.458    31.7220     3.5586          0          0  0.000e+00
  1025.5248     64.249     64.785    31.7225     3.5584          0          0  0.000e+00
  1025.5262     64.589     65.128    31.7223     3.5585          0          0  0.000e+00
  1025.5279     64.922     65.464    31.7225     3.5585          0          0  0.000e+00
  1025.5307     65.223     65.768    31.7241     3.5578          0          0  0.000e+00
  1025.5339     65.477     66.023    31.7264     3.5562          0          0  0.000e+00
  1025.5353     65.679     66.227    31.7268     3.5546          0          0  0.000e+00
  1025.5379     65.801     66.350    31.7290     3.5519          0          0  0.000e+00
  1025.5430     65.820     66.370    31.7350     3.5488          0          0  0.000e+00
  1025.5454     65.792     66.341    31.7381     3.5484          0          0  0.000e+00
  1025.5471     65.729     66.278    31.7408     3.5507          0          0  0.000e+00
  1025.5443     65.641     66.189    31.7384     3.5545          0          0  0.000e+00
  1025.5446     65.547     66.094    31.7397     3.5580          0          0  0.000e+00
  1025.5409     65.463     66.009    31.7361     3.5624          0          0  0.000e+00
  1025.5360     65.415     65.961    31.7307     3.5663          0          0  0.000e+00
  1025.5319     65.405     65.950    31.7259     3.5690          0          0  0.000e+00
  1025.5284     65.438     65.984    31.7213     3.5698          0          0  0.000e+00
  1025.5274     65.515     66.062    31.7196     3.5690          0          0  0.000e+00
  1025.5291     65.642     66.190    31.7207     3.5674          0          0  0.000e+00
  1025.5273     65.826     66.375    31.7172     3.5661          0          0  0.000e+00
  1025.5284     66.047     66.598    31.7169     3.5632          0          0  0.000e+00
  1025.5261     66.293     66.847    31.7120     3.5580          0          0  0.000e+00
  1025.5401     66.467     67.022    31.7271     3.5447          0          0  0.000e+00
  1025.5485     66.647     67.204    31.7354     3.5350          0          0  0.000e+00
  1025.5505     66.827     67.385    31.7361     3.5286          0          0  0.000e+00
  1025.5583     66.997     67.556    31.7438     3.5193          0          0  0.000e+00
  1025.5666     67.146     67.706    31.7523     3.5098          0          0  0.000e+00
  1025.5723     67.255     67.816    31.7580     3.5034          0          0  0.000e+00
  1025.5771     67.327     67.889    31.7631     3.4989          0          0  0.000e+00
  1025.5829     67.344     67.906    31.7701     3.4964          0          0  0.000e+00
  1025.5860     67.315     67.877    31.7743     3.4978          0          0  0.000e+00
  1025.5872     67.244     67.806    31.7767     3.5023          0          0  0.000e+00
  1025.5845     67.144     67.705    31.7747     3.5093          0          0  0.000e+00
  1025.5775     67.014     67.574    31.7675     3.5161          0          0  0.000e+00
  1025.5737     66.871     67.429    31.7640     3.5202          0          0  0.000e+00
  1025.5677     66.721     67.278    31.7579     3.5254          0          0  0.000e+00
  1025.5615     66.576     67.132    31.7516     3.5304          0          0  0.000e+00
