data/eDNA/PER-2021-171/171a006.cnv
* Sea-Bird SBE19plus  Data File:
* FileName = C:\Users\RSG_field\Ryan_2021_Perley\CTD\171a006.hex
* Software version 2.3.0 SB_Terminal.dll
* Temperature SN = 7141
* Conductivity SN = 7141
* System UpLoad Time = Aug 12 2021 16:14:41
* <ApplicationData>
* <SeatermAF>
** Platform: M. Perley
** Cruise: Per2021171
** Station:  GC_06
** Cast: 01 1
** Latitude: N  44 46.979
** Longitude: W 62 26.63
** Sounding: 22.1
** Chief Scientist: Ryan Stanley
** Comment: 171a006
# nquan = 8
# nvalues = 1914                                  
# units = specified
# name 0 = density00: Density [density, kg/m^3]
# name 1 = depSM: Depth [salt water, m], lat = 45.00
# name 2 = prdM: Pressure, Strain Gauge [db]
# name 3 = sal00: Salinity, Practical [PSU]
# name 4 = tv290C: Temperature [ITS-90, deg C]
# name 5 = bpos: Bottle Position in Carousel
# name 6 = nbf: Bottles Fired
# name 7 = flag:  0.000e+00
# span 0 =   998.2690,  1023.7603                 
# span 1 =     -0.078,     20.897                 
# span 2 =     -0.079,     21.069                 
# span 3 =     0.0089,    31.1200                 
# span 4 =     9.7329,    19.7279                 
# span 5 =          0,          3                 
# span 6 =          0,          3                 
# span 7 = 0.0000e+00, 0.0000e+00                 
# interval = seconds: 0.25
# start_time = Aug 12 2021 19:02:50 [Instrument's time stamp, header]
# bad_flag = -9.990e-29
*END*
[from data line 1079]
  1023.6761     20.282     20.449    30.6813     9.9933          0          0  0.000e+00
  1023.6834     20.204     20.370    30.6932    10.0031          0          0  0.000e+00
  1023.6735     20.138     20.304    30.6843    10.0196          0          0  0.000e+00
  1023.6677     20.087     20.253    30.6803    10.0345          0          0  0.000e+00
  1023.6661     20.057     20.222    30.6810    10.0467          0          0  0.000e+00
  1023.6639     20.044     20.209    30.6807    10.0584          0          0  0.000e+00
  1023.6636     20.054     20.220    30.6831    10.0718          0          0  0.000e+00
  1023.6538     20.084     20.249    30.6732    10.0857          0          0  0.000e+00
  1023.6461     20.133     20.299    30.6652    10.0965          0          0  0.000e+00
  1023.6368     20.203     20.369    30.6543    10.1025          0          0  0.000e+00
  1023.6269     20.280     20.447    30.6410    10.1027          0          0  0.000e+00
  1023.6245     20.368     20.536    30.6359    10.0955          0          0  0.000e+00
  1023.6352     20.456     20.625    30.6469    10.0845          0          0  0.000e+00
  1023.6356     20.541     20.710    30.6454    10.0777          0          0  0.000e+00
  1023.6325     20.611     20.781    30.6398    10.0714          0          0  0.000e+00
  1023.6103     20.670     20.841    30.6086    10.0600          0          0  0.000e+00
  1023.5839     20.707     20.878    30.5690    10.0334          0          0  0.000e+00
  1023.5835     20.732     20.902    30.5580     9.9846          0          0  0.000e+00
  1023.6394     20.736     20.907    30.6176     9.9260          0          0  0.000e+00
  1023.6852     20.724     20.895    30.6697     9.8937          0          0  0.000e+00
  1023.6950     20.698     20.868    30.6821     9.8916          0          0  0.000e+00
  1023.6954     20.657     20.827    30.6843     9.8984          0          0  0.000e+00
  1023.6894     20.599     20.769    30.6789     9.9080          0          0  0.000e+00
  1023.6869     20.531     20.700    30.6775     9.9153          0          0  0.000e+00
  1023.6889     20.459     20.628    30.6820     9.9222          0          0  0.000e+00
  1023.6924     20.385     20.553    30.6889     9.9317          0          0  0.000e+00
  1023.6863     20.313     20.480    30.6842     9.9450          0          0  0.000e+00
  1023.6872     20.248     20.415    30.6883     9.9573          0          0  0.000e+00
  1023.6803     20.194     20.361    30.6827     9.9713          0          0  0.000e+00
  1023.6768     20.155     20.321    30.6811     9.9844          0          0  0.000e+00
  1023.6748     20.130     20.295    30.6811     9.9961          0          0  0.000e+00
  1023.6772     20.120     20.286    30.6870    10.0087          0          0  0.000e+00
  1023.6790     20.128     20.293    30.6925    10.0246          0          0  0.000e+00
  1023.6756     20.149     20.315    30.6922    10.0443          0          0  0.000e+00
  1023.6662     20.177     20.344    30.6843    10.0655          0          0  0.000e+00
  1023.6476     20.220     20.386    30.6637    10.0821          0          0  0.000e+00
  1023.6395     20.267     20.434    30.6546    10.0896          0          0  0.000e+00
  1023.6300     20.319     20.487    30.6421    10.0899          0          0  0.000e+00
  1023.6247     20.376     20.543    30.6338    10.0840          0          0  0.000e+00
  1023.6199     20.440     20.609    30.6250    10.0728          0          0  0.000e+00
  1023.6215     20.502     20.671    30.6231    10.0559          0          0  0.000e+00
  1023.6294     20.574     20.743    30.6287    10.0366          0          0  0.000e+00
  1023.6376     20.643     20.813    30.6352    10.0194          0          0  0.000e+00
  1023.6413     20.711     20.881    30.6369    10.0065          0          0  0.000e+00
  1023.6181     20.766     20.937    30.6040     9.9925          0          0  0.000e+00
  1023.6139     20.807     20.978    30.5919     9.9619          0          0  0.000e+00
  1023.6287     20.821     20.992    30.6026     9.9220          0          0  0.000e+00
  1023.6663     20.796     20.968    30.6435     9.8858          0          0  0.000e+00
  1023.7041     20.740     20.911    30.6894     9.8716          0          0  0.000e+00
  1023.7051     20.652     20.822    30.6930     9.8806          0          0  0.000e+00
  1023.6953     20.540     20.709    30.6841     9.8954          0          0  0.000e+00
  1023.6981     20.416     20.584    30.6909     9.9071          0          0  0.000e+00
  1023.6958     20.296     20.463    30.6916     9.9214          0          0  0.000e+00
  1023.6871     20.189     20.355    30.6844     9.9374          0          0  0.000e+00
  1023.6824     20.109     20.274    30.6816     9.9506          0          0  0.000e+00
  1023.6834     20.061     20.226    30.6857     9.9627          0          0  0.000e+00
  1023.6804     20.047     20.212    30.6849     9.9768          0          0  0.000e+00
  1023.6828     20.063     20.228    30.6910     9.9921          0          0  0.000e+00
  1023.6856     20.104     20.270    30.6982    10.0104          0          0  0.000e+00
  1023.6842     20.166     20.332    30.7007    10.0330          0          0  0.000e+00
  1023.6631     20.231     20.398    30.6784    10.0580          0          0  0.000e+00
  1023.6430     20.302     20.470    30.6556    10.0735          0          0  0.000e+00
  1023.6374     20.364     20.532    30.6486    10.0768          0          0  0.000e+00
  1023.6303     20.417     20.585    30.6387    10.0741          0          0  0.000e+00
  1023.6316     20.458     20.627    30.6384    10.0664          0          0  0.000e+00
  1023.6333     20.492     20.661    30.6384    10.0567          0          0  0.000e+00
  1023.6409     20.521     20.690    30.6460    10.0470          0          0  0.000e+00
  1023.6405     20.553     20.722    30.6439    10.0407          0          0  0.000e+00
  1023.6421     20.585     20.755    30.6443    10.0337          0          0  0.000e+00
  1023.6498     20.628     20.798    30.6526    10.0270          0          0  0.000e+00
  1023.6419     20.678     20.848    30.6413    10.0228          0          0  0.000e+00
  1023.6414     20.723     20.894    30.6387    10.0143          0          0  0.000e+00
  1023.6427     20.767     20.938    30.6377    10.0030          0          0  0.000e+00
  1023.6459     20.788     20.959    30.6391     9.9908          0          0  0.000e+00
  1023.6469     20.790     20.961    30.6377     9.9780          0          0  0.000e+00
  1023.6671     20.759     20.930    30.6612     9.9656          0          0  0.000e+00
  1023.6743     20.699     20.869    30.6705     9.9642          0          0  0.000e+00
  1023.6729     20.612     20.782    30.6702     9.9690          0          0  0.000e+00
  1023.6742     20.504     20.673    30.6738     9.9749          0          0  0.000e+00
  1023.6723     20.379     20.547    30.6735     9.9821          0          0  0.000e+00
  1023.6660     20.240     20.407    30.6679     9.9899          0          0  0.000e+00
  1023.6653     20.107     20.273    30.6690     9.9955          0          0  0.000e+00
  1023.6644     19.988     20.152    30.6698    10.0015          0          0  0.000e+00
  1023.6622     19.898     20.061    30.6688    10.0080          0          0  0.000e+00
  1023.6638     19.844     20.007    30.6725    10.0145          0          0  0.000e+00
  1023.6658     19.831     19.994    30.6769    10.0230          0          0  0.000e+00
  1023.6815     19.864     20.027    30.6993    10.0348          0          0  0.000e+00
  1023.6990     19.938     20.102    30.7269    10.0607          0          0  0.000e+00
  1023.6509     20.050     20.215    30.6728    10.1006          0          0  0.000e+00
  1023.5853     20.194     20.361    30.5906    10.1144          0          0  0.000e+00
  1023.5923     20.348     20.516    30.5930    10.0873          0          0  0.000e+00
  1023.5924     20.494     20.663    30.5852    10.0530          0          0  0.000e+00
  1023.6109     20.630     20.800    30.5996    10.0124          0          0  0.000e+00
  1023.6368     20.736     20.907    30.6244     9.9746          0          0  0.000e+00
  1023.6506     20.812     20.984    30.6368     9.9513          0          0  0.000e+00
  1023.6623     20.854     21.025    30.6483     9.9352          0          0  0.000e+00
  1023.6661     20.852     21.023    30.6511     9.9254          0          0  0.000e+00
  1023.6775     20.819     20.990    30.6644     9.9184          0          0  0.000e+00
  1023.6765     20.763     20.933    30.6633     9.9171          0          0  0.000e+00
  1023.6752     20.689     20.860    30.6620     9.9172          0          0  0.000e+00
  1023.6720     20.611     20.781    30.6581     9.9158          0          0  0.000e+00
  1023.6680     20.535     20.704    30.6527     9.9125          0          0  0.000e+00
  1023.6735     20.466     20.634    30.6590     9.9069          0          0  0.000e+00
  1023.6675     20.408     20.577    30.6509     9.9031          0          0  0.000e+00
  1023.6704     20.365     20.533    30.6534     9.8965          0          0  0.000e+00
  1023.6775     20.329     20.496    30.6614     9.8898          0          0  0.000e+00
  1023.6864     20.301     20.469    30.6725     9.8874          0          0  0.000e+00
  1023.6985     20.279     20.446    30.6890     9.8917          0          0  0.000e+00
  1023.6876     20.264     20.431    30.6778     9.9045          0          0  0.000e+00
  1023.6876     20.249     20.416    30.6799     9.9141          0          0  0.000e+00
  1023.6937     20.238     20.404    30.6899     9.9244          0          0  0.000e+00
  1023.6919     20.231     20.398    30.6910     9.9408          0          0  0.000e+00
  1023.6829     20.231     20.398    30.6831     9.9587          0          0  0.000e+00
  1023.6953     20.243     20.410    30.7023     9.9743          0          0  0.000e+00
  1023.6930     20.265     20.432    30.7042     9.9979          0          0  0.000e+00
  1023.6528     20.299     20.466    30.6579    10.0248          0          0  0.000e+00
  1023.6401     20.342     20.509    30.6427    10.0313          0          0  0.000e+00
  1023.6436     20.390     20.558    30.6458    10.0257          0          0  0.000e+00
  1023.6404     20.440     20.609    30.6401    10.0194          0          0  0.000e+00
  1023.6318     20.488     20.657    30.6267    10.0097          0          0  0.000e+00
  1023.6281     20.522     20.691    30.6185     9.9936          0          0  0.000e+00
  1023.6317     20.545     20.714    30.6182     9.9711          0          0  0.000e+00
  1023.6470     20.559     20.728    30.6328     9.9472          0          0  0.000e+00
  1023.6505     20.562     20.732    30.6334     9.9288          0          0  0.000e+00
  1023.6613     20.556     20.725    30.6440     9.9127          0          0  0.000e+00
  1023.6788     20.545     20.714    30.6642     9.9012          0          0  0.000e+00
  1023.6881     20.534     20.703    30.6758     9.8997          0          0  0.000e+00
  1023.6828     20.522     20.691    30.6704     9.9061          0          0  0.000e+00
  1023.6834     20.511     20.680    30.6724     9.9112          0          0  0.000e+00
  1023.6847     20.504     20.673    30.6752     9.9171          0          0  0.000e+00
  1023.6746     20.498     20.666    30.6639     9.9244          0          0  0.000e+00
  1023.6749     20.491     20.660    30.6649     9.9273          0          0  0.000e+00
  1023.6716     20.488     20.657    30.6612     9.9297          0          0  0.000e+00
  1023.6662     20.480     20.648    30.6545     9.9303          0          0  0.000e+00
  1023.6738     20.467     20.635    30.6637     9.9275          0          0  0.000e+00
  1023.6929     20.448     20.616    30.6887     9.9292          0          0  0.000e+00
  1023.6909     20.423     20.591    30.6892     9.9436          0          0  0.000e+00
  1023.6913     20.393     20.561    30.6937     9.9618          0          0  0.000e+00
  1023.6795     20.358     20.525    30.6831     9.9827          0          0  0.000e+00
  1023.6627     20.315     20.482    30.6650     9.9983          0          0  0.000e+00
  1023.6471     20.278     20.445    30.6465    10.0045          0          0  0.000e+00
  1023.6586     20.242     20.409    30.6609    10.0013          0          0  0.000e+00
  1023.6639     20.215     20.381    30.6681    10.0029          0          0  0.000e+00
  1023.6617     20.199     20.365    30.6668    10.0097          0          0  0.000e+00
  1023.6605     20.200     20.366    30.6666    10.0164          0          0  0.000e+00
  1023.6615     20.223     20.390    30.6693    10.0238          0          0  0.000e+00
  1023.6538     20.268     20.434    30.6610    10.0324          0          0  0.000e+00
  1023.6506     20.336     20.504    30.6575    10.0372          0          0  0.000e+00
  1023.6403     20.420     20.588    30.6442    10.0395          0          0  0.000e+00
  1023.6012     20.522     20.691    30.5917    10.0312          0          0  0.000e+00
  1023.6130     20.627     20.797    30.5994     9.9980          0          0  0.000e+00
  1023.6233     20.725     20.896    30.6048     9.9629          0          0  0.000e+00
  1023.6347     20.808     20.979    30.6123     9.9312          0          0  0.000e+00
  1023.6445     20.867     21.039    30.6183     9.9013          0          0  0.000e+00
  1023.6564     20.892     21.064    30.6277     9.8733          0          0  0.000e+00
  1023.6736     20.879     21.051    30.6452     9.8510          0          0  0.000e+00
  1023.6850     20.826     20.998    30.6571     9.8367          0          0  0.000e+00
  1023.6972     20.736     20.907    30.6720     9.8302          0          0  0.000e+00
  1023.7121     20.619     20.789    30.6921     9.8316          0          0  0.000e+00
  1023.7075     20.491     20.660    30.6895     9.8443          0          0  0.000e+00
  1023.7005     20.364     20.532    30.6842     9.8579          0          0  0.000e+00
  1023.6959     20.253     20.419    30.6812     9.8693          0          0  0.000e+00
  1023.6953     20.176     20.342    30.6829     9.8792          0          0  0.000e+00
  1023.6898     20.130     20.295    30.6784     9.8898          0          0  0.000e+00
  1023.6896     20.116     20.282    30.6802     9.8995          0          0  0.000e+00
  1023.6871     20.130     20.295    30.6790     9.9095          0          0  0.000e+00
  1023.7198     20.165     20.331    30.7234     9.9225          0          0  0.000e+00
  1023.7224     20.212     20.379    30.7333     9.9555          0          0  0.000e+00
  1023.6899     20.263     20.430    30.7001     9.9979          0          0  0.000e+00
  1023.6662     20.311     20.478    30.6755    10.0267          0          0  0.000e+00
  1023.6449     20.350     20.518    30.6508    10.0406          0          0  0.000e+00
  1023.6347     20.384     20.552    30.6377    10.0417          0          0  0.000e+00
  1023.6255     20.411     20.579    30.6241    10.0337          0          0  0.000e+00
  1023.6404     20.430     20.598    30.6399    10.0183          0          0  0.000e+00
  1023.6467     20.453     20.621    30.6457    10.0080          0          0  0.000e+00
  1023.6438     20.480     20.648    30.6405    10.0014          0          0  0.000e+00
  1023.6486     20.508     20.677    30.6446     9.9930          0          0  0.000e+00
  1023.6474     20.542     20.711    30.6415     9.9858          0          0  0.000e+00
  1023.6483     20.574     20.743    30.6406     9.9771          0          0  0.000e+00
