data/eDNA/PER-2021-171/171a028.cnv
* Sea-Bird SBE19plus  Data File:
* FileName = C:\Users\RSG_field\Ryan_2021_Perley\CTD\171a028.hex
* Software version 2.3.0 SB_Terminal.dll
* Temperature SN = 7141
* Conductivity SN = 7141
* System UpLoad Time = Aug 18 2021 08:41:33
* <ApplicationData>
* <SeatermAF>
** Platform: M. Perley
** Cruise: Per2021171
** Station:  GC-04
** Cast: 01 1
** Latitude: N  44 55.546
** Longitude: W 59 51.424
** Sounding: 50.9
** Chief Scientist: Ryan Stanley
** Comment: 171a028
** Used thruster to compensate for the tide drag
# nquan = 8
# nvalues = 2483                                  
# units = specified
# name 0 = density00: Density [density, kg/m^3]
# name 1 = depSM: Depth [salt water, m], lat = 45.00
# name 2 = prdM: Pressure, Strain Gauge [db]
# name 3 = sal00: Salinity, Practical [PSU]
# name 4 = tv290C: Temperature [ITS-90, deg C]
# name 5 = bpos: Bottle Position in Carousel
# name 6 = nbf: Bottles Fired
# name 7 = flag:  0.000e+00
# span 0 =   998.6355,  1023.4415                 
# span 1 =     -0.013,     50.077                 
# span 2 =     -0.013,     50.493                 
# span 3 =     0.0091,    30.4684                 
# span 4 =    11.2030,    19.0142                 
# span 5 =          0,          3                 
# span 6 =          0,          3                 
# span 7 = 0.0000e+00, 0.0000e+00                 
# interval = seconds: 0.25
# start_time = Aug 18 2021 11:28:11 [Instrument's time stamp, header]
# bad_flag = -9.990e-29
*END*
[from data line 1079]
  1021.5288     21.538     21.716    29.5095    16.4379          0          0  0.000e+00
  1021.5310     21.679     21.858    29.5114    16.4375          0          0  0.000e+00
  1021.5330     21.841     22.021    29.5129    16.4372          0          0  0.000e+00
  1021.5338     22.025     22.206    29.5128    16.4367          0          0  0.000e+00
  1021.5339     22.211     22.394    29.5115    16.4359          0          0  0.000e+00
  1021.5348     22.407     22.592    29.5110    16.4341          0          0  0.000e+00
  1021.5370     22.592     22.778    29.5123    16.4318          0          0  0.000e+00
  1021.5400     22.775     22.963    29.5143    16.4295          0          0  0.000e+00
  1021.5426     22.942     23.131    29.5159    16.4265          0          0  0.000e+00
  1021.5451     23.075     23.265    29.5172    16.4225          0          0  0.000e+00
  1021.5475     23.189     23.380    29.5184    16.4179          0          0  0.000e+00
  1021.5503     23.274     23.466    29.5203    16.4137          0          0  0.000e+00
  1021.5533     23.336     23.528    29.5230    16.4105          0          0  0.000e+00
  1021.5556     23.376     23.569    29.5252    16.4089          0          0  0.000e+00
  1021.5548     23.397     23.590    29.5240    16.4086          0          0  0.000e+00
  1021.5540     23.418     23.611    29.5227    16.4082          0          0  0.000e+00
  1021.5552     23.441     23.634    29.5237    16.4066          0          0  0.000e+00
  1021.5550     23.488     23.681    29.5228    16.4053          0          0  0.000e+00
  1021.5552     23.561     23.755    29.5220    16.4032          0          0  0.000e+00
  1021.5578     23.658     23.853    29.5239    16.4005          0          0  0.000e+00
  1021.5572     23.773     23.969    29.5218    16.3982          0          0  0.000e+00
  1021.5600     23.899     24.096    29.5236    16.3942          0          0  0.000e+00
  1021.5616     24.029     24.227    29.5238    16.3903          0          0  0.000e+00
  1021.5633     24.157     24.357    29.5239    16.3856          0          0  0.000e+00
  1021.5667     24.278     24.478    29.5261    16.3804          0          0  0.000e+00
  1021.5714     24.395     24.596    29.5302    16.3757          0          0  0.000e+00
  1021.5751     24.503     24.705    29.5333    16.3720          0          0  0.000e+00
  1021.5775     24.608     24.811    29.5352    16.3698          0          0  0.000e+00
  1021.5799     24.715     24.919    29.5371    16.3678          0          0  0.000e+00
  1021.5818     24.824     25.029    29.5386    16.3667          0          0  0.000e+00
  1021.5839     24.952     25.158    29.5403    16.3657          0          0  0.000e+00
  1021.5857     25.091     25.298    29.5417    16.3652          0          0  0.000e+00
  1021.5878     25.244     25.452    29.5434    16.3646          0          0  0.000e+00
  1021.5895     25.404     25.613    29.5446    16.3645          0          0  0.000e+00
  1021.5908     25.569     25.780    29.5452    16.3639          0          0  0.000e+00
  1021.5914     25.735     25.947    29.5450    16.3636          0          0  0.000e+00
  1021.5906     25.895     26.108    29.5427    16.3631          0          0  0.000e+00
  1021.5914     26.043     26.258    29.5418    16.3590          0          0  0.000e+00
  1021.5975     26.176     26.392    29.5466    16.3510          0          0  0.000e+00
  1021.6018     26.288     26.505    29.5495    16.3438          0          0  0.000e+00
  1021.6075     26.379     26.597    29.5543    16.3365          0          0  0.000e+00
  1021.6117     26.453     26.672    29.5579    16.3314          0          0  0.000e+00
  1021.6135     26.514     26.733    29.5591    16.3287          0          0  0.000e+00
  1021.6147     26.567     26.786    29.5598    16.3269          0          0  0.000e+00
  1021.6148     26.609     26.829    29.5590    16.3248          0          0  0.000e+00
  1021.6165     26.663     26.883    29.5599    16.3209          0          0  0.000e+00
  1021.6198     26.726     26.946    29.5624    16.3161          0          0  0.000e+00
  1021.6228     26.810     27.031    29.5645    16.3116          0          0  0.000e+00
  1021.6256     26.902     27.124    29.5663    16.3073          0          0  0.000e+00
  1021.6287     27.015     27.238    29.5685    16.3032          0          0  0.000e+00
  1021.6321     27.140     27.364    29.5711    16.2993          0          0  0.000e+00
  1021.6390     27.270     27.495    29.5784    16.2961          0          0  0.000e+00
  1021.6437     27.405     27.631    29.5829    16.2932          0          0  0.000e+00
  1021.6461     27.546     27.774    29.5847    16.2912          0          0  0.000e+00
  1021.6466     27.684     27.913    29.5842    16.2900          0          0  0.000e+00
  1021.6470     27.819     28.048    29.5836    16.2891          0          0  0.000e+00
  1021.6480     27.942     28.172    29.5839    16.2881          0          0  0.000e+00
  1021.6531     28.059     28.291    29.5898    16.2877          0          0  0.000e+00
  1021.6620     28.163     28.396    29.6009    16.2883          0          0  0.000e+00
  1021.6712     28.262     28.495    29.6129    16.2903          0          0  0.000e+00
  1021.6769     28.356     28.590    29.6206    16.2929          0          0  0.000e+00
  1021.6793     28.449     28.684    29.6237    16.2946          0          0  0.000e+00
  1021.6802     28.547     28.783    29.6244    16.2951          0          0  0.000e+00
  1021.6799     28.656     28.893    29.6235    16.2953          0          0  0.000e+00
  1021.6810     28.777     29.015    29.6243    16.2960          0          0  0.000e+00
  1021.6825     28.911     29.149    29.6256    16.2963          0          0  0.000e+00
  1021.6846     29.056     29.296    29.6272    16.2954          0          0  0.000e+00
  1021.6861     29.206     29.447    29.6277    16.2934          0          0  0.000e+00
  1021.6886     29.360     29.602    29.6289    16.2893          0          0  0.000e+00
  1021.6933     29.504     29.748    29.6327    16.2841          0          0  0.000e+00
  1021.6973     29.639     29.884    29.6358    16.2794          0          0  0.000e+00
  1021.7003     29.761     30.006    29.6381    16.2764          0          0  0.000e+00
  1021.7016     29.868     30.114    29.6385    16.2745          0          0  0.000e+00
  1021.7025     29.965     30.213    29.6387    16.2726          0          0  0.000e+00
  1021.7035     30.056     30.305    29.6389    16.2708          0          0  0.000e+00
  1021.7055     30.140     30.389    29.6401    16.2676          0          0  0.000e+00
  1021.7092     30.225     30.475    29.6430    16.2627          0          0  0.000e+00
  1021.7131     30.313     30.563    29.6461    16.2575          0          0  0.000e+00
  1021.7165     30.400     30.651    29.6488    16.2532          0          0  0.000e+00
  1021.7199     30.489     30.741    29.6514    16.2491          0          0  0.000e+00
  1021.7230     30.577     30.829    29.6541    16.2460          0          0  0.000e+00
  1021.7247     30.664     30.917    29.6553    16.2441          0          0  0.000e+00
  1021.7259     30.753     31.007    29.6560    16.2433          0          0  0.000e+00
  1021.7262     30.844     31.099    29.6558    16.2426          0          0  0.000e+00
  1021.7254     30.944     31.199    29.6537    16.2411          0          0  0.000e+00
  1021.7275     31.055     31.312    29.6544    16.2364          0          0  0.000e+00
  1021.7325     31.172     31.429    29.6583    16.2295          0          0  0.000e+00
  1021.7374     31.300     31.558    29.6621    16.2237          0          0  0.000e+00
  1021.7416     31.437     31.696    29.6657    16.2198          0          0  0.000e+00
  1021.7423     31.580     31.841    29.6653    16.2180          0          0  0.000e+00
  1021.7440     31.725     31.987    29.6661    16.2161          0          0  0.000e+00
  1021.7462     31.874     32.138    29.6675    16.2139          0          0  0.000e+00
  1021.7475     32.025     32.290    29.6678    16.2125          0          0  0.000e+00
  1021.7486     32.167     32.433    29.6681    16.2112          0          0  0.000e+00
  1021.7501     32.305     32.572    29.6687    16.2095          0          0  0.000e+00
  1021.7513     32.431     32.699    29.6691    16.2079          0          0  0.000e+00
  1021.7532     32.558     32.827    29.6703    16.2060          0          0  0.000e+00
  1021.7553     32.673     32.943    29.6719    16.2044          0          0  0.000e+00
  1021.7555     32.784     33.055    29.6712    16.2034          0          0  0.000e+00
  1021.7541     32.889     33.161    29.6683    16.2016          0          0  0.000e+00
  1021.7580     32.990     33.262    29.6713    16.1965          0          0  0.000e+00
  1021.7605     33.081     33.354    29.6727    16.1917          0          0  0.000e+00
  1021.7628     33.167     33.441    29.6740    16.1875          0          0  0.000e+00
  1021.7654     33.246     33.521    29.6756    16.1831          0          0  0.000e+00
  1021.7670     33.323     33.599    29.6760    16.1789          0          0  0.000e+00
  1021.7702     33.406     33.682    29.6782    16.1739          0          0  0.000e+00
  1021.7735     33.494     33.771    29.6806    16.1691          0          0  0.000e+00
  1021.7758     33.588     33.866    29.6821    16.1657          0          0  0.000e+00
  1021.7765     33.694     33.973    29.6815    16.1627          0          0  0.000e+00
  1021.7794     33.806     34.085    29.6837    16.1592          0          0  0.000e+00
  1021.7804     33.926     34.206    29.6834    16.1563          0          0  0.000e+00
  1021.7801     34.047     34.329    29.6815    16.1533          0          0  0.000e+00
  1021.7721     34.168     34.451    29.6685    16.1472          0          0  0.000e+00
  1021.7725     34.288     34.572    29.6640    16.1318          0          0  0.000e+00
  1021.7835     34.407     34.691    29.6710    16.1093          0          0  0.000e+00
  1021.7946     34.522     34.808    29.6787    16.0878          0          0  0.000e+00
  1021.7896     34.639     34.925    29.6659    16.0687          0          0  0.000e+00
  1021.7856     34.758     35.045    29.6517    16.0393          0          0  0.000e+00
  1021.7685     34.880     35.168    29.6151    15.9924          0          0  0.000e+00
  1021.7887     35.006     35.295    29.6185    15.9144          0          0  0.000e+00
  1021.8352     35.132     35.422    29.6521    15.8224          0          0  0.000e+00
  1021.8760     35.254     35.545    29.6813    15.7405          0          0  0.000e+00
  1021.9151     35.373     35.665    29.7124    15.6732          0          0  0.000e+00
  1021.9468     35.476     35.770    29.7384    15.6212          0          0  0.000e+00
  1021.9731     35.570     35.864    29.7616    15.5837          0          0  0.000e+00
  1021.9889     35.650     35.945    29.7750    15.5601          0          0  0.000e+00
  1021.9986     35.714     36.009    29.7831    15.5451          0          0  0.000e+00
  1022.0052     35.774     36.070    29.7888    15.5363          0          0  0.000e+00
  1022.0077     35.828     36.125    29.7903    15.5308          0          0  0.000e+00
  1022.0107     35.888     36.185    29.7927    15.5267          0          0  0.000e+00
  1022.0123     35.962     36.259    29.7936    15.5243          0          0  0.000e+00
  1022.0126     36.052     36.350    29.7931    15.5228          0          0  0.000e+00
  1022.0116     36.158     36.457    29.7907    15.5212          0          0  0.000e+00
  1022.0133     36.283     36.583    29.7914    15.5181          0          0  0.000e+00
  1022.0090     36.418     36.719    29.7840    15.5149          0          0  0.000e+00
  1022.0092     36.558     36.860    29.7812    15.5072          0          0  0.000e+00
  1022.0123     36.697     37.000    29.7814    15.4959          0          0  0.000e+00
  1022.0157     36.828     37.133    29.7815    15.4836          0          0  0.000e+00
  1022.0208     36.951     37.257    29.7835    15.4698          0          0  0.000e+00
  1022.0272     37.058     37.365    29.7874    15.4558          0          0  0.000e+00
  1022.0341     37.153     37.461    29.7923    15.4431          0          0  0.000e+00
  1022.0419     37.238     37.546    29.7990    15.4326          0          0  0.000e+00
  1022.0466     37.322     37.631    29.8027    15.4261          0          0  0.000e+00
  1022.0491     37.409     37.718    29.8044    15.4222          0          0  0.000e+00
  1022.0510     37.512     37.822    29.8056    15.4197          0          0  0.000e+00
  1022.0524     37.627     37.939    29.8063    15.4179          0          0  0.000e+00
  1022.0538     37.761     38.073    29.8070    15.4168          0          0  0.000e+00
  1022.0556     37.905     38.219    29.8083    15.4164          0          0  0.000e+00
  1022.0567     38.053     38.368    29.8090    15.4167          0          0  0.000e+00
  1022.0559     38.202     38.518    29.8075    15.4179          0          0  0.000e+00
  1022.0531     38.345     38.662    29.8030    15.4181          0          0  0.000e+00
  1022.0480     38.480     38.798    29.7948    15.4154          0          0  0.000e+00
  1022.0440     38.592     38.911    29.7866    15.4067          0          0  0.000e+00
  1022.0457     38.685     39.005    29.7835    15.3901          0          0  0.000e+00
  1022.0550     38.756     39.077    29.7894    15.3692          0          0  0.000e+00
  1022.0686     38.805     39.126    29.8014    15.3498          0          0  0.000e+00
  1022.0735     38.840     39.162    29.8038    15.3358          0          0  0.000e+00
  1022.0736     38.868     39.189    29.8000    15.3227          0          0  0.000e+00
  1022.0739     38.901     39.224    29.7953    15.3051          0          0  0.000e+00
  1022.0808     38.946     39.268    29.7979    15.2829          0          0  0.000e+00
  1022.0886     39.002     39.325    29.8012    15.2594          0          0  0.000e+00
  1022.0968     39.077     39.401    29.8049    15.2357          0          0  0.000e+00
  1022.1082     39.169     39.493    29.8127    15.2124          0          0  0.000e+00
  1022.1089     39.269     39.594    29.8071    15.1913          0          0  0.000e+00
  1022.1069     39.383     39.709    29.7962    15.1637          0          0  0.000e+00
  1022.1219     39.497     39.824    29.8046    15.1257          0          0  0.000e+00
  1022.1438     39.612     39.940    29.8219    15.0876          0          0  0.000e+00
  1022.1605     39.723     40.052    29.8347    15.0575          0          0  0.000e+00
  1022.1707     39.827     40.157    29.8404    15.0326          0          0  0.000e+00
  1022.1787     39.925     40.256    29.8441    15.0100          0          0  0.000e+00
  1022.1787     40.018     40.349    29.8376    14.9884          0          0  0.000e+00
  1022.1820     40.106     40.438    29.8346    14.9635          0          0  0.000e+00
  1022.1934     40.194     40.527    29.8413    14.9358          0          0  0.000e+00
  1022.2047     40.290     40.624    29.8486    14.9105          0          0  0.000e+00
  1022.2152     40.393     40.728    29.8556    14.8882          0          0  0.000e+00
  1022.2239     40.503     40.839    29.8612    14.8699          0          0  0.000e+00
  1022.2293     40.618     40.954    29.8632    14.8544          0          0  0.000e+00
  1022.2340     40.740     41.077    29.8647    14.8398          0          0  0.000e+00
  1022.2412     40.867     41.205    29.8694    14.8253          0          0  0.000e+00
