data/eDNA/PER-2021-171/171a024.cnv
* Sea-Bird SBE19plus  Data File:
* FileName = C:\Users\RSG_field\Ryan_2021_Perley\CTD\171a024.hex
* Software version 2.3.0 SB_Terminal.dll
* Temperature SN = 7141
* Conductivity SN = 7141
* System UpLoad Time = Aug 17 2021 18:59:49
* <ApplicationData>
* <SeatermAF>
** Platform: M. Perley
** Cruise: Per2021171
** Station:  SAB_09
** Cast: 01 1
** Latitude: N  46 5.293
** Longitude: W 59 11.953
** Sounding: 85.6
** Chief Scientist: Ryan Stanley
** Comment: 171a024
# nquan = 8
# nvalues = 3062                                  
# units = specified
# name 0 = density00: Density [density, kg/m^3]
# name 1 = depSM: Depth [salt water, m], lat = 45.00
# name 2 = prdM: Pressure, Strain Gauge [db]
# name 3 = sal00: Salinity, Practical [PSU]
# name 4 = tv290C: Temperature [ITS-90, deg C]
# name 5 = bpos: Bottle Position in Carousel
# name 6 = nbf: Bottles Fired
# name 7 = flag:  0.000e+00
# span 0 =   998.3966,  1026.1552                 
# span 1 =     -0.045,     73.917                 
# span 2 =     -0.045,     74.535                 
# span 3 =     0.0101,    32.3241                 
# span 4 =     2.3093,    19.4667                 
# span 5 =          0,          2                 
# span 6 =          0,          2                 
# span 7 = 0.0000e+00, 0.0000e+00                 
# interval = seconds: 0.25
# start_time = Aug 17 2021 21:10:27 [Instrument's time stamp, header]
# bad_flag = -9.990e-29
*END*
[from data line 1798]
  1026.1397     73.584     74.200    32.3049     2.3112          0          0  0.000e+00
  1026.1426     73.551     74.167    32.3088     2.3120          0          0  0.000e+00
  1026.1428     73.500     74.114    32.3094     2.3133          0          0  0.000e+00
  1026.1417     73.436     74.050    32.3086     2.3144          0          0  0.000e+00
  1026.1405     73.361     73.974    32.3076     2.3151          0          0  0.000e+00
  1026.1381     73.291     73.904    32.3050     2.3156          0          0  0.000e+00
  1026.1367     73.231     73.844    32.3036     2.3158          0          0  0.000e+00
  1026.1353     73.182     73.794    32.3023     2.3162          0          0  0.000e+00
  1026.1317     73.166     73.778    32.2978     2.3161          0          0  0.000e+00
  1026.1294     73.177     73.789    32.2947     2.3154          0          0  0.000e+00
  1026.1271     73.226     73.839    32.2915     2.3139          0          0  0.000e+00
  1026.1296     73.305     73.918    32.2940     2.3124          0          0  0.000e+00
  1026.1327     73.413     74.027    32.2972     2.3117          0          0  0.000e+00
  1026.1331     73.531     74.146    32.2970     2.3121          0          0  0.000e+00
  1026.1346     73.655     74.272    32.2981     2.3120          0          0  0.000e+00
  1026.1378     73.770     74.387    32.3014     2.3116          0          0  0.000e+00
  1026.1392     73.857     74.475    32.3026     2.3113          0          0  0.000e+00
  1026.1405     73.901     74.520    32.3039     2.3109          0          0  0.000e+00
  1026.1412     73.888     74.506    32.3048     2.3107          0          0  0.000e+00
  1026.1418     73.809     74.427    32.3061     2.3107          0          0  0.000e+00
  1026.1430     73.672     74.289    32.3085     2.3112          0          0  0.000e+00
  1026.1428     73.499     74.113    32.3094     2.3128          0          0  0.000e+00
  1026.1390     73.306     73.919    32.3060     2.3149          0          0  0.000e+00
  1026.1348     73.123     73.735    32.3019     2.3159          0          0  0.000e+00
  1026.1323     72.980     73.591    32.2997     2.3158          0          0  0.000e+00
  1026.1282     72.891     73.501    32.2950     2.3153          0          0  0.000e+00
  1026.1267     72.873     73.483    32.2931     2.3140          0          0  0.000e+00
  1026.1247     72.927     73.537    32.2901     2.3129          0          0  0.000e+00
  1026.1256     73.042     73.653    32.2905     2.3120          0          0  0.000e+00
  1026.1249     73.190     73.802    32.2886     2.3113          0          0  0.000e+00
  1026.1275     73.346     73.959    32.2909     2.3107          0          0  0.000e+00
  1026.1290     73.492     74.107    32.2919     2.3100          0          0  0.000e+00
  1026.1305     73.612     74.228    32.2929     2.3095          0          0  0.000e+00
  1026.1318     73.690     74.307    32.2941     2.3094          0          0  0.000e+00
  1026.1327     73.720     74.337    32.2951     2.3096          0          0  0.000e+00
  1026.1320     73.689     74.306    32.2945     2.3097          0          0  0.000e+00
  1026.1311     73.608     74.224    32.2939     2.3102          0          0  0.000e+00
  1026.1325     73.493     74.108    32.2963     2.3107          0          0  0.000e+00
  1026.1315     73.362     73.975    32.2960     2.3123          0          0  0.000e+00
  1026.1290     73.228     73.841    32.2939     2.3142          0          0  0.000e+00
  1026.1275     73.110     73.721    32.2928     2.3151          0          0  0.000e+00
  1026.1265     73.017     73.628    32.2921     2.3152          0          0  0.000e+00
  1026.1262     72.966     73.577    32.2920     2.3148          0          0  0.000e+00
  1026.1254     72.954     73.564    32.2910     2.3142          0          0  0.000e+00
  1026.1219     72.977     73.587    32.2864     2.3134          0          0  0.000e+00
  1026.1251     73.037     73.648    32.2900     2.3121          0          0  0.000e+00
  1026.1273     73.121     73.733    32.2921     2.3115          0          0  0.000e+00
  1026.1279     73.212     73.825    32.2923     2.3112          0          0  0.000e+00
  1026.1290     73.296     73.909    32.2931     2.3108          0          0  0.000e+00
  1026.1296     73.368     73.982    32.2934     2.3105          0          0  0.000e+00
  1026.1295     73.409     74.023    32.2931     2.3104          0          0  0.000e+00
  1026.1302     73.416     74.030    32.2938     2.3102          0          0  0.000e+00
  1026.1304     73.392     74.005    32.2943     2.3099          0          0  0.000e+00
  1026.1292     73.343     73.956    32.2930     2.3101          0          0  0.000e+00
  1026.1282     73.283     73.896    32.2922     2.3106          0          0  0.000e+00
  1026.1279     73.226     73.839    32.2922     2.3114          0          0  0.000e+00
  1026.1256     73.177     73.789    32.2897     2.3125          0          0  0.000e+00
  1026.1238     73.148     73.760    32.2876     2.3128          0          0  0.000e+00
  1026.1233     73.129     73.740    32.2872     2.3126          0          0  0.000e+00
  1026.1217     73.118     73.730    32.2852     2.3127          0          0  0.000e+00
  1026.1213     73.109     73.720    32.2847     2.3125          0          0  0.000e+00
  1026.1211     73.099     73.710    32.2846     2.3124          0          0  0.000e+00
  1026.1185     73.084     73.695    32.2814     2.3124          0          0  0.000e+00
  1026.1190     73.069     73.680    32.2821     2.3125          0          0  0.000e+00
  1026.1193     73.052     73.663    32.2826     2.3126          0          0  0.000e+00
  1026.1160     73.042     73.653    32.2786     2.3129          0          0  0.000e+00
  1026.1158     73.043     73.654    32.2783     2.3133          0          0  0.000e+00
  1026.1148     73.058     73.669    32.2770     2.3134          0          0  0.000e+00
  1026.1173     73.099     73.710    32.2799     2.3132          0          0  0.000e+00
  1026.1196     73.165     73.777    32.2823     2.3124          0          0  0.000e+00
  1026.1228     73.256     73.869    32.2857     2.3115          0          0  0.000e+00
  1026.1245     73.367     73.981    32.2871     2.3112          0          0  0.000e+00
  1026.1266     73.490     74.105    32.2890     2.3110          0          0  0.000e+00
  1026.1278     73.605     74.220    32.2897     2.3109          0          0  0.000e+00
  1026.1287     73.693     74.309    32.2904     2.3107          0          0  0.000e+00
  1026.1299     73.746     74.363    32.2915     2.3105          0          0  0.000e+00
  1026.1306     73.745     74.362    32.2924     2.3101          0          0  0.000e+00
  1026.1303     73.678     74.294    32.2924     2.3102          0          0  0.000e+00
  1026.1313     73.552     74.167    32.2945     2.3105          0          0  0.000e+00
  1026.1314     73.381     73.995    32.2957     2.3116          0          0  0.000e+00
  1026.1282     73.189     73.801    32.2930     2.3135          0          0  0.000e+00
  1026.1247     72.998     73.609    32.2899     2.3148          0          0  0.000e+00
  1026.1229     72.839     73.448    32.2886     2.3149          0          0  0.000e+00
  1026.1204     72.723     73.331    32.2862     2.3144          0          0  0.000e+00
  1026.1211     72.665     73.273    32.2873     2.3134          0          0  0.000e+00
  1026.1197     72.670     73.277    32.2854     2.3128          0          0  0.000e+00
  1026.1178     72.736     73.345    32.2826     2.3123          0          0  0.000e+00
  1026.1198     72.855     73.465    32.2843     2.3115          0          0  0.000e+00
  1026.1212     73.002     73.612    32.2852     2.3111          0          0  0.000e+00
  1026.1236     73.163     73.775    32.2871     2.3106          0          0  0.000e+00
  1026.1250     73.329     73.942    32.2878     2.3099          0          0  0.000e+00
  1026.1262     73.474     74.089    32.2884     2.3094          0          0  0.000e+00
  1026.1277     73.581     74.197    32.2896     2.3093          0          0  0.000e+00
  1026.1286     73.640     74.256    32.2904     2.3093          0          0  0.000e+00
  1026.1293     73.633     74.249    32.2914     2.3095          0          0  0.000e+00
  1026.1293     73.559     74.175    32.2918     2.3097          0          0  0.000e+00
  1026.1302     73.430     74.044    32.2937     2.3100          0          0  0.000e+00
  1026.1304     73.255     73.868    32.2951     2.3114          0          0  0.000e+00
  1026.1268     73.055     73.666    32.2920     2.3136          0          0  0.000e+00
  1026.1236     72.850     73.459    32.2895     2.3149          0          0  0.000e+00
  1026.1216     72.659     73.267    32.2880     2.3147          0          0  0.000e+00
  1026.1203     72.496     73.102    32.2873     2.3139          0          0  0.000e+00
  1026.1200     72.375     72.980    32.2876     2.3132          0          0  0.000e+00
  1026.1193     72.305     72.910    32.2870     2.3127          0          0  0.000e+00
  1026.1190     72.287     72.891    32.2867     2.3123          0          0  0.000e+00
  1026.1195     72.325     72.930    32.2870     2.3116          0          0  0.000e+00
  1026.1215     72.416     73.022    32.2890     2.3107          0          0  0.000e+00
  1026.1230     72.540     73.147    32.2900     2.3107          0          0  0.000e+00
  1026.1269     72.677     73.285    32.2942     2.3110          0          0  0.000e+00
  1026.1280     72.825     73.434    32.2947     2.3109          0          0  0.000e+00
  1026.1300     72.963     73.574    32.2963     2.3106          0          0  0.000e+00
  1026.1312     73.083     73.695    32.2971     2.3106          0          0  0.000e+00
  1026.1301     73.175     73.788    32.2952     2.3109          0          0  0.000e+00
  1026.1301     73.231     73.843    32.2949     2.3107          0          0  0.000e+00
  1026.1308     73.238     73.851    32.2956     2.3104          0          0  0.000e+00
  1026.1299     73.208     73.821    32.2947     2.3105          0          0  0.000e+00
  1026.1319     73.136     73.748    32.2976     2.3104          0          0  0.000e+00
  1026.1328     73.037     73.647    32.2994     2.3109          0          0  0.000e+00
  1026.1335     72.918     73.528    32.3011     2.3121          0          0  0.000e+00
  1026.1316     72.791     73.399    32.2997     2.3138          0          0  0.000e+00
  1026.1292     72.666     73.273    32.2975     2.3152          0          0  0.000e+00
  1026.1274     72.563     73.170    32.2959     2.3156          1          1  0.000e+00
  1026.1266     72.487     73.094    32.2953     2.3154          1          1  0.000e+00
  1026.1259     72.450     73.056    32.2946     2.3149          1          1  0.000e+00
  1026.1237     72.456     73.062    32.2918     2.3140          1          1  0.000e+00
  1026.1213     72.508     73.114    32.2884     2.3130          1          1  0.000e+00
  1026.1238     72.600     73.207    32.2908     2.3117          1          1  0.000e+00
  1026.1254     72.730     73.339    32.2920     2.3111          1          1  0.000e+00
  1026.1268     72.853     73.463    32.2930     2.3108          1          1  0.000e+00
  1026.1280     72.939     73.549    32.2939     2.3107          1          1  0.000e+00
  1026.1289     73.095     73.706    32.2942     2.3106          1          1  0.000e+00
  1026.1292     73.184     73.796    32.2941     2.3105          1          1  0.000e+00
  1026.1302     73.232     73.844    32.2949     2.3102          1          1  0.000e+00
  1026.1307     73.231     73.843    32.2956     2.3102          1          1  0.000e+00
  1026.1307     73.182     73.794    32.2958     2.3102          1          1  0.000e+00
  1026.1307     73.092     73.703    32.2965     2.3106          1          1  0.000e+00
  1026.1314     72.967     73.577    32.2981     2.3113          1          1  0.000e+00
  1026.1309     72.832     73.441    32.2984     2.3128          1          1  0.000e+00
  1026.1290     72.692     73.300    32.2971     2.3142          1          1  0.000e+00
  1026.1275     72.563     73.170    32.2960     2.3147          1          1  0.000e+00
  1026.1267     72.455     73.061    32.2956     2.3145          1          1  0.000e+00
  1026.1259     72.382     72.987    32.2951     2.3142          1          1  0.000e+00
  1026.1245     72.340     72.945    32.2934     2.3135          1          1  0.000e+00
  1026.1194     72.341     72.946    32.2870     2.3127          1          1  0.000e+00
  1026.1140     72.378     72.984    32.2798     2.3117          1          1  0.000e+00
  1026.1161     72.458     73.064    32.2819     2.3109          1          1  0.000e+00
  1026.1183     72.564     73.171    32.2841     2.3105          1          1  0.000e+00
  1026.1232     72.688     73.296    32.2895     2.3105          1          1  0.000e+00
  1026.1258     72.810     73.419    32.2920     2.3105          1          1  0.000e+00
  1026.1277     72.929     73.539    32.2937     2.3105          1          1  0.000e+00
  1026.1288     73.023     73.634    32.2945     2.3104          1          1  0.000e+00
  1026.1301     73.087     73.698    32.2957     2.3102          1          1  0.000e+00
  1026.1310     73.107     73.718    32.2966     2.3102          1          1  0.000e+00
  1026.1313     73.082     73.694    32.2972     2.3106          1          1  0.000e+00
  1026.1313     73.013     73.624    32.2977     2.3110          1          1  0.000e+00
  1026.1315     72.915     73.525    32.2986     2.3114          1          1  0.000e+00
  1026.1312     72.797     73.406    32.2989     2.3121          1          1  0.000e+00
  1026.1298     72.673     73.281    32.2980     2.3131          1          1  0.000e+00
  1026.1261     72.557     73.163    32.2942     2.3141          1          1  0.000e+00
  1026.1220     72.461     73.067    32.2897     2.3144          1          1  0.000e+00
  1026.1202     72.400     73.005    32.2877     2.3144          1          1  0.000e+00
  1026.1180     72.373     72.978    32.2851     2.3141          1          1  0.000e+00
  1026.1140     72.389     72.994    32.2800     2.3133          1          1  0.000e+00
  1026.1134     72.436     73.041    32.2788     2.3122          1          1  0.000e+00
  1026.1140     72.501     73.108    32.2792     2.3111          1          1  0.000e+00
  1026.1144     72.580     73.187    32.2791     2.3106          1          1  0.000e+00
  1026.1160     72.663     73.270    32.2806     2.3101          1          1  0.000e+00
  1026.1165     72.736     73.344    32.2807     2.3099          1          1  0.000e+00
  1026.1170     72.795     73.404    32.2809     2.3098          1          1  0.000e+00
  1026.1170     72.837     73.447    32.2808     2.3098          1          1  0.000e+00
  1026.1169     72.864     73.473    32.2805     2.3099          1          1  0.000e+00
  1026.1172     72.883     73.493    32.2808     2.3100          1          1  0.000e+00
  1026.1171     72.887     73.497    32.2806     2.3101          1          1  0.000e+00
  1026.1176     72.889     73.499    32.2812     2.3101          1          1  0.000e+00
  1026.1176     72.899     73.509    32.2811     2.3102          1          1  0.000e+00
  1026.1171     72.914     73.524    32.2804     2.3102          1          1  0.000e+00
  1026.1170     72.946     73.556    32.2801     2.3102          1          1  0.000e+00
  1026.1177     72.990     73.601    32.2807     2.3100          1          1  0.000e+00
  1026.1178     73.042     73.653    32.2806     2.3100          1          1  0.000e+00
