data/eDNA/PER-2021-171/171a019.cnv
* Sea-Bird SBE19plus  Data File:
* FileName = C:\Users\RSG_field\Ryan_2021_Perley\CTD\171a019.hex
* Software version 2.3.0 SB_Terminal.dll
* Temperature SN = 7141
* Conductivity SN = 7141
* System UpLoad Time = Aug 14 2021 13:39:03
* <ApplicationData>
* <SeatermAF>
** Platform: M. Perley
** Cruise: Per2021171
** Station:  ESI_01
** Cast: 01 1
** Latitude: N  44 54.370
** Longitude: W 62 13.895
** Sounding: 20.9
** Chief Scientist: Ryan Stanley
** Comment: 171a019
** Only station of the day
# nquan = 8
# nvalues = 2161                                  
# units = specified
# name 0 = density00: Density [density, kg/m^3]
# name 1 = depSM: Depth [salt water, m], lat = 45.00
# name 2 = prdM: Pressure, Strain Gauge [db]
# name 3 = sal00: Salinity, Practical [PSU]
# name 4 = tv290C: Temperature [ITS-90, deg C]
# name 5 = bpos: Bottle Position in Carousel
# name 6 = nbf: Bottles Fired
# name 7 = flag:  0.000e+00
# span 0 =   998.0615,  1023.5208                 
# span 1 =     -0.071,     20.782                 
# span 2 =     -0.071,     20.953                 
# span 3 =     0.0000,    30.6361                 
# span 4 =    10.6322,    20.6977                 
# span 5 =          0,          2                 
# span 6 =          0,          2                 
# span 7 = 0.0000e+00, 0.0000e+00                 
# interval = seconds: 0.25
# start_time = Aug 14 2021 16:27:09 [Instrument's time stamp, header]
# bad_flag = -9.990e-29
*END*
   998.0693     -0.064     -0.065     0.0102    20.6837          0          0  0.000e+00
   998.0693     -0.064     -0.065     0.0102    20.6838          0          0  0.000e+00
   998.0693     -0.066     -0.067     0.0102    20.6837          0          0  0.000e+00
   998.0693     -0.065     -0.066     0.0102    20.6837          0          0  0.000e+00
   998.0693     -0.066     -0.067     0.0102    20.6836          0          0  0.000e+00
   998.0693     -0.068     -0.068     0.0102    20.6837          0          0  0.000e+00
   998.0693     -0.066     -0.067     0.0102    20.6836          0          0  0.000e+00
   998.0693     -0.066     -0.067     0.0102    20.6835          0          0  0.000e+00
   998.0693     -0.066     -0.067     0.0102    20.6836          0          0  0.000e+00
   998.0693     -0.065     -0.066     0.0102    20.6836          0          0  0.000e+00
   998.0693     -0.065     -0.066     0.0102    20.6837          0          0  0.000e+00
   998.0693     -0.066     -0.067     0.0102    20.6836          0          0  0.000e+00
   998.0693     -0.065     -0.066     0.0102    20.6836          0          0  0.000e+00
   998.0693     -0.065     -0.066     0.0102    20.6836          0          0  0.000e+00
   998.0693     -0.066     -0.067     0.0102    20.6837          0          0  0.000e+00
   998.0693     -0.068     -0.068     0.0102    20.6836          0          0  0.000e+00
   998.0693     -0.066     -0.067     0.0102    20.6838          0          0  0.000e+00
   998.0693     -0.069     -0.069     0.0102    20.6839          0          0  0.000e+00
   998.0693     -0.066     -0.067     0.0102    20.6838          0          0  0.000e+00
   998.0693     -0.066     -0.067     0.0102    20.6837          0          0  0.000e+00
   998.0693     -0.066     -0.067     0.0102    20.6837          0          0  0.000e+00
   998.0693     -0.065     -0.066     0.0102    20.6839          0          0  0.000e+00
   998.0693     -0.065     -0.066     0.0102    20.6837          0          0  0.000e+00
   998.0693     -0.068     -0.068     0.0102    20.6836          0          0  0.000e+00
   998.0693     -0.066     -0.067     0.0102    20.6837          0          0  0.000e+00
   998.0693     -0.066     -0.067     0.0102    20.6838          0          0  0.000e+00
   998.0693     -0.065     -0.066     0.0102    20.6838          0          0  0.000e+00
   998.0693     -0.068     -0.068     0.0102    20.6839          0          0  0.000e+00
   998.0693     -0.068     -0.068     0.0102    20.6839          0          0  0.000e+00
   998.0693     -0.068     -0.068     0.0102    20.6838          0          0  0.000e+00
   998.0693     -0.066     -0.067     0.0103    20.6842          0          0  0.000e+00
   998.0615     -0.068     -0.068     0.0000    20.6838          0          0  0.000e+00
   998.0694     -0.066     -0.067     0.0102    20.6832          0          0  0.000e+00
   998.0693     -0.069     -0.069     0.0104    20.6845          0          0  0.000e+00
   998.0692     -0.069     -0.069     0.0103    20.6843          0          0  0.000e+00
   998.0693     -0.069     -0.069     0.0103    20.6840          0          0  0.000e+00
   998.0693     -0.068     -0.068     0.0103    20.6841          0          0  0.000e+00
   998.0694     -0.068     -0.068     0.0102    20.6832          0          0  0.000e+00
   998.0692     -0.065     -0.066     0.0102    20.6842          0          0  0.000e+00
   998.0693     -0.069     -0.069     0.0102    20.6839          0          0  0.000e+00
   998.0692     -0.068     -0.068     0.0102    20.6840          0          0  0.000e+00
   998.0692     -0.070     -0.070     0.0102    20.6840          0          0  0.000e+00
   998.0692     -0.070     -0.070     0.0102    20.6843          0          0  0.000e+00
   998.0692     -0.068     -0.068     0.0102    20.6840          0          0  0.000e+00
   998.0692     -0.069     -0.069     0.0102    20.6842          0          0  0.000e+00
   998.0692     -0.069     -0.069     0.0102    20.6841          0          0  0.000e+00
   998.0692     -0.066     -0.067     0.0102    20.6840          0          0  0.000e+00
   998.0692     -0.068     -0.068     0.0102    20.6840          0          0  0.000e+00
   998.0692     -0.068     -0.068     0.0102    20.6841          0          0  0.000e+00
   998.0692     -0.069     -0.069     0.0102    20.6842          0          0  0.000e+00
   998.0692     -0.068     -0.068     0.0102    20.6842          0          0  0.000e+00
   998.0692     -0.069     -0.069     0.0102    20.6841          0          0  0.000e+00
   998.0691     -0.070     -0.070     0.0102    20.6844          0          0  0.000e+00
   998.0692     -0.068     -0.068     0.0102    20.6841          0          0  0.000e+00
   998.0692     -0.070     -0.070     0.0102    20.6841          0          0  0.000e+00
   998.0692     -0.070     -0.070     0.0102    20.6842          0          0  0.000e+00
   998.0692     -0.068     -0.068     0.0102    20.6841          0          0  0.000e+00
   998.0692     -0.068     -0.068     0.0102    20.6844          0          0  0.000e+00
   998.0692     -0.066     -0.067     0.0102    20.6844          0          0  0.000e+00
   998.0692     -0.066     -0.067     0.0102    20.6842          0          0  0.000e+00
   998.0692     -0.069     -0.069     0.0102    20.6842          0          0  0.000e+00
   998.0692     -0.069     -0.069     0.0102    20.6842          0          0  0.000e+00
   998.0692     -0.070     -0.070     0.0102    20.6841          0          0  0.000e+00
   998.0692     -0.068     -0.068     0.0102    20.6842          0          0  0.000e+00
   998.0691     -0.069     -0.069     0.0102    20.6845          0          0  0.000e+00
   998.0691     -0.066     -0.067     0.0102    20.6845          0          0  0.000e+00
   998.0692     -0.066     -0.067     0.0102    20.6843          0          0  0.000e+00
   998.0692     -0.069     -0.069     0.0102    20.6842          0          0  0.000e+00
   998.0692     -0.066     -0.067     0.0102    20.6844          0          0  0.000e+00
   998.0692     -0.068     -0.068     0.0102    20.6843          0          0  0.000e+00
   998.0692     -0.068     -0.068     0.0102    20.6844          0          0  0.000e+00
   998.0692     -0.068     -0.068     0.0102    20.6843          0          0  0.000e+00
   998.0692     -0.071     -0.071     0.0102    20.6842          0          0  0.000e+00
   998.0692     -0.068     -0.068     0.0102    20.6844          0          0  0.000e+00
   998.0692     -0.068     -0.068     0.0102    20.6844          0          0  0.000e+00
   998.0692     -0.069     -0.069     0.0102    20.6843          0          0  0.000e+00
   998.0692     -0.066     -0.067     0.0102    20.6844          0          0  0.000e+00
   998.0692     -0.065     -0.066     0.0102    20.6844          0          0  0.000e+00
   998.0692     -0.068     -0.068     0.0102    20.6844          0          0  0.000e+00
   998.0692     -0.068     -0.068     0.0102    20.6843          0          0  0.000e+00
   998.0692     -0.069     -0.069     0.0102    20.6844          0          0  0.000e+00
   998.0692     -0.069     -0.069     0.0102    20.6842          0          0  0.000e+00
   998.0691     -0.066     -0.067     0.0102    20.6845          0          0  0.000e+00
   998.0692     -0.068     -0.068     0.0102    20.6844          0          0  0.000e+00
   998.0691     -0.068     -0.068     0.0102    20.6845          0          0  0.000e+00
   998.0692     -0.068     -0.068     0.0102    20.6843          0          0  0.000e+00
   998.0692     -0.069     -0.069     0.0102    20.6844          0          0  0.000e+00
   998.0691     -0.071     -0.071     0.0102    20.6844          0          0  0.000e+00
   998.0692     -0.068     -0.068     0.0102    20.6843          0          0  0.000e+00
   998.0692     -0.069     -0.069     0.0102    20.6844          0          0  0.000e+00
   998.0692     -0.068     -0.068     0.0102    20.6843          0          0  0.000e+00
   998.0691     -0.069     -0.069     0.0102    20.6845          0          0  0.000e+00
   998.0692     -0.069     -0.069     0.0102    20.6842          0          0  0.000e+00
   998.0692     -0.069     -0.069     0.0102    20.6842          0          0  0.000e+00
   998.0691     -0.069     -0.069     0.0102    20.6845          0          0  0.000e+00
   998.0692     -0.068     -0.068     0.0102    20.6844          0          0  0.000e+00
   998.0691     -0.068     -0.068     0.0102    20.6845          0          0  0.000e+00
   998.0692     -0.068     -0.068     0.0102    20.6844          0          0  0.000e+00
   998.0692     -0.066     -0.067     0.0102    20.6844          0          0  0.000e+00
   998.0691     -0.068     -0.068     0.0102    20.6845          0          0  0.000e+00
   998.0691     -0.065     -0.066     0.0102    20.6845          0          0  0.000e+00
   998.0691     -0.068     -0.068     0.0102    20.6845          0          0  0.000e+00
   998.0691     -0.066     -0.067     0.0102    20.6845          0          0  0.000e+00
   998.0692     -0.068     -0.068     0.0102    20.6844          0          0  0.000e+00
   998.0691     -0.068     -0.068     0.0102    20.6845          0          0  0.000e+00
   998.0692     -0.069     -0.069     0.0102    20.6844          0          0  0.000e+00
   998.0692     -0.068     -0.068     0.0102    20.6844          0          0  0.000e+00
   998.0692     -0.068     -0.068     0.0102    20.6843          0          0  0.000e+00
   998.0692     -0.068     -0.068     0.0102    20.6843          0          0  0.000e+00
   998.0691     -0.068     -0.068     0.0102    20.6845          0          0  0.000e+00
   998.0691     -0.069     -0.069     0.0102    20.6845          0          0  0.000e+00
   998.0691     -0.068     -0.068     0.0102    20.6845          0          0  0.000e+00
   998.0692     -0.069     -0.069     0.0102    20.6843          0          0  0.000e+00
   998.0692     -0.069     -0.069     0.0102    20.6843          0          0  0.000e+00
   998.0691     -0.068     -0.068     0.0102    20.6845          0          0  0.000e+00
   998.0691     -0.066     -0.067     0.0102    20.6845          0          0  0.000e+00
   998.0691     -0.070     -0.070     0.0102    20.6845          0          0  0.000e+00
   998.0692     -0.068     -0.068     0.0102    20.6844          0          0  0.000e+00
   998.0691     -0.068     -0.068     0.0102    20.6845          0          0  0.000e+00
   998.0692     -0.068     -0.068     0.0102    20.6844          0          0  0.000e+00
   998.0692     -0.069     -0.069     0.0102    20.6843          0          0  0.000e+00
   998.0691     -0.066     -0.067     0.0102    20.6846          0          0  0.000e+00
   998.0691     -0.069     -0.069     0.0102    20.6845          0          0  0.000e+00
   998.0691     -0.066     -0.067     0.0102    20.6845          0          0  0.000e+00
   998.0691     -0.068     -0.068     0.0102    20.6845          0          0  0.000e+00
   998.0691     -0.066     -0.067     0.0102    20.6846          0          0  0.000e+00
   998.0691     -0.068     -0.068     0.0102    20.6846          0          0  0.000e+00
   998.0691     -0.066     -0.067     0.0102    20.6846          0          0  0.000e+00
   998.0691     -0.066     -0.067     0.0102    20.6845          0          0  0.000e+00
   998.0691     -0.068     -0.068     0.0102    20.6845          0          0  0.000e+00
   998.0691     -0.069     -0.069     0.0102    20.6845          0          0  0.000e+00
   998.0691     -0.070     -0.070     0.0102    20.6845          0          0  0.000e+00
   998.0692     -0.069     -0.069     0.0102    20.6844          0          0  0.000e+00
   998.0691     -0.069     -0.069     0.0102    20.6847          0          0  0.000e+00
   998.0691     -0.069     -0.069     0.0102    20.6847          0          0  0.000e+00
   998.0691     -0.068     -0.068     0.0102    20.6847          0          0  0.000e+00
   998.0691     -0.068     -0.068     0.0102    20.6845          0          0  0.000e+00
   998.0691     -0.070     -0.070     0.0102    20.6845          0          0  0.000e+00
   998.0691     -0.068     -0.068     0.0102    20.6845          0          0  0.000e+00
   998.0691     -0.066     -0.067     0.0102    20.6845          0          0  0.000e+00
   998.0691     -0.069     -0.069     0.0102    20.6845          0          0  0.000e+00
   998.0691     -0.070     -0.070     0.0102    20.6845          0          0  0.000e+00
   998.0691     -0.068     -0.068     0.0102    20.6846          0          0  0.000e+00
   998.0691     -0.068     -0.068     0.0102    20.6846          0          0  0.000e+00
   998.0691     -0.068     -0.068     0.0102    20.6846          0          0  0.000e+00
   998.0691     -0.068     -0.068     0.0102    20.6846          0          0  0.000e+00
   998.0691     -0.068     -0.068     0.0102    20.6846          0          0  0.000e+00
   998.0691     -0.064     -0.065     0.0102    20.6846          0          0  0.000e+00
   998.0691     -0.066     -0.067     0.0102    20.6847          0          0  0.000e+00
   998.0691     -0.066     -0.067     0.0103    20.6848          0          0  0.000e+00
   998.0691     -0.068     -0.068     0.0102    20.6847          0          0  0.000e+00
   998.0691     -0.068     -0.068     0.0102    20.6846          0          0  0.000e+00
   998.0691     -0.066     -0.067     0.0103    20.6845          0          0  0.000e+00
   998.0691     -0.069     -0.069     0.0102    20.6847          0          0  0.000e+00
   998.0691     -0.069     -0.069     0.0102    20.6846          0          0  0.000e+00
   998.0691     -0.068     -0.068     0.0102    20.6846          0          0  0.000e+00
   998.0691     -0.068     -0.068     0.0102    20.6847          0          0  0.000e+00
   998.0691     -0.066     -0.067     0.0102    20.6846          0          0  0.000e+00
   998.0691     -0.069     -0.069     0.0102    20.6846          0          0  0.000e+00
   998.0691     -0.068     -0.068     0.0102    20.6848          0          0  0.000e+00
   998.0691     -0.068     -0.068     0.0102    20.6847          0          0  0.000e+00
   998.0691     -0.068     -0.068     0.0102    20.6847          0          0  0.000e+00
   998.0691     -0.070     -0.070     0.0102    20.6847          0          0  0.000e+00
   998.0691     -0.066     -0.067     0.0102    20.6847          0          0  0.000e+00
   998.0691     -0.069     -0.069     0.0102    20.6848          0          0  0.000e+00
   998.0691     -0.066     -0.067     0.0102    20.6846          0          0  0.000e+00
   998.0691     -0.069     -0.069     0.0102    20.6845          0          0  0.000e+00
   998.0691     -0.068     -0.068     0.0102    20.6847          0          0  0.000e+00
   998.0691     -0.069     -0.069     0.0102    20.6848          0          0  0.000e+00
   998.0690     -0.069     -0.069     0.0102    20.6849          0          0  0.000e+00
   998.0691     -0.068     -0.068     0.0102    20.6847          0          0  0.000e+00
   998.0691     -0.066     -0.067     0.0102    20.6846          0          0  0.000e+00
   998.0691     -0.068     -0.068     0.0102    20.6847          0          0  0.000e+00
   998.0691     -0.066     -0.067     0.0102    20.6848          0          0  0.000e+00
   998.0691     -0.069     -0.069     0.0102    20.6847          0          0  0.000e+00
   998.0691     -0.069     -0.069     0.0102    20.6848          0          0  0.000e+00
   998.0691     -0.069     -0.069     0.0102    20.6847          0          0  0.000e+00
   998.0691     -0.069     -0.069     0.0102    20.6848          0          0  0.000e+00
   998.0690     -0.068     -0.068     0.0102    20.6849          0          0  0.000e+00
