data/eDNA/PER-2021-171/171a025.cnv
* Sea-Bird SBE19plus  Data File:
* FileName = C:\Users\RSG_field\Ryan_2021_Perley\CTD\171a025.hex
* Software version 2.3.0 SB_Terminal.dll
* Temperature SN = 7141
* Conductivity SN = 7141
* System UpLoad Time = Aug 18 2021 13:34:36
* <ApplicationData>
* <SeatermAF>
** Platform: M. Perley
** Cruise: Per2021171
** Station:  SAB_01
** Cast: 01 1
** Latitude: N  45 50.281
** Longitude: W 60 08.986
** Sounding: 13.4
** Chief Scientist: Ryan Stanley
** Comment: 171a025
# nquan = 8
# nvalues = 1767                                  
# units = specified
# name 0 = density00: Density [density, kg/m^3]
# name 1 = depSM: Depth [salt water, m], lat = 45.00
# name 2 = prdM: Pressure, Strain Gauge [db]
# name 3 = sal00: Salinity, Practical [PSU]
# name 4 = tv290C: Temperature [ITS-90, deg C]
# name 5 = bpos: Bottle Position in Carousel
# name 6 = nbf: Bottles Fired
# name 7 = flag:  0.000e+00
# span 0 =   998.8529,  1023.5225                 
# span 1 =     -0.018,     13.915                 
# span 2 =     -0.018,     14.029                 
# span 3 =     0.0091,    30.5711                 
# span 4 =     9.7329,    18.2761                 
# span 5 =          0,          3                 
# span 6 =          0,          3                 
# span 7 = 0.0000e+00, 0.0000e+00                 
# interval = seconds: 0.25
# start_time = Aug 18 2021 16:24:39 [Instrument's time stamp, header]
# bad_flag = -9.990e-29
*END*
[from data line 540]
  1021.0904      1.804      1.818    29.6005    18.2490          0          0  0.000e+00
  1021.0872      1.797      1.812    29.5970    18.2511          0          0  0.000e+00
  1021.0865      1.791      1.806    29.5960    18.2505          0          0  0.000e+00
  1021.0870      1.795      1.810    29.5961    18.2489          0          0  0.000e+00
  1021.0877      1.797      1.812    29.5965    18.2474          0          0  0.000e+00
  1021.0903      1.805      1.820    29.5994    18.2461          0          0  0.000e+00
  1021.0932      1.813      1.828    29.6033    18.2465          0          0  0.000e+00
  1021.0920      1.821      1.836    29.6026    18.2493          0          0  0.000e+00
  1021.0891      1.832      1.847    29.5997    18.2524          0          0  0.000e+00
  1021.0885      1.843      1.858    29.5992    18.2536          0          0  0.000e+00
  1021.0873      1.854      1.869    29.5977    18.2539          0          0  0.000e+00
  1021.0877      1.866      1.882    29.5980    18.2536          0          0  0.000e+00
  1021.0884      1.876      1.891    29.5988    18.2532          0          0  0.000e+00
  1021.0887      1.881      1.897    29.5992    18.2534          0          0  0.000e+00
  1021.0887      1.883      1.899    29.5994    18.2539          0          0  0.000e+00
  1021.0888      1.885      1.901    29.5996    18.2542          0          0  0.000e+00
  1021.0881      1.884      1.900    29.5989    18.2549          0          0  0.000e+00
  1021.0883      1.882      1.898    29.5993    18.2552          0          0  0.000e+00
  1021.0893      1.875      1.890    29.6008    18.2558          0          0  0.000e+00
  1021.0877      1.865      1.880    29.5992    18.2572          0          0  0.000e+00
  1021.0853      1.856      1.871    29.5962    18.2576          0          0  0.000e+00
  1021.0863      1.848      1.863    29.5971    18.2562          0          0  0.000e+00
  1021.0869      1.842      1.857    29.5977    18.2555          0          0  0.000e+00
  1021.0879      1.840      1.855    29.5990    18.2551          0          0  0.000e+00
  1021.0885      1.833      1.848    29.5998    18.2551          0          0  0.000e+00
  1021.0867      1.833      1.848    29.5975    18.2555          0          0  0.000e+00
  1021.0855      1.832      1.847    29.5959    18.2552          0          0  0.000e+00
  1021.0850      1.830      1.845    29.5947    18.2536          0          0  0.000e+00
  1021.0866      1.827      1.842    29.5960    18.2512          0          0  0.000e+00
  1021.0877      1.822      1.837    29.5969    18.2493          0          0  0.000e+00
  1021.0885      1.816      1.831    29.5977    18.2484          0          0  0.000e+00
  1021.0888      1.816      1.831    29.5980    18.2479          0          0  0.000e+00
  1021.0891      1.813      1.828    29.5983    18.2474          0          0  0.000e+00
  1021.0889      1.815      1.830    29.5979    18.2471          0          0  0.000e+00
  1021.0898      1.818      1.832    29.5989    18.2467          0          0  0.000e+00
  1021.0898      1.820      1.835    29.5989    18.2466          0          0  0.000e+00
  1021.0900      1.826      1.841    29.5992    18.2467          0          0  0.000e+00
  1021.0901      1.837      1.852    29.5993    18.2469          0          0  0.000e+00
  1021.0885      1.848      1.863    29.5972    18.2472          0          0  0.000e+00
  1021.0893      1.860      1.875    29.5979    18.2463          0          0  0.000e+00
  1021.0909      1.867      1.883    29.5997    18.2456          0          0  0.000e+00
  1021.0905      1.873      1.888    29.5993    18.2460          0          0  0.000e+00
  1021.0879      1.879      1.894    29.5959    18.2461          0          0  0.000e+00
  1021.0892      1.877      1.892    29.5970    18.2445          0          0  0.000e+00
  1021.0871      1.876      1.891    29.5940    18.2433          0          0  0.000e+00
  1021.0883      1.873      1.888    29.5948    18.2410          0          0  0.000e+00
  1021.0902      1.864      1.879    29.5964    18.2380          0          0  0.000e+00
  1021.0928      1.860      1.875    29.5993    18.2362          0          0  0.000e+00
  1021.0938      1.855      1.870    29.6006    18.2361          0          0  0.000e+00
  1021.0959      1.850      1.865    29.6036    18.2369          0          0  0.000e+00
  1021.0958      1.845      1.860    29.6044    18.2394          0          0  0.000e+00
  1021.0925      1.842      1.857    29.6010    18.2425          0          0  0.000e+00
  1021.0913      1.834      1.849    29.6000    18.2443          0          0  0.000e+00
  1021.0895      1.828      1.843    29.5979    18.2449          0          0  0.000e+00
  1021.0880      1.819      1.833    29.5958    18.2443          0          0  0.000e+00
  1021.0881      1.811      1.826    29.5953    18.2423          0          0  0.000e+00
  1021.0885      1.811      1.826    29.5951    18.2399          0          0  0.000e+00
  1021.0904      1.810      1.825    29.5969    18.2377          0          0  0.000e+00
  1021.0929      1.813      1.828    29.5997    18.2363          0          0  0.000e+00
  1021.0933      1.817      1.832    29.6002    18.2364          0          0  0.000e+00
  1021.0923      1.825      1.840    29.5991    18.2370          0          0  0.000e+00
  1021.0918      1.833      1.848    29.5984    18.2370          0          0  0.000e+00
  1021.0910      1.843      1.858    29.5972    18.2367          0          0  0.000e+00
  1021.0918      1.848      1.863    29.5979    18.2356          0          0  0.000e+00
  1021.0941      1.851      1.867    29.6006    18.2348          0          0  0.000e+00
  1021.0964      1.850      1.865    29.6038    18.2355          0          0  0.000e+00
  1021.0967      1.852      1.868    29.6050    18.2380          0          0  0.000e+00
  1021.0910      1.848      1.863    29.5986    18.2414          0          0  0.000e+00
  1021.0888      1.848      1.863    29.5959    18.2417          0          0  0.000e+00
  1021.0921      1.846      1.861    29.5996    18.2400          0          0  0.000e+00
  1021.0918      1.844      1.859    29.5992    18.2399          0          0  0.000e+00
  1021.0914      1.843      1.858    29.5988    18.2400          0          0  0.000e+00
  1021.0908      1.845      1.860    29.5979    18.2399          0          0  0.000e+00
  1021.0913      1.845      1.860    29.5984    18.2392          0          0  0.000e+00
  1021.0917      1.846      1.861    29.5987    18.2386          0          0  0.000e+00
  1021.0914      1.846      1.861    29.5981    18.2382          0          0  0.000e+00
  1021.0914      1.845      1.860    29.5980    18.2376          0          0  0.000e+00
  1021.0914      1.845      1.860    29.5977    18.2368          0          0  0.000e+00
  1021.0914      1.841      1.856    29.5974    18.2358          0          0  0.000e+00
  1021.0915      1.838      1.853    29.5973    18.2347          0          0  0.000e+00
  1021.0924      1.832      1.847    29.5981    18.2335          0          0  0.000e+00
  1021.0930      1.827      1.842    29.5986    18.2326          0          0  0.000e+00
  1021.0933      1.824      1.839    29.5990    18.2324          0          0  0.000e+00
  1021.0933      1.819      1.833    29.5990    18.2323          0          0  0.000e+00
  1021.0933      1.816      1.831    29.5989    18.2321          0          0  0.000e+00
  1021.0926      1.812      1.827    29.5979    18.2318          0          0  0.000e+00
  1021.0916      1.808      1.823    29.5965    18.2312          0          0  0.000e+00
  1021.0927      1.807      1.822    29.5974    18.2295          0          0  0.000e+00
  1021.0932      1.806      1.821    29.5976    18.2281          0          0  0.000e+00
  1021.0939      1.808      1.823    29.5982    18.2270          0          0  0.000e+00
  1021.0945      1.814      1.829    29.5987    18.2263          0          0  0.000e+00
  1021.0955      1.820      1.834    29.5998    18.2258          0          0  0.000e+00
  1021.0958      1.824      1.839    29.6002    18.2259          0          0  0.000e+00
  1021.0952      1.830      1.845    29.5995    18.2263          0          0  0.000e+00
  1021.0941      1.838      1.853    29.5981    18.2265          0          0  0.000e+00
  1021.0944      1.845      1.860    29.5984    18.2262          0          0  0.000e+00
  1021.0947      1.852      1.868    29.5985    18.2253          0          0  0.000e+00
  1021.0945      1.858      1.873    29.5981    18.2250          0          0  0.000e+00
  1021.0949      1.862      1.877    29.5983    18.2240          0          0  0.000e+00
  1021.0961      1.867      1.883    29.5995    18.2232          0          0  0.000e+00
  1021.0961      1.866      1.881    29.5994    18.2231          0          0  0.000e+00
  1021.0960      1.868      1.884    29.5995    18.2234          0          0  0.000e+00
  1021.0962      1.871      1.887    29.5997    18.2235          0          0  0.000e+00
  1021.0965      1.869      1.885    29.6001    18.2236          0          0  0.000e+00
  1021.0955      1.865      1.880    29.5990    18.2240          0          0  0.000e+00
  1021.0948      1.856      1.871    29.5982    18.2240          0          0  0.000e+00
  1021.0943      1.843      1.858    29.5973    18.2233          0          0  0.000e+00
  1021.0938      1.832      1.847    29.5963    18.2221          0          0  0.000e+00
  1021.0949      1.822      1.837    29.5972    18.2203          0          0  0.000e+00
  1021.0955      1.812      1.827    29.5977    18.2189          0          0  0.000e+00
  1021.0963      1.802      1.816    29.5986    18.2182          0          0  0.000e+00
  1021.0971      1.799      1.814    29.5994    18.2175          0          0  0.000e+00
  1021.0981      1.798      1.813    29.6007    18.2175          0          0  0.000e+00
  1021.0982      1.800      1.815    29.6010    18.2179          0          0  0.000e+00
  1021.0973      1.804      1.818    29.6001    18.2188          0          0  0.000e+00
  1021.0967      1.812      1.827    29.5994    18.2193          0          0  0.000e+00
  1021.0964      1.816      1.831    29.5990    18.2194          0          0  0.000e+00
  1021.0947      1.822      1.837    29.5966    18.2192          0          0  0.000e+00
  1021.0955      1.830      1.845    29.5972    18.2176          0          0  0.000e+00
  1021.0971      1.836      1.852    29.5988    18.2159          0          0  0.000e+00
  1021.0971      1.842      1.857    29.5985    18.2152          0          0  0.000e+00
  1021.0980      1.849      1.864    29.5995    18.2147          0          0  0.000e+00
  1021.0995      1.852      1.868    29.6013    18.2146          0          0  0.000e+00
  1021.0994      1.861      1.876    29.6015    18.2155          0          0  0.000e+00
  1021.0982      1.868      1.884    29.6004    18.2171          0          0  0.000e+00
  1021.0971      1.873      1.888    29.5993    18.2185          0          0  0.000e+00
  1021.0975      1.878      1.893    29.5998    18.2187          0          0  0.000e+00
  1021.0979      1.882      1.897    29.6004    18.2189          0          0  0.000e+00
  1021.0973      1.885      1.901    29.5999    18.2197          0          0  0.000e+00
  1021.0976      1.885      1.901    29.6005    18.2204          0          0  0.000e+00
  1021.0971      1.886      1.902    29.6001    18.2215          0          0  0.000e+00
  1021.0972      1.884      1.900    29.6006    18.2223          0          0  0.000e+00
  1021.0962      1.878      1.893    29.5996    18.2235          0          0  0.000e+00
  1021.0956      1.868      1.884    29.5992    18.2243          0          0  0.000e+00
  1021.0954      1.856      1.871    29.5991    18.2244          0          0  0.000e+00
  1021.0948      1.841      1.856    29.5985    18.2247          0          0  0.000e+00
  1021.0948      1.828      1.843    29.5985    18.2247          0          0  0.000e+00
  1021.0946      1.816      1.831    29.5982    18.2246          0          0  0.000e+00
  1021.0948      1.805      1.819    29.5986    18.2245          0          0  0.000e+00
  1021.0948      1.799      1.814    29.5987    18.2245          0          0  0.000e+00
  1021.0949      1.798      1.813    29.5987    18.2246          0          0  0.000e+00
  1021.0950      1.799      1.814    29.5990    18.2249          0          0  0.000e+00
  1021.0952      1.806      1.821    29.5992    18.2250          0          0  0.000e+00
  1021.0953      1.814      1.829    29.5994    18.2253          0          0  0.000e+00
  1021.0955      1.821      1.835    29.5998    18.2259          0          0  0.000e+00
  1021.0956      1.829      1.844    29.6001    18.2266          0          0  0.000e+00
  1021.0949      1.835      1.850    29.5994    18.2273          0          0  0.000e+00
  1021.0944      1.845      1.860    29.5989    18.2280          0          0  0.000e+00
  1021.0947      1.851      1.866    29.5993    18.2280          0          0  0.000e+00
  1021.0946      1.858      1.873    29.5992    18.2283          0          0  0.000e+00
  1021.0945      1.861      1.876    29.5991    18.2287          0          0  0.000e+00
  1021.0943      1.866      1.881    29.5989    18.2288          0          0  0.000e+00
  1021.0941      1.871      1.887    29.5987    18.2290          0          0  0.000e+00
  1021.0939      1.875      1.890    29.5983    18.2290          0          0  0.000e+00
  1021.0939      1.876      1.891    29.5983    18.2287          0          0  0.000e+00
  1021.0941      1.878      1.893    29.5986    18.2287          0          0  0.000e+00
  1021.0942      1.877      1.892    29.5986    18.2284          0          0  0.000e+00
  1021.0941      1.871      1.887    29.5985    18.2285          0          0  0.000e+00
  1021.0939      1.866      1.881    29.5982    18.2281          0          0  0.000e+00
  1021.0939      1.858      1.873    29.5981    18.2280          0          0  0.000e+00
  1021.0942      1.849      1.864    29.5985    18.2276          0          0  0.000e+00
  1021.0938      1.842      1.857    29.5980    18.2275          0          0  0.000e+00
  1021.0940      1.833      1.848    29.5981    18.2269          0          0  0.000e+00
  1021.0947      1.829      1.844    29.5989    18.2263          0          0  0.000e+00
  1021.0944      1.825      1.840    29.5986    18.2264          0          0  0.000e+00
  1021.0941      1.823      1.838    29.5982    18.2263          0          0  0.000e+00
  1021.0944      1.825      1.840    29.5984    18.2259          0          0  0.000e+00
  1021.0942      1.826      1.841    29.5980    18.2255          0          0  0.000e+00
  1021.0944      1.831      1.846    29.5981    18.2250          0          0  0.000e+00
  1021.0943      1.833      1.848    29.5977    18.2244          0          0  0.000e+00
  1021.0946      1.834      1.849    29.5978    18.2236          0          0  0.000e+00
  1021.0954      1.836      1.851    29.5986    18.2226          0          0  0.000e+00
  1021.0955      1.836      1.851    29.5985    18.2221          0          0  0.000e+00
  1021.0957      1.836      1.851    29.5987    18.2219          0          0  0.000e+00
  1021.0963      1.842      1.857    29.5994    18.2215          0          0  0.000e+00
  1021.0964      1.843      1.858    29.5995    18.2216          0          0  0.000e+00
  1021.0964      1.847      1.862    29.5996    18.2220          0          0  0.000e+00
  1021.0964      1.854      1.870    29.5997    18.2223          0          0  0.000e+00
  1021.0959      1.861      1.876    29.5991    18.2227          0          0  0.000e+00
