data/eDNA/PER-2021-171/171a001.cnv
* Sea-Bird SBE19plus  Data File:
* FileName = C:\Users\RSG_field\Ryan_2021_Perley\CTD\171a001.hex
* Software version 2.3.0 SB_Terminal.dll
* Temperature SN = 7141
* Conductivity SN = 7141
* System UpLoad Time = Aug 07 2021 19:51:33
* <ApplicationData>
* <SeatermAF>
** Platform: M. Perley
** Cruise: Per2021171
** Station:  1
** Cast: 01
** Latitude: N  44 27.0583
** Longitude: W 62 8.8382
** Sounding: 210
** Chief Scientist: Ryan Stanley
** Comment:
# nquan = 8
# nvalues = 5375                                  
# units = specified
# name 0 = density00: Density [density, kg/m^3]
# name 1 = depSM: Depth [salt water, m], lat = 45.00
# name 2 = prdM: Pressure, Strain Gauge [db]
# name 3 = sal00: Salinity, Practical [PSU]
# name 4 = tv290C: Temperature [ITS-90, deg C]
# name 5 = bpos: Bottle Position in Carousel
# name 6 = nbf: Bottles Fired
# name 7 = flag:  0.000e+00
# span 0 =   998.7110,  1027.7497                 
# span 1 =     -0.051,    191.116                 
# span 2 =     -0.051,    192.770                 
# span 3 =     0.0000,    35.2137                 
# span 4 =     3.0110,    17.4078                 
# span 5 =          0,          6                 
# span 6 =          0,          6                 
# span 7 = 0.0000e+00, 0.0000e+00                 
# interval = seconds: 0.25
# start_time = Aug 07 2021 18:23:24 [Instrument's time stamp, header]
# bad_flag = -9.990e-29
*END*
[from data line 2877]
  1027.7455    190.464    192.113    35.2061    11.2902          0          0  0.000e+00
  1027.7490    190.442    192.090    35.2110    11.2918          0          0  0.000e+00
  1027.7497    190.427    192.075    35.2128    11.2950          0          0  0.000e+00
  1027.7475    190.420    192.068    35.2110    11.2991          0          0  0.000e+00
  1027.7456    190.416    192.063    35.2093    11.3020          0          0  0.000e+00
  1027.7437    190.412    192.060    35.2074    11.3044          0          0  0.000e+00
  1027.7432    190.411    192.059    35.2071    11.3057          0          0  0.000e+00
  1027.7422    190.412    192.060    35.2061    11.3066          0          0  0.000e+00
  1027.7420    190.418    192.065    35.2060    11.3074          0          0  0.000e+00
  1027.7409    190.424    192.072    35.2046    11.3078          0          0  0.000e+00
  1027.7408    190.435    192.083    35.2044    11.3076          0          0  0.000e+00
  1027.7401    190.447    192.094    35.2033    11.3074          0          0  0.000e+00
  1027.7403    190.456    192.104    35.2034    11.3068          0          0  0.000e+00
  1027.7399    190.459    192.107    35.2027    11.3061          0          0  0.000e+00
  1027.7403    190.451    192.099    35.2031    11.3054          0          0  0.000e+00
  1027.7408    190.430    192.077    35.2037    11.3046          0          0  0.000e+00
  1027.7413    190.395    192.042    35.2045    11.3042          0          0  0.000e+00
  1027.7435    190.348    191.995    35.2075    11.3041          0          0  0.000e+00
  1027.7432    190.294    191.940    35.2077    11.3050          0          0  0.000e+00
  1027.7421    190.233    191.879    35.2069    11.3062          0          0  0.000e+00
  1027.7420    190.177    191.823    35.2072    11.3072          0          0  0.000e+00
  1027.7417    190.129    191.774    35.2074    11.3080          0          0  0.000e+00
  1027.7419    190.095    191.740    35.2080    11.3087          0          0  0.000e+00
  1027.7411    190.078    191.723    35.2073    11.3096          0          0  0.000e+00
  1027.7408    190.082    191.726    35.2071    11.3103          0          0  0.000e+00
  1027.7410    190.103    191.748    35.2073    11.3109          0          0  0.000e+00
  1027.7405    190.148    191.794    35.2066    11.3114          0          0  0.000e+00
  1027.7406    190.217    191.863    35.2064    11.3117          0          0  0.000e+00
  1027.7400    190.304    191.951    35.2051    11.3120          0          0  0.000e+00
  1027.7394    190.403    192.051    35.2037    11.3117          0          0  0.000e+00
  1027.7377    190.517    192.165    35.2007    11.3108          0          0  0.000e+00
  1027.7368    190.631    192.281    35.1983    11.3087          0          0  0.000e+00
  1027.7353    190.751    192.402    35.1950    11.3057          0          0  0.000e+00
  1027.7384    190.865    192.517    35.1973    11.3017          0          0  0.000e+00
  1027.7407    190.963    192.616    35.1989    11.2983          0          0  0.000e+00
  1027.7439    191.043    192.696    35.2019    11.2960          0          0  0.000e+00
  1027.7461    191.092    192.746    35.2043    11.2950          0          0  0.000e+00
  1027.7477    191.116    192.770    35.2062    11.2950          0          0  0.000e+00
  1027.7485    191.106    192.760    35.2075    11.2957          0          0  0.000e+00
  1027.7470    191.068    192.722    35.2061    11.2968          0          0  0.000e+00
  1027.7453    191.010    192.663    35.2043    11.2974          0          0  0.000e+00
  1027.7443    190.932    192.585    35.2035    11.2973          0          0  0.000e+00
  1027.7440    190.849    192.500    35.2034    11.2968          0          0  0.000e+00
  1027.7433    190.757    192.408    35.2030    11.2964          0          0  0.000e+00
  1027.7427    190.668    192.318    35.2025    11.2957          0          0  0.000e+00
  1027.7429    190.575    192.224    35.2031    11.2950          0          0  0.000e+00
  1027.7425    190.480    192.128    35.2031    11.2946          0          0  0.000e+00
  1027.7422    190.383    192.030    35.2033    11.2943          0          0  0.000e+00
  1027.7427    190.282    191.929    35.2045    11.2942          0          0  0.000e+00
  1027.7427    190.178    191.824    35.2051    11.2945          0          0  0.000e+00
  1027.7433    190.081    191.725    35.2066    11.2952          0          0  0.000e+00
  1027.7427    189.991    191.634    35.2067    11.2965          0          0  0.000e+00
  1027.7429    189.913    191.556    35.2077    11.2977          0          0  0.000e+00
  1027.7430    189.855    191.497    35.2085    11.2992          0          0  0.000e+00
  1027.7432    189.824    191.466    35.2095    11.3012          0          0  0.000e+00
  1027.7434    189.819    191.461    35.2103    11.3035          0          0  0.000e+00
  1027.7429    189.844    191.487    35.2102    11.3060          0          0  0.000e+00
  1027.7422    189.905    191.548    35.2094    11.3081          0          0  0.000e+00
  1027.7421    189.998    191.642    35.2092    11.3100          0          0  0.000e+00
  1027.7415    190.109    191.754    35.2081    11.3117          0          0  0.000e+00
  1027.7375    190.247    191.893    35.2025    11.3128          0          0  0.000e+00
  1027.7357    190.397    192.044    35.1991    11.3118          0          0  0.000e+00
  1027.7343    190.542    192.191    35.1958    11.3090          0          0  0.000e+00
  1027.7371    190.677    192.327    35.1975    11.3050          0          0  0.000e+00
  1027.7403    190.791    192.442    35.2002    11.3018          0          0  0.000e+00
  1027.7415    190.876    192.528    35.2007    11.2994          0          0  0.000e+00
  1027.7435    190.931    192.584    35.2026    11.2979          0          0  0.000e+00
  1027.7433    190.954    192.606    35.2020    11.2970          0          0  0.000e+00
  1027.7439    190.945    192.598    35.2026    11.2962          0          0  0.000e+00
  1027.7441    190.911    192.563    35.2029    11.2956          0          0  0.000e+00
  1027.7444    190.852    192.503    35.2035    11.2950          0          0  0.000e+00
  1027.7438    190.774    192.425    35.2032    11.2947          0          0  0.000e+00
  1027.7431    190.678    192.328    35.2027    11.2944          0          0  0.000e+00
  1027.7434    190.571    192.220    35.2037    11.2940          0          0  0.000e+00
  1027.7438    190.452    192.100    35.2049    11.2940          0          0  0.000e+00
  1027.7434    190.330    191.977    35.2051    11.2944          0          0  0.000e+00
  1027.7426    190.209    191.855    35.2049    11.2951          0          0  0.000e+00
  1027.7418    190.101    191.746    35.2047    11.2955          0          0  0.000e+00
  1027.7415    190.009    191.653    35.2050    11.2961          0          0  0.000e+00
  1027.7419    189.937    191.580    35.2060    11.2966          0          0  0.000e+00
  1027.7417    189.889    191.532    35.2063    11.2975          0          0  0.000e+00
  1027.7441    189.869    191.511    35.2097    11.2984          0          0  0.000e+00
  1027.7449    189.874    191.517    35.2113    11.3009          0          0  0.000e+00
  1027.7440    189.909    191.552    35.2107    11.3039          0          0  0.000e+00
  1027.7430    189.975    191.618    35.2096    11.3066          0          0  0.000e+00
  1027.7417    190.062    191.706    35.2080    11.3086          0          0  0.000e+00
  1027.7395    190.170    191.815    35.2048    11.3099          0          0  0.000e+00
  1027.7387    190.285    191.931    35.2031    11.3098          0          0  0.000e+00
  1027.7367    190.406    192.054    35.1995    11.3086          0          0  0.000e+00
  1027.7385    190.519    192.167    35.2006    11.3065          0          0  0.000e+00
  1027.7385    190.615    192.265    35.1995    11.3043          0          0  0.000e+00
  1027.7416    190.706    192.356    35.2024    11.3020          0          0  0.000e+00
  1027.7412    190.780    192.431    35.2012    11.3009          0          0  0.000e+00
  1027.7409    190.835    192.486    35.2002    11.2994          0          0  0.000e+00
  1027.7420    190.874    192.526    35.2010    11.2977          0          0  0.000e+00
  1027.7441    190.900    192.552    35.2031    11.2962          0          0  0.000e+00
  1027.7448    190.913    192.566    35.2038    11.2954          0          0  0.000e+00
  1027.7450    190.906    192.558    35.2040    11.2950          0          0  0.000e+00
  1027.7463    190.882    192.534    35.2058    11.2948          0          0  0.000e+00
  1027.7446    190.834    192.485    35.2039    11.2951          0          0  0.000e+00
  1027.7445    190.764    192.415    35.2041    11.2949          0          0  0.000e+00
  1027.7442    190.663    192.313    35.2043    11.2948          0          0  0.000e+00
  1027.7433    190.532    192.180    35.2039    11.2947          0          0  0.000e+00
  1027.7426    190.375    192.022    35.2039    11.2947          0          0  0.000e+00
  1027.7420    190.194    191.840    35.2042    11.2946          0          0  0.000e+00
  1027.7421    189.998    191.642    35.2053    11.2945          0          0  0.000e+00
  1027.7416    189.804    191.446    35.2060    11.2951          0          0  0.000e+00
  1027.7410    189.624    191.264    35.2066    11.2961          0          0  0.000e+00
  1027.7402    189.467    191.106    35.2067    11.2973          0          0  0.000e+00
  1027.7393    189.352    190.990    35.2065    11.2985          0          0  0.000e+00
  1027.7395    189.285    190.923    35.2074    11.2996          0          0  0.000e+00
  1027.7392    189.273    190.910    35.2075    11.3012          0          0  0.000e+00
  1027.7404    189.319    190.957    35.2092    11.3025          0          0  0.000e+00
  1027.7411    189.432    191.070    35.2098    11.3043          0          0  0.000e+00
  1027.7398    189.590    191.230    35.2078    11.3067          0          0  0.000e+00
  1027.7372    189.791    191.433    35.2036    11.3079          0          0  0.000e+00
  1027.7358    190.019    191.663    35.2004    11.3076          0          0  0.000e+00
  1027.7328    190.255    191.901    35.1947    11.3059          0          0  0.000e+00
  1027.7326    190.478    192.126    35.1922    11.3020          0          0  0.000e+00
  1027.7403    190.666    192.316    35.1997    11.2969          0          0  0.000e+00
  1027.7434    190.812    192.463    35.2023    11.2943          0          0  0.000e+00
  1027.7440    190.897    192.549    35.2022    11.2929          0          0  0.000e+00
  1027.7451    190.935    192.587    35.2031    11.2916          0          0  0.000e+00
  1027.7457    190.932    192.584    35.2038    11.2909          0          0  0.000e+00
  1027.7457    190.888    192.540    35.2039    11.2905          0          0  0.000e+00
  1027.7455    190.815    192.466    35.2040    11.2902          0          0  0.000e+00
  1027.7452    190.717    192.368    35.2042    11.2901          0          0  0.000e+00
  1027.7451    190.606    192.255    35.2047    11.2901          0          0  0.000e+00
  1027.7448    190.491    192.140    35.2050    11.2904          0          0  0.000e+00
  1027.7441    190.379    192.026    35.2049    11.2908          0          0  0.000e+00
  1027.7430    190.275    191.921    35.2041    11.2910          0          0  0.000e+00
  1027.7421    190.186    191.832    35.2035    11.2913          0          0  0.000e+00
  1027.7419    190.113    191.758    35.2038    11.2913          0          0  0.000e+00
  1027.7417    190.051    191.696    35.2038    11.2915          0          0  0.000e+00
  1027.7417    190.010    191.654    35.2041    11.2914          0          0  0.000e+00
  1027.7416    189.982    191.626    35.2041    11.2917          0          0  0.000e+00
  1027.7418    189.963    191.607    35.2045    11.2919          0          0  0.000e+00
  1027.7420    189.953    191.596    35.2051    11.2923          0          0  0.000e+00
  1027.7409    189.953    191.596    35.2037    11.2926          0          0  0.000e+00
  1027.7411    189.955    191.598    35.2039    11.2930          0          0  0.000e+00
  1027.7414    189.960    191.604    35.2043    11.2930          0          0  0.000e+00
  1027.7414    189.962    191.606    35.2044    11.2934          0          0  0.000e+00
  1027.7409    189.956    191.599    35.2039    11.2935          0          0  0.000e+00
  1027.7407    189.942    191.585    35.2037    11.2938          0          0  0.000e+00
  1027.7409    189.920    191.563    35.2041    11.2938          0          0  0.000e+00
  1027.7413    189.892    191.535    35.2049    11.2940          0          0  0.000e+00
  1027.7417    189.859    191.502    35.2057    11.2942          0          0  0.000e+00
  1027.7397    189.828    191.470    35.2033    11.2947          0          0  0.000e+00
  1027.7394    189.801    191.443    35.2031    11.2944          0          0  0.000e+00
  1027.7398    189.790    191.432    35.2036    11.2942          0          0  0.000e+00
  1027.7404    189.799    191.441    35.2042    11.2940          0          0  0.000e+00
  1027.7407    189.824    191.467    35.2046    11.2944          0          0  0.000e+00
  1027.7408    189.873    191.516    35.2044    11.2945          0          0  0.000e+00
  1027.7407    189.937    191.580    35.2041    11.2949          0          0  0.000e+00
  1027.7402    190.013    191.657    35.2030    11.2950          0          0  0.000e+00
  1027.7399    190.092    191.736    35.2021    11.2948          0          0  0.000e+00
  1027.7403    190.163    191.808    35.2020    11.2939          0          0  0.000e+00
  1027.7413    190.226    191.872    35.2027    11.2933          0          0  0.000e+00
  1027.7425    190.283    191.929    35.2039    11.2929          0          0  0.000e+00
  1027.7436    190.324    191.971    35.2050    11.2929          0          0  0.000e+00
  1027.7450    190.360    192.007    35.2067    11.2933          0          0  0.000e+00
  1027.7445    190.389    192.036    35.2062    11.2944          0          0  0.000e+00
  1027.7438    190.413    192.061    35.2053    11.2950          0          0  0.000e+00
  1027.7452    190.434    192.082    35.2071    11.2952          0          0  0.000e+00
  1027.7462    190.456    192.104    35.2084    11.2960          0          0  0.000e+00
  1027.7450    190.474    192.122    35.2071    11.2974          0          0  0.000e+00
  1027.7440    190.488    192.137    35.2058    11.2980          0          0  0.000e+00
  1027.7426    190.495    192.143    35.2041    11.2983          0          0  0.000e+00
  1027.7434    190.487    192.136    35.2050    11.2977          0          0  0.000e+00
  1027.7438    190.463    192.111    35.2055    11.2973          0          0  0.000e+00
  1027.7444    190.412    192.060    35.2067    11.2972          0          0  0.000e+00
  1027.7444    190.342    191.989    35.2071    11.2975          0          0  0.000e+00
  1027.7434    190.243    191.890    35.2065    11.2981          0          0  0.000e+00
  1027.7426    190.131    191.776    35.2062    11.2985          0          0  0.000e+00
  1027.7418    189.999    191.643    35.2060    11.2988          0          0  0.000e+00
  1027.7408    189.861    191.503    35.2056    11.2988          0          0  0.000e+00
  1027.7409    189.723    191.364    35.2066    11.2988          0          0  0.000e+00
  1027.7402    189.596    191.237    35.2064    11.2990          0          0  0.000e+00
  1027.7394    189.489    191.129    35.2061    11.2994          0          0  0.000e+00
