data/eDNA/PER-2021-171/171a023.cnv
* Sea-Bird SBE19plus  Data File:
* FileName = C:\Users\RSG_field\Ryan_2021_Perley\CTD\171a023.hex
* Software version 2.3.0 SB_Terminal.dll
* Temperature SN = 7141
* Conductivity SN = 7141
* System UpLoad Time = Aug 17 2021 17:32:49
* <ApplicationData>
* <SeatermAF>
** Platform: M. Perley
** Cruise: Per2021171
** Station:  SAB_08
** Cast: 01 1
** Latitude: N  46 10.928
** Longitude: W 59 09.745
** Sounding: 92.2
** Chief Scientist: Ryan Stanley
** Comment: 171a023
# nquan = 8
# nvalues = 3041                                  
# units = specified
# name 0 = density00: Density [density, kg/m^3]
# name 1 = depSM: Depth [salt water, m], lat = 45.00
# name 2 = prdM: Pressure, Strain Gauge [db]
# name 3 = sal00: Salinity, Practical [PSU]
# name 4 = tv290C: Temperature [ITS-90, deg C]
# name 5 = bpos: Bottle Position in Carousel
# name 6 = nbf: Bottles Fired
# name 7 = flag:  0.000e+00
# span 0 =   998.3155,  1026.3613                 
# span 1 =     -0.048,     83.329                 
# span 2 =     -0.049,     84.028                 
# span 3 =     0.0097,    32.5178                 
# span 4 =     2.2203,    20.0092                 
# span 5 =          0,          2                 
# span 6 =          0,          2                 
# span 7 = 0.0000e+00, 0.0000e+00                 
# interval = seconds: 0.25
# start_time = Aug 17 2021 19:41:53 [Instrument's time stamp, header]
# bad_flag = -9.990e-29
*END*
[from data line 2338]
  1026.3152     77.761     78.412    32.4909     2.2230          1          1  0.000e+00
  1026.3114     77.443     78.091    32.4882     2.2236          1          1  0.000e+00
  1026.3075     77.092     77.737    32.4854     2.2243          1          1  0.000e+00
  1026.3041     76.727     77.369    32.4833     2.2242          1          1  0.000e+00
  1026.3015     76.381     77.021    32.4821     2.2238          1          1  0.000e+00
  1026.2984     76.087     76.724    32.4799     2.2237          1          1  0.000e+00
  1026.2926     75.875     76.510    32.4739     2.2237          1          1  0.000e+00
  1026.2869     75.743     76.377    32.4676     2.2239          1          1  0.000e+00
  1026.2809     75.682     76.315    32.4606     2.2243          1          1  0.000e+00
  1026.2764     75.679     76.313    32.4550     2.2250          1          1  0.000e+00
  1026.2719     75.723     76.357    32.4491     2.2256          1          1  0.000e+00
  1026.2663     75.781     76.416    32.4419     2.2265          1          1  0.000e+00
  1026.2641     75.829     76.464    32.4389     2.2273          1          1  0.000e+00
  1026.2624     75.862     76.497    32.4366     2.2281          1          1  0.000e+00
  1026.2618     75.851     76.486    32.4360     2.2286          1          1  0.000e+00
  1026.2610     75.790     76.424    32.4354     2.2292          1          1  0.000e+00
  1026.2591     75.685     76.318    32.4337     2.2300          1          1  0.000e+00
  1026.2580     75.540     76.172    32.4333     2.2308          1          1  0.000e+00
  1026.2561     75.356     75.987    32.4321     2.2318          1          1  0.000e+00
  1026.2540     75.160     75.789    32.4307     2.2323          1          1  0.000e+00
  1026.2509     74.949     75.576    32.4282     2.2329          1          1  0.000e+00
  1026.2494     74.740     75.366    32.4276     2.2332          1          1  0.000e+00
  1026.2474     74.557     75.181    32.4262     2.2333          1          1  0.000e+00
  1026.2447     74.399     75.021    32.4237     2.2336          1          1  0.000e+00
  1026.2423     74.280     74.902    32.4215     2.2336          1          1  0.000e+00
  1026.2404     74.185     74.805    32.4197     2.2340          1          1  0.000e+00
  1026.2344     74.124     74.744    32.4126     2.2343          1          1  0.000e+00
  1026.2303     74.082     74.702    32.4077     2.2347          1          1  0.000e+00
  1026.2246     74.048     74.667    32.4009     2.2353          1          1  0.000e+00
  1026.2226     74.024     74.643    32.3986     2.2358          1          1  0.000e+00
  1026.2195     73.983     74.602    32.3950     2.2364          1          1  0.000e+00
  1026.2197     73.914     74.533    32.3957     2.2370          1          1  0.000e+00
  1026.2199     73.815     74.432    32.3967     2.2378          1          1  0.000e+00
  1026.2187     73.667     74.284    32.3961     2.2392          1          1  0.000e+00
  1026.2165     73.474     74.089    32.3947     2.2401          1          1  0.000e+00
  1026.2147     73.244     73.857    32.3938     2.2409          1          1  0.000e+00
  1026.2132     72.991     73.601    32.3935     2.2412          1          1  0.000e+00
  1026.2127     72.685     73.292    32.3947     2.2421          1          1  0.000e+00
  1026.2126     72.381     72.987    32.3967     2.2444          1          1  0.000e+00
  1026.2111     72.099     72.702    32.3969     2.2488          1          1  0.000e+00
  1026.2111     71.846     72.447    32.3989     2.2545          1          1  0.000e+00
  1026.2069     71.631     72.230    32.3957     2.2618          1          1  0.000e+00
  1026.2031     71.459     72.056    32.3926     2.2686          1          1  0.000e+00
  1026.2019     71.328     71.924    32.3925     2.2744          1          1  0.000e+00
  1026.1998     71.243     71.838    32.3910     2.2803          1          1  0.000e+00
  1026.1992     71.190     71.785    32.3911     2.2866          1          1  0.000e+00
  1026.2002     71.151     71.745    32.3932     2.2928          1          1  0.000e+00
  1026.2063     71.119     71.713    32.4019     2.3013          1          1  0.000e+00
  1026.1941     71.066     71.660    32.3881     2.3137          1          1  0.000e+00
  1026.1874     71.029     71.622    32.3807     2.3213          1          1  0.000e+00
  1026.1876     70.949     71.542    32.3818     2.3254          1          1  0.000e+00
  1026.1901     70.844     71.436    32.3861     2.3297          1          1  0.000e+00
  1026.1902     70.731     71.322    32.3874     2.3361          1          1  0.000e+00
  1026.1901     70.611     71.201    32.3888     2.3437          1          1  0.000e+00
  1026.1848     70.487     71.076    32.3838     2.3522          1          1  0.000e+00
  1026.1799     70.370     70.958    32.3789     2.3588          1          1  0.000e+00
  1026.1791     70.250     70.838    32.3791     2.3636          1          1  0.000e+00
  1026.1754     70.132     70.718    32.3757     2.3683          1          1  0.000e+00
  1026.1798     70.019     70.604    32.3822     2.3719          1          1  0.000e+00
  1026.1811     69.896     70.480    32.3851     2.3780          1          1  0.000e+00
  1026.1739     69.768     70.351    32.3777     2.3861          1          1  0.000e+00
  1026.1715     69.644     70.226    32.3760     2.3914          1          1  0.000e+00
  1026.1684     69.507     70.088    32.3733     2.3957          1          1  0.000e+00
  1026.1694     69.353     69.932    32.3758     2.3989          1          1  0.000e+00
  1026.1682     69.206     69.784    32.3756     2.4031          1          1  0.000e+00
  1026.1679     69.058     69.635    32.3765     2.4076          1          1  0.000e+00
  1026.1682     68.907     69.483    32.3784     2.4123          1          1  0.000e+00
  1026.1685     68.774     69.348    32.3801     2.4184          1          1  0.000e+00
  1026.1643     68.643     69.217    32.3763     2.4253          1          1  0.000e+00
  1026.1619     68.534     69.107    32.3745     2.4310          1          1  0.000e+00
  1026.1618     68.425     68.996    32.3756     2.4364          1          1  0.000e+00
  1026.1622     68.327     68.898    32.3772     2.4421          1          1  0.000e+00
  1026.1646     68.223     68.793    32.3816     2.4490          1          1  0.000e+00
  1026.1677     68.121     68.690    32.3870     2.4579          1          1  0.000e+00
  1026.1709     67.996     68.563    32.3928     2.4700          1          1  0.000e+00
  1026.1641     67.860     68.427    32.3868     2.4856          1          1  0.000e+00
  1026.1579     67.711     68.277    32.3813     2.4997          1          1  0.000e+00
  1026.1619     67.550     68.114    32.3884     2.5113          1          1  0.000e+00
  1026.1590     67.370     67.933    32.3873     2.5260          1          1  0.000e+00
  1026.1607     67.178     67.739    32.3923     2.5425          1          1  0.000e+00
  1026.1797     66.984     67.543    32.4194     2.5629          1          1  0.000e+00
  1026.1578     66.800     67.357    32.3963     2.5941          1          1  0.000e+00
  1026.1467     66.631     67.187    32.3861     2.6206          1          1  0.000e+00
  1026.1706     66.492     67.047    32.4190     2.6420          1          1  0.000e+00
  1026.1687     66.392     66.946    32.4206     2.6746          1          1  0.000e+00
  1026.1590     66.324     66.877    32.4130     2.7136          1          1  0.000e+00
  1026.1389     66.283     66.837    32.3918     2.7497          1          1  0.000e+00
  1026.1544     66.262     66.815    32.4144     2.7787          1          1  0.000e+00
  1026.1837     66.250     66.802    32.4553     2.8171          1          1  0.000e+00
  1026.1497     66.208     66.761    32.4191     2.8751          1          1  0.000e+00
  1026.1160     66.145     66.697    32.3825     2.9241          1          1  0.000e+00
  1026.0999     66.033     66.584    32.3665     2.9568          1          1  0.000e+00
  1026.0874     65.872     66.422    32.3545     2.9816          1          1  0.000e+00
  1026.0824     65.675     66.223    32.3515     3.0017          1          1  0.000e+00
  1026.0872     65.447     65.993    32.3611     3.0212          1          1  0.000e+00
  1026.0854     65.212     65.756    32.3629     3.0456          1          1  0.000e+00
  1026.0638     64.987     65.529    32.3403     3.0736          1          1  0.000e+00
  1026.0450     64.790     65.330    32.3203     3.0962          1          1  0.000e+00
  1026.0338     64.619     65.158    32.3091     3.1126          1          1  0.000e+00
  1026.0214     64.489     65.027    32.2956     3.1249          1          1  0.000e+00
  1026.0128     64.394     64.931    32.2863     3.1333          1          1  0.000e+00
  1026.0048     64.331     64.867    32.2775     3.1398          1          1  0.000e+00
  1025.9977     64.289     64.826    32.2692     3.1431          1          1  0.000e+00
  1025.9951     64.259     64.795    32.2664     3.1463          1          1  0.000e+00
  1025.9936     64.227     64.763    32.2653     3.1520          1          1  0.000e+00
  1025.9902     64.183     64.719    32.2620     3.1586          1          1  0.000e+00
  1025.9861     64.113     64.648    32.2581     3.1650          1          1  0.000e+00
  1025.9818     64.020     64.554    32.2539     3.1708          1          1  0.000e+00
  1025.9730     63.900     64.433    32.2441     3.1766          1          1  0.000e+00
  1025.9677     63.759     64.291    32.2388     3.1800          1          1  0.000e+00
  1025.9658     63.603     64.134    32.2374     3.1812          1          1  0.000e+00
  1025.9682     63.456     63.985    32.2413     3.1819          1          1  0.000e+00
  1025.9684     63.307     63.835    32.2427     3.1844          1          1  0.000e+00
  1025.9738     63.175     63.702    32.2507     3.1883          1          1  0.000e+00
  1025.9769     63.061     63.587    32.2562     3.1959          1          1  0.000e+00
  1025.9753     62.962     63.487    32.2561     3.2075          1          1  0.000e+00
  1025.9669     62.880     63.405    32.2473     3.2190          1          1  0.000e+00
  1025.9690     62.816     63.340    32.2513     3.2279          1          1  0.000e+00
  1025.9703     62.754     63.278    32.2544     3.2375          1          1  0.000e+00
  1025.9701     62.698     63.221    32.2557     3.2488          1          1  0.000e+00
  1025.9659     62.637     63.159    32.2524     3.2623          1          1  0.000e+00
  1025.9633     62.558     63.080    32.2510     3.2751          1          1  0.000e+00
  1025.9559     62.462     62.982    32.2436     3.2874          1          1  0.000e+00
  1025.9485     62.336     62.855    32.2363     3.2972          1          1  0.000e+00
  1025.9454     62.186     62.705    32.2340     3.3039          1          1  0.000e+00
  1025.9408     62.010     62.527    32.2299     3.3094          1          1  0.000e+00
  1025.9388     61.816     62.331    32.2290     3.3134          1          1  0.000e+00
  1025.9335     61.607     62.121    32.2240     3.3171          1          1  0.000e+00
  1025.9268     61.399     61.911    32.2172     3.3202          1          1  0.000e+00
  1025.9184     61.203     61.713    32.2079     3.3214          1          1  0.000e+00
  1025.9174     61.025     61.534    32.2076     3.3204          1          1  0.000e+00
  1025.9141     60.870     61.378    32.2043     3.3193          1          1  0.000e+00
  1025.9097     60.754     61.260    32.1993     3.3177          1          1  0.000e+00
  1025.9038     60.670     61.176    32.1921     3.3152          1          1  0.000e+00
  1025.9041     60.618     61.123    32.1923     3.3109          1          1  0.000e+00
  1025.8746     60.594     61.099    32.1548     3.3066          1          1  0.000e+00
  1025.8333     60.591     61.095    32.1012     3.2909          1          1  0.000e+00
  1025.8335     60.598     61.103    32.0978     3.2578          1          1  0.000e+00
  1025.8484     60.604     61.109    32.1127     3.2247          1          1  0.000e+00
  1025.8608     60.595     61.100    32.1256     3.2001          1          1  0.000e+00
  1025.8601     60.558     61.062    32.1230     3.1825          1          1  0.000e+00
  1025.8537     60.481     60.985    32.1136     3.1664          1          1  0.000e+00
  1025.8593     60.357     60.860    32.1195     3.1493          1          1  0.000e+00
  1025.8679     60.191     60.692    32.1296     3.1345          1          1  0.000e+00
  1025.8747     59.998     60.498    32.1383     3.1253          1          1  0.000e+00
  1025.8764     59.788     60.286    32.1410     3.1199          1          1  0.000e+00
  1025.8679     59.579     60.076    32.1313     3.1166          1          1  0.000e+00
  1025.8649     59.383     59.878    32.1282     3.1117          1          1  0.000e+00
  1025.8631     59.220     59.713    32.1263     3.1068          1          1  0.000e+00
  1025.8640     59.087     59.579    32.1279     3.1032          1          1  0.000e+00
  1025.8629     58.991     59.482    32.1268     3.1007          1          1  0.000e+00
  1025.8649     58.915     59.405    32.1296     3.0996          1          1  0.000e+00
  1025.8625     58.854     59.344    32.1273     3.1026          1          1  0.000e+00
  1025.8610     58.800     59.290    32.1261     3.1062          1          1  0.000e+00
  1025.8594     58.741     59.230    32.1248     3.1095          1          1  0.000e+00
  1025.8524     58.660     59.149    32.1170     3.1138          1          1  0.000e+00
  1025.8432     58.555     59.043    32.1064     3.1171          1          1  0.000e+00
  1025.8316     58.427     58.913    32.0927     3.1175          1          1  0.000e+00
  1025.8247     58.278     58.764    32.0846     3.1146          1          1  0.000e+00
  1025.8211     58.118     58.602    32.0804     3.1092          1          1  0.000e+00
  1025.8159     57.951     58.433    32.0741     3.1026          1          1  0.000e+00
  1025.8096     57.781     58.262    32.0664     3.0952          1          1  0.000e+00
  1025.8044     57.611     58.090    32.0600     3.0861          1          1  0.000e+00
  1025.8054     57.437     57.915    32.0611     3.0757          1          1  0.000e+00
  1025.7963     57.273     57.750    32.0497     3.0666          1          1  0.000e+00
  1025.7967     57.117     57.592    32.0499     3.0559          1          1  0.000e+00
  1025.7952     56.979     57.453    32.0477     3.0449          1          1  0.000e+00
  1025.7901     56.871     57.344    32.0407     3.0331          1          1  0.000e+00
  1025.7893     56.796     57.269    32.0388     3.0210          1          1  0.000e+00
  1025.7884     56.752     57.224    32.0366     3.0096          1          1  0.000e+00
  1025.8094     56.742     57.215    32.0620     3.0003          1          1  0.000e+00
  1025.8361     56.764     57.236    32.0963     3.0073          1          1  0.000e+00
  1025.8153     56.805     57.278    32.0735     3.0408          1          1  0.000e+00
  1025.7890     56.848     57.322    32.0438     3.0739          1          1  0.000e+00
  1025.7706     56.876     57.349    32.0229     3.0958          1          1  0.000e+00
  1025.7600     56.875     57.348    32.0109     3.1078          1          1  0.000e+00
  1025.7546     56.827     57.300    32.0052     3.1135          1          1  0.000e+00
  1025.7523     56.720     57.192    32.0031     3.1161          1          1  0.000e+00
