data/eDNA/PER-2021-171/171a019.cnv
* Sea-Bird SBE19plus  Data File:
* FileName = C:\Users\RSG_field\Ryan_2021_Perley\CTD\171a019.hex
* Software version 2.3.0 SB_Terminal.dll
* Temperature SN = 7141
* Conductivity SN = 7141
* System UpLoad Time = Aug 14 2021 13:39:03
* <ApplicationData>
* <SeatermAF>
** Platform: M. Perley
** Cruise: Per2021171
** Station:  ESI_01
** Cast: 01 1
** Latitude: N  44 54.370
** Longitude: W 62 13.895
** Sounding: 20.9
** Chief Scientist: Ryan Stanley
** Comment: 171a019
** Only station of the day
# nquan = 8
# nvalues = 2161                                  
# units = specified
# name 0 = density00: Density [density, kg/m^3]
# name 1 = depSM: Depth [salt water, m], lat = 45.00
# name 2 = prdM: Pressure, Strain Gauge [db]
# name 3 = sal00: Salinity, Practical [PSU]
# name 4 = tv290C: Temperature [ITS-90, deg C]
# name 5 = bpos: Bottle Position in Carousel
# name 6 = nbf: Bottles Fired
# name 7 = flag:  0.000e+00
# span 0 =   998.0615,  1023.5208                 
# span 1 =     -0.071,     20.782                 
# span 2 =     -0.071,     20.953                 
# span 3 =     0.0000,    30.6361                 
# span 4 =    10.6322,    20.6977                 
# span 5 =          0,          2                 
# span 6 =          0,          2                 
# span 7 = 0.0000e+00, 0.0000e+00                 
# interval = seconds: 0.25
# start_time = Aug 14 2021 16:27:09 [Instrument's time stamp, header]
# bad_flag = -9.990e-29
*END*
[from data line 1439]
  1023.4321     20.007     20.171    30.5615    10.8894          0          0  0.000e+00
  1023.4274     19.984     20.149    30.5565    10.8934          0          0  0.000e+00
  1023.4227     19.977     20.141    30.5508    10.8949          0          0  0.000e+00
  1023.4218     19.986     20.151    30.5492    10.8933          0          0  0.000e+00
  1023.4227     20.010     20.174    30.5496    10.8902          0          0  0.000e+00
  1023.4252     20.047     20.212    30.5520    10.8873          0          0  0.000e+00
  1023.4254     20.090     20.256    30.5516    10.8856          0          0  0.000e+00
  1023.4145     20.134     20.300    30.5367    10.8830          0          0  0.000e+00
  1023.4090     20.171     20.337    30.5273    10.8733          0          0  0.000e+00
  1023.4123     20.197     20.364    30.5279    10.8574          0          0  0.000e+00
  1023.4266     20.208     20.374    30.5425    10.8406          0          0  0.000e+00
  1023.4433     20.202     20.368    30.5618    10.8304          0          0  0.000e+00
  1023.4533     20.178     20.344    30.5750    10.8309          0          0  0.000e+00
  1023.4534     20.139     20.305    30.5773    10.8401          0          0  0.000e+00
  1023.4512     20.092     20.258    30.5773    10.8518          0          0  0.000e+00
  1023.4474     20.040     20.205    30.5753    10.8637          0          0  0.000e+00
  1023.4414     19.994     20.158    30.5704    10.8751          0          0  0.000e+00
  1023.4355     19.959     20.123    30.5651    10.8841          0          0  0.000e+00
  1023.4328     19.938     20.102    30.5631    10.8903          0          0  0.000e+00
  1023.4313     19.936     20.100    30.5622    10.8954          0          0  0.000e+00
  1023.4283     19.947     20.111    30.5594    10.9000          0          0  0.000e+00
  1023.4270     19.973     20.137    30.5583    10.9033          0          0  0.000e+00
  1023.4258     20.009     20.173    30.5571    10.9061          0          0  0.000e+00
  1023.4195     20.049     20.214    30.5491    10.9079          0          0  0.000e+00
  1023.4127     20.089     20.255    30.5398    10.9061          0          0  0.000e+00
  1023.4176     20.123     20.289    30.5444    10.8993          0          0  0.000e+00
  1023.4300     20.148     20.313    30.5588    10.8931          0          0  0.000e+00
  1023.4316     20.160     20.326    30.5611    10.8942          0          0  0.000e+00
  1023.4277     20.169     20.335    30.5568    10.8980          0          0  0.000e+00
  1023.4279     20.169     20.335    30.5575    10.8995          0          0  0.000e+00
  1023.4201     20.166     20.332    30.5476    10.9005          0          0  0.000e+00
  1023.4275     20.157     20.323    30.5566    10.8979          0          0  0.000e+00
  1023.4313     20.154     20.320    30.5616    10.8983          0          0  0.000e+00
  1023.4286     20.145     20.311    30.5589    10.9020          0          0  0.000e+00
  1023.4183     20.140     20.306    30.5465    10.9053          0          0  0.000e+00
  1023.4096     20.121     20.287    30.5348    10.9027          0          0  0.000e+00
  1023.4161     20.102     20.267    30.5412    10.8930          0          0  0.000e+00
  1023.4275     20.070     20.235    30.5544    10.8851          0          0  0.000e+00
  1023.4324     20.032     20.197    30.5606    10.8836          0          0  0.000e+00
  1023.4344     19.992     20.156    30.5639    10.8861          0          0  0.000e+00
  1023.4346     19.948     20.113    30.5654    10.8909          0          0  0.000e+00
  1023.4325     19.915     20.079    30.5643    10.8970          0          0  0.000e+00
  1023.4314     19.891     20.055    30.5643    10.9028          0          0  0.000e+00
  1023.4264     19.881     20.045    30.5592    10.9086          0          0  0.000e+00
  1023.4213     19.888     20.052    30.5533    10.9122          0          0  0.000e+00
  1023.4188     19.914     20.078    30.5500    10.9124          0          0  0.000e+00
  1023.4186     19.956     20.120    30.5492    10.9107          0          0  0.000e+00
  1023.4096     20.008     20.172    30.5366    10.9074          0          0  0.000e+00
  1023.3847     20.060     20.225    30.5019    10.8971          0          0  0.000e+00
  1023.3922     20.118     20.284    30.5052    10.8698          0          0  0.000e+00
  1023.4151     20.169     20.335    30.5276    10.8393          0          0  0.000e+00
  1023.4345     20.213     20.380    30.5480    10.8192          0          0  0.000e+00
  1023.4419     20.247     20.414    30.5554    10.8105          0          0  0.000e+00
  1023.4328     20.277     20.444    30.5427    10.8071          0          0  0.000e+00
  1023.4341     20.297     20.464    30.5424    10.7980          0          0  0.000e+00
  1023.4303     20.314     20.481    30.5347    10.7859          0          0  0.000e+00
  1023.4419     20.322     20.490    30.5462    10.7703          0          0  0.000e+00
  1023.4560     20.327     20.494    30.5616    10.7582          0          0  0.000e+00
  1023.4556     20.322     20.490    30.5604    10.7551          0          0  0.000e+00
  1023.4557     20.305     20.473    30.5603    10.7533          0          0  0.000e+00
  1023.4716     20.274     20.441    30.5808    10.7526          0          0  0.000e+00
  1023.4752     20.220     20.386    30.5877    10.7617          0          0  0.000e+00
  1023.4720     20.152     20.318    30.5872    10.7765          0          0  0.000e+00
  1023.4669     20.071     20.236    30.5844    10.7918          0          0  0.000e+00
  1023.4583     19.973     20.137    30.5772    10.8060          0          0  0.000e+00
  1023.4535     19.878     20.042    30.5739    10.8171          0          0  0.000e+00
  1023.4531     19.783     19.946    30.5761    10.8266          0          0  0.000e+00
  1023.4507     19.704     19.867    30.5757    10.8367          0          0  0.000e+00
  1023.4489     19.647     19.809    30.5761    10.8476          0          0  0.000e+00
  1023.4433     19.615     19.777    30.5715    10.8589          0          0  0.000e+00
  1023.4461     19.615     19.777    30.5773    10.8691          0          0  0.000e+00
  1023.4513     19.650     19.812    30.5867    10.8822          0          0  0.000e+00
  1023.4406     19.715     19.877    30.5766    10.9005          0          0  0.000e+00
  1023.4260     19.809     19.973    30.5605    10.9149          0          0  0.000e+00
  1023.4136     19.920     20.084    30.5453    10.9215          0          0  0.000e+00
  1023.4095     20.047     20.212    30.5388    10.9192          0          0  0.000e+00
  1023.3922     20.166     20.332    30.5141    10.9114          0          0  0.000e+00
  1023.3781     20.277     20.444    30.4906    10.8898          0          0  0.000e+00
  1023.3940     20.375     20.543    30.5024    10.8534          0          0  0.000e+00
  1023.3748     20.452     20.620    30.4693    10.8170          0          0  0.000e+00
  1023.4042     20.506     20.675    30.4959    10.7669          0          0  0.000e+00
  1023.4449     20.532     20.701    30.5387    10.7239          0          0  0.000e+00
  1023.4680     20.531     20.700    30.5637    10.7027          0          0  0.000e+00
  1023.4976     20.496     20.665    30.6010    10.6982          0          0  0.000e+00
  1023.5208     20.439     20.607    30.6349    10.7153          0          0  0.000e+00
  1023.5015     20.361     20.528    30.6187    10.7528          0          0  0.000e+00
  1023.4638     20.271     20.437    30.5780    10.7860          0          0  0.000e+00
  1023.4579     20.177     20.343    30.5739    10.7993          0          0  0.000e+00
  1023.4608     20.082     20.247    30.5800    10.8079          0          0  0.000e+00
  1023.4598     19.996     20.161    30.5819    10.8195          0          0  0.000e+00
  1023.4580     19.919     20.083    30.5830    10.8332          0          0  0.000e+00
  1023.4463     19.852     20.015    30.5714    10.8468          0          0  0.000e+00
  1023.4376     19.800     19.963    30.5626    10.8566          0          0  0.000e+00
  1023.4335     19.762     19.924    30.5587    10.8614          0          0  0.000e+00
  1023.4338     19.734     19.897    30.5595    10.8631          0          0  0.000e+00
  1023.4357     19.717     19.880    30.5626    10.8653          0          0  0.000e+00
  1023.4469     19.714     19.876    30.5780    10.8698          0          0  0.000e+00
  1023.4422     19.721     19.884    30.5744    10.8811          0          0  0.000e+00
  1023.4378     19.744     19.906    30.5712    10.8931          0          0  0.000e+00
  1023.4291     19.782     19.945    30.5621    10.9032          0          0  0.000e+00
  1023.4202     19.838     20.001    30.5516    10.9089          0          0  0.000e+00
  1023.4191     19.912     20.076    30.5497    10.9092          0          0  0.000e+00
  1023.4149     20.006     20.170    30.5434    10.9071          0          0  0.000e+00
  1023.3824     20.110     20.276    30.4995    10.9004          0          0  0.000e+00
  1023.3791     20.225     20.391    30.4887    10.8739          0          0  0.000e+00
  1023.4023     20.334     20.502    30.5096    10.8362          0          0  0.000e+00
  1023.4137     20.435     20.603    30.5169    10.8052          0          0  0.000e+00
  1023.4193     20.513     20.682    30.5177    10.7783          0          0  0.000e+00
  1023.4322     20.567     20.737    30.5284    10.7525          0          0  0.000e+00
  1023.4540     20.584     20.754    30.5516    10.7311          0          0  0.000e+00
  1023.4661     20.563     20.732    30.5649    10.7204          0          0  0.000e+00
  1023.4920     20.506     20.675    30.5983    10.7195          0          0  0.000e+00
  1023.4923     20.418     20.586    30.6029    10.7360          0          0  0.000e+00
  1023.4733     20.303     20.471    30.5839    10.7578          0          0  0.000e+00
  1023.4665     20.176     20.342    30.5790    10.7720          0          0  0.000e+00
  1023.4662     20.046     20.211    30.5817    10.7827          0          0  0.000e+00
  1023.4714     19.923     20.087    30.5917    10.7947          0          0  0.000e+00
  1023.4607     19.814     19.977    30.5823    10.8116          0          0  0.000e+00
  1023.4504     19.724     19.886    30.5728    10.8260          0          0  0.000e+00
  1023.4453     19.659     19.821    30.5687    10.8353          0          0  0.000e+00
  1023.4390     19.619     19.780    30.5624    10.8424          0          0  0.000e+00
  1023.4459     19.606     19.767    30.5722    10.8463          0          0  0.000e+00
  1023.4514     19.617     19.778    30.5810    10.8545          0          0  0.000e+00
  1023.4487     19.655     19.816    30.5801    10.8673          0          0  0.000e+00
  1023.4539     19.720     19.883    30.5899    10.8833          0          0  0.000e+00
  1023.4381     19.802     19.965    30.5735    10.9032          0          0  0.000e+00
  1023.4194     19.904     20.068    30.5519    10.9168          0          0  0.000e+00
  1023.4158     20.013     20.178    30.5471    10.9191          0          0  0.000e+00
  1023.4213     20.128     20.294    30.5530    10.9170          0          0  0.000e+00
  1023.3632     20.243     20.410    30.4768    10.9134          0          0  0.000e+00
  1023.3638     20.345     20.512    30.4691    10.8776          0          0  0.000e+00
  1023.3895     20.432     20.600    30.4906    10.8272          0          0  0.000e+00
  1023.4180     20.494     20.663    30.5178    10.7855          0          0  0.000e+00
  1023.4466     20.527     20.696    30.5482    10.7575          0          0  0.000e+00
  1023.4571     20.523     20.692    30.5589    10.7446          0          0  0.000e+00
  1023.4725     20.484     20.652    30.5782    10.7411          0          0  0.000e+00
  1023.4851     20.403     20.571    30.5963    10.7478          0          0  0.000e+00
  1023.4807     20.301     20.468    30.5953    10.7660          0          0  0.000e+00
  1023.4639     20.178     20.344    30.5787    10.7855          0          0  0.000e+00
  1023.4567     20.056     20.222    30.5726    10.7970          0          0  0.000e+00
  1023.4676     19.941     20.105    30.5892    10.8055          0          0  0.000e+00
  1023.4651     19.849     20.012    30.5899    10.8211          0          0  0.000e+00
  1023.4432     19.792     19.955    30.5660    10.8392          0          0  0.000e+00
  1023.4427     19.768     19.931    30.5673    10.8472          0          0  0.000e+00
  1023.4499     19.777     19.939    30.5779    10.8537          0          0  0.000e+00
  1023.4539     19.816     19.979    30.5856    10.8666          0          0  0.000e+00
  1023.4477     19.871     20.035    30.5813    10.8840          0          0  0.000e+00
  1023.4372     19.937     20.101    30.5708    10.9000          0          0  0.000e+00
  1023.4209     20.000     20.165    30.5520    10.9112          0          0  0.000e+00
  1023.4073     20.049     20.214    30.5344    10.9120          0          0  0.000e+00
  1023.4174     20.083     20.248    30.5454    10.9039          0          0  0.000e+00
  1023.4172     20.100     20.265    30.5438    10.8987          0          0  0.000e+00
  1023.4082     20.100     20.265    30.5309    10.8923          0          0  0.000e+00
  1023.4212     20.091     20.257    30.5450    10.8804          0          0  0.000e+00
  1023.4372     20.076     20.241    30.5645    10.8749          0          0  0.000e+00
  1023.4409     20.066     20.231    30.5704    10.8797          0          0  0.000e+00
  1023.4403     20.068     20.233    30.5715    10.8885          0          0  0.000e+00
  1023.4332     20.083     20.248    30.5645    10.8987          0          0  0.000e+00
  1023.4294     20.112     20.277    30.5611    10.9058          0          0  0.000e+00
  1023.4255     20.149     20.315    30.5568    10.9104          0          0  0.000e+00
  1023.4120     20.192     20.358    30.5396    10.9123          0          0  0.000e+00
  1023.4133     20.231     20.398    30.5396    10.9060          0          0  0.000e+00
  1023.4083     20.261     20.428    30.5313    10.8975          0          0  0.000e+00
  1023.3896     20.281     20.448    30.5039    10.8832          0          0  0.000e+00
  1023.4125     20.280     20.447    30.5272    10.8554          0          0  0.000e+00
  1023.4499     20.263     20.430    30.5713    10.8363          0          0  0.000e+00
  1023.4559     20.229     20.396    30.5801    10.8407          0          0  0.000e+00
  1023.4455     20.180     20.347    30.5698    10.8531          0          0  0.000e+00
  1023.4370     20.126     20.292    30.5611    10.8618          0          0  0.000e+00
  1023.4428     20.071     20.237    30.5699    10.8662          0          0  0.000e+00
  1023.4368     20.024     20.188    30.5640    10.8737          0          0  0.000e+00
  1023.4340     19.983     20.148    30.5620    10.8795          0          0  0.000e+00
  1023.4324     19.954     20.118    30.5610    10.8835          0          0  0.000e+00
  1023.4283     19.933     20.098    30.5567    10.8874          0          0  0.000e+00
  1023.4268     19.922     20.086    30.5552    10.8892          0          0  0.000e+00
  1023.4267     19.919     20.083    30.5552    10.8899          0          0  0.000e+00
  1023.4283     19.923     20.087    30.5574    10.8906          0          0  0.000e+00
  1023.4266     19.932     20.097    30.5555    10.8921          0          0  0.000e+00
