data/eDNA/PER-2021-171/171a021.cnv
* Sea-Bird SBE19plus  Data File:
* FileName = C:\Users\RSG_field\Ryan_2021_Perley\CTD\171a021.hex
* Software version 2.3.0 SB_Terminal.dll
* Temperature SN = 7141
* Conductivity SN = 7141
* System UpLoad Time = Aug 17 2021 13:10:47
* <ApplicationData>
* <SeatermAF>
** Platform: M. Perley
** Cruise: Per2021171
** Station:  SAB_06
** Cast: 01 1
** Latitude: N  46 22.083
** Longitude: W 59 05.769
** Sounding: 229
** Chief Scientist: Ryan Stanley
** Comment: 171a021
** Sounder wasn't working so estimated depth to be between 215 and 220. Bottle was left at 220 for time based trigger for upcast.
# nquan = 8
# nvalues = 5405                                  
# units = specified
# name 0 = density00: Density [density, kg/m^3]
# name 1 = depSM: Depth [salt water, m], lat = 45.00
# name 2 = prdM: Pressure, Strain Gauge [db]
# name 3 = sal00: Salinity, Practical [PSU]
# name 4 = tv290C: Temperature [ITS-90, deg C]
# name 5 = bpos: Bottle Position in Carousel
# name 6 = nbf: Bottles Fired
# name 7 = flag:  0.000e+00
# span 0 =   998.5199,  1027.8650                 
# span 1 =     -0.046,    196.227                 
# span 2 =     -0.046,    197.928                 
# span 3 =     0.0093,    34.3684                 
# span 4 =     2.1790,    19.8275                 
# span 5 =          0,          6                 
# span 6 =          0,          6                 
# span 7 = 0.0000e+00, 0.0000e+00                 
# interval = seconds: 0.25
# start_time = Aug 17 2021 15:43:35 [Instrument's time stamp, header]
# bad_flag = -9.990e-29
*END*
   998.5370     -0.040     -0.041     0.0093    18.3572          0          0  0.000e+00
   998.5369     -0.039     -0.040     0.0093    18.3575          0          0  0.000e+00
   998.5369     -0.038     -0.039     0.0093    18.3577          0          0  0.000e+00
   998.5368     -0.041     -0.042     0.0093    18.3583          0          0  0.000e+00
   998.5368     -0.041     -0.042     0.0093    18.3584          0          0  0.000e+00
   998.5367     -0.040     -0.041     0.0093    18.3587          0          0  0.000e+00
   998.5366     -0.041     -0.042     0.0093    18.3593          0          0  0.000e+00
   998.5365     -0.041     -0.042     0.0093    18.3596          0          0  0.000e+00
   998.5365     -0.040     -0.041     0.0093    18.3598          0          0  0.000e+00
   998.5364     -0.039     -0.040     0.0093    18.3603          0          0  0.000e+00
   998.5364     -0.040     -0.041     0.0093    18.3603          0          0  0.000e+00
   998.5363     -0.040     -0.041     0.0093    18.3605          0          0  0.000e+00
   998.5363     -0.043     -0.043     0.0093    18.3610          0          0  0.000e+00
   998.5362     -0.041     -0.042     0.0093    18.3613          0          0  0.000e+00
   998.5361     -0.041     -0.042     0.0093    18.3616          0          0  0.000e+00
   998.5361     -0.041     -0.042     0.0093    18.3619          0          0  0.000e+00
   998.5360     -0.043     -0.043     0.0093    18.3622          0          0  0.000e+00
   998.5360     -0.041     -0.042     0.0093    18.3624          0          0  0.000e+00
   998.5360     -0.041     -0.042     0.0093    18.3626          0          0  0.000e+00
   998.5358     -0.044     -0.044     0.0093    18.3631          0          0  0.000e+00
   998.5358     -0.044     -0.044     0.0093    18.3633          0          0  0.000e+00
   998.5358     -0.043     -0.043     0.0093    18.3636          0          0  0.000e+00
   998.5357     -0.043     -0.043     0.0093    18.3638          0          0  0.000e+00
   998.5357     -0.041     -0.042     0.0093    18.3641          0          0  0.000e+00
   998.5356     -0.040     -0.041     0.0093    18.3646          0          0  0.000e+00
   998.5355     -0.043     -0.043     0.0093    18.3648          0          0  0.000e+00
   998.5355     -0.043     -0.043     0.0093    18.3650          0          0  0.000e+00
   998.5354     -0.040     -0.041     0.0093    18.3655          0          0  0.000e+00
   998.5354     -0.040     -0.041     0.0093    18.3655          0          0  0.000e+00
   998.5354     -0.043     -0.043     0.0093    18.3657          0          0  0.000e+00
   998.5353     -0.040     -0.041     0.0093    18.3659          0          0  0.000e+00
   998.5352     -0.043     -0.043     0.0093    18.3663          0          0  0.000e+00
   998.5352     -0.041     -0.042     0.0093    18.3668          0          0  0.000e+00
   998.5352     -0.041     -0.042     0.0093    18.3668          0          0  0.000e+00
   998.5351     -0.040     -0.041     0.0093    18.3671          0          0  0.000e+00
   998.5351     -0.043     -0.043     0.0093    18.3673          0          0  0.000e+00
   998.5350     -0.043     -0.043     0.0093    18.3674          0          0  0.000e+00
   998.5350     -0.041     -0.042     0.0093    18.3676          0          0  0.000e+00
   998.5349     -0.043     -0.043     0.0093    18.3682          0          0  0.000e+00
   998.5349     -0.041     -0.042     0.0093    18.3684          0          0  0.000e+00
   998.5348     -0.041     -0.042     0.0093    18.3688          0          0  0.000e+00
   998.5347     -0.040     -0.041     0.0093    18.3692          0          0  0.000e+00
   998.5347     -0.043     -0.043     0.0093    18.3694          0          0  0.000e+00
   998.5346     -0.043     -0.043     0.0093    18.3697          0          0  0.000e+00
   998.5346     -0.043     -0.043     0.0093    18.3700          0          0  0.000e+00
   998.5345     -0.042     -0.042     0.0093    18.3702          0          0  0.000e+00
   998.5345     -0.042     -0.042     0.0093    18.3704          0          0  0.000e+00
   998.5344     -0.040     -0.041     0.0093    18.3707          0          0  0.000e+00
   998.5343     -0.042     -0.042     0.0093    18.3712          0          0  0.000e+00
   998.5342     -0.044     -0.044     0.0093    18.3716          0          0  0.000e+00
   998.5343     -0.043     -0.043     0.0093    18.3716          0          0  0.000e+00
   998.5342     -0.043     -0.043     0.0093    18.3719          0          0  0.000e+00
   998.5341     -0.043     -0.043     0.0093    18.3722          0          0  0.000e+00
   998.5341     -0.042     -0.042     0.0093    18.3725          0          0  0.000e+00
   998.5340     -0.043     -0.043     0.0093    18.3728          0          0  0.000e+00
   998.5340     -0.044     -0.044     0.0093    18.3730          0          0  0.000e+00
   998.5339     -0.043     -0.043     0.0093    18.3733          0          0  0.000e+00
   998.5339     -0.042     -0.042     0.0093    18.3737          0          0  0.000e+00
   998.5338     -0.043     -0.043     0.0093    18.3738          0          0  0.000e+00
   998.5338     -0.045     -0.045     0.0093    18.3738          0          0  0.000e+00
   998.5337     -0.043     -0.043     0.0093    18.3743          0          0  0.000e+00
   998.5337     -0.044     -0.044     0.0093    18.3746          0          0  0.000e+00
   998.5337     -0.040     -0.041     0.0093    18.3748          0          0  0.000e+00
   998.5336     -0.043     -0.043     0.0093    18.3751          0          0  0.000e+00
   998.5335     -0.044     -0.044     0.0093    18.3753          0          0  0.000e+00
   998.5335     -0.044     -0.044     0.0093    18.3757          0          0  0.000e+00
   998.5334     -0.044     -0.044     0.0093    18.3759          0          0  0.000e+00
   998.5334     -0.043     -0.043     0.0093    18.3763          0          0  0.000e+00
   998.5334     -0.042     -0.042     0.0093    18.3764          0          0  0.000e+00
   998.5333     -0.042     -0.042     0.0093    18.3767          0          0  0.000e+00
   998.5332     -0.040     -0.041     0.0093    18.3770          0          0  0.000e+00
   998.5332     -0.042     -0.042     0.0093    18.3772          0          0  0.000e+00
   998.5331     -0.045     -0.045     0.0093    18.3776          0          0  0.000e+00
   998.5331     -0.043     -0.043     0.0093    18.3778          0          0  0.000e+00
   998.5330     -0.043     -0.043     0.0093    18.3780          0          0  0.000e+00
   998.5330     -0.043     -0.043     0.0093    18.3783          0          0  0.000e+00
   998.5330     -0.040     -0.041     0.0093    18.3784          0          0  0.000e+00
   998.5329     -0.043     -0.043     0.0093    18.3786          0          0  0.000e+00
   998.5329     -0.043     -0.043     0.0093    18.3789          0          0  0.000e+00
   998.5328     -0.044     -0.044     0.0093    18.3794          0          0  0.000e+00
   998.5328     -0.044     -0.044     0.0093    18.3795          0          0  0.000e+00
   998.5327     -0.043     -0.043     0.0093    18.3799          0          0  0.000e+00
   998.5327     -0.044     -0.044     0.0093    18.3800          0          0  0.000e+00
   998.5326     -0.043     -0.043     0.0093    18.3803          0          0  0.000e+00
   998.5325     -0.042     -0.042     0.0093    18.3808          0          0  0.000e+00
   998.5325     -0.043     -0.043     0.0093    18.3809          0          0  0.000e+00
   998.5325     -0.043     -0.043     0.0093    18.3810          0          0  0.000e+00
   998.5324     -0.043     -0.043     0.0093    18.3814          0          0  0.000e+00
   998.5324     -0.042     -0.042     0.0093    18.3815          0          0  0.000e+00
   998.5323     -0.043     -0.043     0.0093    18.3818          0          0  0.000e+00
   998.5322     -0.042     -0.042     0.0093    18.3823          0          0  0.000e+00
   998.5322     -0.043     -0.043     0.0093    18.3823          0          0  0.000e+00
   998.5322     -0.044     -0.044     0.0093    18.3826          0          0  0.000e+00
   998.5321     -0.042     -0.042     0.0093    18.3828          0          0  0.000e+00
   998.5321     -0.045     -0.045     0.0093    18.3832          0          0  0.000e+00
   998.5321     -0.044     -0.044     0.0093    18.3832          0          0  0.000e+00
   998.5320     -0.042     -0.042     0.0093    18.3834          0          0  0.000e+00
   998.5319     -0.043     -0.043     0.0093    18.3838          0          0  0.000e+00
   998.5319     -0.043     -0.043     0.0093    18.3841          0          0  0.000e+00
   998.5318     -0.043     -0.043     0.0093    18.3843          0          0  0.000e+00
   998.5318     -0.043     -0.043     0.0093    18.3847          0          0  0.000e+00
   998.5318     -0.045     -0.045     0.0093    18.3847          0          0  0.000e+00
   998.5317     -0.044     -0.044     0.0093    18.3849          0          0  0.000e+00
   998.5317     -0.044     -0.044     0.0093    18.3853          0          0  0.000e+00
   998.5316     -0.044     -0.044     0.0093    18.3855          0          0  0.000e+00
   998.5316     -0.044     -0.044     0.0093    18.3857          0          0  0.000e+00
   998.5315     -0.042     -0.042     0.0093    18.3860          0          0  0.000e+00
   998.5315     -0.044     -0.044     0.0093    18.3863          0          0  0.000e+00
   998.5314     -0.044     -0.044     0.0093    18.3865          0          0  0.000e+00
   998.5314     -0.043     -0.043     0.0093    18.3866          0          0  0.000e+00
   998.5314     -0.044     -0.044     0.0093    18.3868          0          0  0.000e+00
   998.5313     -0.044     -0.044     0.0093    18.3871          0          0  0.000e+00
   998.5313     -0.042     -0.042     0.0093    18.3873          0          0  0.000e+00
   998.5312     -0.040     -0.041     0.0093    18.3876          0          0  0.000e+00
   998.5312     -0.044     -0.044     0.0093    18.3879          0          0  0.000e+00
   998.5311     -0.042     -0.042     0.0093    18.3881          0          0  0.000e+00
   998.5311     -0.042     -0.042     0.0093    18.3881          0          0  0.000e+00
   998.5311     -0.043     -0.043     0.0093    18.3885          0          0  0.000e+00
   998.5311     -0.039     -0.040     0.0093    18.3885          0          0  0.000e+00
   998.5310     -0.043     -0.043     0.0093    18.3887          0          0  0.000e+00
   998.5310     -0.042     -0.042     0.0093    18.3889          0          0  0.000e+00
   998.5309     -0.042     -0.042     0.0093    18.3892          0          0  0.000e+00
   998.5309     -0.042     -0.042     0.0093    18.3896          0          0  0.000e+00
   998.5308     -0.042     -0.042     0.0093    18.3897          0          0  0.000e+00
   998.5308     -0.042     -0.042     0.0093    18.3900          0          0  0.000e+00
   998.5307     -0.042     -0.042     0.0093    18.3902          0          0  0.000e+00
   998.5307     -0.043     -0.043     0.0093    18.3904          0          0  0.000e+00
   998.5307     -0.042     -0.042     0.0093    18.3904          0          0  0.000e+00
   998.5306     -0.043     -0.043     0.0093    18.3908          0          0  0.000e+00
   998.5305     -0.043     -0.043     0.0093    18.3912          0          0  0.000e+00
   998.5305     -0.042     -0.042     0.0093    18.3913          0          0  0.000e+00
   998.5305     -0.046     -0.046     0.0093    18.3914          0          0  0.000e+00
   998.5304     -0.044     -0.044     0.0093    18.3918          0          0  0.000e+00
   998.5304     -0.042     -0.042     0.0093    18.3923          0          0  0.000e+00
   998.5304     -0.043     -0.043     0.0093    18.3922          0          0  0.000e+00
   998.5303     -0.043     -0.043     0.0093    18.3925          0          0  0.000e+00
   998.5303     -0.042     -0.042     0.0093    18.3925          0          0  0.000e+00
   998.5302     -0.043     -0.043     0.0093    18.3929          0          0  0.000e+00
   998.5302     -0.045     -0.045     0.0093    18.3931          0          0  0.000e+00
   998.5301     -0.044     -0.044     0.0093    18.3933          0          0  0.000e+00
   998.5301     -0.043     -0.043     0.0093    18.3936          0          0  0.000e+00
   998.5301     -0.043     -0.043     0.0093    18.3938          0          0  0.000e+00
   998.5300     -0.043     -0.043     0.0093    18.3940          0          0  0.000e+00
   998.5299     -0.044     -0.044     0.0093    18.3944          0          0  0.000e+00
   998.5299     -0.043     -0.043     0.0093    18.3944          0          0  0.000e+00
   998.5299     -0.044     -0.044     0.0093    18.3947          0          0  0.000e+00
   998.5298     -0.043     -0.043     0.0093    18.3950          0          0  0.000e+00
   998.5298     -0.044     -0.044     0.0093    18.3951          0          0  0.000e+00
   998.5298     -0.042     -0.042     0.0093    18.3953          0          0  0.000e+00
   998.5297     -0.042     -0.042     0.0093    18.3956          0          0  0.000e+00
   998.5297     -0.043     -0.043     0.0093    18.3959          0          0  0.000e+00
   998.5296     -0.044     -0.044     0.0093    18.3961          0          0  0.000e+00
   998.5297     -0.043     -0.043     0.0093    18.3958          0          0  0.000e+00
   998.5295     -0.044     -0.044     0.0093    18.3965          0          0  0.000e+00
   998.5295     -0.043     -0.043     0.0093    18.3968          0          0  0.000e+00
   998.5295     -0.045     -0.045     0.0093    18.3967          0          0  0.000e+00
   998.5294     -0.043     -0.043     0.0093    18.3971          0          0  0.000e+00
   998.5294     -0.044     -0.044     0.0093    18.3973          0          0  0.000e+00
   998.5294     -0.043     -0.043     0.0093    18.3975          0          0  0.000e+00
   998.5293     -0.043     -0.043     0.0093    18.3977          0          0  0.000e+00
   998.5293     -0.044     -0.044     0.0093    18.3980          0          0  0.000e+00
   998.5292     -0.043     -0.043     0.0093    18.3983          0          0  0.000e+00
   998.5292     -0.043     -0.043     0.0093    18.3984          0          0  0.000e+00
   998.5291     -0.044     -0.044     0.0093    18.3988          0          0  0.000e+00
   998.5291     -0.043     -0.043     0.0093    18.3988          0          0  0.000e+00
   998.5290     -0.043     -0.043     0.0093    18.3992          0          0  0.000e+00
   998.5290     -0.040     -0.041     0.0093    18.3994          0          0  0.000e+00
   998.5289     -0.044     -0.044     0.0093    18.3996          0          0  0.000e+00
   998.5289     -0.042     -0.042     0.0093    18.3998          0          0  0.000e+00
   998.5289     -0.042     -0.042     0.0093    18.4001          0          0  0.000e+00
   998.5289     -0.044     -0.044     0.0093    18.4001          0          0  0.000e+00
   998.5288     -0.042     -0.042     0.0093    18.4004          0          0  0.000e+00
   998.5288     -0.045     -0.045     0.0093    18.4006          0          0  0.000e+00
   998.5287     -0.042     -0.042     0.0093    18.4009          0          0  0.000e+00
   998.5287     -0.042     -0.042     0.0093    18.4009          0          0  0.000e+00
   998.5287     -0.042     -0.042     0.0093    18.4012          0          0  0.000e+00
   998.5286     -0.042     -0.042     0.0093    18.4015          0          0  0.000e+00
   998.5286     -0.042     -0.042     0.0093    18.4015          0          0  0.000e+00
   998.5285     -0.044     -0.044     0.0093    18.4020          0          0  0.000e+00
