data/eDNA/PER-2021-171/171a009.cnv
* Sea-Bird SBE19plus  Data File:
* FileName = C:\Users\RSG_field\Ryan_2021_Perley\CTD\171a009.hex
* Software version 2.3.0 SB_Terminal.dll
* Temperature SN = 7141
* Conductivity SN = 7141
* System UpLoad Time = Aug 11 2021 12:37:40
* <ApplicationData>
* <SeatermAF>
** Platform: M. Perley
** Cruise: Per2021171
** Station:  ESI_15
** Cast: 01 1
** Latitude: N  44 33.466
** Longitude: W 62 53.25
** Sounding: 69.9
** Chief Scientist: Ryan Stanley
** Comment: 171a009
# nquan = 8
# nvalues = 2783                                  
# units = specified
# name 0 = density00: Density [density, kg/m^3]
# name 1 = depSM: Depth [salt water, m], lat = 45.00
# name 2 = prdM: Pressure, Strain Gauge [db]
# name 3 = sal00: Salinity, Practical [PSU]
# name 4 = tv290C: Temperature [ITS-90, deg C]
# name 5 = bpos: Bottle Position in Carousel
# name 6 = nbf: Bottles Fired
# name 7 = flag:  0.000e+00
# span 0 =   998.4093,  1025.9037                 
# span 1 =     -0.045,     67.317                 
# span 2 =     -0.045,     67.879                 
# span 3 =     0.0082,    32.3455                 
# span 4 =     3.6232,    19.0218                 
# span 5 =          0,          6                 
# span 6 =          0,          6                 
# span 7 = 0.0000e+00, 0.0000e+00                 
# interval = seconds: 0.25
# start_time = Aug 11 2021 15:21:59 [Instrument's time stamp, header]
# bad_flag = -9.990e-29
*END*
[from data line 2158]
  1025.5832     59.939     60.438    31.8376     3.6957          1          1  0.000e+00
  1025.5701     59.877     60.376    31.8231     3.7096          1          1  0.000e+00
  1025.5625     59.828     60.326    31.8149     3.7180          1          1  0.000e+00
  1025.5465     59.777     60.275    31.7972     3.7364          1          1  0.000e+00
  1025.5276     59.733     60.231    31.7764     3.7579          1          1  0.000e+00
  1025.5168     59.694     60.191    31.7646     3.7709          1          1  0.000e+00
  1025.5123     59.647     60.144    31.7598     3.7763          1          1  0.000e+00
  1025.5167     59.590     60.087    31.7653     3.7737          1          1  0.000e+00
  1025.5203     59.518     60.014    31.7699     3.7701          1          1  0.000e+00
  1025.5239     59.432     59.927    31.7750     3.7706          1          1  0.000e+00
  1025.5168     59.320     59.814    31.7677     3.7794          1          1  0.000e+00
  1025.5099     59.186     59.679    31.7608     3.7871          1          1  0.000e+00
  1025.5084     59.041     59.533    31.7602     3.7911          1          1  0.000e+00
  1025.5023     58.879     59.369    31.7546     3.8003          1          1  0.000e+00
  1025.4915     58.713     59.202    31.7439     3.8155          1          1  0.000e+00
  1025.4776     58.540     59.027    31.7299     3.8362          1          1  0.000e+00
  1025.4574     58.366     58.852    31.7086     3.8619          1          1  0.000e+00
  1025.4390     58.192     58.676    31.6894     3.8862          1          1  0.000e+00
  1025.4222     58.023     58.506    31.6720     3.9094          1          1  0.000e+00
  1025.4068     57.854     58.335    31.6562     3.9300          1          1  0.000e+00
  1025.3952     57.691     58.172    31.6446     3.9472          1          1  0.000e+00
  1025.3830     57.539     58.018    31.6323     3.9641          1          1  0.000e+00
  1025.3707     57.395     57.872    31.6195     3.9797          1          1  0.000e+00
  1025.3601     57.266     57.743    31.6083     3.9914          1          1  0.000e+00
  1025.3562     57.155     57.631    31.6049     3.9979          1          1  0.000e+00
  1025.3510     57.064     57.539    31.5998     4.0054          1          1  0.000e+00
  1025.3451     56.998     57.473    31.5937     4.0133          1          1  0.000e+00
  1025.3423     56.950     57.425    31.5914     4.0208          1          1  0.000e+00
  1025.3336     56.912     57.386    31.5819     4.0316          1          1  0.000e+00
  1025.3271     56.878     57.352    31.5751     4.0400          1          1  0.000e+00
  1025.3242     56.839     57.312    31.5725     4.0466          1          1  0.000e+00
  1025.3155     56.773     57.246    31.5633     4.0580          1          1  0.000e+00
  1025.3049     56.689     57.161    31.5520     4.0701          1          1  0.000e+00
  1025.2983     56.575     57.046    31.5451     4.0770          1          1  0.000e+00
  1025.2959     56.435     56.905    31.5433     4.0796          1          1  0.000e+00
  1025.2961     56.272     56.740    31.5447     4.0811          1          1  0.000e+00
  1025.2924     56.090     56.556    31.5417     4.0861          1          1  0.000e+00
  1025.2878     55.898     56.363    31.5379     4.0930          1          1  0.000e+00
  1025.2814     55.706     56.169    31.5322     4.1027          1          1  0.000e+00
  1025.2727     55.519     55.981    31.5240     4.1166          1          1  0.000e+00
  1025.2578     55.343     55.804    31.5087     4.1353          1          1  0.000e+00
  1025.2474     55.184     55.643    31.4986     4.1515          1          1  0.000e+00
  1025.2349     55.041     55.499    31.4856     4.1674          1          1  0.000e+00
  1025.2250     54.915     55.372    31.4756     4.1814          1          1  0.000e+00
  1025.2158     54.806     55.262    31.4661     4.1930          1          1  0.000e+00
  1025.2127     54.709     55.165    31.4639     4.2018          1          1  0.000e+00
  1025.2045     54.626     55.080    31.4558     4.2157          1          1  0.000e+00
  1025.1926     54.548     55.002    31.4432     4.2314          1          1  0.000e+00
  1025.1824     54.475     54.928    31.4324     4.2437          1          1  0.000e+00
  1025.1760     54.410     54.863    31.4256     4.2513          1          1  0.000e+00
  1025.1714     54.341     54.793    31.4207     4.2549          1          1  0.000e+00
  1025.1768     54.270     54.721    31.4280     4.2557          1          1  0.000e+00
  1025.1711     54.187     54.638    31.4222     4.2625          1          1  0.000e+00
  1025.1707     54.096     54.546    31.4231     4.2693          1          1  0.000e+00
  1025.1633     53.993     54.442    31.4158     4.2806          1          1  0.000e+00
  1025.1537     53.884     54.332    31.4058     4.2921          1          1  0.000e+00
  1025.1473     53.761     54.208    31.3994     4.2992          1          1  0.000e+00
  1025.1476     53.631     54.077    31.4010     4.3029          1          1  0.000e+00
  1025.1453     53.496     53.940    31.3996     4.3084          1          1  0.000e+00
  1025.1428     53.356     53.799    31.3982     4.3159          1          1  0.000e+00
  1025.1399     53.218     53.660    31.3965     4.3254          1          1  0.000e+00
  1025.1315     53.082     53.524    31.3883     4.3379          1          1  0.000e+00
  1025.1240     52.950     53.390    31.3811     4.3488          1          1  0.000e+00
  1025.1199     52.819     53.258    31.3777     4.3571          1          1  0.000e+00
  1025.1147     52.686     53.124    31.3729     4.3649          1          1  0.000e+00
  1025.1123     52.551     52.988    31.3715     4.3714          1          1  0.000e+00
  1025.1096     52.414     52.850    31.3698     4.3779          1          1  0.000e+00
  1025.1062     52.274     52.709    31.3672     4.3847          1          1  0.000e+00
  1025.1002     52.127     52.560    31.3613     4.3910          1          1  0.000e+00
  1025.0948     51.977     52.409    31.3560     4.3957          1          1  0.000e+00
  1025.0912     51.820     52.250    31.3528     4.3989          1          1  0.000e+00
  1025.0882     51.658     52.088    31.3503     4.4016          1          1  0.000e+00
  1025.0869     51.496     51.924    31.3498     4.4031          1          1  0.000e+00
  1025.0845     51.337     51.764    31.3479     4.4043          1          1  0.000e+00
  1025.0818     51.191     51.616    31.3455     4.4055          1          1  0.000e+00
  1025.0804     51.062     51.486    31.3447     4.4071          1          1  0.000e+00
  1025.0787     50.947     51.371    31.3435     4.4087          1          1  0.000e+00
  1025.0745     50.858     51.281    31.3389     4.4101          1          1  0.000e+00
  1025.0707     50.795     51.217    31.3345     4.4107          1          1  0.000e+00
  1025.0698     50.750     51.172    31.3337     4.4109          1          1  0.000e+00
  1025.0685     50.717     51.139    31.3322     4.4106          1          1  0.000e+00
  1025.0676     50.699     51.120    31.3311     4.4100          1          1  0.000e+00
  1025.0685     50.682     51.103    31.3322     4.4095          1          1  0.000e+00
  1025.0676     50.658     51.079    31.3313     4.4100          1          1  0.000e+00
  1025.0667     50.619     51.039    31.3305     4.4104          1          1  0.000e+00
  1025.0663     50.557     50.977    31.3304     4.4106          1          1  0.000e+00
  1025.0655     50.467     50.886    31.3299     4.4106          2          2  0.000e+00
  1025.0651     50.345     50.763    31.3301     4.4105          2          2  0.000e+00
  1025.0640     50.193     50.610    31.3297     4.4106          2          2  0.000e+00
  1025.0634     50.015     50.431    31.3299     4.4104          2          2  0.000e+00
  1025.0612     49.818     50.232    31.3284     4.4103          2          2  0.000e+00
  1025.0607     49.613     50.025    31.3289     4.4098          2          2  0.000e+00
  1025.0580     49.404     49.814    31.3267     4.4095          2          2  0.000e+00
  1025.0555     49.197     49.606    31.3246     4.4089          2          2  0.000e+00
  1025.0519     49.003     49.410    31.3211     4.4075          2          2  0.000e+00
  1025.0494     48.816     49.222    31.3187     4.4054          2          2  0.000e+00
  1025.0435     48.643     49.046    31.3120     4.4026          2          2  0.000e+00
  1025.0428     48.481     48.884    31.3116     4.3988          2          2  0.000e+00
  1025.0442     48.340     48.742    31.3137     4.3951          2          2  0.000e+00
  1025.0412     48.210     48.610    31.3104     4.3926          2          2  0.000e+00
  1025.0372     48.096     48.495    31.3058     4.3900          2          2  0.000e+00
  1025.0379     47.986     48.385    31.3068     4.3868          2          2  0.000e+00
  1025.0343     47.892     48.290    31.3025     4.3841          2          2  0.000e+00
  1025.0347     47.809     48.206    31.3031     4.3811          2          2  0.000e+00
  1025.0351     47.736     48.132    31.3038     4.3788          2          2  0.000e+00
  1025.0268     47.666     48.062    31.2935     4.3775          2          2  0.000e+00
  1025.0196     47.599     47.995    31.2845     4.3750          2          2  0.000e+00
  1025.0250     47.529     47.924    31.2914     4.3721          2          2  0.000e+00
  1025.0227     47.454     47.848    31.2888     4.3709          2          2  0.000e+00
  1025.0195     47.376     47.769    31.2852     4.3708          2          2  0.000e+00
  1025.0184     47.289     47.681    31.2844     4.3714          2          2  0.000e+00
  1025.0172     47.198     47.589    31.2837     4.3728          2          2  0.000e+00
  1025.0152     47.101     47.492    31.2819     4.3747          2          2  0.000e+00
  1025.0126     46.996     47.386    31.2795     4.3763          2          2  0.000e+00
  1025.0099     46.878     47.267    31.2770     4.3776          2          2  0.000e+00
  1025.0084     46.752     47.140    31.2759     4.3785          2          2  0.000e+00
  1025.0070     46.615     47.001    31.2750     4.3787          2          2  0.000e+00
  1025.0054     46.468     46.854    31.2739     4.3793          2          2  0.000e+00
  1025.0088     46.320     46.704    31.2793     4.3807          2          2  0.000e+00
  1025.0057     46.168     46.551    31.2768     4.3847          2          2  0.000e+00
  1025.0031     46.016     46.397    31.2749     4.3891          2          2  0.000e+00
  1025.0032     45.866     46.247    31.2764     4.3932          2          2  0.000e+00
  1025.0013     45.723     46.102    31.2756     4.3988          2          2  0.000e+00
  1024.9976     45.592     45.970    31.2726     4.4057          2          2  0.000e+00
  1024.9941     45.468     45.845    31.2698     4.4123          2          2  0.000e+00
  1024.9900     45.354     45.730    31.2661     4.4184          2          2  0.000e+00
  1024.9876     45.250     45.626    31.2643     4.4240          2          2  0.000e+00
  1024.9835     45.152     45.526    31.2606     4.4303          2          2  0.000e+00
  1024.9794     45.058     45.432    31.2566     4.4353          2          2  0.000e+00
  1024.9771     44.965     45.338    31.2546     4.4379          2          2  0.000e+00
  1024.9755     44.872     45.244    31.2534     4.4397          2          2  0.000e+00
  1024.9741     44.780     45.151    31.2525     4.4421          2          2  0.000e+00
  1024.9695     44.679     45.050    31.2478     4.4463          2          2  0.000e+00
  1024.9638     44.569     44.938    31.2420     4.4515          2          2  0.000e+00
  1024.9579     44.451     44.820    31.2358     4.4555          2          2  0.000e+00
  1024.9539     44.317     44.685    31.2318     4.4579          2          2  0.000e+00
  1024.9526     44.174     44.541    31.2310     4.4581          2          2  0.000e+00
  1024.9540     44.024     44.389    31.2336     4.4573          2          2  0.000e+00
  1024.9535     43.866     44.230    31.2338     4.4565          2          2  0.000e+00
  1024.9497     43.698     44.061    31.2300     4.4566          2          2  0.000e+00
  1024.9473     43.528     43.889    31.2280     4.4565          2          2  0.000e+00
  1024.9456     43.355     43.714    31.2269     4.4562          2          2  0.000e+00
  1024.9442     43.180     43.538    31.2260     4.4560          2          2  0.000e+00
  1024.9423     43.013     43.369    31.2246     4.4557          2          2  0.000e+00
  1024.9423     42.856     43.211    31.2255     4.4555          2          2  0.000e+00
  1024.9428     42.717     43.071    31.2271     4.4565          2          2  0.000e+00
  1024.9416     42.591     42.944    31.2266     4.4587          2          2  0.000e+00
  1024.9392     42.487     42.839    31.2246     4.4616          2          2  0.000e+00
  1024.9372     42.401     42.752    31.2229     4.4644          2          2  0.000e+00
  1024.9377     42.332     42.683    31.2242     4.4665          2          2  0.000e+00
  1024.9377     42.281     42.631    31.2249     4.4697          2          2  0.000e+00
  1024.9396     42.245     42.595    31.2283     4.4758          2          2  0.000e+00
  1024.9382     42.219     42.568    31.2280     4.4854          2          2  0.000e+00
  1024.9298     42.202     42.551    31.2190     4.4975          2          2  0.000e+00
  1024.9270     42.180     42.530    31.2170     4.5082          2          2  0.000e+00
  1024.9176     42.155     42.504    31.2067     4.5195          2          2  0.000e+00
  1024.9099     42.118     42.467    31.1982     4.5271          2          2  0.000e+00
  1024.9073     42.066     42.415    31.1956     4.5296          2          2  0.000e+00
  1024.9054     41.992     42.340    31.1936     4.5301          2          2  0.000e+00
  1024.9054     41.899     42.247    31.1941     4.5290          2          2  0.000e+00
  1024.9083     41.785     42.131    31.1982     4.5277          2          2  0.000e+00
  1024.9071     41.650     41.995    31.1978     4.5291          2          2  0.000e+00
  1024.9054     41.488     41.832    31.1968     4.5314          2          2  0.000e+00
  1024.9030     41.306     41.648    31.1952     4.5338          2          2  0.000e+00
  1024.9008     41.101     41.442    31.1940     4.5362          2          2  0.000e+00
  1024.8972     40.889     41.228    31.1911     4.5388          2          2  0.000e+00
  1024.8939     40.668     41.005    31.1885     4.5413          2          2  0.000e+00
  1024.8921     40.451     40.786    31.1878     4.5436          2          2  0.000e+00
  1024.8905     40.243     40.576    31.1873     4.5458          2          2  0.000e+00
  1024.8885     40.043     40.375    31.1862     4.5481          2          2  0.000e+00
  1024.8862     39.857     40.187    31.1847     4.5500          2          2  0.000e+00
  1024.8839     39.679     40.007    31.1830     4.5516          2          2  0.000e+00
  1024.8826     39.516     39.844    31.1826     4.5527          2          2  0.000e+00
  1024.8819     39.373     39.699    31.1826     4.5534          2          2  0.000e+00
  1024.8807     39.244     39.569    31.1820     4.5541          2          2  0.000e+00
  1024.8806     39.138     39.462    31.1826     4.5552          2          2  0.000e+00
  1024.8807     39.053     39.377    31.1833     4.5567          2          2  0.000e+00
  1024.8788     38.989     39.311    31.1817     4.5588          2          2  0.000e+00
  1024.8805     38.938     39.260    31.1843     4.5605          2          2  0.000e+00
