data/eDNA/PER-2021-171/171b026.cnv
* Sea-Bird SBE19plus  Data File:
* FileName = C:\Users\RSG_field\Ryan_2021_Perley\CTD\171b026.hex
* Software version 2.3.0 SB_Terminal.dll
* Temperature SN = 7141
* Conductivity SN = 7141
* System UpLoad Time = Aug 18 2021 12:46:10
* <ApplicationData>
* <SeatermAF>
** Platform: M. Perley
** Cruise: Per2021171
** Station:  SAB_02
** Cast: 01 2
** Latitude: N  45 50.515
** Longitude: W 60 07.869
** Sounding: 24.2
** Chief Scientist: Ryan Stanley
** Comment: 171b026
# nquan = 8
# nvalues = 1989                                  
# units = specified
# name 0 = density00: Density [density, kg/m^3]
# name 1 = depSM: Depth [salt water, m], lat = 45.00
# name 2 = prdM: Pressure, Strain Gauge [db]
# name 3 = sal00: Salinity, Practical [PSU]
# name 4 = tv290C: Temperature [ITS-90, deg C]
# name 5 = bpos: Bottle Position in Carousel
# name 6 = nbf: Bottles Fired
# name 7 = flag:  0.000e+00
# span 0 =   998.9199,  1024.4238                 
# span 1 =     -0.005,     24.927                 
# span 2 =     -0.005,     25.133                 
# span 3 =     0.0082,    31.0286                 
# span 4 =     6.8747,    18.3266                 
# span 5 =          0,          3                 
# span 6 =          0,          3                 
# span 7 = 0.0000e+00, 0.0000e+00                 
# interval = seconds: 0.25
# start_time = Aug 18 2021 15:35:04 [Instrument's time stamp, header]
# bad_flag = -9.990e-29
*END*
[from data line 1259]
  1024.3612     24.044     24.242    30.9650     6.9420          0          0  0.000e+00
  1024.3595     24.049     24.247    30.9628     6.9421          0          0  0.000e+00
  1024.3601     24.050     24.248    30.9634     6.9413          0          0  0.000e+00
  1024.3618     24.051     24.250    30.9655     6.9408          0          0  0.000e+00
  1024.3603     24.055     24.254    30.9636     6.9415          0          0  0.000e+00
  1024.3601     24.055     24.254    30.9635     6.9417          0          0  0.000e+00
  1024.3618     24.055     24.254    30.9656     6.9416          0          0  0.000e+00
  1024.3613     24.053     24.252    30.9651     6.9426          0          0  0.000e+00
  1024.3585     24.049     24.247    30.9618     6.9435          0          0  0.000e+00
  1024.3623     24.044     24.242    30.9666     6.9430          0          0  0.000e+00
  1024.3623     24.041     24.239    30.9666     6.9436          0          0  0.000e+00
  1024.3603     24.041     24.239    30.9642     6.9448          0          0  0.000e+00
  1024.3619     24.036     24.235    30.9663     6.9449          0          0  0.000e+00
  1024.3658     24.035     24.233    30.9715     6.9458          0          0  0.000e+00
  1024.3714     24.037     24.236    30.9791     6.9487          0          0  0.000e+00
  1024.3588     24.039     24.237    30.9640     6.9541          0          0  0.000e+00
  1024.3617     24.042     24.240    30.9677     6.9553          0          0  0.000e+00
  1024.3540     24.046     24.244    30.9580     6.9559          0          0  0.000e+00
  1024.3570     24.052     24.251    30.9616     6.9542          0          0  0.000e+00
  1024.3537     24.058     24.256    30.9571     6.9525          0          0  0.000e+00
  1024.3534     24.062     24.260    30.9561     6.9491          0          0  0.000e+00
  1024.3572     24.067     24.266    30.9603     6.9449          0          0  0.000e+00
  1024.3605     24.067     24.266    30.9641     6.9427          0          0  0.000e+00
  1024.3616     24.069     24.268    30.9653     6.9421          0          0  0.000e+00
  1024.3614     24.069     24.268    30.9650     6.9421          0          0  0.000e+00
  1024.3621     24.070     24.269    30.9660     6.9427          0          0  0.000e+00
  1024.3605     24.067     24.266    30.9641     6.9428          0          0  0.000e+00
  1024.3632     24.065     24.263    30.9674     6.9422          0          0  0.000e+00
  1024.3605     24.062     24.260    30.9640     6.9426          0          0  0.000e+00
  1024.3615     24.062     24.260    30.9654     6.9428          0          0  0.000e+00
  1024.3634     24.059     24.257    30.9679     6.9429          0          0  0.000e+00
  1024.3648     24.059     24.257    30.9697     6.9436          0          0  0.000e+00
  1024.3623     24.057     24.255    30.9668     6.9456          0          0  0.000e+00
  1024.3612     24.056     24.254    30.9657     6.9469          0          0  0.000e+00
  1024.3586     24.056     24.254    30.9624     6.9472          0          0  0.000e+00
  1024.3594     24.051     24.250    30.9633     6.9463          0          0  0.000e+00
  1024.3624     24.050     24.248    30.9671     6.9462          0          0  0.000e+00
  1024.3620     24.052     24.251    30.9669     6.9480          0          0  0.000e+00
  1024.3597     24.056     24.254    30.9642     6.9499          0          0  0.000e+00
  1024.3544     24.058     24.256    30.9576     6.9501          0          0  0.000e+00
  1024.3542     24.064     24.262    30.9568     6.9472          0          0  0.000e+00
  1024.3572     24.064     24.262    30.9600     6.9432          0          0  0.000e+00
  1024.3639     24.065     24.263    30.9680     6.9405          0          0  0.000e+00
  1024.3608     24.066     24.264    30.9643     6.9415          0          0  0.000e+00
  1024.3584     24.066     24.264    30.9612     6.9418          0          0  0.000e+00
  1024.3601     24.063     24.261    30.9631     6.9399          0          0  0.000e+00
  1024.3608     24.060     24.258    30.9639     6.9390          0          0  0.000e+00
  1024.3627     24.058     24.256    30.9661     6.9383          0          0  0.000e+00
  1024.3657     24.056     24.254    30.9700     6.9386          0          0  0.000e+00
  1024.3640     24.050     24.248    30.9682     6.9404          0          0  0.000e+00
  1024.3617     24.050     24.248    30.9656     6.9420          0          0  0.000e+00
  1024.3587     24.048     24.246    30.9618     6.9426          0          0  0.000e+00
  1024.3584     24.050     24.248    30.9612     6.9408          0          0  0.000e+00
  1024.3632     24.053     24.252    30.9669     6.9391          0          0  0.000e+00
  1024.3621     24.057     24.255    30.9657     6.9395          0          0  0.000e+00
  1024.3596     24.061     24.259    30.9623     6.9391          0          0  0.000e+00
  1024.3643     24.065     24.263    30.9682     6.9383          0          0  0.000e+00
  1024.3629     24.069     24.268    30.9667     6.9399          0          0  0.000e+00
  1024.3623     24.075     24.273    30.9660     6.9411          0          0  0.000e+00
  1024.3588     24.081     24.279    30.9616     6.9418          0          0  0.000e+00
  1024.3597     24.085     24.284    30.9626     6.9402          0          0  0.000e+00
  1024.3595     24.090     24.289    30.9620     6.9389          0          0  0.000e+00
  1024.3632     24.093     24.291    30.9665     6.9374          0          0  0.000e+00
  1024.3646     24.092     24.290    30.9682     6.9374          0          0  0.000e+00
  1024.3650     24.093     24.291    30.9689     6.9386          0          0  0.000e+00
  1024.3653     24.090     24.289    30.9696     6.9405          0          0  0.000e+00
  1024.3617     24.086     24.285    30.9655     6.9424          0          0  0.000e+00
  1024.3581     24.083     24.282    30.9610     6.9428          0          0  0.000e+00
  1024.3609     24.079     24.277    30.9642     6.9407          0          0  0.000e+00
  1024.3658     24.078     24.276    30.9703     6.9399          0          0  0.000e+00
  1024.3646     24.074     24.272    30.9691     6.9420          0          0  0.000e+00
  1024.3625     24.072     24.271    30.9668     6.9438          0          0  0.000e+00
  1024.3605     24.070     24.269    30.9643     6.9443          0          0  0.000e+00
  1024.3597     24.072     24.271    30.9631     6.9436          0          0  0.000e+00
  1024.3607     24.075     24.273    30.9643     6.9430          0          0  0.000e+00
  1024.3591     24.072     24.271    30.9623     6.9428          0          0  0.000e+00
  1024.3600     24.069     24.268    30.9631     6.9413          0          0  0.000e+00
  1024.3601     24.070     24.269    30.9630     6.9396          0          0  0.000e+00
  1024.3618     24.068     24.267    30.9649     6.9381          0          0  0.000e+00
  1024.3612     24.068     24.267    30.9642     6.9380          0          0  0.000e+00
  1024.3621     24.068     24.267    30.9653     6.9381          0          0  0.000e+00
  1024.3595     24.068     24.267    30.9621     6.9381          0          0  0.000e+00
  1024.3597     24.063     24.261    30.9621     6.9371          0          0  0.000e+00
  1024.3615     24.060     24.258    30.9642     6.9358          0          0  0.000e+00
  1024.3619     24.059     24.257    30.9647     6.9354          0          0  0.000e+00
  1024.3618     24.056     24.254    30.9646     6.9355          0          0  0.000e+00
  1024.3615     24.056     24.254    30.9643     6.9357          0          0  0.000e+00
  1024.3613     24.058     24.256    30.9640     6.9358          0          0  0.000e+00
  1024.3601     24.061     24.259    30.9624     6.9353          0          0  0.000e+00
  1024.3611     24.066     24.264    30.9635     6.9344          0          0  0.000e+00
  1024.3624     24.072     24.271    30.9650     6.9339          0          0  0.000e+00
  1024.3619     24.080     24.278    30.9643     6.9339          0          0  0.000e+00
  1024.3617     24.087     24.286    30.9641     6.9342          0          0  0.000e+00
  1024.3612     24.094     24.292    30.9633     6.9339          0          0  0.000e+00
  1024.3619     24.102     24.301    30.9641     6.9334          0          0  0.000e+00
  1024.3621     24.110     24.308    30.9643     6.9331          0          0  0.000e+00
  1024.3618     24.117     24.316    30.9639     6.9334          0          0  0.000e+00
  1024.3644     24.122     24.321    30.9671     6.9336          0          0  0.000e+00
  1024.3621     24.125     24.324    30.9645     6.9349          0          0  0.000e+00
  1024.3601     24.124     24.323    30.9621     6.9356          0          0  0.000e+00
  1024.3603     24.125     24.324    30.9623     6.9352          0          0  0.000e+00
  1024.3685     24.122     24.321    30.9726     6.9345          0          0  0.000e+00
  1024.3741     24.114     24.313    30.9802     6.9379          0          0  0.000e+00
  1024.3727     24.109     24.307    30.9798     6.9457          0          0  0.000e+00
  1024.3650     24.100     24.299    30.9714     6.9538          0          0  0.000e+00
  1024.3583     24.090     24.289    30.9638     6.9588          0          0  0.000e+00
  1024.3559     24.077     24.275    30.9610     6.9601          0          0  0.000e+00
  1024.3535     24.070     24.269    30.9579     6.9597          0          0  0.000e+00
  1024.3543     24.059     24.257    30.9587     6.9575          0          0  0.000e+00
  1024.3561     24.053     24.252    30.9606     6.9552          0          0  0.000e+00
  1024.3554     24.047     24.245    30.9596     6.9539          0          0  0.000e+00
  1024.3538     24.044     24.242    30.9572     6.9523          0          0  0.000e+00
  1024.3558     24.045     24.243    30.9594     6.9497          0          0  0.000e+00
  1024.3577     24.043     24.241    30.9614     6.9479          0          0  0.000e+00
  1024.3563     24.043     24.241    30.9596     6.9468          0          0  0.000e+00
  1024.3554     24.048     24.246    30.9581     6.9452          0          0  0.000e+00
  1024.3560     24.053     24.252    30.9584     6.9431          0          0  0.000e+00
  1024.3586     24.061     24.259    30.9614     6.9407          0          0  0.000e+00
  1024.3601     24.069     24.268    30.9630     6.9397          0          0  0.000e+00
  1024.3604     24.076     24.274    30.9634     6.9396          0          0  0.000e+00
  1024.3587     24.082     24.281    30.9612     6.9398          0          0  0.000e+00
  1024.3593     24.090     24.289    30.9617     6.9389          0          0  0.000e+00
  1024.3608     24.096     24.294    30.9635     6.9383          0          0  0.000e+00
  1024.3612     24.101     24.300    30.9641     6.9390          0          0  0.000e+00
  1024.3583     24.102     24.301    30.9605     6.9393          0          0  0.000e+00
  1024.3591     24.104     24.303    30.9614     6.9388          0          0  0.000e+00
  1024.3603     24.104     24.303    30.9629     6.9384          0          0  0.000e+00
  1024.3603     24.102     24.301    30.9629     6.9384          0          0  0.000e+00
  1024.3612     24.099     24.298    30.9641     6.9383          0          0  0.000e+00
  1024.3607     24.097     24.295    30.9635     6.9387          0          0  0.000e+00
  1024.3612     24.092     24.290    30.9642     6.9392          0          0  0.000e+00
  1024.3611     24.087     24.286    30.9642     6.9394          0          0  0.000e+00
  1024.3645     24.082     24.281    30.9684     6.9392          0          0  0.000e+00
  1024.3678     24.081     24.279    30.9730     6.9411          0          0  0.000e+00
  1024.3628     24.072     24.271    30.9674     6.9457          0          0  0.000e+00
  1024.3606     24.068     24.267    30.9651     6.9482          0          0  0.000e+00
  1024.3594     24.066     24.265    30.9636     6.9486          0          0  0.000e+00
  1024.3572     24.062     24.260    30.9608     6.9485          0          0  0.000e+00
  1024.3576     24.061     24.259    30.9612     6.9474          0          0  0.000e+00
  1024.3573     24.061     24.259    30.9606     6.9463          0          0  0.000e+00
  1024.3567     24.063     24.261    30.9596     6.9454          0          0  0.000e+00
  1024.3579     24.064     24.262    30.9609     6.9438          0          0  0.000e+00
  1024.3585     24.071     24.270    30.9614     6.9421          0          0  0.000e+00
  1024.3585     24.076     24.274    30.9612     6.9412          0          0  0.000e+00
  1024.3593     24.081     24.279    30.9621     6.9405          0          0  0.000e+00
  1024.3616     24.085     24.284    30.9649     6.9405          0          0  0.000e+00
  1024.3605     24.088     24.287    30.9638     6.9416          0          0  0.000e+00
  1024.3591     24.092     24.290    30.9622     6.9430          0          0  0.000e+00
  1024.3587     24.095     24.293    30.9617     6.9432          0          0  0.000e+00
  1024.3599     24.094     24.292    30.9632     6.9435          0          0  0.000e+00
  1024.3599     24.094     24.292    30.9634     6.9441          0          0  0.000e+00
  1024.3598     24.091     24.289    30.9634     6.9449          0          0  0.000e+00
  1024.3589     24.084     24.283    30.9624     6.9458          0          0  0.000e+00
  1024.3582     24.080     24.278    30.9617     6.9464          0          0  0.000e+00
  1024.3590     24.072     24.271    30.9628     6.9468          0          0  0.000e+00
  1024.3591     24.069     24.268    30.9631     6.9476          0          0  0.000e+00
  1024.3576     24.067     24.266    30.9614     6.9489          0          0  0.000e+00
  1024.3593     24.063     24.261    30.9637     6.9493          0          0  0.000e+00
  1024.3577     24.066     24.265    30.9617     6.9503          0          0  0.000e+00
  1024.3561     24.066     24.265    30.9598     6.9505          0          0  0.000e+00
  1024.3551     24.068     24.267    30.9583     6.9495          0          0  0.000e+00
  1024.3580     24.071     24.270    30.9618     6.9482          0          0  0.000e+00
  1024.3572     24.076     24.274    30.9607     6.9475          0          0  0.000e+00
  1024.3567     24.081     24.279    30.9599     6.9470          0          0  0.000e+00
  1024.3570     24.086     24.285    30.9601     6.9464          0          0  0.000e+00
  1024.3543     24.092     24.290    30.9566     6.9460          0          0  0.000e+00
  1024.3570     24.094     24.292    30.9596     6.9440          0          0  0.000e+00
  1024.3602     24.098     24.297    30.9634     6.9422          0          0  0.000e+00
  1024.3597     24.101     24.300    30.9628     6.9426          0          0  0.000e+00
  1024.3601     24.101     24.300    30.9634     6.9430          0          0  0.000e+00
  1024.3578     24.104     24.303    30.9606     6.9436          0          0  0.000e+00
  1024.3583     24.101     24.300    30.9612     6.9433          0          0  0.000e+00
  1024.3600     24.104     24.303    30.9632     6.9423          0          0  0.000e+00
  1024.3612     24.105     24.304    30.9647     6.9424          0          0  0.000e+00
  1024.3616     24.103     24.302    30.9655     6.9439          0          0  0.000e+00
  1024.3591     24.106     24.305    30.9625     6.9455          0          0  0.000e+00
  1024.3635     24.109     24.307    30.9682     6.9464          0          0  0.000e+00
  1024.3612     24.104     24.303    30.9657     6.9485          0          0  0.000e+00
  1024.3627     24.102     24.301    30.9680     6.9506          0          0  0.000e+00
