data/eDNA/PER-2021-171/171b012.cnv
* Sea-Bird SBE19plus  Data File:
* FileName = C:\Users\RSG_field\Ryan_2021_Perley\CTD\171b012.hex
* Software version 2.3.0 SB_Terminal.dll
* Temperature SN = 7141
* Conductivity SN = 7141
* System UpLoad Time = Aug 12 2021 09:28:51
* <ApplicationData>
* <SeatermAF>
** Platform: M. Perley
** Cruise: Per2021171
** Station:  ESI_16
** Cast: 01 2
** Latitude: N  44 35.490
** Longitude: W 62 35.818
** Sounding: 98.1
** Chief Scientist: Ryan Stanley
** Comment: 171b012
** aslo collected 80m for water chemistry
# nquan = 8
# nvalues = 3339                                  
# units = specified
# name 0 = density00: Density [density, kg/m^3]
# name 1 = depSM: Depth [salt water, m], lat = 45.00
# name 2 = prdM: Pressure, Strain Gauge [db]
# name 3 = sal00: Salinity, Practical [PSU]
# name 4 = tv290C: Temperature [ITS-90, deg C]
# name 5 = bpos: Bottle Position in Carousel
# name 6 = nbf: Bottles Fired
# name 7 = flag:  0.000e+00
# span 0 =   998.6435,  1026.4395                 
# span 1 =     -0.070,     95.575                 
# span 2 =     -0.070,     96.380                 
# span 3 =     0.0000,    32.7477                 
# span 4 =     3.2085,    18.5110                 
# span 5 =          0,          3                 
# span 6 =          0,          3                 
# span 7 = 0.0000e+00, 0.0000e+00                 
# interval = seconds: 0.25
# start_time = Aug 12 2021 12:11:33 [Instrument's time stamp, header]
# bad_flag = -9.990e-29
*END*
[from data line 1259]
  1025.6023     48.232     48.633    31.9590     3.9272          0          0  0.000e+00
  1025.6012     48.353     48.755    31.9556     3.9169          0          0  0.000e+00
  1025.6075     48.452     48.854    31.9615     3.9050          0          0  0.000e+00
  1025.6116     48.528     48.931    31.9649     3.8943          0          0  0.000e+00
  1025.6084     48.578     48.981    31.9593     3.8841          0          0  0.000e+00
  1025.6087     48.605     49.009    31.9579     3.8707          0          0  0.000e+00
  1025.6269     48.622     49.026    31.9790     3.8563          0          0  0.000e+00
  1025.6298     48.640     49.044    31.9818     3.8500          0          0  0.000e+00
  1025.6266     48.665     49.069    31.9772     3.8464          0          0  0.000e+00
  1025.6218     48.711     49.116    31.9702     3.8410          0          0  0.000e+00
  1025.6228     48.788     49.193    31.9699     3.8322          0          0  0.000e+00
  1025.6268     48.895     49.301    31.9733     3.8232          0          0  0.000e+00
  1025.6325     49.037     49.444    31.9786     3.8152          0          0  0.000e+00
  1025.6340     49.203     49.612    31.9788     3.8094          0          0  0.000e+00
  1025.6375     49.398     49.809    31.9814     3.8044          0          0  0.000e+00
  1025.6351     49.605     50.017    31.9766     3.8000          0          0  0.000e+00
  1025.6325     49.814     50.228    31.9714     3.7934          0          0  0.000e+00
  1025.6321     50.022     50.437    31.9685     3.7834          0          0  0.000e+00
  1025.6337     50.212     50.629    31.9679     3.7715          0          0  0.000e+00
  1025.6271     50.378     50.797    31.9570     3.7581          0          0  0.000e+00
  1025.6338     50.514     50.933    31.9624     3.7392          0          0  0.000e+00
  1025.6454     50.618     51.038    31.9741     3.7207          0          0  0.000e+00
  1025.6598     50.695     51.116    31.9902     3.7070          0          0  0.000e+00
  1025.6590     50.750     51.172    31.9880     3.7002          0          0  0.000e+00
  1025.6700     50.791     51.213    32.0010     3.6945          0          0  0.000e+00
  1025.6781     50.835     51.257    32.0108     3.6940          0          0  0.000e+00
  1025.6651     50.892     51.315    31.9947     3.6988          0          0  0.000e+00
  1025.6513     50.971     51.394    31.9768     3.6980          0          0  0.000e+00
  1025.6545     51.077     51.501    31.9791     3.6883          0          0  0.000e+00
  1025.6565     51.208     51.634    31.9796     3.6780          0          0  0.000e+00
  1025.6548     51.367     51.794    31.9752     3.6677          0          0  0.000e+00
  1025.6527     51.546     51.975    31.9700     3.6549          0          0  0.000e+00
  1025.6544     51.740     52.170    31.9691     3.6387          0          0  0.000e+00
  1025.6452     51.933     52.365    31.9543     3.6206          0          0  0.000e+00
  1025.6222     52.124     52.557    31.9210     3.5930          0          0  0.000e+00
  1025.6433     52.306     52.741    31.9413     3.5484          0          0  0.000e+00
  1025.6686     52.469     52.905    31.9673     3.5067          0          0  0.000e+00
  1025.6915     52.606     53.044    31.9916     3.4751          0          0  0.000e+00
  1025.7099     52.722     53.160    32.0113     3.4514          0          0  0.000e+00
  1025.7203     52.812     53.251    32.0219     3.4357          0          0  0.000e+00
  1025.7264     52.874     53.313    32.0281     3.4248          0          0  0.000e+00
  1025.7388     52.902     53.342    32.0425     3.4163          0          0  0.000e+00
  1025.7514     52.905     53.345    32.0580     3.4134          0          0  0.000e+00
  1025.7463     52.888     53.328    32.0523     3.4187          0          0  0.000e+00
  1025.7479     52.863     53.302    32.0551     3.4243          0          0  0.000e+00
  1025.7530     52.845     53.284    32.0624     3.4318          0          0  0.000e+00
  1025.7362     52.853     53.293    32.0426     3.4436          0          0  0.000e+00
  1025.7103     52.896     53.336    32.0103     3.4475          0          0  0.000e+00
  1025.7101     52.992     53.433    32.0081     3.4355          0          0  0.000e+00
  1025.7241     53.145     53.587    32.0228     3.4183          0          0  0.000e+00
  1025.7373     53.342     53.786    32.0367     3.4054          0          0  0.000e+00
  1025.7485     53.583     54.028    32.0485     3.3974          0          0  0.000e+00
  1025.7551     53.847     54.295    32.0547     3.3928          0          0  0.000e+00
  1025.7581     54.121     54.571    32.0560     3.3859          0          0  0.000e+00
  1025.7613     54.381     54.833    32.0570     3.3733          0          0  0.000e+00
  1025.7724     54.623     55.077    32.0677     3.3575          0          0  0.000e+00
  1025.7887     54.840     55.296    32.0852     3.3423          0          0  0.000e+00
  1025.8047     55.013     55.471    32.1027     3.3284          0          0  0.000e+00
  1025.8181     55.139     55.598    32.1174     3.3154          0          0  0.000e+00
  1025.8288     55.231     55.691    32.1292     3.3064          0          0  0.000e+00
  1025.8357     55.297     55.757    32.1370     3.3020          0          0  0.000e+00
  1025.8433     55.342     55.802    32.1462     3.3013          0          0  0.000e+00
  1025.8415     55.375     55.836    32.1442     3.3058          0          0  0.000e+00
  1025.8354     55.407     55.868    32.1371     3.3120          0          0  0.000e+00
  1025.8308     55.444     55.906    32.1315     3.3154          0          0  0.000e+00
  1025.8257     55.492     55.954    32.1248     3.3150          0          0  0.000e+00
  1025.8247     55.550     56.013    32.1226     3.3106          0          0  0.000e+00
  1025.8285     55.618     56.081    32.1262     3.3037          0          0  0.000e+00
  1025.8342     55.699     56.162    32.1322     3.2977          0          0  0.000e+00
  1025.8367     55.788     56.252    32.1344     3.2938          0          0  0.000e+00
  1025.8392     55.888     56.353    32.1366     3.2913          0          0  0.000e+00
  1025.8407     55.999     56.465    32.1378     3.2900          0          0  0.000e+00
  1025.8416     56.125     56.592    32.1381     3.2895          0          0  0.000e+00
  1025.8409     56.261     56.729    32.1363     3.2891          0          0  0.000e+00
  1025.8412     56.411     56.881    32.1357     3.2884          0          0  0.000e+00
  1025.8434     56.566     57.037    32.1373     3.2866          0          0  0.000e+00
  1025.8468     56.726     57.198    32.1405     3.2844          0          0  0.000e+00
  1025.8495     56.882     57.355    32.1427     3.2830          0          0  0.000e+00
  1025.8508     57.034     57.508    32.1434     3.2821          0          0  0.000e+00
  1025.8519     57.170     57.646    32.1438     3.2808          0          0  0.000e+00
  1025.8548     57.296     57.773    32.1466     3.2796          0          0  0.000e+00
  1025.8558     57.413     57.891    32.1470     3.2786          0          0  0.000e+00
  1025.8574     57.525     58.004    32.1482     3.2773          0          0  0.000e+00
  1025.8606     57.640     58.120    32.1513     3.2756          0          0  0.000e+00
  1025.8627     57.750     58.231    32.1531     3.2741          0          0  0.000e+00
  1025.8639     57.859     58.341    32.1538     3.2725          0          0  0.000e+00
  1025.8640     57.970     58.452    32.1531     3.2702          0          0  0.000e+00
  1025.8663     58.075     58.558    32.1549     3.2665          0          0  0.000e+00
  1025.8716     58.180     58.664    32.1604     3.2622          0          0  0.000e+00
  1025.8755     58.281     58.767    32.1644     3.2591          0          0  0.000e+00
  1025.8796     58.385     58.871    32.1687     3.2568          0          0  0.000e+00
  1025.8821     58.487     58.974    32.1712     3.2561          0          0  0.000e+00
  1025.8828     58.589     59.077    32.1714     3.2564          0          0  0.000e+00
  1025.8840     58.687     59.176    32.1723     3.2562          0          0  0.000e+00
  1025.8855     58.790     59.280    32.1735     3.2556          0          0  0.000e+00
  1025.8865     58.897     59.388    32.1741     3.2549          0          0  0.000e+00
  1025.8882     59.012     59.503    32.1754     3.2542          0          0  0.000e+00
  1025.8906     59.146     59.639    32.1775     3.2534          0          0  0.000e+00
  1025.8909     59.290     59.783    32.1770     3.2525          0          0  0.000e+00
  1025.8916     59.452     59.947    32.1768     3.2514          0          0  0.000e+00
  1025.8954     59.628     60.125    32.1803     3.2495          0          0  0.000e+00
  1025.9021     59.813     60.312    32.1873     3.2471          0          0  0.000e+00
  1025.9087     60.000     60.500    32.1943     3.2446          0          0  0.000e+00
  1025.9180     60.173     60.674    32.2045     3.2417          0          0  0.000e+00
  1025.9271     60.333     60.835    32.2146     3.2382          0          0  0.000e+00
  1025.9422     60.462     60.966    32.2325     3.2358          0          0  0.000e+00
  1025.9484     60.568     61.073    32.2396     3.2355          0          0  0.000e+00
  1025.9530     60.648     61.153    32.2451     3.2360          0          0  0.000e+00
  1025.9553     60.705     61.211    32.2477     3.2370          0          0  0.000e+00
  1025.9569     60.746     61.252    32.2495     3.2376          0          0  0.000e+00
  1025.9577     60.775     61.281    32.2506     3.2393          0          0  0.000e+00
  1025.9564     60.803     61.310    32.2491     3.2419          0          0  0.000e+00
  1025.9532     60.843     61.350    32.2450     3.2439          0          0  0.000e+00
  1025.9527     60.893     61.400    32.2441     3.2439          0          0  0.000e+00
  1025.9528     60.970     61.478    32.2436     3.2429          0          0  0.000e+00
  1025.9536     61.075     61.584    32.2439     3.2417          0          0  0.000e+00
  1025.9558     61.207     61.718    32.2457     3.2399          0          0  0.000e+00
  1025.9578     61.364     61.876    32.2471     3.2389          0          0  0.000e+00
  1025.9649     61.536     62.049    32.2549     3.2384          0          0  0.000e+00
  1025.9691     61.715     62.230    32.2593     3.2388          0          0  0.000e+00
  1025.9699     61.887     62.403    32.2593     3.2397          0          0  0.000e+00
  1025.9726     62.047     62.564    32.2619     3.2403          0          0  0.000e+00
  1025.9741     62.191     62.710    32.2629     3.2408          0          0  0.000e+00
  1025.9752     62.316     62.836    32.2636     3.2414          0          0  0.000e+00
  1025.9770     62.430     62.950    32.2652     3.2418          0          0  0.000e+00
  1025.9783     62.534     63.055    32.2662     3.2420          0          0  0.000e+00
  1025.9802     62.634     63.157    32.2681     3.2423          0          0  0.000e+00
  1025.9831     62.749     63.272    32.2710     3.2421          0          0  0.000e+00
  1025.9853     62.875     63.399    32.2731     3.2421          0          0  0.000e+00
  1025.9883     63.007     63.532    32.2760     3.2423          0          0  0.000e+00
  1025.9916     63.145     63.672    32.2794     3.2425          0          0  0.000e+00
  1025.9941     63.286     63.814    32.2816     3.2422          0          0  0.000e+00
  1025.9963     63.425     63.954    32.2836     3.2420          0          0  0.000e+00
  1025.9991     63.548     64.078    32.2863     3.2413          0          0  0.000e+00
  1026.0017     63.666     64.197    32.2887     3.2398          0          0  0.000e+00
  1026.0038     63.769     64.301    32.2905     3.2381          0          0  0.000e+00
  1026.0047     63.864     64.397    32.2909     3.2366          0          0  0.000e+00
  1026.0064     63.948     64.481    32.2924     3.2352          0          0  0.000e+00
  1026.0076     64.029     64.563    32.2933     3.2341          0          0  0.000e+00
  1026.0073     64.110     64.645    32.2923     3.2334          0          0  0.000e+00
  1026.0068     64.197     64.733    32.2911     3.2323          0          0  0.000e+00
  1026.0080     64.295     64.831    32.2918     3.2304          0          0  0.000e+00
  1026.0118     64.404     64.941    32.2957     3.2282          0          0  0.000e+00
  1026.0158     64.517     65.056    32.2999     3.2272          0          0  0.000e+00
  1026.0176     64.641     65.181    32.3014     3.2267          0          0  0.000e+00
  1026.0189     64.765     65.306    32.3022     3.2255          0          0  0.000e+00
  1026.0211     64.888     65.430    32.3040     3.2237          0          0  0.000e+00
  1026.0228     65.008     65.551    32.3051     3.2219          0          0  0.000e+00
  1026.0245     65.131     65.675    32.3065     3.2207          0          0  0.000e+00
  1026.0265     65.254     65.799    32.3081     3.2197          0          0  0.000e+00
  1026.0276     65.389     65.934    32.3086     3.2193          0          0  0.000e+00
  1026.0285     65.529     66.076    32.3090     3.2192          0          0  0.000e+00
  1026.0313     65.686     66.234    32.3114     3.2191          0          0  0.000e+00
  1026.0352     65.857     66.407    32.3154     3.2194          0          0  0.000e+00
  1026.0361     66.040     66.591    32.3155     3.2205          0          0  0.000e+00
  1026.0364     66.227     66.780    32.3149     3.2208          0          0  0.000e+00
  1026.0398     66.414     66.968    32.3179     3.2196          0          0  0.000e+00
  1026.0454     66.592     67.148    32.3238     3.2187          0          0  0.000e+00
  1026.0511     66.757     67.315    32.3301     3.2196          0          0  0.000e+00
  1026.0512     66.896     67.455    32.3296     3.2224          0          0  0.000e+00
  1026.0487     67.014     67.574    32.3261     3.2248          0          0  0.000e+00
  1026.0487     67.104     67.664    32.3256     3.2252          0          0  0.000e+00
  1026.0476     67.172     67.733    32.3238     3.2251          0          0  0.000e+00
  1026.0496     67.229     67.791    32.3259     3.2235          0          0  0.000e+00
  1026.0545     67.267     67.829    32.3316     3.2228          0          0  0.000e+00
  1026.0528     67.299     67.861    32.3295     3.2242          0          0  0.000e+00
  1026.0512     67.334     67.896    32.3273     3.2250          0          0  0.000e+00
  1026.0514     67.382     67.945    32.3273     3.2245          0          0  0.000e+00
  1026.0520     67.442     68.005    32.3275     3.2234          0          0  0.000e+00
  1026.0521     67.529     68.093    32.3270     3.2222          0          0  0.000e+00
  1026.0537     67.632     68.197    32.3283     3.2207          0          0  0.000e+00
  1026.0547     67.758     68.324    32.3285     3.2192          0          0  0.000e+00
  1026.0545     67.897     68.464    32.3273     3.2176          0          0  0.000e+00
  1026.0559     68.052     68.620    32.3279     3.2151          0          0  0.000e+00
  1026.0588     68.210     68.780    32.3303     3.2120          0          0  0.000e+00
  1026.0664     68.381     68.952    32.3384     3.2092          0          0  0.000e+00
  1026.0729     68.559     69.131    32.3454     3.2085          0          0  0.000e+00
  1026.0791     68.737     69.311    32.3524     3.2104          0          0  0.000e+00
  1026.0846     68.905     69.481    32.3587     3.2139          0          0  0.000e+00
