data/eDNA/PER-2021-171/171b010.ros
* Sea-Bird SBE19plus  Data File:
* FileName = C:\Users\RSG_field\Ryan_2021_Perley\CTD\171b010.hex
* Software version 2.3.0 SB_Terminal.dll
* Temperature SN = 7141
* Conductivity SN = 7141
* System UpLoad Time = Aug 11 2021 14:23:34
* <ApplicationData>
* <SeatermAF>
** Platform: M. Perley
** Cruise: Per2021171
** Station:  ESI_14
** Cast: 01 2
** Latitude: N  44 36.596
** Longitude: W 62 55.823
** Sounding: 41.1
** Chief Scientist: Ryan Stanley
** Comment: 171b010
# nquan = 9
# nvalues = 36                                    
# units = specified
# name 0 = density00: Density [density, kg/m^3]
# name 1 = depSM: Depth [salt water, m], lat = 45.00
# name 2 = prdM: Pressure, Strain Gauge [db]
# name 3 = sal00: Salinity, Practical [PSU]
# name 4 = tv290C: Temperature [ITS-90, deg C]
# name 5 = bpos: Bottle Position in Carousel
# name 6 = nbf: Bottles Fired
# name 7 = scan: Scan Count
# name 8 = flag:  0.000e+00
# interval = seconds: 0.25
# start_time = Aug 11 2021 16:54:54 [Instrument's time stamp, header]
# bad_flag = -9.990e-29
*END*
  1024.4591     28.437     28.672    30.9105     5.9704          1          1       1440  0.000e+00
  1024.4610     28.502     28.737    30.9123     5.9688          1          1       1441  0.000e+00
  1024.4627     28.567     28.803    30.9139     5.9676          1          1       1442  0.000e+00
  1024.4629     28.628     28.865    30.9137     5.9673          1          1       1443  0.000e+00
  1024.4638     28.688     28.924    30.9144     5.9669          1          1       1444  0.000e+00
  1024.4636     28.731     28.968    30.9139     5.9669          1          1       1445  0.000e+00
  1024.4639     28.759     28.996    30.9141     5.9666          1          1       1446  0.000e+00
  1024.4644     28.762     28.999    30.9146     5.9665          1          1       1447  0.000e+00
  1024.4656     28.742     28.979    30.9164     5.9665          1          1       1448  0.000e+00
  1024.0726     15.630     15.758    30.9725     8.7719          2          2       1896  0.000e+00
  1024.0624     15.463     15.590    30.9697     8.8199          2          2       1897  0.000e+00
  1024.0431     15.311     15.437    30.9546     8.8651          2          2       1898  0.000e+00
  1024.1117     15.171     15.295    31.0522     8.9126          2          2       1899  0.000e+00
  1024.0608     15.047     15.170    31.0039     8.9947          2          2       1900  0.000e+00
  1024.0654     14.939     15.061    31.0250     9.0694          2          2       1901  0.000e+00
  1024.0389     14.841     14.963    31.0064     9.1445          2          2       1902  0.000e+00
  1024.0298     14.752     14.873    31.0101     9.2202          2          2       1903  0.000e+00
  1024.0191     14.666     14.787    31.0108     9.2899          2          2       1904  0.000e+00
  1022.2409      5.749      5.796    30.7493    17.1707          3          3       1982  0.000e+00
  1022.2032      5.579      5.625    30.7230    17.2431          3          3       1983  0.000e+00
  1022.1922      5.401      5.445    30.7262    17.2975          3          3       1984  0.000e+00
  1022.1901      5.213      5.256    30.7408    17.3506          3          3       1985  0.000e+00
  1022.1734      5.032      5.073    30.7366    17.4049          3          3       1986  0.000e+00
  1022.1849      4.855      4.895    30.7684    17.4560          3          3       1987  0.000e+00
  1022.1472      4.691      4.729    30.7382    17.5148          3          3       1988  0.000e+00
  1022.1543      4.544      4.582    30.7628    17.5621          3          3       1989  0.000e+00
  1022.1276      4.412      4.448    30.7456    17.6168          3          3       1990  0.000e+00
  1022.0457      2.718      2.740    30.8147    18.1499          4          4       2008  0.000e+00
  1022.0207      2.533      2.553    30.7980    18.1973          4          4       2009  0.000e+00
  1022.0011      2.355      2.374    30.7850    18.2341          4          4       2010  0.000e+00
  1021.9884      2.188      2.206    30.7785    18.2629          4          4       2011  0.000e+00
  1021.9748      2.033      2.050    30.7689    18.2861          4          4       2012  0.000e+00
  1021.9682      1.890      1.906    30.7669    18.3042          4          4       2013  0.000e+00
  1021.9683      1.757      1.771    30.7722    18.3180          4          4       2014  0.000e+00
  1021.9806      1.627      1.641    30.7946    18.3354          4          4       2015  0.000e+00
  1021.9625      1.511      1.523    30.7803    18.3629          4          4       2016  0.000e+00
