data/eDNA/PER-2021-171/171b016.cnv
* Sea-Bird SBE19plus  Data File:
* FileName = C:\Users\RSG_field\Ryan_2021_Perley\CTD\171b016.hex
* Software version 2.3.0 SB_Terminal.dll
* Temperature SN = 7141
* Conductivity SN = 7141
* System UpLoad Time = Aug 13 2021 10:37:26
* <ApplicationData>
* <SeatermAF>
** Platform: M. Perley
** Cruise: Per2021171
** Station:  ESI_04
** Cast: 01 2
** Latitude: N  44 45.212
** Longitude: W 62 5.966
** Sounding: 103
** Chief Scientist: Ryan Stanley
** Comment: 171b016
** edna and water chem (80m)
# nquan = 8
# nvalues = 3189                                  
# units = specified
# name 0 = density00: Density [density, kg/m^3]
# name 1 = depSM: Depth [salt water, m], lat = 45.00
# name 2 = prdM: Pressure, Strain Gauge [db]
# name 3 = sal00: Salinity, Practical [PSU]
# name 4 = tv290C: Temperature [ITS-90, deg C]
# name 5 = bpos: Bottle Position in Carousel
# name 6 = nbf: Bottles Fired
# name 7 = flag:  0.000e+00
# span 0 =   998.6830,  1026.3895                 
# span 1 =     -0.073,     96.365                 
# span 2 =     -0.073,     97.176                 
# span 3 =     0.0087,    32.6378                 
# span 4 =     3.1949,    18.5129                 
# span 5 =          0,          3                 
# span 6 =          0,          3                 
# span 7 = 0.0000e+00, 0.0000e+00                 
# interval = seconds: 0.25
# start_time = Aug 13 2021 13:21:40 [Instrument's time stamp, header]
# bad_flag = -9.990e-29
*END*
[from data line 2338]
  1026.3051     89.702     90.456    32.5511     3.5480          1          1  0.000e+00
  1026.3098     89.570     90.323    32.5575     3.5460          1          1  0.000e+00
  1026.3032     89.416     90.168    32.5502     3.5464          1          1  0.000e+00
  1026.3016     89.254     90.004    32.5490     3.5459          1          1  0.000e+00
  1026.2958     89.096     89.845    32.5425     3.5442          1          1  0.000e+00
  1026.2906     88.955     89.702    32.5365     3.5415          1          1  0.000e+00
  1026.2762     88.826     89.572    32.5187     3.5371          1          1  0.000e+00
  1026.2795     88.716     89.462    32.5225     3.5301          1          1  0.000e+00
  1026.2778     88.624     89.369    32.5203     3.5242          1          1  0.000e+00
  1026.2737     88.540     89.284    32.5150     3.5195          1          1  0.000e+00
  1026.2707     88.452     89.195    32.5112     3.5141          1          1  0.000e+00
  1026.2730     88.356     89.098    32.5140     3.5088          1          1  0.000e+00
  1026.2698     88.238     88.979    32.5101     3.5045          1          1  0.000e+00
  1026.2636     88.108     88.848    32.5027     3.4998          1          1  0.000e+00
  1026.2653     87.955     88.694    32.5050     3.4946          1          1  0.000e+00
  1026.2740     87.791     88.528    32.5165     3.4906          1          1  0.000e+00
  1026.2728     87.620     88.356    32.5159     3.4903          1          1  0.000e+00
  1026.2698     87.452     88.187    32.5132     3.4904          1          1  0.000e+00
  1026.2683     87.292     88.026    32.5122     3.4902          1          1  0.000e+00
  1026.2625     87.150     87.882    32.5057     3.4895          1          1  0.000e+00
  1026.2589     87.027     87.758    32.5016     3.4874          1          1  0.000e+00
  1026.2562     86.924     87.654    32.4985     3.4842          1          1  0.000e+00
  1026.2541     86.834     87.564    32.4959     3.4806          1          1  0.000e+00
  1026.2568     86.751     87.479    32.4994     3.4769          1          1  0.000e+00
  1026.2567     86.663     87.390    32.4995     3.4745          1          1  0.000e+00
  1026.2473     86.559     87.286    32.4882     3.4726          1          1  0.000e+00
  1026.2172     86.441     87.167    32.4504     3.4683          1          1  0.000e+00
  1026.1761     86.306     87.031    32.3981     3.4552          1          1  0.000e+00
  1026.1936     86.165     86.889    32.4180     3.4311          1          1  0.000e+00
  1026.2235     86.025     86.748    32.4547     3.4152          1          1  0.000e+00
  1026.2170     85.894     86.615    32.4468     3.4119          1          1  0.000e+00
  1026.2026     85.783     86.503    32.4292     3.4100          1          1  0.000e+00
  1026.1993     85.695     86.414    32.4250     3.4051          1          1  0.000e+00
  1026.1928     85.631     86.350    32.4166     3.4000          1          1  0.000e+00
  1026.1793     85.588     86.306    32.3992     3.3938          1          1  0.000e+00
  1026.1741     85.566     86.285    32.3917     3.3850          1          1  0.000e+00
  1026.1838     85.564     86.282    32.4030     3.3767          1          1  0.000e+00
  1026.1839     85.567     86.286    32.4025     3.3722          1          1  0.000e+00
  1026.1719     85.574     86.292    32.3871     3.3688          1          1  0.000e+00
  1026.1702     85.557     86.275    32.3845     3.3641          1          1  0.000e+00
  1026.1760     85.510     86.228    32.3917     3.3605          1          1  0.000e+00
  1026.1771     85.418     86.135    32.3934     3.3592          1          1  0.000e+00
  1026.1747     85.277     85.993    32.3912     3.3589          1          1  0.000e+00
  1026.1778     85.073     85.787    32.3963     3.3587          1          1  0.000e+00
  1026.1784     84.823     85.535    32.3986     3.3594          1          1  0.000e+00
  1026.1737     84.530     85.240    32.3946     3.3609          1          1  0.000e+00
  1026.1678     84.219     84.925    32.3891     3.3613          1          1  0.000e+00
  1026.1634     83.904     84.608    32.3855     3.3612          1          1  0.000e+00
  1026.1612     83.599     84.300    32.3844     3.3606          1          1  0.000e+00
  1026.1595     83.316     84.015    32.3839     3.3601          1          1  0.000e+00
  1026.1562     83.073     83.769    32.3812     3.3600          1          1  0.000e+00
  1026.1531     82.887     83.582    32.3784     3.3597          1          1  0.000e+00
  1026.1521     82.749     83.443    32.3778     3.3592          1          1  0.000e+00
  1026.1498     82.679     83.373    32.3753     3.3585          1          1  0.000e+00
  1026.1478     82.672     83.365    32.3728     3.3576          1          1  0.000e+00
  1026.1492     82.716     83.410    32.3741     3.3567          1          1  0.000e+00
  1026.1488     82.803     83.498    32.3730     3.3560          1          1  0.000e+00
  1026.1446     82.916     83.611    32.3670     3.3555          1          1  0.000e+00
  1026.1442     83.033     83.730    32.3657     3.3542          1          1  0.000e+00
  1026.1504     83.127     83.824    32.3727     3.3529          1          1  0.000e+00
  1026.1513     83.197     83.895    32.3734     3.3526          1          1  0.000e+00
  1026.1484     83.214     83.912    32.3698     3.3530          1          1  0.000e+00
  1026.1480     83.173     83.871    32.3694     3.3525          1          1  0.000e+00
  1026.1487     83.077     83.774    32.3709     3.3525          1          1  0.000e+00
  1026.1493     82.913     83.608    32.3727     3.3531          1          1  0.000e+00
  1026.1461     82.693     83.387    32.3701     3.3543          1          1  0.000e+00
  1026.1437     82.422     83.113    32.3688     3.3550          1          1  0.000e+00
  1026.1413     82.111     82.800    32.3677     3.3553          1          1  0.000e+00
  1026.1397     81.779     82.465    32.3675     3.3551          1          1  0.000e+00
  1026.1376     81.444     82.127    32.3669     3.3548          1          1  0.000e+00
  1026.1325     81.120     81.800    32.3623     3.3544          1          1  0.000e+00
  1026.1280     80.824     81.501    32.3584     3.3535          1          1  0.000e+00
  1026.1230     80.573     81.248    32.3535     3.3526          1          1  0.000e+00
  1026.1179     80.375     81.049    32.3481     3.3521          1          1  0.000e+00
  1026.1096     80.237     80.909    32.3384     3.3511          1          1  0.000e+00
  1026.1056     80.154     80.826    32.3338     3.3501          2          2  0.000e+00
  1026.1031     80.121     80.792    32.3308     3.3490          2          2  0.000e+00
  1026.1071     80.144     80.816    32.3355     3.3480          2          2  0.000e+00
  1026.1043     80.196     80.868    32.3316     3.3474          2          2  0.000e+00
  1026.1043     80.265     80.938    32.3311     3.3472          2          2  0.000e+00
  1026.0940     80.344     81.017    32.3177     3.3469          2          2  0.000e+00
  1026.0914     80.422     81.096    32.3139     3.3461          2          2  0.000e+00
  1026.0960     80.463     81.138    32.3194     3.3454          2          2  0.000e+00
  1026.0959     80.470     81.144    32.3191     3.3452          2          2  0.000e+00
  1026.0929     80.419     81.093    32.3158     3.3449          2          2  0.000e+00
  1026.0930     80.314     80.987    32.3164     3.3450          2          2  0.000e+00
  1026.0943     80.156     80.828    32.3190     3.3454          2          2  0.000e+00
  1026.0913     79.949     80.619    32.3167     3.3463          2          2  0.000e+00
  1026.0902     79.704     80.372    32.3168     3.3468          2          2  0.000e+00
  1026.0888     79.438     80.104    32.3166     3.3473          2          2  0.000e+00
  1026.0870     79.159     79.823    32.3160     3.3474          2          2  0.000e+00
  1026.0856     78.892     79.553    32.3159     3.3472          2          2  0.000e+00
  1026.0841     78.652     79.310    32.3154     3.3471          2          2  0.000e+00
  1026.0823     78.445     79.102    32.3144     3.3469          2          2  0.000e+00
  1026.0812     78.284     78.939    32.3138     3.3466          2          2  0.000e+00
  1026.0792     78.165     78.820    32.3121     3.3464          2          2  0.000e+00
  1026.0783     78.094     78.748    32.3113     3.3460          2          2  0.000e+00
  1026.0784     78.069     78.723    32.3115     3.3455          2          2  0.000e+00
  1026.0780     78.064     78.718    32.3110     3.3452          2          2  0.000e+00
  1026.0773     78.085     78.739    32.3099     3.3449          2          2  0.000e+00
  1026.0765     78.101     78.755    32.3088     3.3446          2          2  0.000e+00
  1026.0766     78.101     78.756    32.3090     3.3442          2          2  0.000e+00
  1026.0766     78.071     78.724    32.3090     3.3440          2          2  0.000e+00
  1026.0767     77.987     78.640    32.3096     3.3439          2          2  0.000e+00
  1026.0772     77.850     78.502    32.3112     3.3440          2          2  0.000e+00
  1026.0771     77.656     78.306    32.3122     3.3447          2          2  0.000e+00
  1026.0752     77.417     78.066    32.3113     3.3456          2          2  0.000e+00
  1026.0734     77.153     77.800    32.3108     3.3463          2          2  0.000e+00
  1026.0721     76.884     77.528    32.3107     3.3468          2          2  0.000e+00
  1026.0705     76.635     77.277    32.3103     3.3469          2          2  0.000e+00
  1026.0691     76.423     77.063    32.3098     3.3470          2          2  0.000e+00
  1026.0682     76.255     76.894    32.3097     3.3468          2          2  0.000e+00
  1026.0672     76.140     76.777    32.3090     3.3467          2          2  0.000e+00
  1026.0670     76.076     76.713    32.3092     3.3462          2          2  0.000e+00
  1026.0671     76.042     76.679    32.3094     3.3460          2          2  0.000e+00
  1026.0670     76.032     76.668    32.3092     3.3457          2          2  0.000e+00
  1026.0670     76.028     76.664    32.3092     3.3453          2          2  0.000e+00
  1026.0675     76.015     76.651    32.3100     3.3448          2          2  0.000e+00
  1026.0675     75.979     76.615    32.3101     3.3444          2          2  0.000e+00
  1026.0676     75.910     76.545    32.3106     3.3442          2          2  0.000e+00
  1026.0676     75.807     76.442    32.3112     3.3443          2          2  0.000e+00
  1026.0678     75.680     76.313    32.3123     3.3447          2          2  0.000e+00
  1026.0672     75.522     76.154    32.3125     3.3455          2          2  0.000e+00
  1026.0656     75.354     75.985    32.3116     3.3463          2          2  0.000e+00
  1026.0643     75.178     75.807    32.3112     3.3470          2          2  0.000e+00
  1026.0632     75.016     75.644    32.3108     3.3475          2          2  0.000e+00
  1026.0619     74.874     75.501    32.3099     3.3477          2          2  0.000e+00
  1026.0603     74.751     75.377    32.3086     3.3475          2          2  0.000e+00
  1026.0592     74.656     75.280    32.3079     3.3471          2          2  0.000e+00
  1026.0574     74.585     75.209    32.3060     3.3468          2          2  0.000e+00
  1026.0522     74.533     75.156    32.2996     3.3463          2          2  0.000e+00
  1026.0459     74.499     75.122    32.2918     3.3454          2          2  0.000e+00
  1026.0432     74.468     75.091    32.2885     3.3440          2          2  0.000e+00
  1026.0386     74.437     75.060    32.2828     3.3431          2          2  0.000e+00
  1026.0350     74.390     75.012    32.2786     3.3434          2          2  0.000e+00
  1026.0350     74.332     74.954    32.2791     3.3446          2          2  0.000e+00
  1026.0346     74.249     74.870    32.2791     3.3457          2          2  0.000e+00
  1026.0374     74.146     74.766    32.2834     3.3467          2          2  0.000e+00
  1026.0362     74.013     74.632    32.2828     3.3479          2          2  0.000e+00
  1026.0312     73.863     74.481    32.2777     3.3497          2          2  0.000e+00
  1026.0294     73.696     74.313    32.2766     3.3519          2          2  0.000e+00
  1026.0242     73.516     74.131    32.2713     3.3531          2          2  0.000e+00
  1026.0188     73.330     73.944    32.2657     3.3542          2          2  0.000e+00
  1026.0151     73.138     73.750    32.2625     3.3559          2          2  0.000e+00
  1026.0118     72.947     73.557    32.2596     3.3576          2          2  0.000e+00
  1026.0076     72.758     73.366    32.2557     3.3589          2          2  0.000e+00
  1026.0047     72.574     73.181    32.2532     3.3601          2          2  0.000e+00
  1026.0010     72.398     73.004    32.2497     3.3614          2          2  0.000e+00
  1025.9983     72.243     72.847    32.2475     3.3626          2          2  0.000e+00
  1025.9947     72.105     72.708    32.2438     3.3635          2          2  0.000e+00
  1025.9926     71.988     72.590    32.2419     3.3639          2          2  0.000e+00
  1025.9892     71.893     72.494    32.2382     3.3642          2          2  0.000e+00
  1025.9804     71.812     72.413    32.2277     3.3641          2          2  0.000e+00
  1025.9721     71.745     72.345    32.2174     3.3625          2          2  0.000e+00
  1025.9668     71.687     72.286    32.2108     3.3592          2          2  0.000e+00
  1025.9596     71.633     72.232    32.2016     3.3552          2          2  0.000e+00
  1025.9641     71.580     72.178    32.2070     3.3505          2          2  0.000e+00
  1025.9632     71.513     72.111    32.2060     3.3476          2          2  0.000e+00
  1025.9621     71.422     72.019    32.2049     3.3458          2          2  0.000e+00
  1025.9657     71.305     71.901    32.2100     3.3444          2          2  0.000e+00
  1025.9643     71.169     71.764    32.2090     3.3446          2          2  0.000e+00
  1025.9623     71.003     71.597    32.2075     3.3451          2          2  0.000e+00
  1025.9459     70.837     71.429    32.1879     3.3449          2          2  0.000e+00
  1025.9409     70.669     71.260    32.1824     3.3417          2          2  0.000e+00
  1025.9358     70.522     71.111    32.1763     3.3374          2          2  0.000e+00
  1025.9321     70.390     70.979    32.1719     3.3329          2          2  0.000e+00
  1025.9282     70.290     70.877    32.1670     3.3285          2          2  0.000e+00
  1025.9221     70.216     70.802    32.1594     3.3237          2          2  0.000e+00
  1025.9203     70.166     70.752    32.1567     3.3181          2          2  0.000e+00
  1025.9182     70.121     70.707    32.1537     3.3127          2          2  0.000e+00
  1025.9205     70.075     70.660    32.1564     3.3075          2          2  0.000e+00
  1025.9189     70.013     70.598    32.1543     3.3035          2          2  0.000e+00
  1025.9199     69.932     70.517    32.1555     3.3001          2          2  0.000e+00
  1025.9232     69.833     70.416    32.1601     3.2975          2          2  0.000e+00
  1025.9275     69.703     70.286    32.1661     3.2966          2          2  0.000e+00
  1025.9272     69.553     70.134    32.1668     3.2978          2          2  0.000e+00
  1025.9213     69.391     69.970    32.1604     3.2993          2          2  0.000e+00
  1025.9186     69.221     69.799    32.1581     3.2994          2          2  0.000e+00
