data/eDNA/PER-2021-171/171b016.cnv
* Sea-Bird SBE19plus  Data File:
* FileName = C:\Users\RSG_field\Ryan_2021_Perley\CTD\171b016.hex
* Software version 2.3.0 SB_Terminal.dll
* Temperature SN = 7141
* Conductivity SN = 7141
* System UpLoad Time = Aug 13 2021 10:37:26
* <ApplicationData>
* <SeatermAF>
** Platform: M. Perley
** Cruise: Per2021171
** Station:  ESI_04
** Cast: 01 2
** Latitude: N  44 45.212
** Longitude: W 62 5.966
** Sounding: 103
** Chief Scientist: Ryan Stanley
** Comment: 171b016
** edna and water chem (80m)
# nquan = 8
# nvalues = 3189                                  
# units = specified
# name 0 = density00: Density [density, kg/m^3]
# name 1 = depSM: Depth [salt water, m], lat = 45.00
# name 2 = prdM: Pressure, Strain Gauge [db]
# name 3 = sal00: Salinity, Practical [PSU]
# name 4 = tv290C: Temperature [ITS-90, deg C]
# name 5 = bpos: Bottle Position in Carousel
# name 6 = nbf: Bottles Fired
# name 7 = flag:  0.000e+00
# span 0 =   998.6830,  1026.3895                 
# span 1 =     -0.073,     96.365                 
# span 2 =     -0.073,     97.176                 
# span 3 =     0.0087,    32.6378                 
# span 4 =     3.1949,    18.5129                 
# span 5 =          0,          3                 
# span 6 =          0,          3                 
# span 7 = 0.0000e+00, 0.0000e+00                 
# interval = seconds: 0.25
# start_time = Aug 13 2021 13:21:40 [Instrument's time stamp, header]
# bad_flag = -9.990e-29
*END*
[from data line 720]
  1021.7821      1.438      1.450    30.5841    18.4875          0          0  0.000e+00
  1021.7876      1.576      1.589    30.5910    18.4886          0          0  0.000e+00
  1021.7864      1.723      1.737    30.5900    18.4934          0          0  0.000e+00
  1021.7838      1.858      1.873    30.5875    18.4985          0          0  0.000e+00
  1021.7845      1.981      1.997    30.5889    18.5023          0          0  0.000e+00
  1021.7824      2.081      2.098    30.5870    18.5067          0          0  0.000e+00
  1021.7802      2.141      2.158    30.5848    18.5099          0          0  0.000e+00
  1021.7781      2.151      2.169    30.5826    18.5122          0          0  0.000e+00
  1021.7766      2.113      2.131    30.5812    18.5129          0          0  0.000e+00
  1021.7744      2.009      2.026    30.5788    18.5129          0          0  0.000e+00
  1021.7738      1.863      1.878    30.5784    18.5113          0          0  0.000e+00
  1021.7730      1.697      1.711    30.5776    18.5091          0          0  0.000e+00
  1021.7721      1.513      1.526    30.5767    18.5064          0          0  0.000e+00
  1021.7725      1.328      1.339    30.5773    18.5032          0          0  0.000e+00
  1021.7735      1.171      1.180    30.5784    18.5001          0          0  0.000e+00
  1021.7742      1.071      1.080    30.5792    18.4978          0          0  0.000e+00
  1021.7752      1.040      1.049    30.5801    18.4958          0          0  0.000e+00
  1021.7764      1.065      1.074    30.5811    18.4943          0          0  0.000e+00
  1021.7769      1.139      1.148    30.5810    18.4934          0          0  0.000e+00
  1021.7778      1.232      1.242    30.5815    18.4930          0          0  0.000e+00
  1021.7780      1.329      1.340    30.5810    18.4923          0          0  0.000e+00
  1021.7790      1.425      1.437    30.5814    18.4915          0          0  0.000e+00
  1021.7865      1.515      1.528    30.5908    18.4916          0          0  0.000e+00
  1021.7864      1.597      1.610    30.5916    18.4961          0          0  0.000e+00
  1021.7817      1.669      1.683    30.5870    18.5021          0          0  0.000e+00
  1021.7799      1.732      1.746    30.5853    18.5055          0          0  0.000e+00
  1021.7771      1.785      1.799    30.5821    18.5078          0          0  0.000e+00
  1021.7768      1.817      1.832    30.5817    18.5084          0          0  0.000e+00
  1021.7769      1.838      1.853    30.5815    18.5080          0          0  0.000e+00
  1021.7768      1.856      1.871    30.5813    18.5078          0          0  0.000e+00
  1021.7769      1.861      1.876    30.5812    18.5075          0          0  0.000e+00
  1021.7764      1.852      1.868    30.5805    18.5071          0          0  0.000e+00
  1021.7763      1.849      1.864    30.5802    18.5064          0          0  0.000e+00
  1021.7774      1.840      1.855    30.5813    18.5053          0          0  0.000e+00
  1021.7767      1.808      1.823    30.5804    18.5047          0          0  0.000e+00
  1021.7760      1.758      1.772    30.5795    18.5038          0          0  0.000e+00
  1021.7742      1.707      1.721    30.5768    18.5020          0          0  0.000e+00
  1021.7761      1.668      1.682    30.5787    18.4991          0          0  0.000e+00
  1021.7796      1.655      1.669    30.5826    18.4969          0          0  0.000e+00
  1021.7815      1.691      1.705    30.5849    18.4968          0          0  0.000e+00
  1021.7814      1.774      1.788    30.5847    18.4985          0          0  0.000e+00
  1021.7831      1.911      1.926    30.5868    18.5005          0          0  0.000e+00
  1021.7810      2.091      2.108    30.5840    18.5034          0          0  0.000e+00
  1021.7796      2.300      2.319    30.5814    18.5049          0          0  0.000e+00
  1021.7794      2.519      2.540    30.5798    18.5047          0          0  0.000e+00
  1021.7798      2.730      2.752    30.5786    18.5034          0          0  0.000e+00
  1021.7822      2.912      2.936    30.5801    18.5013          0          0  0.000e+00
  1021.7851      3.060      3.085    30.5827    18.5003          0          0  0.000e+00
  1021.7850      3.160      3.186    30.5820    18.5005          0          0  0.000e+00
  1021.7848      3.221      3.247    30.5815    18.5006          0          0  0.000e+00
  1021.7854      3.245      3.272    30.5820    18.5003          0          0  0.000e+00
  1021.7847      3.244      3.271    30.5811    18.5002          0          0  0.000e+00
  1021.7842      3.229      3.256    30.5803    18.4996          0          0  0.000e+00
  1021.7845      3.213      3.240    30.5806    18.4987          0          0  0.000e+00
  1021.7848      3.204      3.230    30.5808    18.4980          0          0  0.000e+00
  1021.7846      3.217      3.243    30.5801    18.4970          0          0  0.000e+00
  1021.7840      3.256      3.282    30.5787    18.4958          0          0  0.000e+00
  1021.7851      3.335      3.363    30.5791    18.4942          0          0  0.000e+00
  1021.7897      3.456      3.484    30.5841    18.4928          0          0  0.000e+00
  1021.7909      3.608      3.637    30.5849    18.4935          0          0  0.000e+00
  1021.7905      3.783      3.814    30.5839    18.4951          0          0  0.000e+00
  1021.7904      3.976      4.008    30.5831    18.4965          0          0  0.000e+00
  1021.7908      4.186      4.221    30.5826    18.4972          0          0  0.000e+00
  1021.7919      4.392      4.428    30.5830    18.4974          0          0  0.000e+00
  1021.7917      4.596      4.633    30.5816    18.4980          0          0  0.000e+00
  1021.7853      4.794      4.833    30.5720    18.4976          0          0  0.000e+00
  1021.7900      4.976      5.017    30.5757    18.4930          0          0  0.000e+00
  1021.7958      5.140      5.183    30.5810    18.4890          0          0  0.000e+00
  1021.7983      5.279      5.323    30.5832    18.4881          0          0  0.000e+00
  1021.7988      5.393      5.437    30.5834    18.4888          0          0  0.000e+00
  1021.7983      5.476      5.521    30.5826    18.4899          0          0  0.000e+00
  1021.7979      5.526      5.572    30.5819    18.4903          0          0  0.000e+00
  1021.7975      5.559      5.605    30.5811    18.4903          0          0  0.000e+00
  1021.7973      5.580      5.626    30.5807    18.4899          0          0  0.000e+00
  1021.7972      5.599      5.645    30.5803    18.4894          0          0  0.000e+00
  1021.7978      5.622      5.668    30.5807    18.4886          0          0  0.000e+00
  1021.7984      5.655      5.701    30.5811    18.4879          0          0  0.000e+00
  1021.7986      5.708      5.754    30.5810    18.4877          0          0  0.000e+00
  1021.7990      5.779      5.826    30.5809    18.4872          0          0  0.000e+00
  1021.7962      5.881      5.930    30.5763    18.4865          0          0  0.000e+00
  1021.7951      6.003      6.052    30.5733    18.4837          0          0  0.000e+00
  1021.7970      6.140      6.190    30.5736    18.4792          0          0  0.000e+00
  1021.8001      6.281      6.332    30.5755    18.4747          0          0  0.000e+00
  1021.8041      6.420      6.472    30.5788    18.4714          0          0  0.000e+00
  1021.8067      6.560      6.614    30.5809    18.4700          0          0  0.000e+00
  1021.8079      6.701      6.756    30.5815    18.4696          0          0  0.000e+00
  1021.8068      6.847      6.903    30.5794    18.4701          0          0  0.000e+00
  1021.8079      6.994      7.052    30.5797    18.4693          0          0  0.000e+00
  1021.8083      7.151      7.210    30.5791    18.4687          0          0  0.000e+00
  1021.8113      7.314      7.374    30.5818    18.4679          0          0  0.000e+00
  1021.8039      7.490      7.552    30.5712    18.4680          0          0  0.000e+00
  1021.8007      7.676      7.739    30.5646    18.4636          0          0  0.000e+00
  1021.8045      7.861      7.926    30.5658    18.4556          0          0  0.000e+00
  1021.8107      8.044      8.110    30.5706    18.4481          0          0  0.000e+00
  1021.8099      8.206      8.273    30.5668    18.4427          0          0  0.000e+00
  1021.7888      8.343      8.411    30.5361    18.4355          0          0  0.000e+00
  1021.7933      8.448      8.517    30.5351    18.4158          0          0  0.000e+00
  1021.8072      8.517      8.587    30.5456    18.3931          0          0  0.000e+00
  1021.8259      8.555      8.625    30.5647    18.3768          0          0  0.000e+00
  1021.8237      8.566      8.637    30.5597    18.3702          0          0  0.000e+00
  1021.8338      8.561      8.631    30.5711    18.3642          0          0  0.000e+00
  1021.8354      8.551      8.622    30.5730    18.3633          0          0  0.000e+00
  1021.8308      8.548      8.618    30.5673    18.3643          0          0  0.000e+00
  1021.8315      8.566      8.637    30.5675    18.3623          0          0  0.000e+00
  1021.8274      8.619      8.690    30.5612    18.3603          0          0  0.000e+00
  1021.8125      8.710      8.782    30.5393    18.3548          0          0  0.000e+00
  1021.8106      8.847      8.920    30.5312    18.3393          0          0  0.000e+00
  1021.8189      9.006      9.080    30.5347    18.3192          0          0  0.000e+00
  1021.8419      9.194      9.269    30.5581    18.3014          0          0  0.000e+00
  1021.8685      9.393      9.470    30.5898    18.2952          0          0  0.000e+00
  1021.8286      9.593      9.672    30.5388    18.3027          0          0  0.000e+00
  1021.8314      9.784      9.864    30.5380    18.2924          0          0  0.000e+00
  1021.8132      9.970     10.052    30.5081    18.2765          0          0  0.000e+00
  1021.8247     10.139     10.223    30.5126    18.2462          0          0  0.000e+00
  1021.8552     10.292     10.376    30.5394    18.2074          0          0  0.000e+00
  1021.8960     10.432     10.517    30.5808    18.1722          0          0  0.000e+00
  1021.9272     10.560     10.647    30.6106    18.1393          0          0  0.000e+00
  1021.9617     10.678     10.765    30.6412    18.0953          0          0  0.000e+00
  1021.9974     10.798     10.886    30.6722    18.0475          0          0  0.000e+00
  1022.0278     10.919     11.009    30.6968    18.0017          0          0  0.000e+00
  1022.0531     11.047     11.137    30.7177    17.9651          0          0  0.000e+00
  1022.0656     11.187     11.278    30.7242    17.9359          0          0  0.000e+00
  1022.0946     11.332     11.425    30.7492    17.8972          0          0  0.000e+00
  1022.1257     11.471     11.565    30.7781    17.8623          0          0  0.000e+00
  1022.1377     11.601     11.696    30.7884    17.8474          0          0  0.000e+00
  1022.1416     11.711     11.807    30.7909    17.8410          0          0  0.000e+00
  1022.1531     11.796     11.893    30.8015    17.8286          0          0  0.000e+00
  1022.1689     11.856     11.954    30.8171    17.8134          0          0  0.000e+00
  1022.1987     11.895     11.992    30.8454    17.7798          0          0  0.000e+00
  1022.2322     11.909     12.007    30.8771    17.7410          0          0  0.000e+00
  1022.2613     11.905     12.003    30.9041    17.7055          0          0  0.000e+00
  1022.2821     11.892     11.990    30.9235    17.6801          0          0  0.000e+00
  1022.2923     11.882     11.979    30.9329    17.6672          0          0  0.000e+00
  1022.3012     11.885     11.983    30.9407    17.6548          0          0  0.000e+00
  1022.3101     11.921     12.019    30.9487    17.6436          0          0  0.000e+00
  1022.3171     12.001     12.099    30.9550    17.6360          0          0  0.000e+00
  1022.3234     12.128     12.227    30.9606    17.6301          0          0  0.000e+00
  1022.3303     12.312     12.413    30.9669    17.6249          0          0  0.000e+00
  1022.3491     12.547     12.650    30.9888    17.6204          0          0  0.000e+00
  1022.3654     12.797     12.902    31.0083    17.6193          0          0  0.000e+00
  1022.3919     13.065     13.172    31.0382    17.6091          0          0  0.000e+00
  1022.4292     13.320     13.430    31.0729    17.5684          0          0  0.000e+00
  1022.4734     13.557     13.668    31.1125    17.5141          0          0  0.000e+00
  1022.5112     13.762     13.875    31.1443    17.4608          0          0  0.000e+00
  1022.5445     13.917     14.031    31.1722    17.4133          0          0  0.000e+00
  1022.5697     14.014     14.129    31.1929    17.3751          0          0  0.000e+00
  1022.5965     14.062     14.178    31.2183    17.3449          0          0  0.000e+00
  1022.6125     14.082     14.198    31.2349    17.3310          0          0  0.000e+00
  1022.6069     14.089     14.205    31.2272    17.3296          0          0  0.000e+00
  1022.6155     14.086     14.201    31.2360    17.3218          0          0  0.000e+00
  1022.6219     14.091     14.207    31.2437    17.3198          0          0  0.000e+00
  1022.6116     14.116     14.232    31.2338    17.3320          0          0  0.000e+00
  1022.5924     14.175     14.291    31.2115    17.3422          0          0  0.000e+00
  1022.6001     14.267     14.384    31.2163    17.3266          0          0  0.000e+00
  1022.6180     14.395     14.513    31.2309    17.3002          0          0  0.000e+00
  1022.6141     14.550     14.670    31.2165    17.2732          0          0  0.000e+00
  1022.6007     14.721     14.842    31.1849    17.2300          0          0  0.000e+00
  1022.6056     14.900     15.022    31.1678    17.1561          0          0  0.000e+00
  1022.6250     15.080     15.204    31.1634    17.0617          0          0  0.000e+00
  1022.6479     15.247     15.373    31.1602    16.9559          0          0  0.000e+00
  1022.6965     15.397     15.523    31.1870    16.8368          0          0  0.000e+00
  1022.7809     15.527     15.655    31.2605    16.7169          0          0  0.000e+00
  1022.8540     15.632     15.761    31.3276    16.6245          0          0  0.000e+00
  1022.9168     15.718     15.847    31.3890    16.5571          0          0  0.000e+00
  1022.9824     15.795     15.925    31.4616    16.5151          0          0  0.000e+00
  1023.0197     15.869     15.999    31.5009    16.4853          0          0  0.000e+00
  1023.0349     15.943     16.074    31.5135    16.4621          0          0  0.000e+00
  1023.0420     16.032     16.164    31.5163    16.4423          0          0  0.000e+00
  1023.0338     16.136     16.268    31.4984    16.4202          0          0  0.000e+00
  1023.0309     16.253     16.387    31.4841    16.3867          0          0  0.000e+00
  1023.0401     16.390     16.525    31.4819    16.3413          0          0  0.000e+00
  1023.0099     16.536     16.672    31.4257    16.2868          0          0  0.000e+00
  1022.9066     16.688     16.825    31.2626    16.1928          0          0  0.000e+00
  1022.9513     16.829     16.967    31.2689    16.0174          0          0  0.000e+00
  1023.0408     16.957     17.097    31.3305    15.8295          0          0  0.000e+00
  1023.1071     17.069     17.209    31.3718    15.6747          0          0  0.000e+00
  1023.1481     17.173     17.315    31.3888    15.5496          0          0  0.000e+00
  1023.1739     17.264     17.406    31.3912    15.4417          0          0  0.000e+00
