data/eDNA/PER-2021-171/171b026.cnv
* Sea-Bird SBE19plus  Data File:
* FileName = C:\Users\RSG_field\Ryan_2021_Perley\CTD\171b026.hex
* Software version 2.3.0 SB_Terminal.dll
* Temperature SN = 7141
* Conductivity SN = 7141
* System UpLoad Time = Aug 18 2021 12:46:10
* <ApplicationData>
* <SeatermAF>
** Platform: M. Perley
** Cruise: Per2021171
** Station:  SAB_02
** Cast: 01 2
** Latitude: N  45 50.515
** Longitude: W 60 07.869
** Sounding: 24.2
** Chief Scientist: Ryan Stanley
** Comment: 171b026
# nquan = 8
# nvalues = 1989                                  
# units = specified
# name 0 = density00: Density [density, kg/m^3]
# name 1 = depSM: Depth [salt water, m], lat = 45.00
# name 2 = prdM: Pressure, Strain Gauge [db]
# name 3 = sal00: Salinity, Practical [PSU]
# name 4 = tv290C: Temperature [ITS-90, deg C]
# name 5 = bpos: Bottle Position in Carousel
# name 6 = nbf: Bottles Fired
# name 7 = flag:  0.000e+00
# span 0 =   998.9199,  1024.4238                 
# span 1 =     -0.005,     24.927                 
# span 2 =     -0.005,     25.133                 
# span 3 =     0.0082,    31.0286                 
# span 4 =     6.8747,    18.3266                 
# span 5 =          0,          3                 
# span 6 =          0,          3                 
# span 7 = 0.0000e+00, 0.0000e+00                 
# interval = seconds: 0.25
# start_time = Aug 18 2021 15:35:04 [Instrument's time stamp, header]
# bad_flag = -9.990e-29
*END*
   998.9746     -0.002     -0.002     0.0082    15.8520          0          0  0.000e+00
   998.9748      0.001      0.001     0.0082    15.8512          0          0  0.000e+00
   998.9749     -0.001     -0.001     0.0082    15.8502          0          0  0.000e+00
   998.9751     -0.002     -0.002     0.0082    15.8488          0          0  0.000e+00
   998.9753     -0.001     -0.001     0.0082    15.8478          0          0  0.000e+00
   998.9753     -0.002     -0.002     0.0082    15.8474          0          0  0.000e+00
   998.9753     -0.002     -0.002     0.0082    15.8478          0          0  0.000e+00
   998.9754     -0.003     -0.003     0.0082    15.8469          0          0  0.000e+00
   998.9757     -0.002     -0.002     0.0083    15.8457          0          0  0.000e+00
   998.9759     -0.002     -0.002     0.0083    15.8446          0          0  0.000e+00
   998.9760     -0.003     -0.003     0.0082    15.8434          0          0  0.000e+00
   998.9761     -0.003     -0.003     0.0082    15.8424          0          0  0.000e+00
   998.9763     -0.001     -0.001     0.0083    15.8418          0          0  0.000e+00
   998.9764     -0.002     -0.002     0.0083    15.8416          0          0  0.000e+00
   998.9760     -0.004     -0.004     0.0082    15.8434          0          0  0.000e+00
  1000.0465     -0.003     -0.003     1.3969    15.8462          0          0  0.000e+00
  1000.1811     -0.003     -0.003     1.5725    15.8489          0          0  0.000e+00
  1000.5791     -0.001     -0.001     2.0913    15.8539          0          0  0.000e+00
  1000.6018      0.000      0.001     2.1234    15.8655          0          0  0.000e+00
  1000.4534     -0.003     -0.003     1.9352    15.8885          0          0  0.000e+00
  1000.1616     -0.003     -0.003     1.5628    15.9227          0          0  0.000e+00
   999.8798     -0.002     -0.002     1.2057    15.9663          0          0  0.000e+00
   999.8044     -0.001     -0.001     1.1177    16.0127          0          0  0.000e+00
   999.7366     -0.001     -0.001     1.0391    16.0573          0          0  0.000e+00
   999.6775     -0.001     -0.001     0.9706    16.0956          0          0  0.000e+00
   999.6299     -0.002     -0.002     0.9156    16.1273          0          0  0.000e+00
   999.5201     -0.002     -0.002     0.7786    16.1531          0          0  0.000e+00
   999.4325      0.002      0.002     0.6691    16.1732          0          0  0.000e+00
   999.3203     -0.001     -0.001     0.5270    16.1895          0          0  0.000e+00
   999.2365      0.000      0.000     0.4203    16.1989          0          0  0.000e+00
   999.2335     -0.001     -0.001     0.4176    16.2044          0          0  0.000e+00
   999.2250     -0.001     -0.001     0.4072    16.2071          0          0  0.000e+00
   999.1979     -0.001     -0.001     0.3723    16.2083          0          0  0.000e+00
   999.1613     -0.002     -0.002     0.3248    16.2080          0          0  0.000e+00
   999.1191     -0.002     -0.002     0.2700    16.2074          0          0  0.000e+00
   999.0899     -0.003     -0.003     0.2320    16.2064          0          0  0.000e+00
   999.0704     -0.003     -0.003     0.2063    16.2044          0          0  0.000e+00
   999.0510      0.000      0.000     0.1807    16.2022          0          0  0.000e+00
   999.0344     -0.003     -0.003     0.1589    16.2003          0          0  0.000e+00
   999.0211     -0.002     -0.002     0.1411    16.1982          0          0  0.000e+00
   999.0098     -0.003     -0.003     0.1260    16.1960          0          0  0.000e+00
   998.9977     -0.003     -0.003     0.1104    16.1957          0          0  0.000e+00
   998.9673     -0.003     -0.003     0.0710    16.1952          0          0  0.000e+00
   998.9323     -0.001     -0.001     0.0253    16.1936          0          0  0.000e+00
   998.9199     -0.002     -0.002     0.0091    16.1928          0          0  0.000e+00
   998.9201      0.000      0.000     0.0091    16.1911          0          0  0.000e+00
   999.2577     -0.004     -0.004     0.4455    16.1880          0          0  0.000e+00
  1000.1600     -0.002     -0.002     1.6176    16.1849          0          0  0.000e+00
   999.5809     -0.003     -0.003     0.8635    16.1813          0          0  0.000e+00
   999.3267     -0.004     -0.004     0.5339    16.1827          0          0  0.000e+00
   999.1667     -0.005     -0.005     0.3289    16.1944          0          0  0.000e+00
   999.1006     -0.005     -0.005     0.2479    16.2157          0          0  0.000e+00
   999.0558     -0.004     -0.004     0.1958    16.2432          0          0  0.000e+00
   999.0340     -0.003     -0.003     0.1730    16.2688          0          0  0.000e+00
   999.0181     -0.002     -0.002     0.1555    16.2834          0          0  0.000e+00
   999.0020     -0.003     -0.003     0.1386    16.3016          0          0  0.000e+00
   998.9958     -0.004     -0.004     0.1364    16.3287          0          0  0.000e+00
   998.9842     -0.002     -0.002     0.1257    16.3488          0          0  0.000e+00
   998.9770     -0.002     -0.002     0.1179    16.3559          0          0  0.000e+00
  1006.9664      0.085      0.086    10.5597    16.3627          0          0  0.000e+00
  1021.8703      0.363      0.366    30.1574    16.7051          0          0  0.000e+00
  1021.6952      0.628      0.633    30.1244    17.3620          0          0  0.000e+00
  1021.3799      0.861      0.868    29.8458    17.8025          0          0  0.000e+00
  1021.1957      1.089      1.098    29.6797    18.0482          0          0  0.000e+00
  1021.1045      1.338      1.349    29.5993    18.1778          0          0  0.000e+00
  1021.0671      1.593      1.606    29.5706    18.2467          0          0  0.000e+00
  1021.0374      1.835      1.850    29.5406    18.2800          0          0  0.000e+00
  1021.0067      2.047      2.064    29.5043    18.2959          0          0  0.000e+00
  1021.0132      2.166      2.184    29.5129    18.2987          0          0  0.000e+00
  1021.0372      2.204      2.222    29.5334    18.2648          0          0  0.000e+00
  1020.9899      2.198      2.216    29.4609    18.2309          0          0  0.000e+00
  1021.0479      2.196      2.214    29.5316    18.2142          0          0  0.000e+00
  1021.0508      2.197      2.215    29.5333    18.2076          0          0  0.000e+00
  1021.0364      2.196      2.214    29.5167    18.2147          0          0  0.000e+00
  1021.0228      2.194      2.211    29.5014    18.2227          0          0  0.000e+00
  1021.0244      2.198      2.216    29.5063    18.2314          0          0  0.000e+00
  1021.0283      2.201      2.219    29.5150    18.2434          0          0  0.000e+00
  1021.0306      2.206      2.224    29.5210    18.2529          0          0  0.000e+00
  1021.0331      2.207      2.225    29.5251    18.2552          0          0  0.000e+00
  1021.0343      2.204      2.222    29.5267    18.2555          0          0  0.000e+00
  1021.0348      2.201      2.219    29.5278    18.2567          0          0  0.000e+00
  1021.0346      2.196      2.214    29.5282    18.2586          0          0  0.000e+00
  1021.0348      2.191      2.209    29.5291    18.2605          0          0  0.000e+00
  1021.0332      2.186      2.204    29.5277    18.2627          0          0  0.000e+00
  1021.0309      2.180      2.198    29.5258    18.2661          0          0  0.000e+00
  1021.0304      2.168      2.186    29.5263    18.2698          0          0  0.000e+00
  1021.0315      2.161      2.178    29.5284    18.2719          0          0  0.000e+00
  1021.0282      2.162      2.179    29.5243    18.2726          0          0  0.000e+00
  1021.0207      2.163      2.180    29.5146    18.2729          0          0  0.000e+00
  1021.0114      2.169      2.187    29.5024    18.2727          0          0  0.000e+00
  1021.0022      2.178      2.195    29.4896    18.2707          0          0  0.000e+00
  1020.9887      2.181      2.199    29.4715    18.2696          0          0  0.000e+00
  1020.9977      2.181      2.199    29.4841    18.2717          0          0  0.000e+00
  1021.0077      2.186      2.204    29.4983    18.2757          0          0  0.000e+00
  1021.0093      2.194      2.211    29.5016    18.2798          0          0  0.000e+00
  1021.0115      2.196      2.214    29.5047    18.2803          0          0  0.000e+00
  1021.0124      2.203      2.221    29.5054    18.2791          0          0  0.000e+00
  1021.0096      2.205      2.223    29.5017    18.2791          0          0  0.000e+00
  1021.0073      2.203      2.221    29.4993    18.2807          0          0  0.000e+00
  1021.0082      2.205      2.223    29.5016    18.2843          0          0  0.000e+00
  1021.0086      2.200      2.218    29.5035    18.2886          0          0  0.000e+00
  1021.0072      2.195      2.213    29.5027    18.2917          0          0  0.000e+00
  1021.0056      2.191      2.209    29.5009    18.2928          0          0  0.000e+00
  1021.0029      2.187      2.205    29.4977    18.2936          0          0  0.000e+00
  1021.0019      2.184      2.202    29.4967    18.2944          0          0  0.000e+00
  1021.0038      2.181      2.199    29.4994    18.2954          0          0  0.000e+00
  1021.0043      2.178      2.195    29.5004    18.2964          0          0  0.000e+00
  1021.0032      2.173      2.191    29.4992    18.2968          0          0  0.000e+00
  1021.0016      2.173      2.191    29.4970    18.2968          0          0  0.000e+00
  1020.9993      2.167      2.185    29.4938    18.2961          0          0  0.000e+00
  1020.9989      2.162      2.179    29.4933    18.2961          0          0  0.000e+00
  1021.0005      2.161      2.178    29.4956    18.2965          0          0  0.000e+00
  1021.0018      2.159      2.176    29.4975    18.2972          0          0  0.000e+00
  1021.0021      2.156      2.174    29.4978    18.2968          0          0  0.000e+00
  1021.0035      2.159      2.176    29.4988    18.2942          0          0  0.000e+00
  1021.0050      2.159      2.176    29.4997    18.2908          0          0  0.000e+00
  1021.0064      2.160      2.177    29.5007    18.2883          0          0  0.000e+00
  1021.0070      2.162      2.179    29.5012    18.2871          0          0  0.000e+00
  1021.0054      2.167      2.185    29.4991    18.2873          0          0  0.000e+00
  1021.0027      2.167      2.185    29.4956    18.2873          0          0  0.000e+00
  1021.0001      2.168      2.186    29.4919    18.2865          0          0  0.000e+00
  1020.9973      2.167      2.185    29.4881    18.2861          0          0  0.000e+00
  1020.9972      2.167      2.185    29.4881    18.2868          0          0  0.000e+00
  1020.9996      2.167      2.185    29.4918    18.2885          0          0  0.000e+00
  1021.0013      2.169      2.187    29.4945    18.2898          0          0  0.000e+00
  1020.9997      2.173      2.191    29.4927    18.2910          0          0  0.000e+00
  1020.9963      2.178      2.195    29.4882    18.2910          0          0  0.000e+00
  1020.9930      2.180      2.198    29.4835    18.2895          0          0  0.000e+00
  1020.9905      2.181      2.199    29.4792    18.2863          0          0  0.000e+00
  1020.9854      2.182      2.200    29.4716    18.2836          0          0  0.000e+00
  1020.9838      2.179      2.197    29.4693    18.2828          0          0  0.000e+00
  1020.9893      2.179      2.197    29.4768    18.2838          0          0  0.000e+00
  1020.9946      2.178      2.195    29.4842    18.2852          0          0  0.000e+00
  1020.9957      2.183      2.201    29.4862    18.2868          0          0  0.000e+00
  1020.9949      2.190      2.208    29.4853    18.2878          0          0  0.000e+00
  1020.9925      2.192      2.210    29.4823    18.2881          0          0  0.000e+00
  1020.9889      2.197      2.215    29.4773    18.2873          0          0  0.000e+00
  1020.9869      2.192      2.210    29.4740    18.2850          0          0  0.000e+00
  1020.9857      2.188      2.206    29.4714    18.2815          0          0  0.000e+00
  1020.9822      2.186      2.204    29.4661    18.2792          0          0  0.000e+00
  1020.9825      2.184      2.202    29.4663    18.2790          0          0  0.000e+00
  1020.9814      2.182      2.200    29.4652    18.2798          0          0  0.000e+00
  1020.9800      2.180      2.198    29.4634    18.2798          0          0  0.000e+00
  1020.9784      2.178      2.195    29.4609    18.2786          0          0  0.000e+00
  1020.9779      2.174      2.192    29.4597    18.2764          0          0  0.000e+00
  1020.9783      2.171      2.189    29.4592    18.2734          0          0  0.000e+00
  1020.9773      2.169      2.187    29.4570    18.2706          0          0  0.000e+00
  1020.9747      2.167      2.185    29.4531    18.2689          0          0  0.000e+00
  1020.9731      2.162      2.179    29.4504    18.2669          0          0  0.000e+00
  1020.9719      2.165      2.183    29.4482    18.2648          0          0  0.000e+00
  1020.9708      2.166      2.184    29.4461    18.2629          0          0  0.000e+00
  1020.9695      2.164      2.182    29.4440    18.2614          0          0  0.000e+00
  1020.9670      2.168      2.186    29.4404    18.2604          0          0  0.000e+00
  1020.9633      2.168      2.186    29.4351    18.2592          0          0  0.000e+00
  1020.9611      2.168      2.186    29.4316    18.2571          0          0  0.000e+00
  1020.9619      2.169      2.187    29.4316    18.2541          0          0  0.000e+00
  1020.9638      2.173      2.191    29.4333    18.2511          0          0  0.000e+00
  1020.9648      2.176      2.193    29.4339    18.2492          0          0  0.000e+00
  1020.9642      2.180      2.198    29.4329    18.2486          0          0  0.000e+00
  1020.9629      2.186      2.204    29.4310    18.2482          0          0  0.000e+00
  1020.9602      2.187      2.205    29.4273    18.2478          0          0  0.000e+00
  1020.9563      2.188      2.206    29.4217    18.2464          0          0  0.000e+00
  1020.9519      2.187      2.205    29.4151    18.2435          0          0  0.000e+00
  1020.9502      2.184      2.202    29.4115    18.2390          0          0  0.000e+00
  1020.9514      2.179      2.197    29.4115    18.2336          0          0  0.000e+00
  1020.9530      2.176      2.193    29.4120    18.2287          0          0  0.000e+00
  1020.9528      2.176      2.193    29.4105    18.2250          0          0  0.000e+00
  1020.9521      2.177      2.194    29.4086    18.2215          0          0  0.000e+00
  1020.9528      2.176      2.193    29.4083    18.2176          0          0  0.000e+00
  1020.9543      2.177      2.194    29.4088    18.2133          0          0  0.000e+00
  1020.9573      2.171      2.189    29.4114    18.2088          0          0  0.000e+00
  1020.9599      2.171      2.189    29.4136    18.2048          0          0  0.000e+00
  1020.9594      2.168      2.186    29.4120    18.2018          0          0  0.000e+00
  1020.9566      2.172      2.190    29.4076    18.1996          0          0  0.000e+00
  1020.9569      2.172      2.190    29.4070    18.1963          0          0  0.000e+00
  1020.9588      2.178      2.195    29.4084    18.1931          0          0  0.000e+00
  1020.9593      2.181      2.199    29.4081    18.1903          0          0  0.000e+00
  1020.9589      2.181      2.199    29.4069    18.1879          0          0  0.000e+00
  1020.9605      2.183      2.201    29.4079    18.1845          0          0  0.000e+00
