data/eDNA/PER-2021-171/171b027.cnv
* Sea-Bird SBE19plus  Data File:
* FileName = C:\Users\RSG_field\Ryan_2021_Perley\CTD\171b027.hex
* Software version 2.3.0 SB_Terminal.dll
* Temperature SN = 7141
* Conductivity SN = 7141
* System UpLoad Time = Aug 18 2021 11:29:18
* <ApplicationData>
* <SeatermAF>
** Platform: M. Perley
** Cruise: Per2021171
** Station:  SAB_03
** Cast: 01 2
** Latitude: N  45 50.659
** Longitude: W 60 05.204
** Sounding: 34.9
** Chief Scientist: Ryan Stanley
** Comment: 171b027
# nquan = 8
# nvalues = 2151                                  
# units = specified
# name 0 = density00: Density [density, kg/m^3]
# name 1 = depSM: Depth [salt water, m], lat = 45.00
# name 2 = prdM: Pressure, Strain Gauge [db]
# name 3 = sal00: Salinity, Practical [PSU]
# name 4 = tv290C: Temperature [ITS-90, deg C]
# name 5 = bpos: Bottle Position in Carousel
# name 6 = nbf: Bottles Fired
# name 7 = flag:  0.000e+00
# span 0 =   998.9963,  1024.8352                 
# span 1 =      0.004,     35.267                 
# span 2 =      0.004,     35.559                 
# span 3 =     0.0080,    31.3108                 
# span 4 =     5.6227,    18.3704                 
# span 5 =          0,          3                 
# span 6 =          0,          3                 
# span 7 = 0.0000e+00, 0.0000e+00                 
# interval = seconds: 0.25
# start_time = Aug 18 2021 14:17:57 [Instrument's time stamp, header]
# bad_flag = -9.990e-29
*END*
[from data line 1259]
  1024.7926     34.168     34.451    31.2656     5.7461          0          0  0.000e+00
  1024.7889     34.172     34.454    31.2623     5.7553          0          0  0.000e+00
  1024.7879     34.169     34.452    31.2624     5.7651          0          0  0.000e+00
  1024.7644     34.168     34.451    31.2341     5.7744          0          0  0.000e+00
  1024.7600     34.169     34.452    31.2280     5.7707          0          0  0.000e+00
  1024.7761     34.171     34.453    31.2467     5.7598          0          0  0.000e+00
  1024.7785     34.176     34.458    31.2493     5.7572          0          0  0.000e+00
  1024.7848     34.181     34.464    31.2575     5.7582          0          0  0.000e+00
  1024.7751     34.189     34.471    31.2457     5.7622          0          0  0.000e+00
  1024.7717     34.195     34.478    31.2415     5.7626          0          0  0.000e+00
  1024.7785     34.198     34.481    31.2496     5.7596          0          0  0.000e+00
  1024.7780     34.198     34.481    31.2489     5.7594          0          0  0.000e+00
  1024.7807     34.199     34.482    31.2525     5.7603          0          0  0.000e+00
  1024.7741     34.204     34.487    31.2445     5.7631          0          0  0.000e+00
  1024.7791     34.209     34.492    31.2509     5.7639          0          0  0.000e+00
  1024.7814     34.215     34.498    31.2544     5.7678          0          0  0.000e+00
  1024.7760     34.219     34.502    31.2485     5.7747          0          0  0.000e+00
  1024.7742     34.222     34.505    31.2470     5.7801          0          0  0.000e+00
  1024.7645     34.222     34.505    31.2354     5.7850          0          0  0.000e+00
  1024.7717     34.225     34.508    31.2446     5.7853          0          0  0.000e+00
  1024.7699     34.224     34.507    31.2427     5.7876          0          0  0.000e+00
  1024.7695     34.224     34.507    31.2427     5.7907          0          0  0.000e+00
  1024.7586     34.222     34.505    31.2294     5.7943          0          0  0.000e+00
  1024.7621     34.221     34.504    31.2336     5.7925          0          0  0.000e+00
  1024.7652     34.218     34.501    31.2372     5.7909          0          0  0.000e+00
  1024.7638     34.213     34.496    31.2356     5.7913          0          0  0.000e+00
  1024.7728     34.208     34.490    31.2469     5.7906          0          0  0.000e+00
  1024.7687     34.201     34.484    31.2423     5.7945          0          0  0.000e+00
  1024.7677     34.196     34.479    31.2419     5.8000          0          0  0.000e+00
  1024.7638     34.186     34.469    31.2379     5.8058          0          0  0.000e+00
  1024.7615     34.176     34.458    31.2358     5.8110          0          0  0.000e+00
  1024.7594     34.167     34.450    31.2339     5.8159          0          0  0.000e+00
  1024.7545     34.160     34.442    31.2286     5.8212          0          0  0.000e+00
  1024.7497     34.150     34.433    31.2232     5.8251          0          0  0.000e+00
  1024.7503     34.144     34.426    31.2241     5.8262          0          0  0.000e+00
  1024.7415     34.140     34.422    31.2128     5.8253          0          0  0.000e+00
  1024.7421     34.139     34.421    31.2122     5.8163          0          0  0.000e+00
  1024.7565     34.140     34.422    31.2289     5.8053          0          0  0.000e+00
  1024.7692     34.142     34.424    31.2447     5.8035          0          0  0.000e+00
  1024.7568     34.147     34.430    31.2300     5.8110          0          0  0.000e+00
  1024.7504     34.157     34.439    31.2227     5.8163          0          0  0.000e+00
  1024.7503     34.171     34.453    31.2223     5.8153          0          0  0.000e+00
  1024.7531     34.184     34.467    31.2256     5.8141          0          0  0.000e+00
  1024.7525     34.199     34.482    31.2248     5.8142          0          0  0.000e+00
  1024.7560     34.214     34.497    31.2292     5.8147          0          0  0.000e+00
  1024.7539     34.221     34.504    31.2269     5.8172          0          0  0.000e+00
  1024.7521     34.231     34.514    31.2248     5.8194          0          0  0.000e+00
  1024.7526     34.235     34.518    31.2257     5.8214          0          0  0.000e+00
  1024.7476     34.241     34.524    31.2197     5.8237          0          0  0.000e+00
  1024.7318     34.245     34.528    31.1995     5.8222          0          0  0.000e+00
  1024.7318     34.247     34.530    31.1971     5.8067          0          0  0.000e+00
  1024.7471     34.246     34.529    31.2130     5.7831          0          0  0.000e+00
  1024.7543     34.246     34.529    31.2191     5.7626          0          0  0.000e+00
  1024.7665     34.241     34.524    31.2317     5.7432          0          0  0.000e+00
  1024.7808     34.239     34.523    31.2472     5.7257          0          0  0.000e+00
  1024.7973     34.236     34.519    31.2664     5.7134          0          0  0.000e+00
  1024.8022     34.231     34.514    31.2724     5.7124          0          0  0.000e+00
  1024.7928     34.231     34.514    31.2615     5.7185          0          0  0.000e+00
  1024.7833     34.230     34.513    31.2495     5.7191          0          0  0.000e+00
  1024.7833     34.231     34.514    31.2483     5.7109          0          0  0.000e+00
  1024.7841     34.235     34.518    31.2473     5.6981          0          0  0.000e+00
  1024.7962     34.237     34.520    31.2604     5.6819          0          0  0.000e+00
  1024.8043     34.243     34.526    31.2689     5.6701          0          0  0.000e+00
  1024.8110     34.250     34.533    31.2761     5.6619          0          0  0.000e+00
  1024.8149     34.256     34.540    31.2805     5.6585          0          0  0.000e+00
  1024.8143     34.262     34.545    31.2796     5.6582          0          0  0.000e+00
  1024.8211     34.266     34.549    31.2882     5.6583          0          0  0.000e+00
  1024.8233     34.266     34.549    31.2916     5.6621          0          0  0.000e+00
  1024.8201     34.261     34.544    31.2887     5.6707          0          0  0.000e+00
  1024.8196     34.251     34.534    31.2896     5.6801          0          0  0.000e+00
  1024.8265     34.238     34.521    31.3003     5.6931          0          0  0.000e+00
  1024.8200     34.227     34.510    31.2957     5.7168          0          0  0.000e+00
  1024.8043     34.215     34.498    31.2799     5.7444          0          0  0.000e+00
  1024.7857     34.200     34.483    31.2597     5.7662          0          0  0.000e+00
  1024.7773     34.189     34.471    31.2512     5.7804          0          0  0.000e+00
  1024.7676     34.178     34.461    31.2404     5.7901          0          0  0.000e+00
  1024.7628     34.169     34.452    31.2351     5.7953          0          0  0.000e+00
  1024.7616     34.160     34.442    31.2339     5.7971          0          0  0.000e+00
  1024.7566     34.151     34.434    31.2276     5.7964          0          0  0.000e+00
  1024.7529     34.148     34.431    31.2224     5.7928          0          0  0.000e+00
  1024.7587     34.145     34.427    31.2287     5.7858          0          0  0.000e+00
  1024.7705     34.144     34.426    31.2428     5.7804          0          0  0.000e+00
  1024.7535     34.146     34.428    31.2222     5.7861          0          0  0.000e+00
  1024.7535     34.149     34.432    31.2220     5.7858          0          0  0.000e+00
  1024.7538     34.153     34.435    31.2213     5.7777          0          0  0.000e+00
  1024.7499     34.157     34.439    31.2148     5.7674          0          0  0.000e+00
  1024.7714     34.160     34.442    31.2397     5.7525          0          0  0.000e+00
  1024.7667     34.162     34.445    31.2336     5.7508          0          0  0.000e+00
  1024.7710     34.169     34.452    31.2382     5.7456          0          0  0.000e+00
  1024.7610     34.177     34.459    31.2244     5.7379          0          0  0.000e+00
  1024.7553     34.188     34.470    31.2143     5.7192          0          0  0.000e+00
  1024.7768     34.204     34.487    31.2368     5.6878          0          0  0.000e+00
  1024.7972     34.221     34.504    31.2587     5.6619          0          0  0.000e+00
  1024.8080     34.237     34.520    31.2700     5.6459          0          0  0.000e+00
  1024.8172     34.254     34.538    31.2801     5.6362          0          0  0.000e+00
  1024.8182     34.268     34.551    31.2806     5.6311          0          0  0.000e+00
  1024.8210     34.283     34.566    31.2834     5.6271          0          0  0.000e+00
  1024.8251     34.295     34.578    31.2881     5.6238          0          0  0.000e+00
  1024.8292     34.304     34.588    31.2930     5.6227          0          0  0.000e+00
  1024.8336     34.306     34.590    31.2989     5.6253          0          0  0.000e+00
  1024.8318     34.306     34.590    31.2977     5.6319          0          0  0.000e+00
  1024.8276     34.304     34.588    31.2934     5.6386          0          0  0.000e+00
  1024.8284     34.300     34.583    31.2953     5.6449          0          0  0.000e+00
  1024.8204     34.291     34.575    31.2863     5.6524          0          0  0.000e+00
  1024.8185     34.284     34.567    31.2848     5.6579          0          0  0.000e+00
  1024.8204     34.279     34.562    31.2877     5.6611          0          0  0.000e+00
  1024.8182     34.266     34.549    31.2857     5.6661          0          0  0.000e+00
  1024.8139     34.257     34.541    31.2812     5.6718          0          0  0.000e+00
  1024.8099     34.246     34.529    31.2767     5.6757          0          0  0.000e+00
  1024.8126     34.234     34.517    31.2805     5.6778          0          0  0.000e+00
  1024.8094     34.223     34.505    31.2771     5.6823          0          0  0.000e+00
  1024.8046     34.212     34.495    31.2717     5.6857          0          0  0.000e+00
  1024.8086     34.199     34.482    31.2770     5.6871          0          0  0.000e+00
  1024.8085     34.188     34.470    31.2776     5.6912          0          0  0.000e+00
  1024.8056     34.177     34.459    31.2746     5.6958          0          0  0.000e+00
  1024.8013     34.168     34.451    31.2699     5.7003          0          0  0.000e+00
  1024.7961     34.165     34.448    31.2637     5.7027          0          0  0.000e+00
  1024.7982     34.164     34.447    31.2662     5.7019          0          0  0.000e+00
  1024.8003     34.164     34.447    31.2689     5.7017          0          0  0.000e+00
  1024.7959     34.166     34.449    31.2635     5.7036          0          0  0.000e+00
  1024.7891     34.171     34.453    31.2550     5.7039          0          0  0.000e+00
  1024.7891     34.177     34.460    31.2543     5.6997          0          0  0.000e+00
  1024.8000     34.185     34.468    31.2674     5.6954          0          0  0.000e+00
  1024.8026     34.194     34.477    31.2710     5.6974          0          0  0.000e+00
  1024.8013     34.201     34.484    31.2698     5.7014          0          0  0.000e+00
  1024.8002     34.210     34.493    31.2693     5.7074          0          0  0.000e+00
  1024.7991     34.218     34.501    31.2689     5.7145          0          0  0.000e+00
  1024.8014     34.227     34.510    31.2729     5.7222          0          0  0.000e+00
  1024.7963     34.229     34.512    31.2685     5.7358          0          0  0.000e+00
  1024.7914     34.229     34.512    31.2644     5.7510          0          0  0.000e+00
  1024.7901     34.231     34.514    31.2651     5.7661          0          0  0.000e+00
  1024.7842     34.227     34.510    31.2607     5.7866          0          0  0.000e+00
  1024.7738     34.223     34.505    31.2509     5.8103          0          0  0.000e+00
  1024.7625     34.216     34.499    31.2401     5.8331          0          0  0.000e+00
  1024.7559     34.211     34.494    31.2349     5.8539          0          0  0.000e+00
  1024.7416     34.202     34.485    31.2200     5.8757          0          0  0.000e+00
  1024.7274     34.195     34.478    31.2049     5.8945          0          0  0.000e+00
  1024.7193     34.190     34.472    31.1967     5.9072          0          0  0.000e+00
  1024.7134     34.185     34.468    31.1904     5.9156          0          0  0.000e+00
  1024.7153     34.188     34.470    31.1939     5.9226          0          0  0.000e+00
  1024.7105     34.195     34.478    31.1893     5.9328          0          0  0.000e+00
  1024.7062     34.201     34.484    31.1857     5.9449          0          0  0.000e+00
  1024.6952     34.213     34.496    31.1733     5.9564          0          0  0.000e+00
  1024.6926     34.224     34.507    31.1710     5.9631          0          0  0.000e+00
  1024.6881     34.233     34.516    31.1660     5.9685          0          0  0.000e+00
  1024.6758     34.241     34.524    31.1507     5.9709          0          0  0.000e+00
  1024.6617     34.247     34.530    31.1316     5.9619          0          0  0.000e+00
  1024.6727     34.252     34.535    31.1418     5.9378          0          0  0.000e+00
  1024.6732     34.261     34.544    31.1380     5.9087          0          0  0.000e+00
  1024.6989     34.267     34.550    31.1647     5.8698          0          0  0.000e+00
  1024.7243     34.270     34.554    31.1921     5.8370          0          0  0.000e+00
  1024.7456     34.271     34.555    31.2160     5.8170          0          0  0.000e+00
  1024.7541     34.274     34.558    31.2256     5.8094          0          0  0.000e+00
  1024.7536     34.273     34.557    31.2247     5.8080          0          0  0.000e+00
  1024.7582     34.279     34.562    31.2303     5.8069          0          0  0.000e+00
  1024.7579     34.283     34.566    31.2304     5.8094          0          0  0.000e+00
  1024.7462     34.289     34.573    31.2160     5.8133          0          0  0.000e+00
  1024.7518     34.289     34.573    31.2228     5.8105          0          0  0.000e+00
  1024.7560     34.286     34.570    31.2278     5.8078          0          0  0.000e+00
  1024.7636     34.280     34.563    31.2376     5.8094          0          0  0.000e+00
  1024.7610     34.271     34.555    31.2355     5.8174          0          0  0.000e+00
  1024.7596     34.261     34.544    31.2352     5.8269          0          0  0.000e+00
  1024.7626     34.248     34.531    31.2408     5.8380          0          0  0.000e+00
  1024.7475     34.234     34.517    31.2238     5.8513          0          0  0.000e+00
  1024.7388     34.226     34.509    31.2140     5.8594          0          0  0.000e+00
  1024.7355     34.212     34.495    31.2103     5.8618          0          0  0.000e+00
  1024.7377     34.201     34.484    31.2131     5.8622          0          0  0.000e+00
  1024.7349     34.191     34.473    31.2098     5.8630          0          0  0.000e+00
  1024.7345     34.182     34.465    31.2092     5.8623          0          0  0.000e+00
  1024.7276     34.177     34.460    31.2002     5.8598          0          0  0.000e+00
  1024.7341     34.175     34.457    31.2074     5.8537          0          0  0.000e+00
  1024.7415     34.177     34.460    31.2162     5.8501          0          0  0.000e+00
  1024.7389     34.179     34.462    31.2135     5.8534          0          0  0.000e+00
  1024.7190     34.178     34.461    31.1886     5.8550          0          0  0.000e+00
  1024.7312     34.178     34.461    31.2017     5.8397          0          0  0.000e+00
  1024.7424     34.181     34.464    31.2145     5.8306          0          0  0.000e+00
  1024.7456     34.184     34.467    31.2182     5.8283          0          0  0.000e+00
  1024.7498     34.189     34.471    31.2235     5.8286          0          0  0.000e+00
  1024.7457     34.197     34.480    31.2190     5.8329          0          0  0.000e+00
