data/eDNA/PER-2021-171/171b015.cnv
* Sea-Bird SBE19plus  Data File:
* FileName = C:\Users\RSG_field\Ryan_2021_Perley\CTD\171b015.hex
* Software version 2.3.0 SB_Terminal.dll
* Temperature SN = 7141
* Conductivity SN = 7141
* System UpLoad Time = Aug 12 2021 14:20:36
* <ApplicationData>
* <SeatermAF>
** Platform: M. Perley
** Cruise: Per2021171
** Station:  ESI_09
** Cast: 01 2
** Latitude: N  44 44.429
** Longitude: W 62 43.682
** Sounding: 17.1
** Chief Scientist: Ryan Stanley
** Comment: 171b015
# nquan = 8
# nvalues = 2290                                  
# units = specified
# name 0 = density00: Density [density, kg/m^3]
# name 1 = depSM: Depth [salt water, m], lat = 45.00
# name 2 = prdM: Pressure, Strain Gauge [db]
# name 3 = sal00: Salinity, Practical [PSU]
# name 4 = tv290C: Temperature [ITS-90, deg C]
# name 5 = bpos: Bottle Position in Carousel
# name 6 = nbf: Bottles Fired
# name 7 = flag:  0.000e+00
# span 0 =   998.9786,  1023.9491                 
# span 1 =     -0.060,     17.747                 
# span 2 =     -0.061,     17.893                 
# span 3 =     0.0000,    30.8678                 
# span 4 =     8.4400,    17.6964                 
# span 5 =          0,          3                 
# span 6 =          0,          3                 
# span 7 = 0.0000e+00, 0.0000e+00                 
# interval = seconds: 0.25
# start_time = Aug 12 2021 17:09:45 [Instrument's time stamp, header]
# bad_flag = -9.990e-29
*END*
[from data line 1439]
  1023.9178     17.575     17.720    30.7021     8.4470          1          1  0.000e+00
  1023.9158     17.557     17.702    30.6996     8.4476          1          1  0.000e+00
  1023.9164     17.532     17.676    30.7007     8.4479          1          1  0.000e+00
  1023.9179     17.505     17.649    30.7028     8.4482          1          1  0.000e+00
  1023.9173     17.477     17.620    30.7024     8.4495          1          1  0.000e+00
  1023.9171     17.444     17.587    30.7026     8.4511          1          1  0.000e+00
  1023.9164     17.415     17.558    30.7022     8.4524          1          1  0.000e+00
  1023.9158     17.385     17.528    30.7018     8.4538          1          1  0.000e+00
  1023.9147     17.361     17.504    30.7008     8.4550          1          1  0.000e+00
  1023.9128     17.341     17.484    30.6986     8.4554          1          1  0.000e+00
  1023.9123     17.326     17.469    30.6980     8.4550          1          1  0.000e+00
  1023.9147     17.313     17.456    30.7009     8.4543          1          1  0.000e+00
  1023.9142     17.310     17.453    30.7004     8.4546          1          1  0.000e+00
  1023.9136     17.313     17.456    30.6997     8.4551          1          1  0.000e+00
  1023.9130     17.323     17.465    30.6989     8.4551          1          1  0.000e+00
  1023.9127     17.342     17.485    30.6984     8.4548          1          1  0.000e+00
  1023.9138     17.364     17.507    30.6995     8.4542          1          1  0.000e+00
  1023.9143     17.395     17.538    30.6998     8.4538          1          1  0.000e+00
  1023.9143     17.427     17.570    30.6996     8.4538          1          1  0.000e+00
  1023.9144     17.460     17.603    30.6996     8.4538          1          1  0.000e+00
  1023.9150     17.489     17.633    30.7002     8.4538          1          1  0.000e+00
  1023.9144     17.508     17.652    30.6994     8.4538          1          1  0.000e+00
  1023.9147     17.520     17.664    30.6996     8.4538          1          1  0.000e+00
  1023.9145     17.521     17.665    30.6994     8.4538          1          1  0.000e+00
  1023.9149     17.515     17.659    30.6999     8.4537          1          1  0.000e+00
  1023.9162     17.499     17.643    30.7018     8.4539          1          1  0.000e+00
  1023.9155     17.476     17.619    30.7012     8.4551          1          1  0.000e+00
  1023.9152     17.451     17.595    30.7011     8.4561          1          1  0.000e+00
  1023.9135     17.426     17.569    30.6994     8.4572          1          1  0.000e+00
  1023.9124     17.403     17.547    30.6980     8.4573          1          1  0.000e+00
  1023.9119     17.390     17.533    30.6974     8.4566          1          1  0.000e+00
  1023.9132     17.385     17.528    30.6988     8.4556          1          1  0.000e+00
  1023.9125     17.394     17.537    30.6978     8.4549          1          1  0.000e+00
  1023.9138     17.413     17.556    30.6992     8.4541          1          1  0.000e+00
  1023.9143     17.439     17.583    30.6996     8.4536          1          1  0.000e+00
  1023.9148     17.473     17.617    30.7000     8.4536          1          1  0.000e+00
  1023.9147     17.507     17.651    30.6997     8.4537          1          1  0.000e+00
  1023.9145     17.537     17.681    30.6993     8.4536          1          1  0.000e+00
  1023.9142     17.556     17.701    30.6987     8.4534          1          1  0.000e+00
  1023.9141     17.559     17.704    30.6985     8.4528          1          1  0.000e+00
  1023.9157     17.551     17.695    30.7004     8.4521          1          1  0.000e+00
  1023.9173     17.530     17.674    30.7027     8.4524          1          1  0.000e+00
  1023.9160     17.496     17.640    30.7014     8.4537          1          1  0.000e+00
  1023.9160     17.458     17.601    30.7019     8.4551          1          1  0.000e+00
  1023.9154     17.414     17.557    30.7017     8.4564          1          1  0.000e+00
  1023.9154     17.374     17.517    30.7020     8.4574          1          1  0.000e+00
  1023.9150     17.339     17.481    30.7020     8.4586          1          1  0.000e+00
  1023.9134     17.319     17.461    30.7003     8.4599          1          1  0.000e+00
  1023.9125     17.306     17.448    30.6993     8.4604          1          1  0.000e+00
  1023.9118     17.308     17.450    30.6984     8.4603          1          1  0.000e+00
  1023.9114     17.320     17.462    30.6977     8.4596          1          1  0.000e+00
  1023.9113     17.331     17.474    30.6973     8.4586          1          1  0.000e+00
  1023.9114     17.352     17.494    30.6971     8.4574          1          1  0.000e+00
  1023.9129     17.370     17.512    30.6986     8.4559          1          1  0.000e+00
  1023.9135     17.389     17.532    30.6992     8.4553          1          1  0.000e+00
  1023.9135     17.407     17.550    30.6989     8.4548          1          1  0.000e+00
  1023.9138     17.424     17.567    30.6992     8.4545          1          1  0.000e+00
  1023.9141     17.439     17.583    30.6994     8.4542          1          1  0.000e+00
  1023.9151     17.458     17.601    30.7006     8.4543          1          1  0.000e+00
  1023.9152     17.482     17.626    30.7006     8.4546          1          1  0.000e+00
  1023.9139     17.506     17.650    30.6990     8.4552          1          1  0.000e+00
  1023.9137     17.536     17.680    30.6985     8.4552          1          1  0.000e+00
  1023.9147     17.560     17.705    30.6996     8.4546          1          1  0.000e+00
  1023.9142     17.582     17.726    30.6987     8.4543          1          1  0.000e+00
  1023.9134     17.591     17.736    30.6976     8.4539          1          1  0.000e+00
  1023.9142     17.592     17.737    30.6984     8.4528          1          1  0.000e+00
  1023.9156     17.578     17.723    30.7001     8.4521          1          1  0.000e+00
  1023.9156     17.552     17.696    30.7003     8.4524          1          1  0.000e+00
  1023.9157     17.518     17.662    30.7008     8.4529          1          1  0.000e+00
  1023.9154     17.476     17.619    30.7007     8.4536          1          1  0.000e+00
  1023.9152     17.432     17.575    30.7008     8.4542          1          1  0.000e+00
  1023.9160     17.395     17.538    30.7023     8.4551          1          1  0.000e+00
  1023.9141     17.366     17.509    30.7004     8.4566          1          1  0.000e+00
  1023.9135     17.348     17.491    30.6997     8.4571          1          1  0.000e+00
  1023.9136     17.342     17.485    30.6999     8.4571          1          1  0.000e+00
  1023.9135     17.342     17.485    30.6998     8.4572          1          1  0.000e+00
  1023.9117     17.347     17.490    30.6975     8.4573          1          1  0.000e+00
  1023.9115     17.352     17.494    30.6971     8.4563          1          1  0.000e+00
  1023.9133     17.358     17.501    30.6991     8.4549          1          1  0.000e+00
  1023.9130     17.364     17.507    30.6985     8.4544          1          1  0.000e+00
  1023.9133     17.372     17.515    30.6988     8.4538          1          1  0.000e+00
  1023.9142     17.379     17.522    30.6998     8.4531          1          1  0.000e+00
  1023.9145     17.390     17.533    30.7000     8.4531          1          1  0.000e+00
  1023.9140     17.403     17.547    30.6993     8.4532          1          1  0.000e+00
  1023.9149     17.424     17.567    30.7004     8.4529          1          1  0.000e+00
  1023.9144     17.447     17.590    30.6996     8.4533          1          1  0.000e+00
  1023.9145     17.477     17.620    30.6995     8.4531          1          1  0.000e+00
  1023.9152     17.509     17.654    30.7002     8.4531          1          1  0.000e+00
  1023.9146     17.534     17.678    30.6993     8.4534          1          1  0.000e+00
  1023.9138     17.549     17.693    30.6983     8.4531          1          1  0.000e+00
  1023.9135     17.553     17.697    30.6976     8.4524          1          1  0.000e+00
  1023.9145     17.546     17.690    30.6987     8.4512          1          1  0.000e+00
  1023.9163     17.529     17.673    30.7010     8.4507          1          1  0.000e+00
  1023.9154     17.501     17.645    30.7002     8.4511          1          1  0.000e+00
  1023.9147     17.468     17.612    30.6996     8.4514          1          1  0.000e+00
  1023.9159     17.432     17.576    30.7013     8.4516          1          1  0.000e+00
  1023.9152     17.399     17.542    30.7007     8.4523          1          1  0.000e+00
  1023.9148     17.374     17.517    30.7004     8.4529          1          1  0.000e+00
  1023.9146     17.347     17.490    30.7005     8.4533          1          1  0.000e+00
  1023.9140     17.334     17.476    30.6999     8.4538          1          1  0.000e+00
  1023.9126     17.322     17.464    30.6982     8.4541          1          1  0.000e+00
  1023.9128     17.318     17.460    30.6983     8.4534          1          1  0.000e+00
  1023.9135     17.321     17.463    30.6991     8.4527          1          1  0.000e+00
  1023.9142     17.329     17.472    30.6999     8.4523          1          1  0.000e+00
  1023.9143     17.340     17.483    30.6999     8.4524          1          1  0.000e+00
  1023.9148     17.361     17.504    30.7004     8.4524          1          1  0.000e+00
  1023.9151     17.385     17.528    30.7008     8.4529          1          1  0.000e+00
  1023.9151     17.415     17.558    30.7007     8.4534          1          1  0.000e+00
  1023.9143     17.444     17.587    30.6996     8.4541          1          1  0.000e+00
  1023.9140     17.477     17.620    30.6991     8.4541          1          1  0.000e+00
  1023.9142     17.505     17.649    30.6991     8.4541          1          1  0.000e+00
  1023.9146     17.531     17.675    30.6995     8.4537          1          1  0.000e+00
  1023.9143     17.550     17.694    30.6989     8.4535          1          1  0.000e+00
  1023.9145     17.564     17.708    30.6991     8.4533          1          1  0.000e+00
  1023.9154     17.571     17.716    30.7000     8.4530          1          1  0.000e+00
  1023.9153     17.569     17.713    30.6999     8.4531          1          1  0.000e+00
  1023.9146     17.557     17.702    30.6991     8.4533          1          1  0.000e+00
  1023.9151     17.539     17.683    30.6999     8.4531          1          1  0.000e+00
  1023.9147     17.514     17.658    30.6995     8.4533          1          1  0.000e+00
  1023.9153     17.482     17.626    30.7005     8.4535          1          1  0.000e+00
  1023.9158     17.447     17.590    30.7015     8.4540          1          1  0.000e+00
  1023.9157     17.409     17.552    30.7018     8.4551          1          1  0.000e+00
  1023.9154     17.373     17.516    30.7018     8.4563          1          1  0.000e+00
  1023.9143     17.338     17.480    30.7009     8.4574          1          1  0.000e+00
  1023.9139     17.307     17.449    30.7007     8.4581          1          1  0.000e+00
  1023.9127     17.286     17.428    30.6994     8.4589          1          1  0.000e+00
  1023.9112     17.273     17.415    30.6975     8.4587          1          1  0.000e+00
  1023.9104     17.274     17.416    30.6964     8.4578          1          1  0.000e+00
  1023.9115     17.283     17.425    30.6974     8.4562          1          1  0.000e+00
  1023.9132     17.306     17.448    30.6991     8.4548          1          1  0.000e+00
  1023.9126     17.334     17.476    30.6982     8.4543          1          1  0.000e+00
  1023.9130     17.367     17.510    30.6984     8.4535          1          1  0.000e+00
  1023.9126     17.398     17.541    30.6974     8.4527          1          1  0.000e+00
  1023.9137     17.427     17.570    30.6985     8.4517          1          1  0.000e+00
  1023.9138     17.451     17.595    30.6983     8.4509          1          1  0.000e+00
  1023.9144     17.466     17.610    30.6989     8.4503          1          1  0.000e+00
  1023.9154     17.475     17.618    30.7001     8.4496          1          1  0.000e+00
  1023.9156     17.477     17.620    30.7003     8.4497          1          1  0.000e+00
  1023.9156     17.475     17.618    30.7003     8.4501          1          1  0.000e+00
  1023.9157     17.476     17.619    30.7006     8.4504          1          1  0.000e+00
  1023.9151     17.475     17.618    30.6999     8.4509          1          1  0.000e+00
  1023.9154     17.479     17.623    30.7003     8.4511          1          1  0.000e+00
  1023.9150     17.487     17.631    30.6998     8.4513          1          1  0.000e+00
  1023.9150     17.503     17.647    30.6997     8.4515          1          1  0.000e+00
  1023.9152     17.522     17.666    30.6999     8.4515          1          1  0.000e+00
  1023.9154     17.543     17.688    30.7000     8.4516          1          1  0.000e+00
  1023.9152     17.560     17.705    30.6996     8.4518          1          1  0.000e+00
  1023.9131     17.572     17.717    30.6968     8.4516          1          1  0.000e+00
  1023.9134     17.576     17.721    30.6970     8.4501          1          1  0.000e+00
  1023.9141     17.568     17.712    30.6976     8.4486          1          1  0.000e+00
  1023.9150     17.550     17.694    30.6986     8.4471          1          1  0.000e+00
  1023.9162     17.518     17.662    30.7002     8.4463          1          1  0.000e+00
  1023.9182     17.476     17.619    30.7030     8.4463          1          1  0.000e+00
  1023.9199     17.433     17.577    30.7057     8.4478          1          1  0.000e+00
  1023.9195     17.392     17.535    30.7059     8.4506          1          1  0.000e+00
  1023.9179     17.349     17.492    30.7047     8.4539          1          1  0.000e+00
  1023.9153     17.314     17.457    30.7022     8.4568          1          1  0.000e+00
  1023.9134     17.286     17.428    30.7002     8.4585          1          1  0.000e+00
  1023.9117     17.267     17.409    30.6982     8.4591          1          1  0.000e+00
  1023.9091     17.254     17.396    30.6950     8.4587          1          1  0.000e+00
  1023.9091     17.249     17.391    30.6946     8.4566          1          1  0.000e+00
  1023.9116     17.250     17.392    30.6973     8.4541          1          1  0.000e+00
  1023.9120     17.256     17.398    30.6975     8.4525          1          1  0.000e+00
  1023.9122     17.266     17.408    30.6975     8.4513          1          1  0.000e+00
  1023.9130     17.287     17.429    30.6981     8.4498          1          1  0.000e+00
  1023.9134     17.312     17.455    30.6983     8.4488          1          1  0.000e+00
  1023.9117     17.345     17.488    30.6957     8.4477          1          1  0.000e+00
  1023.9119     17.384     17.527    30.6954     8.4455          1          1  0.000e+00
  1023.9141     17.432     17.576    30.6974     8.4429          1          1  0.000e+00
  1023.9161     17.484     17.628    30.6992     8.4410          1          1  0.000e+00
  1023.9183     17.539     17.683    30.7015     8.4400          1          1  0.000e+00
  1023.9185     17.592     17.737    30.7015     8.4404          1          1  0.000e+00
  1023.9171     17.639     17.784    30.6996     8.4409          1          1  0.000e+00
  1023.9178     17.675     17.820    30.7002     8.4407          1          1  0.000e+00
  1023.9183     17.700     17.846    30.7008     8.4405          1          1  0.000e+00
  1023.9182     17.707     17.852    30.7005     8.4406          1          1  0.000e+00
  1023.9191     17.693     17.838    30.7018     8.4408          1          1  0.000e+00
  1023.9201     17.661     17.806    30.7034     8.4415          1          1  0.000e+00
