data/eDNA/PER-2021-171/171b011.cnv
* Sea-Bird SBE19plus  Data File:
* FileName = C:\Users\RSG_field\Ryan_2021_Perley\CTD\171b011.hex
* Software version 2.3.0 SB_Terminal.dll
* Temperature SN = 7141
* Conductivity SN = 7141
* System UpLoad Time = Aug 11 2021 16:14:11
* <ApplicationData>
* <SeatermAF>
** Platform: M. Perley
** Cruise: Per2021171
** Station:  ESI_13
** Cast: 01 2
** Latitude: N  44 39.653
** Longitude: W 62 58.499
** Sounding: 30.9
** Chief Scientist: Ryan Stanley
** Comment: 171b011
** When I downloaded the afm file, the CTD was not turned off. We realized when ready to deploy and checked the arm armed status. But when we downloaded the file seems to have been combined. Not sure
# nquan = 8
# nvalues = 4692                                  
# units = specified
# name 0 = density00: Density [density, kg/m^3]
# name 1 = depSM: Depth [salt water, m], lat = 45.00
# name 2 = prdM: Pressure, Strain Gauge [db]
# name 3 = sal00: Salinity, Practical [PSU]
# name 4 = tv290C: Temperature [ITS-90, deg C]
# name 5 = bpos: Bottle Position in Carousel
# name 6 = nbf: Bottles Fired
# name 7 = flag:  0.000e+00
# span 0 =   998.8197,  1051.3858                 
# span 1 =     -0.040,  17684.931                 
# span 2 =     -0.040,  18534.440                 
# span 3 =     0.0000,    31.8861                 
# span 4 =     6.4946,    59.0658                 
# span 5 =          0,          4                 
# span 6 =          0,          4                 
# span 7 = 0.0000e+00, 0.0000e+00                 
# interval = seconds: 0.25
# start_time = Aug 11 2021 18:38:28 [Instrument's time stamp, header]
# bad_flag = -9.990e-29
*END*
[from data line 1978]
  1023.1667     10.510     10.596    30.5723    12.1846          2          2  0.000e+00
  1023.2527     10.461     10.547    30.6962    12.2380          2          2  0.000e+00
  1023.2627     10.443     10.529    30.7366    12.3519          2          2  0.000e+00
  1023.1197     10.450     10.536    30.5883    12.5022          2          2  0.000e+00
  1023.1431     10.478     10.564    30.6397    12.5902          2          2  0.000e+00
  1023.1438     10.517     10.603    30.6664    12.6966          2          2  0.000e+00
  1023.0774     10.552     10.638    30.6130    12.8295          2          2  0.000e+00
  1022.9999     10.576     10.663    30.5386    12.9343          2          2  0.000e+00
  1022.9586     10.577     10.664    30.5017    13.0004          2          2  0.000e+00
  1022.9382     10.549     10.636    30.4859    13.0425          2          2  0.000e+00
  1022.9169     10.488     10.574    30.4666    13.0745          2          2  0.000e+00
  1022.8950     10.387     10.473    30.4439    13.0946          2          2  0.000e+00
  1022.8813     10.256     10.340    30.4289    13.1023          2          2  0.000e+00
  1022.8819     10.087     10.170    30.4301    13.1001          2          2  0.000e+00
  1022.8846      9.900      9.981    30.4337    13.0956          2          2  0.000e+00
  1022.8954      9.691      9.770    30.4480    13.0925          2          2  0.000e+00
  1022.8906      9.477      9.555    30.4439    13.0956          2          2  0.000e+00
  1022.9050      9.261      9.337    30.4647    13.0993          2          2  0.000e+00
  1022.9131      9.051      9.125    30.4796    13.1122          2          2  0.000e+00
  1022.9089      8.847      8.920    30.4812    13.1355          2          2  0.000e+00
  1022.9076      8.653      8.724    30.4874    13.1621          2          2  0.000e+00
  1022.9069      8.477      8.547    30.4950    13.1918          2          2  0.000e+00
  1022.8977      8.325      8.393    30.4919    13.2238          2          2  0.000e+00
  1022.8814      8.192      8.259    30.4802    13.2580          2          2  0.000e+00
  1022.8694      8.075      8.142    30.4729    13.2879          2          2  0.000e+00
  1022.8826      7.976      8.041    30.4973    13.3141          2          2  0.000e+00
  1022.9150      7.889      7.954    30.5497    13.3537          2          2  0.000e+00
  1022.9053      7.814      7.878    30.5535    13.4161          2          2  0.000e+00
  1022.8401      7.738      7.802    30.4877    13.4879          2          2  0.000e+00
  1022.8786      7.660      7.723    30.5490    13.5306          2          2  0.000e+00
  1022.9859      7.576      7.638    30.7075    13.6051          2          2  0.000e+00
  1022.8977      7.487      7.549    30.6345    13.7625          2          2  0.000e+00
  1022.7664      7.395      7.456    30.4988    13.8932          2          2  0.000e+00
  1022.7717      7.301      7.360    30.5228    13.9565          2          2  0.000e+00
  1022.7545      7.209      7.269    30.5167    14.0164          2          2  0.000e+00
  1022.7782      7.121      7.180    30.5654    14.0829          2          2  0.000e+00
  1022.7678      7.041      7.099    30.5762    14.1729          2          2  0.000e+00
  1022.6673      6.968      7.025    30.4697    14.2617          2          2  0.000e+00
  1022.7090      6.900      6.957    30.5351    14.3026          2          2  0.000e+00
  1022.6860      6.823      6.879    30.5224    14.3651          2          2  0.000e+00
  1022.7025      6.731      6.787    30.5631    14.4352          2          2  0.000e+00
  1022.7032      6.626      6.681    30.5860    14.5151          2          2  0.000e+00
  1022.6814      6.506      6.559    30.5828    14.6054          2          2  0.000e+00
  1022.5915      6.365      6.417    30.4900    14.6909          2          2  0.000e+00
  1022.5868      6.209      6.260    30.4972    14.7369          2          2  0.000e+00
  1022.5845      6.043      6.093    30.5046    14.7715          2          2  0.000e+00
  1022.6292      5.875      5.923    30.5742    14.8097          2          2  0.000e+00
  1022.5872      5.716      5.763    30.5382    14.8744          3          3  0.000e+00
  1022.5689      5.565      5.611    30.5304    14.9295          3          3  0.000e+00
  1022.5909      5.420      5.465    30.5716    14.9723          3          3  0.000e+00
  1022.5588      5.283      5.327    30.5464    15.0292          3          3  0.000e+00
  1022.5315      5.153      5.195    30.5252    15.0784          3          3  0.000e+00
  1022.5542      5.025      5.066    30.5647    15.1120          3          3  0.000e+00
  1022.5632      4.898      4.938    30.5896    15.1568          3          3  0.000e+00
  1022.5443      4.764      4.803    30.5819    15.2146          3          3  0.000e+00
  1022.5793      4.626      4.664    30.6436    15.2702          3          3  0.000e+00
  1022.5195      4.498      4.535    30.5864    15.3413          3          3  0.000e+00
  1022.4566      4.379      4.415    30.5177    15.3857          3          3  0.000e+00
  1022.4845      4.281      4.316    30.5583    15.3987          3          3  0.000e+00
  1022.4904      4.193      4.227    30.5721    15.4187          3          3  0.000e+00
  1022.5357      4.121      4.154    30.6405    15.4511          3          3  0.000e+00
  1022.5291      4.057      4.090    30.6498    15.5134          3          3  0.000e+00
  1022.4521      3.989      4.022    30.5687    15.5794          3          3  0.000e+00
  1022.4574      3.913      3.945    30.5837    15.6067          3          3  0.000e+00
  1022.4375      3.823      3.854    30.5642    15.6271          3          3  0.000e+00
  1022.4603      3.720      3.751    30.5995    15.6450          3          3  0.000e+00
  1022.5318      3.598      3.628    30.7026    15.6779          3          3  0.000e+00
  1022.6123      3.458      3.487    30.8317    15.7602          3          3  0.000e+00
  1022.5377      3.305      3.332    30.7771    15.9058          3          3  0.000e+00
  1022.5002      3.142      3.168    30.7662    16.0345          3          3  0.000e+00
  1022.6378      2.975      2.999    30.9848    16.1665          3          3  0.000e+00
  1022.5822      2.819      2.842    30.9808    16.3973          4          4  0.000e+00
  1022.5724      2.673      2.695    31.0403    16.6389          4          4  0.000e+00
  1022.4064      2.539      2.560    30.9025    16.9001          4          4  0.000e+00
  1022.2789      2.413      2.433    30.7996    17.1085          4          4  0.000e+00
  1022.2034      2.297      2.315    30.7440    17.2481          4          4  0.000e+00
  1022.1440      2.181      2.199    30.6977    17.3489          4          4  0.000e+00
  1022.1172      2.066      2.083    30.6851    17.4195          4          4  0.000e+00
  1022.1073      1.956      1.972    30.6913    17.4805          4          4  0.000e+00
  1022.0808      1.843      1.858    30.6763    17.5422          4          4  0.000e+00
  1022.1232      1.717      1.731    30.7517    17.6045          4          4  0.000e+00
  1022.0516      1.591      1.604    30.6861    17.6927          4          4  0.000e+00
  1022.0222      1.470      1.482    30.6681    17.7565          4          4  0.000e+00
  1022.0226      1.346      1.357    30.6830    17.8004          4          4  0.000e+00
  1021.9944      1.216      1.226    30.6627    17.8512          4          4  0.000e+00
  1021.9744      1.096      1.105    30.6507    17.8941          4          4  0.000e+00
  1021.9420      0.991      0.999    30.6187    17.9256          4          4  0.000e+00
  1021.9148      0.899      0.907    30.5868    17.9356          4          4  0.000e+00
  1021.9423      0.826      0.833    30.6207    17.9276          4          4  0.000e+00
  1021.9475      0.745      0.751    30.6297    17.9334          4          4  0.000e+00
  1021.9437      0.642      0.647    30.6295    17.9467          4          4  0.000e+00
  1021.9016      0.513      0.517    30.5793    17.9599          4          4  0.000e+00
  1021.9520      0.365      0.368    30.6439    17.9526          4          4  0.000e+00
  1021.9518      0.202      0.204    30.6496    17.9688          4          4  0.000e+00
  1021.8933      0.040      0.040    30.5815    17.9928          4          4  0.000e+00
  1021.6841     -0.022     -0.022    30.3062    17.9864          4          4  0.000e+00
  1004.8655     -0.019     -0.020     8.2147    17.9821          4          4  0.000e+00
  1002.3860     -0.019     -0.020     4.9536    17.9745          4          4  0.000e+00
  1001.4902     -0.019     -0.020     3.7755    17.9654          4          4  0.000e+00
  1000.2830     -0.018     -0.019     2.1912    17.9572          4          4  0.000e+00
  1000.0227     -0.021     -0.021     1.8480    17.9472          4          4  0.000e+00
  1006.4488     -0.018     -0.019    10.2848    17.9352          4          4  0.000e+00
  1014.5776     -0.021     -0.021    20.9644    17.9048          4          4  0.000e+00
  1021.6214     -0.022     -0.022    30.1601    17.7805          4          4  0.000e+00
  1021.7425     -0.022     -0.022    30.2869    17.6783          4          4  0.000e+00
  1021.5271     -0.019     -0.020    29.9836    17.6081          4          4  0.000e+00
  1020.8340     -0.019     -0.020    29.0566    17.5410          4          4  0.000e+00
  1014.9285     -0.021     -0.021    21.3069    17.4971          4          4  0.000e+00
  1006.8832     -0.022     -0.022    10.7319    17.4672          4          4  0.000e+00
  1005.5728     -0.022     -0.022     9.0033    17.4408          4          4  0.000e+00
  1007.6365     -0.021     -0.021    11.7098    17.4218          4          4  0.000e+00
  1009.4245     -0.022     -0.022    14.0554    17.4082          4          4  0.000e+00
  1010.3592     -0.023     -0.023    15.2796    17.3948          4          4  0.000e+00
  1008.8844     -0.021     -0.021    13.3382    17.3799          4          4  0.000e+00
  1001.9869     -0.021     -0.021     4.2723    17.3418          4          4  0.000e+00
  1001.5903     -0.023     -0.023     3.7332    17.2610          4          4  0.000e+00
  1001.1742     -0.019     -0.020     3.1706    17.1865          4          4  0.000e+00
  1000.4971     -0.019     -0.020     2.2694    17.1199          4          4  0.000e+00
  1000.3681     -0.020     -0.021     2.0846    17.0505          4          4  0.000e+00
  1000.0813     -0.022     -0.022     1.6976    16.9959          4          4  0.000e+00
  1000.1408     -0.019     -0.020     1.7698    16.9727          4          4  0.000e+00
  1000.3416     -0.018     -0.019     2.0290    16.9600          4          4  0.000e+00
  1000.4297     -0.020     -0.021     2.1411    16.9475          4          4  0.000e+00
  1000.2431     -0.019     -0.020     1.8939    16.9319          4          4  0.000e+00
  1000.2101     -0.020     -0.021     1.8468    16.9145          4          4  0.000e+00
  1000.1085     -0.022     -0.022     1.7097    16.8949          4          4  0.000e+00
   999.9206     -0.017     -0.017     1.4599    16.8742          4          4  0.000e+00
   999.2749     -0.019     -0.020     0.6141    16.8522          4          4  0.000e+00
   998.8235     -0.019     -0.020     0.0233    16.8299          4          4  0.000e+00
   999.0241     -0.020     -0.021     0.2782    16.8068          4          4  0.000e+00
   999.2816     -0.023     -0.023     0.6075    16.7838          4          4  0.000e+00
   999.1732     -0.023     -0.023     0.4616    16.7613          4          4  0.000e+00
   999.0635     -0.022     -0.022     0.3140    16.7381          4          4  0.000e+00
   999.0240     -0.020     -0.021     0.2572    16.7133          4          4  0.000e+00
   998.9775     -0.019     -0.020     0.1910    16.6869          4          4  0.000e+00
   998.9365     -0.019     -0.020     0.1321    16.6602          4          4  0.000e+00
   998.9082     -0.020     -0.021     0.0897    16.6345          4          4  0.000e+00
   998.8935     -0.020     -0.021     0.0652    16.6095          4          4  0.000e+00
   998.8785     -0.020     -0.021     0.0404    16.5850          4          4  0.000e+00
   998.8637     -0.020     -0.021     0.0161    16.5613          4          4  0.000e+00
   998.8617     -0.022     -0.022     0.0085    16.5379          4          4  0.000e+00
   998.8657     -0.020     -0.021     0.0084    16.5142          4          4  0.000e+00
   998.8698     -0.019     -0.020     0.0084    16.4901          4          4  0.000e+00
   998.8739     -0.020     -0.021     0.0084    16.4657          4          4  0.000e+00
   998.8780     -0.020     -0.021     0.0084    16.4408          4          4  0.000e+00
   998.8822     -0.019     -0.020     0.0084    16.4161          4          4  0.000e+00
   998.8863     -0.019     -0.020     0.0084    16.3910          4          4  0.000e+00
   998.8905     -0.020     -0.021     0.0084    16.3659          4          4  0.000e+00
   998.8947     -0.018     -0.018     0.0084    16.3408          4          4  0.000e+00
   998.8989     -0.020     -0.021     0.0084    16.3158          4          4  0.000e+00
   998.9030     -0.020     -0.021     0.0084    16.2910          4          4  0.000e+00
   999.2729     -0.020     -0.021     0.4823    16.2666          4          4  0.000e+00
   999.9000     -0.018     -0.018     1.2919    16.2425          4          4  0.000e+00
   999.5277     -0.019     -0.020     0.8027    16.2186          4          4  0.000e+00
   999.2103     -0.019     -0.020     0.3856    16.1945          4          4  0.000e+00
   999.1132     -0.020     -0.021     0.2546    16.1706          4          4  0.000e+00
   999.0876     -0.021     -0.022     0.2165    16.1474          4          4  0.000e+00
   999.0875     -0.021     -0.022     0.2116    16.1251          4          4  0.000e+00
   999.0831     -0.020     -0.021     0.2014    16.1035          4          4  0.000e+00
   999.0687     -0.019     -0.020     0.1782    16.0823          4          4  0.000e+00
   999.0805     -0.018     -0.018     0.1891    16.0619          4          4  0.000e+00
   999.0852     -0.019     -0.020     0.1910    16.0420          4          4  0.000e+00
   999.0801     -0.019     -0.020     0.1803    16.0226          4          4  0.000e+00
   999.0801     -0.020     -0.021     0.1764    16.0039          4          4  0.000e+00
   999.0839     -0.019     -0.020     0.1773    15.9853          4          4  0.000e+00
   999.3540     -0.020     -0.021     0.5234    15.9669          4          4  0.000e+00
   999.8024     -0.021     -0.022     1.1016    15.9489          4          4  0.000e+00
   999.3679     -0.018     -0.018     0.5337    15.9305          4          4  0.000e+00
   999.2692     -0.019     -0.020     0.4021    15.9131          4          4  0.000e+00
   999.1128     -0.019     -0.020     0.1964    15.8977          4          4  0.000e+00
   998.9694     -0.019     -0.020     0.0082    15.8839          4          4  0.000e+00
   998.9717     -0.023     -0.023     0.0082    15.8693          4          4  0.000e+00
   998.9741     -0.019     -0.020     0.0082    15.8546          4          4  0.000e+00
   998.9765     -0.020     -0.021     0.0081    15.8395          4          4  0.000e+00
   998.9789     -0.021     -0.022     0.0081    15.8245          4          4  0.000e+00
   998.9813     -0.020     -0.021     0.0081    15.8096          4          4  0.000e+00
   998.9836     -0.020     -0.021     0.0081    15.7949          4          4  0.000e+00
   999.0125     -0.021     -0.022     0.0424    15.7803          4          4  0.000e+00
   999.5365     -0.019     -0.020     0.7177    15.7656          4          4  0.000e+00
