data/eDNA/PER-2021-171/171b001.cnv
* Sea-Bird SBE19plus  Data File:
* FileName = C:\Users\RSG_field\Ryan_2021_Perley\CTD\171b001.hex
* Software version 2.3.0 SB_Terminal.dll
* Temperature SN = 7141
* Conductivity SN = 7141
* System UpLoad Time = Aug 07 2021 20:28:25
* <ApplicationData>
* <SeatermAF>
** Platform: M. Perley
** Cruise: Per2021171
** Station:  1
** Cast: 01
** Latitude: N  44 27.2920
** Longitude: W 62 8.4079
** Sounding: 210
** Chief Scientist: Ryan Stanley
** Comment:
# nquan = 8
# nvalues = 5029                                  
# units = specified
# name 0 = density00: Density [density, kg/m^3]
# name 1 = depSM: Depth [salt water, m], lat = 45.00
# name 2 = prdM: Pressure, Strain Gauge [db]
# name 3 = sal00: Salinity, Practical [PSU]
# name 4 = tv290C: Temperature [ITS-90, deg C]
# name 5 = bpos: Bottle Position in Carousel
# name 6 = nbf: Bottles Fired
# name 7 = flag:  0.000e+00
# span 0 =   998.9606,  1027.7539                 
# span 1 =     -0.053,    192.374                 
# span 2 =     -0.053,    194.040                 
# span 3 =     0.0000,    35.1652                 
# span 4 =     2.8612,    16.2026                 
# span 5 =          0,          6                 
# span 6 =          0,          6                 
# span 7 = 0.0000e+00, 0.0000e+00                 
# interval = seconds: 0.25
# start_time = Aug 07 2021 19:02:27 [Instrument's time stamp, header]
# bad_flag = -9.990e-29
*END*
[from data line 720]
  1022.2112      1.757      1.772    30.2895    15.6550          0          0  0.000e+00
  1022.2148      1.806      1.821    30.2893    15.6386          0          0  0.000e+00
  1022.2248      1.833      1.849    30.2976    15.6225          0          0  0.000e+00
  1022.2299      1.842      1.857    30.3010    15.6111          0          0  0.000e+00
  1022.2365      1.839      1.854    30.3074    15.6031          0          0  0.000e+00
  1022.2417      1.826      1.841    30.3128    15.5984          0          0  0.000e+00
  1022.2427      1.814      1.829    30.3139    15.5970          0          0  0.000e+00
  1022.2430      1.795      1.810    30.3143    15.5968          0          0  0.000e+00
  1022.2445      1.782      1.796    30.3163    15.5967          0          0  0.000e+00
  1022.2446      1.773      1.788    30.3169    15.5979          0          0  0.000e+00
  1022.2429      1.764      1.778    30.3151    15.5997          0          0  0.000e+00
  1022.2419      1.750      1.764    30.3143    15.6008          0          0  0.000e+00
  1022.2424      1.732      1.746    30.3151    15.6011          0          0  0.000e+00
  1022.2413      1.704      1.718    30.3141    15.6021          0          0  0.000e+00
  1022.2409      1.670      1.684    30.3139    15.6023          0          0  0.000e+00
  1022.2428      1.624      1.637    30.3167    15.6027          0          0  0.000e+00
  1022.2418      1.564      1.577    30.3163    15.6045          0          0  0.000e+00
  1022.2434      1.487      1.499    30.3194    15.6067          0          0  0.000e+00
  1022.2432      1.413      1.424    30.3205    15.6103          0          0  0.000e+00
  1022.2474      1.340      1.350    30.3280    15.6156          0          0  0.000e+00
  1022.2482      1.292      1.302    30.3318    15.6242          0          0  0.000e+00
  1022.2433      1.278      1.289    30.3288    15.6363          0          0  0.000e+00
  1022.2531      1.315      1.326    30.3448    15.6483          0          0  0.000e+00
  1022.2412      1.401      1.412    30.3341    15.6670          0          0  0.000e+00
  1022.2115      1.521      1.533    30.2990    15.6821          0          0  0.000e+00
  1022.2032      1.635      1.649    30.2863    15.6779          0          0  0.000e+00
  1022.2086      1.732      1.746    30.2889    15.6638          0          0  0.000e+00
  1022.2220      1.802      1.816    30.3019    15.6497          0          0  0.000e+00
  1022.2268      1.843      1.858    30.3056    15.6416          0          0  0.000e+00
  1022.2295      1.854      1.869    30.3078    15.6370          0          0  0.000e+00
  1022.2345      1.836      1.851    30.3135    15.6340          0          0  0.000e+00
  1022.2359      1.803      1.817    30.3156    15.6340          0          0  0.000e+00
  1022.2351      1.777      1.792    30.3151    15.6357          0          0  0.000e+00
  1022.2369      1.782      1.796    30.3179    15.6373          0          0  0.000e+00
  1022.2367      1.813      1.828    30.3182    15.6403          0          0  0.000e+00
  1022.2345      1.856      1.871    30.3162    15.6440          0          0  0.000e+00
  1022.2325      1.897      1.913    30.3141    15.6467          0          0  0.000e+00
  1022.2324      1.919      1.935    30.3142    15.6481          0          0  0.000e+00
  1022.2305      1.916      1.932    30.3122    15.6495          0          0  0.000e+00
  1022.2306      1.883      1.899    30.3126    15.6497          0          0  0.000e+00
  1022.2332      1.831      1.846    30.3163    15.6500          0          0  0.000e+00
  1022.2337      1.755      1.769    30.3182    15.6524          0          0  0.000e+00
  1022.2286      1.672      1.686    30.3130    15.6562          0          0  0.000e+00
  1022.2281      1.586      1.599    30.3132    15.6573          0          0  0.000e+00
  1022.2279      1.514      1.527    30.3136    15.6581          0          0  0.000e+00
  1022.2272      1.454      1.466    30.3135    15.6594          0          0  0.000e+00
  1022.2285      1.409      1.421    30.3158    15.6607          0          0  0.000e+00
  1022.2290      1.381      1.392    30.3172    15.6631          0          0  0.000e+00
  1022.2279      1.374      1.386    30.3169    15.6667          0          0  0.000e+00
  1022.2260      1.386      1.397    30.3152    15.6701          0          0  0.000e+00
  1022.2317      1.417      1.428    30.3236    15.6738          0          0  0.000e+00
  1022.2283      1.450      1.462    30.3210    15.6813          0          0  0.000e+00
  1022.2225      1.478      1.490    30.3154    15.6887          0          0  0.000e+00
  1022.2193      1.492      1.504    30.3124    15.6926          0          0  0.000e+00
  1022.2190      1.493      1.505    30.3124    15.6944          0          0  0.000e+00
  1022.2209      1.486      1.498    30.3154    15.6961          0          0  0.000e+00
  1022.2208      1.478      1.490    30.3162    15.6993          0          0  0.000e+00
  1022.2226      1.482      1.494    30.3197    15.7034          0          0  0.000e+00
  1022.2268      1.502      1.514    30.3269    15.7097          0          0  0.000e+00
  1022.2206      1.560      1.573    30.3214    15.7198          0          0  0.000e+00
  1022.2030      1.666      1.680    30.3000    15.7280          0          0  0.000e+00
  1022.1876      1.815      1.830    30.2780    15.7235          0          0  0.000e+00
  1022.1788      1.974      1.991    30.2602    15.7046          0          0  0.000e+00
  1022.1983      2.120      2.137    30.2763    15.6749          0          0  0.000e+00
  1022.2036      2.232      2.250    30.2755    15.6502          0          0  0.000e+00
  1022.2198      2.303      2.322    30.2897    15.6271          0          0  0.000e+00
  1022.2324      2.320      2.339    30.3013    15.6108          0          0  0.000e+00
  1022.2423      2.280      2.298    30.3119    15.6015          0          0  0.000e+00
  1022.2542      2.185      2.203    30.3271    15.5987          0          0  0.000e+00
  1022.2497      2.049      2.065    30.3238    15.6051          0          0  0.000e+00
  1022.2503      1.890      1.905    30.3274    15.6115          0          0  0.000e+00
  1022.2495      1.721      1.735    30.3295    15.6193          0          0  0.000e+00
  1022.2486      1.560      1.573    30.3322    15.6296          0          0  0.000e+00
  1022.2432      1.420      1.432    30.3293    15.6412          0          0  0.000e+00
  1022.2370      1.319      1.330    30.3248    15.6519          0          0  0.000e+00
  1022.2335      1.265      1.276    30.3230    15.6603          0          0  0.000e+00
  1022.2356      1.245      1.255    30.3279    15.6674          0          0  0.000e+00
  1022.2406      1.242      1.252    30.3373    15.6778          0          0  0.000e+00
  1022.2303      1.253      1.263    30.3283    15.6934          0          0  0.000e+00
  1022.2274      1.267      1.278    30.3279    15.7058          0          0  0.000e+00
  1022.2249      1.286      1.297    30.3280    15.7177          0          0  0.000e+00
  1022.2173      1.304      1.315    30.3213    15.7298          0          0  0.000e+00
  1022.2114      1.321      1.332    30.3160    15.7384          0          0  0.000e+00
  1022.2104      1.337      1.348    30.3162    15.7442          0          0  0.000e+00
  1022.2089      1.361      1.372    30.3156    15.7494          0          0  0.000e+00
  1022.2058      1.398      1.409    30.3128    15.7544          0          0  0.000e+00
  1022.2027      1.457      1.469    30.3094    15.7578          0          0  0.000e+00
  1022.1949      1.548      1.561    30.2991    15.7587          0          0  0.000e+00
  1022.1840      1.686      1.700    30.2826    15.7537          0          0  0.000e+00
  1022.1726      1.851      1.867    30.2623    15.7379          0          0  0.000e+00
  1022.1715      2.014      2.030    30.2521    15.7106          0          0  0.000e+00
  1022.1703      2.151      2.169    30.2394    15.6741          0          0  0.000e+00
  1022.1906      2.249      2.267    30.2530    15.6307          0          0  0.000e+00
  1022.2125      2.306      2.325    30.2700    15.5912          0          0  0.000e+00
  1022.2287      2.305      2.324    30.2821    15.5591          0          0  0.000e+00
  1022.2703      2.246      2.264    30.3307    15.5382          0          0  0.000e+00
  1022.2798      2.138      2.155    30.3447    15.5420          0          0  0.000e+00
  1022.2719      1.991      2.008    30.3398    15.5582          0          0  0.000e+00
  1022.2684      1.818      1.832    30.3408    15.5739          0          0  0.000e+00
  1022.2696      1.652      1.666    30.3479    15.5901          0          0  0.000e+00
  1022.2599      1.520      1.532    30.3417    15.6102          0          0  0.000e+00
  1022.2483      1.433      1.444    30.3323    15.6286          0          0  0.000e+00
  1022.2387      1.384      1.395    30.3236    15.6412          0          0  0.000e+00
  1022.2405      1.360      1.371    30.3284    15.6492          0          0  0.000e+00
  1022.2396      1.345      1.356    30.3300    15.6588          0          0  0.000e+00
  1022.2333      1.336      1.347    30.3251    15.6701          0          0  0.000e+00
  1022.2288      1.324      1.334    30.3220    15.6796          0          0  0.000e+00
  1022.2298      1.312      1.323    30.3253    15.6867          0          0  0.000e+00
  1022.2293      1.299      1.310    30.3272    15.6953          0          0  0.000e+00
  1022.2305      1.294      1.304    30.3319    15.7060          0          0  0.000e+00
  1022.2240      1.304      1.315    30.3271    15.7191          0          0  0.000e+00
  1022.2175      1.337      1.348    30.3216    15.7302          0          0  0.000e+00
  1022.2148      1.398      1.409    30.3201    15.7387          0          0  0.000e+00
  1022.2101      1.491      1.503    30.3154    15.7459          0          0  0.000e+00
  1022.1914      1.600      1.613    30.2914    15.7493          0          0  0.000e+00
  1022.1999      1.718      1.732    30.2993    15.7408          0          0  0.000e+00
  1022.1829      1.814      1.829    30.2745    15.7329          0          0  0.000e+00
  1022.1937      1.886      1.902    30.2822    15.7119          0          0  0.000e+00
  1022.2080      1.934      1.950    30.2946    15.6911          0          0  0.000e+00
  1022.2088      1.960      1.976    30.2921    15.6790          0          0  0.000e+00
  1022.1980      1.957      1.973    30.2742    15.6658          0          0  0.000e+00
  1022.2099      1.933      1.949    30.2836    15.6436          0          0  0.000e+00
  1022.2262      1.902      1.918    30.2995    15.6241          0          0  0.000e+00
  1022.2425      1.878      1.893    30.3182    15.6145          0          0  0.000e+00
  1022.2362      1.878      1.893    30.3100    15.6148          0          0  0.000e+00
  1022.2298      1.898      1.914    30.3010    15.6126          0          0  0.000e+00
  1022.2414      1.918      1.934    30.3139    15.6052          0          0  0.000e+00
  1022.2457      1.928      1.943    30.3192    15.6044          0          0  0.000e+00
  1022.2388      1.914      1.930    30.3111    15.6072          0          0  0.000e+00
  1022.2487      1.873      1.888    30.3239    15.6059          0          0  0.000e+00
  1022.2572      1.809      1.824    30.3366    15.6108          0          0  0.000e+00
  1022.2513      1.729      1.744    30.3331    15.6241          0          0  0.000e+00
  1022.2422      1.640      1.654    30.3253    15.6364          0          0  0.000e+00
  1022.2427      1.547      1.560    30.3290    15.6450          0          0  0.000e+00
  1022.2414      1.461      1.473    30.3306    15.6549          0          0  0.000e+00
  1022.2415      1.390      1.402    30.3346    15.6669          0          0  0.000e+00
  1022.2483      1.352      1.363    30.3480    15.6821          0          0  0.000e+00
  1022.2341      1.340      1.351    30.3355    15.7036          0          0  0.000e+00
  1022.2358      1.357      1.369    30.3427    15.7213          0          0  0.000e+00
  1022.2278      1.389      1.401    30.3375    15.7402          0          0  0.000e+00
  1022.2207      1.428      1.440    30.3335    15.7594          0          0  0.000e+00
  1022.2077      1.466      1.478    30.3210    15.7761          0          0  0.000e+00
  1022.1976      1.490      1.502    30.3105    15.7860          0          0  0.000e+00
  1022.1847      1.497      1.510    30.2945    15.7883          0          0  0.000e+00
  1022.1934      1.488      1.500    30.3040    15.7820          0          0  0.000e+00
  1022.2006      1.476      1.488    30.3125    15.7786          0          0  0.000e+00
  1022.2051      1.464      1.476    30.3191    15.7812          0          0  0.000e+00
  1022.2027      1.477      1.489    30.3178    15.7879          0          0  0.000e+00
  1022.2032      1.545      1.558    30.3200    15.7947          0          0  0.000e+00
  1022.1818      1.678      1.691    30.2932    15.8011          0          0  0.000e+00
  1022.1503      1.858      1.873    30.2493    15.7947          0          0  0.000e+00
  1022.1304      2.028      2.045    30.2132    15.7621          0          0  0.000e+00
  1022.1395      2.161      2.179    30.2079    15.7047          0          0  0.000e+00
  1022.1732      2.251      2.269    30.2329    15.6395          0          0  0.000e+00
  1022.1885      2.305      2.324    30.2372    15.5854          0          0  0.000e+00
  1022.2316      2.312      2.331    30.2790    15.5352          0          0  0.000e+00
  1022.2875      2.267      2.285    30.3440    15.5064          0          0  0.000e+00
  1022.2948      2.180      2.198    30.3568    15.5165          0          0  0.000e+00
  1022.2844      2.080      2.097    30.3503    15.5392          0          0  0.000e+00
  1022.2730      2.003      2.019    30.3420    15.5609          0          0  0.000e+00
  1022.2609      1.972      1.988    30.3311    15.5775          0          0  0.000e+00
  1022.2478      1.983      1.999    30.3170    15.5882          0          0  0.000e+00
  1022.2357      2.016      2.032    30.3014    15.5894          0          0  0.000e+00
  1022.2324      2.052      2.068    30.2945    15.5808          0          0  0.000e+00
  1022.2419      2.079      2.096    30.3032    15.5685          0          0  0.000e+00
  1022.2503      2.101      2.119    30.3118    15.5605          0          0  0.000e+00
  1022.2535      2.121      2.138    30.3149    15.5572          0          0  0.000e+00
  1022.2532      2.142      2.159    30.3141    15.5564          0          0  0.000e+00
  1022.2546      2.179      2.197    30.3155    15.5554          0          0  0.000e+00
  1022.2539      2.238      2.257    30.3141    15.5550          0          0  0.000e+00
  1022.2306      2.337      2.356    30.2827    15.5533          0          0  0.000e+00
  1022.2209      2.474      2.494    30.2642    15.5352          0          0  0.000e+00
  1022.2057      2.660      2.682    30.2336    15.5009          0          0  0.000e+00
  1022.2234      2.892      2.916    30.2417    15.4521          0          0  0.000e+00
  1022.2473      3.148      3.173    30.2577    15.4035          0          0  0.000e+00
  1022.2512      3.423      3.451    30.2498    15.3628          0          0  0.000e+00
  1022.2505      3.711      3.741    30.2354    15.3206          0          0  0.000e+00
  1022.2476      3.996      4.028    30.2155    15.2686          0          0  0.000e+00
