data/eDNA/PER-2021-171/171b012.cnv
* Sea-Bird SBE19plus  Data File:
* FileName = C:\Users\RSG_field\Ryan_2021_Perley\CTD\171b012.hex
* Software version 2.3.0 SB_Terminal.dll
* Temperature SN = 7141
* Conductivity SN = 7141
* System UpLoad Time = Aug 12 2021 09:28:51
* <ApplicationData>
* <SeatermAF>
** Platform: M. Perley
** Cruise: Per2021171
** Station:  ESI_16
** Cast: 01 2
** Latitude: N  44 35.490
** Longitude: W 62 35.818
** Sounding: 98.1
** Chief Scientist: Ryan Stanley
** Comment: 171b012
** aslo collected 80m for water chemistry
# nquan = 8
# nvalues = 3339                                  
# units = specified
# name 0 = density00: Density [density, kg/m^3]
# name 1 = depSM: Depth [salt water, m], lat = 45.00
# name 2 = prdM: Pressure, Strain Gauge [db]
# name 3 = sal00: Salinity, Practical [PSU]
# name 4 = tv290C: Temperature [ITS-90, deg C]
# name 5 = bpos: Bottle Position in Carousel
# name 6 = nbf: Bottles Fired
# name 7 = flag:  0.000e+00
# span 0 =   998.6435,  1026.4395                 
# span 1 =     -0.070,     95.575                 
# span 2 =     -0.070,     96.380                 
# span 3 =     0.0000,    32.7477                 
# span 4 =     3.2085,    18.5110                 
# span 5 =          0,          3                 
# span 6 =          0,          3                 
# span 7 = 0.0000e+00, 0.0000e+00                 
# interval = seconds: 0.25
# start_time = Aug 12 2021 12:11:33 [Instrument's time stamp, header]
# bad_flag = -9.990e-29
*END*
[from data line 1618]
  1026.3279     90.563     91.325    32.6092     3.8320          0          0  0.000e+00
  1026.3292     90.806     91.569    32.6094     3.8312          0          0  0.000e+00
  1026.3316     91.040     91.806    32.6108     3.8303          0          0  0.000e+00
  1026.3323     91.266     92.034    32.6103     3.8296          0          0  0.000e+00
  1026.3439     91.473     92.242    32.6233     3.8271          0          0  0.000e+00
  1026.3541     91.650     92.421    32.6352     3.8276          0          0  0.000e+00
  1026.3563     91.799     92.571    32.6376     3.8317          0          0  0.000e+00
  1026.3551     91.921     92.694    32.6359     3.8363          0          0  0.000e+00
  1026.3540     92.010     92.784    32.6346     3.8404          0          0  0.000e+00
  1026.3501     92.071     92.845    32.6296     3.8432          0          0  0.000e+00
  1026.3497     92.100     92.874    32.6290     3.8443          0          0  0.000e+00
  1026.3494     92.105     92.879    32.6288     3.8449          0          0  0.000e+00
  1026.3490     92.087     92.861    32.6284     3.8458          0          0  0.000e+00
  1026.3477     92.053     92.827    32.6271     3.8462          0          0  0.000e+00
  1026.3453     92.024     92.798    32.6243     3.8467          0          0  0.000e+00
  1026.3445     92.003     92.777    32.6234     3.8465          0          0  0.000e+00
  1026.3454     92.001     92.775    32.6244     3.8462          0          0  0.000e+00
  1026.3485     92.025     92.799    32.6282     3.8461          0          0  0.000e+00
  1026.3513     92.074     92.848    32.6314     3.8462          0          0  0.000e+00
  1026.3524     92.155     92.930    32.6325     3.8472          0          0  0.000e+00
  1026.3553     92.263     93.039    32.6356     3.8484          0          0  0.000e+00
  1026.3563     92.406     93.183    32.6362     3.8501          0          0  0.000e+00
  1026.3764     92.573     93.352    32.6608     3.8525          0          0  0.000e+00
  1026.3822     92.766     93.547    32.6682     3.8617          0          0  0.000e+00
  1026.3802     92.988     93.770    32.6659     3.8741          0          0  0.000e+00
  1026.3815     93.237     94.022    32.6674     3.8846          0          0  0.000e+00
  1026.3822     93.508     94.294    32.6678     3.8938          0          0  0.000e+00
  1026.3812     93.782     94.571    32.6660     3.9023          0          0  0.000e+00
  1026.3886     94.057     94.848    32.6746     3.9098          0          0  0.000e+00
  1026.3938     94.320     95.114    32.6808     3.9194          0          0  0.000e+00
  1026.3944     94.559     95.355    32.6815     3.9301          0          0  0.000e+00
  1026.4131     94.766     95.564    32.7052     3.9418          0          0  0.000e+00
  1026.4082     94.935     95.734    32.7002     3.9583          0          0  0.000e+00
  1026.3990     95.058     95.858    32.6898     3.9729          0          0  0.000e+00
  1026.3917     95.106     95.906    32.6815     3.9826          0          0  0.000e+00
  1026.3856     95.064     95.864    32.6748     3.9880          0          0  0.000e+00
  1026.3766     94.972     95.771    32.6643     3.9900          0          0  0.000e+00
  1026.3758     94.867     95.665    32.6637     3.9887          0          0  0.000e+00
  1026.3583     94.750     95.548    32.6421     3.9863          0          0  0.000e+00
  1026.3602     94.616     95.412    32.6441     3.9780          0          0  0.000e+00
  1026.3682     94.470     95.266    32.6540     3.9698          0          0  0.000e+00
  1026.3687     94.313     95.107    32.6551     3.9654          0          0  0.000e+00
  1026.3655     94.160     94.952    32.6515     3.9620          0          0  0.000e+00
  1026.3674     94.016     94.807    32.6542     3.9582          0          0  0.000e+00
  1026.3688     93.893     94.683    32.6564     3.9551          0          0  0.000e+00
  1026.3699     93.799     94.589    32.6580     3.9532          0          0  0.000e+00
  1026.3699     93.754     94.543    32.6582     3.9522          0          0  0.000e+00
  1026.3688     93.755     94.544    32.6567     3.9513          0          0  0.000e+00
  1026.3629     93.803     94.593    32.6488     3.9500          0          0  0.000e+00
  1026.3594     93.903     94.693    32.6434     3.9464          0          0  0.000e+00
  1026.3652     94.040     94.831    32.6492     3.9405          0          0  0.000e+00
  1026.3781     94.194     94.986    32.6639     3.9370          0          0  0.000e+00
  1026.3987     94.356     95.150    32.6892     3.9389          0          0  0.000e+00
  1026.4054     94.516     95.312    32.6979     3.9488          0          0  0.000e+00
  1026.3993     94.660     95.457    32.6911     3.9621          0          0  0.000e+00
  1026.3935     94.782     95.580    32.6844     3.9725          0          0  0.000e+00
  1026.3882     94.883     95.682    32.6779     3.9791          0          0  0.000e+00
  1026.3883     94.958     95.757    32.6782     3.9830          0          0  0.000e+00
  1026.3916     95.010     95.810    32.6823     3.9860          0          0  0.000e+00
  1026.3976     95.039     95.839    32.6902     3.9903          0          0  0.000e+00
  1026.3920     95.042     95.842    32.6840     3.9964          0          0  0.000e+00
  1026.3871     95.024     95.824    32.6785     4.0006          0          0  0.000e+00
  1026.3839     94.981     95.781    32.6749     4.0021          0          0  0.000e+00
  1026.3847     94.915     95.714    32.6763     4.0024          0          0  0.000e+00
  1026.3846     94.833     95.631    32.6766     4.0025          0          0  0.000e+00
  1026.3845     94.732     95.530    32.6772     4.0030          0          0  0.000e+00
  1026.3831     94.622     95.418    32.6763     4.0037          0          0  0.000e+00
  1026.3802     94.501     95.297    32.6734     4.0043          0          0  0.000e+00
  1026.3795     94.377     95.171    32.6732     4.0039          0          0  0.000e+00
  1026.3755     94.252     95.045    32.6688     4.0032          0          0  0.000e+00
  1026.3716     94.133     94.925    32.6643     4.0008          0          0  0.000e+00
  1026.3710     94.025     94.816    32.6637     3.9973          0          0  0.000e+00
  1026.3715     93.946     94.736    32.6643     3.9937          0          0  0.000e+00
  1026.3709     93.896     94.686    32.6634     3.9902          0          0  0.000e+00
  1026.3635     93.876     94.666    32.6538     3.9868          0          0  0.000e+00
  1026.3563     93.897     94.687    32.6438     3.9808          0          0  0.000e+00
  1026.3583     93.952     94.743    32.6450     3.9719          0          0  0.000e+00
  1026.3642     94.042     94.833    32.6508     3.9633          0          0  0.000e+00
  1026.3792     94.142     94.934    32.6684     3.9579          0          0  0.000e+00
  1026.3826     94.264     95.057    32.6719     3.9585          0          0  0.000e+00
  1026.3900     94.380     95.175    32.6809     3.9613          0          0  0.000e+00
  1026.3888     94.487     95.283    32.6794     3.9664          0          0  0.000e+00
  1026.3917     94.581     95.377    32.6832     3.9716          0          0  0.000e+00
  1026.3919     94.656     95.453    32.6838     3.9771          0          0  0.000e+00
  1026.3899     94.710     95.507    32.6815     3.9821          0          0  0.000e+00
  1026.3877     94.747     95.545    32.6791     3.9862          0          0  0.000e+00
  1026.3863     94.766     95.564    32.6775     3.9889          0          0  0.000e+00
  1026.3860     94.766     95.564    32.6774     3.9907          0          0  0.000e+00
  1026.3848     94.757     95.554    32.6761     3.9922          0          0  0.000e+00
  1026.3846     94.742     95.539    32.6760     3.9932          0          0  0.000e+00
  1026.3832     94.723     95.520    32.6745     3.9939          0          0  0.000e+00
  1026.3804     94.710     95.507    32.6711     3.9942          0          0  0.000e+00
  1026.3809     94.701     95.498    32.6716     3.9932          0          0  0.000e+00
  1026.3804     94.697     95.494    32.6709     3.9923          0          0  0.000e+00
  1026.3798     94.691     95.488    32.6700     3.9913          0          0  0.000e+00
  1026.3821     94.677     95.474    32.6729     3.9903          0          0  0.000e+00
  1026.3817     94.647     95.443    32.6726     3.9899          0          0  0.000e+00
  1026.3806     94.596     95.392    32.6714     3.9897          0          0  0.000e+00
  1026.3787     94.524     95.319    32.6694     3.9893          0          0  0.000e+00
  1026.3786     94.434     95.229    32.6697     3.9885          0          0  0.000e+00
  1026.3765     94.338     95.132    32.6676     3.9879          0          0  0.000e+00
  1026.3764     94.248     95.041    32.6679     3.9869          0          0  0.000e+00
  1026.3714     94.183     94.976    32.6618     3.9859          0          0  0.000e+00
  1026.3677     94.150     94.943    32.6569     3.9831          0          0  0.000e+00
  1026.3645     94.158     94.950    32.6523     3.9783          0          0  0.000e+00
  1026.3667     94.205     94.998    32.6541     3.9722          0          0  0.000e+00
  1026.3671     94.293     95.087    32.6533     3.9669          0          0  0.000e+00
  1026.3698     94.404     95.198    32.6555     3.9619          0          0  0.000e+00
  1026.3761     94.528     95.323    32.6621     3.9576          0          0  0.000e+00
  1026.3799     94.645     95.442    32.6660     3.9561          0          0  0.000e+00
  1026.3820     94.745     95.543    32.6680     3.9563          0          0  0.000e+00
  1026.3964     94.810     95.608    32.6861     3.9588          0          0  0.000e+00
  1026.3960     94.838     95.637    32.6863     3.9654          0          0  0.000e+00
  1026.3925     94.825     95.623    32.6828     3.9723          0          0  0.000e+00
  1026.3803     94.770     95.567    32.6685     3.9777          0          0  0.000e+00
  1026.3763     94.683     95.480    32.6640     3.9781          0          0  0.000e+00
  1026.3739     94.579     95.375    32.6614     3.9763          0          0  0.000e+00
  1026.3740     94.471     95.266    32.6619     3.9740          0          0  0.000e+00
  1026.3712     94.371     95.165    32.6587     3.9719          0          0  0.000e+00
  1026.3703     94.299     95.092    32.6576     3.9689          0          0  0.000e+00
  1026.3698     94.250     95.043    32.6568     3.9659          0          0  0.000e+00
  1026.3678     94.234     95.027    32.6540     3.9625          0          0  0.000e+00
  1026.3661     94.246     95.039    32.6512     3.9583          0          0  0.000e+00
  1026.3707     94.275     95.069    32.6562     3.9535          0          0  0.000e+00
  1026.3725     94.318     95.112    32.6580     3.9505          0          0  0.000e+00
  1026.3751     94.363     95.158    32.6607     3.9487          0          0  0.000e+00
  1026.3761     94.406     95.200    32.6616     3.9480          0          0  0.000e+00
  1026.3784     94.437     95.231    32.6643     3.9479          0          0  0.000e+00
  1026.3799     94.458     95.253    32.6662     3.9486          0          0  0.000e+00
  1026.3799     94.466     95.261    32.6663     3.9498          0          0  0.000e+00
  1026.3790     94.470     95.265    32.6653     3.9513          0          0  0.000e+00
  1026.3772     94.471     95.266    32.6632     3.9522          0          0  0.000e+00
  1026.3771     94.479     95.274    32.6631     3.9525          0          0  0.000e+00
  1026.3767     94.489     95.284    32.6624     3.9523          0          0  0.000e+00
  1026.3769     94.516     95.312    32.6625     3.9520          0          0  0.000e+00
  1026.3776     94.551     95.347    32.6632     3.9517          0          0  0.000e+00
  1026.3780     94.594     95.390    32.6634     3.9517          0          0  0.000e+00
  1026.3795     94.642     95.439    32.6650     3.9520          0          0  0.000e+00
  1026.3810     94.690     95.487    32.6667     3.9528          0          0  0.000e+00
  1026.3812     94.739     95.536    32.6668     3.9539          0          0  0.000e+00
  1026.3878     94.780     95.578    32.6750     3.9553          0          0  0.000e+00
  1026.3860     94.814     95.612    32.6731     3.9589          0          0  0.000e+00
  1026.3840     94.840     95.638    32.6708     3.9621          0          0  0.000e+00
  1026.3900     94.858     95.656    32.6785     3.9644          0          0  0.000e+00
  1026.3920     94.865     95.664    32.6815     3.9685          0          0  0.000e+00
  1026.3875     94.862     95.660    32.6766     3.9738          0          0  0.000e+00
  1026.3821     94.839     95.637    32.6703     3.9768          0          0  0.000e+00
  1026.3723     94.801     95.599    32.6582     3.9773          0          0  0.000e+00
  1026.3700     94.746     95.544    32.6552     3.9738          0          0  0.000e+00
  1026.3737     94.671     95.468    32.6597     3.9693          0          0  0.000e+00
  1026.3761     94.588     95.384    32.6629     3.9664          0          0  0.000e+00
  1026.3766     94.493     95.288    32.6639     3.9652          0          0  0.000e+00
  1026.3768     94.395     95.190    32.6646     3.9648          0          0  0.000e+00
  1026.3745     94.304     95.098    32.6623     3.9649          0          0  0.000e+00
  1026.3727     94.221     95.014    32.6605     3.9641          0          0  0.000e+00
  1026.3717     94.151     94.944    32.6594     3.9627          0          0  0.000e+00
  1026.3720     94.106     94.898    32.6598     3.9609          0          0  0.000e+00
  1026.3710     94.081     94.873    32.6585     3.9592          0          0  0.000e+00
  1026.3634     94.086     94.878    32.6487     3.9570          0          0  0.000e+00
  1026.3611     94.113     94.905    32.6449     3.9516          0          0  0.000e+00
  1026.3689     94.175     94.967    32.6536     3.9450          0          0  0.000e+00
  1026.3740     94.271     95.065    32.6589     3.9417          0          0  0.000e+00
  1026.3799     94.391     95.186    32.6656     3.9410          0          0  0.000e+00
  1026.3830     94.528     95.324    32.6688     3.9423          0          0  0.000e+00
  1026.3958     94.670     95.467    32.6845     3.9456          0          0  0.000e+00
  1026.4008     94.809     95.607    32.6909     3.9531          0          0  0.000e+00
  1026.3877     94.933     95.732    32.6749     3.9625          0          0  0.000e+00
  1026.3817     95.033     95.833    32.6674     3.9666          0          0  0.000e+00
  1026.3834     95.094     95.895    32.6691     3.9674          0          0  0.000e+00
  1026.3820     95.116     95.917    32.6673     3.9680          0          0  0.000e+00
  1026.3836     95.089     95.889    32.6695     3.9681          0          0  0.000e+00
  1026.3820     95.020     95.820    32.6680     3.9687          0          0  0.000e+00
  1026.3837     94.911     95.710    32.6708     3.9692          0          0  0.000e+00
  1026.3831     94.777     95.575    32.6710     3.9705          0          0  0.000e+00
  1026.3807     94.634     95.430    32.6692     3.9722          0          0  0.000e+00
  1026.3776     94.499     95.295    32.6661     3.9732          0          0  0.000e+00
  1026.3756     94.382     95.176    32.6643     3.9730          0          0  0.000e+00
  1026.3695     94.291     95.085    32.6569     3.9714          0          0  0.000e+00
  1026.3687     94.234     95.027    32.6558     3.9681          0          0  0.000e+00
