data/eDNA/PER-2021-171/171b028.cnv
* Sea-Bird SBE19plus  Data File:
* FileName = C:\Users\RSG_field\Ryan_2021_Perley\CTD\171b028.hex
* Software version 2.3.0 SB_Terminal.dll
* Temperature SN = 7141
* Conductivity SN = 7141
* System UpLoad Time = Aug 18 2021 09:10:46
* <ApplicationData>
* <SeatermAF>
** Platform: M. Perley
** Cruise: Per2021171
** Station:  GC-04
** Cast: 01 2
** Latitude: N  44 55.685
** Longitude: W 59 51.591
** Sounding: 49.7
** Chief Scientist: Ryan Stanley
** Comment: 171b028
# nquan = 8
# nvalues = 2492                                  
# units = specified
# name 0 = density00: Density [density, kg/m^3]
# name 1 = depSM: Depth [salt water, m], lat = 45.00
# name 2 = prdM: Pressure, Strain Gauge [db]
# name 3 = sal00: Salinity, Practical [PSU]
# name 4 = tv290C: Temperature [ITS-90, deg C]
# name 5 = bpos: Bottle Position in Carousel
# name 6 = nbf: Bottles Fired
# name 7 = flag:  0.000e+00
# span 0 =   998.5974,  1023.3715                 
# span 1 =     -0.002,     49.236                 
# span 2 =     -0.002,     49.645                 
# span 3 =     0.0298,    30.4769                 
# span 4 =    11.2056,    19.1124                 
# span 5 =          0,          3                 
# span 6 =          0,          3                 
# span 7 = 0.0000e+00, 0.0000e+00                 
# interval = seconds: 0.25
# start_time = Aug 18 2021 11:57:57 [Instrument's time stamp, header]
# bad_flag = -9.990e-29
*END*
   998.6182      0.009      0.009     0.0616    18.1405          0          0  0.000e+00
   998.6155      0.006      0.006     0.0579    18.1395          0          0  0.000e+00
   998.6142      0.005      0.005     0.0559    18.1380          0          0  0.000e+00
   998.6129      0.004      0.004     0.0539    18.1371          0          0  0.000e+00
   998.6115      0.006      0.006     0.0518    18.1359          0          0  0.000e+00
   998.6092      0.005      0.005     0.0486    18.1348          0          0  0.000e+00
   998.6066      0.006      0.006     0.0450    18.1338          0          0  0.000e+00
   998.6051      0.008      0.008     0.0428    18.1326          0          0  0.000e+00
   998.6042      0.008      0.008     0.0412    18.1312          0          0  0.000e+00
   998.6034      0.009      0.009     0.0399    18.1302          0          0  0.000e+00
   998.6028      0.010      0.010     0.0388    18.1290          0          0  0.000e+00
   998.6023      0.007      0.007     0.0378    18.1278          0          0  0.000e+00
   998.6015      0.007      0.007     0.0366    18.1266          0          0  0.000e+00
   998.6006      0.009      0.009     0.0351    18.1252          0          0  0.000e+00
   998.5995      0.009      0.009     0.0335    18.1243          0          0  0.000e+00
   998.5988      0.009      0.009     0.0322    18.1230          0          0  0.000e+00
   998.5980      0.008      0.008     0.0308    18.1219          0          0  0.000e+00
   998.5974      0.009      0.009     0.0298    18.1207          0          0  0.000e+00
   998.6080      0.009      0.009     0.0432    18.1194          0          0  0.000e+00
   998.8766      0.009      0.009     0.3926    18.1183          0          0  0.000e+00
   998.8240      0.008      0.008     0.3237    18.1171          0          0  0.000e+00
   998.7496      0.009      0.009     0.2266    18.1158          0          0  0.000e+00
   998.7169      0.007      0.007     0.1838    18.1148          0          0  0.000e+00
   998.6970      0.007      0.007     0.1576    18.1136          0          0  0.000e+00
   998.6828      0.008      0.008     0.1390    18.1132          0          0  0.000e+00
   998.6722      0.007      0.007     0.1250    18.1126          0          0  0.000e+00
   998.6638      0.007      0.007     0.1140    18.1121          0          0  0.000e+00
   998.6568      0.008      0.008     0.1047    18.1112          0          0  0.000e+00
   998.6460      0.005      0.005     0.0904    18.1099          0          0  0.000e+00
   998.6425      0.005      0.005     0.0859    18.1100          0          0  0.000e+00
   998.6383      0.005      0.005     0.0799    18.1082          0          0  0.000e+00
   998.6701      0.004      0.004     0.1216    18.1097          0          0  0.000e+00
   998.6678      0.001      0.001     0.1169    18.1022          0          0  0.000e+00
   998.7310      0.000      0.000     0.1990    18.1021          0          0  0.000e+00
   998.6327      0.000      0.000     0.0716    18.1037          0          0  0.000e+00
   998.6298     -0.001     -0.001     0.0675    18.1019          0          0  0.000e+00
   998.6271     -0.002     -0.002     0.0637    18.1008          0          0  0.000e+00
   998.6250      0.001      0.001     0.0607    18.0999          0          0  0.000e+00
   998.6242      0.002      0.002     0.0592    18.0982          0          0  0.000e+00
   998.6231      0.008      0.008     0.0577    18.0977          0          0  0.000e+00
   998.8274      0.009      0.009     0.3233    18.0967          0          0  0.000e+00
   999.4267      0.008      0.008     1.1050    18.0955          0          0  0.000e+00
   999.1106      0.008      0.008     0.6919    18.0944          0          0  0.000e+00
   999.1094      0.008      0.008     0.6902    18.0935          0          0  0.000e+00
   999.1515      0.008      0.008     0.7453    18.0947          0          0  0.000e+00
   999.1413      0.007      0.007     0.7327    18.0975          0          0  0.000e+00
   999.0783      0.008      0.008     0.6512    18.1005          0          0  0.000e+00
   999.0241      0.009      0.009     0.5812    18.1031          0          0  0.000e+00
   998.9806      0.007      0.007     0.5248    18.1047          0          0  0.000e+00
   998.9465      0.006      0.006     0.4807    18.1061          0          0  0.000e+00
   998.9208      0.007      0.007     0.4474    18.1069          0          0  0.000e+00
   998.8984      0.008      0.008     0.4184    18.1074          0          0  0.000e+00
   998.8811      0.006      0.006     0.3959    18.1077          0          0  0.000e+00
   998.8668      0.007      0.007     0.3772    18.1075          0          0  0.000e+00
   998.8536      0.005      0.005     0.3599    18.1070          0          0  0.000e+00
   998.8365      0.006      0.006     0.3374    18.1063          0          0  0.000e+00
   998.8201      0.006      0.006     0.3158    18.1052          0          0  0.000e+00
   998.8019      0.007      0.007     0.2919    18.1047          0          0  0.000e+00
   998.7900      0.006      0.006     0.2761    18.1034          0          0  0.000e+00
   998.7542      0.006      0.006     0.2293    18.1023          0          0  0.000e+00
   998.7282      0.007      0.007     0.1952    18.1013          0          0  0.000e+00
   998.6938      0.007      0.007     0.1502    18.1002          0          0  0.000e+00
   998.6846      0.007      0.007     0.1379    18.0990          0          0  0.000e+00
   998.6758      0.007      0.007     0.1262    18.0979          0          0  0.000e+00
   998.6672      0.007      0.007     0.1147    18.0966          0          0  0.000e+00
   998.6601      0.007      0.007     0.1052    18.0955          0          0  0.000e+00
   998.6541      0.006      0.006     0.0972    18.0943          0          0  0.000e+00
   998.6489      0.007      0.007     0.0901    18.0929          0          0  0.000e+00
   998.6436      0.006      0.006     0.0829    18.0918          0          0  0.000e+00
   998.6379      0.008      0.008     0.0751    18.0905          0          0  0.000e+00
   998.6341      0.007      0.007     0.0700    18.0893          0          0  0.000e+00
   998.6323      0.008      0.008     0.0672    18.0879          0          0  0.000e+00
   998.6308      0.006      0.006     0.0649    18.0863          0          0  0.000e+00
   998.6294      0.007      0.007     0.0628    18.0849          0          0  0.000e+00
   998.6281      0.007      0.007     0.0608    18.0837          0          0  0.000e+00
   998.6269      0.009      0.009     0.0590    18.0827          0          0  0.000e+00
   998.6258      0.007      0.007     0.0573    18.0814          0          0  0.000e+00
   998.6249      0.009      0.009     0.0558    18.0803          0          0  0.000e+00
   998.6241      0.009      0.009     0.0545    18.0791          0          0  0.000e+00
   998.6235      0.006      0.006     0.0533    18.0776          0          0  0.000e+00
   998.6226      0.008      0.008     0.0518    18.0762          0          0  0.000e+00
   998.6220      0.005      0.005     0.0506    18.0747          0          0  0.000e+00
   998.6214      0.008      0.008     0.0495    18.0733          0          0  0.000e+00
   998.6208      0.006      0.006     0.0485    18.0721          0          0  0.000e+00
   998.6203      0.008      0.008     0.0475    18.0707          0          0  0.000e+00
   998.6198      0.008      0.008     0.0465    18.0692          0          0  0.000e+00
   998.6192      0.007      0.007     0.0454    18.0680          0          0  0.000e+00
   998.6231      0.007      0.007     0.0502    18.0667          0          0  0.000e+00
   999.3566      0.007      0.007     1.0060    18.0654          0          0  0.000e+00
  1000.8379      0.007      0.007     2.9446    18.0640          0          0  0.000e+00
   999.8677      0.008      0.008     1.6735    18.0627          0          0  0.000e+00
  1000.0754      0.008      0.008     1.9452    18.0626          0          0  0.000e+00
  1000.0742      0.007      0.007     1.9443    18.0649          0          0  0.000e+00
  1000.0467      0.006      0.006     1.9091    18.0684          0          0  0.000e+00
   999.8907      0.006      0.006     1.7058    18.0717          0          0  0.000e+00
   999.7280      0.007      0.007     1.4936    18.0739          0          0  0.000e+00
   999.6245      0.006      0.006     1.3586    18.0755          0          0  0.000e+00
   999.4701      0.005      0.005     1.1568    18.0760          0          0  0.000e+00
   999.3174      0.006      0.006     0.9576    18.0766          0          0  0.000e+00
   999.2658      0.005      0.005     0.8903    18.0772          0          0  0.000e+00
   999.2433      0.005      0.005     0.8612    18.0785          0          0  0.000e+00
   999.1663      0.006      0.006     0.7611    18.0800          0          0  0.000e+00
   999.0819      0.006      0.006     0.6513    18.0812          0          0  0.000e+00
   999.0358      0.005      0.005     0.5913    18.0820          0          0  0.000e+00
   999.0076      0.004      0.004     0.5550    18.0837          0          0  0.000e+00
   998.9820      0.005      0.005     0.5220    18.0857          0          0  0.000e+00
   998.9676      0.007      0.007     0.5037    18.0875          0          0  0.000e+00
   998.9722      0.006      0.006     0.5100    18.0887          0          0  0.000e+00
   998.9809      0.006      0.006     0.5215    18.0893          0          0  0.000e+00
   998.9728      0.006      0.006     0.5109    18.0891          0          0  0.000e+00
   998.9756      0.007      0.007     0.5143    18.0883          0          0  0.000e+00
   999.0053      0.008      0.008     0.5527    18.0868          0          0  0.000e+00
   999.0827      0.007      0.007     0.6532    18.0851          0          0  0.000e+00
   999.1608      0.006      0.006     0.7548    18.0835          0          0  0.000e+00
   999.2313      0.005      0.005     0.8465    18.0821          0          0  0.000e+00
   999.2598      0.007      0.007     0.8834    18.0811          0          0  0.000e+00
   999.2759      0.007      0.007     0.9039    18.0792          0          0  0.000e+00
   999.2633      0.008      0.008     0.8871    18.0776          0          0  0.000e+00
   999.2420      0.007      0.007     0.8590    18.0760          0          0  0.000e+00
   999.2326      0.007      0.007     0.8464    18.0748          0          0  0.000e+00
   999.2522      0.007      0.007     0.8717    18.0738          0          0  0.000e+00
   999.2451      0.007      0.007     0.8623    18.0733          0          0  0.000e+00
   999.2345      0.006      0.006     0.8487    18.0743          0          0  0.000e+00
   999.2202      0.007      0.007     0.8306    18.0762          0          0  0.000e+00
   999.2135      0.007      0.007     0.8222    18.0779          0          0  0.000e+00
   999.1850      0.007      0.007     0.7853    18.0794          0          0  0.000e+00
   999.1519      0.007      0.007     0.7427    18.0814          0          0  0.000e+00
   999.1264      0.007      0.007     0.7099    18.0836          0          0  0.000e+00
   999.1013      0.004      0.004     0.6777    18.0858          0          0  0.000e+00
   999.0750      0.007      0.007     0.6438    18.0880          0          0  0.000e+00
   999.0448      0.008      0.008     0.6048    18.0895          0          0  0.000e+00
   999.0093      0.005      0.005     0.5588    18.0906          0          0  0.000e+00
   998.9893      0.007      0.007     0.5330    18.0917          0          0  0.000e+00
   998.9694      0.006      0.006     0.5070    18.0915          0          0  0.000e+00
   998.9412      0.007      0.007     0.4701    18.0910          0          0  0.000e+00
   998.9138      0.007      0.007     0.4343    18.0905          0          0  0.000e+00
   998.9004      0.007      0.007     0.4168    18.0905          0          0  0.000e+00
   998.8790      0.005      0.005     0.3889    18.0902          0          0  0.000e+00
   998.7843      0.006      0.006     0.2654    18.0897          0          0  0.000e+00
   998.7433      0.005      0.005     0.2120    18.0898          0          0  0.000e+00
   998.7399      0.006      0.006     0.2077    18.0898          0          0  0.000e+00
   998.7421      0.006      0.006     0.2104    18.0895          0          0  0.000e+00
   998.7399      0.006      0.006     0.2073    18.0883          0          0  0.000e+00
   998.7404      0.007      0.007     0.2074    18.0862          0          0  0.000e+00
   998.7331      0.005      0.005     0.1972    18.0835          0          0  0.000e+00
   998.7088      0.004      0.004     0.1650    18.0809          0          0  0.000e+00
   998.6873      0.006      0.006     0.1364    18.0782          0          0  0.000e+00
   998.6771      0.007      0.007     0.1225    18.0755          0          0  0.000e+00
   998.6744      0.006      0.006     0.1183    18.0728          0          0  0.000e+00
   998.6657      0.006      0.006     0.1065    18.0706          0          0  0.000e+00
   998.6509      0.007      0.007     0.0866    18.0680          0          0  0.000e+00
   998.6501      0.006      0.006     0.0849    18.0654          0          0  0.000e+00
   998.6442      0.006      0.006     0.0768    18.0631          0          0  0.000e+00
   998.6394      0.006      0.006     0.0700    18.0607          0          0  0.000e+00
   998.6350      0.009      0.009     0.0636    18.0583          0          0  0.000e+00
  1011.5038      0.157      0.159    16.9699    18.0659          0          0  0.000e+00
  1021.0095      0.406      0.410    29.5233    18.3145          0          0  0.000e+00
  1020.8631      0.626      0.631    29.4387    18.6569          0          0  0.000e+00
  1020.7010      0.820      0.826    29.2905    18.8615          0          0  0.000e+00
  1020.6134      0.988      0.996    29.2097    18.9709          0          0  0.000e+00
  1020.5636      1.127      1.136    29.1619    19.0277          0          0  0.000e+00
  1020.5314      1.248      1.258    29.1282    19.0562          0          0  0.000e+00
  1020.5100      1.357      1.368    29.1037    19.0693          0          0  0.000e+00
  1020.4944      1.461      1.473    29.0841    19.0741          0          0  0.000e+00
  1020.4950      1.470      1.482    29.0846    19.0731          0          0  0.000e+00
  1020.4712      1.403      1.414    29.0446    19.0452          0          0  0.000e+00
  1020.4989      1.340      1.351    29.0707    19.0119          0          0  0.000e+00
  1020.5471      1.304      1.315    29.1278    18.9922          0          0  0.000e+00
  1020.5714      1.289      1.300    29.1609    18.9958          0          0  0.000e+00
  1020.5681      1.297      1.307    29.1610    19.0097          0          0  0.000e+00
  1020.5581      1.335      1.346    29.1522    19.0236          0          0  0.000e+00
  1020.5490      1.418      1.429    29.1432    19.0340          0          0  0.000e+00
  1020.5458      1.534      1.547    29.1407    19.0417          0          0  0.000e+00
  1020.5446      1.669      1.682    29.1404    19.0479          0          0  0.000e+00
  1020.5406      1.803      1.818    29.1360    19.0529          0          0  0.000e+00
  1020.5341      1.923      1.939    29.1282    19.0574          0          0  0.000e+00
  1020.5264      2.003      2.019    29.1187    19.0610          0          0  0.000e+00
  1020.5209      2.043      2.060    29.1121    19.0635          0          0  0.000e+00
  1020.5276      2.047      2.064    29.1211    19.0643          0          0  0.000e+00
