data/eDNA/PER-2021-171/171b002.cnv
* Sea-Bird SBE19plus  Data File:
* FileName = C:\Users\RSG_field\Ryan_2021_Perley\CTD\171b002.hex
* Software version 2.3.0 SB_Terminal.dll
* Temperature SN = 7141
* Conductivity SN = 7141
* System UpLoad Time = Aug 09 2021 10:07:11
* <ApplicationData>
* <SeatermAF>
** Platform: M. Perley
** Cruise: Per2021171
** Station:  ESI-08
** Cast: 01 02
** Latitude: N  44 40.1412
** Longitude: W 62 20.7438
** Sounding: 112
** Chief Scientist: Ryan Stanley
** Comment: second replicate - also GC_5
** get coordinates from the af file
# nquan = 8
# nvalues = 3926                                  
# units = specified
# name 0 = density00: Density [density, kg/m^3]
# name 1 = depSM: Depth [salt water, m], lat = 45.00
# name 2 = prdM: Pressure, Strain Gauge [db]
# name 3 = sal00: Salinity, Practical [PSU]
# name 4 = tv290C: Temperature [ITS-90, deg C]
# name 5 = bpos: Bottle Position in Carousel
# name 6 = nbf: Bottles Fired
# name 7 = flag:  0.000e+00
# span 0 =   998.8362,  1026.4946                 
# span 1 =      0.022,     99.509                 
# span 2 =      0.022,    100.348                 
# span 3 =     0.0000,    32.9626                 
# span 4 =     3.0902,    17.7788                 
# span 5 =          0,          6                 
# span 6 =          0,          6                 
# span 7 = 0.0000e+00, 0.0000e+00                 
# interval = seconds: 0.25
# start_time = Aug 09 2021 12:38:12 [Instrument's time stamp, header]
# bad_flag = -9.990e-29
*END*
[from data line 1439]
  1026.0837     62.711     63.233    32.4036     3.2948          0          0  0.000e+00
  1026.0846     62.812     63.336    32.4043     3.2967          0          0  0.000e+00
  1026.0888     62.910     63.434    32.4092     3.2986          0          0  0.000e+00
  1026.0904     63.004     63.530    32.4109     3.3003          0          0  0.000e+00
  1026.0915     63.106     63.632    32.4117     3.3013          0          0  0.000e+00
  1026.0950     63.223     63.750    32.4155     3.3016          0          0  0.000e+00
  1026.1011     63.371     63.900    32.4223     3.3020          0          0  0.000e+00
  1026.1073     63.549     64.079    32.4291     3.3031          0          0  0.000e+00
  1026.1149     63.759     64.291    32.4377     3.3058          0          0  0.000e+00
  1026.1207     64.008     64.542    32.4441     3.3102          0          0  0.000e+00
  1026.1218     64.293     64.830    32.4443     3.3157          0          0  0.000e+00
  1026.1270     64.587     65.126    32.4496     3.3199          0          0  0.000e+00
  1026.1295     64.872     65.414    32.4517     3.3248          0          0  0.000e+00
  1026.1298     65.135     65.679    32.4510     3.3296          0          0  0.000e+00
  1026.1289     65.368     65.914    32.4489     3.3337          0          0  0.000e+00
  1026.1298     65.551     66.098    32.4493     3.3368          0          0  0.000e+00
  1026.1293     65.665     66.213    32.4483     3.3394          0          0  0.000e+00
  1026.1299     65.716     66.265    32.4489     3.3412          0          0  0.000e+00
  1026.1282     65.698     66.246    32.4471     3.3431          0          0  0.000e+00
  1026.1289     65.617     66.164    32.4487     3.3445          0          0  0.000e+00
  1026.1280     65.489     66.036    32.4486     3.3467          0          0  0.000e+00
  1026.1212     65.336     65.881    32.4412     3.3489          0          0  0.000e+00
  1026.1191     65.187     65.731    32.4395     3.3489          0          0  0.000e+00
  1026.1194     65.055     65.597    32.4406     3.3481          0          0  0.000e+00
  1026.1180     64.976     65.518    32.4392     3.3477          0          0  0.000e+00
  1026.1165     64.956     65.498    32.4373     3.3468          0          0  0.000e+00
  1026.1181     65.004     65.546    32.4389     3.3448          0          0  0.000e+00
  1026.1198     65.128     65.671    32.4400     3.3432          0          0  0.000e+00
  1026.1223     65.307     65.852    32.4420     3.3418          0          0  0.000e+00
  1026.1262     65.537     66.084    32.4454     3.3410          0          0  0.000e+00
  1026.1307     65.799     66.348    32.4495     3.3413          0          0  0.000e+00
  1026.1355     66.088     66.640    32.4540     3.3429          0          0  0.000e+00
  1026.1365     66.384     66.938    32.4537     3.3447          0          0  0.000e+00
  1026.1402     66.667     67.224    32.4568     3.3451          0          0  0.000e+00
  1026.1459     66.941     67.500    32.4623     3.3451          0          0  0.000e+00
  1026.1509     67.207     67.768    32.4670     3.3460          0          0  0.000e+00
  1026.1556     67.466     68.029    32.4717     3.3475          0          0  0.000e+00
  1026.1583     67.708     68.274    32.4738     3.3497          0          0  0.000e+00
  1026.1623     67.934     68.501    32.4778     3.3521          0          0  0.000e+00
  1026.1657     68.148     68.717    32.4811     3.3546          0          0  0.000e+00
  1026.1655     68.336     68.907    32.4801     3.3573          0          0  0.000e+00
  1026.1656     68.502     69.075    32.4794     3.3593          0          0  0.000e+00
  1026.1651     68.648     69.221    32.4781     3.3608          0          0  0.000e+00
  1026.1652     68.771     69.345    32.4776     3.3615          0          0  0.000e+00
  1026.1654     68.872     69.448    32.4772     3.3620          0          0  0.000e+00
  1026.1659     68.949     69.525    32.4775     3.3622          0          0  0.000e+00
  1026.1665     69.007     69.584    32.4779     3.3625          0          0  0.000e+00
  1026.1668     69.047     69.624    32.4781     3.3628          0          0  0.000e+00
  1026.1680     69.058     69.635    32.4795     3.3633          0          0  0.000e+00
  1026.1674     69.058     69.635    32.4789     3.3643          0          0  0.000e+00
  1026.1692     69.037     69.613    32.4814     3.3653          0          0  0.000e+00
  1026.1668     69.000     69.576    32.4789     3.3670          0          0  0.000e+00
  1026.1652     68.941     69.517    32.4772     3.3679          0          0  0.000e+00
  1026.1645     68.878     69.453    32.4768     3.3681          0          0  0.000e+00
  1026.1653     68.811     69.386    32.4782     3.3681          0          0  0.000e+00
  1026.1649     68.755     69.329    32.4781     3.3685          0          0  0.000e+00
  1026.1643     68.723     69.297    32.4775     3.3689          0          0  0.000e+00
  1026.1625     68.729     69.303    32.4753     3.3692          0          0  0.000e+00
  1026.1618     68.792     69.366    32.4739     3.3685          0          0  0.000e+00
  1026.1620     68.923     69.499    32.4732     3.3671          0          0  0.000e+00
  1026.1642     69.132     69.710    32.4745     3.3652          0          0  0.000e+00
  1026.1665     69.409     69.989    32.4757     3.3639          0          0  0.000e+00
  1026.1687     69.731     70.314    32.4765     3.3632          0          0  0.000e+00
  1026.1709     70.066     70.652    32.4772     3.3628          0          0  0.000e+00
  1026.1730     70.389     70.977    32.4779     3.3626          0          0  0.000e+00
  1026.1755     70.685     71.276    32.4793     3.3627          0          0  0.000e+00
  1026.1793     70.939     71.532    32.4826     3.3632          0          0  0.000e+00
  1026.1846     71.163     71.757    32.4881     3.3647          0          0  0.000e+00
  1026.1869     71.343     71.939    32.4903     3.3677          0          0  0.000e+00
  1026.1880     71.510     72.108    32.4910     3.3711          0          0  0.000e+00
  1026.1898     71.756     72.356    32.4922     3.3746          0          0  0.000e+00
  1026.1903     72.030     72.632    32.4916     3.3780          0          0  0.000e+00
  1026.1928     72.208     72.812    32.4941     3.3810          0          0  0.000e+00
  1026.1918     72.193     72.797    32.4933     3.3841          0          0  0.000e+00
  1026.1906     72.103     72.706    32.4926     3.3865          0          0  0.000e+00
  1026.1872     71.968     72.570    32.4893     3.3887          0          0  0.000e+00
  1026.1830     71.832     72.432    32.4851     3.3900          0          0  0.000e+00
  1026.1787     71.702     72.302    32.4803     3.3898          0          0  0.000e+00
  1026.1767     71.599     72.198    32.4783     3.3881          0          0  0.000e+00
  1026.1743     71.521     72.119    32.4755     3.3857          0          0  0.000e+00
  1026.1758     71.474     72.072    32.4772     3.3828          0          0  0.000e+00
  1026.1763     71.463     72.060    32.4777     3.3807          0          0  0.000e+00
  1026.1793     71.495     72.093    32.4810     3.3790          0          0  0.000e+00
  1026.1831     71.574     72.172    32.4853     3.3782          0          0  0.000e+00
  1026.1877     71.699     72.298    32.4904     3.3787          0          0  0.000e+00
  1026.1884     71.861     72.462    32.4906     3.3808          0          0  0.000e+00
  1026.1915     72.066     72.668    32.4935     3.3826          0          0  0.000e+00
  1026.1944     72.310     72.914    32.4960     3.3849          0          0  0.000e+00
  1026.2035     72.569     73.176    32.5061     3.3876          0          0  0.000e+00
  1026.2095     72.860     73.469    32.5126     3.3927          0          0  0.000e+00
  1026.2152     73.175     73.787    32.5186     3.3996          0          0  0.000e+00
  1026.2173     73.477     74.092    32.5204     3.4071          0          0  0.000e+00
  1026.2198     73.784     74.402    32.5225     3.4138          0          0  0.000e+00
  1026.2221     74.065     74.685    32.5243     3.4195          0          0  0.000e+00
  1026.2227     74.339     74.961    32.5240     3.4243          0          0  0.000e+00
  1026.2260     74.603     75.227    32.5270     3.4284          0          0  0.000e+00
  1026.2304     74.858     75.485    32.5315     3.4318          0          0  0.000e+00
  1026.2334     75.083     75.712    32.5344     3.4355          0          0  0.000e+00
  1026.2342     75.257     75.887    32.5348     3.4394          0          0  0.000e+00
  1026.2340     75.345     75.976    32.5344     3.4427          0          0  0.000e+00
  1026.2311     75.354     75.984    32.5310     3.4454          0          0  0.000e+00
  1026.2266     75.314     75.945    32.5258     3.4471          0          0  0.000e+00
  1026.2269     75.222     75.852    32.5268     3.4478          0          0  0.000e+00
  1026.2249     75.095     75.723    32.5251     3.4486          0          0  0.000e+00
  1026.2192     74.938     75.565    32.5190     3.4491          0          0  0.000e+00
  1026.2093     74.765     75.391    32.5074     3.4479          0          0  0.000e+00
  1026.2049     74.606     75.230    32.5024     3.4442          0          0  0.000e+00
  1026.2028     74.470     75.094    32.5000     3.4391          0          0  0.000e+00
  1026.2051     74.364     74.987    32.5029     3.4344          0          0  0.000e+00
  1026.2079     74.317     74.938    32.5064     3.4312          0          0  0.000e+00
  1026.2067     74.325     74.947    32.5046     3.4294          0          0  0.000e+00
  1026.2182     74.404     75.026    32.5183     3.4277          0          0  0.000e+00
  1026.2245     74.553     75.177    32.5255     3.4285          0          0  0.000e+00
  1026.2287     74.762     75.388    32.5298     3.4309          0          0  0.000e+00
  1026.2344     75.016     75.644    32.5358     3.4343          0          0  0.000e+00
  1026.2358     75.312     75.943    32.5364     3.4385          0          0  0.000e+00
  1026.2378     75.620     76.253    32.5375     3.4422          0          0  0.000e+00
  1026.2453     75.917     76.552    32.5455     3.4453          0          0  0.000e+00
  1026.2492     76.168     76.805    32.5495     3.4499          0          0  0.000e+00
  1026.2538     76.400     77.040    32.5545     3.4558          0          0  0.000e+00
  1026.2557     76.595     77.236    32.5566     3.4628          0          0  0.000e+00
  1026.2542     76.779     77.421    32.5545     3.4701          0          0  0.000e+00
  1026.2516     76.983     77.628    32.5507     3.4761          0          0  0.000e+00
  1026.2511     77.234     77.881    32.5490     3.4799          0          0  0.000e+00
  1026.2518     77.514     78.164    32.5485     3.4824          0          0  0.000e+00
  1026.2522     77.793     78.445    32.5477     3.4842          0          0  0.000e+00
  1026.2575     78.054     78.708    32.5529     3.4851          0          0  0.000e+00
  1026.2640     78.223     78.878    32.5601     3.4865          0          0  0.000e+00
  1026.2645     78.263     78.918    32.5609     3.4892          0          0  0.000e+00
  1026.2610     78.252     78.908    32.5569     3.4918          0          0  0.000e+00
  1026.2586     78.240     78.895    32.5541     3.4931          0          0  0.000e+00
  1026.2579     78.216     78.871    32.5533     3.4933          0          0  0.000e+00
  1026.2572     78.166     78.821    32.5528     3.4934          0          0  0.000e+00
  1026.2563     78.096     78.751    32.5521     3.4933          0          0  0.000e+00
  1026.2515     78.026     78.680    32.5464     3.4934          0          0  0.000e+00
  1026.2472     77.946     78.599    32.5414     3.4922          0          0  0.000e+00
  1026.2450     77.866     78.519    32.5388     3.4901          0          0  0.000e+00
  1026.2488     77.799     78.450    32.5437     3.4877          0          0  0.000e+00
  1026.2510     77.758     78.409    32.5466     3.4866          0          0  0.000e+00
  1026.2527     77.750     78.401    32.5488     3.4868          0          0  0.000e+00
  1026.2497     77.789     78.440    32.5448     3.4871          0          0  0.000e+00
  1026.2563     77.890     78.542    32.5524     3.4864          0          0  0.000e+00
  1026.2635     78.053     78.707    32.5606     3.4867          0          0  0.000e+00
  1026.2664     78.275     78.930    32.5632     3.4891          0          0  0.000e+00
  1026.2692     78.542     79.200    32.5655     3.4920          0          0  0.000e+00
  1026.2748     78.853     79.514    32.5710     3.4951          0          0  0.000e+00
  1026.2814     79.161     79.824    32.5780     3.4994          0          0  0.000e+00
  1026.2850     79.459     80.125    32.5814     3.5049          0          0  0.000e+00
  1026.2868     79.706     80.374    32.5829     3.5108          0          0  0.000e+00
  1026.2877     79.920     80.590    32.5835     3.5164          0          0  0.000e+00
  1026.2883     80.109     80.780    32.5836     3.5214          0          0  0.000e+00
  1026.2914     80.289     80.962    32.5870     3.5258          0          0  0.000e+00
  1026.2957     80.489     81.164    32.5918     3.5310          0          0  0.000e+00
  1026.3041     80.769     81.446    32.6015     3.5376          0          0  0.000e+00
  1026.3107     81.045     81.724    32.6092     3.5461          0          0  0.000e+00
  1026.3170     81.280     81.962    32.6169     3.5558          0          0  0.000e+00
  1026.3174     81.378     82.060    32.6181     3.5667          0          0  0.000e+00
  1026.3077     81.353     82.035    32.6072     3.5762          0          0  0.000e+00
  1026.2986     81.283     81.964    32.5968     3.5816          0          0  0.000e+00
  1026.2907     81.225     81.906    32.5874     3.5827          0          0  0.000e+00
  1026.2914     81.178     81.858    32.5883     3.5809          0          0  0.000e+00
  1026.2908     81.133     81.813    32.5877     3.5793          0          0  0.000e+00
  1026.2846     81.108     81.788    32.5798     3.5775          0          0  0.000e+00
  1026.2786     81.107     81.787    32.5719     3.5741          0          0  0.000e+00
  1026.2793     81.127     81.807    32.5719     3.5686          0          0  0.000e+00
  1026.2784     81.170     81.851    32.5698     3.5627          0          0  0.000e+00
  1026.2992     81.242     81.923    32.5950     3.5579          0          0  0.000e+00
  1026.3206     81.340     82.022    32.6215     3.5601          0          0  0.000e+00
  1026.3231     81.469     82.152    32.6252     3.5702          0          0  0.000e+00
  1026.3197     81.626     82.311    32.6213     3.5812          0          0  0.000e+00
  1026.3240     81.814     82.500    32.6266     3.5896          0          0  0.000e+00
  1026.3328     82.035     82.723    32.6374     3.5984          0          0  0.000e+00
  1026.3408     82.279     82.969    32.6473     3.6093          0          0  0.000e+00
  1026.3442     82.546     83.239    32.6515     3.6221          0          0  0.000e+00
  1026.3397     82.831     83.525    32.6457     3.6350          0          0  0.000e+00
  1026.3356     83.119     83.816    32.6400     3.6450          0          0  0.000e+00
  1026.3486     83.419     84.119    32.6555     3.6525          0          0  0.000e+00
  1026.3578     83.717     84.419    32.6666     3.6625          0          0  0.000e+00
