data/eDNA/PER-2021-171/171b003.cnv
* Sea-Bird SBE19plus  Data File:
* FileName = C:\Users\RSG_field\Ryan_2021_Perley\CTD\171b003.hex
* Software version 2.3.0 SB_Terminal.dll
* Temperature SN = 7141
* Conductivity SN = 7141
* System UpLoad Time = Aug 09 2021 13:16:51
* <ApplicationData>
* <SeatermAF>
** Platform: M. Perley
** Cruise: Per2021171
** Station:  ESI-07
** Cast: 01 02
** Latitude: N  44 43.285
** Longitude: W 62 23.903
** Sounding: 73.5
** Chief Scientist: Ryan Stanley
** Comment: 171b003
** Second cast of ESI_07
# nquan = 8
# nvalues = 2871                                  
# units = specified
# name 0 = density00: Density [density, kg/m^3]
# name 1 = depSM: Depth [salt water, m], lat = 45.00
# name 2 = prdM: Pressure, Strain Gauge [db]
# name 3 = sal00: Salinity, Practical [PSU]
# name 4 = tv290C: Temperature [ITS-90, deg C]
# name 5 = bpos: Bottle Position in Carousel
# name 6 = nbf: Bottles Fired
# name 7 = flag:  0.000e+00
# span 0 =   998.7428,  1025.8195                 
# span 1 =      0.027,     67.687                 
# span 2 =      0.027,     68.253                 
# span 3 =     0.0000,    32.0550                 
# span 4 =     3.1809,    17.8916                 
# span 5 =          0,          6                 
# span 6 =          0,          6                 
# span 7 = 0.0000e+00, 0.0000e+00                 
# interval = seconds: 0.25
# start_time = Aug 09 2021 15:59:04 [Instrument's time stamp, header]
# bad_flag = -9.990e-29
*END*
[from data line 720]
  1022.0026      2.571      2.592    30.6682    17.8599          0          0  0.000e+00
  1022.0033      2.536      2.557    30.6693    17.8595          0          0  0.000e+00
  1022.0027      2.493      2.513    30.6687    17.8594          0          0  0.000e+00
  1022.0025      2.443      2.463    30.6687    17.8595          0          0  0.000e+00
  1022.0028      2.395      2.415    30.6693    17.8592          0          0  0.000e+00
  1022.0036      2.357      2.376    30.6706    17.8593          0          0  0.000e+00
  1022.0031      2.341      2.360    30.6703    17.8601          0          0  0.000e+00
  1022.0017      2.359      2.378    30.6685    17.8605          0          0  0.000e+00
  1022.0020      2.407      2.426    30.6686    17.8604          0          0  0.000e+00
  1022.0080      2.479      2.499    30.6759    17.8602          0          0  0.000e+00
  1022.0075      2.566      2.587    30.6759    17.8636          0          0  0.000e+00
  1022.0047      2.647      2.669    30.6730    17.8677          0          0  0.000e+00
  1022.0039      2.716      2.738    30.6724    17.8705          0          0  0.000e+00
  1022.0012      2.768      2.791    30.6693    17.8728          0          0  0.000e+00
  1022.0010      2.798      2.821    30.6689    17.8732          0          0  0.000e+00
  1022.0015      2.807      2.830    30.6696    17.8732          0          0  0.000e+00
  1022.0012      2.798      2.821    30.6693    17.8735          0          0  0.000e+00
  1022.0004      2.774      2.797    30.6684    17.8736          0          0  0.000e+00
  1022.0005      2.738      2.761    30.6687    17.8733          0          0  0.000e+00
  1022.0001      2.699      2.721    30.6683    17.8732          0          0  0.000e+00
  1022.0001      2.666      2.688    30.6684    17.8727          0          0  0.000e+00
  1021.9999      2.639      2.660    30.6682    17.8724          0          0  0.000e+00
  1021.9996      2.626      2.648    30.6677    17.8718          0          0  0.000e+00
  1021.9993      2.624      2.645    30.6670    17.8711          0          0  0.000e+00
  1021.9992      2.637      2.658    30.6665    17.8699          0          0  0.000e+00
  1021.9976      2.661      2.683    30.6637    17.8681          0          0  0.000e+00
  1021.9983      2.686      2.708    30.6635    17.8648          0          0  0.000e+00
  1022.0010      2.708      2.730    30.6659    17.8614          0          0  0.000e+00
  1022.0046      2.728      2.750    30.6697    17.8591          0          0  0.000e+00
  1022.0055      2.727      2.749    30.6709    17.8590          0          0  0.000e+00
  1022.0046      2.702      2.725    30.6702    17.8602          0          0  0.000e+00
  1022.0043      2.650      2.672    30.6703    17.8609          0          0  0.000e+00
  1022.0051      2.582      2.603    30.6718    17.8614          0          0  0.000e+00
  1022.0034      2.506      2.527    30.6707    17.8631          0          0  0.000e+00
  1022.0027      2.441      2.461    30.6705    17.8642          0          0  0.000e+00
  1022.0036      2.407      2.426    30.6722    17.8651          0          0  0.000e+00
  1022.0032      2.413      2.433    30.6722    17.8670          0          0  0.000e+00
  1022.0011      2.460      2.480    30.6697    17.8689          0          0  0.000e+00
  1022.0016      2.530      2.550    30.6701    17.8696          0          0  0.000e+00
  1022.0012      2.597      2.619    30.6694    17.8702          0          0  0.000e+00
  1021.9999      2.643      2.665    30.6677    17.8707          0          0  0.000e+00
  1022.0020      2.661      2.683    30.6701    17.8701          0          0  0.000e+00
  1022.0031      2.653      2.674    30.6717    17.8706          0          0  0.000e+00
  1022.0002      2.619      2.640    30.6687    17.8722          0          0  0.000e+00
  1021.9986      2.560      2.581    30.6668    17.8722          0          0  0.000e+00
  1021.9991      2.480      2.500    30.6676    17.8709          0          0  0.000e+00
  1021.9999      2.413      2.433    30.6687    17.8699          0          0  0.000e+00
  1022.0002      2.376      2.395    30.6694    17.8697          0          0  0.000e+00
  1022.0005      2.381      2.401    30.6696    17.8697          0          0  0.000e+00
  1022.0025      2.433      2.453    30.6721    17.8702          0          0  0.000e+00
  1022.0020      2.525      2.546    30.6714    17.8719          0          0  0.000e+00
  1022.0027      2.647      2.669    30.6721    17.8734          0          0  0.000e+00
  1022.0011      2.773      2.796    30.6698    17.8751          0          0  0.000e+00
  1022.0017      2.885      2.908    30.6702    17.8756          0          0  0.000e+00
  1022.0014      2.976      3.000    30.6694    17.8762          0          0  0.000e+00
  1022.0012      3.029      3.054    30.6689    17.8766          0          0  0.000e+00
  1022.0013      3.043      3.068    30.6689    17.8764          0          0  0.000e+00
  1022.0008      3.006      3.030    30.6685    17.8766          0          0  0.000e+00
  1022.0009      2.931      2.955    30.6690    17.8763          0          0  0.000e+00
  1022.0003      2.815      2.838    30.6689    17.8762          0          0  0.000e+00
  1021.9993      2.673      2.695    30.6684    17.8761          0          0  0.000e+00
  1021.9989      2.520      2.541    30.6686    17.8757          0          0  0.000e+00
  1021.9984      2.374      2.393    30.6687    17.8753          0          0  0.000e+00
  1021.9976      2.244      2.263    30.6684    17.8752          0          0  0.000e+00
  1021.9974      2.155      2.173    30.6685    17.8749          0          0  0.000e+00
  1021.9976      2.109      2.126    30.6689    17.8745          0          0  0.000e+00
  1021.9978      2.109      2.126    30.6692    17.8745          0          0  0.000e+00
  1021.9985      2.146      2.163    30.6699    17.8745          0          0  0.000e+00
  1021.9996      2.220      2.238    30.6711    17.8751          0          0  0.000e+00
  1022.0001      2.328      2.347    30.6714    17.8759          0          0  0.000e+00
  1021.9981      2.456      2.477    30.6684    17.8772          0          0  0.000e+00
  1021.9985      2.602      2.623    30.6680    17.8770          0          0  0.000e+00
  1021.9991      2.742      2.764    30.6679    17.8765          0          0  0.000e+00
  1022.0012      2.861      2.885    30.6697    17.8758          0          0  0.000e+00
  1022.0025      2.940      2.964    30.6710    17.8762          0          0  0.000e+00
  1022.0014      2.979      3.003    30.6697    17.8772          0          0  0.000e+00
  1022.0006      2.979      3.003    30.6688    17.8778          0          0  0.000e+00
  1022.0004      2.937      2.961    30.6687    17.8775          0          0  0.000e+00
  1021.9999      2.859      2.883    30.6685    17.8773          0          0  0.000e+00
  1021.9995      2.764      2.786    30.6684    17.8769          0          0  0.000e+00
  1021.9996      2.663      2.685    30.6689    17.8765          0          0  0.000e+00
  1021.9993      2.572      2.593    30.6690    17.8762          0          0  0.000e+00
  1021.9989      2.502      2.523    30.6688    17.8760          0          0  0.000e+00
  1021.9987      2.464      2.484    30.6688    17.8759          0          0  0.000e+00
  1021.9989      2.463      2.483    30.6690    17.8756          0          0  0.000e+00
  1021.9997      2.485      2.505    30.6699    17.8757          0          0  0.000e+00
  1021.9992      2.518      2.539    30.6692    17.8760          0          0  0.000e+00
  1021.9998      2.594      2.615    30.6695    17.8762          0          0  0.000e+00
  1022.0005      2.681      2.703    30.6699    17.8762          0          0  0.000e+00
  1022.0003      2.770      2.793    30.6692    17.8765          0          0  0.000e+00
  1022.0010      2.854      2.877    30.6696    17.8764          0          0  0.000e+00
  1022.0012      2.919      2.942    30.6696    17.8768          0          0  0.000e+00
  1022.0014      2.971      2.995    30.6697    17.8771          0          0  0.000e+00
  1022.0013      3.013      3.038    30.6694    17.8773          0          0  0.000e+00
  1022.0010      3.047      3.072    30.6689    17.8774          0          0  0.000e+00
  1022.0010      3.074      3.100    30.6687    17.8773          0          0  0.000e+00
  1022.0014      3.107      3.133    30.6688    17.8769          0          0  0.000e+00
  1022.0017      3.145      3.171    30.6689    17.8766          0          0  0.000e+00
  1022.0021      3.193      3.219    30.6691    17.8764          0          0  0.000e+00
  1022.0025      3.257      3.283    30.6693    17.8765          0          0  0.000e+00
  1022.0029      3.334      3.361    30.6694    17.8765          0          0  0.000e+00
  1022.0033      3.426      3.454    30.6693    17.8767          0          0  0.000e+00
  1022.0042      3.527      3.556    30.6700    17.8768          0          0  0.000e+00
  1022.0050      3.631      3.661    30.6706    17.8773          0          0  0.000e+00
  1022.0054      3.732      3.762    30.6707    17.8780          0          0  0.000e+00
  1022.0055      3.826      3.857    30.6706    17.8790          0          0  0.000e+00
  1022.0050      3.909      3.941    30.6698    17.8799          0          0  0.000e+00
  1022.0048      3.981      4.013    30.6692    17.8802          0          0  0.000e+00
  1022.0050      4.047      4.081    30.6692    17.8803          0          0  0.000e+00
  1022.0054      4.104      4.137    30.6693    17.8803          0          0  0.000e+00
  1022.0053      4.162      4.196    30.6689    17.8803          0          0  0.000e+00
  1022.0056      4.240      4.275    30.6687    17.8802          0          0  0.000e+00
  1022.0062      4.332      4.367    30.6690    17.8801          0          0  0.000e+00
  1022.0070      4.437      4.474    30.6694    17.8801          0          0  0.000e+00
  1022.0079      4.552      4.589    30.6700    17.8802          0          0  0.000e+00
  1022.0084      4.664      4.703    30.6701    17.8806          0          0  0.000e+00
  1022.0070      4.762      4.801    30.6679    17.8814          0          0  0.000e+00
  1022.0066      4.841      4.881    30.6668    17.8808          0          0  0.000e+00
  1022.0028      4.907      4.947    30.6609    17.8792          0          0  0.000e+00
  1022.0032      4.964      5.005    30.6597    17.8748          0          0  0.000e+00
  1022.0086      5.017      5.058    30.6648    17.8694          0          0  0.000e+00
  1022.0112      5.079      5.120    30.6669    17.8664          0          0  0.000e+00
  1022.0093      5.161      5.204    30.6634    17.8648          0          0  0.000e+00
  1022.0074      5.275      5.318    30.6592    17.8614          0          0  0.000e+00
  1022.0039      5.420      5.464    30.6520    17.8557          0          0  0.000e+00
  1021.9991      5.611      5.657    30.6414    17.8456          0          0  0.000e+00
  1022.0109      5.837      5.884    30.6511    17.8312          0          0  0.000e+00
  1022.0119      6.086      6.136    30.6473    17.8197          0          0  0.000e+00
  1022.0068      6.316      6.368    30.6353    17.8067          0          0  0.000e+00
  1022.0157      6.528      6.581    30.6402    17.7891          0          0  0.000e+00
  1022.0194      6.695      6.750    30.6387    17.7715          0          0  0.000e+00
  1022.0340      6.810      6.866    30.6520    17.7548          0          0  0.000e+00
  1022.0421      6.868      6.924    30.6590    17.7446          0          0  0.000e+00
  1022.0460      6.868      6.924    30.6624    17.7393          0          0  0.000e+00
  1022.0514      6.819      6.875    30.6690    17.7368          0          0  0.000e+00
  1022.0552      6.742      6.797    30.6749    17.7383          0          0  0.000e+00
  1022.0516      6.652      6.706    30.6722    17.7428          0          0  0.000e+00
  1022.0516      6.571      6.625    30.6738    17.7466          0          0  0.000e+00
  1022.0523      6.511      6.564    30.6765    17.7511          0          0  0.000e+00
  1022.0519      6.486      6.540    30.6779    17.7570          0          0  0.000e+00
  1022.0435      6.498      6.551    30.6688    17.7634          0          0  0.000e+00
  1022.0345      6.566      6.620    30.6573    17.7655          0          0  0.000e+00
  1022.0289      6.694      6.749    30.6478    17.7609          0          0  0.000e+00
  1022.0346      6.878      6.934    30.6510    17.7507          0          0  0.000e+00
  1022.0358      7.102      7.160    30.6484    17.7414          0          0  0.000e+00
  1022.0283      7.365      7.426    30.6338    17.7309          0          0  0.000e+00
  1022.0077      7.668      7.731    30.5997    17.7137          0          0  0.000e+00
  1022.0048      7.964      8.029    30.5833    17.6783          0          0  0.000e+00
  1022.0230      8.247      8.315    30.5903    17.6294          0          0  0.000e+00
  1022.0382      8.518      8.588    30.5942    17.5826          0          0  0.000e+00
  1022.0499      8.775      8.847    30.5940    17.5372          0          0  0.000e+00
  1022.0715      9.008      9.082    30.6069    17.4914          0          0  0.000e+00
  1022.0842      9.190      9.266    30.6098    17.4508          0          0  0.000e+00
  1022.1069      9.287      9.363    30.6277    17.4138          0          0  0.000e+00
  1022.1259      9.310      9.387    30.6441    17.3869          0          0  0.000e+00
  1022.1505      9.293      9.369    30.6715    17.3713          0          0  0.000e+00
  1022.1541      9.249      9.325    30.6764    17.3708          0          0  0.000e+00
  1022.1654      9.179      9.254    30.6934    17.3765          0          0  0.000e+00
  1022.1564      9.106      9.180    30.6863    17.3907          0          0  0.000e+00
  1022.1553      9.043      9.117    30.6892    17.4038          0          0  0.000e+00
  1022.1659      9.000      9.073    30.7078    17.4184          0          0  0.000e+00
  1022.1561      8.982      9.055    30.7024    17.4422          0          0  0.000e+00
  1022.1369      9.002      9.076    30.6841    17.4649          0          0  0.000e+00
  1022.0867      9.053      9.127    30.6217    17.4760          0          0  0.000e+00
  1022.0751      9.131      9.206    30.5999    17.4558          0          0  0.000e+00
  1022.0970      9.239      9.315    30.6159    17.4170          0          0  0.000e+00
  1022.1165      9.374      9.451    30.6309    17.3847          0          0  0.000e+00
  1022.1243      9.528      9.607    30.6329    17.3612          0          0  0.000e+00
  1022.1239      9.693      9.772    30.6251    17.3403          0          0  0.000e+00
  1022.1279      9.866      9.947    30.6216    17.3150          0          0  0.000e+00
  1022.1344     10.045     10.127    30.6203    17.2865          0          0  0.000e+00
  1022.1338     10.227     10.311    30.6088    17.2550          0          0  0.000e+00
  1022.1439     10.418     10.503    30.6089    17.2156          0          0  0.000e+00
  1022.1455     10.617     10.704    30.5964    17.1710          0          0  0.000e+00
  1022.1285     10.828     10.917    30.5558    17.1145          0          0  0.000e+00
  1022.0421     11.043     11.134    30.4136    17.0210          0          0  0.000e+00
  1021.8944     11.265     11.357    30.1590    16.8189          0          0  0.000e+00
  1022.0756     11.484     11.578    30.2846    16.4485          0          0  0.000e+00
