data/eDNA/PER-2021-171/171b002.cnv
* Sea-Bird SBE19plus  Data File:
* FileName = C:\Users\RSG_field\Ryan_2021_Perley\CTD\171b002.hex
* Software version 2.3.0 SB_Terminal.dll
* Temperature SN = 7141
* Conductivity SN = 7141
* System UpLoad Time = Aug 09 2021 10:07:11
* <ApplicationData>
* <SeatermAF>
** Platform: M. Perley
** Cruise: Per2021171
** Station:  ESI-08
** Cast: 01 02
** Latitude: N  44 40.1412
** Longitude: W 62 20.7438
** Sounding: 112
** Chief Scientist: Ryan Stanley
** Comment: second replicate - also GC_5
** get coordinates from the af file
# nquan = 8
# nvalues = 3926                                  
# units = specified
# name 0 = density00: Density [density, kg/m^3]
# name 1 = depSM: Depth [salt water, m], lat = 45.00
# name 2 = prdM: Pressure, Strain Gauge [db]
# name 3 = sal00: Salinity, Practical [PSU]
# name 4 = tv290C: Temperature [ITS-90, deg C]
# name 5 = bpos: Bottle Position in Carousel
# name 6 = nbf: Bottles Fired
# name 7 = flag:  0.000e+00
# span 0 =   998.8362,  1026.4946                 
# span 1 =      0.022,     99.509                 
# span 2 =      0.022,    100.348                 
# span 3 =     0.0000,    32.9626                 
# span 4 =     3.0902,    17.7788                 
# span 5 =          0,          6                 
# span 6 =          0,          6                 
# span 7 = 0.0000e+00, 0.0000e+00                 
# interval = seconds: 0.25
# start_time = Aug 09 2021 12:38:12 [Instrument's time stamp, header]
# bad_flag = -9.990e-29
*END*
[from data line 3776]
  1011.7718      0.052      0.052    17.1890    17.5916          6          6  0.000e+00
  1021.7265      0.052      0.052    30.2321    17.5695          6          6  0.000e+00
  1021.7227      0.053      0.053    30.2199    17.5464          6          6  0.000e+00
  1021.7830      0.055      0.055    30.2985    17.5456          6          6  0.000e+00
  1021.6849      0.052      0.052    30.1688    17.5406          6          6  0.000e+00
  1021.8758      0.052      0.052    30.4138    17.5258          6          6  0.000e+00
  1021.9047      0.052      0.052    30.4462    17.5082          6          6  0.000e+00
  1019.6038      0.053      0.053    27.4333    17.4970          6          6  0.000e+00
  1010.9651      0.053      0.053    16.1013    17.4907          6          6  0.000e+00
  1004.8083      0.054      0.054     8.0105    17.4871          6          6  0.000e+00
  1015.2952      0.054      0.054    21.7836    17.4838          6          6  0.000e+00
  1011.5528      0.053      0.053    16.8700    17.4786          6          6  0.000e+00
  1010.7748      0.054      0.054    15.8460    17.4713          6          6  0.000e+00
  1008.7151      0.053      0.053    13.1373    17.4621          6          6  0.000e+00
  1010.2123      0.054      0.054    15.1014    17.4509          6          6  0.000e+00
  1010.1031      0.053      0.053    14.9547    17.4384          6          6  0.000e+00
  1007.5284      0.051      0.051    11.5681    17.4248          6          6  0.000e+00
  1005.2156      0.052      0.052     8.5260    17.4107          6          6  0.000e+00
  1006.1479      0.053      0.053     9.7472    17.3971          6          6  0.000e+00
  1008.1313      0.052      0.052    12.3495    17.3841          6          6  0.000e+00
  1009.5318      0.052      0.052    14.1858    17.3708          6          6  0.000e+00
  1007.1439      0.051      0.051    11.0451    17.3567          6          6  0.000e+00
  1004.2439      0.052      0.052     7.2326    17.3423          6          6  0.000e+00
  1003.9559      0.052      0.052     6.8514    17.3292          6          6  0.000e+00
  1003.6734      0.052      0.052     6.4776    17.3176          6          6  0.000e+00
  1003.7957      0.053      0.053     6.6354    17.3065          6          6  0.000e+00
  1003.6921      0.052      0.052     6.4964    17.2944          6          6  0.000e+00
  1002.7960      0.051      0.051     5.3174    17.2799          6          6  0.000e+00
  1002.3483      0.052      0.052     4.7267    17.2646          6          6  0.000e+00
  1001.4959      0.051      0.051     3.6065    17.2501          6          6  0.000e+00
  1000.8242      0.052      0.052     2.7241    17.2360          6          6  0.000e+00
  1000.5539      0.053      0.053     2.3674    17.2222          6          6  0.000e+00
  1000.2248      0.051      0.051     1.9342    17.2090          6          6  0.000e+00
   999.6282      0.052      0.052     1.1525    17.1962          6          6  0.000e+00
   999.6152      0.051      0.051     1.1327    17.1836          6          6  0.000e+00
   999.5350      0.052      0.052     1.0253    17.1713          6          6  0.000e+00
   999.4667      0.052      0.052     0.9335    17.1592          6          6  0.000e+00
   999.4697      0.051      0.051     0.9346    17.1470          6          6  0.000e+00
   999.4248      0.051      0.051     0.8733    17.1348          6          6  0.000e+00
   999.3269      0.053      0.053     0.7429    17.1222          6          6  0.000e+00
   999.2193      0.051      0.051     0.5999    17.1093          6          6  0.000e+00
   999.2212      0.053      0.053     0.5991    17.0955          6          6  0.000e+00
   999.1827      0.052      0.052     0.5459    17.0811          6          6  0.000e+00
   999.1469      0.052      0.052     0.4961    17.0673          6          6  0.000e+00
   999.1397      0.052      0.052     0.4836    17.0538          6          6  0.000e+00
   999.1100      0.052      0.052     0.4419    17.0399          6          6  0.000e+00
   999.1495      0.052      0.052     0.4902    17.0265          6          6  0.000e+00
  1000.6951      0.053      0.053     2.5026    17.0132          6          6  0.000e+00
  1000.8205      0.052      0.052     2.6635    17.0001          6          6  0.000e+00
  1000.3977      0.051      0.051     2.1080    16.9869          6          6  0.000e+00
  1000.3595      0.051      0.051     2.0551    16.9738          6          6  0.000e+00
  1000.4409      0.051      0.051     2.1584    16.9609          6          6  0.000e+00
  1000.3452      0.052      0.052     2.0307    16.9487          6          6  0.000e+00
   999.7422      0.049      0.049     1.2414    16.9371          6          6  0.000e+00
  1000.1561      0.052      0.052     1.7786    16.9263          6          6  0.000e+00
   999.6293      0.053      0.053     1.0894    16.9159          6          6  0.000e+00
   999.3168      0.050      0.050     0.6803    16.9057          6          6  0.000e+00
   999.1680      0.050      0.050     0.4846    16.8958          6          6  0.000e+00
   999.0746      0.050      0.050     0.3611    16.8861          6          6  0.000e+00
   999.0138      0.050      0.050     0.2799    16.8764          6          6  0.000e+00
   998.9971      0.050      0.050     0.2560    16.8663          6          6  0.000e+00
   998.9747      0.049      0.049     0.2246    16.8561          6          6  0.000e+00
   998.9685      0.052      0.052     0.2144    16.8462          6          6  0.000e+00
   998.9564      0.051      0.051     0.1964    16.8361          6          6  0.000e+00
   998.9508      0.052      0.052     0.1869    16.8257          6          6  0.000e+00
   998.9457      0.052      0.052     0.1780    16.8152          6          6  0.000e+00
   998.9414      0.052      0.052     0.1701    16.8049          6          6  0.000e+00
   998.9358      0.054      0.055     0.1604    16.7945          6          6  0.000e+00
   998.9293      0.054      0.055     0.1498    16.7843          6          6  0.000e+00
   998.9192      0.055      0.056     0.1343    16.7737          6          6  0.000e+00
   998.9141      0.054      0.055     0.1253    16.7633          6          6  0.000e+00
   998.9086      0.053      0.054     0.1159    16.7524          6          6  0.000e+00
   998.9050      0.056      0.057     0.1087    16.7411          6          6  0.000e+00
   998.8983      0.054      0.055     0.0972    16.7288          6          6  0.000e+00
   998.8941      0.056      0.057     0.0889    16.7162          6          6  0.000e+00
   998.8820      0.054      0.055     0.0707    16.7040          6          6  0.000e+00
   998.8362      0.055      0.056     0.0085    16.6912          6          6  0.000e+00
   998.8384      0.054      0.055     0.0085    16.6784          6          6  0.000e+00
   998.8405      0.053      0.054     0.0086    16.6657          6          6  0.000e+00
   998.8427      0.053      0.054     0.0085    16.6526          6          6  0.000e+00
   998.8450      0.053      0.054     0.0085    16.6394          6          6  0.000e+00
   998.8471      0.055      0.056     0.0085    16.6269          6          6  0.000e+00
   998.8493      0.053      0.054     0.0085    16.6140          6          6  0.000e+00
   998.8514      0.053      0.054     0.0085    16.6014          6          6  0.000e+00
   998.8535      0.053      0.054     0.0085    16.5889          6          6  0.000e+00
   998.8556      0.055      0.056     0.0085    16.5767          6          6  0.000e+00
   998.8576      0.055      0.056     0.0086    16.5649          6          6  0.000e+00
   998.8596      0.055      0.056     0.0085    16.5528          6          6  0.000e+00
   998.8617      0.054      0.055     0.0085    16.5405          6          6  0.000e+00
   998.8637      0.054      0.055     0.0085    16.5285          6          6  0.000e+00
   998.8657      0.054      0.055     0.0085    16.5167          6          6  0.000e+00
   998.8677      0.054      0.055     0.0085    16.5048          6          6  0.000e+00
   998.8698      0.054      0.055     0.0086    16.4926          6          6  0.000e+00
   998.8717      0.054      0.055     0.0085    16.4808          6          6  0.000e+00
   998.8738      0.053      0.054     0.0085    16.4688          6          6  0.000e+00
   998.8758      0.053      0.054     0.0085    16.4568          6          6  0.000e+00
   998.8777      0.055      0.056     0.0085    16.4453          6          6  0.000e+00
   998.8796      0.052      0.053     0.0085    16.4339          6          6  0.000e+00
   998.8815      0.053      0.054     0.0085    16.4225          6          6  0.000e+00
   998.8834      0.055      0.056     0.0085    16.4110          6          6  0.000e+00
   998.8852      0.055      0.056     0.0085    16.4000          6          6  0.000e+00
   998.8871      0.054      0.055     0.0085    16.3889          6          6  0.000e+00
   998.8889      0.054      0.055     0.0085    16.3783          6          6  0.000e+00
   998.8907      0.054      0.055     0.0084    16.3674          6          6  0.000e+00
   998.8925      0.054      0.055     0.0084    16.3565          6          6  0.000e+00
   998.8942      0.052      0.053     0.0084    16.3458          6          6  0.000e+00
   998.8961      0.054      0.055     0.0084    16.3350          6          6  0.000e+00
   998.8978      0.053      0.054     0.0084    16.3245          6          6  0.000e+00
   998.8995      0.053      0.054     0.0084    16.3141          6          6  0.000e+00
   998.9012      0.055      0.056     0.0084    16.3037          6          6  0.000e+00
   998.9029      0.055      0.056     0.0084    16.2933          6          6  0.000e+00
   998.9047      0.057      0.058     0.0084    16.2828          6          6  0.000e+00
   998.9064      0.057      0.058     0.0084    16.2728          6          6  0.000e+00
   998.9080      0.055      0.056     0.0084    16.2628          6          6  0.000e+00
   998.9097      0.055      0.056     0.0084    16.2525          6          6  0.000e+00
   998.9113      0.053      0.054     0.0084    16.2426          6          6  0.000e+00
   998.9130      0.054      0.055     0.0084    16.2325          6          6  0.000e+00
   998.9146      0.055      0.056     0.0083    16.2227          6          6  0.000e+00
   998.9162      0.055      0.056     0.0084    16.2132          6          6  0.000e+00
   998.9177      0.056      0.057     0.0083    16.2039          6          6  0.000e+00
   998.9193      0.054      0.055     0.0083    16.1944          6          6  0.000e+00
   998.9208      0.053      0.054     0.0083    16.1850          6          6  0.000e+00
   998.9223      0.054      0.055     0.0083    16.1758          6          6  0.000e+00
   998.9238      0.054      0.055     0.0083    16.1665          6          6  0.000e+00
   998.9253      0.053      0.054     0.0083    16.1577          6          6  0.000e+00
   998.9267      0.055      0.056     0.0083    16.1488          6          6  0.000e+00
   998.9281      0.055      0.056     0.0083    16.1405          6          6  0.000e+00
   998.9294      0.055      0.056     0.0083    16.1324          6          6  0.000e+00
   998.9308      0.058      0.058     0.0083    16.1242          6          6  0.000e+00
   998.9321      0.054      0.055     0.0083    16.1158          6          6  0.000e+00
   998.9335      0.056      0.057     0.0083    16.1075          6          6  0.000e+00
   998.9350      0.055      0.056     0.0084    16.0989          6          6  0.000e+00
   998.9363      0.056      0.057     0.0084    16.0908          6          6  0.000e+00
   998.9375      0.055      0.056     0.0084    16.0833          6          6  0.000e+00
   998.9388      0.055      0.056     0.0083    16.0754          6          6  0.000e+00
   998.9401      0.055      0.056     0.0084    16.0676          6          6  0.000e+00
   998.9414      0.055      0.056     0.0084    16.0599          6          6  0.000e+00
   998.9426      0.055      0.056     0.0084    16.0525          6          6  0.000e+00
   998.9437      0.056      0.057     0.0083    16.0452          6          6  0.000e+00
   998.9447      0.054      0.055     0.0084    16.0390          6          6  0.000e+00
   998.9454      0.053      0.054     0.0083    16.0343          6          6  0.000e+00
  1002.4704      0.055      0.056     4.5971    16.0313          6          6  0.000e+00
  1003.1905      0.054      0.055     5.5384    16.0323          6          6  0.000e+00
  1002.6161      0.054      0.055     4.7896    16.0409          6          6  0.000e+00
  1002.2034      0.055      0.056     4.2518    16.0469          6          6  0.000e+00
  1001.8495      0.055      0.056     3.7905    16.0508          6          6  0.000e+00
  1002.1663      0.054      0.055     4.2051    16.0547          6          6  0.000e+00
  1002.0272      0.054      0.055     4.0244    16.0585          6          6  0.000e+00
  1001.5306      0.053      0.054     3.3768    16.0617          6          6  0.000e+00
  1001.1326      0.055      0.056     2.8580    16.0640          6          6  0.000e+00
