data/eDNA/PER-2021-171/171b019.cnv
* Sea-Bird SBE19plus  Data File:
* FileName = C:\Users\RSG_field\Ryan_2021_Perley\CTD\171b019.hex
* Software version 2.3.0 SB_Terminal.dll
* Temperature SN = 7141
* Conductivity SN = 7141
* System UpLoad Time = Aug 14 2021 13:51:11
* <ApplicationData>
* <SeatermAF>
** Platform: M. Perley
** Cruise: Per2021171
** Station:  ESI_01
** Cast: 01 2
** Latitude: N  44 54.384
** Longitude: W 62 13.838
** Sounding: 21.3
** Chief Scientist: Ryan Stanley
** Comment: 171b019
# nquan = 8
# nvalues = 2000                                  
# units = specified
# name 0 = density00: Density [density, kg/m^3]
# name 1 = depSM: Depth [salt water, m], lat = 45.00
# name 2 = prdM: Pressure, Strain Gauge [db]
# name 3 = sal00: Salinity, Practical [PSU]
# name 4 = tv290C: Temperature [ITS-90, deg C]
# name 5 = bpos: Bottle Position in Carousel
# name 6 = nbf: Bottles Fired
# name 7 = flag:  0.000e+00
# span 0 =   998.9379,  1023.5378                 
# span 1 =     -0.049,     20.952                 
# span 2 =     -0.049,     21.124                 
# span 3 =     0.0080,    30.7506                 
# span 4 =    10.5046,    17.6455                 
# span 5 =          0,          2                 
# span 6 =          0,          2                 
# span 7 = 0.0000e+00, 0.0000e+00                 
# interval = seconds: 0.25
# start_time = Aug 14 2021 16:40:40 [Instrument's time stamp, header]
# bad_flag = -9.990e-29
*END*
[from data line 540]
  1022.1973      2.255      2.273    30.2734    15.6723          0          0  0.000e+00
  1022.1949      2.329      2.348    30.2710    15.6762          0          0  0.000e+00
  1022.1844      2.417      2.437    30.2581    15.6806          0          0  0.000e+00
  1022.2117      2.514      2.535    30.2926    15.6792          0          0  0.000e+00
  1022.2416      2.621      2.643    30.3356    15.6955          0          0  0.000e+00
  1022.2040      2.720      2.742    30.2989    15.7407          0          0  0.000e+00
  1022.1734      2.809      2.832    30.2664    15.7682          0          0  0.000e+00
  1022.1502      2.874      2.897    30.2384    15.7777          0          0  0.000e+00
  1022.1649      2.903      2.927    30.2568    15.7758          0          0  0.000e+00
  1022.1578      2.891      2.914    30.2486    15.7794          0          0  0.000e+00
  1022.1585      2.827      2.850    30.2492    15.7764          0          0  0.000e+00
  1022.1626      2.718      2.740    30.2541    15.7729          0          0  0.000e+00
  1022.1594      2.571      2.592    30.2504    15.7714          0          0  0.000e+00
  1022.1596      2.398      2.417    30.2508    15.7681          0          0  0.000e+00
  1022.1601      2.215      2.234    30.2514    15.7645          0          0  0.000e+00
  1022.1600      2.043      2.059    30.2511    15.7604          0          0  0.000e+00
  1022.1611      1.902      1.917    30.2521    15.7562          0          0  0.000e+00
  1022.1650      1.805      1.820    30.2567    15.7522          0          0  0.000e+00
  1022.1693      1.760      1.774    30.2619    15.7501          0          0  0.000e+00
  1022.1731      1.762      1.776    30.2676    15.7527          0          0  0.000e+00
  1022.1648      1.805      1.820    30.2581    15.7578          0          0  0.000e+00
  1022.1814      1.884      1.899    30.2795    15.7590          0          0  0.000e+00
  1022.1883      1.979      1.995    30.2909    15.7692          0          0  0.000e+00
  1022.1571      2.090      2.107    30.2552    15.7890          0          0  0.000e+00
  1022.1557      2.204      2.222    30.2547    15.7957          0          0  0.000e+00
  1022.1516      2.311      2.330    30.2485    15.7948          0          0  0.000e+00
  1022.1767      2.408      2.428    30.2797    15.7918          0          0  0.000e+00
  1022.2074      2.484      2.504    30.3238    15.8078          0          0  0.000e+00
  1022.1700      2.548      2.569    30.2872    15.8516          0          0  0.000e+00
  1022.1371      2.599      2.620    30.2518    15.8787          0          0  0.000e+00
  1022.1342      2.633      2.655    30.2491    15.8831          0          0  0.000e+00
  1022.1389      2.656      2.678    30.2553    15.8841          0          0  0.000e+00
  1022.1352      2.669      2.691    30.2517    15.8882          0          0  0.000e+00
  1022.1296      2.669      2.691    30.2449    15.8907          0          0  0.000e+00
  1022.1229      2.654      2.676    30.2358    15.8886          0          0  0.000e+00
  1022.1222      2.628      2.649    30.2329    15.8810          0          0  0.000e+00
  1022.1264      2.595      2.616    30.2355    15.8706          0          0  0.000e+00
  1022.1291      2.553      2.573    30.2363    15.8602          0          0  0.000e+00
  1022.1414      2.512      2.533    30.2499    15.8507          0          0  0.000e+00
  1022.1442      2.473      2.493    30.2527    15.8471          0          0  0.000e+00
  1022.1426      2.442      2.462    30.2508    15.8471          0          0  0.000e+00
  1022.1418      2.418      2.438    30.2497    15.8462          0          0  0.000e+00
  1022.1440      2.391      2.411    30.2521    15.8444          0          0  0.000e+00
  1022.1437      2.352      2.371    30.2517    15.8436          0          0  0.000e+00
  1022.1388      2.295      2.314    30.2455    15.8428          0          0  0.000e+00
  1022.1365      2.218      2.236    30.2416    15.8381          0          0  0.000e+00
  1022.1430      2.124      2.142    30.2485    15.8309          0          0  0.000e+00
  1022.1497      2.020      2.037    30.2567    15.8269          0          0  0.000e+00
  1022.1529      1.919      1.934    30.2618    15.8282          0          0  0.000e+00
  1022.1517      1.837      1.852    30.2622    15.8328          0          0  0.000e+00
  1022.1516      1.791      1.806    30.2639    15.8388          0          0  0.000e+00
  1022.1507      1.802      1.817    30.2648    15.8461          0          0  0.000e+00
  1022.1386      1.883      1.898    30.2509    15.8540          0          0  0.000e+00
  1022.1375      2.029      2.046    30.2489    15.8554          0          0  0.000e+00
  1022.1462      2.215      2.234    30.2587    15.8537          0          0  0.000e+00
  1022.1746      2.423      2.443    30.2954    15.8569          0          0  0.000e+00
  1022.2123      2.615      2.636    30.3504    15.8814          0          0  0.000e+00
  1022.1962      2.766      2.788    30.3470    15.9457          0          0  0.000e+00
  1022.0858      2.864      2.888    30.2208    16.0092          0          0  0.000e+00
  1022.0816      2.908      2.931    30.2157    16.0117          0          0  0.000e+00
  1022.0900      2.895      2.919    30.2222    15.9955          0          0  0.000e+00
  1022.1062      2.828      2.851    30.2399    15.9822          0          0  0.000e+00
  1022.1190      2.723      2.745    30.2567    15.9806          0          0  0.000e+00
  1022.1075      2.586      2.608    30.2448    15.9888          0          0  0.000e+00
  1022.0950      2.442      2.462    30.2302    15.9916          0          0  0.000e+00
  1022.0944      2.309      2.328    30.2282    15.9849          0          0  0.000e+00
  1022.1010      2.200      2.218    30.2349    15.9757          0          0  0.000e+00
  1022.1067      2.120      2.137    30.2409    15.9692          0          0  0.000e+00
  1022.0954      2.070      2.087    30.2252    15.9652          0          0  0.000e+00
  1022.1016      2.049      2.066    30.2304    15.9544          0          0  0.000e+00
  1022.1246      2.053      2.070    30.2577    15.9450          0          0  0.000e+00
  1022.1505      2.074      2.091    30.2933    15.9523          0          0  0.000e+00
  1022.1761      2.108      2.126    30.3350    15.9820          0          0  0.000e+00
  1022.1796      2.153      2.171    30.3562    16.0406          0          0  0.000e+00
  1022.1379      2.197      2.215    30.3232    16.1155          0          0  0.000e+00
  1022.0565      2.239      2.257    30.2344    16.1760          0          0  0.000e+00
  1022.0148      2.278      2.297    30.1834    16.1885          0          0  0.000e+00
  1022.0288      2.314      2.333    30.1944    16.1642          0          0  0.000e+00
  1022.0546      2.350      2.369    30.2211    16.1410          0          0  0.000e+00
  1022.0715      2.390      2.410    30.2401    16.1312          0          0  0.000e+00
  1022.0819      2.435      2.455    30.2543    16.1342          0          0  0.000e+00
  1022.0573      2.487      2.507    30.2247    16.1440          0          0  0.000e+00
  1022.0459      2.541      2.562    30.2079    16.1380          0          0  0.000e+00
  1021.9860      2.592      2.613    30.1232    16.1161          0          0  0.000e+00
  1021.7921      2.629      2.650    29.8473    16.0365          0          0  0.000e+00
  1021.9080      2.651      2.673    29.9305    15.7995          0          0  0.000e+00
  1022.1178      2.656      2.678    30.1399    15.5740          0          0  0.000e+00
  1022.2857      2.642      2.663    30.3271    15.4624          0          0  0.000e+00
  1022.4235      2.607      2.628    30.5124    15.4830          0          0  0.000e+00
  1022.4212      2.557      2.578    30.5472    15.6160          0          0  0.000e+00
  1022.2873      2.497      2.518    30.4234    15.7927          0          0  0.000e+00
  1022.1649      2.433      2.453    30.2985    15.9121          0          0  0.000e+00
  1022.1139      2.369      2.389    30.2448    15.9553          0          0  0.000e+00
  1022.0976      2.309      2.328    30.2241    15.9559          0          0  0.000e+00
  1022.1198      2.249      2.268    30.2496    15.9424          0          0  0.000e+00
  1022.1310      2.189      2.207    30.2638    15.9402          0          0  0.000e+00
  1022.1462      2.134      2.151    30.2872    15.9516          0          0  0.000e+00
  1022.1257      2.077      2.094    30.2670    15.9732          0          0  0.000e+00
  1022.1227      2.032      2.049    30.2681    15.9895          0          0  0.000e+00
  1022.1178      1.990      2.006    30.2665    16.0055          0          0  0.000e+00
  1022.1034      1.967      1.984    30.2527    16.0224          0          0  0.000e+00
  1022.1051      1.973      1.989    30.2576    16.0315          0          0  0.000e+00
  1022.1118      2.011      2.027    30.2691    16.0418          0          0  0.000e+00
  1022.1222      2.083      2.100    30.2877    16.0608          0          0  0.000e+00
  1022.1356      2.192      2.210    30.3131    16.0910          0          0  0.000e+00
  1022.1223      2.329      2.348    30.3069    16.1322          0          0  0.000e+00
  1022.0846      2.469      2.489    30.2697    16.1764          0          0  0.000e+00
  1022.0144      2.596      2.617    30.1838    16.1983          0          0  0.000e+00
  1021.8906      2.695      2.717    30.0142    16.1719          0          0  0.000e+00
  1021.8259      2.765      2.787    29.8907    16.0368          0          0  0.000e+00
  1022.0094      2.796      2.819    30.0613    15.7978          0          0  0.000e+00
  1022.0488      2.794      2.817    30.0679    15.6403          0          0  0.000e+00
  1022.2648      2.756      2.779    30.3126    15.5100          0          0  0.000e+00
  1022.4326      2.698      2.720    30.5311    15.5093          0          0  0.000e+00
  1022.3726      2.627      2.648    30.4946    15.6550          0          0  0.000e+00
  1022.2167      2.553      2.573    30.3330    15.7992          0          0  0.000e+00
  1022.1830      2.484      2.504    30.3071    15.8609          0          0  0.000e+00
  1022.1783      2.425      2.445    30.3111    15.8951          0          0  0.000e+00
  1022.1681      2.370      2.390    30.3085    15.9315          0          0  0.000e+00
  1022.1494      2.323      2.342    30.2949    15.9677          0          0  0.000e+00
  1022.1300      2.273      2.291    30.2785    15.9978          0          0  0.000e+00
  1022.1109      2.219      2.237    30.2599    16.0187          0          0  0.000e+00
  1022.0989      2.161      2.179    30.2478    16.0295          0          0  0.000e+00
  1022.0782      2.103      2.120    30.2211    16.0290          0          0  0.000e+00
  1022.0871      2.047      2.064    30.2284    16.0130          0          0  0.000e+00
  1022.0998      1.999      2.016    30.2409    15.9980          0          0  0.000e+00
  1022.1171      1.966      1.982    30.2612    15.9897          0          0  0.000e+00
  1022.1191      1.958      1.974    30.2648    15.9932          0          0  0.000e+00
  1022.1225      1.981      1.997    30.2717    16.0020          0          0  0.000e+00
  1022.2158      2.042      2.058    30.3983    16.0209          0          0  0.000e+00
  1022.2254      2.134      2.151    30.4354    16.1076          0          0  0.000e+00
  1021.8997      2.254      2.272    30.0471    16.2354          0          0  0.000e+00
  1021.7396      2.386      2.406    29.8208    16.1770          0          0  0.000e+00
  1021.7417      2.515      2.536    29.7443    15.9035          0          0  0.000e+00
  1021.8231      2.631      2.653    29.7554    15.5702          0          0  0.000e+00
  1022.0716      2.723      2.746    29.9803    15.2189          0          0  0.000e+00
  1022.2699      2.784      2.806    30.1721    14.9804          0          0  0.000e+00
  1022.3548      2.818      2.841    30.2486    14.8576          0          0  0.000e+00
  1022.4011      2.818      2.841    30.2894    14.7862          0          0  0.000e+00
  1022.4880      2.788      2.811    30.3928    14.7510          0          0  0.000e+00
  1022.5436      2.731      2.753    30.4718    14.7745          0          0  0.000e+00
  1022.5278      2.653      2.675    30.4733    14.8535          0          0  0.000e+00
  1022.4655      2.570      2.591    30.4169    14.9413          0          0  0.000e+00
  1022.4835      2.484      2.504    30.4589    15.0073          0          0  0.000e+00
  1022.4989      2.401      2.421    30.5036    15.0955          0          0  0.000e+00
  1022.4810      2.324      2.343    30.5138    15.2146          0          0  0.000e+00
  1022.4186      2.256      2.274    30.4706    15.3496          0          0  0.000e+00
  1022.3318      2.192      2.210    30.3925    15.4728          0          0  0.000e+00
  1022.3098      2.133      2.150    30.3881    15.5575          0          0  0.000e+00
  1022.3506      2.078      2.095    30.4637    15.6356          0          0  0.000e+00
  1022.3108      2.024      2.040    30.4456    15.7533          0          0  0.000e+00
  1022.2309      1.980      1.996    30.3779    15.8799          0          0  0.000e+00
  1022.1399      1.952      1.968    30.2855    15.9708          0          0  0.000e+00
  1022.1268      1.940      1.956    30.2807    16.0126          0          0  0.000e+00
  1022.1461      1.958      1.974    30.3144    16.0432          0          0  0.000e+00
  1022.1881      2.004      2.020    30.3831    16.0924          0          0  0.000e+00
  1022.1995      2.080      2.097    30.4257    16.1899          0          0  0.000e+00
  1022.0905      2.184      2.202    30.3199    16.3169          0          0  0.000e+00
  1021.8860      2.296      2.315    30.0694    16.3740          0          0  0.000e+00
  1021.8164      2.415      2.435    29.9539    16.2920          0          0  0.000e+00
  1021.6179      2.535      2.555    29.6392    16.1008          0          0  0.000e+00
  1021.7605      2.642      2.663    29.7255    15.7535          0          0  0.000e+00
  1021.9613      2.734      2.756    29.8831    15.3859          0          0  0.000e+00
  1022.1509      2.807      2.830    30.0488    15.0955          0          0  0.000e+00
  1022.2945      2.856      2.879    30.1820    14.9016          0          0  0.000e+00
  1022.3915      2.873      2.896    30.2772    14.7887          0          0  0.000e+00
  1022.4343      2.862      2.886    30.3182    14.7349          0          0  0.000e+00
  1022.5111      2.814      2.837    30.4131    14.7157          0          0  0.000e+00
  1022.5879      2.735      2.757    30.5232    14.7521          0          0  0.000e+00
  1022.5823      2.624      2.645    30.5467    14.8625          0          0  0.000e+00
  1022.5269      2.492      2.513    30.5130    14.9997          0          0  0.000e+00
  1022.5702      2.347      2.366    30.6066    15.1315          0          0  0.000e+00
  1022.4678      2.197      2.215    30.5248    15.3130          0          0  0.000e+00
  1022.4027      2.056      2.073    30.4873    15.4786          0          0  0.000e+00
  1022.3387      1.939      1.955    30.4431    15.6147          0          0  0.000e+00
  1022.2633      1.856      1.871    30.3792    15.7340          0          0  0.000e+00
  1022.2517      1.821      1.836    30.3899    15.8241          0          0  0.000e+00
  1022.2636      1.835      1.850    30.4313    15.9148          0          0  0.000e+00
  1022.1933      1.886      1.901    30.3725    16.0299          0          0  0.000e+00
