data/eDNA/PER-2021-171/171b027.ros
* Sea-Bird SBE19plus  Data File:
* FileName = C:\Users\RSG_field\Ryan_2021_Perley\CTD\171b027.hex
* Software version 2.3.0 SB_Terminal.dll
* Temperature SN = 7141
* Conductivity SN = 7141
* System UpLoad Time = Aug 18 2021 11:29:18
* <ApplicationData>
* <SeatermAF>
** Platform: M. Perley
** Cruise: Per2021171
** Station:  SAB_03
** Cast: 01 2
** Latitude: N  45 50.659
** Longitude: W 60 05.204
** Sounding: 34.9
** Chief Scientist: Ryan Stanley
** Comment: 171b027
# nquan = 9
# nvalues = 27                                    
# units = specified
# name 0 = density00: Density [density, kg/m^3]
# name 1 = depSM: Depth [salt water, m], lat = 45.00
# name 2 = prdM: Pressure, Strain Gauge [db]
# name 3 = sal00: Salinity, Practical [PSU]
# name 4 = tv290C: Temperature [ITS-90, deg C]
# name 5 = bpos: Bottle Position in Carousel
# name 6 = nbf: Bottles Fired
# name 7 = scan: Scan Count
# name 8 = flag:  0.000e+00
# interval = seconds: 0.25
# start_time = Aug 18 2021 14:17:57 [Instrument's time stamp, header]
# bad_flag = -9.990e-29
*END*
  1024.7599     34.188     34.470    31.2281     5.7727          1          1       1520  0.000e+00
  1024.7655     34.190     34.472    31.2347     5.7695          1          1       1521  0.000e+00
  1024.7665     34.193     34.476    31.2352     5.7646          1          1       1522  0.000e+00
  1024.7680     34.194     34.477    31.2363     5.7595          1          1       1523  0.000e+00
  1024.7676     34.199     34.482    31.2348     5.7535          1          1       1524  0.000e+00
  1024.7680     34.204     34.486    31.2341     5.7453          1          1       1525  0.000e+00
  1024.7829     34.209     34.492    31.2516     5.7360          1          1       1526  0.000e+00
  1024.8055     34.222     34.505    31.2802     5.7366          1          1       1527  0.000e+00
  1024.7879     34.232     34.515    31.2609     5.7574          1          1       1528  0.000e+00
  1023.4332     15.681     15.810    30.4281    10.1435          2          2       1993  0.000e+00
  1023.4795     15.582     15.710    30.5054    10.2257          2          2       1994  0.000e+00
  1023.4942     15.486     15.614    30.5439    10.3156          2          2       1995  0.000e+00
  1023.5018     15.392     15.518    30.5881    10.4747          2          2       1996  0.000e+00
  1023.3788     15.301     15.427    30.4720    10.6667          2          2       1997  0.000e+00
  1023.3583     15.210     15.335    30.4806    10.8243          2          2       1998  0.000e+00
  1023.3404     15.117     15.242    30.4948    10.9907          2          2       1999  0.000e+00
  1023.3017     15.019     15.142    30.4879    11.1812          2          2       2000  0.000e+00
  1023.1648     14.914     15.036    30.3609    11.3965          2          2       2001  0.000e+00
  1021.1395      2.791      2.814    29.5763    17.9842          3          3       2104  0.000e+00
  1021.1411      2.678      2.699    29.5887    18.0150          3          3       2105  0.000e+00
  1021.1276      2.563      2.584    29.5805    18.0436          3          3       2106  0.000e+00
  1021.1107      2.451      2.471    29.5669    18.0688          3          3       2107  0.000e+00
  1021.0974      2.338      2.358    29.5558    18.0867          3          3       2108  0.000e+00
  1021.1046      2.223      2.241    29.5694    18.0983          3          3       2109  0.000e+00
  1021.1008      2.098      2.115    29.5695    18.1121          3          3       2110  0.000e+00
  1021.1138      1.977      1.993    29.5926    18.1294          3          3       2111  0.000e+00
  1021.1041      1.850      1.865    29.5897    18.1581          3          3       2112  0.000e+00
