data/eDNA/PER-2021-171/171b010.cnv
* Sea-Bird SBE19plus  Data File:
* FileName = C:\Users\RSG_field\Ryan_2021_Perley\CTD\171b010.hex
* Software version 2.3.0 SB_Terminal.dll
* Temperature SN = 7141
* Conductivity SN = 7141
* System UpLoad Time = Aug 11 2021 14:23:34
* <ApplicationData>
* <SeatermAF>
** Platform: M. Perley
** Cruise: Per2021171
** Station:  ESI_14
** Cast: 01 2
** Latitude: N  44 36.596
** Longitude: W 62 55.823
** Sounding: 41.1
** Chief Scientist: Ryan Stanley
** Comment: 171b010
# nquan = 8
# nvalues = 2366                                  
# units = specified
# name 0 = density00: Density [density, kg/m^3]
# name 1 = depSM: Depth [salt water, m], lat = 45.00
# name 2 = prdM: Pressure, Strain Gauge [db]
# name 3 = sal00: Salinity, Practical [PSU]
# name 4 = tv290C: Temperature [ITS-90, deg C]
# name 5 = bpos: Bottle Position in Carousel
# name 6 = nbf: Bottles Fired
# name 7 = flag:  0.000e+00
# span 0 =   998.6525,  1024.4905                 
# span 1 =     -0.036,     29.084                 
# span 2 =     -0.036,     29.324                 
# span 3 =     0.0083,    31.4908                 
# span 4 =     5.9498,    18.4700                 
# span 5 =          0,          4                 
# span 6 =          0,          4                 
# span 7 = 0.0000e+00, 0.0000e+00                 
# interval = seconds: 0.25
# start_time = Aug 11 2021 16:54:54 [Instrument's time stamp, header]
# bad_flag = -9.990e-29
*END*
[from data line 1439]
  1024.4591     28.437     28.672    30.9105     5.9704          1          1  0.000e+00
  1024.4610     28.502     28.737    30.9123     5.9688          1          1  0.000e+00
  1024.4627     28.567     28.803    30.9139     5.9676          1          1  0.000e+00
  1024.4629     28.628     28.865    30.9137     5.9673          1          1  0.000e+00
  1024.4638     28.688     28.924    30.9144     5.9669          1          1  0.000e+00
  1024.4636     28.731     28.968    30.9139     5.9669          1          1  0.000e+00
  1024.4639     28.759     28.996    30.9141     5.9666          1          1  0.000e+00
  1024.4644     28.762     28.999    30.9146     5.9665          1          1  0.000e+00
  1024.4656     28.742     28.979    30.9164     5.9665          1          1  0.000e+00
  1024.4650     28.695     28.932    30.9160     5.9673          1          1  0.000e+00
  1024.4651     28.627     28.863    30.9166     5.9683          1          1  0.000e+00
  1024.4663     28.542     28.778    30.9188     5.9694          1          1  0.000e+00
  1024.4652     28.450     28.685    30.9184     5.9716          1          1  0.000e+00
  1024.4635     28.351     28.584    30.9171     5.9738          1          1  0.000e+00
  1024.4609     28.268     28.501    30.9145     5.9753          1          1  0.000e+00
  1024.4598     28.198     28.431    30.9136     5.9758          1          1  0.000e+00
  1024.4587     28.147     28.379    30.9124     5.9756          1          1  0.000e+00
  1024.4583     28.124     28.356    30.9120     5.9749          1          1  0.000e+00
  1024.4587     28.127     28.359    30.9123     5.9739          1          1  0.000e+00
  1024.4592     28.158     28.390    30.9126     5.9731          1          1  0.000e+00
  1024.4585     28.217     28.450    30.9113     5.9723          1          1  0.000e+00
  1024.4583     28.301     28.534    30.9103     5.9709          1          1  0.000e+00
  1024.4602     28.404     28.638    30.9119     5.9692          1          1  0.000e+00
  1024.4614     28.513     28.748    30.9126     5.9681          1          1  0.000e+00
  1024.4627     28.619     28.855    30.9135     5.9673          1          1  0.000e+00
  1024.4636     28.709     28.946    30.9140     5.9669          1          1  0.000e+00
  1024.4638     28.777     29.014    30.9139     5.9668          1          1  0.000e+00
  1024.4641     28.814     29.052    30.9140     5.9667          1          1  0.000e+00
  1024.4644     28.821     29.059    30.9143     5.9665          1          1  0.000e+00
  1024.4659     28.797     29.035    30.9164     5.9666          1          1  0.000e+00
  1024.4657     28.746     28.983    30.9167     5.9676          1          1  0.000e+00
  1024.4663     28.672     28.908    30.9180     5.9690          1          1  0.000e+00
  1024.4658     28.577     28.813    30.9182     5.9710          1          1  0.000e+00
  1024.4639     28.471     28.706    30.9168     5.9733          1          1  0.000e+00
  1024.4610     28.362     28.596    30.9140     5.9750          1          1  0.000e+00
  1024.4601     28.261     28.495    30.9136     5.9755          1          1  0.000e+00
  1024.4595     28.177     28.409    30.9133     5.9754          1          1  0.000e+00
  1024.4586     28.113     28.345    30.9125     5.9751          1          1  0.000e+00
  1024.4575     28.079     28.311    30.9111     5.9745          1          1  0.000e+00
  1024.4588     28.072     28.303    30.9127     5.9733          1          1  0.000e+00
  1024.4592     28.091     28.323    30.9130     5.9725          1          1  0.000e+00
  1024.4579     28.132     28.364    30.9110     5.9720          1          1  0.000e+00
  1024.4584     28.197     28.430    30.9110     5.9707          1          1  0.000e+00
  1024.4597     28.270     28.503    30.9121     5.9692          1          1  0.000e+00
  1024.4607     28.356     28.590    30.9127     5.9683          1          1  0.000e+00
  1024.4618     28.446     28.681    30.9134     5.9677          1          1  0.000e+00
  1024.4619     28.535     28.771    30.9131     5.9676          1          1  0.000e+00
  1024.4627     28.619     28.855    30.9135     5.9671          1          1  0.000e+00
  1024.4626     28.693     28.930    30.9128     5.9667          1          1  0.000e+00
  1024.4635     28.753     28.991    30.9136     5.9663          1          1  0.000e+00
  1024.4642     28.795     29.032    30.9141     5.9659          1          1  0.000e+00
  1024.4643     28.819     29.057    30.9142     5.9659          1          1  0.000e+00
  1024.4645     28.824     29.062    30.9144     5.9660          1          1  0.000e+00
  1024.4646     28.811     29.048    30.9146     5.9660          1          1  0.000e+00
  1024.4670     28.779     29.016    30.9178     5.9663          1          1  0.000e+00
  1024.4665     28.732     28.969    30.9178     5.9682          1          1  0.000e+00
  1024.4647     28.670     28.906    30.9161     5.9702          1          1  0.000e+00
  1024.4640     28.601     28.837    30.9159     5.9714          1          1  0.000e+00
  1024.4636     28.528     28.763    30.9160     5.9727          1          1  0.000e+00
  1024.4633     28.454     28.689    30.9162     5.9738          1          1  0.000e+00
  1024.4621     28.392     28.626    30.9152     5.9751          1          1  0.000e+00
  1024.4603     28.335     28.568    30.9135     5.9760          1          1  0.000e+00
  1024.4584     28.286     28.519    30.9113     5.9759          1          1  0.000e+00
  1024.4589     28.247     28.480    30.9120     5.9749          1          1  0.000e+00
  1024.4579     28.207     28.440    30.9109     5.9739          1          1  0.000e+00
  1024.4587     28.174     28.406    30.9119     5.9726          1          1  0.000e+00
  1024.4591     28.142     28.374    30.9123     5.9714          1          1  0.000e+00
  1024.4592     28.120     28.353    30.9126     5.9707          1          1  0.000e+00
  1024.4596     28.112     28.344    30.9130     5.9700          1          1  0.000e+00
  1024.4589     28.124     28.356    30.9120     5.9697          1          1  0.000e+00
  1024.4608     28.152     28.385    30.9142     5.9689          1          1  0.000e+00
  1024.4615     28.208     28.441    30.9147     5.9688          1          1  0.000e+00
  1024.4604     28.283     28.516    30.9128     5.9692          1          1  0.000e+00
  1024.4600     28.373     28.607    30.9118     5.9689          1          1  0.000e+00
  1024.4609     28.476     28.711    30.9122     5.9682          1          1  0.000e+00
  1024.4623     28.580     28.815    30.9133     5.9675          1          1  0.000e+00
  1024.4626     28.674     28.911    30.9131     5.9672          1          1  0.000e+00
  1024.4631     28.757     28.994    30.9131     5.9671          1          1  0.000e+00
  1024.4637     28.822     29.060    30.9135     5.9670          1          1  0.000e+00
  1024.4642     28.871     29.109    30.9138     5.9670          1          1  0.000e+00
  1024.4640     28.892     29.131    30.9135     5.9671          1          1  0.000e+00
  1024.4648     28.892     29.131    30.9146     5.9670          1          1  0.000e+00
  1024.4667     28.865     29.103    30.9171     5.9676          1          1  0.000e+00
  1024.4659     28.813     29.051    30.9167     5.9692          1          1  0.000e+00
  1024.4653     28.735     28.973    30.9166     5.9707          1          1  0.000e+00
  1024.4638     28.640     28.876    30.9155     5.9722          1          1  0.000e+00
  1024.4638     28.529     28.764    30.9163     5.9734          1          1  0.000e+00
  1024.4617     28.414     28.649    30.9146     5.9748          1          1  0.000e+00
  1024.4609     28.306     28.540    30.9143     5.9757          1          1  0.000e+00
  1024.4591     28.215     28.448    30.9127     5.9763          1          1  0.000e+00
  1024.4581     28.147     28.379    30.9118     5.9761          1          1  0.000e+00
  1024.4573     28.109     28.341    30.9110     5.9756          1          1  0.000e+00
  1024.4578     28.094     28.326    30.9115     5.9745          1          1  0.000e+00
  1024.4568     28.108     28.340    30.9099     5.9736          1          1  0.000e+00
  1024.4578     28.142     28.374    30.9109     5.9721          1          1  0.000e+00
  1024.4581     28.195     28.427    30.9107     5.9708          1          1  0.000e+00
  1024.4595     28.255     28.488    30.9120     5.9693          1          1  0.000e+00
  1024.4604     28.321     28.555    30.9125     5.9685          1          1  0.000e+00
  1024.4610     28.383     28.618    30.9128     5.9681          1          1  0.000e+00
  1024.4617     28.448     28.683    30.9134     5.9680          1          1  0.000e+00
  1024.4625     28.511     28.746    30.9140     5.9680          1          1  0.000e+00
  1024.4623     28.563     28.798    30.9135     5.9683          1          1  0.000e+00
  1024.4626     28.607     28.843    30.9136     5.9684          1          1  0.000e+00
  1024.4625     28.639     28.875    30.9133     5.9687          1          1  0.000e+00
  1024.4625     28.662     28.899    30.9132     5.9688          1          1  0.000e+00
  1024.4625     28.664     28.901    30.9132     5.9688          1          1  0.000e+00
  1024.4634     28.660     28.897    30.9145     5.9691          1          1  0.000e+00
  1024.4631     28.645     28.882    30.9142     5.9698          1          1  0.000e+00
  1024.4625     28.622     28.858    30.9137     5.9706          1          1  0.000e+00
  1024.4624     28.597     28.833    30.9138     5.9710          1          1  0.000e+00
  1024.4615     28.569     28.805    30.9129     5.9715          1          1  0.000e+00
  1024.4610     28.538     28.774    30.9125     5.9716          1          1  0.000e+00
  1024.4606     28.503     28.738    30.9121     5.9716          1          1  0.000e+00
  1024.4611     28.469     28.704    30.9130     5.9714          1          1  0.000e+00
  1024.4613     28.433     28.668    30.9135     5.9715          1          1  0.000e+00
  1024.4609     28.397     28.632    30.9132     5.9716          1          1  0.000e+00
  1024.4615     28.361     28.595    30.9141     5.9718          1          1  0.000e+00
  1024.4607     28.333     28.566    30.9134     5.9724          1          1  0.000e+00
  1024.4598     28.312     28.546    30.9125     5.9728          1          1  0.000e+00
  1024.4591     28.306     28.540    30.9116     5.9726          1          1  0.000e+00
  1024.4592     28.301     28.534    30.9116     5.9721          1          1  0.000e+00
  1024.4600     28.306     28.540    30.9125     5.9714          1          1  0.000e+00
  1024.4602     28.318     28.551    30.9128     5.9714          1          1  0.000e+00
  1024.4602     28.340     28.574    30.9126     5.9710          1          1  0.000e+00
  1024.4603     28.368     28.602    30.9125     5.9709          1          1  0.000e+00
  1024.4607     28.408     28.642    30.9127     5.9707          1          1  0.000e+00
  1024.4609     28.454     28.689    30.9126     5.9704          1          1  0.000e+00
  1024.4611     28.504     28.740    30.9125     5.9701          1          1  0.000e+00
  1024.4610     28.554     28.790    30.9121     5.9698          1          1  0.000e+00
  1024.4612     28.602     28.838    30.9120     5.9692          1          1  0.000e+00
  1024.4618     28.645     28.882    30.9124     5.9684          1          1  0.000e+00
  1024.4626     28.683     28.920    30.9130     5.9680          1          1  0.000e+00
  1024.4619     28.707     28.944    30.9120     5.9676          1          1  0.000e+00
  1024.4630     28.722     28.959    30.9132     5.9668          1          1  0.000e+00
  1024.4639     28.727     28.964    30.9142     5.9666          1          1  0.000e+00
  1024.4638     28.720     28.957    30.9142     5.9667          1          1  0.000e+00
  1024.4635     28.704     28.941    30.9140     5.9671          1          1  0.000e+00
  1024.4638     28.670     28.906    30.9146     5.9675          1          1  0.000e+00
  1024.4635     28.625     28.861    30.9146     5.9680          1          1  0.000e+00
  1024.4631     28.572     28.808    30.9146     5.9688          1          1  0.000e+00
  1024.4643     28.509     28.744    30.9165     5.9693          1          1  0.000e+00
  1024.4643     28.441     28.675    30.9172     5.9708          1          1  0.000e+00
  1024.4629     28.375     28.609    30.9160     5.9726          1          1  0.000e+00
  1024.4613     28.312     28.546    30.9146     5.9742          1          1  0.000e+00
  1024.4608     28.257     28.491    30.9144     5.9750          1          1  0.000e+00
  1024.4601     28.212     28.445    30.9138     5.9755          1          1  0.000e+00
  1024.4589     28.174     28.406    30.9126     5.9759          1          1  0.000e+00
  1024.4570     28.145     28.377    30.9103     5.9755          1          1  0.000e+00
  1024.4565     28.129     28.361    30.9096     5.9742          1          1  0.000e+00
  1024.4571     28.130     28.362    30.9101     5.9725          1          1  0.000e+00
  1024.4589     28.152     28.385    30.9120     5.9709          1          1  0.000e+00
  1024.4605     28.198     28.431    30.9136     5.9700          1          1  0.000e+00
  1024.4592     28.265     28.498    30.9115     5.9701          1          1  0.000e+00
  1024.4592     28.354     28.588    30.9110     5.9692          1          1  0.000e+00
  1024.4600     28.457     28.692    30.9111     5.9678          1          1  0.000e+00
  1024.4612     28.563     28.798    30.9118     5.9665          1          1  0.000e+00
  1024.4625     28.667     28.903    30.9127     5.9655          1          1  0.000e+00
  1024.4634     28.758     28.995    30.9133     5.9650          1          1  0.000e+00
  1024.4639     28.833     29.071    30.9134     5.9647          1          1  0.000e+00
  1024.4648     28.892     29.131    30.9141     5.9644          1          1  0.000e+00
  1024.4649     28.928     29.167    30.9140     5.9644          1          1  0.000e+00
  1024.4649     28.943     29.182    30.9139     5.9645          1          1  0.000e+00
  1024.4649     28.940     29.179    30.9140     5.9646          1          1  0.000e+00
  1024.4663     28.919     29.158    30.9159     5.9648          1          1  0.000e+00
  1024.4665     28.876     29.115    30.9165     5.9655          1          1  0.000e+00
  1024.4649     28.817     29.055    30.9151     5.9669          1          1  0.000e+00
  1024.4648     28.739     28.976    30.9155     5.9679          1          1  0.000e+00
  1024.4655     28.652     28.888    30.9171     5.9688          1          1  0.000e+00
  1024.4646     28.550     28.786    30.9168     5.9706          1          1  0.000e+00
  1024.4628     28.447     28.682    30.9154     5.9724          1          1  0.000e+00
  1024.4615     28.340     28.574    30.9146     5.9735          1          1  0.000e+00
  1024.4597     28.241     28.475    30.9130     5.9740          1          1  0.000e+00
  1024.4589     28.149     28.382    30.9124     5.9740          1          1  0.000e+00
  1024.4584     28.068     28.299    30.9123     5.9736          1          1  0.000e+00
  1024.4582     28.003     28.234    30.9124     5.9731          1          1  0.000e+00
  1024.4579     27.960     28.190    30.9121     5.9725          1          1  0.000e+00
  1024.4576     27.939     28.170    30.9118     5.9720          1          1  0.000e+00
  1024.4584     27.949     28.180    30.9126     5.9713          1          1  0.000e+00
