data/eDNA/PER-2021-171/171b001.cnv
* Sea-Bird SBE19plus  Data File:
* FileName = C:\Users\RSG_field\Ryan_2021_Perley\CTD\171b001.hex
* Software version 2.3.0 SB_Terminal.dll
* Temperature SN = 7141
* Conductivity SN = 7141
* System UpLoad Time = Aug 07 2021 20:28:25
* <ApplicationData>
* <SeatermAF>
** Platform: M. Perley
** Cruise: Per2021171
** Station:  1
** Cast: 01
** Latitude: N  44 27.2920
** Longitude: W 62 8.4079
** Sounding: 210
** Chief Scientist: Ryan Stanley
** Comment:
# nquan = 8
# nvalues = 5029                                  
# units = specified
# name 0 = density00: Density [density, kg/m^3]
# name 1 = depSM: Depth [salt water, m], lat = 45.00
# name 2 = prdM: Pressure, Strain Gauge [db]
# name 3 = sal00: Salinity, Practical [PSU]
# name 4 = tv290C: Temperature [ITS-90, deg C]
# name 5 = bpos: Bottle Position in Carousel
# name 6 = nbf: Bottles Fired
# name 7 = flag:  0.000e+00
# span 0 =   998.9606,  1027.7539                 
# span 1 =     -0.053,    192.374                 
# span 2 =     -0.053,    194.040                 
# span 3 =     0.0000,    35.1652                 
# span 4 =     2.8612,    16.2026                 
# span 5 =          0,          6                 
# span 6 =          0,          6                 
# span 7 = 0.0000e+00, 0.0000e+00                 
# interval = seconds: 0.25
# start_time = Aug 07 2021 19:02:27 [Instrument's time stamp, header]
# bad_flag = -9.990e-29
*END*
[from data line 2877]
  1027.7433    191.629    193.288    35.1512    11.1025          0          0  0.000e+00
  1027.7425    191.501    193.159    35.1508    11.1022          0          0  0.000e+00
  1027.7420    191.358    193.014    35.1509    11.1016          0          0  0.000e+00
  1027.7416    191.215    192.870    35.1510    11.1010          0          0  0.000e+00
  1027.7410    191.085    192.739    35.1509    11.1007          1          1  0.000e+00
  1027.7406    190.977    192.630    35.1510    11.1005          1          1  0.000e+00
  1027.7403    190.910    192.562    35.1510    11.1002          1          1  0.000e+00
  1027.7402    190.887    192.539    35.1509    11.1000          1          1  0.000e+00
  1027.7404    190.905    192.557    35.1510    11.0999          1          1  0.000e+00
  1027.7402    190.971    192.623    35.1503    11.0997          1          1  0.000e+00
  1027.7403    191.077    192.730    35.1498    11.0994          1          1  0.000e+00
  1027.7433    191.211    192.866    35.1527    11.0990          1          1  0.000e+00
  1027.7455    191.372    193.028    35.1547    11.0994          1          1  0.000e+00
  1027.7463    191.538    193.196    35.1551    11.1006          1          1  0.000e+00
  1027.7467    191.691    193.350    35.1551    11.1018          1          1  0.000e+00
  1027.7467    191.828    193.488    35.1545    11.1031          1          1  0.000e+00
  1027.7471    191.924    193.586    35.1546    11.1040          1          1  0.000e+00
  1027.7466    191.986    193.648    35.1538    11.1047          1          1  0.000e+00
  1027.7481    191.992    193.654    35.1559    11.1053          1          1  0.000e+00
  1027.7480    191.958    193.620    35.1562    11.1062          1          1  0.000e+00
  1027.7464    191.877    193.537    35.1548    11.1072          1          1  0.000e+00
  1027.7449    191.756    193.415    35.1537    11.1077          1          1  0.000e+00
  1027.7435    191.606    193.265    35.1528    11.1075          1          1  0.000e+00
  1027.7422    191.436    193.093    35.1520    11.1072          1          1  0.000e+00
  1027.7408    191.266    192.921    35.1511    11.1065          1          1  0.000e+00
  1027.7399    191.100    192.754    35.1507    11.1057          1          1  0.000e+00
  1027.7398    190.953    192.605    35.1511    11.1048          1          1  0.000e+00
  1027.7398    190.838    192.490    35.1516    11.1041          1          1  0.000e+00
  1027.7398    190.756    192.407    35.1521    11.1036          1          1  0.000e+00
  1027.7397    190.713    192.363    35.1520    11.1032          1          1  0.000e+00
  1027.7396    190.710    192.360    35.1520    11.1030          1          1  0.000e+00
  1027.7381    190.744    192.394    35.1497    11.1027          1          1  0.000e+00
  1027.7383    190.812    192.463    35.1493    11.1020          1          1  0.000e+00
  1027.7391    190.905    192.557    35.1496    11.1009          1          1  0.000e+00
  1027.7400    191.008    192.661    35.1500    11.1002          1          1  0.000e+00
  1027.7419    191.118    192.772    35.1517    11.0994          1          1  0.000e+00
  1027.7433    191.219    192.874    35.1528    11.0996          1          1  0.000e+00
  1027.7442    191.307    192.963    35.1536    11.1001          1          1  0.000e+00
  1027.7439    191.382    193.039    35.1530    11.1009          1          1  0.000e+00
  1027.7437    191.445    193.102    35.1525    11.1013          1          1  0.000e+00
  1027.7441    191.495    193.152    35.1528    11.1016          1          1  0.000e+00
  1027.7443    191.528    193.185    35.1530    11.1019          1          1  0.000e+00
  1027.7445    191.557    193.215    35.1531    11.1022          1          1  0.000e+00
  1027.7449    191.585    193.243    35.1535    11.1025          1          1  0.000e+00
  1027.7452    191.610    193.269    35.1538    11.1031          1          1  0.000e+00
  1027.7452    191.640    193.299    35.1538    11.1036          1          1  0.000e+00
  1027.7449    191.670    193.329    35.1534    11.1041          1          1  0.000e+00
  1027.7450    191.698    193.358    35.1535    11.1044          1          1  0.000e+00
  1027.7453    191.720    193.379    35.1537    11.1047          1          1  0.000e+00
  1027.7457    191.727    193.387    35.1543    11.1049          1          1  0.000e+00
  1027.7451    191.715    193.375    35.1536    11.1053          1          1  0.000e+00
  1027.7439    191.681    193.341    35.1524    11.1055          1          1  0.000e+00
  1027.7429    191.626    193.285    35.1513    11.1053          1          1  0.000e+00
  1027.7425    191.553    193.211    35.1511    11.1046          1          1  0.000e+00
  1027.7427    191.467    193.124    35.1517    11.1040          1          1  0.000e+00
  1027.7424    191.373    193.029    35.1518    11.1034          1          1  0.000e+00
  1027.7422    191.280    192.936    35.1519    11.1031          1          1  0.000e+00
  1027.7421    191.193    192.848    35.1522    11.1028          1          1  0.000e+00
  1027.7416    191.117    192.771    35.1520    11.1026          1          1  0.000e+00
  1027.7416    191.057    192.710    35.1523    11.1025          1          1  0.000e+00
  1027.7415    191.011    192.664    35.1525    11.1024          1          1  0.000e+00
  1027.7409    190.983    192.636    35.1518    11.1026          1          1  0.000e+00
  1027.7401    190.974    192.627    35.1508    11.1024          1          1  0.000e+00
  1027.7391    190.982    192.635    35.1494    11.1019          1          1  0.000e+00
  1027.7392    191.008    192.661    35.1491    11.1009          1          1  0.000e+00
  1027.7391    191.049    192.703    35.1486    11.1000          1          1  0.000e+00
  1027.7395    191.093    192.747    35.1486    11.0990          1          1  0.000e+00
  1027.7405    191.138    192.793    35.1493    11.0981          1          1  0.000e+00
  1027.7412    191.177    192.831    35.1500    11.0977          1          1  0.000e+00
  1027.7405    191.209    192.864    35.1488    11.0974          1          1  0.000e+00
  1027.7424    191.238    192.893    35.1511    11.0973          1          1  0.000e+00
  1027.7426    191.265    192.920    35.1512    11.0973          1          1  0.000e+00
  1027.7429    191.296    192.952    35.1515    11.0976          1          1  0.000e+00
  1027.7432    191.337    192.993    35.1516    11.0979          1          1  0.000e+00
  1027.7437    191.392    193.048    35.1520    11.0982          1          1  0.000e+00
  1027.7441    191.461    193.118    35.1522    11.0987          1          1  0.000e+00
  1027.7405    191.546    193.204    35.1473    11.0993          1          1  0.000e+00
  1027.7449    191.641    193.300    35.1525    11.0996          1          1  0.000e+00
  1027.7482    191.743    193.403    35.1563    11.1000          1          1  0.000e+00
  1027.7511    191.847    193.508    35.1599    11.1019          1          1  0.000e+00
  1027.7498    191.947    193.608    35.1582    11.1046          1          1  0.000e+00
  1027.7480    192.023    193.685    35.1559    11.1067          1          1  0.000e+00
  1027.7476    192.064    193.727    35.1555    11.1078          1          1  0.000e+00
  1027.7473    192.062    193.725    35.1552    11.1085          1          1  0.000e+00
  1027.7467    192.017    193.679    35.1548    11.1089          1          1  0.000e+00
  1027.7456    191.921    193.583    35.1541    11.1093          1          1  0.000e+00
  1027.7448    191.784    193.444    35.1538    11.1093          1          1  0.000e+00
  1027.7430    191.619    193.277    35.1524    11.1091          1          1  0.000e+00
  1027.7426    191.431    193.088    35.1528    11.1083          1          1  0.000e+00
  1027.7423    191.243    192.899    35.1534    11.1078          1          1  0.000e+00
  1027.7414    191.067    192.721    35.1533    11.1075          1          1  0.000e+00
  1027.7406    190.916    192.568    35.1530    11.1074          1          1  0.000e+00
  1027.7402    190.802    192.453    35.1531    11.1071          1          1  0.000e+00
  1027.7390    190.731    192.382    35.1519    11.1068          1          1  0.000e+00
  1027.7373    190.704    192.354    35.1498    11.1063          1          1  0.000e+00
  1027.7372    190.706    192.356    35.1494    11.1051          1          1  0.000e+00
  1027.7356    190.736    192.387    35.1467    11.1036          1          1  0.000e+00
  1027.7370    190.792    192.443    35.1478    11.1017          1          1  0.000e+00
  1027.7380    190.855    192.507    35.1483    11.1000          1          1  0.000e+00
  1027.7387    190.927    192.580    35.1484    11.0987          1          1  0.000e+00
  1027.7398    191.005    192.658    35.1491    11.0979          1          1  0.000e+00
  1027.7416    191.078    192.732    35.1510    11.0973          1          1  0.000e+00
  1027.7328    191.154    192.809    35.1392    11.0973          1          1  0.000e+00
  1027.7430    191.227    192.883    35.1519    11.0976          1          1  0.000e+00
  1027.7441    191.301    192.956    35.1531    11.0983          1          1  0.000e+00
  1027.7443    191.366    193.023    35.1532    11.0990          1          1  0.000e+00
  1027.7449    191.434    193.091    35.1537    11.0996          1          1  0.000e+00
  1027.7460    191.502    193.160    35.1549    11.1006          1          1  0.000e+00
  1027.7466    191.568    193.226    35.1557    11.1017          1          1  0.000e+00
  1027.7479    191.633    193.291    35.1572    11.1031          1          1  0.000e+00
  1027.7482    191.686    193.345    35.1577    11.1047          1          1  0.000e+00
  1027.7473    191.732    193.392    35.1567    11.1066          1          1  0.000e+00
  1027.7469    191.767    193.427    35.1562    11.1078          1          1  0.000e+00
  1027.7466    191.789    193.449    35.1560    11.1087          1          1  0.000e+00
  1027.7457    191.792    193.452    35.1549    11.1094          1          1  0.000e+00
  1027.7451    191.772    193.432    35.1545    11.1099          1          1  0.000e+00
  1027.7448    191.726    193.386    35.1543    11.1099          1          1  0.000e+00
  1027.7446    191.653    193.312    35.1545    11.1099          1          1  0.000e+00
  1027.7439    191.556    193.214    35.1541    11.1098          1          1  0.000e+00
  1027.7430    191.445    193.102    35.1536    11.1097          1          1  0.000e+00
  1027.7426    191.330    192.986    35.1537    11.1094          1          1  0.000e+00
  1027.7421    191.216    192.871    35.1536    11.1090          1          1  0.000e+00
  1027.7423    191.115    192.769    35.1543    11.1086          1          1  0.000e+00
  1027.7419    191.034    192.688    35.1544    11.1087          1          1  0.000e+00
  1027.7418    190.981    192.634    35.1545    11.1087          1          1  0.000e+00
  1027.7414    190.945    192.598    35.1543    11.1089          1          1  0.000e+00
  1027.7413    190.939    192.591    35.1541    11.1088          1          1  0.000e+00
  1027.7393    190.952    192.604    35.1515    11.1089          1          1  0.000e+00
  1027.7391    190.987    192.640    35.1508    11.1079          1          1  0.000e+00
  1027.7407    191.036    192.689    35.1523    11.1068          1          1  0.000e+00
  1027.7424    191.098    192.752    35.1540    11.1062          1          1  0.000e+00
  1027.7433    191.171    192.826    35.1548    11.1064          1          1  0.000e+00
  1027.7437    191.250    192.905    35.1550    11.1070          1          1  0.000e+00
  1027.7445    191.337    192.993    35.1556    11.1077          1          1  0.000e+00
  1027.7446    191.414    193.071    35.1555    11.1083          1          1  0.000e+00
  1027.7446    191.491    193.148    35.1551    11.1088          1          1  0.000e+00
  1027.7448    191.546    193.204    35.1552    11.1093          1          1  0.000e+00
  1027.7446    191.583    193.241    35.1548    11.1094          1          1  0.000e+00
  1027.7448    191.599    193.257    35.1550    11.1096          1          1  0.000e+00
  1027.7445    191.591    193.250    35.1548    11.1100          1          1  0.000e+00
  1027.7446    191.561    193.219    35.1550    11.1100          1          1  0.000e+00
  1027.7440    191.515    193.173    35.1545    11.1102          1          1  0.000e+00
  1027.7434    191.461    193.118    35.1542    11.1102          1          1  0.000e+00
  1027.7431    191.400    193.057    35.1541    11.1100          1          1  0.000e+00
  1027.7430    191.348    193.005    35.1542    11.1098          1          1  0.000e+00
  1027.7429    191.306    192.962    35.1543    11.1098          1          1  0.000e+00
  1027.7431    191.270    192.925    35.1547    11.1096          1          1  0.000e+00
  1027.7429    191.245    192.900    35.1547    11.1097          1          1  0.000e+00
  1027.7426    191.223    192.878    35.1544    11.1098          1          1  0.000e+00
  1027.7421    191.200    192.855    35.1539    11.1098          1          1  0.000e+00
  1027.7422    191.167    192.822    35.1542    11.1095          1          1  0.000e+00
  1027.7417    191.128    192.782    35.1537    11.1094          1          1  0.000e+00
  1027.7416    191.080    192.734    35.1538    11.1091          1          1  0.000e+00
  1027.7412    191.028    192.681    35.1535    11.1089          1          1  0.000e+00
  1027.7405    190.977    192.630    35.1529    11.1087          1          1  0.000e+00
  1027.7398    190.936    192.588    35.1521    11.1081          1          1  0.000e+00
  1027.7407    190.911    192.564    35.1532    11.1074          1          1  0.000e+00
  1027.7407    190.905    192.557    35.1532    11.1072          1          1  0.000e+00
  1027.7399    190.921    192.573    35.1519    11.1067          1          1  0.000e+00
  1027.7401    190.970    192.622    35.1518    11.1064          1          1  0.000e+00
  1027.7407    191.046    192.700    35.1519    11.1057          1          1  0.000e+00
  1027.7416    191.148    192.802    35.1525    11.1052          1          1  0.000e+00
  1027.7430    191.268    192.923    35.1534    11.1049          1          1  0.000e+00
  1027.7455    191.399    193.056    35.1559    11.1051          1          1  0.000e+00
  1027.7455    191.533    193.191    35.1554    11.1060          1          1  0.000e+00
  1027.7479    191.656    193.315    35.1580    11.1068          1          1  0.000e+00
  1027.7497    191.758    193.418    35.1601    11.1085          1          1  0.000e+00
  1027.7480    191.837    193.498    35.1579    11.1108          1          1  0.000e+00
  1027.7497    191.890    193.552    35.1602    11.1121          1          1  0.000e+00
  1027.7523    191.910    193.571    35.1639    11.1139          1          1  0.000e+00
  1027.7527    191.889    193.550    35.1652    11.1168          1          1  0.000e+00
  1027.7482    191.835    193.496    35.1604    11.1198          1          1  0.000e+00
  1027.7443    191.744    193.404    35.1562    11.1210          1          1  0.000e+00
  1027.7438    191.628    193.287    35.1562    11.1206          1          1  0.000e+00
  1027.7413    191.499    193.157    35.1535    11.1199          1          1  0.000e+00
  1027.7393    191.362    193.019    35.1514    11.1185          1          1  0.000e+00
  1027.7386    191.232    192.887    35.1508    11.1165          1          1  0.000e+00
  1027.7391    191.112    192.766    35.1516    11.1144          1          1  0.000e+00
  1027.7399    191.007    192.660    35.1529    11.1127          1          1  0.000e+00
