data/eDNA/PER-2021-171/171b006.cnv
* Sea-Bird SBE19plus  Data File:
* FileName = C:\Users\RSG_field\Ryan_2021_Perley\CTD\171b006.hex
* Software version 2.3.0 SB_Terminal.dll
* Temperature SN = 7141
* Conductivity SN = 7141
* System UpLoad Time = Aug 12 2021 16:30:58
* <ApplicationData>
* <SeatermAF>
** Platform: M. Perley
** Cruise: Per2021171
** Station:  GC_06
** Cast: 01 2
** Latitude: N  44 47.051
** Longitude: W 62 26.638
** Sounding: 21.5
** Chief Scientist: Ryan Stanley
** Comment: 171b006
# nquan = 8
# nvalues = 2029                                  
# units = specified
# name 0 = density00: Density [density, kg/m^3]
# name 1 = depSM: Depth [salt water, m], lat = 45.00
# name 2 = prdM: Pressure, Strain Gauge [db]
# name 3 = sal00: Salinity, Practical [PSU]
# name 4 = tv290C: Temperature [ITS-90, deg C]
# name 5 = bpos: Bottle Position in Carousel
# name 6 = nbf: Bottles Fired
# name 7 = flag:  0.000e+00
# span 0 =   998.6891,  1023.8398                 
# span 1 =     -0.076,     23.030                 
# span 2 =     -0.077,     23.220                 
# span 3 =     0.0000,    32.1948                 
# span 4 =     9.2759,    18.6535                 
# span 5 =          0,          3                 
# span 6 =          0,          3                 
# span 7 = 0.0000e+00, 0.0000e+00                 
# interval = seconds: 0.25
# start_time = Aug 12 2021 19:18:50 [Instrument's time stamp, header]
# bad_flag = -9.990e-29
*END*
   998.7078     -0.072     -0.072     0.0090    17.4257          0          0  0.000e+00
   998.7071     -0.073     -0.073     0.0090    17.4293          0          0  0.000e+00
   998.7065     -0.074     -0.074     0.0091    17.4333          0          0  0.000e+00
   998.7058     -0.074     -0.074     0.0090    17.4371          0          0  0.000e+00
   998.7052     -0.073     -0.073     0.0091    17.4402          0          0  0.000e+00
   998.7051     -0.074     -0.074     0.0091    17.4410          0          0  0.000e+00
   998.7053     -0.072     -0.072     0.0091    17.4402          0          0  0.000e+00
   998.7056     -0.073     -0.073     0.0090    17.4381          0          0  0.000e+00
   998.7058     -0.073     -0.073     0.0090    17.4365          0          0  0.000e+00
   998.7062     -0.073     -0.073     0.0091    17.4347          0          0  0.000e+00
   998.7065     -0.073     -0.073     0.0091    17.4329          0          0  0.000e+00
   998.7065     -0.072     -0.072     0.0091    17.4330          0          0  0.000e+00
   998.7059     -0.074     -0.075     0.0090    17.4361          0          0  0.000e+00
   998.7047     -0.073     -0.073     0.0090    17.4427          0          0  0.000e+00
   998.6961     -0.072     -0.072     0.0000    17.4520          0          0  0.000e+00
   998.7021     -0.074     -0.075     0.0090    17.4572          0          0  0.000e+00
   998.7023     -0.072     -0.072     0.0090    17.4566          0          0  0.000e+00
   999.6353     -0.073     -0.073     1.2227    17.4526          0          0  0.000e+00
  1000.4939     -0.073     -0.073     2.3434    17.4474          0          0  0.000e+00
   999.2946     -0.074     -0.075     0.7763    17.4436          0          0  0.000e+00
   999.0719     -0.072     -0.072     0.4882    17.4516          0          0  0.000e+00
   999.0058     -0.072     -0.072     0.4066    17.4704          0          0  0.000e+00
   998.9340     -0.069     -0.069     0.3173    17.4886          0          0  0.000e+00
   998.8534     -0.070     -0.070     0.2158    17.5025          0          0  0.000e+00
   998.7521     -0.071     -0.071     0.0866    17.5122          0          0  0.000e+00
   998.6911     -0.068     -0.068     0.0089    17.5184          0          0  0.000e+00
   998.6904     -0.070     -0.070     0.0089    17.5226          0          0  0.000e+00
   998.6899     -0.072     -0.072     0.0089    17.5252          0          0  0.000e+00
   998.6896     -0.070     -0.070     0.0089    17.5266          0          0  0.000e+00
   998.6896     -0.070     -0.070     0.0089    17.5270          0          0  0.000e+00
   998.6896     -0.071     -0.071     0.0089    17.5269          0          0  0.000e+00
   998.6897     -0.069     -0.069     0.0089    17.5261          0          0  0.000e+00
   998.6899     -0.069     -0.069     0.0089    17.5253          0          0  0.000e+00
   998.6901     -0.070     -0.070     0.0089    17.5239          0          0  0.000e+00
   998.6904     -0.070     -0.070     0.0089    17.5226          0          0  0.000e+00
   998.6906     -0.071     -0.071     0.0089    17.5213          0          0  0.000e+00
   998.6908     -0.071     -0.071     0.0089    17.5200          0          0  0.000e+00
   998.6911     -0.071     -0.071     0.0089    17.5185          0          0  0.000e+00
   998.6913     -0.071     -0.071     0.0089    17.5172          0          0  0.000e+00
   998.6916     -0.073     -0.073     0.0089    17.5158          0          0  0.000e+00
   998.6919     -0.072     -0.072     0.0089    17.5140          0          0  0.000e+00
   998.6922     -0.072     -0.072     0.0089    17.5123          0          0  0.000e+00
   998.6925     -0.070     -0.070     0.0089    17.5108          0          0  0.000e+00
   998.6928     -0.071     -0.071     0.0089    17.5091          0          0  0.000e+00
   998.6931     -0.069     -0.069     0.0089    17.5074          0          0  0.000e+00
   998.6933     -0.072     -0.072     0.0089    17.5059          0          0  0.000e+00
   998.6937     -0.070     -0.070     0.0089    17.5042          0          0  0.000e+00
   998.6939     -0.070     -0.070     0.0089    17.5027          0          0  0.000e+00
   998.6942     -0.070     -0.070     0.0089    17.5009          0          0  0.000e+00
   998.6945     -0.070     -0.070     0.0089    17.4994          0          0  0.000e+00
   998.6948     -0.070     -0.070     0.0089    17.4980          0          0  0.000e+00
   998.6951     -0.071     -0.071     0.0089    17.4964          0          0  0.000e+00
   998.6953     -0.074     -0.075     0.0089    17.4948          0          0  0.000e+00
   999.0041     -0.073     -0.073     0.4097    17.4932          0          0  0.000e+00
   998.9290     -0.073     -0.073     0.3116    17.4916          0          0  0.000e+00
   998.8999     -0.073     -0.073     0.2736    17.4907          0          0  0.000e+00
   999.0023     -0.071     -0.071     0.4074    17.4934          0          0  0.000e+00
   999.0871     -0.076     -0.077     0.5193    17.4998          0          0  0.000e+00
   998.9371     -0.075     -0.076     0.3256    17.5067          0          0  0.000e+00
  1000.1657     -0.067     -0.067     1.9308    17.5169          0          0  0.000e+00
  1009.5620     -0.004     -0.004    14.2856    17.5913          0          0  0.000e+00
  1003.7278      0.029      0.029     6.6946    17.8899          0          0  0.000e+00
  1023.0903      0.116      0.117    32.1948    18.1444          0          0  0.000e+00
  1021.6390      0.262      0.264    30.3554    18.3359          0          0  0.000e+00
  1021.6278      0.444      0.448    30.3826    18.4713          0          0  0.000e+00
  1021.5604      0.622      0.628    30.3213    18.5588          0          0  0.000e+00
  1021.5218      0.795      0.802    30.2850    18.6066          0          0  0.000e+00
  1021.5052      0.980      0.988    30.2699    18.6306          0          0  0.000e+00
  1021.4982      1.200      1.210    30.2632    18.6426          0          0  0.000e+00
  1021.4873      1.441      1.453    30.2496    18.6491          0          0  0.000e+00
  1021.4494      1.574      1.587    30.2005    18.6535          0          0  0.000e+00
  1021.4684      1.677      1.691    30.2233    18.6488          0          0  0.000e+00
  1021.5083      1.780      1.794    30.2710    18.6362          0          0  0.000e+00
  1021.5176      1.882      1.897    30.2781    18.6223          0          0  0.000e+00
  1021.4010      1.984      2.001    30.1214    18.6116          0          0  0.000e+00
  1021.4952      2.089      2.107    30.2423    18.6059          0          0  0.000e+00
  1021.5222      2.187      2.205    30.2760    18.6021          0          0  0.000e+00
  1021.5288      2.274      2.292    30.2843    18.6030          0          0  0.000e+00
  1021.5248      2.338      2.358    30.2804    18.6083          0          0  0.000e+00
  1021.5196      2.380      2.399    30.2746    18.6120          0          0  0.000e+00
  1021.5185      2.401      2.421    30.2735    18.6135          0          0  0.000e+00
  1021.5192      2.407      2.427    30.2748    18.6149          0          0  0.000e+00
  1021.5198      2.394      2.413    30.2757    18.6152          0          0  0.000e+00
  1021.5212      2.360      2.379    30.2775    18.6143          0          0  0.000e+00
  1021.5237      2.310      2.329    30.2803    18.6118          0          0  0.000e+00
  1021.5241      2.246      2.265    30.2806    18.6101          0          0  0.000e+00
  1021.5215      2.175      2.193    30.2774    18.6094          0          0  0.000e+00
  1021.5166      2.098      2.115    30.2716    18.6098          0          0  0.000e+00
  1021.5117      2.018      2.035    30.2659    18.6109          0          0  0.000e+00
  1021.5099      1.949      1.965    30.2645    18.6125          0          0  0.000e+00
  1021.5092      1.893      1.909    30.2646    18.6146          0          0  0.000e+00
  1021.5084      1.840      1.855    30.2644    18.6160          0          0  0.000e+00
  1021.5080      1.795      1.809    30.2642    18.6164          0          0  0.000e+00
  1021.5079      1.758      1.772    30.2642    18.6161          0          0  0.000e+00
  1021.5075      1.731      1.745    30.2638    18.6164          0          0  0.000e+00
  1021.5082      1.709      1.723    30.2653    18.6174          0          0  0.000e+00
  1021.5101      1.707      1.721    30.2684    18.6193          0          0  0.000e+00
  1021.5133      1.733      1.747    30.2731    18.6215          0          0  0.000e+00
  1021.5158      1.789      1.804    30.2767    18.6235          0          0  0.000e+00
  1021.5170      1.869      1.884    30.2785    18.6257          0          0  0.000e+00
  1021.5164      1.960      1.976    30.2777    18.6273          0          0  0.000e+00
  1021.5161      2.050      2.067    30.2758    18.6241          0          0  0.000e+00
  1021.5087      2.132      2.149    30.2631    18.6163          0          0  0.000e+00
  1021.5087      2.208      2.226    30.2608    18.6105          0          0  0.000e+00
  1021.5160      2.265      2.284    30.2689    18.6069          0          0  0.000e+00
  1021.5217      2.309      2.328    30.2732    18.5977          0          0  0.000e+00
  1021.5213      2.335      2.354    30.2704    18.5912          0          0  0.000e+00
  1021.5226      2.348      2.367    30.2701    18.5851          0          0  0.000e+00
  1021.5241      2.349      2.368    30.2711    18.5824          0          0  0.000e+00
  1021.5252      2.330      2.349    30.2729    18.5830          0          0  0.000e+00
  1021.5282      2.300      2.319    30.2771    18.5834          0          0  0.000e+00
  1021.5353      2.259      2.277    30.2850    18.5780          0          0  0.000e+00
  1021.5438      2.209      2.227    30.2931    18.5677          0          0  0.000e+00
  1021.5492      2.158      2.176    30.2975    18.5586          0          0  0.000e+00
  1021.5521      2.101      2.118    30.2994    18.5513          0          0  0.000e+00
  1021.5537      2.037      2.054    30.3000    18.5456          0          0  0.000e+00
  1021.5537      1.973      1.989    30.2992    18.5417          0          0  0.000e+00
  1021.5542      1.906      1.922    30.2993    18.5389          0          0  0.000e+00
  1021.5559      1.838      1.853    30.3015    18.5378          0          0  0.000e+00
  1021.5560      1.785      1.800    30.3023    18.5391          0          0  0.000e+00
  1021.5573      1.752      1.767    30.3048    18.5405          0          0  0.000e+00
  1021.5584      1.741      1.755    30.3065    18.5412          0          0  0.000e+00
  1021.5591      1.757      1.771    30.3075    18.5417          0          0  0.000e+00
  1021.5573      1.792      1.806    30.3056    18.5439          0          0  0.000e+00
  1021.5535      1.839      1.854    30.3013    18.5471          0          0  0.000e+00
  1021.5477      1.898      1.913    30.2940    18.5487          0          0  0.000e+00
  1021.5443      1.956      1.972    30.2887    18.5473          0          0  0.000e+00
  1021.5425      2.010      2.026    30.2857    18.5461          0          0  0.000e+00
  1021.5415      2.062      2.079    30.2841    18.5464          0          0  0.000e+00
  1021.5429      2.106      2.124    30.2861    18.5476          0          0  0.000e+00
  1021.5406      2.154      2.172    30.2835    18.5498          0          0  0.000e+00
  1021.5386      2.204      2.222    30.2818    18.5534          0          0  0.000e+00
  1021.5376      2.255      2.273    30.2814    18.5574          0          0  0.000e+00
  1021.5351      2.294      2.313    30.2790    18.5607          0          0  0.000e+00
  1021.5286      2.327      2.346    30.2705    18.5617          0          0  0.000e+00
  1021.5254      2.343      2.362    30.2656    18.5594          0          0  0.000e+00
  1021.5296      2.344      2.363    30.2702    18.5568          0          0  0.000e+00
  1021.5334      2.326      2.345    30.2754    18.5570          0          0  0.000e+00
  1021.5403      2.291      2.310    30.2838    18.5546          0          0  0.000e+00
  1021.5559      2.245      2.264    30.3010    18.5436          0          0  0.000e+00
  1021.5701      2.185      2.203    30.3159    18.5311          0          0  0.000e+00
  1021.5811      2.117      2.134    30.3268    18.5185          0          0  0.000e+00
  1021.5855      2.045      2.062    30.3309    18.5121          0          0  0.000e+00
  1021.5845      1.969      1.985    30.3298    18.5111          0          0  0.000e+00
  1021.5811      1.898      1.913    30.3263    18.5126          0          0  0.000e+00
  1021.5761      1.827      1.841    30.3208    18.5150          0          0  0.000e+00
  1021.5679      1.763      1.777    30.3114    18.5178          0          0  0.000e+00
  1021.5591      1.711      1.725    30.3004    18.5187          0          0  0.000e+00
  1021.5545      1.672      1.685    30.2945    18.5186          0          0  0.000e+00
  1021.5513      1.652      1.665    30.2903    18.5179          0          0  0.000e+00
  1021.5570      1.662      1.676    30.2978    18.5180          0          0  0.000e+00
  1021.5697      1.700      1.714    30.3143    18.5185          0          0  0.000e+00
  1021.5820      1.768      1.783    30.3311    18.5221          0          0  0.000e+00
  1021.5843      1.869      1.884    30.3363    18.5308          0          0  0.000e+00
  1021.5797      2.000      2.017    30.3330    18.5419          0          0  0.000e+00
  1021.5748      2.146      2.163    30.3288    18.5511          0          0  0.000e+00
  1021.5713      2.285      2.304    30.3251    18.5568          0          0  0.000e+00
  1021.5691      2.405      2.425    30.3226    18.5598          0          0  0.000e+00
  1021.5657      2.486      2.506    30.3184    18.5620          0          0  0.000e+00
  1021.5542      2.525      2.546    30.3033    18.5627          0          0  0.000e+00
  1021.5579      2.522      2.542    30.3079    18.5619          0          0  0.000e+00
  1021.5604      2.481      2.501    30.3111    18.5607          0          0  0.000e+00
  1021.5655      2.412      2.431    30.3165    18.5556          0          0  0.000e+00
  1021.5690      2.313      2.332    30.3207    18.5524          0          0  0.000e+00
  1021.5690      2.191      2.209    30.3210    18.5514          0          0  0.000e+00
  1021.5675      2.060      2.077    30.3198    18.5516          0          0  0.000e+00
  1021.5625      1.936      1.952    30.3146    18.5533          0          0  0.000e+00
  1021.5541      1.825      1.840    30.3044    18.5541          0          0  0.000e+00
  1021.5526      1.740      1.754    30.3029    18.5536          0          0  0.000e+00
  1021.5558      1.692      1.706    30.3071    18.5528          0          0  0.000e+00
  1021.5621      1.681      1.695    30.3153    18.5526          0          0  0.000e+00
  1021.5671      1.698      1.712    30.3220    18.5533          0          0  0.000e+00
  1021.5685      1.743      1.757    30.3246    18.5563          0          0  0.000e+00
  1021.5673      1.799      1.814    30.3240    18.5605          0          0  0.000e+00
  1021.5647      1.863      1.878    30.3218    18.5654          0          0  0.000e+00
  1021.5618      1.933      1.948    30.3188    18.5696          0          0  0.000e+00
  1021.5598      2.002      2.019    30.3167    18.5722          0          0  0.000e+00
  1021.5581      2.070      2.087    30.3149    18.5749          0          0  0.000e+00
  1021.5557      2.133      2.150    30.3124    18.5777          0          0  0.000e+00
