data/eDNA/PER-2021-171/171b010.cnv
* Sea-Bird SBE19plus  Data File:
* FileName = C:\Users\RSG_field\Ryan_2021_Perley\CTD\171b010.hex
* Software version 2.3.0 SB_Terminal.dll
* Temperature SN = 7141
* Conductivity SN = 7141
* System UpLoad Time = Aug 11 2021 14:23:34
* <ApplicationData>
* <SeatermAF>
** Platform: M. Perley
** Cruise: Per2021171
** Station:  ESI_14
** Cast: 01 2
** Latitude: N  44 36.596
** Longitude: W 62 55.823
** Sounding: 41.1
** Chief Scientist: Ryan Stanley
** Comment: 171b010
# nquan = 8
# nvalues = 2366                                  
# units = specified
# name 0 = density00: Density [density, kg/m^3]
# name 1 = depSM: Depth [salt water, m], lat = 45.00
# name 2 = prdM: Pressure, Strain Gauge [db]
# name 3 = sal00: Salinity, Practical [PSU]
# name 4 = tv290C: Temperature [ITS-90, deg C]
# name 5 = bpos: Bottle Position in Carousel
# name 6 = nbf: Bottles Fired
# name 7 = flag:  0.000e+00
# span 0 =   998.6525,  1024.4905                 
# span 1 =     -0.036,     29.084                 
# span 2 =     -0.036,     29.324                 
# span 3 =     0.0083,    31.4908                 
# span 4 =     5.9498,    18.4700                 
# span 5 =          0,          4                 
# span 6 =          0,          4                 
# span 7 = 0.0000e+00, 0.0000e+00                 
# interval = seconds: 0.25
# start_time = Aug 11 2021 16:54:54 [Instrument's time stamp, header]
# bad_flag = -9.990e-29
*END*
[from data line 1079]
  1024.4686     28.500     28.735    30.9247     5.9873          0          0  0.000e+00
  1024.4696     28.602     28.838    30.9252     5.9862          0          0  0.000e+00
  1024.4713     28.678     28.915    30.9268     5.9854          0          0  0.000e+00
  1024.4726     28.722     28.959    30.9282     5.9855          0          0  0.000e+00
  1024.4773     28.734     28.972    30.9342     5.9863          0          0  0.000e+00
  1024.4791     28.708     28.945    30.9372     5.9896          0          0  0.000e+00
  1024.4782     28.646     28.883    30.9372     5.9951          0          0  0.000e+00
  1024.4805     28.558     28.794    30.9415     6.0013          0          0  0.000e+00
  1024.4733     28.447     28.682    30.9343     6.0093          0          0  0.000e+00
  1024.4670     28.331     28.564    30.9277     6.0144          0          0  0.000e+00
  1024.4636     28.213     28.446    30.9244     6.0161          0          0  0.000e+00
  1024.4591     28.109     28.341    30.9193     6.0160          0          0  0.000e+00
  1024.4586     28.022     28.253    30.9189     6.0140          0          0  0.000e+00
  1024.4554     27.962     28.192    30.9148     6.0115          0          0  0.000e+00
  1024.4590     27.928     28.158    30.9190     6.0080          0          0  0.000e+00
  1024.4566     27.919     28.150    30.9156     6.0053          0          0  0.000e+00
  1024.4616     27.934     28.165    30.9213     6.0016          0          0  0.000e+00
  1024.4557     27.972     28.203    30.9133     5.9993          0          0  0.000e+00
  1024.4566     28.025     28.256    30.9134     5.9947          0          0  0.000e+00
  1024.4608     28.097     28.329    30.9175     5.9894          0          0  0.000e+00
  1024.4635     28.175     28.407    30.9199     5.9859          0          0  0.000e+00
  1024.4657     28.267     28.500    30.9219     5.9838          0          0  0.000e+00
  1024.4668     28.363     28.597    30.9226     5.9827          0          0  0.000e+00
  1024.4674     28.458     28.693    30.9226     5.9820          0          0  0.000e+00
  1024.4683     28.547     28.782    30.9231     5.9815          0          0  0.000e+00
  1024.4691     28.625     28.861    30.9236     5.9810          0          0  0.000e+00
  1024.4705     28.686     28.922    30.9251     5.9813          0          0  0.000e+00
  1024.4696     28.724     28.961    30.9238     5.9821          0          0  0.000e+00
  1024.4692     28.734     28.972    30.9233     5.9824          0          0  0.000e+00
  1024.4769     28.716     28.953    30.9333     5.9831          0          0  0.000e+00
  1024.4742     28.670     28.906    30.9308     5.9875          0          0  0.000e+00
  1024.4731     28.595     28.832    30.9306     5.9923          0          0  0.000e+00
  1024.4731     28.505     28.741    30.9317     5.9962          0          0  0.000e+00
  1024.4725     28.395     28.630    30.9324     6.0011          0          0  0.000e+00
  1024.4653     28.283     28.516    30.9246     6.0062          0          0  0.000e+00
  1024.4607     28.166     28.399    30.9199     6.0084          0          0  0.000e+00
  1024.4602     28.061     28.293    30.9197     6.0079          0          0  0.000e+00
  1024.4571     27.965     28.196    30.9162     6.0067          0          0  0.000e+00
  1024.4571     27.889     28.120    30.9163     6.0045          0          0  0.000e+00
  1024.4583     27.832     28.062    30.9178     6.0022          0          0  0.000e+00
  1024.4568     27.795     28.025    30.9158     6.0002          0          0  0.000e+00
  1024.4558     27.785     28.014    30.9143     5.9979          0          0  0.000e+00
  1024.4586     27.799     28.029    30.9172     5.9944          0          0  0.000e+00
  1024.4591     27.839     28.068    30.9173     5.9924          0          0  0.000e+00
  1024.4598     27.911     28.141    30.9175     5.9906          0          0  0.000e+00
  1024.4607     28.001     28.232    30.9178     5.9888          0          0  0.000e+00
  1024.4607     28.116     28.348    30.9170     5.9877          0          0  0.000e+00
  1024.4608     28.246     28.479    30.9162     5.9862          0          0  0.000e+00
  1024.4614     28.382     28.617    30.9158     5.9842          0          0  0.000e+00
  1024.4630     28.523     28.759    30.9166     5.9815          0          0  0.000e+00
  1024.4642     28.653     28.889    30.9170     5.9789          0          0  0.000e+00
  1024.4676     28.766     29.004    30.9202     5.9766          0          0  0.000e+00
  1024.4686     28.854     29.092    30.9208     5.9753          0          0  0.000e+00
  1024.4689     28.911     29.150    30.9208     5.9747          0          0  0.000e+00
  1024.4726     28.937     29.176    30.9252     5.9744          0          0  0.000e+00
  1024.4747     28.926     29.165    30.9282     5.9758          0          0  0.000e+00
  1024.4755     28.886     29.124    30.9298     5.9790          0          0  0.000e+00
  1024.4731     28.818     29.056    30.9278     5.9833          0          0  0.000e+00
  1024.4727     28.723     28.960    30.9286     5.9870          0          0  0.000e+00
  1024.4698     28.603     28.839    30.9261     5.9910          0          0  0.000e+00
  1024.4656     28.475     28.710    30.9219     5.9937          0          0  0.000e+00
  1024.4646     28.340     28.574    30.9217     5.9946          0          0  0.000e+00
  1024.4612     28.209     28.441    30.9183     5.9952          0          0  0.000e+00
  1024.4590     28.093     28.325    30.9160     5.9944          0          0  0.000e+00
  1024.4579     27.995     28.227    30.9149     5.9923          0          0  0.000e+00
  1024.4587     27.918     28.148    30.9160     5.9899          0          0  0.000e+00
  1024.4579     27.863     28.093    30.9149     5.9877          0          0  0.000e+00
  1024.4599     27.826     28.055    30.9174     5.9851          0          0  0.000e+00
  1024.4625     27.811     28.041    30.9205     5.9837          0          0  0.000e+00
  1024.4625     27.817     28.047    30.9205     5.9838          0          0  0.000e+00
  1024.4620     27.846     28.076    30.9197     5.9844          0          0  0.000e+00
  1024.4592     27.895     28.125    30.9160     5.9849          0          0  0.000e+00
  1024.4594     27.965     28.196    30.9157     5.9840          0          0  0.000e+00
  1024.4598     28.052     28.283    30.9154     5.9826          0          0  0.000e+00
  1024.4612     28.156     28.388    30.9164     5.9811          0          0  0.000e+00
  1024.4626     28.267     28.500    30.9174     5.9798          0          0  0.000e+00
  1024.4635     28.380     28.615    30.9177     5.9791          0          0  0.000e+00
  1024.4642     28.486     28.721    30.9179     5.9789          0          0  0.000e+00
  1024.4649     28.578     28.814    30.9182     5.9784          0          0  0.000e+00
  1024.4650     28.658     28.895    30.9178     5.9781          0          0  0.000e+00
  1024.4659     28.721     28.958    30.9185     5.9778          0          0  0.000e+00
  1024.4671     28.765     29.002    30.9197     5.9775          0          0  0.000e+00
  1024.4654     28.793     29.030    30.9175     5.9777          0          0  0.000e+00
  1024.4662     28.802     29.040    30.9183     5.9771          0          0  0.000e+00
  1024.4687     28.794     29.031    30.9215     5.9768          0          0  0.000e+00
  1024.4713     28.765     29.002    30.9251     5.9778          0          0  0.000e+00
  1024.4689     28.723     28.960    30.9227     5.9809          0          0  0.000e+00
  1024.4687     28.663     28.900    30.9232     5.9833          0          0  0.000e+00
  1024.4690     28.593     28.829    30.9244     5.9856          0          0  0.000e+00
  1024.4700     28.512     28.747    30.9266     5.9888          0          0  0.000e+00
  1024.4652     28.426     28.660    30.9216     5.9931          0          0  0.000e+00
  1024.4633     28.340     28.574    30.9201     5.9953          0          0  0.000e+00
  1024.4625     28.249     28.482    30.9199     5.9963          0          0  0.000e+00
  1024.4608     28.162     28.394    30.9183     5.9976          0          0  0.000e+00
  1024.4588     28.081     28.313    30.9163     5.9979          0          0  0.000e+00
  1024.4584     28.005     28.236    30.9161     5.9974          0          0  0.000e+00
  1024.4575     27.944     28.174    30.9153     5.9964          0          0  0.000e+00
  1024.4563     27.900     28.130    30.9138     5.9954          0          0  0.000e+00
  1024.4551     27.878     28.108    30.9122     5.9936          0          0  0.000e+00
  1024.4551     27.877     28.107    30.9118     5.9910          0          0  0.000e+00
  1024.4555     27.905     28.136    30.9118     5.9881          0          0  0.000e+00
  1024.4575     27.960     28.191    30.9136     5.9852          0          0  0.000e+00
  1024.4563     28.040     28.271    30.9112     5.9831          0          0  0.000e+00
  1024.4519     28.137     28.370    30.9046     5.9797          0          0  0.000e+00
  1024.4560     28.251     28.484    30.9080     5.9726          0          0  0.000e+00
  1024.4587     28.376     28.610    30.9097     5.9659          0          0  0.000e+00
  1024.4654     28.502     28.737    30.9165     5.9601          0          0  0.000e+00
  1024.4689     28.626     28.862    30.9199     5.9578          0          0  0.000e+00
  1024.4699     28.735     28.973    30.9204     5.9575          0          0  0.000e+00
  1024.4689     28.818     29.056    30.9187     5.9572          0          0  0.000e+00
  1024.4705     28.874     29.113    30.9202     5.9563          0          0  0.000e+00
  1024.4709     28.899     29.137    30.9205     5.9559          0          0  0.000e+00
  1024.4729     28.884     29.122    30.9231     5.9557          0          0  0.000e+00
  1024.4772     28.836     29.074    30.9290     5.9569          0          0  0.000e+00
  1024.4787     28.758     28.995    30.9321     5.9611          0          0  0.000e+00
  1024.4750     28.660     28.897    30.9288     5.9671          0          0  0.000e+00
  1024.4706     28.549     28.784    30.9247     5.9721          0          0  0.000e+00
  1024.4671     28.425     28.659    30.9214     5.9750          0          0  0.000e+00
  1024.4636     28.301     28.534    30.9179     5.9762          0          0  0.000e+00
  1024.4654     28.180     28.412    30.9209     5.9760          0          0  0.000e+00
  1024.4623     28.067     28.299    30.9177     5.9766          0          0  0.000e+00
  1024.4592     27.971     28.202    30.9143     5.9763          0          0  0.000e+00
  1024.4591     27.895     28.125    30.9142     5.9739          0          0  0.000e+00
  1024.4593     27.841     28.070    30.9144     5.9711          0          0  0.000e+00
  1024.4585     27.810     28.039    30.9131     5.9683          0          0  0.000e+00
  1024.4596     27.808     28.037    30.9141     5.9653          0          0  0.000e+00
  1024.4623     27.831     28.061    30.9170     5.9625          0          0  0.000e+00
  1024.4619     27.882     28.112    30.9159     5.9607          0          0  0.000e+00
  1024.4624     27.963     28.193    30.9158     5.9590          0          0  0.000e+00
  1024.4643     28.070     28.301    30.9173     5.9569          0          0  0.000e+00
  1024.4654     28.198     28.431    30.9176     5.9555          0          0  0.000e+00
  1024.4658     28.345     28.579    30.9172     5.9547          0          0  0.000e+00
  1024.4679     28.501     28.736    30.9187     5.9532          0          0  0.000e+00
  1024.4673     28.654     28.890    30.9169     5.9522          0          0  0.000e+00
  1024.4686     28.796     29.033    30.9175     5.9508          0          0  0.000e+00
  1024.4720     28.920     29.158    30.9208     5.9498          0          0  0.000e+00
  1024.4727     29.013     29.253    30.9213     5.9499          0          0  0.000e+00
  1024.4728     29.069     29.309    30.9212     5.9507          0          0  0.000e+00
  1024.4723     29.084     29.324    30.9205     5.9512          0          0  0.000e+00
  1024.4740     29.055     29.295    30.9228     5.9513          0          0  0.000e+00
  1024.4761     28.980     29.219    30.9262     5.9527          0          0  0.000e+00
  1024.4790     28.871     29.109    30.9310     5.9559          0          0  0.000e+00
  1024.4735     28.731     28.968    30.9256     5.9609          0          0  0.000e+00
  1024.4694     28.570     28.806    30.9219     5.9646          0          0  0.000e+00
  1024.4678     28.401     28.636    30.9211     5.9660          0          0  0.000e+00
  1024.4647     28.228     28.461    30.9183     5.9666          0          0  0.000e+00
  1024.4624     28.061     28.293    30.9163     5.9662          0          0  0.000e+00
  1024.4636     27.912     28.142    30.9184     5.9649          0          0  0.000e+00
  1024.4622     27.787     28.016    30.9174     5.9642          0          0  0.000e+00
  1024.4619     27.687     27.915    30.9174     5.9634          0          0  0.000e+00
  1024.4613     27.629     27.857    30.9169     5.9625          0          0  0.000e+00
  1024.4632     27.610     27.837    30.9192     5.9615          0          0  0.000e+00
  1024.4646     27.632     27.860    30.9210     5.9618          0          0  0.000e+00
  1024.4666     27.701     27.929    30.9233     5.9633          0          0  0.000e+00
  1024.4656     27.814     28.044    30.9219     5.9665          0          0  0.000e+00
  1024.4620     27.957     28.188    30.9170     5.9700          0          0  0.000e+00
  1024.4554     28.128     28.360    30.9077     5.9705          0          0  0.000e+00
  1024.4572     28.308     28.542    30.9083     5.9664          0          0  0.000e+00
  1024.4619     28.488     28.723    30.9124     5.9615          0          0  0.000e+00
  1024.4639     28.656     28.892    30.9134     5.9579          0          0  0.000e+00
  1024.4666     28.802     29.040    30.9155     5.9549          0          0  0.000e+00
  1024.4692     28.915     29.154    30.9178     5.9528          0          0  0.000e+00
  1024.4713     28.993     29.232    30.9199     5.9517          0          0  0.000e+00
  1024.4721     29.029     29.269    30.9207     5.9519          0          0  0.000e+00
  1024.4727     29.024     29.263    30.9216     5.9527          0          0  0.000e+00
  1024.4725     28.981     29.220    30.9217     5.9540          0          0  0.000e+00
  1024.4752     28.903     29.141    30.9260     5.9556          0          0  0.000e+00
  1024.4762     28.802     29.040    30.9282     5.9590          0          0  0.000e+00
  1024.4732     28.680     28.917    30.9259     5.9638          0          0  0.000e+00
  1024.4687     28.547     28.782    30.9217     5.9680          0          0  0.000e+00
  1024.4644     28.402     28.637    30.9174     5.9703          0          0  0.000e+00
  1024.4618     28.264     28.497    30.9150     5.9702          0          0  0.000e+00
  1024.4612     28.132     28.364    30.9147     5.9687          0          0  0.000e+00
  1024.4623     28.013     28.245    30.9165     5.9667          0          0  0.000e+00
  1024.4599     27.911     28.141    30.9139     5.9656          0          0  0.000e+00
  1024.4612     27.831     28.061    30.9157     5.9637          0          0  0.000e+00
  1024.4637     27.772     28.001    30.9190     5.9624          0          0  0.000e+00
  1024.4647     27.742     27.971    30.9205     5.9627          0          0  0.000e+00
  1024.4639     27.741     27.970    30.9197     5.9641          0          0  0.000e+00
