data/eDNA/PER-2021-171/171b015.cnv
* Sea-Bird SBE19plus  Data File:
* FileName = C:\Users\RSG_field\Ryan_2021_Perley\CTD\171b015.hex
* Software version 2.3.0 SB_Terminal.dll
* Temperature SN = 7141
* Conductivity SN = 7141
* System UpLoad Time = Aug 12 2021 14:20:36
* <ApplicationData>
* <SeatermAF>
** Platform: M. Perley
** Cruise: Per2021171
** Station:  ESI_09
** Cast: 01 2
** Latitude: N  44 44.429
** Longitude: W 62 43.682
** Sounding: 17.1
** Chief Scientist: Ryan Stanley
** Comment: 171b015
# nquan = 8
# nvalues = 2290                                  
# units = specified
# name 0 = density00: Density [density, kg/m^3]
# name 1 = depSM: Depth [salt water, m], lat = 45.00
# name 2 = prdM: Pressure, Strain Gauge [db]
# name 3 = sal00: Salinity, Practical [PSU]
# name 4 = tv290C: Temperature [ITS-90, deg C]
# name 5 = bpos: Bottle Position in Carousel
# name 6 = nbf: Bottles Fired
# name 7 = flag:  0.000e+00
# span 0 =   998.9786,  1023.9491                 
# span 1 =     -0.060,     17.747                 
# span 2 =     -0.061,     17.893                 
# span 3 =     0.0000,    30.8678                 
# span 4 =     8.4400,    17.6964                 
# span 5 =          0,          3                 
# span 6 =          0,          3                 
# span 7 = 0.0000e+00, 0.0000e+00                 
# interval = seconds: 0.25
# start_time = Aug 12 2021 17:09:45 [Instrument's time stamp, header]
# bad_flag = -9.990e-29
*END*
[from data line 1079]
  1023.9067     17.370     17.513    30.7104     8.5617          0          0  0.000e+00
  1023.9019     17.353     17.495    30.7057     8.5685          0          0  0.000e+00
  1023.8980     17.339     17.482    30.7016     8.5728          0          0  0.000e+00
  1023.8962     17.329     17.472    30.6997     8.5745          0          0  0.000e+00
  1023.8877     17.326     17.469    30.6890     8.5753          0          0  0.000e+00
  1023.8856     17.325     17.468    30.6856     8.5713          0          0  0.000e+00
  1023.8965     17.328     17.471    30.6983     8.5650          0          0  0.000e+00
  1023.8970     17.334     17.476    30.6986     8.5636          0          0  0.000e+00
  1023.8989     17.343     17.486    30.7011     8.5642          0          0  0.000e+00
  1023.8998     17.358     17.501    30.7026     8.5659          0          0  0.000e+00
  1023.8995     17.376     17.519    30.7024     8.5684          0          0  0.000e+00
  1023.8987     17.401     17.545    30.7018     8.5706          0          0  0.000e+00
  1023.8961     17.433     17.577    30.6987     8.5730          0          0  0.000e+00
  1023.8966     17.464     17.608    30.6994     8.5744          0          0  0.000e+00
  1023.8942     17.502     17.646    30.6963     8.5754          0          0  0.000e+00
  1023.8877     17.534     17.678    30.6877     8.5747          0          0  0.000e+00
  1023.8769     17.558     17.703    30.6728     8.5697          0          0  0.000e+00
  1023.8732     17.573     17.718    30.6654     8.5558          0          0  0.000e+00
  1023.8991     17.571     17.716    30.6950     8.5376          0          0  0.000e+00
  1023.9149     17.558     17.703    30.7143     8.5323          0          0  0.000e+00
  1023.9174     17.528     17.672    30.7191     8.5400          0          0  0.000e+00
  1023.9184     17.490     17.634    30.7228     8.5512          0          0  0.000e+00
  1023.9078     17.445     17.588    30.7120     8.5642          0          0  0.000e+00
  1023.9044     17.399     17.542    30.7096     8.5734          0          0  0.000e+00
  1023.9000     17.359     17.502    30.7055     8.5805          0          0  0.000e+00
  1023.8966     17.322     17.464    30.7024     8.5859          0          0  0.000e+00
  1023.8930     17.299     17.441    30.6986     8.5892          0          0  0.000e+00
  1023.8936     17.287     17.429    30.6998     8.5912          0          0  0.000e+00
  1023.8892     17.286     17.428    30.6947     8.5938          0          0  0.000e+00
  1023.8924     17.293     17.436    30.6987     8.5942          0          0  0.000e+00
  1023.8914     17.308     17.451    30.6978     8.5967          0          0  0.000e+00
  1023.8757     17.328     17.471    30.6780     8.5982          0          0  0.000e+00
  1023.8753     17.352     17.494    30.6760     8.5912          0          0  0.000e+00
  1023.8802     17.375     17.518    30.6802     8.5812          0          0  0.000e+00
  1023.8871     17.398     17.541    30.6874     8.5730          0          0  0.000e+00
  1023.8833     17.419     17.563    30.6814     8.5678          0          0  0.000e+00
  1023.8869     17.438     17.582    30.6844     8.5598          0          0  0.000e+00
  1023.8886     17.455     17.599    30.6849     8.5517          0          0  0.000e+00
  1023.8916     17.471     17.615    30.6874     8.5445          0          0  0.000e+00
  1023.8962     17.485     17.629    30.6920     8.5380          0          0  0.000e+00
  1023.9032     17.496     17.640    30.7001     8.5343          0          0  0.000e+00
  1023.9101     17.505     17.649    30.7089     8.5346          0          0  0.000e+00
  1023.9055     17.508     17.653    30.7040     8.5398          0          0  0.000e+00
  1023.9051     17.512     17.656    30.7044     8.5445          0          0  0.000e+00
  1023.8992     17.515     17.659    30.6976     8.5484          0          0  0.000e+00
  1023.8977     17.513     17.657    30.6958     8.5495          0          0  0.000e+00
  1023.8988     17.513     17.657    30.6972     8.5492          0          0  0.000e+00
  1023.9023     17.503     17.647    30.7016     8.5488          0          0  0.000e+00
  1023.9071     17.492     17.635    30.7083     8.5513          0          0  0.000e+00
  1023.9065     17.479     17.623    30.7087     8.5571          0          0  0.000e+00
  1023.9040     17.461     17.604    30.7069     8.5639          0          0  0.000e+00
  1023.8961     17.444     17.587    30.6982     8.5704          0          0  0.000e+00
  1023.8991     17.422     17.565    30.7028     8.5741          0          0  0.000e+00
  1023.8976     17.396     17.539    30.7018     8.5782          0          0  0.000e+00
  1023.8989     17.374     17.517    30.7043     8.5826          0          0  0.000e+00
  1023.8988     17.352     17.494    30.7054     8.5880          0          0  0.000e+00
  1023.8944     17.328     17.471    30.7014     8.5956          0          0  0.000e+00
  1023.8937     17.308     17.450    30.7015     8.6002          0          0  0.000e+00
  1023.9016     17.294     17.437    30.7125     8.6050          0          0  0.000e+00
  1023.9028     17.285     17.427    30.7161     8.6153          0          0  0.000e+00
  1023.9029     17.282     17.424    30.7188     8.6292          0          0  0.000e+00
  1023.9006     17.289     17.431    30.7190     8.6459          0          0  0.000e+00
  1023.8861     17.306     17.448    30.7037     8.6636          0          0  0.000e+00
  1023.8783     17.331     17.474    30.6957     8.6748          0          0  0.000e+00
  1023.8606     17.367     17.510    30.6739     8.6804          0          0  0.000e+00
  1023.8403     17.408     17.551    30.6473     8.6784          0          0  0.000e+00
  1023.8272     17.451     17.595    30.6274     8.6622          0          0  0.000e+00
  1023.8393     17.497     17.641    30.6366     8.6308          0          0  0.000e+00
  1023.8561     17.539     17.683    30.6519     8.5994          0          0  0.000e+00
  1023.8705     17.574     17.719    30.6654     8.5744          0          0  0.000e+00
  1023.8791     17.597     17.742    30.6728     8.5564          0          0  0.000e+00
  1023.8925     17.610     17.755    30.6873     8.5422          0          0  0.000e+00
  1023.9025     17.612     17.757    30.6986     8.5346          0          0  0.000e+00
  1023.9174     17.595     17.740    30.7178     8.5350          0          0  0.000e+00
  1023.9232     17.571     17.716    30.7273     8.5453          0          0  0.000e+00
  1023.9227     17.539     17.683    30.7300     8.5624          0          0  0.000e+00
  1023.9231     17.498     17.642    30.7346     8.5825          0          0  0.000e+00
  1023.9096     17.455     17.599    30.7219     8.6057          0          0  0.000e+00
  1023.8997     17.416     17.559    30.7129     8.6240          0          0  0.000e+00
  1023.8919     17.381     17.524    30.7057     8.6373          0          0  0.000e+00
  1023.8817     17.355     17.498    30.6946     8.6464          0          0  0.000e+00
  1023.8808     17.336     17.478    30.6943     8.6508          0          0  0.000e+00
  1023.8825     17.320     17.462    30.6974     8.6550          0          0  0.000e+00
  1023.8694     17.310     17.453    30.6813     8.6586          0          0  0.000e+00
  1023.8696     17.309     17.452    30.6812     8.6561          0          0  0.000e+00
  1023.8711     17.312     17.455    30.6826     8.6533          0          0  0.000e+00
  1023.8668     17.321     17.463    30.6764     8.6501          0          0  0.000e+00
  1023.8730     17.332     17.475    30.6830     8.6435          0          0  0.000e+00
  1023.8816     17.349     17.492    30.6933     8.6400          0          0  0.000e+00
  1023.8785     17.370     17.512    30.6896     8.6420          0          0  0.000e+00
  1023.8775     17.391     17.534    30.6886     8.6441          0          0  0.000e+00
  1023.8805     17.415     17.558    30.6925     8.6455          0          0  0.000e+00
  1023.8792     17.440     17.583    30.6913     8.6490          0          0  0.000e+00
  1023.8655     17.464     17.608    30.6742     8.6520          0          0  0.000e+00
  1023.8550     17.485     17.629    30.6599     8.6477          0          0  0.000e+00
  1023.8392     17.498     17.642    30.6371     8.6343          0          0  0.000e+00
  1023.8472     17.509     17.654    30.6421     8.6066          0          0  0.000e+00
  1023.8802     17.519     17.663    30.6788     8.5780          0          0  0.000e+00
  1023.8872     17.520     17.664    30.6853     8.5650          0          0  0.000e+00
  1023.9001     17.515     17.659    30.7011     8.5611          0          0  0.000e+00
  1023.9230     17.509     17.654    30.7312     8.5657          0          0  0.000e+00
  1023.9103     17.495     17.639    30.7185     8.5839          0          0  0.000e+00
  1023.8950     17.480     17.624    30.7021     8.6002          0          0  0.000e+00
  1023.8971     17.458     17.601    30.7064     8.6077          0          0  0.000e+00
  1023.9014     17.435     17.579    30.7136     8.6160          0          0  0.000e+00
  1023.8948     17.410     17.553    30.7074     8.6278          0          0  0.000e+00
  1023.8910     17.389     17.532    30.7049     8.6391          0          0  0.000e+00
  1023.8843     17.372     17.515    30.6983     8.6488          0          0  0.000e+00
  1023.8738     17.354     17.496    30.6862     8.6558          0          0  0.000e+00
  1023.8699     17.344     17.487    30.6815     8.6567          0          0  0.000e+00
  1023.8664     17.338     17.480    30.6766     8.6544          0          0  0.000e+00
  1023.8637     17.338     17.480    30.6723     8.6501          0          0  0.000e+00
  1023.8677     17.343     17.486    30.6759     8.6424          0          0  0.000e+00
  1023.8588     17.357     17.500    30.6631     8.6349          0          0  0.000e+00
  1023.8643     17.375     17.518    30.6676     8.6223          0          0  0.000e+00
  1023.8679     17.400     17.543    30.6697     8.6093          0          0  0.000e+00
  1023.8708     17.430     17.573    30.6710     8.5977          0          0  0.000e+00
  1023.8646     17.460     17.603    30.6607     8.5861          0          0  0.000e+00
  1023.8644     17.487     17.631    30.6571     8.5686          0          0  0.000e+00
  1023.8763     17.513     17.657    30.6681     8.5474          0          0  0.000e+00
  1023.8842     17.533     17.677    30.6748     8.5301          0          0  0.000e+00
  1023.8955     17.546     17.690    30.6866     8.5165          0          0  0.000e+00
  1023.9009     17.553     17.697    30.6921     8.5087          0          0  0.000e+00
  1023.9164     17.553     17.697    30.7113     8.5052          0          0  0.000e+00
  1023.9210     17.546     17.690    30.7182     8.5107          0          0  0.000e+00
  1023.9170     17.533     17.677    30.7151     8.5215          0          0  0.000e+00
  1023.9116     17.517     17.661    30.7102     8.5315          0          0  0.000e+00
  1023.9055     17.500     17.644    30.7041     8.5395          0          0  0.000e+00
  1023.9031     17.477     17.620    30.7019     8.5438          0          0  0.000e+00
  1023.9056     17.449     17.593    30.7059     8.5469          0          0  0.000e+00
  1023.9064     17.419     17.563    30.7080     8.5521          0          0  0.000e+00
  1023.9029     17.385     17.528    30.7051     8.5599          0          0  0.000e+00
  1023.8975     17.350     17.493    30.6997     8.5663          0          0  0.000e+00
  1023.8958     17.312     17.455    30.6985     8.5703          0          0  0.000e+00
  1023.8951     17.276     17.418    30.6984     8.5733          0          0  0.000e+00
  1023.8916     17.243     17.385    30.6947     8.5760          0          0  0.000e+00
  1023.8926     17.220     17.362    30.6962     8.5764          0          0  0.000e+00
  1023.8924     17.212     17.353    30.6960     8.5773          0          0  0.000e+00
  1023.8881     17.214     17.355    30.6910     8.5793          0          0  0.000e+00
  1023.8723     17.238     17.380    30.6703     8.5778          0          0  0.000e+00
  1023.8676     17.277     17.419    30.6619     8.5662          0          0  0.000e+00
  1023.8649     17.335     17.477    30.6546     8.5474          0          0  0.000e+00
  1023.8756     17.403     17.547    30.6635     8.5240          0          0  0.000e+00
  1023.8892     17.487     17.631    30.6766     8.5035          0          0  0.000e+00
  1023.8994     17.567     17.711    30.6864     8.4891          0          0  0.000e+00
  1023.9034     17.638     17.783    30.6894     8.4800          0          0  0.000e+00
  1023.9086     17.695     17.841    30.6944     8.4728          0          0  0.000e+00
  1023.9128     17.730     17.876    30.6986     8.4682          0          0  0.000e+00
  1023.9157     17.747     17.893    30.7019     8.4659          0          0  0.000e+00
  1023.9204     17.736     17.882    30.7079     8.4659          0          0  0.000e+00
  1023.9240     17.703     17.849    30.7132     8.4688          0          0  0.000e+00
  1023.9281     17.651     17.797    30.7200     8.4752          0          0  0.000e+00
  1023.9228     17.584     17.728    30.7155     8.4849          0          0  0.000e+00
  1023.9141     17.509     17.653    30.7063     8.4934          0          0  0.000e+00
  1023.9120     17.435     17.579    30.7048     8.4975          0          0  0.000e+00
  1023.9113     17.370     17.512    30.7049     8.5004          0          0  0.000e+00
  1023.9074     17.314     17.457    30.7008     8.5035          0          0  0.000e+00
  1023.9044     17.269     17.411    30.6975     8.5049          0          0  0.000e+00
  1023.9067     17.242     17.384    30.7005     8.5047          0          0  0.000e+00
  1023.9098     17.223     17.365    30.7049     8.5060          0          0  0.000e+00
  1023.9184     17.212     17.353    30.7168     8.5108          0          0  0.000e+00
  1023.8983     17.209     17.351    30.6932     8.5216          0          0  0.000e+00
  1023.8937     17.209     17.351    30.6874     8.5222          0          0  0.000e+00
  1023.9010     17.217     17.359    30.6960     8.5184          0          0  0.000e+00
  1023.9135     17.230     17.371    30.7117     8.5175          0          0  0.000e+00
  1023.9218     17.247     17.388    30.7236     8.5249          0          0  0.000e+00
  1023.9156     17.275     17.417    30.7184     8.5407          0          0  0.000e+00
  1023.9013     17.311     17.454    30.7028     8.5558          0          0  0.000e+00
  1023.8642     17.361     17.504    30.6562     8.5618          0          0  0.000e+00
  1023.8616     17.419     17.563    30.6497     8.5464          0          0  0.000e+00
  1023.8766     17.482     17.626    30.6638     8.5213          0          0  0.000e+00
  1023.8834     17.547     17.691    30.6683     8.5010          0          0  0.000e+00
  1023.8971     17.605     17.750    30.6822     8.4831          0          0  0.000e+00
  1023.9064     17.651     17.797    30.6916     8.4718          0          0  0.000e+00
  1023.9128     17.681     17.827    30.6985     8.4658          0          0  0.000e+00
  1023.9153     17.692     17.837    30.7011     8.4634          0          0  0.000e+00
  1023.9193     17.684     17.830    30.7063     8.4633          0          0  0.000e+00
  1023.9205     17.660     17.805    30.7084     8.4654          0          0  0.000e+00
  1023.9231     17.616     17.761    30.7127     8.4694          0          0  0.000e+00
