data/eDNA/PER-2021-171/171b006.cnv
* Sea-Bird SBE19plus  Data File:
* FileName = C:\Users\RSG_field\Ryan_2021_Perley\CTD\171b006.hex
* Software version 2.3.0 SB_Terminal.dll
* Temperature SN = 7141
* Conductivity SN = 7141
* System UpLoad Time = Aug 12 2021 16:30:58
* <ApplicationData>
* <SeatermAF>
** Platform: M. Perley
** Cruise: Per2021171
** Station:  GC_06
** Cast: 01 2
** Latitude: N  44 47.051
** Longitude: W 62 26.638
** Sounding: 21.5
** Chief Scientist: Ryan Stanley
** Comment: 171b006
# nquan = 8
# nvalues = 2029                                  
# units = specified
# name 0 = density00: Density [density, kg/m^3]
# name 1 = depSM: Depth [salt water, m], lat = 45.00
# name 2 = prdM: Pressure, Strain Gauge [db]
# name 3 = sal00: Salinity, Practical [PSU]
# name 4 = tv290C: Temperature [ITS-90, deg C]
# name 5 = bpos: Bottle Position in Carousel
# name 6 = nbf: Bottles Fired
# name 7 = flag:  0.000e+00
# span 0 =   998.6891,  1023.8398                 
# span 1 =     -0.076,     23.030                 
# span 2 =     -0.077,     23.220                 
# span 3 =     0.0000,    32.1948                 
# span 4 =     9.2759,    18.6535                 
# span 5 =          0,          3                 
# span 6 =          0,          3                 
# span 7 = 0.0000e+00, 0.0000e+00                 
# interval = seconds: 0.25
# start_time = Aug 12 2021 19:18:50 [Instrument's time stamp, header]
# bad_flag = -9.990e-29
*END*
[from data line 899]
  1022.7190     11.891     11.988    30.7008    14.9743          0          0  0.000e+00
  1022.7191     11.983     12.081    30.6965    14.9604          0          0  0.000e+00
  1022.7278     12.068     12.167    30.7026    14.9433          0          0  0.000e+00
  1022.7106     12.151     12.251    30.6757    14.9286          0          0  0.000e+00
  1022.6979     12.237     12.338    30.6520    14.9042          0          0  0.000e+00
  1022.6805     12.338     12.439    30.6188    14.8676          0          0  0.000e+00
  1022.6765     12.451     12.554    30.5990    14.8165          0          0  0.000e+00
  1022.7115     12.586     12.689    30.6272    14.7563          0          0  0.000e+00
  1022.7265     12.741     12.845    30.6332    14.7098          0          0  0.000e+00
  1022.7482     12.912     13.019    30.6499    14.6714          0          0  0.000e+00
  1022.7592     13.098     13.206    30.6546    14.6403          0          0  0.000e+00
  1022.7521     13.291     13.400    30.6367    14.6120          0          0  0.000e+00
  1022.7045     13.463     13.573    30.5635    14.5739          0          0  0.000e+00
  1022.7236     13.617     13.729    30.5703    14.5101          0          0  0.000e+00
  1022.7727     13.745     13.858    30.6163    14.4468          0          0  0.000e+00
  1022.7933     13.845     13.959    30.6316    14.4066          0          0  0.000e+00
  1022.8103     13.919     14.034    30.6454    14.3777          0          0  0.000e+00
  1022.8203     13.976     14.090    30.6526    14.3570          0          0  0.000e+00
  1022.8090     14.020     14.135    30.6329    14.3394          0          0  0.000e+00
  1022.7789     14.069     14.185    30.5869    14.3139          0          0  0.000e+00
  1022.7762     14.130     14.247    30.5700    14.2653          0          0  0.000e+00
  1022.7816     14.209     14.326    30.5604    14.2043          0          0  0.000e+00
  1022.7963     14.308     14.426    30.5625    14.1425          0          0  0.000e+00
  1022.7968     14.420     14.538    30.5463    14.0810          0          0  0.000e+00
  1022.7848     14.548     14.668    30.5132    14.0172          0          0  0.000e+00
  1022.7593     14.675     14.796    30.4593    13.9404          0          0  0.000e+00
  1022.7153     14.801     14.923    30.3733    13.8320          0          0  0.000e+00
  1022.7277     14.922     15.045    30.3505    13.6846          0          0  0.000e+00
  1022.7136     15.038     15.161    30.2915    13.5286          0          0  0.000e+00
  1022.7458     15.145     15.269    30.2879    13.3529          0          0  0.000e+00
  1022.7631     15.245     15.371    30.2633    13.1683          0          0  0.000e+00
  1022.8296     15.346     15.472    30.3008    12.9760          0          0  0.000e+00
  1022.9075     15.450     15.577    30.3575    12.8008          0          0  0.000e+00
  1022.9998     15.562     15.690    30.4417    12.6602          0          0  0.000e+00
  1023.0271     15.686     15.815    30.4530    12.5644          0          0  0.000e+00
  1022.9768     15.826     15.957    30.3660    12.4767          0          0  0.000e+00
  1022.8647     15.978     16.109    30.1861    12.3346          0          0  0.000e+00
  1022.9319     16.134     16.266    30.2157    12.0980          0          0  0.000e+00
  1023.0669     16.297     16.431    30.3306    11.8490          0          0  0.000e+00
  1023.1561     16.464     16.600    30.4009    11.6605          0          0  0.000e+00
  1023.2524     16.625     16.761    30.4895    11.5104          0          0  0.000e+00
  1023.3138     16.776     16.914    30.5440    11.4067          0          0  0.000e+00
  1023.3538     16.916     17.055    30.5784    11.3348          0          0  0.000e+00
  1023.3626     17.042     17.182    30.5770    11.2817          0          0  0.000e+00
  1023.3751     17.157     17.298    30.5817    11.2336          0          0  0.000e+00
  1023.3802     17.267     17.409    30.5770    11.1866          0          0  0.000e+00
  1023.3908     17.369     17.512    30.5787    11.1359          0          0  0.000e+00
  1023.4218     17.464     17.608    30.6068    11.0861          0          0  0.000e+00
  1023.4381     17.553     17.698    30.6188    11.0476          0          0  0.000e+00
  1023.4463     17.625     17.770    30.6225    11.0189          0          0  0.000e+00
  1023.4568     17.678     17.824    30.6297    10.9919          0          0  0.000e+00
  1023.4639     17.716     17.862    30.6330    10.9668          0          0  0.000e+00
  1023.4697     17.738     17.883    30.6356    10.9455          0          0  0.000e+00
  1023.4765     17.748     17.894    30.6401    10.9264          0          0  0.000e+00
  1023.4763     17.769     17.916    30.6360    10.9098          0          0  0.000e+00
  1023.4796     17.799     17.945    30.6362    10.8917          0          0  0.000e+00
  1023.4855     17.856     18.003    30.6393    10.8735          0          0  0.000e+00
  1023.4830     17.944     18.092    30.6320    10.8570          0          0  0.000e+00
  1023.4778     18.080     18.229    30.6201    10.8365          0          0  0.000e+00
  1023.4524     18.254     18.404    30.5803    10.8093          0          0  0.000e+00
  1023.4022     18.468     18.620    30.5041    10.7616          0          0  0.000e+00
  1023.4334     18.710     18.864    30.5246    10.6784          0          0  0.000e+00
  1023.4942     18.958     19.114    30.5830    10.5937          0          0  0.000e+00
  1023.5321     19.209     19.367    30.6183    10.5382          0          0  0.000e+00
  1023.5468     19.442     19.602    30.6284    10.5040          0          0  0.000e+00
  1023.5551     19.643     19.805    30.6322    10.4771          0          0  0.000e+00
  1023.5707     19.800     19.963    30.6460    10.4526          0          0  0.000e+00
  1023.5809     19.908     20.072    30.6544    10.4342          0          0  0.000e+00
  1023.5622     19.980     20.145    30.6268    10.4192          0          0  0.000e+00
  1023.5783     20.022     20.187    30.6417    10.3937          0          0  0.000e+00
  1023.6146     20.041     20.206    30.6842    10.3744          0          0  0.000e+00
  1023.6096     20.058     20.223    30.6780    10.3757          0          0  0.000e+00
  1023.6066     20.077     20.242    30.6743    10.3775          0          0  0.000e+00
  1023.5745     20.111     20.276    30.6326    10.3765          0          0  0.000e+00
  1023.5838     20.172     20.338    30.6401    10.3568          0          0  0.000e+00
  1023.5961     20.259     20.426    30.6510    10.3361          0          0  0.000e+00
  1023.5973     20.366     20.534    30.6492    10.3237          0          0  0.000e+00
  1023.5479     20.490     20.659    30.5820    10.3095          0          0  0.000e+00
  1023.5335     20.622     20.792    30.5530    10.2634          0          0  0.000e+00
  1023.5746     20.754     20.925    30.5903    10.1938          0          0  0.000e+00
  1023.6086     20.883     21.055    30.6218    10.1398          0          0  0.000e+00
  1023.6351     21.005     21.178    30.6474    10.1028          0          0  0.000e+00
  1023.6521     21.126     21.300    30.6637    10.0804          0          0  0.000e+00
  1023.6419     21.238     21.413    30.6472    10.0666          0          0  0.000e+00
  1023.6151     21.349     21.525    30.6081    10.0469          0          0  0.000e+00
  1023.5894     21.461     21.638    30.5653    10.0032          0          0  0.000e+00
  1023.5860     21.577     21.755    30.5450     9.9297          0          0  0.000e+00
  1023.6033     21.705     21.884    30.5488     9.8445          0          0  0.000e+00
  1023.6190     21.845     22.025    30.5502     9.7570          0          0  0.000e+00
  1023.6508     21.993     22.175    30.5716     9.6665          0          0  0.000e+00
  1023.6977     22.137     22.319    30.6142     9.5839          0          0  0.000e+00
  1023.7490     22.220     22.403    30.6671     9.5227          0          0  0.000e+00
  1023.7890     22.279     22.462    30.7110     9.4880          0          0  0.000e+00
  1023.7971     22.345     22.529    30.7190     9.4782          0          0  0.000e+00
  1023.7856     22.380     22.565    30.7037     9.4763          0          0  0.000e+00
  1023.7869     22.412     22.597    30.7036     9.4684          0          0  0.000e+00
  1023.7990     22.423     22.607    30.7172     9.4596          0          0  0.000e+00
  1023.8086     22.400     22.585    30.7293     9.4580          0          0  0.000e+00
  1023.8036     22.355     22.539    30.7243     9.4633          0          0  0.000e+00
  1023.8041     22.297     22.480    30.7262     9.4683          0          0  0.000e+00
  1023.8051     22.222     22.405    30.7290     9.4741          0          0  0.000e+00
  1023.7969     22.144     22.326    30.7205     9.4811          0          0  0.000e+00
  1023.7929     22.067     22.248    30.7167     9.4859          0          0  0.000e+00
  1023.7911     22.002     22.183    30.7155     9.4893          0          0  0.000e+00
  1023.7875     21.948     22.129    30.7118     9.4921          0          0  0.000e+00
  1023.7852     21.911     22.091    30.7092     9.4932          0          0  0.000e+00
  1023.7851     21.896     22.076    30.7093     9.4934          0          0  0.000e+00
  1023.7934     21.904     22.085    30.7200     9.4937          0          0  0.000e+00
  1023.7997     21.932     22.113    30.7291     9.5000          0          0  0.000e+00
  1023.7915     21.984     22.165    30.7207     9.5120          0          0  0.000e+00
  1023.7737     22.050     22.231    30.6994     9.5215          0          0  0.000e+00
  1023.7476     22.123     22.305    30.6654     9.5203          0          0  0.000e+00
  1023.7521     22.206     22.389    30.6667     9.5012          0          0  0.000e+00
  1023.7668     22.290     22.474    30.6807     9.4796          0          0  0.000e+00
  1023.7776     22.369     22.553    30.6910     9.4642          0          0  0.000e+00
  1023.7862     22.431     22.616    30.6997     9.4543          0          0  0.000e+00
  1023.7850     22.473     22.658    30.6969     9.4489          0          0  0.000e+00
  1023.7915     22.492     22.677    30.7040     9.4435          0          0  0.000e+00
  1023.8013     22.485     22.671    30.7161     9.4410          0          0  0.000e+00
  1023.8068     22.450     22.635    30.7242     9.4453          0          0  0.000e+00
  1023.7959     22.397     22.582    30.7123     9.4540          0          0  0.000e+00
  1023.7986     22.329     22.513    30.7171     9.4591          0          0  0.000e+00
  1023.7939     22.258     22.442    30.7127     9.4651          0          0  0.000e+00
  1023.7872     22.192     22.374    30.7056     9.4701          0          0  0.000e+00
  1023.7832     22.137     22.319    30.7010     9.4713          0          0  0.000e+00
  1023.7833     22.099     22.281    30.7012     9.4707          0          0  0.000e+00
  1023.7855     22.081     22.263    30.7040     9.4698          0          0  0.000e+00
  1023.7898     22.086     22.268    30.7095     9.4700          0          0  0.000e+00
  1023.8010     22.111     22.293    30.7246     9.4746          0          0  0.000e+00
  1023.7778     22.156     22.338    30.6971     9.4864          0          0  0.000e+00
  1023.7634     22.214     22.397    30.6784     9.4873          0          0  0.000e+00
  1023.7634     22.273     22.457    30.6759     9.4769          0          0  0.000e+00
  1023.7717     22.336     22.520    30.6835     9.4634          0          0  0.000e+00
  1023.7787     22.385     22.569    30.6900     9.4528          0          0  0.000e+00
  1023.7874     22.421     22.605    30.6996     9.4460          0          0  0.000e+00
  1023.7912     22.434     22.619    30.7040     9.4437          0          0  0.000e+00
  1023.7968     22.425     22.610    30.7114     9.4450          0          0  0.000e+00
  1023.7943     22.398     22.583    30.7093     9.4497          0          0  0.000e+00
  1023.7949     22.357     22.541    30.7113     9.4547          0          0  0.000e+00
  1023.7933     22.306     22.490    30.7109     9.4608          0          0  0.000e+00
  1023.7900     22.255     22.439    30.7082     9.4671          0          0  0.000e+00
  1023.7824     22.218     22.401    30.6996     9.4716          0          0  0.000e+00
  1023.7818     22.195     22.378    30.6991     9.4727          0          0  0.000e+00
  1023.7803     22.187     22.370    30.6974     9.4731          0          0  0.000e+00
  1023.7794     22.201     22.384    30.6960     9.4727          0          0  0.000e+00
  1023.7709     22.230     22.413    30.6847     9.4716          0          0  0.000e+00
  1023.7724     22.264     22.447    30.6852     9.4652          0          0  0.000e+00
  1023.7768     22.299     22.482    30.6892     9.4582          0          0  0.000e+00
  1023.7799     22.329     22.513    30.6919     9.4526          0          0  0.000e+00
  1023.7842     22.350     22.534    30.6964     9.4485          0          0  0.000e+00
  1023.7857     22.358     22.542    30.6980     9.4465          0          0  0.000e+00
  1023.7878     22.355     22.539    30.7006     9.4461          0          0  0.000e+00
  1023.7864     22.346     22.530    30.6991     9.4473          0          0  0.000e+00
  1023.7857     22.334     22.518    30.6985     9.4486          0          0  0.000e+00
  1023.7889     22.327     22.511    30.7029     9.4495          0          0  0.000e+00
  1023.7814     22.323     22.507    30.6937     9.4520          0          0  0.000e+00
  1023.7802     22.333     22.517    30.6919     9.4509          0          0  0.000e+00
  1023.7780     22.352     22.536    30.6884     9.4476          0          0  0.000e+00
  1023.7753     22.382     22.567    30.6838     9.4429          0          0  0.000e+00
  1023.7678     22.418     22.603    30.6724     9.4354          0          0  0.000e+00
  1023.7672     22.452     22.637    30.6686     9.4216          0          0  0.000e+00
  1023.7752     22.485     22.671    30.6754     9.4048          0          0  0.000e+00
  1023.7819     22.511     22.696    30.6809     9.3903          0          0  0.000e+00
  1023.7924     22.532     22.718    30.6918     9.3783          0          0  0.000e+00
  1023.8019     22.536     22.722    30.7028     9.3719          0          0  0.000e+00
  1023.8029     22.531     22.716    30.7040     9.3716          0          0  0.000e+00
  1023.8042     22.516     22.701    30.7062     9.3736          0          0  0.000e+00
  1023.8100     22.492     22.677    30.7143     9.3767          0          0  0.000e+00
  1023.8078     22.462     22.647    30.7131     9.3837          0          0  0.000e+00
  1023.8054     22.426     22.611    30.7117     9.3915          0          0  0.000e+00
  1023.8037     22.388     22.572    30.7113     9.3989          0          0  0.000e+00
  1023.8001     22.356     22.540    30.7083     9.4062          0          0  0.000e+00
  1023.7977     22.326     22.510    30.7067     9.4125          0          0  0.000e+00
  1023.7964     22.303     22.487    30.7062     9.4180          0          0  0.000e+00
  1023.7945     22.287     22.471    30.7051     9.4237          0          0  0.000e+00
  1023.7927     22.283     22.466    30.7039     9.4294          0          0  0.000e+00
  1023.7900     22.285     22.468    30.7015     9.4345          0          0  0.000e+00
  1023.7879     22.297     22.480    30.6995     9.4386          0          0  0.000e+00
  1023.7871     22.314     22.497    30.6991     9.4420          0          0  0.000e+00
