data/eDNA/PER-2021-171/171b016.cnv
* Sea-Bird SBE19plus  Data File:
* FileName = C:\Users\RSG_field\Ryan_2021_Perley\CTD\171b016.hex
* Software version 2.3.0 SB_Terminal.dll
* Temperature SN = 7141
* Conductivity SN = 7141
* System UpLoad Time = Aug 13 2021 10:37:26
* <ApplicationData>
* <SeatermAF>
** Platform: M. Perley
** Cruise: Per2021171
** Station:  ESI_04
** Cast: 01 2
** Latitude: N  44 45.212
** Longitude: W 62 5.966
** Sounding: 103
** Chief Scientist: Ryan Stanley
** Comment: 171b016
** edna and water chem (80m)
# nquan = 8
# nvalues = 3189                                  
# units = specified
# name 0 = density00: Density [density, kg/m^3]
# name 1 = depSM: Depth [salt water, m], lat = 45.00
# name 2 = prdM: Pressure, Strain Gauge [db]
# name 3 = sal00: Salinity, Practical [PSU]
# name 4 = tv290C: Temperature [ITS-90, deg C]
# name 5 = bpos: Bottle Position in Carousel
# name 6 = nbf: Bottles Fired
# name 7 = flag:  0.000e+00
# span 0 =   998.6830,  1026.3895                 
# span 1 =     -0.073,     96.365                 
# span 2 =     -0.073,     97.176                 
# span 3 =     0.0087,    32.6378                 
# span 4 =     3.1949,    18.5129                 
# span 5 =          0,          3                 
# span 6 =          0,          3                 
# span 7 = 0.0000e+00, 0.0000e+00                 
# interval = seconds: 0.25
# start_time = Aug 13 2021 13:21:40 [Instrument's time stamp, header]
# bad_flag = -9.990e-29
*END*
[from data line 1079]
  1025.1617     37.443     37.753    31.4700     3.9394          0          0  0.000e+00
  1025.1539     37.685     37.997    31.4560     3.9161          0          0  0.000e+00
  1025.1829     37.952     38.266    31.4862     3.8766          0          0  0.000e+00
  1025.2086     38.240     38.556    31.5131     3.8449          0          0  0.000e+00
  1025.2256     38.519     38.838    31.5304     3.8252          0          0  0.000e+00
  1025.2363     38.782     39.103    31.5409     3.8137          0          0  0.000e+00
  1025.2477     39.027     39.350    31.5531     3.8070          0          0  0.000e+00
  1025.2528     39.214     39.539    31.5578     3.8023          0          0  0.000e+00
  1025.2560     39.334     39.659    31.5606     3.7980          0          0  0.000e+00
  1025.2644     39.378     39.704    31.5704     3.7933          0          0  0.000e+00
  1025.2712     39.366     39.692    31.5789     3.7926          0          0  0.000e+00
  1025.2729     39.315     39.640    31.5820     3.7982          0          0  0.000e+00
  1025.2694     39.238     39.563    31.5791     3.8069          0          0  0.000e+00
  1025.2607     39.159     39.483    31.5696     3.8154          0          0  0.000e+00
  1025.2544     39.091     39.415    31.5627     3.8207          0          0  0.000e+00
  1025.2507     39.055     39.378    31.5587     3.8240          0          0  0.000e+00
  1025.2481     39.060     39.384    31.5558     3.8275          0          0  0.000e+00
  1025.2333     39.118     39.442    31.5370     3.8294          0          0  0.000e+00
  1025.2326     39.223     39.548    31.5346     3.8214          0          0  0.000e+00
  1025.2394     39.361     39.687    31.5409     3.8086          0          0  0.000e+00
  1025.2466     39.539     39.867    31.5474     3.7969          0          0  0.000e+00
  1025.2580     39.744     40.073    31.5595     3.7878          0          0  0.000e+00
  1025.2752     39.968     40.299    31.5791     3.7828          0          0  0.000e+00
  1025.2720     40.208     40.541    31.5738     3.7828          0          0  0.000e+00
  1025.2586     40.457     40.792    31.5551     3.7794          0          0  0.000e+00
  1025.2603     40.710     41.047    31.5543     3.7676          0          0  0.000e+00
  1025.2597     40.957     41.296    31.5504     3.7537          0          0  0.000e+00
  1025.2574     41.190     41.531    31.5442     3.7370          0          0  0.000e+00
  1025.2858     41.394     41.737    31.5762     3.7165          0          0  0.000e+00
  1025.2987     41.559     41.903    31.5899     3.7036          0          0  0.000e+00
  1025.3046     41.680     42.025    31.5960     3.6972          0          0  0.000e+00
  1025.3121     41.752     42.098    31.6046     3.6937          0          0  0.000e+00
  1025.3181     41.778     42.124    31.6118     3.6929          0          0  0.000e+00
  1025.3192     41.764     42.110    31.6136     3.6952          0          0  0.000e+00
  1025.3221     41.721     42.067    31.6180     3.7003          0          0  0.000e+00
  1025.3205     41.654     41.999    31.6174     3.7086          0          0  0.000e+00
  1025.3103     41.580     41.924    31.6061     3.7175          0          0  0.000e+00
  1025.3006     41.519     41.864    31.5947     3.7215          0          0  0.000e+00
  1025.2954     41.483     41.827    31.5882     3.7206          0          0  0.000e+00
  1025.2900     41.483     41.827    31.5810     3.7159          0          0  0.000e+00
  1025.2917     41.534     41.878    31.5819     3.7085          0          0  0.000e+00
  1025.2958     41.649     41.994    31.5855     3.7006          0          0  0.000e+00
  1025.3094     41.824     42.170    31.6007     3.6938          0          0  0.000e+00
  1025.3276     42.045     42.394    31.6220     3.6915          0          0  0.000e+00
  1025.3285     42.303     42.654    31.6220     3.6948          0          0  0.000e+00
  1025.3275     42.599     42.952    31.6195     3.6988          0          0  0.000e+00
  1025.3203     42.890     43.246    31.6085     3.6969          0          0  0.000e+00
  1025.3710     43.165     43.523    31.6696     3.6892          0          0  0.000e+00
  1025.3720     43.429     43.789    31.6705     3.6989          0          0  0.000e+00
  1025.3652     43.668     44.030    31.6620     3.7110          0          0  0.000e+00
  1025.3576     43.864     44.228    31.6521     3.7183          0          0  0.000e+00
  1025.3493     44.014     44.379    31.6408     3.7188          0          0  0.000e+00
  1025.3550     44.109     44.475    31.6466     3.7121          0          0  0.000e+00
  1025.3635     44.179     44.546    31.6562     3.7066          0          0  0.000e+00
  1025.3690     44.234     44.601    31.6627     3.7056          0          0  0.000e+00
  1025.3629     44.279     44.646    31.6551     3.7077          0          0  0.000e+00
  1025.3538     44.320     44.688    31.6432     3.7066          0          0  0.000e+00
  1025.3569     44.361     44.728    31.6458     3.6978          0          0  0.000e+00
  1025.3625     44.407     44.775    31.6515     3.6879          0          0  0.000e+00
  1025.3690     44.461     44.830    31.6584     3.6797          0          0  0.000e+00
  1025.3715     44.516     44.886    31.6605     3.6737          0          0  0.000e+00
  1025.3743     44.578     44.948    31.6630     3.6690          0          0  0.000e+00
  1025.3729     44.641     45.012    31.6606     3.6653          0          0  0.000e+00
  1025.3713     44.712     45.083    31.6574     3.6604          0          0  0.000e+00
  1025.3752     44.780     45.152    31.6612     3.6541          0          0  0.000e+00
  1025.3786     44.851     45.223    31.6646     3.6490          0          0  0.000e+00
  1025.3824     44.923     45.296    31.6684     3.6450          0          0  0.000e+00
  1025.3843     45.004     45.377    31.6701     3.6427          0          0  0.000e+00
  1025.3869     45.100     45.475    31.6726     3.6417          0          0  0.000e+00
  1025.3880     45.207     45.581    31.6734     3.6418          0          0  0.000e+00
  1025.3876     45.339     45.715    31.6722     3.6422          0          0  0.000e+00
  1025.3867     45.492     45.869    31.6700     3.6421          0          0  0.000e+00
  1025.3849     45.657     46.036    31.6667     3.6410          0          0  0.000e+00
  1025.3838     45.825     46.205    31.6640     3.6380          0          0  0.000e+00
  1025.3856     46.004     46.385    31.6645     3.6325          0          0  0.000e+00
  1025.3896     46.178     46.561    31.6677     3.6257          0          0  0.000e+00
  1025.3962     46.351     46.736    31.6741     3.6181          0          0  0.000e+00
  1025.4014     46.531     46.917    31.6789     3.6120          0          0  0.000e+00
  1025.4045     46.708     47.095    31.6812     3.6072          0          0  0.000e+00
  1025.4050     46.880     47.270    31.6801     3.6020          0          0  0.000e+00
  1025.4090     47.059     47.449    31.6834     3.5955          0          0  0.000e+00
  1025.4145     47.233     47.625    31.6887     3.5896          0          0  0.000e+00
  1025.4167     47.388     47.782    31.6900     3.5856          0          0  0.000e+00
  1025.4172     47.522     47.916    31.6894     3.5819          0          0  0.000e+00
  1025.4167     47.637     48.033    31.6877     3.5779          0          0  0.000e+00
  1025.4197     47.729     48.125    31.6903     3.5732          0          0  0.000e+00
  1025.4232     47.803     48.200    31.6938     3.5694          0          0  0.000e+00
  1025.4264     47.866     48.264    31.6972     3.5672          0          0  0.000e+00
  1025.4256     47.925     48.323    31.6958     3.5666          0          0  0.000e+00
  1025.4259     47.981     48.379    31.6958     3.5661          0          0  0.000e+00
  1025.4259     48.041     48.440    31.6954     3.5656          0          0  0.000e+00
  1025.4265     48.105     48.504    31.6956     3.5651          0          0  0.000e+00
  1025.4244     48.181     48.581    31.6925     3.5643          0          0  0.000e+00
  1025.4234     48.274     48.675    31.6905     3.5626          0          0  0.000e+00
  1025.4222     48.376     48.778    31.6881     3.5602          0          0  0.000e+00
  1025.4208     48.497     48.900    31.6852     3.5563          0          0  0.000e+00
  1025.4225     48.637     49.041    31.6858     3.5512          0          0  0.000e+00
  1025.4204     48.793     49.198    31.6816     3.5450          0          0  0.000e+00
  1025.4182     48.958     49.365    31.6768     3.5358          0          0  0.000e+00
  1025.4246     49.129     49.537    31.6825     3.5240          0          0  0.000e+00
  1025.4326     49.295     49.705    31.6903     3.5133          0          0  0.000e+00
  1025.4393     49.454     49.865    31.6969     3.5053          0          0  0.000e+00
  1025.4429     49.603     50.015    31.7000     3.5003          0          0  0.000e+00
  1025.4445     49.735     50.148    31.7007     3.4967          0          0  0.000e+00
  1025.4453     49.858     50.272    31.7006     3.4933          0          0  0.000e+00
  1025.4470     49.975     50.390    31.7017     3.4898          0          0  0.000e+00
  1025.4500     50.089     50.506    31.7044     3.4863          0          0  0.000e+00
  1025.4525     50.198     50.615    31.7066     3.4837          0          0  0.000e+00
  1025.4536     50.305     50.723    31.7071     3.4818          0          0  0.000e+00
  1025.4548     50.406     50.825    31.7079     3.4803          0          0  0.000e+00
  1025.4564     50.504     50.924    31.7090     3.4781          0          0  0.000e+00
  1025.4574     50.598     51.019    31.7095     3.4765          0          0  0.000e+00
  1025.4549     50.694     51.115    31.7056     3.4747          0          0  0.000e+00
  1025.4551     50.796     51.219    31.7048     3.4709          0          0  0.000e+00
  1025.4584     50.906     51.329    31.7078     3.4663          0          0  0.000e+00
  1025.4624     51.031     51.455    31.7117     3.4623          0          0  0.000e+00
  1025.4624     51.179     51.604    31.7105     3.4596          0          0  0.000e+00
  1025.4571     51.344     51.770    31.7023     3.4555          0          0  0.000e+00
  1025.4573     51.529     51.957    31.7006     3.4476          0          0  0.000e+00
  1025.4606     51.732     52.161    31.7024     3.4379          0          0  0.000e+00
  1025.4662     51.939     52.371    31.7071     3.4277          0          0  0.000e+00
  1025.4743     52.142     52.575    31.7151     3.4191          0          0  0.000e+00
  1025.4808     52.326     52.761    31.7215     3.4138          0          0  0.000e+00
  1025.4847     52.469     52.906    31.7253     3.4110          0          0  0.000e+00
  1025.4875     52.568     53.005    31.7280     3.4096          0          0  0.000e+00
  1025.4884     52.627     53.065    31.7288     3.4088          0          0  0.000e+00
  1025.4920     52.642     53.080    31.7332     3.4089          0          0  0.000e+00
  1025.4938     52.628     53.066    31.7358     3.4108          0          0  0.000e+00
  1025.4958     52.599     53.036    31.7389     3.4145          0          0  0.000e+00
  1025.4954     52.568     53.005    31.7392     3.4201          0          0  0.000e+00
  1025.4858     52.560     52.996    31.7279     3.4263          0          0  0.000e+00
  1025.4820     52.580     53.017    31.7232     3.4284          0          0  0.000e+00
  1025.4734     52.636     53.073    31.7119     3.4271          0          0  0.000e+00
  1025.4758     52.733     53.172    31.7137     3.4212          0          0  0.000e+00
  1025.4816     52.876     53.316    31.7193     3.4144          0          0  0.000e+00
  1025.4863     53.063     53.504    31.7236     3.4101          0          0  0.000e+00
  1025.4885     53.274     53.717    31.7249     3.4078          0          0  0.000e+00
  1025.4907     53.516     53.961    31.7259     3.4047          0          0  0.000e+00
  1025.4977     53.781     54.228    31.7324     3.3981          0          0  0.000e+00
  1025.5086     54.061     54.510    31.7433     3.3879          0          0  0.000e+00
  1025.5251     54.343     54.795    31.7611     3.3777          0          0  0.000e+00
  1025.5405     54.611     55.065    31.7783     3.3718          0          0  0.000e+00
  1025.5476     54.861     55.317    31.7856     3.3715          0          0  0.000e+00
  1025.5510     55.074     55.532    31.7889     3.3737          0          0  0.000e+00
  1025.5505     55.224     55.683    31.7876     3.3766          0          0  0.000e+00
  1025.5508     55.315     55.775    31.7877     3.3783          0          0  0.000e+00
  1025.5528     55.350     55.810    31.7902     3.3795          0          0  0.000e+00
  1025.5520     55.349     55.809    31.7894     3.3820          0          0  0.000e+00
  1025.5515     55.312     55.772    31.7894     3.3850          0          0  0.000e+00
  1025.5514     55.259     55.718    31.7900     3.3890          0          0  0.000e+00
  1025.5464     55.203     55.663    31.7845     3.3928          0          0  0.000e+00
  1025.5438     55.167     55.626    31.7816     3.3950          0          0  0.000e+00
  1025.5421     55.160     55.619    31.7798     3.3963          0          0  0.000e+00
  1025.5377     55.190     55.649    31.7741     3.3970          0          0  0.000e+00
  1025.5351     55.261     55.721    31.7703     3.3957          0          0  0.000e+00
  1025.5381     55.372     55.833    31.7728     3.3907          0          0  0.000e+00
  1025.5435     55.522     55.984    31.7780     3.3849          0          0  0.000e+00
  1025.5481     55.702     56.165    31.7823     3.3805          0          0  0.000e+00
  1025.5511     55.905     56.371    31.7844     3.3772          0          0  0.000e+00
  1025.5544     56.128     56.595    31.7870     3.3742          0          0  0.000e+00
  1025.5587     56.360     56.829    31.7905     3.3705          0          0  0.000e+00
  1025.5647     56.588     57.059    31.7962     3.3662          0          0  0.000e+00
  1025.5742     56.810     57.282    31.8062     3.3605          0          0  0.000e+00
  1025.5862     57.020     57.494    31.8192     3.3535          0          0  0.000e+00
  1025.5971     57.208     57.684    31.8310     3.3464          0          0  0.000e+00
  1025.6059     57.377     57.854    31.8403     3.3399          0          0  0.000e+00
  1025.6118     57.524     58.003    31.8464     3.3352          0          0  0.000e+00
  1025.6169     57.656     58.136    31.8515     3.3317          0          0  0.000e+00
  1025.6220     57.771     58.252    31.8568     3.3281          0          0  0.000e+00
  1025.6264     57.873     58.355    31.8614     3.3243          0          0  0.000e+00
  1025.6290     57.962     58.445    31.8638     3.3220          0          0  0.000e+00
  1025.6322     58.043     58.526    31.8672     3.3204          0          0  0.000e+00
  1025.6357     58.117     58.601    31.8708     3.3175          0          0  0.000e+00
  1025.6397     58.186     58.670    31.8751     3.3147          0          0  0.000e+00
  1025.6414     58.248     58.733    31.8766     3.3125          0          0  0.000e+00
  1025.6442     58.308     58.793    31.8795     3.3094          0          0  0.000e+00
  1025.6470     58.363     58.849    31.8823     3.3062          0          0  0.000e+00
  1025.6489     58.416     58.902    31.8841     3.3039          0          0  0.000e+00
  1025.6509     58.471     58.958    31.8861     3.3023          0          0  0.000e+00
