data/eDNA/PER-2021-171/171b028.cnv
* Sea-Bird SBE19plus  Data File:
* FileName = C:\Users\RSG_field\Ryan_2021_Perley\CTD\171b028.hex
* Software version 2.3.0 SB_Terminal.dll
* Temperature SN = 7141
* Conductivity SN = 7141
* System UpLoad Time = Aug 18 2021 09:10:46
* <ApplicationData>
* <SeatermAF>
** Platform: M. Perley
** Cruise: Per2021171
** Station:  GC-04
** Cast: 01 2
** Latitude: N  44 55.685
** Longitude: W 59 51.591
** Sounding: 49.7
** Chief Scientist: Ryan Stanley
** Comment: 171b028
# nquan = 8
# nvalues = 2492                                  
# units = specified
# name 0 = density00: Density [density, kg/m^3]
# name 1 = depSM: Depth [salt water, m], lat = 45.00
# name 2 = prdM: Pressure, Strain Gauge [db]
# name 3 = sal00: Salinity, Practical [PSU]
# name 4 = tv290C: Temperature [ITS-90, deg C]
# name 5 = bpos: Bottle Position in Carousel
# name 6 = nbf: Bottles Fired
# name 7 = flag:  0.000e+00
# span 0 =   998.5974,  1023.3715                 
# span 1 =     -0.002,     49.236                 
# span 2 =     -0.002,     49.645                 
# span 3 =     0.0298,    30.4769                 
# span 4 =    11.2056,    19.1124                 
# span 5 =          0,          3                 
# span 6 =          0,          3                 
# span 7 = 0.0000e+00, 0.0000e+00                 
# interval = seconds: 0.25
# start_time = Aug 18 2021 11:57:57 [Instrument's time stamp, header]
# bad_flag = -9.990e-29
*END*
[from data line 720]
  1020.5561      1.590      1.603    29.1713    19.0955          0          0  0.000e+00
  1020.5568      1.579      1.592    29.1721    19.0948          0          0  0.000e+00
  1020.5576      1.592      1.605    29.1728    19.0943          0          0  0.000e+00
  1020.5587      1.639      1.652    29.1741    19.0944          0          0  0.000e+00
  1020.5585      1.702      1.716    29.1738    19.0954          0          0  0.000e+00
  1020.5585      1.759      1.773    29.1737    19.0965          0          0  0.000e+00
  1020.5581      1.808      1.822    29.1733    19.0974          0          0  0.000e+00
  1020.5575      1.830      1.845    29.1726    19.0983          0          0  0.000e+00
  1020.5572      1.823      1.838    29.1724    19.0986          0          0  0.000e+00
  1020.5565      1.793      1.807    29.1717    19.0988          0          0  0.000e+00
  1020.5564      1.746      1.760    29.1718    19.0985          0          0  0.000e+00
  1020.5559      1.680      1.694    29.1715    19.0983          0          0  0.000e+00
  1020.5558      1.600      1.613    29.1717    19.0979          0          0  0.000e+00
  1020.5553      1.524      1.536    29.1713    19.0975          0          0  0.000e+00
  1020.5556      1.469      1.481    29.1718    19.0969          0          0  0.000e+00
  1020.5557      1.441      1.453    29.1720    19.0966          0          0  0.000e+00
  1020.5556      1.430      1.442    29.1719    19.0966          0          0  0.000e+00
  1020.5559      1.441      1.453    29.1722    19.0963          0          0  0.000e+00
  1020.5569      1.463      1.475    29.1733    19.0961          0          0  0.000e+00
  1020.5571      1.508      1.520    29.1734    19.0966          0          0  0.000e+00
  1020.5566      1.567      1.580    29.1726    19.0974          0          0  0.000e+00
  1020.5568      1.637      1.650    29.1726    19.0976          0          0  0.000e+00
  1020.5569      1.715      1.729    29.1724    19.0977          0          0  0.000e+00
  1020.5571      1.795      1.810    29.1721    19.0977          0          0  0.000e+00
  1020.5573      1.855      1.870    29.1721    19.0977          0          0  0.000e+00
  1020.5581      1.904      1.920    29.1728    19.0975          0          0  0.000e+00
  1020.5582      1.932      1.947    29.1728    19.0975          0          0  0.000e+00
  1020.5580      1.931      1.946    29.1726    19.0978          0          0  0.000e+00
  1020.5570      1.907      1.923    29.1716    19.0982          0          0  0.000e+00
  1020.5569      1.869      1.884    29.1714    19.0978          0          0  0.000e+00
  1020.5569      1.819      1.834    29.1715    19.0972          0          0  0.000e+00
  1020.5568      1.769      1.784    29.1715    19.0966          0          0  0.000e+00
  1020.5567      1.738      1.752    29.1714    19.0960          0          0  0.000e+00
  1020.5571      1.716      1.730    29.1718    19.0954          0          0  0.000e+00
  1020.5572      1.698      1.712    29.1720    19.0951          0          0  0.000e+00
  1020.5577      1.690      1.704    29.1726    19.0948          0          0  0.000e+00
  1020.5573      1.671      1.685    29.1723    19.0951          0          0  0.000e+00
  1020.5570      1.643      1.657    29.1720    19.0951          0          0  0.000e+00
  1020.5570      1.609      1.623    29.1722    19.0948          0          0  0.000e+00
  1020.5572      1.566      1.579    29.1726    19.0946          0          0  0.000e+00
  1020.5571      1.518      1.531    29.1729    19.0948          0          0  0.000e+00
  1020.5561      1.476      1.488    29.1719    19.0952          0          0  0.000e+00
  1020.5562      1.458      1.470    29.1721    19.0951          0          0  0.000e+00
  1020.5564      1.457      1.469    29.1724    19.0951          0          0  0.000e+00
  1020.5567      1.465      1.477    29.1727    19.0951          0          0  0.000e+00
  1020.5569      1.487      1.500    29.1728    19.0951          0          0  0.000e+00
  1020.5572      1.528      1.540    29.1731    19.0953          0          0  0.000e+00
  1020.5575      1.585      1.598    29.1732    19.0957          0          0  0.000e+00
  1020.5574      1.658      1.672    29.1728    19.0962          0          0  0.000e+00
  1020.5579      1.737      1.751    29.1732    19.0966          0          0  0.000e+00
  1020.5578      1.808      1.822    29.1727    19.0968          0          0  0.000e+00
  1020.5578      1.871      1.886    29.1725    19.0972          0          0  0.000e+00
  1020.5580      1.918      1.934    29.1725    19.0974          0          0  0.000e+00
  1020.5580      1.933      1.948    29.1725    19.0974          0          0  0.000e+00
  1020.5576      1.927      1.943    29.1721    19.0977          0          0  0.000e+00
  1020.5576      1.902      1.917    29.1720    19.0973          0          0  0.000e+00
  1020.5572      1.848      1.863    29.1717    19.0969          0          0  0.000e+00
  1020.5564      1.772      1.786    29.1710    19.0966          0          0  0.000e+00
  1020.5558      1.690      1.704    29.1704    19.0957          0          0  0.000e+00
  1020.5565      1.606      1.619    29.1714    19.0943          0          0  0.000e+00
  1020.5572      1.538      1.551    29.1724    19.0935          0          0  0.000e+00
  1020.5570      1.490      1.502    29.1725    19.0935          0          0  0.000e+00
  1020.5570      1.478      1.490    29.1725    19.0935          0          0  0.000e+00
  1020.5573      1.508      1.520    29.1728    19.0935          0          0  0.000e+00
  1020.5578      1.562      1.574    29.1731    19.0938          0          0  0.000e+00
  1020.5579      1.625      1.639    29.1730    19.0941          0          0  0.000e+00
  1020.5581      1.682      1.696    29.1731    19.0947          0          0  0.000e+00
  1020.5583      1.729      1.743    29.1733    19.0951          0          0  0.000e+00
  1020.5580      1.755      1.769    29.1729    19.0955          0          0  0.000e+00
  1020.5578      1.760      1.774    29.1727    19.0958          0          0  0.000e+00
  1020.5573      1.749      1.764    29.1721    19.0959          0          0  0.000e+00
  1020.5569      1.729      1.743    29.1716    19.0959          0          0  0.000e+00
  1020.5571      1.703      1.717    29.1718    19.0952          0          0  0.000e+00
  1020.5569      1.675      1.689    29.1717    19.0950          0          0  0.000e+00
  1020.5570      1.641      1.655    29.1719    19.0943          0          0  0.000e+00
  1020.5568      1.604      1.617    29.1716    19.0937          0          0  0.000e+00
  1020.5571      1.588      1.601    29.1719    19.0933          0          0  0.000e+00
  1020.5576      1.604      1.617    29.1724    19.0929          0          0  0.000e+00
  1020.5578      1.628      1.642    29.1724    19.0927          0          0  0.000e+00
  1020.5580      1.666      1.679    29.1725    19.0927          0          0  0.000e+00
  1020.5592      1.734      1.749    29.1735    19.0924          0          0  0.000e+00
  1020.5597      1.798      1.813    29.1740    19.0927          0          0  0.000e+00
  1020.5597      1.825      1.839    29.1740    19.0935          0          0  0.000e+00
  1020.5583      1.809      1.823    29.1727    19.0945          0          0  0.000e+00
  1020.5574      1.768      1.783    29.1717    19.0946          0          0  0.000e+00
  1020.5570      1.708      1.722    29.1714    19.0940          0          0  0.000e+00
  1020.5566      1.624      1.637    29.1710    19.0932          0          0  0.000e+00
  1020.5569      1.544      1.556    29.1716    19.0923          0          0  0.000e+00
  1020.5576      1.512      1.524    29.1724    19.0915          0          0  0.000e+00
  1020.5580      1.537      1.550    29.1728    19.0912          0          0  0.000e+00
  1020.5592      1.617      1.630    29.1739    19.0912          0          0  0.000e+00
  1020.5592      1.724      1.738    29.1735    19.0920          0          0  0.000e+00
  1020.5590      1.794      1.808    29.1730    19.0929          0          0  0.000e+00
  1020.5596      1.823      1.838    29.1737    19.0931          0          0  0.000e+00
  1020.5589      1.821      1.836    29.1730    19.0937          0          0  0.000e+00
  1020.5579      1.794      1.808    29.1721    19.0941          0          0  0.000e+00
  1020.5573      1.717      1.732    29.1717    19.0941          0          0  0.000e+00
  1020.5571      1.601      1.614    29.1719    19.0935          0          0  0.000e+00
  1020.5568      1.486      1.499    29.1721    19.0931          0          0  0.000e+00
  1020.5571      1.422      1.433    29.1727    19.0927          0          0  0.000e+00
  1020.5575      1.412      1.424    29.1733    19.0927          0          0  0.000e+00
  1020.5581      1.434      1.446    29.1742    19.0935          0          0  0.000e+00
  1020.5579      1.473      1.485    29.1741    19.0947          0          0  0.000e+00
  1020.5576      1.520      1.533    29.1737    19.0958          0          0  0.000e+00
  1020.5573      1.581      1.594    29.1734    19.0968          0          0  0.000e+00
  1020.5570      1.647      1.661    29.1728    19.0974          0          0  0.000e+00
  1020.5570      1.704      1.718    29.1726    19.0976          0          0  0.000e+00
  1020.5567      1.749      1.764    29.1719    19.0977          0          0  0.000e+00
  1020.5567      1.809      1.823    29.1714    19.0974          0          0  0.000e+00
  1020.5574      1.897      1.912    29.1717    19.0968          0          0  0.000e+00
  1020.5583      1.988      2.004    29.1721    19.0961          0          0  0.000e+00
  1020.5591      2.042      2.059    29.1727    19.0959          0          0  0.000e+00
  1020.5588      2.060      2.077    29.1723    19.0960          0          0  0.000e+00
  1020.5587      2.043      2.060    29.1723    19.0959          0          0  0.000e+00
  1020.5586      1.983      2.000    29.1724    19.0959          0          0  0.000e+00
  1020.5578      1.886      1.901    29.1719    19.0958          0          0  0.000e+00
  1020.5570      1.765      1.780    29.1715    19.0955          0          0  0.000e+00
  1020.5571      1.644      1.658    29.1720    19.0947          0          0  0.000e+00
  1020.5568      1.530      1.542    29.1723    19.0945          0          0  0.000e+00
  1020.5567      1.426      1.438    29.1726    19.0943          0          0  0.000e+00
  1020.5565      1.344      1.355    29.1729    19.0943          0          0  0.000e+00
  1020.5562      1.282      1.292    29.1728    19.0943          0          0  0.000e+00
  1020.5560      1.246      1.256    29.1729    19.0946          0          0  0.000e+00
  1020.5561      1.228      1.238    29.1732    19.0948          0          0  0.000e+00
  1020.5560      1.233      1.243    29.1733    19.0955          0          0  0.000e+00
  1020.5557      1.267      1.277    29.1728    19.0959          0          0  0.000e+00
  1020.5559      1.339      1.350    29.1727    19.0960          0          0  0.000e+00
  1020.5561      1.445      1.457    29.1724    19.0963          0          0  0.000e+00
  1020.5566      1.568      1.581    29.1724    19.0964          0          0  0.000e+00
  1020.5571      1.694      1.708    29.1723    19.0964          0          0  0.000e+00
  1020.5575      1.831      1.846    29.1720    19.0963          0          0  0.000e+00
  1020.5585      1.959      1.975    29.1724    19.0959          0          0  0.000e+00
  1020.5592      2.069      2.086    29.1728    19.0959          0          0  0.000e+00
  1020.5596      2.158      2.176    29.1727    19.0959          0          0  0.000e+00
  1020.5598      2.215      2.233    29.1726    19.0959          0          0  0.000e+00
  1020.5598      2.225      2.243    29.1726    19.0960          0          0  0.000e+00
  1020.5595      2.183      2.201    29.1725    19.0961          0          0  0.000e+00
  1020.5590      2.092      2.109    29.1723    19.0959          0          0  0.000e+00
  1020.5578      1.950      1.966    29.1716    19.0959          0          0  0.000e+00
  1020.5573      1.773      1.787    29.1718    19.0952          0          0  0.000e+00
  1020.5566      1.569      1.582    29.1719    19.0950          0          0  0.000e+00
  1020.5562      1.391      1.402    29.1723    19.0947          0          0  0.000e+00
  1020.5559      1.268      1.278    29.1726    19.0945          0          0  0.000e+00
  1020.5560      1.198      1.208    29.1731    19.0944          0          0  0.000e+00
  1020.5562      1.176      1.185    29.1736    19.0948          0          0  0.000e+00
  1020.5555      1.195      1.205    29.1729    19.0957          0          0  0.000e+00
  1020.5553      1.245      1.255    29.1725    19.0960          0          0  0.000e+00
  1020.5555      1.317      1.328    29.1724    19.0961          0          0  0.000e+00
  1020.5561      1.404      1.415    29.1725    19.0959          0          0  0.000e+00
  1020.5564      1.500      1.512    29.1724    19.0960          0          0  0.000e+00
  1020.5568      1.608      1.621    29.1723    19.0959          0          0  0.000e+00
  1020.5571      1.716      1.730    29.1720    19.0957          0          0  0.000e+00
  1020.5580      1.820      1.835    29.1724    19.0954          0          0  0.000e+00
  1020.5583      1.907      1.923    29.1723    19.0951          0          0  0.000e+00
  1020.5589      1.975      1.991    29.1726    19.0950          0          0  0.000e+00
  1020.5589      2.006      2.022    29.1724    19.0950          0          0  0.000e+00
  1020.5588      1.993      2.009    29.1724    19.0950          0          0  0.000e+00
  1020.5584      1.938      1.954    29.1721    19.0950          0          0  0.000e+00
  1020.5583      1.853      1.868    29.1723    19.0946          0          0  0.000e+00
  1020.5575      1.742      1.756    29.1719    19.0945          0          0  0.000e+00
  1020.5571      1.636      1.649    29.1720    19.0943          0          0  0.000e+00
  1020.5570      1.559      1.572    29.1722    19.0939          0          0  0.000e+00
  1020.5571      1.533      1.546    29.1724    19.0937          0          0  0.000e+00
  1020.5578      1.544      1.556    29.1733    19.0936          0          0  0.000e+00
  1020.5579      1.575      1.588    29.1733    19.0942          0          0  0.000e+00
  1020.5575      1.619      1.632    29.1727    19.0947          0          0  0.000e+00
  1020.5577      1.667      1.680    29.1728    19.0950          0          0  0.000e+00
  1020.5578      1.699      1.713    29.1729    19.0952          0          0  0.000e+00
  1020.5578      1.714      1.728    29.1727    19.0953          0          0  0.000e+00
  1020.5575      1.710      1.724    29.1726    19.0957          0          0  0.000e+00
  1020.5573      1.688      1.702    29.1724    19.0958          0          0  0.000e+00
  1020.5569      1.649      1.662    29.1721    19.0956          0          0  0.000e+00
  1020.5568      1.603      1.616    29.1721    19.0952          0          0  0.000e+00
  1020.5568      1.568      1.581    29.1722    19.0950          0          0  0.000e+00
  1020.5565      1.556      1.569    29.1718    19.0946          0          0  0.000e+00
  1020.5576      1.611      1.625    29.1727    19.0943          0          0  0.000e+00
  1020.5590      1.784      1.799    29.1736    19.0942          0          0  0.000e+00
  1020.5614      1.986      2.002    29.1758    19.0951          0          0  0.000e+00
