data/eDNA/PER-2021-171/171b026.cnv
* Sea-Bird SBE19plus  Data File:
* FileName = C:\Users\RSG_field\Ryan_2021_Perley\CTD\171b026.hex
* Software version 2.3.0 SB_Terminal.dll
* Temperature SN = 7141
* Conductivity SN = 7141
* System UpLoad Time = Aug 18 2021 12:46:10
* <ApplicationData>
* <SeatermAF>
** Platform: M. Perley
** Cruise: Per2021171
** Station:  SAB_02
** Cast: 01 2
** Latitude: N  45 50.515
** Longitude: W 60 07.869
** Sounding: 24.2
** Chief Scientist: Ryan Stanley
** Comment: 171b026
# nquan = 8
# nvalues = 1989                                  
# units = specified
# name 0 = density00: Density [density, kg/m^3]
# name 1 = depSM: Depth [salt water, m], lat = 45.00
# name 2 = prdM: Pressure, Strain Gauge [db]
# name 3 = sal00: Salinity, Practical [PSU]
# name 4 = tv290C: Temperature [ITS-90, deg C]
# name 5 = bpos: Bottle Position in Carousel
# name 6 = nbf: Bottles Fired
# name 7 = flag:  0.000e+00
# span 0 =   998.9199,  1024.4238                 
# span 1 =     -0.005,     24.927                 
# span 2 =     -0.005,     25.133                 
# span 3 =     0.0082,    31.0286                 
# span 4 =     6.8747,    18.3266                 
# span 5 =          0,          3                 
# span 6 =          0,          3                 
# span 7 = 0.0000e+00, 0.0000e+00                 
# interval = seconds: 0.25
# start_time = Aug 18 2021 15:35:04 [Instrument's time stamp, header]
# bad_flag = -9.990e-29
*END*
[from data line 360]
  1021.0772      2.169      2.187    29.5937    18.2893          0          0  0.000e+00
  1021.0755      2.174      2.192    29.5916    18.2896          0          0  0.000e+00
  1021.0756      2.180      2.198    29.5915    18.2892          0          0  0.000e+00
  1021.0758      2.184      2.202    29.5916    18.2885          0          0  0.000e+00
  1021.0763      2.187      2.205    29.5920    18.2879          0          0  0.000e+00
  1021.0764      2.190      2.208    29.5919    18.2873          0          0  0.000e+00
  1021.0766      2.194      2.211    29.5921    18.2869          0          0  0.000e+00
  1021.0765      2.191      2.209    29.5919    18.2868          0          0  0.000e+00
  1021.0774      2.189      2.207    29.5929    18.2861          0          0  0.000e+00
  1021.0771      2.185      2.203    29.5926    18.2862          0          0  0.000e+00
  1021.0772      2.179      2.197    29.5927    18.2862          0          0  0.000e+00
  1021.0771      2.172      2.190    29.5926    18.2862          0          0  0.000e+00
  1021.0764      2.171      2.189    29.5917    18.2861          0          0  0.000e+00
  1021.0763      2.174      2.192    29.5913    18.2855          0          0  0.000e+00
  1021.0787      2.186      2.204    29.5941    18.2844          0          0  0.000e+00
  1021.0793      2.198      2.216    29.5950    18.2851          0          0  0.000e+00
  1021.0790      2.203      2.221    29.5950    18.2863          0          0  0.000e+00
  1021.0784      2.207      2.225    29.5946    18.2875          0          0  0.000e+00
  1021.0776      2.205      2.223    29.5938    18.2887          0          0  0.000e+00
  1021.0770      2.204      2.222    29.5934    18.2896          0          0  0.000e+00
  1021.0764      2.197      2.215    29.5927    18.2899          0          0  0.000e+00
  1021.0757      2.191      2.209    29.5920    18.2905          0          0  0.000e+00
  1021.0752      2.189      2.207    29.5912    18.2899          0          0  0.000e+00
  1021.0750      2.186      2.204    29.5907    18.2889          0          0  0.000e+00
  1021.0755      2.184      2.202    29.5910    18.2877          0          0  0.000e+00
  1021.0744      2.185      2.203    29.5892    18.2866          0          0  0.000e+00
  1021.0762      2.189      2.207    29.5906    18.2840          0          0  0.000e+00
  1021.0794      2.195      2.213    29.5942    18.2820          0          0  0.000e+00
  1021.0809      2.192      2.210    29.5961    18.2817          0          0  0.000e+00
  1021.0809      2.190      2.208    29.5964    18.2829          0          0  0.000e+00
  1021.0791      2.180      2.198    29.5948    18.2847          0          0  0.000e+00
  1021.0770      2.171      2.189    29.5923    18.2855          0          0  0.000e+00
  1021.0774      2.160      2.177    29.5927    18.2847          0          0  0.000e+00
  1021.0803      2.156      2.174    29.5959    18.2831          0          0  0.000e+00
  1021.0805      2.153      2.171    29.5965    18.2839          0          0  0.000e+00
  1021.0766      2.161      2.178    29.5919    18.2859          0          0  0.000e+00
  1021.0781      2.168      2.186    29.5938    18.2857          0          0  0.000e+00
  1021.0813      2.180      2.198    29.5977    18.2850          0          0  0.000e+00
  1021.0803      2.190      2.208    29.5970    18.2871          0          0  0.000e+00
  1021.0784      2.200      2.218    29.5953    18.2895          0          0  0.000e+00
  1021.0774      2.208      2.226    29.5944    18.2911          0          0  0.000e+00
  1021.0770      2.214      2.232    29.5940    18.2918          0          0  0.000e+00
  1021.0761      2.217      2.235    29.5930    18.2924          0          0  0.000e+00
  1021.0755      2.221      2.239    29.5922    18.2926          0          0  0.000e+00
  1021.0764      2.218      2.236    29.5934    18.2924          0          0  0.000e+00
  1021.0762      2.215      2.233    29.5933    18.2928          0          0  0.000e+00
  1021.0752      2.209      2.227    29.5922    18.2932          0          0  0.000e+00
  1021.0741      2.203      2.221    29.5908    18.2931          0          0  0.000e+00
  1021.0736      2.198      2.216    29.5900    18.2927          0          0  0.000e+00
  1021.0753      2.197      2.215    29.5917    18.2911          0          0  0.000e+00
  1021.0775      2.195      2.213    29.5942    18.2899          0          0  0.000e+00
  1021.0771      2.190      2.208    29.5938    18.2901          0          0  0.000e+00
  1021.0752      2.185      2.203    29.5914    18.2905          0          0  0.000e+00
  1021.0754      2.178      2.195    29.5911    18.2884          0          0  0.000e+00
  1021.0770      2.172      2.190    29.5924    18.2861          0          0  0.000e+00
  1021.0780      2.169      2.187    29.5937    18.2858          0          0  0.000e+00
  1021.0792      2.171      2.189    29.5953    18.2861          0          0  0.000e+00
  1021.0795      2.172      2.190    29.5964    18.2880          0          0  0.000e+00
  1021.0792      2.169      2.187    29.5964    18.2893          0          0  0.000e+00
  1021.0774      2.169      2.187    29.5947    18.2914          0          0  0.000e+00
  1021.0761      2.169      2.187    29.5934    18.2927          0          0  0.000e+00
  1021.0754      2.166      2.184    29.5925    18.2927          0          0  0.000e+00
  1021.0765      2.170      2.188    29.5938    18.2924          0          0  0.000e+00
  1021.0797      2.182      2.200    29.5981    18.2926          0          0  0.000e+00
  1021.0793      2.192      2.210    29.5985    18.2960          0          0  0.000e+00
  1021.0775      2.201      2.219    29.5973    18.3000          0          0  0.000e+00
  1021.0753      2.204      2.222    29.5954    18.3031          0          0  0.000e+00
  1021.0737      2.206      2.224    29.5941    18.3056          0          0  0.000e+00
  1021.0727      2.203      2.221    29.5931    18.3067          0          0  0.000e+00
  1021.0721      2.197      2.215    29.5926    18.3071          0          0  0.000e+00
  1021.0713      2.190      2.208    29.5914    18.3068          0          0  0.000e+00
  1021.0705      2.186      2.204    29.5903    18.3065          0          0  0.000e+00
  1021.0710      2.179      2.197    29.5906    18.3051          0          0  0.000e+00
  1021.0722      2.173      2.191    29.5918    18.3040          0          0  0.000e+00
  1021.0734      2.174      2.192    29.5932    18.3033          0          0  0.000e+00
  1021.0738      2.175      2.193    29.5936    18.3032          0          0  0.000e+00
  1021.0730      2.180      2.198    29.5927    18.3037          0          0  0.000e+00
  1021.0732      2.185      2.203    29.5929    18.3038          0          0  0.000e+00
  1021.0731      2.184      2.202    29.5930    18.3041          0          0  0.000e+00
  1021.0726      2.178      2.195    29.5923    18.3039          0          0  0.000e+00
  1021.0727      2.173      2.191    29.5924    18.3040          0          0  0.000e+00
  1021.0727      2.166      2.184    29.5924    18.3036          0          0  0.000e+00
  1021.0717      2.156      2.174    29.5910    18.3032          0          0  0.000e+00
  1021.0716      2.157      2.175    29.5905    18.3020          0          0  0.000e+00
  1021.0744      2.162      2.179    29.5935    18.3000          0          0  0.000e+00
  1021.0757      2.166      2.184    29.5951    18.2998          0          0  0.000e+00
  1021.0747      2.170      2.188    29.5941    18.3009          0          0  0.000e+00
  1021.0744      2.179      2.197    29.5938    18.3012          0          0  0.000e+00
  1021.0749      2.182      2.200    29.5945    18.3015          0          0  0.000e+00
  1021.0740      2.182      2.200    29.5937    18.3026          0          0  0.000e+00
  1021.0734      2.183      2.201    29.5931    18.3034          0          0  0.000e+00
  1021.0731      2.180      2.198    29.5928    18.3033          0          0  0.000e+00
  1021.0730      2.171      2.189    29.5926    18.3031          0          0  0.000e+00
  1021.0720      2.164      2.182    29.5912    18.3027          0          0  0.000e+00
  1021.0723      2.161      2.178    29.5912    18.3013          0          0  0.000e+00
  1021.0739      2.154      2.172    29.5928    18.2996          0          0  0.000e+00
  1021.0760      2.151      2.169    29.5952    18.2982          0          0  0.000e+00
  1021.0767      2.154      2.172    29.5961    18.2986          0          0  0.000e+00
  1021.0759      2.156      2.174    29.5957    18.3004          0          0  0.000e+00
  1021.0757      2.160      2.177    29.5960    18.3024          0          0  0.000e+00
  1021.0780      2.169      2.187    29.5996    18.3046          0          0  0.000e+00
  1021.0755      2.170      2.188    29.5977    18.3090          0          0  0.000e+00
  1021.0732      2.170      2.188    29.5958    18.3124          0          0  0.000e+00
  1021.0705      2.171      2.189    29.5931    18.3149          0          0  0.000e+00
  1021.0694      2.172      2.190    29.5919    18.3157          0          0  0.000e+00
  1021.0696      2.170      2.188    29.5919    18.3151          0          0  0.000e+00
  1021.0701      2.172      2.190    29.5922    18.3142          0          0  0.000e+00
  1021.0710      2.174      2.192    29.5933    18.3137          0          0  0.000e+00
  1021.0714      2.180      2.198    29.5939    18.3139          0          0  0.000e+00
  1021.0707      2.184      2.202    29.5931    18.3145          0          0  0.000e+00
  1021.0665      2.186      2.204    29.5877    18.3148          0          0  0.000e+00
  1021.0696      2.186      2.204    29.5909    18.3120          0          0  0.000e+00
  1021.0710      2.187      2.205    29.5921    18.3103          0          0  0.000e+00
  1021.0712      2.185      2.203    29.5923    18.3098          0          0  0.000e+00
  1021.0718      2.185      2.203    29.5929    18.3095          0          0  0.000e+00
  1021.0717      2.180      2.198    29.5929    18.3095          0          0  0.000e+00
  1021.0708      2.174      2.192    29.5916    18.3090          0          0  0.000e+00
  1021.0704      2.166      2.184    29.5908    18.3082          0          0  0.000e+00
  1021.0707      2.154      2.172    29.5909    18.3068          0          0  0.000e+00
  1021.0692      2.147      2.164    29.5884    18.3051          0          0  0.000e+00
  1021.0699      2.145      2.162    29.5884    18.3022          0          0  0.000e+00
  1021.0741      2.145      2.162    29.5929    18.2990          0          0  0.000e+00
  1021.0729      2.148      2.166    29.5910    18.2982          0          0  0.000e+00
  1021.0743      2.154      2.172    29.5924    18.2968          0          0  0.000e+00
  1021.0751      2.153      2.171    29.5931    18.2958          0          0  0.000e+00
  1021.0742      2.152      2.170    29.5919    18.2954          0          0  0.000e+00
  1021.0728      2.153      2.171    29.5896    18.2943          0          0  0.000e+00
  1021.0739      2.152      2.170    29.5906    18.2924          0          0  0.000e+00
  1021.0747      2.151      2.169    29.5909    18.2905          0          0  0.000e+00
  1021.0751      2.156      2.174    29.5910    18.2893          0          0  0.000e+00
  1021.0762      2.155      2.173    29.5921    18.2880          0          0  0.000e+00
  1021.0767      2.153      2.171    29.5923    18.2867          0          0  0.000e+00
  1021.0780      2.151      2.169    29.5937    18.2855          0          0  0.000e+00
  1021.0785      2.155      2.173    29.5943    18.2853          0          0  0.000e+00
  1021.0786      2.161      2.178    29.5945    18.2856          0          0  0.000e+00
  1021.0776      2.169      2.187    29.5935    18.2865          0          0  0.000e+00
  1021.0783      2.173      2.191    29.5943    18.2867          0          0  0.000e+00
  1021.0805      2.178      2.195    29.5973    18.2868          0          0  0.000e+00
  1021.0798      2.181      2.199    29.5968    18.2882          0          0  0.000e+00
  1021.0781      2.182      2.200    29.5952    18.2904          0          0  0.000e+00
  1021.0764      2.178      2.195    29.5934    18.2918          0          0  0.000e+00
  1021.0761      2.175      2.193    29.5931    18.2922          0          0  0.000e+00
  1021.0770      2.177      2.194    29.5944    18.2921          0          0  0.000e+00
  1021.0777      2.178      2.195    29.5955    18.2927          0          0  0.000e+00
  1021.0769      2.178      2.195    29.5949    18.2944          0          0  0.000e+00
  1021.0783      2.180      2.198    29.5973    18.2960          0          0  0.000e+00
  1021.0765      2.181      2.199    29.5956    18.2982          0          0  0.000e+00
  1021.0758      2.184      2.202    29.5951    18.3000          0          0  0.000e+00
  1021.0746      2.185      2.203    29.5940    18.3013          0          0  0.000e+00
  1021.0742      2.183      2.201    29.5936    18.3018          0          0  0.000e+00
  1021.0733      2.179      2.196    29.5926    18.3020          0          0  0.000e+00
  1021.0726      2.175      2.193    29.5917    18.3020          0          0  0.000e+00
  1021.0735      2.169      2.187    29.5927    18.3014          0          0  0.000e+00
  1021.0733      2.159      2.176    29.5924    18.3010          0          0  0.000e+00
  1021.0738      2.151      2.169    29.5929    18.3006          0          0  0.000e+00
  1021.0736      2.143      2.160    29.5927    18.3003          0          0  0.000e+00
  1021.0727      2.135      2.153    29.5914    18.2997          0          0  0.000e+00
  1021.0733      2.130      2.147    29.5917    18.2981          0          0  0.000e+00
  1021.0730      2.130      2.147    29.5909    18.2968          0          0  0.000e+00
  1021.0734      2.131      2.148    29.5909    18.2956          0          0  0.000e+00
  1021.0754      2.134      2.152    29.5932    18.2943          0          0  0.000e+00
  1021.0768      2.140      2.158    29.5949    18.2940          0          0  0.000e+00
  1021.0753      2.150      2.168    29.5934    18.2955          0          0  0.000e+00
  1021.0743      2.160      2.177    29.5921    18.2961          0          0  0.000e+00
  1021.0745      2.171      2.189    29.5921    18.2956          0          0  0.000e+00
  1021.0751      2.184      2.202    29.5926    18.2946          0          0  0.000e+00
  1021.0758      2.190      2.208    29.5933    18.2939          0          0  0.000e+00
  1021.0764      2.196      2.214    29.5939    18.2936          0          0  0.000e+00
  1021.0761      2.202      2.220    29.5936    18.2938          0          0  0.000e+00
  1021.0746      2.204      2.222    29.5917    18.2944          0          0  0.000e+00
  1021.0759      2.203      2.221    29.5933    18.2939          0          0  0.000e+00
  1021.0765      2.201      2.219    29.5940    18.2937          0          0  0.000e+00
  1021.0750      2.195      2.213    29.5922    18.2938          0          0  0.000e+00
  1021.0743      2.187      2.205    29.5910    18.2929          0          0  0.000e+00
  1021.0748      2.183      2.201    29.5911    18.2911          0          0  0.000e+00
  1021.0757      2.174      2.192    29.5918    18.2892          0          0  0.000e+00
  1021.0807      2.169      2.187    29.5978    18.2876          0          0  0.000e+00
  1021.0791      2.167      2.185    29.5963    18.2894          0          0  0.000e+00
  1021.0773      2.161      2.178    29.5945    18.2912          0          0  0.000e+00
