data/eDNA/PER-2021-171/171b012.cnv
* Sea-Bird SBE19plus  Data File:
* FileName = C:\Users\RSG_field\Ryan_2021_Perley\CTD\171b012.hex
* Software version 2.3.0 SB_Terminal.dll
* Temperature SN = 7141
* Conductivity SN = 7141
* System UpLoad Time = Aug 12 2021 09:28:51
* <ApplicationData>
* <SeatermAF>
** Platform: M. Perley
** Cruise: Per2021171
** Station:  ESI_16
** Cast: 01 2
** Latitude: N  44 35.490
** Longitude: W 62 35.818
** Sounding: 98.1
** Chief Scientist: Ryan Stanley
** Comment: 171b012
** aslo collected 80m for water chemistry
# nquan = 8
# nvalues = 3339                                  
# units = specified
# name 0 = density00: Density [density, kg/m^3]
# name 1 = depSM: Depth [salt water, m], lat = 45.00
# name 2 = prdM: Pressure, Strain Gauge [db]
# name 3 = sal00: Salinity, Practical [PSU]
# name 4 = tv290C: Temperature [ITS-90, deg C]
# name 5 = bpos: Bottle Position in Carousel
# name 6 = nbf: Bottles Fired
# name 7 = flag:  0.000e+00
# span 0 =   998.6435,  1026.4395                 
# span 1 =     -0.070,     95.575                 
# span 2 =     -0.070,     96.380                 
# span 3 =     0.0000,    32.7477                 
# span 4 =     3.2085,    18.5110                 
# span 5 =          0,          3                 
# span 6 =          0,          3                 
# span 7 = 0.0000e+00, 0.0000e+00                 
# interval = seconds: 0.25
# start_time = Aug 12 2021 12:11:33 [Instrument's time stamp, header]
# bad_flag = -9.990e-29
*END*
[from data line 720]
  1021.7279      2.401      2.421    30.5116    18.5002          0          0  0.000e+00
  1021.7281      2.434      2.454    30.5117    18.5003          0          0  0.000e+00
  1021.7281      2.490      2.510    30.5114    18.5004          0          0  0.000e+00
  1021.7284      2.579      2.600    30.5113    18.5005          0          0  0.000e+00
  1021.7290      2.689      2.711    30.5115    18.5005          0          0  0.000e+00
  1021.7294      2.794      2.817    30.5113    18.5005          0          0  0.000e+00
  1021.7300      2.878      2.901    30.5116    18.5005          0          0  0.000e+00
  1021.7302      2.917      2.941    30.5116    18.5005          0          0  0.000e+00
  1021.7296      2.911      2.935    30.5111    18.5007          0          0  0.000e+00
  1021.7287      2.849      2.873    30.5102    18.5005          0          0  0.000e+00
  1021.7285      2.744      2.767    30.5102    18.4998          0          0  0.000e+00
  1021.7274      2.603      2.625    30.5093    18.4989          0          0  0.000e+00
  1021.7272      2.442      2.462    30.5097    18.4978          0          0  0.000e+00
  1021.7275      2.279      2.298    30.5106    18.4967          0          0  0.000e+00
  1021.7278      2.144      2.162    30.5116    18.4960          0          0  0.000e+00
  1021.7278      2.061      2.078    30.5121    18.4961          0          0  0.000e+00
  1021.7281      2.031      2.048    30.5128    18.4964          0          0  0.000e+00
  1021.7283      2.064      2.081    30.5132    18.4972          0          0  0.000e+00
  1021.7280      2.141      2.159    30.5126    18.4982          0          0  0.000e+00
  1021.7277      2.250      2.269    30.5119    18.4990          0          0  0.000e+00
  1021.7281      2.367      2.386    30.5117    18.4992          0          0  0.000e+00
  1021.7285      2.477      2.497    30.5117    18.4995          0          0  0.000e+00
  1021.7287      2.574      2.595    30.5114    18.4998          0          0  0.000e+00
  1021.7291      2.644      2.665    30.5116    18.4998          0          0  0.000e+00
  1021.7292      2.691      2.713    30.5116    18.4998          0          0  0.000e+00
  1021.7292      2.715      2.737    30.5114    18.5000          0          0  0.000e+00
  1021.7288      2.709      2.732    30.5109    18.5000          0          0  0.000e+00
  1021.7283      2.674      2.696    30.5104    18.4998          0          0  0.000e+00
  1021.7279      2.617      2.639    30.5100    18.4991          0          0  0.000e+00
  1021.7270      2.543      2.564    30.5089    18.4983          0          0  0.000e+00
  1021.7272      2.472      2.492    30.5091    18.4968          0          0  0.000e+00
  1021.7279      2.416      2.435    30.5099    18.4952          0          0  0.000e+00
  1021.7291      2.386      2.406    30.5114    18.4943          0          0  0.000e+00
  1021.7302      2.385      2.404    30.5128    18.4940          0          0  0.000e+00
  1021.7313      2.419      2.439    30.5144    18.4951          0          0  0.000e+00
  1021.7318      2.477      2.497    30.5151    18.4965          0          0  0.000e+00
  1021.7304      2.552      2.573    30.5135    18.4989          0          0  0.000e+00
  1021.7301      2.631      2.652    30.5132    18.5004          0          0  0.000e+00
  1021.7293      2.703      2.725    30.5121    18.5015          0          0  0.000e+00
  1021.7288      2.742      2.765    30.5115    18.5021          0          0  0.000e+00
  1021.7287      2.749      2.771    30.5113    18.5023          0          0  0.000e+00
  1021.7284      2.720      2.742    30.5111    18.5023          0          0  0.000e+00
  1021.7277      2.649      2.671    30.5106    18.5023          0          0  0.000e+00
  1021.7272      2.550      2.571    30.5104    18.5020          0          0  0.000e+00
  1021.7266      2.431      2.450    30.5100    18.5012          0          0  0.000e+00
  1021.7263      2.300      2.319    30.5101    18.5004          0          0  0.000e+00
  1021.7266      2.190      2.208    30.5110    18.4997          0          0  0.000e+00
  1021.7269      2.119      2.136    30.5116    18.4992          0          0  0.000e+00
  1021.7271      2.107      2.124    30.5121    18.4994          0          0  0.000e+00
  1021.7272      2.151      2.168    30.5120    18.4998          0          0  0.000e+00
  1021.7276      2.237      2.255    30.5122    18.5003          0          0  0.000e+00
  1021.7278      2.348      2.367    30.5120    18.5007          0          0  0.000e+00
  1021.7280      2.463      2.484    30.5117    18.5012          0          0  0.000e+00
  1021.7284      2.566      2.587    30.5116    18.5014          0          0  0.000e+00
  1021.7285      2.650      2.672    30.5113    18.5015          0          0  0.000e+00
  1021.7290      2.707      2.729    30.5118    18.5017          0          0  0.000e+00
  1021.7288      2.732      2.754    30.5114    18.5018          0          0  0.000e+00
  1021.7289      2.728      2.751    30.5115    18.5018          0          0  0.000e+00
  1021.7283      2.701      2.723    30.5109    18.5020          0          0  0.000e+00
  1021.7276      2.652      2.674    30.5102    18.5019          0          0  0.000e+00
  1021.7277      2.601      2.622    30.5104    18.5011          0          0  0.000e+00
  1021.7275      2.559      2.580    30.5104    18.5007          0          0  0.000e+00
  1021.7279      2.536      2.557    30.5107    18.4999          0          0  0.000e+00
  1021.7280      2.533      2.554    30.5108    18.4995          0          0  0.000e+00
  1021.7285      2.547      2.568    30.5111    18.4992          0          0  0.000e+00
  1021.7285      2.564      2.585    30.5110    18.4990          0          0  0.000e+00
  1021.7288      2.573      2.594    30.5114    18.4988          0          0  0.000e+00
  1021.7292      2.564      2.585    30.5118    18.4986          0          0  0.000e+00
  1021.7288      2.539      2.559    30.5116    18.4988          0          0  0.000e+00
  1021.7282      2.496      2.517    30.5110    18.4988          0          0  0.000e+00
  1021.7280      2.439      2.459    30.5110    18.4986          0          0  0.000e+00
  1021.7281      2.373      2.393    30.5115    18.4983          0          0  0.000e+00
  1021.7275      2.305      2.324    30.5111    18.4985          0          0  0.000e+00
  1021.7274      2.245      2.263    30.5113    18.4983          0          0  0.000e+00
  1021.7276      2.205      2.223    30.5118    18.4983          0          0  0.000e+00
  1021.7279      2.203      2.221    30.5122    18.4986          0          0  0.000e+00
  1021.7286      2.245      2.263    30.5131    18.4991          0          0  0.000e+00
  1021.7281      2.332      2.351    30.5122    18.5001          0          0  0.000e+00
  1021.7286      2.457      2.477    30.5124    18.5010          0          0  0.000e+00
  1021.7283      2.588      2.610    30.5114    18.5014          0          0  0.000e+00
  1021.7290      2.696      2.719    30.5118    18.5015          0          0  0.000e+00
  1021.7287      2.760      2.783    30.5111    18.5018          0          0  0.000e+00
  1021.7289      2.790      2.813    30.5112    18.5017          0          0  0.000e+00
  1021.7288      2.784      2.807    30.5110    18.5017          0          0  0.000e+00
  1021.7286      2.747      2.770    30.5109    18.5014          0          0  0.000e+00
  1021.7282      2.688      2.710    30.5106    18.5012          0          0  0.000e+00
  1021.7276      2.615      2.636    30.5101    18.5007          0          0  0.000e+00
  1021.7273      2.535      2.556    30.5100    18.5000          0          0  0.000e+00
  1021.7274      2.460      2.480    30.5102    18.4991          0          0  0.000e+00
  1021.7279      2.403      2.423    30.5110    18.4985          0          0  0.000e+00
  1021.7280      2.360      2.380    30.5113    18.4982          0          0  0.000e+00
  1021.7282      2.333      2.352    30.5117    18.4980          0          0  0.000e+00
  1021.7282      2.317      2.336    30.5120    18.4984          0          0  0.000e+00
  1021.7279      2.314      2.333    30.5117    18.4987          0          0  0.000e+00
  1021.7281      2.313      2.332    30.5120    18.4988          0          0  0.000e+00
  1021.7283      2.332      2.351    30.5122    18.4992          0          0  0.000e+00
  1021.7291      2.366      2.385    30.5132    18.4998          0          0  0.000e+00
  1021.7293      2.409      2.429    30.5137    18.5010          0          0  0.000e+00
  1021.7289      2.463      2.483    30.5133    18.5026          0          0  0.000e+00
  1021.7277      2.524      2.544    30.5117    18.5038          0          0  0.000e+00
  1021.7276      2.585      2.606    30.5114    18.5044          0          0  0.000e+00
  1021.7237      2.640      2.662    30.5060    18.5045          0          0  0.000e+00
  1021.7250      2.681      2.702    30.5068    18.5020          0          0  0.000e+00
  1021.7293      2.703      2.725    30.5112    18.4987          0          0  0.000e+00
  1021.7305      2.712      2.735    30.5123    18.4974          0          0  0.000e+00
  1021.7302      2.704      2.726    30.5120    18.4976          0          0  0.000e+00
  1021.7292      2.683      2.705    30.5109    18.4978          0          0  0.000e+00
  1021.7280      2.653      2.675    30.5093    18.4972          0          0  0.000e+00
  1021.7297      2.615      2.636    30.5113    18.4957          0          0  0.000e+00
  1021.7305      2.567      2.588    30.5124    18.4950          0          0  0.000e+00
  1021.7308      2.516      2.537    30.5131    18.4952          0          0  0.000e+00
  1021.7301      2.471      2.491    30.5128    18.4960          0          0  0.000e+00
  1021.7290      2.423      2.443    30.5118    18.4967          0          0  0.000e+00
  1021.7278      2.382      2.401    30.5105    18.4968          0          0  0.000e+00
  1021.7284      2.346      2.365    30.5114    18.4963          0          0  0.000e+00
  1021.7296      2.315      2.334    30.5130    18.4959          0          0  0.000e+00
  1021.7288      2.285      2.304    30.5124    18.4968          0          0  0.000e+00
  1021.7289      2.267      2.286    30.5127    18.4973          0          0  0.000e+00
  1021.7286      2.258      2.276    30.5127    18.4981          0          0  0.000e+00
  1021.7284      2.271      2.290    30.5126    18.4990          0          0  0.000e+00
  1021.7284      2.313      2.332    30.5126    18.4997          0          0  0.000e+00
  1021.7289      2.378      2.398    30.5132    18.5005          0          0  0.000e+00
  1021.7281      2.452      2.472    30.5121    18.5017          0          0  0.000e+00
  1021.7269      2.538      2.559    30.5101    18.5022          0          0  0.000e+00
  1021.7257      2.630      2.651    30.5078    18.5012          0          0  0.000e+00
  1021.7290      2.710      2.732    30.5108    18.4991          0          0  0.000e+00
  1021.7275      2.767      2.790    30.5083    18.4980          0          0  0.000e+00
  1021.7279      2.804      2.827    30.5080    18.4963          0          0  0.000e+00
  1021.7304      2.823      2.846    30.5103    18.4938          0          0  0.000e+00
  1021.7320      2.815      2.838    30.5122    18.4925          0          0  0.000e+00
  1021.7339      2.779      2.802    30.5149    18.4926          0          0  0.000e+00
  1021.7323      2.718      2.740    30.5136    18.4942          0          0  0.000e+00
  1021.7304      2.647      2.668    30.5119    18.4954          0          0  0.000e+00
  1021.7293      2.559      2.580    30.5111    18.4958          0          0  0.000e+00
  1021.7291      2.465      2.485    30.5112    18.4953          0          0  0.000e+00
  1021.7293      2.373      2.392    30.5119    18.4950          0          0  0.000e+00
  1021.7293      2.295      2.313    30.5125    18.4952          0          0  0.000e+00
  1021.7292      2.239      2.258    30.5127    18.4955          0          0  0.000e+00
  1021.7284      2.212      2.230    30.5121    18.4962          0          0  0.000e+00
  1021.7283      2.209      2.227    30.5121    18.4966          0          0  0.000e+00
  1021.7286      2.242      2.260    30.5124    18.4968          0          0  0.000e+00
  1021.7283      2.357      2.376    30.5115    18.4974          0          0  0.000e+00
  1021.7272      2.517      2.538    30.5090    18.4971          0          0  0.000e+00
  1021.7290      2.694      2.716    30.5098    18.4955          0          0  0.000e+00
  1021.7304      2.867      2.890    30.5100    18.4938          0          0  0.000e+00
  1021.7328      3.051      3.076    30.5118    18.4925          0          0  0.000e+00
  1021.7327      3.229      3.256    30.5104    18.4919          0          0  0.000e+00
  1021.7342      3.407      3.434    30.5109    18.4907          0          0  0.000e+00
  1021.7302      3.577      3.606    30.5043    18.4895          0          0  0.000e+00
  1021.7308      3.747      3.777    30.5028    18.4850          0          0  0.000e+00
  1021.7363      3.916      3.948    30.5069    18.4786          0          0  0.000e+00
  1021.7408      4.080      4.113    30.5103    18.4739          0          0  0.000e+00
  1021.7434      4.232      4.267    30.5120    18.4713          0          0  0.000e+00
  1021.7453      4.368      4.404    30.5132    18.4698          0          0  0.000e+00
  1021.7464      4.485      4.521    30.5139    18.4694          0          0  0.000e+00
  1021.7468      4.575      4.612    30.5138    18.4693          0          0  0.000e+00
  1021.7470      4.650      4.688    30.5136    18.4691          0          0  0.000e+00
  1021.7476      4.709      4.748    30.5140    18.4689          0          0  0.000e+00
  1021.7481      4.755      4.794    30.5144    18.4689          0          0  0.000e+00
  1021.7479      4.787      4.826    30.5140    18.4691          0          0  0.000e+00
  1021.7482      4.813      4.853    30.5142    18.4691          0          0  0.000e+00
  1021.7479      4.842      4.881    30.5138    18.4694          0          0  0.000e+00
  1021.7481      4.881      4.921    30.5137    18.4694          0          0  0.000e+00
  1021.7481      4.931      4.971    30.5134    18.4693          0          0  0.000e+00
  1021.7484      4.995      5.036    30.5134    18.4690          0          0  0.000e+00
  1021.7464      5.080      5.122    30.5102    18.4686          0          0  0.000e+00
  1021.7482      5.182      5.224    30.5113    18.4668          0          0  0.000e+00
  1021.7497      5.299      5.342    30.5119    18.4645          0          0  0.000e+00
  1021.7513      5.425      5.469    30.5127    18.4628          0          0  0.000e+00
  1021.7527      5.562      5.608    30.5133    18.4616          0          0  0.000e+00
  1021.7530      5.703      5.750    30.5128    18.4609          0          0  0.000e+00
  1021.7548      5.845      5.893    30.5138    18.4597          0          0  0.000e+00
  1021.7552      5.984      6.033    30.5134    18.4591          0          0  0.000e+00
  1021.7533      6.112      6.162    30.5098    18.4582          0          0  0.000e+00
  1021.7556      6.225      6.276    30.5114    18.4554          0          0  0.000e+00
  1021.7580      6.320      6.372    30.5131    18.4529          0          0  0.000e+00
  1021.7590      6.393      6.446    30.5135    18.4514          0          0  0.000e+00
  1021.7595      6.451      6.504    30.5134    18.4502          0          0  0.000e+00
