data/eDNA/PER-2021-171/171b028.ros
* Sea-Bird SBE19plus  Data File:
* FileName = C:\Users\RSG_field\Ryan_2021_Perley\CTD\171b028.hex
* Software version 2.3.0 SB_Terminal.dll
* Temperature SN = 7141
* Conductivity SN = 7141
* System UpLoad Time = Aug 18 2021 09:10:46
* <ApplicationData>
* <SeatermAF>
** Platform: M. Perley
** Cruise: Per2021171
** Station:  GC-04
** Cast: 01 2
** Latitude: N  44 55.685
** Longitude: W 59 51.591
** Sounding: 49.7
** Chief Scientist: Ryan Stanley
** Comment: 171b028
# nquan = 9
# nvalues = 27                                    
# units = specified
# name 0 = density00: Density [density, kg/m^3]
# name 1 = depSM: Depth [salt water, m], lat = 45.00
# name 2 = prdM: Pressure, Strain Gauge [db]
# name 3 = sal00: Salinity, Practical [PSU]
# name 4 = tv290C: Temperature [ITS-90, deg C]
# name 5 = bpos: Bottle Position in Carousel
# name 6 = nbf: Bottles Fired
# name 7 = scan: Scan Count
# name 8 = flag:  0.000e+00
# interval = seconds: 0.25
# start_time = Aug 18 2021 11:57:57 [Instrument's time stamp, header]
# bad_flag = -9.990e-29
*END*
  1023.0699     48.684     49.088    30.2047    12.1072          1          1       1721  0.000e+00
  1023.0950     48.659     49.063    30.2358    12.1008          1          1       1722  0.000e+00
  1023.0982     48.627     49.031    30.2429    12.1124          1          1       1723  0.000e+00
  1023.0899     48.589     48.993    30.2371    12.1326          1          1       1724  0.000e+00
  1023.0746     48.551     48.954    30.2220    12.1510          1          1       1725  0.000e+00
  1023.0671     48.518     48.921    30.2151    12.1619          1          1       1726  0.000e+00
  1023.0649     48.503     48.906    30.2139    12.1683          1          1       1727  0.000e+00
  1023.0640     48.491     48.893    30.2142    12.1743          1          1       1728  0.000e+00
  1023.0618     48.494     48.896    30.2133    12.1821          1          1       1729  0.000e+00
  1021.5799     25.571     25.782    29.5071    16.2816          2          2       2237  0.000e+00
  1021.5774     25.425     25.635    29.5050    16.2826          2          2       2238  0.000e+00
  1021.5750     25.281     25.489    29.5027    16.2829          2          2       2239  0.000e+00
  1021.5707     25.138     25.345    29.4981    16.2831          2          2       2240  0.000e+00
  1021.5673     24.998     25.204    29.4948    16.2844          2          2       2241  0.000e+00
  1021.5642     24.856     25.061    29.4920    16.2856          2          2       2242  0.000e+00
  1021.5612     24.708     24.912    29.4895    16.2876          2          2       2243  0.000e+00
  1021.5575     24.559     24.761    29.4859    16.2889          2          2       2244  0.000e+00
  1021.5534     24.415     24.616    29.4816    16.2897          2          2       2245  0.000e+00
  1020.5676      2.761      2.783    29.1650    19.0503          3          3       2440  0.000e+00
  1020.5660      2.577      2.598    29.1626    19.0464          3          3       2441  0.000e+00
  1020.5701      2.378      2.397    29.1672    19.0401          3          3       2442  0.000e+00
  1020.5767      2.169      2.187    29.1756    19.0357          3          3       2443  0.000e+00
  1020.5790      1.966      1.982    29.1802    19.0367          3          3       2444  0.000e+00
  1020.5761      1.794      1.809    29.1786    19.0405          3          3       2445  0.000e+00
  1020.5746      1.660      1.674    29.1786    19.0443          3          3       2446  0.000e+00
  1020.5749      1.562      1.575    29.1806    19.0475          3          3       2447  0.000e+00
  1020.5731      1.508      1.520    29.1800    19.0521          3          3       2448  0.000e+00
