data/eDNA/PER-2021-171/171b020.cnv
* Sea-Bird SBE19plus  Data File:
* FileName = C:\Users\RSG_field\Ryan_2021_Perley\CTD\171b020.hex
* Software version 2.3.0 SB_Terminal.dll
* Temperature SN = 7141
* Conductivity SN = 7141
* System UpLoad Time = Aug 17 2021 11:30:09
* <ApplicationData>
* <SeatermAF>
** Platform: M. Perley
** Cruise: Per2021171
** Station:  SAB_05
** Cast: 01 2
** Latitude: N  46 16.023
** Longitude: W 59 10.424
** Sounding: 113
** Chief Scientist: Ryan Stanley
** Comment: 171b020
# nquan = 8
# nvalues = 3383                                  
# units = specified
# name 0 = density00: Density [density, kg/m^3]
# name 1 = depSM: Depth [salt water, m], lat = 45.00
# name 2 = prdM: Pressure, Strain Gauge [db]
# name 3 = sal00: Salinity, Practical [PSU]
# name 4 = tv290C: Temperature [ITS-90, deg C]
# name 5 = bpos: Bottle Position in Carousel
# name 6 = nbf: Bottles Fired
# name 7 = flag:  0.000e+00
# span 0 =   998.6755,  1026.7879                 
# span 1 =     -0.043,    104.110                 
# span 2 =     -0.043,    104.989                 
# span 3 =     0.0078,    32.9726                 
# span 4 =     2.0475,    19.6269                 
# span 5 =          0,          5                 
# span 6 =          0,          5                 
# span 7 = 0.0000e+00, 0.0000e+00                 
# interval = seconds: 0.25
# start_time = Aug 17 2021 14:13:01 [Instrument's time stamp, header]
# bad_flag = -9.990e-29
*END*
[from data line 2877]
  1025.7429     52.327     52.762    31.9877     2.8373          2          2  0.000e+00
  1025.7481     52.157     52.591    31.9961     2.8466          2          2  0.000e+00
  1025.7469     52.000     52.432    31.9970     2.8607          2          2  0.000e+00
  1025.7387     51.862     52.293    31.9893     2.8765          2          2  0.000e+00
  1025.7323     51.746     52.176    31.9833     2.8902          2          2  0.000e+00
  1025.7366     51.652     52.081    31.9906     2.9021          2          2  0.000e+00
  1025.7321     51.577     52.005    31.9869     2.9166          2          2  0.000e+00
  1025.7292     51.509     51.937    31.9853     2.9319          2          2  0.000e+00
  1025.7303     51.446     51.874    31.9888     2.9476          2          2  0.000e+00
  1025.7171     51.378     51.805    31.9744     2.9650          2          2  0.000e+00
  1025.7031     51.302     51.728    31.9587     2.9784          2          2  0.000e+00
  1025.6943     51.211     51.636    31.9488     2.9837          2          2  0.000e+00
  1025.6889     51.104     51.528    31.9428     2.9838          2          2  0.000e+00
  1025.7020     50.982     51.405    31.9596     2.9814          2          2  0.000e+00
  1025.7028     50.854     51.276    31.9620     2.9877          2          2  0.000e+00
  1025.6990     50.726     51.148    31.9593     2.9992          2          2  0.000e+00
  1025.6893     50.604     51.025    31.9490     3.0105          2          2  0.000e+00
  1025.6940     50.499     50.919    31.9565     3.0198          2          2  0.000e+00
  1025.6938     50.414     50.832    31.9583     3.0344          3          3  0.000e+00
  1025.6827     50.336     50.754    31.9470     3.0539          3          3  0.000e+00
  1025.6699     50.273     50.690    31.9333     3.0715          3          3  0.000e+00
  1025.6663     50.206     50.623    31.9304     3.0830          3          3  0.000e+00
  1025.6671     50.126     50.543    31.9331     3.0944          3          3  0.000e+00
  1025.6538     50.029     50.444    31.9186     3.1094          3          3  0.000e+00
  1025.6361     49.902     50.316    31.8984     3.1202          3          3  0.000e+00
  1025.6454     49.748     50.161    31.9110     3.1211          3          3  0.000e+00
  1025.6500     49.571     49.983    31.9187     3.1285          3          3  0.000e+00
  1025.6288     49.377     49.787    31.8951     3.1454          3          3  0.000e+00
  1025.6264     49.183     49.591    31.8941     3.1544          3          3  0.000e+00
  1025.6246     48.997     49.404    31.8940     3.1633          3          3  0.000e+00
  1025.6204     48.830     49.235    31.8910     3.1753          3          3  0.000e+00
  1025.6100     48.683     49.088    31.8803     3.1887          3          3  0.000e+00
  1025.6032     48.563     48.966    31.8737     3.1995          3          3  0.000e+00
  1025.5965     48.457     48.859    31.8669     3.2086          3          3  0.000e+00
  1025.5908     48.370     48.771    31.8610     3.2152          3          3  0.000e+00
  1025.5895     48.292     48.693    31.8603     3.2192          3          3  0.000e+00
  1025.5866     48.216     48.616    31.8575     3.2230          3          3  0.000e+00
  1025.5839     48.137     48.537    31.8550     3.2265          3          3  0.000e+00
  1025.5819     48.049     48.448    31.8532     3.2288          3          3  0.000e+00
  1025.5784     47.948     48.346    31.8496     3.2302          3          3  0.000e+00
  1025.5768     47.830     48.227    31.8483     3.2298          3          3  0.000e+00
  1025.5781     47.706     48.102    31.8504     3.2282          3          3  0.000e+00
  1025.5777     47.580     47.975    31.8506     3.2274          3          3  0.000e+00
  1025.5766     47.459     47.853    31.8498     3.2268          3          3  0.000e+00
  1025.5784     47.352     47.745    31.8527     3.2260          3          3  0.000e+00
  1025.5795     47.260     47.652    31.8546     3.2264          3          3  0.000e+00
  1025.5790     47.189     47.580    31.8546     3.2280          3          3  0.000e+00
  1025.5785     47.131     47.523    31.8546     3.2302          3          3  0.000e+00
  1025.5787     47.078     47.469    31.8554     3.2326          3          3  0.000e+00
  1025.5776     47.020     47.410    31.8547     3.2360          3          3  0.000e+00
  1025.5764     46.952     47.342    31.8541     3.2401          3          3  0.000e+00
  1025.5710     46.858     47.247    31.8483     3.2442          3          3  0.000e+00
  1025.5662     46.737     47.125    31.8433     3.2462          3          3  0.000e+00
  1025.5702     46.589     46.975    31.8490     3.2452          3          3  0.000e+00
  1025.5688     46.424     46.810    31.8484     3.2464          3          3  0.000e+00
  1025.5677     46.248     46.632    31.8483     3.2484          3          3  0.000e+00
  1025.5689     46.079     46.461    31.8510     3.2508          3          3  0.000e+00
  1025.5670     45.915     46.296    31.8501     3.2551          3          3  0.000e+00
  1025.5639     45.767     46.147    31.8476     3.2600          3          3  0.000e+00
  1025.5604     45.628     46.007    31.8446     3.2644          3          3  0.000e+00
  1025.5590     45.507     45.885    31.8439     3.2676          3          3  0.000e+00
  1025.5584     45.395     45.772    31.8441     3.2709          3          3  0.000e+00
  1025.5564     45.294     45.670    31.8427     3.2753          3          3  0.000e+00
  1025.5537     45.200     45.575    31.8404     3.2802          3          3  0.000e+00
  1025.5488     45.107     45.481    31.8354     3.2849          3          3  0.000e+00
  1025.5468     45.014     45.388    31.8338     3.2875          3          3  0.000e+00
  1025.5471     44.919     45.292    31.8348     3.2895          3          3  0.000e+00
  1025.5547     44.815     45.187    31.8456     3.2943          3          3  0.000e+00
  1025.5453     44.704     45.075    31.8361     3.3091          3          3  0.000e+00
  1025.5331     44.587     44.957    31.8231     3.3242          3          3  0.000e+00
  1025.5278     44.469     44.838    31.8183     3.3339          3          3  0.000e+00
  1025.5181     44.354     44.722    31.8078     3.3424          3          3  0.000e+00
  1025.5185     44.248     44.615    31.8092     3.3453          3          3  0.000e+00
  1025.5213     44.155     44.521    31.8136     3.3484          3          3  0.000e+00
  1025.5183     44.063     44.429    31.8113     3.3558          3          3  0.000e+00
  1025.5157     43.970     44.335    31.8095     3.3648          3          3  0.000e+00
  1025.5122     43.868     44.232    31.8067     3.3736          3          3  0.000e+00
  1025.5074     43.757     44.120    31.8023     3.3824          3          3  0.000e+00
  1025.5331     43.626     43.987    31.8365     3.3921          3          3  0.000e+00
  1025.5265     43.472     43.832    31.8323     3.4200          3          3  0.000e+00
  1025.4890     43.302     43.661    31.7900     3.4534          3          3  0.000e+00
  1025.4701     43.117     43.474    31.7692     3.4699          3          3  0.000e+00
  1025.4737     42.926     43.282    31.7753     3.4743          3          3  0.000e+00
  1025.4805     42.739     43.094    31.7857     3.4808          3          3  0.000e+00
  1025.4761     42.564     42.917    31.7828     3.4946          3          3  0.000e+00
  1025.4715     42.406     42.758    31.7799     3.5118          3          3  0.000e+00
  1025.4676     42.273     42.623    31.7778     3.5293          3          3  0.000e+00
  1025.4596     42.171     42.521    31.7706     3.5491          3          3  0.000e+00
  1025.4485     42.095     42.444    31.7596     3.5699          3          3  0.000e+00
  1025.4441     42.042     42.390    31.7565     3.5885          3          3  0.000e+00
  1025.4366     42.002     42.350    31.7496     3.6079          3          3  0.000e+00
  1025.4288     41.977     42.325    31.7422     3.6280          3          3  0.000e+00
  1025.4092     41.953     42.300    31.7198     3.6463          3          3  0.000e+00
  1025.4067     41.923     42.271    31.7181     3.6563          3          3  0.000e+00
  1025.3959     41.882     42.229    31.7057     3.6643          3          3  0.000e+00
  1025.3917     41.818     42.165    31.7011     3.6668          3          3  0.000e+00
  1025.3903     41.733     42.079    31.6997     3.6659          3          3  0.000e+00
  1025.3905     41.628     41.973    31.7004     3.6639          3          3  0.000e+00
  1025.3939     41.502     41.846    31.7052     3.6618          3          3  0.000e+00
  1025.3991     41.370     41.713    31.7126     3.6623          3          3  0.000e+00
  1025.3966     41.237     41.579    31.7108     3.6672          3          3  0.000e+00
  1025.3945     41.109     41.450    31.7095     3.6725          3          3  0.000e+00
  1025.3927     40.985     41.324    31.7085     3.6775          3          3  0.000e+00
  1025.3888     40.866     41.205    31.7050     3.6828          3          3  0.000e+00
  1025.3853     40.746     41.084    31.7017     3.6871          3          3  0.000e+00
  1025.3834     40.623     40.960    31.7004     3.6902          3          3  0.000e+00
  1025.3817     40.485     40.820    31.6994     3.6924          3          3  0.000e+00
  1025.3821     40.331     40.665    31.7010     3.6943          3          3  0.000e+00
  1025.3801     40.158     40.491    31.6999     3.6973          3          3  0.000e+00
  1025.3765     39.970     40.301    31.6969     3.7003          3          3  0.000e+00
  1025.3745     39.764     40.093    31.6958     3.7022          3          3  0.000e+00
  1025.3762     39.551     39.878    31.6994     3.7037          3          3  0.000e+00
  1025.3855     39.343     39.669    31.7127     3.7078          3          3  0.000e+00
  1025.3822     39.152     39.476    31.7114     3.7219          3          3  0.000e+00
  1025.3652     38.984     39.307    31.6931     3.7393          3          3  0.000e+00
  1025.3643     38.849     39.170    31.6939     3.7489          3          3  0.000e+00
  1025.3711     38.752     39.073    31.7042     3.7596          3          3  0.000e+00
  1025.3626     38.691     39.011    31.6962     3.7792          3          3  0.000e+00
  1025.3518     38.655     38.975    31.6856     3.8013          3          3  0.000e+00
  1025.3557     38.641     38.961    31.6930     3.8217          3          3  0.000e+00
  1025.3386     38.644     38.964    31.6748     3.8502          3          3  0.000e+00
  1025.3202     38.647     38.967    31.6548     3.8765          3          3  0.000e+00
  1025.3095     38.635     38.955    31.6439     3.8967          3          3  0.000e+00
  1025.2943     38.601     38.920    31.6267     3.9123          3          3  0.000e+00
  1025.2833     38.533     38.852    31.6143     3.9204          3          3  0.000e+00
  1025.2760     38.427     38.745    31.6058     3.9207          3          3  0.000e+00
  1025.2808     38.291     38.608    31.6119     3.9151          3          3  0.000e+00
  1025.2930     38.130     38.446    31.6277     3.9108          3          3  0.000e+00
  1025.2945     37.956     38.270    31.6313     3.9158          3          3  0.000e+00
  1025.2952     37.781     38.094    31.6345     3.9260          3          3  0.000e+00
  1025.2943     37.614     37.925    31.6361     3.9405          3          3  0.000e+00
  1025.2867     37.461     37.771    31.6296     3.9588          3          3  0.000e+00
  1025.2741     37.328     37.636    31.6167     3.9765          3          3  0.000e+00
  1025.2714     37.210     37.518    31.6156     3.9895          3          3  0.000e+00
  1025.2654     37.108     37.415    31.6102     4.0025          3          3  0.000e+00
  1025.2566     37.012     37.318    31.6011     4.0141          3          3  0.000e+00
  1025.2516     36.921     37.226    31.5962     4.0217          3          3  0.000e+00
  1025.2547     36.830     37.135    31.6015     4.0281          3          3  0.000e+00
  1025.2500     36.738     37.042    31.5973     4.0376          3          3  0.000e+00
  1025.2418     36.637     36.941    31.5886     4.0462          3          3  0.000e+00
  1025.2400     36.531     36.834    31.5876     4.0513          3          3  0.000e+00
  1025.2660     36.419     36.720    31.6219     4.0582          3          3  0.000e+00
  1025.2677     36.296     36.596    31.6278     4.0833          3          3  0.000e+00
  1025.2404     36.166     36.465    31.5985     4.1180          3          3  0.000e+00
  1025.2117     36.031     36.329    31.5664     4.1446          3          3  0.000e+00
  1025.2142     35.893     36.190    31.5719     4.1571          3          3  0.000e+00
  1025.2256     35.755     36.051    31.5890     4.1721          3          3  0.000e+00
  1025.2298     35.618     35.912    31.5987     4.2018          3          3  0.000e+00
  1025.2050     35.484     35.778    31.5733     4.2416          3          3  0.000e+00
  1025.1826     35.357     35.649    31.5502     4.2762          3          3  0.000e+00
  1025.1625     35.236     35.527    31.5288     4.3019          3          3  0.000e+00
  1025.1556     35.116     35.407    31.5230     4.3196          3          3  0.000e+00
  1025.1462     35.004     35.293    31.5138     4.3346          3          3  0.000e+00
  1025.1359     34.890     35.179    31.5030     4.3464          3          3  0.000e+00
  1025.1319     34.782     35.070    31.4994     4.3531          3          3  0.000e+00
  1025.1302     34.678     34.965    31.4985     4.3585          3          3  0.000e+00
  1025.1320     34.571     34.857    31.5022     4.3644          3          3  0.000e+00
  1025.1313     34.462     34.747    31.5030     4.3725          3          3  0.000e+00
  1025.1362     34.351     34.635    31.5113     4.3843          3          3  0.000e+00
  1025.1306     34.237     34.521    31.5077     4.4055          3          3  0.000e+00
  1025.1406     34.119     34.401    31.5238     4.4274          3          3  0.000e+00
  1025.1222     34.003     34.284    31.5058     4.4625          3          3  0.000e+00
  1025.1122     33.893     34.173    31.4982     4.4964          3          3  0.000e+00
  1025.1045     33.789     34.068    31.4938     4.5324          3          3  0.000e+00
  1025.0974     33.687     33.966    31.4905     4.5719          3          3  0.000e+00
  1025.0698     33.596     33.874    31.4619     4.6152          3          3  0.000e+00
  1025.0443     33.514     33.792    31.4349     4.6513          3          3  0.000e+00
  1025.0221     33.439     33.716    31.4104     4.6743          3          3  0.000e+00
  1025.0269     33.366     33.642    31.4182     4.6838          3          3  0.000e+00
  1025.0506     33.292     33.567    31.4502     4.6972          3          3  0.000e+00
  1025.0515     33.214     33.489    31.4559     4.7279          3          3  0.000e+00
  1025.0124     33.133     33.407    31.4122     4.7662          3          3  0.000e+00
  1024.9862     33.045     33.318    31.3833     4.7938          3          3  0.000e+00
  1025.0067     32.950     33.223    31.4115     4.8078          3          3  0.000e+00
  1025.0312     32.852     33.123    31.4468     4.8356          3          3  0.000e+00
  1024.9966     32.746     33.017    31.4101     4.8832          3          3  0.000e+00
  1024.9554     32.640     32.910    31.3638     4.9203          3          3  0.000e+00
  1024.9345     32.531     32.800    31.3399     4.9346          3          3  0.000e+00
  1024.9451     32.423     32.691    31.3539     4.9348          3          3  0.000e+00
