data/eDNA/PER-2021-171/171b019.cnv
* Sea-Bird SBE19plus  Data File:
* FileName = C:\Users\RSG_field\Ryan_2021_Perley\CTD\171b019.hex
* Software version 2.3.0 SB_Terminal.dll
* Temperature SN = 7141
* Conductivity SN = 7141
* System UpLoad Time = Aug 14 2021 13:51:11
* <ApplicationData>
* <SeatermAF>
** Platform: M. Perley
** Cruise: Per2021171
** Station:  ESI_01
** Cast: 01 2
** Latitude: N  44 54.384
** Longitude: W 62 13.838
** Sounding: 21.3
** Chief Scientist: Ryan Stanley
** Comment: 171b019
# nquan = 8
# nvalues = 2000                                  
# units = specified
# name 0 = density00: Density [density, kg/m^3]
# name 1 = depSM: Depth [salt water, m], lat = 45.00
# name 2 = prdM: Pressure, Strain Gauge [db]
# name 3 = sal00: Salinity, Practical [PSU]
# name 4 = tv290C: Temperature [ITS-90, deg C]
# name 5 = bpos: Bottle Position in Carousel
# name 6 = nbf: Bottles Fired
# name 7 = flag:  0.000e+00
# span 0 =   998.9379,  1023.5378                 
# span 1 =     -0.049,     20.952                 
# span 2 =     -0.049,     21.124                 
# span 3 =     0.0080,    30.7506                 
# span 4 =    10.5046,    17.6455                 
# span 5 =          0,          2                 
# span 6 =          0,          2                 
# span 7 = 0.0000e+00, 0.0000e+00                 
# interval = seconds: 0.25
# start_time = Aug 14 2021 16:40:40 [Instrument's time stamp, header]
# bad_flag = -9.990e-29
*END*
[from data line 1798]
  1023.4109     16.133     16.266    30.5776    10.9827          1          1  0.000e+00
  1023.3967     15.978     16.109    30.5647    11.0026          1          1  0.000e+00
  1023.3898     15.825     15.955    30.5599    11.0165          1          1  0.000e+00
  1023.3865     15.680     15.809    30.5588    11.0271          1          1  0.000e+00
  1023.3819     15.541     15.669    30.5559    11.0370          1          1  0.000e+00
  1023.3736     15.414     15.540    30.5479    11.0456          1          1  0.000e+00
  1023.3709     15.289     15.414    30.5462    11.0502          1          1  0.000e+00
  1023.3690     15.172     15.297    30.5451    11.0532          1          1  0.000e+00
  1023.3699     15.060     15.183    30.5475    11.0557          1          1  0.000e+00
  1023.3705     14.957     15.080    30.5496    11.0595          1          1  0.000e+00
  1023.3662     14.863     14.985    30.5457    11.0642          1          1  0.000e+00
  1023.3649     14.779     14.900    30.5454    11.0677          1          1  0.000e+00
  1023.3677     14.704     14.824    30.5501    11.0709          1          1  0.000e+00
  1023.3686     14.640     14.760    30.5527    11.0759          1          1  0.000e+00
  1023.3665     14.583     14.703    30.5519    11.0830          1          1  0.000e+00
  1023.3656     14.532     14.651    30.5528    11.0905          1          1  0.000e+00
  1023.3727     14.479     14.598    30.5641    11.0988          1          1  0.000e+00
  1023.3651     14.419     14.538    30.5578    11.1131          1          1  0.000e+00
  1023.3901     14.346     14.464    30.5939    11.1284          1          1  0.000e+00
  1023.3839     14.254     14.371    30.5934    11.1594          1          1  0.000e+00
  1023.3544     14.148     14.264    30.5634    11.1923          1          1  0.000e+00
  1023.3378     14.023     14.138    30.5471    11.2119          1          1  0.000e+00
  1023.3247     13.879     13.993    30.5334    11.2220          1          1  0.000e+00
  1023.3182     13.727     13.840    30.5264    11.2237          1          1  0.000e+00
  1023.3316     13.570     13.682    30.5439    11.2212          1          1  0.000e+00
  1023.3371     13.421     13.531    30.5528    11.2254          1          1  0.000e+00
  1023.3508     13.279     13.388    30.5741    11.2378          1          1  0.000e+00
  1023.3839     13.143     13.251    30.6238    11.2657          1          1  0.000e+00
  1023.3669     13.024     13.132    30.6147    11.3189          1          1  0.000e+00
  1023.3223     12.919     13.025    30.5696    11.3711          1          1  0.000e+00
  1023.3043     12.818     12.923    30.5550    11.4060          1          1  0.000e+00
  1023.3083     12.717     12.822    30.5660    11.4289          1          1  0.000e+00
  1023.3279     12.606     12.709    30.5979    11.4557          1          1  0.000e+00
  1023.3219     12.484     12.586    30.6010    11.5003          1          1  0.000e+00
  1023.3074     12.345     12.446    30.5950    11.5514          1          1  0.000e+00
  1023.3188     12.195     12.295    30.6224    11.6031          1          1  0.000e+00
  1023.2531     12.034     12.133    30.5541    11.6701          1          1  0.000e+00
  1023.2034     11.872     11.970    30.4998    11.7078          1          1  0.000e+00
  1023.1892     11.718     11.814    30.4832    11.7119          1          1  0.000e+00
  1023.2213     11.576     11.671    30.5235    11.7028          1          1  0.000e+00
  1023.2518     11.453     11.547    30.5663    11.7154          1          1  0.000e+00
  1023.2697     11.348     11.441    30.5985    11.7519          1          1  0.000e+00
  1023.2783     11.261     11.353    30.6242    11.8125          1          1  0.000e+00
  1023.2400     11.190     11.282    30.5941    11.8932          1          1  0.000e+00
  1023.1707     11.126     11.217    30.5209    11.9605          1          1  0.000e+00
  1023.1649     11.061     11.152    30.5212    11.9925          1          1  0.000e+00
  1023.1515     10.995     11.085    30.5106    12.0189          1          1  0.000e+00
  1023.1647     10.915     11.005    30.5337    12.0428          1          1  0.000e+00
  1023.1646     10.821     10.910    30.5419    12.0758          1          1  0.000e+00
  1023.1789     10.711     10.799    30.5710    12.1177          1          1  0.000e+00
  1023.1414     10.581     10.668    30.5366    12.1734          1          1  0.000e+00
  1023.1037     10.439     10.525    30.4999    12.2202          1          1  0.000e+00
  1023.0849     10.293     10.377    30.4829    12.2474          1          1  0.000e+00
  1023.0863     10.141     10.225    30.4895    12.2633          1          1  0.000e+00
  1023.0919      9.997     10.079    30.5022    12.2828          1          1  0.000e+00
  1023.1056      9.859      9.940    30.5267    12.3081          1          1  0.000e+00
  1023.1197      9.727      9.807    30.5562    12.3518          1          1  0.000e+00
  1023.0800      9.597      9.675    30.5216    12.4176          1          1  0.000e+00
  1023.0655      9.473      9.550    30.5153    12.4666          1          1  0.000e+00
  1023.1031      9.357      9.434    30.5760    12.5140          1          1  0.000e+00
  1023.0945      9.236      9.312    30.5840    12.5896          1          1  0.000e+00
  1022.9926      9.113      9.188    30.4744    12.6765          1          1  0.000e+00
  1022.9864      8.987      9.061    30.4760    12.7131          1          1  0.000e+00
  1023.0791      8.861      8.934    30.6053    12.7491          1          1  0.000e+00
  1023.0678      8.731      8.802    30.6159    12.8482          1          1  0.000e+00
  1023.0113      8.602      8.673    30.5727    12.9658          1          1  0.000e+00
  1022.9265      8.478      8.548    30.4906    13.0733          1          1  0.000e+00
  1022.8956      8.355      8.424    30.4698    13.1473          1          1  0.000e+00
  1022.8351      8.232      8.300    30.4042    13.1947          1          1  0.000e+00
  1022.8208      8.116      8.182    30.3901    13.2096          1          1  0.000e+00
  1022.8487      7.997      8.063    30.4274    13.2116          1          1  0.000e+00
  1022.8275      7.879      7.944    30.4052    13.2296          1          1  0.000e+00
  1022.8017      7.759      7.822    30.3746    13.2381          1          1  0.000e+00
  1022.8371      7.645      7.708    30.4204    13.2353          1          1  0.000e+00
  1022.8327      7.529      7.590    30.4174    13.2432          1          1  0.000e+00
  1022.8275      7.420      7.481    30.4143    13.2548          1          1  0.000e+00
  1022.8445      7.321      7.381    30.4399    13.2670          1          1  0.000e+00
  1022.8249      7.225      7.285    30.4218    13.2936          1          1  0.000e+00
  1022.8428      7.144      7.202    30.4520    13.3193          1          1  0.000e+00
  1022.8282      7.069      7.127    30.4437    13.3596          1          1  0.000e+00
  1022.8255      6.986      7.043    30.4491    13.3926          1          1  0.000e+00
  1022.7931      6.903      6.960    30.4166    13.4280          1          1  0.000e+00
  1022.7859      6.808      6.864    30.4145    13.4545          1          1  0.000e+00
  1022.8608      6.703      6.758    30.5193    13.4824          1          1  0.000e+00
  1022.8462      6.580      6.634    30.5211    13.5610          1          1  0.000e+00
  1022.7962      6.442      6.495    30.4810    13.6538          1          1  0.000e+00
  1022.6945      6.292      6.343    30.3680    13.7230          1          1  0.000e+00
  1022.6802      6.141      6.191    30.3541    13.7377          1          1  0.000e+00
  1022.7017      5.988      6.038    30.3819    13.7339          1          1  0.000e+00
  1022.7284      5.842      5.890    30.4198    13.7435          1          1  0.000e+00
  1022.7538      5.699      5.746    30.4624    13.7775          1          1  0.000e+00
  1022.7361      5.564      5.610    30.4555    13.8364          1          1  0.000e+00
  1022.7168      5.430      5.474    30.4476    13.8989          1          1  0.000e+00
  1022.6958      5.303      5.346    30.4368    13.9594          1          1  0.000e+00
  1022.6543      5.178      5.220    30.3983    14.0148          1          1  0.000e+00
  1022.6462      5.050      5.092    30.3983    14.0519          1          1  0.000e+00
  1022.6538      4.930      4.970    30.4177    14.0856          1          1  0.000e+00
  1022.6215      4.808      4.847    30.3877    14.1285          1          1  0.000e+00
  1022.6284      4.695      4.734    30.4068    14.1644          1          1  0.000e+00
  1022.5954      4.582      4.619    30.3759    14.2066          1          1  0.000e+00
  1022.5712      4.476      4.513    30.3529    14.2361          1          1  0.000e+00
  1022.6446      4.369      4.405    30.4535    14.2540          1          1  0.000e+00
  1022.5944      4.262      4.297    30.4055    14.3161          1          1  0.000e+00
  1022.5370      4.154      4.188    30.3453    14.3672          1          1  0.000e+00
  1022.5621      4.043      4.077    30.3845    14.3898          1          1  0.000e+00
  1022.5442      3.935      3.968    30.3701    14.4208          1          1  0.000e+00
  1022.5415      3.829      3.861    30.3761    14.4538          1          1  0.000e+00
  1022.4960      3.730      3.760    30.3263    14.4862          1          1  0.000e+00
  1022.4842      3.630      3.660    30.3130    14.4918          1          1  0.000e+00
  1022.4951      3.538      3.567    30.3271    14.4893          1          1  0.000e+00
  1022.4908      3.447      3.475    30.3226    14.4916          1          1  0.000e+00
  1022.4857      3.357      3.384    30.3163    14.4904          1          1  0.000e+00
  1022.4851      3.264      3.291    30.3145    14.4849          1          1  0.000e+00
  1022.5032      3.169      3.195    30.3370    14.4791          1          1  0.000e+00
  1022.5171      3.067      3.092    30.3572    14.4850          1          1  0.000e+00
  1022.5878      2.967      2.991    30.4557    14.5078          1          1  0.000e+00
  1022.6673      2.853      2.876    30.5806    14.5859          2          2  0.000e+00
  1022.7627      2.732      2.755    30.7506    14.7535          2          2  0.000e+00
  1022.6490      2.598      2.619    30.6747    15.0126          2          2  0.000e+00
  1022.4266      2.446      2.466    30.4539    15.2564          2          2  0.000e+00
  1022.2904      2.282      2.300    30.3150    15.3902          2          2  0.000e+00
  1022.2550      2.103      2.120    30.2824    15.4341          2          2  0.000e+00
  1022.3550      1.913      1.929    30.4185    15.4519          2          2  0.000e+00
  1022.4104      1.722      1.736    30.5193    15.5498          2          2  0.000e+00
  1022.3598      1.531      1.544    30.5006    15.7121          2          2  0.000e+00
  1022.2835      1.355      1.367    30.4512    15.8837          2          2  0.000e+00
  1022.1945      1.207      1.217    30.3805    16.0384          2          2  0.000e+00
  1022.1997      1.078      1.087    30.4236    16.1613          2          2  0.000e+00
  1022.1883      0.967      0.975    30.4525    16.3096          2          2  0.000e+00
  1022.1166      0.878      0.886    30.4136    16.4944          2          2  0.000e+00
  1022.1294      0.807      0.814    30.4854    16.6802          2          2  0.000e+00
  1022.0032      0.747      0.753    30.3875    16.9030          2          2  0.000e+00
  1021.9961      0.684      0.690    30.4411    17.1112          2          2  0.000e+00
  1021.8173      0.607      0.612    30.2767    17.3378          2          2  0.000e+00
  1021.6974      0.514      0.518    30.1690    17.4965          2          2  0.000e+00
  1021.6479      0.396      0.399    30.1319    17.5843          2          2  0.000e+00
  1021.5692      0.254      0.256    30.0468    17.6400          2          2  0.000e+00
  1021.5395      0.093      0.094    30.0107    17.6455          2          2  0.000e+00
  1021.5458     -0.030     -0.030    30.0126    17.6230          2          2  0.000e+00
  1015.2305     -0.046     -0.046    21.7339    17.6034          2          2  0.000e+00
  1001.5702     -0.045     -0.045     3.7885    17.5958          2          2  0.000e+00
  1001.1477     -0.044     -0.044     3.2342    17.5930          2          2  0.000e+00
  1000.5168     -0.044     -0.044     2.4072    17.5891          2          2  0.000e+00
   999.5391     -0.045     -0.045     1.1276    17.5813          2          2  0.000e+00
  1000.1941     -0.044     -0.044     1.9755    17.5491          2          2  0.000e+00
  1016.6663     -0.043     -0.043    23.5850    17.4937          2          2  0.000e+00
  1021.2058     -0.046     -0.046    29.5106    17.4345          2          2  0.000e+00
  1021.1670     -0.047     -0.047    29.4253    17.3205          2          2  0.000e+00
  1021.0116     -0.045     -0.045    29.1943    17.2277          2          2  0.000e+00
  1021.1754     -0.045     -0.045    29.3742    17.1140          2          2  0.000e+00
  1021.3528     -0.045     -0.045    29.5791    17.0245          2          2  0.000e+00
  1021.4246     -0.045     -0.045    29.6586    16.9768          2          2  0.000e+00
  1017.6723     -0.045     -0.045    24.7437    16.9452          2          2  0.000e+00
  1011.6332     -0.047     -0.047    16.8217    16.9132          2          2  0.000e+00
  1006.4704     -0.047     -0.047    10.0367    16.8708          2          2  0.000e+00
  1005.7076     -0.045     -0.045     9.0271    16.8358          2          2  0.000e+00
  1003.6418     -0.047     -0.047     6.3151    16.8218          2          2  0.000e+00
  1000.4636     -0.045     -0.045     2.1539    16.8106          2          2  0.000e+00
  1000.7543     -0.045     -0.045     2.5297    16.7939          2          2  0.000e+00
  1000.6055     -0.045     -0.045     2.3309    16.7744          2          2  0.000e+00
  1000.4251     -0.047     -0.047     2.0910    16.7553          2          2  0.000e+00
  1000.4259     -0.045     -0.045     2.0875    16.7355          2          2  0.000e+00
  1001.4048     -0.046     -0.046     3.3613    16.7148          2          2  0.000e+00
  1001.6658     -0.046     -0.046     3.6976    16.6931          2          2  0.000e+00
  1001.5958     -0.046     -0.046     3.6009    16.6712          2          2  0.000e+00
  1001.4580     -0.047     -0.047     3.4153    16.6476          2          2  0.000e+00
  1001.5207     -0.047     -0.047     3.4918    16.6235          2          2  0.000e+00
  1001.3826     -0.047     -0.047     3.3055    16.5989          2          2  0.000e+00
  1001.3250     -0.045     -0.045     3.2244    16.5732          2          2  0.000e+00
  1001.4747     -0.046     -0.046     3.4141    16.5474          2          2  0.000e+00
  1001.4389     -0.046     -0.046     3.3614    16.5218          2          2  0.000e+00
  1001.5968     -0.046     -0.046     3.5619    16.4962          2          2  0.000e+00
  1001.3768     -0.046     -0.046     3.2686    16.4708          2          2  0.000e+00
  1001.3009     -0.045     -0.045     3.1637    16.4453          2          2  0.000e+00
  1001.3756     -0.044     -0.044     3.2555    16.4201          2          2  0.000e+00
  1001.0794     -0.044     -0.044     2.8632    16.3952          2          2  0.000e+00
  1000.8421     -0.044     -0.044     2.5480    16.3705          2          2  0.000e+00
  1000.8928     -0.044     -0.044     2.6087    16.3464          2          2  0.000e+00
  1000.2011     -0.043     -0.043     1.7016    16.3227          2          2  0.000e+00
