data/eDNA/PER-2021-171/171b025.cnv
* Sea-Bird SBE19plus  Data File:
* FileName = C:\Users\RSG_field\Ryan_2021_Perley\CTD\171b025.hex
* Software version 2.3.0 SB_Terminal.dll
* Temperature SN = 7141
* Conductivity SN = 7141
* System UpLoad Time = Aug 18 2021 13:50:32
* <ApplicationData>
* <SeatermAF>
** Platform: M. Perley
** Cruise: Per2021171
** Station:  SAB_01
** Cast: 01 2
** Latitude: N  45 501.373
** Longitude: W 60 08.966
** Sounding: 15.1
** Chief Scientist: Ryan Stanley
** Comment: 171b025
# nquan = 8
# nvalues = 2020                                  
# units = specified
# name 0 = density00: Density [density, kg/m^3]
# name 1 = depSM: Depth [salt water, m], lat = 45.00
# name 2 = prdM: Pressure, Strain Gauge [db]
# name 3 = sal00: Salinity, Practical [PSU]
# name 4 = tv290C: Temperature [ITS-90, deg C]
# name 5 = bpos: Bottle Position in Carousel
# name 6 = nbf: Bottles Fired
# name 7 = flag:  0.000e+00
# span 0 =   998.8154,  1023.6277                 
# span 1 =     -0.023,     16.035                 
# span 2 =     -0.023,     16.166                 
# span 3 =     0.0088,    30.7577                 
# span 4 =     9.4144,    18.3205                 
# span 5 =          0,          3                 
# span 6 =          0,          3                 
# span 7 = 0.0000e+00, 0.0000e+00                 
# interval = seconds: 0.25
# start_time = Aug 18 2021 16:39:34 [Instrument's time stamp, header]
# bad_flag = -9.990e-29
*END*
[from data line 1079]
  1022.3329      9.040      9.114    29.7466    13.1832          0          0  0.000e+00
  1022.4170      9.150      9.225    29.8056    12.9849          0          0  0.000e+00
  1022.4561      9.261      9.337    29.8176    12.8305          0          0  0.000e+00
  1022.5390      9.372      9.449    29.8894    12.6885          0          0  0.000e+00
  1022.6147      9.482      9.560    29.9602    12.5790          0          0  0.000e+00
  1022.6522      9.598      9.677    29.9906    12.5075          0          0  0.000e+00
  1022.6575      9.716      9.796    29.9842    12.4552          0          0  0.000e+00
  1022.6785      9.839      9.920    29.9979    12.4019          0          0  0.000e+00
  1022.6871      9.957     10.038    29.9955    12.3484          0          0  0.000e+00
  1022.7029     10.083     10.166    30.0019    12.2925          0          0  0.000e+00
  1022.7294     10.207     10.291    30.0214    12.2339          0          0  0.000e+00
  1022.7475     10.337     10.422    30.0309    12.1785          0          0  0.000e+00
  1022.7428     10.468     10.554    30.0111    12.1238          0          0  0.000e+00
  1022.7653     10.599     10.686    30.0229    12.0541          0          0  0.000e+00
  1022.7968     10.731     10.819    30.0471    11.9871          0          0  0.000e+00
  1022.7747     10.861     10.950    30.0046    11.9304          0          0  0.000e+00
  1022.7930     10.986     11.076    30.0088    11.8501          0          0  0.000e+00
  1022.8179     11.115     11.207    30.0190    11.7584          0          0  0.000e+00
  1022.7652     11.236     11.328    29.9277    11.6598          0          0  0.000e+00
  1022.8345     11.355     11.448    29.9805    11.5030          0          0  0.000e+00
  1022.8648     11.471     11.566    29.9831    11.3451          0          0  0.000e+00
  1022.9754     11.588     11.683    30.0886    11.1834          0          0  0.000e+00
  1023.0422     11.700     11.797    30.1465    11.0599          0          0  0.000e+00
  1023.0757     11.815     11.912    30.1701    10.9743          0          0  0.000e+00
  1023.1237     11.928     12.026    30.2145    10.8987          0          0  0.000e+00
  1023.1301     12.042     12.141    30.2094    10.8409          0          0  0.000e+00
  1023.1547     12.153     12.253    30.2278    10.7836          0          0  0.000e+00
  1023.1562     12.269     12.369    30.2169    10.7276          0          0  0.000e+00
  1023.1843     12.383     12.485    30.2387    10.6647          0          0  0.000e+00
  1023.2129     12.500     12.602    30.2617    10.6038          0          0  0.000e+00
  1023.2151     12.617     12.721    30.2529    10.5528          0          0  0.000e+00
  1023.2293     12.733     12.837    30.2576    10.4928          0          0  0.000e+00
  1023.2688     12.847     12.953    30.2934    10.4259          0          0  0.000e+00
  1023.3141     12.966     13.073    30.3390    10.3696          0          0  0.000e+00
  1023.3377     13.082     13.189    30.3614    10.3362          0          0  0.000e+00
  1023.3235     13.200     13.309    30.3376    10.3131          0          0  0.000e+00
  1023.3262     13.315     13.424    30.3318    10.2721          0          0  0.000e+00
  1023.3456     13.431     13.542    30.3451    10.2202          0          0  0.000e+00
  1023.3582     13.548     13.659    30.3502    10.1711          0          0  0.000e+00
  1023.3487     13.668     13.780    30.3272    10.1227          0          0  0.000e+00
  1023.3696     13.789     13.902    30.3402    10.0594          0          0  0.000e+00
  1023.3981     13.913     14.027    30.3619     9.9918          0          0  0.000e+00
  1023.4205     14.035     14.150    30.3772     9.9304          0          0  0.000e+00
  1023.4357     14.164     14.280    30.3845     9.8745          0          0  0.000e+00
  1023.4488     14.294     14.412    30.3893     9.8196          0          0  0.000e+00
  1023.4630     14.424     14.542    30.3947     9.7608          0          0  0.000e+00
  1023.4812     14.555     14.675    30.4049     9.6999          0          0  0.000e+00
  1023.5147     14.686     14.807    30.4354     9.6422          0          0  0.000e+00
  1023.5395     14.814     14.935    30.4573     9.5972          0          0  0.000e+00
  1023.5599     14.939     15.062    30.4759     9.5633          0          0  0.000e+00
  1023.5750     15.061     15.184    30.4898     9.5396          0          0  0.000e+00
  1023.5847     15.180     15.305    30.4984     9.5246          0          0  0.000e+00
  1023.5724     15.296     15.422    30.4796     9.5130          0          0  0.000e+00
  1023.5849     15.408     15.535    30.4909     9.4931          0          0  0.000e+00
  1023.6000     15.523     15.650    30.5063     9.4763          0          0  0.000e+00
  1023.6055     15.632     15.760    30.5111     9.4685          0          0  0.000e+00
  1023.5995     15.744     15.874    30.5019     9.4640          0          0  0.000e+00
  1023.6094     15.840     15.970    30.5124     9.4561          0          0  0.000e+00
  1023.6187     15.866     15.997    30.5235     9.4522          0          0  0.000e+00
  1023.6270     15.858     15.988    30.5345     9.4542          0          0  0.000e+00
  1023.6275     15.866     15.997    30.5367     9.4621          0          0  0.000e+00
  1023.6252     15.860     15.990    30.5361     9.4736          0          0  0.000e+00
  1023.6116     15.859     15.989    30.5212     9.4865          0          0  0.000e+00
  1023.5978     15.866     15.997    30.5047     9.4924          0          0  0.000e+00
  1023.5915     15.874     16.004    30.4961     9.4904          0          0  0.000e+00
  1023.5871     15.879     16.009    30.4889     9.4825          0          0  0.000e+00
  1023.5910     15.885     16.016    30.4917     9.4713          0          0  0.000e+00
  1023.6005     15.898     16.029    30.5017     9.4615          0          0  0.000e+00
  1023.6033     15.910     16.040    30.5041     9.4557          0          0  0.000e+00
  1023.6045     15.918     16.049    30.5049     9.4521          0          0  0.000e+00
  1023.6082     15.924     16.055    30.5091     9.4497          0          0  0.000e+00
  1023.6046     15.932     16.063    30.5044     9.4491          0          0  0.000e+00
  1023.6068     15.938     16.069    30.5069     9.4477          0          0  0.000e+00
  1023.6080     15.945     16.076    30.5081     9.4464          0          0  0.000e+00
  1023.6104     15.948     16.079    30.5112     9.4469          0          0  0.000e+00
  1023.6086     15.949     16.080    30.5093     9.4491          0          0  0.000e+00
  1023.6057     15.950     16.081    30.5060     9.4510          0          0  0.000e+00
  1023.6036     15.952     16.083    30.5033     9.4510          0          0  0.000e+00
  1023.6043     15.953     16.084    30.5041     9.4500          0          0  0.000e+00
  1023.6037     15.952     16.083    30.5032     9.4497          0          0  0.000e+00
  1023.6051     15.954     16.085    30.5049     9.4489          0          0  0.000e+00
  1023.6064     15.954     16.085    30.5065     9.4492          0          0  0.000e+00
  1023.6074     15.955     16.086    30.5082     9.4509          0          0  0.000e+00
  1023.6054     15.956     16.087    30.5061     9.4535          0          0  0.000e+00
  1023.6023     15.956     16.087    30.5025     9.4554          0          0  0.000e+00
  1023.6009     15.954     16.085    30.5009     9.4558          0          0  0.000e+00
  1023.6039     15.954     16.085    30.5046     9.4554          0          0  0.000e+00
  1023.6002     15.952     16.083    30.5002     9.4567          0          0  0.000e+00
  1023.6018     15.950     16.081    30.5023     9.4572          0          0  0.000e+00
  1023.6043     15.948     16.079    30.5056     9.4579          0          0  0.000e+00
  1023.6023     15.944     16.075    30.5036     9.4605          0          0  0.000e+00
  1023.6015     15.941     16.072    30.5030     9.4624          0          0  0.000e+00
  1023.6030     15.937     16.068    30.5052     9.4640          0          0  0.000e+00
  1023.5988     15.935     16.066    30.5006     9.4675          0          0  0.000e+00
  1023.6014     15.932     16.063    30.5044     9.4697          0          0  0.000e+00
  1023.5997     15.929     16.060    30.5029     9.4729          0          0  0.000e+00
  1023.5957     15.931     16.062    30.4985     9.4763          0          0  0.000e+00
  1023.5899     15.933     16.064    30.4912     9.4771          0          0  0.000e+00
  1023.5906     15.937     16.068    30.4915     9.4749          0          0  0.000e+00
  1023.5933     15.944     16.075    30.4945     9.4728          0          0  0.000e+00
  1023.5911     15.950     16.081    30.4915     9.4713          0          0  0.000e+00
  1023.5939     15.957     16.089    30.4946     9.4696          0          0  0.000e+00
  1023.5944     15.966     16.097    30.4951     9.4693          0          0  0.000e+00
  1023.5973     15.973     16.105    30.4988     9.4695          0          0  0.000e+00
  1023.5957     15.979     16.110    30.4971     9.4713          0          0  0.000e+00
  1023.5990     15.984     16.115    30.5017     9.4731          0          0  0.000e+00
  1023.5891     15.988     16.120    30.4897     9.4771          0          0  0.000e+00
  1023.5896     15.989     16.121    30.4903     9.4769          0          0  0.000e+00
  1023.5924     15.989     16.121    30.4935     9.4747          0          0  0.000e+00
  1023.5927     15.987     16.118    30.4939     9.4746          0          0  0.000e+00
  1023.5971     15.985     16.116    30.4996     9.4751          0          0  0.000e+00
  1023.5941     15.983     16.114    30.4964     9.4778          0          0  0.000e+00
  1023.5937     15.981     16.112    30.4965     9.4808          0          0  0.000e+00
  1023.5883     15.979     16.110    30.4899     9.4825          0          0  0.000e+00
  1023.5886     15.980     16.111    30.4900     9.4812          0          0  0.000e+00
  1023.5919     15.977     16.109    30.4940     9.4796          0          0  0.000e+00
  1023.5890     15.978     16.110    30.4903     9.4802          0          0  0.000e+00
  1023.5873     15.974     16.106    30.4881     9.4795          0          0  0.000e+00
  1023.5897     15.974     16.106    30.4908     9.4776          0          0  0.000e+00
  1023.5918     15.973     16.105    30.4931     9.4758          0          0  0.000e+00
  1023.5889     15.973     16.105    30.4896     9.4772          0          0  0.000e+00
  1023.5903     15.971     16.102    30.4913     9.4763          0          0  0.000e+00
  1023.5904     15.970     16.101    30.4910     9.4743          0          0  0.000e+00
  1023.5934     15.967     16.098    30.4946     9.4726          0          0  0.000e+00
  1023.5919     15.965     16.096    30.4927     9.4731          0          0  0.000e+00
  1023.5927     15.963     16.094    30.4940     9.4740          0          0  0.000e+00
  1023.5893     15.962     16.093    30.4900     9.4764          0          0  0.000e+00
  1023.5883     15.964     16.095    30.4888     9.4765          0          0  0.000e+00
  1023.5910     15.963     16.094    30.4917     9.4737          0          0  0.000e+00
  1023.5918     15.965     16.096    30.4926     9.4732          0          0  0.000e+00
  1023.5947     15.965     16.096    30.4963     9.4733          0          0  0.000e+00
  1023.5870     15.967     16.098    30.4868     9.4755          0          0  0.000e+00
  1023.5891     15.970     16.101    30.4891     9.4730          0          0  0.000e+00
  1023.5907     15.975     16.107    30.4913     9.4742          0          0  0.000e+00
  1023.5917     15.981     16.112    30.4925     9.4738          0          0  0.000e+00
  1023.5806     15.982     16.113    30.4790     9.4774          0          0  0.000e+00
  1023.5840     15.981     16.112    30.4829     9.4750          0          0  0.000e+00
  1023.5859     15.985     16.116    30.4844     9.4706          0          0  0.000e+00
  1023.5887     15.987     16.118    30.4876     9.4688          0          0  0.000e+00
  1023.5908     15.987     16.118    30.4900     9.4673          0          0  0.000e+00
  1023.5891     15.988     16.119    30.4876     9.4667          0          0  0.000e+00
  1023.5928     15.987     16.118    30.4922     9.4658          0          0  0.000e+00
  1023.5967     15.986     16.117    30.4970     9.4646          0          0  0.000e+00
  1023.5955     15.987     16.118    30.4959     9.4670          0          0  0.000e+00
  1023.5864     15.983     16.114    30.4852     9.4716          0          0  0.000e+00
  1023.5895     15.985     16.116    30.4893     9.4722          0          0  0.000e+00
  1023.5991     15.980     16.111    30.5018     9.4729          0          0  0.000e+00
  1023.5916     15.980     16.111    30.4932     9.4776          0          0  0.000e+00
  1023.5902     15.978     16.110    30.4922     9.4822          0          0  0.000e+00
  1023.5908     15.975     16.107    30.4935     9.4848          0          0  0.000e+00
  1023.5874     15.972     16.103    30.4902     9.4895          0          0  0.000e+00
  1023.5815     15.971     16.102    30.4833     9.4925          0          0  0.000e+00
  1023.5775     15.971     16.102    30.4780     9.4920          0          0  0.000e+00
  1023.5841     15.970     16.101    30.4860     9.4902          0          0  0.000e+00
  1023.5840     15.970     16.101    30.4861     9.4909          0          0  0.000e+00
  1023.5862     15.968     16.099    30.4891     9.4922          0          0  0.000e+00
  1023.5896     15.970     16.101    30.4940     9.4945          0          0  0.000e+00
  1023.5881     15.968     16.099    30.4938     9.5029          0          0  0.000e+00
  1023.5674     15.967     16.098    30.4691     9.5116          0          0  0.000e+00
  1023.5802     15.970     16.101    30.4845     9.5071          0          0  0.000e+00
  1023.5769     15.971     16.102    30.4796     9.5037          0          0  0.000e+00
  1023.5792     15.972     16.103    30.4812     9.4973          0          0  0.000e+00
  1023.5889     15.975     16.107    30.4930     9.4940          0          0  0.000e+00
  1023.5920     15.976     16.108    30.4972     9.4955          0          0  0.000e+00
  1023.5742     15.981     16.112    30.4757     9.5023          0          0  0.000e+00
  1023.5694     15.984     16.115    30.4701     9.5046          0          0  0.000e+00
  1023.5755     15.986     16.117    30.4767     9.4985          0          0  0.000e+00
  1023.5804     15.986     16.117    30.4818     9.4930          0          0  0.000e+00
  1023.5880     15.984     16.115    30.4908     9.4892          0          0  0.000e+00
  1023.5853     15.981     16.112    30.4873     9.4889          0          0  0.000e+00
  1023.5836     15.983     16.114    30.4855     9.4908          0          0  0.000e+00
  1023.5819     15.978     16.110    30.4837     9.4925          0          0  0.000e+00
  1023.5828     15.976     16.108    30.4849     9.4925          0          0  0.000e+00
  1023.5849     15.975     16.107    30.4879     9.4942          0          0  0.000e+00
  1023.5873     15.974     16.106    30.4907     9.4926          0          0  0.000e+00
  1023.5862     15.973     16.104    30.4894     9.4934          0          0  0.000e+00
  1023.5838     15.971     16.102    30.4867     9.4950          0          0  0.000e+00
  1023.5860     15.970     16.101    30.4894     9.4948          0          0  0.000e+00
  1023.5757     15.970     16.101    30.4771     9.4991          0          0  0.000e+00
