data/eDNA/PER-2021-171/171b002.cnv
* Sea-Bird SBE19plus  Data File:
* FileName = C:\Users\RSG_field\Ryan_2021_Perley\CTD\171b002.hex
* Software version 2.3.0 SB_Terminal.dll
* Temperature SN = 7141
* Conductivity SN = 7141
* System UpLoad Time = Aug 09 2021 10:07:11
* <ApplicationData>
* <SeatermAF>
** Platform: M. Perley
** Cruise: Per2021171
** Station:  ESI-08
** Cast: 01 02
** Latitude: N  44 40.1412
** Longitude: W 62 20.7438
** Sounding: 112
** Chief Scientist: Ryan Stanley
** Comment: second replicate - also GC_5
** get coordinates from the af file
# nquan = 8
# nvalues = 3926                                  
# units = specified
# name 0 = density00: Density [density, kg/m^3]
# name 1 = depSM: Depth [salt water, m], lat = 45.00
# name 2 = prdM: Pressure, Strain Gauge [db]
# name 3 = sal00: Salinity, Practical [PSU]
# name 4 = tv290C: Temperature [ITS-90, deg C]
# name 5 = bpos: Bottle Position in Carousel
# name 6 = nbf: Bottles Fired
# name 7 = flag:  0.000e+00
# span 0 =   998.8362,  1026.4946                 
# span 1 =      0.022,     99.509                 
# span 2 =      0.022,    100.348                 
# span 3 =     0.0000,    32.9626                 
# span 4 =     3.0902,    17.7788                 
# span 5 =          0,          6                 
# span 6 =          0,          6                 
# span 7 = 0.0000e+00, 0.0000e+00                 
# interval = seconds: 0.25
# start_time = Aug 09 2021 12:38:12 [Instrument's time stamp, header]
# bad_flag = -9.990e-29
*END*
[from data line 2517]
  1026.4695     97.642     98.465    32.7803     4.1064          1          1  0.000e+00
  1026.4689     97.718     98.541    32.7790     4.1058          1          1  0.000e+00
  1026.4706     97.841     98.665    32.7803     4.1049          1          1  0.000e+00
  1026.4719     98.003     98.828    32.7809     4.1045          1          1  0.000e+00
  1026.4729     98.180     99.007    32.7811     4.1041          1          1  0.000e+00
  1026.4747     98.368     99.196    32.7823     4.1040          1          1  0.000e+00
  1026.4750     98.540     99.371    32.7817     4.1042          1          1  0.000e+00
  1026.4750     98.688     99.519    32.7807     4.1043          1          1  0.000e+00
  1026.4759     98.791     99.623    32.7812     4.1040          1          1  0.000e+00
  1026.4771     98.847     99.680    32.7824     4.1040          1          1  0.000e+00
  1026.4774     98.848     99.681    32.7828     4.1042          1          1  0.000e+00
  1026.4771     98.790     99.622    32.7828     4.1047          1          1  0.000e+00
  1026.4769     98.679     99.511    32.7833     4.1053          1          1  0.000e+00
  1026.4755     98.528     99.358    32.7825     4.1059          1          1  0.000e+00
  1026.4742     98.356     99.185    32.7819     4.1064          1          1  0.000e+00
  1026.4732     98.190     99.018    32.7817     4.1066          1          1  0.000e+00
  1026.4723     98.057     98.883    32.7814     4.1065          1          1  0.000e+00
  1026.4717     97.971     98.796    32.7812     4.1064          1          1  0.000e+00
  1026.4716     97.935     98.760    32.7811     4.1062          1          1  0.000e+00
  1026.4715     97.951     98.776    32.7809     4.1058          1          1  0.000e+00
  1026.4717     98.010     98.836    32.7807     4.1056          1          1  0.000e+00
  1026.4722     98.095     98.922    32.7809     4.1052          1          1  0.000e+00
  1026.4729     98.181     99.008    32.7811     4.1049          1          1  0.000e+00
  1026.4734     98.253     99.081    32.7814     4.1046          1          1  0.000e+00
  1026.4736     98.302     99.130    32.7812     4.1044          1          1  0.000e+00
  1026.4739     98.318     99.146    32.7816     4.1044          1          1  0.000e+00
  1026.4742     98.304     99.132    32.7820     4.1044          1          1  0.000e+00
  1026.4742     98.259     99.087    32.7823     4.1046          1          1  0.000e+00
  1026.4735     98.203     99.031    32.7818     4.1049          1          1  0.000e+00
  1026.4734     98.143     98.970    32.7820     4.1053          1          1  0.000e+00
  1026.4728     98.096     98.923    32.7816     4.1056          1          1  0.000e+00
  1026.4728     98.075     98.901    32.7818     4.1057          1          1  0.000e+00
  1026.4726     98.074     98.900    32.7815     4.1059          1          1  0.000e+00
  1026.4717     98.092     98.918    32.7803     4.1058          1          1  0.000e+00
  1026.4724     98.122     98.948    32.7809     4.1053          1          1  0.000e+00
  1026.4728     98.155     98.982    32.7812     4.1048          1          1  0.000e+00
  1026.4723     98.182     99.009    32.7804     4.1046          1          1  0.000e+00
  1026.4717     98.201     99.029    32.7795     4.1044          1          1  0.000e+00
  1026.4713     98.211     99.038    32.7789     4.1038          1          1  0.000e+00
  1026.4719     98.210     99.037    32.7796     4.1032          1          1  0.000e+00
  1026.4728     98.209     99.036    32.7806     4.1029          1          1  0.000e+00
  1026.4724     98.217     99.045    32.7801     4.1029          1          1  0.000e+00
  1026.4730     98.238     99.066    32.7807     4.1027          1          1  0.000e+00
  1026.4729     98.274     99.102    32.7803     4.1028          1          1  0.000e+00
  1026.4722     98.320     99.148    32.7792     4.1027          1          1  0.000e+00
  1026.4716     98.370     99.199    32.7781     4.1022          1          1  0.000e+00
  1026.4722     98.406     99.235    32.7785     4.1015          1          1  0.000e+00
  1026.4746     98.426     99.255    32.7814     4.1010          1          1  0.000e+00
  1026.4753     98.429     99.259    32.7822     4.1013          1          1  0.000e+00
  1026.4749     98.416     99.246    32.7820     4.1020          1          1  0.000e+00
  1026.4744     98.387     99.216    32.7816     4.1026          1          1  0.000e+00
  1026.4738     98.350     99.178    32.7811     4.1034          1          1  0.000e+00
  1026.4734     98.307     99.136    32.7809     4.1036          1          1  0.000e+00
  1026.4732     98.261     99.089    32.7810     4.1038          1          1  0.000e+00
  1026.4725     98.214     99.042    32.7804     4.1040          1          1  0.000e+00
  1026.4722     98.171     98.998    32.7803     4.1039          1          1  0.000e+00
  1026.4722     98.124     98.951    32.7805     4.1038          1          1  0.000e+00
  1026.4722     98.076     98.903    32.7808     4.1038          1          1  0.000e+00
  1026.4720     98.034     98.860    32.7807     4.1039          1          1  0.000e+00
  1026.4717     97.996     98.821    32.7807     4.1040          1          1  0.000e+00
  1026.4718     97.971     98.797    32.7809     4.1040          1          1  0.000e+00
  1026.4720     97.965     98.790    32.7812     4.1040          1          1  0.000e+00
  1026.4717     97.978     98.803    32.7808     4.1042          1          1  0.000e+00
  1026.4715     98.013     98.838    32.7803     4.1042          1          1  0.000e+00
  1026.4717     98.075     98.902    32.7801     4.1041          1          1  0.000e+00
  1026.4718     98.159     98.986    32.7797     4.1037          1          1  0.000e+00
  1026.4730     98.253     99.081    32.7807     4.1032          1          1  0.000e+00
  1026.4737     98.357     99.186    32.7809     4.1031          1          1  0.000e+00
  1026.4748     98.455     99.284    32.7817     4.1030          1          1  0.000e+00
  1026.4747     98.538     99.368    32.7812     4.1030          1          1  0.000e+00
  1026.4748     98.597     99.428    32.7809     4.1030          1          1  0.000e+00
  1026.4748     98.631     99.462    32.7806     4.1030          1          1  0.000e+00
  1026.4758     98.630     99.461    32.7819     4.1028          1          1  0.000e+00
  1026.4758     98.598     99.429    32.7821     4.1030          1          1  0.000e+00
  1026.4753     98.536     99.367    32.7819     4.1036          1          1  0.000e+00
  1026.4748     98.453     99.282    32.7819     4.1042          1          1  0.000e+00
  1026.4735     98.355     99.184    32.7809     4.1047          1          1  0.000e+00
  1026.4725     98.252     99.080    32.7803     4.1049          1          1  0.000e+00
  1026.4725     98.159     98.986    32.7809     4.1048          1          1  0.000e+00
  1026.4722     98.082     98.908    32.7809     4.1049          1          1  0.000e+00
  1026.4719     98.020     98.846    32.7809     4.1052          1          1  0.000e+00
  1026.4710     97.984     98.810    32.7799     4.1052          1          1  0.000e+00
  1026.4705     97.968     98.794    32.7795     4.1050          1          1  0.000e+00
  1026.4709     97.969     98.795    32.7799     4.1046          1          1  0.000e+00
  1026.4711     97.976     98.801    32.7801     4.1042          1          1  0.000e+00
  1026.4716     97.987     98.813    32.7805     4.1037          1          1  0.000e+00
  1026.4717     98.003     98.829    32.7806     4.1037          1          1  0.000e+00
  1026.4721     98.011     98.836    32.7810     4.1034          1          1  0.000e+00
  1026.4719     98.014     98.840    32.7807     4.1035          1          1  0.000e+00
  1026.4715     98.018     98.844    32.7802     4.1034          1          1  0.000e+00
  1026.4715     98.015     98.841    32.7802     4.1034          1          1  0.000e+00
  1026.4714     98.009     98.834    32.7801     4.1032          1          1  0.000e+00
  1026.4712     98.007     98.833    32.7798     4.1032          1          1  0.000e+00
  1026.4711     98.013     98.839    32.7797     4.1030          1          1  0.000e+00
  1026.4713     98.025     98.851    32.7798     4.1028          1          1  0.000e+00
  1026.4714     98.052     98.878    32.7798     4.1028          1          1  0.000e+00
  1026.4712     98.097     98.923    32.7793     4.1026          1          1  0.000e+00
  1026.4716     98.159     98.986    32.7793     4.1023          1          1  0.000e+00
  1026.4719     98.244     99.072    32.7792     4.1020          1          1  0.000e+00
  1026.4732     98.340     99.169    32.7802     4.1015          1          1  0.000e+00
  1026.4739     98.445     99.275    32.7804     4.1013          1          1  0.000e+00
  1026.4745     98.550     99.381    32.7805     4.1013          1          1  0.000e+00
  1026.4746     98.649     99.480    32.7800     4.1013          1          1  0.000e+00
  1026.4747     98.733     99.565    32.7797     4.1012          1          1  0.000e+00
  1026.4759     98.788     99.620    32.7809     4.1011          1          1  0.000e+00
  1026.4765     98.807     99.640    32.7816     4.1013          1          1  0.000e+00
  1026.4765     98.776     99.609    32.7818     4.1016          1          1  0.000e+00
  1026.4760     98.690     99.522    32.7817     4.1022          1          1  0.000e+00
  1026.4753     98.547     99.378    32.7818     4.1029          1          1  0.000e+00
  1026.4732     98.365     99.194    32.7803     4.1035          1          1  0.000e+00
  1026.4717     98.155     98.982    32.7796     4.1038          1          1  0.000e+00
  1026.4705     97.950     98.776    32.7794     4.1037          1          1  0.000e+00
  1026.4695     97.770     98.594    32.7791     4.1034          1          1  0.000e+00
  1026.4690     97.643     98.465    32.7792     4.1030          1          1  0.000e+00
  1026.4685     97.568     98.389    32.7789     4.1027          1          1  0.000e+00
  1026.4682     97.553     98.375    32.7786     4.1023          1          1  0.000e+00
  1026.4680     97.577     98.399    32.7782     4.1018          1          1  0.000e+00
  1026.4676     97.650     98.473    32.7772     4.1012          1          1  0.000e+00
  1026.4678     97.748     98.571    32.7767     4.1003          1          1  0.000e+00
  1026.4692     97.862     98.687    32.7776     4.0994          1          1  0.000e+00
  1026.4715     97.973     98.798    32.7798     4.0988          1          1  0.000e+00
  1026.4716     98.074     98.901    32.7794     4.0989          1          1  0.000e+00
  1026.4722     98.159     98.986    32.7797     4.0991          1          1  0.000e+00
  1026.4720     98.224     99.052    32.7790     4.0992          1          1  0.000e+00
  1026.4734     98.263     99.091    32.7806     4.0993          1          1  0.000e+00
  1026.4738     98.277     99.105    32.7811     4.0995          1          1  0.000e+00
  1026.4735     98.274     99.102    32.7808     4.1000          1          1  0.000e+00
  1026.4733     98.257     99.085    32.7807     4.1005          1          1  0.000e+00
  1026.4728     98.239     99.067    32.7801     4.1009          1          1  0.000e+00
  1026.4738     98.235     99.062    32.7815     4.1012          1          1  0.000e+00
  1026.4750     98.245     99.073    32.7830     4.1015          1          1  0.000e+00
  1026.4747     98.279     99.107    32.7825     4.1023          1          1  0.000e+00
  1026.4746     98.329     99.157    32.7821     4.1029          1          1  0.000e+00
  1026.4752     98.386     99.215    32.7826     4.1031          1          1  0.000e+00
  1026.4754     98.434     99.263    32.7826     4.1033          1          1  0.000e+00
  1026.4751     98.462     99.291    32.7821     4.1035          1          1  0.000e+00
  1026.4749     98.458     99.288    32.7818     4.1036          1          1  0.000e+00
  1026.4756     98.414     99.243    32.7830     4.1037          1          1  0.000e+00
  1026.4747     98.328     99.156    32.7825     4.1042          1          1  0.000e+00
  1026.4740     98.209     99.037    32.7823     4.1046          1          1  0.000e+00
  1026.4729     98.068     98.894    32.7819     4.1049          1          1  0.000e+00
  1026.4717     97.922     98.747    32.7812     4.1049          1          1  0.000e+00
  1026.4709     97.783     98.607    32.7810     4.1049          1          1  0.000e+00
  1026.4705     97.663     98.486    32.7812     4.1048          1          1  0.000e+00
  1026.4702     97.570     98.392    32.7813     4.1046          1          1  0.000e+00
  1026.4697     97.506     98.328    32.7811     4.1046          1          1  0.000e+00
  1026.4691     97.477     98.298    32.7805     4.1044          1          1  0.000e+00
  1026.4692     97.474     98.296    32.7806     4.1039          1          1  0.000e+00
  1026.4686     97.514     98.335    32.7795     4.1035          1          1  0.000e+00
  1026.4683     97.587     98.409    32.7787     4.1029          1          1  0.000e+00
  1026.4693     97.689     98.512    32.7792     4.1019          1          1  0.000e+00
  1026.4686     97.808     98.632    32.7775     4.1012          1          1  0.000e+00
  1026.4717     97.946     98.771    32.7804     4.1001          1          1  0.000e+00
  1026.4745     98.094     98.920    32.7831     4.0999          1          1  0.000e+00
  1026.4752     98.243     99.071    32.7832     4.1004          1          1  0.000e+00
  1026.4750     98.387     99.216    32.7821     4.1013          1          1  0.000e+00
  1026.4755     98.509     99.339    32.7821     4.1016          1          1  0.000e+00
  1026.4758     98.599     99.430    32.7819     4.1018          1          1  0.000e+00
  1026.4760     98.643     99.474    32.7820     4.1021          1          1  0.000e+00
  1026.4764     98.640     99.471    32.7825     4.1021          1          1  0.000e+00
  1026.4760     98.589     99.420    32.7824     4.1027          1          1  0.000e+00
  1026.4751     98.493     99.323    32.7819     4.1030          1          1  0.000e+00
  1026.4745     98.374     99.203    32.7819     4.1033          1          1  0.000e+00
  1026.4734     98.240     99.068    32.7812     4.1036          1          1  0.000e+00
  1026.4726     98.114     98.941    32.7810     4.1036          1          1  0.000e+00
  1026.4722     98.009     98.835    32.7811     4.1036          1          1  0.000e+00
  1026.4715     97.927     98.752    32.7808     4.1035          1          1  0.000e+00
  1026.4713     97.875     98.700    32.7808     4.1034          1          1  0.000e+00
  1026.4710     97.845     98.669    32.7806     4.1032          1          1  0.000e+00
  1026.4705     97.831     98.655    32.7800     4.1029          1          1  0.000e+00
  1026.4706     97.820     98.644    32.7801     4.1025          1          1  0.000e+00
  1026.4707     97.802     98.626    32.7803     4.1021          1          1  0.000e+00
  1026.4706     97.776     98.599    32.7803     4.1019          1          1  0.000e+00
  1026.4711     97.734     98.558    32.7811     4.1016          1          1  0.000e+00
  1026.4708     97.692     98.515    32.7810     4.1017          1          1  0.000e+00
  1026.4705     97.648     98.471    32.7810     4.1020          1          1  0.000e+00
  1026.4697     97.619     98.441    32.7801     4.1020          1          1  0.000e+00
  1026.4689     97.608     98.430    32.7792     4.1019          1          1  0.000e+00
  1026.4688     97.630     98.453    32.7788     4.1014          1          1  0.000e+00
