data/eDNA/PER-2021-171/171b027.cnv
* Sea-Bird SBE19plus  Data File:
* FileName = C:\Users\RSG_field\Ryan_2021_Perley\CTD\171b027.hex
* Software version 2.3.0 SB_Terminal.dll
* Temperature SN = 7141
* Conductivity SN = 7141
* System UpLoad Time = Aug 18 2021 11:29:18
* <ApplicationData>
* <SeatermAF>
** Platform: M. Perley
** Cruise: Per2021171
** Station:  SAB_03
** Cast: 01 2
** Latitude: N  45 50.659
** Longitude: W 60 05.204
** Sounding: 34.9
** Chief Scientist: Ryan Stanley
** Comment: 171b027
# nquan = 8
# nvalues = 2151                                  
# units = specified
# name 0 = density00: Density [density, kg/m^3]
# name 1 = depSM: Depth [salt water, m], lat = 45.00
# name 2 = prdM: Pressure, Strain Gauge [db]
# name 3 = sal00: Salinity, Practical [PSU]
# name 4 = tv290C: Temperature [ITS-90, deg C]
# name 5 = bpos: Bottle Position in Carousel
# name 6 = nbf: Bottles Fired
# name 7 = flag:  0.000e+00
# span 0 =   998.9963,  1024.8352                 
# span 1 =      0.004,     35.267                 
# span 2 =      0.004,     35.559                 
# span 3 =     0.0080,    31.3108                 
# span 4 =     5.6227,    18.3704                 
# span 5 =          0,          3                 
# span 6 =          0,          3                 
# span 7 = 0.0000e+00, 0.0000e+00                 
# interval = seconds: 0.25
# start_time = Aug 18 2021 14:17:57 [Instrument's time stamp, header]
# bad_flag = -9.990e-29
*END*
[from data line 1079]
  1024.7202     33.804     34.083    31.2102     5.9746          0          0  0.000e+00
  1024.7096     33.789     34.068    31.1982     5.9840          0          0  0.000e+00
  1024.7068     33.771     34.050    31.1953     5.9870          0          0  0.000e+00
  1024.7053     33.753     34.032    31.1938     5.9887          0          0  0.000e+00
  1024.7041     33.747     34.026    31.1924     5.9895          0          0  0.000e+00
  1024.7078     33.742     34.021    31.1974     5.9912          0          0  0.000e+00
  1024.7068     33.749     34.028    31.1969     5.9973          0          0  0.000e+00
  1024.6954     33.755     34.034    31.1841     6.0080          0          0  0.000e+00
  1024.6799     33.764     34.043    31.1653     6.0138          0          0  0.000e+00
  1024.6857     33.775     34.054    31.1717     6.0087          0          0  0.000e+00
  1024.6904     33.786     34.065    31.1771     6.0050          0          0  0.000e+00
  1024.6919     33.800     34.079    31.1790     6.0054          0          0  0.000e+00
  1024.6920     33.818     34.097    31.1795     6.0087          0          0  0.000e+00
  1024.6846     33.838     34.118    31.1705     6.0124          0          0  0.000e+00
  1024.6842     33.867     34.147    31.1700     6.0132          0          0  0.000e+00
  1024.6775     33.893     34.173    31.1612     6.0121          0          0  0.000e+00
  1024.6788     33.918     34.199    31.1616     6.0045          0          0  0.000e+00
  1024.6840     33.940     34.220    31.1664     5.9935          0          0  0.000e+00
  1024.6907     33.959     34.239    31.1732     5.9837          0          0  0.000e+00
  1024.6954     33.977     34.258    31.1778     5.9753          0          0  0.000e+00
  1024.6990     33.994     34.275    31.1812     5.9682          0          0  0.000e+00
  1024.6985     34.007     34.289    31.1796     5.9620          0          0  0.000e+00
  1024.7032     34.019     34.300    31.1841     5.9532          0          0  0.000e+00
  1024.6981     34.029     34.310    31.1759     5.9419          0          0  0.000e+00
  1024.7148     34.032     34.313    31.1944     5.9240          0          0  0.000e+00
  1024.7271     34.028     34.309    31.2080     5.9110          0          0  0.000e+00
  1024.7443     34.015     34.296    31.2290     5.9051          0          0  0.000e+00
  1024.7376     33.999     34.280    31.2210     5.9080          0          0  0.000e+00
  1024.7411     33.984     34.265    31.2257     5.9090          0          0  0.000e+00
  1024.7461     33.970     34.251    31.2326     5.9116          0          0  0.000e+00
  1024.7385     33.956     34.237    31.2242     5.9197          0          0  0.000e+00
  1024.7293     33.943     34.223    31.2138     5.9269          0          0  0.000e+00
  1024.7332     33.930     34.210    31.2193     5.9303          0          0  0.000e+00
  1024.7331     33.910     34.190    31.2202     5.9369          0          0  0.000e+00
  1024.7278     33.890     34.170    31.2151     5.9464          0          0  0.000e+00
  1024.7234     33.874     34.154    31.2110     5.9560          0          0  0.000e+00
  1024.7130     33.861     34.141    31.1991     5.9636          0          0  0.000e+00
  1024.7107     33.857     34.137    31.1966     5.9660          0          0  0.000e+00
  1024.7074     33.858     34.138    31.1925     5.9673          0          0  0.000e+00
  1024.7058     33.862     34.142    31.1907     5.9690          0          0  0.000e+00
  1024.7017     33.871     34.151    31.1857     5.9702          0          0  0.000e+00
  1024.6996     33.881     34.161    31.1830     5.9698          0          0  0.000e+00
  1024.7023     33.891     34.171    31.1860     5.9684          0          0  0.000e+00
  1024.7052     33.901     34.182    31.1896     5.9683          0          0  0.000e+00
  1024.7048     33.916     34.197    31.1894     5.9703          0          0  0.000e+00
  1024.7052     33.931     34.212    31.1900     5.9719          0          0  0.000e+00
  1024.6997     33.943     34.223    31.1832     5.9735          0          0  0.000e+00
  1024.7006     33.952     34.233    31.1839     5.9709          0          0  0.000e+00
  1024.6980     33.959     34.239    31.1799     5.9666          0          0  0.000e+00
  1024.7037     33.958     34.238    31.1861     5.9592          0          0  0.000e+00
  1024.7123     33.956     34.237    31.1963     5.9543          0          0  0.000e+00
  1024.7109     33.953     34.234    31.1946     5.9547          0          0  0.000e+00
  1024.7133     33.956     34.237    31.1977     5.9557          0          0  0.000e+00
  1024.7028     33.962     34.243    31.1845     5.9568          0          0  0.000e+00
  1024.7090     33.970     34.251    31.1917     5.9530          0          0  0.000e+00
  1024.7066     33.978     34.259    31.1885     5.9519          0          0  0.000e+00
  1024.7069     33.987     34.268    31.1886     5.9506          0          0  0.000e+00
  1024.7086     34.000     34.281    31.1902     5.9472          0          0  0.000e+00
  1024.7097     34.004     34.285    31.1910     5.9434          0          0  0.000e+00
  1024.7173     34.008     34.290    31.1999     5.9388          0          0  0.000e+00
  1024.7240     34.012     34.293    31.2085     5.9396          0          0  0.000e+00
  1024.7207     34.014     34.295    31.2053     5.9461          0          0  0.000e+00
  1024.7226     34.017     34.298    31.2087     5.9535          0          0  0.000e+00
  1024.7163     34.021     34.302    31.2021     5.9623          0          0  0.000e+00
  1024.7079     34.023     34.305    31.1924     5.9690          0          0  0.000e+00
  1024.7021     34.027     34.309    31.1854     5.9714          0          0  0.000e+00
  1024.6900     34.033     34.314    31.1696     5.9682          0          0  0.000e+00
  1024.6983     34.039     34.321    31.1783     5.9564          0          0  0.000e+00
  1024.7019     34.050     34.331    31.1809     5.9437          0          0  0.000e+00
  1024.7077     34.058     34.340    31.1864     5.9316          0          0  0.000e+00
  1024.7144     34.066     34.347    31.1933     5.9212          0          0  0.000e+00
  1024.7149     34.078     34.360    31.1924     5.9120          0          0  0.000e+00
  1024.7262     34.085     34.367    31.2052     5.9015          0          0  0.000e+00
  1024.7368     34.093     34.375    31.2177     5.8961          0          0  0.000e+00
  1024.7352     34.099     34.380    31.2160     5.8979          0          0  0.000e+00
  1024.7386     34.101     34.383    31.2208     5.9019          0          0  0.000e+00
  1024.7348     34.102     34.384    31.2171     5.9089          0          0  0.000e+00
  1024.7262     34.096     34.378    31.2072     5.9152          0          0  0.000e+00
  1024.7275     34.086     34.368    31.2088     5.9155          0          0  0.000e+00
  1024.7428     34.077     34.359    31.2288     5.9187          0          0  0.000e+00
  1024.7274     34.064     34.345    31.2117     5.9344          0          0  0.000e+00
  1024.7170     34.050     34.331    31.2003     5.9458          0          0  0.000e+00
  1024.7126     34.035     34.316    31.1958     5.9523          0          0  0.000e+00
  1024.7127     34.021     34.302    31.1965     5.9552          0          0  0.000e+00
  1024.7122     34.002     34.283    31.1965     5.9588          0          0  0.000e+00
  1024.7040     33.985     34.266    31.1873     5.9657          0          0  0.000e+00
  1024.7025     33.968     34.249    31.1860     5.9698          0          0  0.000e+00
  1024.7013     33.956     34.237    31.1853     5.9740          0          0  0.000e+00
  1024.6988     33.951     34.232    31.1829     5.9787          0          0  0.000e+00
  1024.6890     33.950     34.231    31.1710     5.9827          0          0  0.000e+00
  1024.6866     33.954     34.235    31.1676     5.9804          0          0  0.000e+00
  1024.6909     33.963     34.244    31.1721     5.9749          0          0  0.000e+00
  1024.6959     33.977     34.257    31.1777     5.9708          0          0  0.000e+00
  1024.6954     33.995     34.276    31.1769     5.9695          0          0  0.000e+00
  1024.6929     34.019     34.300    31.1734     5.9685          0          0  0.000e+00
  1024.6944     34.043     34.325    31.1747     5.9658          0          0  0.000e+00
  1024.6824     34.071     34.353    31.1589     5.9621          0          0  0.000e+00
  1024.6811     34.097     34.379    31.1546     5.9460          0          0  0.000e+00
  1024.6823     34.125     34.407    31.1520     5.9195          0          0  0.000e+00
  1024.7043     34.152     34.434    31.1748     5.8868          0          0  0.000e+00
  1024.7090     34.171     34.453    31.1762     5.8576          0          0  0.000e+00
  1024.7383     34.189     34.471    31.2085     5.8256          0          0  0.000e+00
  1024.7548     34.200     34.483    31.2263     5.8052          0          0  0.000e+00
  1024.7676     34.201     34.484    31.2411     5.7953          0          0  0.000e+00
  1024.7755     34.199     34.482    31.2507     5.7926          0          0  0.000e+00
  1024.7776     34.193     34.476    31.2537     5.7954          0          0  0.000e+00
  1024.7839     34.179     34.462    31.2627     5.8016          0          0  0.000e+00
  1024.7750     34.164     34.447    31.2534     5.8140          0          0  0.000e+00
  1024.7619     34.148     34.431    31.2383     5.8229          0          0  0.000e+00
  1024.7645     34.132     34.415    31.2419     5.8241          0          0  0.000e+00
  1024.7632     34.113     34.395    31.2409     5.8287          0          0  0.000e+00
  1024.7579     34.096     34.378    31.2353     5.8352          0          0  0.000e+00
  1024.7582     34.077     34.359    31.2363     5.8381          0          0  0.000e+00
  1024.7456     34.064     34.345    31.2207     5.8402          0          0  0.000e+00
  1024.7406     34.055     34.337    31.2134     5.8333          0          0  0.000e+00
  1024.7404     34.052     34.333    31.2113     5.8211          0          0  0.000e+00
  1024.7674     34.047     34.328    31.2433     5.8058          0          0  0.000e+00
  1024.7779     34.044     34.326    31.2565     5.8053          0          0  0.000e+00
  1024.7573     34.043     34.325    31.2322     5.8178          0          0  0.000e+00
  1024.7301     34.044     34.326    31.1987     5.8241          0          0  0.000e+00
  1024.7428     34.049     34.330    31.2120     5.8051          0          0  0.000e+00
  1024.7728     34.059     34.341    31.2468     5.7844          0          0  0.000e+00
  1024.7813     34.072     34.354    31.2572     5.7816          0          0  0.000e+00
  1024.7751     34.086     34.368    31.2504     5.7892          0          0  0.000e+00
  1024.7731     34.098     34.380    31.2491     5.7985          0          0  0.000e+00
  1024.7733     34.111     34.393    31.2506     5.8075          0          0  0.000e+00
  1024.7709     34.119     34.401    31.2494     5.8205          0          0  0.000e+00
  1024.7579     34.128     34.410    31.2355     5.8372          0          0  0.000e+00
  1024.7419     34.139     34.421    31.2170     5.8493          0          0  0.000e+00
  1024.7306     34.151     34.434    31.2030     5.8522          0          0  0.000e+00
  1024.7251     34.165     34.448    31.1947     5.8440          0          0  0.000e+00
  1024.7364     34.178     34.461    31.2064     5.8273          0          0  0.000e+00
  1024.7416     34.185     34.468    31.2106     5.8108          0          0  0.000e+00
  1024.7514     34.188     34.470    31.2204     5.7944          0          0  0.000e+00
  1024.7623     34.183     34.466    31.2323     5.7807          0          0  0.000e+00
  1024.7715     34.178     34.461    31.2425     5.7710          0          0  0.000e+00
  1024.7811     34.171     34.453    31.2540     5.7662          0          0  0.000e+00
  1024.7872     34.163     34.446    31.2619     5.7671          0          0  0.000e+00
  1024.7782     34.156     34.438    31.2515     5.7738          0          0  0.000e+00
  1024.7711     34.146     34.429    31.2429     5.7757          0          0  0.000e+00
  1024.7853     34.141     34.423    31.2605     5.7727          0          0  0.000e+00
  1024.7794     34.132     34.415    31.2539     5.7778          0          0  0.000e+00
  1024.7872     34.127     34.409    31.2648     5.7852          0          0  0.000e+00
  1024.7767     34.122     34.404    31.2535     5.7983          0          0  0.000e+00
  1024.7696     34.119     34.401    31.2464     5.8113          0          0  0.000e+00
  1024.7650     34.117     34.399    31.2424     5.8237          0          0  0.000e+00
  1024.7602     34.114     34.396    31.2382     5.8358          0          0  0.000e+00
  1024.7576     34.113     34.395    31.2370     5.8495          0          0  0.000e+00
  1024.7498     34.113     34.395    31.2294     5.8654          0          0  0.000e+00
  1024.7416     34.115     34.398    31.2211     5.8785          0          0  0.000e+00
  1024.7301     34.121     34.403    31.2078     5.8879          0          0  0.000e+00
  1024.7248     34.133     34.416    31.2014     5.8909          0          0  0.000e+00
  1024.7236     34.141     34.423    31.1999     5.8906          0          0  0.000e+00
  1024.7201     34.149     34.432    31.1954     5.8906          0          0  0.000e+00
  1024.7275     34.155     34.437    31.2044     5.8881          0          0  0.000e+00
  1024.7339     34.163     34.446    31.2126     5.8898          0          0  0.000e+00
  1024.7215     34.165     34.448    31.1977     5.8947          0          0  0.000e+00
  1024.7133     34.172     34.454    31.1868     5.8916          0          0  0.000e+00
  1024.7118     34.175     34.457    31.1832     5.8803          0          0  0.000e+00
  1024.7185     34.178     34.461    31.1891     5.8631          0          0  0.000e+00
  1024.7360     34.177     34.460    31.2087     5.8458          0          0  0.000e+00
  1024.7364     34.175     34.457    31.2076     5.8352          0          0  0.000e+00
  1024.7399     34.171     34.453    31.2104     5.8240          0          0  0.000e+00
  1024.7472     34.164     34.447    31.2177     5.8101          0          0  0.000e+00
  1024.7578     34.160     34.442    31.2293     5.7985          0          0  0.000e+00
  1024.7614     34.157     34.439    31.2330     5.7921          0          0  0.000e+00
  1024.7540     34.156     34.438    31.2229     5.7877          0          0  0.000e+00
  1024.7574     34.157     34.439    31.2255     5.7764          0          0  0.000e+00
  1024.7658     34.155     34.437    31.2341     5.7624          0          0  0.000e+00
  1024.7796     34.155     34.437    31.2500     5.7508          0          0  0.000e+00
  1024.7867     34.156     34.438    31.2584     5.7477          0          0  0.000e+00
  1024.7879     34.158     34.440    31.2604     5.7508          0          0  0.000e+00
  1024.7789     34.163     34.446    31.2497     5.7556          0          0  0.000e+00
  1024.7780     34.167     34.450    31.2485     5.7552          0          0  0.000e+00
  1024.7767     34.170     34.452    31.2463     5.7516          0          0  0.000e+00
  1024.7823     34.174     34.456    31.2526     5.7468          0          0  0.000e+00
  1024.7807     34.174     34.456    31.2501     5.7434          0          0  0.000e+00
  1024.7856     34.172     34.454    31.2559     5.7403          0          0  0.000e+00
  1024.7891     34.173     34.455    31.2601     5.7390          0          0  0.000e+00
