data/eDNA/PER-2021-171/171b021.cnv
* Sea-Bird SBE19plus  Data File:
* FileName = C:\Users\RSG_field\Ryan_2021_Perley\CTD\171b021.hex
* Software version 2.3.0 SB_Terminal.dll
* Temperature SN = 7141
* Conductivity SN = 7141
* System UpLoad Time = Aug 17 2021 13:38:31
* <ApplicationData>
* <SeatermAF>
** Platform: M. Perley
** Cruise: Per2021171
** Station:  SAB_06
** Cast: 01 2
** Latitude: N  46 22.081
** Longitude: W 59 05.736
** Sounding: 230
** Chief Scientist: Ryan Stanley
** Comment: 171b021
# nquan = 8
# nvalues = 4910                                  
# units = specified
# name 0 = density00: Density [density, kg/m^3]
# name 1 = depSM: Depth [salt water, m], lat = 45.00
# name 2 = prdM: Pressure, Strain Gauge [db]
# name 3 = sal00: Salinity, Practical [PSU]
# name 4 = tv290C: Temperature [ITS-90, deg C]
# name 5 = bpos: Bottle Position in Carousel
# name 6 = nbf: Bottles Fired
# name 7 = flag:  0.000e+00
# span 0 =   998.9661,  1027.9434                 
# span 1 =     -0.049,    207.784                 
# span 2 =     -0.049,    209.591                 
# span 3 =     0.0081,    34.4168                 
# span 4 =     2.1783,    19.8091                 
# span 5 =          0,          6                 
# span 6 =          0,          6                 
# span 7 = 0.0000e+00, 0.0000e+00                 
# interval = seconds: 0.25
# start_time = Aug 17 2021 16:14:35 [Instrument's time stamp, header]
# bad_flag = -9.990e-29
*END*
[from data line 360]
  1020.4624      1.433      1.445    29.2543    19.7213          0          0  0.000e+00
  1020.4629      1.427      1.439    29.2549    19.7210          0          0  0.000e+00
  1020.4664      1.428      1.440    29.2595    19.7212          0          0  0.000e+00
  1020.4656      1.436      1.448    29.2593    19.7240          0          0  0.000e+00
  1020.4636      1.452      1.464    29.2577    19.7273          0          0  0.000e+00
  1020.4619      1.467      1.479    29.2563    19.7300          0          0  0.000e+00
  1020.4614      1.486      1.498    29.2560    19.7316          0          0  0.000e+00
  1020.4608      1.516      1.528    29.2557    19.7334          0          0  0.000e+00
  1020.4611      1.552      1.565    29.2564    19.7349          0          0  0.000e+00
  1020.4598      1.589      1.602    29.2552    19.7372          0          0  0.000e+00
  1020.4600      1.630      1.644    29.2558    19.7390          0          0  0.000e+00
  1020.4592      1.660      1.674    29.2554    19.7415          0          0  0.000e+00
  1020.4567      1.669      1.682    29.2530    19.7441          0          0  0.000e+00
  1020.4539      1.660      1.674    29.2497    19.7451          0          0  0.000e+00
  1020.4524      1.626      1.640    29.2475    19.7440          0          0  0.000e+00
  1020.4547      1.581      1.594    29.2497    19.7409          0          0  0.000e+00
  1020.4551      1.528      1.540    29.2499    19.7388          0          0  0.000e+00
  1020.4539      1.480      1.492    29.2480    19.7368          0          0  0.000e+00
  1020.4549      1.452      1.464    29.2485    19.7339          0          0  0.000e+00
  1020.4599      1.466      1.478    29.2539    19.7309          0          0  0.000e+00
  1020.4645      1.517      1.529    29.2598    19.7311          0          0  0.000e+00
  1020.4640      1.597      1.610    29.2604    19.7361          0          0  0.000e+00
  1020.4609      1.674      1.688    29.2578    19.7421          0          0  0.000e+00
  1020.4568      1.733      1.747    29.2538    19.7475          0          0  0.000e+00
  1020.4549      1.764      1.778    29.2520    19.7501          0          0  0.000e+00
  1020.4540      1.766      1.781    29.2512    19.7513          0          0  0.000e+00
  1020.4527      1.739      1.753    29.2499    19.7519          0          0  0.000e+00
  1020.4513      1.677      1.691    29.2482    19.7513          0          0  0.000e+00
  1020.4495      1.600      1.613    29.2458    19.7500          0          0  0.000e+00
  1020.4486      1.523      1.536    29.2441    19.7469          0          0  0.000e+00
  1020.4515      1.465      1.477    29.2468    19.7427          0          0  0.000e+00
  1020.4545      1.424      1.435    29.2500    19.7395          0          0  0.000e+00
  1020.4561      1.401      1.413    29.2518    19.7381          0          0  0.000e+00
  1020.4581      1.395      1.407    29.2546    19.7384          0          0  0.000e+00
  1020.4568      1.397      1.409    29.2535    19.7406          0          0  0.000e+00
  1020.4555      1.409      1.420    29.2522    19.7421          0          0  0.000e+00
  1020.4580      1.427      1.439    29.2556    19.7427          0          0  0.000e+00
  1020.4571      1.458      1.470    29.2552    19.7456          0          0  0.000e+00
  1020.4578      1.499      1.511    29.2572    19.7495          0          0  0.000e+00
  1020.4573      1.551      1.564    29.2581    19.7551          0          0  0.000e+00
  1020.4520      1.602      1.615    29.2533    19.7623          0          0  0.000e+00
  1020.4516      1.654      1.667    29.2541    19.7673          0          0  0.000e+00
  1020.4483      1.694      1.708    29.2512    19.7725          0          0  0.000e+00
  1020.4439      1.711      1.725    29.2467    19.7766          0          0  0.000e+00
  1020.4429      1.705      1.719    29.2459    19.7778          0          0  0.000e+00
  1020.4409      1.684      1.698    29.2433    19.7779          0          0  0.000e+00
  1020.4402      1.652      1.665    29.2420    19.7760          0          0  0.000e+00
  1020.4413      1.610      1.623    29.2427    19.7729          0          0  0.000e+00
  1020.4418      1.581      1.593    29.2425    19.7699          0          0  0.000e+00
  1020.4457      1.570      1.583    29.2467    19.7669          0          0  0.000e+00
  1020.4475      1.587      1.600    29.2487    19.7663          0          0  0.000e+00
  1020.4472      1.618      1.631    29.2485    19.7672          0          0  0.000e+00
  1020.4488      1.653      1.666    29.2507    19.7683          0          0  0.000e+00
  1020.4484      1.680      1.694    29.2509    19.7711          0          0  0.000e+00
  1020.4462      1.690      1.704    29.2491    19.7745          0          0  0.000e+00
  1020.4454      1.685      1.699    29.2490    19.7773          0          0  0.000e+00
  1020.4410      1.662      1.676    29.2443    19.7798          0          0  0.000e+00
  1020.4385      1.627      1.640    29.2409    19.7791          0          0  0.000e+00
  1020.4413      1.586      1.599    29.2439    19.7761          0          0  0.000e+00
  1020.4416      1.549      1.561    29.2438    19.7741          0          0  0.000e+00
  1020.4419      1.519      1.531    29.2437    19.7724          0          0  0.000e+00
  1020.4431      1.494      1.506    29.2449    19.7706          0          0  0.000e+00
  1020.4444      1.463      1.475    29.2465    19.7696          0          0  0.000e+00
  1020.4439      1.437      1.449    29.2459    19.7693          0          0  0.000e+00
  1020.4431      1.407      1.418    29.2449    19.7690          0          0  0.000e+00
  1020.4437      1.372      1.383    29.2456    19.7680          0          0  0.000e+00
  1020.4442      1.347      1.358    29.2460    19.7671          0          0  0.000e+00
  1020.4452      1.343      1.354    29.2471    19.7662          0          0  0.000e+00
  1020.4456      1.365      1.376    29.2474    19.7657          0          0  0.000e+00
  1020.4492      1.415      1.427    29.2519    19.7658          0          0  0.000e+00
  1020.4475      1.491      1.504    29.2499    19.7682          0          0  0.000e+00
  1020.4453      1.573      1.586    29.2475    19.7709          0          0  0.000e+00
  1020.4419      1.653      1.666    29.2426    19.7711          0          0  0.000e+00
  1020.4463      1.718      1.732    29.2470    19.7680          0          0  0.000e+00
  1020.4534      1.761      1.775    29.2557    19.7670          0          0  0.000e+00
  1020.4494      1.774      1.789    29.2516    19.7706          0          0  0.000e+00
  1020.4412      1.767      1.781    29.2420    19.7741          0          0  0.000e+00
  1020.4440      1.741      1.755    29.2449    19.7714          0          0  0.000e+00
  1020.4459      1.698      1.712    29.2470    19.7693          0          0  0.000e+00
  1020.4446      1.650      1.664    29.2453    19.7688          0          0  0.000e+00
  1020.4434      1.602      1.615    29.2436    19.7674          0          0  0.000e+00
  1020.4457      1.560      1.573    29.2462    19.7652          0          0  0.000e+00
  1020.4475      1.529      1.541    29.2484    19.7640          0          0  0.000e+00
  1020.4476      1.509      1.522    29.2487    19.7644          0          0  0.000e+00
  1020.4472      1.501      1.513    29.2486    19.7656          0          0  0.000e+00
  1020.4473      1.507      1.520    29.2491    19.7669          0          0  0.000e+00
  1020.4478      1.524      1.537    29.2503    19.7688          0          0  0.000e+00
  1020.4476      1.552      1.565    29.2508    19.7715          0          0  0.000e+00
  1020.4459      1.579      1.592    29.2495    19.7748          0          0  0.000e+00
  1020.4438      1.598      1.612    29.2476    19.7776          0          0  0.000e+00
  1020.4447      1.609      1.622    29.2491    19.7788          0          0  0.000e+00
  1020.4442      1.601      1.614    29.2492    19.7811          0          0  0.000e+00
  1020.4433      1.572      1.585    29.2492    19.7839          0          0  0.000e+00
  1020.4389      1.524      1.537    29.2446    19.7867          0          0  0.000e+00
  1020.4345      1.473      1.485    29.2392    19.7871          0          0  0.000e+00
  1020.4345      1.420      1.432    29.2383    19.7833          0          0  0.000e+00
  1020.4375      1.383      1.395    29.2409    19.7785          0          0  0.000e+00
  1020.4415      1.371      1.382    29.2450    19.7751          0          0  0.000e+00
  1020.4433      1.389      1.400    29.2470    19.7741          0          0  0.000e+00
  1020.4449      1.442      1.453    29.2488    19.7742          0          0  0.000e+00
  1020.4445      1.521      1.533    29.2483    19.7757          0          0  0.000e+00
  1020.4441      1.615      1.629    29.2476    19.7769          0          0  0.000e+00
  1020.4507      1.699      1.713    29.2562    19.7781          0          0  0.000e+00
  1020.4496      1.756      1.771    29.2562    19.7833          0          0  0.000e+00
  1020.4444      1.784      1.799    29.2522    19.7921          0          0  0.000e+00
  1020.4382      1.765      1.779    29.2464    19.7990          0          0  0.000e+00
  1020.4320      1.701      1.715    29.2394    19.8015          0          0  0.000e+00
  1020.4293      1.615      1.629    29.2354    19.7988          0          0  0.000e+00
  1020.4329      1.518      1.530    29.2388    19.7929          0          0  0.000e+00
  1020.4355      1.434      1.446    29.2413    19.7886          0          0  0.000e+00
  1020.4373      1.395      1.406    29.2429    19.7859          0          0  0.000e+00
  1020.4394      1.400      1.412    29.2451    19.7841          0          0  0.000e+00
  1020.4422      1.450      1.462    29.2485    19.7840          0          0  0.000e+00
  1020.4402      1.521      1.533    29.2460    19.7858          0          0  0.000e+00
  1020.4393      1.599      1.613    29.2447    19.7868          0          0  0.000e+00
  1020.4389      1.667      1.681    29.2436    19.7864          0          0  0.000e+00
  1020.4416      1.712      1.726    29.2466    19.7854          0          0  0.000e+00
  1020.4422      1.737      1.751    29.2475    19.7860          0          0  0.000e+00
  1020.4409      1.735      1.749    29.2463    19.7875          0          0  0.000e+00
  1020.4392      1.711      1.725    29.2446    19.7889          0          0  0.000e+00
  1020.4379      1.675      1.688    29.2430    19.7887          0          0  0.000e+00
  1020.4380      1.616      1.630    29.2431    19.7874          0          0  0.000e+00
  1020.4368      1.547      1.560    29.2415    19.7860          0          0  0.000e+00
  1020.4372      1.474      1.486    29.2416    19.7837          0          0  0.000e+00
  1020.4389      1.404      1.416    29.2434    19.7811          0          0  0.000e+00
  1020.4404      1.354      1.365    29.2451    19.7795          0          0  0.000e+00
  1020.4411      1.328      1.339    29.2461    19.7791          0          0  0.000e+00
  1020.4432      1.314      1.325    29.2491    19.7796          0          0  0.000e+00
  1020.4429      1.326      1.337    29.2494    19.7821          0          0  0.000e+00
  1020.4401      1.363      1.374    29.2466    19.7850          0          0  0.000e+00
  1020.4400      1.427      1.438    29.2463    19.7860          0          0  0.000e+00
  1020.4394      1.518      1.530    29.2454    19.7870          0          0  0.000e+00
  1020.4403      1.612      1.625    29.2460    19.7869          0          0  0.000e+00
  1020.4425      1.682      1.696    29.2486    19.7875          0          0  0.000e+00
  1020.4406      1.728      1.742    29.2467    19.7897          0          0  0.000e+00
  1020.4392      1.744      1.758    29.2453    19.7914          0          0  0.000e+00
  1020.4384      1.730      1.744    29.2445    19.7922          0          0  0.000e+00
  1020.4371      1.681      1.695    29.2431    19.7921          0          0  0.000e+00
  1020.4362      1.620      1.633    29.2420    19.7911          0          0  0.000e+00
  1020.4352      1.555      1.568    29.2404    19.7894          0          0  0.000e+00
  1020.4374      1.514      1.526    29.2426    19.7865          0          0  0.000e+00
  1020.4395      1.500      1.512    29.2449    19.7849          0          0  0.000e+00
  1020.4415      1.522      1.534    29.2473    19.7848          0          0  0.000e+00
  1020.4408      1.570      1.583    29.2467    19.7863          0          0  0.000e+00
  1020.4405      1.631      1.645    29.2464    19.7876          0          0  0.000e+00
  1020.4407      1.685      1.699    29.2467    19.7889          0          0  0.000e+00
  1020.4397      1.730      1.744    29.2456    19.7901          0          0  0.000e+00
  1020.4411      1.749      1.763    29.2476    19.7910          0          0  0.000e+00
  1020.4398      1.737      1.751    29.2467    19.7931          0          0  0.000e+00
  1020.4373      1.703      1.717    29.2442    19.7951          0          0  0.000e+00
  1020.4347      1.653      1.667    29.2411    19.7954          0          0  0.000e+00
  1020.4354      1.589      1.602    29.2420    19.7938          0          0  0.000e+00
  1020.4350      1.522      1.534    29.2412    19.7921          0          0  0.000e+00
  1020.4343      1.458      1.470    29.2402    19.7903          0          0  0.000e+00
  1020.4360      1.409      1.420    29.2418    19.7878          0          0  0.000e+00
  1020.4380      1.375      1.386    29.2440    19.7860          0          0  0.000e+00
  1020.4387      1.353      1.364    29.2449    19.7853          0          0  0.000e+00
  1020.4395      1.338      1.348    29.2461    19.7855          0          0  0.000e+00
  1020.4390      1.344      1.355    29.2456    19.7865          0          0  0.000e+00
  1020.4395      1.365      1.376    29.2464    19.7871          0          0  0.000e+00
  1020.4394      1.398      1.409    29.2464    19.7880          0          0  0.000e+00
  1020.4392      1.450      1.462    29.2463    19.7892          0          0  0.000e+00
  1020.4387      1.512      1.525    29.2458    19.7910          0          0  0.000e+00
  1020.4369      1.576      1.589    29.2439    19.7934          0          0  0.000e+00
  1020.4363      1.633      1.647    29.2430    19.7944          0          0  0.000e+00
  1020.4363      1.668      1.682    29.2429    19.7946          0          0  0.000e+00
  1020.4359      1.683      1.697    29.2424    19.7947          0          0  0.000e+00
  1020.4360      1.678      1.691    29.2425    19.7944          0          0  0.000e+00
  1020.4359      1.650      1.664    29.2424    19.7942          0          0  0.000e+00
  1020.4358      1.623      1.636    29.2422    19.7937          0          0  0.000e+00
  1020.4355      1.606      1.619    29.2418    19.7931          0          0  0.000e+00
  1020.4356      1.604      1.617    29.2416    19.7922          0          0  0.000e+00
  1020.4372      1.625      1.638    29.2431    19.7910          0          0  0.000e+00
  1020.4374      1.665      1.679    29.2430    19.7907          0          0  0.000e+00
  1020.4378      1.710      1.724    29.2434    19.7906          0          0  0.000e+00
  1020.4385      1.750      1.764    29.2441    19.7907          0          0  0.000e+00
  1020.4390      1.774      1.789    29.2447    19.7909          0          0  0.000e+00
  1020.4386      1.778      1.793    29.2442    19.7915          0          0  0.000e+00
  1020.4375      1.754      1.768    29.2433    19.7923          0          0  0.000e+00
