data/eDNA/PER-2021-171/171b026.ros
* Sea-Bird SBE19plus  Data File:
* FileName = C:\Users\RSG_field\Ryan_2021_Perley\CTD\171b026.hex
* Software version 2.3.0 SB_Terminal.dll
* Temperature SN = 7141
* Conductivity SN = 7141
* System UpLoad Time = Aug 18 2021 12:46:10
* <ApplicationData>
* <SeatermAF>
** Platform: M. Perley
** Cruise: Per2021171
** Station:  SAB_02
** Cast: 01 2
** Latitude: N  45 50.515
** Longitude: W 60 07.869
** Sounding: 24.2
** Chief Scientist: Ryan Stanley
** Comment: 171b026
# nquan = 9
# nvalues = 27                                    
# units = specified
# name 0 = density00: Density [density, kg/m^3]
# name 1 = depSM: Depth [salt water, m], lat = 45.00
# name 2 = prdM: Pressure, Strain Gauge [db]
# name 3 = sal00: Salinity, Practical [PSU]
# name 4 = tv290C: Temperature [ITS-90, deg C]
# name 5 = bpos: Bottle Position in Carousel
# name 6 = nbf: Bottles Fired
# name 7 = scan: Scan Count
# name 8 = flag:  0.000e+00
# interval = seconds: 0.25
# start_time = Aug 18 2021 15:35:04 [Instrument's time stamp, header]
# bad_flag = -9.990e-29
*END*
  1024.3566     24.097     24.296    30.9613     6.9569          1          1       1440  0.000e+00
  1024.3539     24.092     24.290    30.9579     6.9572          1          1       1441  0.000e+00
  1024.3551     24.087     24.286    30.9592     6.9558          1          1       1442  0.000e+00
  1024.3535     24.084     24.283    30.9569     6.9540          1          1       1443  0.000e+00
  1024.3567     24.080     24.278    30.9607     6.9519          1          1       1444  0.000e+00
  1024.3590     24.073     24.271    30.9636     6.9511          1          1       1445  0.000e+00
  1024.3606     24.065     24.263    30.9657     6.9517          1          1       1446  0.000e+00
  1024.3620     24.064     24.262    30.9678     6.9537          1          1       1447  0.000e+00
  1024.3568     24.065     24.263    30.9616     6.9562          1          1       1448  0.000e+00
  1022.9657     10.751     10.839    30.2707    12.0116          2          2       1866  0.000e+00
  1022.8718     10.636     10.724    30.1900    12.1806          2          2       1867  0.000e+00
  1022.8007     10.523     10.609    30.1356    12.3348          2          2       1868  0.000e+00
  1022.7573     10.410     10.495    30.1095    12.4573          2          2       1869  0.000e+00
  1022.6986     10.299     10.384    30.0617    12.5703          2          2       1870  0.000e+00
  1022.7165     10.191     10.275    30.1091    12.6683          2          2       1871  0.000e+00
  1022.6082     10.084     10.167    29.9994    12.7895          2          2       1872  0.000e+00
  1022.5939      9.982     10.064    30.0001    12.8651          2          2       1873  0.000e+00
  1022.6612      9.880      9.961    30.1035    12.9296          2          2       1874  0.000e+00
  1021.6208      2.783      2.806    29.9650    17.1985          3          3       1934  0.000e+00
  1021.4646      2.660      2.682    29.8369    17.4468          3          3       1935  0.000e+00
  1021.3127      2.536      2.557    29.6957    17.6324          3          3       1936  0.000e+00
  1021.2203      2.407      2.427    29.6072    17.7354          3          3       1937  0.000e+00
  1021.1806      2.275      2.294    29.5700    17.7806          3          3       1938  0.000e+00
  1021.1145      2.143      2.160    29.4866    17.7880          3          3       1939  0.000e+00
  1021.1382      2.015      2.031    29.5066    17.7499          3          3       1940  0.000e+00
  1021.2041      1.876      1.891    29.5836    17.7171          3          3       1941  0.000e+00
  1021.2417      1.738      1.752    29.6368    17.7278          3          3       1942  0.000e+00
