data/eDNA/PER-2021-171/171b013.cnv
* Sea-Bird SBE19plus  Data File:
* FileName = C:\Users\RSG_field\Ryan_2021_Perley\CTD\171b013.hex
* Software version 2.3.0 SB_Terminal.dll
* Temperature SN = 7141
* Conductivity SN = 7141
* System UpLoad Time = Aug 12 2021 11:02:57
* <ApplicationData>
* <SeatermAF>
** Platform: M. Perley
** Cruise: Per2021171
** Station:  ESI_11
** Cast: 01 2
** Latitude: N  44 38.547
** Longitude: W 62 38.417
** Sounding: 70.5
** Chief Scientist: Ryan Stanley
** Comment: 171b013
# nquan = 8
# nvalues = 2891                                  
# units = specified
# name 0 = density00: Density [density, kg/m^3]
# name 1 = depSM: Depth [salt water, m], lat = 45.00
# name 2 = prdM: Pressure, Strain Gauge [db]
# name 3 = sal00: Salinity, Practical [PSU]
# name 4 = tv290C: Temperature [ITS-90, deg C]
# name 5 = bpos: Bottle Position in Carousel
# name 6 = nbf: Bottles Fired
# name 7 = flag:  0.000e+00
# span 0 =   998.6747,  1025.9238                 
# span 1 =     -0.067,     75.631                 
# span 2 =     -0.068,     76.264                 
# span 3 =     0.0086,    32.1516                 
# span 4 =     3.4754,    18.3998                 
# span 5 =          0,          2                 
# span 6 =          0,          2                 
# span 7 = 0.0000e+00, 0.0000e+00                 
# interval = seconds: 0.25
# start_time = Aug 12 2021 13:47:05 [Instrument's time stamp, header]
# bad_flag = -9.990e-29
*END*
[from data line 1439]
  1025.8005     73.793     74.410    32.0085     3.5252          0          0  0.000e+00
  1025.8121     73.970     74.589    32.0217     3.5222          0          0  0.000e+00
  1025.8233     74.161     74.781    32.0344     3.5194          0          0  0.000e+00
  1025.8315     74.311     74.933    32.0435     3.5179          0          0  0.000e+00
  1025.8412     74.399     75.022    32.0552     3.5175          0          0  0.000e+00
  1025.8418     74.465     75.088    32.0556     3.5179          0          0  0.000e+00
  1025.8440     74.516     75.139    32.0582     3.5196          0          0  0.000e+00
  1025.8442     74.557     75.181    32.0584     3.5210          0          0  0.000e+00
  1025.8440     74.559     75.183    32.0583     3.5223          0          0  0.000e+00
  1025.8418     74.541     75.165    32.0558     3.5237          0          0  0.000e+00
  1025.8379     74.482     75.105    32.0516     3.5261          0          0  0.000e+00
  1025.8363     74.408     75.030    32.0502     3.5286          0          0  0.000e+00
  1025.8344     74.311     74.933    32.0489     3.5320          0          0  0.000e+00
  1025.8328     74.215     74.836    32.0477     3.5346          0          0  0.000e+00
  1025.8289     74.118     74.738    32.0435     3.5357          0          0  0.000e+00
  1025.8283     74.042     74.661    32.0430     3.5341          0          0  0.000e+00
  1025.8280     73.977     74.596    32.0428     3.5321          0          0  0.000e+00
  1025.8259     73.934     74.552    32.0402     3.5302          0          0  0.000e+00
  1025.8267     73.919     74.537    32.0410     3.5279          0          0  0.000e+00
  1025.8240     73.920     74.538    32.0374     3.5262          0          0  0.000e+00
  1025.8253     73.941     74.560    32.0387     3.5241          0          0  0.000e+00
  1025.8278     73.976     74.595    32.0414     3.5222          0          0  0.000e+00
  1025.8300     74.027     74.646    32.0438     3.5208          0          0  0.000e+00
  1025.8312     74.083     74.703    32.0448     3.5201          0          0  0.000e+00
  1025.8305     74.147     74.767    32.0435     3.5196          0          0  0.000e+00
  1025.8336     74.218     74.839    32.0469     3.5191          0          0  0.000e+00
  1025.8363     74.285     74.906    32.0499     3.5189          0          0  0.000e+00
  1025.8393     74.347     74.969    32.0532     3.5188          0          0  0.000e+00
  1025.8408     74.394     75.016    32.0549     3.5187          0          0  0.000e+00
  1025.8408     74.414     75.037    32.0547     3.5188          0          0  0.000e+00
  1025.8427     74.406     75.028    32.0572     3.5195          0          0  0.000e+00
  1025.8424     74.369     74.991    32.0573     3.5215          0          0  0.000e+00
  1025.8408     74.309     74.931    32.0560     3.5238          0          0  0.000e+00
  1025.8400     74.239     74.860    32.0556     3.5256          0          0  0.000e+00
  1025.8386     74.171     74.792    32.0545     3.5273          0          0  0.000e+00
  1025.8343     74.116     74.736    32.0495     3.5286          0          0  0.000e+00
  1025.8334     74.090     74.710    32.0486     3.5287          0          0  0.000e+00
  1025.8293     74.094     74.714    32.0433     3.5281          0          0  0.000e+00
  1025.8287     74.119     74.739    32.0422     3.5266          0          0  0.000e+00
  1025.8289     74.164     74.784    32.0420     3.5248          0          0  0.000e+00
  1025.8299     74.217     74.838    32.0427     3.5229          0          0  0.000e+00
  1025.8325     74.269     74.890    32.0454     3.5213          0          0  0.000e+00
  1025.8338     74.318     74.939    32.0466     3.5202          0          0  0.000e+00
  1025.8345     74.365     74.988    32.0472     3.5197          0          0  0.000e+00
  1025.8355     74.407     75.029    32.0482     3.5197          0          0  0.000e+00
  1025.8364     74.445     75.068    32.0492     3.5199          0          0  0.000e+00
  1025.8379     74.485     75.108    32.0508     3.5200          0          0  0.000e+00
  1025.8390     74.523     75.147    32.0520     3.5204          0          0  0.000e+00
  1025.8376     74.559     75.183    32.0501     3.5205          0          0  0.000e+00
  1025.8370     74.592     75.216    32.0491     3.5208          0          0  0.000e+00
  1025.8394     74.614     75.239    32.0520     3.5208          0          0  0.000e+00
  1025.8393     74.620     75.244    32.0518     3.5208          0          0  0.000e+00
  1025.8394     74.604     75.228    32.0521     3.5210          0          0  0.000e+00
  1025.8398     74.564     75.188    32.0529     3.5218          0          0  0.000e+00
  1025.8387     74.503     75.127    32.0520     3.5229          0          0  0.000e+00
  1025.8389     74.424     75.046    32.0529     3.5240          0          0  0.000e+00
  1025.8400     74.335     74.957    32.0550     3.5259          0          0  0.000e+00
  1025.8374     74.242     74.864    32.0527     3.5288          0          0  0.000e+00
  1025.8344     74.162     74.782    32.0497     3.5310          0          0  0.000e+00
  1025.8328     74.099     74.719    32.0481     3.5317          0          0  0.000e+00
  1025.8299     74.061     74.681    32.0446     3.5318          0          0  0.000e+00
  1025.8279     74.052     74.671    32.0421     3.5303          0          0  0.000e+00
  1025.8294     74.071     74.690    32.0434     3.5275          0          0  0.000e+00
  1025.8327     74.111     74.731    32.0471     3.5251          0          0  0.000e+00
  1025.8338     74.165     74.785    32.0481     3.5241          0          0  0.000e+00
  1025.8345     74.225     74.846    32.0486     3.5238          0          0  0.000e+00
  1025.8343     74.279     74.901    32.0479     3.5234          0          0  0.000e+00
  1025.8351     74.323     74.945    32.0485     3.5227          0          0  0.000e+00
  1025.8363     74.359     74.981    32.0498     3.5221          0          0  0.000e+00
  1025.8340     74.389     75.011    32.0468     3.5221          0          0  0.000e+00
  1025.8348     74.419     75.042    32.0475     3.5216          0          0  0.000e+00
  1025.8361     74.448     75.071    32.0489     3.5210          0          0  0.000e+00
  1025.8366     74.488     75.112    32.0493     3.5210          0          0  0.000e+00
  1025.8373     74.529     75.152    32.0500     3.5211          0          0  0.000e+00
  1025.8375     74.576     75.200    32.0498     3.5210          0          0  0.000e+00
  1025.8375     74.622     75.246    32.0496     3.5207          0          0  0.000e+00
  1025.8383     74.662     75.287    32.0504     3.5206          0          0  0.000e+00
  1025.8391     74.700     75.325    32.0511     3.5206          0          0  0.000e+00
  1025.8401     74.723     75.348    32.0523     3.5206          0          0  0.000e+00
  1025.8407     74.727     75.352    32.0530     3.5209          0          0  0.000e+00
  1025.8415     74.712     75.337    32.0540     3.5206          0          0  0.000e+00
  1025.8416     74.676     75.301    32.0544     3.5204          0          0  0.000e+00
  1025.8423     74.619     75.243    32.0556     3.5206          0          0  0.000e+00
  1025.8450     74.545     75.168    32.0595     3.5213          0          0  0.000e+00
  1025.8448     74.461     75.084    32.0601     3.5237          0          0  0.000e+00
  1025.8432     74.373     74.995    32.0589     3.5268          0          0  0.000e+00
  1025.8406     74.290     74.912    32.0564     3.5291          0          0  0.000e+00
  1025.8378     74.221     74.842    32.0535     3.5308          0          0  0.000e+00
  1025.8342     74.165     74.786    32.0494     3.5315          0          0  0.000e+00
  1025.8326     74.137     74.758    32.0475     3.5306          0          0  0.000e+00
  1025.8326     74.134     74.755    32.0473     3.5292          0          0  0.000e+00
  1025.8300     74.162     74.782    32.0436     3.5277          0          0  0.000e+00
  1025.8307     74.218     74.839    32.0440     3.5253          0          0  0.000e+00
  1025.8311     74.298     74.919    32.0437     3.5232          0          0  0.000e+00
  1025.8311     74.395     75.018    32.0430     3.5215          0          0  0.000e+00
  1025.8348     74.497     75.120    32.0468     3.5197          0          0  0.000e+00
  1025.8374     74.592     75.216    32.0494     3.5187          0          0  0.000e+00
  1025.8405     74.668     75.292    32.0528     3.5183          0          0  0.000e+00
  1025.8406     74.715     75.340    32.0526     3.5179          0          0  0.000e+00
  1025.8425     74.733     75.359    32.0549     3.5176          0          0  0.000e+00
  1025.8438     74.725     75.350    32.0565     3.5177          0          0  0.000e+00
  1025.8438     74.692     75.317    32.0568     3.5183          0          0  0.000e+00
  1025.8427     74.651     75.275    32.0557     3.5191          0          0  0.000e+00
  1025.8420     74.608     75.232    32.0553     3.5202          0          0  0.000e+00
  1025.8396     74.581     75.205    32.0526     3.5218          0          0  0.000e+00
  1025.8383     74.570     75.194    32.0511     3.5229          0          0  0.000e+00
  1025.8369     74.580     75.204    32.0493     3.5226          0          0  0.000e+00
  1025.8391     74.604     75.228    32.0517     3.5214          0          0  0.000e+00
  1025.8414     74.640     75.265    32.0544     3.5207          0          0  0.000e+00
  1025.8422     74.678     75.303    32.0551     3.5206          0          0  0.000e+00
  1025.8434     74.712     75.337    32.0564     3.5207          0          0  0.000e+00
  1025.8444     74.724     75.349    32.0575     3.5202          0          0  0.000e+00
  1025.8465     74.717     75.343    32.0602     3.5191          0          0  0.000e+00
  1025.8479     74.674     75.299    32.0621     3.5188          0          0  0.000e+00
  1025.8495     74.606     75.230    32.0646     3.5190          0          0  0.000e+00
  1025.8518     74.512     75.135    32.0681     3.5197          0          0  0.000e+00
  1025.8522     74.410     75.033    32.0696     3.5224          0          0  0.000e+00
  1025.8471     74.307     74.929    32.0641     3.5259          0          0  0.000e+00
  1025.8435     74.222     74.843    32.0603     3.5280          0          0  0.000e+00
  1025.8395     74.164     74.785    32.0557     3.5283          0          0  0.000e+00
  1025.8388     74.141     74.761    32.0548     3.5271          0          0  0.000e+00
  1025.8394     74.160     74.780    32.0553     3.5256          0          0  0.000e+00
  1025.8371     74.212     74.833    32.0520     3.5243          0          0  0.000e+00
  1025.8334     74.295     74.917    32.0466     3.5228          0          0  0.000e+00
  1025.8391     74.404     75.026    32.0529     3.5206          0          0  0.000e+00
  1025.8452     74.521     75.145    32.0596     3.5189          0          0  0.000e+00
  1025.8471     74.638     75.262    32.0612     3.5177          0          0  0.000e+00
  1025.8497     74.745     75.370    32.0637     3.5169          0          0  0.000e+00
  1025.8528     74.837     75.464    32.0670     3.5160          0          0  0.000e+00
  1025.8544     74.901     75.528    32.0685     3.5152          0          0  0.000e+00
  1025.8575     74.935     75.562    32.0721     3.5145          0          0  0.000e+00
  1025.8658     74.941     75.568    32.0824     3.5135          0          0  0.000e+00
  1025.8657     74.930     75.557    32.0822     3.5114          0          0  0.000e+00
  1025.8648     74.899     75.526    32.0811     3.5113          0          0  0.000e+00
  1025.8618     74.862     75.488    32.0777     3.5129          0          0  0.000e+00
  1025.8593     74.821     75.447    32.0752     3.5149          0          0  0.000e+00
  1025.8588     74.781     75.407    32.0750     3.5168          0          0  0.000e+00
  1025.8572     74.747     75.373    32.0733     3.5182          0          0  0.000e+00
  1025.8555     74.709     75.334    32.0715     3.5189          0          0  0.000e+00
  1025.8538     74.667     75.291    32.0697     3.5192          0          0  0.000e+00
  1025.8526     74.616     75.240    32.0684     3.5196          0          0  0.000e+00
  1025.8547     74.557     75.181    32.0715     3.5197          0          0  0.000e+00
  1025.8547     74.492     75.115    32.0719     3.5207          0          0  0.000e+00
  1025.8524     74.422     75.044    32.0696     3.5219          0          0  0.000e+00
  1025.8486     74.350     74.972    32.0654     3.5230          0          0  0.000e+00
  1025.8485     74.286     74.908    32.0657     3.5238          0          0  0.000e+00
  1025.8469     74.233     74.854    32.0642     3.5248          0          0  0.000e+00
  1025.8449     74.200     74.821    32.0619     3.5252          0          0  0.000e+00
  1025.8411     74.188     74.809    32.0572     3.5249          0          0  0.000e+00
  1025.8370     74.202     74.823    32.0517     3.5238          0          0  0.000e+00
  1025.8400     74.247     74.868    32.0551     3.5222          0          0  0.000e+00
  1025.8425     74.323     74.945    32.0578     3.5215          0          0  0.000e+00
  1025.8444     74.420     75.042    32.0595     3.5203          0          0  0.000e+00
  1025.8523     74.538     75.162    32.0684     3.5184          0          0  0.000e+00
  1025.8578     74.660     75.285    32.0744     3.5165          0          0  0.000e+00
  1025.8614     74.780     75.406    32.0781     3.5148          0          0  0.000e+00
  1025.8674     74.889     75.516    32.0846     3.5131          0          0  0.000e+00
  1025.8791     74.986     75.613    32.0985     3.5105          0          0  0.000e+00
  1025.8836     75.058     75.686    32.1033     3.5063          0          0  0.000e+00
  1025.8904     75.109     75.737    32.1112     3.5033          0          0  0.000e+00
  1025.8908     75.141     75.769    32.1113     3.5020          0          0  0.000e+00
  1025.8915     75.135     75.764    32.1122     3.5020          0          0  0.000e+00
  1025.8909     75.119     75.748    32.1118     3.5034          0          0  0.000e+00
  1025.8886     75.069     75.698    32.1094     3.5061          0          0  0.000e+00
  1025.8863     74.998     75.626    32.1071     3.5079          0          0  0.000e+00
  1025.8875     74.919     75.546    32.1093     3.5094          0          0  0.000e+00
  1025.8801     74.834     75.460    32.1011     3.5136          0          0  0.000e+00
  1025.8755     74.739     75.364    32.0961     3.5162          0          0  0.000e+00
  1025.8708     74.635     75.259    32.0908     3.5166          0          0  0.000e+00
  1025.8696     74.531     75.155    32.0900     3.5161          0          0  0.000e+00
  1025.8682     74.433     75.056    32.0887     3.5159          0          0  0.000e+00
  1025.8682     74.346     74.969    32.0893     3.5164          0          0  0.000e+00
  1025.8664     74.274     74.896    32.0876     3.5173          0          0  0.000e+00
  1025.8606     74.223     74.844    32.0807     3.5182          0          0  0.000e+00
  1025.8575     74.200     74.821    32.0769     3.5184          0          0  0.000e+00
  1025.8507     74.199     74.820    32.0684     3.5179          0          0  0.000e+00
  1025.8468     74.231     74.852    32.0632     3.5177          0          0  0.000e+00
  1025.8448     74.290     74.912    32.0604     3.5175          0          0  0.000e+00
