data/eDNA/PER-2021-171/171b013.cnv
* Sea-Bird SBE19plus  Data File:
* FileName = C:\Users\RSG_field\Ryan_2021_Perley\CTD\171b013.hex
* Software version 2.3.0 SB_Terminal.dll
* Temperature SN = 7141
* Conductivity SN = 7141
* System UpLoad Time = Aug 12 2021 11:02:57
* <ApplicationData>
* <SeatermAF>
** Platform: M. Perley
** Cruise: Per2021171
** Station:  ESI_11
** Cast: 01 2
** Latitude: N  44 38.547
** Longitude: W 62 38.417
** Sounding: 70.5
** Chief Scientist: Ryan Stanley
** Comment: 171b013
# nquan = 8
# nvalues = 2891                                  
# units = specified
# name 0 = density00: Density [density, kg/m^3]
# name 1 = depSM: Depth [salt water, m], lat = 45.00
# name 2 = prdM: Pressure, Strain Gauge [db]
# name 3 = sal00: Salinity, Practical [PSU]
# name 4 = tv290C: Temperature [ITS-90, deg C]
# name 5 = bpos: Bottle Position in Carousel
# name 6 = nbf: Bottles Fired
# name 7 = flag:  0.000e+00
# span 0 =   998.6747,  1025.9238                 
# span 1 =     -0.067,     75.631                 
# span 2 =     -0.068,     76.264                 
# span 3 =     0.0086,    32.1516                 
# span 4 =     3.4754,    18.3998                 
# span 5 =          0,          2                 
# span 6 =          0,          2                 
# span 7 = 0.0000e+00, 0.0000e+00                 
# interval = seconds: 0.25
# start_time = Aug 12 2021 13:47:05 [Instrument's time stamp, header]
# bad_flag = -9.990e-29
*END*
[from data line 180]
  1021.7766      3.508      3.537    30.5234    18.3570          0          0  0.000e+00
  1021.7782      3.512      3.541    30.5236    18.3514          0          0  0.000e+00
  1021.7801      3.527      3.556    30.5247    18.3473          0          0  0.000e+00
  1021.7797      3.545      3.574    30.5236    18.3459          0          0  0.000e+00
  1021.7775      3.561      3.590    30.5207    18.3457          0          0  0.000e+00
  1021.7741      3.567      3.597    30.5163    18.3462          0          0  0.000e+00
  1021.7751      3.565      3.595    30.5173    18.3450          0          0  0.000e+00
  1021.7820      3.546      3.575    30.5259    18.3432          0          0  0.000e+00
  1021.7866      3.507      3.536    30.5316    18.3416          0          0  0.000e+00
  1021.7921      3.452      3.480    30.5369    18.3348          0          0  0.000e+00
  1021.7946      3.384      3.412    30.5378    18.3261          0          0  0.000e+00
  1021.7902      3.316      3.343    30.5308    18.3206          0          0  0.000e+00
  1021.7873      3.255      3.281    30.5261    18.3168          0          0  0.000e+00
  1021.7896      3.206      3.232    30.5280    18.3123          0          0  0.000e+00
  1021.7913      3.174      3.200    30.5294    18.3094          0          0  0.000e+00
  1021.7919      3.157      3.183    30.5302    18.3091          0          0  0.000e+00
  1021.7930      3.151      3.177    30.5328    18.3123          0          0  0.000e+00
  1021.7894      3.147      3.172    30.5307    18.3208          0          0  0.000e+00
  1021.7837      3.138      3.164    30.5260    18.3294          0          0  0.000e+00
  1021.7775      3.126      3.152    30.5197    18.3349          0          0  0.000e+00
  1021.7710      3.110      3.135    30.5119    18.3365          0          0  0.000e+00
  1021.7692      3.093      3.118    30.5089    18.3342          0          0  0.000e+00
  1021.7676      3.080      3.105    30.5069    18.3343          0          0  0.000e+00
  1021.7725      3.082      3.107    30.5140    18.3364          0          0  0.000e+00
  1021.7858      3.108      3.134    30.5326    18.3409          0          0  0.000e+00
  1021.7971      3.172      3.198    30.5490    18.3470          0          0  0.000e+00
  1021.8033      3.273      3.300    30.5579    18.3512          0          0  0.000e+00
  1021.8045      3.402      3.430    30.5602    18.3561          0          0  0.000e+00
  1021.8020      3.548      3.577    30.5578    18.3618          0          0  0.000e+00
  1021.7992      3.683      3.713    30.5548    18.3663          0          0  0.000e+00
  1021.7949      3.777      3.808    30.5498    18.3699          0          0  0.000e+00
  1021.7825      3.825      3.856    30.5339    18.3719          0          0  0.000e+00
  1021.7801      3.827      3.858    30.5310    18.3726          0          0  0.000e+00
  1021.7843      3.775      3.806    30.5364    18.3711          0          0  0.000e+00
  1021.7939      3.672      3.702    30.5461    18.3604          0          0  0.000e+00
  1021.8000      3.536      3.565    30.5520    18.3514          0          0  0.000e+00
  1021.8018      3.378      3.405    30.5538    18.3465          0          0  0.000e+00
  1021.8006      3.225      3.251    30.5518    18.3425          0          0  0.000e+00
  1021.7961      3.093      3.118    30.5459    18.3400          0          0  0.000e+00
  1021.7962      2.985      3.010    30.5464    18.3390          0          0  0.000e+00
  1021.7985      2.920      2.944    30.5498    18.3393          0          0  0.000e+00
  1021.8028      2.890      2.914    30.5563    18.3415          0          0  0.000e+00
  1021.8060      2.895      2.919    30.5619    18.3459          0          0  0.000e+00
  1021.8055      2.934      2.958    30.5630    18.3522          0          0  0.000e+00
  1021.8030      2.994      3.018    30.5615    18.3585          0          0  0.000e+00
  1021.8008      3.081      3.106    30.5596    18.3638          0          0  0.000e+00
  1021.7984      3.174      3.200    30.5573    18.3678          0          0  0.000e+00
  1021.7966      3.287      3.313    30.5551    18.3704          0          0  0.000e+00
  1021.7958      3.405      3.433    30.5534    18.3706          0          0  0.000e+00
  1021.7969      3.521      3.550    30.5544    18.3711          0          0  0.000e+00
  1021.7964      3.620      3.650    30.5535    18.3722          0          0  0.000e+00
  1021.7944      3.695      3.725    30.5509    18.3737          0          0  0.000e+00
  1021.7890      3.731      3.761    30.5437    18.3740          0          0  0.000e+00
  1021.7835      3.734      3.764    30.5364    18.3738          0          0  0.000e+00
  1021.7855      3.692      3.723    30.5392    18.3737          0          0  0.000e+00
  1021.7902      3.618      3.648    30.5442    18.3684          0          0  0.000e+00
  1021.7971      3.510      3.539    30.5513    18.3604          0          0  0.000e+00
  1021.8018      3.389      3.417    30.5562    18.3543          0          0  0.000e+00
  1021.8035      3.259      3.286    30.5580    18.3505          0          0  0.000e+00
  1021.8016      3.132      3.157    30.5556    18.3487          0          0  0.000e+00
  1021.7963      3.023      3.047    30.5491    18.3482          0          0  0.000e+00
  1021.7961      2.941      2.965    30.5491    18.3473          0          0  0.000e+00
  1021.7986      2.907      2.931    30.5523    18.3465          0          0  0.000e+00
  1021.8046      2.924      2.948    30.5604    18.3474          0          0  0.000e+00
  1021.8083      2.982      3.007    30.5662    18.3514          0          0  0.000e+00
  1021.8119      3.079      3.104    30.5721    18.3572          0          0  0.000e+00
  1021.8098      3.208      3.234    30.5708    18.3641          0          0  0.000e+00
  1021.8108      3.331      3.358    30.5735    18.3707          0          0  0.000e+00
  1021.8102      3.436      3.464    30.5737    18.3756          0          0  0.000e+00
  1021.8081      3.513      3.542    30.5715    18.3788          0          0  0.000e+00
  1021.8068      3.559      3.588    30.5702    18.3808          0          0  0.000e+00
  1021.8063      3.571      3.600    30.5697    18.3817          0          0  0.000e+00
  1021.8056      3.553      3.582    30.5692    18.3826          0          0  0.000e+00
  1021.8046      3.508      3.537    30.5681    18.3828          0          0  0.000e+00
  1021.8026      3.453      3.481    30.5658    18.3825          0          0  0.000e+00
  1021.8039      3.408      3.436    30.5676    18.3819          0          0  0.000e+00
  1021.8048      3.373      3.401    30.5687    18.3812          0          0  0.000e+00
  1021.8045      3.361      3.388    30.5683    18.3807          0          0  0.000e+00
  1021.8051      3.368      3.396    30.5689    18.3802          0          0  0.000e+00
  1021.8056      3.382      3.410    30.5693    18.3798          0          0  0.000e+00
  1021.8062      3.391      3.419    30.5700    18.3799          0          0  0.000e+00
  1021.8059      3.390      3.418    30.5698    18.3802          0          0  0.000e+00
  1021.8046      3.381      3.409    30.5682    18.3806          0          0  0.000e+00
  1021.8070      3.359      3.386    30.5716    18.3809          0          0  0.000e+00
  1021.8062      3.316      3.343    30.5709    18.3811          0          0  0.000e+00
  1021.8061      3.264      3.291    30.5710    18.3809          0          0  0.000e+00
  1021.8054      3.209      3.235    30.5703    18.3805          0          0  0.000e+00
  1021.8049      3.168      3.194    30.5697    18.3799          0          0  0.000e+00
  1021.8056      3.147      3.172    30.5704    18.3790          0          0  0.000e+00
  1021.8067      3.156      3.182    30.5715    18.3783          0          0  0.000e+00
  1021.8088      3.204      3.230    30.5741    18.3783          0          0  0.000e+00
  1021.8091      3.279      3.306    30.5743    18.3794          0          0  0.000e+00
  1021.8082      3.355      3.383    30.5732    18.3809          0          0  0.000e+00
  1021.8078      3.410      3.438    30.5727    18.3817          0          0  0.000e+00
  1021.8073      3.441      3.469    30.5720    18.3824          0          0  0.000e+00
  1021.8075      3.443      3.472    30.5722    18.3824          0          0  0.000e+00
  1021.8069      3.420      3.448    30.5716    18.3826          0          0  0.000e+00
  1021.8058      3.376      3.403    30.5704    18.3822          0          0  0.000e+00
  1021.8052      3.306      3.333    30.5698    18.3815          0          0  0.000e+00
  1021.8049      3.235      3.261    30.5693    18.3802          0          0  0.000e+00
  1021.8057      3.188      3.214    30.5702    18.3786          0          0  0.000e+00
  1021.8077      3.180      3.207    30.5725    18.3773          0          0  0.000e+00
  1021.8094      3.218      3.244    30.5745    18.3773          0          0  0.000e+00
  1021.8095      3.286      3.313    30.5747    18.3788          0          0  0.000e+00
  1021.8085      3.357      3.385    30.5734    18.3802          0          0  0.000e+00
  1021.8082      3.422      3.450    30.5729    18.3812          0          0  0.000e+00
  1021.8083      3.470      3.498    30.5729    18.3816          0          0  0.000e+00
  1021.8080      3.494      3.523    30.5725    18.3822          0          0  0.000e+00
  1021.8072      3.498      3.527    30.5716    18.3826          0          0  0.000e+00
  1021.8073      3.474      3.503    30.5717    18.3822          0          0  0.000e+00
  1021.8058      3.423      3.451    30.5700    18.3819          0          0  0.000e+00
  1021.8048      3.362      3.389    30.5687    18.3807          0          0  0.000e+00
  1021.8063      3.307      3.334    30.5704    18.3788          0          0  0.000e+00
  1021.8075      3.268      3.295    30.5716    18.3773          0          0  0.000e+00
  1021.8078      3.247      3.274    30.5720    18.3769          0          0  0.000e+00
  1021.8083      3.237      3.263    30.5727    18.3767          0          0  0.000e+00
  1021.8086      3.231      3.258    30.5731    18.3770          0          0  0.000e+00
  1021.8088      3.237      3.263    30.5736    18.3775          0          0  0.000e+00
  1021.8089      3.255      3.281    30.5739    18.3783          0          0  0.000e+00
  1021.8067      3.275      3.302    30.5712    18.3790          0          0  0.000e+00
  1021.8054      3.294      3.321    30.5692    18.3786          0          0  0.000e+00
  1021.8058      3.316      3.343    30.5690    18.3769          0          0  0.000e+00
  1021.8055      3.338      3.366    30.5678    18.3746          0          0  0.000e+00
  1021.8060      3.362      3.389    30.5673    18.3716          0          0  0.000e+00
  1021.8074      3.384      3.412    30.5679    18.3681          0          0  0.000e+00
  1021.8093      3.396      3.423    30.5694    18.3651          0          0  0.000e+00
  1021.8104      3.390      3.418    30.5702    18.3629          0          0  0.000e+00
  1021.8111      3.368      3.396    30.5706    18.3610          0          0  0.000e+00
  1021.8121      3.332      3.359    30.5718    18.3597          0          0  0.000e+00
  1021.8118      3.287      3.314    30.5713    18.3588          0          0  0.000e+00
  1021.8122      3.250      3.277    30.5717    18.3578          0          0  0.000e+00
  1021.8126      3.230      3.257    30.5721    18.3570          0          0  0.000e+00
  1021.8138      3.239      3.265    30.5734    18.3563          0          0  0.000e+00
  1021.8176      3.274      3.301    30.5782    18.3566          0          0  0.000e+00
  1021.8167      3.331      3.358    30.5777    18.3595          0          0  0.000e+00
  1021.8142      3.395      3.422    30.5749    18.3623          0          0  0.000e+00
  1021.8131      3.452      3.480    30.5737    18.3640          0          0  0.000e+00
  1021.8127      3.492      3.521    30.5731    18.3646          0          0  0.000e+00
  1021.8126      3.507      3.536    30.5730    18.3649          0          0  0.000e+00
  1021.8115      3.496      3.525    30.5717    18.3651          0          0  0.000e+00
  1021.8113      3.459      3.488    30.5716    18.3648          0          0  0.000e+00
  1021.8113      3.406      3.434    30.5717    18.3642          0          0  0.000e+00
  1021.8118      3.348      3.375    30.5724    18.3636          0          0  0.000e+00
  1021.8122      3.298      3.325    30.5732    18.3634          0          0  0.000e+00
  1021.8129      3.267      3.294    30.5745    18.3639          0          0  0.000e+00
  1021.8131      3.257      3.283    30.5750    18.3648          0          0  0.000e+00
  1021.8123      3.260      3.287    30.5744    18.3662          0          0  0.000e+00
  1021.8115      3.271      3.297    30.5738    18.3674          0          0  0.000e+00
  1021.8103      3.282      3.309    30.5724    18.3683          0          0  0.000e+00
  1021.8105      3.290      3.317    30.5726    18.3681          0          0  0.000e+00
  1021.8117      3.286      3.313    30.5741    18.3681          0          0  0.000e+00
  1021.8131      3.275      3.302    30.5763    18.3690          0          0  0.000e+00
  1021.8114      3.255      3.281    30.5750    18.3712          0          0  0.000e+00
  1021.8094      3.232      3.259    30.5730    18.3729          0          0  0.000e+00
  1021.8098      3.219      3.245    30.5737    18.3733          0          0  0.000e+00
  1021.8101      3.215      3.242    30.5743    18.3740          0          0  0.000e+00
  1021.8101      3.225      3.251    30.5746    18.3752          0          0  0.000e+00
  1021.8089      3.251      3.278    30.5734    18.3768          0          0  0.000e+00
  1021.8103      3.291      3.318    30.5754    18.3777          0          0  0.000e+00
  1021.8106      3.340      3.368    30.5759    18.3793          0          0  0.000e+00
  1021.8088      3.389      3.417    30.5739    18.3815          0          0  0.000e+00
  1021.8081      3.440      3.468    30.5731    18.3826          0          0  0.000e+00
  1021.8068      3.487      3.515    30.5714    18.3832          0          0  0.000e+00
  1021.8074      3.530      3.559    30.5717    18.3829          0          0  0.000e+00
  1021.8079      3.559      3.588    30.5721    18.3827          0          0  0.000e+00
  1021.8092      3.578      3.607    30.5738    18.3826          0          0  0.000e+00
  1021.8092      3.576      3.605    30.5741    18.3834          0          0  0.000e+00
  1021.8085      3.565      3.594    30.5735    18.3843          0          0  0.000e+00
  1021.8075      3.537      3.565    30.5725    18.3849          0          0  0.000e+00
  1021.8056      3.493      3.522    30.5704    18.3850          0          0  0.000e+00
  1021.8066      3.440      3.468    30.5716    18.3840          0          0  0.000e+00
  1021.8065      3.379      3.406    30.5716    18.3835          0          0  0.000e+00
  1021.8058      3.314      3.341    30.5709    18.3828          0          0  0.000e+00
  1021.8061      3.245      3.272    30.5714    18.3821          0          0  0.000e+00
  1021.8059      3.176      3.202    30.5713    18.3813          0          0  0.000e+00
  1021.8059      3.111      3.137    30.5715    18.3805          0          0  0.000e+00
  1021.8064      3.052      3.077    30.5723    18.3798          0          0  0.000e+00
  1021.8062      2.993      3.017    30.5724    18.3799          0          0  0.000e+00
  1021.8071      2.948      2.972    30.5738    18.3799          0          0  0.000e+00
