data/eDNA/PER-2021-171/171b010.cnv
* Sea-Bird SBE19plus  Data File:
* FileName = C:\Users\RSG_field\Ryan_2021_Perley\CTD\171b010.hex
* Software version 2.3.0 SB_Terminal.dll
* Temperature SN = 7141
* Conductivity SN = 7141
* System UpLoad Time = Aug 11 2021 14:23:34
* <ApplicationData>
* <SeatermAF>
** Platform: M. Perley
** Cruise: Per2021171
** Station:  ESI_14
** Cast: 01 2
** Latitude: N  44 36.596
** Longitude: W 62 55.823
** Sounding: 41.1
** Chief Scientist: Ryan Stanley
** Comment: 171b010
# nquan = 8
# nvalues = 2366                                  
# units = specified
# name 0 = density00: Density [density, kg/m^3]
# name 1 = depSM: Depth [salt water, m], lat = 45.00
# name 2 = prdM: Pressure, Strain Gauge [db]
# name 3 = sal00: Salinity, Practical [PSU]
# name 4 = tv290C: Temperature [ITS-90, deg C]
# name 5 = bpos: Bottle Position in Carousel
# name 6 = nbf: Bottles Fired
# name 7 = flag:  0.000e+00
# span 0 =   998.6525,  1024.4905                 
# span 1 =     -0.036,     29.084                 
# span 2 =     -0.036,     29.324                 
# span 3 =     0.0083,    31.4908                 
# span 4 =     5.9498,    18.4700                 
# span 5 =          0,          4                 
# span 6 =          0,          4                 
# span 7 = 0.0000e+00, 0.0000e+00                 
# interval = seconds: 0.25
# start_time = Aug 11 2021 16:54:54 [Instrument's time stamp, header]
# bad_flag = -9.990e-29
*END*
[from data line 360]
  1021.9584      2.177      2.195    30.7741    18.3724          0          0  0.000e+00
  1021.9579      2.161      2.178    30.7735    18.3724          0          0  0.000e+00
  1021.9577      2.120      2.138    30.7732    18.3716          0          0  0.000e+00
  1021.9556      2.051      2.068    30.7705    18.3706          0          0  0.000e+00
  1021.9523      1.963      1.979    30.7660    18.3680          0          0  0.000e+00
  1021.9551      1.869      1.884    30.7691    18.3648          0          0  0.000e+00
  1021.9576      1.777      1.791    30.7718    18.3612          0          0  0.000e+00
  1021.9591      1.705      1.719    30.7734    18.3588          0          0  0.000e+00
  1021.9606      1.655      1.668    30.7752    18.3577          0          0  0.000e+00
  1021.9606      1.632      1.645    30.7755    18.3578          0          0  0.000e+00
  1021.9620      1.627      1.641    30.7775    18.3583          0          0  0.000e+00
  1021.9626      1.637      1.650    30.7787    18.3597          0          0  0.000e+00
  1021.9608      1.642      1.656    30.7770    18.3618          0          0  0.000e+00
  1021.9583      1.649      1.662    30.7740    18.3633          0          0  0.000e+00
  1021.9578      1.662      1.676    30.7733    18.3632          0          0  0.000e+00
  1021.9564      1.676      1.690    30.7712    18.3623          0          0  0.000e+00
  1021.9571      1.695      1.709    30.7713    18.3603          0          0  0.000e+00
  1021.9589      1.738      1.752    30.7729    18.3584          0          0  0.000e+00
  1021.9621      1.795      1.810    30.7763    18.3571          0          0  0.000e+00
  1021.9641      1.871      1.886    30.7787    18.3580          0          0  0.000e+00
  1021.9622      1.944      1.960    30.7764    18.3600          0          0  0.000e+00
  1021.9597      2.010      2.026    30.7732    18.3613          0          0  0.000e+00
  1021.9599      2.058      2.075    30.7729    18.3605          0          0  0.000e+00
  1021.9609      2.086      2.103    30.7737    18.3593          0          0  0.000e+00
  1021.9626      2.091      2.108    30.7759    18.3595          0          0  0.000e+00
  1021.9617      2.073      2.090    30.7751    18.3599          0          0  0.000e+00
  1021.9614      2.041      2.057    30.7748    18.3599          0          0  0.000e+00
  1021.9606      1.996      2.013    30.7740    18.3599          0          0  0.000e+00
  1021.9603      1.957      1.973    30.7736    18.3592          0          0  0.000e+00
  1021.9607      1.926      1.942    30.7740    18.3584          0          0  0.000e+00
  1021.9629      1.902      1.917    30.7769    18.3578          0          0  0.000e+00
  1021.9632      1.874      1.890    30.7778    18.3585          0          0  0.000e+00
  1021.9624      1.846      1.861    30.7773    18.3600          0          0  0.000e+00
  1021.9607      1.816      1.831    30.7757    18.3615          0          0  0.000e+00
  1021.9576      1.783      1.798    30.7720    18.3619          0          0  0.000e+00
  1021.9577      1.757      1.771    30.7716    18.3601          0          0  0.000e+00
  1021.9604      1.733      1.748    30.7746    18.3577          0          0  0.000e+00
  1021.9613      1.720      1.734    30.7755    18.3567          0          0  0.000e+00
  1021.9611      1.709      1.723    30.7754    18.3568          0          0  0.000e+00
  1021.9604      1.696      1.710    30.7745    18.3565          0          0  0.000e+00
  1021.9603      1.682      1.696    30.7742    18.3561          0          0  0.000e+00
  1021.9622      1.671      1.684    30.7766    18.3556          0          0  0.000e+00
  1021.9634      1.680      1.694    30.7784    18.3564          0          0  0.000e+00
  1021.9630      1.706      1.720    30.7782    18.3580          0          0  0.000e+00
  1021.9619      1.746      1.760    30.7772    18.3601          0          0  0.000e+00
  1021.9605      1.804      1.819    30.7754    18.3611          0          0  0.000e+00
  1021.9602      1.871      1.886    30.7747    18.3613          0          0  0.000e+00
  1021.9598      1.922      1.938    30.7738    18.3610          0          0  0.000e+00
  1021.9530      1.962      1.978    30.7644    18.3605          0          0  0.000e+00
  1021.9523      1.989      2.005    30.7616    18.3546          0          0  0.000e+00
  1021.9606      2.004      2.020    30.7698    18.3468          0          0  0.000e+00
  1021.9666      2.006      2.022    30.7765    18.3435          0          0  0.000e+00
  1021.9692      2.000      2.017    30.7803    18.3444          0          0  0.000e+00
  1021.9668      2.000      2.017    30.7781    18.3473          0          0  0.000e+00
  1021.9636      1.999      2.016    30.7746    18.3494          0          0  0.000e+00
  1021.9605      1.997      2.014    30.7706    18.3493          0          0  0.000e+00
  1021.9636      1.988      2.004    30.7743    18.3483          0          0  0.000e+00
  1021.9636      1.969      1.985    30.7742    18.3479          0          0  0.000e+00
  1021.9636      1.942      1.958    30.7743    18.3475          0          0  0.000e+00
  1021.9635      1.906      1.922    30.7743    18.3473          0          0  0.000e+00
  1021.9636      1.861      1.876    30.7746    18.3471          0          0  0.000e+00
  1021.9629      1.810      1.824    30.7740    18.3469          0          0  0.000e+00
  1021.9623      1.761      1.775    30.7734    18.3466          0          0  0.000e+00
  1021.9618      1.716      1.730    30.7729    18.3461          0          0  0.000e+00
  1021.9628      1.684      1.697    30.7740    18.3449          0          0  0.000e+00
  1021.9636      1.665      1.679    30.7749    18.3444          0          0  0.000e+00
  1021.9642      1.656      1.670    30.7758    18.3444          0          0  0.000e+00
  1021.9645      1.649      1.662    30.7764    18.3451          0          0  0.000e+00
  1021.9639      1.651      1.664    30.7758    18.3459          0          0  0.000e+00
  1021.9635      1.656      1.670    30.7756    18.3465          0          0  0.000e+00
  1021.9633      1.662      1.676    30.7753    18.3469          0          0  0.000e+00
  1021.9630      1.673      1.687    30.7750    18.3472          0          0  0.000e+00
  1021.9632      1.697      1.711    30.7753    18.3475          0          0  0.000e+00
  1021.9643      1.745      1.759    30.7765    18.3482          0          0  0.000e+00
  1021.9651      1.808      1.822    30.7776    18.3493          0          0  0.000e+00
  1021.9660      1.889      1.905    30.7789    18.3511          0          0  0.000e+00
  1021.9668      1.979      1.995    30.7802    18.3536          0          0  0.000e+00
  1021.9658      2.058      2.075    30.7793    18.3565          0          0  0.000e+00
  1021.9639      2.121      2.139    30.7774    18.3593          0          0  0.000e+00
  1021.9642      2.170      2.188    30.7781    18.3610          0          0  0.000e+00
  1021.9629      2.192      2.210    30.7767    18.3627          0          0  0.000e+00
  1021.9619      2.192      2.210    30.7759    18.3640          0          0  0.000e+00
  1021.9614      2.173      2.191    30.7755    18.3645          0          0  0.000e+00
  1021.9595      2.131      2.148    30.7734    18.3648          0          0  0.000e+00
  1021.9572      2.067      2.084    30.7703    18.3638          0          0  0.000e+00
  1021.9573      1.990      2.006    30.7702    18.3613          0          0  0.000e+00
  1021.9600      1.904      1.920    30.7733    18.3584          0          0  0.000e+00
  1021.9606      1.815      1.830    30.7742    18.3573          0          0  0.000e+00
  1021.9605      1.728      1.742    30.7746    18.3571          0          0  0.000e+00
  1021.9602      1.647      1.661    30.7745    18.3568          0          0  0.000e+00
  1021.9599      1.576      1.589    30.7744    18.3565          0          0  0.000e+00
  1021.9600      1.528      1.540    30.7748    18.3562          0          0  0.000e+00
  1021.9601      1.496      1.508    30.7750    18.3559          0          0  0.000e+00
  1021.9603      1.482      1.494    30.7753    18.3558          0          0  0.000e+00
  1021.9607      1.482      1.494    30.7760    18.3561          0          0  0.000e+00
  1021.9612      1.497      1.509    30.7767    18.3566          0          0  0.000e+00
  1021.9603      1.531      1.543    30.7756    18.3578          0          0  0.000e+00
  1021.9621      1.587      1.600    30.7780    18.3588          0          0  0.000e+00
  1021.9640      1.663      1.677    30.7805    18.3603          0          0  0.000e+00
  1021.9639      1.762      1.776    30.7808    18.3633          0          0  0.000e+00
  1021.9646      1.883      1.898    30.7822    18.3670          0          0  0.000e+00
  1021.9605      2.004      2.020    30.7777    18.3719          0          0  0.000e+00
  1021.9637      2.112      2.129    30.7825    18.3760          0          0  0.000e+00
  1021.9620      2.195      2.213    30.7811    18.3802          0          0  0.000e+00
  1021.9584      2.250      2.268    30.7773    18.3839          0          0  0.000e+00
  1021.9575      2.275      2.294    30.7766    18.3859          0          0  0.000e+00
  1021.9559      2.265      2.284    30.7749    18.3869          0          0  0.000e+00
  1021.9551      2.230      2.249    30.7739    18.3865          0          0  0.000e+00
  1021.9543      2.194      2.212    30.7727    18.3854          0          0  0.000e+00
  1021.9524      2.152      2.170    30.7699    18.3836          0          0  0.000e+00
  1021.9549      2.095      2.112    30.7728    18.3812          0          0  0.000e+00
  1021.9553      2.022      2.038    30.7732    18.3793          0          0  0.000e+00
  1021.9555      1.933      1.948    30.7733    18.3776          0          0  0.000e+00
  1021.9519      1.828      1.843    30.7688    18.3764          0          0  0.000e+00
  1021.9549      1.715      1.729    30.7727    18.3741          0          0  0.000e+00
  1021.9547      1.597      1.610    30.7726    18.3723          0          0  0.000e+00
  1021.9547      1.490      1.502    30.7727    18.3706          0          0  0.000e+00
  1021.9552      1.400      1.412    30.7732    18.3687          0          0  0.000e+00
  1021.9563      1.340      1.351    30.7745    18.3674          0          0  0.000e+00
  1021.9570      1.315      1.325    30.7755    18.3668          0          0  0.000e+00
  1021.9567      1.333      1.344    30.7750    18.3668          0          0  0.000e+00
  1021.9576      1.382      1.394    30.7758    18.3667          0          0  0.000e+00
  1021.9586      1.456      1.468    30.7768    18.3668          0          0  0.000e+00
  1021.9600      1.553      1.566    30.7784    18.3678          0          0  0.000e+00
  1021.9591      1.663      1.677    30.7769    18.3693          0          0  0.000e+00
  1021.9606      1.796      1.811    30.7787    18.3707          0          0  0.000e+00
  1021.9640      1.942      1.958    30.7829    18.3728          0          0  0.000e+00
  1021.9660      2.093      2.110    30.7860    18.3771          0          0  0.000e+00
  1021.9625      2.238      2.256    30.7825    18.3831          0          0  0.000e+00
  1021.9608      2.357      2.376    30.7809    18.3873          0          0  0.000e+00
  1021.9592      2.434      2.454    30.7794    18.3906          0          0  0.000e+00
  1021.9583      2.463      2.483    30.7788    18.3930          0          0  0.000e+00
  1021.9562      2.443      2.463    30.7768    18.3947          0          0  0.000e+00
  1021.9543      2.379      2.398    30.7749    18.3957          0          0  0.000e+00
  1021.9514      2.276      2.295    30.7716    18.3951          0          0  0.000e+00
  1021.9520      2.142      2.160    30.7724    18.3929          0          0  0.000e+00
  1021.9453      1.992      2.008    30.7638    18.3908          0          0  0.000e+00
  1021.9511      1.852      1.867    30.7716    18.3887          0          0  0.000e+00
  1021.9402      1.727      1.741    30.7576    18.3873          0          0  0.000e+00
  1021.9520      1.617      1.630    30.7732    18.3859          0          0  0.000e+00
  1021.9399      1.522      1.535    30.7575    18.3844          0          0  0.000e+00
  1021.9497      1.441      1.453    30.7701    18.3821          0          0  0.000e+00
  1021.9522      1.373      1.384    30.7731    18.3804          0          0  0.000e+00
  1021.9520      1.315      1.325    30.7729    18.3792          0          0  0.000e+00
  1021.9528      1.274      1.285    30.7737    18.3778          0          0  0.000e+00
  1021.9508      1.264      1.274    30.7708    18.3766          0          0  0.000e+00
  1021.9530      1.294      1.305    30.7730    18.3753          0          0  0.000e+00
  1021.9540      1.365      1.377    30.7734    18.3738          0          0  0.000e+00
  1021.9546      1.476      1.488    30.7733    18.3727          0          0  0.000e+00
  1021.9550      1.618      1.631    30.7726    18.3714          0          0  0.000e+00
  1021.9554      1.784      1.799    30.7717    18.3699          0          0  0.000e+00
  1021.9572      1.960      1.976    30.7723    18.3679          0          0  0.000e+00
  1021.9597      2.122      2.140    30.7742    18.3663          0          0  0.000e+00
  1021.9609      2.255      2.273    30.7747    18.3655          0          0  0.000e+00
  1021.9661      2.360      2.379    30.7809    18.3655          0          0  0.000e+00
  1021.9703      2.442      2.462    30.7867    18.3682          0          0  0.000e+00
  1021.9679      2.486      2.506    30.7853    18.3746          0          0  0.000e+00
  1021.9637      2.483      2.503    30.7818    18.3804          0          0  0.000e+00
  1021.9572      2.439      2.459    30.7747    18.3843          0          0  0.000e+00
  1021.9520      2.354      2.374    30.7684    18.3843          0          0  0.000e+00
  1021.9517      2.239      2.257    30.7677    18.3809          0          0  0.000e+00
  1021.9548      2.104      2.121    30.7709    18.3761          0          0  0.000e+00
  1021.9556      1.960      1.976    30.7719    18.3731          0          0  0.000e+00
  1021.9524      1.815      1.830    30.7678    18.3708          0          0  0.000e+00
  1021.9566      1.675      1.689    30.7737    18.3696          0          0  0.000e+00
  1021.9570      1.545      1.557    30.7749    18.3692          0          0  0.000e+00
  1021.9564      1.435      1.447    30.7747    18.3687          0          0  0.000e+00
  1021.9565      1.352      1.363    30.7752    18.3687          0          0  0.000e+00
  1021.9566      1.288      1.299    30.7757    18.3687          0          0  0.000e+00
  1021.9565      1.256      1.267    30.7759    18.3688          0          0  0.000e+00
  1021.9564      1.258      1.269    30.7758    18.3694          0          0  0.000e+00
  1021.9550      1.294      1.305    30.7739    18.3699          0          0  0.000e+00
  1021.9572      1.375      1.386    30.7765    18.3704          0          0  0.000e+00
  1021.9532      1.489      1.502    30.7708    18.3709          0          0  0.000e+00
  1021.9576      1.628      1.642    30.7760    18.3717          0          0  0.000e+00
  1021.9581      1.771      1.786    30.7760    18.3722          0          0  0.000e+00
  1021.9579      1.909      1.925    30.7751    18.3725          0          0  0.000e+00
  1021.9578      2.022      2.038    30.7742    18.3724          0          0  0.000e+00
  1021.9601      2.112      2.129    30.7765    18.3719          0          0  0.000e+00
