data/eDNA/PER-2021-171/171b022.cnv
* Sea-Bird SBE19plus  Data File:
* FileName = C:\Users\RSG_field\Ryan_2021_Perley\CTD\171b022.hex
* Software version 2.3.0 SB_Terminal.dll
* Temperature SN = 7141
* Conductivity SN = 7141
* System UpLoad Time = Aug 17 2021 15:29:43
* <ApplicationData>
* <SeatermAF>
** Platform: M. Perley
** Cruise: Per2021171
** Station:  SAB_07
** Cast: 01 2
** Latitude: N  46 16.508
** Longitude: W 59 00.823
** Sounding: 166
** Chief Scientist: Ryan Stanley
** Comment: 171b022
** This was a bit off the original plan to sample in a constant bearing from GC_06 to Scattarie Bank
# nquan = 8
# nvalues = 4080                                  
# units = specified
# name 0 = density00: Density [density, kg/m^3]
# name 1 = depSM: Depth [salt water, m], lat = 45.00
# name 2 = prdM: Pressure, Strain Gauge [db]
# name 3 = sal00: Salinity, Practical [PSU]
# name 4 = tv290C: Temperature [ITS-90, deg C]
# name 5 = bpos: Bottle Position in Carousel
# name 6 = nbf: Bottles Fired
# name 7 = flag:  0.000e+00
# span 0 =   998.9433,  1027.4941                 
# span 1 =     -0.035,    156.260                 
# span 2 =     -0.036,    157.599                 
# span 3 =     0.0945,    33.8008                 
# span 4 =     1.8763,    19.8080                 
# span 5 =          0,          2                 
# span 6 =          0,          2                 
# span 7 = 0.0000e+00, 0.0000e+00                 
# interval = seconds: 0.25
# start_time = Aug 17 2021 18:09:22 [Instrument's time stamp, header]
# bad_flag = -9.990e-29
*END*
[from data line 2877]
  1027.0950    141.997    143.208    33.2383     3.5818          1          1  0.000e+00
  1027.0914    141.900    143.111    33.2340     3.5782          1          1  0.000e+00
  1027.0966    141.803    143.013    33.2405     3.5733          1          1  0.000e+00
  1027.0998    141.699    142.908    33.2447     3.5701          1          1  0.000e+00
  1027.0949    141.579    142.787    33.2391     3.5687          1          1  0.000e+00
  1027.0915    141.435    142.641    33.2355     3.5666          1          1  0.000e+00
  1027.0964    141.262    142.467    33.2422     3.5633          1          1  0.000e+00
  1027.0948    141.063    142.267    33.2413     3.5622          1          1  0.000e+00
  1027.0899    140.845    142.046    33.2363     3.5617          1          1  0.000e+00
  1027.0864    140.614    141.813    33.2330     3.5595          1          1  0.000e+00
  1027.0831    140.388    141.585    33.2298     3.5563          1          1  0.000e+00
  1027.0820    140.179    141.375    33.2291     3.5522          1          1  0.000e+00
  1027.0822    139.991    141.185    33.2300     3.5482          1          1  0.000e+00
  1027.0835    139.835    141.028    33.2321     3.5446          1          1  0.000e+00
  1027.0803    139.710    140.902    33.2285     3.5421          1          1  0.000e+00
  1027.0800    139.614    140.804    33.2284     3.5391          1          1  0.000e+00
  1027.0815    139.537    140.727    33.2304     3.5360          1          1  0.000e+00
  1027.0825    139.467    140.657    33.2317     3.5340          1          1  0.000e+00
  1027.0807    139.407    140.596    33.2297     3.5326          1          1  0.000e+00
  1027.0739    139.348    140.536    33.2212     3.5310          1          1  0.000e+00
  1027.0710    139.284    140.472    33.2176     3.5270          1          1  0.000e+00
  1027.0720    139.221    140.409    33.2185     3.5219          1          1  0.000e+00
  1027.0760    139.157    140.343    33.2234     3.5179          1          1  0.000e+00
  1027.0788    139.089    140.275    33.2271     3.5156          1          1  0.000e+00
  1027.0810    139.023    140.208    33.2301     3.5153          1          1  0.000e+00
  1027.0793    138.954    140.139    33.2285     3.5162          1          1  0.000e+00
  1027.0768    138.885    140.069    33.2258     3.5167          1          1  0.000e+00
  1027.0686    138.812    139.996    33.2160     3.5160          1          1  0.000e+00
  1027.0592    138.729    139.912    33.2041     3.5125          1          1  0.000e+00
  1027.0593    138.637    139.819    33.2040     3.5057          1          1  0.000e+00
  1027.0631    138.531    139.712    33.2085     3.4988          1          1  0.000e+00
  1027.0645    138.402    139.582    33.2105     3.4940          1          1  0.000e+00
  1027.0663    138.250    139.429    33.2133     3.4906          1          1  0.000e+00
  1027.0655    138.073    139.250    33.2131     3.4888          1          1  0.000e+00
  1027.0594    137.878    139.053    33.2064     3.4875          1          1  0.000e+00
  1027.0347    137.669    138.842    33.1762     3.4842          1          1  0.000e+00
  1027.0305    137.455    138.626    33.1708     3.4737          1          1  0.000e+00
  1027.0359    137.236    138.406    33.1774     3.4604          1          1  0.000e+00
  1027.0116    137.033    138.200    33.1467     3.4491          1          1  0.000e+00
  1027.0040    136.848    138.014    33.1359     3.4311          1          1  0.000e+00
  1027.0164    136.698    137.862    33.1501     3.4118          1          1  0.000e+00
  1026.9959    136.576    137.739    33.1234     3.3979          1          1  0.000e+00
  1026.9671    136.481    137.644    33.0854     3.3779          1          1  0.000e+00
  1026.9689    136.415    137.578    33.0845     3.3484          1          1  0.000e+00
  1026.9817    136.370    137.532    33.0975     3.3201          1          1  0.000e+00
  1026.9853    136.332    137.493    33.0998     3.2997          1          1  0.000e+00
  1026.9631    136.294    137.455    33.0699     3.2812          1          1  0.000e+00
  1026.9728    136.247    137.408    33.0797     3.2586          1          1  0.000e+00
  1026.9821    136.179    137.339    33.0896     3.2404          1          1  0.000e+00
  1026.9890    136.086    137.245    33.0973     3.2276          1          1  0.000e+00
  1027.0002    135.957    137.116    33.1113     3.2200          1          1  0.000e+00
  1026.9936    135.803    136.959    33.1037     3.2176          1          1  0.000e+00
  1026.9977    135.624    136.780    33.1096     3.2152          1          1  0.000e+00
  1026.9915    135.439    136.592    33.1027     3.2137          1          1  0.000e+00
  1026.9865    135.255    136.407    33.0973     3.2115          1          1  0.000e+00
  1026.9826    135.087    136.237    33.0929     3.2075          1          1  0.000e+00
  1026.9781    134.941    136.091    33.0875     3.2025          1          1  0.000e+00
  1026.9741    134.822    135.970    33.0824     3.1961          1          1  0.000e+00
  1026.9688    134.716    135.863    33.0755     3.1886          1          1  0.000e+00
  1026.9630    134.619    135.765    33.0678     3.1800          1          1  0.000e+00
  1026.9593    134.519    135.665    33.0627     3.1704          1          1  0.000e+00
  1026.9463    134.405    135.549    33.0457     3.1595          1          1  0.000e+00
  1026.8803    134.271    135.415    32.9617     3.1432          1          1  0.000e+00
  1026.9104    134.110    135.252    32.9965     3.1092          1          1  0.000e+00
  1026.9381    133.936    135.077    33.0293     3.0833          1          1  0.000e+00
  1026.9421    133.746    134.885    33.0341     3.0712          1          1  0.000e+00
  1026.9331    133.560    134.697    33.0231     3.0635          1          1  0.000e+00
  1026.9272    133.386    134.521    33.0157     3.0551          1          1  0.000e+00
  1026.9005    133.232    134.366    32.9818     3.0441          1          1  0.000e+00
  1026.8963    133.105    134.238    32.9752     3.0250          1          1  0.000e+00
  1026.8871    133.009    134.141    32.9618     3.0038          1          1  0.000e+00
  1026.8942    132.937    134.069    32.9685     2.9811          1          1  0.000e+00
  1026.9090    132.884    134.015    32.9853     2.9627          1          1  0.000e+00
  1026.9095    132.840    133.970    32.9849     2.9510          1          1  0.000e+00
  1026.8951    132.790    133.920    32.9660     2.9417          1          1  0.000e+00
  1026.8860    132.732    133.861    32.9536     2.9288          1          1  0.000e+00
  1026.8968    132.658    133.787    32.9658     2.9133          1          1  0.000e+00
  1026.9092    132.569    133.698    32.9808     2.9030          1          1  0.000e+00
  1026.9122    132.462    133.589    32.9848     2.8996          1          1  0.000e+00
  1026.9100    132.334    133.460    32.9827     2.8992          1          1  0.000e+00
  1026.9107    132.190    133.315    32.9844     2.8985          1          1  0.000e+00
  1026.9109    132.033    133.156    32.9855     2.8987          1          1  0.000e+00
  1026.9082    131.862    132.984    32.9833     2.8992          1          1  0.000e+00
  1026.9021    131.689    132.810    32.9766     2.8991          1          1  0.000e+00
  1026.8965    131.516    132.635    32.9705     2.8975          1          1  0.000e+00
  1026.8946    131.357    132.475    32.9686     2.8943          1          1  0.000e+00
  1026.8886    131.214    132.330    32.9616     2.8911          1          1  0.000e+00
  1026.8950    131.094    132.209    32.9699     2.8874          1          1  0.000e+00
  1026.8919    130.998    132.112    32.9664     2.8855          1          1  0.000e+00
  1026.8868    130.926    132.039    32.9602     2.8841          1          1  0.000e+00
  1026.8876    130.871    131.984    32.9613     2.8813          1          1  0.000e+00
  1026.8812    130.823    131.936    32.9533     2.8789          1          1  0.000e+00
  1026.8759    130.768    131.880    32.9466     2.8758          1          1  0.000e+00
  1026.8745    130.698    131.809    32.9448     2.8717          1          1  0.000e+00
  1026.8771    130.608    131.718    32.9481     2.8681          1          1  0.000e+00
  1026.8832    130.492    131.602    32.9564     2.8666          1          1  0.000e+00
  1026.8779    130.352    131.461    32.9507     2.8682          1          1  0.000e+00
  1026.8754    130.204    131.311    32.9485     2.8688          1          1  0.000e+00
  1026.8722    130.042    131.148    32.9455     2.8686          1          1  0.000e+00
  1026.8716    129.878    130.982    32.9456     2.8678          1          1  0.000e+00
  1026.8694    129.718    130.821    32.9436     2.8668          1          1  0.000e+00
  1026.8682    129.565    130.667    32.9430     2.8659          1          1  0.000e+00
  1026.8649    129.411    130.512    32.9397     2.8649          1          1  0.000e+00
  1026.8618    129.262    130.361    32.9365     2.8635          1          1  0.000e+00
  1026.8614    129.113    130.211    32.9367     2.8616          1          1  0.000e+00
  1026.8587    128.964    130.060    32.9340     2.8600          1          1  0.000e+00
  1026.8583    128.814    129.909    32.9342     2.8585          1          1  0.000e+00
  1026.8578    128.668    129.762    32.9344     2.8573          1          1  0.000e+00
  1026.8579    128.527    129.620    32.9352     2.8566          1          1  0.000e+00
  1026.8563    128.384    129.475    32.9340     2.8564          1          1  0.000e+00
  1026.8557    128.242    129.332    32.9342     2.8563          1          1  0.000e+00
  1026.8558    128.105    129.194    32.9350     2.8565          1          1  0.000e+00
  1026.8477    127.964    129.051    32.9258     2.8572          1          1  0.000e+00
  1026.8460    127.833    128.920    32.9243     2.8558          1          1  0.000e+00
  1026.8434    127.709    128.795    32.9216     2.8541          1          1  0.000e+00
  1026.8418    127.594    128.678    32.9200     2.8521          1          1  0.000e+00
  1026.8291    127.478    128.562    32.9045     2.8496          1          1  0.000e+00
  1026.8270    127.364    128.446    32.9020     2.8448          1          1  0.000e+00
  1026.8327    127.244    128.325    32.9093     2.8396          1          1  0.000e+00
  1026.8276    127.112    128.192    32.9035     2.8371          1          1  0.000e+00
  1026.8165    126.969    128.048    32.8899     2.8336          1          1  0.000e+00
  1026.8237    126.818    127.895    32.8993     2.8280          1          1  0.000e+00
  1026.8256    126.662    127.738    32.9022     2.8247          1          1  0.000e+00
  1026.8250    126.519    127.593    32.9022     2.8235          1          1  0.000e+00
  1026.8209    126.392    127.466    32.8977     2.8226          1          1  0.000e+00
  1026.8133    126.296    127.369    32.8885     2.8208          1          1  0.000e+00
  1026.8094    126.220    127.292    32.8837     2.8169          1          1  0.000e+00
  1026.8080    126.164    127.236    32.8817     2.8121          1          1  0.000e+00
  1026.8090    126.120    127.191    32.8827     2.8072          1          1  0.000e+00
  1026.8087    126.077    127.148    32.8821     2.8034          1          1  0.000e+00
  1026.8020    126.022    127.093    32.8737     2.8000          1          1  0.000e+00
  1026.8035    125.949    127.019    32.8754     2.7950          1          1  0.000e+00
  1026.8075    125.846    126.915    32.8807     2.7909          1          1  0.000e+00
  1026.8115    125.703    126.771    32.8863     2.7892          1          1  0.000e+00
  1026.8080    125.525    126.591    32.8831     2.7899          1          1  0.000e+00
  1026.8072    125.319    126.384    32.8833     2.7902          1          1  0.000e+00
  1026.8015    125.099    126.161    32.8775     2.7902          1          1  0.000e+00
  1026.7971    124.883    125.944    32.8731     2.7889          1          1  0.000e+00
  1026.7952    124.696    125.755    32.8715     2.7860          1          1  0.000e+00
  1026.7930    124.536    125.593    32.8693     2.7826          1          1  0.000e+00
  1026.7892    124.431    125.487    32.8648     2.7791          1          1  0.000e+00
  1026.7814    124.364    125.420    32.8549     2.7747          1          1  0.000e+00
  1026.7676    124.333    125.389    32.8371     2.7673          1          1  0.000e+00
  1026.7738    124.315    125.370    32.8436     2.7561          1          1  0.000e+00
  1026.7739    124.314    125.369    32.8428     2.7473          1          1  0.000e+00
  1026.7716    124.302    125.358    32.8392     2.7399          1          1  0.000e+00
  1026.7784    124.261    125.316    32.8473     2.7330          1          1  0.000e+00
  1026.7822    124.188    125.242    32.8521     2.7293          1          1  0.000e+00
  1026.7796    124.074    125.128    32.8493     2.7280          1          1  0.000e+00
  1026.7781    123.916    124.968    32.8483     2.7268          1          1  0.000e+00
  1026.7799    123.715    124.765    32.8515     2.7255          1          1  0.000e+00
  1026.7771    123.486    124.534    32.8493     2.7253          1          1  0.000e+00
  1026.7721    123.239    124.285    32.8445     2.7249          1          1  0.000e+00
  1026.7651    122.984    124.028    32.8370     2.7233          1          1  0.000e+00
  1026.7575    122.738    123.780    32.8286     2.7192          1          1  0.000e+00
  1026.7408    122.507    123.547    32.8083     2.7122          1          1  0.000e+00
  1026.7396    122.301    123.339    32.8067     2.7005          1          1  0.000e+00
  1026.7414    122.127    123.164    32.8087     2.6885          1          1  0.000e+00
  1026.7199    121.984    123.019    32.7815     2.6784          1          1  0.000e+00
  1026.7032    121.874    122.908    32.7595     2.6624          1          1  0.000e+00
  1026.6996    121.793    122.827    32.7531     2.6400          1          1  0.000e+00
  1026.7050    121.730    122.763    32.7579     2.6172          1          1  0.000e+00
  1026.7070    121.671    122.704    32.7585     2.5973          1          1  0.000e+00
  1026.7226    121.617    122.649    32.7768     2.5820          1          1  0.000e+00
  1026.7190    121.550    122.581    32.7718     2.5731          1          1  0.000e+00
  1026.7153    121.463    122.493    32.7667     2.5645          1          1  0.000e+00
  1026.7230    121.346    122.375    32.7761     2.5556          1          1  0.000e+00
  1026.7313    121.215    122.244    32.7869     2.5508          1          1  0.000e+00
  1026.7210    121.074    122.101    32.7747     2.5506          1          1  0.000e+00
  1026.7102    120.936    121.961    32.7617     2.5474          1          1  0.000e+00
  1026.7075    120.808    121.833    32.7582     2.5397          1          1  0.000e+00
  1026.7051    120.703    121.727    32.7549     2.5304          1          1  0.000e+00
  1026.6975    120.627    121.650    32.7449     2.5210          1          1  0.000e+00
  1026.6938    120.578    121.601    32.7394     2.5102          1          1  0.000e+00
  1026.6983    120.558    121.580    32.7439     2.4981          1          1  0.000e+00
  1026.7062    120.551    121.573    32.7527     2.4873          1          1  0.000e+00
  1026.7020    120.550    121.572    32.7467     2.4808          1          1  0.000e+00
  1026.7023    120.531    121.553    32.7465     2.4739          1          1  0.000e+00
  1026.7107    120.485    121.507    32.7565     2.4672          1          1  0.000e+00
