data/eDNA/PER-2021-171/171b020.cnv
* Sea-Bird SBE19plus  Data File:
* FileName = C:\Users\RSG_field\Ryan_2021_Perley\CTD\171b020.hex
* Software version 2.3.0 SB_Terminal.dll
* Temperature SN = 7141
* Conductivity SN = 7141
* System UpLoad Time = Aug 17 2021 11:30:09
* <ApplicationData>
* <SeatermAF>
** Platform: M. Perley
** Cruise: Per2021171
** Station:  SAB_05
** Cast: 01 2
** Latitude: N  46 16.023
** Longitude: W 59 10.424
** Sounding: 113
** Chief Scientist: Ryan Stanley
** Comment: 171b020
# nquan = 8
# nvalues = 3383                                  
# units = specified
# name 0 = density00: Density [density, kg/m^3]
# name 1 = depSM: Depth [salt water, m], lat = 45.00
# name 2 = prdM: Pressure, Strain Gauge [db]
# name 3 = sal00: Salinity, Practical [PSU]
# name 4 = tv290C: Temperature [ITS-90, deg C]
# name 5 = bpos: Bottle Position in Carousel
# name 6 = nbf: Bottles Fired
# name 7 = flag:  0.000e+00
# span 0 =   998.6755,  1026.7879                 
# span 1 =     -0.043,    104.110                 
# span 2 =     -0.043,    104.989                 
# span 3 =     0.0078,    32.9726                 
# span 4 =     2.0475,    19.6269                 
# span 5 =          0,          5                 
# span 6 =          0,          5                 
# span 7 = 0.0000e+00, 0.0000e+00                 
# interval = seconds: 0.25
# start_time = Aug 17 2021 14:13:01 [Instrument's time stamp, header]
# bad_flag = -9.990e-29
*END*
[from data line 2697]
  1026.1868     73.322     73.935    32.3625     2.2821          2          2  0.000e+00
  1026.1850     73.182     73.794    32.3613     2.2841          2          2  0.000e+00
  1026.1829     73.059     73.670    32.3595     2.2855          2          2  0.000e+00
  1026.1807     72.939     73.549    32.3576     2.2865          2          2  0.000e+00
  1026.1780     72.832     73.441    32.3549     2.2878          2          2  0.000e+00
  1026.1753     72.735     73.344    32.3523     2.2893          2          2  0.000e+00
  1026.1734     72.643     73.251    32.3505     2.2905          2          2  0.000e+00
  1026.1714     72.548     73.154    32.3487     2.2913          2          2  0.000e+00
  1026.1691     72.451     73.057    32.3465     2.2919          2          2  0.000e+00
  1026.1670     72.343     72.948    32.3445     2.2927          2          2  0.000e+00
  1026.1683     72.224     72.828    32.3470     2.2942          2          2  0.000e+00
  1026.1669     72.097     72.700    32.3465     2.2979          2          2  0.000e+00
  1026.1665     71.966     72.567    32.3472     2.3030          2          2  0.000e+00
  1026.1616     71.829     72.429    32.3424     2.3086          2          2  0.000e+00
  1026.1581     71.689     72.288    32.3392     2.3122          2          2  0.000e+00
  1026.1609     71.545     72.143    32.3438     2.3145          2          2  0.000e+00
  1026.1636     71.412     72.009    32.3484     2.3196          2          2  0.000e+00
  1026.1588     71.287     71.883    32.3440     2.3278          2          2  0.000e+00
  1026.1572     71.177     71.772    32.3434     2.3355          2          2  0.000e+00
  1026.1547     71.079     71.673    32.3416     2.3429          2          2  0.000e+00
  1026.1494     70.992     71.586    32.3362     2.3499          2          2  0.000e+00
  1026.1474     70.911     71.503    32.3347     2.3549          2          2  0.000e+00
  1026.1446     70.835     71.428    32.3321     2.3594          2          2  0.000e+00
  1026.1464     70.749     71.340    32.3352     2.3630          2          2  0.000e+00
  1026.1448     70.655     71.246    32.3343     2.3685          2          2  0.000e+00
  1026.1448     70.541     71.130    32.3357     2.3757          2          2  0.000e+00
  1026.1351     70.403     70.991    32.3253     2.3849          2          2  0.000e+00
  1026.1270     70.267     70.854    32.3166     2.3915          2          2  0.000e+00
  1026.1235     70.121     70.707    32.3134     2.3948          2          2  0.000e+00
  1026.1218     69.969     70.554    32.3124     2.3965          2          2  0.000e+00
  1026.1187     69.824     70.407    32.3096     2.3982          2          2  0.000e+00
  1026.1153     69.693     70.275    32.3062     2.4003          2          2  0.000e+00
  1026.1125     69.563     70.144    32.3037     2.4017          2          2  0.000e+00
  1026.1103     69.437     70.017    32.3018     2.4026          2          2  0.000e+00
  1026.1090     69.316     69.895    32.3009     2.4033          2          2  0.000e+00
  1026.1073     69.204     69.782    32.2994     2.4037          2          2  0.000e+00
  1026.1053     69.088     69.665    32.2977     2.4039          2          2  0.000e+00
  1026.1032     68.970     69.546    32.2957     2.4038          2          2  0.000e+00
  1026.1011     68.852     69.427    32.2938     2.4037          2          2  0.000e+00
  1026.0964     68.727     69.301    32.2887     2.4037          2          2  0.000e+00
  1026.0868     68.591     69.164    32.2774     2.4035          2          2  0.000e+00
  1026.0845     68.459     69.030    32.2753     2.4030          2          2  0.000e+00
  1026.0836     68.332     68.903    32.2748     2.4027          2          2  0.000e+00
  1026.0818     68.206     68.776    32.2734     2.4025          2          2  0.000e+00
  1026.0792     68.092     68.660    32.2708     2.4024          2          2  0.000e+00
  1026.0779     67.977     68.545    32.2697     2.4021          2          2  0.000e+00
  1026.0760     67.873     68.440    32.2681     2.4021          2          2  0.000e+00
  1026.0748     67.777     68.343    32.2671     2.4020          2          2  0.000e+00
  1026.0743     67.679     68.244    32.2671     2.4021          2          2  0.000e+00
  1026.0733     67.582     68.146    32.2664     2.4021          2          2  0.000e+00
  1026.0708     67.465     68.028    32.2640     2.4023          2          2  0.000e+00
  1026.0671     67.354     67.916    32.2600     2.4026          2          2  0.000e+00
  1026.0618     67.228     67.789    32.2543     2.4034          2          2  0.000e+00
  1026.0578     67.090     67.650    32.2502     2.4043          2          2  0.000e+00
  1026.0552     66.945     67.503    32.2479     2.4053          2          2  0.000e+00
  1026.0525     66.805     67.362    32.2454     2.4060          2          2  0.000e+00
  1026.0476     66.666     67.222    32.2401     2.4061          2          2  0.000e+00
  1026.0449     66.536     67.092    32.2374     2.4060          2          2  0.000e+00
  1026.0399     66.399     66.953    32.2320     2.4060          2          2  0.000e+00
  1026.0356     66.275     66.828    32.2274     2.4059          2          2  0.000e+00
  1026.0330     66.160     66.712    32.2248     2.4058          2          2  0.000e+00
  1026.0304     66.058     66.610    32.2221     2.4059          2          2  0.000e+00
  1026.0270     65.951     66.502    32.2187     2.4071          2          2  0.000e+00
  1026.0244     65.862     66.412    32.2160     2.4081          2          2  0.000e+00
  1026.0226     65.753     66.302    32.2145     2.4093          2          2  0.000e+00
  1026.0211     65.652     66.200    32.2134     2.4105          2          2  0.000e+00
  1026.0169     65.545     66.092    32.2088     2.4116          2          2  0.000e+00
  1026.0137     65.445     65.992    32.2058     2.4152          2          2  0.000e+00
  1026.0087     65.346     65.891    32.2006     2.4195          2          2  0.000e+00
  1026.0021     65.254     65.798    32.1936     2.4266          2          2  0.000e+00
  1025.9983     65.170     65.714    32.1897     2.4310          2          2  0.000e+00
  1025.9952     65.081     65.624    32.1867     2.4339          2          2  0.000e+00
  1025.9925     64.992     65.534    32.1841     2.4365          2          2  0.000e+00
  1025.9909     64.886     65.427    32.1828     2.4379          2          2  0.000e+00
  1025.9903     64.768     65.308    32.1830     2.4399          2          2  0.000e+00
  1025.9858     64.634     65.174    32.1789     2.4467          2          2  0.000e+00
  1025.9778     64.488     65.026    32.1705     2.4558          2          2  0.000e+00
  1025.9742     64.335     64.872    32.1676     2.4618          2          2  0.000e+00
  1025.9730     64.172     64.708    32.1674     2.4653          2          2  0.000e+00
  1025.9705     64.023     64.557    32.1657     2.4701          2          2  0.000e+00
  1025.9669     63.876     64.409    32.1625     2.4755          2          2  0.000e+00
  1025.9646     63.745     64.277    32.1610     2.4805          2          2  0.000e+00
  1025.9620     63.618     64.148    32.1590     2.4857          2          2  0.000e+00
  1025.9589     63.498     64.028    32.1564     2.4908          2          2  0.000e+00
  1025.9575     63.372     63.900    32.1558     2.4955          2          2  0.000e+00
  1025.9533     63.259     63.787    32.1517     2.5001          2          2  0.000e+00
  1025.9505     63.143     63.669    32.1492     2.5031          2          2  0.000e+00
  1025.9605     63.017     63.542    32.1627     2.5054          2          2  0.000e+00
  1025.9610     62.885     63.410    32.1648     2.5132          2          2  0.000e+00
  1025.9541     62.756     63.279    32.1580     2.5242          2          2  0.000e+00
  1025.9475     62.631     63.153    32.1515     2.5333          2          2  0.000e+00
  1025.9401     62.508     63.029    32.1435     2.5393          2          2  0.000e+00
  1025.9402     62.393     62.913    32.1446     2.5420          2          2  0.000e+00
  1025.9407     62.288     62.808    32.1462     2.5443          2          2  0.000e+00
  1025.9371     62.188     62.706    32.1425     2.5473          2          2  0.000e+00
  1025.9386     62.084     62.601    32.1451     2.5488          2          2  0.000e+00
  1025.9392     61.968     62.485    32.1469     2.5514          2          2  0.000e+00
  1025.9409     61.847     62.363    32.1502     2.5568          2          2  0.000e+00
  1025.9372     61.715     62.229    32.1472     2.5643          2          2  0.000e+00
  1025.9308     61.588     62.101    32.1408     2.5729          2          2  0.000e+00
  1025.9211     61.455     61.967    32.1305     2.5833          2          2  0.000e+00
  1025.9151     61.325     61.836    32.1245     2.5903          2          2  0.000e+00
  1025.9103     61.206     61.716    32.1196     2.5945          2          2  0.000e+00
  1025.9069     61.103     61.612    32.1162     2.5975          2          2  0.000e+00
  1025.9041     61.013     61.521    32.1135     2.5998          2          2  0.000e+00
  1025.9020     60.926     61.434    32.1115     2.6022          2          2  0.000e+00
  1025.9014     60.839     61.346    32.1116     2.6040          2          2  0.000e+00
  1025.8966     60.757     61.264    32.1062     2.6056          2          2  0.000e+00
  1025.8930     60.659     61.164    32.1024     2.6063          2          2  0.000e+00
  1025.8905     60.556     61.061    32.0998     2.6062          2          2  0.000e+00
  1025.8782     60.440     60.944    32.0849     2.6054          2          2  0.000e+00
  1025.8621     60.310     60.813    32.0652     2.6012          2          2  0.000e+00
  1025.8627     60.175     60.677    32.0659     2.5932          2          2  0.000e+00
  1025.8733     60.040     60.540    32.0792     2.5849          2          2  0.000e+00
  1025.8741     59.908     60.407    32.0806     2.5809          2          2  0.000e+00
  1025.8747     59.783     60.281    32.0818     2.5788          2          2  0.000e+00
  1025.8723     59.663     60.160    32.0795     2.5777          2          2  0.000e+00
  1025.8722     59.551     60.047    32.0799     2.5766          2          2  0.000e+00
  1025.8680     59.443     59.938    32.0752     2.5760          2          2  0.000e+00
  1025.8679     59.334     59.828    32.0756     2.5750          2          2  0.000e+00
  1025.8680     59.228     59.721    32.0763     2.5744          2          2  0.000e+00
  1025.8663     59.114     59.607    32.0749     2.5744          2          2  0.000e+00
  1025.8661     58.994     59.486    32.0754     2.5751          2          2  0.000e+00
  1025.8675     58.866     59.356    32.0781     2.5767          2          2  0.000e+00
  1025.8754     58.728     59.217    32.0893     2.5814          2          2  0.000e+00
  1025.8603     58.594     59.082    32.0723     2.5933          2          2  0.000e+00
  1025.8443     58.462     58.949    32.0539     2.6018          2          2  0.000e+00
  1025.8409     58.335     58.821    32.0505     2.6030          2          2  0.000e+00
  1025.8399     58.225     58.710    32.0498     2.6013          2          2  0.000e+00
  1025.8407     58.128     58.612    32.0513     2.6001          2          2  0.000e+00
  1025.8420     58.041     58.525    32.0534     2.6005          2          2  0.000e+00
  1025.8411     57.963     58.445    32.0529     2.6021          2          2  0.000e+00
  1025.8365     57.884     58.366    32.0478     2.6040          2          2  0.000e+00
  1025.8347     57.803     58.284    32.0461     2.6049          2          2  0.000e+00
  1025.8338     57.708     58.189    32.0456     2.6053          2          2  0.000e+00
  1025.8333     57.600     58.080    32.0457     2.6055          2          2  0.000e+00
  1025.8323     57.482     57.960    32.0451     2.6059          2          2  0.000e+00
  1025.8305     57.347     57.824    32.0439     2.6074          2          2  0.000e+00
  1025.8280     57.216     57.693    32.0419     2.6109          2          2  0.000e+00
  1025.8253     57.086     57.561    32.0396     2.6149          2          2  0.000e+00
  1025.8228     56.963     57.437    32.0376     2.6182          2          2  0.000e+00
  1025.8201     56.845     57.319    32.0351     2.6207          2          2  0.000e+00
  1025.8186     56.728     57.200    32.0342     2.6222          2          2  0.000e+00
  1025.8173     56.610     57.081    32.0334     2.6238          2          2  0.000e+00
  1025.8158     56.485     56.955    32.0324     2.6259          2          2  0.000e+00
  1025.8139     56.354     56.823    32.0312     2.6283          2          2  0.000e+00
  1025.8124     56.218     56.686    32.0303     2.6313          2          2  0.000e+00
  1025.8091     56.074     56.540    32.0275     2.6356          2          2  0.000e+00
  1025.8062     55.923     56.388    32.0251     2.6391          2          2  0.000e+00
  1025.8060     55.776     56.240    32.0260     2.6423          2          2  0.000e+00
  1025.8027     55.627     56.090    32.0231     2.6453          2          2  0.000e+00
  1025.8046     55.492     55.953    32.0265     2.6474          2          2  0.000e+00
  1025.8057     55.362     55.823    32.0290     2.6508          2          2  0.000e+00
  1025.8042     55.254     55.714    32.0283     2.6559          2          2  0.000e+00
  1025.8033     55.166     55.625    32.0283     2.6616          2          2  0.000e+00
  1025.7970     55.094     55.552    32.0214     2.6674          2          2  0.000e+00
  1025.8028     55.034     55.491    32.0294     2.6713          2          2  0.000e+00
  1025.8082     54.980     55.437    32.0372     2.6779          2          2  0.000e+00
  1025.8163     54.928     55.385    32.0488     2.6894          2          2  0.000e+00
  1025.8053     54.863     55.319    32.0373     2.7070          2          2  0.000e+00
  1025.7885     54.779     55.235    32.0181     2.7216          2          2  0.000e+00
  1025.7717     54.672     55.127    31.9984     2.7278          2          2  0.000e+00
  1025.7737     54.544     54.998    32.0014     2.7249          2          2  0.000e+00
  1025.7828     54.401     54.853    32.0134     2.7224          2          2  0.000e+00
  1025.7792     54.248     54.699    32.0102     2.7260          2          2  0.000e+00
  1025.7733     54.096     54.546    32.0042     2.7315          2          2  0.000e+00
  1025.7743     53.953     54.402    32.0067     2.7356          2          2  0.000e+00
  1025.7711     53.831     54.279    32.0041     2.7415          2          2  0.000e+00
  1025.7674     53.721     54.168    32.0008     2.7477          2          2  0.000e+00
  1025.7643     53.634     54.080    31.9979     2.7532          2          2  0.000e+00
  1025.7610     53.559     54.004    31.9948     2.7583          2          2  0.000e+00
  1025.7578     53.489     53.934    31.9917     2.7633          2          2  0.000e+00
  1025.7550     53.418     53.862    31.9891     2.7679          2          2  0.000e+00
  1025.7514     53.336     53.780    31.9856     2.7727          2          2  0.000e+00
  1025.7493     53.244     53.687    31.9838     2.7763          2          2  0.000e+00
  1025.7468     53.132     53.574    31.9817     2.7794          2          2  0.000e+00
  1025.7527     52.998     53.439    31.9901     2.7816          2          2  0.000e+00
  1025.7719     52.847     53.286    32.0158     2.7881          2          2  0.000e+00
  1025.7684     52.680     53.118    32.0143     2.8066          2          2  0.000e+00
