data/eDNA/PER-2021-171/171b028.cnv
* Sea-Bird SBE19plus  Data File:
* FileName = C:\Users\RSG_field\Ryan_2021_Perley\CTD\171b028.hex
* Software version 2.3.0 SB_Terminal.dll
* Temperature SN = 7141
* Conductivity SN = 7141
* System UpLoad Time = Aug 18 2021 09:10:46
* <ApplicationData>
* <SeatermAF>
** Platform: M. Perley
** Cruise: Per2021171
** Station:  GC-04
** Cast: 01 2
** Latitude: N  44 55.685
** Longitude: W 59 51.591
** Sounding: 49.7
** Chief Scientist: Ryan Stanley
** Comment: 171b028
# nquan = 8
# nvalues = 2492                                  
# units = specified
# name 0 = density00: Density [density, kg/m^3]
# name 1 = depSM: Depth [salt water, m], lat = 45.00
# name 2 = prdM: Pressure, Strain Gauge [db]
# name 3 = sal00: Salinity, Practical [PSU]
# name 4 = tv290C: Temperature [ITS-90, deg C]
# name 5 = bpos: Bottle Position in Carousel
# name 6 = nbf: Bottles Fired
# name 7 = flag:  0.000e+00
# span 0 =   998.5974,  1023.3715                 
# span 1 =     -0.002,     49.236                 
# span 2 =     -0.002,     49.645                 
# span 3 =     0.0298,    30.4769                 
# span 4 =    11.2056,    19.1124                 
# span 5 =          0,          3                 
# span 6 =          0,          3                 
# span 7 = 0.0000e+00, 0.0000e+00                 
# interval = seconds: 0.25
# start_time = Aug 18 2021 11:57:57 [Instrument's time stamp, header]
# bad_flag = -9.990e-29
*END*
[from data line 2158]
  1021.7957     34.928     35.217    29.6823    16.1038          1          1  0.000e+00
  1021.7962     34.787     35.075    29.6860    16.1114          1          1  0.000e+00
  1021.7916     34.651     34.937    29.6838    16.1219          1          1  0.000e+00
  1021.7842     34.516     34.801    29.6780    16.1319          1          1  0.000e+00
  1021.7820     34.388     34.672    29.6777    16.1385          1          1  0.000e+00
  1021.7805     34.260     34.544    29.6780    16.1440          1          1  0.000e+00
  1021.7809     34.140     34.422    29.6815    16.1516          1          1  0.000e+00
  1021.7734     34.023     34.304    29.6751    16.1608          1          1  0.000e+00
  1021.7723     33.914     34.194    29.6760    16.1671          1          1  0.000e+00
  1021.7674     33.807     34.086    29.6721    16.1734          1          1  0.000e+00
  1021.7642     33.700     33.978    29.6699    16.1781          1          1  0.000e+00
  1021.7609     33.598     33.876    29.6670    16.1806          1          1  0.000e+00
  1021.7618     33.501     33.778    29.6692    16.1826          1          1  0.000e+00
  1021.7608     33.413     33.690    29.6693    16.1856          1          1  0.000e+00
  1021.7543     33.329     33.604    29.6624    16.1895          1          1  0.000e+00
  1021.7503     33.244     33.519    29.6581    16.1907          1          1  0.000e+00
  1021.7511     33.163     33.437    29.6594    16.1900          1          1  0.000e+00
  1021.7475     33.081     33.354    29.6558    16.1917          1          1  0.000e+00
  1021.7383     32.993     33.265    29.6447    16.1936          1          1  0.000e+00
  1021.7312     32.902     33.174    29.6364    16.1947          1          1  0.000e+00
  1021.7246     32.805     33.076    29.6289    16.1967          1          1  0.000e+00
  1021.7198     32.702     32.972    29.6234    16.1971          1          1  0.000e+00
  1021.7200     32.587     32.856    29.6241    16.1964          1          1  0.000e+00
  1021.7204     32.465     32.733    29.6251    16.1954          1          1  0.000e+00
  1021.7191     32.327     32.594    29.6243    16.1957          1          1  0.000e+00
  1021.7155     32.171     32.437    29.6211    16.1979          1          1  0.000e+00
  1021.7114     31.995     32.259    29.6174    16.2003          1          1  0.000e+00
  1021.7067     31.804     32.067    29.6130    16.2023          1          1  0.000e+00
  1021.7047     31.600     31.861    29.6117    16.2028          1          1  0.000e+00
  1021.7028     31.398     31.658    29.6103    16.2024          1          1  0.000e+00
  1021.7027     31.204     31.462    29.6112    16.2021          1          1  0.000e+00
  1021.7014     31.024     31.280    29.6108    16.2027          1          1  0.000e+00
  1021.6994     30.871     31.126    29.6093    16.2037          1          1  0.000e+00
  1021.6983     30.747     31.001    29.6090    16.2047          1          1  0.000e+00
  1021.6967     30.649     30.902    29.6077    16.2058          1          1  0.000e+00
  1021.6955     30.576     30.828    29.6069    16.2066          1          1  0.000e+00
  1021.6949     30.524     30.776    29.6063    16.2066          1          1  0.000e+00
  1021.6934     30.481     30.733    29.6044    16.2057          1          1  0.000e+00
  1021.6935     30.450     30.701    29.6043    16.2042          1          1  0.000e+00
  1021.6920     30.414     30.665    29.6025    16.2041          1          1  0.000e+00
  1021.6900     30.372     30.623    29.6005    16.2056          1          1  0.000e+00
  1021.6866     30.319     30.570    29.5969    16.2073          1          1  0.000e+00
  1021.6843     30.248     30.498    29.5944    16.2075          1          1  0.000e+00
  1021.6847     30.153     30.402    29.5952    16.2067          1          1  0.000e+00
  1021.6837     30.034     30.282    29.5947    16.2067          1          1  0.000e+00
  1021.6816     29.892     30.139    29.5929    16.2073          1          1  0.000e+00
  1021.6781     29.729     29.974    29.5898    16.2091          1          1  0.000e+00
  1021.6741     29.546     29.790    29.5866    16.2123          1          1  0.000e+00
  1021.6708     29.358     29.600    29.5840    16.2144          1          1  0.000e+00
  1021.6662     29.170     29.411    29.5804    16.2187          1          1  0.000e+00
  1021.6609     28.988     29.227    29.5756    16.2225          1          1  0.000e+00
  1021.6557     28.816     29.054    29.5714    16.2278          1          1  0.000e+00
  1021.6495     28.654     28.890    29.5659    16.2334          1          1  0.000e+00
  1021.6443     28.505     28.741    29.5613    16.2379          1          1  0.000e+00
  1021.6408     28.369     28.603    29.5584    16.2411          1          1  0.000e+00
  1021.6377     28.242     28.475    29.5560    16.2440          1          1  0.000e+00
  1021.6336     28.124     28.356    29.5521    16.2471          1          1  0.000e+00
  1021.6295     28.015     28.246    29.5486    16.2509          1          1  0.000e+00
  1021.6253     27.918     28.149    29.5448    16.2549          1          1  0.000e+00
  1021.6200     27.829     28.059    29.5398    16.2598          1          1  0.000e+00
  1021.6148     27.744     27.973    29.5349    16.2643          1          1  0.000e+00
  1021.6107     27.664     27.892    29.5309    16.2672          1          1  0.000e+00
  1021.6060     27.586     27.814    29.5262    16.2709          1          1  0.000e+00
  1021.6023     27.506     27.733    29.5226    16.2734          1          1  0.000e+00
  1021.5993     27.426     27.653    29.5194    16.2741          1          1  0.000e+00
  1021.5985     27.342     27.567    29.5186    16.2738          1          1  0.000e+00
  1021.5966     27.250     27.475    29.5169    16.2745          1          1  0.000e+00
  1021.5938     27.153     27.377    29.5143    16.2760          1          1  0.000e+00
  1021.5920     27.043     27.266    29.5128    16.2763          1          1  0.000e+00
  1021.5915     26.922     27.144    29.5127    16.2759          1          1  0.000e+00
  1021.5906     26.790     27.011    29.5122    16.2760          1          1  0.000e+00
  1021.5905     26.653     26.872    29.5131    16.2763          1          1  0.000e+00
  1021.5890     26.505     26.724    29.5121    16.2771          1          1  0.000e+00
  1021.5876     26.350     26.568    29.5114    16.2779          1          1  0.000e+00
  1021.5863     26.194     26.410    29.5108    16.2784          1          1  0.000e+00
  1021.5854     26.035     26.249    29.5107    16.2787          1          1  0.000e+00
  1021.5843     25.877     26.090    29.5104    16.2794          1          1  0.000e+00
  1021.5826     25.721     25.933    29.5093    16.2802          1          1  0.000e+00
  1021.5799     25.571     25.782    29.5071    16.2816          2          2  0.000e+00
  1021.5774     25.425     25.635    29.5050    16.2826          2          2  0.000e+00
  1021.5750     25.281     25.489    29.5027    16.2829          2          2  0.000e+00
  1021.5707     25.138     25.345    29.4981    16.2831          2          2  0.000e+00
  1021.5673     24.998     25.204    29.4948    16.2844          2          2  0.000e+00
  1021.5642     24.856     25.061    29.4920    16.2856          2          2  0.000e+00
  1021.5612     24.708     24.912    29.4895    16.2876          2          2  0.000e+00
  1021.5575     24.559     24.761    29.4859    16.2889          2          2  0.000e+00
  1021.5534     24.415     24.616    29.4816    16.2897          2          2  0.000e+00
  1021.5511     24.273     24.473    29.4796    16.2900          2          2  0.000e+00
  1021.5498     24.141     24.340    29.4786    16.2899          2          2  0.000e+00
  1021.5477     24.022     24.220    29.4767    16.2906          2          2  0.000e+00
  1021.5448     23.918     24.115    29.4740    16.2917          2          2  0.000e+00
  1021.5400     23.827     24.023    29.4688    16.2939          2          2  0.000e+00
  1021.5369     23.744     23.940    29.4662    16.2970          2          2  0.000e+00
  1021.5340     23.663     23.858    29.4634    16.2990          2          2  0.000e+00
  1021.5318     23.588     23.782    29.4611    16.2994          2          2  0.000e+00
  1021.5288     23.511     23.704    29.4580    16.3007          2          2  0.000e+00
  1021.5263     23.429     23.622    29.4556    16.3020          2          2  0.000e+00
  1021.5261     23.342     23.534    29.4557    16.3015          2          2  0.000e+00
  1021.5267     23.255     23.447    29.4568    16.3007          2          2  0.000e+00
  1021.5257     23.160     23.351    29.4559    16.3002          2          2  0.000e+00
  1021.5251     23.061     23.251    29.4557    16.3003          2          2  0.000e+00
  1021.5234     22.955     23.144    29.4543    16.3012          2          2  0.000e+00
  1021.5218     22.845     23.033    29.4530    16.3016          2          2  0.000e+00
  1021.5204     22.722     22.909    29.4522    16.3024          2          2  0.000e+00
  1021.5189     22.591     22.777    29.4510    16.3026          2          2  0.000e+00
  1021.5183     22.451     22.636    29.4510    16.3024          2          2  0.000e+00
  1021.5172     22.302     22.486    29.4507    16.3032          2          2  0.000e+00
  1021.5155     22.153     22.335    29.4497    16.3043          2          2  0.000e+00
  1021.5142     22.000     22.181    29.4492    16.3056          2          2  0.000e+00
  1021.5120     21.846     22.026    29.4479    16.3078          2          2  0.000e+00
  1021.5102     21.699     21.878    29.4471    16.3102          2          2  0.000e+00
  1021.5064     21.554     21.731    29.4440    16.3137          2          2  0.000e+00
  1021.5045     21.420     21.597    29.4431    16.3163          2          2  0.000e+00
  1021.5010     21.294     21.470    29.4401    16.3191          2          2  0.000e+00
  1021.5002     21.176     21.351    29.4401    16.3204          2          2  0.000e+00
  1021.5013     21.064     21.238    29.4430    16.3232          2          2  0.000e+00
  1021.4955     20.959     21.132    29.4381    16.3302          2          2  0.000e+00
  1021.4951     20.854     21.026    29.4398    16.3359          2          2  0.000e+00
  1021.4893     20.752     20.923    29.4357    16.3459          2          2  0.000e+00
  1021.4844     20.650     20.820    29.4331    16.3566          2          2  0.000e+00
  1021.4771     20.548     20.717    29.4274    16.3678          2          2  0.000e+00
  1021.4669     20.441     20.609    29.4177    16.3782          2          2  0.000e+00
  1021.4634     20.338     20.505    29.4154    16.3835          2          2  0.000e+00
  1021.4634     20.230     20.396    29.4170    16.3872          2          2  0.000e+00
  1021.4580     20.114     20.280    29.4123    16.3929          2          2  0.000e+00
  1021.4558     19.990     20.155    29.4113    16.3967          2          2  0.000e+00
  1021.4543     19.860     20.023    29.4111    16.4005          2          2  0.000e+00
  1021.4510     19.724     19.887    29.4091    16.4057          2          2  0.000e+00
  1021.4452     19.580     19.741    29.4040    16.4110          2          2  0.000e+00
  1021.4434     19.436     19.596    29.4035    16.4145          2          2  0.000e+00
  1021.4437     19.305     19.463    29.4057    16.4180          2          2  0.000e+00
  1021.4391     19.178     19.336    29.4028    16.4260          2          2  0.000e+00
  1021.4332     19.066     19.223    29.3980    16.4338          2          2  0.000e+00
  1021.4314     18.970     19.126    29.3980    16.4398          2          2  0.000e+00
  1021.4305     18.887     19.042    29.3998    16.4482          2          2  0.000e+00
  1021.4239     18.811     18.965    29.3948    16.4597          2          2  0.000e+00
  1021.4172     18.739     18.893    29.3898    16.4709          2          2  0.000e+00
  1021.4174     18.658     18.811    29.3935    16.4808          2          2  0.000e+00
  1021.4099     18.566     18.719    29.3884    16.4950          2          2  0.000e+00
  1021.4022     18.452     18.604    29.3835    16.5105          2          2  0.000e+00
  1021.3877     18.310     18.461    29.3700    16.5259          2          2  0.000e+00
  1021.3760     18.144     18.293    29.3585    16.5357          2          2  0.000e+00
  1021.3765     17.954     18.102    29.3610    16.5383          2          2  0.000e+00
  1021.3772     17.750     17.896    29.3643    16.5422          2          2  0.000e+00
  1021.3738     17.546     17.690    29.3636    16.5508          2          2  0.000e+00
  1021.3661     17.350     17.493    29.3580    16.5623          2          2  0.000e+00
  1021.3593     17.171     17.312    29.3531    16.5725          2          2  0.000e+00
  1021.3548     17.020     17.160    29.3505    16.5805          2          2  0.000e+00
  1021.3500     16.897     17.036    29.3470    16.5875          2          2  0.000e+00
  1021.3492     16.807     16.945    29.3481    16.5932          2          2  0.000e+00
  1021.3501     16.747     16.885    29.3519    16.6004          2          2  0.000e+00
  1021.3519     16.711     16.848    29.3578    16.6120          2          2  0.000e+00
  1021.3457     16.694     16.831    29.3550    16.6297          2          2  0.000e+00
  1021.3537     16.685     16.823    29.3717    16.6509          2          2  0.000e+00
  1021.3416     16.681     16.818    29.3661    16.6856          2          2  0.000e+00
  1021.3136     16.667     16.804    29.3407    16.7230          2          2  0.000e+00
  1021.2881     16.639     16.775    29.3148    16.7479          2          2  0.000e+00
  1021.2788     16.582     16.719    29.3050    16.7546          2          2  0.000e+00
  1021.2900     16.505     16.641    29.3198    16.7537          2          2  0.000e+00
  1021.2807     16.401     16.536    29.3108    16.7619          2          2  0.000e+00
  1021.2874     16.270     16.404    29.3222    16.7683          2          2  0.000e+00
  1021.2817     16.117     16.250    29.3191    16.7804          2          2  0.000e+00
  1021.2820     15.945     16.077    29.3247    16.7943          2          2  0.000e+00
  1021.2851     15.758     15.887    29.3355    16.8136          2          2  0.000e+00
  1021.2742     15.567     15.695    29.3311    16.8429          2          2  0.000e+00
  1021.2547     15.370     15.496    29.3157    16.8730          2          2  0.000e+00
  1021.2517     15.179     15.304    29.3196    16.8955          2          2  0.000e+00
  1021.2557     14.984     15.107    29.3334    16.9206          2          2  0.000e+00
  1021.2662     14.797     14.919    29.3593    16.9577          2          2  0.000e+00
  1021.2459     14.627     14.747    29.3503    17.0133          2          2  0.000e+00
  1021.2231     14.476     14.595    29.3393    17.0730          2          2  0.000e+00
  1021.1941     14.349     14.467    29.3202    17.1333          2          2  0.000e+00
  1021.1370     14.249     14.367    29.2601    17.1798          2          2  0.000e+00
  1021.1553     14.172     14.289    29.2878    17.1906          2          2  0.000e+00
  1021.1533     14.121     14.237    29.2926    17.2143          2          2  0.000e+00
  1021.1715     14.084     14.200    29.3272    17.2497          2          2  0.000e+00
  1021.1563     14.053     14.169    29.3241    17.3046          2          2  0.000e+00
  1021.1456     14.024     14.139    29.3311    17.3734          2          2  0.000e+00
  1021.0660     13.993     14.108    29.2488    17.4445          2          2  0.000e+00
