data/eDNA/PER-2021-171/171b013.cnv
* Sea-Bird SBE19plus  Data File:
* FileName = C:\Users\RSG_field\Ryan_2021_Perley\CTD\171b013.hex
* Software version 2.3.0 SB_Terminal.dll
* Temperature SN = 7141
* Conductivity SN = 7141
* System UpLoad Time = Aug 12 2021 11:02:57
* <ApplicationData>
* <SeatermAF>
** Platform: M. Perley
** Cruise: Per2021171
** Station:  ESI_11
** Cast: 01 2
** Latitude: N  44 38.547
** Longitude: W 62 38.417
** Sounding: 70.5
** Chief Scientist: Ryan Stanley
** Comment: 171b013
# nquan = 8
# nvalues = 2891                                  
# units = specified
# name 0 = density00: Density [density, kg/m^3]
# name 1 = depSM: Depth [salt water, m], lat = 45.00
# name 2 = prdM: Pressure, Strain Gauge [db]
# name 3 = sal00: Salinity, Practical [PSU]
# name 4 = tv290C: Temperature [ITS-90, deg C]
# name 5 = bpos: Bottle Position in Carousel
# name 6 = nbf: Bottles Fired
# name 7 = flag:  0.000e+00
# span 0 =   998.6747,  1025.9238                 
# span 1 =     -0.067,     75.631                 
# span 2 =     -0.068,     76.264                 
# span 3 =     0.0086,    32.1516                 
# span 4 =     3.4754,    18.3998                 
# span 5 =          0,          2                 
# span 6 =          0,          2                 
# span 7 = 0.0000e+00, 0.0000e+00                 
# interval = seconds: 0.25
# start_time = Aug 12 2021 13:47:05 [Instrument's time stamp, header]
# bad_flag = -9.990e-29
*END*
[from data line 2158]
  1025.8362     75.069     75.698    32.0453     3.5214          1          1  0.000e+00
  1025.8417     75.162     75.791    32.0516     3.5207          1          1  0.000e+00
  1025.8442     75.246     75.876    32.0541     3.5195          1          1  0.000e+00
  1025.8447     75.316     75.947    32.0542     3.5184          1          1  0.000e+00
  1025.8469     75.373     76.004    32.0566     3.5178          1          1  0.000e+00
  1025.8473     75.407     76.038    32.0569     3.5173          1          1  0.000e+00
  1025.8468     75.421     76.053    32.0561     3.5171          1          1  0.000e+00
  1025.8445     75.425     76.056    32.0533     3.5173          1          1  0.000e+00
  1025.8444     75.412     76.043    32.0532     3.5179          1          1  0.000e+00
  1025.8437     75.392     76.023    32.0525     3.5187          1          1  0.000e+00
  1025.8421     75.370     76.000    32.0508     3.5191          1          1  0.000e+00
  1025.8416     75.341     75.971    32.0504     3.5198          1          1  0.000e+00
  1025.8407     75.313     75.944    32.0495     3.5204          1          1  0.000e+00
  1025.8404     75.287     75.917    32.0494     3.5209          1          1  0.000e+00
  1025.8403     75.255     75.885    32.0493     3.5209          1          1  0.000e+00
  1025.8404     75.207     75.837    32.0497     3.5208          1          1  0.000e+00
  1025.8403     75.142     75.770    32.0500     3.5209          1          1  0.000e+00
  1025.8395     75.045     75.673    32.0497     3.5217          1          1  0.000e+00
  1025.8395     74.939     75.566    32.0504     3.5229          1          1  0.000e+00
  1025.8377     74.830     75.456    32.0490     3.5246          1          1  0.000e+00
  1025.8355     74.723     75.348    32.0471     3.5260          1          1  0.000e+00
  1025.8340     74.623     75.248    32.0459     3.5268          1          1  0.000e+00
  1025.8320     74.542     75.165    32.0439     3.5273          1          1  0.000e+00
  1025.8297     74.482     75.105    32.0414     3.5275          1          1  0.000e+00
  1025.8268     74.450     75.073    32.0380     3.5275          1          1  0.000e+00
  1025.8246     74.443     75.066    32.0352     3.5274          1          1  0.000e+00
  1025.8208     74.459     75.082    32.0304     3.5275          1          1  0.000e+00
  1025.8185     74.481     75.104    32.0273     3.5275          1          1  0.000e+00
  1025.8152     74.499     75.123    32.0230     3.5275          1          1  0.000e+00
  1025.8082     74.504     75.128    32.0143     3.5275          1          1  0.000e+00
  1025.8039     74.484     75.108    32.0090     3.5275          1          1  0.000e+00
  1025.8013     74.438     75.061    32.0060     3.5277          1          1  0.000e+00
  1025.7970     74.349     74.971    32.0012     3.5281          1          1  0.000e+00
  1025.8005     74.217     74.838    32.0064     3.5284          1          1  0.000e+00
  1025.7992     74.059     74.679    32.0058     3.5294          1          1  0.000e+00
  1025.7990     73.883     74.501    32.0067     3.5302          1          1  0.000e+00
  1025.7957     73.705     74.322    32.0037     3.5308          1          1  0.000e+00
  1025.7882     73.530     74.145    31.9953     3.5310          1          1  0.000e+00
  1025.7846     73.367     73.981    31.9918     3.5308          1          1  0.000e+00
  1025.7811     73.225     73.837    31.9882     3.5303          1          1  0.000e+00
  1025.7812     73.097     73.708    31.9890     3.5301          1          1  0.000e+00
  1025.7743     72.991     73.601    31.9809     3.5300          1          1  0.000e+00
  1025.7617     72.905     73.514    31.9655     3.5294          1          1  0.000e+00
  1025.7623     72.842     73.451    31.9665     3.5280          1          1  0.000e+00
  1025.7605     72.797     73.405    31.9644     3.5269          1          1  0.000e+00
  1025.7586     72.759     73.368    31.9621     3.5261          1          1  0.000e+00
  1025.7414     72.729     73.337    31.9406     3.5255          1          1  0.000e+00
  1025.7336     72.684     73.292    31.9309     3.5237          1          1  0.000e+00
  1025.7249     72.631     73.239    31.9199     3.5216          1          1  0.000e+00
  1025.7201     72.571     73.178    31.9141     3.5195          1          1  0.000e+00
  1025.7192     72.499     73.105    31.9132     3.5179          1          1  0.000e+00
  1025.7189     72.418     73.024    31.9132     3.5173          1          1  0.000e+00
  1025.7172     72.328     72.933    31.9116     3.5173          1          1  0.000e+00
  1025.7117     72.227     72.831    31.9053     3.5172          1          1  0.000e+00
  1025.7077     72.114     72.717    31.9009     3.5169          1          1  0.000e+00
  1025.7084     71.977     72.579    31.9025     3.5160          1          1  0.000e+00
  1025.7041     71.829     72.429    31.8979     3.5153          1          1  0.000e+00
  1025.6999     71.657     72.256    31.8935     3.5144          1          1  0.000e+00
  1025.6969     71.479     72.076    31.8906     3.5134          1          1  0.000e+00
  1025.6917     71.277     71.873    31.8853     3.5126          1          1  0.000e+00
  1025.6889     71.083     71.677    31.8828     3.5115          1          1  0.000e+00
  1025.6875     70.884     71.476    31.8821     3.5104          1          1  0.000e+00
  1025.6847     70.711     71.302    31.8795     3.5097          1          1  0.000e+00
  1025.6824     70.562     71.151    31.8774     3.5088          1          1  0.000e+00
  1025.6802     70.433     71.022    31.8753     3.5081          1          1  0.000e+00
  1025.6785     70.333     70.920    31.8736     3.5071          1          1  0.000e+00
  1025.6790     70.249     70.836    31.8747     3.5065          1          1  0.000e+00
  1025.6782     70.182     70.769    31.8741     3.5060          1          1  0.000e+00
  1025.6783     70.139     70.725    31.8744     3.5058          1          1  0.000e+00
  1025.6777     70.084     70.669    31.8739     3.5058          1          1  0.000e+00
  1025.6770     70.031     70.616    31.8734     3.5059          1          1  0.000e+00
  1025.6771     69.966     70.550    31.8739     3.5061          1          1  0.000e+00
  1025.6765     69.900     70.484    31.8737     3.5075          1          1  0.000e+00
  1025.6755     69.826     70.409    31.8732     3.5094          1          1  0.000e+00
  1025.6743     69.737     70.320    31.8723     3.5108          1          1  0.000e+00
  1025.6731     69.628     70.209    31.8715     3.5119          1          1  0.000e+00
  1025.6726     69.507     70.088    31.8718     3.5124          1          1  0.000e+00
  1025.6718     69.359     69.939    31.8717     3.5130          1          1  0.000e+00
  1025.6714     69.208     69.786    31.8722     3.5135          1          1  0.000e+00
  1025.6713     69.040     69.617    31.8732     3.5147          1          1  0.000e+00
  1025.6726     68.860     69.435    31.8760     3.5164          1          1  0.000e+00
  1025.6712     68.666     69.240    31.8759     3.5197          1          1  0.000e+00
  1025.6687     68.463     69.034    31.8743     3.5238          1          1  0.000e+00
  1025.6679     68.270     68.840    31.8749     3.5278          1          1  0.000e+00
  1025.6668     68.073     68.642    31.8753     3.5323          1          1  0.000e+00
  1025.6615     67.893     68.460    31.8703     3.5374          1          1  0.000e+00
  1025.6599     67.719     68.285    31.8698     3.5413          1          1  0.000e+00
  1025.6586     67.569     68.133    31.8695     3.5449          1          1  0.000e+00
  1025.6575     67.433     67.996    31.8694     3.5490          1          1  0.000e+00
  1025.6549     67.313     67.875    31.8674     3.5540          1          1  0.000e+00
  1025.6520     67.207     67.768    31.8650     3.5591          1          1  0.000e+00
  1025.6496     67.121     67.682    31.8629     3.5634          1          1  0.000e+00
  1025.6466     67.055     67.614    31.8600     3.5675          1          1  0.000e+00
  1025.6422     66.995     67.555    31.8553     3.5707          1          1  0.000e+00
  1025.6381     66.948     67.506    31.8506     3.5729          1          1  0.000e+00
  1025.6304     66.892     67.451    31.8414     3.5739          1          1  0.000e+00
  1025.6205     66.832     67.390    31.8291     3.5729          1          1  0.000e+00
  1025.6197     66.761     67.318    31.8280     3.5679          1          1  0.000e+00
  1025.6275     66.673     67.230    31.8377     3.5626          1          1  0.000e+00
  1025.6243     66.561     67.116    31.8342     3.5606          1          1  0.000e+00
  1025.6249     66.417     66.972    31.8354     3.5586          1          1  0.000e+00
  1025.6254     66.255     66.808    31.8369     3.5568          1          1  0.000e+00
  1025.6250     66.085     66.636    31.8373     3.5558          1          1  0.000e+00
  1025.6172     65.911     66.461    31.8284     3.5547          1          1  0.000e+00
  1025.6127     65.737     66.285    31.8233     3.5512          1          1  0.000e+00
  1025.6093     65.578     66.125    31.8194     3.5459          1          1  0.000e+00
  1025.6073     65.435     65.981    31.8170     3.5394          1          1  0.000e+00
  1025.6102     65.314     65.859    31.8206     3.5327          1          1  0.000e+00
  1025.6100     65.210     65.754    31.8202     3.5271          1          1  0.000e+00
  1025.6129     65.115     65.658    31.8240     3.5227          1          1  0.000e+00
  1025.6108     65.024     65.567    31.8214     3.5193          1          1  0.000e+00
  1025.6105     64.926     65.468    31.8214     3.5158          1          1  0.000e+00
  1025.6086     64.810     65.351    31.8192     3.5126          1          1  0.000e+00
  1025.6106     64.672     65.212    31.8222     3.5093          1          1  0.000e+00
  1025.6152     64.512     65.051    31.8287     3.5077          1          1  0.000e+00
  1025.6155     64.327     64.863    31.8304     3.5087          1          1  0.000e+00
  1025.6140     64.124     64.659    31.8299     3.5107          1          1  0.000e+00
  1025.6123     63.921     64.454    31.8291     3.5126          1          1  0.000e+00
  1025.6091     63.721     64.253    31.8266     3.5143          1          1  0.000e+00
  1025.6110     63.541     64.071    31.8302     3.5160          1          1  0.000e+00
  1025.6094     63.388     63.916    31.8294     3.5191          1          1  0.000e+00
  1025.6085     63.271     63.799    31.8294     3.5226          1          1  0.000e+00
  1025.6096     63.182     63.709    31.8317     3.5265          1          1  0.000e+00
  1025.6061     63.120     63.647    31.8283     3.5319          1          1  0.000e+00
  1025.6027     63.082     63.608    31.8248     3.5364          1          1  0.000e+00
  1025.6034     63.048     63.574    31.8263     3.5397          1          1  0.000e+00
  1025.6145     63.019     63.544    31.8410     3.5442          1          1  0.000e+00
  1025.6123     62.976     63.501    31.8397     3.5556          1          1  0.000e+00
  1025.6042     62.915     63.439    31.8315     3.5687          1          1  0.000e+00
  1025.5961     62.829     63.353    31.8230     3.5786          1          1  0.000e+00
  1025.5905     62.714     63.237    31.8173     3.5848          1          1  0.000e+00
  1025.5880     62.575     63.097    31.8155     3.5885          1          1  0.000e+00
  1025.5850     62.410     62.930    31.8130     3.5909          1          1  0.000e+00
  1025.5828     62.225     62.743    31.8114     3.5924          1          1  0.000e+00
  1025.5823     62.029     62.547    31.8120     3.5930          1          1  0.000e+00
  1025.5835     61.834     62.350    31.8149     3.5940          1          1  0.000e+00
  1025.5820     61.641     62.155    31.8144     3.5969          1          1  0.000e+00
  1025.5810     61.460     61.972    31.8146     3.6002          1          1  0.000e+00
  1025.5779     61.292     61.802    31.8123     3.6053          1          1  0.000e+00
  1025.5724     61.137     61.646    31.8071     3.6116          1          1  0.000e+00
  1025.5688     60.991     61.499    31.8040     3.6166          1          1  0.000e+00
  1025.5677     60.858     61.365    31.8039     3.6211          1          1  0.000e+00
  1025.5675     60.730     61.236    31.8052     3.6275          1          1  0.000e+00
  1025.5670     60.610     61.115    31.8064     3.6371          1          1  0.000e+00
  1025.5559     60.498     61.002    31.7946     3.6495          1          1  0.000e+00
  1025.5524     60.394     60.897    31.7917     3.6578          1          1  0.000e+00
  1025.5515     60.290     60.792    31.7919     3.6636          1          1  0.000e+00
  1025.5673     60.194     60.696    31.8132     3.6713          1          1  0.000e+00
  1025.5678     60.114     60.615    31.8164     3.6885          1          1  0.000e+00
  1025.5576     60.044     60.544    31.8066     3.7111          1          1  0.000e+00
  1025.5559     59.991     60.491    31.8073     3.7313          1          1  0.000e+00
  1025.5493     59.951     60.450    31.8017     3.7529          1          1  0.000e+00
  1025.5362     59.918     60.417    31.7878     3.7727          1          1  0.000e+00
  1025.5310     59.890     60.389    31.7831     3.7864          1          1  0.000e+00
  1025.5266     59.858     60.357    31.7791     3.7973          1          1  0.000e+00
  1025.5214     59.810     60.308    31.7739     3.8064          1          1  0.000e+00
  1025.5173     59.744     60.242    31.7700     3.8137          1          1  0.000e+00
  1025.5146     59.653     60.150    31.7678     3.8193          1          1  0.000e+00
  1025.5093     59.533     60.029    31.7623     3.8236          1          1  0.000e+00
  1025.5035     59.387     59.881    31.7561     3.8252          1          1  0.000e+00
  1025.5064     59.220     59.713    31.7607     3.8243          1          1  0.000e+00
  1025.5040     59.036     59.527    31.7587     3.8245          1          1  0.000e+00
  1025.4944     58.834     59.324    31.7478     3.8242          1          1  0.000e+00
  1025.4986     58.625     59.114    31.7540     3.8209          1          1  0.000e+00
  1025.5026     58.407     58.893    31.7600     3.8190          1          1  0.000e+00
  1025.5025     58.186     58.671    31.7613     3.8201          1          1  0.000e+00
  1025.4964     57.972     58.455    31.7551     3.8217          1          1  0.000e+00
  1025.4904     57.765     58.246    31.7487     3.8212          1          1  0.000e+00
  1025.4866     57.577     58.056    31.7448     3.8182          1          1  0.000e+00
  1025.4844     57.413     57.891    31.7424     3.8136          1          1  0.000e+00
  1025.4855     57.277     57.754    31.7439     3.8081          1          1  0.000e+00
  1025.4763     57.172     57.648    31.7323     3.8026          1          1  0.000e+00
  1025.4761     57.093     57.569    31.7315     3.7941          1          1  0.000e+00
  1025.4824     57.044     57.519    31.7386     3.7847          1          1  0.000e+00
  1025.4867     57.014     57.489    31.7435     3.7784          1          1  0.000e+00
  1025.4913     56.997     57.471    31.7489     3.7746          1          1  0.000e+00
  1025.4956     56.986     57.461    31.7542     3.7735          1          1  0.000e+00
  1025.4923     56.968     57.443    31.7504     3.7747          1          1  0.000e+00
  1025.4893     56.940     57.414    31.7468     3.7747          1          1  0.000e+00
