data/eDNA/PER-2021-171/171b010.cnv
* Sea-Bird SBE19plus  Data File:
* FileName = C:\Users\RSG_field\Ryan_2021_Perley\CTD\171b010.hex
* Software version 2.3.0 SB_Terminal.dll
* Temperature SN = 7141
* Conductivity SN = 7141
* System UpLoad Time = Aug 11 2021 14:23:34
* <ApplicationData>
* <SeatermAF>
** Platform: M. Perley
** Cruise: Per2021171
** Station:  ESI_14
** Cast: 01 2
** Latitude: N  44 36.596
** Longitude: W 62 55.823
** Sounding: 41.1
** Chief Scientist: Ryan Stanley
** Comment: 171b010
# nquan = 8
# nvalues = 2366                                  
# units = specified
# name 0 = density00: Density [density, kg/m^3]
# name 1 = depSM: Depth [salt water, m], lat = 45.00
# name 2 = prdM: Pressure, Strain Gauge [db]
# name 3 = sal00: Salinity, Practical [PSU]
# name 4 = tv290C: Temperature [ITS-90, deg C]
# name 5 = bpos: Bottle Position in Carousel
# name 6 = nbf: Bottles Fired
# name 7 = flag:  0.000e+00
# span 0 =   998.6525,  1024.4905                 
# span 1 =     -0.036,     29.084                 
# span 2 =     -0.036,     29.324                 
# span 3 =     0.0083,    31.4908                 
# span 4 =     5.9498,    18.4700                 
# span 5 =          0,          4                 
# span 6 =          0,          4                 
# span 7 = 0.0000e+00, 0.0000e+00                 
# interval = seconds: 0.25
# start_time = Aug 11 2021 16:54:54 [Instrument's time stamp, header]
# bad_flag = -9.990e-29
*END*
[from data line 2158]
   998.9101     -0.014     -0.014     0.0084    16.2482          4          4  0.000e+00
   998.9112     -0.014     -0.014     0.0083    16.2415          4          4  0.000e+00
   998.9123     -0.014     -0.014     0.0083    16.2348          4          4  0.000e+00
   998.9133     -0.016     -0.016     0.0083    16.2283          4          4  0.000e+00
   998.9143     -0.015     -0.015     0.0083    16.2221          4          4  0.000e+00
   998.9154     -0.015     -0.015     0.0083    16.2154          4          4  0.000e+00
   998.9165     -0.017     -0.017     0.0083    16.2090          4          4  0.000e+00
   998.9175     -0.017     -0.017     0.0083    16.2030          4          4  0.000e+00
   998.9185     -0.017     -0.017     0.0083    16.1972          4          4  0.000e+00
   998.9194     -0.015     -0.015     0.0083    16.1918          4          4  0.000e+00
   998.9202     -0.015     -0.015     0.0083    16.1868          4          4  0.000e+00
   998.9210     -0.017     -0.017     0.0083    16.1820          4          4  0.000e+00
   998.9218     -0.017     -0.017     0.0083    16.1769          4          4  0.000e+00
   998.9226     -0.014     -0.014     0.0083    16.1720          4          4  0.000e+00
   998.9239     -0.016     -0.016     0.0089    16.1669          4          4  0.000e+00
   998.9266     -0.016     -0.016     0.0113    16.1620          4          4  0.000e+00
   998.9274     -0.016     -0.016     0.0113    16.1569          4          4  0.000e+00
   998.9282     -0.015     -0.015     0.0113    16.1521          4          4  0.000e+00
   998.9291     -0.016     -0.016     0.0115    16.1475          4          4  0.000e+00
   998.9302     -0.016     -0.016     0.0119    16.1430          4          4  0.000e+00
   998.9341     -0.017     -0.017     0.0162    16.1391          4          4  0.000e+00
   999.8968     -0.017     -0.017     1.2644    16.1352          4          4  0.000e+00
  1001.1889     -0.017     -0.017     2.9469    16.1315          4          4  0.000e+00
  1000.9591     -0.015     -0.015     2.6463    16.1277          4          4  0.000e+00
  1000.2876     -0.015     -0.015     1.7703    16.1235          4          4  0.000e+00
  1000.0869     -0.015     -0.015     1.5081    16.1191          4          4  0.000e+00
  1000.1302     -0.016     -0.016     1.5635    16.1149          4          4  0.000e+00
  1000.9448     -0.015     -0.015     2.6240    16.1114          4          4  0.000e+00
  1000.4646     -0.017     -0.017     1.9978    16.1093          4          4  0.000e+00
  1000.3684     -0.016     -0.016     1.8721    16.1077          4          4  0.000e+00
  1000.4271     -0.016     -0.016     1.9482    16.1062          4          4  0.000e+00
  1000.5927     -0.017     -0.017     2.1635    16.1044          4          4  0.000e+00
  1001.1719     -0.014     -0.014     2.9183    16.1026          4          4  0.000e+00
  1000.4239     -0.016     -0.016     1.9429    16.1005          4          4  0.000e+00
  1000.3937     -0.015     -0.015     1.9031    16.0984          4          4  0.000e+00
  1000.4826     -0.018     -0.018     2.0183    16.0960          4          4  0.000e+00
  1000.5515     -0.016     -0.016     2.1076    16.0939          4          4  0.000e+00
  1000.5433     -0.016     -0.016     2.0964    16.0917          4          4  0.000e+00
  1000.4921     -0.015     -0.015     2.0292    16.0895          4          4  0.000e+00
  1000.5265     -0.015     -0.015     2.0736    16.0873          4          4  0.000e+00
  1001.2372     -0.014     -0.014     2.9995    16.0852          4          4  0.000e+00
  1001.0219     -0.015     -0.015     2.7183    16.0831          4          4  0.000e+00
  1000.6247     -0.015     -0.015     2.2001    16.0812          4          4  0.000e+00
  1000.3856     -0.016     -0.016     1.8883    16.0796          4          4  0.000e+00
  1000.2997     -0.015     -0.015     1.7762    16.0780          4          4  0.000e+00
  1000.1784     -0.016     -0.016     1.6179    16.0764          4          4  0.000e+00
  1000.2790     -0.017     -0.017     1.7486    16.0754          4          4  0.000e+00
  1000.3416     -0.015     -0.015     1.8300    16.0742          4          4  0.000e+00
  1000.3361     -0.016     -0.016     1.8225    16.0727          4          4  0.000e+00
  1000.3102     -0.016     -0.016     1.7885    16.0715          4          4  0.000e+00
  1000.2195     -0.015     -0.015     1.6700    16.0700          4          4  0.000e+00
  1000.1462     -0.018     -0.018     1.5743    16.0683          4          4  0.000e+00
  1000.1437     -0.016     -0.016     1.5706    16.0664          4          4  0.000e+00
  1000.2154     -0.015     -0.015     1.6635    16.0646          4          4  0.000e+00
  1000.2460     -0.016     -0.016     1.7029    16.0624          4          4  0.000e+00
  1000.2521     -0.016     -0.016     1.7103    16.0601          4          4  0.000e+00
  1000.2753     -0.015     -0.015     1.7399    16.0576          4          4  0.000e+00
  1001.1266     -0.014     -0.014     2.8486    16.0548          4          4  0.000e+00
  1000.8077     -0.016     -0.016     2.4323    16.0522          4          4  0.000e+00
  1000.5334     -0.014     -0.014     2.0743    16.0495          4          4  0.000e+00
  1000.3358     -0.016     -0.016     1.8164    16.0468          4          4  0.000e+00
  1000.3148     -0.016     -0.016     1.7887    16.0449          4          4  0.000e+00
  1000.7018     -0.016     -0.016     2.2925    16.0438          4          4  0.000e+00
  1001.2015     -0.016     -0.016     2.9437    16.0430          4          4  0.000e+00
  1000.5838     -0.014     -0.014     2.1383    16.0422          4          4  0.000e+00
  1000.4529     -0.013     -0.013     1.9677    16.0415          4          4  0.000e+00
  1000.3042     -0.015     -0.015     1.7739    16.0405          4          4  0.000e+00
  1000.1259     -0.015     -0.015     1.5417    16.0398          4          4  0.000e+00
  1000.0452     -0.016     -0.016     1.4366    16.0392          4          4  0.000e+00
  1000.0122     -0.014     -0.014     1.3935    16.0388          4          4  0.000e+00
  1000.0701     -0.016     -0.016     1.4688    16.0380          4          4  0.000e+00
  1000.1375     -0.016     -0.016     1.5563    16.0373          4          4  0.000e+00
  1000.1258     -0.015     -0.015     1.5407    16.0360          4          4  0.000e+00
  1000.1083     -0.017     -0.017     1.5177    16.0345          4          4  0.000e+00
  1000.0776     -0.015     -0.015     1.4773    16.0325          4          4  0.000e+00
  1000.1876     -0.015     -0.015     1.6200    16.0305          4          4  0.000e+00
  1000.9061     -0.015     -0.015     2.5553    16.0285          4          4  0.000e+00
  1000.3284     -0.014     -0.014     1.8023    16.0261          4          4  0.000e+00
  1000.2565     -0.014     -0.014     1.7083    16.0241          4          4  0.000e+00
  1000.9068     -0.016     -0.016     2.5548    16.0220          4          4  0.000e+00
  1000.9556     -0.014     -0.014     2.6181    16.0206          4          4  0.000e+00
  1000.3587     -0.016     -0.016     1.8402    16.0194          4          4  0.000e+00
  1000.2506     -0.013     -0.013     1.6994    16.0185          4          4  0.000e+00
  1000.4423     -0.014     -0.014     1.9488    16.0182          4          4  0.000e+00
  1000.5195     -0.015     -0.015     2.0494    16.0183          4          4  0.000e+00
  1000.5198     -0.015     -0.015     2.0498    16.0186          4          4  0.000e+00
  1000.4860     -0.016     -0.016     2.0058    16.0185          4          4  0.000e+00
  1000.5404     -0.015     -0.015     2.0767    16.0186          4          4  0.000e+00
  1001.0683     -0.015     -0.015     2.7645    16.0182          4          4  0.000e+00
  1000.5712     -0.016     -0.016     2.1166    16.0177          4          4  0.000e+00
  1000.4605     -0.016     -0.016     1.9723    16.0172          4          4  0.000e+00
  1000.3833     -0.017     -0.017     1.8718    16.0167          4          4  0.000e+00
  1000.2801     -0.016     -0.016     1.7373    16.0163          4          4  0.000e+00
  1000.1510     -0.015     -0.015     1.5692    16.0162          4          4  0.000e+00
  1000.0010     -0.015     -0.015     1.3740    16.0158          4          4  0.000e+00
   999.9178     -0.017     -0.017     1.2659    16.0158          4          4  0.000e+00
  1000.0301     -0.015     -0.015     1.4118    16.0154          4          4  0.000e+00
  1000.1023     -0.017     -0.017     1.5056    16.0149          4          4  0.000e+00
  1000.2873     -0.018     -0.018     1.7462    16.0145          4          4  0.000e+00
  1000.2038     -0.014     -0.014     1.6374    16.0138          4          4  0.000e+00
  1000.0484     -0.014     -0.014     1.4350    16.0130          4          4  0.000e+00
  1001.5778     -0.015     -0.015     3.4278    16.0122          4          4  0.000e+00
  1000.8963     -0.013     -0.013     2.5388    16.0113          4          4  0.000e+00
  1000.5440     -0.014     -0.014     2.0795    16.0103          4          4  0.000e+00
  1000.3204     -0.015     -0.015     1.7884    16.0099          4          4  0.000e+00
  1000.1070     -0.014     -0.014     1.5107    16.0100          4          4  0.000e+00
  1000.0373     -0.016     -0.016     1.4201    16.0105          4          4  0.000e+00
  1000.2335     -0.015     -0.015     1.6755    16.0114          4          4  0.000e+00
  1000.9757     -0.014     -0.014     2.6425    16.0123          4          4  0.000e+00
  1000.4115     -0.015     -0.015     1.9076    16.0130          4          4  0.000e+00
  1000.2716     -0.015     -0.015     1.7256    16.0134          4          4  0.000e+00
  1000.7524     -0.014     -0.014     2.3518    16.0137          4          4  0.000e+00
  1001.0387     -0.015     -0.015     2.7249    16.0138          4          4  0.000e+00
  1000.4453     -0.016     -0.016     1.9517    16.0138          4          4  0.000e+00
  1000.3635     -0.016     -0.016     1.8453    16.0139          4          4  0.000e+00
  1000.1844     -0.016     -0.016     1.6123    16.0140          4          4  0.000e+00
   999.9878     -0.014     -0.014     1.3566    16.0144          4          4  0.000e+00
  1000.1257     -0.015     -0.015     1.5360    16.0150          4          4  0.000e+00
  1001.1437     -0.015     -0.015     2.8623    16.0156          4          4  0.000e+00
  1000.7980     -0.013     -0.013     2.4117    16.0159          4          4  0.000e+00
  1000.4980     -0.015     -0.015     2.0208    16.0160          4          4  0.000e+00
  1000.3446     -0.015     -0.015     1.8211    16.0157          4          4  0.000e+00
  1000.2838     -0.016     -0.016     1.7419    16.0155          4          4  0.000e+00
  1000.1939     -0.017     -0.017     1.6250    16.0154          4          4  0.000e+00
  1000.0900     -0.017     -0.017     1.4898    16.0154          4          4  0.000e+00
   999.9515     -0.016     -0.016     1.3096    16.0156          4          4  0.000e+00
   999.9381     -0.013     -0.013     1.2922    16.0157          4          4  0.000e+00
  1000.0218     -0.017     -0.017     1.4011    16.0154          4          4  0.000e+00
  1000.0561     -0.016     -0.016     1.4456    16.0152          4          4  0.000e+00
  1000.0766     -0.017     -0.017     1.4721    16.0147          4          4  0.000e+00
  1000.0670     -0.016     -0.016     1.4596    16.0141          4          4  0.000e+00
  1000.0132     -0.016     -0.016     1.3893    16.0130          4          4  0.000e+00
   999.9499     -0.015     -0.015     1.3067    16.0118          4          4  0.000e+00
  1000.9784     -0.015     -0.015     2.6455    16.0104          4          4  0.000e+00
  1001.8780     -0.015     -0.015     3.8189    16.0093          4          4  0.000e+00
  1001.5509     -0.015     -0.015     3.3917    16.0080          4          4  0.000e+00
  1001.3073     -0.014     -0.014     3.0737    16.0068          4          4  0.000e+00
  1000.9111     -0.014     -0.014     2.5570    16.0063          4          4  0.000e+00
  1000.5332     -0.016     -0.016     2.0649    16.0073          4          4  0.000e+00
  1000.3261     -0.015     -0.015     1.7955    16.0090          4          4  0.000e+00
  1000.2276     -0.015     -0.015     1.6677    16.0107          4          4  0.000e+00
  1001.4224     -0.016     -0.016     3.2251    16.0125          4          4  0.000e+00
  1001.0554     -0.015     -0.015     2.7469    16.0144          4          4  0.000e+00
  1000.7650     -0.015     -0.015     2.3687    16.0159          4          4  0.000e+00
  1000.5642     -0.015     -0.015     2.1074    16.0172          4          4  0.000e+00
  1000.4812     -0.014     -0.014     1.9995    16.0186          4          4  0.000e+00
  1000.3576     -0.015     -0.015     1.8389    16.0200          4          4  0.000e+00
  1000.2103     -0.016     -0.016     1.6476    16.0214          4          4  0.000e+00
  1000.0579     -0.016     -0.016     1.4494    16.0225          4          4  0.000e+00
   999.9402     -0.016     -0.016     1.2966    16.0236          4          4  0.000e+00
   999.7521     -0.016     -0.016     1.0524    16.0246          4          4  0.000e+00
   999.4013     -0.016     -0.016     0.5971    16.0253          4          4  0.000e+00
   999.3751     -0.014     -0.014     0.5632    16.0258          4          4  0.000e+00
   999.3502     -0.017     -0.017     0.5310    16.0261          4          4  0.000e+00
   999.3663     -0.016     -0.016     0.5517    16.0255          4          4  0.000e+00
  1000.8429     -0.015     -0.015     2.4722    16.0247          4          4  0.000e+00
  1000.4067     -0.016     -0.016     1.9036    16.0232          4          4  0.000e+00
   999.9703     -0.015     -0.015     1.3354    16.0216          4          4  0.000e+00
   999.7465     -0.017     -0.017     1.0441    16.0198          4          4  0.000e+00
   999.5285     -0.016     -0.016     0.7606    16.0182          4          4  0.000e+00
   999.4130     -0.014     -0.014     0.6104    16.0168          4          4  0.000e+00
  1000.4059     -0.014     -0.014     1.9008    16.0156          4          4  0.000e+00
  1000.8726     -0.017     -0.017     2.5087    16.0145          4          4  0.000e+00
  1000.3983     -0.016     -0.016     1.8905    16.0134          4          4  0.000e+00
  1000.1945     -0.015     -0.015     1.6251    16.0126          4          4  0.000e+00
   999.9975     -0.014     -0.014     1.3687    16.0121          4          4  0.000e+00
   999.8488     -0.015     -0.015     1.1754    16.0124          4          4  0.000e+00
   999.5753     -0.014     -0.014     0.8202    16.0127          4          4  0.000e+00
   999.4178     -0.015     -0.015     0.6158    16.0129          4          4  0.000e+00
   999.3965     -0.017     -0.017     0.5881    16.0127          4          4  0.000e+00
  1001.4812     -0.014     -0.014     3.3017    16.0122          4          4  0.000e+00
  1001.1099     -0.014     -0.014     2.8173    16.0115          4          4  0.000e+00
  1000.5202     -0.016     -0.016     2.0487    16.0107          4          4  0.000e+00
  1000.0474     -0.017     -0.017     1.4332    16.0101          4          4  0.000e+00
   999.4974     -0.016     -0.016     0.7186    16.0103          4          4  0.000e+00
   999.4424     -0.015     -0.015     0.6474    16.0114          4          4  0.000e+00
   999.4223     -0.015     -0.015     0.6216    16.0126          4          4  0.000e+00
   999.4102     -0.016     -0.016     0.6062    16.0138          4          4  0.000e+00
   999.3978     -0.016     -0.016     0.5903    16.0144          4          4  0.000e+00
