data/eDNA/PER-2021-171/171b006.cnv
* Sea-Bird SBE19plus  Data File:
* FileName = C:\Users\RSG_field\Ryan_2021_Perley\CTD\171b006.hex
* Software version 2.3.0 SB_Terminal.dll
* Temperature SN = 7141
* Conductivity SN = 7141
* System UpLoad Time = Aug 12 2021 16:30:58
* <ApplicationData>
* <SeatermAF>
** Platform: M. Perley
** Cruise: Per2021171
** Station:  GC_06
** Cast: 01 2
** Latitude: N  44 47.051
** Longitude: W 62 26.638
** Sounding: 21.5
** Chief Scientist: Ryan Stanley
** Comment: 171b006
# nquan = 8
# nvalues = 2029                                  
# units = specified
# name 0 = density00: Density [density, kg/m^3]
# name 1 = depSM: Depth [salt water, m], lat = 45.00
# name 2 = prdM: Pressure, Strain Gauge [db]
# name 3 = sal00: Salinity, Practical [PSU]
# name 4 = tv290C: Temperature [ITS-90, deg C]
# name 5 = bpos: Bottle Position in Carousel
# name 6 = nbf: Bottles Fired
# name 7 = flag:  0.000e+00
# span 0 =   998.6891,  1023.8398                 
# span 1 =     -0.076,     23.030                 
# span 2 =     -0.077,     23.220                 
# span 3 =     0.0000,    32.1948                 
# span 4 =     9.2759,    18.6535                 
# span 5 =          0,          3                 
# span 6 =          0,          3                 
# span 7 = 0.0000e+00, 0.0000e+00                 
# interval = seconds: 0.25
# start_time = Aug 12 2021 19:18:50 [Instrument's time stamp, header]
# bad_flag = -9.990e-29
*END*
[from data line 1798]
  1023.2085     14.298     14.416    30.6595    12.4159          1          1  0.000e+00
  1023.1934     14.167     14.283    30.6555    12.4774          1          1  0.000e+00
  1023.2136     14.058     14.173    30.6990    12.5461          1          1  0.000e+00
  1023.1739     13.962     14.077    30.6685    12.6290          1          1  0.000e+00
  1023.1620     13.882     13.996    30.6722    12.7050          1          1  0.000e+00
  1023.1339     13.807     13.921    30.6547    12.7797          1          1  0.000e+00
  1023.0960     13.733     13.846    30.6222    12.8451          1          1  0.000e+00
  1023.0910     13.650     13.763    30.6290    12.8963          1          1  0.000e+00
  1023.0658     13.554     13.665    30.6099    12.9486          1          1  0.000e+00
  1023.0167     13.447     13.557    30.5574    12.9903          1          1  0.000e+00
  1023.0296     13.324     13.433    30.5789    13.0064          1          1  0.000e+00
  1023.0445     13.192     13.300    30.6045    13.0287          1          1  0.000e+00
  1023.0741     13.052     13.159    30.6535    13.0687          1          1  0.000e+00
  1023.0573     12.902     13.008    30.6478    13.1293          1          1  0.000e+00
  1023.1040     12.748     12.853    30.7258    13.1956          1          1  0.000e+00
  1023.1556     12.592     12.695    30.8205    13.3022          1          1  0.000e+00
  1023.1377     12.436     12.538    30.8324    13.4365          1          1  0.000e+00
  1023.0840     12.288     12.389    30.7992    13.5746          1          1  0.000e+00
  1023.0756     12.155     12.255    30.8253    13.7151          1          1  0.000e+00
  1022.9413     12.038     12.137    30.6846    13.8408          1          1  0.000e+00
  1022.9849     11.935     12.033    30.7603    13.9121          1          1  0.000e+00
  1023.0275     11.853     11.950    30.8389    13.9993          1          1  0.000e+00
  1023.0158     11.783     11.880    30.8556    14.1186          1          1  0.000e+00
  1023.0189     11.720     11.817    30.8949    14.2501          1          1  0.000e+00
  1022.9502     11.656     11.751    30.8444    14.3929          1          1  0.000e+00
  1022.9296     11.582     11.678    30.8508    14.5149          1          1  0.000e+00
  1022.8542     11.488     11.582    30.7840    14.6274          1          1  0.000e+00
  1022.7822     11.369     11.463    30.7123    14.7056          1          1  0.000e+00
  1022.7781     11.231     11.323    30.7184    14.7441          1          1  0.000e+00
  1022.7705     11.072     11.162    30.7182    14.7767          1          1  0.000e+00
  1022.7707     10.906     10.996    30.7279    14.8076          1          1  0.000e+00
  1022.7737     10.738     10.826    30.7415    14.8394          2          2  0.000e+00
  1022.7576     10.573     10.660    30.7316    14.8763          2          2  0.000e+00
  1022.7402     10.423     10.508    30.7186    14.9079          2          2  0.000e+00
  1022.7521     10.293     10.377    30.7415    14.9319          2          2  0.000e+00
  1022.7333     10.181     10.265    30.7264    14.9637          2          2  0.000e+00
  1022.7258     10.092     10.175    30.7244    14.9900          2          2  0.000e+00
  1022.7997     10.018     10.100    30.8282    15.0162          2          2  0.000e+00
  1022.7783      9.949     10.031    30.8191    15.0828          2          2  0.000e+00
  1022.6945      9.888      9.969    30.7314    15.1578          2          2  0.000e+00
  1022.6932      9.819      9.899    30.7383    15.1873          2          2  0.000e+00
  1022.7418      9.731      9.811    30.8098    15.2155          2          2  0.000e+00
  1022.7349      9.626      9.705    30.8182    15.2755          2          2  0.000e+00
  1022.7041      9.492      9.570    30.7978    15.3430          2          2  0.000e+00
  1022.6883      9.336      9.413    30.7938    15.3988          2          2  0.000e+00
  1022.6734      9.170      9.245    30.7889    15.4469          2          2  0.000e+00
  1022.6461      8.996      9.070    30.7663    15.4890          2          2  0.000e+00
  1022.6568      8.823      8.896    30.7904    15.5212          2          2  0.000e+00
  1022.6586      8.672      8.743    30.8043    15.5593          2          2  0.000e+00
  1022.6600      8.540      8.610    30.8199    15.6050          2          2  0.000e+00
  1022.6589      8.437      8.506    30.8337    15.6565          2          2  0.000e+00
  1022.6398      8.358      8.427    30.8253    15.7126          2          2  0.000e+00
  1022.6377      8.302      8.370    30.8375    15.7643          2          2  0.000e+00
  1022.6381      8.262      8.329    30.8542    15.8197          2          2  0.000e+00
  1022.6363      8.222      8.290    30.8695    15.8802          2          2  0.000e+00
  1022.6082      8.178      8.245    30.8526    15.9480          2          2  0.000e+00
  1022.6422      8.120      8.186    30.9174    16.0182          2          2  0.000e+00
  1022.5814      8.039      8.105    30.8665    16.1143          2          2  0.000e+00
  1022.5123      7.929      7.994    30.8000    16.1929          2          2  0.000e+00
  1022.5238      7.794      7.858    30.8299    16.2412          2          2  0.000e+00
  1022.5183      7.638      7.701    30.8406    16.2993          2          2  0.000e+00
  1022.4665      7.455      7.516    30.7927    16.3627          2          2  0.000e+00
  1022.4623      7.261      7.321    30.8016    16.4079          2          2  0.000e+00
  1022.5040      7.062      7.120    30.8714    16.4565          2          2  0.000e+00
  1022.5178      6.865      6.921    30.9184    16.5504          2          2  0.000e+00
  1022.4240      6.685      6.740    30.8351    16.6787          2          2  0.000e+00
  1022.3876      6.525      6.579    30.8181    16.7781          2          2  0.000e+00
  1022.3339      6.391      6.443    30.7743    16.8632          2          2  0.000e+00
  1022.3327      6.290      6.342    30.7924    16.9268          2          2  0.000e+00
  1022.3233      6.214      6.265    30.8033    17.0021          2          2  0.000e+00
  1022.2767      6.158      6.208    30.7698    17.0919          2          2  0.000e+00
  1022.2244      6.116      6.166    30.7255    17.1705          2          2  0.000e+00
  1022.2331      6.086      6.135    30.7540    17.2261          2          2  0.000e+00
  1022.1955      6.052      6.101    30.7286    17.3034          2          2  0.000e+00
  1022.1064      6.004      6.053    30.6344    17.3754          2          2  0.000e+00
  1022.1015      5.935      5.984    30.6381    17.4069          2          2  0.000e+00
  1022.0725      5.843      5.891    30.6044    17.4190          2          2  0.000e+00
  1022.0763      5.733      5.780    30.6078    17.4119          2          2  0.000e+00
  1022.1010      5.594      5.640    30.6382    17.4032          2          2  0.000e+00
  1022.1022      5.449      5.493    30.6438    17.4133          2          2  0.000e+00
  1022.1005      5.293      5.336    30.6480    17.4314          2          2  0.000e+00
  1022.0996      5.141      5.183    30.6539    17.4517          2          2  0.000e+00
  1022.0926      5.003      5.044    30.6539    17.4787          2          2  0.000e+00
  1022.0812      4.887      4.927    30.6487    17.5084          2          2  0.000e+00
  1022.0659      4.781      4.820    30.6384    17.5379          2          2  0.000e+00
  1022.0503      4.687      4.726    30.6263    17.5632          2          2  0.000e+00
  1022.0425      4.602      4.639    30.6224    17.5819          2          2  0.000e+00
  1022.0283      4.512      4.548    30.6091    17.5972          2          2  0.000e+00
  1022.0224      4.411      4.447    30.6047    17.6060          2          2  0.000e+00
  1022.0213      4.294      4.329    30.6054    17.6107          2          2  0.000e+00
  1022.0148      4.159      4.193    30.5993    17.6159          2          2  0.000e+00
  1022.0278      4.005      4.038    30.6178    17.6178          2          2  0.000e+00
  1022.0655      3.844      3.875    30.6725    17.6327          2          2  0.000e+00
  1022.0559      3.683      3.713    30.6770    17.6848          2          2  0.000e+00
  1021.9974      3.530      3.559    30.6214    17.7493          2          2  0.000e+00
  1021.9681      3.385      3.413    30.5957    17.7871          2          2  0.000e+00
  1021.9706      3.252      3.279    30.6051    17.8044          2          2  0.000e+00
  1021.9604      3.129      3.155    30.5995    17.8268          2          2  0.000e+00
  1021.9529      3.018      3.043    30.5970    17.8484          2          2  0.000e+00
  1021.9687      2.912      2.936    30.6261    17.8733          2          2  0.000e+00
  1021.9515      2.818      2.841    30.6177    17.9168          3          3  0.000e+00
  1021.9306      2.729      2.751    30.6041    17.9591          3          3  0.000e+00
  1021.9240      2.648      2.670    30.6071    17.9946          3          3  0.000e+00
  1021.9046      2.571      2.592    30.5936    18.0311          3          3  0.000e+00
  1021.8845      2.501      2.521    30.5770    18.0608          3          3  0.000e+00
  1021.8651      2.434      2.454    30.5601    18.0869          3          3  0.000e+00
  1021.8412      2.361      2.380    30.5359    18.1079          3          3  0.000e+00
  1021.8155      2.282      2.301    30.5099    18.1305          3          3  0.000e+00
  1021.7978      2.185      2.203    30.4925    18.1472          3          3  0.000e+00
  1021.7943      2.075      2.092    30.4882    18.1460          3          3  0.000e+00
  1021.7994      1.945      1.961    30.4950    18.1441          3          3  0.000e+00
  1021.7844      1.801      1.816    30.4809    18.1591          3          3  0.000e+00
  1021.7626      1.647      1.660    30.4579    18.1736          3          3  0.000e+00
  1021.7589      1.496      1.508    30.4564    18.1815          3          3  0.000e+00
  1021.7496      1.350      1.361    30.4494    18.1949          3          3  0.000e+00
  1021.7397      1.216      1.226    30.4428    18.2131          3          3  0.000e+00
  1021.7177      1.092      1.101    30.4244    18.2435          3          3  0.000e+00
  1021.6925      0.981      0.989    30.4023    18.2761          3          3  0.000e+00
  1021.6783      0.871      0.878    30.3924    18.3012          3          3  0.000e+00
  1021.6685      0.757      0.763    30.3870    18.3229          3          3  0.000e+00
  1021.6715      0.645      0.650    30.3989    18.3461          3          3  0.000e+00
  1021.6531      0.540      0.544    30.3910    18.3950          3          3  0.000e+00
  1021.6036      0.446      0.449    30.3471    18.4593          3          3  0.000e+00
  1021.5660      0.343      0.346    30.3120    18.5018          3          3  0.000e+00
  1021.5577      0.208      0.210    30.3083    18.5219          3          3  0.000e+00
  1021.5422      0.018      0.019    30.2948    18.5397          3          3  0.000e+00
  1021.5041     -0.063     -0.064    30.2498    18.5534          3          3  0.000e+00
  1014.0026     -0.061     -0.062    20.3973    18.5430          3          3  0.000e+00
  1021.4847     -0.060     -0.060    30.2164    18.5287          3          3  0.000e+00
  1021.5093     -0.061     -0.062    30.2437    18.5134          3          3  0.000e+00
  1021.5283     -0.061     -0.062    30.2610    18.4891          3          3  0.000e+00
  1021.5286     -0.062     -0.063    30.2543    18.4671          3          3  0.000e+00
  1021.4880     -0.060     -0.060    30.1940    18.4444          3          3  0.000e+00
  1021.5140     -0.063     -0.064    30.2121    18.3945          3          3  0.000e+00
  1021.5679     -0.061     -0.062    30.2577    18.3153          3          3  0.000e+00
  1021.5988     -0.061     -0.062    30.2787    18.2538          3          3  0.000e+00
  1021.6220     -0.062     -0.063    30.2941    18.2063          3          3  0.000e+00
  1021.6459     -0.061     -0.062    30.3107    18.1597          3          3  0.000e+00
  1021.6670     -0.063     -0.064    30.3245    18.1157          3          3  0.000e+00
  1021.6868     -0.062     -0.063    30.3374    18.0744          3          3  0.000e+00
  1013.5356     -0.063     -0.064    19.6343    18.0375          3          3  0.000e+00
  1003.0556     -0.062     -0.063     5.8416    18.0061          3          3  0.000e+00
  1003.2006     -0.062     -0.063     6.0254    17.9798          3          3  0.000e+00
  1003.5648     -0.062     -0.063     6.5004    17.9654          3          3  0.000e+00
  1001.8222     -0.062     -0.063     4.2082    17.9524          3          3  0.000e+00
  1000.8109     -0.063     -0.064     2.8781    17.9379          3          3  0.000e+00
  1000.7173     -0.062     -0.063     2.7519    17.9237          3          3  0.000e+00
  1000.5287     -0.062     -0.063     2.5013    17.9091          3          3  0.000e+00
   999.9552     -0.061     -0.062     1.7466    17.8932          3          3  0.000e+00
   999.5952     -0.062     -0.063     1.2717    17.8752          3          3  0.000e+00
   999.5040     -0.063     -0.064     1.1479    17.8562          3          3  0.000e+00
   999.6597     -0.061     -0.062     1.3467    17.8373          3          3  0.000e+00
  1000.1453     -0.060     -0.060     1.9772    17.8193          3          3  0.000e+00
   999.4792     -0.062     -0.063     1.1024    17.8019          3          3  0.000e+00
   999.6107     -0.061     -0.062     1.2699    17.7843          3          3  0.000e+00
  1000.3616     -0.063     -0.064     2.2475    17.7665          3          3  0.000e+00
   999.7774     -0.063     -0.064     1.4789    17.7483          3          3  0.000e+00
   999.5907     -0.061     -0.062     1.2304    17.7288          3          3  0.000e+00
   999.7963     -0.062     -0.063     1.4940    17.7084          3          3  0.000e+00
   999.3260     -0.060     -0.060     0.8752    17.6882          3          3  0.000e+00
   998.9548     -0.059     -0.059     0.3867    17.6681          3          3  0.000e+00
   998.8457     -0.061     -0.062     0.2399    17.6476          3          3  0.000e+00
   998.7985     -0.060     -0.060     0.1738    17.6273          3          3  0.000e+00
   998.7678     -0.060     -0.060     0.1292    17.6072          3          3  0.000e+00
   998.7568     -0.061     -0.062     0.1104    17.5879          3          3  0.000e+00
   998.7423     -0.060     -0.060     0.0871    17.5692          3          3  0.000e+00
   998.7285     -0.061     -0.062     0.0649    17.5507          3          3  0.000e+00
   998.6891     -0.065     -0.066     0.0095    17.5322          3          3  0.000e+00
   998.6921     -0.062     -0.063     0.0092    17.5142          3          3  0.000e+00
   998.6953     -0.061     -0.062     0.0091    17.4959          3          3  0.000e+00
   998.6986     -0.063     -0.064     0.0091    17.4774          3          3  0.000e+00
   998.7019     -0.061     -0.062     0.0090    17.4588          3          3  0.000e+00
   998.7052     -0.061     -0.062     0.0090    17.4404          3          3  0.000e+00
   998.7085     -0.060     -0.060     0.0090    17.4221          3          3  0.000e+00
   998.7117     -0.061     -0.062     0.0090    17.4038          3          3  0.000e+00
   998.7151     -0.058     -0.058     0.0090    17.3850          3          3  0.000e+00
   998.7183     -0.061     -0.062     0.0089    17.3665          3          3  0.000e+00
   998.7215     -0.061     -0.062     0.0088    17.3480          3          3  0.000e+00
   998.7248     -0.058     -0.058     0.0088    17.3296          3          3  0.000e+00
