data/eDNA/PER-2021-171/171b018.cnv
* Sea-Bird SBE19plus  Data File:
* FileName = C:\Users\RSG_field\Ryan_2021_Perley\CTD\171b018.hex
* Software version 2.3.0 SB_Terminal.dll
* Temperature SN = 7141
* Conductivity SN = 7141
* System UpLoad Time = Aug 13 2021 13:55:14
* <ApplicationData>
* <SeatermAF>
** Platform: M. Perley
** Cruise: Per2021171
** Station:  ESI_02
** Cast: 01 2
** Latitude: N  44 51.373
** Longitude: W 62 11.17
** Sounding: 52
** Chief Scientist: Ryan Stanley
** Comment: 171b018
# nquan = 8
# nvalues = 2392                                  
# units = specified
# name 0 = density00: Density [density, kg/m^3]
# name 1 = depSM: Depth [salt water, m], lat = 45.00
# name 2 = prdM: Pressure, Strain Gauge [db]
# name 3 = sal00: Salinity, Practical [PSU]
# name 4 = tv290C: Temperature [ITS-90, deg C]
# name 5 = bpos: Bottle Position in Carousel
# name 6 = nbf: Bottles Fired
# name 7 = flag:  0.000e+00
# span 0 =   998.9030,  1025.0249                 
# span 1 =     -0.068,     51.645                 
# span 2 =     -0.069,     52.074                 
# span 3 =     0.0077,    31.3153                 
# span 4 =     4.7321,    18.3918                 
# span 5 =          0,          2                 
# span 6 =          0,          2                 
# span 7 = 0.0000e+00, 0.0000e+00                 
# interval = seconds: 0.25
# start_time = Aug 13 2021 16:42:47 [Instrument's time stamp, header]
# bad_flag = -9.990e-29
*END*
[from data line 899]
  1023.3833     15.926     16.057    30.4313    10.4678          0          0  0.000e+00
  1023.4369     16.035     16.167    30.4824    10.3883          0          0  0.000e+00
  1023.4795     16.124     16.256    30.5247    10.3320          0          0  0.000e+00
  1023.5020     16.201     16.334    30.5465    10.3002          0          0  0.000e+00
  1023.5132     16.264     16.398    30.5567    10.2826          0          0  0.000e+00
  1023.5039     16.316     16.450    30.5418    10.2701          0          0  0.000e+00
  1023.5009     16.368     16.502    30.5337    10.2510          0          0  0.000e+00
  1023.5034     16.414     16.549    30.5315    10.2269          0          0  0.000e+00
  1023.5053     16.465     16.601    30.5279    10.2000          0          0  0.000e+00
  1023.5003     16.522     16.658    30.5147    10.1691          0          0  0.000e+00
  1023.5069     16.588     16.725    30.5153    10.1335          0          0  0.000e+00
  1023.5179     16.668     16.805    30.5214    10.0975          0          0  0.000e+00
  1023.5201     16.757     16.894    30.5166    10.0632          0          0  0.000e+00
  1023.5389     16.861     16.999    30.5323    10.0263          0          0  0.000e+00
  1023.5548     16.969     17.108    30.5459     9.9961          0          0  0.000e+00
  1023.5564     17.087     17.228    30.5426     9.9741          0          0  0.000e+00
  1023.5611     17.208     17.350    30.5431     9.9508          0          0  0.000e+00
  1023.5664     17.337     17.479    30.5439     9.9250          0          0  0.000e+00
  1023.5788     17.468     17.612    30.5540     9.9010          0          0  0.000e+00
  1023.5908     17.607     17.752    30.5646     9.8820          0          0  0.000e+00
  1023.6030     17.752     17.898    30.5766     9.8685          0          0  0.000e+00
  1023.6100     17.913     18.061    30.5829     9.8598          0          0  0.000e+00
  1023.6105     18.099     18.248    30.5814     9.8550          0          0  0.000e+00
  1023.6049     18.298     18.448    30.5719     9.8495          0          0  0.000e+00
  1023.6071     18.517     18.670    30.5713     9.8387          0          0  0.000e+00
  1023.6050     18.752     18.906    30.5645     9.8255          0          0  0.000e+00
  1023.6069     18.992     19.149    30.5623     9.8095          0          0  0.000e+00
  1023.6142     19.227     19.385    30.5664     9.7909          0          0  0.000e+00
  1023.6036     19.435     19.595    30.5476     9.7716          0          0  0.000e+00
  1023.5921     19.614     19.776    30.5257     9.7415          0          0  0.000e+00
  1023.6033     19.752     19.915    30.5300     9.6961          0          0  0.000e+00
  1023.6388     19.839     20.003    30.5657     9.6506          0          0  0.000e+00
  1023.6618     19.882     20.045    30.5889     9.6204          0          0  0.000e+00
  1023.6892     19.885     20.048    30.6208     9.6049          0          0  0.000e+00
  1023.7135     19.860     20.024    30.6525     9.6068          0          0  0.000e+00
  1023.7132     19.818     19.981    30.6566     9.6281          0          0  0.000e+00
  1023.6883     19.768     19.931    30.6305     9.6550          0          0  0.000e+00
  1023.6740     19.725     19.887    30.6157     9.6707          0          0  0.000e+00
  1023.6706     19.695     19.857    30.6130     9.6784          0          0  0.000e+00
  1023.6588     19.682     19.844    30.5992     9.6847          0          0  0.000e+00
  1023.6317     19.693     19.855    30.5641     9.6833          0          0  0.000e+00
  1023.6171     19.736     19.899    30.5412     9.6640          0          0  0.000e+00
  1023.6303     19.817     19.980    30.5508     9.6300          0          0  0.000e+00
  1023.6487     19.938     20.102    30.5673     9.5985          0          0  0.000e+00
  1023.6540     20.100     20.265    30.5684     9.5749          0          0  0.000e+00
  1023.6608     20.300     20.467    30.5717     9.5545          0          0  0.000e+00
  1023.6651     20.540     20.709    30.5723     9.5366          0          0  0.000e+00
  1023.6679     20.809     20.980    30.5708     9.5195          0          0  0.000e+00
  1023.6723     21.101     21.274    30.5708     9.5000          0          0  0.000e+00
  1023.6882     21.390     21.566    30.5853     9.4794          0          0  0.000e+00
  1023.7003     21.677     21.856    30.5963     9.4651          0          0  0.000e+00
  1023.7065     21.952     22.133    30.6010     9.4569          0          0  0.000e+00
  1023.7106     22.206     22.389    30.6037     9.4518          0          0  0.000e+00
  1023.6983     22.424     22.608    30.5856     9.4464          0          0  0.000e+00
  1023.6880     22.584     22.770    30.5690     9.4344          0          0  0.000e+00
  1023.6832     22.681     22.868    30.5581     9.4133          0          0  0.000e+00
  1023.7204     22.727     22.914    30.6001     9.3864          0          0  0.000e+00
  1023.7505     22.734     22.921    30.6368     9.3775          0          0  0.000e+00
  1023.7571     22.704     22.892    30.6480     9.3900          0          0  0.000e+00
  1023.7347     22.649     22.836    30.6236     9.4097          0          0  0.000e+00
  1023.7177     22.585     22.771    30.6041     9.4198          0          0  0.000e+00
  1023.7306     22.523     22.709    30.6212     9.4203          0          0  0.000e+00
  1023.7331     22.479     22.664    30.6258     9.4267          0          0  0.000e+00
  1023.7284     22.455     22.640    30.6221     9.4374          0          0  0.000e+00
  1023.7198     22.465     22.650    30.6130     9.4469          0          0  0.000e+00
  1023.6987     22.507     22.693    30.5868     9.4524          0          0  0.000e+00
  1023.6724     22.588     22.774    30.5511     9.4449          0          0  0.000e+00
  1023.6550     22.707     22.894    30.5227     9.4180          0          0  0.000e+00
  1023.6741     22.854     23.042    30.5378     9.3752          0          0  0.000e+00
  1023.6901     23.026     23.215    30.5486     9.3317          0          0  0.000e+00
  1023.6778     23.217     23.409    30.5230     9.2874          0          0  0.000e+00
  1023.6855     23.420     23.613    30.5207     9.2319          0          0  0.000e+00
  1023.6900     23.636     23.831    30.5135     9.1723          0          0  0.000e+00
  1023.6848     23.858     24.054    30.4928     9.1074          0          0  0.000e+00
  1023.7215     24.084     24.282    30.5230     9.0278          0          0  0.000e+00
  1023.7592     24.310     24.511    30.5562     8.9571          0          0  0.000e+00
  1023.7827     24.539     24.742    30.5741     8.9012          0          0  0.000e+00
  1023.8167     24.761     24.965    30.6071     8.8532          0          0  0.000e+00
  1023.8391     24.970     25.176    30.6277     8.8175          0          0  0.000e+00
  1023.8530     25.166     25.373    30.6393     8.7914          0          0  0.000e+00
  1023.8631     25.332     25.541    30.6474     8.7712          0          0  0.000e+00
  1023.8763     25.474     25.684    30.6604     8.7555          0          0  0.000e+00
  1023.8860     25.578     25.789    30.6703     8.7453          0          0  0.000e+00
  1023.8895     25.647     25.859    30.6735     8.7406          0          0  0.000e+00
  1023.8990     25.678     25.890    30.6850     8.7381          0          0  0.000e+00
  1023.9012     25.671     25.883    30.6884     8.7412          0          0  0.000e+00
  1023.8963     25.638     25.849    30.6835     8.7474          0          0  0.000e+00
  1023.9007     25.577     25.788    30.6904     8.7524          0          0  0.000e+00
  1023.8960     25.501     25.711    30.6864     8.7605          0          0  0.000e+00
  1023.8864     25.423     25.633    30.6761     8.7685          0          0  0.000e+00
  1023.8776     25.358     25.567    30.6658     8.7713          0          0  0.000e+00
  1023.8751     25.318     25.527    30.6624     8.7694          0          0  0.000e+00
  1023.8750     25.319     25.528    30.6615     8.7649          0          0  0.000e+00
  1023.8717     25.369     25.579    30.6560     8.7599          0          0  0.000e+00
  1023.8712     25.475     25.685    30.6534     8.7529          0          0  0.000e+00
  1023.8768     25.634     25.846    30.6579     8.7439          0          0  0.000e+00
  1023.8649     25.844     26.057    30.6398     8.7354          0          0  0.000e+00
  1023.8324     26.091     26.306    30.5935     8.7179          0          0  0.000e+00
  1023.8368     26.368     26.585    30.5903     8.6796          0          0  0.000e+00
  1023.8530     26.658     26.878    30.6007     8.6344          0          0  0.000e+00
  1023.8799     26.951     27.173    30.6254     8.5922          0          0  0.000e+00
  1023.9161     27.218     27.443    30.6643     8.5614          0          0  0.000e+00
  1023.9255     27.475     27.701    30.6720     8.5465          0          0  0.000e+00
  1023.9175     27.702     27.931    30.6584     8.5356          0          0  0.000e+00
  1023.9228     27.886     28.116    30.6609     8.5186          0          0  0.000e+00
  1023.9306     28.030     28.261    30.6668     8.5016          0          0  0.000e+00
  1023.9403     28.143     28.376    30.6759     8.4874          0          0  0.000e+00
  1023.9449     28.241     28.474    30.6795     8.4781          0          0  0.000e+00
  1023.9494     28.335     28.569    30.6835     8.4716          0          0  0.000e+00
  1023.9509     28.424     28.659    30.6840     8.4673          0          0  0.000e+00
  1023.9522     28.511     28.747    30.6845     8.4639          0          0  0.000e+00
  1023.9510     28.590     28.826    30.6819     8.4608          0          0  0.000e+00
  1023.9511     28.663     28.899    30.6809     8.4566          0          0  0.000e+00
  1023.9467     28.722     28.959    30.6740     8.4521          0          0  0.000e+00
  1023.9481     28.770     29.007    30.6743     8.4450          0          0  0.000e+00
  1023.9557     28.802     29.040    30.6824     8.4378          0          0  0.000e+00
  1023.9617     28.819     29.057    30.6893     8.4344          0          0  0.000e+00
  1023.9612     28.821     29.059    30.6889     8.4350          0          0  0.000e+00
  1023.9621     28.816     29.053    30.6902     8.4361          0          0  0.000e+00
  1023.9586     28.808     29.046    30.6860     8.4378          0          0  0.000e+00
  1023.9578     28.808     29.046    30.6851     8.4380          0          0  0.000e+00
  1023.9567     28.831     29.069    30.6834     8.4374          0          0  0.000e+00
  1023.9563     28.882     29.121    30.6824     8.4363          0          0  0.000e+00
  1023.9543     28.973     29.213    30.6791     8.4347          0          0  0.000e+00
  1023.9501     29.107     29.347    30.6724     8.4319          0          0  0.000e+00
  1023.9479     29.290     29.532    30.6674     8.4258          0          0  0.000e+00
  1023.9462     29.507     29.750    30.6623     8.4171          0          0  0.000e+00
  1023.9464     29.755     30.000    30.6590     8.4054          0          0  0.000e+00
  1023.9399     30.027     30.275    30.6465     8.3914          0          0  0.000e+00
  1023.9238     30.316     30.566    30.6203     8.3710          0          0  0.000e+00
  1023.9308     30.592     30.845    30.6214     8.3372          0          0  0.000e+00
  1023.9491     30.860     31.115    30.6365     8.3007          0          0  0.000e+00
  1023.9596     31.113     31.370    30.6428     8.2704          0          0  0.000e+00
  1023.9499     31.342     31.601    30.6241     8.2432          0          0  0.000e+00
  1023.9468     31.519     31.779    30.6129     8.2093          0          0  0.000e+00
  1023.9562     31.653     31.915    30.6163     8.1669          0          0  0.000e+00
  1023.9717     31.736     31.998    30.6281     8.1249          0          0  0.000e+00
  1024.0085     31.773     32.036    30.6684     8.0893          0          0  0.000e+00
  1024.0471     31.768     32.030    30.7145     8.0725          0          0  0.000e+00
  1024.0695     31.726     31.989    30.7449     8.0807          0          0  0.000e+00
  1024.0292     31.655     31.917    30.6981     8.1039          0          0  0.000e+00
  1024.0342     31.576     31.837    30.7063     8.1119          0          0  0.000e+00
  1024.0165     31.500     31.760    30.6852     8.1170          0          0  0.000e+00
  1024.0200     31.446     31.705    30.6898     8.1157          0          0  0.000e+00
  1024.0149     31.429     31.688    30.6832     8.1151          0          0  0.000e+00
  1024.0059     31.457     31.717    30.6708     8.1109          0          0  0.000e+00
  1023.9898     31.540     31.800    30.6480     8.1005          0          0  0.000e+00
  1023.9798     31.688     31.950    30.6304     8.0790          0          0  0.000e+00
  1023.9955     31.888     32.151    30.6437     8.0482          0          0  0.000e+00
  1024.0156     32.129     32.395    30.6630     8.0212          0          0  0.000e+00
  1024.0271     32.410     32.678    30.6729     8.0034          0          0  0.000e+00
  1024.0341     32.704     32.974    30.6778     7.9912          0          0  0.000e+00
  1024.0342     32.993     33.266    30.6745     7.9810          0          0  0.000e+00
  1024.0138     33.271     33.546    30.6443     7.9671          0          0  0.000e+00
  1024.0193     33.535     33.812    30.6445     7.9379          0          0  0.000e+00
  1024.0358     33.772     34.052    30.6577     7.9020          0          0  0.000e+00
  1024.0576     33.965     34.246    30.6790     7.8718          0          0  0.000e+00
  1024.0808     34.112     34.394    30.7041     7.8509          0          0  0.000e+00
  1024.0944     34.212     34.495    30.7190     7.8407          0          0  0.000e+00
  1024.1022     34.273     34.556    30.7278     7.8366          0          0  0.000e+00
  1024.1032     34.299     34.583    30.7290     7.8368          0          0  0.000e+00
  1024.1043     34.298     34.582    30.7311     7.8411          0          0  0.000e+00
  1024.1044     34.276     34.559    30.7325     7.8478          0          0  0.000e+00
  1024.1023     34.243     34.526    30.7314     7.8555          0          0  0.000e+00
  1024.1027     34.209     34.492    30.7334     7.8622          0          0  0.000e+00
  1024.0922     34.191     34.474    30.7214     7.8694          0          0  0.000e+00
  1024.0789     34.197     34.480    30.7047     7.8716          0          0  0.000e+00
  1024.0830     34.235     34.518    30.7082     7.8629          0          0  0.000e+00
  1024.0877     34.307     34.590    30.7120     7.8528          0          0  0.000e+00
  1024.0973     34.418     34.703    30.7219     7.8432          0          0  0.000e+00
  1024.1039     34.568     34.854    30.7282     7.8359          0          0  0.000e+00
  1024.1166     34.745     35.033    30.7420     7.8287          0          0  0.000e+00
  1024.1251     34.949     35.238    30.7504     7.8222          0          0  0.000e+00
  1024.1225     35.165     35.456    30.7452     7.8185          0          0  0.000e+00
  1024.1113     35.390     35.683    30.7284     7.8117          0          0  0.000e+00
  1024.1045     35.619     35.914    30.7153     7.7945          0          0  0.000e+00
  1024.1120     35.841     36.137    30.7190     7.7682          0          0  0.000e+00
  1024.1182     36.045     36.343    30.7207     7.7403          0          0  0.000e+00
  1024.1309     36.233     36.533    30.7309     7.7119          0          0  0.000e+00
