data/eDNA/PER-2021-171/171b016.cnv
* Sea-Bird SBE19plus  Data File:
* FileName = C:\Users\RSG_field\Ryan_2021_Perley\CTD\171b016.hex
* Software version 2.3.0 SB_Terminal.dll
* Temperature SN = 7141
* Conductivity SN = 7141
* System UpLoad Time = Aug 13 2021 10:37:26
* <ApplicationData>
* <SeatermAF>
** Platform: M. Perley
** Cruise: Per2021171
** Station:  ESI_04
** Cast: 01 2
** Latitude: N  44 45.212
** Longitude: W 62 5.966
** Sounding: 103
** Chief Scientist: Ryan Stanley
** Comment: 171b016
** edna and water chem (80m)
# nquan = 8
# nvalues = 3189                                  
# units = specified
# name 0 = density00: Density [density, kg/m^3]
# name 1 = depSM: Depth [salt water, m], lat = 45.00
# name 2 = prdM: Pressure, Strain Gauge [db]
# name 3 = sal00: Salinity, Practical [PSU]
# name 4 = tv290C: Temperature [ITS-90, deg C]
# name 5 = bpos: Bottle Position in Carousel
# name 6 = nbf: Bottles Fired
# name 7 = flag:  0.000e+00
# span 0 =   998.6830,  1026.3895                 
# span 1 =     -0.073,     96.365                 
# span 2 =     -0.073,     97.176                 
# span 3 =     0.0087,    32.6378                 
# span 4 =     3.1949,    18.5129                 
# span 5 =          0,          3                 
# span 6 =          0,          3                 
# span 7 = 0.0000e+00, 0.0000e+00                 
# interval = seconds: 0.25
# start_time = Aug 13 2021 13:21:40 [Instrument's time stamp, header]
# bad_flag = -9.990e-29
*END*
[from data line 2158]
  1026.3775     95.687     96.492    32.6234     3.6867          1          1  0.000e+00
  1026.3765     95.653     96.458    32.6223     3.6868          1          1  0.000e+00
  1026.3760     95.604     96.409    32.6220     3.6867          1          1  0.000e+00
  1026.3762     95.549     96.353    32.6224     3.6865          1          1  0.000e+00
  1026.3762     95.489     96.292    32.6228     3.6866          1          1  0.000e+00
  1026.3757     95.427     96.230    32.6226     3.6867          1          1  0.000e+00
  1026.3745     95.373     96.176    32.6214     3.6870          1          1  0.000e+00
  1026.3734     95.331     96.133    32.6203     3.6867          1          1  0.000e+00
  1026.3730     95.297     96.099    32.6200     3.6864          1          1  0.000e+00
  1026.3718     95.271     96.073    32.6185     3.6858          1          1  0.000e+00
  1026.3710     95.248     96.050    32.6175     3.6847          1          1  0.000e+00
  1026.3695     95.220     96.022    32.6156     3.6834          1          1  0.000e+00
  1026.3715     95.184     95.986    32.6182     3.6817          1          1  0.000e+00
  1026.3701     95.130     95.931    32.6166     3.6808          1          1  0.000e+00
  1026.3698     95.068     95.868    32.6164     3.6798          1          1  0.000e+00
  1026.3712     94.996     95.795    32.6186     3.6791          1          1  0.000e+00
  1026.3704     94.931     95.730    32.6180     3.6791          1          1  0.000e+00
  1026.3696     94.883     95.682    32.6173     3.6790          1          1  0.000e+00
  1026.3685     94.868     95.667    32.6159     3.6789          1          1  0.000e+00
  1026.3684     94.892     95.690    32.6156     3.6780          1          1  0.000e+00
  1026.3666     94.957     95.757    32.6127     3.6771          1          1  0.000e+00
  1026.3667     95.067     95.867    32.6121     3.6755          1          1  0.000e+00
  1026.3690     95.216     96.018    32.6139     3.6736          1          1  0.000e+00
  1026.3779     95.391     96.194    32.6239     3.6723          1          1  0.000e+00
  1026.3831     95.573     96.378    32.6296     3.6741          1          1  0.000e+00
  1026.3862     95.745     96.551    32.6329     3.6777          1          1  0.000e+00
  1026.3853     95.889     96.697    32.6314     3.6820          1          1  0.000e+00
  1026.3834     95.995     96.804    32.6288     3.6857          1          1  0.000e+00
  1026.3837     96.055     96.864    32.6291     3.6879          1          1  0.000e+00
  1026.3812     96.063     96.872    32.6261     3.6897          1          1  0.000e+00
  1026.3797     96.024     96.833    32.6246     3.6904          1          1  0.000e+00
  1026.3773     95.936     96.744    32.6221     3.6906          1          1  0.000e+00
  1026.3770     95.812     96.619    32.6224     3.6902          1          1  0.000e+00
  1026.3772     95.657     96.463    32.6235     3.6898          1          1  0.000e+00
  1026.3743     95.487     96.290    32.6209     3.6899          1          1  0.000e+00
  1026.3707     95.316     96.118    32.6173     3.6893          1          1  0.000e+00
  1026.3705     95.152     95.953    32.6179     3.6878          1          1  0.000e+00
  1026.3684     95.009     95.809    32.6159     3.6862          1          1  0.000e+00
  1026.3693     94.896     95.695    32.6175     3.6846          1          1  0.000e+00
  1026.3683     94.821     95.619    32.6165     3.6834          1          1  0.000e+00
  1026.3670     94.784     95.581    32.6149     3.6820          1          1  0.000e+00
  1026.3661     94.776     95.574    32.6136     3.6805          1          1  0.000e+00
  1026.3650     94.797     95.595    32.6119     3.6785          1          1  0.000e+00
  1026.3651     94.844     95.642    32.6115     3.6761          1          1  0.000e+00
  1026.3658     94.918     95.717    32.6116     3.6739          1          1  0.000e+00
  1026.3690     95.014     95.814    32.6149     3.6720          1          1  0.000e+00
  1026.3700     95.128     95.929    32.6153     3.6712          1          1  0.000e+00
  1026.3714     95.254     96.056    32.6164     3.6708          1          1  0.000e+00
  1026.3773     95.393     96.196    32.6229     3.6709          1          1  0.000e+00
  1026.3804     95.534     96.339    32.6261     3.6725          1          1  0.000e+00
  1026.3841     95.668     96.473    32.6304     3.6755          1          1  0.000e+00
  1026.3859     95.784     96.590    32.6325     3.6794          1          1  0.000e+00
  1026.3846     95.876     96.683    32.6308     3.6835          1          1  0.000e+00
  1026.3830     95.939     96.747    32.6287     3.6868          1          1  0.000e+00
  1026.3805     95.964     96.772    32.6258     3.6887          1          1  0.000e+00
  1026.3800     95.951     96.759    32.6252     3.6896          1          1  0.000e+00
  1026.3784     95.890     96.697    32.6236     3.6898          1          1  0.000e+00
  1026.3759     95.783     96.589    32.6212     3.6898          1          1  0.000e+00
  1026.3766     95.636     96.441    32.6228     3.6893          1          1  0.000e+00
  1026.3745     95.467     96.270    32.6212     3.6892          1          1  0.000e+00
  1026.3696     95.282     96.084    32.6160     3.6889          1          1  0.000e+00
  1026.3677     95.109     95.910    32.6145     3.6871          1          1  0.000e+00
  1026.3681     94.959     95.758    32.6157     3.6848          1          1  0.000e+00
  1026.3683     94.843     95.641    32.6163     3.6831          1          1  0.000e+00
  1026.3690     94.771     95.569    32.6175     3.6817          1          1  0.000e+00
  1026.3666     94.747     95.544    32.6144     3.6808          1          1  0.000e+00
  1026.3670     94.767     95.564    32.6147     3.6792          1          1  0.000e+00
  1026.3640     94.824     95.622    32.6103     3.6775          1          1  0.000e+00
  1026.3643     94.918     95.717    32.6099     3.6751          1          1  0.000e+00
  1026.3682     95.037     95.837    32.6137     3.6724          1          1  0.000e+00
  1026.3702     95.175     95.976    32.6153     3.6712          1          1  0.000e+00
  1026.3744     95.323     96.126    32.6196     3.6707          1          1  0.000e+00
  1026.3783     95.466     96.269    32.6238     3.6716          1          1  0.000e+00
  1026.3812     95.599     96.404    32.6269     3.6738          1          1  0.000e+00
  1026.3827     95.719     96.525    32.6285     3.6769          1          1  0.000e+00
  1026.3840     95.808     96.615    32.6300     3.6802          1          1  0.000e+00
  1026.3851     95.871     96.678    32.6314     3.6834          1          1  0.000e+00
  1026.3808     95.900     96.708    32.6262     3.6866          1          1  0.000e+00
  1026.3796     95.893     96.700    32.6249     3.6880          1          1  0.000e+00
  1026.3759     95.853     96.660    32.6206     3.6885          1          1  0.000e+00
  1026.3745     95.784     96.590    32.6191     3.6879          1          1  0.000e+00
  1026.3744     95.694     96.499    32.6195     3.6869          1          1  0.000e+00
  1026.3756     95.593     96.398    32.6214     3.6861          1          1  0.000e+00
  1026.3750     95.477     96.281    32.6213     3.6861          1          1  0.000e+00
  1026.3727     95.362     96.165    32.6192     3.6862          1          1  0.000e+00
  1026.3712     95.245     96.047    32.6178     3.6857          1          1  0.000e+00
  1026.3706     95.134     95.935    32.6177     3.6846          1          1  0.000e+00
  1026.3697     95.035     95.835    32.6170     3.6836          1          1  0.000e+00
  1026.3706     94.954     95.753    32.6185     3.6825          1          1  0.000e+00
  1026.3703     94.892     95.691    32.6184     3.6819          1          1  0.000e+00
  1026.3702     94.855     95.653    32.6185     3.6816          1          1  0.000e+00
  1026.3683     94.849     95.647    32.6160     3.6813          1          1  0.000e+00
  1026.3669     94.870     95.668    32.6141     3.6802          1          1  0.000e+00
  1026.3638     94.921     95.720    32.6096     3.6782          1          1  0.000e+00
  1026.3659     95.000     95.800    32.6115     3.6756          1          1  0.000e+00
  1026.3720     95.099     95.899    32.6183     3.6733          1          1  0.000e+00
  1026.3773     95.213     96.015    32.6243     3.6733          1          1  0.000e+00
  1026.3779     95.336     96.139    32.6245     3.6755          1          1  0.000e+00
  1026.3791     95.459     96.263    32.6256     3.6774          1          1  0.000e+00
  1026.3833     95.572     96.376    32.6305     3.6798          1          1  0.000e+00
  1026.3824     95.670     96.476    32.6292     3.6830          1          1  0.000e+00
  1026.3811     95.744     96.550    32.6274     3.6856          1          1  0.000e+00
  1026.3799     95.788     96.595    32.6259     3.6873          1          1  0.000e+00
  1026.3788     95.796     96.602    32.6245     3.6883          1          1  0.000e+00
  1026.3783     95.772     96.579    32.6241     3.6887          1          1  0.000e+00
  1026.3777     95.720     96.526    32.6236     3.6887          1          1  0.000e+00
  1026.3774     95.647     96.452    32.6237     3.6890          1          1  0.000e+00
  1026.3767     95.568     96.372    32.6234     3.6891          1          1  0.000e+00
  1026.3759     95.488     96.292    32.6229     3.6894          1          1  0.000e+00
  1026.3750     95.419     96.222    32.6222     3.6894          1          1  0.000e+00
  1026.3742     95.364     96.167    32.6214     3.6892          1          1  0.000e+00
  1026.3738     95.324     96.126    32.6211     3.6889          1          1  0.000e+00
  1026.3729     95.295     96.097    32.6201     3.6883          1          1  0.000e+00
  1026.3716     95.278     96.080    32.6185     3.6874          1          1  0.000e+00
  1026.3705     95.268     96.070    32.6169     3.6860          1          1  0.000e+00
  1026.3717     95.264     96.066    32.6183     3.6843          1          1  0.000e+00
  1026.3724     95.266     96.068    32.6190     3.6832          1          1  0.000e+00
  1026.3720     95.274     96.076    32.6184     3.6826          1          1  0.000e+00
  1026.3733     95.282     96.085    32.6199     3.6819          1          1  0.000e+00
  1026.3733     95.293     96.095    32.6198     3.6817          1          1  0.000e+00
  1026.3729     95.304     96.106    32.6192     3.6816          1          1  0.000e+00
  1026.3725     95.312     96.114    32.6185     3.6811          1          1  0.000e+00
  1026.3730     95.312     96.115    32.6191     3.6805          1          1  0.000e+00
  1026.3747     95.306     96.108    32.6213     3.6804          1          1  0.000e+00
  1026.3752     95.296     96.098    32.6220     3.6809          1          1  0.000e+00
  1026.3743     95.283     96.086    32.6211     3.6815          1          1  0.000e+00
  1026.3737     95.265     96.067    32.6205     3.6817          1          1  0.000e+00
  1026.3733     95.253     96.055    32.6201     3.6819          1          1  0.000e+00
  1026.3731     95.243     96.045    32.6199     3.6819          1          1  0.000e+00
  1026.3723     95.243     96.045    32.6189     3.6817          1          1  0.000e+00
  1026.3722     95.188     95.989    32.6189     3.6813          1          1  0.000e+00
  1026.3717     95.091     95.891    32.6189     3.6809          1          1  0.000e+00
  1026.3721     94.973     95.772    32.6200     3.6809          1          1  0.000e+00
  1026.3710     94.877     95.676    32.6193     3.6813          1          1  0.000e+00
  1026.3701     94.803     95.601    32.6186     3.6815          1          1  0.000e+00
  1026.3674     94.740     95.537    32.6156     3.6814          1          1  0.000e+00
  1026.3690     94.683     95.480    32.6179     3.6802          1          1  0.000e+00
  1026.3691     94.616     95.412    32.6182     3.6797          1          1  0.000e+00
  1026.3678     94.532     95.327    32.6171     3.6793          1          1  0.000e+00
  1026.3666     94.420     95.215    32.6162     3.6787          1          1  0.000e+00
  1026.3641     94.279     95.073    32.6138     3.6778          1          1  0.000e+00
  1026.3669     94.110     94.902    32.6181     3.6766          1          1  0.000e+00
  1026.3652     93.929     94.719    32.6171     3.6768          1          1  0.000e+00
  1026.3640     93.743     94.532    32.6166     3.6769          1          1  0.000e+00
  1026.3584     93.568     94.355    32.6107     3.6769          1          1  0.000e+00
  1026.3558     93.404     94.190    32.6081     3.6752          1          1  0.000e+00
  1026.3502     93.254     94.039    32.6017     3.6725          1          1  0.000e+00
  1026.3521     93.116     93.900    32.6045     3.6686          1          1  0.000e+00
  1026.3465     92.991     93.774    32.5977     3.6652          1          1  0.000e+00
  1026.3423     92.875     93.656    32.5926     3.6607          1          1  0.000e+00
  1026.3439     92.774     93.554    32.5944     3.6549          1          1  0.000e+00
  1026.3386     92.689     93.469    32.5877     3.6502          1          1  0.000e+00
  1026.3370     92.622     93.401    32.5855     3.6448          1          1  0.000e+00
  1026.3394     92.572     93.351    32.5881     3.6391          1          1  0.000e+00
  1026.3397     92.538     93.317    32.5882     3.6348          1          1  0.000e+00
  1026.3451     92.512     93.290    32.5947     3.6313          1          1  0.000e+00
  1026.3424     92.485     93.263    32.5913     3.6300          1          1  0.000e+00
  1026.3335     92.446     93.224    32.5801     3.6282          1          1  0.000e+00
  1026.3307     92.381     93.158    32.5764     3.6234          1          1  0.000e+00
  1026.3305     92.287     93.063    32.5760     3.6176          1          1  0.000e+00
  1026.3394     92.157     92.932    32.5874     3.6123          1          1  0.000e+00
  1026.3400     91.995     92.768    32.5889     3.6111          1          1  0.000e+00
  1026.3409     91.808     92.580    32.5912     3.6114          1          1  0.000e+00
  1026.3356     91.614     92.384    32.5857     3.6121          1          1  0.000e+00
  1026.3254     91.411     92.180    32.5740     3.6113          1          1  0.000e+00
  1026.3217     91.211     91.978    32.5700     3.6071          1          1  0.000e+00
  1026.3205     91.014     91.779    32.5690     3.6008          1          1  0.000e+00
  1026.3207     90.826     91.590    32.5697     3.5952          1          1  0.000e+00
  1026.3215     90.657     91.419    32.5711     3.5903          1          1  0.000e+00
  1026.3209     90.506     91.267    32.5707     3.5862          1          1  0.000e+00
  1026.3219     90.371     91.131    32.5724     3.5833          1          1  0.000e+00
  1026.3203     90.258     91.017    32.5708     3.5807          1          1  0.000e+00
  1026.3169     90.171     90.929    32.5667     3.5781          1          1  0.000e+00
  1026.3128     90.106     90.864    32.5615     3.5747          1          1  0.000e+00
  1026.3099     90.063     90.820    32.5576     3.5702          1          1  0.000e+00
  1026.3084     90.029     90.786    32.5553     3.5652          1          1  0.000e+00
  1026.3128     89.996     90.752    32.5605     3.5605          1          1  0.000e+00
  1026.3111     89.955     90.711    32.5583     3.5577          1          1  0.000e+00
  1026.3048     89.895     90.651    32.5504     3.5551          1          1  0.000e+00
