data/eDNA/PER-2021-171/171b025.cnv
* Sea-Bird SBE19plus  Data File:
* FileName = C:\Users\RSG_field\Ryan_2021_Perley\CTD\171b025.hex
* Software version 2.3.0 SB_Terminal.dll
* Temperature SN = 7141
* Conductivity SN = 7141
* System UpLoad Time = Aug 18 2021 13:50:32
* <ApplicationData>
* <SeatermAF>
** Platform: M. Perley
** Cruise: Per2021171
** Station:  SAB_01
** Cast: 01 2
** Latitude: N  45 501.373
** Longitude: W 60 08.966
** Sounding: 15.1
** Chief Scientist: Ryan Stanley
** Comment: 171b025
# nquan = 8
# nvalues = 2020                                  
# units = specified
# name 0 = density00: Density [density, kg/m^3]
# name 1 = depSM: Depth [salt water, m], lat = 45.00
# name 2 = prdM: Pressure, Strain Gauge [db]
# name 3 = sal00: Salinity, Practical [PSU]
# name 4 = tv290C: Temperature [ITS-90, deg C]
# name 5 = bpos: Bottle Position in Carousel
# name 6 = nbf: Bottles Fired
# name 7 = flag:  0.000e+00
# span 0 =   998.8154,  1023.6277                 
# span 1 =     -0.023,     16.035                 
# span 2 =     -0.023,     16.166                 
# span 3 =     0.0088,    30.7577                 
# span 4 =     9.4144,    18.3205                 
# span 5 =          0,          3                 
# span 6 =          0,          3                 
# span 7 = 0.0000e+00, 0.0000e+00                 
# interval = seconds: 0.25
# start_time = Aug 18 2021 16:39:34 [Instrument's time stamp, header]
# bad_flag = -9.990e-29
*END*
[from data line 1618]
  1023.5898     15.997     16.129    30.4835     9.4419          0          0  0.000e+00
  1023.5894     15.996     16.128    30.4834     9.4436          0          0  0.000e+00
  1023.5888     15.997     16.129    30.4831     9.4457          0          0  0.000e+00
  1023.5847     15.997     16.129    30.4782     9.4477          0          0  0.000e+00
  1023.5861     15.995     16.127    30.4800     9.4477          0          0  0.000e+00
  1023.5868     15.997     16.129    30.4809     9.4475          0          0  0.000e+00
  1023.5884     15.996     16.128    30.4831     9.4484          0          0  0.000e+00
  1023.5904     15.995     16.127    30.4861     9.4502          0          0  0.000e+00
  1023.5864     15.993     16.125    30.4816     9.4535          0          0  0.000e+00
  1023.5811     15.990     16.121    30.4750     9.4547          0          0  0.000e+00
  1023.5862     15.988     16.119    30.4813     9.4529          0          0  0.000e+00
  1023.5853     15.986     16.117    30.4802     9.4532          0          0  0.000e+00
  1023.5891     15.979     16.111    30.4853     9.4546          0          0  0.000e+00
  1023.5877     15.977     16.109    30.4842     9.4578          0          0  0.000e+00
  1023.5885     15.970     16.101    30.4859     9.4614          0          0  0.000e+00
  1023.5825     15.969     16.100    30.4790     9.4647          0          0  0.000e+00
  1023.5784     15.964     16.096    30.4739     9.4656          0          0  0.000e+00
  1023.5789     15.963     16.095    30.4740     9.4631          0          0  0.000e+00
  1023.5787     15.966     16.097    30.4732     9.4602          0          0  0.000e+00
  1023.5816     15.967     16.098    30.4764     9.4576          0          0  0.000e+00
  1023.5847     15.971     16.102    30.4802     9.4569          0          0  0.000e+00
  1023.5793     15.977     16.109    30.4731     9.4562          1          1  0.000e+00
  1023.5824     15.981     16.113    30.4765     9.4531          1          1  0.000e+00
  1023.5814     15.985     16.116    30.4748     9.4514          1          1  0.000e+00
  1023.5816     15.991     16.122    30.4744     9.4483          1          1  0.000e+00
  1023.5830     15.994     16.126    30.4755     9.4448          1          1  0.000e+00
  1023.5854     15.998     16.130    30.4780     9.4421          1          1  0.000e+00
  1023.5881     16.001     16.132    30.4812     9.4407          1          1  0.000e+00
  1023.5886     16.004     16.135    30.4819     9.4412          1          1  0.000e+00
  1023.5861     16.004     16.135    30.4788     9.4419          1          1  0.000e+00
  1023.5870     16.003     16.134    30.4799     9.4413          1          1  0.000e+00
  1023.5857     16.004     16.135    30.4782     9.4413          1          1  0.000e+00
  1023.5880     16.002     16.133    30.4812     9.4417          1          1  0.000e+00
  1023.5886     15.998     16.130    30.4822     9.4422          1          1  0.000e+00
  1023.5921     15.995     16.127    30.4868     9.4433          1          1  0.000e+00
  1023.5865     15.991     16.122    30.4803     9.4467          1          1  0.000e+00
  1023.5841     15.987     16.118    30.4775     9.4475          1          1  0.000e+00
  1023.5880     15.985     16.116    30.4823     9.4463          1          1  0.000e+00
  1023.5893     15.981     16.113    30.4840     9.4470          1          1  0.000e+00
  1023.5866     15.977     16.109    30.4810     9.4489          1          1  0.000e+00
  1023.5850     15.974     16.105    30.4791     9.4498          1          1  0.000e+00
  1023.5823     15.971     16.102    30.4756     9.4493          1          1  0.000e+00
  1023.5849     15.972     16.103    30.4786     9.4473          1          1  0.000e+00
  1023.5834     15.972     16.103    30.4761     9.4452          1          1  0.000e+00
  1023.5865     15.972     16.103    30.4797     9.4426          1          1  0.000e+00
  1023.5868     15.972     16.103    30.4803     9.4441          1          1  0.000e+00
  1023.5788     15.973     16.104    30.4705     9.4458          1          1  0.000e+00
  1023.5809     15.975     16.106    30.4724     9.4422          1          1  0.000e+00
  1023.5841     15.978     16.110    30.4757     9.4384          1          1  0.000e+00
  1023.5889     15.980     16.112    30.4812     9.4355          1          1  0.000e+00
  1023.5882     15.983     16.114    30.4802     9.4346          1          1  0.000e+00
  1023.5876     15.987     16.118    30.4793     9.4339          1          1  0.000e+00
  1023.5884     15.988     16.119    30.4802     9.4332          1          1  0.000e+00
  1023.5886     15.993     16.125    30.4802     9.4328          1          1  0.000e+00
  1023.5927     15.995     16.127    30.4855     9.4326          1          1  0.000e+00
  1023.5884     15.998     16.130    30.4804     9.4350          1          1  0.000e+00
  1023.5855     16.005     16.136    30.4767     9.4353          1          1  0.000e+00
  1023.5883     16.009     16.141    30.4798     9.4330          1          1  0.000e+00
  1023.5888     16.011     16.143    30.4802     9.4319          1          1  0.000e+00
  1023.5902     16.017     16.149    30.4819     9.4314          1          1  0.000e+00
  1023.5931     16.017     16.149    30.4857     9.4318          1          1  0.000e+00
  1023.5907     16.017     16.149    30.4830     9.4339          1          1  0.000e+00
  1023.5904     16.020     16.151    30.4830     9.4352          1          1  0.000e+00
  1023.5923     16.013     16.145    30.4855     9.4359          1          1  0.000e+00
  1023.5950     16.009     16.141    30.4895     9.4382          1          1  0.000e+00
  1023.5969     16.006     16.137    30.4927     9.4426          1          1  0.000e+00
  1023.5933     15.997     16.129    30.4895     9.4491          1          1  0.000e+00
  1023.5899     15.990     16.121    30.4862     9.4546          1          1  0.000e+00
  1023.5835     15.980     16.112    30.4789     9.4584          1          1  0.000e+00
  1023.5844     15.973     16.104    30.4801     9.4585          1          1  0.000e+00
  1023.5843     15.967     16.098    30.4801     9.4591          1          1  0.000e+00
  1023.5837     15.962     16.094    30.4795     9.4598          1          1  0.000e+00
  1023.5830     15.958     16.089    30.4789     9.4609          1          1  0.000e+00
  1023.5832     15.955     16.086    30.4793     9.4616          1          1  0.000e+00
  1023.5831     15.954     16.085    30.4794     9.4625          1          1  0.000e+00
  1023.5756     15.955     16.086    30.4698     9.4631          1          1  0.000e+00
  1023.5763     15.960     16.091    30.4700     9.4595          1          1  0.000e+00
  1023.5791     15.964     16.096    30.4726     9.4546          1          1  0.000e+00
  1023.5794     15.970     16.101    30.4721     9.4500          1          1  0.000e+00
  1023.5847     15.980     16.112    30.4780     9.4462          1          1  0.000e+00
  1023.5844     15.987     16.118    30.4772     9.4446          1          1  0.000e+00
  1023.5863     15.995     16.127    30.4792     9.4426          1          1  0.000e+00
  1023.5848     16.003     16.134    30.4771     9.4414          1          1  0.000e+00
  1023.5889     16.009     16.141    30.4821     9.4402          1          1  0.000e+00
  1023.5847     16.013     16.145    30.4767     9.4406          1          1  0.000e+00
  1023.5858     16.016     16.148    30.4779     9.4394          1          1  0.000e+00
  1023.5870     16.017     16.149    30.4790     9.4379          1          1  0.000e+00
  1023.5891     16.016     16.148    30.4816     9.4371          1          1  0.000e+00
  1023.5910     16.012     16.144    30.4842     9.4375          1          1  0.000e+00
  1023.5890     16.008     16.140    30.4820     9.4395          1          1  0.000e+00
  1023.5899     16.003     16.134    30.4834     9.4406          1          1  0.000e+00
  1023.5884     15.997     16.129    30.4820     9.4427          1          1  0.000e+00
  1023.5880     15.989     16.120    30.4817     9.4441          1          1  0.000e+00
  1023.5871     15.983     16.114    30.4808     9.4447          1          1  0.000e+00
  1023.5901     15.977     16.109    30.4847     9.4454          1          1  0.000e+00
  1023.5897     15.971     16.102    30.4847     9.4473          1          1  0.000e+00
  1023.5861     15.967     16.098    30.4807     9.4504          1          1  0.000e+00
  1023.5860     15.963     16.095    30.4809     9.4519          1          1  0.000e+00
  1023.5856     15.964     16.096    30.4802     9.4514          1          1  0.000e+00
  1023.5811     15.964     16.096    30.4746     9.4515          1          1  0.000e+00
  1023.5814     15.968     16.099    30.4744     9.4488          1          1  0.000e+00
  1023.5845     15.972     16.103    30.4777     9.4454          1          1  0.000e+00
  1023.5850     15.976     16.108    30.4779     9.4437          1          1  0.000e+00
  1023.5860     15.983     16.114    30.4789     9.4426          1          1  0.000e+00
  1023.5852     15.986     16.117    30.4778     9.4421          1          1  0.000e+00
  1023.5836     15.992     16.124    30.4754     9.4409          1          1  0.000e+00
  1023.5848     15.995     16.127    30.4764     9.4381          1          1  0.000e+00
  1023.5884     16.002     16.133    30.4805     9.4356          1          1  0.000e+00
  1023.5869     16.005     16.136    30.4785     9.4353          1          1  0.000e+00
  1023.5876     16.008     16.140    30.4791     9.4341          1          1  0.000e+00
  1023.5915     16.013     16.145    30.4839     9.4334          1          1  0.000e+00
  1023.5938     16.012     16.144    30.4872     9.4348          1          1  0.000e+00
  1023.5890     16.013     16.145    30.4816     9.4380          1          1  0.000e+00
  1023.5892     16.014     16.146    30.4822     9.4395          1          1  0.000e+00
  1023.5870     16.014     16.146    30.4795     9.4402          1          1  0.000e+00
  1023.5907     16.013     16.145    30.4844     9.4406          1          1  0.000e+00
  1023.5894     16.009     16.141    30.4831     9.4421          1          1  0.000e+00
  1023.5898     16.004     16.135    30.4840     9.4441          1          1  0.000e+00
  1023.5845     15.999     16.131    30.4777     9.4465          1          1  0.000e+00
  1023.5874     15.994     16.126    30.4817     9.4473          1          1  0.000e+00
  1023.5882     15.988     16.119    30.4828     9.4482          1          1  0.000e+00
  1023.5887     15.980     16.112    30.4839     9.4501          1          1  0.000e+00
  1023.5864     15.973     16.104    30.4815     9.4528          1          1  0.000e+00
  1023.5843     15.968     16.099    30.4793     9.4545          1          1  0.000e+00
  1023.5832     15.963     16.095    30.4778     9.4542          1          1  0.000e+00
  1023.5856     15.956     16.087    30.4808     9.4537          1          1  0.000e+00
  1023.5851     15.957     16.088    30.4803     9.4545          1          1  0.000e+00
  1023.5823     15.957     16.088    30.4770     9.4558          1          1  0.000e+00
  1023.5802     15.958     16.089    30.4743     9.4555          1          1  0.000e+00
  1023.5809     15.960     16.092    30.4745     9.4527          1          1  0.000e+00
  1023.5813     15.967     16.098    30.4745     9.4497          1          1  0.000e+00
  1023.5851     15.974     16.105    30.4786     9.4467          1          1  0.000e+00
  1023.5865     15.980     16.112    30.4800     9.4448          1          1  0.000e+00
  1023.5851     15.990     16.121    30.4780     9.4441          1          1  0.000e+00
  1023.5835     15.995     16.127    30.4757     9.4426          1          1  0.000e+00
  1023.5851     16.004     16.135    30.4771     9.4399          1          1  0.000e+00
  1023.5840     16.010     16.142    30.4753     9.4381          1          1  0.000e+00
  1023.5866     16.016     16.148    30.4781     9.4352          1          1  0.000e+00
  1023.5893     16.019     16.150    30.4811     9.4330          1          1  0.000e+00
  1023.5903     16.021     16.152    30.4823     9.4328          1          1  0.000e+00
  1023.5912     16.021     16.152    30.4836     9.4336          1          1  0.000e+00
  1023.5920     16.022     16.153    30.4850     9.4355          1          1  0.000e+00
  1023.5894     16.018     16.149    30.4822     9.4380          1          1  0.000e+00
  1023.5872     16.009     16.141    30.4797     9.4391          1          1  0.000e+00
  1023.5911     16.005     16.136    30.4845     9.4386          1          1  0.000e+00
  1023.5896     15.997     16.129    30.4830     9.4403          1          1  0.000e+00
  1023.5923     15.987     16.118    30.4868     9.4420          1          1  0.000e+00
  1023.5918     15.978     16.110    30.4869     9.4455          1          1  0.000e+00
  1023.5907     15.972     16.103    30.4864     9.4493          1          1  0.000e+00
  1023.5882     15.965     16.096    30.4840     9.4531          1          1  0.000e+00
  1023.5865     15.959     16.090    30.4824     9.4564          1          1  0.000e+00
  1023.5845     15.958     16.089    30.4802     9.4583          1          1  0.000e+00
  1023.5833     15.957     16.088    30.4789     9.4593          1          1  0.000e+00
  1023.5815     15.960     16.092    30.4767     9.4597          1          1  0.000e+00
  1023.5813     15.966     16.097    30.4762     9.4589          1          1  0.000e+00
  1023.5822     15.971     16.102    30.4771     9.4575          1          1  0.000e+00
  1023.5826     15.978     16.110    30.4773     9.4564          1          1  0.000e+00
  1023.5811     15.986     16.117    30.4752     9.4551          1          1  0.000e+00
  1023.5810     15.990     16.121    30.4746     9.4534          1          1  0.000e+00
  1023.5838     15.997     16.129    30.4776     9.4508          1          1  0.000e+00
  1023.5870     15.998     16.130    30.4816     9.4498          1          1  0.000e+00
  1023.5866     16.003     16.134    30.4811     9.4504          1          1  0.000e+00
  1023.5865     16.006     16.137    30.4812     9.4515          1          1  0.000e+00
  1023.5858     16.008     16.140    30.4805     9.4526          1          1  0.000e+00
  1023.5869     16.008     16.140    30.4821     9.4534          1          1  0.000e+00
  1023.5884     16.009     16.141    30.4843     9.4549          1          1  0.000e+00
  1023.5877     16.011     16.143    30.4840     9.4580          1          1  0.000e+00
  1023.5853     16.010     16.142    30.4816     9.4611          1          1  0.000e+00
  1023.5827     16.012     16.144    30.4787     9.4633          1          1  0.000e+00
  1023.5827     16.013     16.145    30.4789     9.4644          1          1  0.000e+00
  1023.5850     16.011     16.143    30.4819     9.4649          1          1  0.000e+00
  1023.5819     16.008     16.140    30.4785     9.4674          1          1  0.000e+00
  1023.5810     16.007     16.139    30.4775     9.4684          1          1  0.000e+00
  1023.5805     16.000     16.131    30.4770     9.4687          1          1  0.000e+00
  1023.5823     15.996     16.128    30.4793     9.4688          1          1  0.000e+00
  1023.5834     15.991     16.123    30.4811     9.4700          1          1  0.000e+00
  1023.5809     15.987     16.118    30.4783     9.4721          1          1  0.000e+00
  1023.5796     15.978     16.110    30.4770     9.4736          1          1  0.000e+00
  1023.5769     15.972     16.103    30.4736     9.4742          1          1  0.000e+00
