data/eDNA/PER-2021-171/171b025.cnv
* Sea-Bird SBE19plus  Data File:
* FileName = C:\Users\RSG_field\Ryan_2021_Perley\CTD\171b025.hex
* Software version 2.3.0 SB_Terminal.dll
* Temperature SN = 7141
* Conductivity SN = 7141
* System UpLoad Time = Aug 18 2021 13:50:32
* <ApplicationData>
* <SeatermAF>
** Platform: M. Perley
** Cruise: Per2021171
** Station:  SAB_01
** Cast: 01 2
** Latitude: N  45 501.373
** Longitude: W 60 08.966
** Sounding: 15.1
** Chief Scientist: Ryan Stanley
** Comment: 171b025
# nquan = 8
# nvalues = 2020                                  
# units = specified
# name 0 = density00: Density [density, kg/m^3]
# name 1 = depSM: Depth [salt water, m], lat = 45.00
# name 2 = prdM: Pressure, Strain Gauge [db]
# name 3 = sal00: Salinity, Practical [PSU]
# name 4 = tv290C: Temperature [ITS-90, deg C]
# name 5 = bpos: Bottle Position in Carousel
# name 6 = nbf: Bottles Fired
# name 7 = flag:  0.000e+00
# span 0 =   998.8154,  1023.6277                 
# span 1 =     -0.023,     16.035                 
# span 2 =     -0.023,     16.166                 
# span 3 =     0.0088,    30.7577                 
# span 4 =     9.4144,    18.3205                 
# span 5 =          0,          3                 
# span 6 =          0,          3                 
# span 7 = 0.0000e+00, 0.0000e+00                 
# interval = seconds: 0.25
# start_time = Aug 18 2021 16:39:34 [Instrument's time stamp, header]
# bad_flag = -9.990e-29
*END*
   998.8847     -0.016     -0.016     0.0088    16.4026          0          0  0.000e+00
   998.8845     -0.016     -0.016     0.0088    16.4042          0          0  0.000e+00
   998.8842     -0.015     -0.015     0.0088    16.4057          0          0  0.000e+00
   998.8842     -0.015     -0.015     0.0088    16.4059          0          0  0.000e+00
   998.8840     -0.017     -0.017     0.0088    16.4068          0          0  0.000e+00
   998.8839     -0.017     -0.017     0.0088    16.4075          0          0  0.000e+00
   998.8838     -0.016     -0.016     0.0088    16.4081          0          0  0.000e+00
   998.8837     -0.015     -0.015     0.0088    16.4088          0          0  0.000e+00
   998.8836     -0.015     -0.015     0.0088    16.4096          0          0  0.000e+00
   998.8834     -0.016     -0.016     0.0088    16.4105          0          0  0.000e+00
   998.8832     -0.016     -0.016     0.0088    16.4119          0          0  0.000e+00
   998.8829     -0.016     -0.016     0.0088    16.4137          0          0  0.000e+00
   998.8826     -0.015     -0.015     0.0088    16.4155          0          0  0.000e+00
   998.8825     -0.017     -0.017     0.0088    16.4159          0          0  0.000e+00
   998.8825     -0.015     -0.015     0.0088    16.4159          0          0  0.000e+00
   998.8824     -0.017     -0.017     0.0088    16.4163          0          0  0.000e+00
   998.8823     -0.018     -0.018     0.0088    16.4168          0          0  0.000e+00
   998.8822     -0.016     -0.016     0.0088    16.4175          0          0  0.000e+00
   998.8822     -0.016     -0.016     0.0088    16.4177          0          0  0.000e+00
   998.8822     -0.016     -0.016     0.0088    16.4179          0          0  0.000e+00
   998.8822     -0.015     -0.015     0.0088    16.4176          0          0  0.000e+00
   998.8822     -0.017     -0.017     0.0088    16.4174          0          0  0.000e+00
   998.8822     -0.016     -0.016     0.0088    16.4177          0          0  0.000e+00
   998.8822     -0.016     -0.016     0.0088    16.4180          0          0  0.000e+00
   998.8820     -0.019     -0.019     0.0088    16.4189          0          0  0.000e+00
   998.8818     -0.017     -0.017     0.0088    16.4201          0          0  0.000e+00
   998.8817     -0.015     -0.015     0.0088    16.4208          0          0  0.000e+00
   998.8814     -0.017     -0.017     0.0088    16.4224          0          0  0.000e+00
   998.8812     -0.016     -0.016     0.0088    16.4240          0          0  0.000e+00
   998.8809     -0.016     -0.016     0.0088    16.4257          0          0  0.000e+00
   998.8806     -0.018     -0.018     0.0088    16.4270          0          0  0.000e+00
   998.8805     -0.016     -0.016     0.0088    16.4278          0          0  0.000e+00
   998.8805     -0.017     -0.017     0.0088    16.4279          0          0  0.000e+00
   998.8804     -0.017     -0.017     0.0088    16.4282          0          0  0.000e+00
   998.8805     -0.018     -0.018     0.0088    16.4279          0          0  0.000e+00
   998.8805     -0.018     -0.018     0.0088    16.4281          0          0  0.000e+00
   998.8803     -0.018     -0.018     0.0088    16.4293          0          0  0.000e+00
   998.8800     -0.019     -0.019     0.0088    16.4308          0          0  0.000e+00
   998.8799     -0.017     -0.017     0.0088    16.4316          0          0  0.000e+00
   998.8798     -0.017     -0.017     0.0088    16.4322          0          0  0.000e+00
   998.8796     -0.016     -0.016     0.0088    16.4335          0          0  0.000e+00
   998.8792     -0.017     -0.017     0.0088    16.4359          0          0  0.000e+00
   998.8787     -0.016     -0.016     0.0088    16.4388          0          0  0.000e+00
   998.8782     -0.018     -0.018     0.0088    16.4415          0          0  0.000e+00
   998.8781     -0.018     -0.018     0.0088    16.4423          0          0  0.000e+00
   998.8780     -0.019     -0.019     0.0088    16.4431          0          0  0.000e+00
   998.8779     -0.017     -0.017     0.0088    16.4436          0          0  0.000e+00
   998.8779     -0.016     -0.016     0.0088    16.4439          0          0  0.000e+00
   998.8775     -0.018     -0.018     0.0088    16.4456          0          0  0.000e+00
   998.8771     -0.018     -0.018     0.0088    16.4480          0          0  0.000e+00
   998.8771     -0.017     -0.017     0.0088    16.4483          0          0  0.000e+00
   998.8770     -0.017     -0.017     0.0088    16.4485          0          0  0.000e+00
   998.8770     -0.019     -0.019     0.0088    16.4489          0          0  0.000e+00
   998.8769     -0.016     -0.016     0.0088    16.4495          0          0  0.000e+00
   998.8768     -0.018     -0.018     0.0088    16.4499          0          0  0.000e+00
   998.8769     -0.018     -0.018     0.0088    16.4495          0          0  0.000e+00
   998.8769     -0.018     -0.018     0.0088    16.4495          0          0  0.000e+00
   998.8768     -0.017     -0.017     0.0088    16.4503          0          0  0.000e+00
   998.8765     -0.020     -0.020     0.0088    16.4520          0          0  0.000e+00
   998.8761     -0.018     -0.018     0.0088    16.4540          0          0  0.000e+00
   998.8760     -0.017     -0.017     0.0088    16.4551          0          0  0.000e+00
   998.8758     -0.017     -0.017     0.0088    16.4559          0          0  0.000e+00
   998.8756     -0.020     -0.020     0.0088    16.4568          0          0  0.000e+00
   998.8756     -0.018     -0.018     0.0088    16.4573          0          0  0.000e+00
   998.8756     -0.017     -0.017     0.0088    16.4574          0          0  0.000e+00
   998.8755     -0.017     -0.017     0.0088    16.4576          0          0  0.000e+00
   998.8753     -0.018     -0.018     0.0088    16.4586          0          0  0.000e+00
   998.8750     -0.017     -0.017     0.0088    16.4608          0          0  0.000e+00
   998.8744     -0.018     -0.018     0.0088    16.4642          0          0  0.000e+00
   998.8738     -0.018     -0.018     0.0088    16.4681          0          0  0.000e+00
   998.8732     -0.018     -0.018     0.0088    16.4713          0          0  0.000e+00
   998.8731     -0.016     -0.016     0.0088    16.4720          0          0  0.000e+00
   998.8732     -0.018     -0.018     0.0088    16.4717          0          0  0.000e+00
   998.8732     -0.019     -0.019     0.0088    16.4718          0          0  0.000e+00
   998.8730     -0.018     -0.018     0.0088    16.4727          0          0  0.000e+00
   998.8729     -0.017     -0.017     0.0088    16.4733          0          0  0.000e+00
   998.8728     -0.019     -0.019     0.0088    16.4739          0          0  0.000e+00
   998.8727     -0.018     -0.018     0.0088    16.4745          0          0  0.000e+00
   998.8725     -0.018     -0.018     0.0088    16.4758          0          0  0.000e+00
   998.8724     -0.019     -0.019     0.0088    16.4764          0          0  0.000e+00
   998.8721     -0.019     -0.019     0.0088    16.4778          0          0  0.000e+00
   998.8718     -0.018     -0.018     0.0088    16.4799          0          0  0.000e+00
   998.8717     -0.017     -0.017     0.0088    16.4806          0          0  0.000e+00
   998.8717     -0.017     -0.017     0.0088    16.4806          0          0  0.000e+00
   998.8717     -0.019     -0.019     0.0088    16.4803          0          0  0.000e+00
   998.8715     -0.019     -0.019     0.0088    16.4815          0          0  0.000e+00
   998.8712     -0.019     -0.019     0.0088    16.4831          0          0  0.000e+00
   998.8711     -0.018     -0.018     0.0088    16.4842          0          0  0.000e+00
   998.8708     -0.019     -0.019     0.0088    16.4857          0          0  0.000e+00
   998.8703     -0.018     -0.018     0.0088    16.4891          0          0  0.000e+00
   998.8698     -0.019     -0.019     0.0088    16.4918          0          0  0.000e+00
   998.8696     -0.015     -0.015     0.0088    16.4932          0          0  0.000e+00
   998.8694     -0.017     -0.017     0.0088    16.4941          0          0  0.000e+00
   998.8692     -0.017     -0.017     0.0088    16.4953          0          0  0.000e+00
   998.8691     -0.018     -0.018     0.0088    16.4961          0          0  0.000e+00
   998.8689     -0.018     -0.018     0.0088    16.4969          0          0  0.000e+00
   998.8688     -0.019     -0.019     0.0088    16.4975          0          0  0.000e+00
   998.8688     -0.018     -0.018     0.0088    16.4980          0          0  0.000e+00
   998.8689     -0.019     -0.019     0.0088    16.4972          0          0  0.000e+00
   998.8691     -0.018     -0.018     0.0088    16.4958          0          0  0.000e+00
   998.8693     -0.019     -0.019     0.0088    16.4950          0          0  0.000e+00
   998.8693     -0.019     -0.019     0.0088    16.4949          0          0  0.000e+00
   998.8692     -0.018     -0.018     0.0088    16.4951          0          0  0.000e+00
   998.8693     -0.019     -0.019     0.0088    16.4947          0          0  0.000e+00
   998.8693     -0.019     -0.019     0.0088    16.4946          0          0  0.000e+00
   998.8693     -0.019     -0.019     0.0088    16.4945          0          0  0.000e+00
   998.8694     -0.017     -0.017     0.0088    16.4944          0          0  0.000e+00
   998.8695     -0.019     -0.019     0.0088    16.4936          0          0  0.000e+00
   998.8696     -0.019     -0.019     0.0088    16.4930          0          0  0.000e+00
   998.8696     -0.019     -0.019     0.0088    16.4927          0          0  0.000e+00
   998.8697     -0.019     -0.019     0.0088    16.4921          0          0  0.000e+00
   998.8697     -0.019     -0.019     0.0088    16.4922          0          0  0.000e+00
   998.8696     -0.020     -0.020     0.0088    16.4927          0          0  0.000e+00
   998.8697     -0.018     -0.018     0.0088    16.4924          0          0  0.000e+00
   998.8697     -0.018     -0.018     0.0088    16.4926          0          0  0.000e+00
   998.8695     -0.018     -0.018     0.0088    16.4938          0          0  0.000e+00
   998.8692     -0.019     -0.019     0.0088    16.4952          0          0  0.000e+00
   998.8688     -0.017     -0.017     0.0088    16.4976          0          0  0.000e+00
   998.8686     -0.018     -0.018     0.0088    16.4992          0          0  0.000e+00
   998.8684     -0.018     -0.018     0.0088    16.5005          0          0  0.000e+00
   998.8680     -0.020     -0.020     0.0088    16.5026          0          0  0.000e+00
   998.8676     -0.020     -0.020     0.0088    16.5050          0          0  0.000e+00
   998.8671     -0.017     -0.017     0.0088    16.5078          0          0  0.000e+00
   998.8669     -0.020     -0.020     0.0088    16.5089          0          0  0.000e+00
   998.8666     -0.020     -0.020     0.0088    16.5107          0          0  0.000e+00
   998.8660     -0.019     -0.019     0.0088    16.5141          0          0  0.000e+00
   998.8657     -0.018     -0.018     0.0088    16.5165          0          0  0.000e+00
   998.8655     -0.019     -0.019     0.0088    16.5171          0          0  0.000e+00
   998.8655     -0.018     -0.018     0.0088    16.5176          0          0  0.000e+00
   998.8653     -0.017     -0.017     0.0088    16.5187          0          0  0.000e+00
   998.8649     -0.019     -0.019     0.0088    16.5207          0          0  0.000e+00
   998.8646     -0.018     -0.018     0.0088    16.5226          0          0  0.000e+00
   998.8640     -0.018     -0.018     0.0088    16.5261          0          0  0.000e+00
   998.8635     -0.020     -0.020     0.0088    16.5292          0          0  0.000e+00
   998.8632     -0.019     -0.019     0.0088    16.5313          0          0  0.000e+00
   998.8626     -0.019     -0.019     0.0089    16.5345          0          0  0.000e+00
   998.8620     -0.020     -0.020     0.0088    16.5380          0          0  0.000e+00
   998.8618     -0.018     -0.018     0.0088    16.5395          0          0  0.000e+00
   998.8614     -0.020     -0.020     0.0088    16.5419          0          0  0.000e+00
   998.8610     -0.019     -0.019     0.0088    16.5443          0          0  0.000e+00
   998.8605     -0.019     -0.019     0.0088    16.5472          0          0  0.000e+00
   998.8599     -0.019     -0.019     0.0088    16.5507          0          0  0.000e+00
   998.8595     -0.019     -0.019     0.0089    16.5529          0          0  0.000e+00
   998.8589     -0.019     -0.019     0.0088    16.5566          0          0  0.000e+00
   998.8584     -0.018     -0.018     0.0088    16.5594          0          0  0.000e+00
   998.8587     -0.018     -0.018     0.0088    16.5580          0          0  0.000e+00
   998.8588     -0.018     -0.018     0.0088    16.5571          0          0  0.000e+00
   998.8588     -0.020     -0.020     0.0088    16.5573          0          0  0.000e+00
   998.8586     -0.019     -0.019     0.0088    16.5583          0          0  0.000e+00
   998.8587     -0.021     -0.021     0.0088    16.5579          0          0  0.000e+00
   998.8586     -0.020     -0.020     0.0088    16.5580          0          0  0.000e+00
   998.8586     -0.019     -0.019     0.0088    16.5582          0          0  0.000e+00
   998.8586     -0.019     -0.019     0.0088    16.5585          0          0  0.000e+00
   998.8583     -0.019     -0.019     0.0088    16.5604          0          0  0.000e+00
   998.8579     -0.019     -0.019     0.0089    16.5628          0          0  0.000e+00
   998.8577     -0.019     -0.019     0.0089    16.5638          0          0  0.000e+00
   998.8577     -0.018     -0.018     0.0088    16.5634          0          0  0.000e+00
   998.8577     -0.020     -0.020     0.0088    16.5635          0          0  0.000e+00
   998.8576     -0.020     -0.020     0.0088    16.5642          0          0  0.000e+00
   998.8575     -0.019     -0.019     0.0088    16.5651          0          0  0.000e+00
   998.8574     -0.020     -0.020     0.0089    16.5653          0          0  0.000e+00
   998.8573     -0.020     -0.020     0.0088    16.5658          0          0  0.000e+00
   998.8571     -0.019     -0.019     0.0089    16.5674          0          0  0.000e+00
   998.8568     -0.019     -0.019     0.0089    16.5690          0          0  0.000e+00
   998.8567     -0.019     -0.019     0.0088    16.5695          0          0  0.000e+00
   998.8567     -0.021     -0.021     0.0088    16.5694          0          0  0.000e+00
   998.8569     -0.022     -0.022     0.0088    16.5684          0          0  0.000e+00
   998.8570     -0.020     -0.020     0.0088    16.5676          0          0  0.000e+00
   998.8575     -0.020     -0.020     0.0088    16.5643          0          0  0.000e+00
   998.8579     -0.023     -0.023     0.0088    16.5623          0          0  0.000e+00
   998.8577     -0.019     -0.019     0.0088    16.5632          0          0  0.000e+00
   998.8570     -0.019     -0.019     0.0089    16.5681          0          0  0.000e+00
   998.8563     -0.018     -0.018     0.0089    16.5722          0          0  0.000e+00
   998.8561     -0.019     -0.019     0.0088    16.5735          0          0  0.000e+00
   998.8562     -0.020     -0.020     0.0089    16.5724          0          0  0.000e+00
   998.8565     -0.018     -0.018     0.0089    16.5710          0          0  0.000e+00
   998.8565     -0.019     -0.019     0.0089    16.5710          0          0  0.000e+00
   998.8564     -0.020     -0.020     0.0088    16.5713          0          0  0.000e+00
   998.8567     -0.019     -0.019     0.0088    16.5695          0          0  0.000e+00
