data/eDNA/PER-2021-171/171b018.cnv
* Sea-Bird SBE19plus  Data File:
* FileName = C:\Users\RSG_field\Ryan_2021_Perley\CTD\171b018.hex
* Software version 2.3.0 SB_Terminal.dll
* Temperature SN = 7141
* Conductivity SN = 7141
* System UpLoad Time = Aug 13 2021 13:55:14
* <ApplicationData>
* <SeatermAF>
** Platform: M. Perley
** Cruise: Per2021171
** Station:  ESI_02
** Cast: 01 2
** Latitude: N  44 51.373
** Longitude: W 62 11.17
** Sounding: 52
** Chief Scientist: Ryan Stanley
** Comment: 171b018
# nquan = 8
# nvalues = 2392                                  
# units = specified
# name 0 = density00: Density [density, kg/m^3]
# name 1 = depSM: Depth [salt water, m], lat = 45.00
# name 2 = prdM: Pressure, Strain Gauge [db]
# name 3 = sal00: Salinity, Practical [PSU]
# name 4 = tv290C: Temperature [ITS-90, deg C]
# name 5 = bpos: Bottle Position in Carousel
# name 6 = nbf: Bottles Fired
# name 7 = flag:  0.000e+00
# span 0 =   998.9030,  1025.0249                 
# span 1 =     -0.068,     51.645                 
# span 2 =     -0.069,     52.074                 
# span 3 =     0.0077,    31.3153                 
# span 4 =     4.7321,    18.3918                 
# span 5 =          0,          2                 
# span 6 =          0,          2                 
# span 7 = 0.0000e+00, 0.0000e+00                 
# interval = seconds: 0.25
# start_time = Aug 13 2021 16:42:47 [Instrument's time stamp, header]
# bad_flag = -9.990e-29
*END*
[from data line 360]
  1021.8209      2.579      2.600    30.3558    17.6185          0          0  0.000e+00
  1021.8270      2.593      2.615    30.3611    17.6100          0          0  0.000e+00
  1021.8471      2.604      2.625    30.3851    17.6029          0          0  0.000e+00
  1021.8807      2.609      2.631    30.4310    17.6094          0          0  0.000e+00
  1021.8647      2.618      2.639    30.4199    17.6416          0          0  0.000e+00
  1021.8330      2.620      2.641    30.3892    17.6762          0          0  0.000e+00
  1021.8169      2.617      2.638    30.3730    17.6921          0          0  0.000e+00
  1021.8064      2.606      2.627    30.3616    17.6991          0          0  0.000e+00
  1021.8087      2.580      2.601    30.3647    17.6991          0          0  0.000e+00
  1021.8040      2.539      2.560    30.3586    17.6984          0          0  0.000e+00
  1021.8082      2.483      2.504    30.3634    17.6955          0          0  0.000e+00
  1021.8101      2.423      2.443    30.3658    17.6938          0          0  0.000e+00
  1021.8076      2.354      2.373    30.3628    17.6932          0          0  0.000e+00
  1021.8110      2.292      2.311    30.3670    17.6916          0          0  0.000e+00
  1021.8128      2.239      2.258    30.3700    17.6921          0          0  0.000e+00
  1021.8228      2.204      2.222    30.3841    17.6953          0          0  0.000e+00
  1021.8335      2.189      2.206    30.4018    17.7067          0          0  0.000e+00
  1021.8425      2.198      2.216    30.4206    17.7300          0          0  0.000e+00
  1021.8291      2.230      2.248    30.4135    17.7638          0          0  0.000e+00
  1021.8204      2.276      2.295    30.4124    17.7977          0          0  0.000e+00
  1021.8120      2.336      2.355    30.4113    17.8309          0          0  0.000e+00
  1021.7962      2.395      2.415    30.4014    17.8667          0          0  0.000e+00
  1021.7725      2.452      2.473    30.3795    17.8973          0          0  0.000e+00
  1021.7574      2.496      2.516    30.3655    17.9161          0          0  0.000e+00
  1021.7500      2.527      2.547    30.3583    17.9248          0          0  0.000e+00
  1021.7483      2.545      2.566    30.3570    17.9285          0          0  0.000e+00
  1021.7463      2.553      2.574    30.3553    17.9312          0          0  0.000e+00
  1021.7414      2.560      2.580    30.3492    17.9323          0          0  0.000e+00
  1021.7430      2.568      2.589    30.3504    17.9299          0          0  0.000e+00
  1021.7472      2.585      2.606    30.3551    17.9277          0          0  0.000e+00
  1021.7575      2.624      2.646    30.3685    17.9280          0          0  0.000e+00
  1021.7496      2.674      2.696    30.3601    17.9353          0          0  0.000e+00
  1021.7302      2.723      2.745    30.3359    17.9399          0          0  0.000e+00
  1021.7296      2.748      2.771    30.3323    17.9312          0          0  0.000e+00
  1021.7524      2.735      2.758    30.3584    17.9188          0          0  0.000e+00
  1021.7583      2.675      2.697    30.3664    17.9186          0          0  0.000e+00
  1021.7379      2.565      2.586    30.3421    17.9244          0          0  0.000e+00
  1021.7447      2.415      2.435    30.3502    17.9191          0          0  0.000e+00
  1021.7537      2.236      2.255    30.3619    17.9153          0          0  0.000e+00
  1021.7538      2.036      2.053    30.3640    17.9182          0          0  0.000e+00
  1021.7481      1.839      1.854    30.3594    17.9236          0          0  0.000e+00
  1021.7474      1.686      1.700    30.3605    17.9270          0          0  0.000e+00
  1021.7501      1.633      1.646    30.3655    17.9308          0          0  0.000e+00
  1021.7489      1.696      1.710    30.3659    17.9381          0          0  0.000e+00
  1021.7416      1.873      1.888    30.3578    17.9464          0          0  0.000e+00
  1021.7376      2.117      2.135    30.3521    17.9495          0          0  0.000e+00
  1021.7670      2.371      2.390    30.3892    17.9497          0          0  0.000e+00
  1021.7573      2.590      2.611    30.3808    17.9675          0          0  0.000e+00
  1021.7218      2.764      2.787    30.3391    17.9863          0          0  0.000e+00
  1021.7282      2.880      2.903    30.3456    17.9820          0          0  0.000e+00
  1021.7438      2.933      2.957    30.3639    17.9765          0          0  0.000e+00
  1021.7326      2.932      2.956    30.3511    17.9823          0          0  0.000e+00
  1021.7269      2.875      2.899    30.3439    17.9822          0          0  0.000e+00
  1021.7347      2.768      2.791    30.3532    17.9773          0          0  0.000e+00
  1021.7354      2.659      2.681    30.3545    17.9765          0          0  0.000e+00
  1021.7325      2.579      2.600    30.3514    17.9771          0          0  0.000e+00
  1021.7316      2.528      2.548    30.3501    17.9756          0          0  0.000e+00
  1021.7326      2.504      2.525    30.3507    17.9734          0          0  0.000e+00
  1021.7384      2.488      2.509    30.3579    17.9716          0          0  0.000e+00
  1021.7434      2.468      2.489    30.3653    17.9737          0          0  0.000e+00
  1021.7502      2.429      2.449    30.3766    17.9811          0          0  0.000e+00
  1021.7384      2.377      2.397    30.3659    17.9949          0          0  0.000e+00
  1021.7291      2.309      2.328    30.3571    18.0044          0          0  0.000e+00
  1021.7278      2.227      2.245    30.3569    18.0081          0          0  0.000e+00
  1021.7289      2.136      2.153    30.3599    18.0110          0          0  0.000e+00
  1021.7272      2.043      2.060    30.3596    18.0155          0          0  0.000e+00
  1021.7254      1.965      1.981    30.3593    18.0207          0          0  0.000e+00
  1021.7270      1.919      1.935    30.3632    18.0257          0          0  0.000e+00
  1021.7427      1.923      1.939    30.3861    18.0334          0          0  0.000e+00
  1021.7202      1.983      1.999    30.3623    18.0522          0          0  0.000e+00
  1021.7174      2.104      2.121    30.3617    18.0642          0          0  0.000e+00
  1021.7002      2.260      2.278    30.3405    18.0714          0          0  0.000e+00
  1021.6657      2.433      2.453    30.2923    18.0650          0          0  0.000e+00
  1021.6852      2.604      2.625    30.3068    18.0328          0          0  0.000e+00
  1021.7131      2.755      2.777    30.3329    18.0024          0          0  0.000e+00
  1021.7479      2.870      2.894    30.3727    17.9863          0          0  0.000e+00
  1021.7288      2.947      2.972    30.3485    17.9903          0          0  0.000e+00
  1021.7175      2.983      3.008    30.3323    17.9866          0          0  0.000e+00
  1021.7351      2.979      3.004    30.3523    17.9765          0          0  0.000e+00
  1021.7438      2.935      2.959    30.3629    17.9734          0          0  0.000e+00
  1021.7450      2.855      2.879    30.3664    17.9780          0          0  0.000e+00
  1021.7336      2.745      2.767    30.3544    17.9850          0          0  0.000e+00
  1021.7306      2.620      2.641    30.3514    17.9857          0          0  0.000e+00
  1021.7333      2.486      2.507    30.3552    17.9840          0          0  0.000e+00
  1021.7351      2.356      2.375    30.3584    17.9842          0          0  0.000e+00
  1021.7375      2.240      2.259    30.3628    17.9866          0          0  0.000e+00
  1021.7341      2.147      2.165    30.3604    17.9913          0          0  0.000e+00
  1021.7321      2.079      2.096    30.3596    17.9956          0          0  0.000e+00
  1021.7294      2.043      2.060    30.3574    17.9991          0          0  0.000e+00
  1021.7339      2.032      2.048    30.3641    18.0017          0          0  0.000e+00
  1021.7340      2.039      2.056    30.3661    18.0076          0          0  0.000e+00
  1021.7411      2.058      2.075    30.3779    18.0163          0          0  0.000e+00
  1021.7373      2.089      2.106    30.3771    18.0303          0          0  0.000e+00
  1021.7299      2.134      2.152    30.3722    18.0460          0          0  0.000e+00
  1021.7226      2.193      2.211    30.3667    18.0600          0          0  0.000e+00
  1021.7125      2.268      2.287    30.3562    18.0703          0          0  0.000e+00
  1021.7139      2.359      2.378    30.3591    18.0756          0          0  0.000e+00
  1021.6671      2.468      2.489    30.2977    18.0769          0          0  0.000e+00
  1021.6655      2.586      2.607    30.2864    18.0499          0          0  0.000e+00
  1021.6778      2.702      2.724    30.2871    18.0029          0          0  0.000e+00
  1021.6991      2.788      2.811    30.2997    17.9553          0          0  0.000e+00
  1021.7163      2.839      2.863    30.3106    17.9191          0          0  0.000e+00
  1021.7558      2.858      2.882    30.3522    17.8872          0          0  0.000e+00
  1021.7666      2.846      2.869    30.3632    17.8770          0          0  0.000e+00
  1021.7668      2.796      2.819    30.3646    17.8796          0          0  0.000e+00
  1021.7752      2.720      2.742    30.3769    17.8823          0          0  0.000e+00
  1021.7770      2.633      2.654    30.3828    17.8921          0          0  0.000e+00
  1021.7642      2.549      2.570    30.3708    17.9056          0          0  0.000e+00
  1021.7611      2.467      2.487    30.3699    17.9145          0          0  0.000e+00
  1021.7617      2.387      2.406    30.3735    17.9219          0          0  0.000e+00
  1021.7612      2.321      2.340    30.3763    17.9318          0          0  0.000e+00
  1021.7566      2.267      2.285    30.3744    17.9439          0          0  0.000e+00
  1021.7535      2.227      2.245    30.3742    17.9555          0          0  0.000e+00
  1021.7555      2.193      2.211    30.3807    17.9671          0          0  0.000e+00
  1021.7542      2.170      2.188    30.3839    17.9826          0          0  0.000e+00
  1021.7418      2.165      2.183    30.3735    18.0011          0          0  0.000e+00
  1021.7285      2.176      2.194    30.3602    18.0144          0          0  0.000e+00
  1021.7287      2.210      2.228    30.3620    18.0199          0          0  0.000e+00
  1021.7507      2.268      2.287    30.3929    18.0278          0          0  0.000e+00
  1021.6999      2.347      2.367    30.3325    18.0487          0          0  0.000e+00
  1021.6396      2.434      2.454    30.2508    18.0415          0          0  0.000e+00
  1021.6722      2.517      2.538    30.2748    17.9836          0          0  0.000e+00
  1021.7191      2.589      2.610    30.3194    17.9310          0          0  0.000e+00
  1021.7141      2.641      2.663    30.3042    17.9042          0          0  0.000e+00
  1021.7378      2.665      2.687    30.3264    17.8763          0          0  0.000e+00
  1021.7475      2.657      2.679    30.3322    17.8538          0          0  0.000e+00
  1021.7732      2.626      2.648    30.3609    17.8376          0          0  0.000e+00
  1021.7891      2.577      2.599    30.3814    17.8355          0          0  0.000e+00
  1021.7719      2.523      2.544    30.3631    17.8478          0          0  0.000e+00
  1021.7570      2.465      2.485    30.3454    17.8528          0          0  0.000e+00
  1021.7607      2.415      2.435    30.3485    17.8461          0          0  0.000e+00
  1021.7712      2.385      2.404    30.3605    17.8399          0          0  0.000e+00
  1021.7751      2.374      2.393    30.3659    17.8408          0          0  0.000e+00
  1021.7657      2.381      2.401    30.3551    17.8458          0          0  0.000e+00
  1021.7423      2.394      2.414    30.3241    17.8448          0          0  0.000e+00
  1021.6916      2.405      2.424    30.2504    17.8216          0          0  0.000e+00
  1021.7613      2.415      2.435    30.3217    17.7574          0          0  0.000e+00
  1021.7848      2.427      2.447    30.3394    17.7155          0          0  0.000e+00
  1021.7821      2.432      2.452    30.3301    17.6967          0          0  0.000e+00
  1021.7863      2.425      2.445    30.3280    17.6722          0          0  0.000e+00
  1021.8255      2.397      2.417    30.3717    17.6470          0          0  0.000e+00
  1021.8475      2.351      2.370    30.3998    17.6439          0          0  0.000e+00
  1021.8448      2.299      2.318    30.4007    17.6575          0          0  0.000e+00
  1021.8476      2.263      2.281    30.4106    17.6769          0          0  0.000e+00
  1021.8202      2.252      2.271    30.3827    17.7026          0          0  0.000e+00
  1021.8779      2.268      2.287    30.4619    17.7150          0          0  0.000e+00
  1021.9359      2.319      2.338    30.5535    17.7669          0          0  0.000e+00
  1021.8627      2.413      2.433    30.4929    17.8814          0          0  0.000e+00
  1021.7396      2.539      2.560    30.3605    17.9756          0          0  0.000e+00
  1021.5843      2.656      2.678    30.1617    17.9922          0          0  0.000e+00
  1021.5715      2.739      2.761    30.1128    17.8905          0          0  0.000e+00
  1021.6521      2.777      2.799    30.1713    17.7399          0          0  0.000e+00
  1021.7725      2.780      2.803    30.2878    17.6069          0          0  0.000e+00
  1021.8224      2.748      2.771    30.3325    17.5398          0          0  0.000e+00
  1021.8737      2.679      2.701    30.3909    17.5100          0          0  0.000e+00
  1021.9125      2.586      2.607    30.4442    17.5166          0          0  0.000e+00
  1021.9342      2.482      2.502    30.4873    17.5624          0          0  0.000e+00
  1021.8869      2.386      2.405    30.4487    17.6360          0          0  0.000e+00
  1021.8509      2.299      2.318    30.4201    17.6943          0          0  0.000e+00
  1021.8292      2.228      2.246    30.4044    17.7341          0          0  0.000e+00
  1021.8147      2.167      2.185    30.3943    17.7616          0          0  0.000e+00
  1021.8026      2.120      2.137    30.3857    17.7841          0          0  0.000e+00
  1021.7998      2.079      2.096    30.3878    17.8020          0          0  0.000e+00
  1021.8073      2.058      2.075    30.4037    17.8211          0          0  0.000e+00
  1021.8163      2.048      2.064    30.4237    17.8474          0          0  0.000e+00
  1021.8017      2.052      2.069    30.4175    17.8888          0          0  0.000e+00
  1021.7780      2.085      2.102    30.3991    17.9297          0          0  0.000e+00
  1021.7695      2.148      2.166    30.3978    17.9629          0          0  0.000e+00
  1021.7468      2.255      2.274    30.3765    17.9916          0          0  0.000e+00
  1021.7518      2.397      2.417    30.3884    18.0113          0          0  0.000e+00
  1021.6513      2.567      2.588    30.2624    18.0322          0          0  0.000e+00
  1021.5332      2.735      2.758    30.0949    17.9939          0          0  0.000e+00
  1021.5665      2.879      2.902    30.0928    17.8497          0          0  0.000e+00
  1021.7277      2.973      2.997    30.2502    17.6787          0          0  0.000e+00
  1021.8354      3.012      3.037    30.3630    17.5887          0          0  0.000e+00
  1021.8450      2.996      3.021    30.3713    17.5742          0          0  0.000e+00
  1021.8222      2.929      2.953    30.3412    17.5720          0          0  0.000e+00
  1021.8583      2.811      2.834    30.3846    17.5578          0          0  0.000e+00
  1021.8809      2.647      2.669    30.4167    17.5626          0          0  0.000e+00
