data/eDNA/PER-2021-171/171b022.cnv
* Sea-Bird SBE19plus  Data File:
* FileName = C:\Users\RSG_field\Ryan_2021_Perley\CTD\171b022.hex
* Software version 2.3.0 SB_Terminal.dll
* Temperature SN = 7141
* Conductivity SN = 7141
* System UpLoad Time = Aug 17 2021 15:29:43
* <ApplicationData>
* <SeatermAF>
** Platform: M. Perley
** Cruise: Per2021171
** Station:  SAB_07
** Cast: 01 2
** Latitude: N  46 16.508
** Longitude: W 59 00.823
** Sounding: 166
** Chief Scientist: Ryan Stanley
** Comment: 171b022
** This was a bit off the original plan to sample in a constant bearing from GC_06 to Scattarie Bank
# nquan = 8
# nvalues = 4080                                  
# units = specified
# name 0 = density00: Density [density, kg/m^3]
# name 1 = depSM: Depth [salt water, m], lat = 45.00
# name 2 = prdM: Pressure, Strain Gauge [db]
# name 3 = sal00: Salinity, Practical [PSU]
# name 4 = tv290C: Temperature [ITS-90, deg C]
# name 5 = bpos: Bottle Position in Carousel
# name 6 = nbf: Bottles Fired
# name 7 = flag:  0.000e+00
# span 0 =   998.9433,  1027.4941                 
# span 1 =     -0.035,    156.260                 
# span 2 =     -0.036,    157.599                 
# span 3 =     0.0945,    33.8008                 
# span 4 =     1.8763,    19.8080                 
# span 5 =          0,          2                 
# span 6 =          0,          2                 
# span 7 = 0.0000e+00, 0.0000e+00                 
# interval = seconds: 0.25
# start_time = Aug 17 2021 18:09:22 [Instrument's time stamp, header]
# bad_flag = -9.990e-29
*END*
[from data line 899]
  1023.6511     19.468     19.628    30.5788     9.6270          0          0  0.000e+00
  1023.7518     19.642     19.803    30.6800     9.4936          0          0  0.000e+00
  1023.8118     19.771     19.934    30.7397     9.4123          0          0  0.000e+00
  1023.8380     19.865     20.029    30.7638     9.3671          0          0  0.000e+00
  1023.8658     19.928     20.092    30.7930     9.3375          0          0  0.000e+00
  1023.8981     19.963     20.127    30.8316     9.3243          0          0  0.000e+00
  1023.8820     19.983     20.147    30.8123     9.3317          0          0  0.000e+00
  1023.8720     20.007     20.172    30.8004     9.3371          0          0  0.000e+00
  1023.8486     20.053     20.218    30.7697     9.3351          0          0  0.000e+00
  1023.8400     20.136     20.301    30.7553     9.3197          0          0  0.000e+00
  1023.8427     20.254     20.421    30.7536     9.2974          0          0  0.000e+00
  1023.8420     20.416     20.585    30.7469     9.2731          0          0  0.000e+00
  1023.8398     20.604     20.774    30.7376     9.2459          0          0  0.000e+00
  1023.8525     20.815     20.986    30.7461     9.2127          0          0  0.000e+00
  1023.8546     21.028     21.201    30.7414     9.1815          0          0  0.000e+00
  1023.8535     21.241     21.416    30.7322     9.1481          0          0  0.000e+00
  1023.8610     21.429     21.605    30.7332     9.1101          0          0  0.000e+00
  1023.8711     21.595     21.773    30.7374     9.0708          0          0  0.000e+00
  1023.8804     21.733     21.912    30.7408     9.0310          0          0  0.000e+00
  1023.8527     21.845     22.025    30.6971     8.9919          0          0  0.000e+00
  1023.8327     21.934     22.115    30.6597     8.9336          0          0  0.000e+00
  1023.8571     22.003     22.185    30.6746     8.8509          0          0  0.000e+00
  1023.8943     22.054     22.236    30.7068     8.7718          0          0  0.000e+00
  1023.9277     22.102     22.284    30.7368     8.7068          0          0  0.000e+00
  1023.9475     22.153     22.335    30.7527     8.6591          0          0  0.000e+00
  1023.9198     22.218     22.402    30.7092     8.6183          0          0  0.000e+00
  1023.9062     22.306     22.490    30.6806     8.5613          0          0  0.000e+00
  1023.9290     22.421     22.606    30.6946     8.4842          0          0  0.000e+00
  1023.9528     22.564     22.750    30.7094     8.4044          0          0  0.000e+00
  1023.9701     22.728     22.916    30.7165     8.3288          0          0  0.000e+00
  1024.0179     22.906     23.095    30.7624     8.2527          0          0  0.000e+00
  1024.0439     23.105     23.295    30.7840     8.1957          0          0  0.000e+00
  1024.0760     23.311     23.503    30.8156     8.1510          0          0  0.000e+00
  1024.1082     23.522     23.716    30.8499     8.1202          0          0  0.000e+00
  1024.1164     23.721     23.916    30.8564     8.1050          0          0  0.000e+00
  1024.1267     23.910     24.107    30.8663     8.0935          0          0  0.000e+00
  1024.1318     24.075     24.273    30.8704     8.0855          0          0  0.000e+00
  1024.1360     24.221     24.421    30.8740     8.0806          0          0  0.000e+00
  1024.1381     24.339     24.539    30.8755     8.0777          0          0  0.000e+00
  1024.1402     24.443     24.645    30.8773     8.0762          0          0  0.000e+00
  1024.1400     24.528     24.731    30.8763     8.0751          0          0  0.000e+00
  1024.1390     24.606     24.809    30.8744     8.0739          0          0  0.000e+00
  1024.1404     24.686     24.890    30.8754     8.0724          0          0  0.000e+00
  1024.1402     24.771     24.975    30.8745     8.0716          0          0  0.000e+00
  1024.1408     24.872     25.077    30.8745     8.0707          0          0  0.000e+00
  1024.1368     24.993     25.199    30.8686     8.0700          0          0  0.000e+00
  1024.1303     25.127     25.334    30.8590     8.0676          0          0  0.000e+00
  1024.1225     25.269     25.478    30.8469     8.0599          0          0  0.000e+00
  1024.1299     25.408     25.618    30.8529     8.0456          0          0  0.000e+00
  1024.1377     25.537     25.748    30.8596     8.0323          0          0  0.000e+00
  1024.1427     25.653     25.865    30.8636     8.0225          0          0  0.000e+00
  1024.1501     25.749     25.962    30.8710     8.0147          0          0  0.000e+00
  1024.1557     25.828     26.041    30.8769     8.0101          0          0  0.000e+00
  1024.1598     25.887     26.101    30.8813     8.0075          0          0  0.000e+00
  1024.1607     25.939     26.153    30.8822     8.0072          0          0  0.000e+00
  1024.1592     25.989     26.203    30.8800     8.0077          0          0  0.000e+00
  1024.1562     26.050     26.265    30.8759     8.0078          0          0  0.000e+00
  1024.1557     26.133     26.349    30.8745     8.0065          0          0  0.000e+00
  1024.1572     26.252     26.468    30.8754     8.0052          0          0  0.000e+00
  1024.1569     26.403     26.621    30.8740     8.0040          0          0  0.000e+00
  1024.1439     26.579     26.799    30.8557     8.0004          0          0  0.000e+00
  1024.1333     26.782     27.003    30.8383     7.9857          0          0  0.000e+00
  1024.0924     26.994     27.217    30.7789     7.9522          0          0  0.000e+00
  1024.0464     27.206     27.430    30.7059     7.8788          0          0  0.000e+00
  1024.0747     27.401     27.627    30.7193     7.7574          0          0  0.000e+00
  1024.1293     27.574     27.801    30.7652     7.6281          0          0  0.000e+00
  1024.2049     27.715     27.943    30.8411     7.5150          0          0  0.000e+00
  1024.2653     27.830     28.060    30.9031     7.4326          0          0  0.000e+00
  1024.2909     27.927     28.157    30.9263     7.3814          0          0  0.000e+00
  1024.2965     28.005     28.236    30.9269     7.3459          0          0  0.000e+00
  1024.3054     28.085     28.316    30.9317     7.3095          0          0  0.000e+00
  1024.3122     28.165     28.398    30.9341     7.2763          0          0  0.000e+00
  1024.3334     28.264     28.497    30.9547     7.2414          0          0  0.000e+00
  1024.3236     28.380     28.615    30.9371     7.2153          0          0  0.000e+00
  1024.3161     28.515     28.750    30.9210     7.1811          0          0  0.000e+00
  1024.3254     28.662     28.899    30.9241     7.1349          0          0  0.000e+00
  1024.3405     28.816     29.054    30.9339     7.0838          0          0  0.000e+00
  1024.3521     28.973     29.212    30.9394     7.0332          0          0  0.000e+00
  1024.3572     29.129     29.369    30.9364     6.9815          0          0  0.000e+00
  1024.3761     29.284     29.525    30.9501     6.9251          0          0  0.000e+00
  1024.3981     29.427     29.670    30.9684     6.8714          0          0  0.000e+00
  1024.4100     29.565     29.809    30.9752     6.8247          0          0  0.000e+00
  1024.4154     29.697     29.942    30.9739     6.7797          0          0  0.000e+00
  1024.4291     29.828     30.075    30.9822     6.7289          0          0  0.000e+00
  1024.4364     29.961     30.208    30.9826     6.6778          0          0  0.000e+00
  1024.4610     30.093     30.342    31.0046     6.6255          0          0  0.000e+00
  1024.4651     30.230     30.480    31.0013     6.5771          0          0  0.000e+00
  1024.4835     30.367     30.618    31.0162     6.5295          0          0  0.000e+00
  1024.5066     30.493     30.745    31.0380     6.4863          0          0  0.000e+00
  1024.5307     30.612     30.865    31.0627     6.4537          0          0  0.000e+00
  1024.5414     30.702     30.956    31.0724     6.4330          0          0  0.000e+00
  1024.5537     30.769     31.023    31.0855     6.4188          0          0  0.000e+00
  1024.5526     30.814     31.069    31.0824     6.4103          0          0  0.000e+00
  1024.5715     30.841     31.096    31.1052     6.4031          0          0  0.000e+00
  1024.5909     30.863     31.118    31.1302     6.4062          0          0  0.000e+00
  1024.5651     30.896     31.151    31.0997     6.4217          0          0  0.000e+00
  1024.5391     30.954     31.210    31.0672     6.4274          0          0  0.000e+00
  1024.5199     31.040     31.296    31.0405     6.4157          0          0  0.000e+00
  1024.4972     31.159     31.416    31.0065     6.3871          0          0  0.000e+00
  1024.5058     31.304     31.563    31.0083     6.3338          0          0  0.000e+00
  1024.5255     31.467     31.727    31.0220     6.2678          0          0  0.000e+00
  1024.5391     31.628     31.890    31.0278     6.1996          0          0  0.000e+00
  1024.5669     31.783     32.046    31.0514     6.1302          0          0  0.000e+00
  1024.6134     31.923     32.187    31.0999     6.0662          0          0  0.000e+00
  1024.6523     32.044     32.309    31.1414     6.0204          0          0  0.000e+00
  1024.6738     32.153     32.419    31.1643     5.9953          0          0  0.000e+00
  1024.6892     32.269     32.535    31.1812     5.9826          0          0  0.000e+00
  1024.7047     32.390     32.657    31.1991     5.9758          0          0  0.000e+00
  1024.7056     32.529     32.798    31.1983     5.9687          0          0  0.000e+00
  1024.7070     32.697     32.967    31.1968     5.9532          0          0  0.000e+00
  1024.7183     32.885     33.156    31.2063     5.9288          0          0  0.000e+00
  1024.6618     33.096     33.369    31.1289     5.8985          0          0  0.000e+00
  1024.5062     33.312     33.587    30.9206     5.8309          0          0  0.000e+00
  1024.4260     33.537     33.814    30.7940     5.6699          0          0  0.000e+00
  1024.5024     33.755     34.034    30.8567     5.4408          0          0  0.000e+00
  1024.6237     33.952     34.233    30.9794     5.2314          0          0  0.000e+00
  1024.7195     34.121     34.403    31.0792     5.0835          0          0  0.000e+00
  1024.7774     34.255     34.538    31.1387     4.9892          0          0  0.000e+00
  1024.8178     34.356     34.640    31.1809     4.9281          0          0  0.000e+00
  1024.8442     34.423     34.707    31.2087     4.8899          0          0  0.000e+00
  1024.8788     34.458     34.743    31.2492     4.8682          0          0  0.000e+00
  1024.9056     34.464     34.749    31.2829     4.8674          0          0  0.000e+00
  1024.9089     34.450     34.735    31.2895     4.8845          0          0  0.000e+00
  1024.9230     34.432     34.717    31.3106     4.9082          0          0  0.000e+00
  1024.8795     34.422     34.706    31.2602     4.9407          0          0  0.000e+00
  1024.8483     34.435     34.720    31.2227     4.9567          0          0  0.000e+00
  1024.8811     34.489     34.775    31.2631     4.9509          0          0  0.000e+00
  1024.8335     34.595     34.882    31.2040     4.9636          0          0  0.000e+00
  1024.6078     34.750     35.038    30.9162     4.9501          0          0  0.000e+00
  1024.6120     34.950     35.239    30.9030     4.8193          0          0  0.000e+00
  1024.6728     35.177     35.468    30.9565     4.6529          0          0  0.000e+00
  1024.6727     35.421     35.714    30.9356     4.5016          0          0  0.000e+00
  1024.7705     35.646     35.941    31.0369     4.3372          0          0  0.000e+00
  1024.8480     35.832     36.128    31.1174     4.2084          0          0  0.000e+00
  1024.9105     35.968     36.266    31.1841     4.1170          0          0  0.000e+00
  1024.9693     36.055     36.353    31.2499     4.0531          0          0  0.000e+00
  1025.0026     36.107     36.406    31.2874     4.0191          0          0  0.000e+00
  1025.0260     36.135     36.434    31.3152     4.0073          0          0  0.000e+00
  1025.0340     36.155     36.454    31.3258     4.0118          0          0  0.000e+00
  1025.0094     36.197     36.497    31.2963     4.0261          0          0  0.000e+00
  1024.9888     36.286     36.586    31.2701     4.0288          0          0  0.000e+00
  1024.9431     36.439     36.740    31.2099     4.0142          0          0  0.000e+00
  1024.9568     36.650     36.953    31.2206     3.9703          0          0  0.000e+00
  1024.9754     36.907     37.213    31.2362     3.9176          0          0  0.000e+00
  1024.9955     37.192     37.499    31.2537     3.8666          0          0  0.000e+00
  1025.0249     37.466     37.776    31.2825     3.8111          0          0  0.000e+00
  1025.0444     37.715     38.027    31.2991     3.7549          0          0  0.000e+00
  1025.0736     37.924     38.238    31.3273     3.6929          0          0  0.000e+00
  1025.1130     38.075     38.390    31.3694     3.6362          0          0  0.000e+00
  1025.1458     38.170     38.486    31.4054     3.5958          0          0  0.000e+00
  1025.1755     38.210     38.527    31.4399     3.5722          0          0  0.000e+00
  1025.1885     38.216     38.532    31.4554     3.5664          0          0  0.000e+00
  1025.2063     38.205     38.521    31.4786     3.5727          0          0  0.000e+00
  1025.2073     38.201     38.517    31.4824     3.5941          0          0  0.000e+00
  1025.1667     38.222     38.538    31.4343     3.6215          0          0  0.000e+00
  1025.1623     38.289     38.606    31.4292     3.6280          0          0  0.000e+00
  1025.1615     38.409     38.727    31.4281     3.6334          0          0  0.000e+00
  1025.1267     38.575     38.894    31.3839     3.6385          0          0  0.000e+00
  1025.0897     38.774     39.095    31.3340     3.6191          0          0  0.000e+00
  1025.1233     38.987     39.310    31.3695     3.5707          0          0  0.000e+00
  1025.1536     39.191     39.515    31.4012     3.5258          0          0  0.000e+00
  1025.1759     39.365     39.691    31.4245     3.4941          0          0  0.000e+00
  1025.1899     39.510     39.837    31.4388     3.4717          0          0  0.000e+00
  1025.2049     39.628     39.956    31.4551     3.4551          0          0  0.000e+00
  1025.2098     39.734     40.063    31.4597     3.4466          0          0  0.000e+00
  1025.2112     39.825     40.155    31.4601     3.4402          0          0  0.000e+00
  1025.2174     39.926     40.256    31.4665     3.4331          0          0  0.000e+00
  1025.2107     40.034     40.365    31.4570     3.4290          0          0  0.000e+00
  1025.2122     40.161     40.494    31.4572     3.4205          0          0  0.000e+00
  1025.2200     40.305     40.639    31.4647     3.4074          0          0  0.000e+00
  1025.2285     40.464     40.799    31.4729     3.3936          0          0  0.000e+00
  1025.2323     40.629     40.966    31.4751     3.3792          0          0  0.000e+00
  1025.2394     40.795     41.133    31.4809     3.3608          0          0  0.000e+00
  1025.2471     40.950     41.289    31.4873     3.3393          0          0  0.000e+00
  1025.2596     41.097     41.437    31.4994     3.3150          0          0  0.000e+00
  1025.2699     41.225     41.567    31.5091     3.2921          0          0  0.000e+00
  1025.2824     41.332     41.675    31.5219     3.2712          0          0  0.000e+00
  1025.3027     41.422     41.766    31.5449     3.2544          0          0  0.000e+00
  1025.2973     41.500     41.844    31.5370     3.2477          0          0  0.000e+00
