data/eDNA/PER-2021-171/171b003.cnv
* Sea-Bird SBE19plus  Data File:
* FileName = C:\Users\RSG_field\Ryan_2021_Perley\CTD\171b003.hex
* Software version 2.3.0 SB_Terminal.dll
* Temperature SN = 7141
* Conductivity SN = 7141
* System UpLoad Time = Aug 09 2021 13:16:51
* <ApplicationData>
* <SeatermAF>
** Platform: M. Perley
** Cruise: Per2021171
** Station:  ESI-07
** Cast: 01 02
** Latitude: N  44 43.285
** Longitude: W 62 23.903
** Sounding: 73.5
** Chief Scientist: Ryan Stanley
** Comment: 171b003
** Second cast of ESI_07
# nquan = 8
# nvalues = 2871                                  
# units = specified
# name 0 = density00: Density [density, kg/m^3]
# name 1 = depSM: Depth [salt water, m], lat = 45.00
# name 2 = prdM: Pressure, Strain Gauge [db]
# name 3 = sal00: Salinity, Practical [PSU]
# name 4 = tv290C: Temperature [ITS-90, deg C]
# name 5 = bpos: Bottle Position in Carousel
# name 6 = nbf: Bottles Fired
# name 7 = flag:  0.000e+00
# span 0 =   998.7428,  1025.8195                 
# span 1 =      0.027,     67.687                 
# span 2 =      0.027,     68.253                 
# span 3 =     0.0000,    32.0550                 
# span 4 =     3.1809,    17.8916                 
# span 5 =          0,          6                 
# span 6 =          0,          6                 
# span 7 = 0.0000e+00, 0.0000e+00                 
# interval = seconds: 0.25
# start_time = Aug 09 2021 15:59:04 [Instrument's time stamp, header]
# bad_flag = -9.990e-29
*END*
[from data line 2517]
  1024.7222     21.376     21.552    31.3602     6.4525          3          3  0.000e+00
  1024.6694     21.125     21.299    31.3095     6.5453          3          3  0.000e+00
  1024.6219     20.902     21.074    31.2624     6.6201          3          3  0.000e+00
  1024.5924     20.722     20.893    31.2345     6.6727          3          3  0.000e+00
  1024.5710     20.593     20.762    31.2141     6.7100          3          3  0.000e+00
  1024.5637     20.512     20.681    31.2099     6.7380          3          3  0.000e+00
  1024.5536     20.483     20.651    31.2010     6.7619          3          3  0.000e+00
  1024.5438     20.485     20.653    31.1919     6.7827          3          3  0.000e+00
  1024.5411     20.516     20.685    31.1912     6.8004          3          3  0.000e+00
  1024.5395     20.562     20.731    31.1921     6.8192          3          3  0.000e+00
  1024.5241     20.594     20.763    31.1755     6.8393          3          3  0.000e+00
  1024.5164     20.604     20.774    31.1677     6.8519          3          3  0.000e+00
  1024.5165     20.586     20.756    31.1693     6.8599          3          3  0.000e+00
  1024.5053     20.526     20.695    31.1567     6.8675          3          3  0.000e+00
  1024.5035     20.419     20.587    31.1554     6.8700          3          3  0.000e+00
  1024.4981     20.274     20.441    31.1493     6.8693          3          3  0.000e+00
  1024.5085     20.094     20.259    31.1631     6.8661          3          3  0.000e+00
  1024.5186     19.896     20.060    31.1773     6.8675          3          3  0.000e+00
  1024.5253     19.686     19.849    31.1885     6.8763          3          3  0.000e+00
  1024.5207     19.490     19.651    31.1860     6.8896          3          3  0.000e+00
  1024.5265     19.313     19.472    31.1966     6.9027          3          3  0.000e+00
  1024.5244     19.168     19.326    31.1974     6.9188          3          3  0.000e+00
  1024.5286     19.046     19.203    31.2064     6.9368          3          3  0.000e+00
  1024.5337     18.941     19.097    31.2171     6.9588          3          3  0.000e+00
  1024.5366     18.847     19.002    31.2260     6.9861          3          3  0.000e+00
  1024.5264     18.752     18.906    31.2188     7.0176          3          3  0.000e+00
  1024.5160     18.645     18.798    31.2110     7.0464          3          3  0.000e+00
  1024.5006     18.519     18.672    31.1961     7.0705          3          3  0.000e+00
  1024.4816     18.374     18.525    31.1756     7.0873          3          3  0.000e+00
  1024.5521     18.214     18.364    31.2681     7.0987          3          3  0.000e+00
  1024.5057     18.042     18.191    31.2180     7.1457          3          3  0.000e+00
  1024.4746     17.880     18.027    31.1867     7.1890          3          3  0.000e+00
  1024.4824     17.735     17.881    31.2036     7.2247          3          3  0.000e+00
  1024.4767     17.624     17.769    31.2052     7.2725          3          3  0.000e+00
  1024.4696     17.548     17.693    31.2064     7.3312          3          3  0.000e+00
  1024.5281     17.512     17.656    31.2943     7.4078          3          3  0.000e+00
  1024.4700     17.501     17.645    31.2451     7.5506          3          3  0.000e+00
  1024.3891     17.503     17.647    31.1678     7.6973          3          3  0.000e+00
  1024.4918     17.502     17.646    31.3205     7.8202          3          3  0.000e+00
  1024.3471     17.488     17.632    31.1731     8.0260          3          3  0.000e+00
  1024.2701     17.450     17.593    31.1055     8.1929          3          3  0.000e+00
  1024.1276     17.378     17.521    30.9461     8.3124          3          3  0.000e+00
  1024.0767     17.272     17.414    30.8898     8.3561          3          3  0.000e+00
  1024.0465     17.132     17.273    30.8519     8.3553          3          3  0.000e+00
  1024.1410     16.963     17.103    30.9694     8.3324          3          3  0.000e+00
  1024.1854     16.779     16.917    31.0325     8.3611          3          3  0.000e+00
  1024.2009     16.591     16.728    31.0670     8.4349          3          3  0.000e+00
  1024.1686     16.410     16.545    31.0447     8.5301          3          3  0.000e+00
  1024.1472     16.242     16.375    31.0365     8.6261          3          3  0.000e+00
  1024.1118     16.086     16.218    31.0098     8.7189          3          3  0.000e+00
  1024.0969     15.943     16.074    31.0071     8.7996          3          3  0.000e+00
  1024.0386     15.805     15.935    30.9480     8.8758          3          3  0.000e+00
  1024.0165     15.671     15.800    30.9299     8.9244          4          4  0.000e+00
  1024.0520     15.535     15.662    30.9839     8.9644          4          4  0.000e+00
  1024.0420     15.390     15.517    30.9838     9.0256          4          4  0.000e+00
  1023.9927     15.240     15.365    30.9343     9.0906          4          4  0.000e+00
  1023.9994     15.083     15.207    30.9527     9.1359          4          4  0.000e+00
  1023.9660     14.926     15.049    30.9198     9.1807          4          4  0.000e+00
  1023.9368     14.781     14.902    30.8895     9.2126          4          4  0.000e+00
  1023.9157     14.655     14.775    30.8662     9.2276          4          4  0.000e+00
  1023.9498     14.553     14.673    30.9115     9.2327          4          4  0.000e+00
  1023.9809     14.478     14.597    30.9563     9.2561          4          4  0.000e+00
  1023.9686     14.426     14.544    30.9500     9.3017          4          4  0.000e+00
  1023.9622     14.389     14.507    30.9522     9.3532          4          4  0.000e+00
  1023.9654     14.359     14.477    30.9660     9.4004          4          4  0.000e+00
  1023.9824     14.332     14.450    30.9978     9.4498          4          4  0.000e+00
  1024.0538     14.306     14.424    31.1028     9.5166          4          4  0.000e+00
  1024.1287     14.272     14.389    31.2229     9.6339          4          4  0.000e+00
  1023.9492     14.229     14.346    31.0284     9.8056          4          4  0.000e+00
  1023.8003     14.178     14.294    30.8566     9.8971          4          4  0.000e+00
  1023.8207     14.113     14.229    30.8831     9.8967          4          4  0.000e+00
  1023.8442     14.031     14.147    30.9127     9.8919          4          4  0.000e+00
  1023.8075     13.940     14.055    30.8680     9.9010          4          4  0.000e+00
  1023.8545     13.833     13.947    30.9272     9.8926          4          4  0.000e+00
  1023.9673     13.709     13.822    31.0757     9.9074          4          4  0.000e+00
  1024.0075     13.567     13.679    31.1456     9.9913          4          4  0.000e+00
  1024.0455     13.401     13.511    31.2220    10.1185          4          4  0.000e+00
  1024.0604     13.211     13.320    31.2756    10.2760          4          4  0.000e+00
  1024.0943     13.002     13.109    31.3598    10.4590          4          4  0.000e+00
  1024.0764     12.779     12.884    31.3845    10.6721          4          4  0.000e+00
  1024.0636     12.545     12.648    31.4200    10.9015          4          4  0.000e+00
  1024.0570     12.317     12.419    31.4681    11.1473          4          4  0.000e+00
  1023.8667     12.098     12.197    31.2823    11.4010          4          4  0.000e+00
  1023.9064     11.903     12.001    31.3798    11.5974          4          4  0.000e+00
  1023.9123     11.730     11.827    31.4377    11.8083          4          4  0.000e+00
  1023.9391     11.591     11.687    31.5326    12.0598          4          4  0.000e+00
  1023.8826     11.477     11.571    31.5324    12.3588          4          4  0.000e+00
  1023.7582     11.391     11.485    31.4483    12.6697          4          4  0.000e+00
  1023.5689     11.327     11.420    31.2706    12.9376          4          4  0.000e+00
  1023.5979     11.281     11.373    31.3555    13.1253          4          4  0.000e+00
  1023.7545     11.247     11.339    31.6198    13.3668          4          4  0.000e+00
  1023.4745     11.221     11.314    31.3602    13.7642          4          4  0.000e+00
  1023.3283     11.197     11.289    31.2539    14.0795          4          4  0.000e+00
  1023.3501     11.171     11.262    31.3536    14.3467          4          4  0.000e+00
  1023.0823     11.140     11.231    31.0954    14.6762          4          4  0.000e+00
  1022.7902     11.103     11.194    30.7698    14.8723          4          4  0.000e+00
  1022.7341     11.064     11.154    30.7003    14.8836          4          4  0.000e+00
  1022.7213     11.023     11.114    30.6636    14.8093          4          4  0.000e+00
  1022.8828     10.981     11.071    30.8467    14.7106          4          4  0.000e+00
  1022.9735     10.933     11.023    30.9627    14.7032          4          4  0.000e+00
  1022.8529     10.873     10.962    30.8233    14.7650          4          4  0.000e+00
  1022.8754     10.791     10.880    30.8558    14.7754          4          4  0.000e+00
  1023.0170     10.686     10.774    31.0455    14.7943          4          4  0.000e+00
  1023.1545     10.552     10.638    31.2636    14.9353          4          4  0.000e+00
  1023.0240     10.391     10.477    31.1716    15.2110          4          4  0.000e+00
  1022.9586     10.203     10.287    31.1660    15.4898          4          4  0.000e+00
  1022.8839      9.989     10.071    31.1541    15.7848          4          4  0.000e+00
  1022.7143      9.758      9.838    31.0224    16.0893          4          4  0.000e+00
  1022.5882      9.521      9.599    30.9306    16.3330          4          4  0.000e+00
  1022.4769      9.284      9.360    30.8441    16.5278          4          4  0.000e+00
  1022.4130      9.052      9.126    30.8062    16.6764          4          4  0.000e+00
  1022.3373      8.829      8.902    30.7447    16.7970          4          4  0.000e+00
  1022.3073      8.623      8.694    30.7334    16.8861          4          4  0.000e+00
  1022.2887      8.427      8.496    30.7335    16.9633          4          4  0.000e+00
  1022.2321      8.262      8.330    30.6844    17.0427          4          4  0.000e+00
  1022.1979      8.124      8.191    30.6572    17.0977          4          4  0.000e+00
  1022.1855      8.015      8.081    30.6519    17.1315          4          4  0.000e+00
  1022.2037      7.933      7.998    30.6854    17.1619          4          4  0.000e+00
  1022.1875      7.884      7.948    30.6776    17.2051          4          4  0.000e+00
  1022.1857      7.864      7.929    30.6886    17.2489          4          4  0.000e+00
  1022.1732      7.880      7.945    30.6869    17.2974          4          4  0.000e+00
  1022.1661      7.924      7.989    30.6939    17.3514          4          4  0.000e+00
  1022.1314      7.978      8.043    30.6646    17.4050          4          4  0.000e+00
  1022.0993      8.025      8.090    30.6340    17.4432          4          4  0.000e+00
  1022.0826      8.050      8.116    30.6178    17.4618          4          4  0.000e+00
  1022.0679      8.035      8.101    30.6007    17.4683          4          4  0.000e+00
  1022.0559      7.979      8.044    30.5838    17.4632          4          4  0.000e+00
  1022.0565      7.875      7.940    30.5804    17.4479          4          4  0.000e+00
  1022.0569      7.725      7.788    30.5757    17.4281          4          4  0.000e+00
  1022.0940      7.541      7.603    30.6184    17.4055          4          4  0.000e+00
  1022.1133      7.338      7.398    30.6439    17.4025          4          4  0.000e+00
  1022.1131      7.127      7.185    30.6493    17.4169          4          4  0.000e+00
  1022.1171      6.920      6.977    30.6617    17.4365          4          4  0.000e+00
  1022.1087      6.723      6.778    30.6597    17.4617          4          4  0.000e+00
  1022.0985      6.541      6.594    30.6551    17.4870          4          4  0.000e+00
  1022.0884      6.378      6.431    30.6494    17.5081          4          4  0.000e+00
  1022.0898      6.241      6.292    30.6578    17.5270          4          4  0.000e+00
  1022.0864      6.126      6.176    30.6607    17.5485          4          4  0.000e+00
  1022.0719      6.024      6.074    30.6490    17.5703          4          4  0.000e+00
  1022.0653      5.922      5.970    30.6466    17.5889          4          4  0.000e+00
  1022.0548      5.816      5.863    30.6381    17.6038          5          5  0.000e+00
  1022.0505      5.701      5.748    30.6364    17.6143          5          5  0.000e+00
  1022.0488      5.567      5.612    30.6375    17.6225          5          5  0.000e+00
  1022.0489      5.428      5.472    30.6411    17.6309          5          5  0.000e+00
  1022.0376      5.278      5.321    30.6298    17.6394          5          5  0.000e+00
  1022.0173      5.121      5.163    30.6046    17.6409          5          5  0.000e+00
  1022.0393      4.956      4.997    30.6310    17.6298          5          5  0.000e+00
  1022.0603      4.799      4.838    30.6587    17.6276          5          5  0.000e+00
  1022.0714      4.658      4.696    30.6788    17.6432          5          5  0.000e+00
  1022.0571      4.534      4.571    30.6692    17.6701          5          5  0.000e+00
  1022.0425      4.440      4.476    30.6578    17.6936          5          5  0.000e+00
  1022.0319      4.377      4.413    30.6492    17.7093          5          5  0.000e+00
  1022.0421      4.352      4.387    30.6660    17.7198          5          5  0.000e+00
  1022.0427      4.359      4.395    30.6724    17.7383          5          5  0.000e+00
  1022.0338      4.398      4.434    30.6674    17.7602          5          5  0.000e+00
  1022.0214      4.450      4.487    30.6571    17.7804          5          5  0.000e+00
  1022.0094      4.483      4.520    30.6456    17.7944          5          5  0.000e+00
  1022.0023      4.496      4.533    30.6383    17.8009          5          5  0.000e+00
  1021.9892      4.473      4.509    30.6216    17.8018          5          5  0.000e+00
  1021.9843      4.398      4.434    30.6130    17.7936          5          5  0.000e+00
  1021.9959      4.270      4.305    30.6247    17.7798          5          5  0.000e+00
  1021.9966      4.092      4.126    30.6236    17.7704          5          5  0.000e+00
  1022.0084      3.879      3.911    30.6377    17.7617          5          5  0.000e+00
  1022.0141      3.631      3.661    30.6458    17.7593          5          5  0.000e+00
  1022.0158      3.368      3.396    30.6503    17.7618          5          5  0.000e+00
  1022.0194      3.106      3.132    30.6582    17.7671          5          5  0.000e+00
  1022.0144      2.856      2.880    30.6559    17.7761          5          5  0.000e+00
  1022.0029      2.627      2.649    30.6450    17.7848          6          6  0.000e+00
  1021.9987      2.428      2.448    30.6414    17.7874          6          6  0.000e+00
  1022.0073      2.262      2.280    30.6534    17.7866          6          6  0.000e+00
  1022.0112      2.114      2.132    30.6607    17.7912          6          6  0.000e+00
  1022.0073      1.988      2.004    30.6596    17.8013          6          6  0.000e+00
  1022.0000      1.876      1.891    30.6538    17.8113          6          6  0.000e+00
  1021.9972      1.777      1.792    30.6526    17.8175          6          6  0.000e+00
  1021.9917      1.691      1.705    30.6473    17.8220          6          6  0.000e+00
  1021.9903      1.628      1.641    30.6463    17.8236          6          6  0.000e+00
  1022.0008      1.593      1.606    30.6606    17.8245          6          6  0.000e+00
  1021.9960      1.585      1.598    30.6565    17.8312          6          6  0.000e+00
  1021.9908      1.613      1.626    30.6514    17.8375          6          6  0.000e+00
