data/eDNA/PER-2021-171/171b011.cnv
* Sea-Bird SBE19plus  Data File:
* FileName = C:\Users\RSG_field\Ryan_2021_Perley\CTD\171b011.hex
* Software version 2.3.0 SB_Terminal.dll
* Temperature SN = 7141
* Conductivity SN = 7141
* System UpLoad Time = Aug 11 2021 16:14:11
* <ApplicationData>
* <SeatermAF>
** Platform: M. Perley
** Cruise: Per2021171
** Station:  ESI_13
** Cast: 01 2
** Latitude: N  44 39.653
** Longitude: W 62 58.499
** Sounding: 30.9
** Chief Scientist: Ryan Stanley
** Comment: 171b011
** When I downloaded the afm file, the CTD was not turned off. We realized when ready to deploy and checked the arm armed status. But when we downloaded the file seems to have been combined. Not sure
# nquan = 8
# nvalues = 4692                                  
# units = specified
# name 0 = density00: Density [density, kg/m^3]
# name 1 = depSM: Depth [salt water, m], lat = 45.00
# name 2 = prdM: Pressure, Strain Gauge [db]
# name 3 = sal00: Salinity, Practical [PSU]
# name 4 = tv290C: Temperature [ITS-90, deg C]
# name 5 = bpos: Bottle Position in Carousel
# name 6 = nbf: Bottles Fired
# name 7 = flag:  0.000e+00
# span 0 =   998.8197,  1051.3858                 
# span 1 =     -0.040,  17684.931                 
# span 2 =     -0.040,  18534.440                 
# span 3 =     0.0000,    31.8861                 
# span 4 =     6.4946,    59.0658                 
# span 5 =          0,          4                 
# span 6 =          0,          4                 
# span 7 = 0.0000e+00, 0.0000e+00                 
# interval = seconds: 0.25
# start_time = Aug 11 2021 18:38:28 [Instrument's time stamp, header]
# bad_flag = -9.990e-29
*END*
[from data line 3776]
  1024.4092     31.502     31.763    30.9311     6.6300          4          4  0.000e+00
  1024.4065     31.572     31.833    30.9272     6.6293          4          4  0.000e+00
  1024.4092     31.660     31.922    30.9297     6.6265          4          4  0.000e+00
  1024.4048     31.756     32.018    30.9232     6.6247          4          4  0.000e+00
  1024.3948     31.851     32.114    30.9091     6.6191          4          4  0.000e+00
  1024.3869     31.937     32.201    30.8964     6.6051          4          4  0.000e+00
  1024.3955     32.011     32.276    30.9031     6.5820          4          4  0.000e+00
  1024.4122     32.062     32.327    30.9205     6.5598          4          4  0.000e+00
  1024.4263     32.097     32.362    30.9359     6.5454          4          4  0.000e+00
  1024.4295     32.108     32.373    30.9389     6.5392          4          4  0.000e+00
  1024.4335     32.098     32.363    30.9434     6.5352          4          4  0.000e+00
  1024.4486     32.066     32.331    30.9627     6.5343          4          4  0.000e+00
  1024.4539     32.021     32.285    30.9709     6.5426          4          4  0.000e+00
  1024.4502     31.955     32.219    30.9688     6.5568          4          4  0.000e+00
  1024.4375     31.883     32.146    30.9554     6.5711          4          4  0.000e+00
  1024.4310     31.804     32.067    30.9491     6.5797          4          4  0.000e+00
  1024.4258     31.725     31.987    30.9438     6.5848          4          4  0.000e+00
  1024.4247     31.646     31.908    30.9433     6.5874          4          4  0.000e+00
  1024.4225     31.573     31.834    30.9412     6.5893          4          4  0.000e+00
  1024.4222     31.509     31.769    30.9413     6.5904          4          4  0.000e+00
  1024.4226     31.457     31.717    30.9424     6.5919          4          4  0.000e+00
  1024.4212     31.425     31.685    30.9411     6.5941          4          4  0.000e+00
  1024.4195     31.413     31.673    30.9394     6.5962          4          4  0.000e+00
  1024.4186     31.424     31.683    30.9385     6.5977          4          4  0.000e+00
  1024.4167     31.459     31.719    30.9359     6.5985          4          4  0.000e+00
  1024.4230     31.512     31.772    30.9437     6.5992          4          4  0.000e+00
  1024.4213     31.577     31.837    30.9419     6.6034          4          4  0.000e+00
  1024.4009     31.648     31.909    30.9160     6.6067          4          4  0.000e+00
  1024.4040     31.718     31.980    30.9182     6.5978          4          4  0.000e+00
  1024.4075     31.780     32.043    30.9205     6.5867          4          4  0.000e+00
  1024.4155     31.832     32.095    30.9286     6.5762          4          4  0.000e+00
  1024.4188     31.872     32.136    30.9315     6.5691          4          4  0.000e+00
  1024.4186     31.898     32.161    30.9302     6.5640          4          4  0.000e+00
  1024.4249     31.918     32.182    30.9371     6.5580          4          4  0.000e+00
  1024.4284     31.934     32.198    30.9409     6.5541          4          4  0.000e+00
  1024.4236     31.947     32.210    30.9346     6.5530          4          4  0.000e+00
  1024.4226     31.955     32.219    30.9325     6.5487          4          4  0.000e+00
  1024.4286     31.958     32.222    30.9393     6.5430          4          4  0.000e+00
  1024.4327     31.951     32.215    30.9439     6.5398          4          4  0.000e+00
  1024.4382     31.933     32.197    30.9511     6.5399          4          4  0.000e+00
  1024.4401     31.902     32.166    30.9543     6.5430          4          4  0.000e+00
  1024.4356     31.861     32.124    30.9495     6.5483          4          4  0.000e+00
  1024.4433     31.818     32.081    30.9604     6.5529          4          4  0.000e+00
  1024.4433     31.772     32.034    30.9620     6.5615          4          4  0.000e+00
  1024.4371     31.725     31.987    30.9561     6.5725          4          4  0.000e+00
  1024.4277     31.685     31.946    30.9458     6.5809          4          4  0.000e+00
  1024.4219     31.655     31.916    30.9392     6.5845          4          4  0.000e+00
  1024.4239     31.628     31.890    30.9419     6.5845          4          4  0.000e+00
  1024.4190     31.610     31.872    30.9359     6.5854          4          4  0.000e+00
  1024.4174     31.600     31.861    30.9336     6.5837          4          4  0.000e+00
  1024.4209     31.591     31.852    30.9376     6.5804          4          4  0.000e+00
  1024.4234     31.586     31.847    30.9406     6.5787          4          4  0.000e+00
  1024.4236     31.580     31.841    30.9409     6.5788          4          4  0.000e+00
  1024.4248     31.579     31.840    30.9425     6.5794          4          4  0.000e+00
  1024.4259     31.585     31.846    30.9441     6.5807          4          4  0.000e+00
  1024.4212     31.597     31.858    30.9384     6.5831          4          4  0.000e+00
  1024.4181     31.623     31.884    30.9343     6.5830          4          4  0.000e+00
  1024.4150     31.659     31.921    30.9297     6.5803          4          4  0.000e+00
  1024.4158     31.704     31.966    30.9296     6.5750          4          4  0.000e+00
  1024.4193     31.755     32.017    30.9328     6.5693          4          4  0.000e+00
  1024.4186     31.809     32.071    30.9309     6.5645          4          4  0.000e+00
  1024.4213     31.860     32.123    30.9331     6.5591          4          4  0.000e+00
  1024.4203     31.901     32.164    30.9307     6.5535          4          4  0.000e+00
  1024.4236     31.934     32.198    30.9336     6.5466          4          4  0.000e+00
  1024.4265     31.951     32.215    30.9362     6.5405          4          4  0.000e+00
  1024.4293     31.953     32.217    30.9391     6.5359          4          4  0.000e+00
  1024.4340     31.937     32.201    30.9447     6.5327          4          4  0.000e+00
  1024.4418     31.906     32.170    30.9547     6.5324          4          4  0.000e+00
  1024.4406     31.861     32.124    30.9541     6.5367          4          4  0.000e+00
  1024.4388     31.807     32.069    30.9529     6.5418          4          4  0.000e+00
  1024.4373     31.749     32.012    30.9521     6.5464          4          4  0.000e+00
  1024.4369     31.693     31.955    30.9527     6.5510          4          4  0.000e+00
  1024.4327     31.650     31.911    30.9484     6.5561          4          4  0.000e+00
  1024.4302     31.619     31.880    30.9460     6.5594          4          4  0.000e+00
  1024.4260     31.606     31.867    30.9409     6.5611          4          4  0.000e+00
  1024.4256     31.604     31.865    30.9404     6.5608          4          4  0.000e+00
  1024.4286     31.621     31.882    30.9440     6.5601          4          4  0.000e+00
  1024.4276     31.648     31.909    30.9426     6.5606          4          4  0.000e+00
  1024.4265     31.684     31.945    30.9411     6.5611          4          4  0.000e+00
  1024.4272     31.722     31.984    30.9418     6.5612          4          4  0.000e+00
  1024.4242     31.765     32.028    30.9378     6.5613          4          4  0.000e+00
  1024.4220     31.808     32.070    30.9344     6.5599          4          4  0.000e+00
  1024.4231     31.845     32.108    30.9351     6.5562          4          4  0.000e+00
  1024.4218     31.874     32.138    30.9326     6.5521          4          4  0.000e+00
  1024.4232     31.888     32.152    30.9334     6.5466          4          4  0.000e+00
  1024.4299     31.889     32.153    30.9410     6.5410          4          4  0.000e+00
  1024.4361     31.875     32.139    30.9486     6.5390          4          4  0.000e+00
  1024.4395     31.848     32.111    30.9534     6.5413          4          4  0.000e+00
  1024.4355     31.811     32.074    30.9493     6.5462          4          4  0.000e+00
  1024.4343     31.771     32.033    30.9487     6.5497          4          4  0.000e+00
  1024.4340     31.728     31.990    30.9490     6.5528          4          4  0.000e+00
  1024.4322     31.687     31.949    30.9476     6.5562          4          4  0.000e+00
  1024.4317     31.649     31.910    30.9476     6.5591          4          4  0.000e+00
  1024.4309     31.617     31.878    30.9472     6.5620          4          4  0.000e+00
  1024.4305     31.588     31.849    30.9473     6.5647          4          4  0.000e+00
  1024.4300     31.564     31.825    30.9474     6.5679          4          4  0.000e+00
  1024.4355     31.551     31.812    30.9550     6.5716          4          4  0.000e+00
  1024.4330     31.550     31.811    30.9531     6.5793          4          4  0.000e+00
  1024.4287     31.564     31.825    30.9489     6.5886          4          4  0.000e+00
  1024.4249     31.590     31.851    30.9452     6.5965          4          4  0.000e+00
  1024.4202     31.632     31.893    30.9400     6.6026          4          4  0.000e+00
  1024.4177     31.687     31.949    30.9371     6.6067          4          4  0.000e+00
  1024.4100     31.750     32.013    30.9274     6.6091          4          4  0.000e+00
  1024.3964     31.821     32.084    30.9090     6.6050          4          4  0.000e+00
  1024.4126     31.893     32.157    30.9273     6.5932          4          4  0.000e+00
  1024.3990     31.961     32.225    30.9084     6.5854          4          4  0.000e+00
  1024.4085     32.021     32.285    30.9176     6.5696          4          4  0.000e+00
  1024.4168     32.064     32.329    30.9257     6.5553          4          4  0.000e+00
  1024.4254     32.090     32.355    30.9348     6.5451          4          4  0.000e+00
  1024.4320     32.097     32.362    30.9422     6.5393          4          4  0.000e+00
  1024.4339     32.075     32.340    30.9444     6.5373          4          4  0.000e+00
  1024.4423     32.027     32.292    30.9554     6.5380          4          4  0.000e+00
  1024.4400     31.957     32.221    30.9538     6.5435          4          4  0.000e+00
  1024.4368     31.862     32.125    30.9512     6.5493          4          4  0.000e+00
  1024.4346     31.752     32.015    30.9499     6.5542          4          4  0.000e+00
  1024.4352     31.639     31.900    30.9520     6.5586          4          4  0.000e+00
  1024.4333     31.527     31.787    30.9512     6.5642          4          4  0.000e+00
  1024.4326     31.431     31.691    30.9518     6.5703          4          4  0.000e+00
  1024.4291     31.357     31.616    30.9489     6.5769          4          4  0.000e+00
  1024.4255     31.314     31.572    30.9455     6.5830          4          4  0.000e+00
  1024.4315     31.299     31.557    30.9540     6.5879          4          4  0.000e+00
  1024.4280     31.316     31.574    30.9508     6.5968          4          4  0.000e+00
  1024.4250     31.362     31.621    30.9484     6.6067          4          4  0.000e+00
  1024.4197     31.432     31.692    30.9427     6.6159          4          4  0.000e+00
  1024.4132     31.521     31.782    30.9350     6.6227          4          4  0.000e+00
  1024.4087     31.620     31.881    30.9292     6.6256          4          4  0.000e+00
  1024.3941     31.727     31.989    30.9099     6.6250          4          4  0.000e+00
  1024.3804     31.830     32.093    30.8902     6.6139          4          4  0.000e+00
  1024.3870     31.926     32.190    30.8940     6.5896          4          4  0.000e+00
  1024.4035     32.013     32.278    30.9104     6.5641          4          4  0.000e+00
  1024.4184     32.086     32.352    30.9259     6.5455          4          4  0.000e+00
  1024.4265     32.144     32.409    30.9341     6.5342          4          4  0.000e+00
  1024.4301     32.177     32.442    30.9375     6.5283          4          4  0.000e+00
  1024.4327     32.180     32.446    30.9400     6.5236          4          4  0.000e+00
  1024.4418     32.155     32.421    30.9512     6.5202          4          4  0.000e+00
  1024.4479     32.102     32.368    30.9596     6.5219          4          4  0.000e+00
  1024.4479     32.023     32.287    30.9612     6.5291          4          4  0.000e+00
  1024.4416     31.925     32.189    30.9551     6.5379          4          4  0.000e+00
  1024.4362     31.810     32.073    30.9500     6.5440          4          4  0.000e+00
  1024.4353     31.691     31.953    30.9502     6.5481          4          4  0.000e+00
  1024.4338     31.571     31.832    30.9496     6.5525          4          4  0.000e+00
  1024.4321     31.461     31.721    30.9488     6.5571          4          4  0.000e+00
  1024.4282     31.368     31.627    30.9452     6.5611          4          4  0.000e+00
  1024.4268     31.298     31.556    30.9442     6.5637          4          4  0.000e+00
  1024.4254     31.253     31.511    30.9430     6.5655          4          4  0.000e+00
  1024.4255     31.244     31.502    30.9434     6.5670          4          4  0.000e+00
  1024.4287     31.263     31.521    30.9476     6.5690          4          4  0.000e+00
  1024.4457     31.313     31.571    30.9698     6.5742          4          4  0.000e+00
  1024.4383     31.401     31.660    30.9624     6.5905          4          4  0.000e+00
  1024.4006     31.513     31.773    30.9162     6.6051          4          4  0.000e+00
  1024.3970     31.646     31.908    30.9099     6.5989          4          4  0.000e+00
  1024.3959     31.786     32.049    30.9053     6.5841          4          4  0.000e+00
  1024.4042     31.930     32.193    30.9121     6.5654          4          4  0.000e+00
  1024.4145     32.062     32.327    30.9216     6.5481          4          4  0.000e+00
  1024.4169     32.178     32.443    30.9218     6.5347          4          4  0.000e+00
  1024.4230     32.266     32.532    30.9270     6.5218          4          4  0.000e+00
  1024.4325     32.319     32.586    30.9369     6.5104          4          4  0.000e+00
  1024.4417     32.336     32.603    30.9474     6.5037          4          4  0.000e+00
  1024.4488     32.311     32.578    30.9563     6.5023          4          4  0.000e+00
  1024.4580     32.248     32.514    30.9691     6.5068          4          4  0.000e+00
  1024.4436     32.150     32.416    30.9531     6.5172          4          4  0.000e+00
  1024.4434     32.025     32.290    30.9543     6.5217          4          4  0.000e+00
  1024.4463     31.881     32.144    30.9594     6.5259          4          4  0.000e+00
  1024.4427     31.727     31.989    30.9570     6.5335          4          4  0.000e+00
  1024.4376     31.578     31.838    30.9526     6.5409          4          4  0.000e+00
  1024.4340     31.437     31.696    30.9497     6.5466          4          4  0.000e+00
  1024.4313     31.313     31.571    30.9478     6.5512          4          4  0.000e+00
  1024.4281     31.211     31.469    30.9449     6.5546          4          4  0.000e+00
  1024.4259     31.133     31.391    30.9429     6.5569          4          4  0.000e+00
  1024.4259     31.086     31.342    30.9434     6.5580          4          4  0.000e+00
  1024.4305     31.071     31.328    30.9496     6.5596          4          4  0.000e+00
  1024.4448     31.090     31.347    30.9686     6.5655          4          4  0.000e+00
  1024.4670     31.140     31.397    30.9992     6.5831          4          4  0.000e+00
  1024.4450     31.228     31.486    30.9761     6.6162          4          4  0.000e+00
  1024.4054     31.347     31.605    30.9295     6.6436          4          4  0.000e+00
  1024.3969     31.488     31.748    30.9184     6.6474          4          4  0.000e+00
  1024.3775     31.644     31.906    30.8920     6.6418          4          4  0.000e+00
  1024.3718     31.806     32.068    30.8807     6.6220          4          4  0.000e+00
  1024.3835     31.958     32.222    30.8898     6.5921          4          4  0.000e+00
