data/eDNA/PER-2021-171/171b015.cnv
* Sea-Bird SBE19plus  Data File:
* FileName = C:\Users\RSG_field\Ryan_2021_Perley\CTD\171b015.hex
* Software version 2.3.0 SB_Terminal.dll
* Temperature SN = 7141
* Conductivity SN = 7141
* System UpLoad Time = Aug 12 2021 14:20:36
* <ApplicationData>
* <SeatermAF>
** Platform: M. Perley
** Cruise: Per2021171
** Station:  ESI_09
** Cast: 01 2
** Latitude: N  44 44.429
** Longitude: W 62 43.682
** Sounding: 17.1
** Chief Scientist: Ryan Stanley
** Comment: 171b015
# nquan = 8
# nvalues = 2290                                  
# units = specified
# name 0 = density00: Density [density, kg/m^3]
# name 1 = depSM: Depth [salt water, m], lat = 45.00
# name 2 = prdM: Pressure, Strain Gauge [db]
# name 3 = sal00: Salinity, Practical [PSU]
# name 4 = tv290C: Temperature [ITS-90, deg C]
# name 5 = bpos: Bottle Position in Carousel
# name 6 = nbf: Bottles Fired
# name 7 = flag:  0.000e+00
# span 0 =   998.9786,  1023.9491                 
# span 1 =     -0.060,     17.747                 
# span 2 =     -0.061,     17.893                 
# span 3 =     0.0000,    30.8678                 
# span 4 =     8.4400,    17.6964                 
# span 5 =          0,          3                 
# span 6 =          0,          3                 
# span 7 = 0.0000e+00, 0.0000e+00                 
# interval = seconds: 0.25
# start_time = Aug 12 2021 17:09:45 [Instrument's time stamp, header]
# bad_flag = -9.990e-29
*END*
[from data line 1798]
  1022.9717      6.360      6.412    30.5292    12.9433          1          1  0.000e+00
  1022.9300      6.223      6.274    30.5061    13.0645          1          1  0.000e+00
  1022.9029      6.099      6.149    30.5010    13.1813          1          1  0.000e+00
  1022.8242      5.996      6.045    30.4273    13.2904          1          1  0.000e+00
  1022.8261      5.905      5.953    30.4496    13.3672          1          1  0.000e+00
  1022.8339      5.825      5.873    30.4813    13.4498          2          2  0.000e+00
  1022.9297      5.755      5.803    30.6323    13.5540          2          2  0.000e+00
  1022.7787      5.689      5.735    30.4800    13.7207          2          2  0.000e+00
  1022.6227      5.621      5.667    30.3088    13.8386          2          2  0.000e+00
  1022.5850      5.550      5.595    30.2662    13.8611          2          2  0.000e+00
  1022.6303      5.467      5.512    30.3217    13.8470          2          2  0.000e+00
  1022.6371      5.381      5.425    30.3315    13.8490          2          2  0.000e+00
  1022.6149      5.284      5.327    30.3081    13.8672          2          2  0.000e+00
  1022.6072      5.182      5.224    30.3007    13.8749          2          2  0.000e+00
  1022.6164      5.069      5.110    30.3127    13.8727          2          2  0.000e+00
  1022.6969      4.947      4.987    30.4208    13.8842          2          2  0.000e+00
  1022.7223      4.811      4.850    30.4736    13.9575          2          2  0.000e+00
  1022.7867      4.675      4.714    30.5875    14.0708          2          2  0.000e+00
  1022.6019      4.547      4.584    30.3935    14.2406          2          2  0.000e+00
  1022.5156      4.417      4.453    30.3086    14.3398          2          2  0.000e+00
  1022.5535      4.287      4.323    30.3669    14.3709          2          2  0.000e+00
  1022.5638      4.158      4.192    30.3951    14.4242          2          2  0.000e+00
  1022.5630      4.021      4.054    30.4150    14.4989          2          2  0.000e+00
  1022.6280      3.880      3.912    30.5232    14.5845          2          2  0.000e+00
  1022.7329      3.728      3.758    30.7023    14.7393          2          2  0.000e+00
  1022.6560      3.563      3.593    30.6720    14.9905          2          2  0.000e+00
  1022.4565      3.396      3.424    30.4823    15.2385          2          2  0.000e+00
  1022.3010      3.224      3.251    30.3243    15.3936          2          2  0.000e+00
  1022.2805      3.051      3.076    30.3187    15.4652          2          2  0.000e+00
  1022.2775      2.890      2.914    30.3320    15.5230          2          2  0.000e+00
  1022.3381      2.743      2.765    30.4367    15.6119          3          3  0.000e+00
  1022.2137      2.614      2.635    30.3207    15.7708          3          3  0.000e+00
  1022.1561      2.499      2.520    30.2816    15.8942          3          3  0.000e+00
  1022.1206      2.403      2.422    30.2638    15.9917          3          3  0.000e+00
  1022.0740      2.321      2.340    30.2307    16.0860          3          3  0.000e+00
  1022.1124      2.251      2.270    30.3090    16.1822          3          3  0.000e+00
  1022.0481      2.186      2.203    30.2706    16.3372          3          3  0.000e+00
  1021.8545      2.116      2.133    30.0665    16.5015          3          3  0.000e+00
  1021.8637      2.046      2.062    30.0930    16.5493          3          3  0.000e+00
  1021.8505      1.959      1.975    30.0862    16.5828          3          3  0.000e+00
  1021.8167      1.858      1.873    30.0541    16.6218          3          3  0.000e+00
  1021.7869      1.739      1.754    30.0237    16.6479          3          3  0.000e+00
  1021.7741      1.605      1.618    30.0101    16.6563          3          3  0.000e+00
  1021.7928      1.449      1.461    30.0424    16.6795          3          3  0.000e+00
  1021.6926      1.285      1.295    29.9402    16.7731          3          3  0.000e+00
  1021.6266      1.118      1.127    29.8723    16.8310          3          3  0.000e+00
  1021.6388      0.961      0.969    29.8907    16.8361          3          3  0.000e+00
  1021.6597      0.814      0.821    29.9296    16.8727          3          3  0.000e+00
  1021.5876      0.679      0.685    29.8679    16.9787          3          3  0.000e+00
  1021.5109      0.557      0.562    29.7992    17.0817          3          3  0.000e+00
  1021.4700      0.437      0.440    29.7664    17.1481          3          3  0.000e+00
  1021.4419      0.317      0.319    29.7459    17.1993          3          3  0.000e+00
  1021.4719      0.196      0.198    29.8010    17.2499          3          3  0.000e+00
  1021.3956      0.071      0.071    29.7334    17.3530          3          3  0.000e+00
  1021.2800     -0.045     -0.045    29.6123    17.4500          3          3  0.000e+00
  1021.2039     -0.057     -0.058    29.5293    17.5041          3          3  0.000e+00
  1021.1472     -0.056     -0.057    29.4692    17.5501          3          3  0.000e+00
  1021.1566     -0.055     -0.056    29.4766    17.5341          3          3  0.000e+00
  1021.1735     -0.055     -0.056    29.4714    17.4443          3          3  0.000e+00
  1021.1295     -0.057     -0.058    29.3854    17.3506          3          3  0.000e+00
  1021.2153     -0.058     -0.059    29.4517    17.1985          3          3  0.000e+00
  1021.3527     -0.059     -0.060    29.5715    16.9991          3          3  0.000e+00
  1021.4390     -0.056     -0.057    29.6402    16.8513          3          3  0.000e+00
  1021.4986     -0.058     -0.059    29.6871    16.7469          3          3  0.000e+00
  1021.5472     -0.058     -0.059    29.7243    16.6578          3          3  0.000e+00
  1021.5857     -0.056     -0.057    29.7513    16.5787          3          3  0.000e+00
  1021.6278     -0.058     -0.059    29.7843    16.5042          3          3  0.000e+00
  1021.0341     -0.058     -0.059    28.9906    16.4385          3          3  0.000e+00
  1003.7243     -0.058     -0.059     6.3196    16.3875          3          3  0.000e+00
  1003.1040     -0.058     -0.059     5.4974    16.3429          3          3  0.000e+00
  1003.0892     -0.059     -0.060     5.4724    16.3182          3          3  0.000e+00
  1002.1771     -0.055     -0.056     4.2771    16.3072          3          3  0.000e+00
  1001.5691     -0.058     -0.059     3.4802    16.2961          3          3  0.000e+00
  1001.1259     -0.057     -0.058     2.8981    16.2803          3          3  0.000e+00
  1000.7028     -0.058     -0.059     2.3408    16.2562          3          3  0.000e+00
  1000.6100     -0.059     -0.060     2.2126    16.2234          3          3  0.000e+00
  1000.8990     -0.058     -0.059     2.5787    16.1753          3          3  0.000e+00
  1002.0966     -0.058     -0.059     4.1326    16.1337          3          3  0.000e+00
  1001.8921     -0.056     -0.057     3.8588    16.1040          3          3  0.000e+00
  1001.2616     -0.059     -0.060     3.0289    16.0727          3          3  0.000e+00
  1000.7216     -0.056     -0.057     2.3181    16.0424          3          3  0.000e+00
  1000.4737     -0.057     -0.058     1.9895    16.0161          3          3  0.000e+00
  1000.0067     -0.057     -0.058     1.3765    15.9914          3          3  0.000e+00
   999.4443     -0.058     -0.059     0.6410    15.9684          3          3  0.000e+00
   999.3111     -0.058     -0.059     0.4637    15.9465          3          3  0.000e+00
   999.1783     -0.057     -0.058     0.2873    15.9259          3          3  0.000e+00
   999.1108     -0.058     -0.059     0.1961    15.9072          3          3  0.000e+00
   999.0603     -0.059     -0.060     0.1267    15.8884          3          3  0.000e+00
   999.0162     -0.058     -0.059     0.0656    15.8683          3          3  0.000e+00
   998.9815     -0.058     -0.059     0.0164    15.8471          3          3  0.000e+00
   998.9786     -0.056     -0.057     0.0081    15.8251          3          3  0.000e+00
   998.9822     -0.056     -0.057     0.0081    15.8028          3          3  0.000e+00
   998.9859     -0.056     -0.057     0.0081    15.7796          3          3  0.000e+00
   998.9896     -0.056     -0.057     0.0081    15.7565          3          3  0.000e+00
   998.9933     -0.057     -0.058     0.0081    15.7329          3          3  0.000e+00
   998.9971     -0.058     -0.059     0.0081    15.7091          3          3  0.000e+00
   999.0010     -0.057     -0.058     0.0080    15.6846          3          3  0.000e+00
   999.0048     -0.055     -0.056     0.0080    15.6603          3          3  0.000e+00
   999.0087     -0.055     -0.056     0.0080    15.6359          3          3  0.000e+00
   999.0126     -0.054     -0.055     0.0080    15.6115          3          3  0.000e+00
   999.0165     -0.056     -0.057     0.0080    15.5867          3          3  0.000e+00
   999.0204     -0.055     -0.056     0.0080    15.5620          3          3  0.000e+00
   999.0242     -0.055     -0.056     0.0080    15.5374          3          3  0.000e+00
   999.0281     -0.055     -0.056     0.0080    15.5128          3          3  0.000e+00
   999.0319     -0.056     -0.057     0.0080    15.4882          3          3  0.000e+00
   999.0357     -0.058     -0.059     0.0079    15.4639          3          3  0.000e+00
   999.0395     -0.057     -0.058     0.0080    15.4396          3          3  0.000e+00
   999.0432     -0.056     -0.057     0.0079    15.4155          3          3  0.000e+00
   999.0470     -0.053     -0.054     0.0079    15.3915          3          3  0.000e+00
   999.0507     -0.053     -0.054     0.0079    15.3674          3          3  0.000e+00
   999.0544     -0.054     -0.055     0.0079    15.3437          3          3  0.000e+00
   999.0580     -0.054     -0.055     0.0079    15.3200          3          3  0.000e+00
   999.0647     -0.056     -0.057     0.0118    15.2964          3          3  0.000e+00
   999.1696     -0.056     -0.057     0.1424    15.2728          3          3  0.000e+00
   999.3127     -0.056     -0.057     0.3227    15.2498          3          3  0.000e+00
   999.2410     -0.055     -0.056     0.2254    15.2271          3          3  0.000e+00
   999.0762     -0.055     -0.056     0.0084    15.2043          3          3  0.000e+00
   999.0793     -0.055     -0.056     0.0078    15.1812          3          3  0.000e+00
   999.0830     -0.054     -0.055     0.0078    15.1569          3          3  0.000e+00
   999.0868     -0.054     -0.055     0.0078    15.1323          3          3  0.000e+00
   999.0905     -0.054     -0.055     0.0078    15.1082          3          3  0.000e+00
   999.0940     -0.055     -0.056     0.0078    15.0847          3          3  0.000e+00
   999.0974     -0.055     -0.056     0.0078    15.0623          3          3  0.000e+00
   999.1007     -0.057     -0.058     0.0079    15.0409          3          3  0.000e+00
   999.1037     -0.056     -0.057     0.0078    15.0209          3          3  0.000e+00
   999.1316     -0.055     -0.056     0.0399    15.0011          3          3  0.000e+00
   999.7666     -0.056     -0.057     0.8566    14.9819          3          3  0.000e+00
   999.5290     -0.057     -0.058     0.5456    14.9633          3          3  0.000e+00
  1000.4165     -0.058     -0.059     1.6918    14.9450          3          3  0.000e+00
   999.5364     -0.059     -0.060     0.5478    14.9258          3          3  0.000e+00
   999.5016     -0.058     -0.059     0.4991    14.9066          3          3  0.000e+00
   999.4190     -0.058     -0.059     0.3892    14.8905          3          3  0.000e+00
   999.3474     -0.058     -0.059     0.2940    14.8763          3          3  0.000e+00
   999.3203     -0.058     -0.059     0.2563    14.8627          3          3  0.000e+00
   999.3054     -0.059     -0.060     0.2345    14.8490          3          3  0.000e+00
   999.2811     -0.057     -0.058     0.2005    14.8349          3          3  0.000e+00
   999.2603     -0.059     -0.060     0.1709    14.8209          3          3  0.000e+00
   999.2336     -0.057     -0.058     0.1337    14.8066          3          3  0.000e+00
   999.2071     -0.058     -0.059     0.0969    14.7926          3          3  0.000e+00
   999.2005     -0.057     -0.058     0.0858    14.7784          3          3  0.000e+00
   999.1959     -0.058     -0.059     0.0771    14.7642          3          3  0.000e+00
   999.1613     -0.057     -0.058     0.0298    14.7500          3          3  0.000e+00
   999.1461     -0.059     -0.060     0.0076    14.7358          3          3  0.000e+00
   999.1482     -0.058     -0.059     0.0076    14.7218          3          3  0.000e+00
   999.1502     -0.059     -0.060     0.0076    14.7081          3          3  0.000e+00
   999.1522     -0.058     -0.059     0.0076    14.6944          3          3  0.000e+00
   999.1542     -0.057     -0.058     0.0076    14.6811          3          3  0.000e+00
   999.1561     -0.057     -0.058     0.0076    14.6678          3          3  0.000e+00
   999.1580     -0.057     -0.058     0.0076    14.6549          3          3  0.000e+00
   999.1599     -0.056     -0.057     0.0076    14.6419          3          3  0.000e+00
   999.1618     -0.056     -0.057     0.0076    14.6294          3          3  0.000e+00
   999.1635     -0.058     -0.059     0.0076    14.6173          3          3  0.000e+00
   999.1653     -0.057     -0.058     0.0076    14.6050          3          3  0.000e+00
   999.1670     -0.057     -0.058     0.0076    14.5934          3          3  0.000e+00
   999.1687     -0.058     -0.059     0.0076    14.5820          3          3  0.000e+00
   999.1703     -0.060     -0.061     0.0076    14.5708          3          3  0.000e+00
   999.1718     -0.058     -0.059     0.0076    14.5603          3          3  0.000e+00
   999.1734     -0.059     -0.060     0.0076    14.5498          3          3  0.000e+00
   999.1749     -0.058     -0.059     0.0076    14.5395          3          3  0.000e+00
   999.1764     -0.057     -0.058     0.0076    14.5292          3          3  0.000e+00
   999.1777     -0.059     -0.060     0.0076    14.5197          3          3  0.000e+00
   999.1792     -0.058     -0.059     0.0076    14.5097          3          3  0.000e+00
   999.1806     -0.058     -0.059     0.0076    14.4999          3          3  0.000e+00
   999.1820     -0.059     -0.060     0.0076    14.4901          3          3  0.000e+00
   999.1834     -0.057     -0.058     0.0075    14.4805          3          3  0.000e+00
   999.1848     -0.057     -0.058     0.0076    14.4709          3          3  0.000e+00
   999.1861     -0.058     -0.059     0.0076    14.4617          3          3  0.000e+00
   999.1875     -0.058     -0.059     0.0075    14.4522          3          3  0.000e+00
   999.1889     -0.057     -0.058     0.0076    14.4426          3          3  0.000e+00
   999.1903     -0.057     -0.058     0.0076    14.4332          3          3  0.000e+00
   999.1916     -0.057     -0.058     0.0075    14.4237          3          3  0.000e+00
   999.1929     -0.056     -0.057     0.0076    14.4148          3          3  0.000e+00
   999.1942     -0.057     -0.058     0.0075    14.4056          3          3  0.000e+00
   999.1955     -0.057     -0.058     0.0075    14.3964          3          3  0.000e+00
   999.1968     -0.058     -0.059     0.0075    14.3877          3          3  0.000e+00
   999.1980     -0.059     -0.060     0.0075    14.3790          3          3  0.000e+00
   999.1993     -0.058     -0.059     0.0075    14.3703          3          3  0.000e+00
   999.2005     -0.058     -0.059     0.0075    14.3618          3          3  0.000e+00
   999.2017     -0.058     -0.059     0.0075    14.3535          3          3  0.000e+00
