data/eDNA/PER-2021-171/171b019.cnv
* Sea-Bird SBE19plus  Data File:
* FileName = C:\Users\RSG_field\Ryan_2021_Perley\CTD\171b019.hex
* Software version 2.3.0 SB_Terminal.dll
* Temperature SN = 7141
* Conductivity SN = 7141
* System UpLoad Time = Aug 14 2021 13:51:11
* <ApplicationData>
* <SeatermAF>
** Platform: M. Perley
** Cruise: Per2021171
** Station:  ESI_01
** Cast: 01 2
** Latitude: N  44 54.384
** Longitude: W 62 13.838
** Sounding: 21.3
** Chief Scientist: Ryan Stanley
** Comment: 171b019
# nquan = 8
# nvalues = 2000                                  
# units = specified
# name 0 = density00: Density [density, kg/m^3]
# name 1 = depSM: Depth [salt water, m], lat = 45.00
# name 2 = prdM: Pressure, Strain Gauge [db]
# name 3 = sal00: Salinity, Practical [PSU]
# name 4 = tv290C: Temperature [ITS-90, deg C]
# name 5 = bpos: Bottle Position in Carousel
# name 6 = nbf: Bottles Fired
# name 7 = flag:  0.000e+00
# span 0 =   998.9379,  1023.5378                 
# span 1 =     -0.049,     20.952                 
# span 2 =     -0.049,     21.124                 
# span 3 =     0.0080,    30.7506                 
# span 4 =    10.5046,    17.6455                 
# span 5 =          0,          2                 
# span 6 =          0,          2                 
# span 7 = 0.0000e+00, 0.0000e+00                 
# interval = seconds: 0.25
# start_time = Aug 14 2021 16:40:40 [Instrument's time stamp, header]
# bad_flag = -9.990e-29
*END*
[from data line 180]
  1022.1169      2.193      2.211    30.2762    16.0472          0          0  0.000e+00
  1022.1126      2.263      2.282    30.2747    16.0631          0          0  0.000e+00
  1022.1223      2.326      2.345    30.2897    16.0724          0          0  0.000e+00
  1022.1327      2.364      2.383    30.3043    16.0766          0          0  0.000e+00
  1022.1281      2.394      2.414    30.2993    16.0809          0          0  0.000e+00
  1022.1051      2.404      2.424    30.2706    16.0852          0          0  0.000e+00
  1022.0963      2.411      2.431    30.2599    16.0884          0          0  0.000e+00
  1022.0921      2.426      2.446    30.2550    16.0903          0          0  0.000e+00
  1022.0892      2.455      2.475    30.2454    16.0710          0          0  0.000e+00
  1022.0946      2.498      2.519    30.2410    16.0323          0          0  0.000e+00
  1022.1149      2.551      2.572    30.2555    15.9917          0          0  0.000e+00
  1022.1422      2.601      2.622    30.2806    15.9565          0          0  0.000e+00
  1022.1927      2.635      2.657    30.3380    15.9275          0          0  0.000e+00
  1022.2480      2.645      2.666    30.4045    15.9086          0          0  0.000e+00
  1022.2693      2.631      2.652    30.4289    15.8967          0          0  0.000e+00
  1022.2723      2.586      2.607    30.4304    15.8876          0          0  0.000e+00
  1022.2424      2.518      2.539    30.3922    15.8886          0          0  0.000e+00
  1022.1991      2.429      2.449    30.3380    15.8946          0          0  0.000e+00
  1022.1713      2.333      2.352    30.3018    15.8927          0          0  0.000e+00
  1022.1611      2.241      2.259    30.2866    15.8838          0          0  0.000e+00
  1022.1634      2.157      2.175    30.2878    15.8760          0          0  0.000e+00
  1022.1674      2.087      2.104    30.2925    15.8728          0          0  0.000e+00
  1022.1699      2.036      2.053    30.2961    15.8729          0          0  0.000e+00
  1022.1705      2.000      2.017    30.2976    15.8746          0          0  0.000e+00
  1022.1703      1.987      2.004    30.2979    15.8761          0          0  0.000e+00
  1022.1671      1.998      2.014    30.2945    15.8793          0          0  0.000e+00
  1022.1630      2.034      2.051    30.2907    15.8853          0          0  0.000e+00
  1022.1582      2.098      2.115    30.2870    15.8957          0          0  0.000e+00
  1022.1531      2.181      2.199    30.2838    15.9096          0          0  0.000e+00
  1022.1532      2.285      2.304    30.2859    15.9183          0          0  0.000e+00
  1022.1715      2.394      2.414    30.3100    15.9216          0          0  0.000e+00
  1022.2101      2.496      2.517    30.3600    15.9227          0          0  0.000e+00
  1022.2383      2.576      2.597    30.3971    15.9257          0          0  0.000e+00
  1022.2631      2.626      2.647    30.4311    15.9324          0          0  0.000e+00
  1022.2562      2.650      2.672    30.4270    15.9500          0          0  0.000e+00
  1022.2228      2.651      2.673    30.3914    15.9776          0          0  0.000e+00
  1022.1663      2.624      2.646    30.3263    16.0067          0          0  0.000e+00
  1022.1301      2.589      2.611    30.2844    16.0241          0          0  0.000e+00
  1022.1097      2.545      2.566    30.2598    16.0300          0          0  0.000e+00
  1022.1101      2.503      2.523    30.2595    16.0264          0          0  0.000e+00
  1022.1224      2.463      2.484    30.2710    16.0095          0          0  0.000e+00
  1022.1449      2.424      2.444    30.2928    15.9830          0          0  0.000e+00
  1022.1738      2.379      2.398    30.3232    15.9568          0          0  0.000e+00
  1022.2013      2.326      2.345    30.3547    15.9407          0          0  0.000e+00
  1022.2194      2.261      2.279    30.3770    15.9347          0          0  0.000e+00
  1022.2270      2.190      2.208    30.3871    15.9339          0          0  0.000e+00
  1022.2227      2.113      2.130    30.3817    15.9330          0          0  0.000e+00
  1022.2081      2.037      2.054    30.3621    15.9298          0          0  0.000e+00
  1022.1953      1.977      1.993    30.3436    15.9222          0          0  0.000e+00
  1022.1768      1.941      1.957    30.3157    15.9080          0          0  0.000e+00
  1022.1559      1.943      1.959    30.2837    15.8911          0          0  0.000e+00
  1022.1528      1.984      2.001    30.2768    15.8820          0          0  0.000e+00
  1022.1559      2.057      2.074    30.2798    15.8799          0          0  0.000e+00
  1022.1582      2.156      2.174    30.2829    15.8826          0          0  0.000e+00
  1022.1560      2.269      2.288    30.2817    15.8905          0          0  0.000e+00
  1022.1526      2.386      2.406    30.2796    15.9012          0          0  0.000e+00
  1022.1445      2.490      2.510    30.2748    15.9232          0          0  0.000e+00
  1022.1326      2.583      2.604    30.2677    15.9546          0          0  0.000e+00
  1022.1236      2.657      2.679    30.2623    15.9783          0          0  0.000e+00
  1022.1365      2.704      2.726    30.2830    15.9925          0          0  0.000e+00
  1022.1600      2.729      2.752    30.3152    15.9984          0          0  0.000e+00
  1022.1772      2.726      2.749    30.3394    16.0047          0          0  0.000e+00
  1022.1677      2.689      2.711    30.3294    16.0122          0          0  0.000e+00
  1022.1386      2.619      2.641    30.2972    16.0308          0          0  0.000e+00
  1022.1152      2.520      2.540    30.2722    16.0476          0          0  0.000e+00
  1022.1027      2.404      2.424    30.2598    16.0588          0          0  0.000e+00
  1022.0969      2.284      2.303    30.2542    16.0632          0          0  0.000e+00
  1022.0908      2.170      2.188    30.2473    16.0647          0          0  0.000e+00
  1022.0808      2.072      2.089    30.2355    16.0667          0          0  0.000e+00
  1022.0848      2.015      2.032    30.2412    16.0675          0          0  0.000e+00
  1022.0778      2.007      2.023    30.2289    16.0561          0          0  0.000e+00
  1022.0878      2.046      2.062    30.2392    16.0474          0          0  0.000e+00
  1022.0943      2.117      2.134    30.2481    16.0506          0          0  0.000e+00
  1022.0929      2.193      2.211    30.2488    16.0606          0          0  0.000e+00
  1022.0886      2.261      2.279    30.2473    16.0762          0          0  0.000e+00
  1022.0841      2.311      2.330    30.2442    16.0868          0          0  0.000e+00
  1022.0849      2.332      2.351    30.2465    16.0920          0          0  0.000e+00
  1022.0873      2.327      2.346    30.2503    16.0938          0          0  0.000e+00
  1022.0845      2.298      2.317    30.2474    16.0960          0          0  0.000e+00
  1022.0827      2.258      2.276    30.2454    16.0965          0          0  0.000e+00
  1022.0819      2.221      2.239    30.2445    16.0960          0          0  0.000e+00
  1022.0781      2.208      2.226    30.2397    16.0961          0          0  0.000e+00
  1022.0738      2.239      2.257    30.2340    16.0966          0          0  0.000e+00
  1022.0734      2.309      2.328    30.2333    16.0974          0          0  0.000e+00
  1022.0754      2.405      2.425    30.2356    16.0984          0          0  0.000e+00
  1022.0773      2.509      2.529    30.2400    16.1070          0          0  0.000e+00
  1022.0680      2.600      2.621    30.2341    16.1305          0          0  0.000e+00
  1022.0470      2.666      2.688    30.2150    16.1606          0          0  0.000e+00
  1022.0282      2.692      2.714    30.1956    16.1786          0          0  0.000e+00
  1022.0176      2.681      2.703    30.1850    16.1896          0          0  0.000e+00
  1022.0185      2.632      2.653    30.1857    16.1872          0          0  0.000e+00
  1022.0335      2.555      2.575    30.2003    16.1681          0          0  0.000e+00
  1022.0489      2.456      2.476    30.2153    16.1484          0          0  0.000e+00
  1022.0595      2.340      2.360    30.2256    16.1343          0          0  0.000e+00
  1022.0661      2.217      2.236    30.2325    16.1258          0          0  0.000e+00
  1022.0712      2.097      2.114    30.2385    16.1211          0          0  0.000e+00
  1022.0705      2.000      2.017    30.2377    16.1193          0          0  0.000e+00
  1022.0678      1.931      1.947    30.2348    16.1203          0          0  0.000e+00
  1022.0700      1.897      1.913    30.2413    16.1322          0          0  0.000e+00
  1022.0715      1.902      1.917    30.2492    16.1531          0          0  0.000e+00
  1022.0640      1.960      1.976    30.2462    16.1777          0          0  0.000e+00
  1022.0482      2.052      2.069    30.2297    16.1935          0          0  0.000e+00
  1022.0482      2.171      2.189    30.2335    16.2090          0          0  0.000e+00
  1022.0398      2.290      2.308    30.2259    16.2230          0          0  0.000e+00
  1022.0316      2.397      2.416    30.2185    16.2366          0          0  0.000e+00
  1022.0205      2.480      2.501    30.2080    16.2518          0          0  0.000e+00
  1022.0018      2.534      2.555    30.1866    16.2632          0          0  0.000e+00
  1021.9891      2.557      2.578    30.1715    16.2684          0          0  0.000e+00
  1021.9842      2.555      2.575    30.1662    16.2721          0          0  0.000e+00
  1021.9930      2.533      2.554    30.1751    16.2628          0          0  0.000e+00
  1022.0072      2.497      2.518    30.1888    16.2456          0          0  0.000e+00
  1022.0183      2.459      2.479    30.1994    16.2316          0          0  0.000e+00
  1022.0247      2.432      2.451    30.2054    16.2229          0          0  0.000e+00
  1022.0282      2.426      2.446    30.2087    16.2188          0          0  0.000e+00
  1022.0309      2.441      2.461    30.2118    16.2171          0          0  0.000e+00
  1022.0325      2.473      2.493    30.2134    16.2165          0          0  0.000e+00
  1022.0291      2.516      2.537    30.2108    16.2238          0          0  0.000e+00
  1022.0229      2.549      2.570    30.2060    16.2354          0          0  0.000e+00
  1022.0114      2.553      2.574    30.1936    16.2445          0          0  0.000e+00
  1022.0069      2.525      2.546    30.1892    16.2490          0          0  0.000e+00
  1022.0044      2.455      2.475    30.1874    16.2526          0          0  0.000e+00
  1022.0127      2.357      2.377    30.1957    16.2421          0          0  0.000e+00
  1022.0235      2.231      2.250    30.2065    16.2284          0          0  0.000e+00
  1022.0299      2.089      2.106    30.2129    16.2185          0          0  0.000e+00
  1022.0330      1.951      1.967    30.2161    16.2128          0          0  0.000e+00
  1022.0338      1.844      1.859    30.2169    16.2101          0          0  0.000e+00
  1022.0343      1.787      1.802    30.2174    16.2082          0          0  0.000e+00
  1022.0392      1.786      1.801    30.2231    16.2058          0          0  0.000e+00
  1022.0516      1.843      1.858    30.2404    16.2108          0          0  0.000e+00
  1022.0127      1.944      1.960    30.1918    16.2200          0          0  0.000e+00
  1022.0092      2.082      2.099    30.1815    16.2030          0          0  0.000e+00
  1022.0310      2.232      2.251    30.2000    16.1718          0          0  0.000e+00
  1022.0160      2.380      2.399    30.1732    16.1499          0          0  0.000e+00
  1022.0576      2.521      2.541    30.2164    16.1149          0          0  0.000e+00
  1022.0931      2.637      2.659    30.2561    16.0943          0          0  0.000e+00
  1022.0846      2.723      2.745    30.2480    16.1060          0          0  0.000e+00
  1022.0488      2.776      2.799    30.2033    16.1140          0          0  0.000e+00
  1022.0628      2.799      2.822    30.2166    16.0973          0          0  0.000e+00
  1022.0891      2.793      2.816    30.2475    16.0853          0          0  0.000e+00
  1022.0860      2.771      2.793    30.2442    16.0880          0          0  0.000e+00
  1022.0736      2.735      2.757    30.2296    16.0925          0          0  0.000e+00
  1022.0762      2.681      2.703    30.2324    16.0891          0          0  0.000e+00
  1022.0667      2.606      2.628    30.2193    16.0852          0          0  0.000e+00
  1022.0587      2.513      2.534    30.2059    16.0731          0          0  0.000e+00
  1022.0763      2.399      2.418    30.2235    16.0521          0          0  0.000e+00
  1022.0864      2.268      2.287    30.2336    16.0387          0          0  0.000e+00
  1022.0784      2.133      2.150    30.2221    16.0327          0          0  0.000e+00
  1022.0916      1.996      2.012    30.2378    16.0244          0          0  0.000e+00
  1022.0971      1.865      1.880    30.2445    16.0202          0          0  0.000e+00
  1022.1043      1.762      1.776    30.2550    16.0217          0          0  0.000e+00
  1022.1084      1.698      1.712    30.2629    16.0297          0          0  0.000e+00
  1022.1050      1.688      1.701    30.2627    16.0439          0          0  0.000e+00
  1022.0948      1.733      1.747    30.2535    16.0591          0          0  0.000e+00
  1022.0818      1.828      1.843    30.2393    16.0703          0          0  0.000e+00
  1022.0595      1.965      1.981    30.2098    16.0719          0          0  0.000e+00
  1022.0333      2.135      2.152    30.1699    16.0553          0          0  0.000e+00
  1022.0521      2.311      2.330    30.1819    16.0156          0          0  0.000e+00
  1022.0936      2.481      2.502    30.2233    15.9745          0          0  0.000e+00
  1022.1239      2.636      2.658    30.2558    15.9536          0          0  0.000e+00
  1022.1313      2.765      2.788    30.2657    15.9575          0          0  0.000e+00
  1022.1274      2.859      2.882    30.2636    15.9692          0          0  0.000e+00
  1022.1211      2.906      2.930    30.2585    15.9814          0          0  0.000e+00
  1022.1159      2.915      2.939    30.2547    15.9917          0          0  0.000e+00
  1022.1110      2.886      2.910    30.2507    15.9996          0          0  0.000e+00
  1022.0959      2.822      2.845    30.2328    16.0047          0          0  0.000e+00
  1022.0942      2.726      2.749    30.2301    16.0006          0          0  0.000e+00
  1022.0891      2.609      2.630    30.2216    15.9921          0          0  0.000e+00
  1022.0960      2.482      2.503    30.2274    15.9784          0          0  0.000e+00
  1022.1003      2.354      2.374    30.2305    15.9667          0          0  0.000e+00
  1022.1022      2.231      2.250    30.2305    15.9560          0          0  0.000e+00
  1022.1046      2.115      2.132    30.2312    15.9451          0          0  0.000e+00
  1022.1043      2.018      2.035    30.2285    15.9346          0          0  0.000e+00
  1022.1061      1.944      1.960    30.2274    15.9216          0          0  0.000e+00
  1022.1056      1.897      1.913    30.2227    15.9063          0          0  0.000e+00
  1022.1187      1.874      1.889    30.2349    15.8887          0          0  0.000e+00
  1022.1380      1.877      1.893    30.2559    15.8742          0          0  0.000e+00
  1022.1345      1.907      1.923    30.2507    15.8726          0          0  0.000e+00
  1022.1140      1.959      1.975    30.2226    15.8689          0          0  0.000e+00
  1022.1240      2.038      2.055    30.2307    15.8535          0          0  0.000e+00
