data/eDNA/PER-2021-171/171b004.cnv
* Sea-Bird SBE19plus  Data File:
* FileName = C:\Users\RSG_field\Ryan_2021_Perley\CTD\171b004.hex
* Software version 2.3.0 SB_Terminal.dll
* Temperature SN = 7141
* Conductivity SN = 7141
* System UpLoad Time = Aug 09 2021 14:59:54
* <ApplicationData>
* <SeatermAF>
** Platform: M. Perley
** Cruise: Per2021171
** Station:  GC_04
** Cast: 01 02
** Latitude: N  44 44.510
** Longitude: W 62 25.062
** Sounding: 55.7
** Chief Scientist: Ryan Stanley
** Comment: 171b004
# nquan = 8
# nvalues = 2652                                  
# units = specified
# name 0 = density00: Density [density, kg/m^3]
# name 1 = depSM: Depth [salt water, m], lat = 45.00
# name 2 = prdM: Pressure, Strain Gauge [db]
# name 3 = sal00: Salinity, Practical [PSU]
# name 4 = tv290C: Temperature [ITS-90, deg C]
# name 5 = bpos: Bottle Position in Carousel
# name 6 = nbf: Bottles Fired
# name 7 = flag:  0.000e+00
# span 0 =   998.8074,  1025.2597                 
# span 1 =      0.024,     51.351                 
# span 2 =      0.024,     51.778                 
# span 3 =     0.0000,    31.5076                 
# span 4 =     3.8999,    17.9071                 
# span 5 =          0,          3                 
# span 6 =          0,          3                 
# span 7 = 0.0000e+00, 0.0000e+00                 
# interval = seconds: 0.25
# start_time = Aug 09 2021 17:44:48 [Instrument's time stamp, header]
# bad_flag = -9.990e-29
*END*
[from data line 1259]
  1025.2224     49.618     50.030    31.4730     3.9306          0          0  0.000e+00
  1025.2226     49.602     50.014    31.4733     3.9296          0          0  0.000e+00
  1025.2224     49.638     50.050    31.4727     3.9286          0          0  0.000e+00
  1025.2213     49.722     50.135    31.4707     3.9274          0          0  0.000e+00
  1025.2210     49.842     50.256    31.4694     3.9256          0          0  0.000e+00
  1025.2237     49.987     50.402    31.4716     3.9231          0          0  0.000e+00
  1025.2252     50.142     50.558    31.4724     3.9214          0          0  0.000e+00
  1025.2271     50.293     50.711    31.4738     3.9202          0          0  0.000e+00
  1025.2284     50.426     50.845    31.4745     3.9196          0          0  0.000e+00
  1025.2297     50.533     50.953    31.4754     3.9193          0          0  0.000e+00
  1025.2302     50.606     51.026    31.4757     3.9193          0          0  0.000e+00
  1025.2316     50.639     51.060    31.4773     3.9194          0          0  0.000e+00
  1025.2337     50.632     51.053    31.4800     3.9202          0          0  0.000e+00
  1025.2322     50.590     51.010    31.4787     3.9224          0          0  0.000e+00
  1025.2318     50.514     50.933    31.4788     3.9243          0          0  0.000e+00
  1025.2315     50.416     50.835    31.4793     3.9264          0          0  0.000e+00
  1025.2289     50.311     50.729    31.4768     3.9286          0          0  0.000e+00
  1025.2269     50.209     50.627    31.4752     3.9297          0          0  0.000e+00
  1025.2256     50.133     50.550    31.4739     3.9301          0          0  0.000e+00
  1025.2233     50.083     50.499    31.4714     3.9299          0          0  0.000e+00
  1025.2215     50.062     50.478    31.4690     3.9287          0          0  0.000e+00
  1025.2219     50.061     50.477    31.4693     3.9263          0          0  0.000e+00
  1025.2233     50.077     50.493    31.4707     3.9239          0          0  0.000e+00
  1025.2263     50.097     50.513    31.4741     3.9220          0          0  0.000e+00
  1025.2259     50.116     50.532    31.4735     3.9218          0          0  0.000e+00
  1025.2256     50.133     50.550    31.4730     3.9215          0          0  0.000e+00
  1025.2268     50.144     50.560    31.4743     3.9211          0          0  0.000e+00
  1025.2263     50.156     50.573    31.4737     3.9212          0          0  0.000e+00
  1025.2267     50.170     50.587    31.4740     3.9210          0          0  0.000e+00
  1025.2262     50.186     50.603    31.4733     3.9210          0          0  0.000e+00
  1025.2268     50.201     50.618    31.4740     3.9207          0          0  0.000e+00
  1025.2274     50.221     50.638    31.4746     3.9207          0          0  0.000e+00
  1025.2273     50.242     50.660    31.4744     3.9208          0          0  0.000e+00
  1025.2274     50.264     50.681    31.4744     3.9210          0          0  0.000e+00
  1025.2277     50.283     50.700    31.4746     3.9211          0          0  0.000e+00
  1025.2278     50.291     50.709    31.4748     3.9214          0          0  0.000e+00
  1025.2278     50.290     50.708    31.4748     3.9219          0          0  0.000e+00
  1025.2271     50.275     50.693    31.4741     3.9224          0          0  0.000e+00
  1025.2270     50.251     50.668    31.4742     3.9228          0          0  0.000e+00
  1025.2271     50.230     50.647    31.4744     3.9230          0          0  0.000e+00
  1025.2279     50.216     50.633    31.4756     3.9235          0          0  0.000e+00
  1025.2273     50.217     50.634    31.4749     3.9244          0          0  0.000e+00
  1025.2264     50.236     50.653    31.4738     3.9251          0          0  0.000e+00
  1025.2255     50.273     50.691    31.4724     3.9257          0          0  0.000e+00
  1025.2231     50.326     50.744    31.4691     3.9253          0          0  0.000e+00
  1025.2254     50.388     50.806    31.4715     3.9235          0          0  0.000e+00
  1025.2250     50.441     50.860    31.4705     3.9222          0          0  0.000e+00
  1025.2273     50.488     50.908    31.4729     3.9208          0          0  0.000e+00
  1025.2295     50.515     50.934    31.4755     3.9206          0          0  0.000e+00
  1025.2344     50.515     50.934    31.4818     3.9216          0          0  0.000e+00
  1025.2307     50.497     50.916    31.4776     3.9248          0          0  0.000e+00
  1025.2300     50.465     50.884    31.4772     3.9272          0          0  0.000e+00
  1025.2300     50.418     50.837    31.4777     3.9290          0          0  0.000e+00
  1025.2283     50.376     50.794    31.4760     3.9310          0          0  0.000e+00
  1025.2254     50.332     50.751    31.4728     3.9325          0          0  0.000e+00
  1025.2243     50.302     50.720    31.4716     3.9324          0          0  0.000e+00
  1025.2227     50.283     50.700    31.4696     3.9317          0          0  0.000e+00
  1025.2242     50.267     50.684    31.4714     3.9303          0          0  0.000e+00
  1025.2231     50.259     50.677    31.4700     3.9290          0          0  0.000e+00
  1025.2238     50.253     50.670    31.4707     3.9276          0          0  0.000e+00
  1025.2261     50.248     50.665    31.4735     3.9265          0          0  0.000e+00
  1025.2253     50.243     50.661    31.4724     3.9265          0          0  0.000e+00
  1025.2258     50.240     50.658    31.4731     3.9265          0          0  0.000e+00
  1025.2260     50.249     50.666    31.4734     3.9266          0          0  0.000e+00
  1025.2238     50.264     50.681    31.4705     3.9268          0          0  0.000e+00
  1025.2229     50.296     50.714    31.4692     3.9265          0          0  0.000e+00
  1025.2198     50.343     50.761    31.4649     3.9253          0          0  0.000e+00
  1025.2191     50.397     50.816    31.4633     3.9223          0          0  0.000e+00
  1025.2261     50.450     50.869    31.4714     3.9189          0          0  0.000e+00
  1025.2287     50.502     50.922    31.4743     3.9180          0          0  0.000e+00
  1025.2299     50.541     50.961    31.4756     3.9186          0          0  0.000e+00
  1025.2317     50.566     50.986    31.4779     3.9200          0          0  0.000e+00
  1025.2337     50.575     50.995    31.4806     3.9223          0          0  0.000e+00
  1025.2288     50.571     50.991    31.4750     3.9260          0          0  0.000e+00
  1025.2281     50.564     50.984    31.4744     3.9280          0          0  0.000e+00
  1025.2279     50.552     50.972    31.4743     3.9290          0          0  0.000e+00
  1025.2276     50.539     50.959    31.4740     3.9300          0          0  0.000e+00
  1025.2262     50.529     50.948    31.4724     3.9306          0          0  0.000e+00
  1025.2247     50.517     50.937    31.4706     3.9306          0          0  0.000e+00
  1025.2244     50.503     50.923    31.4702     3.9296          0          0  0.000e+00
  1025.2241     50.490     50.910    31.4698     3.9284          0          0  0.000e+00
  1025.2256     50.478     50.897    31.4715     3.9273          0          0  0.000e+00
  1025.2256     50.472     50.892    31.4715     3.9266          0          0  0.000e+00
  1025.2264     50.476     50.895    31.4725     3.9263          0          0  0.000e+00
  1025.2249     50.496     50.915    31.4705     3.9263          0          0  0.000e+00
  1025.2240     50.534     50.954    31.4690     3.9255          0          0  0.000e+00
  1025.2242     50.584     51.004    31.4688     3.9241          0          0  0.000e+00
  1025.2244     50.644     51.065    31.4685     3.9225          0          0  0.000e+00
  1025.2254     50.707     51.128    31.4692     3.9207          0          0  0.000e+00
  1025.2266     50.752     51.174    31.4702     3.9190          0          0  0.000e+00
  1025.2293     50.781     51.203    31.4733     3.9181          0          0  0.000e+00
  1025.2340     50.781     51.203    31.4794     3.9188          0          0  0.000e+00
  1025.2347     50.749     51.171    31.4808     3.9221          0          0  0.000e+00
  1025.2321     50.689     51.110    31.4785     3.9264          0          0  0.000e+00
  1025.2306     50.609     51.030    31.4775     3.9298          0          0  0.000e+00
  1025.2277     50.518     50.938    31.4747     3.9326          0          0  0.000e+00
  1025.2245     50.435     50.854    31.4713     3.9343          0          0  0.000e+00
  1025.2226     50.364     50.783    31.4694     3.9344          0          0  0.000e+00
  1025.2212     50.325     50.743    31.4677     3.9337          0          0  0.000e+00
  1025.2161     50.314     50.732    31.4611     3.9320          0          0  0.000e+00
  1025.2182     50.335     50.753    31.4631     3.9276          0          0  0.000e+00
  1025.2207     50.383     50.802    31.4655     3.9230          0          0  0.000e+00
  1025.2259     50.450     50.869    31.4712     3.9198          0          0  0.000e+00
  1025.2277     50.530     50.949    31.4728     3.9180          0          0  0.000e+00
  1025.2274     50.620     51.040    31.4718     3.9168          0          0  0.000e+00
  1025.2280     50.709     51.130    31.4718     3.9154          0          0  0.000e+00
  1025.2316     50.795     51.217    31.4758     3.9148          0          0  0.000e+00
  1025.2345     50.864     51.286    31.4790     3.9151          0          0  0.000e+00
  1025.2368     50.913     51.336    31.4817     3.9158          0          0  0.000e+00
  1025.2391     50.942     51.365    31.4846     3.9171          0          0  0.000e+00
  1025.2394     50.943     51.366    31.4852     3.9197          0          0  0.000e+00
  1025.2361     50.927     51.350    31.4816     3.9233          0          0  0.000e+00
  1025.2320     50.899     51.321    31.4770     3.9257          0          0  0.000e+00
  1025.2302     50.864     51.286    31.4749     3.9261          0          0  0.000e+00
  1025.2323     50.820     51.242    31.4778     3.9261          0          0  0.000e+00
  1025.2345     50.771     51.193    31.4810     3.9269          0          0  0.000e+00
  1025.2307     50.721     51.143    31.4769     3.9295          0          0  0.000e+00
  1025.2281     50.667     51.088    31.4740     3.9307          0          0  0.000e+00
  1025.2269     50.606     51.026    31.4729     3.9306          0          0  0.000e+00
  1025.2242     50.539     50.959    31.4698     3.9298          0          0  0.000e+00
  1025.2262     50.464     50.883    31.4725     3.9281          0          0  0.000e+00
  1025.2270     50.386     50.805    31.4740     3.9276          0          0  0.000e+00
  1025.2270     50.318     50.736    31.4744     3.9279          0          0  0.000e+00
  1025.2247     50.267     50.684    31.4719     3.9284          0          0  0.000e+00
  1025.2234     50.242     50.660    31.4703     3.9278          0          0  0.000e+00
  1025.2222     50.248     50.665    31.4686     3.9269          0          0  0.000e+00
  1025.2222     50.293     50.711    31.4681     3.9249          0          0  0.000e+00
  1025.2246     50.370     50.788    31.4703     3.9224          0          0  0.000e+00
  1025.2258     50.462     50.881    31.4711     3.9206          0          0  0.000e+00
  1025.2277     50.565     50.985    31.4728     3.9195          0          0  0.000e+00
  1025.2297     50.658     51.079    31.4747     3.9193          0          0  0.000e+00
  1025.2289     50.737     51.159    31.4733     3.9198          0          0  0.000e+00
  1025.2296     50.796     51.218    31.4739     3.9202          0          0  0.000e+00
  1025.2323     50.828     51.250    31.4772     3.9209          0          0  0.000e+00
  1025.2330     50.838     51.261    31.4782     3.9229          0          0  0.000e+00
  1025.2332     50.831     51.253    31.4788     3.9257          0          0  0.000e+00
  1025.2290     50.813     51.235    31.4741     3.9288          0          0  0.000e+00
  1025.2272     50.796     51.218    31.4720     3.9301          0          0  0.000e+00
  1025.2273     50.785     51.207    31.4722     3.9301          0          0  0.000e+00
  1025.2265     50.780     51.202    31.4713     3.9301          0          0  0.000e+00
  1025.2256     50.777     51.199    31.4701     3.9297          0          0  0.000e+00
  1025.2278     50.772     51.194    31.4729     3.9293          0          0  0.000e+00
  1025.2284     50.762     51.184    31.4737     3.9293          0          0  0.000e+00
  1025.2299     50.740     51.161    31.4757     3.9291          0          0  0.000e+00
  1025.2310     50.707     51.128    31.4771     3.9281          0          0  0.000e+00
  1025.2329     50.664     51.085    31.4796     3.9271          0          0  0.000e+00
  1025.2324     50.613     51.034    31.4793     3.9272          0          0  0.000e+00
  1025.2338     50.565     50.985    31.4815     3.9280          0          0  0.000e+00
  1025.2325     50.521     50.941    31.4802     3.9291          0          0  0.000e+00
  1025.2323     50.484     50.903    31.4802     3.9298          0          0  0.000e+00
  1025.2330     50.461     50.880    31.4813     3.9301          0          0  0.000e+00
  1025.2310     50.456     50.876    31.4788     3.9296          0          0  0.000e+00
  1025.2306     50.472     50.892    31.4780     3.9276          0          0  0.000e+00
  1025.2306     50.506     50.926    31.4774     3.9246          0          0  0.000e+00
  1025.2329     50.553     50.973    31.4796     3.9214          0          0  0.000e+00
  1025.2354     50.607     51.027    31.4821     3.9185          0          0  0.000e+00
  1025.2369     50.664     51.085    31.4835     3.9169          0          0  0.000e+00
  1025.2353     50.715     51.137    31.4810     3.9155          0          0  0.000e+00
  1025.2339     50.761     51.183    31.4789     3.9151          0          0  0.000e+00
  1025.2333     50.798     51.220    31.4780     3.9158          0          0  0.000e+00
  1025.2339     50.819     51.241    31.4788     3.9172          0          0  0.000e+00
  1025.2356     50.825     51.248    31.4812     3.9196          0          0  0.000e+00
  1025.2339     50.817     51.239    31.4795     3.9230          0          0  0.000e+00
  1025.2308     50.799     51.221    31.4759     3.9251          0          0  0.000e+00
  1025.2289     50.772     51.194    31.4738     3.9256          0          0  0.000e+00
  1025.2310     50.744     51.165    31.4765     3.9249          0          0  0.000e+00
  1025.2320     50.718     51.140    31.4780     3.9251          0          0  0.000e+00
  1025.2321     50.701     51.123    31.4783     3.9261          0          0  0.000e+00
  1025.2259     50.694     51.115    31.4707     3.9271          0          0  0.000e+00
  1025.2225     50.695     51.116    31.4663     3.9266          0          0  0.000e+00
  1025.2243     50.705     51.126    31.4682     3.9239          0          0  0.000e+00
  1025.2242     50.723     51.144    31.4676     3.9217          0          0  0.000e+00
  1025.2255     50.745     51.166    31.4690     3.9197          0          0  0.000e+00
  1025.2284     50.775     51.196    31.4723     3.9183          0          0  0.000e+00
  1025.2314     50.812     51.234    31.4757     3.9179          0          0  0.000e+00
  1025.2322     50.856     51.279    31.4765     3.9182          0          0  0.000e+00
  1025.2329     50.900     51.323    31.4772     3.9182          0          0  0.000e+00
  1025.2344     50.939     51.362    31.4788     3.9178          0          0  0.000e+00
  1025.2348     50.973     51.396    31.4791     3.9181          0          0  0.000e+00
