data/eDNA/PER-2021-171/171b022.cnv
* Sea-Bird SBE19plus  Data File:
* FileName = C:\Users\RSG_field\Ryan_2021_Perley\CTD\171b022.hex
* Software version 2.3.0 SB_Terminal.dll
* Temperature SN = 7141
* Conductivity SN = 7141
* System UpLoad Time = Aug 17 2021 15:29:43
* <ApplicationData>
* <SeatermAF>
** Platform: M. Perley
** Cruise: Per2021171
** Station:  SAB_07
** Cast: 01 2
** Latitude: N  46 16.508
** Longitude: W 59 00.823
** Sounding: 166
** Chief Scientist: Ryan Stanley
** Comment: 171b022
** This was a bit off the original plan to sample in a constant bearing from GC_06 to Scattarie Bank
# nquan = 8
# nvalues = 4080                                  
# units = specified
# name 0 = density00: Density [density, kg/m^3]
# name 1 = depSM: Depth [salt water, m], lat = 45.00
# name 2 = prdM: Pressure, Strain Gauge [db]
# name 3 = sal00: Salinity, Practical [PSU]
# name 4 = tv290C: Temperature [ITS-90, deg C]
# name 5 = bpos: Bottle Position in Carousel
# name 6 = nbf: Bottles Fired
# name 7 = flag:  0.000e+00
# span 0 =   998.9433,  1027.4941                 
# span 1 =     -0.035,    156.260                 
# span 2 =     -0.036,    157.599                 
# span 3 =     0.0945,    33.8008                 
# span 4 =     1.8763,    19.8080                 
# span 5 =          0,          2                 
# span 6 =          0,          2                 
# span 7 = 0.0000e+00, 0.0000e+00                 
# interval = seconds: 0.25
# start_time = Aug 17 2021 18:09:22 [Instrument's time stamp, header]
# bad_flag = -9.990e-29
*END*
[from data line 2158]
  1027.3191    154.693    156.018    33.5562     4.4245          0          0  0.000e+00
  1027.3124    154.789    156.115    33.5473     4.4248          0          0  0.000e+00
  1027.3234    154.890    156.217    33.5603     4.4224          0          0  0.000e+00
  1027.3296    154.973    156.300    33.5677     4.4233          0          0  0.000e+00
  1027.3255    155.030    156.358    33.5627     4.4276          0          0  0.000e+00
  1027.3233    155.054    156.382    33.5602     4.4301          0          0  0.000e+00
  1027.3222    155.050    156.378    33.5590     4.4313          0          0  0.000e+00
  1027.3207    155.026    156.354    33.5573     4.4318          0          0  0.000e+00
  1027.3209    154.994    156.322    33.5577     4.4316          0          0  0.000e+00
  1027.3219    154.964    156.292    33.5592     4.4316          0          0  0.000e+00
  1027.3253    154.955    156.282    33.5635     4.4320          0          0  0.000e+00
  1027.3256    154.968    156.296    33.5640     4.4335          0          0  0.000e+00
  1027.3275    155.006    156.333    33.5665     4.4355          0          0  0.000e+00
  1027.3311    155.064    156.392    33.5711     4.4378          0          0  0.000e+00
  1027.3324    155.138    156.467    33.5728     4.4416          0          0  0.000e+00
  1027.3298    155.213    156.543    33.5696     4.4454          0          0  0.000e+00
  1027.3341    155.283    156.614    33.5750     4.4481          0          0  0.000e+00
  1027.3367    155.338    156.668    33.5784     4.4517          0          0  0.000e+00
  1027.3471    155.373    156.704    33.5921     4.4565          0          0  0.000e+00
  1027.3355    155.385    156.716    33.5784     4.4645          0          0  0.000e+00
  1027.3257    155.375    156.706    33.5666     4.4683          0          0  0.000e+00
  1027.3207    155.335    156.666    33.5605     4.4676          0          0  0.000e+00
  1027.3211    155.277    156.607    33.5609     4.4647          0          0  0.000e+00
  1027.3225    155.199    156.528    33.5627     4.4616          0          0  0.000e+00
  1027.3251    155.110    156.438    33.5662     4.4596          0          0  0.000e+00
  1027.3299    155.016    156.344    33.5727     4.4589          0          0  0.000e+00
  1027.3283    154.928    156.255    33.5714     4.4603          0          0  0.000e+00
  1027.3250    154.851    156.177    33.5679     4.4614          0          0  0.000e+00
  1027.3246    154.793    156.118    33.5677     4.4613          0          0  0.000e+00
  1027.3231    154.756    156.082    33.5659     4.4610          0          0  0.000e+00
  1027.3222    154.743    156.068    33.5648     4.4604          0          0  0.000e+00
  1027.3222    154.750    156.076    33.5647     4.4594          0          0  0.000e+00
  1027.3214    154.778    156.103    33.5634     4.4583          0          0  0.000e+00
  1027.3229    154.813    156.139    33.5648     4.4569          0          0  0.000e+00
  1027.3241    154.850    156.176    33.5659     4.4559          0          0  0.000e+00
  1027.3256    154.874    156.201    33.5676     4.4555          0          0  0.000e+00
  1027.3300    154.886    156.213    33.5732     4.4560          0          0  0.000e+00
  1027.3237    154.886    156.213    33.5655     4.4575          0          0  0.000e+00
  1027.3216    154.873    156.200    33.5629     4.4573          0          0  0.000e+00
  1027.3211    154.855    156.182    33.5622     4.4559          0          0  0.000e+00
  1027.3211    154.845    156.171    33.5620     4.4544          0          0  0.000e+00
  1027.3257    154.845    156.171    33.5676     4.4529          0          0  0.000e+00
  1027.3274    154.862    156.188    33.5697     4.4532          0          0  0.000e+00
  1027.3243    154.893    156.220    33.5657     4.4543          0          0  0.000e+00
  1027.3243    154.946    156.274    33.5654     4.4543          0          0  0.000e+00
  1027.3278    155.010    156.338    33.5695     4.4541          0          0  0.000e+00
  1027.3317    155.079    156.407    33.5741     4.4552          0          0  0.000e+00
  1027.3345    155.151    156.480    33.5775     4.4576          0          0  0.000e+00
  1027.3248    155.212    156.541    33.5654     4.4606          0          0  0.000e+00
  1027.3243    155.260    156.590    33.5644     4.4602          0          0  0.000e+00
  1027.3280    155.288    156.618    33.5688     4.4590          0          0  0.000e+00
  1027.3297    155.296    156.627    33.5709     4.4593          0          0  0.000e+00
  1027.3312    155.286    156.616    33.5730     4.4604          0          0  0.000e+00
  1027.3341    155.259    156.589    33.5770     4.4619          0          0  0.000e+00
  1027.3349    155.220    156.550    33.5786     4.4644          0          0  0.000e+00
  1027.3287    155.180    156.509    33.5714     4.4674          0          0  0.000e+00
  1027.3279    155.139    156.467    33.5708     4.4681          0          0  0.000e+00
  1027.3324    155.102    156.431    33.5766     4.4682          0          0  0.000e+00
  1027.3284    155.072    156.400    33.5720     4.4698          0          0  0.000e+00
  1027.3242    155.045    156.373    33.5669     4.4703          0          0  0.000e+00
  1027.3272    155.022    156.350    33.5707     4.4691          0          0  0.000e+00
  1027.3293    154.995    156.323    33.5735     4.4687          0          0  0.000e+00
  1027.3286    154.973    156.301    33.5728     4.4693          0          0  0.000e+00
  1027.3265    154.953    156.280    33.5704     4.4697          0          0  0.000e+00
  1027.3256    154.938    156.265    33.5693     4.4695          0          0  0.000e+00
  1027.3211    154.924    156.251    33.5635     4.4687          0          0  0.000e+00
  1027.3186    154.914    156.241    33.5601     4.4663          0          0  0.000e+00
  1027.3220    154.898    156.225    33.5640     4.4628          0          0  0.000e+00
  1027.3277    154.884    156.211    33.5710     4.4607          0          0  0.000e+00
  1027.3269    154.872    156.199    33.5701     4.4610          0          0  0.000e+00
  1027.3255    154.869    156.196    33.5684     4.4616          0          0  0.000e+00
  1027.3252    154.881    156.207    33.5680     4.4615          0          0  0.000e+00
  1027.3311    154.915    156.242    33.5752     4.4612          0          0  0.000e+00
  1027.3362    154.970    156.297    33.5815     4.4632          0          0  0.000e+00
  1027.3272    155.041    156.369    33.5703     4.4669          0          0  0.000e+00
  1027.3322    155.126    156.455    33.5762     4.4675          0          0  0.000e+00
  1027.3684    155.211    156.540    33.6217     4.4702          0          0  0.000e+00
  1027.3661    155.288    156.618    33.6203     4.4846          0          0  0.000e+00
  1027.3418    155.354    156.685    33.5914     4.4996          0          0  0.000e+00
  1027.3158    155.403    156.734    33.5591     4.5046          0          0  0.000e+00
  1027.3286    155.441    156.773    33.5742     4.4995          0          0  0.000e+00
  1027.3414    155.462    156.794    33.5897     4.4957          0          0  0.000e+00
  1027.3599    155.477    156.809    33.6133     4.4984          0          0  0.000e+00
  1027.3491    155.476    156.808    33.6011     4.5077          0          0  0.000e+00
  1027.3447    155.453    156.784    33.5966     4.5143          0          0  0.000e+00
  1027.3488    155.410    156.742    33.6026     4.5184          0          0  0.000e+00
  1027.3458    155.335    156.666    33.5999     4.5232          0          0  0.000e+00
  1027.3394    155.235    156.565    33.5930     4.5270          0          0  0.000e+00
  1027.3335    155.111    156.440    33.5863     4.5280          0          0  0.000e+00
  1027.3354    154.976    156.304    33.5894     4.5267          0          0  0.000e+00
  1027.3350    154.849    156.176    33.5895     4.5259          0          0  0.000e+00
  1027.3332    154.737    156.062    33.5879     4.5255          0          0  0.000e+00
  1027.3337    154.664    155.988    33.5888     4.5247          0          0  0.000e+00
  1027.3338    154.634    155.958    33.5891     4.5243          0          0  0.000e+00
  1027.3376    154.644    155.968    33.5937     4.5241          0          0  0.000e+00
  1027.3387    154.693    156.018    33.5951     4.5252          0          0  0.000e+00
  1027.3425    154.775    156.101    33.5995     4.5269          0          0  0.000e+00
  1027.3702    154.878    156.205    33.6345     4.5308          0          0  0.000e+00
  1027.3893    154.988    156.316    33.6599     4.5443          0          0  0.000e+00
  1027.3662    155.091    156.420    33.6328     4.5644          0          0  0.000e+00
  1027.3440    155.178    156.507    33.6060     4.5761          0          0  0.000e+00
  1027.3660    155.237    156.567    33.6338     4.5785          0          0  0.000e+00
  1027.3547    155.268    156.598    33.6205     4.5864          0          0  0.000e+00
  1027.3575    155.276    156.606    33.6245     4.5909          0          0  0.000e+00
  1027.3558    155.264    156.594    33.6231     4.5951          0          0  0.000e+00
  1027.3582    155.235    156.565    33.6268     4.5985          0          0  0.000e+00
  1027.3597    155.200    156.530    33.6295     4.6025          0          0  0.000e+00
  1027.3612    155.175    156.504    33.6322     4.6071          0          0  0.000e+00
  1027.3693    155.158    156.487    33.6432     4.6123          0          0  0.000e+00
  1027.3728    155.156    156.485    33.6487     4.6198          0          0  0.000e+00
  1027.3706    155.163    156.492    33.6471     4.6289          0          0  0.000e+00
  1027.3618    155.177    156.506    33.6370     4.6364          0          0  0.000e+00
  1027.3559    155.195    156.525    33.6300     4.6401          0          0  0.000e+00
  1027.3666    155.208    156.537    33.6436     4.6412          0          0  0.000e+00
  1027.3743    155.209    156.538    33.6540     4.6456          0          0  0.000e+00
  1027.3664    155.194    156.523    33.6451     4.6528          0          0  0.000e+00
  1027.3592    155.164    156.493    33.6367     4.6572          0          0  0.000e+00
  1027.3505    155.117    156.445    33.6262     4.6583          0          0  0.000e+00
  1027.3461    155.048    156.376    33.6206     4.6556          0          0  0.000e+00
  1027.3454    154.971    156.299    33.6196     4.6509          0          0  0.000e+00
  1027.3518    154.903    156.230    33.6274     4.6464          0          0  0.000e+00
  1027.3562    154.846    156.173    33.6331     4.6444          0          0  0.000e+00
  1027.3531    154.818    156.144    33.6293     4.6445          0          0  0.000e+00
  1027.3522    154.822    156.148    33.6281     4.6439          0          0  0.000e+00
  1027.3439    154.865    156.192    33.6172     4.6429          0          0  0.000e+00
  1027.3194    154.942    156.269    33.5854     4.6396          0          0  0.000e+00
  1027.3498    155.051    156.379    33.6212     4.6270          0          0  0.000e+00
  1027.4027    155.179    156.509    33.6866     4.6225          0          0  0.000e+00
  1027.3883    155.307    156.637    33.6701     4.6390          0          0  0.000e+00
  1027.3432    155.427    156.759    33.6144     4.6529          0          0  0.000e+00
  1027.3405    155.514    156.847    33.6101     4.6498          0          0  0.000e+00
  1027.3483    155.567    156.900    33.6185     4.6422          0          0  0.000e+00
  1027.3550    155.574    156.907    33.6262     4.6374          0          0  0.000e+00
  1027.3626    155.540    156.872    33.6359     4.6364          0          0  0.000e+00
  1027.3652    155.469    156.801    33.6398     4.6382          0          0  0.000e+00
  1027.3602    155.371    156.702    33.6346     4.6413          0          0  0.000e+00
  1027.3578    155.268    156.598    33.6323     4.6428          0          0  0.000e+00
  1027.3591    155.170    156.499    33.6347     4.6433          0          0  0.000e+00
  1027.3606    155.089    156.418    33.6371     4.6443          0          0  0.000e+00
  1027.3590    155.039    156.367    33.6357     4.6460          0          0  0.000e+00
  1027.3623    155.023    156.351    33.6401     4.6474          0          0  0.000e+00
  1027.3648    155.039    156.367    33.6435     4.6494          0          0  0.000e+00
  1027.3695    155.080    156.408    33.6496     4.6529          0          0  0.000e+00
  1027.3551    155.137    156.466    33.6318     4.6572          0          0  0.000e+00
  1027.3557    155.208    156.538    33.6320     4.6567          0          0  0.000e+00
  1027.3788    155.274    156.604    33.6607     4.6560          0          0  0.000e+00
  1027.3836    155.329    156.660    33.6675     4.6637          0          0  0.000e+00
  1027.3695    155.363    156.694    33.6509     4.6734          0          0  0.000e+00
  1027.3497    155.371    156.702    33.6263     4.6770          0          0  0.000e+00
  1027.3565    155.352    156.683    33.6345     4.6731          0          0  0.000e+00
  1027.3556    155.300    156.631    33.6333     4.6703          0          0  0.000e+00
  1027.3567    155.219    156.548    33.6347     4.6677          0          0  0.000e+00
  1027.3542    155.113    156.441    33.6320     4.6657          0          0  0.000e+00
  1027.3552    154.996    156.324    33.6336     4.6633          0          0  0.000e+00
  1027.3545    154.879    156.206    33.6332     4.6612          0          0  0.000e+00
  1027.3564    154.780    156.105    33.6359     4.6598          0          0  0.000e+00
  1027.3570    154.709    156.034    33.6369     4.6590          0          0  0.000e+00
  1027.3567    154.680    156.005    33.6367     4.6589          0          0  0.000e+00
  1027.3559    154.697    156.022    33.6356     4.6585          0          0  0.000e+00
  1027.3209    154.763    156.088    33.5909     4.6577          0          0  0.000e+00
  1027.3493    154.877    156.204    33.6242     4.6446          0          0  0.000e+00
  1027.3940    155.021    156.349    33.6789     4.6384          0          0  0.000e+00
  1027.3721    155.172    156.501    33.6522     4.6512          0          0  0.000e+00
  1027.3572    155.309    156.639    33.6336     4.6586          0          0  0.000e+00
  1027.3517    155.418    156.750    33.6260     4.6586          0          0  0.000e+00
  1027.3534    155.475    156.807    33.6273     4.6554          0          0  0.000e+00
  1027.3578    155.478    156.810    33.6325     4.6527          0          0  0.000e+00
  1027.3600    155.421    156.753    33.6354     4.6515          0          0  0.000e+00
  1027.3612    155.322    156.652    33.6375     4.6518          0          0  0.000e+00
  1027.3603    155.192    156.522    33.6373     4.6524          0          0  0.000e+00
  1027.3590    155.054    156.383    33.6366     4.6533          0          0  0.000e+00
  1027.3593    154.939    156.266    33.6377     4.6538          0          0  0.000e+00
  1027.3639    154.869    156.195    33.6441     4.6545          0          0  0.000e+00
  1027.3671    154.850    156.176    33.6486     4.6571          0          0  0.000e+00
  1027.3771    154.885    156.211    33.6617     4.6618          0          0  0.000e+00
  1027.3861    154.962    156.290    33.6736     4.6692          0          0  0.000e+00
  1027.3762    155.075    156.403    33.6620     4.6805          0          0  0.000e+00
  1027.3626    155.194    156.524    33.6452     4.6873          0          0  0.000e+00
  1027.3521    155.304    156.634    33.6313     4.6877          0          0  0.000e+00
