data/eDNA/PER-2021-171/171b025.ros
* Sea-Bird SBE19plus  Data File:
* FileName = C:\Users\RSG_field\Ryan_2021_Perley\CTD\171b025.hex
* Software version 2.3.0 SB_Terminal.dll
* Temperature SN = 7141
* Conductivity SN = 7141
* System UpLoad Time = Aug 18 2021 13:50:32
* <ApplicationData>
* <SeatermAF>
** Platform: M. Perley
** Cruise: Per2021171
** Station:  SAB_01
** Cast: 01 2
** Latitude: N  45 501.373
** Longitude: W 60 08.966
** Sounding: 15.1
** Chief Scientist: Ryan Stanley
** Comment: 171b025
# nquan = 9
# nvalues = 27                                    
# units = specified
# name 0 = density00: Density [density, kg/m^3]
# name 1 = depSM: Depth [salt water, m], lat = 45.00
# name 2 = prdM: Pressure, Strain Gauge [db]
# name 3 = sal00: Salinity, Practical [PSU]
# name 4 = tv290C: Temperature [ITS-90, deg C]
# name 5 = bpos: Bottle Position in Carousel
# name 6 = nbf: Bottles Fired
# name 7 = scan: Scan Count
# name 8 = flag:  0.000e+00
# interval = seconds: 0.25
# start_time = Aug 18 2021 16:39:34 [Instrument's time stamp, header]
# bad_flag = -9.990e-29
*END*
  1023.5793     15.977     16.109    30.4731     9.4562          1          1       1640  0.000e+00
  1023.5824     15.981     16.113    30.4765     9.4531          1          1       1641  0.000e+00
  1023.5814     15.985     16.116    30.4748     9.4514          1          1       1642  0.000e+00
  1023.5816     15.991     16.122    30.4744     9.4483          1          1       1643  0.000e+00
  1023.5830     15.994     16.126    30.4755     9.4448          1          1       1644  0.000e+00
  1023.5854     15.998     16.130    30.4780     9.4421          1          1       1645  0.000e+00
  1023.5881     16.001     16.132    30.4812     9.4407          1          1       1646  0.000e+00
  1023.5886     16.004     16.135    30.4819     9.4412          1          1       1647  0.000e+00
  1023.5861     16.004     16.135    30.4788     9.4419          1          1       1648  0.000e+00
  1022.2025      5.811      5.859    29.9266    14.4620          2          2       1952  0.000e+00
  1022.1794      5.707      5.754    29.9365    14.6088          2          2       1953  0.000e+00
  1022.1873      5.595      5.641    29.9924    14.7756          2          2       1954  0.000e+00
  1022.0939      5.482      5.527    29.9275    14.9808          2          2       1955  0.000e+00
  1021.9814      5.366      5.410    29.8290    15.1520          2          2       1956  0.000e+00
  1021.9272      5.249      5.292    29.7933    15.2758          2          2       1957  0.000e+00
  1021.8543      5.126      5.168    29.7261    15.3726          2          2       1958  0.000e+00
  1021.8432      5.000      5.041    29.7290    15.4322          2          2       1959  0.000e+00
  1021.8854      4.874      4.914    29.8031    15.4982          2          2       1960  0.000e+00
  1021.6075      2.821      2.844    29.7533    16.5464          3          3       1977  0.000e+00
  1021.5023      2.711      2.733    29.6441    16.6395          3          3       1978  0.000e+00
  1021.5235      2.600      2.622    29.6859    16.6851          3          3       1979  0.000e+00
  1021.5235      2.491      2.512    29.7011    16.7344          3          3       1980  0.000e+00
  1021.4915      2.378      2.397    29.6804    16.8037          3          3       1981  0.000e+00
  1021.4765      2.259      2.278    29.6775    16.8576          3          3       1982  0.000e+00
  1021.4452      2.138      2.156    29.6503    16.9011          3          3       1983  0.000e+00
  1021.5017      2.023      2.039    29.7401    16.9526          3          3       1984  0.000e+00
  1021.5071      1.902      1.917    29.7760    17.0468          3          3       1985  0.000e+00
