data/eDNA/PER-2021-171/171b008.cnv
* Sea-Bird SBE19plus  Data File:
* FileName = C:\Users\RSG_field\Ryan_2021_Perley\CTD\171b008.hex
* Software version 2.3.0 SB_Terminal.dll
* Temperature SN = 7141
* Conductivity SN = 7141
* System UpLoad Time = Aug 11 2021 11:02:49
* <ApplicationData>
* <SeatermAF>
** Platform: M. Perley
** Cruise: Per2021171
** Station:  ESI_16
** Cast: 01 2
** Latitude: N  44 30.177
** Longitude: W 62 50.614
** Sounding: 116
** Chief Scientist: Ryan Stanley
** Comment: Calm seas
** 80m water chemistry and the eDNA
# nquan = 8
# nvalues = 3528                                  
# units = specified
# name 0 = density00: Density [density, kg/m^3]
# name 1 = depSM: Depth [salt water, m], lat = 45.00
# name 2 = prdM: Pressure, Strain Gauge [db]
# name 3 = sal00: Salinity, Practical [PSU]
# name 4 = tv290C: Temperature [ITS-90, deg C]
# name 5 = bpos: Bottle Position in Carousel
# name 6 = nbf: Bottles Fired
# name 7 = flag:  0.000e+00
# span 0 =   998.7148,  1026.7049                 
# span 1 =     -0.029,    111.730                 
# span 2 =     -0.030,    112.675                 
# span 3 =     0.0078,    33.1698                 
# span 4 =     3.3398,    18.7234                 
# span 5 =          0,          3                 
# span 6 =          0,          3                 
# span 7 = 0.0000e+00, 0.0000e+00                 
# interval = seconds: 0.25
# start_time = Aug 11 2021 13:44:43 [Instrument's time stamp, header]
# bad_flag = -9.990e-29
*END*
[from data line 180]
  1021.8403      2.767      2.789    30.6438    18.4596          0          0  0.000e+00
  1021.8708      2.731      2.753    30.6706    18.4180          0          0  0.000e+00
  1021.8956      2.698      2.720    30.6925    18.3841          0          0  0.000e+00
  1021.9156      2.670      2.692    30.7100    18.3563          0          0  0.000e+00
  1021.9288      2.649      2.671    30.7215    18.3374          0          0  0.000e+00
  1021.9381      2.636      2.658    30.7303    18.3268          0          0  0.000e+00
  1021.9446      2.628      2.649    30.7375    18.3224          0          0  0.000e+00
  1021.9524      2.629      2.650    30.7467    18.3191          0          0  0.000e+00
  1021.9632      2.636      2.658    30.7602    18.3174          0          0  0.000e+00
  1022.0809      2.643      2.664    30.9157    18.3219          0          0  0.000e+00
  1022.1233      2.655      2.677    30.9908    18.3838          0          0  0.000e+00
  1022.0474      2.666      2.688    30.9251    18.4894          0          0  0.000e+00
  1021.9860      2.680      2.702    30.8684    18.5640          0          0  0.000e+00
  1021.9529      2.690      2.712    30.8377    18.6034          0          0  0.000e+00
  1021.9394      2.697      2.719    30.8259    18.6217          0          0  0.000e+00
  1021.9260      2.697      2.719    30.8113    18.6308          0          0  0.000e+00
  1021.9255      2.690      2.712    30.8110    18.6320          0          0  0.000e+00
  1021.9294      2.681      2.703    30.8157    18.6305          0          0  0.000e+00
  1021.9279      2.673      2.695    30.8139    18.6312          0          0  0.000e+00
  1021.9263      2.663      2.685    30.8118    18.6308          0          0  0.000e+00
  1021.9264      2.661      2.682    30.8114    18.6290          0          0  0.000e+00
  1021.9292      2.665      2.687    30.8144    18.6272          0          0  0.000e+00
  1021.9359      2.671      2.693    30.8230    18.6267          0          0  0.000e+00
  1021.9390      2.686      2.708    30.8284    18.6312          0          0  0.000e+00
  1021.9365      2.703      2.725    30.8275    18.6389          0          0  0.000e+00
  1021.9327      2.722      2.744    30.8250    18.6470          0          0  0.000e+00
  1021.9271      2.741      2.764    30.8198    18.6536          0          0  0.000e+00
  1021.9237      2.757      2.780    30.8163    18.6571          0          0  0.000e+00
  1021.9219      2.771      2.794    30.8142    18.6580          0          0  0.000e+00
  1021.9228      2.780      2.803    30.8152    18.6575          0          0  0.000e+00
  1021.9222      2.782      2.804    30.8142    18.6571          0          0  0.000e+00
  1021.9226      2.777      2.800    30.8146    18.6564          0          0  0.000e+00
  1021.9233      2.767      2.789    30.8152    18.6556          0          0  0.000e+00
  1021.9238      2.755      2.778    30.8158    18.6551          0          0  0.000e+00
  1021.9227      2.739      2.762    30.8144    18.6548          0          0  0.000e+00
  1021.9213      2.721      2.743    30.8122    18.6535          0          0  0.000e+00
  1021.9212      2.706      2.728    30.8115    18.6512          0          0  0.000e+00
  1021.9237      2.688      2.710    30.8140    18.6486          0          0  0.000e+00
  1021.9274      2.667      2.689    30.8183    18.6467          0          0  0.000e+00
  1021.9293      2.645      2.666    30.8211    18.6474          0          0  0.000e+00
  1021.9248      2.619      2.641    30.8161    18.6498          0          0  0.000e+00
  1021.9262      2.600      2.622    30.8181    18.6499          0          0  0.000e+00
  1021.9252      2.585      2.607    30.8173    18.6509          0          0  0.000e+00
  1021.9219      2.577      2.598    30.8132    18.6516          0          0  0.000e+00
  1021.9240      2.580      2.601    30.8156    18.6504          0          0  0.000e+00
  1021.9335      2.593      2.614    30.8276    18.6491          0          0  0.000e+00
  1021.9313      2.614      2.635    30.8263    18.6545          0          0  0.000e+00
  1021.9267      2.642      2.663    30.8219    18.6604          0          0  0.000e+00
  1021.9244      2.674      2.696    30.8200    18.6641          0          0  0.000e+00
  1021.9237      2.707      2.729    30.8195    18.6663          0          0  0.000e+00
  1021.9233      2.741      2.764    30.8193    18.6680          0          0  0.000e+00
  1021.9231      2.775      2.798    30.8195    18.6697          0          0  0.000e+00
  1021.9237      2.805      2.828    30.8206    18.6715          0          0  0.000e+00
  1021.9192      2.831      2.855    30.8152    18.6734          0          0  0.000e+00
  1021.9197      2.851      2.875    30.8156    18.6729          0          0  0.000e+00
  1021.9197      2.861      2.884    30.8152    18.6717          0          0  0.000e+00
  1021.9196      2.855      2.878    30.8151    18.6718          0          0  0.000e+00
  1021.9176      2.833      2.857    30.8127    18.6722          0          0  0.000e+00
  1021.9188      2.797      2.820    30.8139    18.6702          0          0  0.000e+00
  1021.9201      2.750      2.772    30.8151    18.6682          0          0  0.000e+00
  1021.9183      2.694      2.716    30.8128    18.6670          0          0  0.000e+00
  1021.9165      2.638      2.660    30.8100    18.6645          0          0  0.000e+00
  1021.9155      2.590      2.611    30.8075    18.6601          0          0  0.000e+00
  1021.9177      2.553      2.573    30.8087    18.6540          0          0  0.000e+00
  1021.9230      2.536      2.556    30.8138    18.6481          0          0  0.000e+00
  1021.9283      2.533      2.554    30.8198    18.6452          0          0  0.000e+00
  1021.9344      2.548      2.569    30.8278    18.6453          0          0  0.000e+00
  1021.9325      2.577      2.598    30.8267    18.6502          0          0  0.000e+00
  1021.9304      2.616      2.638    30.8254    18.6557          0          0  0.000e+00
  1021.9268      2.661      2.682    30.8221    18.6606          0          0  0.000e+00
  1021.9244      2.706      2.728    30.8197    18.6639          0          0  0.000e+00
  1021.9270      2.745      2.768    30.8235    18.6660          0          0  0.000e+00
  1021.9250      2.776      2.799    30.8218    18.6691          0          0  0.000e+00
  1021.9239      2.800      2.822    30.8212    18.6722          0          0  0.000e+00
  1021.9240      2.807      2.830    30.8220    18.6744          0          0  0.000e+00
  1021.9203      2.804      2.827    30.8180    18.6772          0          0  0.000e+00
  1021.9147      2.786      2.809    30.8110    18.6777          0          0  0.000e+00
  1021.9144      2.763      2.786    30.8097    18.6746          0          0  0.000e+00
  1021.9160      2.733      2.755    30.8106    18.6701          0          0  0.000e+00
  1021.9199      2.702      2.724    30.8144    18.6656          0          0  0.000e+00
  1021.9211      2.675      2.697    30.8153    18.6633          0          0  0.000e+00
  1021.9210      2.654      2.676    30.8149    18.6615          0          0  0.000e+00
  1021.9217      2.639      2.661    30.8152    18.6597          0          0  0.000e+00
  1021.9239      2.634      2.656    30.8175    18.6575          0          0  0.000e+00
  1021.9252      2.636      2.658    30.8188    18.6565          0          0  0.000e+00
  1021.9243      2.648      2.670    30.8176    18.6567          0          0  0.000e+00
  1021.9282      2.662      2.684    30.8226    18.6566          0          0  0.000e+00
  1021.9278      2.683      2.705    30.8227    18.6589          0          0  0.000e+00
  1021.9263      2.706      2.728    30.8216    18.6619          0          0  0.000e+00
  1021.9252      2.726      2.749    30.8208    18.6643          0          0  0.000e+00
  1021.9237      2.738      2.760    30.8194    18.6664          0          0  0.000e+00
  1021.9232      2.751      2.773    30.8191    18.6679          0          0  0.000e+00
  1021.9228      2.757      2.780    30.8189    18.6689          0          0  0.000e+00
  1021.9219      2.756      2.779    30.8180    18.6699          0          0  0.000e+00
  1021.9175      2.749      2.771    30.8124    18.6702          0          0  0.000e+00
  1021.9157      2.735      2.757    30.8092    18.6674          0          0  0.000e+00
  1021.9177      2.723      2.745    30.8104    18.6626          0          0  0.000e+00
  1021.9203      2.703      2.725    30.8122    18.6572          0          0  0.000e+00
  1021.9240      2.683      2.705    30.8159    18.6531          0          0  0.000e+00
  1021.9243      2.664      2.686    30.8157    18.6510          0          0  0.000e+00
  1021.9248      2.644      2.665    30.8159    18.6494          0          0  0.000e+00
  1021.9269      2.629      2.650    30.8183    18.6480          0          0  0.000e+00
  1021.9263      2.619      2.641    30.8176    18.6479          0          0  0.000e+00
  1021.9264      2.615      2.636    30.8176    18.6478          0          0  0.000e+00
  1021.9277      2.619      2.641    30.8191    18.6472          0          0  0.000e+00
  1021.9305      2.630      2.651    30.8227    18.6470          0          0  0.000e+00
  1021.9329      2.649      2.671    30.8265    18.6494          0          0  0.000e+00
  1021.9264      2.675      2.697    30.8193    18.6538          0          0  0.000e+00
  1021.9287      2.706      2.728    30.8229    18.6564          0          0  0.000e+00
  1021.9303      2.732      2.754    30.8256    18.6587          0          0  0.000e+00
  1021.9281      2.755      2.778    30.8237    18.6623          0          0  0.000e+00
  1021.9245      2.762      2.785    30.8201    18.6660          0          0  0.000e+00
  1021.9210      2.760      2.783    30.8163    18.6678          0          0  0.000e+00
  1021.9195      2.744      2.767    30.8141    18.6673          0          0  0.000e+00
  1021.9206      2.719      2.741    30.8151    18.6650          0          0  0.000e+00
  1021.9201      2.690      2.712    30.8139    18.6631          0          0  0.000e+00
  1021.9206      2.670      2.692    30.8140    18.6611          0          0  0.000e+00
  1021.9210      2.662      2.683    30.8138    18.6585          0          0  0.000e+00
  1021.9225      2.672      2.694    30.8149    18.6559          0          0  0.000e+00
  1021.9193      2.700      2.722    30.8096    18.6532          0          0  0.000e+00
  1021.9231      2.744      2.767    30.8129    18.6485          0          0  0.000e+00
  1021.9214      2.790      2.813    30.8105    18.6488          0          0  0.000e+00
  1021.9221      2.833      2.857    30.8109    18.6484          0          0  0.000e+00
  1021.9300      2.862      2.885    30.8203    18.6457          0          0  0.000e+00
  1021.9302      2.874      2.897    30.8210    18.6475          0          0  0.000e+00
  1021.9266      2.864      2.888    30.8175    18.6508          0          0  0.000e+00
  1021.9206      2.831      2.854    30.8100    18.6513          0          0  0.000e+00
  1021.9217      2.778      2.801    30.8107    18.6480          0          0  0.000e+00
  1021.9238      2.709      2.732    30.8124    18.6438          0          0  0.000e+00
  1021.9240      2.632      2.654    30.8121    18.6406          0          0  0.000e+00
  1021.9251      2.551      2.572    30.8130    18.6374          0          0  0.000e+00
  1021.9267      2.478      2.499    30.8144    18.6342          0          0  0.000e+00
  1021.9278      2.417      2.437    30.8155    18.6319          0          0  0.000e+00
  1021.9283      2.380      2.399    30.8160    18.6305          0          0  0.000e+00
  1021.9296      2.367      2.386    30.8175    18.6295          0          0  0.000e+00
  1021.9324      2.379      2.398    30.8209    18.6288          0          0  0.000e+00
  1021.9336      2.417      2.437    30.8226    18.6302          0          0  0.000e+00
  1021.9321      2.476      2.496    30.8212    18.6329          0          0  0.000e+00
  1021.9314      2.552      2.573    30.8205    18.6351          0          0  0.000e+00
  1021.9314      2.637      2.659    30.8206    18.6369          0          0  0.000e+00
  1021.9326      2.727      2.750    30.8221    18.6383          0          0  0.000e+00
  1021.9337      2.817      2.841    30.8238    18.6408          0          0  0.000e+00
  1021.9257      2.899      2.923    30.8140    18.6443          0          0  0.000e+00
  1021.9227      2.973      2.998    30.8092    18.6428          0          0  0.000e+00
  1021.9273      3.034      3.059    30.8131    18.6375          0          0  0.000e+00
  1021.9296      3.075      3.100    30.8147    18.6338          0          0  0.000e+00
  1021.9312      3.091      3.116    30.8161    18.6320          0          0  0.000e+00
  1021.9306      3.080      3.106    30.8152    18.6315          0          0  0.000e+00
  1021.9335      3.044      3.069    30.8189    18.6306          0          0  0.000e+00
  1021.9344      2.983      3.007    30.8207    18.6314          0          0  0.000e+00
  1021.9290      2.902      2.926    30.8147    18.6330          0          0  0.000e+00
  1021.9277      2.811      2.834    30.8132    18.6321          0          0  0.000e+00
  1021.9301      2.708      2.730    30.8161    18.6295          0          0  0.000e+00
  1021.9309      2.609      2.630    30.8173    18.6281          0          0  0.000e+00
  1021.9302      2.512      2.533    30.8168    18.6277          0          0  0.000e+00
  1021.9294      2.429      2.449    30.8161    18.6273          0          0  0.000e+00
  1021.9286      2.362      2.381    30.8152    18.6264          0          0  0.000e+00
  1021.9293      2.316      2.335    30.8159    18.6250          0          0  0.000e+00
  1021.9295      2.294      2.313    30.8158    18.6237          0          0  0.000e+00
  1021.9276      2.298      2.317    30.8130    18.6225          0          0  0.000e+00
  1021.9253      2.334      2.353    30.8089    18.6200          0          0  0.000e+00
  1021.9257      2.398      2.417    30.8076    18.6153          0          0  0.000e+00
  1021.9341      2.484      2.504    30.8163    18.6097          0          0  0.000e+00
  1021.9377      2.581      2.602    30.8202    18.6087          0          0  0.000e+00
  1021.9420      2.681      2.703    30.8256    18.6102          0          0  0.000e+00
  1021.9439      2.771      2.794    30.8289    18.6144          0          0  0.000e+00
  1021.9314      2.845      2.868    30.8143    18.6207          0          0  0.000e+00
  1021.9258      2.903      2.927    30.8061    18.6195          0          0  0.000e+00
  1021.9359      2.938      2.962    30.8167    18.6121          0          0  0.000e+00
  1021.9406      2.956      2.981    30.8224    18.6106          0          0  0.000e+00
  1021.9355      2.958      2.983    30.8161    18.6123          0          0  0.000e+00
  1021.9371      2.949      2.973    30.8182    18.6117          0          0  0.000e+00
  1021.9407      2.932      2.956    30.8231    18.6121          0          0  0.000e+00
  1021.9360      2.918      2.942    30.8180    18.6151          0          0  0.000e+00
  1021.9325      2.906      2.930    30.8137    18.6160          0          0  0.000e+00
  1021.9325      2.900      2.924    30.8133    18.6145          0          0  0.000e+00
  1021.9326      2.892      2.915    30.8128    18.6122          0          0  0.000e+00
  1021.9335      2.881      2.905    30.8131    18.6096          0          0  0.000e+00
  1021.9355      2.859      2.882    30.8151    18.6072          0          0  0.000e+00
