data/eDNA/PER-2021-171/171b017.cnv
* Sea-Bird SBE19plus  Data File:
* FileName = C:\Users\RSG_field\Ryan_2021_Perley\CTD\171b017.hex
* Software version 2.3.0 SB_Terminal.dll
* Temperature SN = 7141
* Conductivity SN = 7141
* System UpLoad Time = Aug 13 2021 12:29:15
* <ApplicationData>
* <SeatermAF>
** Platform: M. Perley
** Cruise: Per2021171
** Station:  ESI_03
** Cast: 01 2
** Latitude: N  44 48.305
** Longitude: W 62 8.589
** Sounding: 72.2
** Chief Scientist: Ryan Stanley
** Comment: 171b017
** I am trying to located the file for this cast. To save time after an accidental turn on I was saving at the end but there ended up being a bad cast (wrong arm programming) in there as well. So I am pretty sure this is the one associated with the cast based on the sequential location of the short cast (few scans)
# nquan = 8
# nvalues = 2710                                  
# units = specified
# name 0 = density00: Density [density, kg/m^3]
# name 1 = depSM: Depth [salt water, m], lat = 45.00
# name 2 = prdM: Pressure, Strain Gauge [db]
# name 3 = sal00: Salinity, Practical [PSU]
# name 4 = tv290C: Temperature [ITS-90, deg C]
# name 5 = bpos: Bottle Position in Carousel
# name 6 = nbf: Bottles Fired
# name 7 = flag:  0.000e+00
# span 0 =   998.8545,  1025.5429                 
# span 1 =     -0.066,     66.243                 
# span 2 =     -0.066,     66.796                 
# span 3 =     0.0081,    31.7859                 
# span 4 =     3.5427,    17.8344                 
# span 5 =          0,          2                 
# span 6 =          0,          2                 
# span 7 = 0.0000e+00, 0.0000e+00                 
# interval = seconds: 0.25
# start_time = Aug 13 2021 14:37:38 [Instrument's time stamp, header]
# bad_flag = -9.990e-29
*END*
[from data line 720]
  1021.7887      2.948      2.972    30.3489    17.7395          0          0  0.000e+00
  1021.7882      2.841      2.864    30.3487    17.7391          0          0  0.000e+00
  1021.7879      2.714      2.736    30.3489    17.7386          0          0  0.000e+00
  1021.7879      2.580      2.601    30.3496    17.7381          0          0  0.000e+00
  1021.7878      2.470      2.490    30.3501    17.7380          0          0  0.000e+00
  1021.7881      2.423      2.443    30.3507    17.7380          0          0  0.000e+00
  1021.7883      2.453      2.473    30.3509    17.7384          0          0  0.000e+00
  1021.7888      2.537      2.558    30.3513    17.7392          0          0  0.000e+00
  1021.7887      2.671      2.693    30.3507    17.7399          0          0  0.000e+00
  1021.7996      2.823      2.846    30.3642    17.7405          0          0  0.000e+00
  1021.7929      2.978      3.002    30.3566    17.7472          0          0  0.000e+00
  1021.7835      3.118      3.143    30.3452    17.7529          0          0  0.000e+00
  1021.7847      3.213      3.239    30.3457    17.7510          0          0  0.000e+00
  1021.7834      3.265      3.292    30.3429    17.7485          0          0  0.000e+00
  1021.7850      3.278      3.305    30.3438    17.7448          0          0  0.000e+00
  1021.7903      3.255      3.282    30.3500    17.7420          0          0  0.000e+00
  1021.7919      3.195      3.221    30.3525    17.7425          0          0  0.000e+00
  1021.7894      3.100      3.125    30.3503    17.7441          0          0  0.000e+00
  1021.7870      2.985      3.010    30.3481    17.7449          0          0  0.000e+00
  1021.7872      2.859      2.882    30.3490    17.7444          0          0  0.000e+00
  1021.7870      2.733      2.755    30.3493    17.7439          0          0  0.000e+00
  1021.7865      2.625      2.646    30.3493    17.7438          0          0  0.000e+00
  1021.7862      2.544      2.565    30.3492    17.7436          0          0  0.000e+00
  1021.7863      2.493      2.514    30.3496    17.7433          0          0  0.000e+00
  1021.7864      2.472      2.492    30.3497    17.7432          0          0  0.000e+00
  1021.7863      2.490      2.510    30.3496    17.7433          0          0  0.000e+00
  1021.7874      2.530      2.551    30.3508    17.7433          0          0  0.000e+00
  1021.7938      2.587      2.608    30.3591    17.7441          0          0  0.000e+00
  1021.7970      2.653      2.675    30.3645    17.7493          0          0  0.000e+00
  1021.7940      2.727      2.750    30.3628    17.7579          0          0  0.000e+00
  1021.7929      2.799      2.821    30.3636    17.7661          0          0  0.000e+00
  1021.7828      2.856      2.879    30.3525    17.7742          0          0  0.000e+00
  1021.7789      2.918      2.942    30.3480    17.7772          0          0  0.000e+00
  1021.7791      2.976      3.000    30.3477    17.7766          0          0  0.000e+00
  1021.7807      3.030      3.054    30.3492    17.7756          0          0  0.000e+00
  1021.7813      3.095      3.121    30.3494    17.7752          0          0  0.000e+00
  1021.7813      3.162      3.188    30.3490    17.7750          0          0  0.000e+00
  1021.7808      3.219      3.246    30.3480    17.7749          0          0  0.000e+00
  1021.7791      3.255      3.282    30.3452    17.7740          0          0  0.000e+00
  1021.7799      3.263      3.290    30.3455    17.7718          0          0  0.000e+00
  1021.7814      3.241      3.267    30.3469    17.7698          0          0  0.000e+00
  1021.7822      3.191      3.217    30.3479    17.7683          0          0  0.000e+00
  1021.7809      3.117      3.142    30.3463    17.7675          0          0  0.000e+00
  1021.7818      3.023      3.048    30.3477    17.7661          0          0  0.000e+00
  1021.7817      2.915      2.939    30.3478    17.7650          0          0  0.000e+00
  1021.7819      2.808      2.831    30.3486    17.7645          0          0  0.000e+00
  1021.7820      2.715      2.737    30.3491    17.7642          0          0  0.000e+00
  1021.7821      2.633      2.655    30.3497    17.7639          0          0  0.000e+00
  1021.7808      2.560      2.581    30.3485    17.7641          0          0  0.000e+00
  1021.7800      2.499      2.519    30.3477    17.7637          0          0  0.000e+00
  1021.7792      2.452      2.472    30.3465    17.7626          0          0  0.000e+00
  1021.7839      2.417      2.437    30.3523    17.7608          0          0  0.000e+00
  1021.7840      2.404      2.424    30.3528    17.7615          0          0  0.000e+00
  1021.7822      2.414      2.433    30.3509    17.7635          0          0  0.000e+00
  1021.7803      2.453      2.473    30.3485    17.7644          0          0  0.000e+00
  1021.7815      2.525      2.546    30.3496    17.7642          0          0  0.000e+00
  1021.7732      2.621      2.643    30.3380    17.7637          0          0  0.000e+00
  1021.7876      2.729      2.751    30.3552    17.7603          0          0  0.000e+00
  1021.7896      2.842      2.865    30.3577    17.7620          0          0  0.000e+00
  1021.7816      2.952      2.976    30.3477    17.7660          0          0  0.000e+00
  1021.7932      3.063      3.089    30.3628    17.7674          0          0  0.000e+00
  1021.7816      3.175      3.201    30.3488    17.7734          0          0  0.000e+00
  1021.7934      3.272      3.299    30.3644    17.7759          0          0  0.000e+00
  1021.7901      3.356      3.384    30.3618    17.7828          0          0  0.000e+00
  1021.7842      3.430      3.458    30.3560    17.7907          0          0  0.000e+00
  1021.7805      3.490      3.518    30.3524    17.7954          0          0  0.000e+00
  1021.7806      3.511      3.540    30.3530    17.7975          0          0  0.000e+00
  1021.7785      3.474      3.502    30.3509    17.7990          0          0  0.000e+00
  1021.7758      3.376      3.404    30.3482    17.7996          0          0  0.000e+00
  1021.7715      3.228      3.254    30.3430    17.7983          0          0  0.000e+00
  1021.7735      3.034      3.059    30.3457    17.7949          0          0  0.000e+00
  1021.7730      2.810      2.833    30.3454    17.7919          0          0  0.000e+00
  1021.7704      2.578      2.599    30.3424    17.7892          0          0  0.000e+00
  1021.7716      2.353      2.373    30.3441    17.7850          0          0  0.000e+00
  1021.7769      2.155      2.173    30.3511    17.7815          0          0  0.000e+00
  1021.7766      2.007      2.023    30.3515    17.7814          0          0  0.000e+00
  1021.7772      1.940      1.956    30.3529    17.7822          0          0  0.000e+00
  1021.7851      1.963      1.979    30.3636    17.7837          0          0  0.000e+00
  1021.7902      2.069      2.086    30.3719    17.7910          0          0  0.000e+00
  1021.7834      2.222      2.240    30.3658    17.8028          0          0  0.000e+00
  1021.7776      2.408      2.428    30.3597    17.8111          0          0  0.000e+00
  1021.7762      2.604      2.626    30.3583    17.8162          0          0  0.000e+00
  1021.7761      2.800      2.822    30.3583    17.8201          0          0  0.000e+00
  1021.7742      2.986      3.011    30.3558    17.8236          0          0  0.000e+00
  1021.7671      3.139      3.164    30.3462    17.8253          0          0  0.000e+00
  1021.7792      3.254      3.281    30.3607    17.8236          0          0  0.000e+00
  1021.7781      3.329      3.357    30.3598    17.8267          0          0  0.000e+00
  1021.7749      3.369      3.396    30.3568    17.8309          0          0  0.000e+00
  1021.7728      3.368      3.395    30.3548    17.8334          0          0  0.000e+00
  1021.7703      3.332      3.359    30.3519    17.8344          0          0  0.000e+00
  1021.7684      3.263      3.289    30.3498    17.8338          0          0  0.000e+00
  1021.7646      3.173      3.199    30.3447    17.8320          0          0  0.000e+00
  1021.7540      3.072      3.097    30.3299    17.8271          0          0  0.000e+00
  1021.7608      2.964      2.988    30.3361    17.8162          0          0  0.000e+00
  1021.7775      2.862      2.885    30.3560    17.8078          0          0  0.000e+00
  1021.7820      2.773      2.796    30.3626    17.8087          0          0  0.000e+00
  1021.7805      2.726      2.749    30.3627    17.8144          0          0  0.000e+00
  1021.7784      2.738      2.760    30.3619    17.8207          0          0  0.000e+00
  1021.7736      2.786      2.808    30.3570    17.8264          0          0  0.000e+00
  1021.7657      2.848      2.872    30.3471    17.8287          0          0  0.000e+00
  1021.7655      2.917      2.941    30.3456    17.8262          0          0  0.000e+00
  1021.7675      2.987      3.012    30.3465    17.8220          0          0  0.000e+00
  1021.7742      3.062      3.087    30.3537    17.8184          0          0  0.000e+00
  1021.7759      3.139      3.164    30.3556    17.8185          0          0  0.000e+00
  1021.7779      3.218      3.245    30.3583    17.8206          0          0  0.000e+00
  1021.7784      3.306      3.333    30.3594    17.8236          0          0  0.000e+00
  1021.7760      3.402      3.429    30.3570    17.8277          0          0  0.000e+00
  1021.7639      3.508      3.536    30.3413    17.8302          0          0  0.000e+00
  1021.7575      3.635      3.664    30.3307    17.8253          0          0  0.000e+00
  1021.7607      3.767      3.798    30.3300    17.8123          0          0  0.000e+00
  1021.7794      3.905      3.937    30.3502    17.8011          0          0  0.000e+00
  1021.7809      4.033      4.066    30.3509    17.7994          0          0  0.000e+00
  1021.7752      4.152      4.186    30.3431    17.8005          0          0  0.000e+00
  1021.7887      4.269      4.304    30.3595    17.7984          0          0  0.000e+00
  1021.7839      4.384      4.420    30.3537    17.8023          0          0  0.000e+00
  1021.7799      4.502      4.539    30.3486    17.8050          0          0  0.000e+00
  1021.7787      4.619      4.657    30.3464    17.8050          0          0  0.000e+00
  1021.7776      4.742      4.781    30.3436    17.8029          0          0  0.000e+00
  1021.7898      4.881      4.921    30.3578    17.8001          0          0  0.000e+00
  1021.7716      5.030      5.071    30.3339    17.8024          0          0  0.000e+00
  1021.7434      5.179      5.222    30.2938    17.7950          0          0  0.000e+00
  1021.7536      5.313      5.356    30.2981    17.7686          0          0  0.000e+00
  1021.7765      5.412      5.457    30.3191    17.7414          0          0  0.000e+00
  1021.7812      5.478      5.523    30.3197    17.7247          0          0  0.000e+00
  1021.7918      5.512      5.557    30.3294    17.7119          0          0  0.000e+00
  1021.7941      5.519      5.565    30.3299    17.7036          0          0  0.000e+00
  1021.7993      5.500      5.545    30.3348    17.6973          0          0  0.000e+00
  1021.8024      5.468      5.513    30.3379    17.6937          0          0  0.000e+00
  1021.8030      5.438      5.482    30.3385    17.6921          0          0  0.000e+00
  1021.8006      5.442      5.487    30.3349    17.6910          0          0  0.000e+00
  1021.8023      5.483      5.528    30.3361    17.6883          0          0  0.000e+00
  1021.8023      5.567      5.613    30.3349    17.6861          0          0  0.000e+00
  1021.7982      5.686      5.732    30.3279    17.6830          0          0  0.000e+00
  1021.8041      5.859      5.907    30.3330    17.6777          0          0  0.000e+00
  1021.7842      6.055      6.104    30.3043    17.6729          0          0  0.000e+00
  1021.7786      6.279      6.331    30.2901    17.6550          0          0  0.000e+00
  1021.7845      6.524      6.578    30.2879    17.6274          0          0  0.000e+00
  1021.7598      6.773      6.829    30.2448    17.5971          0          0  0.000e+00
  1021.7515      7.027      7.084    30.2164    17.5447          0          0  0.000e+00
  1021.7138      7.275      7.334    30.1429    17.4703          0          0  0.000e+00
  1021.6656      7.517      7.579    30.0421    17.3514          0          0  0.000e+00
  1021.7085      7.751      7.814    30.0423    17.1714          0          0  0.000e+00
  1021.7452      7.955      8.020    30.0290    16.9713          0          0  0.000e+00
  1021.8602      8.129      8.196    30.1161    16.7633          0          0  0.000e+00
  1021.9423      8.271      8.339    30.1731    16.5968          0          0  0.000e+00
  1022.0384      8.389      8.458    30.2612    16.4722          0          0  0.000e+00
  1022.0864      8.476      8.545    30.3009    16.3958          0          0  0.000e+00
  1022.1133      8.533      8.603    30.3218    16.3485          0          0  0.000e+00
  1022.1302      8.560      8.631    30.3345    16.3170          0          0  0.000e+00
  1022.1460      8.570      8.640    30.3487    16.2953          0          0  0.000e+00
  1022.1421      8.567      8.637    30.3395    16.2812          0          0  0.000e+00
  1022.1435      8.559      8.630    30.3368    16.2657          0          0  0.000e+00
  1022.1587      8.551      8.621    30.3521    16.2499          0          0  0.000e+00
  1022.1587      8.546      8.616    30.3493    16.2399          0          0  0.000e+00
  1022.1592      8.550      8.620    30.3473    16.2309          0          0  0.000e+00
  1022.1630      8.568      8.638    30.3493    16.2212          0          0  0.000e+00
  1022.1634      8.609      8.680    30.3469    16.2120          0          0  0.000e+00
  1022.1594      8.684      8.756    30.3385    16.2023          0          0  0.000e+00
  1022.1486      8.799      8.871    30.3198    16.1891          0          0  0.000e+00
  1022.1457      8.947      9.021    30.3079    16.1639          0          0  0.000e+00
  1022.1205      9.141      9.216    30.2625    16.1244          0          0  0.000e+00
  1022.1091      9.368      9.445    30.2265    16.0556          0          0  0.000e+00
  1022.2241      9.639      9.719    30.3472    15.9597          0          0  0.000e+00
  1022.2272      9.936     10.018    30.3357    15.9120          0          0  0.000e+00
  1022.1038     10.232     10.316    30.1614    15.8706          0          0  0.000e+00
  1022.2061     10.508     10.594    30.2580    15.7476          0          0  0.000e+00
  1022.1790     10.773     10.861    30.1923    15.6455          0          0  0.000e+00
  1022.1462     11.019     11.109    30.1133    15.5220          0          0  0.000e+00
  1022.1606     11.233     11.325    30.0828    15.3507          0          0  0.000e+00
  1022.2788     11.394     11.487    30.1823    15.1585          0          0  0.000e+00
  1022.3601     11.474     11.569    30.2471    15.0123          0          0  0.000e+00
  1022.4532     11.465     11.559    30.3406    14.9117          0          0  0.000e+00
  1022.5249     11.418     11.512    30.4211    14.8642          0          0  0.000e+00
  1022.5585     11.351     11.445    30.4663    14.8684          0          0  0.000e+00
  1022.5526     11.266     11.358    30.4685    14.9024          0          0  0.000e+00
  1022.5579     11.174     11.266    30.4873    14.9442          0          0  0.000e+00
  1022.5950     11.096     11.187    30.5507    14.9982          0          0  0.000e+00
  1022.6310     11.044     11.135    30.6224    15.0870          0          0  0.000e+00
