data/eDNA/PER-2021-171/171b021.cnv
* Sea-Bird SBE19plus  Data File:
* FileName = C:\Users\RSG_field\Ryan_2021_Perley\CTD\171b021.hex
* Software version 2.3.0 SB_Terminal.dll
* Temperature SN = 7141
* Conductivity SN = 7141
* System UpLoad Time = Aug 17 2021 13:38:31
* <ApplicationData>
* <SeatermAF>
** Platform: M. Perley
** Cruise: Per2021171
** Station:  SAB_06
** Cast: 01 2
** Latitude: N  46 22.081
** Longitude: W 59 05.736
** Sounding: 230
** Chief Scientist: Ryan Stanley
** Comment: 171b021
# nquan = 8
# nvalues = 4910                                  
# units = specified
# name 0 = density00: Density [density, kg/m^3]
# name 1 = depSM: Depth [salt water, m], lat = 45.00
# name 2 = prdM: Pressure, Strain Gauge [db]
# name 3 = sal00: Salinity, Practical [PSU]
# name 4 = tv290C: Temperature [ITS-90, deg C]
# name 5 = bpos: Bottle Position in Carousel
# name 6 = nbf: Bottles Fired
# name 7 = flag:  0.000e+00
# span 0 =   998.9661,  1027.9434                 
# span 1 =     -0.049,    207.784                 
# span 2 =     -0.049,    209.591                 
# span 3 =     0.0081,    34.4168                 
# span 4 =     2.1783,    19.8091                 
# span 5 =          0,          6                 
# span 6 =          0,          6                 
# span 7 = 0.0000e+00, 0.0000e+00                 
# interval = seconds: 0.25
# start_time = Aug 17 2021 16:14:35 [Instrument's time stamp, header]
# bad_flag = -9.990e-29
*END*
[from data line 2338]
  1027.7883    185.952    187.559    34.2903     6.5034          0          0  0.000e+00
  1027.7882    186.075    187.684    34.2903     6.5086          0          0  0.000e+00
  1027.7878    186.197    187.807    34.2899     6.5132          0          0  0.000e+00
  1027.7839    186.328    187.938    34.2848     6.5170          0          0  0.000e+00
  1027.7818    186.465    188.076    34.2818     6.5188          0          0  0.000e+00
  1027.7839    186.611    188.224    34.2836     6.5195          0          0  0.000e+00
  1027.8030    186.772    188.387    34.3070     6.5203          0          0  0.000e+00
  1027.7962    186.941    188.557    34.2987     6.5272          0          0  0.000e+00
  1027.7998    187.115    188.732    34.3031     6.5324          0          0  0.000e+00
  1027.8024    187.291    188.910    34.3063     6.5375          0          0  0.000e+00
  1027.8011    187.453    189.074    34.3047     6.5431          0          0  0.000e+00
  1027.8024    187.606    189.228    34.3061     6.5477          0          0  0.000e+00
  1027.8027    187.735    189.359    34.3066     6.5519          0          0  0.000e+00
  1027.7990    187.842    189.466    34.3018     6.5554          0          0  0.000e+00
  1027.7971    187.927    189.552    34.2992     6.5573          0          0  0.000e+00
  1027.7972    187.994    189.620    34.2991     6.5578          0          0  0.000e+00
  1027.7993    188.052    189.678    34.3015     6.5582          0          0  0.000e+00
  1027.7998    188.112    189.739    34.3019     6.5590          0          0  0.000e+00
  1027.8015    188.177    189.804    34.3038     6.5599          0          0  0.000e+00
  1027.8012    188.253    189.881    34.3032     6.5612          0          0  0.000e+00
  1027.7999    188.351    189.980    34.3012     6.5621          0          0  0.000e+00
  1027.8018    188.464    190.094    34.3030     6.5624          0          0  0.000e+00
  1027.8025    188.595    190.226    34.3031     6.5630          0          0  0.000e+00
  1027.7999    188.736    190.368    34.2992     6.5637          0          0  0.000e+00
  1027.8031    188.880    190.514    34.3024     6.5633          0          0  0.000e+00
  1027.8041    189.029    190.663    34.3028     6.5635          0          0  0.000e+00
  1027.8049    189.178    190.814    34.3029     6.5640          0          0  0.000e+00
  1027.8051    189.324    190.962    34.3024     6.5644          0          0  0.000e+00
  1027.8049    189.466    191.104    34.3015     6.5647          0          0  0.000e+00
  1027.8060    189.601    191.241    34.3020     6.5645          0          0  0.000e+00
  1027.8067    189.733    191.374    34.3021     6.5645          0          0  0.000e+00
  1027.8075    189.863    191.506    34.3024     6.5647          0          0  0.000e+00
  1027.8080    189.996    191.640    34.3023     6.5647          0          0  0.000e+00
  1027.8090    190.128    191.773    34.3028     6.5648          0          0  0.000e+00
  1027.8119    190.266    191.913    34.3056     6.5650          0          0  0.000e+00
  1027.8102    190.405    192.053    34.3029     6.5658          0          0  0.000e+00
  1027.8103    190.540    192.189    34.3022     6.5662          0          0  0.000e+00
  1027.8120    190.676    192.326    34.3035     6.5660          0          0  0.000e+00
  1027.8149    190.804    192.455    34.3065     6.5662          0          0  0.000e+00
  1027.8154    190.923    192.575    34.3066     6.5673          0          0  0.000e+00
  1027.8149    191.035    192.689    34.3055     6.5683          0          0  0.000e+00
  1027.8147    191.145    192.799    34.3047     6.5688          0          0  0.000e+00
  1027.8164    191.243    192.898    34.3063     6.5691          0          0  0.000e+00
  1027.8168    191.331    192.987    34.3065     6.5698          0          0  0.000e+00
  1027.8160    191.413    193.070    34.3051     6.5706          0          0  0.000e+00
  1027.8164    191.490    193.148    34.3052     6.5707          0          0  0.000e+00
  1027.8161    191.570    193.228    34.3044     6.5709          0          0  0.000e+00
  1027.8154    191.652    193.311    34.3030     6.5706          0          0  0.000e+00
  1027.8170    191.741    193.400    34.3043     6.5700          0          0  0.000e+00
  1027.8186    191.838    193.499    34.3058     6.5698          0          0  0.000e+00
  1027.8208    191.946    193.608    34.3079     6.5702          0          0  0.000e+00
  1027.8225    192.064    193.727    34.3096     6.5710          0          0  0.000e+00
  1027.8358    192.195    193.859    34.3261     6.5727          0          0  0.000e+00
  1027.8335    192.334    193.999    34.3232     6.5781          0          0  0.000e+00
  1027.8318    192.481    194.148    34.3212     6.5836          0          0  0.000e+00
  1027.8307    192.631    194.299    34.3195     6.5873          0          0  0.000e+00
  1027.8252    192.781    194.451    34.3122     6.5900          0          0  0.000e+00
  1027.8274    192.929    194.599    34.3141     6.5904          0          0  0.000e+00
  1027.8293    193.065    194.736    34.3158     6.5907          0          0  0.000e+00
  1027.8287    193.193    194.866    34.3144     6.5915          0          0  0.000e+00
  1027.8276    193.314    194.988    34.3124     6.5919          0          0  0.000e+00
  1027.8297    193.435    195.110    34.3144     6.5919          0          0  0.000e+00
  1027.8251    193.557    195.233    34.3078     6.5919          0          0  0.000e+00
  1027.8264    193.689    195.367    34.3085     6.5905          0          0  0.000e+00
  1027.8270    193.830    195.509    34.3081     6.5889          0          0  0.000e+00
  1027.8319    193.982    195.662    34.3131     6.5874          0          0  0.000e+00
  1027.8417    194.135    195.816    34.3247     6.5877          0          0  0.000e+00
  1027.8474    194.284    195.967    34.3317     6.5915          0          0  0.000e+00
  1027.8435    194.429    196.113    34.3270     6.5976          0          0  0.000e+00
  1027.8373    194.555    196.240    34.3192     6.6020          0          0  0.000e+00
  1027.8368    194.672    196.358    34.3182     6.6035          0          0  0.000e+00
  1027.8372    194.783    196.470    34.3180     6.6040          0          0  0.000e+00
  1027.8390    194.892    196.581    34.3198     6.6043          0          0  0.000e+00
  1027.8389    194.997    196.687    34.3191     6.6051          0          0  0.000e+00
  1027.8394    195.103    196.794    34.3193     6.6057          0          0  0.000e+00
  1027.8402    195.216    196.907    34.3197     6.6061          0          0  0.000e+00
  1027.8408    195.328    197.021    34.3200     6.6067          0          0  0.000e+00
  1027.8418    195.436    197.130    34.3206     6.6073          0          0  0.000e+00
  1027.8416    195.550    197.244    34.3199     6.6079          0          0  0.000e+00
  1027.8417    195.662    197.358    34.3194     6.6083          0          0  0.000e+00
  1027.8430    195.773    197.469    34.3204     6.6087          0          0  0.000e+00
  1027.8467    195.884    197.582    34.3246     6.6092          0          0  0.000e+00
  1027.8475    196.001    197.699    34.3252     6.6109          0          0  0.000e+00
  1027.8483    196.122    197.821    34.3258     6.6128          0          0  0.000e+00
  1027.8467    196.249    197.950    34.3234     6.6147          0          0  0.000e+00
  1027.8495    196.375    198.077    34.3265     6.6158          0          0  0.000e+00
  1027.8495    196.503    198.207    34.3260     6.6177          0          0  0.000e+00
  1027.8459    196.631    198.335    34.3210     6.6191          0          0  0.000e+00
  1027.8479    196.752    198.457    34.3227     6.6190          0          0  0.000e+00
  1027.8532    196.873    198.579    34.3288     6.6191          0          0  0.000e+00
  1027.8528    196.992    198.700    34.3278     6.6208          0          0  0.000e+00
  1027.8534    197.112    198.821    34.3283     6.6226          0          0  0.000e+00
  1027.8522    197.235    198.945    34.3262     6.6242          0          0  0.000e+00
  1027.8508    197.370    199.081    34.3238     6.6253          0          0  0.000e+00
  1027.8532    197.504    199.216    34.3262     6.6253          0          0  0.000e+00
  1027.8592    197.634    199.348    34.3331     6.6259          0          0  0.000e+00
  1027.8648    197.758    199.473    34.3401     6.6290          0          0  0.000e+00
  1027.8630    197.879    199.595    34.3379     6.6337          0          0  0.000e+00
  1027.8627    197.994    199.711    34.3375     6.6376          0          0  0.000e+00
  1027.8604    198.102    199.820    34.3344     6.6408          0          0  0.000e+00
  1027.8577    198.211    199.930    34.3307     6.6426          0          0  0.000e+00
  1027.8614    198.323    200.043    34.3349     6.6433          0          0  0.000e+00
  1027.8624    198.439    200.160    34.3358     6.6448          0          0  0.000e+00
  1027.8574    198.563    200.286    34.3289     6.6463          0          0  0.000e+00
  1027.8578    198.698    200.422    34.3286     6.6458          0          0  0.000e+00
  1027.8641    198.841    200.566    34.3356     6.6450          0          0  0.000e+00
  1027.8679    198.987    200.713    34.3398     6.6462          0          0  0.000e+00
  1027.8674    199.131    200.858    34.3388     6.6489          0          0  0.000e+00
  1027.8642    199.261    200.990    34.3343     6.6512          0          0  0.000e+00
  1027.8641    199.378    201.108    34.3337     6.6518          0          0  0.000e+00
  1027.8656    199.479    201.209    34.3350     6.6521          0          0  0.000e+00
  1027.8757    199.569    201.300    34.3474     6.6527          0          0  0.000e+00
  1027.8823    199.647    201.379    34.3561     6.6570          0          0  0.000e+00
  1027.8741    199.723    201.456    34.3464     6.6635          0          0  0.000e+00
  1027.8734    199.799    201.533    34.3457     6.6673          0          0  0.000e+00
  1027.8724    199.880    201.614    34.3444     6.6695          0          0  0.000e+00
  1027.8745    199.958    201.693    34.3469     6.6714          0          0  0.000e+00
  1027.8720    200.041    201.777    34.3436     6.6735          0          0  0.000e+00
  1027.8728    200.135    201.872    34.3443     6.6747          0          0  0.000e+00
  1027.8740    200.239    201.977    34.3453     6.6756          0          0  0.000e+00
  1027.8762    200.354    202.093    34.3477     6.6768          0          0  0.000e+00
  1027.8764    200.479    202.219    34.3475     6.6786          0          0  0.000e+00
  1027.8769    200.612    202.353    34.3477     6.6803          0          0  0.000e+00
  1027.8754    200.752    202.494    34.3453     6.6817          0          0  0.000e+00
  1027.8766    200.884    202.628    34.3461     6.6825          0          0  0.000e+00
  1027.8777    201.016    202.761    34.3468     6.6831          0          0  0.000e+00
  1027.8785    201.134    202.879    34.3473     6.6840          0          0  0.000e+00
  1027.8793    201.241    202.988    34.3479     6.6850          0          0  0.000e+00
  1027.8851    201.346    203.093    34.3548     6.6861          0          0  0.000e+00
  1027.8888    201.451    203.199    34.3594     6.6889          0          0  0.000e+00
  1027.8938    201.560    203.310    34.3659     6.6931          0          0  0.000e+00
  1027.9034    201.687    203.438    34.3783     6.6989          0          0  0.000e+00
  1027.9053    201.829    203.581    34.3814     6.7073          0          0  0.000e+00
  1027.9021    201.982    203.736    34.3780     6.7164          0          0  0.000e+00
  1027.9003    202.147    203.902    34.3761     6.7234          0          0  0.000e+00
  1027.8959    202.319    204.075    34.3704     6.7288          0          0  0.000e+00
  1027.8940    202.500    204.258    34.3674     6.7319          0          0  0.000e+00
  1027.8942    202.682    204.442    34.3668     6.7333          0          0  0.000e+00
  1027.8948    202.861    204.622    34.3667     6.7342          0          0  0.000e+00
  1027.8947    203.031    204.794    34.3657     6.7350          0          0  0.000e+00
  1027.8949    203.191    204.955    34.3652     6.7353          0          0  0.000e+00
  1027.8960    203.344    205.110    34.3656     6.7354          0          0  0.000e+00
  1027.8964    203.482    205.249    34.3654     6.7356          0          0  0.000e+00
  1027.8979    203.607    205.376    34.3665     6.7355          0          0  0.000e+00
  1027.8978    203.722    205.491    34.3659     6.7359          0          0  0.000e+00
  1027.8984    203.824    205.594    34.3660     6.7362          0          0  0.000e+00
  1027.9009    203.913    205.684    34.3688     6.7363          0          0  0.000e+00
  1027.9084    203.992    205.764    34.3779     6.7375          0          0  0.000e+00
  1027.9033    204.065    205.837    34.3716     6.7407          0          0  0.000e+00
  1027.9041    204.137    205.910    34.3726     6.7427          0          0  0.000e+00
  1027.9036    204.211    205.985    34.3718     6.7440          0          0  0.000e+00
  1027.9094    204.288    206.063    34.3789     6.7454          0          0  0.000e+00
  1027.9128    204.375    206.151    34.3832     6.7484          0          0  0.000e+00
  1027.9164    204.479    206.256    34.3879     6.7526          0          0  0.000e+00
  1027.9162    204.589    206.366    34.3879     6.7575          0          0  0.000e+00
  1027.9164    204.704    206.483    34.3883     6.7620          0          0  0.000e+00
  1027.9147    204.833    206.612    34.3861     6.7660          0          0  0.000e+00
  1027.9146    204.961    206.742    34.3858     6.7690          0          0  0.000e+00
  1027.9199    205.085    206.867    34.3922     6.7714          0          0  0.000e+00
  1027.9290    205.211    206.994    34.4036     6.7752          0          0  0.000e+00
  1027.9332    205.336    207.121    34.4094     6.7819          0          0  0.000e+00
  1027.9308    205.466    207.251    34.4071     6.7899          0          0  0.000e+00
  1027.9269    205.598    207.385    34.4025     6.7963          0          0  0.000e+00
  1027.9241    205.740    207.528    34.3988     6.8002          0          0  0.000e+00
  1027.9239    205.895    207.685    34.3981     6.8026          0          0  0.000e+00
  1027.9247    206.059    207.850    34.3984     6.8039          0          0  0.000e+00
  1027.9249    206.233    208.025    34.3978     6.8052          0          0  0.000e+00
  1027.9256    206.410    208.204    34.3979     6.8062          0          0  0.000e+00
  1027.9265    206.578    208.373    34.3981     6.8068          0          0  0.000e+00
  1027.9267    206.670    208.466    34.3979     6.8072          0          0  0.000e+00
  1027.9262    206.679    208.476    34.3973     6.8076          0          0  0.000e+00
  1027.9250    206.640    208.436    34.3959     6.8075          0          0  0.000e+00
  1027.9246    206.606    208.402    34.3956     6.8069          0          0  0.000e+00
  1027.9249    206.565    208.360    34.3961     6.8062          0          0  0.000e+00
  1027.9250    206.501    208.296    34.3965     6.8056          0          0  0.000e+00
  1027.9244    206.431    208.226    34.3960     6.8055          0          0  0.000e+00
  1027.9241    206.371    208.165    34.3960     6.8050          0          0  0.000e+00
  1027.9240    206.320    208.113    34.3960     6.8046          0          0  0.000e+00
