data/eDNA/PER-2021-171/171b017.cnv
* Sea-Bird SBE19plus  Data File:
* FileName = C:\Users\RSG_field\Ryan_2021_Perley\CTD\171b017.hex
* Software version 2.3.0 SB_Terminal.dll
* Temperature SN = 7141
* Conductivity SN = 7141
* System UpLoad Time = Aug 13 2021 12:29:15
* <ApplicationData>
* <SeatermAF>
** Platform: M. Perley
** Cruise: Per2021171
** Station:  ESI_03
** Cast: 01 2
** Latitude: N  44 48.305
** Longitude: W 62 8.589
** Sounding: 72.2
** Chief Scientist: Ryan Stanley
** Comment: 171b017
** I am trying to located the file for this cast. To save time after an accidental turn on I was saving at the end but there ended up being a bad cast (wrong arm programming) in there as well. So I am pretty sure this is the one associated with the cast based on the sequential location of the short cast (few scans)
# nquan = 8
# nvalues = 2710                                  
# units = specified
# name 0 = density00: Density [density, kg/m^3]
# name 1 = depSM: Depth [salt water, m], lat = 45.00
# name 2 = prdM: Pressure, Strain Gauge [db]
# name 3 = sal00: Salinity, Practical [PSU]
# name 4 = tv290C: Temperature [ITS-90, deg C]
# name 5 = bpos: Bottle Position in Carousel
# name 6 = nbf: Bottles Fired
# name 7 = flag:  0.000e+00
# span 0 =   998.8545,  1025.5429                 
# span 1 =     -0.066,     66.243                 
# span 2 =     -0.066,     66.796                 
# span 3 =     0.0081,    31.7859                 
# span 4 =     3.5427,    17.8344                 
# span 5 =          0,          2                 
# span 6 =          0,          2                 
# span 7 = 0.0000e+00, 0.0000e+00                 
# interval = seconds: 0.25
# start_time = Aug 13 2021 14:37:38 [Instrument's time stamp, header]
# bad_flag = -9.990e-29
*END*
[from data line 1259]
  1025.1168     53.417     53.861    31.3935     4.5377          0          0  0.000e+00
  1025.0926     53.556     54.001    31.3538     4.4739          0          0  0.000e+00
  1025.1362     53.735     54.182    31.3958     4.3805          0          0  0.000e+00
  1025.1917     53.950     54.399    31.4541     4.2991          0          0  0.000e+00
  1025.2347     54.196     54.647    31.5000     4.2445          0          0  0.000e+00
  1025.2569     54.464     54.917    31.5224     4.2123          0          0  0.000e+00
  1025.2685     54.738     55.193    31.5330     4.1934          0          0  0.000e+00
  1025.2693     55.003     55.461    31.5308     4.1803          0          0  0.000e+00
  1025.2771     55.241     55.701    31.5377     4.1678          0          0  0.000e+00
  1025.2819     55.437     55.898    31.5412     4.1576          0          0  0.000e+00
  1025.2864     55.588     56.051    31.5451     4.1497          0          0  0.000e+00
  1025.2915     55.696     56.160    31.5499     4.1432          0          0  0.000e+00
  1025.2955     55.776     56.240    31.5541     4.1391          0          0  0.000e+00
  1025.2971     55.837     56.302    31.5555     4.1373          0          0  0.000e+00
  1025.3075     55.896     56.361    31.5682     4.1373          0          0  0.000e+00
  1025.2959     55.963     56.429    31.5537     4.1416          0          0  0.000e+00
  1025.2813     56.046     56.513    31.5348     4.1416          0          0  0.000e+00
  1025.2799     56.140     56.608    31.5314     4.1323          0          0  0.000e+00
  1025.2706     56.233     56.701    31.5176     4.1200          0          0  0.000e+00
  1025.2668     56.314     56.783    31.5101     4.1013          0          0  0.000e+00
  1025.2811     56.383     56.853    31.5247     4.0775          0          0  0.000e+00
  1025.2931     56.438     56.908    31.5371     4.0586          0          0  0.000e+00
  1025.3037     56.480     56.950    31.5487     4.0458          0          0  0.000e+00
  1025.3098     56.518     56.988    31.5553     4.0391          0          0  0.000e+00
  1025.3130     56.562     57.033    31.5586     4.0357          0          0  0.000e+00
  1025.3100     56.629     57.101    31.5543     4.0341          0          0  0.000e+00
  1025.3101     56.721     57.194    31.5535     4.0312          0          0  0.000e+00
  1025.3115     56.855     57.328    31.5540     4.0276          0          0  0.000e+00
  1025.3072     57.012     57.487    31.5473     4.0240          0          0  0.000e+00
  1025.3013     57.195     57.671    31.5379     4.0170          0          0  0.000e+00
  1025.3060     57.397     57.875    31.5410     4.0040          0          0  0.000e+00
  1025.3126     57.610     58.090    31.5465     3.9907          0          0  0.000e+00
  1025.3123     57.811     58.293    31.5435     3.9792          0          0  0.000e+00
  1025.3116     58.001     58.484    31.5397     3.9655          0          0  0.000e+00
  1025.3131     58.177     58.662    31.5386     3.9487          0          0  0.000e+00
  1025.3215     58.332     58.818    31.5460     3.9302          0          0  0.000e+00
  1025.3274     58.473     58.960    31.5506     3.9135          0          0  0.000e+00
  1025.3269     58.606     59.095    31.5473     3.8986          0          0  0.000e+00
  1025.3365     58.733     59.222    31.5564     3.8801          0          0  0.000e+00
  1025.3497     58.866     59.356    31.5702     3.8635          0          0  0.000e+00
  1025.3626     59.004     59.495    31.5844     3.8524          0          0  0.000e+00
  1025.3751     59.143     59.636    31.5987     3.8474          0          0  0.000e+00
  1025.3776     59.273     59.767    31.6011     3.8477          0          0  0.000e+00
  1025.3775     59.392     59.887    31.6004     3.8492          0          0  0.000e+00
  1025.3788     59.491     59.986    31.6017     3.8507          0          0  0.000e+00
  1025.3790     59.563     60.059    31.6017     3.8525          0          0  0.000e+00
  1025.3801     59.603     60.100    31.6030     3.8536          0          0  0.000e+00
  1025.3846     59.622     60.119    31.6087     3.8556          0          0  0.000e+00
  1025.3822     59.616     60.112    31.6063     3.8601          0          0  0.000e+00
  1025.3808     59.600     60.096    31.6052     3.8649          0          0  0.000e+00
  1025.3737     59.586     60.082    31.5968     3.8690          0          0  0.000e+00
  1025.3746     59.592     60.089    31.5981     3.8702          0          0  0.000e+00
  1025.3682     59.632     60.128    31.5899     3.8709          0          0  0.000e+00
  1025.3689     59.708     60.205    31.5901     3.8689          0          0  0.000e+00
  1025.3779     59.829     60.327    31.6003     3.8660          0          0  0.000e+00
  1025.4140     59.998     60.498    31.6449     3.8668          0          0  0.000e+00
  1025.4295     60.199     60.700    31.6649     3.8805          0          0  0.000e+00
  1025.4420     60.428     60.931    31.6818     3.9028          0          0  0.000e+00
  1025.4236     60.676     61.181    31.6603     3.9278          0          0  0.000e+00
  1025.3892     60.935     61.442    31.6172     3.9430          0          0  0.000e+00
  1025.3333     61.197     61.708    31.5445     3.9360          0          0  0.000e+00
  1025.3512     61.453     61.965    31.5608     3.8966          0          0  0.000e+00
  1025.3767     61.690     62.205    31.5866     3.8564          0          0  0.000e+00
  1025.3892     61.889     62.405    31.5976     3.8261          0          0  0.000e+00
  1025.3905     62.051     62.568    31.5948     3.7982          0          0  0.000e+00
  1025.4016     62.162     62.680    31.6041     3.7644          0          0  0.000e+00
  1025.4295     62.226     62.745    31.6347     3.7297          0          0  0.000e+00
  1025.4589     62.252     62.771    31.6689     3.7071          0          0  0.000e+00
  1025.4838     62.251     62.770    31.6999     3.7035          0          0  0.000e+00
  1025.4850     62.242     62.761    31.7031     3.7175          0          0  0.000e+00
  1025.4697     62.239     62.757    31.6861     3.7372          0          0  0.000e+00
  1025.4492     62.253     62.772    31.6618     3.7498          0          0  0.000e+00
  1025.4576     62.304     62.824    31.6722     3.7510          0          0  0.000e+00
  1025.4376     62.390     62.910    31.6470     3.7558          0          0  0.000e+00
  1025.3961     62.511     63.032    31.5931     3.7469          0          0  0.000e+00
  1025.4241     62.658     63.181    31.6227     3.7064          0          0  0.000e+00
  1025.4529     62.831     63.355    31.6535     3.6699          0          0  0.000e+00
  1025.4657     63.017     63.542    31.6659     3.6465          0          0  0.000e+00
  1025.4767     63.215     63.742    31.6764     3.6287          0          0  0.000e+00
  1025.4880     63.419     63.947    31.6877     3.6140          0          0  0.000e+00
  1025.4969     63.612     64.142    31.6963     3.6021          0          0  0.000e+00
  1025.5047     63.791     64.323    31.7040     3.5928          0          0  0.000e+00
  1025.5106     63.943     64.477    31.7097     3.5855          0          0  0.000e+00
  1025.5158     64.067     64.602    31.7148     3.5793          0          0  0.000e+00
  1025.5213     64.164     64.699    31.7206     3.5751          0          0  0.000e+00
  1025.5223     64.232     64.768    31.7212     3.5735          0          0  0.000e+00
  1025.5228     64.285     64.821    31.7214     3.5725          0          0  0.000e+00
  1025.5264     64.331     64.868    31.7256     3.5716          0          0  0.000e+00
  1025.5274     64.383     64.920    31.7267     3.5729          0          0  0.000e+00
  1025.5218     64.453     64.991    31.7195     3.5747          0          0  0.000e+00
  1025.5200     64.535     65.073    31.7166     3.5736          0          0  0.000e+00
  1025.5235     64.570     65.109    31.7205     3.5706          0          0  0.000e+00
  1025.5271     64.602     65.141    31.7245     3.5685          0          0  0.000e+00
  1025.5296     64.637     65.176    31.7275     3.5687          0          0  0.000e+00
  1025.5247     64.701     65.241    31.7211     3.5706          0          0  0.000e+00
  1025.5239     64.780     65.320    31.7197     3.5702          0          0  0.000e+00
  1025.5244     64.852     65.393    31.7196     3.5686          0          0  0.000e+00
  1025.5260     64.912     65.454    31.7211     3.5670          0          0  0.000e+00
  1025.5277     64.948     65.490    31.7229     3.5661          0          0  0.000e+00
  1025.5292     64.952     65.494    31.7248     3.5660          0          0  0.000e+00
  1025.5340     64.924     65.466    31.7311     3.5671          0          0  0.000e+00
  1025.5321     64.867     65.408    31.7294     3.5708          0          0  0.000e+00
  1025.5312     64.797     65.337    31.7292     3.5746          0          0  0.000e+00
  1025.5275     64.728     65.268    31.7254     3.5783          0          0  0.000e+00
  1025.5274     64.671     65.210    31.7259     3.5808          0          0  0.000e+00
  1025.5217     64.646     65.186    31.7191     3.5830          0          0  0.000e+00
  1025.5180     64.657     65.196    31.7144     3.5828          0          0  0.000e+00
  1025.5167     64.700     65.240    31.7122     3.5802          0          0  0.000e+00
  1025.5167     64.767     65.307    31.7113     3.5766          0          0  0.000e+00
  1025.5178     64.845     65.386    31.7117     3.5721          0          0  0.000e+00
  1025.5224     64.922     65.464    31.7166     3.5669          0          0  0.000e+00
  1025.5255     64.987     65.529    31.7196     3.5633          0          0  0.000e+00
  1025.5289     65.028     65.571    31.7233     3.5610          0          0  0.000e+00
  1025.5293     65.046     65.589    31.7238     3.5606          0          0  0.000e+00
  1025.5320     65.039     65.581    31.7272     3.5607          0          0  0.000e+00
  1025.5347     65.014     65.557    31.7309     3.5622          0          0  0.000e+00
  1025.5332     64.977     65.519    31.7296     3.5654          0          0  0.000e+00
  1025.5314     64.937     65.479    31.7279     3.5685          0          0  0.000e+00
  1025.5294     64.899     65.440    31.7259     3.5710          0          0  0.000e+00
  1025.5255     64.868     65.409    31.7214     3.5727          0          0  0.000e+00
  1025.5246     64.850     65.391    31.7204     3.5724          0          0  0.000e+00
  1025.5224     64.847     65.388    31.7175     3.5712          0          0  0.000e+00
  1025.5218     64.860     65.402    31.7163     3.5687          0          0  0.000e+00
  1025.5234     64.882     65.423    31.7178     3.5653          0          0  0.000e+00
  1025.5253     64.908     65.450    31.7197     3.5625          0          0  0.000e+00
  1025.5265     64.935     65.476    31.7208     3.5600          0          0  0.000e+00
  1025.5281     64.957     65.499    31.7224     3.5583          0          0  0.000e+00
  1025.5290     64.975     65.517    31.7234     3.5575          0          0  0.000e+00
  1025.5306     64.984     65.527    31.7253     3.5576          0          0  0.000e+00
  1025.5320     64.984     65.527    31.7272     3.5580          0          0  0.000e+00
  1025.5319     64.979     65.521    31.7272     3.5592          0          0  0.000e+00
  1025.5292     64.970     65.512    31.7240     3.5608          0          0  0.000e+00
  1025.5314     64.955     65.497    31.7269     3.5611          0          0  0.000e+00
  1025.5323     64.935     65.476    31.7284     3.5623          0          0  0.000e+00
  1025.5295     64.906     65.448    31.7252     3.5642          0          0  0.000e+00
  1025.5290     64.870     65.411    31.7248     3.5651          0          0  0.000e+00
  1025.5280     64.828     65.368    31.7240     3.5658          0          0  0.000e+00
  1025.5281     64.784     65.325    31.7244     3.5661          0          0  0.000e+00
  1025.5302     64.744     65.284    31.7274     3.5667          0          0  0.000e+00
  1025.5277     64.722     65.262    31.7246     3.5683          0          0  0.000e+00
  1025.5254     64.720     65.260    31.7217     3.5694          0          0  0.000e+00
  1025.5215     64.750     65.290    31.7167     3.5692          0          0  0.000e+00
  1025.5184     64.807     65.348    31.7121     3.5664          0          0  0.000e+00
  1025.5214     64.891     65.433    31.7148     3.5616          0          0  0.000e+00
  1025.5244     64.997     65.540    31.7175     3.5572          0          0  0.000e+00
  1025.5272     65.112     65.655    31.7199     3.5539          0          0  0.000e+00
  1025.5296     65.225     65.769    31.7219     3.5515          0          0  0.000e+00
  1025.5316     65.331     65.876    31.7236     3.5497          0          0  0.000e+00
  1025.5335     65.416     65.962    31.7254     3.5481          0          0  0.000e+00
  1025.5346     65.475     66.022    31.7262     3.5470          0          0  0.000e+00
  1025.5360     65.509     66.056    31.7277     3.5466          0          0  0.000e+00
  1025.5398     65.507     66.054    31.7326     3.5467          0          0  0.000e+00
  1025.5421     65.469     66.015    31.7359     3.5490          0          0  0.000e+00
  1025.5429     65.403     65.949    31.7379     3.5534          0          0  0.000e+00
  1025.5412     65.307     65.852    31.7370     3.5594          0          0  0.000e+00
  1025.5334     65.197     65.741    31.7284     3.5649          0          0  0.000e+00
  1025.5297     65.076     65.619    31.7248     3.5673          0          0  0.000e+00
  1025.5283     64.955     65.497    31.7238     3.5677          0          0  0.000e+00
  1025.5272     64.845     65.386    31.7231     3.5678          0          0  0.000e+00
  1025.5252     64.748     65.288    31.7211     3.5674          0          0  0.000e+00
  1025.5250     64.673     65.212    31.7211     3.5663          0          0  0.000e+00
  1025.5254     64.627     65.166    31.7219     3.5653          0          0  0.000e+00
  1025.5215     64.605     65.144    31.7170     3.5645          0          0  0.000e+00
  1025.5222     64.609     65.148    31.7175     3.5619          0          0  0.000e+00
  1025.5238     64.637     65.176    31.7191     3.5593          0          0  0.000e+00
  1025.5239     64.685     65.225    31.7187     3.5575          0          0  0.000e+00
  1025.5260     64.748     65.288    31.7208     3.5557          0          0  0.000e+00
  1025.5271     64.823     65.364    31.7216     3.5553          0          0  0.000e+00
  1025.5256     64.912     65.454    31.7193     3.5554          0          0  0.000e+00
  1025.5265     65.007     65.549    31.7197     3.5547          0          0  0.000e+00
  1025.5277     65.105     65.649    31.7205     3.5538          0          0  0.000e+00
  1025.5280     65.207     65.751    31.7203     3.5532          0          0  0.000e+00
  1025.5284     65.308     65.853    31.7202     3.5526          0          0  0.000e+00
  1025.5293     65.406     65.952    31.7205     3.5516          0          0  0.000e+00
  1025.5307     65.491     66.038    31.7216     3.5504          0          0  0.000e+00
  1025.5320     65.559     66.106    31.7228     3.5494          0          0  0.000e+00
  1025.5336     65.602     66.149    31.7244     3.5486          0          0  0.000e+00
  1025.5350     65.615     66.163    31.7261     3.5487          0          0  0.000e+00
  1025.5386     65.596     66.144    31.7309     3.5498          0          0  0.000e+00
