data/eDNA/PER-2021-171/171b008.cnv
* Sea-Bird SBE19plus  Data File:
* FileName = C:\Users\RSG_field\Ryan_2021_Perley\CTD\171b008.hex
* Software version 2.3.0 SB_Terminal.dll
* Temperature SN = 7141
* Conductivity SN = 7141
* System UpLoad Time = Aug 11 2021 11:02:49
* <ApplicationData>
* <SeatermAF>
** Platform: M. Perley
** Cruise: Per2021171
** Station:  ESI_16
** Cast: 01 2
** Latitude: N  44 30.177
** Longitude: W 62 50.614
** Sounding: 116
** Chief Scientist: Ryan Stanley
** Comment: Calm seas
** 80m water chemistry and the eDNA
# nquan = 8
# nvalues = 3528                                  
# units = specified
# name 0 = density00: Density [density, kg/m^3]
# name 1 = depSM: Depth [salt water, m], lat = 45.00
# name 2 = prdM: Pressure, Strain Gauge [db]
# name 3 = sal00: Salinity, Practical [PSU]
# name 4 = tv290C: Temperature [ITS-90, deg C]
# name 5 = bpos: Bottle Position in Carousel
# name 6 = nbf: Bottles Fired
# name 7 = flag:  0.000e+00
# span 0 =   998.7148,  1026.7049                 
# span 1 =     -0.029,    111.730                 
# span 2 =     -0.030,    112.675                 
# span 3 =     0.0078,    33.1698                 
# span 4 =     3.3398,    18.7234                 
# span 5 =          0,          3                 
# span 6 =          0,          3                 
# span 7 = 0.0000e+00, 0.0000e+00                 
# interval = seconds: 0.25
# start_time = Aug 11 2021 13:44:43 [Instrument's time stamp, header]
# bad_flag = -9.990e-29
*END*
[from data line 3236]
  1024.0451     17.019     17.159    31.1500     9.8784          2          2  0.000e+00
  1024.0913     16.856     16.995    31.2074     9.8657          2          2  0.000e+00
  1024.1385     16.663     16.800    31.2716     9.8780          2          2  0.000e+00
  1024.1801     16.445     16.580    31.3358     9.9235          2          2  0.000e+00
  1024.1833     16.211     16.345    31.3579    10.0026          2          2  0.000e+00
  1024.1669     15.970     16.101    31.3593    10.1028          2          2  0.000e+00
  1024.1654     15.735     15.865    31.3809    10.2074          2          2  0.000e+00
  1024.1240     15.505     15.633    31.3537    10.3218          2          2  0.000e+00
  1024.0975     15.297     15.422    31.3433    10.4261          2          2  0.000e+00
  1024.1034     15.110     15.234    31.3736    10.5264          2          2  0.000e+00
  1024.0572     14.950     15.073    31.3401    10.6402          2          2  0.000e+00
  1024.0506     14.816     14.938    31.3552    10.7441          2          2  0.000e+00
  1024.1235     14.713     14.833    31.4739    10.8547          2          2  0.000e+00
  1024.2033     14.632     14.752    31.6161    11.0296          2          2  0.000e+00
  1024.1625     14.570     14.690    31.6194    11.2742          2          2  0.000e+00
  1024.0095     14.525     14.644    31.4827    11.5350          2          2  0.000e+00
  1024.3262     14.488     14.607    31.9459    11.7705          2          2  0.000e+00
  1024.4194     14.456     14.575    32.1639    12.1789          2          2  0.000e+00
  1024.1469     14.424     14.543    31.9420    12.7081          2          2  0.000e+00
  1023.7998     14.385     14.503    31.6040    13.1473          2          2  0.000e+00
  1023.5514     14.329     14.447    31.3493    13.4073          2          2  0.000e+00
  1023.3226     14.259     14.376    31.0843    13.5266          2          2  0.000e+00
  1023.2895     14.163     14.280    31.0343    13.4969          2          2  0.000e+00
  1023.4529     14.043     14.158    31.2287    13.4277          2          2  0.000e+00
  1023.4605     13.898     14.013    31.2413    13.4351          2          2  0.000e+00
  1023.5927     13.732     13.845    31.4247    13.4791          2          2  0.000e+00
  1023.6369     13.545     13.657    31.5140    13.5989          2          2  0.000e+00
  1023.7185     13.347     13.457    31.6671    13.7763          2          2  0.000e+00
  1023.7239     13.146     13.254    31.7407    14.0247          2          2  0.000e+00
  1023.5498     12.947     13.053    31.5955    14.3216          2          2  0.000e+00
  1023.4410     12.755     12.859    31.5191    14.5567          2          2  0.000e+00
  1023.3360     12.578     12.681    31.4338    14.7403          2          2  0.000e+00
  1023.2722     12.422     12.524    31.3895    14.8771          2          2  0.000e+00
  1023.2360     12.283     12.384    31.3712    14.9780          2          2  0.000e+00
  1023.2185     12.167     12.267    31.3746    15.0699          2          2  0.000e+00
  1023.1847     12.073     12.172    31.3570    15.1623          2          2  0.000e+00
  1023.1931     11.988     12.087    31.3921    15.2467          2          2  0.000e+00
  1023.1588     11.919     12.017    31.3747    15.3424          2          2  0.000e+00
  1023.1282     11.856     11.953    31.3610    15.4334          2          2  0.000e+00
  1023.0621     11.794     11.891    31.2982    15.5140          2          2  0.000e+00
  1023.0618     11.730     11.826    31.3143    15.5707          2          2  0.000e+00
  1022.9916     11.656     11.752    31.2387    15.6245          2          2  0.000e+00
  1022.9675     11.577     11.672    31.2132    15.6437          2          2  0.000e+00
  1023.0023     11.488     11.582    31.2588    15.6427          2          2  0.000e+00
  1023.1198     11.388     11.482    31.4206    15.6718          2          2  0.000e+00
  1023.0633     11.282     11.375    31.3787    15.7798          2          2  0.000e+00
  1022.9546     11.181     11.272    31.2662    15.8788          2          2  0.000e+00
  1023.0017     11.075     11.165    31.3424    15.9283          2          2  0.000e+00
  1023.0135     10.973     11.063    31.3785    15.9980          2          2  0.000e+00
  1023.0107     10.873     10.962    31.4045    16.0979          2          2  0.000e+00
  1022.9511     10.777     10.865    31.3632    16.2202          2          2  0.000e+00
  1022.9114     10.676     10.764    31.3414    16.3203          2          2  0.000e+00
  1022.9089     10.567     10.654    31.3670    16.4160          2          2  0.000e+00
  1022.9179     10.446     10.532    31.4108    16.5225          2          2  0.000e+00
  1022.8648     10.306     10.391    31.3814    16.6535          2          2  0.000e+00
  1022.7613     10.149     10.232    31.2840    16.7764          2          2  0.000e+00
  1022.7290      9.974     10.056    31.2642    16.8475          2          2  0.000e+00
  1022.6945      9.781      9.862    31.2351    16.8963          2          2  0.000e+00
  1022.6991      9.580      9.659    31.2539    16.9353          2          2  0.000e+00
  1022.6911      9.372      9.449    31.2582    16.9801          2          2  0.000e+00
  1022.6711      9.170      9.245    31.2471    17.0258          2          2  0.000e+00
  1022.6633      8.975      9.048    31.2509    17.0678          2          2  0.000e+00
  1022.6392      8.796      8.868    31.2333    17.1103          2          2  0.000e+00
  1022.6296      8.634      8.705    31.2318    17.1435          2          2  0.000e+00
  1022.6224      8.501      8.571    31.2326    17.1746          2          2  0.000e+00
  1022.6183      8.392      8.461    31.2368    17.2039          2          2  0.000e+00
  1022.6336      8.315      8.384    31.2676    17.2375          2          2  0.000e+00
  1022.5898      8.270      8.338    31.2251    17.2854          2          2  0.000e+00
  1022.5761      8.241      8.309    31.2172    17.3175          2          2  0.000e+00
  1022.5859      8.229      8.297    31.2392    17.3470          2          2  0.000e+00
  1022.5630      8.226      8.294    31.2281    17.4086          2          2  0.000e+00
  1022.4982      8.227      8.295    31.1691    17.4917          2          2  0.000e+00
  1022.4523      8.219      8.286    31.1271    17.5498          2          2  0.000e+00
  1022.4333      8.193      8.261    31.1129    17.5840          2          2  0.000e+00
  1022.3858      8.148      8.215    31.0595    17.6109          2          2  0.000e+00
  1022.3870      8.072      8.138    31.0614    17.6108          2          2  0.000e+00
  1022.3808      7.961      8.027    31.0485    17.5932          2          2  0.000e+00
  1022.3997      7.815      7.879    31.0653    17.5644          2          2  0.000e+00
  1022.4335      7.646      7.709    31.1037    17.5427          2          2  0.000e+00
  1022.4612      7.462      7.523    31.1439    17.5523          2          2  0.000e+00
  1022.4541      7.259      7.318    31.1487    17.5943          2          2  0.000e+00
  1022.4398      7.058      7.116    31.1493    17.6528          2          2  0.000e+00
  1022.4070      6.855      6.911    31.1289    17.7210          2          2  0.000e+00
  1022.3665      6.658      6.712    31.0984    17.7894          2          2  0.000e+00
  1022.3256      6.466      6.519    31.0638    17.8463          2          2  0.000e+00
  1022.2976      6.285      6.337    31.0412    17.8878          2          2  0.000e+00
  1022.2769      6.112      6.162    31.0238    17.9157          2          2  0.000e+00
  1022.2650      5.953      6.001    31.0150    17.9343          2          2  0.000e+00
  1022.2636      5.811      5.858    31.0181    17.9474          2          2  0.000e+00
  1022.2560      5.684      5.731    31.0138    17.9631          2          2  0.000e+00
  1022.2519      5.582      5.627    31.0150    17.9821          2          2  0.000e+00
  1022.2366      5.494      5.539    31.0029    18.0054          2          2  0.000e+00
  1022.2268      5.424      5.468    30.9966    18.0251          2          2  0.000e+00
  1022.2208      5.378      5.422    30.9945    18.0428          2          2  0.000e+00
  1022.2023      5.349      5.393    30.9789    18.0693          2          2  0.000e+00
  1022.1797      5.333      5.376    30.9582    18.0972          2          2  0.000e+00
  1022.1637      5.320      5.363    30.9443    18.1193          2          2  0.000e+00
  1022.1469      5.292      5.336    30.9278    18.1359          2          2  0.000e+00
  1022.1343      5.250      5.293    30.9148    18.1465          2          2  0.000e+00
  1022.1197      5.193      5.235    30.8984    18.1541          2          2  0.000e+00
  1022.1197      5.109      5.151    30.8991    18.1545          2          2  0.000e+00
  1022.1230      5.007      5.048    30.9002    18.1426          2          2  0.000e+00
  1022.1321      4.884      4.924    30.9067    18.1230          2          2  0.000e+00
  1022.1292      4.739      4.778    30.8975    18.1033          2          2  0.000e+00
  1022.1410      4.580      4.617    30.9083    18.0857          2          2  0.000e+00
  1022.1459      4.415      4.451    30.9132    18.0778          2          2  0.000e+00
  1022.1480      4.241      4.275    30.9173    18.0788          2          2  0.000e+00
  1022.1401      4.064      4.097    30.9119    18.0911          2          2  0.000e+00
  1022.1364      3.879      3.911    30.9155    18.1147          2          2  0.000e+00
  1022.1146      3.693      3.723    30.8992    18.1500          2          2  0.000e+00
  1022.0999      3.502      3.531    30.8928    18.1872          2          2  0.000e+00
  1022.0797      3.312      3.339    30.8790    18.2232          2          2  0.000e+00
  1022.0550      3.127      3.152    30.8571    18.2533          2          2  0.000e+00
  1022.0390      2.951      2.975    30.8429    18.2713          2          2  0.000e+00
  1022.0385      2.799      2.822    30.8466    18.2821          3          3  0.000e+00
  1022.0356      2.669      2.691    30.8476    18.2947          3          3  0.000e+00
  1022.0386      2.566      2.587    30.8570    18.3099          3          3  0.000e+00
  1022.0294      2.489      2.509    30.8524    18.3321          3          3  0.000e+00
  1022.0228      2.442      2.462    30.8513    18.3552          3          3  0.000e+00
  1022.0164      2.421      2.441    30.8506    18.3786          3          3  0.000e+00
  1021.9996      2.409      2.429    30.8365    18.4035          3          3  0.000e+00
  1021.9974      2.403      2.422    30.8401    18.4234          3          3  0.000e+00
  1021.9854      2.394      2.414    30.8302    18.4418          3          3  0.000e+00
  1021.9805      2.372      2.391    30.8293    18.4586          3          3  0.000e+00
  1021.9674      2.329      2.348    30.8171    18.4733          3          3  0.000e+00
  1021.9529      2.262      2.280    30.8011    18.4812          3          3  0.000e+00
  1021.9520      2.165      2.183    30.8000    18.4799          3          3  0.000e+00
  1021.9445      2.044      2.061    30.7895    18.4754          3          3  0.000e+00
  1021.9394      1.901      1.917    30.7805    18.4654          3          3  0.000e+00
  1021.9453      1.735      1.749    30.7839    18.4491          3          3  0.000e+00
  1021.9607      1.548      1.561    30.7999    18.4327          3          3  0.000e+00
  1021.9699      1.352      1.363    30.8106    18.4247          3          3  0.000e+00
  1021.9783      1.139      1.149    30.8227    18.4242          3          3  0.000e+00
  1021.9723      0.930      0.938    30.8176    18.4295          3          3  0.000e+00
  1021.9881      0.732      0.738    30.8413    18.4351          3          3  0.000e+00
  1021.9811      0.553      0.558    30.8390    18.4534          3          3  0.000e+00
  1021.9650      0.381      0.384    30.8249    18.4720          3          3  0.000e+00
  1021.9717      0.218      0.220    30.8384    18.4839          3          3  0.000e+00
  1021.9502      0.071      0.071    30.8161    18.4993          3          3  0.000e+00
  1021.9267     -0.005     -0.005    30.7888    18.5091          3          3  0.000e+00
  1021.8959     -0.002     -0.002    30.7495    18.5123          3          3  0.000e+00
  1021.8990     -0.003     -0.003    30.7527    18.5098          3          3  0.000e+00
  1021.9191     -0.002     -0.002    30.7707    18.4833          3          3  0.000e+00
  1021.9330     -0.001     -0.001    30.7773    18.4471          3          3  0.000e+00
  1021.8927     -0.002     -0.002    30.7165    18.4220          3          3  0.000e+00
  1021.8987     -0.003     -0.003    30.7131    18.3867          3          3  0.000e+00
  1021.9405     -0.004     -0.005    30.7485    18.3259          3          3  0.000e+00
  1021.9704     -0.003     -0.003    30.7712    18.2740          3          3  0.000e+00
  1021.9856     -0.002     -0.002    30.7802    18.2394          3          3  0.000e+00
  1021.9952     -0.003     -0.003    30.7838    18.2109          3          3  0.000e+00
  1022.0026     -0.001     -0.001    30.7853    18.1851          3          3  0.000e+00
  1022.0105     -0.003     -0.003    30.7878    18.1602          3          3  0.000e+00
  1022.0069     -0.006     -0.006    30.7755    18.1363          3          3  0.000e+00
  1004.5783     -0.004     -0.005     7.8710    18.1120          3          3  0.000e+00
  1003.4381     -0.004     -0.005     6.3644    18.0847          3          3  0.000e+00
  1003.1343     -0.006     -0.006     5.9605    18.0668          3          3  0.000e+00
  1002.2406     -0.003     -0.003     4.7837    18.0571          3          3  0.000e+00
  1001.8313     -0.003     -0.003     4.2434    18.0455          3          3  0.000e+00
  1001.7870     -0.004     -0.005     4.1812    18.0299          3          3  0.000e+00
  1001.5446     -0.006     -0.006     3.8586    18.0119          3          3  0.000e+00
  1001.4582     -0.006     -0.006     3.7402    17.9922          3          3  0.000e+00
  1001.5671     -0.006     -0.006     3.8779    17.9716          3          3  0.000e+00
  1001.4698     -0.004     -0.004     3.7449    17.9501          3          3  0.000e+00
  1001.1272     -0.006     -0.006     3.2898    17.9275          3          3  0.000e+00
  1000.7772     -0.003     -0.003     2.8250    17.9033          3          3  0.000e+00
  1000.5607     -0.006     -0.006     2.5350    17.8775          3          3  0.000e+00
  1000.4957     -0.004     -0.004     2.4434    17.8510          3          3  0.000e+00
  1000.4514     -0.003     -0.003     2.3790    17.8250          3          3  0.000e+00
  1000.3513     -0.002     -0.002     2.2417    17.7996          3          3  0.000e+00
  1000.1549     -0.002     -0.002     1.9786    17.7749          3          3  0.000e+00
   999.8829     -0.003     -0.003     1.6169    17.7502          3          3  0.000e+00
   999.5849     -0.003     -0.003     1.2216    17.7249          3          3  0.000e+00
   999.6260     -0.004     -0.004     1.2690    17.6992          3          3  0.000e+00
   999.8498     -0.003     -0.003     1.5552    17.6738          3          3  0.000e+00
   999.6600     -0.002     -0.002     1.3014    17.6495          3          3  0.000e+00
   999.3030     -0.005     -0.006     0.8300    17.6261          3          3  0.000e+00
   999.0745     -0.004     -0.004     0.5268    17.6034          3          3  0.000e+00
   998.8436     -0.005     -0.006     0.2208    17.5797          3          3  0.000e+00
   998.8744     -0.004     -0.004     0.2554    17.5562          3          3  0.000e+00
