data/eDNA/PER-2021-171/171b013.cnv
* Sea-Bird SBE19plus  Data File:
* FileName = C:\Users\RSG_field\Ryan_2021_Perley\CTD\171b013.hex
* Software version 2.3.0 SB_Terminal.dll
* Temperature SN = 7141
* Conductivity SN = 7141
* System UpLoad Time = Aug 12 2021 11:02:57
* <ApplicationData>
* <SeatermAF>
** Platform: M. Perley
** Cruise: Per2021171
** Station:  ESI_11
** Cast: 01 2
** Latitude: N  44 38.547
** Longitude: W 62 38.417
** Sounding: 70.5
** Chief Scientist: Ryan Stanley
** Comment: 171b013
# nquan = 8
# nvalues = 2891                                  
# units = specified
# name 0 = density00: Density [density, kg/m^3]
# name 1 = depSM: Depth [salt water, m], lat = 45.00
# name 2 = prdM: Pressure, Strain Gauge [db]
# name 3 = sal00: Salinity, Practical [PSU]
# name 4 = tv290C: Temperature [ITS-90, deg C]
# name 5 = bpos: Bottle Position in Carousel
# name 6 = nbf: Bottles Fired
# name 7 = flag:  0.000e+00
# span 0 =   998.6747,  1025.9238                 
# span 1 =     -0.067,     75.631                 
# span 2 =     -0.068,     76.264                 
# span 3 =     0.0086,    32.1516                 
# span 4 =     3.4754,    18.3998                 
# span 5 =          0,          2                 
# span 6 =          0,          2                 
# span 7 = 0.0000e+00, 0.0000e+00                 
# interval = seconds: 0.25
# start_time = Aug 12 2021 13:47:05 [Instrument's time stamp, header]
# bad_flag = -9.990e-29
*END*
   998.7779     -0.062     -0.062     0.0087    17.0267          0          0  0.000e+00
   998.7779     -0.062     -0.062     0.0087    17.0270          0          0  0.000e+00
   998.7778     -0.063     -0.063     0.0087    17.0275          0          0  0.000e+00
   998.7777     -0.064     -0.064     0.0087    17.0280          0          0  0.000e+00
   998.7777     -0.063     -0.063     0.0087    17.0284          0          0  0.000e+00
   998.7775     -0.063     -0.063     0.0087    17.0291          0          0  0.000e+00
   998.7775     -0.065     -0.065     0.0087    17.0295          0          0  0.000e+00
   998.7774     -0.063     -0.063     0.0087    17.0301          0          0  0.000e+00
   998.7773     -0.063     -0.063     0.0087    17.0306          0          0  0.000e+00
   998.7772     -0.063     -0.063     0.0087    17.0311          0          0  0.000e+00
   998.7771     -0.064     -0.064     0.0087    17.0315          0          0  0.000e+00
   998.7770     -0.064     -0.064     0.0087    17.0323          0          0  0.000e+00
   998.7769     -0.064     -0.064     0.0087    17.0325          0          0  0.000e+00
   998.7768     -0.064     -0.064     0.0087    17.0331          0          0  0.000e+00
   998.7767     -0.065     -0.065     0.0087    17.0336          0          0  0.000e+00
   998.7767     -0.065     -0.065     0.0087    17.0341          0          0  0.000e+00
   998.7766     -0.064     -0.064     0.0087    17.0346          0          0  0.000e+00
   998.7765     -0.064     -0.064     0.0087    17.0350          0          0  0.000e+00
   998.7764     -0.064     -0.064     0.0087    17.0356          0          0  0.000e+00
   998.7763     -0.064     -0.064     0.0087    17.0361          0          0  0.000e+00
   998.7762     -0.065     -0.065     0.0087    17.0366          0          0  0.000e+00
   998.7761     -0.064     -0.064     0.0087    17.0372          0          0  0.000e+00
   998.7761     -0.066     -0.066     0.0087    17.0375          0          0  0.000e+00
   998.7760     -0.064     -0.064     0.0087    17.0381          0          0  0.000e+00
   998.7759     -0.064     -0.064     0.0087    17.0386          0          0  0.000e+00
   998.7758     -0.064     -0.064     0.0087    17.0391          0          0  0.000e+00
   998.7757     -0.065     -0.065     0.0087    17.0395          0          0  0.000e+00
   998.7756     -0.063     -0.063     0.0087    17.0401          0          0  0.000e+00
   998.7756     -0.064     -0.064     0.0087    17.0405          0          0  0.000e+00
   998.7754     -0.065     -0.065     0.0087    17.0411          0          0  0.000e+00
   998.7754     -0.064     -0.064     0.0087    17.0415          0          0  0.000e+00
   998.7753     -0.065     -0.065     0.0087    17.0421          0          0  0.000e+00
   998.7752     -0.065     -0.065     0.0087    17.0425          0          0  0.000e+00
   998.7751     -0.065     -0.065     0.0087    17.0431          0          0  0.000e+00
   998.7750     -0.066     -0.066     0.0087    17.0436          0          0  0.000e+00
   998.7749     -0.064     -0.064     0.0087    17.0440          0          0  0.000e+00
   998.7749     -0.066     -0.066     0.0087    17.0444          0          0  0.000e+00
   998.7748     -0.065     -0.065     0.0087    17.0449          0          0  0.000e+00
   998.7747     -0.067     -0.068     0.0087    17.0453          0          0  0.000e+00
   998.7746     -0.064     -0.064     0.0087    17.0458          0          0  0.000e+00
   998.7745     -0.065     -0.065     0.0087    17.0463          0          0  0.000e+00
   998.7745     -0.064     -0.064     0.0087    17.0467          0          0  0.000e+00
   998.7744     -0.066     -0.067     0.0087    17.0473          0          0  0.000e+00
   998.7743     -0.064     -0.064     0.0087    17.0477          0          0  0.000e+00
   998.7742     -0.065     -0.065     0.0087    17.0482          0          0  0.000e+00
   998.7741     -0.065     -0.065     0.0087    17.0488          0          0  0.000e+00
   998.7741     -0.063     -0.063     0.0087    17.0492          0          0  0.000e+00
   998.7739     -0.065     -0.065     0.0087    17.0498          0          0  0.000e+00
   998.7739     -0.065     -0.065     0.0087    17.0502          0          0  0.000e+00
   998.7738     -0.063     -0.063     0.0087    17.0507          0          0  0.000e+00
   998.7737     -0.065     -0.065     0.0087    17.0511          0          0  0.000e+00
   998.7736     -0.066     -0.067     0.0087    17.0516          0          0  0.000e+00
   998.7735     -0.065     -0.065     0.0087    17.0521          0          0  0.000e+00
   998.7734     -0.065     -0.065     0.0087    17.0526          0          0  0.000e+00
   998.7733     -0.065     -0.065     0.0087    17.0533          0          0  0.000e+00
   998.7732     -0.066     -0.067     0.0087    17.0536          0          0  0.000e+00
   998.7732     -0.065     -0.065     0.0087    17.0541          0          0  0.000e+00
   998.7731     -0.067     -0.068     0.0087    17.0544          0          0  0.000e+00
   998.9075     -0.064     -0.064     0.1829    17.0547          0          0  0.000e+00
   999.8176     -0.064     -0.064     1.3675    17.0548          0          0  0.000e+00
   999.4880     -0.065     -0.065     0.9378    17.0544          0          0  0.000e+00
   999.3908     -0.066     -0.067     0.8109    17.0530          0          0  0.000e+00
   998.7719     -0.064     -0.064     0.0087    17.0615          0          0  0.000e+00
   998.7670     -0.066     -0.067     0.0089    17.0902          0          0  0.000e+00
   998.7620     -0.066     -0.067     0.0088    17.1187          0          0  0.000e+00
   998.7585     -0.066     -0.067     0.0087    17.1378          0          0  0.000e+00
   998.7566     -0.065     -0.065     0.0087    17.1488          0          0  0.000e+00
   998.7555     -0.066     -0.067     0.0087    17.1553          0          0  0.000e+00
   998.7547     -0.066     -0.067     0.0087    17.1600          0          0  0.000e+00
   998.7541     -0.064     -0.064     0.0088    17.1635          0          0  0.000e+00
   998.7535     -0.064     -0.064     0.0088    17.1666          0          0  0.000e+00
   998.7531     -0.063     -0.063     0.0088    17.1690          0          0  0.000e+00
   998.7526     -0.065     -0.065     0.0088    17.1717          0          0  0.000e+00
   998.7522     -0.064     -0.064     0.0088    17.1742          0          0  0.000e+00
   998.7518     -0.064     -0.064     0.0088    17.1764          0          0  0.000e+00
   998.7515     -0.062     -0.062     0.0087    17.1783          0          0  0.000e+00
   998.9055     -0.065     -0.066     0.2088    17.1798          0          0  0.000e+00
   999.0015     -0.065     -0.066     0.3338    17.1808          0          0  0.000e+00
   998.8261     -0.064     -0.064     0.1059    17.1803          0          0  0.000e+00
   998.7515     -0.065     -0.066     0.0088    17.1783          0          0  0.000e+00
   998.7519     -0.065     -0.066     0.0087    17.1760          0          0  0.000e+00
   998.7523     -0.065     -0.066     0.0087    17.1734          0          0  0.000e+00
   998.7527     -0.063     -0.063     0.0088    17.1715          0          0  0.000e+00
   998.7530     -0.066     -0.067     0.0088    17.1694          0          0  0.000e+00
  1013.6979      0.076      0.077    19.6014    17.1768          0          0  0.000e+00
  1022.3407      0.273      0.275    30.9918    17.4336          0          0  0.000e+00
  1022.1769      0.525      0.530    30.8949    17.8172          0          0  0.000e+00
  1022.0078      0.754      0.761    30.7535    18.0770          0          0  0.000e+00
  1021.8920      0.968      0.976    30.6459    18.2204          0          0  0.000e+00
  1021.8327      1.160      1.170    30.5903    18.2936          0          0  0.000e+00
  1021.8010      1.341      1.352    30.5598    18.3313          0          0  0.000e+00
  1021.7819      1.513      1.526    30.5397    18.3500          0          0  0.000e+00
  1021.7708      1.675      1.689    30.5272    18.3593          0          0  0.000e+00
  1021.7607      1.849      1.864    30.5143    18.3635          0          0  0.000e+00
  1021.7559      2.030      2.046    30.5074    18.3649          0          0  0.000e+00
  1021.7672      2.240      2.259    30.5208    18.3645          0          0  0.000e+00
  1021.7798      2.510      2.530    30.5354    18.3633          0          0  0.000e+00
  1021.7871      2.830      2.853    30.5432    18.3636          0          0  0.000e+00
  1021.7903      3.186      3.212    30.5461    18.3662          0          0  0.000e+00
  1021.7810      3.481      3.509    30.5331    18.3689          0          0  0.000e+00
  1021.7834      3.593      3.622    30.5343    18.3649          0          0  0.000e+00
  1021.7956      3.586      3.615    30.5446    18.3469          0          0  0.000e+00
  1021.8033      3.554      3.583    30.5503    18.3327          0          0  0.000e+00
  1021.7980      3.499      3.527    30.5411    18.3245          0          0  0.000e+00
  1021.7951      3.437      3.465    30.5360    18.3193          0          0  0.000e+00
  1021.8016      3.375      3.402    30.5444    18.3175          0          0  0.000e+00
  1021.8018      3.297      3.324    30.5468    18.3233          0          0  0.000e+00
  1021.7956      3.204      3.230    30.5422    18.3325          0          0  0.000e+00
  1021.7885      3.099      3.124    30.5360    18.3403          0          0  0.000e+00
  1021.7847      2.995      3.020    30.5336    18.3465          0          0  0.000e+00
  1021.7631      2.902      2.926    30.5071    18.3502          0          0  0.000e+00
  1021.7559      2.823      2.847    30.4987    18.3520          0          0  0.000e+00
  1021.7559      2.767      2.790    30.4995    18.3534          0          0  0.000e+00
  1021.7654      2.741      2.763    30.5124    18.3546          0          0  0.000e+00
  1021.7651      2.748      2.771    30.5125    18.3564          0          0  0.000e+00
  1021.7693      2.798      2.821    30.5184    18.3582          0          0  0.000e+00
  1021.7747      2.882      2.905    30.5251    18.3591          0          0  0.000e+00
  1021.7797      2.994      3.019    30.5310    18.3589          0          0  0.000e+00
  1021.7797      3.136      3.162    30.5304    18.3597          0          0  0.000e+00
  1021.7775      3.289      3.316    30.5272    18.3615          0          0  0.000e+00
  1021.7693      3.438      3.466    30.5162    18.3631          0          0  0.000e+00
  1021.7532      3.555      3.584    30.4944    18.3633          0          0  0.000e+00
  1021.7667      3.640      3.669    30.5113    18.3625          0          0  0.000e+00
  1021.7788      3.695      3.725    30.5228    18.3496          0          0  0.000e+00
  1021.7875      3.716      3.746    30.5283    18.3315          0          0  0.000e+00
  1021.7843      3.718      3.748    30.5210    18.3215          0          0  0.000e+00
  1021.7833      3.702      3.732    30.5182    18.3168          0          0  0.000e+00
  1021.7881      3.678      3.708    30.5241    18.3152          0          0  0.000e+00
  1021.7914      3.653      3.683    30.5294    18.3175          0          0  0.000e+00
  1021.7892      3.630      3.660    30.5284    18.3234          0          0  0.000e+00
  1021.7837      3.605      3.634    30.5233    18.3297          0          0  0.000e+00
  1021.7755      3.572      3.601    30.5147    18.3354          0          0  0.000e+00
  1021.7644      3.518      3.546    30.5015    18.3386          0          0  0.000e+00
  1021.7558      3.439      3.467    30.4906    18.3381          0          0  0.000e+00
  1021.7504      3.334      3.362    30.4840    18.3380          0          0  0.000e+00
  1021.7505      3.212      3.239    30.4854    18.3396          0          0  0.000e+00
  1021.7586      3.081      3.106    30.4975    18.3420          0          0  0.000e+00
  1021.7692      2.952      2.976    30.5134    18.3463          0          0  0.000e+00
  1021.7757      2.836      2.859    30.5235    18.3486          0          0  0.000e+00
  1021.7815      2.760      2.782    30.5312    18.3478          0          0  0.000e+00
  1021.7872      2.739      2.761    30.5387    18.3478          0          0  0.000e+00
  1021.7910      2.783      2.806    30.5441    18.3499          0          0  0.000e+00
  1021.7910      2.900      2.923    30.5446    18.3534          0          0  0.000e+00
  1021.7881      3.059      3.084    30.5413    18.3578          0          0  0.000e+00
  1021.7732      3.226      3.253    30.5218    18.3610          0          0  0.000e+00
  1021.7676      3.375      3.402    30.5139    18.3620          0          0  0.000e+00
  1021.7779      3.475      3.504    30.5262    18.3600          0          0  0.000e+00
  1021.7879      3.536      3.565    30.5347    18.3467          0          0  0.000e+00
  1021.7968      3.548      3.577    30.5420    18.3334          0          0  0.000e+00
  1021.8000      3.514      3.543    30.5436    18.3241          0          0  0.000e+00
  1021.7924      3.441      3.470    30.5324    18.3191          0          0  0.000e+00
  1021.7928      3.360      3.387    30.5327    18.3169          0          0  0.000e+00
  1021.8011      3.301      3.328    30.5434    18.3153          0          0  0.000e+00
  1021.8106      3.295      3.322    30.5569    18.3188          0          0  0.000e+00
  1021.8066      3.348      3.375    30.5544    18.3283          0          0  0.000e+00
  1021.8025      3.446      3.474    30.5517    18.3381          0          0  0.000e+00
  1021.7913      3.559      3.588    30.5387    18.3458          0          0  0.000e+00
  1021.7760      3.664      3.694    30.5195    18.3503          0          0  0.000e+00
  1021.7789      3.738      3.769    30.5233    18.3516          0          0  0.000e+00
  1021.7815      3.765      3.795    30.5259    18.3495          0          0  0.000e+00
  1021.7895      3.740      3.771    30.5330    18.3382          0          0  0.000e+00
  1021.7967      3.668      3.698    30.5389    18.3259          0          0  0.000e+00
  1021.7971      3.548      3.577    30.5375    18.3178          0          0  0.000e+00
  1021.7905      3.385      3.413    30.5284    18.3133          0          0  0.000e+00
  1021.7967      3.196      3.223    30.5366    18.3101          0          0  0.000e+00
  1021.7977      3.009      3.033    30.5389    18.3100          0          0  0.000e+00
  1021.8058      2.852      2.875    30.5524    18.3160          0          0  0.000e+00
  1021.8056      2.757      2.779    30.5557    18.3255          0          0  0.000e+00
  1021.8058      2.719      2.742    30.5594    18.3355          0          0  0.000e+00
  1021.8046      2.752      2.775    30.5604    18.3445          0          0  0.000e+00
  1021.8023      2.847      2.870    30.5594    18.3525          0          0  0.000e+00
  1021.7986      2.974      2.998    30.5562    18.3601          0          0  0.000e+00
  1021.7958      3.108      3.134    30.5535    18.3655          0          0  0.000e+00
  1021.7928      3.238      3.264    30.5499    18.3687          0          0  0.000e+00
  1021.7892      3.349      3.377    30.5452    18.3710          0          0  0.000e+00
  1021.7827      3.437      3.465    30.5366    18.3721          0          0  0.000e+00
  1021.7705      3.492      3.521    30.5202    18.3721          0          0  0.000e+00
  1021.7723      3.516      3.544    30.5224    18.3719          0          0  0.000e+00
  1021.7736      3.520      3.549    30.5234    18.3698          0          0  0.000e+00
