data/eDNA/PER-2021-171/171b020.cnv
* Sea-Bird SBE19plus  Data File:
* FileName = C:\Users\RSG_field\Ryan_2021_Perley\CTD\171b020.hex
* Software version 2.3.0 SB_Terminal.dll
* Temperature SN = 7141
* Conductivity SN = 7141
* System UpLoad Time = Aug 17 2021 11:30:09
* <ApplicationData>
* <SeatermAF>
** Platform: M. Perley
** Cruise: Per2021171
** Station:  SAB_05
** Cast: 01 2
** Latitude: N  46 16.023
** Longitude: W 59 10.424
** Sounding: 113
** Chief Scientist: Ryan Stanley
** Comment: 171b020
# nquan = 8
# nvalues = 3383                                  
# units = specified
# name 0 = density00: Density [density, kg/m^3]
# name 1 = depSM: Depth [salt water, m], lat = 45.00
# name 2 = prdM: Pressure, Strain Gauge [db]
# name 3 = sal00: Salinity, Practical [PSU]
# name 4 = tv290C: Temperature [ITS-90, deg C]
# name 5 = bpos: Bottle Position in Carousel
# name 6 = nbf: Bottles Fired
# name 7 = flag:  0.000e+00
# span 0 =   998.6755,  1026.7879                 
# span 1 =     -0.043,    104.110                 
# span 2 =     -0.043,    104.989                 
# span 3 =     0.0078,    32.9726                 
# span 4 =     2.0475,    19.6269                 
# span 5 =          0,          5                 
# span 6 =          0,          5                 
# span 7 = 0.0000e+00, 0.0000e+00                 
# interval = seconds: 0.25
# start_time = Aug 17 2021 14:13:01 [Instrument's time stamp, header]
# bad_flag = -9.990e-29
*END*
[from data line 540]
  1020.4973      1.717      1.731    29.2519    19.5802          0          0  0.000e+00
  1020.4981      1.746      1.761    29.2529    19.5808          0          0  0.000e+00
  1020.4980      1.801      1.815    29.2530    19.5822          0          0  0.000e+00
  1020.4974      1.872      1.887    29.2522    19.5839          0          0  0.000e+00
  1020.4972      1.949      1.965    29.2519    19.5849          0          0  0.000e+00
  1020.4974      2.014      2.030    29.2521    19.5859          0          0  0.000e+00
  1020.4963      2.052      2.069    29.2509    19.5871          0          0  0.000e+00
  1020.4961      2.059      2.076    29.2507    19.5875          0          0  0.000e+00
  1020.4960      2.039      2.056    29.2506    19.5877          0          0  0.000e+00
  1020.4952      1.996      2.012    29.2498    19.5876          0          0  0.000e+00
  1020.4937      1.944      1.960    29.2481    19.5873          0          0  0.000e+00
  1020.4937      1.913      1.929    29.2478    19.5859          0          0  0.000e+00
  1020.4949      1.908      1.923    29.2489    19.5842          0          0  0.000e+00
  1020.4972      1.922      1.938    29.2515    19.5832          0          0  0.000e+00
  1020.4980      1.933      1.949    29.2526    19.5838          0          0  0.000e+00
  1020.4970      1.937      1.953    29.2516    19.5847          0          0  0.000e+00
  1020.4960      1.939      1.955    29.2506    19.5856          0          0  0.000e+00
  1020.4954      1.934      1.950    29.2498    19.5857          0          0  0.000e+00
  1020.4957      1.916      1.932    29.2503    19.5855          0          0  0.000e+00
  1020.4955      1.903      1.919    29.2500    19.5851          0          0  0.000e+00
  1020.4957      1.912      1.927    29.2502    19.5849          0          0  0.000e+00
  1020.4966      1.936      1.952    29.2511    19.5847          0          0  0.000e+00
  1020.4973      1.959      1.976    29.2519    19.5849          0          0  0.000e+00
  1020.4971      1.971      1.987    29.2519    19.5858          0          0  0.000e+00
  1020.4969      1.982      1.998    29.2518    19.5866          0          0  0.000e+00
  1020.4963      1.982      1.998    29.2514    19.5877          0          0  0.000e+00
  1020.4960      1.967      1.983    29.2513    19.5884          0          0  0.000e+00
  1020.4945      1.944      1.959    29.2496    19.5889          0          0  0.000e+00
  1020.4943      1.926      1.941    29.2494    19.5885          0          0  0.000e+00
  1020.4944      1.922      1.938    29.2492    19.5876          0          0  0.000e+00
  1020.4955      1.924      1.940    29.2504    19.5868          0          0  0.000e+00
  1020.4967      1.940      1.956    29.2518    19.5866          0          0  0.000e+00
  1020.4998      1.954      1.970    29.2560    19.5873          0          0  0.000e+00
  1020.5003      1.959      1.976    29.2580    19.5913          0          0  0.000e+00
  1020.4975      1.959      1.975    29.2563    19.5973          0          0  0.000e+00
  1020.4925      1.952      1.968    29.2515    19.6025          0          0  0.000e+00
  1020.4901      1.947      1.963    29.2490    19.6045          0          0  0.000e+00
  1020.4900      1.939      1.955    29.2490    19.6046          0          0  0.000e+00
  1020.4898      1.931      1.947    29.2487    19.6046          0          0  0.000e+00
  1020.4893      1.915      1.931    29.2482    19.6047          0          0  0.000e+00
  1020.4897      1.898      1.914    29.2489    19.6046          0          0  0.000e+00
  1020.4895      1.882      1.897    29.2488    19.6048          0          0  0.000e+00
  1020.4894      1.869      1.885    29.2486    19.6047          0          0  0.000e+00
  1020.4895      1.865      1.880    29.2488    19.6048          0          0  0.000e+00
  1020.4899      1.871      1.887    29.2493    19.6048          0          0  0.000e+00
  1020.4902      1.880      1.895    29.2496    19.6047          0          0  0.000e+00
  1020.4902      1.892      1.907    29.2495    19.6048          0          0  0.000e+00
  1020.4903      1.901      1.917    29.2496    19.6047          0          0  0.000e+00
  1020.4903      1.915      1.931    29.2495    19.6048          0          0  0.000e+00
  1020.4897      1.928      1.943    29.2487    19.6048          0          0  0.000e+00
  1020.4903      1.945      1.960    29.2493    19.6044          0          0  0.000e+00
  1020.4906      1.959      1.975    29.2495    19.6040          0          0  0.000e+00
  1020.4910      1.966      1.982    29.2498    19.6036          0          0  0.000e+00
  1020.4910      1.966      1.982    29.2498    19.6035          0          0  0.000e+00
  1020.4909      1.965      1.981    29.2497    19.6035          0          0  0.000e+00
  1020.4910      1.964      1.980    29.2497    19.6034          0          0  0.000e+00
  1020.4908      1.963      1.979    29.2495    19.6035          0          0  0.000e+00
  1020.4907      1.953      1.969    29.2494    19.6033          0          0  0.000e+00
  1020.4909      1.941      1.957    29.2496    19.6029          0          0  0.000e+00
  1020.4909      1.923      1.939    29.2496    19.6028          0          0  0.000e+00
  1020.4905      1.904      1.920    29.2491    19.6026          0          0  0.000e+00
  1020.4896      1.884      1.900    29.2479    19.6022          0          0  0.000e+00
  1020.4902      1.863      1.878    29.2485    19.6009          0          0  0.000e+00
  1020.4908      1.848      1.863    29.2490    19.6001          0          0  0.000e+00
  1020.4917      1.847      1.862    29.2501    19.5995          0          0  0.000e+00
  1020.4920      1.856      1.871    29.2504    19.5993          0          0  0.000e+00
  1020.4921      1.877      1.892    29.2504    19.5998          0          0  0.000e+00
  1020.4914      1.903      1.919    29.2496    19.6004          0          0  0.000e+00
  1020.4914      1.945      1.960    29.2495    19.6007          0          0  0.000e+00
  1020.4915      1.990      2.006    29.2495    19.6010          0          0  0.000e+00
  1020.4914      2.019      2.035    29.2492    19.6012          0          0  0.000e+00
  1020.4915      2.024      2.041    29.2493    19.6013          0          0  0.000e+00
  1020.4918      2.017      2.033    29.2497    19.6010          0          0  0.000e+00
  1020.4909      1.988      2.004    29.2487    19.6010          0          0  0.000e+00
  1020.4905      1.942      1.958    29.2483    19.6006          0          0  0.000e+00
  1020.4896      1.879      1.894    29.2472    19.5998          0          0  0.000e+00
  1020.4880      1.818      1.833    29.2449    19.5982          0          0  0.000e+00
  1020.4895      1.775      1.789    29.2463    19.5955          0          0  0.000e+00
  1020.4909      1.760      1.774    29.2474    19.5930          0          0  0.000e+00
  1020.4934      1.779      1.794    29.2500    19.5912          0          0  0.000e+00
  1020.4972      1.825      1.840    29.2546    19.5908          0          0  0.000e+00
  1020.4965      1.879      1.894    29.2542    19.5933          0          0  0.000e+00
  1020.4946      1.940      1.956    29.2522    19.5963          0          0  0.000e+00
  1020.4937      1.994      2.011    29.2513    19.5981          0          0  0.000e+00
  1020.4930      2.032      2.049    29.2506    19.5995          0          0  0.000e+00
  1020.4924      2.054      2.070    29.2500    19.6000          0          0  0.000e+00
  1020.4920      2.060      2.077    29.2495    19.6005          0          0  0.000e+00
  1020.4920      2.045      2.062    29.2495    19.6004          0          0  0.000e+00
  1020.4908      2.012      2.029    29.2482    19.6004          0          0  0.000e+00
  1020.4898      1.967      1.983    29.2470    19.5998          0          0  0.000e+00
  1020.4898      1.916      1.932    29.2467    19.5980          0          0  0.000e+00
  1020.4908      1.875      1.890    29.2477    19.5963          0          0  0.000e+00
  1020.4912      1.848      1.863    29.2479    19.5950          0          0  0.000e+00
  1020.4916      1.842      1.857    29.2480    19.5936          0          0  0.000e+00
  1020.4932      1.848      1.863    29.2497    19.5924          0          0  0.000e+00
  1020.4960      1.871      1.887    29.2532    19.5922          0          0  0.000e+00
  1020.4963      1.903      1.919    29.2539    19.5937          0          0  0.000e+00
  1020.4944      1.929      1.944    29.2521    19.5965          0          0  0.000e+00
  1020.4934      1.950      1.966    29.2513    19.5982          0          0  0.000e+00
  1020.4927      1.955      1.971    29.2507    19.5993          0          0  0.000e+00
  1020.4918      1.947      1.963    29.2498    19.6001          0          0  0.000e+00
  1020.4913      1.921      1.937    29.2493    19.6002          0          0  0.000e+00
  1020.4899      1.883      1.898    29.2476    19.6001          0          0  0.000e+00
  1020.4901      1.838      1.853    29.2478    19.5989          0          0  0.000e+00
  1020.4903      1.803      1.818    29.2478    19.5976          0          0  0.000e+00
  1020.4901      1.794      1.809    29.2472    19.5962          0          0  0.000e+00
  1020.4909      1.807      1.821    29.2476    19.5945          0          0  0.000e+00
  1020.4937      1.843      1.858    29.2506    19.5931          0          0  0.000e+00
  1020.4964      1.897      1.912    29.2539    19.5934          0          0  0.000e+00
  1020.4952      1.952      1.968    29.2528    19.5958          0          0  0.000e+00
  1020.4937      2.001      2.017    29.2511    19.5976          0          0  0.000e+00
  1020.4931      2.042      2.059    29.2504    19.5986          0          0  0.000e+00
  1020.4930      2.069      2.086    29.2503    19.5989          0          0  0.000e+00
  1020.4926      2.076      2.093    29.2498    19.5994          0          0  0.000e+00
  1020.4922      2.062      2.079    29.2495    19.5994          0          0  0.000e+00
  1020.4917      2.029      2.046    29.2489    19.5991          0          0  0.000e+00
  1020.4918      1.993      2.009    29.2489    19.5983          0          0  0.000e+00
  1020.4910      1.953      1.969    29.2479    19.5979          0          0  0.000e+00
  1020.4912      1.903      1.919    29.2481    19.5968          0          0  0.000e+00
  1020.4916      1.861      1.876    29.2485    19.5957          0          0  0.000e+00
  1020.4915      1.831      1.846    29.2482    19.5945          0          0  0.000e+00
  1020.4927      1.820      1.835    29.2495    19.5934          0          0  0.000e+00
  1020.4941      1.829      1.844    29.2511    19.5929          0          0  0.000e+00
  1020.4942      1.851      1.866    29.2513    19.5934          0          0  0.000e+00
  1020.4941      1.881      1.896    29.2513    19.5942          0          0  0.000e+00
  1020.4940      1.906      1.922    29.2513    19.5952          0          0  0.000e+00
  1020.4938      1.922      1.938    29.2513    19.5962          0          0  0.000e+00
  1020.4933      1.933      1.949    29.2508    19.5970          0          0  0.000e+00
  1020.4919      1.932      1.947    29.2494    19.5980          0          0  0.000e+00
  1020.4923      1.921      1.937    29.2498    19.5977          0          0  0.000e+00
  1020.4921      1.907      1.923    29.2496    19.5976          0          0  0.000e+00
  1020.4919      1.888      1.904    29.2495    19.5976          0          0  0.000e+00
  1020.4922      1.870      1.885    29.2499    19.5975          0          0  0.000e+00
  1020.4923      1.862      1.877    29.2501    19.5975          0          0  0.000e+00
  1020.4920      1.866      1.881    29.2496    19.5974          0          0  0.000e+00
  1020.4921      1.888      1.904    29.2497    19.5977          0          0  0.000e+00
  1020.4936      1.928      1.944    29.2515    19.5979          0          0  0.000e+00
  1020.4934      1.975      1.991    29.2513    19.5988          0          0  0.000e+00
  1020.4928      2.021      2.037    29.2507    19.6001          0          0  0.000e+00
  1020.4924      2.057      2.074    29.2501    19.6007          0          0  0.000e+00
  1020.4918      2.070      2.087    29.2495    19.6013          0          0  0.000e+00
  1020.4919      2.058      2.075    29.2498    19.6014          0          0  0.000e+00
  1020.4911      2.024      2.040    29.2489    19.6014          0          0  0.000e+00
  1020.4905      1.968      1.984    29.2483    19.6011          0          0  0.000e+00
  1020.4904      1.904      1.920    29.2483    19.6003          0          0  0.000e+00
  1020.4902      1.833      1.848    29.2482    19.5995          0          0  0.000e+00
  1020.4900      1.766      1.781    29.2480    19.5986          0          0  0.000e+00
  1020.4906      1.722      1.736    29.2488    19.5978          0          0  0.000e+00
  1020.4918      1.707      1.721    29.2502    19.5971          0          0  0.000e+00
  1020.4934      1.741      1.755    29.2522    19.5973          0          0  0.000e+00
  1020.4932      1.817      1.832    29.2520    19.5989          0          0  0.000e+00
  1020.4924      1.908      1.924    29.2510    19.6005          0          0  0.000e+00
  1020.4921      1.999      2.016    29.2504    19.6014          0          0  0.000e+00
  1020.4916      2.064      2.081    29.2495    19.6021          0          0  0.000e+00
  1020.4913      2.094      2.111    29.2490    19.6026          0          0  0.000e+00
  1020.4912      2.093      2.110    29.2490    19.6025          0          0  0.000e+00
  1020.4913      2.061      2.078    29.2492    19.6024          0          0  0.000e+00
  1020.4909      2.005      2.021    29.2491    19.6024          0          0  0.000e+00
  1020.4904      1.936      1.952    29.2487    19.6020          0          0  0.000e+00
  1020.4896      1.870      1.885    29.2478    19.6016          0          0  0.000e+00
  1020.4900      1.817      1.832    29.2483    19.6004          0          0  0.000e+00
  1020.4910      1.787      1.802    29.2496    19.5997          0          0  0.000e+00
  1020.4914      1.785      1.800    29.2501    19.5997          0          0  0.000e+00
  1020.4913      1.801      1.816    29.2499    19.5998          0          0  0.000e+00
  1020.4911      1.840      1.855    29.2495    19.6000          0          0  0.000e+00
  1020.4913      1.890      1.906    29.2494    19.5999          0          0  0.000e+00
  1020.4918      1.943      1.959    29.2498    19.5998          0          0  0.000e+00
  1020.4920      1.993      2.009    29.2499    19.6002          0          0  0.000e+00
  1020.4920      2.034      2.051    29.2496    19.6003          0          0  0.000e+00
  1020.4916      2.060      2.077    29.2491    19.6007          0          0  0.000e+00
  1020.4918      2.063      2.080    29.2493    19.6005          0          0  0.000e+00
  1020.4915      2.030      2.047    29.2491    19.6005          0          0  0.000e+00
  1020.4911      1.972      1.988    29.2488    19.6004          0          0  0.000e+00
  1020.4911      1.900      1.915    29.2491    19.6000          0          0  0.000e+00
  1020.4897      1.824      1.839    29.2477    19.5997          0          0  0.000e+00
  1020.4892      1.755      1.769    29.2471    19.5988          0          0  0.000e+00
  1020.4899      1.718      1.733    29.2477    19.5972          0          0  0.000e+00
  1020.4918      1.730      1.744    29.2498    19.5962          0          0  0.000e+00
  1020.4938      1.780      1.795    29.2522    19.5964          0          0  0.000e+00
