data/eDNA/PER-2021-171/171b025.cnv
* Sea-Bird SBE19plus  Data File:
* FileName = C:\Users\RSG_field\Ryan_2021_Perley\CTD\171b025.hex
* Software version 2.3.0 SB_Terminal.dll
* Temperature SN = 7141
* Conductivity SN = 7141
* System UpLoad Time = Aug 18 2021 13:50:32
* <ApplicationData>
* <SeatermAF>
** Platform: M. Perley
** Cruise: Per2021171
** Station:  SAB_01
** Cast: 01 2
** Latitude: N  45 501.373
** Longitude: W 60 08.966
** Sounding: 15.1
** Chief Scientist: Ryan Stanley
** Comment: 171b025
# nquan = 8
# nvalues = 2020                                  
# units = specified
# name 0 = density00: Density [density, kg/m^3]
# name 1 = depSM: Depth [salt water, m], lat = 45.00
# name 2 = prdM: Pressure, Strain Gauge [db]
# name 3 = sal00: Salinity, Practical [PSU]
# name 4 = tv290C: Temperature [ITS-90, deg C]
# name 5 = bpos: Bottle Position in Carousel
# name 6 = nbf: Bottles Fired
# name 7 = flag:  0.000e+00
# span 0 =   998.8154,  1023.6277                 
# span 1 =     -0.023,     16.035                 
# span 2 =     -0.023,     16.166                 
# span 3 =     0.0088,    30.7577                 
# span 4 =     9.4144,    18.3205                 
# span 5 =          0,          3                 
# span 6 =          0,          3                 
# span 7 = 0.0000e+00, 0.0000e+00                 
# interval = seconds: 0.25
# start_time = Aug 18 2021 16:39:34 [Instrument's time stamp, header]
# bad_flag = -9.990e-29
*END*
[from data line 1798]
  1023.5810     15.961     16.093    30.4789     9.4739          1          1  0.000e+00
  1023.5769     15.958     16.089    30.4739     9.4749          1          1  0.000e+00
  1023.5792     15.956     16.087    30.4766     9.4739          1          1  0.000e+00
  1023.5804     15.953     16.084    30.4782     9.4742          1          1  0.000e+00
  1023.5787     15.955     16.086    30.4764     9.4758          1          1  0.000e+00
  1023.5771     15.958     16.089    30.4745     9.4768          1          1  0.000e+00
  1023.5757     15.965     16.096    30.4726     9.4763          1          1  0.000e+00
  1023.5754     15.972     16.103    30.4716     9.4738          1          1  0.000e+00
  1023.5766     15.983     16.114    30.4725     9.4705          1          1  0.000e+00
  1023.5790     15.993     16.125    30.4750     9.4678          1          1  0.000e+00
  1023.5772     16.001     16.132    30.4724     9.4665          1          1  0.000e+00
  1023.5763     16.009     16.141    30.4707     9.4642          1          1  0.000e+00
  1023.5778     16.016     16.148    30.4718     9.4604          1          1  0.000e+00
  1023.5822     16.023     16.155    30.4766     9.4567          1          1  0.000e+00
  1023.5848     16.026     16.158    30.4798     9.4558          1          1  0.000e+00
  1023.5841     16.028     16.160    30.4790     9.4565          1          1  0.000e+00
  1023.5863     16.027     16.159    30.4820     9.4575          1          1  0.000e+00
  1023.5864     16.027     16.159    30.4826     9.4596          1          1  0.000e+00
  1023.5867     16.024     16.156    30.4836     9.4624          1          1  0.000e+00
  1023.5862     16.019     16.150    30.4835     9.4654          1          1  0.000e+00
  1023.5867     16.014     16.146    30.4848     9.4685          1          1  0.000e+00
  1023.5841     16.008     16.140    30.4823     9.4723          1          1  0.000e+00
  1023.5831     15.998     16.130    30.4817     9.4752          1          1  0.000e+00
  1023.5831     15.989     16.120    30.4822     9.4780          1          1  0.000e+00
  1023.5807     15.975     16.107    30.4798     9.4804          1          1  0.000e+00
  1023.5800     15.967     16.098    30.4791     9.4817          1          1  0.000e+00
  1023.5803     15.956     16.087    30.4799     9.4829          1          1  0.000e+00
  1023.5798     15.949     16.080    30.4796     9.4848          1          1  0.000e+00
  1023.5794     15.941     16.072    30.4795     9.4868          1          1  0.000e+00
  1023.5759     15.938     16.069    30.4753     9.4878          1          1  0.000e+00
  1023.5739     15.937     16.068    30.4725     9.4870          1          1  0.000e+00
  1023.5763     15.937     16.068    30.4754     9.4853          1          1  0.000e+00
  1023.5734     15.942     16.073    30.4713     9.4842          1          1  0.000e+00
  1023.5737     15.950     16.081    30.4711     9.4812          1          1  0.000e+00
  1023.5746     15.958     16.089    30.4716     9.4782          1          1  0.000e+00
  1023.5762     15.966     16.097    30.4731     9.4755          1          1  0.000e+00
  1023.5751     15.978     16.110    30.4712     9.4736          1          1  0.000e+00
  1023.5775     15.989     16.120    30.4737     9.4708          1          1  0.000e+00
  1023.5781     16.000     16.131    30.4738     9.4685          1          1  0.000e+00
  1023.5783     16.007     16.139    30.4737     9.4667          1          1  0.000e+00
  1023.5776     16.018     16.149    30.4723     9.4646          1          1  0.000e+00
  1023.5811     16.024     16.156    30.4763     9.4619          1          1  0.000e+00
  1023.5809     16.030     16.162    30.4757     9.4608          1          1  0.000e+00
  1023.5804     16.033     16.165    30.4749     9.4601          1          1  0.000e+00
  1023.5826     16.035     16.166    30.4776     9.4589          1          1  0.000e+00
  1023.5874     16.033     16.165    30.4836     9.4587          1          1  0.000e+00
  1023.5852     16.028     16.160    30.4813     9.4609          1          1  0.000e+00
  1023.5883     16.023     16.155    30.4859     9.4634          1          1  0.000e+00
  1023.5841     16.018     16.149    30.4811     9.4670          1          1  0.000e+00
  1023.5841     16.009     16.141    30.4817     9.4693          1          1  0.000e+00
  1023.5826     16.002     16.133    30.4803     9.4717          1          1  0.000e+00
  1023.5851     15.991     16.123    30.4840     9.4735          1          1  0.000e+00
  1023.5862     15.984     16.115    30.4860     9.4768          1          1  0.000e+00
  1023.5818     15.977     16.109    30.4813     9.4812          1          1  0.000e+00
  1023.5780     15.971     16.102    30.4768     9.4829          1          1  0.000e+00
  1023.5753     15.965     16.096    30.4734     9.4828          1          1  0.000e+00
  1023.5765     15.961     16.093    30.4745     9.4809          1          1  0.000e+00
  1023.5767     15.957     16.088    30.4745     9.4789          1          1  0.000e+00
  1023.5782     15.958     16.089    30.4760     9.4773          1          1  0.000e+00
  1023.5788     15.957     16.088    30.4767     9.4765          1          1  0.000e+00
  1023.5779     15.957     16.088    30.4753     9.4756          1          1  0.000e+00
  1023.5763     15.959     16.091    30.4730     9.4744          1          1  0.000e+00
  1023.5779     15.962     16.094    30.4746     9.4723          1          1  0.000e+00
  1023.5791     15.968     16.099    30.4757     9.4707          1          1  0.000e+00
  1023.5801     15.974     16.105    30.4768     9.4697          1          1  0.000e+00
  1023.5791     15.953     16.084    30.4757     9.4693          1          1  0.000e+00
  1023.5816     15.911     16.041    30.4789     9.4684          1          1  0.000e+00
  1023.5858     15.803     15.933    30.4849     9.4686          1          1  0.000e+00
  1023.5831     15.697     15.827    30.4829     9.4723          1          1  0.000e+00
  1023.5832     15.576     15.704    30.4843     9.4757          1          1  0.000e+00
  1023.5784     15.446     15.573    30.4797     9.4791          1          1  0.000e+00
  1023.5743     15.311     15.436    30.4755     9.4806          1          1  0.000e+00
  1023.5738     15.176     15.301    30.4755     9.4802          1          1  0.000e+00
  1023.5728     15.040     15.164    30.4749     9.4790          1          1  0.000e+00
  1023.5724     14.901     15.024    30.4750     9.4778          1          1  0.000e+00
  1023.5726     14.766     14.887    30.4757     9.4764          1          1  0.000e+00
  1023.5728     14.628     14.748    30.4766     9.4755          1          1  0.000e+00
  1023.5728     14.494     14.613    30.4773     9.4751          1          1  0.000e+00
  1023.5722     14.365     14.483    30.4773     9.4751          1          1  0.000e+00
  1023.5715     14.240     14.357    30.4771     9.4753          1          1  0.000e+00
  1023.5710     14.120     14.236    30.4772     9.4753          1          1  0.000e+00
  1023.5714     14.009     14.124    30.4785     9.4755          1          1  0.000e+00
  1023.5714     13.893     14.008    30.4793     9.4765          1          1  0.000e+00
  1023.5705     13.782     13.895    30.4791     9.4778          1          1  0.000e+00
  1023.5686     13.678     13.791    30.4776     9.4792          1          1  0.000e+00
  1023.5722     13.568     13.679    30.4831     9.4803          1          1  0.000e+00
  1023.5728     13.465     13.576    30.4853     9.4847          1          1  0.000e+00
  1023.5658     13.363     13.473    30.4780     9.4902          1          1  0.000e+00
  1023.5648     13.258     13.367    30.4779     9.4932          1          1  0.000e+00
  1023.5702     13.148     13.256    30.4859     9.4949          1          1  0.000e+00
  1023.6021     13.039     13.146    30.5288     9.5019          1          1  0.000e+00
  1023.6277     12.937     13.044    30.5686     9.5341          1          1  0.000e+00
  1023.5805     12.835     12.941    30.5203     9.5914          1          1  0.000e+00
  1023.5589     12.735     12.839    30.5019     9.6343          1          1  0.000e+00
  1023.5612     12.632     12.736    30.5123     9.6683          1          1  0.000e+00
  1023.5265     12.529     12.632    30.4777     9.7136          1          1  0.000e+00
  1023.5285     12.423     12.525    30.4871     9.7442          1          1  0.000e+00
  1023.4932     12.318     12.419    30.4493     9.7775          1          1  0.000e+00
  1023.4973     12.212     12.313    30.4599     9.8013          1          1  0.000e+00
  1023.4788     12.103     12.202    30.4423     9.8277          1          1  0.000e+00
  1023.4930     11.994     12.092    30.4652     9.8471          1          1  0.000e+00
  1023.4833     11.881     11.979    30.4601     9.8801          1          1  0.000e+00
  1023.4629     11.764     11.860    30.4426     9.9189          1          1  0.000e+00
  1023.4529     11.642     11.738    30.4367     9.9485          1          1  0.000e+00
  1023.4336     11.520     11.615    30.4190     9.9794          1          1  0.000e+00
  1023.4265     11.394     11.487    30.4159    10.0047          1          1  0.000e+00
  1023.4018     11.266     11.358    30.3901    10.0293          1          1  0.000e+00
  1023.3772     11.136     11.228    30.3621    10.0429          1          1  0.000e+00
  1023.4292     11.010     11.101    30.4285    10.0381          1          1  0.000e+00
  1023.4359     10.881     10.970    30.4437    10.0661          1          1  0.000e+00
  1023.4205     10.750     10.839    30.4343    10.1120          1          1  0.000e+00
  1023.4306     10.625     10.713    30.4597    10.1675          1          1  0.000e+00
  1023.4224     10.498     10.584    30.4664    10.2465          1          1  0.000e+00
  1023.3913     10.374     10.459    30.4468    10.3390          1          1  0.000e+00
  1023.3272     10.250     10.334    30.3839    10.4272          1          1  0.000e+00
  1023.3521     10.129     10.212    30.4313    10.4956          1          1  0.000e+00
  1023.2987     10.009     10.091    30.3844    10.5935          1          1  0.000e+00
  1023.2899      9.892      9.973    30.3943    10.6883          1          1  0.000e+00
  1023.2123      9.778      9.859    30.3175    10.7910          1          1  0.000e+00
  1023.2131      9.665      9.744    30.3350    10.8633          1          1  0.000e+00
  1023.1754      9.554      9.632    30.3019    10.9304          1          1  0.000e+00
  1023.2080      9.448      9.525    30.3616    11.0078          1          1  0.000e+00
  1023.1268      9.343      9.420    30.2806    11.1112          1          1  0.000e+00
  1023.0896      9.236      9.312    30.2505    11.1885          1          1  0.000e+00
  1022.9745      9.132      9.207    30.1153    11.2436          1          1  0.000e+00
  1023.0564      9.027      9.101    30.2191    11.2333          1          1  0.000e+00
  1023.0924      8.917      8.990    30.2730    11.2641          1          1  0.000e+00
  1023.0938      8.809      8.881    30.2947    11.3494          1          1  0.000e+00
  1022.9990      8.702      8.773    30.1951    11.4462          1          1  0.000e+00
  1023.0389      8.587      8.658    30.2595    11.5006          1          1  0.000e+00
  1023.0546      8.470      8.540    30.3004    11.5882          1          1  0.000e+00
  1022.9581      8.355      8.424    30.2068    11.7192          1          1  0.000e+00
  1022.8761      8.233      8.301    30.1242    11.8159          1          1  0.000e+00
  1022.8915      8.110      8.177    30.1562    11.8653          1          1  0.000e+00
  1022.8542      7.990      8.056    30.1231    11.9265          1          1  0.000e+00
  1022.8750      7.864      7.929    30.1624    11.9769          1          1  0.000e+00
  1022.8385      7.736      7.799    30.1298    12.0354          1          1  0.000e+00
  1022.7977      7.610      7.672    30.0936    12.1021          1          1  0.000e+00
  1022.8767      7.487      7.548    30.2079    12.1514          1          1  0.000e+00
  1022.8157      7.362      7.422    30.1537    12.2516          1          1  0.000e+00
  1022.9195      7.238      7.297    30.3140    12.3587          1          1  0.000e+00
  1023.2204      7.113      7.171    30.7577    12.5837          1          1  0.000e+00
  1022.8807      6.997      7.055    30.4371    13.0615          1          1  0.000e+00
  1022.6109      6.882      6.938    30.1885    13.4586          1          1  0.000e+00
  1022.4530      6.769      6.825    30.0518    13.7212          1          1  0.000e+00
  1022.2623      6.657      6.711    29.8496    13.8924          1          1  0.000e+00
  1022.2356      6.546      6.599    29.8258    13.9320          1          1  0.000e+00
  1022.3367      6.440      6.492    29.9601    13.9420          1          1  0.000e+00
  1022.2424      6.335      6.387    29.8685    14.0570          1          1  0.000e+00
  1022.2897      6.230      6.281    29.9499    14.1317          1          1  0.000e+00
  1022.1791      6.126      6.176    29.8309    14.2224          1          1  0.000e+00
  1022.1676      6.020      6.069    29.8322    14.2815          1          1  0.000e+00
  1022.2634      5.914      5.962    29.9701    14.3306          1          1  0.000e+00
  1022.2025      5.811      5.859    29.9266    14.4620          2          2  0.000e+00
  1022.1794      5.707      5.754    29.9365    14.6088          2          2  0.000e+00
  1022.1873      5.595      5.641    29.9924    14.7756          2          2  0.000e+00
  1022.0939      5.482      5.527    29.9275    14.9808          2          2  0.000e+00
  1021.9814      5.366      5.410    29.8290    15.1520          2          2  0.000e+00
  1021.9272      5.249      5.292    29.7933    15.2758          2          2  0.000e+00
  1021.8543      5.126      5.168    29.7261    15.3726          2          2  0.000e+00
  1021.8432      5.000      5.041    29.7290    15.4322          2          2  0.000e+00
  1021.8854      4.874      4.914    29.8031    15.4982          2          2  0.000e+00
  1021.8007      4.743      4.781    29.7215    15.5977          2          2  0.000e+00
  1021.7738      4.613      4.651    29.7028    15.6529          2          2  0.000e+00
  1021.7801      4.483      4.520    29.7257    15.7023          2          2  0.000e+00
  1021.7842      4.351      4.387    29.7508    15.7697          2          2  0.000e+00
  1021.7352      4.222      4.257    29.7102    15.8485          2          2  0.000e+00
  1021.7078      4.097      4.131    29.6921    15.9080          2          2  0.000e+00
  1021.7043      3.973      4.006    29.7016    15.9547          2          2  0.000e+00
  1021.7392      3.851      3.883    29.7637    16.0103          2          2  0.000e+00
  1021.6794      3.732      3.763    29.7104    16.0938          2          2  0.000e+00
  1021.6314      3.612      3.641    29.6679    16.1611          2          2  0.000e+00
  1021.6738      3.497      3.526    29.7361    16.2038          2          2  0.000e+00
  1021.6013      3.381      3.408    29.6635    16.2768          2          2  0.000e+00
  1021.6049      3.265      3.292    29.6809    16.3182          2          2  0.000e+00
  1021.6005      3.154      3.180    29.6904    16.3687          2          2  0.000e+00
  1021.5932      3.040      3.065    29.6971    16.4222          2          2  0.000e+00
  1021.5663      2.932      2.956    29.6802    16.4825          2          2  0.000e+00
  1021.6075      2.821      2.844    29.7533    16.5464          3          3  0.000e+00
