data/eDNA/PER-2021-171/171b012.cnv
* Sea-Bird SBE19plus  Data File:
* FileName = C:\Users\RSG_field\Ryan_2021_Perley\CTD\171b012.hex
* Software version 2.3.0 SB_Terminal.dll
* Temperature SN = 7141
* Conductivity SN = 7141
* System UpLoad Time = Aug 12 2021 09:28:51
* <ApplicationData>
* <SeatermAF>
** Platform: M. Perley
** Cruise: Per2021171
** Station:  ESI_16
** Cast: 01 2
** Latitude: N  44 35.490
** Longitude: W 62 35.818
** Sounding: 98.1
** Chief Scientist: Ryan Stanley
** Comment: 171b012
** aslo collected 80m for water chemistry
# nquan = 8
# nvalues = 3339                                  
# units = specified
# name 0 = density00: Density [density, kg/m^3]
# name 1 = depSM: Depth [salt water, m], lat = 45.00
# name 2 = prdM: Pressure, Strain Gauge [db]
# name 3 = sal00: Salinity, Practical [PSU]
# name 4 = tv290C: Temperature [ITS-90, deg C]
# name 5 = bpos: Bottle Position in Carousel
# name 6 = nbf: Bottles Fired
# name 7 = flag:  0.000e+00
# span 0 =   998.6435,  1026.4395                 
# span 1 =     -0.070,     95.575                 
# span 2 =     -0.070,     96.380                 
# span 3 =     0.0000,    32.7477                 
# span 4 =     3.2085,    18.5110                 
# span 5 =          0,          3                 
# span 6 =          0,          3                 
# span 7 = 0.0000e+00, 0.0000e+00                 
# interval = seconds: 0.25
# start_time = Aug 12 2021 12:11:33 [Instrument's time stamp, header]
# bad_flag = -9.990e-29
*END*
[from data line 180]
  1021.6993      2.367      2.386    30.4470    18.4145          0          0  0.000e+00
  1021.6740      2.411      2.431    30.4143    18.4165          0          0  0.000e+00
  1021.6482      2.452      2.472    30.3795    18.4141          0          0  0.000e+00
  1021.6503      2.481      2.502    30.3823    18.4146          0          0  0.000e+00
  1021.6471      2.497      2.518    30.3766    18.4104          0          0  0.000e+00
  1021.6536      2.506      2.526    30.3798    18.3937          0          0  0.000e+00
  1021.6584      2.510      2.531    30.3833    18.3854          0          0  0.000e+00
  1021.6750      2.513      2.534    30.4031    18.3790          0          0  0.000e+00
  1021.6884      2.527      2.548    30.4202    18.3782          0          0  0.000e+00
  1021.6905      2.558      2.579    30.4253    18.3860          0          0  0.000e+00
  1021.6806      2.584      2.605    30.4151    18.3952          0          0  0.000e+00
  1021.6589      2.592      2.613    30.3880    18.3991          0          0  0.000e+00
  1021.6433      2.598      2.619    30.3666    18.3965          0          0  0.000e+00
  1021.6341      2.599      2.620    30.3552    18.3983          0          0  0.000e+00
  1021.6324      2.587      2.609    30.3550    18.4048          0          0  0.000e+00
  1021.6446      2.564      2.585    30.3734    18.4119          0          0  0.000e+00
  1021.6552      2.553      2.574    30.3902    18.4210          0          0  0.000e+00
  1021.6633      2.560      2.581    30.4037    18.4300          0          0  0.000e+00
  1021.6618      2.574      2.595    30.4034    18.4354          0          0  0.000e+00
  1021.6525      2.583      2.604    30.3909    18.4347          0          0  0.000e+00
  1021.6323      2.585      2.606    30.3617    18.4260          0          0  0.000e+00
  1021.6228      2.586      2.608    30.3461    18.4159          0          0  0.000e+00
  1021.6268      2.577      2.598    30.3518    18.4174          0          0  0.000e+00
  1021.6232      2.555      2.575    30.3490    18.4231          0          0  0.000e+00
  1021.6328      2.526      2.547    30.3573    18.4092          0          0  0.000e+00
  1021.6539      2.497      2.518    30.3763    18.3814          0          0  0.000e+00
  1021.6803      2.474      2.494    30.3991    18.3437          0          0  0.000e+00
  1021.6974      2.457      2.477    30.4126    18.3154          0          0  0.000e+00
  1021.7041      2.440      2.460    30.4165    18.3000          0          0  0.000e+00
  1021.7088      2.421      2.441    30.4200    18.2911          0          0  0.000e+00
  1021.7169      2.394      2.414    30.4281    18.2827          0          0  0.000e+00
  1021.7275      2.364      2.383    30.4392    18.2731          0          0  0.000e+00
  1021.7346      2.332      2.351    30.4466    18.2668          0          0  0.000e+00
  1021.7341      2.301      2.320    30.4443    18.2611          0          0  0.000e+00
  1021.7218      2.284      2.303    30.4255    18.2524          0          0  0.000e+00
  1021.7218      2.281      2.300    30.4243    18.2484          0          0  0.000e+00
  1021.7391      2.313      2.332    30.4477    18.2511          0          0  0.000e+00
  1021.7775      2.369      2.388    30.5024    18.2661          0          0  0.000e+00
  1021.7967      2.446      2.466    30.5369    18.2970          0          0  0.000e+00
  1021.7857      2.543      2.564    30.5343    18.3362          0          0  0.000e+00
  1021.7638      2.647      2.668    30.5167    18.3732          0          0  0.000e+00
  1021.7425      2.746      2.769    30.4971    18.4007          0          0  0.000e+00
  1021.7261      2.826      2.849    30.4803    18.4170          0          0  0.000e+00
  1021.7027      2.876      2.899    30.4522    18.4260          0          0  0.000e+00
  1021.6618      2.895      2.918    30.3991    18.4280          0          0  0.000e+00
  1021.6511      2.881      2.905    30.3858    18.4298          0          0  0.000e+00
  1021.6487      2.836      2.860    30.3799    18.4204          0          0  0.000e+00
  1021.6768      2.772      2.794    30.4058    18.3850          0          0  0.000e+00
  1021.7038      2.683      2.705    30.4319    18.3541          0          0  0.000e+00
  1021.7265      2.578      2.599    30.4539    18.3277          0          0  0.000e+00
  1021.7435      2.468      2.488    30.4694    18.3046          0          0  0.000e+00
  1021.7502      2.364      2.383    30.4745    18.2911          0          0  0.000e+00
  1021.7476      2.273      2.291    30.4704    18.2870          0          0  0.000e+00
  1021.7472      2.199      2.217    30.4695    18.2848          0          0  0.000e+00
  1021.7499      2.137      2.154    30.4729    18.2829          0          0  0.000e+00
  1021.7503      2.079      2.096    30.4732    18.2809          0          0  0.000e+00
  1021.7503      2.043      2.059    30.4738    18.2824          0          0  0.000e+00
  1021.7541      2.036      2.053    30.4849    18.3015          0          0  0.000e+00
  1021.7677      2.062      2.078    30.5097    18.3245          0          0  0.000e+00
  1021.7747      2.118      2.135    30.5268    18.3502          0          0  0.000e+00
  1021.7657      2.213      2.231    30.5241    18.3803          0          0  0.000e+00
  1021.7518      2.347      2.366    30.5138    18.4077          0          0  0.000e+00
  1021.7401      2.501      2.522    30.5040    18.4280          0          0  0.000e+00
  1021.7306      2.644      2.665    30.4949    18.4412          0          0  0.000e+00
  1021.7222      2.776      2.799    30.4856    18.4491          0          0  0.000e+00
  1021.7127      2.875      2.898    30.4743    18.4544          0          0  0.000e+00
  1021.6832      2.924      2.948    30.4361    18.4566          0          0  0.000e+00
  1021.6732      2.933      2.957    30.4226    18.4556          0          0  0.000e+00
  1021.6791      2.910      2.933    30.4292    18.4517          0          0  0.000e+00
  1021.7016      2.851      2.875    30.4520    18.4297          0          0  0.000e+00
  1021.7235      2.770      2.792    30.4738    18.4065          0          0  0.000e+00
  1021.7341      2.688      2.710    30.4830    18.3902          0          0  0.000e+00
  1021.7348      2.620      2.642    30.4818    18.3823          0          0  0.000e+00
  1021.7282      2.566      2.587    30.4729    18.3805          0          0  0.000e+00
  1021.7273      2.528      2.549    30.4717    18.3796          0          0  0.000e+00
  1021.7257      2.506      2.526    30.4692    18.3783          0          0  0.000e+00
  1021.7227      2.489      2.509    30.4655    18.3787          0          0  0.000e+00
  1021.7186      2.459      2.479    30.4607    18.3798          0          0  0.000e+00
  1021.7147      2.413      2.433    30.4548    18.3762          0          0  0.000e+00
  1021.7248      2.356      2.376    30.4664    18.3701          0          0  0.000e+00
  1021.7325      2.281      2.300    30.4767    18.3693          0          0  0.000e+00
  1021.7425      2.195      2.213    30.4872    18.3595          0          0  0.000e+00
  1021.7474      2.115      2.132    30.4895    18.3452          0          0  0.000e+00
  1021.7417      2.055      2.072    30.4796    18.3363          0          0  0.000e+00
  1021.7467      2.044      2.060    30.4850    18.3326          0          0  0.000e+00
  1021.7745      2.084      2.101    30.5226    18.3373          0          0  0.000e+00
  1021.7871      2.186      2.203    30.5462    18.3615          0          0  0.000e+00
  1021.7708      2.332      2.351    30.5348    18.3955          0          0  0.000e+00
  1021.7533      2.509      2.529    30.5199    18.4238          0          0  0.000e+00
  1021.7398      2.668      2.690    30.5070    18.4417          0          0  0.000e+00
  1021.7298      2.793      2.816    30.4961    18.4510          0          0  0.000e+00
  1021.7222      2.875      2.898    30.4869    18.4549          0          0  0.000e+00
  1021.7041      2.914      2.938    30.4633    18.4557          0          0  0.000e+00
  1021.7020      2.906      2.930    30.4604    18.4551          0          0  0.000e+00
  1021.7090      2.849      2.872    30.4688    18.4517          0          0  0.000e+00
  1021.7217      2.757      2.779    30.4816    18.4380          0          0  0.000e+00
  1021.7297      2.652      2.674    30.4889    18.4262          0          0  0.000e+00
  1021.7293      2.547      2.568    30.4871    18.4204          0          0  0.000e+00
  1021.7232      2.470      2.490    30.4788    18.4181          0          0  0.000e+00
  1021.7223      2.424      2.444    30.4772    18.4157          0          0  0.000e+00
  1021.7241      2.410      2.430    30.4791    18.4142          0          0  0.000e+00
  1021.7301      2.417      2.436    30.4868    18.4137          0          0  0.000e+00
  1021.7353      2.429      2.449    30.4941    18.4151          0          0  0.000e+00
  1021.7568      2.446      2.466    30.5238    18.4207          0          0  0.000e+00
  1021.7618      2.455      2.475    30.5343    18.4331          0          0  0.000e+00
  1021.7515      2.448      2.468    30.5261    18.4497          0          0  0.000e+00
  1021.7425      2.431      2.451    30.5182    18.4617          0          0  0.000e+00
  1021.7360      2.404      2.424    30.5122    18.4688          0          0  0.000e+00
  1021.7322      2.372      2.392    30.5083    18.4718          0          0  0.000e+00
  1021.7286      2.340      2.359    30.5039    18.4722          0          0  0.000e+00
  1021.7285      2.306      2.325    30.5032    18.4698          0          0  0.000e+00
  1021.7302      2.278      2.296    30.5046    18.4664          0          0  0.000e+00
  1021.7317      2.255      2.274    30.5057    18.4637          0          0  0.000e+00
  1021.7354      2.251      2.270    30.5101    18.4616          0          0  0.000e+00
  1021.7415      2.270      2.289    30.5181    18.4623          0          0  0.000e+00
  1021.7395      2.317      2.336    30.5168    18.4674          0          0  0.000e+00
  1021.7372      2.398      2.417    30.5148    18.4718          0          0  0.000e+00
  1021.7381      2.510      2.530    30.5165    18.4756          0          0  0.000e+00
  1021.7355      2.642      2.664    30.5135    18.4797          0          0  0.000e+00
  1021.7354      2.781      2.804    30.5135    18.4824          0          0  0.000e+00
  1021.7335      2.900      2.924    30.5112    18.4850          0          0  0.000e+00
  1021.7306      2.983      3.007    30.5073    18.4862          0          0  0.000e+00
  1021.7308      3.021      3.046    30.5070    18.4850          0          0  0.000e+00
  1021.7307      3.008      3.033    30.5062    18.4831          0          0  0.000e+00
  1021.7243      2.941      2.965    30.4980    18.4819          0          0  0.000e+00
  1021.7326      2.826      2.849    30.5093    18.4814          0          0  0.000e+00
  1021.7277      2.676      2.698    30.5035    18.4807          0          0  0.000e+00
  1021.7299      2.507      2.527    30.5064    18.4777          0          0  0.000e+00
  1021.7321      2.333      2.352    30.5096    18.4753          0          0  0.000e+00
  1021.7324      2.182      2.200    30.5106    18.4747          0          0  0.000e+00
  1021.7327      2.072      2.089    30.5118    18.4752          0          0  0.000e+00
  1021.7323      2.019      2.036    30.5118    18.4760          0          0  0.000e+00
  1021.7328      2.014      2.030    30.5129    18.4770          0          0  0.000e+00
  1021.7331      2.046      2.062    30.5136    18.4786          0          0  0.000e+00
  1021.7332      2.108      2.125    30.5139    18.4803          0          0  0.000e+00
  1021.7321      2.192      2.210    30.5128    18.4826          0          0  0.000e+00
  1021.7302      2.277      2.295    30.5103    18.4846          0          0  0.000e+00
  1021.7305      2.358      2.378    30.5103    18.4847          0          0  0.000e+00
  1021.7318      2.442      2.462    30.5116    18.4849          0          0  0.000e+00
  1021.7320      2.519      2.540    30.5117    18.4860          0          0  0.000e+00
  1021.7320      2.584      2.605    30.5118    18.4872          0          0  0.000e+00
  1021.7315      2.641      2.663    30.5112    18.4884          0          0  0.000e+00
  1021.7311      2.683      2.705    30.5107    18.4892          0          0  0.000e+00
  1021.7311      2.717      2.739    30.5105    18.4894          0          0  0.000e+00
  1021.7305      2.726      2.748    30.5097    18.4897          0          0  0.000e+00
  1021.7299      2.715      2.738    30.5089    18.4893          0          0  0.000e+00
  1021.7302      2.695      2.717    30.5091    18.4886          0          0  0.000e+00
  1021.7300      2.670      2.692    30.5089    18.4879          0          0  0.000e+00
  1021.7286      2.649      2.670    30.5068    18.4868          0          0  0.000e+00
  1021.7303      2.634      2.655    30.5085    18.4849          0          0  0.000e+00
  1021.7323      2.634      2.655    30.5108    18.4839          0          0  0.000e+00
  1021.7339      2.648      2.669    30.5129    18.4839          0          0  0.000e+00
  1021.7332      2.670      2.692    30.5123    18.4855          0          0  0.000e+00
  1021.7334      2.683      2.705    30.5129    18.4870          0          0  0.000e+00
  1021.7319      2.677      2.699    30.5116    18.4886          0          0  0.000e+00
  1021.7282      2.635      2.656    30.5073    18.4896          0          0  0.000e+00
  1021.7264      2.563      2.584    30.5048    18.4881          0          0  0.000e+00
  1021.7263      2.459      2.479    30.5043    18.4848          0          0  0.000e+00
  1021.7271      2.333      2.352    30.5049    18.4812          0          0  0.000e+00
  1021.7296      2.198      2.216    30.5078    18.4778          0          0  0.000e+00
  1021.7324      2.073      2.090    30.5116    18.4759          0          0  0.000e+00
  1021.7322      1.971      1.987    30.5120    18.4762          0          0  0.000e+00
  1021.7325      1.915      1.931    30.5131    18.4770          0          0  0.000e+00
  1021.7327      1.931      1.947    30.5136    18.4782          0          0  0.000e+00
  1021.7370      2.033      2.049    30.5192    18.4801          0          0  0.000e+00
  1021.7362      2.189      2.207    30.5187    18.4847          0          0  0.000e+00
  1021.7331      2.366      2.385    30.5154    18.4900          0          0  0.000e+00
  1021.7322      2.543      2.563    30.5143    18.4936          0          0  0.000e+00
  1021.7308      2.702      2.724    30.5124    18.4963          0          0  0.000e+00
  1021.7296      2.819      2.842    30.5106    18.4978          0          0  0.000e+00
  1021.7301      2.887      2.911    30.5111    18.4985          0          0  0.000e+00
  1021.7274      2.906      2.930    30.5077    18.4991          0          0  0.000e+00
  1021.7289      2.864      2.887    30.5096    18.4982          0          0  0.000e+00
  1021.7283      2.775      2.797    30.5091    18.4976          0          0  0.000e+00
  1021.7264      2.668      2.690    30.5070    18.4969          0          0  0.000e+00
  1021.7269      2.563      2.584    30.5078    18.4952          0          0  0.000e+00
  1021.7279      2.469      2.490    30.5091    18.4936          0          0  0.000e+00
  1021.7288      2.397      2.417    30.5104    18.4927          0          0  0.000e+00
  1021.7288      2.358      2.377    30.5106    18.4927          0          0  0.000e+00
