data/eDNA/PER-2021-171/171b003.cnv
* Sea-Bird SBE19plus  Data File:
* FileName = C:\Users\RSG_field\Ryan_2021_Perley\CTD\171b003.hex
* Software version 2.3.0 SB_Terminal.dll
* Temperature SN = 7141
* Conductivity SN = 7141
* System UpLoad Time = Aug 09 2021 13:16:51
* <ApplicationData>
* <SeatermAF>
** Platform: M. Perley
** Cruise: Per2021171
** Station:  ESI-07
** Cast: 01 02
** Latitude: N  44 43.285
** Longitude: W 62 23.903
** Sounding: 73.5
** Chief Scientist: Ryan Stanley
** Comment: 171b003
** Second cast of ESI_07
# nquan = 8
# nvalues = 2871                                  
# units = specified
# name 0 = density00: Density [density, kg/m^3]
# name 1 = depSM: Depth [salt water, m], lat = 45.00
# name 2 = prdM: Pressure, Strain Gauge [db]
# name 3 = sal00: Salinity, Practical [PSU]
# name 4 = tv290C: Temperature [ITS-90, deg C]
# name 5 = bpos: Bottle Position in Carousel
# name 6 = nbf: Bottles Fired
# name 7 = flag:  0.000e+00
# span 0 =   998.7428,  1025.8195                 
# span 1 =      0.027,     67.687                 
# span 2 =      0.027,     68.253                 
# span 3 =     0.0000,    32.0550                 
# span 4 =     3.1809,    17.8916                 
# span 5 =          0,          6                 
# span 6 =          0,          6                 
# span 7 = 0.0000e+00, 0.0000e+00                 
# interval = seconds: 0.25
# start_time = Aug 09 2021 15:59:04 [Instrument's time stamp, header]
# bad_flag = -9.990e-29
*END*
[from data line 2697]
  1021.9921      1.678      1.691    30.6549    17.8444          6          6  0.000e+00
  1021.9893      1.701      1.715    30.6524    17.8488          6          6  0.000e+00
  1021.9861      1.700      1.714    30.6493    17.8521          6          6  0.000e+00
  1021.9673      1.666      1.680    30.6249    17.8518          6          6  0.000e+00
  1021.9786      1.593      1.606    30.6366    17.8407          6          6  0.000e+00
  1021.9815      1.461      1.473    30.6386    17.8324          6          6  0.000e+00
  1021.9816      1.280      1.291    30.6377    17.8259          6          6  0.000e+00
  1021.9891      1.060      1.068    30.6466    17.8191          6          6  0.000e+00
  1021.9931      0.806      0.813    30.6525    17.8162          6          6  0.000e+00
  1021.9964      0.547      0.551    30.6588    17.8175          6          6  0.000e+00
  1021.9930      0.294      0.297    30.6572    17.8222          6          6  0.000e+00
  1021.9855      0.099      0.100    30.6501    17.8269          6          6  0.000e+00
  1012.2935      0.073      0.073    17.9423    17.8328          6          6  0.000e+00
  1001.1796      0.071      0.071     3.3352    17.8354          6          6  0.000e+00
   999.9181      0.071      0.071     1.6814    17.8279          6          6  0.000e+00
   999.4189      0.070      0.070     1.0243    17.8080          6          6  0.000e+00
   999.3680      0.070      0.070     0.9505    17.7771          6          6  0.000e+00
   998.9005      0.067      0.068     0.3330    17.7433          6          6  0.000e+00
  1015.4144      0.069      0.069    22.0056    17.7103          6          6  0.000e+00
  1013.9408      0.071      0.071    20.0635    17.6835          6          6  0.000e+00
  1017.5205      0.069      0.069    24.7454    17.6346          6          6  0.000e+00
  1020.6294      0.070      0.070    28.8043    17.5932          6          6  0.000e+00
  1021.8168      0.071      0.071    30.3481    17.5633          6          6  0.000e+00
  1021.0951      0.071      0.071    29.3948    17.5316          6          6  0.000e+00
  1020.7357      0.071      0.071    28.9169    17.5061          6          6  0.000e+00
  1007.0067      0.069      0.069    10.8998    17.4909          6          6  0.000e+00
  1011.5823      0.071      0.071    16.9094    17.4816          6          6  0.000e+00
  1009.9405      0.071      0.071    14.7490    17.4684          6          6  0.000e+00
  1011.9504      0.068      0.068    17.3829    17.4459          6          6  0.000e+00
  1012.3681      0.069      0.069    17.9264    17.4280          6          6  0.000e+00
  1012.0277      0.068      0.068    17.4730    17.4051          6          6  0.000e+00
  1010.8498      0.068      0.068    15.9196    17.3808          6          6  0.000e+00
  1009.5313      0.069      0.069    14.1831    17.3634          6          6  0.000e+00
  1009.2534      0.069      0.069    13.8148    17.3513          6          6  0.000e+00
  1007.6945      0.069      0.069    11.7642    17.3413          6          6  0.000e+00
  1005.4031      0.068      0.068     8.7519    17.3320          6          6  0.000e+00
  1006.6073      0.071      0.071    10.3310    17.3218          6          6  0.000e+00
  1004.1973      0.069      0.069     7.1633    17.3098          6          6  0.000e+00
  1001.5049      0.070      0.070     3.6293    17.2964          6          6  0.000e+00
  1000.1792      0.069      0.069     1.8916    17.2819          6          6  0.000e+00
   998.8800      0.069      0.069     0.1931    17.2589          6          6  0.000e+00
   998.7445      0.069      0.069     0.0088    17.2214          6          6  0.000e+00
   998.7428      0.069      0.069     0.0000    17.1924          6          6  0.000e+00
   998.9935      0.068      0.068     0.3210    17.1740          6          6  0.000e+00
   999.0082      0.070      0.070     0.3370    17.1602          6          6  0.000e+00
   998.8707      0.069      0.069     0.1551    17.1457          6          6  0.000e+00
   998.8515      0.070      0.070     0.1261    17.1278          6          6  0.000e+00
  1002.4013      0.070      0.070     4.7578    17.1072          6          6  0.000e+00
  1002.8649      0.070      0.070     5.3600    17.0854          6          6  0.000e+00
  1001.0944      0.070      0.070     3.0361    17.0619          6          6  0.000e+00
  1000.8833      0.069      0.069     2.7541    17.0369          6          6  0.000e+00
  1000.4939      0.070      0.070     2.2395    17.0124          6          6  0.000e+00
  1000.2141      0.070      0.070     1.8687    16.9886          6          6  0.000e+00
  1000.0616      0.070      0.070     1.6642    16.9655          6          6  0.000e+00
  1000.3074      0.069      0.069     1.9799    16.9431          6          6  0.000e+00
  1000.5755      0.070      0.070     2.3249    16.9212          6          6  0.000e+00
  1000.4424      0.070      0.070     2.1460    16.8995          6          6  0.000e+00
   999.9632      0.071      0.071     1.5158    16.8780          6          6  0.000e+00
   999.6504      0.069      0.069     1.1035    16.8572          6          6  0.000e+00
   999.5698      0.069      0.069     0.9938    16.8366          6          6  0.000e+00
   999.3127      0.068      0.068     0.6546    16.8158          6          6  0.000e+00
   999.2438      0.067      0.067     0.5603    16.7947          6          6  0.000e+00
   999.1766      0.068      0.068     0.4683    16.7738          6          6  0.000e+00
   999.1273      0.069      0.069     0.3995    16.7529          6          6  0.000e+00
   999.0566      0.068      0.068     0.3032    16.7320          6          6  0.000e+00
   998.9961      0.067      0.067     0.2201    16.7114          6          6  0.000e+00
   998.9639      0.069      0.069     0.1738    16.6911          6          6  0.000e+00
   998.9481      0.069      0.069     0.1488    16.6704          6          6  0.000e+00
   998.9342      0.068      0.068     0.1262    16.6494          6          6  0.000e+00
   998.9168      0.070      0.070     0.0990    16.6282          6          6  0.000e+00
   998.8933      0.068      0.068     0.0639    16.6073          6          6  0.000e+00
   998.8540      0.068      0.068     0.0085    16.5863          6          6  0.000e+00
   998.8576      0.067      0.067     0.0085    16.5654          6          6  0.000e+00
   999.1898      0.069      0.069     0.4345    16.5447          6          6  0.000e+00
  1000.4794      0.069      0.069     2.1086    16.5240          6          6  0.000e+00
   999.0030      0.070      0.070     0.1832    16.5034          6          6  0.000e+00
   998.8727      0.070      0.070     0.0102    16.4829          6          6  0.000e+00
   998.8757      0.068      0.068     0.0101    16.4647          6          6  0.000e+00
   998.8785      0.069      0.069     0.0100    16.4483          6          6  0.000e+00
   998.8811      0.069      0.069     0.0100    16.4323          6          6  0.000e+00
   998.8835      0.067      0.067     0.0097    16.4163          6          6  0.000e+00
   998.8852      0.068      0.068     0.0084    16.4002          6          6  0.000e+00
   998.8879      0.069      0.069     0.0084    16.3840          6          6  0.000e+00
   998.8909      0.067      0.067     0.0088    16.3677          6          6  0.000e+00
   998.8933      0.069      0.069     0.0084    16.3515          6          6  0.000e+00
   998.8960      0.069      0.069     0.0084    16.3354          6          6  0.000e+00
   998.8987      0.068      0.068     0.0083    16.3193          6          6  0.000e+00
   998.9014      0.068      0.068     0.0084    16.3028          6          6  0.000e+00
   998.8976      0.068      0.068     0.0000    16.2865          6          6  0.000e+00
   998.9004      0.068      0.068     0.0000    16.2701          6          6  0.000e+00
   998.9096      0.068      0.068     0.0084    16.2535          6          6  0.000e+00
   999.1394      0.068      0.068     0.3021    16.2366          6          6  0.000e+00
   999.1814      0.067      0.067     0.3531    16.2200          6          6  0.000e+00
   999.0777      0.069      0.069     0.2152    16.2034          6          6  0.000e+00
   999.0345      0.069      0.069     0.1558    16.1874          6          6  0.000e+00
   999.0220      0.069      0.069     0.1365    16.1727          6          6  0.000e+00
   999.0123      0.068      0.068     0.1210    16.1592          6          6  0.000e+00
   999.9148      0.068      0.068     1.2895    16.1457          6          6  0.000e+00
   999.6862      0.067      0.067     0.9895    16.1326          6          6  0.000e+00
   999.1295      0.067      0.067     0.2642    16.1193          6          6  0.000e+00
   999.0680      0.068      0.068     0.1821    16.1072          6          6  0.000e+00
   999.0663      0.068      0.068     0.1780    16.0985          6          6  0.000e+00
   999.0582      0.067      0.067     0.1660    16.0912          6          6  0.000e+00
   999.0636      0.070      0.070     0.1713    16.0832          6          6  0.000e+00
   999.0477      0.067      0.067     0.1488    16.0743          6          6  0.000e+00
   999.0356      0.067      0.067     0.1311    16.0645          6          6  0.000e+00
   999.0298      0.067      0.067     0.1214    16.0544          6          6  0.000e+00
   999.0826      0.068      0.068     0.1874    16.0436          6          6  0.000e+00
   999.5921      0.067      0.067     0.8458    16.0327          6          6  0.000e+00
   999.1083      0.068      0.068     0.2161    16.0217          6          6  0.000e+00
   998.9493      0.067      0.067     0.0082    16.0103          6          6  0.000e+00
   998.9510      0.067      0.067     0.0082    15.9999          6          6  0.000e+00
   998.9524      0.067      0.067     0.0082    15.9913          6          6  0.000e+00
   998.9538      0.068      0.068     0.0082    15.9831          6          6  0.000e+00
   998.9552      0.067      0.067     0.0082    15.9746          6          6  0.000e+00
   998.9566      0.069      0.069     0.0082    15.9653          6          6  0.000e+00
   998.9581      0.068      0.068     0.0082    15.9564          6          6  0.000e+00
   999.0450      0.066      0.066     0.1185    15.9469          6          6  0.000e+00
   999.6358      0.068      0.068     0.8822    15.9374          6          6  0.000e+00
   999.3577      0.069      0.069     0.5193    15.9277          6          6  0.000e+00
   999.2716      0.067      0.067     0.4056    15.9179          6          6  0.000e+00
   999.2550      0.069      0.069     0.3825    15.9104          6          6  0.000e+00
   999.2453      0.068      0.068     0.3688    15.9042          6          6  0.000e+00
   999.2615      0.068      0.068     0.3885    15.8983          6          6  0.000e+00
   999.3070      0.068      0.068     0.4462    15.8925          6          6  0.000e+00
   999.2813      0.069      0.069     0.4116    15.8862          6          6  0.000e+00
   999.2615      0.070      0.071     0.3845    15.8795          6          6  0.000e+00
   999.2736      0.069      0.069     0.3986    15.8719          6          6  0.000e+00
   999.2702      0.067      0.067     0.3924    15.8635          6          6  0.000e+00
   999.2616      0.068      0.068     0.3796    15.8551          6          6  0.000e+00
   999.2600      0.068      0.068     0.3758    15.8472          6          6  0.000e+00
   999.2525      0.068      0.068     0.3645    15.8393          6          6  0.000e+00
   999.2462      0.069      0.069     0.3545    15.8309          6          6  0.000e+00
   999.1096      0.071      0.072     0.1760    15.8225          6          6  0.000e+00
   999.1027      0.069      0.069     0.1653    15.8141          6          6  0.000e+00
   999.1009      0.069      0.069     0.1611    15.8052          6          6  0.000e+00
   999.0896      0.068      0.068     0.1448    15.7966          6          6  0.000e+00
   999.0654      0.069      0.069     0.1118    15.7880          6          6  0.000e+00
   998.9865      0.069      0.069     0.0081    15.7797          6          6  0.000e+00
   998.9880      0.066      0.066     0.0081    15.7704          6          6  0.000e+00
   998.9895      0.067      0.067     0.0081    15.7610          6          6  0.000e+00
   998.9909      0.066      0.066     0.0081    15.7522          6          6  0.000e+00
   998.9923      0.067      0.067     0.0081    15.7430          6          6  0.000e+00
   998.9938      0.067      0.067     0.0081    15.7337          6          6  0.000e+00
   999.2841      0.068      0.068     0.3815    15.7246          6          6  0.000e+00
   999.4045      0.068      0.068     0.5355    15.7151          6          6  0.000e+00
   999.2585      0.067      0.067     0.3444    15.7055          6          6  0.000e+00
   999.2381      0.065      0.065     0.3165    15.6982          6          6  0.000e+00
   999.1820      0.068      0.068     0.2433    15.6953          6          6  0.000e+00
   998.9939      0.068      0.068     0.0000    15.6938          6          6  0.000e+00
   998.9942      0.068      0.068     0.0000    15.6918          6          6  0.000e+00
   999.2996      0.069      0.070     0.3941    15.6888          6          6  0.000e+00
   999.2555      0.068      0.068     0.3363    15.6846          6          6  0.000e+00
   999.3633      0.069      0.070     0.4747    15.6798          6          6  0.000e+00
   999.5651      0.070      0.071     0.7353    15.6745          6          6  0.000e+00
   999.2617      0.069      0.070     0.3409    15.6689          6          6  0.000e+00
   999.2506      0.066      0.066     0.3256    15.6638          6          6  0.000e+00
   999.2341      0.067      0.067     0.3035    15.6605          6          6  0.000e+00
   999.2361      0.067      0.067     0.3056    15.6581          6          6  0.000e+00
   999.2502      0.067      0.067     0.3233    15.6554          6          6  0.000e+00
   999.4754      0.066      0.066     0.6143    15.6523          6          6  0.000e+00
   999.3864      0.068      0.069     0.4983    15.6487          6          6  0.000e+00
   999.3615      0.067      0.067     0.4651    15.6443          6          6  0.000e+00
   999.3746      0.068      0.069     0.4815    15.6411          6          6  0.000e+00
   999.2044      0.066      0.066     0.2607    15.6388          6          6  0.000e+00
   999.1951      0.067      0.067     0.2480    15.6360          6          6  0.000e+00
   999.1850      0.065      0.065     0.2343    15.6323          6          6  0.000e+00
   999.1654      0.067      0.067     0.2081    15.6286          6          6  0.000e+00
   999.1451      0.067      0.067     0.1809    15.6238          6          6  0.000e+00
   999.1227      0.067      0.067     0.1508    15.6184          6          6  0.000e+00
   999.0753      0.067      0.067     0.0884    15.6124          6          6  0.000e+00
   999.0140      0.067      0.067     0.0081    15.6063          6          6  0.000e+00
   999.0149      0.067      0.067     0.0080    15.6003          6          6  0.000e+00
   999.0159      0.069      0.070     0.0081    15.5944          6          6  0.000e+00
