data/eDNA/PER-2021-171/171b027.cnv
* Sea-Bird SBE19plus  Data File:
* FileName = C:\Users\RSG_field\Ryan_2021_Perley\CTD\171b027.hex
* Software version 2.3.0 SB_Terminal.dll
* Temperature SN = 7141
* Conductivity SN = 7141
* System UpLoad Time = Aug 18 2021 11:29:18
* <ApplicationData>
* <SeatermAF>
** Platform: M. Perley
** Cruise: Per2021171
** Station:  SAB_03
** Cast: 01 2
** Latitude: N  45 50.659
** Longitude: W 60 05.204
** Sounding: 34.9
** Chief Scientist: Ryan Stanley
** Comment: 171b027
# nquan = 8
# nvalues = 2151                                  
# units = specified
# name 0 = density00: Density [density, kg/m^3]
# name 1 = depSM: Depth [salt water, m], lat = 45.00
# name 2 = prdM: Pressure, Strain Gauge [db]
# name 3 = sal00: Salinity, Practical [PSU]
# name 4 = tv290C: Temperature [ITS-90, deg C]
# name 5 = bpos: Bottle Position in Carousel
# name 6 = nbf: Bottles Fired
# name 7 = flag:  0.000e+00
# span 0 =   998.9963,  1024.8352                 
# span 1 =      0.004,     35.267                 
# span 2 =      0.004,     35.559                 
# span 3 =     0.0080,    31.3108                 
# span 4 =     5.6227,    18.3704                 
# span 5 =          0,          3                 
# span 6 =          0,          3                 
# span 7 = 0.0000e+00, 0.0000e+00                 
# interval = seconds: 0.25
# start_time = Aug 18 2021 14:17:57 [Instrument's time stamp, header]
# bad_flag = -9.990e-29
*END*
[from data line 1978]
  1023.5979     17.553     17.698    30.4819     9.4275          1          1  0.000e+00
  1023.5914     17.412     17.555    30.4782     9.4463          1          1  0.000e+00
  1023.5768     17.266     17.408    30.4635     9.4624          1          1  0.000e+00
  1023.5771     17.120     17.261    30.4668     9.4721          1          1  0.000e+00
  1023.5780     16.971     17.111    30.4709     9.4828          1          1  0.000e+00
  1023.5852     16.825     16.963    30.4840     9.4980          1          1  0.000e+00
  1023.5778     16.679     16.816    30.4798     9.5197          1          1  0.000e+00
  1023.5756     16.539     16.675    30.4830     9.5456          1          1  0.000e+00
  1023.6009     16.400     16.535    30.5226     9.5776          1          1  0.000e+00
  1023.6457     16.261     16.395    30.5921     9.6332          1          1  0.000e+00
  1023.5889     16.130     16.262    30.5395     9.7284          1          1  0.000e+00
  1023.5702     16.009     16.140    30.5329     9.8104          1          1  0.000e+00
  1023.5583     15.892     16.023    30.5356     9.8939          1          1  0.000e+00
  1023.6510     15.784     15.914    30.6745     9.9876          1          1  0.000e+00
  1023.4332     15.681     15.810    30.4281    10.1435          2          2  0.000e+00
  1023.4795     15.582     15.710    30.5054    10.2257          2          2  0.000e+00
  1023.4942     15.486     15.614    30.5439    10.3156          2          2  0.000e+00
  1023.5018     15.392     15.518    30.5881    10.4747          2          2  0.000e+00
  1023.3788     15.301     15.427    30.4720    10.6667          2          2  0.000e+00
  1023.3583     15.210     15.335    30.4806    10.8243          2          2  0.000e+00
  1023.3404     15.117     15.242    30.4948    10.9907          2          2  0.000e+00
  1023.3017     15.019     15.142    30.4879    11.1812          2          2  0.000e+00
  1023.1648     14.914     15.036    30.3609    11.3965          2          2  0.000e+00
  1023.0682     14.805     14.926    30.2752    11.5642          2          2  0.000e+00
  1023.0225     14.691     14.812    30.2445    11.6836          2          2  0.000e+00
  1023.0150     14.569     14.689    30.2607    11.7926          2          2  0.000e+00
  1022.9679     14.439     14.558    30.2294    11.9161          2          2  0.000e+00
  1022.9310     14.304     14.422    30.2150    12.0543          2          2  0.000e+00
  1022.8141     14.168     14.284    30.0953    12.1829          2          2  0.000e+00
  1022.8954     14.030     14.145    30.2176    12.2523          2          2  0.000e+00
  1022.8308     13.894     14.008    30.1638    12.3731          2          2  0.000e+00
  1022.7675     13.762     13.875    30.1144    12.5046          2          2  0.000e+00
  1022.7283     13.631     13.743    30.0900    12.6101          2          2  0.000e+00
  1022.7282     13.502     13.613    30.1146    12.7080          2          2  0.000e+00
  1022.6075     13.375     13.485    29.9853    12.8146          2          2  0.000e+00
  1022.6151     13.252     13.361    30.0085    12.8658          2          2  0.000e+00
  1022.6378     13.132     13.240    30.0517    12.9198          2          2  0.000e+00
  1022.6067     13.016     13.123    30.0351    13.0123          2          2  0.000e+00
  1022.5134     12.904     13.010    29.9372    13.1017          2          2  0.000e+00
  1022.5341     12.798     12.903    29.9764    13.1488          2          2  0.000e+00
  1022.4839     12.690     12.794    29.9245    13.1984          2          2  0.000e+00
  1022.4800     12.581     12.684    29.9277    13.2289          2          2  0.000e+00
  1022.5123     12.471     12.573    29.9791    13.2648          2          2  0.000e+00
  1022.5177     12.360     12.462    30.0034    13.3308          2          2  0.000e+00
  1022.4411     12.248     12.349    29.9265    13.4165          2          2  0.000e+00
  1022.4378     12.141     12.241    29.9369    13.4716          2          2  0.000e+00
  1022.4182     12.034     12.133    29.9259    13.5258          2          2  0.000e+00
  1022.3595     11.926     12.024    29.8648    13.5824          2          2  0.000e+00
  1022.3615     11.819     11.916    29.8732    13.6027          2          2  0.000e+00
  1022.3758     11.710     11.806    29.8988    13.6276          2          2  0.000e+00
  1022.4122     11.597     11.692    29.9564    13.6655          2          2  0.000e+00
  1022.3866     11.480     11.574    29.9405    13.7301          2          2  0.000e+00
  1022.3641     11.363     11.456    29.9315    13.8061          2          2  0.000e+00
  1022.3019     11.247     11.340    29.8705    13.8793          2          2  0.000e+00
  1022.2854     11.127     11.218    29.8597    13.9173          2          2  0.000e+00
  1022.2900     11.007     11.097    29.8738    13.9459          2          2  0.000e+00
  1022.2844     10.884     10.973    29.8773    13.9847          2          2  0.000e+00
  1022.2896     10.762     10.850    29.8962    14.0284          2          2  0.000e+00
  1022.2611     10.634     10.721    29.8742    14.0828          2          2  0.000e+00
  1022.2303     10.509     10.595    29.8485    14.1344          2          2  0.000e+00
  1022.2402     10.386     10.471    29.8721    14.1728          2          2  0.000e+00
  1022.2311     10.265     10.349    29.8738    14.2209          2          2  0.000e+00
  1022.1983     10.143     10.226    29.8472    14.2790          2          2  0.000e+00
  1022.1934     10.021     10.103    29.8541    14.3265          2          2  0.000e+00
  1022.1877      9.906      9.988    29.8615    14.3799          2          2  0.000e+00
  1022.1260      9.791      9.871    29.7981    14.4399          2          2  0.000e+00
  1022.1248      9.679      9.758    29.8049    14.4691          2          2  0.000e+00
  1022.1433      9.566      9.645    29.8382    14.5012          2          2  0.000e+00
  1022.1525      9.452      9.529    29.8639    14.5501          2          2  0.000e+00
  1022.1323      9.339      9.416    29.8565    14.6181          2          2  0.000e+00
  1022.0946      9.227      9.303    29.8273    14.6887          2          2  0.000e+00
  1022.0885      9.113      9.187    29.8345    14.7423          2          2  0.000e+00
  1022.0594      8.996      9.070    29.8129    14.8001          2          2  0.000e+00
  1022.0398      8.874      8.947    29.8031    14.8549          2          2  0.000e+00
  1022.0225      8.753      8.825    29.7937    14.9002          2          2  0.000e+00
  1021.9947      8.631      8.702    29.7698    14.9430          2          2  0.000e+00
  1021.9686      8.514      8.584    29.7442    14.9709          2          2  0.000e+00
  1021.9811      8.399      8.468    29.7649    14.9847          2          2  0.000e+00
  1021.9640      8.287      8.355    29.7506    15.0112          2          2  0.000e+00
  1021.9470      8.169      8.236    29.7350    15.0322          2          2  0.000e+00
  1021.9472      8.052      8.118    29.7389    15.0433          2          2  0.000e+00
  1021.9628      7.932      7.997    29.7639    15.0579          2          2  0.000e+00
  1021.9488      7.815      7.879    29.7541    15.0861          2          2  0.000e+00
  1021.9513      7.695      7.759    29.7671    15.1192          2          2  0.000e+00
  1021.9298      7.584      7.646    29.7503    15.1573          2          2  0.000e+00
  1021.9071      7.473      7.534    29.7311    15.1922          2          2  0.000e+00
  1021.9053      7.360      7.421    29.7368    15.2187          2          2  0.000e+00
  1021.8909      7.248      7.308    29.7263    15.2463          2          2  0.000e+00
  1021.8766      7.133      7.191    29.7159    15.2737          2          2  0.000e+00
  1021.8715      7.017      7.075    29.7152    15.2928          2          2  0.000e+00
  1021.8962      6.899      6.956    29.7553    15.3188          2          2  0.000e+00
  1021.8972      6.785      6.841    29.7708    15.3673          2          2  0.000e+00
  1021.8730      6.674      6.728    29.7580    15.4321          2          2  0.000e+00
  1021.8208      6.556      6.610    29.7088    15.4968          2          2  0.000e+00
  1021.8210      6.440      6.493    29.7202    15.5345          2          2  0.000e+00
  1021.8355      6.322      6.374    29.7502    15.5715          2          2  0.000e+00
  1021.8705      6.198      6.248    29.8153    15.6384          2          2  0.000e+00
  1021.8480      6.067      6.117    29.8187    15.7513          2          2  0.000e+00
  1021.7554      5.939      5.988    29.7341    15.8752          2          2  0.000e+00
  1021.6990      5.813      5.861    29.6857    15.9610          2          2  0.000e+00
  1021.6363      5.694      5.741    29.6193    16.0121          2          2  0.000e+00
  1021.6376      5.569      5.615    29.6267    16.0293          2          2  0.000e+00
  1021.6627      5.449      5.494    29.6642    16.0435          2          2  0.000e+00
  1021.6656      5.323      5.367    29.6786    16.0782          2          2  0.000e+00
  1021.6697      5.199      5.242    29.7004    16.1328          2          2  0.000e+00
  1021.6549      5.078      5.120    29.7019    16.2021          2          2  0.000e+00
  1021.6176      4.959      4.999    29.6754    16.2767          2          2  0.000e+00
  1021.5714      4.842      4.882    29.6343    16.3400          2          2  0.000e+00
  1021.5428      4.730      4.768    29.6096    16.3813          2          2  0.000e+00
  1021.5921      4.623      4.660    29.6821    16.4076          2          2  0.000e+00
  1021.6147      4.519      4.556    29.7288    16.4641          2          2  0.000e+00
  1021.6459      4.414      4.450    29.7978    16.5585          2          2  0.000e+00
  1021.6102      4.313      4.348    29.7917    16.6945          2          2  0.000e+00
  1021.6108      4.208      4.243    29.8405    16.8542          2          2  0.000e+00
  1021.5987      4.103      4.137    29.8794    17.0357          2          2  0.000e+00
  1021.5169      3.994      4.027    29.8351    17.2412          2          2  0.000e+00
  1021.4042      3.882      3.913    29.7463    17.4319          2          2  0.000e+00
  1021.3521      3.767      3.798    29.7239    17.5797          2          2  0.000e+00
  1021.2353      3.653      3.683    29.6058    17.6904          2          2  0.000e+00
  1021.1594      3.535      3.564    29.5220    17.7384          2          2  0.000e+00
  1021.2168      3.412      3.440    29.5999    17.7453          2          2  0.000e+00
  1021.2165      3.286      3.313    29.6093    17.7748          2          2  0.000e+00
  1021.2192      3.159      3.185    29.6266    17.8168          2          2  0.000e+00
  1021.2247      3.034      3.059    29.6513    17.8712          2          2  0.000e+00
  1021.1752      2.912      2.936    29.6081    17.9384          2          2  0.000e+00
  1021.1395      2.791      2.814    29.5763    17.9842          3          3  0.000e+00
  1021.1411      2.678      2.699    29.5887    18.0150          3          3  0.000e+00
  1021.1276      2.563      2.584    29.5805    18.0436          3          3  0.000e+00
  1021.1107      2.451      2.471    29.5669    18.0688          3          3  0.000e+00
  1021.0974      2.338      2.358    29.5558    18.0867          3          3  0.000e+00
  1021.1046      2.223      2.241    29.5694    18.0983          3          3  0.000e+00
  1021.1008      2.098      2.115    29.5695    18.1121          3          3  0.000e+00
  1021.1138      1.977      1.993    29.5926    18.1294          3          3  0.000e+00
  1021.1041      1.850      1.865    29.5897    18.1581          3          3  0.000e+00
  1021.0649      1.719      1.733    29.5479    18.1862          3          3  0.000e+00
  1021.0489      1.597      1.611    29.5295    18.1921          3          3  0.000e+00
  1021.0705      1.480      1.492    29.5559    18.1838          3          3  0.000e+00
  1021.0712      1.363      1.374    29.5586    18.1873          3          3  0.000e+00
  1021.0734      1.259      1.270    29.5643    18.1944          3          3  0.000e+00
  1021.0737      1.161      1.170    29.5683    18.2041          3          3  0.000e+00
  1021.0657      1.065      1.074    29.5626    18.2173          3          3  0.000e+00
  1021.0584      0.972      0.980    29.5569    18.2284          3          3  0.000e+00
  1021.0600      0.874      0.881    29.5626    18.2378          3          3  0.000e+00
  1021.0605      0.755      0.761    29.5668    18.2470          3          3  0.000e+00
  1021.0552      0.628      0.633    29.5642    18.2586          3          3  0.000e+00
  1021.0238      0.488      0.492    29.5267    18.2672          3          3  0.000e+00
  1021.0160      0.346      0.349    29.5135    18.2555          3          3  0.000e+00
  1021.0403      0.223      0.225    29.5394    18.2342          3          3  0.000e+00
  1021.0552      0.144      0.145    29.5568    18.2255          3          3  0.000e+00
  1021.0555      0.085      0.086    29.5592    18.2312          3          3  0.000e+00
  1021.0286      0.018      0.018    29.5281    18.2433          3          3  0.000e+00
  1020.9945      0.016      0.016    29.4857    18.2500          3          3  0.000e+00
  1020.9956      0.017      0.017    29.4842    18.2409          3          3  0.000e+00
  1021.0228      0.017      0.017    29.5056    18.1956          3          3  0.000e+00
  1021.0160      0.016      0.016    29.4827    18.1508          3          3  0.000e+00
  1021.0178      0.016      0.016    29.4733    18.1129          3          3  0.000e+00
  1021.0570      0.015      0.015    29.5078    18.0589          3          3  0.000e+00
  1021.0773      0.017      0.017    29.5198    18.0124          3          3  0.000e+00
  1021.0836      0.016      0.016    29.5187    17.9822          3          3  0.000e+00
  1021.0914      0.013      0.013    29.5200    17.9533          3          3  0.000e+00
  1021.0970      0.015      0.015    29.5179    17.9233          3          3  0.000e+00
  1021.1013      0.015      0.015    29.5142    17.8930          3          3  0.000e+00
  1008.8064      0.016      0.016    13.3661    17.8622          3          3  0.000e+00
  1004.0181      0.018      0.018     7.0604    17.8289          3          3  0.000e+00
  1002.0289      0.016      0.016     4.4410    17.8019          3          3  0.000e+00
  1001.3644      0.016      0.016     3.5659    17.7877          3          3  0.000e+00
  1001.1198      0.016      0.016     3.2416    17.7729          3          3  0.000e+00
  1000.7045      0.016      0.016     2.6930    17.7549          3          3  0.000e+00
  1000.2218      0.016      0.016     2.0564    17.7350          3          3  0.000e+00
   999.9491      0.015      0.015     1.6943    17.7127          3          3  0.000e+00
   999.7762      0.015      0.015     1.4626    17.6891          3          3  0.000e+00
   999.7872      0.017      0.017     1.4713    17.6654          3          3  0.000e+00
   999.8782      0.016      0.016     1.5845    17.6417          3          3  0.000e+00
