data/eDNA/PER-2021-171/171b004.ros
* Sea-Bird SBE19plus  Data File:
* FileName = C:\Users\RSG_field\Ryan_2021_Perley\CTD\171b004.hex
* Software version 2.3.0 SB_Terminal.dll
* Temperature SN = 7141
* Conductivity SN = 7141
* System UpLoad Time = Aug 09 2021 14:59:54
* <ApplicationData>
* <SeatermAF>
** Platform: M. Perley
** Cruise: Per2021171
** Station:  GC_04
** Cast: 01 02
** Latitude: N  44 44.510
** Longitude: W 62 25.062
** Sounding: 55.7
** Chief Scientist: Ryan Stanley
** Comment: 171b004
# nquan = 9
# nvalues = 27                                    
# units = specified
# name 0 = density00: Density [density, kg/m^3]
# name 1 = depSM: Depth [salt water, m], lat = 45.00
# name 2 = prdM: Pressure, Strain Gauge [db]
# name 3 = sal00: Salinity, Practical [PSU]
# name 4 = tv290C: Temperature [ITS-90, deg C]
# name 5 = bpos: Bottle Position in Carousel
# name 6 = nbf: Bottles Fired
# name 7 = scan: Scan Count
# name 8 = flag:  0.000e+00
# interval = seconds: 0.25
# start_time = Aug 09 2021 17:44:48 [Instrument's time stamp, header]
# bad_flag = -9.990e-29
*END*
  1025.2212     50.372     50.790    31.4641     3.9056          1          1       1642  0.000e+00
  1025.2226     50.421     50.840    31.4655     3.9052          1          1       1643  0.000e+00
  1025.2254     50.473     50.892    31.4688     3.9052          1          1       1644  0.000e+00
  1025.2275     50.524     50.943    31.4711     3.9056          1          1       1645  0.000e+00
  1025.2278     50.579     50.999    31.4712     3.9059          1          1       1646  0.000e+00
  1025.2280     50.637     51.058    31.4711     3.9057          1          1       1647  0.000e+00
  1025.2263     50.702     51.123    31.4686     3.9056          1          1       1648  0.000e+00
  1025.2320     50.784     51.206    31.4751     3.9050          1          1       1649  0.000e+00
  1025.2370     50.872     51.295    31.4809     3.9051          1          1       1650  0.000e+00
  1024.5918     25.391     25.601    31.0340     5.5434          2          2       2226  0.000e+00
  1024.5884     25.124     25.331    31.0323     5.5504          2          2       2227  0.000e+00
  1024.5856     24.866     25.071    31.0312     5.5574          2          2       2228  0.000e+00
  1024.5837     24.625     24.828    31.0312     5.5642          2          2       2229  0.000e+00
  1024.5810     24.415     24.616    31.0301     5.5712          2          2       2230  0.000e+00
  1024.5790     24.250     24.450    31.0296     5.5783          2          2       2231  0.000e+00
  1024.5778     24.139     24.338    31.0297     5.5854          2          2       2232  0.000e+00
  1024.5758     24.086     24.285    31.0285     5.5926          2          2       2233  0.000e+00
  1024.5947     24.084     24.283    31.0536     5.6009          2          2       2234  0.000e+00
  1021.9829      2.772      2.795    30.6262    17.8114          3          3       2435  0.000e+00
  1021.9787      2.684      2.706    30.6225    17.8154          3          3       2436  0.000e+00
  1021.9783      2.626      2.647    30.6227    17.8168          3          3       2437  0.000e+00
  1021.9847      2.588      2.609    30.6319    17.8185          3          3       2438  0.000e+00
  1021.9828      2.547      2.568    30.6313    17.8243          3          3       2439  0.000e+00
  1021.9762      2.475      2.496    30.6254    17.8314          3          3       2440  0.000e+00
  1021.9686      2.364      2.383    30.6173    17.8352          3          3       2441  0.000e+00
  1021.9653      2.216      2.234    30.6134    17.8339          3          3       2442  0.000e+00
  1021.9635      2.033      2.050    30.6109    17.8298          3          3       2443  0.000e+00
