data/eDNA/PER-2021-171/171b004.cnv
* Sea-Bird SBE19plus  Data File:
* FileName = C:\Users\RSG_field\Ryan_2021_Perley\CTD\171b004.hex
* Software version 2.3.0 SB_Terminal.dll
* Temperature SN = 7141
* Conductivity SN = 7141
* System UpLoad Time = Aug 09 2021 14:59:54
* <ApplicationData>
* <SeatermAF>
** Platform: M. Perley
** Cruise: Per2021171
** Station:  GC_04
** Cast: 01 02
** Latitude: N  44 44.510
** Longitude: W 62 25.062
** Sounding: 55.7
** Chief Scientist: Ryan Stanley
** Comment: 171b004
# nquan = 8
# nvalues = 2652                                  
# units = specified
# name 0 = density00: Density [density, kg/m^3]
# name 1 = depSM: Depth [salt water, m], lat = 45.00
# name 2 = prdM: Pressure, Strain Gauge [db]
# name 3 = sal00: Salinity, Practical [PSU]
# name 4 = tv290C: Temperature [ITS-90, deg C]
# name 5 = bpos: Bottle Position in Carousel
# name 6 = nbf: Bottles Fired
# name 7 = flag:  0.000e+00
# span 0 =   998.8074,  1025.2597                 
# span 1 =      0.024,     51.351                 
# span 2 =      0.024,     51.778                 
# span 3 =     0.0000,    31.5076                 
# span 4 =     3.8999,    17.9071                 
# span 5 =          0,          3                 
# span 6 =          0,          3                 
# span 7 = 0.0000e+00, 0.0000e+00                 
# interval = seconds: 0.25
# start_time = Aug 09 2021 17:44:48 [Instrument's time stamp, header]
# bad_flag = -9.990e-29
*END*
[from data line 180]
  1021.9106      2.086      2.103    30.5413    17.8297          0          0  0.000e+00
  1021.8904      2.031      2.048    30.5181    17.8390          0          0  0.000e+00
  1021.9511      1.939      1.955    30.5939    17.8258          0          0  0.000e+00
  1022.0115      1.814      1.829    30.6693    17.8118          0          0  0.000e+00
  1022.0082      1.689      1.703    30.6732    17.8360          0          0  0.000e+00
  1021.9933      1.623      1.637    30.6616    17.8602          0          0  0.000e+00
  1021.9829      1.603      1.616    30.6528    17.8747          0          0  0.000e+00
  1021.9783      1.609      1.622    30.6493    17.8830          0          0  0.000e+00
  1021.9773      1.619      1.632    30.6498    17.8889          0          0  0.000e+00
  1021.9735      1.613      1.626    30.6465    17.8945          0          0  0.000e+00
  1021.9649      1.600      1.613    30.6365    17.8981          0          0  0.000e+00
  1021.9650      1.582      1.595    30.6363    17.8964          0          0  0.000e+00
  1021.9707      1.565      1.578    30.6430    17.8940          0          0  0.000e+00
  1021.9698      1.552      1.565    30.6420    17.8945          0          0  0.000e+00
  1021.9694      1.557      1.569    30.6417    17.8950          0          0  0.000e+00
  1021.9691      1.601      1.614    30.6410    17.8948          0          0  0.000e+00
  1021.9692      1.685      1.699    30.6405    17.8944          0          0  0.000e+00
  1021.9696      1.784      1.799    30.6401    17.8934          0          0  0.000e+00
  1021.9705      1.859      1.874    30.6405    17.8922          0          0  0.000e+00
  1021.9712      1.905      1.921    30.6407    17.8911          0          0  0.000e+00
  1021.9722      1.939      1.955    30.6416    17.8901          0          0  0.000e+00
  1021.9719      1.972      1.988    30.6408    17.8896          0          0  0.000e+00
  1021.9729      1.985      2.001    30.6418    17.8888          0          0  0.000e+00
  1021.9739      1.998      2.014    30.6429    17.8886          0          0  0.000e+00
  1021.9725      2.021      2.037    30.6411    17.8887          0          0  0.000e+00
  1021.9747      2.073      2.090    30.6433    17.8877          0          0  0.000e+00
  1021.9776      2.130      2.147    30.6469    17.8880          0          0  0.000e+00
  1021.9772      2.169      2.187    30.6468    17.8904          0          0  0.000e+00
  1021.9753      2.171      2.189    30.6451    17.8930          0          0  0.000e+00
  1021.9735      2.141      2.158    30.6435    17.8947          0          0  0.000e+00
  1021.9717      2.076      2.093    30.6418    17.8955          0          0  0.000e+00
  1021.9705      1.979      1.996    30.6406    17.8951          0          0  0.000e+00
  1021.9692      1.849      1.864    30.6394    17.8939          0          0  0.000e+00
  1021.9684      1.708      1.722    30.6386    17.8919          0          0  0.000e+00
  1021.9696      1.577      1.590    30.6400    17.8893          0          0  0.000e+00
  1021.9719      1.463      1.475    30.6431    17.8873          0          0  0.000e+00
  1021.9721      1.359      1.371    30.6440    17.8872          0          0  0.000e+00
  1021.9732      1.286      1.297    30.6459    17.8876          0          0  0.000e+00
  1021.9732      1.236      1.247    30.6467    17.8892          0          0  0.000e+00
  1021.9718      1.216      1.226    30.6458    17.8916          0          0  0.000e+00
  1021.9700      1.246      1.256    30.6437    17.8931          0          0  0.000e+00
  1021.9710      1.337      1.348    30.6446    17.8938          0          0  0.000e+00
  1021.9720      1.459      1.471    30.6455    17.8945          0          0  0.000e+00
  1021.9721      1.590      1.603    30.6454    17.8960          0          0  0.000e+00
  1021.9718      1.719      1.733    30.6445    17.8972          0          0  0.000e+00
  1021.9718      1.824      1.839    30.6443    17.8981          0          0  0.000e+00
  1021.9717      1.911      1.926    30.6438    17.8989          0          0  0.000e+00
  1021.9719      1.981      1.997    30.6439    17.8995          0          0  0.000e+00
  1021.9718      2.037      2.053    30.6435    17.8999          0          0  0.000e+00
  1021.9715      2.076      2.093    30.6430    17.8999          0          0  0.000e+00
  1021.9713      2.110      2.127    30.6424    17.8997          0          0  0.000e+00
  1021.9719      2.150      2.168    30.6428    17.8993          0          0  0.000e+00
  1021.9731      2.190      2.208    30.6441    17.8991          0          0  0.000e+00
  1021.9734      2.230      2.248    30.6443    17.8993          0          0  0.000e+00
  1021.9730      2.255      2.274    30.6438    17.9000          0          0  0.000e+00
  1021.9730      2.265      2.283    30.6439    17.9002          0          0  0.000e+00
  1021.9722      2.249      2.267    30.6430    17.9005          0          0  0.000e+00
  1021.9708      2.196      2.214    30.6414    17.9003          0          0  0.000e+00
  1021.9712      2.102      2.120    30.6423    17.8993          0          0  0.000e+00
  1021.9706      1.982      1.998    30.6418    17.8985          0          0  0.000e+00
  1021.9692      1.843      1.858    30.6406    17.8976          0          0  0.000e+00
  1021.9701      1.692      1.706    30.6421    17.8961          0          0  0.000e+00
  1021.9700      1.540      1.552    30.6426    17.8950          0          0  0.000e+00
  1021.9702      1.398      1.409    30.6434    17.8943          0          0  0.000e+00
  1021.9701      1.278      1.288    30.6438    17.8939          0          0  0.000e+00
  1021.9701      1.194      1.204    30.6444    17.8939          0          0  0.000e+00
  1021.9698      1.150      1.159    30.6443    17.8945          0          0  0.000e+00
  1021.9695      1.141      1.150    30.6443    17.8951          0          0  0.000e+00
  1021.9695      1.178      1.188    30.6442    17.8955          0          0  0.000e+00
  1021.9701      1.270      1.281    30.6445    17.8959          0          0  0.000e+00
  1021.9706      1.423      1.435    30.6445    17.8963          0          0  0.000e+00
  1021.9714      1.617      1.630    30.6444    17.8967          0          0  0.000e+00
  1021.9731      1.812      1.827    30.6456    17.8970          0          0  0.000e+00
  1021.9745      1.975      1.991    30.6467    17.8976          0          0  0.000e+00
  1021.9720      2.083      2.100    30.6434    17.8992          0          0  0.000e+00
  1021.9719      2.150      2.168    30.6428    17.8993          0          0  0.000e+00
  1021.9732      2.166      2.184    30.6443    17.8989          0          0  0.000e+00
  1021.9730      2.142      2.159    30.6442    17.8991          0          0  0.000e+00
  1021.9713      2.091      2.108    30.6424    17.8996          0          0  0.000e+00
  1021.9714      2.038      2.054    30.6427    17.8990          0          0  0.000e+00
  1021.9717      2.000      2.016    30.6431    17.8981          0          0  0.000e+00
  1021.9736      1.981      1.997    30.6455    17.8979          0          0  0.000e+00
  1021.9730      1.970      1.986    30.6451    17.8986          0          0  0.000e+00
  1021.9728      1.971      1.987    30.6451    17.8995          0          0  0.000e+00
  1021.9740      1.981      1.997    30.6469    17.9005          0          0  0.000e+00
  1021.9724      1.978      1.995    30.6454    17.9022          0          0  0.000e+00
  1021.9704      1.961      1.977    30.6433    17.9033          0          0  0.000e+00
  1021.9708      1.935      1.951    30.6439    17.9031          0          0  0.000e+00
  1021.9706      1.914      1.929    30.6436    17.9029          0          0  0.000e+00
  1021.9700      1.895      1.910    30.6428    17.9026          0          0  0.000e+00
  1021.9709      1.871      1.887    30.6440    17.9020          0          0  0.000e+00
  1021.9703      1.824      1.839    30.6434    17.9020          0          0  0.000e+00
  1021.9696      1.744      1.758    30.6430    17.9016          0          0  0.000e+00
  1021.9689      1.631      1.644    30.6424    17.9008          0          0  0.000e+00
  1021.9674      1.493      1.505    30.6411    17.9001          0          0  0.000e+00
  1021.9688      1.343      1.354    30.6432    17.8984          0          0  0.000e+00
  1021.9689      1.199      1.209    30.6438    17.8975          0          0  0.000e+00
  1021.9694      1.104      1.113    30.6450    17.8973          0          0  0.000e+00
  1021.9701      1.107      1.116    30.6462    17.8979          0          0  0.000e+00
  1021.9702      1.224      1.234    30.6458    17.8989          0          0  0.000e+00
  1021.9717      1.427      1.439    30.6469    17.8998          0          0  0.000e+00
  1021.9726      1.668      1.681    30.6471    17.9012          0          0  0.000e+00
  1021.9708      1.886      1.902    30.6440    17.9029          0          0  0.000e+00
  1021.9705      2.067      2.084    30.6427    17.9034          0          0  0.000e+00
  1021.9727      2.218      2.236    30.6445    17.9025          0          0  0.000e+00
  1021.9725      2.317      2.335    30.6438    17.9028          0          0  0.000e+00
  1021.9725      2.354      2.373    30.6434    17.9026          0          0  0.000e+00
  1021.9722      2.338      2.357    30.6431    17.9023          0          0  0.000e+00
  1021.9728      2.292      2.311    30.6439    17.9017          0          0  0.000e+00
  1021.9728      2.213      2.231    30.6443    17.9015          0          0  0.000e+00
  1021.9705      2.109      2.126    30.6419    17.9013          0          0  0.000e+00
  1021.9701      1.987      2.003    30.6417    17.9003          0          0  0.000e+00
  1021.9709      1.853      1.868    30.6431    17.8990          0          0  0.000e+00
  1021.9714      1.734      1.748    30.6442    17.8980          0          0  0.000e+00
  1021.9707      1.632      1.645    30.6438    17.8979          0          0  0.000e+00
  1021.9707      1.546      1.559    30.6443    17.8979          0          0  0.000e+00
  1021.9701      1.476      1.488    30.6439    17.8977          0          0  0.000e+00
  1021.9705      1.434      1.445    30.6447    17.8976          0          0  0.000e+00
  1021.9708      1.423      1.435    30.6452    17.8978          0          0  0.000e+00
  1021.9705      1.421      1.432    30.6450    17.8985          0          0  0.000e+00
  1021.9704      1.432      1.444    30.6448    17.8988          0          0  0.000e+00
  1021.9704      1.468      1.481    30.6448    17.8993          0          0  0.000e+00
  1021.9707      1.525      1.537    30.6450    17.8996          0          0  0.000e+00
  1021.9713      1.604      1.617    30.6454    17.9000          0          0  0.000e+00
  1021.9705      1.690      1.704    30.6441    17.9006          0          0  0.000e+00
  1021.9697      1.782      1.797    30.6425    17.9007          0          0  0.000e+00
  1021.9711      1.877      1.892    30.6435    17.8997          0          0  0.000e+00
  1021.9739      1.970      1.986    30.6465    17.8990          0          0  0.000e+00
  1021.9728      2.054      2.070    30.6448    17.8999          0          0  0.000e+00
  1021.9737      2.109      2.126    30.6458    17.9004          0          0  0.000e+00
  1021.9735      2.148      2.166    30.6456    17.9012          0          0  0.000e+00
  1021.9742      2.172      2.190    30.6466    17.9019          0          0  0.000e+00
  1021.9730      2.174      2.192    30.6454    17.9032          0          0  0.000e+00
  1021.9719      2.160      2.177    30.6442    17.9040          0          0  0.000e+00
  1021.9716      2.128      2.145    30.6441    17.9041          0          0  0.000e+00
  1021.9703      2.079      2.096    30.6425    17.9037          0          0  0.000e+00
  1021.9688      2.013      2.030    30.6406    17.9028          0          0  0.000e+00
  1021.9700      1.924      1.940    30.6421    17.9009          0          0  0.000e+00
  1021.9699      1.815      1.830    30.6422    17.8994          0          0  0.000e+00
  1021.9699      1.690      1.704    30.6425    17.8980          0          0  0.000e+00
  1021.9690      1.558      1.570    30.6417    17.8967          0          0  0.000e+00
  1021.9696      1.423      1.435    30.6428    17.8951          0          0  0.000e+00
  1021.9706      1.313      1.323    30.6445    17.8942          0          0  0.000e+00
  1021.9714      1.259      1.269    30.6457    17.8939          0          0  0.000e+00
  1021.9723      1.268      1.279    30.6470    17.8945          0          0  0.000e+00
  1021.9724      1.340      1.351    30.6472    17.8959          0          0  0.000e+00
  1021.9722      1.462      1.474    30.6466    17.8974          0          0  0.000e+00
  1021.9727      1.602      1.615    30.6469    17.8986          0          0  0.000e+00
  1021.9732      1.722      1.736    30.6473    17.9003          0          0  0.000e+00
  1021.9714      1.824      1.838    30.6449    17.9022          0          0  0.000e+00
  1021.9709      1.913      1.928    30.6440    17.9029          0          0  0.000e+00
  1021.9711      1.971      1.987    30.6438    17.9025          0          0  0.000e+00
  1021.9711      2.014      2.031    30.6435    17.9022          0          0  0.000e+00
  1021.9713      2.060      2.077    30.6434    17.9019          0          0  0.000e+00
  1021.9722      2.093      2.110    30.6441    17.9013          0          0  0.000e+00
  1021.9726      2.104      2.122    30.6444    17.9007          0          0  0.000e+00
  1021.9718      2.092      2.109    30.6435    17.9008          0          0  0.000e+00
  1021.9723      2.062      2.079    30.6441    17.9002          0          0  0.000e+00
  1021.9723      2.009      2.025    30.6444    17.8998          0          0  0.000e+00
  1021.9704      1.931      1.946    30.6422    17.8996          0          0  0.000e+00
  1021.9692      1.855      1.871    30.6408    17.8984          0          0  0.000e+00
  1021.9709      1.786      1.801    30.6426    17.8962          0          0  0.000e+00
  1021.9731      1.746      1.760    30.6453    17.8948          0          0  0.000e+00
  1021.9742      1.741      1.755    30.6468    17.8950          0          0  0.000e+00
  1021.9741      1.751      1.766    30.6471    17.8963          0          0  0.000e+00
  1021.9745      1.773      1.787    30.6481    17.8980          0          0  0.000e+00
  1021.9720      1.782      1.797    30.6454    17.9000          0          0  0.000e+00
  1021.9708      1.783      1.798    30.6439    17.9006          0          0  0.000e+00
  1021.9709      1.765      1.780    30.6441    17.9003          0          0  0.000e+00
  1021.9705      1.725      1.739    30.6438    17.9002          0          0  0.000e+00
  1021.9704      1.671      1.685    30.6438    17.8997          0          0  0.000e+00
  1021.9699      1.618      1.631    30.6433    17.8992          0          0  0.000e+00
  1021.9689      1.594      1.607    30.6418    17.8985          0          0  0.000e+00
  1021.9707      1.610      1.624    30.6437    17.8970          0          0  0.000e+00
  1021.9729      1.670      1.683    30.6459    17.8961          0          0  0.000e+00
  1021.9743      1.768      1.783    30.6473    17.8967          0          0  0.000e+00
  1021.9738      1.865      1.880    30.6467    17.8982          0          0  0.000e+00
  1021.9732      1.939      1.955    30.6459    17.8996          0          0  0.000e+00
  1021.9730      1.978      1.994    30.6456    17.9002          0          0  0.000e+00
