data/eDNA/PER-2021-171/171b027.cnv
* Sea-Bird SBE19plus  Data File:
* FileName = C:\Users\RSG_field\Ryan_2021_Perley\CTD\171b027.hex
* Software version 2.3.0 SB_Terminal.dll
* Temperature SN = 7141
* Conductivity SN = 7141
* System UpLoad Time = Aug 18 2021 11:29:18
* <ApplicationData>
* <SeatermAF>
** Platform: M. Perley
** Cruise: Per2021171
** Station:  SAB_03
** Cast: 01 2
** Latitude: N  45 50.659
** Longitude: W 60 05.204
** Sounding: 34.9
** Chief Scientist: Ryan Stanley
** Comment: 171b027
# nquan = 8
# nvalues = 2151                                  
# units = specified
# name 0 = density00: Density [density, kg/m^3]
# name 1 = depSM: Depth [salt water, m], lat = 45.00
# name 2 = prdM: Pressure, Strain Gauge [db]
# name 3 = sal00: Salinity, Practical [PSU]
# name 4 = tv290C: Temperature [ITS-90, deg C]
# name 5 = bpos: Bottle Position in Carousel
# name 6 = nbf: Bottles Fired
# name 7 = flag:  0.000e+00
# span 0 =   998.9963,  1024.8352                 
# span 1 =      0.004,     35.267                 
# span 2 =      0.004,     35.559                 
# span 3 =     0.0080,    31.3108                 
# span 4 =     5.6227,    18.3704                 
# span 5 =          0,          3                 
# span 6 =          0,          3                 
# span 7 = 0.0000e+00, 0.0000e+00                 
# interval = seconds: 0.25
# start_time = Aug 18 2021 14:17:57 [Instrument's time stamp, header]
# bad_flag = -9.990e-29
*END*
[from data line 180]
  1020.8710      1.570      1.583    29.3329    18.3077          0          0  0.000e+00
  1020.8656      1.542      1.554    29.3266    18.3095          0          0  0.000e+00
  1020.8791      1.513      1.525    29.3366    18.2846          0          0  0.000e+00
  1020.9123      1.491      1.503    29.3661    18.2394          0          0  0.000e+00
  1020.9366      1.477      1.489    29.3888    18.2102          0          0  0.000e+00
  1020.9501      1.471      1.483    29.4031    18.1992          0          0  0.000e+00
  1020.9589      1.463      1.475    29.4143    18.1979          0          0  0.000e+00
  1020.9777      1.467      1.479    29.4370    18.1919          0          0  0.000e+00
  1020.9940      1.479      1.491    29.4566    18.1869          0          0  0.000e+00
  1020.9974      1.493      1.505    29.4654    18.2010          0          0  0.000e+00
  1020.9934      1.506      1.518    29.4680    18.2261          0          0  0.000e+00
  1020.9903      1.524      1.536    29.4717    18.2511          0          0  0.000e+00
  1020.9889      1.547      1.560    29.4760    18.2711          0          0  0.000e+00
  1020.9870      1.569      1.582    29.4781    18.2861          0          0  0.000e+00
  1020.9832      1.594      1.607    29.4765    18.2974          0          0  0.000e+00
  1020.9783      1.613      1.626    29.4726    18.3056          0          0  0.000e+00
  1020.9723      1.628      1.641    29.4667    18.3120          0          0  0.000e+00
  1020.9631      1.640      1.654    29.4561    18.3169          0          0  0.000e+00
  1020.9390      1.643      1.657    29.4250    18.3186          0          0  0.000e+00
  1020.9137      1.640      1.654    29.3904    18.3140          0          0  0.000e+00
  1020.9078      1.634      1.647    29.3802    18.3061          0          0  0.000e+00
  1020.9050      1.631      1.644    29.3766    18.3061          0          0  0.000e+00
  1020.8990      1.622      1.636    29.3696    18.3085          0          0  0.000e+00
  1020.9066      1.616      1.629    29.3753    18.2949          0          0  0.000e+00
  1020.9202      1.616      1.629    29.3862    18.2730          0          0  0.000e+00
  1020.9281      1.608      1.622    29.3908    18.2544          0          0  0.000e+00
  1020.9352      1.587      1.600    29.3945    18.2362          0          0  0.000e+00
  1020.9434      1.560      1.572    29.3995    18.2174          0          0  0.000e+00
  1020.9556      1.536      1.549    29.4088    18.1957          0          0  0.000e+00
  1020.9762      1.514      1.527    29.4269    18.1670          0          0  0.000e+00
  1020.9988      1.492      1.504    29.4481    18.1396          0          0  0.000e+00
  1021.0142      1.488      1.500    29.4634    18.1239          0          0  0.000e+00
  1021.0258      1.492      1.504    29.4759    18.1157          0          0  0.000e+00
  1021.0369      1.491      1.503    29.4893    18.1118          0          0  0.000e+00
  1021.1517      1.485      1.498    29.6410    18.1163          0          0  0.000e+00
  1021.1809      1.488      1.500    29.6945    18.1648          0          0  0.000e+00
  1021.1267      1.499      1.512    29.6475    18.2415          0          0  0.000e+00
  1021.0861      1.511      1.523    29.6115    18.2962          0          0  0.000e+00
  1021.0615      1.519      1.532    29.5889    18.3273          0          0  0.000e+00
  1021.0514      1.546      1.559    29.5806    18.3435          0          0  0.000e+00
  1021.0468      1.580      1.593    29.5774    18.3531          0          0  0.000e+00
  1021.0420      1.601      1.614    29.5730    18.3594          0          0  0.000e+00
  1021.0388      1.612      1.625    29.5699    18.3632          0          0  0.000e+00
  1021.0374      1.624      1.638    29.5687    18.3651          0          0  0.000e+00
  1021.0367      1.631      1.644    29.5680    18.3658          0          0  0.000e+00
  1021.0367      1.621      1.634    29.5681    18.3658          0          0  0.000e+00
  1021.0360      1.613      1.626    29.5671    18.3657          0          0  0.000e+00
  1021.0349      1.619      1.632    29.5654    18.3650          0          0  0.000e+00
  1021.0379      1.622      1.636    29.5688    18.3635          0          0  0.000e+00
  1021.0391      1.614      1.627    29.5704    18.3630          0          0  0.000e+00
  1021.0384      1.612      1.625    29.5696    18.3636          0          0  0.000e+00
  1021.0383      1.610      1.623    29.5696    18.3639          0          0  0.000e+00
  1021.0381      1.594      1.607    29.5696    18.3643          0          0  0.000e+00
  1021.0369      1.569      1.582    29.5681    18.3642          0          0  0.000e+00
  1021.0372      1.554      1.567    29.5683    18.3634          0          0  0.000e+00
  1021.0382      1.546      1.559    29.5694    18.3624          0          0  0.000e+00
  1021.0391      1.538      1.551    29.5704    18.3619          0          0  0.000e+00
  1021.0390      1.539      1.551    29.5703    18.3620          0          0  0.000e+00
  1021.0388      1.542      1.554    29.5702    18.3623          0          0  0.000e+00
  1021.0389      1.542      1.554    29.5704    18.3626          0          0  0.000e+00
  1021.0383      1.534      1.547    29.5697    18.3629          0          0  0.000e+00
  1021.0379      1.526      1.538    29.5692    18.3629          0          0  0.000e+00
  1021.0386      1.524      1.536    29.5700    18.3624          0          0  0.000e+00
  1021.0388      1.520      1.533    29.5703    18.3623          0          0  0.000e+00
  1021.0387      1.514      1.527    29.5702    18.3623          0          0  0.000e+00
  1021.0393      1.520      1.533    29.5710    18.3625          0          0  0.000e+00
  1021.0406      1.531      1.544    29.5727    18.3629          0          0  0.000e+00
  1021.0394      1.542      1.554    29.5716    18.3644          0          0  0.000e+00
  1021.0388      1.564      1.577    29.5710    18.3653          0          0  0.000e+00
  1021.0390      1.585      1.598    29.5711    18.3656          0          0  0.000e+00
  1021.0394      1.599      1.612    29.5718    18.3663          0          0  0.000e+00
  1021.0385      1.605      1.618    29.5709    18.3670          0          0  0.000e+00
  1021.0381      1.611      1.624    29.5704    18.3674          0          0  0.000e+00
  1021.0388      1.605      1.618    29.5714    18.3675          0          0  0.000e+00
  1021.0383      1.602      1.615    29.5709    18.3680          0          0  0.000e+00
  1021.0385      1.598      1.611    29.5713    18.3681          0          0  0.000e+00
  1021.0388      1.590      1.603    29.5716    18.3680          0          0  0.000e+00
  1021.0382      1.585      1.598    29.5710    18.3686          0          0  0.000e+00
  1021.0380      1.581      1.594    29.5707    18.3684          0          0  0.000e+00
  1021.0375      1.579      1.592    29.5702    18.3687          0          0  0.000e+00
  1021.0379      1.581      1.594    29.5705    18.3681          0          0  0.000e+00
  1021.0365      1.582      1.595    29.5686    18.3675          0          0  0.000e+00
  1021.0371      1.579      1.592    29.5689    18.3662          0          0  0.000e+00
  1021.0389      1.577      1.590    29.5707    18.3642          0          0  0.000e+00
  1021.0395      1.563      1.576    29.5715    18.3642          0          0  0.000e+00
  1021.0400      1.545      1.558    29.5724    18.3644          0          0  0.000e+00
  1021.0385      1.527      1.539    29.5707    18.3651          0          0  0.000e+00
  1021.0386      1.511      1.523    29.5708    18.3649          0          0  0.000e+00
  1021.0364      1.504      1.516    29.5680    18.3647          0          0  0.000e+00
  1021.0372      1.504      1.516    29.5685    18.3629          0          0  0.000e+00
  1021.0424      1.516      1.529    29.5747    18.3610          0          0  0.000e+00
  1021.0429      1.534      1.547    29.5757    18.3628          0          0  0.000e+00
  1021.0416      1.549      1.562    29.5748    18.3655          0          0  0.000e+00
  1021.0401      1.570      1.583    29.5734    18.3680          0          0  0.000e+00
  1021.0389      1.584      1.597    29.5723    18.3695          0          0  0.000e+00
  1021.0380      1.586      1.599    29.5713    18.3704          0          0  0.000e+00
  1021.0375      1.589      1.602    29.5707    18.3704          0          0  0.000e+00
  1021.0378      1.587      1.600    29.5710    18.3700          0          0  0.000e+00
  1021.0363      1.584      1.597    29.5689    18.3695          0          0  0.000e+00
  1021.0379      1.580      1.593    29.5707    18.3682          0          0  0.000e+00
  1021.0377      1.579      1.592    29.5699    18.3670          0          0  0.000e+00
  1021.0375      1.582      1.595    29.5694    18.3663          0          0  0.000e+00
  1021.0389      1.576      1.588    29.5709    18.3648          0          0  0.000e+00
  1021.0400      1.571      1.584    29.5721    18.3640          0          0  0.000e+00
  1021.0404      1.573      1.586    29.5727    18.3642          0          0  0.000e+00
  1021.0409      1.569      1.582    29.5736    18.3648          0          0  0.000e+00
  1021.0390      1.562      1.575    29.5714    18.3661          0          0  0.000e+00
  1021.0384      1.563      1.576    29.5706    18.3659          0          0  0.000e+00
  1021.0390      1.563      1.576    29.5713    18.3656          0          0  0.000e+00
  1021.0362      1.562      1.575    29.5675    18.3652          0          0  0.000e+00
  1021.0380      1.565      1.578    29.5691    18.3628          0          0  0.000e+00
  1021.0402      1.571      1.584    29.5712    18.3605          0          0  0.000e+00
  1021.0423      1.578      1.591    29.5737    18.3597          0          0  0.000e+00
  1021.0432      1.583      1.596    29.5753    18.3614          0          0  0.000e+00
  1021.0417      1.581      1.594    29.5740    18.3633          0          0  0.000e+00
  1021.0401      1.581      1.594    29.5724    18.3649          0          0  0.000e+00
  1021.0384      1.575      1.587    29.5704    18.3655          0          0  0.000e+00
  1021.0386      1.565      1.578    29.5706    18.3652          0          0  0.000e+00
  1021.0370      1.559      1.571    29.5682    18.3642          0          0  0.000e+00
  1021.0373      1.557      1.569    29.5679    18.3618          0          0  0.000e+00
  1021.0413      1.563      1.576    29.5724    18.3597          0          0  0.000e+00
  1021.0425      1.584      1.597    29.5740    18.3599          0          0  0.000e+00
  1021.0430      1.590      1.603    29.5750    18.3612          0          0  0.000e+00
  1021.0424      1.598      1.611    29.5748    18.3633          0          0  0.000e+00
  1021.0402      1.599      1.612    29.5726    18.3655          0          0  0.000e+00
  1021.0377      1.588      1.601    29.5697    18.3663          0          0  0.000e+00
  1021.0375      1.576      1.589    29.5691    18.3650          0          0  0.000e+00
  1021.0379      1.567      1.580    29.5690    18.3629          0          0  0.000e+00
  1021.0374      1.559      1.571    29.5678    18.3610          0          0  0.000e+00
  1021.0373      1.550      1.563    29.5669    18.3585          0          0  0.000e+00
  1021.0380      1.545      1.558    29.5667    18.3548          0          0  0.000e+00
  1021.0389      1.546      1.559    29.5666    18.3508          0          0  0.000e+00
  1021.0424      1.541      1.553    29.5701    18.3471          0          0  0.000e+00
  1021.0455      1.541      1.553    29.5736    18.3455          0          0  0.000e+00
  1021.0471      1.547      1.560    29.5758    18.3461          0          0  0.000e+00
  1021.0455      1.548      1.561    29.5745    18.3487          0          0  0.000e+00
  1021.0446      1.548      1.561    29.5740    18.3505          0          0  0.000e+00
  1021.0437      1.546      1.559    29.5733    18.3520          0          0  0.000e+00
  1021.0433      1.547      1.560    29.5731    18.3531          0          0  0.000e+00
  1021.0432      1.549      1.562    29.5731    18.3538          0          0  0.000e+00
  1021.0417      1.552      1.565    29.5713    18.3540          0          0  0.000e+00
  1021.0405      1.561      1.574    29.5694    18.3533          0          0  0.000e+00
  1021.0453      1.570      1.583    29.5751    18.3515          0          0  0.000e+00
  1021.0453      1.579      1.592    29.5753    18.3525          0          0  0.000e+00
  1021.0445      1.589      1.602    29.5749    18.3547          0          0  0.000e+00
  1021.0450      1.598      1.611    29.5760    18.3561          0          0  0.000e+00
  1021.0442      1.606      1.620    29.5753    18.3576          0          0  0.000e+00
  1021.0414      1.615      1.628    29.5722    18.3593          0          0  0.000e+00
  1021.0417      1.619      1.632    29.5727    18.3600          0          0  0.000e+00
  1021.0419      1.613      1.626    29.5732    18.3605          0          0  0.000e+00
  1021.0405      1.602      1.615    29.5717    18.3612          0          0  0.000e+00
  1021.0390      1.588      1.601    29.5698    18.3613          0          0  0.000e+00
  1021.0373      1.578      1.591    29.5673    18.3601          0          0  0.000e+00
  1021.0360      1.566      1.579    29.5647    18.3571          0          0  0.000e+00
  1021.0392      1.562      1.575    29.5674    18.3522          0          0  0.000e+00
  1021.0418      1.561      1.574    29.5699    18.3493          0          0  0.000e+00
  1021.0453      1.552      1.565    29.5740    18.3477          0          0  0.000e+00
  1021.0458      1.540      1.552    29.5749    18.3484          0          0  0.000e+00
  1021.0445      1.542      1.554    29.5737    18.3501          0          0  0.000e+00
  1021.0437      1.542      1.554    29.5730    18.3511          0          0  0.000e+00
  1021.0434      1.533      1.546    29.5729    18.3518          0          0  0.000e+00
  1021.0411      1.529      1.541    29.5700    18.3520          0          0  0.000e+00
  1021.0438      1.528      1.540    29.5730    18.3508          0          0  0.000e+00
  1021.0455      1.526      1.538    29.5753    18.3506          0          0  0.000e+00
  1021.0438      1.520      1.533    29.5737    18.3525          0          0  0.000e+00
  1021.0419      1.530      1.543    29.5714    18.3535          0          0  0.000e+00
  1021.0433      1.542      1.554    29.5733    18.3536          0          0  0.000e+00
  1021.0438      1.546      1.559    29.5740    18.3541          0          0  0.000e+00
  1021.0419      1.548      1.561    29.5718    18.3551          0          0  0.000e+00
  1021.0411      1.562      1.575    29.5707    18.3550          0          0  0.000e+00
  1021.0428      1.577      1.590    29.5726    18.3541          0          0  0.000e+00
  1021.0440      1.586      1.599    29.5742    18.3542          0          0  0.000e+00
  1021.0441      1.596      1.609    29.5746    18.3552          0          0  0.000e+00
  1021.0436      1.606      1.620    29.5744    18.3570          0          0  0.000e+00
  1021.0432      1.611      1.624    29.5743    18.3584          0          0  0.000e+00
  1021.0410      1.605      1.618    29.5718    18.3599          0          0  0.000e+00
  1021.0401      1.601      1.614    29.5707    18.3600          0          0  0.000e+00
  1021.0404      1.599      1.612    29.5709    18.3592          0          0  0.000e+00
  1021.0411      1.589      1.602    29.5716    18.3585          0          0  0.000e+00
