data/eDNA/PER-2021-171/171b008.cnv
* Sea-Bird SBE19plus  Data File:
* FileName = C:\Users\RSG_field\Ryan_2021_Perley\CTD\171b008.hex
* Software version 2.3.0 SB_Terminal.dll
* Temperature SN = 7141
* Conductivity SN = 7141
* System UpLoad Time = Aug 11 2021 11:02:49
* <ApplicationData>
* <SeatermAF>
** Platform: M. Perley
** Cruise: Per2021171
** Station:  ESI_16
** Cast: 01 2
** Latitude: N  44 30.177
** Longitude: W 62 50.614
** Sounding: 116
** Chief Scientist: Ryan Stanley
** Comment: Calm seas
** 80m water chemistry and the eDNA
# nquan = 8
# nvalues = 3528                                  
# units = specified
# name 0 = density00: Density [density, kg/m^3]
# name 1 = depSM: Depth [salt water, m], lat = 45.00
# name 2 = prdM: Pressure, Strain Gauge [db]
# name 3 = sal00: Salinity, Practical [PSU]
# name 4 = tv290C: Temperature [ITS-90, deg C]
# name 5 = bpos: Bottle Position in Carousel
# name 6 = nbf: Bottles Fired
# name 7 = flag:  0.000e+00
# span 0 =   998.7148,  1026.7049                 
# span 1 =     -0.029,    111.730                 
# span 2 =     -0.030,    112.675                 
# span 3 =     0.0078,    33.1698                 
# span 4 =     3.3398,    18.7234                 
# span 5 =          0,          3                 
# span 6 =          0,          3                 
# span 7 = 0.0000e+00, 0.0000e+00                 
# interval = seconds: 0.25
# start_time = Aug 11 2021 13:44:43 [Instrument's time stamp, header]
# bad_flag = -9.990e-29
*END*
[from data line 899]
  1022.9771     17.013     17.153    30.4589    12.8836          0          0  0.000e+00
  1023.2855     17.144     17.285    30.7469    12.4355          0          0  0.000e+00
  1023.4939     17.269     17.411    30.9438    12.1382          0          0  0.000e+00
  1023.5905     17.384     17.527    31.0249    11.9580          0          0  0.000e+00
  1023.5781     17.492     17.636    30.9789    11.8329          0          0  0.000e+00
  1023.5870     17.591     17.736    30.9579    11.6964          0          0  0.000e+00
  1023.6494     17.685     17.831    31.0022    11.5426          0          0  0.000e+00
  1023.7202     17.776     17.923    31.0621    11.4095          0          0  0.000e+00
  1023.8120     17.862     18.009    31.1565    11.3068          0          0  0.000e+00
  1023.7811     17.949     18.097    31.1029    11.2482          0          0  0.000e+00
  1023.8026     18.040     18.189    31.1144    11.1792          0          0  0.000e+00
  1023.7466     18.134     18.283    31.0231    11.0963          0          0  0.000e+00
  1023.8476     18.229     18.379    31.1255    10.9758          0          0  0.000e+00
  1023.8419     18.332     18.483    31.0996    10.8949          0          0  0.000e+00
  1023.8357     18.440     18.592    31.0725    10.8118          0          0  0.000e+00
  1023.8733     18.557     18.709    31.0994    10.7173          0          0  0.000e+00
  1023.8009     18.682     18.835    30.9857    10.6257          0          0  0.000e+00
  1023.8279     18.812     18.967    30.9898    10.4883          0          0  0.000e+00
  1023.9098     18.952     19.108    31.0629    10.3430          0          0  0.000e+00
  1023.9457     19.105     19.262    31.0844    10.2316          0          0  0.000e+00
  1023.9704     19.266     19.424    31.0948    10.1358          0          0  0.000e+00
  1023.9824     19.430     19.590    31.0885    10.0373          0          0  0.000e+00
  1024.0114     19.603     19.764    31.1027     9.9325          0          0  0.000e+00
  1024.0132     19.768     19.931    31.0820     9.8260          0          0  0.000e+00
  1024.0298     19.928     20.092    31.0779     9.7071          0          0  0.000e+00
  1024.1145     20.073     20.239    31.1606     9.5851          0          0  0.000e+00
  1024.1763     20.195     20.362    31.2212     9.4973          0          0  0.000e+00
  1024.2214     20.291     20.458    31.2676     9.4445          0          0  0.000e+00
  1024.2494     20.367     20.535    31.2975     9.4169          0          0  0.000e+00
  1024.2511     20.420     20.588    31.2972     9.4064          0          0  0.000e+00
  1024.2567     20.450     20.618    31.3028     9.3995          0          0  0.000e+00
  1024.2643     20.465     20.633    31.3119     9.3969          0          0  0.000e+00
  1024.2654     20.473     20.642    31.3140     9.4004          0          0  0.000e+00
  1024.2583     20.483     20.651    31.3061     9.4065          0          0  0.000e+00
  1024.2439     20.503     20.672    31.2884     9.4105          0          0  0.000e+00
  1024.2409     20.543     20.712    31.2837     9.4077          0          0  0.000e+00
  1024.2396     20.610     20.780    31.2805     9.4016          0          0  0.000e+00
  1024.2336     20.706     20.877    31.2706     9.3939          0          0  0.000e+00
  1024.2431     20.838     21.009    31.2798     9.3828          0          0  0.000e+00
  1024.2572     20.999     21.172    31.2952     9.3745          0          0  0.000e+00
  1024.2752     21.181     21.356    31.3170     9.3733          0          0  0.000e+00
  1024.2864     21.386     21.562    31.3314     9.3801          0          0  0.000e+00
  1024.3057     21.603     21.781    31.3573     9.3924          0          0  0.000e+00
  1024.3048     21.826     22.005    31.3588     9.4115          0          0  0.000e+00
  1024.2565     22.044     22.226    31.2985     9.4255          0          0  0.000e+00
  1024.2152     22.253     22.436    31.2409     9.4082          0          0  0.000e+00
  1024.2044     22.439     22.624    31.2159     9.3583          0          0  0.000e+00
  1024.1796     22.607     22.793    31.1689     9.2868          0          0  0.000e+00
  1024.1445     22.748     22.935    31.1023     9.1823          0          0  0.000e+00
  1024.1161     22.869     23.057    31.0372     9.0396          0          0  0.000e+00
  1024.1017     22.967     23.157    30.9855     8.8713          0          0  0.000e+00
  1024.2897     23.053     23.243    31.1905     8.6893          0          0  0.000e+00
  1024.2567     23.123     23.314    31.1283     8.5870          0          0  0.000e+00
  1024.2297     23.189     23.380    31.0751     8.4894          0          0  0.000e+00
  1024.2715     23.250     23.442    31.1052     8.3667          0          0  0.000e+00
  1024.2747     23.311     23.503    31.0883     8.2552          0          0  0.000e+00
  1024.2590     23.380     23.572    31.0472     8.1424          0          0  0.000e+00
  1024.3111     23.448     23.641    31.0903     8.0168          0          0  0.000e+00
  1024.3792     23.522     23.716    31.1576     7.9110          0          0  0.000e+00
  1024.4193     23.600     23.795    31.1955     7.8395          0          0  0.000e+00
  1024.4436     23.680     23.875    31.2174     7.7910          0          0  0.000e+00
  1024.4610     23.764     23.960    31.2328     7.7561          0          0  0.000e+00
  1024.4819     23.849     24.046    31.2544     7.7305          0          0  0.000e+00
  1024.4878     23.938     24.136    31.2590     7.7167          0          0  0.000e+00
  1024.4950     24.037     24.235    31.2661     7.7082          0          0  0.000e+00
  1024.4897     24.134     24.333    31.2578     7.7026          0          0  0.000e+00
  1024.4708     24.249     24.449    31.2315     7.6938          0          0  0.000e+00
  1024.4627     24.367     24.567    31.2168     7.6731          0          0  0.000e+00
  1024.4565     24.491     24.692    31.2028     7.6425          0          0  0.000e+00
  1024.4593     24.624     24.827    31.1989     7.6041          0          0  0.000e+00
  1024.4508     24.768     24.973    31.1798     7.5626          0          0  0.000e+00
  1024.4274     24.923     25.129    31.1398     7.5089          0          0  0.000e+00
  1024.3820     25.082     25.289    31.0672     7.4286          0          0  0.000e+00
  1024.3831     25.245     25.453    31.0481     7.3150          0          0  0.000e+00
  1024.4132     25.409     25.618    31.0637     7.1865          0          0  0.000e+00
  1024.5142     25.567     25.777    31.1711     7.0662          0          0  0.000e+00
  1024.5833     25.723     25.936    31.2448     6.9866          0          0  0.000e+00
  1024.5703     25.872     26.085    31.2197     6.9407          0          0  0.000e+00
  1024.5056     26.011     26.225    31.1272     6.8837          0          0  0.000e+00
  1024.4844     26.138     26.353    31.0831     6.7830          0          0  0.000e+00
  1024.5211     26.259     26.475    31.1089     6.6590          0          0  0.000e+00
  1024.5616     26.368     26.585    31.1415     6.5454          0          0  0.000e+00
  1024.5384     26.466     26.685    31.0957     6.4449          0          0  0.000e+00
  1024.6219     26.559     26.778    31.1836     6.3336          0          0  0.000e+00
  1024.6817     26.641     26.861    31.2465     6.2542          0          0  0.000e+00
  1024.7080     26.720     26.940    31.2725     6.2093          0          0  0.000e+00
  1024.7234     26.793     27.014    31.2871     6.1800          0          0  0.000e+00
  1024.7298     26.864     27.086    31.2919     6.1612          0          0  0.000e+00
  1024.7383     26.932     27.154    31.3000     6.1461          0          0  0.000e+00
  1024.7479     26.992     27.215    31.3099     6.1341          0          0  0.000e+00
  1024.7312     27.051     27.274    31.2871     6.1256          0          0  0.000e+00
  1024.6807     27.111     27.335    31.2197     6.1059          0          0  0.000e+00
  1024.6435     27.170     27.395    31.1646     6.0558          0          0  0.000e+00
  1024.6600     27.237     27.462    31.1737     5.9808          0          0  0.000e+00
  1024.6866     27.313     27.539    31.1957     5.9061          0          0  0.000e+00
  1024.7182     27.410     27.636    31.2258     5.8432          0          0  0.000e+00
  1024.7411     27.527     27.754    31.2472     5.7968          0          0  0.000e+00
  1024.7120     27.669     27.897    31.2041     5.7603          0          0  0.000e+00
  1024.6912     27.831     28.060    31.1698     5.7118          0          0  0.000e+00
  1024.7011     28.017     28.249    31.1715     5.6458          0          0  0.000e+00
  1024.7145     28.222     28.455    31.1779     5.5807          0          0  0.000e+00
  1024.7072     28.433     28.668    31.1585     5.5197          0          0  0.000e+00
  1024.5825     28.652     28.889    30.9894     5.4490          0          0  0.000e+00
  1024.5431     28.871     29.109    30.9190     5.3129          0          0  0.000e+00
  1024.6284     29.077     29.317    31.0018     5.1402          0          0  0.000e+00
  1024.7029     29.268     29.510    31.0765     5.0068          0          0  0.000e+00
  1024.7856     29.434     29.677    31.1677     4.9152          0          0  0.000e+00
  1024.8163     29.577     29.821    31.1988     4.8647          0          0  0.000e+00
  1024.8306     29.695     29.941    31.2124     4.8361          0          0  0.000e+00
  1024.8474     29.796     30.042    31.2303     4.8158          0          0  0.000e+00
  1024.8505     29.877     30.123    31.2322     4.8045          0          0  0.000e+00
  1024.8532     29.943     30.191    31.2343     4.7972          0          0  0.000e+00
  1024.8554     30.001     30.248    31.2360     4.7920          0          0  0.000e+00
  1024.8568     30.057     30.305    31.2370     4.7886          0          0  0.000e+00
  1024.8438     30.107     30.355    31.2199     4.7863          0          0  0.000e+00
  1024.8333     30.159     30.408    31.2054     4.7792          0          0  0.000e+00
  1024.8311     30.214     30.463    31.2005     4.7648          0          0  0.000e+00
  1024.8370     30.272     30.522    31.2055     4.7487          0          0  0.000e+00
  1024.8441     30.335     30.585    31.2121     4.7346          0          0  0.000e+00
  1024.8516     30.400     30.651    31.2199     4.7239          0          0  0.000e+00
  1024.8545     30.470     30.722    31.2222     4.7168          0          0  0.000e+00
  1024.8575     30.543     30.796    31.2248     4.7119          0          0  0.000e+00
  1024.8547     30.632     30.885    31.2203     4.7086          0          0  0.000e+00
  1024.8539     30.732     30.986    31.2182     4.7045          0          0  0.000e+00
  1024.8569     30.847     31.101    31.2207     4.6995          0          0  0.000e+00
  1024.8582     30.975     31.231    31.2211     4.6955          0          0  0.000e+00
  1024.8596     31.123     31.380    31.2216     4.6925          0          0  0.000e+00
  1024.8579     31.291     31.549    31.2181     4.6900          0          0  0.000e+00
  1024.8585     31.475     31.735    31.2173     4.6866          0          0  0.000e+00
  1024.8531     31.676     31.937    31.2087     4.6820          0          0  0.000e+00
  1024.8522     31.882     32.146    31.2054     4.6747          0          0  0.000e+00
  1024.8527     32.101     32.366    31.2035     4.6659          0          0  0.000e+00
  1024.8568     32.323     32.590    31.2060     4.6559          0          0  0.000e+00
  1024.8663     32.542     32.811    31.2156     4.6475          0          0  0.000e+00
  1024.8704     32.759     33.030    31.2190     4.6433          0          0  0.000e+00
  1024.8744     32.968     33.240    31.2224     4.6399          0          0  0.000e+00
  1024.8738     33.159     33.433    31.2201     4.6373          0          0  0.000e+00
  1024.8595     33.323     33.598    31.2005     4.6325          0          0  0.000e+00
  1024.8607     33.460     33.736    31.1992     4.6176          0          0  0.000e+00
  1024.8688     33.565     33.842    31.2065     4.5991          0          0  0.000e+00
  1024.8741     33.632     33.910    31.2106     4.5830          0          0  0.000e+00
  1024.8888     33.665     33.944    31.2272     4.5696          0          0  0.000e+00
  1024.9109     33.667     33.946    31.2544     4.5638          0          0  0.000e+00
  1024.9150     33.645     33.923    31.2606     4.5710          0          0  0.000e+00
  1024.9146     33.605     33.883    31.2620     4.5838          0          0  0.000e+00
  1024.9050     33.556     33.833    31.2521     4.5981          0          0  0.000e+00
  1024.8881     33.512     33.789    31.2324     4.6091          0          0  0.000e+00
  1024.8802     33.480     33.757    31.2231     4.6129          0          0  0.000e+00
  1024.8750     33.468     33.745    31.2163     4.6104          0          0  0.000e+00
  1024.8641     33.489     33.766    31.2016     4.6039          0          0  0.000e+00
  1024.8592     33.543     33.821    31.1933     4.5907          0          0  0.000e+00
  1024.8651     33.642     33.920    31.1980     4.5730          0          0  0.000e+00
  1024.8722     33.779     34.058    31.2040     4.5567          0          0  0.000e+00
  1024.8770     33.955     34.235    31.2073     4.5438          0          0  0.000e+00
  1024.8807     34.168     34.450    31.2094     4.5333          0          0  0.000e+00
  1024.8822     34.413     34.697    31.2086     4.5236          0          0  0.000e+00
  1024.8887     34.682     34.969    31.2139     4.5130          0          0  0.000e+00
  1024.8962     34.965     35.254    31.2206     4.5048          0          0  0.000e+00
  1024.9024     35.260     35.551    31.2261     4.5000          0          0  0.000e+00
  1024.9060     35.552     35.846    31.2286     4.4979          0          0  0.000e+00
  1024.9084     35.838     36.135    31.2298     4.4973          0          0  0.000e+00
  1024.9132     36.107     36.405    31.2344     4.4980          0          0  0.000e+00
  1024.9142     36.362     36.663    31.2342     4.4996          0          0  0.000e+00
  1024.9148     36.583     36.885    31.2339     4.5015          0          0  0.000e+00
  1024.9150     36.749     37.053    31.2334     4.5030          0          0  0.000e+00
  1024.9149     36.869     37.174    31.2327     4.5040          0          0  0.000e+00
  1024.9170     36.943     37.249    31.2350     4.5046          0          0  0.000e+00
  1024.9240     36.973     37.279    31.2439     4.5066          0          0  0.000e+00
  1024.9226     36.959     37.265    31.2429     4.5122          0          0  0.000e+00
  1024.9276     36.904     37.209    31.2505     4.5192          0          0  0.000e+00
  1024.9166     36.820     37.125    31.2382     4.5285          0          0  0.000e+00
  1024.9126     36.717     37.021    31.2345     4.5341          0          0  0.000e+00
  1024.9074     36.610     36.913    31.2290     4.5372          0          0  0.000e+00
  1024.9036     36.506     36.808    31.2250     4.5382          0          0  0.000e+00
  1024.9004     36.424     36.725    31.2213     4.5373          0          0  0.000e+00
  1024.8992     36.373     36.674    31.2198     4.5348          0          0  0.000e+00
  1024.8998     36.360     36.661    31.2202     4.5320          0          0  0.000e+00
  1024.8970     36.398     36.699    31.2161     4.5288          0          0  0.000e+00
  1024.8932     36.488     36.790    31.2103     4.5242          0          0  0.000e+00
