data/eDNA/PER-2021-171/171b011.cnv
* Sea-Bird SBE19plus  Data File:
* FileName = C:\Users\RSG_field\Ryan_2021_Perley\CTD\171b011.hex
* Software version 2.3.0 SB_Terminal.dll
* Temperature SN = 7141
* Conductivity SN = 7141
* System UpLoad Time = Aug 11 2021 16:14:11
* <ApplicationData>
* <SeatermAF>
** Platform: M. Perley
** Cruise: Per2021171
** Station:  ESI_13
** Cast: 01 2
** Latitude: N  44 39.653
** Longitude: W 62 58.499
** Sounding: 30.9
** Chief Scientist: Ryan Stanley
** Comment: 171b011
** When I downloaded the afm file, the CTD was not turned off. We realized when ready to deploy and checked the arm armed status. But when we downloaded the file seems to have been combined. Not sure
# nquan = 8
# nvalues = 4692                                  
# units = specified
# name 0 = density00: Density [density, kg/m^3]
# name 1 = depSM: Depth [salt water, m], lat = 45.00
# name 2 = prdM: Pressure, Strain Gauge [db]
# name 3 = sal00: Salinity, Practical [PSU]
# name 4 = tv290C: Temperature [ITS-90, deg C]
# name 5 = bpos: Bottle Position in Carousel
# name 6 = nbf: Bottles Fired
# name 7 = flag:  0.000e+00
# span 0 =   998.8197,  1051.3858                 
# span 1 =     -0.040,  17684.931                 
# span 2 =     -0.040,  18534.440                 
# span 3 =     0.0000,    31.8861                 
# span 4 =     6.4946,    59.0658                 
# span 5 =          0,          4                 
# span 6 =          0,          4                 
# span 7 = 0.0000e+00, 0.0000e+00                 
# interval = seconds: 0.25
# start_time = Aug 11 2021 18:38:28 [Instrument's time stamp, header]
# bad_flag = -9.990e-29
*END*
[from data line 2338]
   999.1016     -0.020     -0.020     0.0078    15.0353          4          4  0.000e+00
   999.1008     -0.020     -0.020     0.0078    15.0412          4          4  0.000e+00
   999.0995     -0.019     -0.019     0.0078    15.0493          4          4  0.000e+00
   999.0985     -0.020     -0.020     0.0078    15.0565          4          4  0.000e+00
   999.0976     -0.019     -0.019     0.0078    15.0623          4          4  0.000e+00
   999.0969     -0.020     -0.020     0.0078    15.0666          4          4  0.000e+00
   999.0964     -0.020     -0.020     0.0078    15.0697          4          4  0.000e+00
   999.0961     -0.020     -0.020     0.0078    15.0719          4          4  0.000e+00
   999.0959     -0.020     -0.020     0.0078    15.0734          4          4  0.000e+00
   999.2937     -0.018     -0.018     0.2631    15.0743          4          4  0.000e+00
   999.1536     -0.020     -0.020     0.0824    15.0751          4          4  0.000e+00
   999.0955     -0.019     -0.019     0.0078    15.0757          4          4  0.000e+00
   999.0955     -0.020     -0.020     0.0078    15.0761          4          4  0.000e+00
   999.0953     -0.019     -0.019     0.0078    15.0775          4          4  0.000e+00
   999.0949     -0.020     -0.020     0.0078    15.0801          4          4  0.000e+00
   999.0944     -0.019     -0.019     0.0078    15.0831          4          4  0.000e+00
   999.0940     -0.019     -0.019     0.0078    15.0862          4          4  0.000e+00
   999.0936     -0.019     -0.019     0.0078    15.0887          4          4  0.000e+00
   999.0934     -0.019     -0.019     0.0078    15.0900          4          4  0.000e+00
   999.0933     -0.021     -0.021     0.0078    15.0904          4          4  0.000e+00
   999.0933     -0.020     -0.020     0.0078    15.0903          4          4  0.000e+00
   999.0934     -0.020     -0.020     0.0078    15.0897          4          4  0.000e+00
   999.0936     -0.020     -0.020     0.0078    15.0888          4          4  0.000e+00
   999.0937     -0.021     -0.021     0.0078    15.0879          4          4  0.000e+00
   999.3310     -0.022     -0.022     0.3138    15.0868          4          4  0.000e+00
   999.0940     -0.021     -0.021     0.0078    15.0857          4          4  0.000e+00
   999.0942     -0.021     -0.021     0.0078    15.0847          4          4  0.000e+00
   999.0942     -0.022     -0.022     0.0078    15.0842          4          4  0.000e+00
   999.0941     -0.020     -0.020     0.0078    15.0852          4          4  0.000e+00
   999.0938     -0.019     -0.019     0.0078    15.0869          4          4  0.000e+00
   999.0935     -0.020     -0.020     0.0078    15.0889          4          4  0.000e+00
   999.0933     -0.018     -0.018     0.0078    15.0909          4          4  0.000e+00
   999.0931     -0.019     -0.019     0.0078    15.0921          4          4  0.000e+00
   999.0929     -0.020     -0.020     0.0078    15.0931          4          4  0.000e+00
   999.0928     -0.020     -0.020     0.0078    15.0938          4          4  0.000e+00
   999.0928     -0.019     -0.019     0.0078    15.0938          4          4  0.000e+00
   999.0928     -0.020     -0.020     0.0078    15.0935          4          4  0.000e+00
   999.0929     -0.021     -0.021     0.0078    15.0935          4          4  0.000e+00
   999.0929     -0.020     -0.020     0.0078    15.0930          4          4  0.000e+00
   999.0930     -0.021     -0.021     0.0078    15.0924          4          4  0.000e+00
   999.0931     -0.021     -0.021     0.0078    15.0919          4          4  0.000e+00
   999.0932     -0.021     -0.021     0.0078    15.0913          4          4  0.000e+00
   999.3288     -0.020     -0.020     0.3116    15.0907          4          4  0.000e+00
   999.1215     -0.019     -0.019     0.0441    15.0900          4          4  0.000e+00
   999.0935     -0.021     -0.021     0.0078    15.0893          4          4  0.000e+00
   999.0935     -0.021     -0.021     0.0078    15.0890          4          4  0.000e+00
   999.0934     -0.021     -0.021     0.0078    15.0898          4          4  0.000e+00
   999.0931     -0.021     -0.021     0.0078    15.0917          4          4  0.000e+00
   999.0928     -0.022     -0.022     0.0078    15.0940          4          4  0.000e+00
   999.0925     -0.019     -0.019     0.0078    15.0962          4          4  0.000e+00
   999.0923     -0.020     -0.020     0.0078    15.0976          4          4  0.000e+00
   999.0921     -0.020     -0.020     0.0078    15.0986          4          4  0.000e+00
   999.2735     -0.021     -0.021     0.2418    15.0989          4          4  0.000e+00
   999.1108     -0.019     -0.019     0.0320    15.0989          4          4  0.000e+00
   999.0921     -0.020     -0.020     0.0078    15.0986          4          4  0.000e+00
   999.0920     -0.020     -0.020     0.0078    15.0991          4          4  0.000e+00
   999.0917     -0.021     -0.021     0.0078    15.1009          4          4  0.000e+00
   999.0913     -0.021     -0.021     0.0078    15.1034          4          4  0.000e+00
   999.0909     -0.021     -0.021     0.0078    15.1063          4          4  0.000e+00
   999.0906     -0.021     -0.021     0.0078    15.1085          4          4  0.000e+00
   999.0904     -0.020     -0.020     0.0078    15.1099          4          4  0.000e+00
   999.0902     -0.018     -0.018     0.0078    15.1108          4          4  0.000e+00
   999.0902     -0.019     -0.019     0.0078    15.1110          4          4  0.000e+00
   999.0902     -0.023     -0.023     0.0078    15.1106          4          4  0.000e+00
   999.0903     -0.019     -0.019     0.0078    15.1101          4          4  0.000e+00
   999.0905     -0.019     -0.019     0.0078    15.1094          4          4  0.000e+00
   999.0906     -0.020     -0.020     0.0078    15.1084          4          4  0.000e+00
   999.0907     -0.021     -0.021     0.0078    15.1075          4          4  0.000e+00
   999.2919     -0.019     -0.019     0.2671    15.1064          4          4  0.000e+00
   999.0910     -0.021     -0.021     0.0078    15.1051          4          4  0.000e+00
   999.0913     -0.020     -0.020     0.0078    15.1037          4          4  0.000e+00
   999.0915     -0.021     -0.021     0.0078    15.1020          4          4  0.000e+00
   999.0918     -0.021     -0.021     0.0078    15.1006          4          4  0.000e+00
   999.0920     -0.020     -0.020     0.0078    15.0994          4          4  0.000e+00
   999.0921     -0.021     -0.021     0.0078    15.0984          4          4  0.000e+00
   999.0923     -0.020     -0.020     0.0078    15.0976          4          4  0.000e+00
   999.0923     -0.020     -0.020     0.0078    15.0968          4          4  0.000e+00
   999.0925     -0.020     -0.020     0.0078    15.0960          4          4  0.000e+00
   999.0926     -0.023     -0.023     0.0078    15.0952          4          4  0.000e+00
   999.0927     -0.020     -0.020     0.0078    15.0942          4          4  0.000e+00
   999.0929     -0.022     -0.022     0.0078    15.0932          4          4  0.000e+00
   999.0930     -0.021     -0.021     0.0078    15.0923          4          4  0.000e+00
   999.0932     -0.019     -0.019     0.0078    15.0912          4          4  0.000e+00
   999.0933     -0.020     -0.020     0.0078    15.0904          4          4  0.000e+00
   999.0934     -0.021     -0.021     0.0078    15.0897          4          4  0.000e+00
   999.0935     -0.021     -0.021     0.0078    15.0889          4          4  0.000e+00
   999.0937     -0.019     -0.019     0.0078    15.0881          4          4  0.000e+00
   999.0938     -0.020     -0.020     0.0078    15.0871          4          4  0.000e+00
   999.0939     -0.020     -0.020     0.0078    15.0863          4          4  0.000e+00
   999.0941     -0.021     -0.021     0.0078    15.0853          4          4  0.000e+00
   999.0942     -0.020     -0.020     0.0078    15.0842          4          4  0.000e+00
   999.0944     -0.021     -0.021     0.0078    15.0831          4          4  0.000e+00
   999.0946     -0.018     -0.018     0.0078    15.0818          4          4  0.000e+00
  1051.3858  17684.931  18534.440     0.0279    59.0658          4          4  0.000e+00
   999.0895     -0.020     -0.020     0.0078    15.1156          4          4  0.000e+00
   999.3406     -0.019     -0.019     0.3314    15.1140          4          4  0.000e+00
   999.1632     -0.036     -0.037     0.0076    14.6198          4          4  0.000e+00
   999.1633     -0.035     -0.036     0.0076    14.6196          4          4  0.000e+00
   999.1633     -0.034     -0.034     0.0076    14.6195          4          4  0.000e+00
   999.1633     -0.035     -0.036     0.0076    14.6195          4          4  0.000e+00
   999.1633     -0.035     -0.036     0.0076    14.6193          4          4  0.000e+00
   999.1633     -0.034     -0.034     0.0076    14.6194          4          4  0.000e+00
   999.1633     -0.035     -0.036     0.0076    14.6193          4          4  0.000e+00
   999.1633     -0.035     -0.036     0.0076    14.6194          4          4  0.000e+00
   999.1633     -0.034     -0.034     0.0076    14.6194          4          4  0.000e+00
   999.1634     -0.035     -0.036     0.0076    14.6191          4          4  0.000e+00
   999.1633     -0.035     -0.036     0.0076    14.6194          4          4  0.000e+00
   999.1634     -0.035     -0.036     0.0076    14.6191          4          4  0.000e+00
   999.1634     -0.036     -0.037     0.0076    14.6191          4          4  0.000e+00
   999.1634     -0.035     -0.036     0.0076    14.6191          4          4  0.000e+00
   999.1634     -0.036     -0.037     0.0076    14.6190          4          4  0.000e+00
   999.1634     -0.035     -0.036     0.0076    14.6189          4          4  0.000e+00
   999.1634     -0.036     -0.037     0.0076    14.6188          4          4  0.000e+00
   999.1634     -0.035     -0.036     0.0076    14.6188          4          4  0.000e+00
   999.1634     -0.035     -0.036     0.0076    14.6188          4          4  0.000e+00
   999.1634     -0.036     -0.037     0.0076    14.6186          4          4  0.000e+00
   999.1634     -0.036     -0.037     0.0076    14.6185          4          4  0.000e+00
   999.1635     -0.035     -0.036     0.0076    14.6185          4          4  0.000e+00
   999.1634     -0.038     -0.039     0.0076    14.6185          4          4  0.000e+00
   999.1635     -0.037     -0.038     0.0076    14.6183          4          4  0.000e+00
   999.1635     -0.037     -0.038     0.0076    14.6183          4          4  0.000e+00
   999.1635     -0.038     -0.039     0.0076    14.6184          4          4  0.000e+00
   999.1635     -0.036     -0.037     0.0076    14.6185          4          4  0.000e+00
   999.1634     -0.038     -0.039     0.0076    14.6185          4          4  0.000e+00
   999.1634     -0.039     -0.039     0.0076    14.6185          4          4  0.000e+00
   999.1634     -0.037     -0.038     0.0076    14.6185          4          4  0.000e+00
   999.1635     -0.034     -0.035     0.0076    14.6184          4          4  0.000e+00
   999.1634     -0.037     -0.038     0.0076    14.6184          4          4  0.000e+00
   999.1634     -0.036     -0.037     0.0076    14.6185          4          4  0.000e+00
   999.1634     -0.037     -0.038     0.0076    14.6185          4          4  0.000e+00
   999.1635     -0.035     -0.036     0.0076    14.6185          4          4  0.000e+00
   999.1634     -0.037     -0.038     0.0075    14.6184          4          4  0.000e+00
   999.1634     -0.039     -0.039     0.0075    14.6182          4          4  0.000e+00
   999.1635     -0.036     -0.037     0.0076    14.6182          4          4  0.000e+00
   999.1576     -0.036     -0.037     0.0000    14.6181          4          4  0.000e+00
   999.1636     -0.036     -0.037     0.0076    14.6179          4          4  0.000e+00
   999.1635     -0.036     -0.037     0.0075    14.6180          4          4  0.000e+00
   999.1636     -0.037     -0.038     0.0076    14.6178          4          4  0.000e+00
   999.1635     -0.036     -0.037     0.0076    14.6180          4          4  0.000e+00
   999.1635     -0.037     -0.038     0.0076    14.6179          4          4  0.000e+00
   999.1635     -0.039     -0.039     0.0076    14.6180          4          4  0.000e+00
   999.1635     -0.036     -0.037     0.0076    14.6180          4          4  0.000e+00
   999.1636     -0.037     -0.038     0.0076    14.6178          4          4  0.000e+00
   999.1636     -0.036     -0.037     0.0076    14.6176          4          4  0.000e+00
   999.1636     -0.036     -0.037     0.0076    14.6177          4          4  0.000e+00
   999.1635     -0.039     -0.039     0.0076    14.6179          4          4  0.000e+00
   999.1635     -0.037     -0.038     0.0076    14.6178          4          4  0.000e+00
   999.1635     -0.039     -0.039     0.0076    14.6179          4          4  0.000e+00
   999.1635     -0.036     -0.037     0.0075    14.6179          4          4  0.000e+00
   999.1635     -0.037     -0.038     0.0076    14.6179          4          4  0.000e+00
   999.1637     -0.035     -0.036     0.0077    14.6178          4          4  0.000e+00
   999.1635     -0.037     -0.038     0.0076    14.6179          4          4  0.000e+00
   999.1635     -0.036     -0.037     0.0076    14.6180          4          4  0.000e+00
   999.1635     -0.037     -0.038     0.0076    14.6185          4          4  0.000e+00
   999.1634     -0.037     -0.038     0.0075    14.6186          4          4  0.000e+00
   999.1635     -0.037     -0.038     0.0076    14.6183          4          4  0.000e+00
   999.1635     -0.035     -0.036     0.0076    14.6181          4          4  0.000e+00
   999.1635     -0.040     -0.040     0.0076    14.6180          4          4  0.000e+00
   999.1635     -0.039     -0.039     0.0076    14.6181          4          4  0.000e+00
   999.1636     -0.036     -0.037     0.0077    14.6179          4          4  0.000e+00
   999.1577     -0.037     -0.038     0.0000    14.6178          4          4  0.000e+00
   999.7645     -0.039     -0.039     0.7830    14.6175          4          4  0.000e+00
  1001.2298     -0.039     -0.039     2.6822    14.6171          4          4  0.000e+00
  1000.0461     -0.037     -0.038     1.1480    14.6214          4          4  0.000e+00
   999.3248     -0.037     -0.038     0.2216    14.6515          4          4  0.000e+00
   999.1524     -0.039     -0.039     0.0076    14.6940          4          4  0.000e+00
   999.1408     -0.037     -0.038     0.0000    14.7323          4          4  0.000e+00
   999.1363     -0.036     -0.037     0.0000    14.7627          4          4  0.000e+00
   999.1389     -0.036     -0.037     0.0077    14.7855          4          4  0.000e+00
   999.1364     -0.040     -0.040     0.0076    14.8021          4          4  0.000e+00
   999.1347     -0.036     -0.037     0.0077    14.8141          4          4  0.000e+00
   999.1334     -0.036     -0.037     0.0077    14.8229          4          4  0.000e+00
   999.1324     -0.037     -0.038     0.0078    14.8298          4          4  0.000e+00
   999.1315     -0.037     -0.038     0.0077    14.8354          4          4  0.000e+00
   999.1308     -0.035     -0.036     0.0077    14.8401          4          4  0.000e+00
   999.1303     -0.036     -0.037     0.0077    14.8439          4          4  0.000e+00
   999.1298     -0.037     -0.038     0.0077    14.8468          4          4  0.000e+00
   999.1295     -0.035     -0.036     0.0077    14.8487          4          4  0.000e+00
