data/eDNA/PER-2021-171/171b003.ros
* Sea-Bird SBE19plus  Data File:
* FileName = C:\Users\RSG_field\Ryan_2021_Perley\CTD\171b003.hex
* Software version 2.3.0 SB_Terminal.dll
* Temperature SN = 7141
* Conductivity SN = 7141
* System UpLoad Time = Aug 09 2021 13:16:51
* <ApplicationData>
* <SeatermAF>
** Platform: M. Perley
** Cruise: Per2021171
** Station:  ESI-07
** Cast: 01 02
** Latitude: N  44 43.285
** Longitude: W 62 23.903
** Sounding: 73.5
** Chief Scientist: Ryan Stanley
** Comment: 171b003
** Second cast of ESI_07
# nquan = 9
# nvalues = 54                                    
# units = specified
# name 0 = density00: Density [density, kg/m^3]
# name 1 = depSM: Depth [salt water, m], lat = 45.00
# name 2 = prdM: Pressure, Strain Gauge [db]
# name 3 = sal00: Salinity, Practical [PSU]
# name 4 = tv290C: Temperature [ITS-90, deg C]
# name 5 = bpos: Bottle Position in Carousel
# name 6 = nbf: Bottles Fired
# name 7 = scan: Scan Count
# name 8 = flag:  0.000e+00
# interval = seconds: 0.25
# start_time = Aug 09 2021 15:59:04 [Instrument's time stamp, header]
# bad_flag = -9.990e-29
*END*
  1025.7594     66.717     67.274    31.9890     3.4399          1          1       1763  0.000e+00
  1025.7594     66.824     67.382    31.9884     3.4403          1          1       1764  0.000e+00
  1025.7601     66.918     67.476    31.9888     3.4406          1          1       1765  0.000e+00
  1025.7605     66.991     67.550    31.9887     3.4400          1          1       1766  0.000e+00
  1025.7615     67.045     67.605    31.9897     3.4393          1          1       1767  0.000e+00
  1025.7624     67.081     67.641    31.9905     3.4390          1          1       1768  0.000e+00
  1025.7628     67.101     67.661    31.9908     3.4382          1          1       1769  0.000e+00
  1025.7632     67.130     67.690    31.9911     3.4379          1          1       1770  0.000e+00
  1025.7631     67.146     67.706    31.9909     3.4379          1          1       1771  0.000e+00
  1025.5048     50.352     50.770    31.7844     3.5966          2          2       2265  0.000e+00
  1025.5016     50.225     50.643    31.7812     3.5965          2          2       2266  0.000e+00
  1025.4995     50.097     50.513    31.7792     3.5963          2          2       2267  0.000e+00
  1025.4943     49.960     50.375    31.7735     3.5962          2          2       2268  0.000e+00
  1025.4888     49.823     50.236    31.7674     3.5964          2          2       2269  0.000e+00
  1025.4868     49.685     50.097    31.7657     3.5967          2          2       2270  0.000e+00
  1025.4868     49.560     49.971    31.7665     3.5971          2          2       2271  0.000e+00
  1025.4866     49.460     49.871    31.7669     3.5975          2          2       2272  0.000e+00
  1025.4841     49.388     49.798    31.7643     3.5980          2          2       2273  0.000e+00
  1024.8090     25.535     25.745    31.1414     4.3052          3          3       2482  0.000e+00
  1024.8852     25.312     25.521    31.2396     4.3121          3          3       2483  0.000e+00
  1024.9564     25.095     25.302    31.3372     4.3648          3          3       2484  0.000e+00
  1024.9819     24.886     25.091    31.3822     4.4561          3          3       2485  0.000e+00
  1024.9059     24.693     24.897    31.3018     4.5671          3          3       2486  0.000e+00
  1024.9400     24.522     24.724    31.3588     4.6674          3          3       2487  0.000e+00
  1025.0283     24.367     24.568    31.4852     4.7736          3          3       2488  0.000e+00
  1024.9766     24.235     24.435    31.4424     4.9347          3          3       2489  0.000e+00
  1024.9008     24.128     24.327    31.3678     5.0856          3          3       2490  0.000e+00
  1024.0165     15.671     15.800    30.9299     8.9244          4          4       2570  0.000e+00
  1024.0520     15.535     15.662    30.9839     8.9644          4          4       2571  0.000e+00
  1024.0420     15.390     15.517    30.9838     9.0256          4          4       2572  0.000e+00
  1023.9927     15.240     15.365    30.9343     9.0906          4          4       2573  0.000e+00
  1023.9994     15.083     15.207    30.9527     9.1359          4          4       2574  0.000e+00
  1023.9660     14.926     15.049    30.9198     9.1807          4          4       2575  0.000e+00
  1023.9368     14.781     14.902    30.8895     9.2126          4          4       2576  0.000e+00
  1023.9157     14.655     14.775    30.8662     9.2276          4          4       2577  0.000e+00
  1023.9498     14.553     14.673    30.9115     9.2327          4          4       2578  0.000e+00
  1022.0548      5.816      5.863    30.6381    17.6038          5          5       2658  0.000e+00
  1022.0505      5.701      5.748    30.6364    17.6143          5          5       2659  0.000e+00
  1022.0488      5.567      5.612    30.6375    17.6225          5          5       2660  0.000e+00
  1022.0489      5.428      5.472    30.6411    17.6309          5          5       2661  0.000e+00
  1022.0376      5.278      5.321    30.6298    17.6394          5          5       2662  0.000e+00
  1022.0173      5.121      5.163    30.6046    17.6409          5          5       2663  0.000e+00
  1022.0393      4.956      4.997    30.6310    17.6298          5          5       2664  0.000e+00
  1022.0603      4.799      4.838    30.6587    17.6276          5          5       2665  0.000e+00
  1022.0714      4.658      4.696    30.6788    17.6432          5          5       2666  0.000e+00
  1022.0029      2.627      2.649    30.6450    17.7848          6          6       2685  0.000e+00
  1021.9987      2.428      2.448    30.6414    17.7874          6          6       2686  0.000e+00
  1022.0073      2.262      2.280    30.6534    17.7866          6          6       2687  0.000e+00
  1022.0112      2.114      2.132    30.6607    17.7912          6          6       2688  0.000e+00
  1022.0073      1.988      2.004    30.6596    17.8013          6          6       2689  0.000e+00
  1022.0000      1.876      1.891    30.6538    17.8113          6          6       2690  0.000e+00
  1021.9972      1.777      1.792    30.6526    17.8175          6          6       2691  0.000e+00
  1021.9917      1.691      1.705    30.6473    17.8220          6          6       2692  0.000e+00
  1021.9903      1.628      1.641    30.6463    17.8236          6          6       2693  0.000e+00
