data/eDNA/PER-2021-171/171b006.cnv
* Sea-Bird SBE19plus  Data File:
* FileName = C:\Users\RSG_field\Ryan_2021_Perley\CTD\171b006.hex
* Software version 2.3.0 SB_Terminal.dll
* Temperature SN = 7141
* Conductivity SN = 7141
* System UpLoad Time = Aug 12 2021 16:30:58
* <ApplicationData>
* <SeatermAF>
** Platform: M. Perley
** Cruise: Per2021171
** Station:  GC_06
** Cast: 01 2
** Latitude: N  44 47.051
** Longitude: W 62 26.638
** Sounding: 21.5
** Chief Scientist: Ryan Stanley
** Comment: 171b006
# nquan = 8
# nvalues = 2029                                  
# units = specified
# name 0 = density00: Density [density, kg/m^3]
# name 1 = depSM: Depth [salt water, m], lat = 45.00
# name 2 = prdM: Pressure, Strain Gauge [db]
# name 3 = sal00: Salinity, Practical [PSU]
# name 4 = tv290C: Temperature [ITS-90, deg C]
# name 5 = bpos: Bottle Position in Carousel
# name 6 = nbf: Bottles Fired
# name 7 = flag:  0.000e+00
# span 0 =   998.6891,  1023.8398                 
# span 1 =     -0.076,     23.030                 
# span 2 =     -0.077,     23.220                 
# span 3 =     0.0000,    32.1948                 
# span 4 =     9.2759,    18.6535                 
# span 5 =          0,          3                 
# span 6 =          0,          3                 
# span 7 = 0.0000e+00, 0.0000e+00                 
# interval = seconds: 0.25
# start_time = Aug 12 2021 19:18:50 [Instrument's time stamp, header]
# bad_flag = -9.990e-29
*END*
[from data line 180]
  1021.5477      2.244      2.263    30.3035    18.5850          0          0  0.000e+00
  1021.5422      2.281      2.300    30.2964    18.5859          0          0  0.000e+00
  1021.5402      2.303      2.322    30.2932    18.5844          0          0  0.000e+00
  1021.5439      2.306      2.324    30.2980    18.5846          0          0  0.000e+00
  1021.5474      2.282      2.301    30.3019    18.5817          0          0  0.000e+00
  1021.5567      2.245      2.264    30.3105    18.5700          0          0  0.000e+00
  1021.5623      2.200      2.218    30.3157    18.5624          0          0  0.000e+00
  1021.5638      2.150      2.167    30.3171    18.5598          0          0  0.000e+00
  1021.5637      2.097      2.114    30.3170    18.5588          0          0  0.000e+00
  1021.5622      2.049      2.066    30.3152    18.5584          0          0  0.000e+00
  1021.5589      2.009      2.025    30.3109    18.5577          0          0  0.000e+00
  1021.5556      1.982      1.999    30.3065    18.5569          0          0  0.000e+00
  1021.5558      1.967      1.984    30.3063    18.5553          0          0  0.000e+00
  1021.5563      1.966      1.983    30.3064    18.5537          0          0  0.000e+00
  1021.5574      1.977      1.993    30.3074    18.5526          0          0  0.000e+00
  1021.5587      1.997      2.014    30.3089    18.5523          0          0  0.000e+00
  1021.5584      2.020      2.037    30.3087    18.5531          0          0  0.000e+00
  1021.5566      2.036      2.053    30.3067    18.5549          0          0  0.000e+00
  1021.5549      2.034      2.051    30.3045    18.5550          0          0  0.000e+00
  1021.5603      2.017      2.034    30.3113    18.5533          0          0  0.000e+00
  1021.5659      1.991      2.007    30.3186    18.5530          0          0  0.000e+00
  1021.5735      1.955      1.971    30.3268    18.5469          0          0  0.000e+00
  1021.5793      1.918      1.933    30.3321    18.5390          0          0  0.000e+00
  1021.5757      1.896      1.912    30.3268    18.5367          0          0  0.000e+00
  1021.5691      1.906      1.922    30.3185    18.5377          0          0  0.000e+00
  1021.5662      1.941      1.957    30.3148    18.5392          0          0  0.000e+00
  1021.5690      1.992      2.008    30.3187    18.5403          0          0  0.000e+00
  1021.5767      2.058      2.074    30.3290    18.5421          0          0  0.000e+00
  1021.5815      2.131      2.148    30.3348    18.5422          0          0  0.000e+00
  1021.5841      2.201      2.219    30.3372    18.5405          0          0  0.000e+00
  1021.5849      2.254      2.272    30.3376    18.5393          0          0  0.000e+00
  1021.5847      2.281      2.300    30.3369    18.5382          0          0  0.000e+00
  1021.5811      2.294      2.313    30.3318    18.5373          0          0  0.000e+00
  1021.5818      2.285      2.304    30.3324    18.5365          0          0  0.000e+00
  1021.5842      2.249      2.268    30.3357    18.5363          0          0  0.000e+00
  1021.5855      2.193      2.211    30.3373    18.5347          0          0  0.000e+00
  1021.5851      2.132      2.149    30.3369    18.5340          0          0  0.000e+00
  1021.5815      2.065      2.082    30.3334    18.5366          0          0  0.000e+00
  1021.5774      2.005      2.021    30.3292    18.5393          0          0  0.000e+00
  1021.5728      1.958      1.974    30.3242    18.5415          0          0  0.000e+00
  1021.5716      1.931      1.947    30.3231    18.5424          0          0  0.000e+00
  1021.5816      1.923      1.939    30.3362    18.5425          0          0  0.000e+00
  1021.5915      1.925      1.941    30.3492    18.5425          0          0  0.000e+00
  1021.5915      1.938      1.954    30.3498    18.5444          0          0  0.000e+00
  1021.5902      1.964      1.980    30.3487    18.5471          0          0  0.000e+00
  1021.5903      1.993      2.009    30.3498    18.5506          0          0  0.000e+00
  1021.5865      2.031      2.048    30.3471    18.5582          0          0  0.000e+00
  1021.5792      2.071      2.088    30.3405    18.5685          0          0  0.000e+00
  1021.5728      2.110      2.127    30.3342    18.5756          0          0  0.000e+00
  1021.5704      2.137      2.155    30.3317    18.5784          0          0  0.000e+00
  1021.5710      2.150      2.167    30.3325    18.5785          0          0  0.000e+00
  1021.5702      2.139      2.157    30.3319    18.5796          0          0  0.000e+00
  1021.5690      2.110      2.127    30.3307    18.5803          0          0  0.000e+00
  1021.5686      2.063      2.080    30.3304    18.5801          0          0  0.000e+00
  1021.5689      2.011      2.027    30.3308    18.5793          0          0  0.000e+00
  1021.5691      1.960      1.976    30.3310    18.5783          0          0  0.000e+00
  1021.5699      1.924      1.940    30.3319    18.5772          0          0  0.000e+00
  1021.5697      1.913      1.929    30.3315    18.5764          0          0  0.000e+00
  1021.5717      1.942      1.958    30.3335    18.5748          0          0  0.000e+00
  1021.5735      2.001      2.018    30.3352    18.5739          0          0  0.000e+00
  1021.5738      2.088      2.105    30.3351    18.5742          0          0  0.000e+00
  1021.5757      2.185      2.203    30.3370    18.5740          0          0  0.000e+00
  1021.5734      2.258      2.276    30.3342    18.5761          0          0  0.000e+00
  1021.5728      2.312      2.331    30.3335    18.5773          0          0  0.000e+00
  1021.5733      2.332      2.351    30.3337    18.5762          0          0  0.000e+00
  1021.5761      2.311      2.330    30.3366    18.5734          0          0  0.000e+00
  1021.5749      2.258      2.276    30.3355    18.5741          0          0  0.000e+00
  1021.5731      2.177      2.195    30.3342    18.5756          0          0  0.000e+00
  1021.5712      2.081      2.098    30.3325    18.5763          0          0  0.000e+00
  1021.5699      1.978      1.994    30.3315    18.5765          0          0  0.000e+00
  1021.5697      1.876      1.892    30.3317    18.5763          0          0  0.000e+00
  1021.5704      1.788      1.803    30.3330    18.5756          0          0  0.000e+00
  1021.5702      1.737      1.752    30.3330    18.5761          0          0  0.000e+00
  1021.5702      1.731      1.745    30.3334    18.5769          0          0  0.000e+00
  1021.5702      1.761      1.775    30.3335    18.5778          0          0  0.000e+00
  1021.5699      1.831      1.846    30.3330    18.5788          0          0  0.000e+00
  1021.5707      1.931      1.947    30.3336    18.5788          0          0  0.000e+00
  1021.5751      2.049      2.066    30.3390    18.5802          0          0  0.000e+00
  1021.5715      2.158      2.176    30.3367    18.5896          0          0  0.000e+00
  1021.5609      2.242      2.260    30.3268    18.6034          0          0  0.000e+00
  1021.5538      2.303      2.322    30.3200    18.6126          0          0  0.000e+00
  1021.5495      2.326      2.345    30.3159    18.6178          0          0  0.000e+00
  1021.5475      2.317      2.336    30.3141    18.6201          0          0  0.000e+00
  1021.5459      2.279      2.298    30.3124    18.6208          0          0  0.000e+00
  1021.5452      2.214      2.233    30.3116    18.6199          0          0  0.000e+00
  1021.5448      2.135      2.152    30.3106    18.6170          0          0  0.000e+00
  1021.5482      2.061      2.078    30.3138    18.6117          0          0  0.000e+00
  1021.5504      2.008      2.024    30.3158    18.6080          0          0  0.000e+00
  1021.5526      1.981      1.997    30.3180    18.6051          0          0  0.000e+00
  1021.5553      1.989      2.005    30.3204    18.6022          0          0  0.000e+00
  1021.5576      2.018      2.035    30.3228    18.6006          0          0  0.000e+00
  1021.5591      2.060      2.077    30.3244    18.6002          0          0  0.000e+00
  1021.5597      2.099      2.116    30.3252    18.6013          0          0  0.000e+00
  1021.5583      2.126      2.144    30.3245    18.6048          0          0  0.000e+00
  1021.5543      2.136      2.154    30.3206    18.6096          0          0  0.000e+00
  1021.5512      2.118      2.135    30.3174    18.6115          0          0  0.000e+00
  1021.5525      2.081      2.098    30.3186    18.6095          0          0  0.000e+00
  1021.5534      2.020      2.037    30.3193    18.6071          0          0  0.000e+00
  1021.5550      1.947      1.963    30.3209    18.6042          0          0  0.000e+00
  1021.5537      1.872      1.887    30.3195    18.6038          0          0  0.000e+00
  1021.5547      1.811      1.825    30.3210    18.6030          0          0  0.000e+00
  1021.5555      1.780      1.794    30.3221    18.6028          0          0  0.000e+00
  1021.5555      1.785      1.800    30.3224    18.6036          0          0  0.000e+00
  1021.5572      1.829      1.844    30.3248    18.6050          0          0  0.000e+00
  1021.5544      1.901      1.916    30.3221    18.6093          0          0  0.000e+00
  1021.5518      1.993      2.009    30.3194    18.6130          0          0  0.000e+00
  1021.5472      2.088      2.105    30.3132    18.6144          0          0  0.000e+00
  1021.5520      2.186      2.204    30.3161    18.6058          0          0  0.000e+00
  1021.5625      2.275      2.293    30.3246    18.5911          0          0  0.000e+00
  1021.5726      2.347      2.366    30.3332    18.5777          0          0  0.000e+00
  1021.5794      2.398      2.417    30.3391    18.5691          0          0  0.000e+00
  1021.5822      2.420      2.440    30.3416    18.5660          0          0  0.000e+00
  1021.5825      2.420      2.440    30.3419    18.5655          0          0  0.000e+00
  1021.5830      2.395      2.414    30.3425    18.5651          0          0  0.000e+00
  1021.5836      2.331      2.350    30.3435    18.5646          0          0  0.000e+00
  1021.5847      2.239      2.257    30.3453    18.5642          0          0  0.000e+00
  1021.5811      2.125      2.143    30.3422    18.5669          0          0  0.000e+00
  1021.5792      2.007      2.023    30.3413    18.5695          0          0  0.000e+00
  1021.5774      1.891      1.907    30.3404    18.5722          0          0  0.000e+00
  1021.5748      1.790      1.805    30.3388    18.5759          0          0  0.000e+00
  1021.5713      1.709      1.723    30.3359    18.5797          0          0  0.000e+00
  1021.5700      1.668      1.681    30.3351    18.5817          0          0  0.000e+00
  1021.5707      1.658      1.672    30.3363    18.5825          0          0  0.000e+00
  1021.5704      1.681      1.695    30.3369    18.5861          0          0  0.000e+00
  1021.5611      1.732      1.746    30.3265    18.5927          0          0  0.000e+00
  1021.5636      1.804      1.819    30.3273    18.5863          0          0  0.000e+00
  1021.5754      1.888      1.903    30.3374    18.5707          0          0  0.000e+00
  1021.5854      1.970      1.986    30.3462    18.5589          0          0  0.000e+00
  1021.5904      2.055      2.072    30.3502    18.5527          0          0  0.000e+00
  1021.5924      2.128      2.145    30.3518    18.5506          0          0  0.000e+00
  1021.5930      2.186      2.204    30.3522    18.5508          0          0  0.000e+00
  1021.5929      2.237      2.255    30.3523    18.5523          0          0  0.000e+00
  1021.5901      2.273      2.291    30.3497    18.5562          0          0  0.000e+00
  1021.5869      2.290      2.308    30.3462    18.5589          0          0  0.000e+00
  1021.5869      2.301      2.320    30.3460    18.5583          0          0  0.000e+00
  1021.5897      2.307      2.326    30.3487    18.5553          0          0  0.000e+00
  1021.5916      2.307      2.326    30.3505    18.5532          0          0  0.000e+00
  1021.5935      2.301      2.320    30.3522    18.5506          0          0  0.000e+00
  1021.5965      2.291      2.310    30.3550    18.5466          0          0  0.000e+00
  1021.5995      2.275      2.293    30.3576    18.5425          0          0  0.000e+00
  1021.6019      2.245      2.264    30.3597    18.5389          0          0  0.000e+00
  1021.6001      2.201      2.219    30.3583    18.5410          0          0  0.000e+00
  1021.5964      2.138      2.156    30.3553    18.5452          0          0  0.000e+00
  1021.5940      2.070      2.087    30.3534    18.5481          0          0  0.000e+00
  1021.5924      1.996      2.012    30.3523    18.5498          0          0  0.000e+00
  1021.5915      1.920      1.936    30.3514    18.5494          0          0  0.000e+00
  1021.5923      1.848      1.863    30.3524    18.5479          0          0  0.000e+00
  1021.5932      1.790      1.805    30.3537    18.5469          0          0  0.000e+00
  1021.5935      1.755      1.770    30.3542    18.5468          0          0  0.000e+00
  1021.5931      1.737      1.752    30.3540    18.5474          0          0  0.000e+00
  1021.5923      1.732      1.746    30.3532    18.5481          0          0  0.000e+00
  1021.5928      1.741      1.755    30.3539    18.5483          0          0  0.000e+00
  1021.5929      1.770      1.785    30.3539    18.5487          0          0  0.000e+00
  1021.5939      1.816      1.831    30.3549    18.5486          0          0  0.000e+00
  1021.5942      1.876      1.892    30.3549    18.5482          0          0  0.000e+00
  1021.5961      1.952      1.968    30.3559    18.5453          0          0  0.000e+00
  1021.6007      2.049      2.066    30.3599    18.5405          0          0  0.000e+00
  1021.6032      2.158      2.176    30.3616    18.5376          0          0  0.000e+00
  1021.6069      2.255      2.273    30.3647    18.5338          0          0  0.000e+00
  1021.6093      2.337      2.357    30.3660    18.5298          0          0  0.000e+00
  1021.6118      2.397      2.416    30.3672    18.5242          0          0  0.000e+00
  1021.6202      2.429      2.448    30.3749    18.5143          0          0  0.000e+00
  1021.6265      2.423      2.443    30.3807    18.5067          0          0  0.000e+00
  1021.6278      2.389      2.409    30.3819    18.5044          0          0  0.000e+00
  1021.6288      2.329      2.348    30.3834    18.5037          0          0  0.000e+00
  1021.6279      2.246      2.265    30.3832    18.5053          0          0  0.000e+00
  1021.6244      2.147      2.164    30.3805    18.5093          0          0  0.000e+00
  1021.6198      2.049      2.066    30.3763    18.5138          0          0  0.000e+00
  1021.6177      1.958      1.974    30.3749    18.5162          0          0  0.000e+00
  1021.6161      1.888      1.903    30.3739    18.5184          0          0  0.000e+00
  1021.6141      1.849      1.864    30.3726    18.5215          0          0  0.000e+00
  1021.6117      1.843      1.859    30.3707    18.5258          0          0  0.000e+00
  1021.6075      1.866      1.881    30.3669    18.5313          0          0  0.000e+00
  1021.6042      1.892      1.908    30.3637    18.5353          0          0  0.000e+00
  1021.6029      1.908      1.924    30.3621    18.5356          0          0  0.000e+00
  1021.6051      1.913      1.929    30.3637    18.5318          0          0  0.000e+00
  1021.6087      1.911      1.927    30.3668    18.5269          0          0  0.000e+00
  1021.6122      1.900      1.915    30.3699    18.5218          0          0  0.000e+00
  1021.6161      1.888      1.903    30.3735    18.5168          0          0  0.000e+00
