data/eDNA/PER-2021-171/171b018.cnv
* Sea-Bird SBE19plus  Data File:
* FileName = C:\Users\RSG_field\Ryan_2021_Perley\CTD\171b018.hex
* Software version 2.3.0 SB_Terminal.dll
* Temperature SN = 7141
* Conductivity SN = 7141
* System UpLoad Time = Aug 13 2021 13:55:14
* <ApplicationData>
* <SeatermAF>
** Platform: M. Perley
** Cruise: Per2021171
** Station:  ESI_02
** Cast: 01 2
** Latitude: N  44 51.373
** Longitude: W 62 11.17
** Sounding: 52
** Chief Scientist: Ryan Stanley
** Comment: 171b018
# nquan = 8
# nvalues = 2392                                  
# units = specified
# name 0 = density00: Density [density, kg/m^3]
# name 1 = depSM: Depth [salt water, m], lat = 45.00
# name 2 = prdM: Pressure, Strain Gauge [db]
# name 3 = sal00: Salinity, Practical [PSU]
# name 4 = tv290C: Temperature [ITS-90, deg C]
# name 5 = bpos: Bottle Position in Carousel
# name 6 = nbf: Bottles Fired
# name 7 = flag:  0.000e+00
# span 0 =   998.9030,  1025.0249                 
# span 1 =     -0.068,     51.645                 
# span 2 =     -0.069,     52.074                 
# span 3 =     0.0077,    31.3153                 
# span 4 =     4.7321,    18.3918                 
# span 5 =          0,          2                 
# span 6 =          0,          2                 
# span 7 = 0.0000e+00, 0.0000e+00                 
# interval = seconds: 0.25
# start_time = Aug 13 2021 16:42:47 [Instrument's time stamp, header]
# bad_flag = -9.990e-29
*END*
[from data line 1618]
  1024.9797     51.035     51.459    31.2720     4.8217          0          0  0.000e+00
  1024.9768     51.125     51.550    31.2675     4.8192          0          0  0.000e+00
  1024.9731     51.219     51.644    31.2615     4.8138          0          0  0.000e+00
  1024.9733     51.307     51.733    31.2601     4.8045          0          0  0.000e+00
  1024.9801     51.380     51.807    31.2667     4.7934          0          0  0.000e+00
  1024.9862     51.429     51.856    31.2728     4.7836          0          0  0.000e+00
  1024.9914     51.440     51.868    31.2783     4.7761          0          0  0.000e+00
  1024.9998     51.406     51.834    31.2884     4.7708          0          0  0.000e+00
  1025.0009     51.321     51.748    31.2903     4.7703          0          0  0.000e+00
  1025.0034     51.191     51.616    31.2945     4.7724          0          0  0.000e+00
  1025.0020     51.026     51.450    31.2943     4.7771          0          0  0.000e+00
  1024.9990     50.834     51.256    31.2924     4.7824          0          0  0.000e+00
  1024.9986     50.641     51.062    31.2937     4.7872          0          0  0.000e+00
  1024.9947     50.464     50.883    31.2906     4.7934          0          0  0.000e+00
  1024.9904     50.319     50.737    31.2867     4.7985          0          0  0.000e+00
  1024.9880     50.207     50.624    31.2848     4.8023          0          0  0.000e+00
  1024.9868     50.141     50.557    31.2841     4.8053          0          0  0.000e+00
  1024.9880     50.116     50.532    31.2862     4.8086          0          0  0.000e+00
  1024.9870     50.122     50.539    31.2856     4.8135          0          0  0.000e+00
  1024.9858     50.161     50.577    31.2846     4.8187          0          0  0.000e+00
  1024.9871     50.224     50.641    31.2866     4.8246          0          0  0.000e+00
  1024.9793     50.306     50.724    31.2773     4.8316          1          1  0.000e+00
  1024.9740     50.403     50.822    31.2704     4.8353          1          1  0.000e+00
  1024.9736     50.509     50.929    31.2693     4.8351          1          1  0.000e+00
  1024.9717     50.630     51.051    31.2659     4.8330          1          1  0.000e+00
  1024.9724     50.766     51.188    31.2655     4.8295          1          1  0.000e+00
  1024.9749     50.912     51.335    31.2672     4.8251          1          1  0.000e+00
  1024.9721     51.079     51.503    31.2620     4.8199          1          1  0.000e+00
  1024.9692     51.230     51.656    31.2563     4.8113          1          1  0.000e+00
  1024.9717     51.385     51.812    31.2568     4.7983          1          1  0.000e+00
  1024.9710     51.516     51.944    31.2530     4.7823          1          1  0.000e+00
  1024.9844     51.604     52.032    31.2666     4.7621          1          1  0.000e+00
  1025.0006     51.645     52.074    31.2845     4.7447          1          1  0.000e+00
  1025.0088     51.627     52.056    31.2938     4.7354          1          1  0.000e+00
  1025.0183     51.551     51.979    31.3058     4.7321          1          1  0.000e+00
  1025.0249     51.429     51.856    31.3153     4.7358          1          1  0.000e+00
  1025.0175     51.265     51.691    31.3083     4.7460          1          1  0.000e+00
  1025.0136     51.075     51.499    31.3057     4.7552          1          1  0.000e+00
  1025.0105     50.875     51.298    31.3041     4.7638          1          1  0.000e+00
  1025.0041     50.680     51.101    31.2985     4.7732          1          1  0.000e+00
  1024.9979     50.498     50.917    31.2928     4.7810          1          1  0.000e+00
  1024.9934     50.335     50.753    31.2889     4.7866          1          1  0.000e+00
  1024.9919     50.202     50.619    31.2883     4.7903          1          1  0.000e+00
  1024.9921     50.100     50.516    31.2896     4.7947          1          1  0.000e+00
  1024.9861     50.036     50.451    31.2831     4.7999          1          1  0.000e+00
  1024.9871     50.009     50.425    31.2850     4.8029          1          1  0.000e+00
  1024.9888     50.027     50.443    31.2874     4.8062          1          1  0.000e+00
  1024.9871     50.089     50.505    31.2856     4.8113          1          1  0.000e+00
  1024.9916     50.194     50.611    31.2915     4.8173          1          1  0.000e+00
  1024.9854     50.330     50.748    31.2841     4.8271          1          1  0.000e+00
  1024.9740     50.494     50.913    31.2697     4.8343          1          1  0.000e+00
  1024.9717     50.674     51.095    31.2658     4.8344          1          1  0.000e+00
  1024.9721     50.863     51.285    31.2647     4.8310          1          1  0.000e+00
  1024.9695     51.047     51.471    31.2597     4.8262          1          1  0.000e+00
  1024.9663     51.223     51.649    31.2534     4.8170          1          1  0.000e+00
  1024.9673     51.370     51.797    31.2518     4.8028          1          1  0.000e+00
  1024.9782     51.482     51.910    31.2628     4.7860          1          1  0.000e+00
  1024.9818     51.548     51.977    31.2648     4.7704          1          1  0.000e+00
  1024.9978     51.558     51.986    31.2831     4.7557          1          1  0.000e+00
  1025.0128     51.506     51.934    31.3013     4.7487          1          1  0.000e+00
  1025.0191     51.389     51.817    31.3104     4.7524          1          1  0.000e+00
  1025.0104     51.224     51.650    31.3019     4.7632          1          1  0.000e+00
  1025.0047     51.021     51.444    31.2971     4.7717          1          1  0.000e+00
  1025.0035     50.795     51.217    31.2977     4.7781          1          1  0.000e+00
  1024.9980     50.570     50.990    31.2931     4.7857          1          1  0.000e+00
  1024.9921     50.361     50.780    31.2877     4.7920          1          1  0.000e+00
  1024.9878     50.178     50.595    31.2839     4.7959          1          1  0.000e+00
  1024.9889     50.036     50.451    31.2865     4.7985          1          1  0.000e+00
  1024.9863     49.944     50.359    31.2842     4.8021          1          1  0.000e+00
  1024.9876     49.902     50.317    31.2866     4.8057          1          1  0.000e+00
  1024.9862     49.914     50.328    31.2855     4.8107          1          1  0.000e+00
  1024.9880     49.981     50.396    31.2881     4.8163          1          1  0.000e+00
  1024.9852     50.099     50.515    31.2850     4.8253          1          1  0.000e+00
  1024.9805     50.251     50.668    31.2794     4.8345          1          1  0.000e+00
  1024.9742     50.425     50.844    31.2711     4.8397          1          1  0.000e+00
  1024.9683     50.609     51.030    31.2628     4.8405          1          1  0.000e+00
  1024.9677     50.788     51.210    31.2603     4.8362          1          1  0.000e+00
  1024.9673     50.951     51.374    31.2579     4.8293          1          1  0.000e+00
  1024.9632     51.087     51.512    31.2506     4.8191          1          1  0.000e+00
  1024.9708     51.198     51.623    31.2575     4.8042          1          1  0.000e+00
  1024.9781     51.276     51.702    31.2644     4.7902          1          1  0.000e+00
  1024.9900     51.322     51.748    31.2776     4.7792          1          1  0.000e+00
  1024.9939     51.334     51.761    31.2818     4.7734          1          1  0.000e+00
  1024.9978     51.304     51.730    31.2865     4.7705          1          1  0.000e+00
  1025.0014     51.239     51.665    31.2915     4.7709          1          1  0.000e+00
  1024.9982     51.146     51.571    31.2884     4.7738          1          1  0.000e+00
  1024.9986     51.027     51.451    31.2899     4.7761          1          1  0.000e+00
  1024.9982     50.900     51.323    31.2905     4.7787          1          1  0.000e+00
  1024.9980     50.768     51.190    31.2914     4.7823          1          1  0.000e+00
  1024.9948     50.650     51.070    31.2888     4.7868          1          1  0.000e+00
  1024.9921     50.550     50.970    31.2864     4.7908          1          1  0.000e+00
  1024.9925     50.472     50.892    31.2879     4.7940          1          1  0.000e+00
  1024.9888     50.417     50.836    31.2840     4.7981          1          1  0.000e+00
  1024.9895     50.391     50.810    31.2854     4.8008          1          1  0.000e+00
  1024.9923     50.380     50.799    31.2896     4.8048          1          1  0.000e+00
  1024.9889     50.388     50.806    31.2861     4.8116          1          1  0.000e+00
  1024.9853     50.409     50.828    31.2823     4.8179          1          1  0.000e+00
  1024.9823     50.434     50.853    31.2791     4.8228          1          1  0.000e+00
  1024.9802     50.459     50.878    31.2767     4.8262          1          1  0.000e+00
  1024.9785     50.483     50.903    31.2747     4.8286          1          1  0.000e+00
  1024.9774     50.500     50.920    31.2735     4.8301          1          1  0.000e+00
  1024.9771     50.514     50.934    31.2731     4.8308          1          1  0.000e+00
  1024.9769     50.529     50.948    31.2728     4.8313          1          1  0.000e+00
  1024.9770     50.552     50.972    31.2728     4.8316          1          1  0.000e+00
  1024.9770     50.590     51.011    31.2726     4.8317          1          1  0.000e+00
  1024.9776     50.651     51.071    31.2731     4.8319          1          1  0.000e+00
  1024.9763     50.733     51.155    31.2709     4.8320          1          1  0.000e+00
  1024.9713     50.829     51.251    31.2640     4.8311          1          1  0.000e+00
  1024.9747     50.934     51.357    31.2669     4.8261          1          1  0.000e+00
  1024.9736     51.033     51.457    31.2643     4.8208          1          1  0.000e+00
  1024.9775     51.112     51.537    31.2678     4.8143          1          1  0.000e+00
  1024.9798     51.168     51.593    31.2696     4.8080          1          1  0.000e+00
  1024.9796     51.192     51.618    31.2685     4.8024          1          1  0.000e+00
  1024.9813     51.182     51.607    31.2699     4.7962          1          1  0.000e+00
  1024.9883     51.133     51.558    31.2781     4.7898          1          1  0.000e+00
  1024.9915     51.046     51.470    31.2822     4.7872          1          1  0.000e+00
  1024.9963     50.940     51.363    31.2889     4.7869          1          1  0.000e+00
  1024.9980     50.813     51.235    31.2923     4.7902          1          1  0.000e+00
  1024.9946     50.677     51.098    31.2895     4.7957          1          1  0.000e+00
  1024.9914     50.544     50.963    31.2869     4.8008          1          1  0.000e+00
  1024.9888     50.417     50.836    31.2849     4.8046          1          1  0.000e+00
  1024.9864     50.312     50.730    31.2830     4.8081          1          1  0.000e+00
  1024.9845     50.231     50.648    31.2814     4.8112          1          1  0.000e+00
  1024.9826     50.176     50.593    31.2798     4.8137          1          1  0.000e+00
  1024.9821     50.153     50.570    31.2795     4.8157          1          1  0.000e+00
  1024.9840     50.165     50.582    31.2821     4.8179          1          1  0.000e+00
  1024.9836     50.215     50.632    31.2819     4.8219          1          1  0.000e+00
  1024.9829     50.302     50.720    31.2811     4.8266          1          1  0.000e+00
  1024.9785     50.414     50.833    31.2755     4.8313          1          1  0.000e+00
  1024.9734     50.552     50.972    31.2686     4.8336          1          1  0.000e+00
  1024.9708     50.706     51.127    31.2642     4.8323          1          1  0.000e+00
  1024.9716     50.861     51.283    31.2637     4.8279          1          1  0.000e+00
  1024.9683     51.001     51.424    31.2578     4.8214          1          1  0.000e+00
  1024.9673     51.113     51.538    31.2544     4.8106          1          1  0.000e+00
  1024.9770     51.184     51.609    31.2645     4.7966          1          1  0.000e+00
  1024.9872     51.213     51.638    31.2757     4.7860          1          1  0.000e+00
  1024.9920     51.202     51.627    31.2812     4.7807          1          1  0.000e+00
  1024.9983     51.156     51.581    31.2892     4.7791          1          1  0.000e+00
  1024.9987     51.083     51.508    31.2904     4.7816          1          1  0.000e+00
  1024.9968     50.997     51.421    31.2890     4.7854          1          1  0.000e+00
  1024.9949     50.903     51.326    31.2876     4.7890          1          1  0.000e+00
  1024.9943     50.809     51.231    31.2879     4.7924          1          1  0.000e+00
  1024.9933     50.714     51.136    31.2877     4.7961          1          1  0.000e+00
  1024.9911     50.633     51.053    31.2859     4.8001          1          1  0.000e+00
  1024.9891     50.556     50.976    31.2844     4.8039          1          1  0.000e+00
  1024.9872     50.492     50.911    31.2827     4.8071          1          1  0.000e+00
  1024.9864     50.438     50.857    31.2824     4.8100          1          1  0.000e+00
  1024.9853     50.399     50.818    31.2818     4.8129          1          1  0.000e+00
  1024.9848     50.377     50.796    31.2816     4.8162          1          1  0.000e+00
  1024.9855     50.374     50.793    31.2831     4.8198          1          1  0.000e+00
  1024.9824     50.392     50.811    31.2797     4.8245          1          1  0.000e+00
  1024.9798     50.428     50.847    31.2767     4.8284          1          1  0.000e+00
  1024.9785     50.485     50.905    31.2751     4.8310          1          1  0.000e+00
  1024.9782     50.557     50.977    31.2745     4.8327          1          1  0.000e+00
  1024.9748     50.638     51.059    31.2698     4.8337          1          1  0.000e+00
  1024.9747     50.716     51.138    31.2690     4.8324          1          1  0.000e+00
  1024.9745     50.793     51.215    31.2681     4.8303          1          1  0.000e+00
  1024.9750     50.839     51.262    31.2681     4.8274          1          1  0.000e+00
  1024.9780     50.867     51.290    31.2712     4.8241          1          1  0.000e+00
  1024.9793     50.868     51.291    31.2726     4.8221          1          1  0.000e+00
  1024.9813     50.845     51.267    31.2750     4.8207          1          1  0.000e+00
  1024.9820     50.806     51.228    31.2762     4.8208          1          1  0.000e+00
  1024.9829     50.762     51.184    31.2777     4.8217          1          1  0.000e+00
  1024.9822     50.728     51.150    31.2773     4.8232          1          1  0.000e+00
  1024.9812     50.708     51.129    31.2763     4.8247          1          1  0.000e+00
  1024.9798     50.709     51.130    31.2746     4.8257          1          1  0.000e+00
  1024.9799     50.735     51.156    31.2747     4.8261          1          1  0.000e+00
  1024.9799     50.777     51.199    31.2745     4.8263          1          1  0.000e+00
  1024.9799     50.834     51.257    31.2741     4.8265          1          1  0.000e+00
  1024.9774     50.893     51.315    31.2707     4.8263          1          1  0.000e+00
  1024.9771     50.941     51.365    31.2697     4.8245          1          1  0.000e+00
  1024.9775     50.974     51.398    31.2696     4.8215          1          1  0.000e+00
  1024.9794     50.982     51.405    31.2715     4.8176          1          1  0.000e+00
  1024.9849     50.957     51.381    31.2781     4.8146          1          1  0.000e+00
  1024.9842     50.901     51.324    31.2776     4.8147          1          1  0.000e+00
  1024.9844     50.811     51.233    31.2784     4.8150          1          1  0.000e+00
  1024.9863     50.700     51.121    31.2816     4.8160          1          1  0.000e+00
  1024.9849     50.572     50.993    31.2809     4.8186          1          1  0.000e+00
  1024.9826     50.450     50.870    31.2792     4.8215          1          1  0.000e+00
