data/eDNA/PER-2021-171/171b011.cnv
* Sea-Bird SBE19plus  Data File:
* FileName = C:\Users\RSG_field\Ryan_2021_Perley\CTD\171b011.hex
* Software version 2.3.0 SB_Terminal.dll
* Temperature SN = 7141
* Conductivity SN = 7141
* System UpLoad Time = Aug 11 2021 16:14:11
* <ApplicationData>
* <SeatermAF>
** Platform: M. Perley
** Cruise: Per2021171
** Station:  ESI_13
** Cast: 01 2
** Latitude: N  44 39.653
** Longitude: W 62 58.499
** Sounding: 30.9
** Chief Scientist: Ryan Stanley
** Comment: 171b011
** When I downloaded the afm file, the CTD was not turned off. We realized when ready to deploy and checked the arm armed status. But when we downloaded the file seems to have been combined. Not sure
# nquan = 8
# nvalues = 4692                                  
# units = specified
# name 0 = density00: Density [density, kg/m^3]
# name 1 = depSM: Depth [salt water, m], lat = 45.00
# name 2 = prdM: Pressure, Strain Gauge [db]
# name 3 = sal00: Salinity, Practical [PSU]
# name 4 = tv290C: Temperature [ITS-90, deg C]
# name 5 = bpos: Bottle Position in Carousel
# name 6 = nbf: Bottles Fired
# name 7 = flag:  0.000e+00
# span 0 =   998.8197,  1051.3858                 
# span 1 =     -0.040,  17684.931                 
# span 2 =     -0.040,  18534.440                 
# span 3 =     0.0000,    31.8861                 
# span 4 =     6.4946,    59.0658                 
# span 5 =          0,          4                 
# span 6 =          0,          4                 
# span 7 = 0.0000e+00, 0.0000e+00                 
# interval = seconds: 0.25
# start_time = Aug 11 2021 18:38:28 [Instrument's time stamp, header]
# bad_flag = -9.990e-29
*END*
[from data line 2517]
   999.1291     -0.035     -0.036     0.0077    14.8512          4          4  0.000e+00
   999.1290     -0.035     -0.036     0.0077    14.8522          4          4  0.000e+00
   999.1289     -0.036     -0.037     0.0077    14.8528          4          4  0.000e+00
   999.1289     -0.035     -0.036     0.0077    14.8531          4          4  0.000e+00
   999.1288     -0.036     -0.037     0.0077    14.8534          4          4  0.000e+00
   999.1288     -0.039     -0.039     0.0077    14.8534          4          4  0.000e+00
   999.1288     -0.036     -0.037     0.0077    14.8534          4          4  0.000e+00
   999.1289     -0.037     -0.038     0.0077    14.8531          4          4  0.000e+00
   999.1290     -0.036     -0.037     0.0077    14.8524          4          4  0.000e+00
   999.1291     -0.038     -0.038     0.0077    14.8517          4          4  0.000e+00
   999.1291     -0.039     -0.039     0.0076    14.8514          4          4  0.000e+00
   999.6587     -0.037     -0.038     0.6912    14.8508          4          4  0.000e+00
   999.3607     -0.038     -0.038     0.3059    14.8501          4          4  0.000e+00
   999.3011     -0.038     -0.038     0.2291    14.8503          4          4  0.000e+00
   999.2594     -0.038     -0.038     0.1765    14.8564          4          4  0.000e+00
   999.1878     -0.028     -0.028     0.0864    14.8685          4          4  0.000e+00
  1014.4469      0.108      0.109    20.0020    14.9884          4          4  0.000e+00
  1023.2513      0.314      0.317    31.6650    15.7023          4          4  0.000e+00
  1022.8063      0.505      0.509    31.2855    16.3942          4          4  0.000e+00
  1022.4526      0.662      0.667    30.9525    16.8296          4          4  0.000e+00
  1022.2234      0.772      0.779    30.7242    17.0673          4          4  0.000e+00
  1022.1188      0.880      0.888    30.6231    17.1867          4          4  0.000e+00
  1022.0635      1.006      1.014    30.5654    17.2370          4          4  0.000e+00
  1022.0089      1.166      1.175    30.4885    17.2220          4          4  0.000e+00
  1022.0162      1.378      1.389    30.4820    17.1731          4          4  0.000e+00
  1022.0377      1.646      1.659    30.4950    17.1284          4          4  0.000e+00
  1022.0371      1.931      1.947    30.4780    17.0799          4          4  0.000e+00
  1022.0726      2.148      2.166    30.5073    17.0276          4          4  0.000e+00
  1022.1345      2.318      2.337    30.5747    16.9860          4          4  0.000e+00
  1022.0835      2.430      2.450    30.4957    16.9471          4          4  0.000e+00
  1022.0929      2.501      2.522    30.4994    16.9198          4          4  0.000e+00
  1022.1345      2.532      2.553    30.5489    16.9044          4          4  0.000e+00
  1022.1359      2.519      2.540    30.5499    16.9012          4          4  0.000e+00
  1022.1419      2.475      2.495    30.5602    16.9089          4          4  0.000e+00
  1022.1444      2.404      2.423    30.5680    16.9226          4          4  0.000e+00
  1022.1450      2.319      2.338    30.5727    16.9339          4          4  0.000e+00
  1022.1412      2.231      2.249    30.5679    16.9327          4          4  0.000e+00
  1022.1419      2.144      2.161    30.5675    16.9266          4          4  0.000e+00
  1022.1417      2.062      2.079    30.5678    16.9268          4          4  0.000e+00
  1022.1323      1.982      1.998    30.5570    16.9304          4          4  0.000e+00
  1022.1308      1.906      1.922    30.5569    16.9350          4          4  0.000e+00
  1022.1227      1.831      1.846    30.5481    16.9394          4          4  0.000e+00
  1022.1252      1.764      1.779    30.5532    16.9442          4          4  0.000e+00
  1022.1287      1.706      1.720    30.5595    16.9491          4          4  0.000e+00
  1022.1333      1.664      1.677    30.5668    16.9525          4          4  0.000e+00
  1022.1356      1.644      1.657    30.5705    16.9543          4          4  0.000e+00
  1022.1334      1.650      1.663    30.5680    16.9559          4          4  0.000e+00
  1022.1285      1.688      1.702    30.5625    16.9598          4          4  0.000e+00
  1022.1251      1.759      1.774    30.5591    16.9646          4          4  0.000e+00
  1022.1240      1.855      1.870    30.5588    16.9703          4          4  0.000e+00
  1022.1228      1.973      1.989    30.5589    16.9779          4          4  0.000e+00
  1022.1196      2.095      2.112    30.5563    16.9858          4          4  0.000e+00
  1022.1059      2.199      2.217    30.5402    16.9935          4          4  0.000e+00
  1022.0767      2.286      2.305    30.5028    16.9973          4          4  0.000e+00
  1022.0640      2.351      2.370    30.4851    16.9951          4          4  0.000e+00
  1022.0687      2.400      2.420    30.4916    16.9971          4          4  0.000e+00
  1022.0780      2.429      2.449    30.5048    17.0013          4          4  0.000e+00
  1022.0930      2.434      2.454    30.5262    17.0076          4          4  0.000e+00
  1022.0978      2.419      2.439    30.5356    17.0174          4          4  0.000e+00
  1022.1004      2.387      2.406    30.5422    17.0274          4          4  0.000e+00
  1022.0972      2.339      2.358    30.5419    17.0394          4          4  0.000e+00
  1022.0904      2.283      2.301    30.5371    17.0519          4          4  0.000e+00
  1022.0817      2.219      2.237    30.5295    17.0632          4          4  0.000e+00
  1022.0794      2.145      2.163    30.5294    17.0712          4          4  0.000e+00
  1022.0830      2.071      2.088    30.5362    17.0769          4          4  0.000e+00
  1022.0859      2.000      2.016    30.5411    17.0795          4          4  0.000e+00
  1022.0875      1.931      1.947    30.5431    17.0775          4          4  0.000e+00
  1022.0872      1.870      1.886    30.5421    17.0743          4          4  0.000e+00
  1022.0864      1.816      1.831    30.5404    17.0713          4          4  0.000e+00
  1022.0851      1.770      1.784    30.5383    17.0690          4          4  0.000e+00
  1022.0865      1.739      1.753    30.5399    17.0678          4          4  0.000e+00
  1022.0891      1.724      1.738    30.5435    17.0679          4          4  0.000e+00
  1022.0911      1.725      1.739    30.5462    17.0681          4          4  0.000e+00
  1022.0917      1.743      1.757    30.5467    17.0679          4          4  0.000e+00
  1022.0906      1.773      1.787    30.5455    17.0692          4          4  0.000e+00
  1022.0879      1.825      1.840    30.5431    17.0738          4          4  0.000e+00
  1022.0899      1.896      1.911    30.5462    17.0765          4          4  0.000e+00
  1022.0943      1.992      2.009    30.5522    17.0794          4          4  0.000e+00
  1022.0917      2.100      2.118    30.5496    17.0841          4          4  0.000e+00
  1022.0787      2.213      2.231    30.5343    17.0920          4          4  0.000e+00
  1022.0355      2.320      2.339    30.4781    17.0948          4          4  0.000e+00
  1022.0213      2.401      2.421    30.4577    17.0902          4          4  0.000e+00
  1022.0144      2.461      2.481    30.4478    17.0883          4          4  0.000e+00
  1022.0344      2.491      2.511    30.4649    17.0591          4          4  0.000e+00
  1022.0716      2.493      2.513    30.4984    17.0087          4          4  0.000e+00
  1022.0980      2.469      2.490    30.5228    16.9749          4          4  0.000e+00
  1022.1148      2.419      2.439    30.5396    16.9570          4          4  0.000e+00
  1022.1221      2.351      2.370    30.5470    16.9484          4          4  0.000e+00
  1022.1230      2.268      2.286    30.5480    16.9462          4          4  0.000e+00
  1022.1232      2.173      2.190    30.5485    16.9454          4          4  0.000e+00
  1022.1227      2.075      2.092    30.5495    16.9490          4          4  0.000e+00
  1022.1186      1.983      1.999    30.5482    16.9606          4          4  0.000e+00
  1022.1065      1.900      1.916    30.5388    16.9804          4          4  0.000e+00
  1022.0924      1.831      1.846    30.5277    17.0034          4          4  0.000e+00
  1022.0766      1.774      1.788    30.5147    17.0275          4          4  0.000e+00
  1022.0620      1.728      1.743    30.5022    17.0485          4          4  0.000e+00
  1022.0513      1.701      1.715    30.4935    17.0653          4          4  0.000e+00
  1022.0455      1.686      1.700    30.4902    17.0793          4          4  0.000e+00
  1022.0490      1.686      1.700    30.4988    17.0927          4          4  0.000e+00
  1022.0696      1.711      1.725    30.5299    17.1073          4          4  0.000e+00
  1022.0881      1.758      1.772    30.5586    17.1232          4          4  0.000e+00
  1022.1026      1.836      1.852    30.5813    17.1373          4          4  0.000e+00
  1022.1116      1.934      1.950    30.5968    17.1511          4          4  0.000e+00
  1022.1105      2.037      2.054    30.5998    17.1677          4          4  0.000e+00
  1022.1015      2.139      2.156    30.5927    17.1852          4          4  0.000e+00
  1022.0882      2.223      2.242    30.5796    17.2010          4          4  0.000e+00
  1022.0706      2.292      2.311    30.5599    17.2129          4          4  0.000e+00
  1022.0184      2.341      2.360    30.4932    17.2192          4          4  0.000e+00
  1021.9713      2.369      2.388    30.4315    17.2189          4          4  0.000e+00
  1021.9532      2.377      2.397    30.4084    17.2207          4          4  0.000e+00
  1021.9651      2.373      2.392    30.4183    17.2022          4          4  0.000e+00
  1022.0151      2.354      2.373    30.4674    17.1482          4          4  0.000e+00
  1022.0656      2.328      2.347    30.5182    17.0976          4          4  0.000e+00
  1022.0966      2.288      2.307    30.5501    17.0683          4          4  0.000e+00
  1022.1119      2.238      2.257    30.5651    17.0510          4          4  0.000e+00
  1022.1202      2.178      2.196    30.5726    17.0385          4          4  0.000e+00
  1022.1235      2.112      2.129    30.5754    17.0323          4          4  0.000e+00
  1022.1245      2.042      2.059    30.5757    17.0276          4          4  0.000e+00
  1022.1255      1.979      1.995    30.5756    17.0220          4          4  0.000e+00
  1022.1246      1.922      1.938    30.5735    17.0176          4          4  0.000e+00
  1022.1259      1.885      1.901    30.5743    17.0138          4          4  0.000e+00
  1022.1317      1.859      1.874    30.5806    17.0092          4          4  0.000e+00
  1022.1327      1.844      1.859    30.5807    17.0047          4          4  0.000e+00
  1022.1324      1.839      1.854    30.5798    17.0032          4          4  0.000e+00
  1022.1253      1.847      1.862    30.5752    17.0186          4          4  0.000e+00
  1022.1222      1.867      1.883    30.5806    17.0505          4          4  0.000e+00
  1022.1235      1.899      1.915    30.5930    17.0867          4          4  0.000e+00
  1022.1215      1.946      1.962    30.6007    17.1214          4          4  0.000e+00
  1022.1127      1.994      2.011    30.5985    17.1533          4          4  0.000e+00
  1022.1016      2.051      2.067    30.5917    17.1801          4          4  0.000e+00
  1022.0888      2.101      2.119    30.5808    17.2001          4          4  0.000e+00
  1022.0748      2.147      2.165    30.5668    17.2147          4          4  0.000e+00
  1022.0528      2.184      2.202    30.5406    17.2241          4          4  0.000e+00
  1022.0104      2.204      2.222    30.4857    17.2261          4          4  0.000e+00
  1021.9949      2.210      2.228    30.4649    17.2241          4          4  0.000e+00
  1021.9812      2.204      2.222    30.4476    17.2263          4          4  0.000e+00
  1021.9851      2.188      2.206    30.4483    17.2115          4          4  0.000e+00
  1022.0120      2.168      2.186    30.4715    17.1719          4          4  0.000e+00
  1022.0446      2.149      2.167    30.5010    17.1279          4          4  0.000e+00
  1022.0669      2.131      2.149    30.5210    17.0973          4          4  0.000e+00
  1022.0823      2.112      2.129    30.5347    17.0759          4          4  0.000e+00
  1022.0929      2.093      2.110    30.5441    17.0608          4          4  0.000e+00
  1022.1014      2.071      2.088    30.5517    17.0489          4          4  0.000e+00
  1022.1077      2.048      2.065    30.5573    17.0394          4          4  0.000e+00
  1022.1123      2.028      2.045    30.5610    17.0313          4          4  0.000e+00
  1022.1150      2.018      2.034    30.5624    17.0243          4          4  0.000e+00
  1022.1170      2.015      2.031    30.5631    17.0180          4          4  0.000e+00
  1022.1176      2.011      2.028    30.5626    17.0133          4          4  0.000e+00
  1022.1180      2.015      2.031    30.5625    17.0114          4          4  0.000e+00
  1022.1180      2.012      2.029    30.5624    17.0111          4          4  0.000e+00
  1022.1161      2.012      2.029    30.5601    17.0117          4          4  0.000e+00
  1022.1145      2.010      2.027    30.5580    17.0115          4          4  0.000e+00
  1022.1144      2.008      2.025    30.5577    17.0110          4          4  0.000e+00
  1022.1193      2.012      2.029    30.5638    17.0103          4          4  0.000e+00
  1022.1260      2.022      2.039    30.5731    17.0119          4          4  0.000e+00
  1022.1294      2.045      2.062    30.5793    17.0182          4          4  0.000e+00
  1022.1294      2.082      2.099    30.5823    17.0288          4          4  0.000e+00
  1022.1164      2.126      2.143    30.5741    17.0589          4          4  0.000e+00
  1022.0979      2.166      2.184    30.5623    17.1010          4          4  0.000e+00
  1022.0707      2.196      2.214    30.5368    17.1346          4          4  0.000e+00
  1022.0291      2.204      2.222    30.4875    17.1514          4          4  0.000e+00
  1022.0124      2.196      2.214    30.4672    17.1565          4          4  0.000e+00
  1021.9995      2.168      2.186    30.4547    17.1704          4          4  0.000e+00
  1022.0226      2.125      2.142    30.4777    17.1452          4          4  0.000e+00
  1022.0697      2.067      2.083    30.5224    17.0886          4          4  0.000e+00
  1022.1010      2.002      2.018    30.5522    17.0505          4          4  0.000e+00
  1022.1192      1.936      1.952    30.5690    17.0263          4          4  0.000e+00
  1022.1341      1.878      1.893    30.5831    17.0075          4          4  0.000e+00
  1022.1493      1.846      1.861    30.5998    16.9964          4          4  0.000e+00
  1022.1624      1.836      1.852    30.6148    16.9892          4          4  0.000e+00
  1022.1682      1.861      1.876    30.6228    16.9912          4          4  0.000e+00
  1022.2020      1.912      1.927    30.6774    17.0267          4          4  0.000e+00
  1022.1995      1.977      1.994    30.6916    17.0863          4          4  0.000e+00
  1022.1689      2.048      2.065    30.6690    17.1446          4          4  0.000e+00
  1022.1359      2.109      2.126    30.6400    17.1926          4          4  0.000e+00
  1022.1067      2.160      2.177    30.6121    17.2274          4          4  0.000e+00
  1022.0823      2.202      2.220    30.5866    17.2489          4          4  0.000e+00
  1022.1300      2.230      2.248    30.6524    17.2609          4          4  0.000e+00
  1022.1878      2.248      2.266    30.7373    17.2922          4          4  0.000e+00
