data/eDNA/PER-2021-171/171b001.cnv
* Sea-Bird SBE19plus  Data File:
* FileName = C:\Users\RSG_field\Ryan_2021_Perley\CTD\171b001.hex
* Software version 2.3.0 SB_Terminal.dll
* Temperature SN = 7141
* Conductivity SN = 7141
* System UpLoad Time = Aug 07 2021 20:28:25
* <ApplicationData>
* <SeatermAF>
** Platform: M. Perley
** Cruise: Per2021171
** Station:  1
** Cast: 01
** Latitude: N  44 27.2920
** Longitude: W 62 8.4079
** Sounding: 210
** Chief Scientist: Ryan Stanley
** Comment:
# nquan = 8
# nvalues = 5029                                  
# units = specified
# name 0 = density00: Density [density, kg/m^3]
# name 1 = depSM: Depth [salt water, m], lat = 45.00
# name 2 = prdM: Pressure, Strain Gauge [db]
# name 3 = sal00: Salinity, Practical [PSU]
# name 4 = tv290C: Temperature [ITS-90, deg C]
# name 5 = bpos: Bottle Position in Carousel
# name 6 = nbf: Bottles Fired
# name 7 = flag:  0.000e+00
# span 0 =   998.9606,  1027.7539                 
# span 1 =     -0.053,    192.374                 
# span 2 =     -0.053,    194.040                 
# span 3 =     0.0000,    35.1652                 
# span 4 =     2.8612,    16.2026                 
# span 5 =          0,          6                 
# span 6 =          0,          6                 
# span 7 = 0.0000e+00, 0.0000e+00                 
# interval = seconds: 0.25
# start_time = Aug 07 2021 19:02:27 [Instrument's time stamp, header]
# bad_flag = -9.990e-29
*END*
[from data line 3776]
  1027.2173    129.338    130.438    34.6113    10.1202          3          3  0.000e+00
  1027.2231    129.243    130.342    34.6180    10.1144          3          3  0.000e+00
  1027.2258    129.114    130.212    34.6216    10.1118          3          3  0.000e+00
  1027.2287    128.952    130.048    34.6261    10.1113          3          3  0.000e+00
  1027.2219    128.771    129.865    34.6186    10.1119          3          3  0.000e+00
  1027.2176    128.568    129.661    34.6141    10.1108          3          3  0.000e+00
  1027.2191    128.360    129.451    34.6167    10.1081          3          3  0.000e+00
  1027.2131    128.162    129.251    34.6097    10.1063          3          3  0.000e+00
  1027.2047    127.985    129.073    34.5990    10.1025          3          3  0.000e+00
  1027.1961    127.833    128.920    34.5874    10.0958          3          3  0.000e+00
  1027.1880    127.707    128.792    34.5756    10.0860          3          3  0.000e+00
  1027.1908    127.616    128.700    34.5769    10.0732          3          3  0.000e+00
  1027.1894    127.552    128.636    34.5729    10.0619          3          3  0.000e+00
  1027.1916    127.507    128.590    34.5736    10.0508          3          3  0.000e+00
  1027.1704    127.470    128.553    34.5442    10.0398          3          3  0.000e+00
  1027.1795    127.431    128.514    34.5524    10.0234          3          3  0.000e+00
  1027.1861    127.388    128.470    34.5581    10.0097          3          3  0.000e+00
  1027.1889    127.334    128.416    34.5598     9.9997          3          3  0.000e+00
  1027.1963    127.256    128.338    34.5680     9.9921          3          3  0.000e+00
  1027.2011    127.159    128.239    34.5738     9.9881          3          3  0.000e+00
  1027.2051    127.044    128.124    34.5794     9.9872          3          3  0.000e+00
  1027.2068    126.912    127.990    34.5827     9.9885          3          3  0.000e+00
  1027.1994    126.769    127.846    34.5745     9.9908          3          3  0.000e+00
  1027.1961    126.617    127.693    34.5712     9.9905          3          3  0.000e+00
  1027.1943    126.463    127.538    34.5693     9.9889          3          3  0.000e+00
  1027.1944    126.315    127.388    34.5698     9.9865          3          3  0.000e+00
  1027.1939    126.171    127.242    34.5696     9.9846          3          3  0.000e+00
  1027.1926    126.040    127.111    34.5684     9.9830          3          3  0.000e+00
  1027.1926    125.924    126.993    34.5686     9.9812          3          3  0.000e+00
  1027.1910    125.815    126.884    34.5668     9.9797          3          3  0.000e+00
  1027.1912    125.719    126.787    34.5673     9.9780          3          3  0.000e+00
  1027.1915    125.626    126.693    34.5679     9.9767          3          3  0.000e+00
  1027.1907    125.530    126.596    34.5673     9.9754          3          3  0.000e+00
  1027.1893    125.434    126.499    34.5659     9.9746          3          3  0.000e+00
  1027.1875    125.329    126.393    34.5639     9.9738          3          3  0.000e+00
  1027.1861    125.218    126.282    34.5626     9.9728          3          3  0.000e+00
  1027.1852    125.109    126.172    34.5618     9.9718          3          3  0.000e+00
  1027.1874    125.000    126.061    34.5650     9.9707          3          3  0.000e+00
  1027.1854    124.893    125.953    34.5630     9.9703          3          3  0.000e+00
  1027.1852    124.795    125.855    34.5633     9.9701          3          3  0.000e+00
  1027.1856    124.707    125.766    34.5643     9.9698          3          3  0.000e+00
  1027.1828    124.623    125.682    34.5611     9.9698          3          3  0.000e+00
  1027.1828    124.547    125.605    34.5615     9.9692          3          3  0.000e+00
  1027.1809    124.473    125.530    34.5593     9.9686          3          3  0.000e+00
  1027.1765    124.402    125.458    34.5539     9.9678          3          3  0.000e+00
  1027.1738    124.338    125.394    34.5503     9.9657          3          3  0.000e+00
  1027.1725    124.267    125.322    34.5484     9.9629          3          3  0.000e+00
  1027.1756    124.187    125.241    34.5523     9.9601          3          3  0.000e+00
  1027.1778    124.088    125.141    34.5554     9.9589          3          3  0.000e+00
  1027.1756    123.971    125.024    34.5534     9.9593          3          3  0.000e+00
  1027.1738    123.823    124.874    34.5520     9.9596          3          3  0.000e+00
  1027.1734    123.645    124.694    34.5524     9.9593          3          3  0.000e+00
  1027.1711    123.440    124.488    34.5507     9.9590          3          3  0.000e+00
  1027.1542    123.218    124.264    34.5301     9.9582          3          3  0.000e+00
  1027.1487    122.985    124.029    34.5231     9.9523          3          3  0.000e+00
  1027.1440    122.748    123.789    34.5166     9.9438          3          3  0.000e+00
  1027.1448    122.528    123.568    34.5171     9.9353          3          3  0.000e+00
  1027.1404    122.334    123.372    34.5109     9.9277          3          3  0.000e+00
  1027.1370    122.181    123.218    34.5055     9.9191          3          3  0.000e+00
  1027.1336    122.075    123.111    34.4999     9.9103          3          3  0.000e+00
  1027.1196    122.020    123.055    34.4802     9.9012          3          3  0.000e+00
  1027.1206    122.002    123.037    34.4788     9.8885          3          3  0.000e+00
  1027.1286    122.008    123.044    34.4863     9.8758          3          3  0.000e+00
  1027.1266    122.026    123.062    34.4816     9.8669          3          3  0.000e+00
  1027.1321    122.030    123.065    34.4870     9.8590          3          3  0.000e+00
  1027.1340    122.003    123.038    34.4883     9.8537          3          3  0.000e+00
  1027.1338    121.923    122.957    34.4877     9.8498          3          3  0.000e+00
  1027.1381    121.792    122.825    34.4934     9.8468          3          3  0.000e+00
  1027.1425    121.612    122.644    34.4999     9.8461          3          3  0.000e+00
  1027.1424    121.394    122.424    34.5013     9.8478          3          3  0.000e+00
  1027.1393    121.155    122.182    34.4993     9.8498          3          3  0.000e+00
  1027.1232    120.908    121.933    34.4802     9.8507          3          3  0.000e+00
  1027.1168    120.663    121.686    34.4726     9.8464          3          3  0.000e+00
  1027.1160    120.446    121.468    34.4713     9.8397          3          3  0.000e+00
  1027.1089    120.264    121.284    34.4617     9.8322          3          3  0.000e+00
  1027.1125    120.120    121.138    34.4653     9.8239          3          3  0.000e+00
  1027.1112    120.015    121.033    34.4628     9.8172          3          3  0.000e+00
  1027.1060    119.943    120.960    34.4552     9.8112          3          3  0.000e+00
  1027.1021    119.893    120.910    34.4488     9.8033          3          3  0.000e+00
  1027.1016    119.859    120.875    34.4462     9.7932          3          3  0.000e+00
  1027.0714    119.834    120.850    34.4053     9.7826          3          3  0.000e+00
  1027.0689    119.805    120.821    34.3977     9.7621          3          3  0.000e+00
  1027.0742    119.767    120.782    34.3999     9.7392          3          3  0.000e+00
  1027.0793    119.714    120.729    34.4022     9.7187          3          3  0.000e+00
  1027.0940    119.646    120.660    34.4180     9.7028          3          3  0.000e+00
  1027.1029    119.559    120.573    34.4280     9.6941          3          3  0.000e+00
  1027.1085    119.462    120.475    34.4349     9.6905          3          3  0.000e+00
  1027.1171    119.355    120.367    34.4465     9.6901          3          3  0.000e+00
  1027.1122    119.241    120.252    34.4417     9.6936          3          3  0.000e+00
  1027.1010    119.120    120.130    34.4284     9.6957          3          3  0.000e+00
  1027.0989    118.993    120.001    34.4261     9.6936          3          3  0.000e+00
  1027.0965    118.863    119.871    34.4230     9.6904          3          3  0.000e+00
  1027.0993    118.730    119.736    34.4265     9.6859          3          3  0.000e+00
  1027.0892    118.599    119.604    34.4136     9.6831          3          3  0.000e+00
  1027.0686    118.473    119.477    34.3868     9.6773          3          3  0.000e+00
  1027.0653    118.357    119.361    34.3803     9.6640          3          3  0.000e+00
  1027.0711    118.241    119.243    34.3853     9.6493          3          3  0.000e+00
  1027.0764    118.124    119.125    34.3901     9.6375          3          3  0.000e+00
  1027.0723    118.001    119.001    34.3838     9.6291          3          3  0.000e+00
  1027.0717    117.868    118.866    34.3819     9.6203          3          3  0.000e+00
  1027.0767    117.725    118.723    34.3875     9.6121          3          3  0.000e+00
  1027.0833    117.568    118.565    34.3957     9.6069          3          3  0.000e+00
  1027.0850    117.404    118.399    34.3984     9.6050          3          3  0.000e+00
  1027.0793    117.237    118.230    34.3921     9.6050          3          3  0.000e+00
  1027.0787    117.068    118.060    34.3921     9.6039          3          3  0.000e+00
  1027.0687    116.904    117.894    34.3797     9.6013          3          3  0.000e+00
  1027.0570    116.751    117.740    34.3644     9.5958          3          3  0.000e+00
  1027.0594    116.615    117.603    34.3661     9.5859          3          3  0.000e+00
  1027.0473    116.484    117.470    34.3494     9.5765          3          3  0.000e+00
  1027.0354    116.362    117.347    34.3322     9.5644          3          3  0.000e+00
  1027.0554    116.248    117.233    34.3552     9.5489          3          3  0.000e+00
  1027.0532    116.138    117.122    34.3513     9.5405          3          3  0.000e+00
  1027.0351    116.029    117.012    34.3271     9.5330          3          3  0.000e+00
  1027.0383    115.925    116.907    34.3290     9.5203          3          3  0.000e+00
  1027.0375    115.823    116.804    34.3262     9.5088          3          3  0.000e+00
  1027.0322    115.726    116.706    34.3178     9.4989          3          3  0.000e+00
  1027.0336    115.631    116.610    34.3179     9.4879          3          3  0.000e+00
  1027.0406    115.536    116.514    34.3254     9.4789          3          3  0.000e+00
  1027.0380    115.440    116.418    34.3213     9.4724          3          3  0.000e+00
  1027.0361    115.341    116.317    34.3181     9.4665          3          3  0.000e+00
  1027.0298    115.239    116.215    34.3095     9.4609          3          3  0.000e+00
  1027.0199    115.132    116.107    34.2958     9.4531          3          3  0.000e+00
  1027.0253    115.018    115.992    34.3010     9.4424          3          3  0.000e+00
  1027.0301    114.905    115.878    34.3062     9.4341          3          3  0.000e+00
  1027.0482    114.787    115.759    34.3289     9.4290          3          3  0.000e+00
  1027.0242    114.668    115.639    34.2991     9.4305          3          3  0.000e+00
  1027.0158    114.546    115.516    34.2882     9.4259          3          3  0.000e+00
  1027.0244    114.423    115.392    34.2978     9.4156          3          3  0.000e+00
  1026.9952    114.299    115.267    34.2595     9.4081          3          3  0.000e+00
  1026.9648    114.174    115.141    34.2175     9.3903          3          3  0.000e+00
  1026.9826    114.055    115.021    34.2351     9.3625          3          3  0.000e+00
  1026.9900    113.945    114.910    34.2407     9.3412          3          3  0.000e+00
  1026.9891    113.840    114.804    34.2371     9.3266          3          3  0.000e+00
  1026.9868    113.746    114.708    34.2318     9.3126          3          3  0.000e+00
  1026.9798    113.655    114.616    34.2200     9.2972          3          3  0.000e+00
  1026.9939    113.566    114.528    34.2353     9.2817          3          3  0.000e+00
  1026.9988    113.475    114.436    34.2401     9.2718          3          3  0.000e+00
  1027.0023    113.381    114.340    34.2438     9.2654          3          3  0.000e+00
  1026.9853    113.273    114.231    34.2217     9.2610          3          3  0.000e+00
  1026.9812    113.160    114.118    34.2152     9.2515          3          3  0.000e+00
  1026.9873    113.035    113.992    34.2212     9.2399          3          3  0.000e+00
  1026.9739    112.896    113.852    34.2030     9.2305          3          3  0.000e+00
  1026.9615    112.736    113.690    34.1853     9.2175          3          3  0.000e+00
  1027.0018    112.556    113.508    34.2346     9.2019          3          3  0.000e+00
  1026.9585    112.353    113.304    34.1797     9.1981          3          3  0.000e+00
  1026.9498    112.128    113.076    34.1667     9.1827          3          3  0.000e+00
  1026.9540    111.878    112.825    34.1687     9.1599          3          3  0.000e+00
  1026.9420    111.614    112.558    34.1507     9.1395          3          3  0.000e+00
  1026.9461    111.345    112.287    34.1527     9.1168          3          3  0.000e+00
  1026.9468    111.075    112.014    34.1509     9.0958          3          3  0.000e+00
  1026.9235    110.821    111.758    34.1182     9.0749          3          3  0.000e+00
  1026.9228    110.594    111.529    34.1128     9.0467          3          3  0.000e+00
  1026.9501    110.401    111.335    34.1430     9.0188          3          3  0.000e+00
  1026.9640    110.246    111.179    34.1584     9.0027          3          3  0.000e+00
  1026.9261    110.143    111.074    34.1088     8.9944          3          3  0.000e+00
  1026.8097    110.086    111.017    33.9551     8.9689          3          3  0.000e+00
  1026.8614    110.079    111.010    34.0071     8.8998          3          3  0.000e+00
  1026.8935    110.115    111.046    34.0356     8.8396          3          3  0.000e+00
  1026.8492    110.187    111.119    33.9703     8.7988          3          3  0.000e+00
  1026.8683    110.294    111.227    33.9840     8.7490          3          3  0.000e+00
  1026.9068    110.418    111.352    34.0230     8.7018          3          3  0.000e+00
  1026.9528    110.549    111.483    34.0755     8.6744          3          3  0.000e+00
  1027.0639    110.657    111.593    34.2157     8.6698          3          3  0.000e+00
  1027.0808    110.728    111.664    34.2450     8.7099          3          3  0.000e+00
  1027.0438    110.747    111.684    34.2092     8.7668          3          3  0.000e+00
  1026.9933    110.708    111.644    34.1528     8.8058          3          3  0.000e+00
  1026.9249    110.605    111.540    34.0691     8.8205          3          3  0.000e+00
  1026.9150    110.434    111.368    34.0543     8.8054          3          3  0.000e+00
  1026.9320    110.202    111.134    34.0729     8.7834          3          3  0.000e+00
  1026.8988    109.919    110.848    34.0290     8.7681          3          3  0.000e+00
  1026.8865    109.594    110.521    34.0100     8.7420          3          3  0.000e+00
  1026.8996    109.243    110.167    34.0225     8.7113          3          3  0.000e+00
  1026.9117    108.874    109.795    34.0349     8.6852          3          3  0.000e+00
  1026.9139    108.510    109.427    34.0363     8.6676          3          3  0.000e+00
  1026.9163    108.153    109.067    34.0385     8.6530          3          3  0.000e+00
  1026.9166    107.818    108.729    34.0384     8.6406          3          3  0.000e+00
  1026.9050    107.506    108.415    34.0231     8.6294          3          3  0.000e+00
  1026.8873    107.231    108.137    33.9989     8.6135          3          3  0.000e+00
  1026.8959    106.989    107.893    34.0070     8.5917          3          3  0.000e+00
