data/eDNA/PER-2021-171/171b022.cnv
* Sea-Bird SBE19plus  Data File:
* FileName = C:\Users\RSG_field\Ryan_2021_Perley\CTD\171b022.hex
* Software version 2.3.0 SB_Terminal.dll
* Temperature SN = 7141
* Conductivity SN = 7141
* System UpLoad Time = Aug 17 2021 15:29:43
* <ApplicationData>
* <SeatermAF>
** Platform: M. Perley
** Cruise: Per2021171
** Station:  SAB_07
** Cast: 01 2
** Latitude: N  46 16.508
** Longitude: W 59 00.823
** Sounding: 166
** Chief Scientist: Ryan Stanley
** Comment: 171b022
** This was a bit off the original plan to sample in a constant bearing from GC_06 to Scattarie Bank
# nquan = 8
# nvalues = 4080                                  
# units = specified
# name 0 = density00: Density [density, kg/m^3]
# name 1 = depSM: Depth [salt water, m], lat = 45.00
# name 2 = prdM: Pressure, Strain Gauge [db]
# name 3 = sal00: Salinity, Practical [PSU]
# name 4 = tv290C: Temperature [ITS-90, deg C]
# name 5 = bpos: Bottle Position in Carousel
# name 6 = nbf: Bottles Fired
# name 7 = flag:  0.000e+00
# span 0 =   998.9433,  1027.4941                 
# span 1 =     -0.035,    156.260                 
# span 2 =     -0.036,    157.599                 
# span 3 =     0.0945,    33.8008                 
# span 4 =     1.8763,    19.8080                 
# span 5 =          0,          2                 
# span 6 =          0,          2                 
# span 7 = 0.0000e+00, 0.0000e+00                 
# interval = seconds: 0.25
# start_time = Aug 17 2021 18:09:22 [Instrument's time stamp, header]
# bad_flag = -9.990e-29
*END*
[from data line 3596]
  1025.7070     54.611     55.065    31.9124     2.6765          1          1  0.000e+00
  1025.6964     54.511     54.965    31.9006     2.6847          1          1  0.000e+00
  1025.6989     54.399     54.851    31.9046     2.6865          1          1  0.000e+00
  1025.6960     54.274     54.725    31.9020     2.6901          1          1  0.000e+00
  1025.7049     54.146     54.597    31.9145     2.6952          1          1  0.000e+00
  1025.6975     54.026     54.475    31.9075     2.7095          1          1  0.000e+00
  1025.6791     53.920     54.368    31.8867     2.7264          1          1  0.000e+00
  1025.6758     53.842     54.290    31.8839     2.7340          1          1  0.000e+00
  1025.6723     53.785     54.232    31.8804     2.7397          1          1  0.000e+00
  1025.6665     53.745     54.192    31.8738     2.7442          1          1  0.000e+00
  1025.6672     53.703     54.150    31.8749     2.7449          1          1  0.000e+00
  1025.6708     53.657     54.103    31.8799     2.7467          1          1  0.000e+00
  1025.6630     53.590     54.036    31.8713     2.7536          1          1  0.000e+00
  1025.6561     53.498     53.942    31.8637     2.7592          1          1  0.000e+00
  1025.6583     53.374     53.817    31.8674     2.7610          1          1  0.000e+00
  1025.6509     53.224     53.667    31.8595     2.7650          1          1  0.000e+00
  1025.6501     53.051     53.492    31.8596     2.7661          1          1  0.000e+00
  1025.6498     52.871     53.311    31.8604     2.7667          1          1  0.000e+00
  1025.6482     52.691     53.129    31.8596     2.7692          1          1  0.000e+00
  1025.6446     52.531     52.967    31.8564     2.7725          1          1  0.000e+00
  1025.6409     52.387     52.822    31.8530     2.7758          1          1  0.000e+00
  1025.6369     52.263     52.697    31.8490     2.7782          1          1  0.000e+00
  1025.6340     52.151     52.585    31.8461     2.7794          1          1  0.000e+00
  1025.6317     52.040     52.472    31.8441     2.7800          1          1  0.000e+00
  1025.6309     51.919     52.351    31.8436     2.7798          1          1  0.000e+00
  1025.6287     51.784     52.215    31.8417     2.7795          1          1  0.000e+00
  1025.6208     51.628     52.057    31.8327     2.7788          1          1  0.000e+00
  1025.6177     51.459     51.887    31.8295     2.7765          1          1  0.000e+00
  1025.6138     51.277     51.703    31.8255     2.7739          1          1  0.000e+00
  1025.6164     51.093     51.518    31.8296     2.7710          1          1  0.000e+00
  1025.6158     50.922     51.346    31.8296     2.7694          1          1  0.000e+00
  1025.6134     50.768     51.190    31.8274     2.7682          1          1  0.000e+00
  1025.6084     50.630     51.051    31.8218     2.7670          1          1  0.000e+00
  1025.6065     50.515     50.935    31.8200     2.7656          1          1  0.000e+00
  1025.6050     50.422     50.841    31.8185     2.7640          1          1  0.000e+00
  1025.6005     50.344     50.762    31.8132     2.7627          1          1  0.000e+00
  1025.6025     50.269     50.687    31.8160     2.7614          1          1  0.000e+00
  1025.6014     50.193     50.610    31.8151     2.7616          1          1  0.000e+00
  1025.6010     50.110     50.527    31.8152     2.7621          1          1  0.000e+00
  1025.6010     50.014     50.429    31.8157     2.7622          1          1  0.000e+00
  1025.5983     49.899     50.314    31.8130     2.7623          1          1  0.000e+00
  1025.5884     49.766     50.179    31.8017     2.7641          1          1  0.000e+00
  1025.5854     49.622     50.034    31.7990     2.7669          1          1  0.000e+00
  1025.5829     49.476     49.887    31.7969     2.7682          1          1  0.000e+00
  1025.5811     49.334     49.744    31.7955     2.7685          1          1  0.000e+00
  1025.5777     49.204     49.613    31.7920     2.7689          1          1  0.000e+00
  1025.5681     49.091     49.498    31.7808     2.7697          1          1  0.000e+00
  1025.5640     48.995     49.402    31.7764     2.7717          1          1  0.000e+00
  1025.5555     48.910     49.317    31.7665     2.7735          1          1  0.000e+00
  1025.5510     48.830     49.235    31.7615     2.7754          1          1  0.000e+00
  1025.5459     48.749     49.154    31.7557     2.7771          1          1  0.000e+00
  1025.5420     48.654     49.058    31.7516     2.7785          1          1  0.000e+00
  1025.5415     48.541     48.944    31.7518     2.7797          1          1  0.000e+00
  1025.5360     48.406     48.808    31.7457     2.7802          1          1  0.000e+00
  1025.5263     48.248     48.648    31.7345     2.7806          1          1  0.000e+00
  1025.5272     48.072     48.471    31.7368     2.7816          1          1  0.000e+00
  1025.5261     47.886     48.284    31.7366     2.7819          1          1  0.000e+00
  1025.5213     47.703     48.099    31.7317     2.7824          1          1  0.000e+00
  1025.5164     47.527     47.921    31.7267     2.7838          1          1  0.000e+00
  1025.5137     47.370     47.763    31.7245     2.7856          1          1  0.000e+00
  1025.5093     47.228     47.620    31.7202     2.7892          1          1  0.000e+00
  1025.5060     47.105     47.496    31.7172     2.7938          1          1  0.000e+00
  1025.5030     46.994     47.384    31.7147     2.7991          1          1  0.000e+00
  1025.5006     46.894     47.283    31.7129     2.8052          1          1  0.000e+00
  1025.4963     46.797     47.186    31.7088     2.8123          1          1  0.000e+00
  1025.4921     46.699     47.086    31.7048     2.8185          1          1  0.000e+00
  1025.4924     46.597     46.984    31.7064     2.8243          1          1  0.000e+00
  1025.4916     46.492     46.878    31.7068     2.8322          1          1  0.000e+00
  1025.4870     46.384     46.769    31.7030     2.8452          1          1  0.000e+00
  1025.4721     46.289     46.673    31.6865     2.8607          1          1  0.000e+00
  1025.4645     46.197     46.581    31.6785     2.8698          1          1  0.000e+00
  1025.4609     46.112     46.494    31.6750     2.8746          1          1  0.000e+00
  1025.4562     46.036     46.418    31.6698     2.8778          1          1  0.000e+00
  1025.4558     45.962     46.343    31.6697     2.8777          1          1  0.000e+00
  1025.4570     45.883     46.263    31.6718     2.8771          1          1  0.000e+00
  1025.4562     45.788     46.168    31.6714     2.8782          1          1  0.000e+00
  1025.4584     45.672     46.050    31.6751     2.8808          1          1  0.000e+00
  1025.4534     45.533     45.910    31.6706     2.8889          1          1  0.000e+00
  1025.4430     45.375     45.751    31.6593     2.8977          1          1  0.000e+00
  1025.4369     45.194     45.569    31.6532     2.9018          1          1  0.000e+00
  1025.4386     45.004     45.377    31.6565     2.9016          1          1  0.000e+00
  1025.4393     44.814     45.186    31.6586     2.9035          1          1  0.000e+00
  1025.4351     44.635     45.005    31.6550     2.9091          1          1  0.000e+00
  1025.4293     44.474     44.842    31.6494     2.9158          1          1  0.000e+00
  1025.4237     44.334     44.701    31.6439     2.9216          1          1  0.000e+00
  1025.4189     44.217     44.584    31.6390     2.9261          1          1  0.000e+00
  1025.4121     44.117     44.483    31.6313     2.9295          1          1  0.000e+00
  1025.4069     44.030     44.396    31.6257     2.9321          1          1  0.000e+00
  1025.4051     43.942     44.307    31.6241     2.9338          1          1  0.000e+00
  1025.4039     43.853     44.217    31.6232     2.9347          1          1  0.000e+00
  1025.4040     43.758     44.121    31.6239     2.9354          1          1  0.000e+00
  1025.4026     43.658     44.020    31.6229     2.9356          1          1  0.000e+00
  1025.3982     43.553     43.915    31.6180     2.9367          1          1  0.000e+00
  1025.3949     43.446     43.807    31.6149     2.9396          1          1  0.000e+00
  1025.3917     43.336     43.695    31.6118     2.9427          1          1  0.000e+00
  1025.3907     43.226     43.584    31.6117     2.9461          1          1  0.000e+00
  1025.3875     43.113     43.471    31.6086     2.9497          1          1  0.000e+00
  1025.3858     43.006     43.363    31.6074     2.9521          1          1  0.000e+00
  1025.3848     42.895     43.251    31.6070     2.9541          1          1  0.000e+00
  1025.3829     42.786     43.141    31.6053     2.9544          1          1  0.000e+00
  1025.3883     42.674     43.027    31.6126     2.9531          1          1  0.000e+00
  1025.3863     42.555     42.908    31.6111     2.9565          1          1  0.000e+00
  1025.3897     42.421     42.773    31.6168     2.9617          1          1  0.000e+00
  1025.3830     42.277     42.627    31.6103     2.9717          1          1  0.000e+00
  1025.3747     42.125     42.475    31.6019     2.9826          1          1  0.000e+00
  1025.3674     41.963     42.311    31.5945     2.9899          1          1  0.000e+00
  1025.3663     41.801     42.147    31.5945     2.9940          1          1  0.000e+00
  1025.3634     41.641     41.986    31.5923     2.9986          1          1  0.000e+00
  1025.3663     41.488     41.832    31.5975     3.0037          1          1  0.000e+00
  1025.3679     41.341     41.684    31.6011     3.0124          1          1  0.000e+00
  1025.3596     41.202     41.543    31.5931     3.0259          1          1  0.000e+00
  1025.3500     41.073     41.413    31.5831     3.0380          1          1  0.000e+00
  1025.3505     40.946     41.285    31.5854     3.0468          1          1  0.000e+00
  1025.3493     40.828     41.166    31.5857     3.0571          1          1  0.000e+00
  1025.3427     40.717     41.054    31.5794     3.0701          1          1  0.000e+00
  1025.3323     40.617     40.953    31.5683     3.0823          1          1  0.000e+00
  1025.3292     40.528     40.864    31.5657     3.0895          1          1  0.000e+00
  1025.3219     40.445     40.780    31.5577     3.0955          1          1  0.000e+00
  1025.3197     40.376     40.711    31.5556     3.0987          1          1  0.000e+00
  1025.3223     40.321     40.655    31.5594     3.1000          1          1  0.000e+00
  1025.3293     40.271     40.605    31.5688     3.1035          1          1  0.000e+00
  1025.3320     40.231     40.564    31.5734     3.1129          1          1  0.000e+00
  1025.3366     40.190     40.523    31.5813     3.1292          1          1  0.000e+00
  1025.3117     40.146     40.479    31.5528     3.1535          1          1  0.000e+00
  1025.3030     40.084     40.416    31.5439     3.1681          1          1  0.000e+00
  1025.2984     40.003     40.334    31.5396     3.1774          1          1  0.000e+00
  1025.2852     39.896     40.226    31.5247     3.1865          1          1  0.000e+00
  1025.2919     39.766     40.095    31.5341     3.1890          1          1  0.000e+00
  1025.2836     39.610     39.938    31.5255     3.1973          1          1  0.000e+00
  1025.2930     39.435     39.761    31.5395     3.2075          1          1  0.000e+00
  1025.2912     39.261     39.586    31.5406     3.2292          1          1  0.000e+00
  1025.2800     39.086     39.410    31.5310     3.2610          1          1  0.000e+00
  1025.2555     38.924     39.246    31.5050     3.2955          1          1  0.000e+00
  1025.2351     38.779     39.100    31.4834     3.3239          1          1  0.000e+00
  1025.2193     38.647     38.967    31.4666     3.3438          1          1  0.000e+00
  1025.2121     38.515     38.834    31.4598     3.3568          1          1  0.000e+00
  1025.2069     38.381     38.699    31.4553     3.3677          1          1  0.000e+00
  1025.2090     38.224     38.541    31.4601     3.3790          1          1  0.000e+00
  1025.1984     38.044     38.359    31.4496     3.3951          1          1  0.000e+00
  1025.2002     37.839     38.153    31.4548     3.4107          1          1  0.000e+00
  1025.1834     37.618     37.929    31.4372     3.4305          1          1  0.000e+00
  1025.1677     37.389     37.698    31.4204     3.4444          1          1  0.000e+00
  1025.1673     37.175     37.482    31.4220     3.4504          1          1  0.000e+00
  1025.1760     36.982     37.288    31.4346     3.4566          1          1  0.000e+00
  1025.1786     36.829     37.134    31.4405     3.4712          1          1  0.000e+00
  1025.1815     36.721     37.025    31.4473     3.4942          1          1  0.000e+00
  1025.1760     36.648     36.951    31.4449     3.5295          1          1  0.000e+00
  1025.1519     36.602     36.905    31.4196     3.5712          1          1  0.000e+00
  1025.1604     36.579     36.882    31.4342     3.6044          1          1  0.000e+00
  1025.1553     36.558     36.860    31.4342     3.6590          1          1  0.000e+00
  1025.1085     36.528     36.830    31.3836     3.7276          1          1  0.000e+00
  1025.0917     36.486     36.787    31.3684     3.7774          1          1  0.000e+00
  1025.0573     36.422     36.723    31.3311     3.8245          1          1  0.000e+00
  1025.0148     36.337     36.638    31.2821     3.8582          1          1  0.000e+00
  1024.9942     36.232     36.532    31.2578     3.8664          1          1  0.000e+00
  1024.9958     36.120     36.419    31.2595     3.8578          1          1  0.000e+00
  1025.0155     36.013     36.311    31.2834     3.8453          1          1  0.000e+00
  1025.0162     35.914     36.211    31.2845     3.8428          1          1  0.000e+00
  1025.0186     35.832     36.128    31.2883     3.8444          1          1  0.000e+00
  1025.0231     35.767     36.063    31.2947     3.8473          1          1  0.000e+00
  1025.0189     35.710     36.005    31.2904     3.8531          1          1  0.000e+00
  1025.0041     35.651     35.946    31.2723     3.8537          1          1  0.000e+00
  1025.0625     35.572     35.866    31.3455     3.8484          1          1  0.000e+00
  1025.0673     35.458     35.752    31.3559     3.8795          1          1  0.000e+00
  1025.0709     35.296     35.588    31.3679     3.9338          1          1  0.000e+00
  1025.0141     35.088     35.379    31.3051     3.9958          1          1  0.000e+00
  1024.9973     34.839     35.127    31.2904     4.0370          1          1  0.000e+00
  1025.0512     34.567     34.853    31.3641     4.0715          1          1  0.000e+00
  1025.0875     34.283     34.566    31.4203     4.1441          1          1  0.000e+00
  1025.0481     34.017     34.298    31.3852     4.2490          1          1  0.000e+00
  1025.0227     33.779     34.058    31.3672     4.3489          1          1  0.000e+00
  1024.9892     33.582     33.860    31.3378     4.4405          1          1  0.000e+00
  1024.9747     33.430     33.707    31.3309     4.5228          1          1  0.000e+00
  1024.9731     33.325     33.601    31.3395     4.5996          1          1  0.000e+00
  1024.9078     33.246     33.521    31.2678     4.6777          1          1  0.000e+00
  1024.8598     33.184     33.459    31.2140     4.7271          1          1  0.000e+00
  1024.8885     33.129     33.403    31.2542     4.7539          1          1  0.000e+00
  1024.9822     33.074     33.348    31.3781     4.7947          1          1  0.000e+00
  1024.9046     32.999     33.272    31.2920     4.8793          1          1  0.000e+00
