data/eDNA/PER-2021-171/171b020.cnv
* Sea-Bird SBE19plus  Data File:
* FileName = C:\Users\RSG_field\Ryan_2021_Perley\CTD\171b020.hex
* Software version 2.3.0 SB_Terminal.dll
* Temperature SN = 7141
* Conductivity SN = 7141
* System UpLoad Time = Aug 17 2021 11:30:09
* <ApplicationData>
* <SeatermAF>
** Platform: M. Perley
** Cruise: Per2021171
** Station:  SAB_05
** Cast: 01 2
** Latitude: N  46 16.023
** Longitude: W 59 10.424
** Sounding: 113
** Chief Scientist: Ryan Stanley
** Comment: 171b020
# nquan = 8
# nvalues = 3383                                  
# units = specified
# name 0 = density00: Density [density, kg/m^3]
# name 1 = depSM: Depth [salt water, m], lat = 45.00
# name 2 = prdM: Pressure, Strain Gauge [db]
# name 3 = sal00: Salinity, Practical [PSU]
# name 4 = tv290C: Temperature [ITS-90, deg C]
# name 5 = bpos: Bottle Position in Carousel
# name 6 = nbf: Bottles Fired
# name 7 = flag:  0.000e+00
# span 0 =   998.6755,  1026.7879                 
# span 1 =     -0.043,    104.110                 
# span 2 =     -0.043,    104.989                 
# span 3 =     0.0078,    32.9726                 
# span 4 =     2.0475,    19.6269                 
# span 5 =          0,          5                 
# span 6 =          0,          5                 
# span 7 = 0.0000e+00, 0.0000e+00                 
# interval = seconds: 0.25
# start_time = Aug 17 2021 14:13:01 [Instrument's time stamp, header]
# bad_flag = -9.990e-29
*END*
[from data line 899]
  1020.7002      7.282      7.342    29.3426    19.1427          0          0  0.000e+00
  1020.7090      7.408      7.469    29.3480    19.1262          0          0  0.000e+00
  1020.7207      7.552      7.614    29.3565    19.1080          0          0  0.000e+00
  1020.7308      7.713      7.777    29.3640    19.0927          0          0  0.000e+00
  1020.7366      7.885      7.950    29.3660    19.0786          0          0  0.000e+00
  1020.7488      8.058      8.124    29.3752    19.0611          0          0  0.000e+00
  1020.7649      8.227      8.295    29.3898    19.0436          0          0  0.000e+00
  1020.7787      8.392      8.460    29.4027    19.0308          0          0  0.000e+00
  1020.7886      8.550      8.620    29.4122    19.0226          0          0  0.000e+00
  1020.7945      8.696      8.767    29.4173    19.0171          0          0  0.000e+00
  1020.7968      8.828      8.901    29.4179    19.0122          0          0  0.000e+00
  1020.8023      8.945      9.018    29.4225    19.0060          0          0  0.000e+00
  1020.8084      9.057      9.132    29.4279    19.0001          0          0  0.000e+00
  1020.8135      9.162      9.237    29.4324    18.9952          0          0  0.000e+00
  1020.8183      9.266      9.342    29.4371    18.9922          0          0  0.000e+00
  1020.8222      9.376      9.453    29.4410    18.9904          0          0  0.000e+00
  1020.8278      9.495      9.573    29.4474    18.9893          0          0  0.000e+00
  1020.8334      9.624      9.703    29.4536    18.9883          0          0  0.000e+00
  1020.8365      9.758      9.838    29.4565    18.9874          0          0  0.000e+00
  1020.8403      9.893      9.974    29.4605    18.9866          0          0  0.000e+00
  1020.8446     10.026     10.108    29.4650    18.9855          0          0  0.000e+00
  1020.8478     10.148     10.231    29.4681    18.9839          0          0  0.000e+00
  1020.8505     10.263     10.347    29.4705    18.9828          0          0  0.000e+00
  1020.8515     10.361     10.446    29.4711    18.9823          0          0  0.000e+00
  1020.8532     10.443     10.528    29.4729    18.9825          0          0  0.000e+00
  1020.8556     10.516     10.602    29.4757    18.9826          0          0  0.000e+00
  1020.8562     10.589     10.676    29.4762    18.9832          0          0  0.000e+00
  1020.8579     10.664     10.752    29.4782    18.9838          0          0  0.000e+00
  1020.8592     10.748     10.836    29.4795    18.9841          0          0  0.000e+00
  1020.8612     10.854     10.943    29.4811    18.9829          0          0  0.000e+00
  1020.8671     10.982     11.072    29.4847    18.9723          0          0  0.000e+00
  1020.8203     11.131     11.222    29.4136    18.9450          0          0  0.000e+00
  1020.8066     11.296     11.389    29.3658    18.8551          0          0  0.000e+00
  1020.8322     11.466     11.560    29.3467    18.6940          0          0  0.000e+00
  1020.8638     11.631     11.726    29.3202    18.4834          0          0  0.000e+00
  1020.9688     11.781     11.878    29.3776    18.2319          0          0  0.000e+00
  1021.1344     11.917     12.015    29.5166    17.9855          0          0  0.000e+00
  1021.2420     12.033     12.132    29.5984    17.7967          0          0  0.000e+00
  1021.3301     12.138     12.237    29.6712    17.6611          0          0  0.000e+00
  1021.3459     12.235     12.336    29.6611    17.5625          0          0  0.000e+00
  1021.4110     12.338     12.439    29.7093    17.4438          0          0  0.000e+00
  1021.5079     12.450     12.553    29.7932    17.3051          0          0  0.000e+00
  1021.6103     12.580     12.683    29.8857    17.1710          0          0  0.000e+00
  1021.7178     12.728     12.833    29.9849    17.0367          0          0  0.000e+00
  1021.8357     12.884     12.990    30.0967    16.8989          0          0  0.000e+00
  1021.9201     13.051     13.159    30.1784    16.8068          0          0  0.000e+00
  1021.9657     13.209     13.318    30.2221    16.7568          0          0  0.000e+00
  1021.9958     13.352     13.462    30.2520    16.7281          0          0  0.000e+00
  1022.0245     13.474     13.585    30.2833    16.7092          0          0  0.000e+00
  1022.0472     13.573     13.684    30.3092    16.6989          0          0  0.000e+00
  1022.0638     13.649     13.761    30.3294    16.6955          0          0  0.000e+00
  1022.0751     13.703     13.816    30.3440    16.6958          0          0  0.000e+00
  1022.0875     13.740     13.853    30.3607    16.6984          0          0  0.000e+00
  1022.1014     13.776     13.890    30.3798    16.7024          0          0  0.000e+00
  1022.1027     13.819     13.932    30.3826    16.7070          0          0  0.000e+00
  1022.0975     13.875     13.989    30.3767    16.7110          0          0  0.000e+00
  1022.1099     13.952     14.067    30.3929    16.7127          0          0  0.000e+00
  1022.1230     14.060     14.176    30.4098    16.7142          0          0  0.000e+00
  1022.1473     14.185     14.301    30.4415    16.7164          0          0  0.000e+00
  1022.1493     14.330     14.448    30.4441    16.7194          0          0  0.000e+00
  1022.0207     14.487     14.606    30.2703    16.7023          0          0  0.000e+00
  1021.8963     14.652     14.772    30.0676    16.5687          0          0  0.000e+00
  1021.8846     14.814     14.936    29.9745    16.3059          0          0  0.000e+00
  1021.7831     14.971     15.094    29.7487    15.9854          0          0  0.000e+00
  1021.8101     15.116     15.241    29.6635    15.5638          0          0  0.000e+00
  1022.0107     15.251     15.376    29.7967    15.1068          0          0  0.000e+00
  1022.2531     15.379     15.506    30.0089    14.7322          0          0  0.000e+00
  1022.4128     15.507     15.635    30.1506    14.4910          0          0  0.000e+00
  1022.4107     15.642     15.771    30.1072    14.3416          0          0  0.000e+00
  1022.3961     15.786     15.916    30.0487    14.1955          0          0  0.000e+00
  1022.3799     15.934     16.065    29.9826    14.0268          0          0  0.000e+00
  1022.5750     16.085     16.217    30.1830    13.8281          0          0  0.000e+00
  1022.8391     16.226     16.359    30.4894    13.6929          0          0  0.000e+00
  1022.9059     16.357     16.492    30.5695    13.6712          0          0  0.000e+00
  1022.9339     16.472     16.607    30.6103    13.6915          0          0  0.000e+00
  1023.0149     16.574     16.710    30.7239    13.7268          0          0  0.000e+00
  1023.0182     16.663     16.800    30.7429    13.7858          0          0  0.000e+00
  1022.9857     16.739     16.877    30.7149    13.8417          0          0  0.000e+00
  1022.9666     16.812     16.951    30.7001    13.8814          0          0  0.000e+00
  1022.9593     16.882     17.021    30.6968    13.9067          0          0  0.000e+00
  1022.9558     16.946     17.085    30.6963    13.9233          0          0  0.000e+00
  1022.9577     17.008     17.148    30.7012    13.9340          0          0  0.000e+00
  1022.9613     17.071     17.211    30.7076    13.9422          0          0  0.000e+00
  1022.9662     17.138     17.279    30.7155    13.9496          0          0  0.000e+00
  1022.9663     17.214     17.356    30.7171    13.9568          0          0  0.000e+00
  1022.9697     17.303     17.445    30.7227    13.9634          0          0  0.000e+00
  1022.9772     17.406     17.549    30.7333    13.9693          0          0  0.000e+00
  1022.9646     17.531     17.675    30.7171    13.9724          0          0  0.000e+00
  1022.9158     17.675     17.820    30.6485    13.9550          0          0  0.000e+00
  1022.8029     17.837     17.984    30.4857    13.8961          0          0  0.000e+00
  1022.7079     18.007     18.155    30.3269    13.7623          0          0  0.000e+00
  1022.7349     18.178     18.327    30.3032    13.5381          0          0  0.000e+00
  1022.8284     18.350     18.501    30.3618    13.2963          0          0  0.000e+00
  1022.9375     18.507     18.659    30.4500    13.0895          0          0  0.000e+00
  1023.0388     18.648     18.802    30.5415    12.9339          0          0  0.000e+00
  1023.1024     18.781     18.935    30.5974    12.8310          0          0  0.000e+00
  1023.1532     18.904     19.059    30.6462    12.7651          0          0  0.000e+00
  1023.1703     19.020     19.177    30.6578    12.7257          0          0  0.000e+00
  1023.1659     19.136     19.293    30.6444    12.6970          0          0  0.000e+00
  1023.1638     19.249     19.408    30.6326    12.6622          0          0  0.000e+00
  1023.1775     19.365     19.524    30.6397    12.6219          0          0  0.000e+00
  1023.2008     19.481     19.642    30.6594    12.5818          0          0  0.000e+00
  1023.2110     19.595     19.756    30.6637    12.5485          0          0  0.000e+00
  1023.2288     19.706     19.868    30.6786    12.5178          0          0  0.000e+00
  1023.2358     19.811     19.974    30.6811    12.4936          0          0  0.000e+00
  1023.2352     19.905     20.069    30.6743    12.4709          0          0  0.000e+00
  1023.2239     19.981     20.145    30.6527    12.4436          0          0  0.000e+00
  1023.2354     20.047     20.212    30.6587    12.4088          0          0  0.000e+00
  1023.2437     20.104     20.269    30.6610    12.3752          0          0  0.000e+00
  1023.2558     20.147     20.313    30.6688    12.3442          0          0  0.000e+00
  1023.2472     20.182     20.348    30.6506    12.3151          0          0  0.000e+00
  1023.2426     20.220     20.387    30.6361    12.2803          0          0  0.000e+00
  1023.2358     20.264     20.430    30.6173    12.2391          0          0  0.000e+00
  1023.2448     20.321     20.488    30.6167    12.1898          0          0  0.000e+00
  1023.2469     20.401     20.569    30.6064    12.1372          0          0  0.000e+00
  1023.2540     20.503     20.672    30.6019    12.0817          0          0  0.000e+00
  1023.2087     20.630     20.800    30.5282    12.0206          0          0  0.000e+00
  1023.1816     20.778     20.949    30.4668    11.9116          0          0  0.000e+00
  1023.2294     20.934     21.106    30.4912    11.7562          0          0  0.000e+00
  1023.1720     21.092     21.265    30.3807    11.6020          0          0  0.000e+00
  1023.1528     21.248     21.423    30.3073    11.3932          0          0  0.000e+00
  1023.2643     21.401     21.577    30.3935    11.1421          0          0  0.000e+00
  1023.3705     21.540     21.717    30.4773    10.9073          0          0  0.000e+00
  1023.3475     21.679     21.857    30.4014    10.6999          0          0  0.000e+00
  1023.3370     21.818     21.997    30.3378    10.4708          0          0  0.000e+00
  1023.4231     21.959     22.139    30.3927    10.2123          0          0  0.000e+00
  1023.5219     22.106     22.288    30.4686     9.9731          0          0  0.000e+00
  1023.5833     22.258     22.441    30.5061     9.7769          0          0  0.000e+00
  1023.6473     22.407     22.592    30.5499     9.5934          0          0  0.000e+00
  1023.7003     22.549     22.735    30.5832     9.4258          0          0  0.000e+00
  1023.7704     22.675     22.862    30.6420     9.2733          0          0  0.000e+00
  1023.8653     22.788     22.975    30.7386     9.1504          0          0  0.000e+00
  1023.8754     22.874     23.063    30.7366     9.0766          0          0  0.000e+00
  1023.8960     22.945     23.135    30.7495     9.0104          0          0  0.000e+00
  1023.9129     23.005     23.194    30.7583     8.9462          0          0  0.000e+00
  1023.9507     23.058     23.248    30.7949     8.8869          0          0  0.000e+00
  1023.9831     23.110     23.300    30.8279     8.8441          0          0  0.000e+00
  1023.9867     23.172     23.363    30.8274     8.8199          0          0  0.000e+00
  1024.0004     23.245     23.437    30.8404     8.7981          0          0  0.000e+00
  1024.0031     23.334     23.527    30.8398     8.7801          0          0  0.000e+00
  1024.0021     23.438     23.632    30.8342     8.7606          0          0  0.000e+00
  1023.9893     23.554     23.748    30.8126     8.7368          0          0  0.000e+00
  1023.9949     23.675     23.870    30.8121     8.7003          0          0  0.000e+00
  1023.9977     23.804     24.000    30.8068     8.6573          0          0  0.000e+00
  1023.9969     23.937     24.134    30.7967     8.6138          0          0  0.000e+00
  1024.0267     24.071     24.270    30.8240     8.5606          0          0  0.000e+00
  1024.0321     24.208     24.407    30.8202     8.5076          0          0  0.000e+00
  1024.0162     24.344     24.544    30.7876     8.4463          0          0  0.000e+00
  1023.9752     24.480     24.682    30.7193     8.3650          0          0  0.000e+00
  1023.9953     24.612     24.815    30.7233     8.2514          0          0  0.000e+00
  1024.0321     24.745     24.949    30.7469     8.1275          0          0  0.000e+00
  1024.1049     24.868     25.073    30.8192     8.0177          0          0  0.000e+00
  1024.0570     24.988     25.194    30.7421     7.9326          0          0  0.000e+00
  1024.0585     25.102     25.309    30.7243     7.8253          0          0  0.000e+00
  1024.1016     25.212     25.420    30.7541     7.6864          0          0  0.000e+00
  1024.1877     25.316     25.524    30.8399     7.5534          0          0  0.000e+00
  1024.2418     25.420     25.629    30.8923     7.4611          0          0  0.000e+00
  1024.2773     25.516     25.726    30.9260     7.3971          0          0  0.000e+00
  1024.3123     25.611     25.823    30.9617     7.3490          0          0  0.000e+00
  1024.3322     25.702     25.913    30.9814     7.3189          0          0  0.000e+00
  1024.3360     25.794     26.006    30.9826     7.3004          0          0  0.000e+00
  1024.3419     25.890     26.104    30.9866     7.2833          0          0  0.000e+00
  1024.3442     25.992     26.206    30.9863     7.2677          0          0  0.000e+00
  1024.3457     26.103     26.319    30.9846     7.2509          0          0  0.000e+00
  1024.3419     26.224     26.440    30.9758     7.2315          0          0  0.000e+00
  1024.3538     26.348     26.565    30.9861     7.2075          0          0  0.000e+00
  1024.3555     26.480     26.698    30.9836     7.1838          0          0  0.000e+00
  1024.3681     26.612     26.832    30.9949     7.1607          0          0  0.000e+00
  1024.3748     26.742     26.963    30.9992     7.1399          0          0  0.000e+00
  1024.3823     26.862     27.084    31.0047     7.1200          0          0  0.000e+00
  1024.3935     26.979     27.201    31.0151     7.1017          0          0  0.000e+00
  1024.3957     27.092     27.316    31.0146     7.0851          0          0  0.000e+00
  1024.4032     27.208     27.432    31.0203     7.0660          0          0  0.000e+00
  1024.4080     27.328     27.553    31.0223     7.0466          0          0  0.000e+00
  1024.4020     27.456     27.682    31.0107     7.0265          0          0  0.000e+00
  1024.4188     27.598     27.826    31.0272     7.0032          0          0  0.000e+00
  1024.4032     27.752     27.981    31.0034     6.9846          0          0  0.000e+00
  1024.3765     27.907     28.138    30.9636     6.9540          0          0  0.000e+00
  1024.3874     28.056     28.287    30.9676     6.8998          0          0  0.000e+00
