data/eDNA/PER-2021-171/171b008.ros
* Sea-Bird SBE19plus  Data File:
* FileName = C:\Users\RSG_field\Ryan_2021_Perley\CTD\171b008.hex
* Software version 2.3.0 SB_Terminal.dll
* Temperature SN = 7141
* Conductivity SN = 7141
* System UpLoad Time = Aug 11 2021 11:02:49
* <ApplicationData>
* <SeatermAF>
** Platform: M. Perley
** Cruise: Per2021171
** Station:  ESI_16
** Cast: 01 2
** Latitude: N  44 30.177
** Longitude: W 62 50.614
** Sounding: 116
** Chief Scientist: Ryan Stanley
** Comment: Calm seas
** 80m water chemistry and the eDNA
# nquan = 9
# nvalues = 27                                    
# units = specified
# name 0 = density00: Density [density, kg/m^3]
# name 1 = depSM: Depth [salt water, m], lat = 45.00
# name 2 = prdM: Pressure, Strain Gauge [db]
# name 3 = sal00: Salinity, Practical [PSU]
# name 4 = tv290C: Temperature [ITS-90, deg C]
# name 5 = bpos: Bottle Position in Carousel
# name 6 = nbf: Bottles Fired
# name 7 = scan: Scan Count
# name 8 = flag:  0.000e+00
# interval = seconds: 0.25
# start_time = Aug 11 2021 13:44:43 [Instrument's time stamp, header]
# bad_flag = -9.990e-29
*END*
  1026.6534    110.944    111.883    33.1109     5.3725          1          1       2090  0.000e+00
  1026.6530    110.871    111.809    33.1107     5.3726          1          1       2091  0.000e+00
  1026.6525    110.812    111.749    33.1105     5.3722          1          1       2092  0.000e+00
  1026.6523    110.770    111.706    33.1103     5.3719          1          1       2093  0.000e+00
  1026.6522    110.749    111.686    33.1103     5.3714          1          1       2094  0.000e+00
  1026.6522    110.743    111.680    33.1103     5.3710          1          1       2095  0.000e+00
  1026.6528    110.757    111.693    33.1108     5.3707          1          1       2096  0.000e+00
  1026.6531    110.789    111.726    33.1110     5.3705          1          1       2097  0.000e+00
  1026.6536    110.846    111.783    33.1113     5.3704          1          1       2098  0.000e+00
  1026.3231     80.024     80.695    32.7034     4.1312          2          2       2690  0.000e+00
  1026.3193     79.848     80.517    32.6995     4.1293          2          2       2691  0.000e+00
  1026.3186     79.673     80.341    32.6993     4.1268          2          2       2692  0.000e+00
  1026.3172     79.509     80.175    32.6982     4.1242          2          2       2693  0.000e+00
  1026.3118     79.348     80.012    32.6921     4.1225          2          2       2694  0.000e+00
  1026.3112     79.200     79.864    32.6918     4.1200          2          2       2695  0.000e+00
  1026.3098     79.077     79.740    32.6907     4.1183          2          2       2696  0.000e+00
  1026.3084     78.949     79.610    32.6894     4.1168          2          2       2697  0.000e+00
  1026.3079     78.850     79.511    32.6893     4.1158          2          2       2698  0.000e+00
  1022.0385      2.799      2.822    30.8466    18.2821          3          3       3351  0.000e+00
  1022.0356      2.669      2.691    30.8476    18.2947          3          3       3352  0.000e+00
  1022.0386      2.566      2.587    30.8570    18.3099          3          3       3353  0.000e+00
  1022.0294      2.489      2.509    30.8524    18.3321          3          3       3354  0.000e+00
  1022.0228      2.442      2.462    30.8513    18.3552          3          3       3355  0.000e+00
  1022.0164      2.421      2.441    30.8506    18.3786          3          3       3356  0.000e+00
  1021.9996      2.409      2.429    30.8365    18.4035          3          3       3357  0.000e+00
  1021.9974      2.403      2.422    30.8401    18.4234          3          3       3358  0.000e+00
  1021.9854      2.394      2.414    30.8302    18.4418          3          3       3359  0.000e+00
