data/eDNA/PER-2021-171/171b015.ros
* Sea-Bird SBE19plus  Data File:
* FileName = C:\Users\RSG_field\Ryan_2021_Perley\CTD\171b015.hex
* Software version 2.3.0 SB_Terminal.dll
* Temperature SN = 7141
* Conductivity SN = 7141
* System UpLoad Time = Aug 12 2021 14:20:36
* <ApplicationData>
* <SeatermAF>
** Platform: M. Perley
** Cruise: Per2021171
** Station:  ESI_09
** Cast: 01 2
** Latitude: N  44 44.429
** Longitude: W 62 43.682
** Sounding: 17.1
** Chief Scientist: Ryan Stanley
** Comment: 171b015
# nquan = 9
# nvalues = 27                                    
# units = specified
# name 0 = density00: Density [density, kg/m^3]
# name 1 = depSM: Depth [salt water, m], lat = 45.00
# name 2 = prdM: Pressure, Strain Gauge [db]
# name 3 = sal00: Salinity, Practical [PSU]
# name 4 = tv290C: Temperature [ITS-90, deg C]
# name 5 = bpos: Bottle Position in Carousel
# name 6 = nbf: Bottles Fired
# name 7 = scan: Scan Count
# name 8 = flag:  0.000e+00
# interval = seconds: 0.25
# start_time = Aug 12 2021 17:09:45 [Instrument's time stamp, header]
# bad_flag = -9.990e-29
*END*
  1023.9131     17.374     17.517    30.6993     8.4578          1          1       1400  0.000e+00
  1023.9132     17.381     17.524    30.6993     8.4577          1          1       1401  0.000e+00
  1023.9127     17.388     17.531    30.6985     8.4576          1          1       1402  0.000e+00
  1023.9112     17.385     17.528    30.6966     8.4570          1          1       1403  0.000e+00
  1023.9117     17.388     17.531    30.6969     8.4557          1          1       1404  0.000e+00
  1023.9137     17.385     17.528    30.6993     8.4546          1          1       1405  0.000e+00
  1023.9149     17.385     17.528    30.7007     8.4542          1          1       1406  0.000e+00
  1023.9148     17.392     17.535    30.7007     8.4546          1          1       1407  0.000e+00
  1023.9149     17.408     17.551    30.7009     8.4553          1          1       1408  0.000e+00
  1022.8339      5.825      5.873    30.4813    13.4498          2          2       1804  0.000e+00
  1022.9297      5.755      5.803    30.6323    13.5540          2          2       1805  0.000e+00
  1022.7787      5.689      5.735    30.4800    13.7207          2          2       1806  0.000e+00
  1022.6227      5.621      5.667    30.3088    13.8386          2          2       1807  0.000e+00
  1022.5850      5.550      5.595    30.2662    13.8611          2          2       1808  0.000e+00
  1022.6303      5.467      5.512    30.3217    13.8470          2          2       1809  0.000e+00
  1022.6371      5.381      5.425    30.3315    13.8490          2          2       1810  0.000e+00
  1022.6149      5.284      5.327    30.3081    13.8672          2          2       1811  0.000e+00
  1022.6072      5.182      5.224    30.3007    13.8749          2          2       1812  0.000e+00
  1022.3381      2.743      2.765    30.4367    15.6119          3          3       1829  0.000e+00
  1022.2137      2.614      2.635    30.3207    15.7708          3          3       1830  0.000e+00
  1022.1561      2.499      2.520    30.2816    15.8942          3          3       1831  0.000e+00
  1022.1206      2.403      2.422    30.2638    15.9917          3          3       1832  0.000e+00
  1022.0740      2.321      2.340    30.2307    16.0860          3          3       1833  0.000e+00
  1022.1124      2.251      2.270    30.3090    16.1822          3          3       1834  0.000e+00
  1022.0481      2.186      2.203    30.2706    16.3372          3          3       1835  0.000e+00
  1021.8545      2.116      2.133    30.0665    16.5015          3          3       1836  0.000e+00
  1021.8637      2.046      2.062    30.0930    16.5493          3          3       1837  0.000e+00
