data/eDNA/PER-2021-171/171b018.cnv
* Sea-Bird SBE19plus  Data File:
* FileName = C:\Users\RSG_field\Ryan_2021_Perley\CTD\171b018.hex
* Software version 2.3.0 SB_Terminal.dll
* Temperature SN = 7141
* Conductivity SN = 7141
* System UpLoad Time = Aug 13 2021 13:55:14
* <ApplicationData>
* <SeatermAF>
** Platform: M. Perley
** Cruise: Per2021171
** Station:  ESI_02
** Cast: 01 2
** Latitude: N  44 51.373
** Longitude: W 62 11.17
** Sounding: 52
** Chief Scientist: Ryan Stanley
** Comment: 171b018
# nquan = 8
# nvalues = 2392                                  
# units = specified
# name 0 = density00: Density [density, kg/m^3]
# name 1 = depSM: Depth [salt water, m], lat = 45.00
# name 2 = prdM: Pressure, Strain Gauge [db]
# name 3 = sal00: Salinity, Practical [PSU]
# name 4 = tv290C: Temperature [ITS-90, deg C]
# name 5 = bpos: Bottle Position in Carousel
# name 6 = nbf: Bottles Fired
# name 7 = flag:  0.000e+00
# span 0 =   998.9030,  1025.0249                 
# span 1 =     -0.068,     51.645                 
# span 2 =     -0.069,     52.074                 
# span 3 =     0.0077,    31.3153                 
# span 4 =     4.7321,    18.3918                 
# span 5 =          0,          2                 
# span 6 =          0,          2                 
# span 7 = 0.0000e+00, 0.0000e+00                 
# interval = seconds: 0.25
# start_time = Aug 13 2021 16:42:47 [Instrument's time stamp, header]
# bad_flag = -9.990e-29
*END*
[from data line 1079]
  1024.1413     36.540     36.843    30.7333     7.6616          0          0  0.000e+00
  1024.1444     36.660     36.963    30.7320     7.6350          0          0  0.000e+00
  1024.1458     36.769     37.073    30.7278     7.6046          0          0  0.000e+00
  1024.1601     36.860     37.165    30.7396     7.5705          0          0  0.000e+00
  1024.1762     36.941     37.247    30.7546     7.5412          0          0  0.000e+00
  1024.1724     37.010     37.316    30.7452     7.5175          0          0  0.000e+00
  1024.1842     37.074     37.381    30.7550     7.4900          0          0  0.000e+00
  1024.2003     37.141     37.449    30.7710     7.4655          0          0  0.000e+00
  1024.2117     37.211     37.519    30.7821     7.4479          0          0  0.000e+00
  1024.2201     37.288     37.596    30.7901     7.4355          0          0  0.000e+00
  1024.2220     37.380     37.689    30.7907     7.4273          0          0  0.000e+00
  1024.2303     37.479     37.790    30.7996     7.4215          0          0  0.000e+00
  1024.2343     37.602     37.914    30.8032     7.4170          0          0  0.000e+00
  1024.2317     37.731     38.043    30.7984     7.4128          0          0  0.000e+00
  1024.2299     37.873     38.186    30.7941     7.4064          0          0  0.000e+00
  1024.2130     38.016     38.331    30.7702     7.3969          0          0  0.000e+00
  1024.1916     38.159     38.475    30.7386     7.3767          0          0  0.000e+00
  1024.1693     38.299     38.616    30.7025     7.3356          0          0  0.000e+00
  1024.2078     38.432     38.751    30.7398     7.2719          0          0  0.000e+00
  1024.2394     38.559     38.878    30.7699     7.2164          0          0  0.000e+00
  1024.2457     38.677     38.998    30.7697     7.1721          0          0  0.000e+00
  1024.2501     38.787     39.108    30.7671     7.1268          0          0  0.000e+00
  1024.2715     38.890     39.212    30.7853     7.0762          0          0  0.000e+00
  1024.3057     39.001     39.324    30.8196     7.0247          0          0  0.000e+00
  1024.3174     39.113     39.437    30.8278     6.9884          0          0  0.000e+00
  1024.3081     39.230     39.554    30.8098     6.9551          0          0  0.000e+00
  1024.3279     39.358     39.684    30.8270     6.9113          0          0  0.000e+00
  1024.3185     39.497     39.824    30.8073     6.8694          0          0  0.000e+00
  1024.3212     39.641     39.969    30.8013     6.8162          0          0  0.000e+00
  1024.3198     39.796     40.125    30.7877     6.7487          0          0  0.000e+00
  1024.3583     39.943     40.274    30.8227     6.6686          0          0  0.000e+00
  1024.3685     40.091     40.424    30.8232     6.5962          0          0  0.000e+00
  1024.3995     40.223     40.556    30.8500     6.5213          0          0  0.000e+00
  1024.4465     40.342     40.676    30.8980     6.4521          0          0  0.000e+00
  1024.4794     40.445     40.780    30.9314     6.4026          0          0  0.000e+00
  1024.5043     40.537     40.873    30.9573     6.3697          0          0  0.000e+00
  1024.5146     40.620     40.957    30.9668     6.3501          0          0  0.000e+00
  1024.5178     40.703     41.040    30.9681     6.3360          0          0  0.000e+00
  1024.5155     40.784     41.122    30.9626     6.3220          0          0  0.000e+00
  1024.5149     40.876     41.215    30.9585     6.3043          0          0  0.000e+00
  1024.5244     40.977     41.316    30.9666     6.2824          0          0  0.000e+00
  1024.5365     41.082     41.422    30.9781     6.2617          0          0  0.000e+00
  1024.5469     41.196     41.537    30.9881     6.2458          0          0  0.000e+00
  1024.5511     41.316     41.658    30.9910     6.2346          0          0  0.000e+00
  1024.5549     41.442     41.785    30.9936     6.2244          0          0  0.000e+00
  1024.5615     41.578     41.922    30.9996     6.2147          0          0  0.000e+00
  1024.5618     41.717     42.062    30.9979     6.2067          0          0  0.000e+00
  1024.5631     41.867     42.214    30.9972     6.1972          0          0  0.000e+00
  1024.5627     42.028     42.377    30.9938     6.1847          0          0  0.000e+00
  1024.5620     42.197     42.547    30.9895     6.1691          0          0  0.000e+00
  1024.5683     42.371     42.722    30.9937     6.1508          0          0  0.000e+00
  1024.5719     42.546     42.898    30.9944     6.1319          0          0  0.000e+00
  1024.5748     42.723     43.077    30.9937     6.1106          0          0  0.000e+00
  1024.5906     42.892     43.248    31.0088     6.0842          0          0  0.000e+00
  1024.6087     43.045     43.402    31.0272     6.0607          0          0  0.000e+00
  1024.6206     43.183     43.541    31.0393     6.0463          0          0  0.000e+00
  1024.6278     43.301     43.660    31.0465     6.0384          0          0  0.000e+00
  1024.6315     43.392     43.751    31.0500     6.0342          0          0  0.000e+00
  1024.6329     43.457     43.818    31.0511     6.0322          0          0  0.000e+00
  1024.6331     43.504     43.865    31.0508     6.0309          0          0  0.000e+00
  1024.6362     43.541     43.902    31.0544     6.0298          0          0  0.000e+00
  1024.6335     43.571     43.932    31.0508     6.0299          0          0  0.000e+00
  1024.6322     43.604     43.965    31.0488     6.0287          0          0  0.000e+00
  1024.6310     43.644     44.006    31.0467     6.0262          0          0  0.000e+00
  1024.6284     43.702     44.065    31.0424     6.0222          0          0  0.000e+00
  1024.6270     43.774     44.137    31.0394     6.0167          0          0  0.000e+00
  1024.6234     43.870     44.233    31.0332     6.0095          0          0  0.000e+00
  1024.6127     43.994     44.359    31.0171     5.9975          0          0  0.000e+00
  1024.6128     44.140     44.506    31.0128     5.9747          0          0  0.000e+00
  1024.6161     44.311     44.678    31.0109     5.9402          0          0  0.000e+00
  1024.6438     44.504     44.873    31.0385     5.8982          0          0  0.000e+00
  1024.6596     44.715     45.085    31.0525     5.8661          0          0  0.000e+00
  1024.6429     44.934     45.307    31.0260     5.8388          0          0  0.000e+00
  1024.6436     45.141     45.515    31.0204     5.8032          0          0  0.000e+00
  1024.6392     45.333     45.709    31.0068     5.7569          0          0  0.000e+00
  1024.6766     45.491     45.868    31.0446     5.6982          0          0  0.000e+00
  1024.7023     45.611     45.990    31.0698     5.6522          0          0  0.000e+00
  1024.7279     45.695     46.074    31.0967     5.6182          0          0  0.000e+00
  1024.7394     45.749     46.129    31.1078     5.5975          0          0  0.000e+00
  1024.7482     45.783     46.163    31.1168     5.5839          0          0  0.000e+00
  1024.7667     45.803     46.183    31.1390     5.5757          0          0  0.000e+00
  1024.7552     45.833     46.213    31.1244     5.5769          0          0  0.000e+00
  1024.7351     45.878     46.258    31.0983     5.5743          0          0  0.000e+00
  1024.7356     45.950     46.331    31.0964     5.5603          0          0  0.000e+00
  1024.7361     46.054     46.436    31.0940     5.5427          0          0  0.000e+00
  1024.7420     46.198     46.581    31.0980     5.5247          0          0  0.000e+00
  1024.7313     46.364     46.749    31.0811     5.5081          0          0  0.000e+00
  1024.7305     46.552     46.938    31.0754     5.4835          0          0  0.000e+00
  1024.7455     46.755     47.143    31.0884     5.4501          0          0  0.000e+00
  1024.7675     46.958     47.348    31.1102     5.4163          0          0  0.000e+00
  1024.7874     47.154     47.545    31.1306     5.3904          0          0  0.000e+00
  1024.7949     47.333     47.726    31.1366     5.3741          0          0  0.000e+00
  1024.8002     47.493     47.887    31.1406     5.3617          0          0  0.000e+00
  1024.8073     47.634     48.030    31.1472     5.3504          0          0  0.000e+00
  1024.8097     47.760     48.157    31.1482     5.3417          0          0  0.000e+00
  1024.8163     47.871     48.268    31.1548     5.3332          0          0  0.000e+00
  1024.8179     47.960     48.358    31.1553     5.3264          0          0  0.000e+00
  1024.8193     48.040     48.439    31.1556     5.3200          0          0  0.000e+00
  1024.8157     48.096     48.496    31.1496     5.3110          0          0  0.000e+00
  1024.8168     48.138     48.537    31.1489     5.2980          0          0  0.000e+00
  1024.8224     48.169     48.569    31.1535     5.2823          0          0  0.000e+00
  1024.8321     48.195     48.595    31.1637     5.2681          0          0  0.000e+00
  1024.8355     48.221     48.622    31.1662     5.2568          0          0  0.000e+00
  1024.8370     48.263     48.663    31.1665     5.2473          0          0  0.000e+00
  1024.8408     48.322     48.723    31.1696     5.2373          0          0  0.000e+00
  1024.8382     48.409     48.811    31.1644     5.2274          0          0  0.000e+00
  1024.8296     48.524     48.926    31.1509     5.2143          0          0  0.000e+00
  1024.8338     48.682     49.086    31.1523     5.1920          0          0  0.000e+00
  1024.8178     48.868     49.274    31.1270     5.1638          0          0  0.000e+00
  1024.8247     49.076     49.483    31.1283     5.1192          0          0  0.000e+00
  1024.8478     49.303     49.712    31.1485     5.0633          0          0  0.000e+00
  1024.8842     49.533     49.944    31.1858     5.0100          0          0  0.000e+00
  1024.9095     49.754     50.168    31.2109     4.9690          0          0  0.000e+00
  1024.9176     49.954     50.369    31.2156     4.9376          0          0  0.000e+00
  1024.9381     50.123     50.540    31.2361     4.9049          0          0  0.000e+00
  1024.9599     50.252     50.669    31.2593     4.8782          0          0  0.000e+00
  1024.9762     50.336     50.755    31.2772     4.8621          0          0  0.000e+00
  1024.9821     50.395     50.813    31.2833     4.8546          0          0  0.000e+00
  1024.9866     50.430     50.849    31.2883     4.8511          0          0  0.000e+00
  1024.9934     50.455     50.874    31.2966     4.8501          0          0  0.000e+00
  1024.9909     50.440     50.859    31.2941     4.8541          0          0  0.000e+00
  1024.9949     50.390     50.809    31.3000     4.8580          0          0  0.000e+00
  1025.0000     50.325     50.743    31.3078     4.8658          0          0  0.000e+00
  1024.9787     50.297     50.715    31.2829     4.8795          0          0  0.000e+00
  1024.9725     50.289     50.706    31.2755     4.8826          0          0  0.000e+00
  1024.9665     50.302     50.720    31.2677     4.8806          0          0  0.000e+00
  1024.9616     50.331     50.749    31.2603     4.8736          0          0  0.000e+00
  1024.9672     50.364     50.782    31.2656     4.8621          0          0  0.000e+00
  1024.9749     50.402     50.821    31.2737     4.8511          0          0  0.000e+00
  1024.9794     50.440     50.859    31.2782     4.8435          0          0  0.000e+00
  1024.9825     50.468     50.887    31.2812     4.8386          0          0  0.000e+00
  1024.9871     50.494     50.914    31.2864     4.8354          0          0  0.000e+00
  1024.9848     50.510     50.930    31.2833     4.8343          0          0  0.000e+00
  1024.9878     50.518     50.937    31.2867     4.8322          0          0  0.000e+00
  1024.9904     50.518     50.937    31.2900     4.8314          0          0  0.000e+00
  1024.9920     50.512     50.932    31.2921     4.8322          0          0  0.000e+00
  1024.9903     50.500     50.919    31.2903     4.8341          0          0  0.000e+00
  1024.9861     50.496     50.916    31.2852     4.8360          0          0  0.000e+00
  1024.9840     50.498     50.917    31.2826     4.8360          0          0  0.000e+00
  1024.9851     50.513     50.933    31.2837     4.8348          0          0  0.000e+00
  1024.9830     50.543     50.963    31.2807     4.8333          0          0  0.000e+00
  1024.9828     50.589     51.009    31.2799     4.8308          0          0  0.000e+00
  1024.9852     50.647     51.068    31.2821     4.8277          0          0  0.000e+00
  1024.9838     50.711     51.132    31.2795     4.8243          0          0  0.000e+00
  1024.9790     50.771     51.193    31.2725     4.8197          0          0  0.000e+00
  1024.9818     50.819     51.241    31.2745     4.8110          0          0  0.000e+00
  1024.9897     50.841     51.263    31.2832     4.8018          0          0  0.000e+00
  1025.0007     50.837     51.259    31.2963     4.7959          0          0  0.000e+00
  1025.0084     50.802     51.224    31.3063     4.7969          0          0  0.000e+00
  1025.0005     50.732     51.153    31.2976     4.8032          0          0  0.000e+00
  1025.0011     50.640     51.060    31.2994     4.8067          0          0  0.000e+00
  1025.0009     50.524     50.944    31.3003     4.8108          0          0  0.000e+00
  1024.9992     50.409     50.828    31.2995     4.8157          0          0  0.000e+00
  1024.9936     50.303     50.721    31.2939     4.8210          0          0  0.000e+00
  1024.9900     50.215     50.633    31.2903     4.8247          0          0  0.000e+00
  1024.9868     50.162     50.579    31.2869     4.8269          0          0  0.000e+00
  1024.9877     50.141     50.558    31.2883     4.8279          0          0  0.000e+00
  1024.9852     50.156     50.573    31.2853     4.8293          0          0  0.000e+00
  1024.9840     50.199     50.616    31.2837     4.8308          0          0  0.000e+00
  1024.9825     50.268     50.686    31.2815     4.8318          0          0  0.000e+00
  1024.9820     50.353     50.772    31.2804     4.8325          0          0  0.000e+00
  1024.9818     50.448     50.867    31.2796     4.8323          0          0  0.000e+00
  1024.9825     50.539     50.959    31.2798     4.8316          0          0  0.000e+00
  1024.9789     50.629     51.050    31.2746     4.8305          0          0  0.000e+00
  1024.9809     50.706     51.128    31.2763     4.8272          0          0  0.000e+00
  1024.9828     50.772     51.194    31.2777     4.8234          0          0  0.000e+00
  1024.9776     50.824     51.246    31.2704     4.8196          0          0  0.000e+00
  1024.9782     50.859     51.282    31.2699     4.8118          0          0  0.000e+00
  1024.9877     50.880     51.303    31.2805     4.8023          0          0  0.000e+00
  1024.9942     50.879     51.302    31.2879     4.7964          0          0  0.000e+00
  1025.0003     50.869     51.291    31.2955     4.7948          0          0  0.000e+00
  1024.9994     50.841     51.263    31.2948     4.7974          0          0  0.000e+00
  1024.9957     50.802     51.224    31.2909     4.8007          0          0  0.000e+00
  1024.9969     50.754     51.176    31.2929     4.8021          0          0  0.000e+00
  1024.9982     50.701     51.122    31.2951     4.8047          0          0  0.000e+00
  1024.9972     50.645     51.066    31.2947     4.8086          0          0  0.000e+00
  1024.9967     50.588     51.008    31.2951     4.8131          0          0  0.000e+00
  1024.9929     50.528     50.948    31.2913     4.8178          0          0  0.000e+00
  1024.9903     50.473     50.892    31.2888     4.8214          0          0  0.000e+00
