data/eDNA/PER-2021-171/171b017.cnv
* Sea-Bird SBE19plus  Data File:
* FileName = C:\Users\RSG_field\Ryan_2021_Perley\CTD\171b017.hex
* Software version 2.3.0 SB_Terminal.dll
* Temperature SN = 7141
* Conductivity SN = 7141
* System UpLoad Time = Aug 13 2021 12:29:15
* <ApplicationData>
* <SeatermAF>
** Platform: M. Perley
** Cruise: Per2021171
** Station:  ESI_03
** Cast: 01 2
** Latitude: N  44 48.305
** Longitude: W 62 8.589
** Sounding: 72.2
** Chief Scientist: Ryan Stanley
** Comment: 171b017
** I am trying to located the file for this cast. To save time after an accidental turn on I was saving at the end but there ended up being a bad cast (wrong arm programming) in there as well. So I am pretty sure this is the one associated with the cast based on the sequential location of the short cast (few scans)
# nquan = 8
# nvalues = 2710                                  
# units = specified
# name 0 = density00: Density [density, kg/m^3]
# name 1 = depSM: Depth [salt water, m], lat = 45.00
# name 2 = prdM: Pressure, Strain Gauge [db]
# name 3 = sal00: Salinity, Practical [PSU]
# name 4 = tv290C: Temperature [ITS-90, deg C]
# name 5 = bpos: Bottle Position in Carousel
# name 6 = nbf: Bottles Fired
# name 7 = flag:  0.000e+00
# span 0 =   998.8545,  1025.5429                 
# span 1 =     -0.066,     66.243                 
# span 2 =     -0.066,     66.796                 
# span 3 =     0.0081,    31.7859                 
# span 4 =     3.5427,    17.8344                 
# span 5 =          0,          2                 
# span 6 =          0,          2                 
# span 7 = 0.0000e+00, 0.0000e+00                 
# interval = seconds: 0.25
# start_time = Aug 13 2021 14:37:38 [Instrument's time stamp, header]
# bad_flag = -9.990e-29
*END*
[from data line 180]
  1021.7894      3.140      3.165    30.3291    17.6760          0          0  0.000e+00
  1021.7913      3.188      3.214    30.3293    17.6698          0          0  0.000e+00
  1021.7926      3.235      3.261    30.3297    17.6662          0          0  0.000e+00
  1021.7937      3.291      3.318    30.3302    17.6642          0          0  0.000e+00
  1021.7937      3.345      3.373    30.3296    17.6636          0          0  0.000e+00
  1021.7865      3.382      3.410    30.3199    17.6633          0          0  0.000e+00
  1021.7923      3.373      3.400    30.3268    17.6606          0          0  0.000e+00
  1021.8054      3.315      3.343    30.3430    17.6568          0          0  0.000e+00
  1021.8151      3.204      3.230    30.3531    17.6461          0          0  0.000e+00
  1021.8210      3.047      3.072    30.3609    17.6435          0          0  0.000e+00
  1021.8202      2.858      2.881    30.3615    17.6451          0          0  0.000e+00
  1021.8143      2.658      2.680    30.3562    17.6492          0          0  0.000e+00
  1021.7975      2.464      2.484    30.3368    17.6539          0          0  0.000e+00
  1021.7854      2.294      2.312    30.3227    17.6564          0          0  0.000e+00
  1021.7919      2.163      2.181    30.3320    17.6567          0          0  0.000e+00
  1021.8047      2.093      2.110    30.3503    17.6600          0          0  0.000e+00
  1021.8123      2.092      2.109    30.3635    17.6706          0          0  0.000e+00
  1021.8099      2.156      2.173    30.3644    17.6848          0          0  0.000e+00
  1021.8096      2.268      2.287    30.3680    17.7000          0          0  0.000e+00
  1021.8072      2.417      2.436    30.3697    17.7184          0          0  0.000e+00
  1021.7978      2.578      2.599    30.3622    17.7372          0          0  0.000e+00
  1021.7898      2.745      2.768    30.3552    17.7515          0          0  0.000e+00
  1021.7909      2.907      2.931    30.3596    17.7643          0          0  0.000e+00
  1021.7801      3.053      3.078    30.3483    17.7760          0          0  0.000e+00
  1021.7709      3.166      3.192    30.3370    17.7803          0          0  0.000e+00
  1021.7611      3.253      3.280    30.3237    17.7804          0          0  0.000e+00
  1021.7509      3.303      3.330    30.3096    17.7791          0          0  0.000e+00
  1021.7559      3.323      3.350    30.3155    17.7772          0          0  0.000e+00
  1021.7664      3.315      3.343    30.3263    17.7675          0          0  0.000e+00
  1021.7770      3.275      3.302    30.3363    17.7545          0          0  0.000e+00
  1021.7803      3.209      3.236    30.3388    17.7475          0          0  0.000e+00
  1021.7812      3.128      3.153    30.3391    17.7431          0          0  0.000e+00
  1021.7818      3.041      3.066    30.3392    17.7389          0          0  0.000e+00
  1021.7810      2.944      2.969    30.3379    17.7365          0          0  0.000e+00
  1021.7798      2.846      2.869    30.3364    17.7348          0          0  0.000e+00
  1021.7778      2.750      2.773    30.3341    17.7338          0          0  0.000e+00
  1021.7762      2.655      2.677    30.3321    17.7325          0          0  0.000e+00
  1021.7736      2.569      2.590    30.3284    17.7301          0          0  0.000e+00
  1021.7858      2.501      2.522    30.3439    17.7273          0          0  0.000e+00
  1021.8264      2.450      2.471    30.3985    17.7311          0          0  0.000e+00
  1021.8133      2.427      2.447    30.3889    17.7552          0          0  0.000e+00
  1021.7854      2.441      2.461    30.3591    17.7768          0          0  0.000e+00
  1021.7763      2.482      2.503    30.3490    17.7834          0          0  0.000e+00
  1021.7752      2.544      2.565    30.3467    17.7818          0          0  0.000e+00
  1021.7901      2.636      2.658    30.3644    17.7778          0          0  0.000e+00
  1021.7943      2.737      2.759    30.3708    17.7823          0          0  0.000e+00
  1021.7988      2.844      2.867    30.3791    17.7925          0          0  0.000e+00
  1021.7934      2.950      2.974    30.3759    17.8066          0          0  0.000e+00
  1021.7819      3.036      3.060    30.3640    17.8188          0          0  0.000e+00
  1021.7743      3.103      3.129    30.3555    17.8247          0          0  0.000e+00
  1021.7743      3.145      3.171    30.3557    17.8262          0          0  0.000e+00
  1021.7754      3.169      3.195    30.3571    17.8264          0          0  0.000e+00
  1021.7743      3.170      3.196    30.3559    17.8269          0          0  0.000e+00
  1021.7646      3.155      3.181    30.3431    17.8263          0          0  0.000e+00
  1021.7684      3.118      3.144    30.3465    17.8205          0          0  0.000e+00
  1021.7725      3.063      3.088    30.3504    17.8148          0          0  0.000e+00
  1021.7799      2.993      3.018    30.3595    17.8117          0          0  0.000e+00
  1021.7791      2.912      2.935    30.3593    17.8129          0          0  0.000e+00
  1021.7774      2.819      2.842    30.3583    17.8153          0          0  0.000e+00
  1021.7772      2.720      2.742    30.3591    17.8165          0          0  0.000e+00
  1021.7768      2.622      2.644    30.3597    17.8185          0          0  0.000e+00
  1021.7763      2.539      2.560    30.3601    17.8203          0          0  0.000e+00
  1021.7745      2.479      2.499    30.3587    17.8224          0          0  0.000e+00
  1021.7702      2.460      2.480    30.3537    17.8239          0          0  0.000e+00
  1021.7638      2.494      2.514    30.3447    17.8224          0          0  0.000e+00
  1021.7673      2.580      2.601    30.3470    17.8170          0          0  0.000e+00
  1021.7747      2.694      2.716    30.3544    17.8118          0          0  0.000e+00
  1021.7748      2.818      2.841    30.3536    17.8110          0          0  0.000e+00
  1021.7771      2.933      2.957    30.3558    17.8103          0          0  0.000e+00
  1021.7740      3.023      3.048    30.3509    17.8095          0          0  0.000e+00
  1021.7622      3.079      3.104    30.3342    17.8066          0          0  0.000e+00
  1021.7664      3.101      3.127    30.3360    17.7949          0          0  0.000e+00
  1021.7733      3.088      3.113    30.3413    17.7830          0          0  0.000e+00
  1021.7846      3.046      3.071    30.3539    17.7748          0          0  0.000e+00
  1021.7823      2.983      3.007    30.3505    17.7723          0          0  0.000e+00
  1021.7816      2.902      2.926    30.3493    17.7698          0          0  0.000e+00
  1021.7827      2.833      2.856    30.3500    17.7662          0          0  0.000e+00
  1021.7901      2.781      2.804    30.3591    17.7634          0          0  0.000e+00
  1021.7886      2.755      2.777    30.3578    17.7651          0          0  0.000e+00
  1021.7896      2.750      2.773    30.3597    17.7669          0          0  0.000e+00
  1021.7924      2.766      2.789    30.3642    17.7696          0          0  0.000e+00
  1021.7838      2.796      2.819    30.3543    17.7748          0          0  0.000e+00
  1021.7703      2.819      2.842    30.3364    17.7744          0          0  0.000e+00
  1021.7874      2.831      2.854    30.3557    17.7649          0          0  0.000e+00
  1021.7987      2.835      2.858    30.3704    17.7644          0          0  0.000e+00
  1021.7856      2.830      2.853    30.3557    17.7724          0          0  0.000e+00
  1021.7829      2.816      2.839    30.3529    17.7744          0          0  0.000e+00
  1021.7874      2.800      2.823    30.3586    17.7737          0          0  0.000e+00
  1021.7883      2.788      2.810    30.3604    17.7754          0          0  0.000e+00
  1021.7891      2.791      2.814    30.3626    17.7792          0          0  0.000e+00
  1021.7876      2.803      2.826    30.3621    17.7839          0          0  0.000e+00
  1021.7836      2.834      2.857    30.3580    17.7883          0          0  0.000e+00
  1021.7894      2.887      2.911    30.3662    17.7911          0          0  0.000e+00
  1021.7870      2.951      2.975    30.3646    17.7973          0          0  0.000e+00
  1021.7880      3.024      3.049    30.3674    17.8034          0          0  0.000e+00
  1021.7860      3.092      3.117    30.3665    17.8105          0          0  0.000e+00
  1021.7788      3.129      3.154    30.3589    17.8169          0          0  0.000e+00
  1021.7754      3.138      3.164    30.3551    17.8195          0          0  0.000e+00
  1021.7734      3.116      3.142    30.3526    17.8195          0          0  0.000e+00
  1021.7737      3.059      3.084    30.3530    17.8179          0          0  0.000e+00
  1021.7736      2.970      2.994    30.3529    17.8163          0          0  0.000e+00
  1021.7735      2.855      2.879    30.3527    17.8143          0          0  0.000e+00
  1021.7747      2.742      2.764    30.3543    17.8123          0          0  0.000e+00
  1021.7742      2.638      2.660    30.3538    17.8109          0          0  0.000e+00
  1021.7736      2.565      2.586    30.3531    17.8096          0          0  0.000e+00
  1021.7731      2.521      2.542    30.3521    17.8079          0          0  0.000e+00
  1021.7736      2.509      2.529    30.3522    17.8056          0          0  0.000e+00
  1021.7703      2.521      2.542    30.3470    17.8030          0          0  0.000e+00
  1021.7675      2.552      2.573    30.3418    17.7986          0          0  0.000e+00
  1021.7703      2.597      2.618    30.3430    17.7915          0          0  0.000e+00
  1021.7785      2.649      2.670    30.3514    17.7849          0          0  0.000e+00
  1021.7813      2.711      2.733    30.3539    17.7823          0          0  0.000e+00
  1021.7771      2.777      2.800    30.3479    17.7818          0          0  0.000e+00
  1021.7794      2.846      2.869    30.3495    17.7789          0          0  0.000e+00
  1021.7896      2.916      2.940    30.3617    17.7766          0          0  0.000e+00
  1021.7909      2.988      3.012    30.3641    17.7799          0          0  0.000e+00
  1021.7824      3.069      3.095    30.3542    17.7855          0          0  0.000e+00
  1021.7738      3.144      3.169    30.3427    17.7860          0          0  0.000e+00
  1021.7810      3.204      3.230    30.3501    17.7808          0          0  0.000e+00
  1021.7836      3.240      3.267    30.3524    17.7780          0          0  0.000e+00
  1021.7847      3.253      3.279    30.3535    17.7771          0          0  0.000e+00
  1021.7840      3.240      3.267    30.3526    17.7767          0          0  0.000e+00
  1021.7815      3.197      3.223    30.3494    17.7762          0          0  0.000e+00
  1021.7819      3.131      3.157    30.3496    17.7739          0          0  0.000e+00
  1021.7826      3.047      3.072    30.3502    17.7715          0          0  0.000e+00
  1021.7837      2.955      2.979    30.3514    17.7692          0          0  0.000e+00
  1021.7851      2.862      2.885    30.3534    17.7676          0          0  0.000e+00
  1021.7848      2.773      2.795    30.3533    17.7672          0          0  0.000e+00
  1021.7843      2.690      2.712    30.3532    17.7672          0          0  0.000e+00
  1021.7835      2.615      2.636    30.3525    17.7669          0          0  0.000e+00
  1021.7829      2.555      2.576    30.3519    17.7665          0          0  0.000e+00
  1021.7825      2.507      2.527    30.3515    17.7658          0          0  0.000e+00
  1021.7815      2.471      2.491    30.3500    17.7647          0          0  0.000e+00
  1021.7813      2.447      2.467    30.3493    17.7627          0          0  0.000e+00
  1021.7827      2.447      2.467    30.3504    17.7603          0          0  0.000e+00
  1021.7842      2.467      2.488    30.3518    17.7588          0          0  0.000e+00
  1021.7842      2.511      2.531    30.3513    17.7580          0          0  0.000e+00
  1021.7852      2.580      2.601    30.3519    17.7573          0          0  0.000e+00
  1021.7860      2.672      2.694    30.3525    17.7571          0          0  0.000e+00
  1021.7868      2.783      2.806    30.3527    17.7570          0          0  0.000e+00
  1021.7868      2.898      2.921    30.3522    17.7571          0          0  0.000e+00
  1021.7857      3.009      3.034    30.3500    17.7569          0          0  0.000e+00
  1021.7867      3.118      3.144    30.3503    17.7557          0          0  0.000e+00
  1021.7880      3.213      3.239    30.3511    17.7547          0          0  0.000e+00
  1021.7885      3.293      3.320    30.3511    17.7540          0          0  0.000e+00
  1021.7891      3.354      3.381    30.3514    17.7535          0          0  0.000e+00
  1021.7895      3.385      3.413    30.3515    17.7529          0          0  0.000e+00
  1021.7898      3.381      3.409    30.3518    17.7526          0          0  0.000e+00
  1021.7889      3.339      3.366    30.3509    17.7523          0          0  0.000e+00
  1021.7884      3.266      3.292    30.3504    17.7516          0          0  0.000e+00
  1021.7882      3.164      3.190    30.3504    17.7505          0          0  0.000e+00
  1021.7891      3.042      3.067    30.3519    17.7495          0          0  0.000e+00
  1021.7908      2.898      2.921    30.3549    17.7491          0          0  0.000e+00
  1021.7907      2.748      2.771    30.3561    17.7504          0          0  0.000e+00
  1021.7896      2.598      2.619    30.3560    17.7521          0          0  0.000e+00
  1021.7898      2.465      2.485    30.3578    17.7543          0          0  0.000e+00
  1021.7892      2.351      2.370    30.3584    17.7571          0          0  0.000e+00
  1021.7875      2.273      2.292    30.3577    17.7603          0          0  0.000e+00
  1021.7870      2.235      2.254    30.3581    17.7630          0          0  0.000e+00
  1021.7860      2.252      2.271    30.3576    17.7658          0          0  0.000e+00
  1021.7820      2.318      2.337    30.3526    17.7682          0          0  0.000e+00
  1021.7798      2.416      2.436    30.3492    17.7680          0          0  0.000e+00
  1021.7844      2.545      2.566    30.3538    17.7660          0          0  0.000e+00
  1021.7873      2.683      2.704    30.3568    17.7657          0          0  0.000e+00
  1021.7861      2.815      2.838    30.3549    17.7673          0          0  0.000e+00
  1021.7903      2.942      2.966    30.3599    17.7682          0          0  0.000e+00
  1021.7934      3.056      3.081    30.3641    17.7710          0          0  0.000e+00
  1021.7904      3.152      3.178    30.3612    17.7761          0          0  0.000e+00
  1021.7856      3.232      3.258    30.3556    17.7795          0          0  0.000e+00
  1021.7866      3.296      3.323    30.3567    17.7799          0          0  0.000e+00
  1021.7869      3.333      3.361    30.3572    17.7810          0          0  0.000e+00
  1021.7849      3.337      3.364    30.3549    17.7821          0          0  0.000e+00
  1021.7841      3.314      3.341    30.3539    17.7821          0          0  0.000e+00
  1021.7819      3.263      3.290    30.3511    17.7811          0          0  0.000e+00
  1021.7813      3.187      3.213    30.3501    17.7788          0          0  0.000e+00
  1021.7820      3.093      3.118    30.3504    17.7757          0          0  0.000e+00
  1021.7848      2.982      3.007    30.3539    17.7727          0          0  0.000e+00
  1021.7852      2.874      2.898    30.3546    17.7715          0          0  0.000e+00
  1021.7846      2.765      2.788    30.3543    17.7711          0          0  0.000e+00
