data/eDNA/PER-2021-171/171b004.cnv
* Sea-Bird SBE19plus  Data File:
* FileName = C:\Users\RSG_field\Ryan_2021_Perley\CTD\171b004.hex
* Software version 2.3.0 SB_Terminal.dll
* Temperature SN = 7141
* Conductivity SN = 7141
* System UpLoad Time = Aug 09 2021 14:59:54
* <ApplicationData>
* <SeatermAF>
** Platform: M. Perley
** Cruise: Per2021171
** Station:  GC_04
** Cast: 01 02
** Latitude: N  44 44.510
** Longitude: W 62 25.062
** Sounding: 55.7
** Chief Scientist: Ryan Stanley
** Comment: 171b004
# nquan = 8
# nvalues = 2652                                  
# units = specified
# name 0 = density00: Density [density, kg/m^3]
# name 1 = depSM: Depth [salt water, m], lat = 45.00
# name 2 = prdM: Pressure, Strain Gauge [db]
# name 3 = sal00: Salinity, Practical [PSU]
# name 4 = tv290C: Temperature [ITS-90, deg C]
# name 5 = bpos: Bottle Position in Carousel
# name 6 = nbf: Bottles Fired
# name 7 = flag:  0.000e+00
# span 0 =   998.8074,  1025.2597                 
# span 1 =      0.024,     51.351                 
# span 2 =      0.024,     51.778                 
# span 3 =     0.0000,    31.5076                 
# span 4 =     3.8999,    17.9071                 
# span 5 =          0,          3                 
# span 6 =          0,          3                 
# span 7 = 0.0000e+00, 0.0000e+00                 
# interval = seconds: 0.25
# start_time = Aug 09 2021 17:44:48 [Instrument's time stamp, header]
# bad_flag = -9.990e-29
*END*
[from data line 899]
  1023.4830     14.851     14.973    30.4978    10.1473          0          0  0.000e+00
  1023.5296     14.961     15.084    30.5179     9.9603          0          0  0.000e+00
  1023.5824     15.082     15.206    30.5501     9.7914          0          0  0.000e+00
  1023.6585     15.204     15.329    30.6175     9.6466          0          0  0.000e+00
  1023.7054     15.330     15.456    30.6546     9.5370          0          0  0.000e+00
  1023.7437     15.450     15.577    30.6859     9.4515          0          0  0.000e+00
  1023.7620     15.569     15.697    30.6953     9.3851          0          0  0.000e+00
  1023.7654     15.690     15.819    30.6873     9.3262          0          0  0.000e+00
  1023.7628     15.811     15.941    30.6714     9.2663          0          0  0.000e+00
  1023.7409     15.944     16.075    30.6297     9.2012          0          0  0.000e+00
  1023.7516     16.081     16.213    30.6267     9.1201          0          0  0.000e+00
  1023.6795     16.232     16.366    30.5162     9.0308          0          0  0.000e+00
  1023.6116     16.393     16.528    30.4014     8.8911          0          0  0.000e+00
  1023.6599     16.565     16.701    30.4244     8.6923          0          0  0.000e+00
  1023.6767     16.738     16.876    30.4072     8.4910          0          0  0.000e+00
  1023.7099     16.906     17.046    30.4104     8.2836          0          0  0.000e+00
  1023.7468     17.070     17.210    30.4188     8.0751          0          0  0.000e+00
  1023.8738     17.224     17.366    30.5425     7.8656          0          0  0.000e+00
  1024.0027     17.365     17.508    30.6773     7.7024          0          0  0.000e+00
  1024.1019     17.497     17.641    30.7868     7.6102          0          0  0.000e+00
  1024.1458     17.620     17.765    30.8354     7.5721          0          0  0.000e+00
  1024.2017     17.735     17.881    30.9049     7.5661          0          0  0.000e+00
  1024.2178     17.840     17.987    30.9281     7.5850          0          0  0.000e+00
  1024.2246     17.940     18.088    30.9410     7.6136          0          0  0.000e+00
  1024.2439     18.039     18.187    30.9709     7.6474          0          0  0.000e+00
  1024.2276     18.129     18.278    30.9566     7.6873          0          0  0.000e+00
  1024.2062     18.212     18.362    30.9347     7.7207          0          0  0.000e+00
  1024.1907     18.293     18.444    30.9183     7.7423          0          0  0.000e+00
  1024.1879     18.366     18.517    30.9165     7.7548          0          0  0.000e+00
  1024.1793     18.437     18.589    30.9070     7.7647          0          0  0.000e+00
  1024.1610     18.503     18.655    30.8840     7.7694          0          0  0.000e+00
  1024.1565     18.572     18.725    30.8768     7.7631          0          0  0.000e+00
  1024.1602     18.651     18.805    30.8790     7.7516          0          0  0.000e+00
  1024.1639     18.732     18.886    30.8810     7.7388          0          0  0.000e+00
  1024.1692     18.823     18.978    30.8851     7.7275          0          0  0.000e+00
  1024.1663     18.922     19.077    30.8793     7.7177          0          0  0.000e+00
  1024.1523     19.031     19.187    30.8586     7.7053          0          0  0.000e+00
  1024.1376     19.158     19.316    30.8349     7.6817          0          0  0.000e+00
  1024.1077     19.294     19.452    30.7887     7.6398          0          0  0.000e+00
  1024.1072     19.443     19.603    30.7761     7.5759          0          0  0.000e+00
  1024.0758     19.598     19.759    30.7225     7.5028          0          0  0.000e+00
  1024.1020     19.757     19.920    30.7378     7.4027          0          0  0.000e+00
  1024.1643     19.910     20.073    30.7991     7.3023          0          0  0.000e+00
  1024.2271     20.055     20.220    30.8662     7.2309          0          0  0.000e+00
  1024.2591     20.185     20.351    30.8997     7.1935          0          0  0.000e+00
  1024.2657     20.297     20.465    30.9045     7.1754          0          0  0.000e+00
  1024.2752     20.395     20.563    30.9137     7.1620          0          0  0.000e+00
  1024.2734     20.481     20.650    30.9092     7.1520          0          0  0.000e+00
  1024.2653     20.564     20.733    30.8968     7.1421          0          0  0.000e+00
  1024.2666     20.649     20.819    30.8956     7.1279          0          0  0.000e+00
  1024.2461     20.750     20.921    30.8660     7.1105          0          0  0.000e+00
  1024.2504     20.870     21.042    30.8663     7.0833          0          0  0.000e+00
  1024.2673     21.013     21.186    30.8819     7.0532          0          0  0.000e+00
  1024.2744     21.183     21.357    30.8859     7.0286          0          0  0.000e+00
  1024.2687     21.359     21.534    30.8737     7.0057          0          0  0.000e+00
  1024.2619     21.542     21.719    30.8593     6.9772          0          0  0.000e+00
  1024.2134     21.716     21.895    30.7903     6.9384          0          0  0.000e+00
  1024.1927     21.864     22.044    30.7507     6.8623          0          0  0.000e+00
  1024.2136     21.980     22.161    30.7587     6.7523          0          0  0.000e+00
  1024.2923     22.061     22.243    30.8406     6.6420          0          0  0.000e+00
  1024.3577     22.109     22.291    30.9114     6.5674          0          0  0.000e+00
  1024.3623     22.132     22.315    30.9107     6.5265          0          0  0.000e+00
  1024.4174     22.129     22.312    30.9760     6.4976          0          0  0.000e+00
  1024.4208     22.116     22.299    30.9799     6.4937          0          0  0.000e+00
  1024.4219     22.104     22.286    30.9820     6.4982          0          0  0.000e+00
  1024.3968     22.103     22.285    30.9509     6.5029          0          0  0.000e+00
  1024.3672     22.125     22.307    30.9121     6.4956          0          0  0.000e+00
  1024.3685     22.173     22.355    30.9088     6.4665          0          0  0.000e+00
  1024.3739     22.253     22.437    30.9098     6.4320          0          0  0.000e+00
  1024.3311     22.362     22.547    30.8491     6.3952          0          0  0.000e+00
  1024.3428     22.497     22.682    30.8528     6.3285          0          0  0.000e+00
  1024.3879     22.644     22.831    30.8976     6.2542          0          0  0.000e+00
  1024.4251     22.792     22.980    30.9357     6.2004          0          0  0.000e+00
  1024.4490     22.946     23.136    30.9598     6.1658          0          0  0.000e+00
  1024.4572     23.096     23.286    30.9659     6.1443          0          0  0.000e+00
  1024.4487     23.243     23.435    30.9517     6.1266          0          0  0.000e+00
  1024.4329     23.389     23.581    30.9270     6.1018          0          0  0.000e+00
  1024.4313     23.529     23.723    30.9184     6.0639          0          0  0.000e+00
  1024.4302     23.677     23.872    30.9090     6.0166          0          0  0.000e+00
  1024.4211     23.828     24.025    30.8881     5.9598          0          0  0.000e+00
  1024.4492     23.975     24.172    30.9120     5.8868          0          0  0.000e+00
  1024.4885     24.122     24.321    30.9502     5.8150          0          0  0.000e+00
  1024.5320     24.265     24.465    30.9963     5.7596          0          0  0.000e+00
  1024.5518     24.397     24.598    31.0157     5.7260          0          0  0.000e+00
  1024.5682     24.508     24.710    31.0325     5.7032          0          0  0.000e+00
  1024.5811     24.602     24.805    31.0460     5.6882          0          0  0.000e+00
  1024.5848     24.687     24.891    31.0491     5.6801          0          0  0.000e+00
  1024.5871     24.761     24.965    31.0508     5.6756          0          0  0.000e+00
  1024.5843     24.828     25.033    31.0464     5.6719          0          0  0.000e+00
  1024.5872     24.894     25.099    31.0490     5.6674          0          0  0.000e+00
  1024.5890     24.965     25.171    31.0503     5.6638          0          0  0.000e+00
  1024.5897     25.041     25.248    31.0505     5.6616          0          0  0.000e+00
  1024.5916     25.121     25.328    31.0522     5.6600          0          0  0.000e+00
  1024.5919     25.198     25.406    31.0520     5.6599          0          0  0.000e+00
  1024.5914     25.269     25.477    31.0510     5.6598          0          0  0.000e+00
  1024.5903     25.329     25.538    31.0492     5.6595          0          0  0.000e+00
  1024.5908     25.379     25.589    31.0494     5.6585          0          0  0.000e+00
  1024.5928     25.428     25.638    31.0515     5.6577          0          0  0.000e+00
  1024.5943     25.477     25.687    31.0531     5.6581          0          0  0.000e+00
  1024.5884     25.533     25.743    31.0456     5.6596          0          0  0.000e+00
  1024.5858     25.605     25.816    31.0416     5.6583          0          0  0.000e+00
  1024.5859     25.698     25.910    31.0408     5.6552          0          0  0.000e+00
  1024.5826     25.815     26.028    31.0354     5.6515          0          0  0.000e+00
  1024.5801     25.957     26.171    31.0305     5.6452          0          0  0.000e+00
  1024.5712     26.133     26.348    31.0167     5.6350          0          0  0.000e+00
  1024.5713     26.321     26.538    31.0132     5.6176          0          0  0.000e+00
  1024.5807     26.521     26.740    31.0207     5.5953          0          0  0.000e+00
  1024.5846     26.725     26.946    31.0214     5.5742          0          0  0.000e+00
  1024.5897     26.922     27.144    31.0233     5.5510          0          0  0.000e+00
  1024.5997     27.113     27.337    31.0313     5.5264          0          0  0.000e+00
  1024.6154     27.284     27.509    31.0470     5.5040          0          0  0.000e+00
  1024.6282     27.429     27.656    31.0599     5.4876          0          0  0.000e+00
  1024.6332     27.551     27.779    31.0641     5.4777          0          0  0.000e+00
  1024.6364     27.658     27.887    31.0666     5.4705          0          0  0.000e+00
  1024.6366     27.753     27.982    31.0652     5.4636          0          0  0.000e+00
  1024.6402     27.835     28.065    31.0683     5.4564          0          0  0.000e+00
  1024.6412     27.913     28.143    31.0681     5.4497          0          0  0.000e+00
  1024.6421     27.985     28.216    31.0679     5.4425          0          0  0.000e+00
  1024.6458     28.047     28.279    31.0711     5.4352          0          0  0.000e+00
  1024.6503     28.098     28.330    31.0755     5.4289          0          0  0.000e+00
  1024.6544     28.137     28.370    31.0800     5.4251          0          0  0.000e+00
  1024.6541     28.172     28.405    31.0792     5.4234          0          0  0.000e+00
  1024.6544     28.207     28.440    31.0791     5.4221          0          0  0.000e+00
  1024.6501     28.250     28.483    31.0732     5.4204          0          0  0.000e+00
  1024.6502     28.301     28.534    31.0725     5.4167          0          0  0.000e+00
  1024.6526     28.369     28.603    31.0746     5.4122          0          0  0.000e+00
  1024.6543     28.461     28.696    31.0757     5.4086          0          0  0.000e+00
  1024.6562     28.575     28.811    31.0770     5.4060          0          0  0.000e+00
  1024.6574     28.714     28.951    31.0774     5.4040          0          0  0.000e+00
  1024.6579     28.876     29.115    31.0769     5.4028          0          0  0.000e+00
  1024.6581     29.048     29.288    31.0759     5.4019          0          0  0.000e+00
  1024.6590     29.234     29.475    31.0759     5.4007          0          0  0.000e+00
  1024.6595     29.428     29.671    31.0752     5.3992          0          0  0.000e+00
  1024.6621     29.623     29.867    31.0770     5.3976          0          0  0.000e+00
  1024.6595     29.811     30.057    31.0724     5.3963          0          0  0.000e+00
  1024.6615     29.984     30.232    31.0734     5.3929          0          0  0.000e+00
  1024.6628     30.134     30.382    31.0737     5.3892          0          0  0.000e+00
  1024.6649     30.261     30.511    31.0751     5.3855          0          0  0.000e+00
  1024.6691     30.361     30.612    31.0792     5.3820          0          0  0.000e+00
  1024.6715     30.441     30.692    31.0815     5.3802          0          0  0.000e+00
  1024.6702     30.505     30.756    31.0795     5.3796          0          0  0.000e+00
  1024.6708     30.571     30.824    31.0797     5.3789          0          0  0.000e+00
  1024.6724     30.639     30.892    31.0813     5.3783          0          0  0.000e+00
  1024.6706     30.721     30.975    31.0786     5.3784          0          0  0.000e+00
  1024.6698     30.817     31.072    31.0769     5.3778          0          0  0.000e+00
  1024.6711     30.936     31.192    31.0777     5.3769          0          0  0.000e+00
  1024.6711     31.067     31.324    31.0768     5.3759          0          0  0.000e+00
  1024.6717     31.207     31.465    31.0765     5.3747          0          0  0.000e+00
  1024.6713     31.344     31.603    31.0751     5.3733          0          0  0.000e+00
  1024.6723     31.471     31.731    31.0752     5.3709          0          0  0.000e+00
  1024.6708     31.583     31.844    31.0723     5.3681          0          0  0.000e+00
  1024.6693     31.666     31.928    31.0692     5.3632          0          0  0.000e+00
  1024.6743     31.717     31.979    31.0741     5.3552          0          0  0.000e+00
  1024.6847     31.735     31.997    31.0862     5.3490          0          0  0.000e+00
  1024.6907     31.721     31.984    31.0939     5.3488          0          0  0.000e+00
  1024.6867     31.681     31.943    31.0896     5.3529          0          0  0.000e+00
  1024.6887     31.629     31.891    31.0929     5.3558          0          0  0.000e+00
  1024.6920     31.570     31.831    31.0980     5.3604          0          0  0.000e+00
  1024.6812     31.524     31.785    31.0855     5.3668          0          0  0.000e+00
  1024.6761     31.506     31.767    31.0796     5.3694          0          0  0.000e+00
  1024.6675     31.533     31.793    31.0684     5.3686          0          0  0.000e+00
  1024.6635     31.621     31.882    31.0620     5.3626          0          0  0.000e+00
  1024.6681     31.767     32.030    31.0655     5.3528          0          0  0.000e+00
  1024.6718     31.981     32.245    31.0677     5.3441          0          0  0.000e+00
  1024.6634     32.241     32.507    31.0545     5.3359          0          0  0.000e+00
  1024.6637     32.525     32.794    31.0510     5.3210          0          0  0.000e+00
  1024.6645     32.808     33.079    31.0476     5.3006          0          0  0.000e+00
  1024.6796     33.084     33.357    31.0614     5.2750          0          0  0.000e+00
  1024.7003     33.341     33.617    31.0830     5.2532          0          0  0.000e+00
  1024.7004     33.578     33.855    31.0801     5.2416          0          0  0.000e+00
  1024.7073     33.796     34.075    31.0857     5.2286          0          0  0.000e+00
  1024.7204     33.975     34.256    31.0995     5.2158          0          0  0.000e+00
  1024.7299     34.084     34.366    31.1099     5.2090          0          0  0.000e+00
  1024.7348     34.119     34.401    31.1157     5.2079          0          0  0.000e+00
  1024.7321     34.114     34.396    31.1127     5.2103          0          0  0.000e+00
  1024.7340     34.080     34.362    31.1155     5.2126          0          0  0.000e+00
  1024.7337     34.024     34.305    31.1161     5.2164          0          0  0.000e+00
  1024.7310     33.955     34.236    31.1136     5.2205          0          0  0.000e+00
  1024.7300     33.891     34.172    31.1132     5.2242          0          0  0.000e+00
