data/eDNA/PER-2021-171/171b004.cnv
* Sea-Bird SBE19plus  Data File:
* FileName = C:\Users\RSG_field\Ryan_2021_Perley\CTD\171b004.hex
* Software version 2.3.0 SB_Terminal.dll
* Temperature SN = 7141
* Conductivity SN = 7141
* System UpLoad Time = Aug 09 2021 14:59:54
* <ApplicationData>
* <SeatermAF>
** Platform: M. Perley
** Cruise: Per2021171
** Station:  GC_04
** Cast: 01 02
** Latitude: N  44 44.510
** Longitude: W 62 25.062
** Sounding: 55.7
** Chief Scientist: Ryan Stanley
** Comment: 171b004
# nquan = 8
# nvalues = 2652                                  
# units = specified
# name 0 = density00: Density [density, kg/m^3]
# name 1 = depSM: Depth [salt water, m], lat = 45.00
# name 2 = prdM: Pressure, Strain Gauge [db]
# name 3 = sal00: Salinity, Practical [PSU]
# name 4 = tv290C: Temperature [ITS-90, deg C]
# name 5 = bpos: Bottle Position in Carousel
# name 6 = nbf: Bottles Fired
# name 7 = flag:  0.000e+00
# span 0 =   998.8074,  1025.2597                 
# span 1 =      0.024,     51.351                 
# span 2 =      0.024,     51.778                 
# span 3 =     0.0000,    31.5076                 
# span 4 =     3.8999,    17.9071                 
# span 5 =          0,          3                 
# span 6 =          0,          3                 
# span 7 = 0.0000e+00, 0.0000e+00                 
# interval = seconds: 0.25
# start_time = Aug 09 2021 17:44:48 [Instrument's time stamp, header]
# bad_flag = -9.990e-29
*END*
[from data line 360]
  1021.9713      1.958      1.974    30.6438    17.9013          0          0  0.000e+00
  1021.9707      1.893      1.909    30.6433    17.9008          0          0  0.000e+00
  1021.9691      1.806      1.820    30.6413    17.8999          0          0  0.000e+00
  1021.9694      1.721      1.735    30.6417    17.8981          0          0  0.000e+00
  1021.9709      1.649      1.662    30.6434    17.8962          0          0  0.000e+00
  1021.9712      1.609      1.623    30.6438    17.8953          0          0  0.000e+00
  1021.9729      1.617      1.630    30.6459    17.8949          0          0  0.000e+00
  1021.9745      1.671      1.685    30.6478    17.8954          0          0  0.000e+00
  1021.9743      1.750      1.765    30.6476    17.8971          0          0  0.000e+00
  1021.9733      1.836      1.851    30.6464    17.8989          0          0  0.000e+00
  1021.9740      1.910      1.926    30.6472    17.8999          0          0  0.000e+00
  1021.9724      1.958      1.974    30.6453    17.9013          0          0  0.000e+00
  1021.9721      1.974      1.990    30.6450    17.9019          0          0  0.000e+00
  1021.9714      1.953      1.969    30.6443    17.9022          0          0  0.000e+00
  1021.9706      1.906      1.922    30.6433    17.9019          0          0  0.000e+00
  1021.9694      1.838      1.853    30.6421    17.9016          0          0  0.000e+00
  1021.9685      1.774      1.788    30.6408    17.9000          0          0  0.000e+00
  1021.9695      1.738      1.752    30.6416    17.8979          0          0  0.000e+00
  1021.9717      1.744      1.758    30.6439    17.8959          0          0  0.000e+00
  1021.9742      1.790      1.804    30.6466    17.8951          0          0  0.000e+00
  1021.9763      1.860      1.875    30.6492    17.8960          0          0  0.000e+00
  1021.9745      1.931      1.946    30.6473    17.8985          0          0  0.000e+00
  1021.9728      1.996      2.013    30.6452    17.9004          0          0  0.000e+00
  1021.9728      2.047      2.064    30.6451    17.9010          0          0  0.000e+00
  1021.9728      2.070      2.087    30.6451    17.9013          0          0  0.000e+00
  1021.9723      2.060      2.077    30.6446    17.9015          0          0  0.000e+00
  1021.9717      2.012      2.029    30.6441    17.9016          0          0  0.000e+00
  1021.9704      1.927      1.943    30.6428    17.9013          0          0  0.000e+00
  1021.9680      1.814      1.829    30.6400    17.9002          0          0  0.000e+00
  1021.9690      1.684      1.697    30.6412    17.8974          0          0  0.000e+00
  1021.9702      1.543      1.555    30.6430    17.8953          0          0  0.000e+00
  1021.9722      1.412      1.424    30.6459    17.8942          0          0  0.000e+00
  1021.9719      1.320      1.331    30.6461    17.8945          0          0  0.000e+00
  1021.9711      1.284      1.294    30.6456    17.8952          0          0  0.000e+00
  1021.9720      1.310      1.321    30.6468    17.8960          0          0  0.000e+00
  1021.9727      1.383      1.394    30.6476    17.8970          0          0  0.000e+00
  1021.9721      1.492      1.504    30.6467    17.8986          0          0  0.000e+00
  1021.9714      1.613      1.626    30.6455    17.8999          0          0  0.000e+00
  1021.9707      1.738      1.752    30.6439    17.9003          0          0  0.000e+00
  1021.9727      1.852      1.867    30.6458    17.9000          0          0  0.000e+00
  1021.9728      1.954      1.970    30.6455    17.9005          0          0  0.000e+00
  1021.9723      2.028      2.045    30.6446    17.9012          0          0  0.000e+00
  1021.9727      2.081      2.098    30.6449    17.9011          0          0  0.000e+00
  1021.9727      2.119      2.137    30.6446    17.9012          0          0  0.000e+00
  1021.9731      2.140      2.158    30.6450    17.9011          0          0  0.000e+00
  1021.9722      2.152      2.170    30.6438    17.9012          0          0  0.000e+00
  1021.9721      2.156      2.174    30.6435    17.9007          0          0  0.000e+00
  1021.9735      2.161      2.178    30.6450    17.8998          0          0  0.000e+00
  1021.9737      2.165      2.183    30.6453    17.8997          0          0  0.000e+00
  1021.9729      2.152      2.170    30.6443    17.8998          0          0  0.000e+00
  1021.9726      2.123      2.141    30.6440    17.8996          0          0  0.000e+00
  1021.9727      2.075      2.092    30.6443    17.8991          0          0  0.000e+00
  1021.9714      2.005      2.021    30.6429    17.8987          0          0  0.000e+00
  1021.9703      1.915      1.930    30.6416    17.8978          0          0  0.000e+00
  1021.9712      1.810      1.824    30.6428    17.8959          0          0  0.000e+00
  1021.9712      1.689      1.703    30.6431    17.8946          0          0  0.000e+00
  1021.9715      1.566      1.579    30.6439    17.8937          0          0  0.000e+00
  1021.9722      1.446      1.458    30.6454    17.8930          0          0  0.000e+00
  1021.9718      1.344      1.355    30.6455    17.8932          0          0  0.000e+00
  1021.9716      1.269      1.279    30.6458    17.8936          0          0  0.000e+00
  1021.9714      1.239      1.250    30.6459    17.8943          0          0  0.000e+00
  1021.9713      1.258      1.269    30.6459    17.8948          0          0  0.000e+00
  1021.9706      1.334      1.345    30.6447    17.8956          0          0  0.000e+00
  1021.9712      1.435      1.447    30.6448    17.8956          0          0  0.000e+00
  1021.9723      1.554      1.567    30.6457    17.8957          0          0  0.000e+00
  1021.9727      1.688      1.702    30.6457    17.8964          0          0  0.000e+00
  1021.9726      1.818      1.833    30.6449    17.8969          0          0  0.000e+00
  1021.9733      1.938      1.954    30.6452    17.8971          0          0  0.000e+00
  1021.9732      2.039      2.055    30.6445    17.8973          0          0  0.000e+00
  1021.9733      2.110      2.127    30.6442    17.8973          0          0  0.000e+00
  1021.9733      2.148      2.165    30.6440    17.8969          0          0  0.000e+00
  1021.9734      2.155      2.173    30.6439    17.8965          0          0  0.000e+00
  1021.9734      2.141      2.159    30.6437    17.8959          0          0  0.000e+00
  1021.9730      2.106      2.124    30.6433    17.8952          0          0  0.000e+00
  1021.9733      2.064      2.081    30.6437    17.8945          0          0  0.000e+00
  1021.9737      2.025      2.041    30.6441    17.8935          0          0  0.000e+00
  1021.9746      1.993      2.009    30.6453    17.8931          0          0  0.000e+00
  1021.9743      1.968      1.984    30.6452    17.8933          0          0  0.000e+00
  1021.9738      1.950      1.966    30.6448    17.8936          0          0  0.000e+00
  1021.9736      1.937      1.953    30.6445    17.8937          0          0  0.000e+00
  1021.9740      1.925      1.941    30.6451    17.8934          0          0  0.000e+00
  1021.9734      1.908      1.924    30.6445    17.8935          0          0  0.000e+00
  1021.9729      1.884      1.899    30.6437    17.8932          0          0  0.000e+00
  1021.9736      1.846      1.861    30.6447    17.8925          0          0  0.000e+00
  1021.9742      1.798      1.813    30.6458    17.8923          0          0  0.000e+00
  1021.9737      1.738      1.752    30.6456    17.8928          0          0  0.000e+00
  1021.9723      1.663      1.677    30.6443    17.8935          0          0  0.000e+00
  1021.9713      1.579      1.591    30.6435    17.8933          0          0  0.000e+00
  1021.9705      1.490      1.502    30.6428    17.8925          0          0  0.000e+00
  1021.9696      1.399      1.411    30.6417    17.8913          0          0  0.000e+00
  1021.9698      1.319      1.330    30.6419    17.8898          0          0  0.000e+00
  1021.9731      1.283      1.293    30.6458    17.8877          0          0  0.000e+00
  1021.9772      1.322      1.333    30.6510    17.8879          0          0  0.000e+00
  1021.9790      1.443      1.455    30.6538    17.8914          0          0  0.000e+00
  1021.9785      1.626      1.640    30.6538    17.8968          0          0  0.000e+00
  1021.9756      1.834      1.849    30.6504    17.9023          0          0  0.000e+00
  1021.9715      1.998      2.015    30.6453    17.9060          0          0  0.000e+00
  1021.9688      2.107      2.125    30.6414    17.9071          0          0  0.000e+00
  1021.9701      2.159      2.177    30.6421    17.9050          0          0  0.000e+00
  1021.9715      2.160      2.178    30.6435    17.9034          0          0  0.000e+00
  1021.9720      2.123      2.141    30.6441    17.9026          0          0  0.000e+00
  1021.9730      2.046      2.063    30.6457    17.9022          0          0  0.000e+00
  1021.9715      1.939      1.955    30.6446    17.9026          0          0  0.000e+00
  1021.9702      1.833      1.848    30.6434    17.9025          0          0  0.000e+00
  1021.9701      1.744      1.758    30.6436    17.9019          0          0  0.000e+00
  1021.9704      1.680      1.694    30.6442    17.9011          0          0  0.000e+00
  1021.9711      1.665      1.679    30.6450    17.9005          0          0  0.000e+00
  1021.9719      1.693      1.707    30.6459    17.9007          0          0  0.000e+00
  1021.9724      1.747      1.761    30.6465    17.9014          0          0  0.000e+00
  1021.9729      1.828      1.843    30.6470    17.9023          0          0  0.000e+00
  1021.9718      1.911      1.927    30.6454    17.9034          0          0  0.000e+00
  1021.9714      1.982      1.999    30.6445    17.9038          0          0  0.000e+00
  1021.9712      2.034      2.051    30.6440    17.9036          0          0  0.000e+00
  1021.9711      2.039      2.055    30.6436    17.9031          0          0  0.000e+00
  1021.9714      1.992      2.008    30.6441    17.9025          0          0  0.000e+00
  1021.9717      1.911      1.927    30.6448    17.9020          0          0  0.000e+00
  1021.9701      1.788      1.803    30.6434    17.9019          0          0  0.000e+00
  1021.9693      1.643      1.657    30.6428    17.9009          0          0  0.000e+00
  1021.9698      1.509      1.521    30.6441    17.9000          0          0  0.000e+00
  1021.9706      1.412      1.424    30.6455    17.8995          0          0  0.000e+00
  1021.9706      1.374      1.385    30.6458    17.8996          0          0  0.000e+00
  1021.9714      1.407      1.418    30.6468    17.9002          0          0  0.000e+00
  1021.9717      1.515      1.527    30.6468    17.9013          0          0  0.000e+00
  1021.9709      1.663      1.677    30.6453    17.9021          0          0  0.000e+00
  1021.9713      1.818      1.833    30.6449    17.9025          0          0  0.000e+00
  1021.9714      1.960      1.976    30.6443    17.9026          0          0  0.000e+00
  1021.9689      2.058      2.074    30.6404    17.9023          0          0  0.000e+00
  1021.9722      2.097      2.114    30.6438    17.9003          0          0  0.000e+00
  1021.9725      2.084      2.101    30.6440    17.8994          0          0  0.000e+00
  1021.9720      2.017      2.034    30.6435    17.8985          0          0  0.000e+00
  1021.9722      1.905      1.921    30.6442    17.8979          0          0  0.000e+00
  1021.9713      1.753      1.768    30.6437    17.8973          0          0  0.000e+00
  1021.9720      1.586      1.599    30.6454    17.8968          0          0  0.000e+00
  1021.9720      1.446      1.458    30.6463    17.8968          0          0  0.000e+00
  1021.9718      1.383      1.395    30.6466    17.8975          0          0  0.000e+00
  1021.9714      1.396      1.408    30.6464    17.8988          0          0  0.000e+00
  1021.9711      1.470      1.482    30.6458    17.8996          0          0  0.000e+00
  1021.9709      1.605      1.618    30.6450    17.9003          0          0  0.000e+00
  1021.9700      1.774      1.788    30.6429    17.9003          0          0  0.000e+00
  1021.9681      1.948      1.964    30.6390    17.8990          0          0  0.000e+00
  1021.9705      2.096      2.113    30.6402    17.8956          0          0  0.000e+00
  1021.9727      2.196      2.214    30.6415    17.8926          0          0  0.000e+00
  1021.9750      2.239      2.257    30.6436    17.8903          0          0  0.000e+00
  1021.9747      2.222      2.240    30.6430    17.8893          0          0  0.000e+00
  1021.9754      2.148      2.165    30.6440    17.8884          0          0  0.000e+00
  1021.9748      2.020      2.037    30.6438    17.8878          0          0  0.000e+00
  1021.9754      1.858      1.874    30.6453    17.8871          0          0  0.000e+00
  1021.9759      1.711      1.725    30.6468    17.8873          0          0  0.000e+00
  1021.9755      1.605      1.618    30.6473    17.8884          0          0  0.000e+00
  1021.9755      1.558      1.571    30.6481    17.8899          0          0  0.000e+00
  1021.9762      1.558      1.571    30.6495    17.8919          0          0  0.000e+00
  1021.9748      1.583      1.596    30.6485    17.8945          0          0  0.000e+00
  1021.9727      1.610      1.623    30.6463    17.8970          0          0  0.000e+00
  1021.9716      1.633      1.646    30.6450    17.8980          0          0  0.000e+00
  1021.9712      1.637      1.650    30.6447    17.8984          0          0  0.000e+00
  1021.9709      1.631      1.645    30.6442    17.8982          0          0  0.000e+00
  1021.9700      1.616      1.629    30.6430    17.8979          0          0  0.000e+00
  1021.9702      1.592      1.605    30.6431    17.8970          0          0  0.000e+00
  1021.9703      1.572      1.585    30.6430    17.8958          0          0  0.000e+00
  1021.9710      1.583      1.596    30.6435    17.8946          0          0  0.000e+00
  1021.9720      1.633      1.646    30.6443    17.8939          0          0  0.000e+00
  1021.9718      1.716      1.730    30.6434    17.8933          0          0  0.000e+00
  1021.9727      1.823      1.838    30.6437    17.8927          0          0  0.000e+00
  1021.9744      1.930      1.946    30.6450    17.8917          0          0  0.000e+00
  1021.9748      2.026      2.042    30.6450    17.8918          0          0  0.000e+00
  1021.9744      2.097      2.114    30.6442    17.8920          0          0  0.000e+00
  1021.9751      2.148      2.165    30.6446    17.8915          0          0  0.000e+00
  1021.9745      2.173      2.191    30.6437    17.8915          0          0  0.000e+00
  1021.9746      2.174      2.192    30.6436    17.8906          0          0  0.000e+00
  1021.9756      2.159      2.177    30.6446    17.8898          0          0  0.000e+00
  1021.9750      2.139      2.157    30.6439    17.8897          0          0  0.000e+00
  1021.9751      2.120      2.137    30.6441    17.8891          0          0  0.000e+00
  1021.9755      2.089      2.106    30.6446    17.8888          0          0  0.000e+00
  1021.9767      2.036      2.053    30.6464    17.8884          0          0  0.000e+00
  1021.9758      1.954      1.970    30.6458    17.8891          0          0  0.000e+00
  1021.9739      1.839      1.854    30.6443    17.8898          0          0  0.000e+00
  1021.9723      1.693      1.707    30.6429    17.8895          0          0  0.000e+00
  1021.9713      1.531      1.543    30.6422    17.8885          0          0  0.000e+00
  1021.9717      1.369      1.380    30.6432    17.8869          0          0  0.000e+00
