data/eDNA/PER-2021-171/171b008.cnv
* Sea-Bird SBE19plus  Data File:
* FileName = C:\Users\RSG_field\Ryan_2021_Perley\CTD\171b008.hex
* Software version 2.3.0 SB_Terminal.dll
* Temperature SN = 7141
* Conductivity SN = 7141
* System UpLoad Time = Aug 11 2021 11:02:49
* <ApplicationData>
* <SeatermAF>
** Platform: M. Perley
** Cruise: Per2021171
** Station:  ESI_16
** Cast: 01 2
** Latitude: N  44 30.177
** Longitude: W 62 50.614
** Sounding: 116
** Chief Scientist: Ryan Stanley
** Comment: Calm seas
** 80m water chemistry and the eDNA
# nquan = 8
# nvalues = 3528                                  
# units = specified
# name 0 = density00: Density [density, kg/m^3]
# name 1 = depSM: Depth [salt water, m], lat = 45.00
# name 2 = prdM: Pressure, Strain Gauge [db]
# name 3 = sal00: Salinity, Practical [PSU]
# name 4 = tv290C: Temperature [ITS-90, deg C]
# name 5 = bpos: Bottle Position in Carousel
# name 6 = nbf: Bottles Fired
# name 7 = flag:  0.000e+00
# span 0 =   998.7148,  1026.7049                 
# span 1 =     -0.029,    111.730                 
# span 2 =     -0.030,    112.675                 
# span 3 =     0.0078,    33.1698                 
# span 4 =     3.3398,    18.7234                 
# span 5 =          0,          3                 
# span 6 =          0,          3                 
# span 7 = 0.0000e+00, 0.0000e+00                 
# interval = seconds: 0.25
# start_time = Aug 11 2021 13:44:43 [Instrument's time stamp, header]
# bad_flag = -9.990e-29
*END*
[from data line 540]
  1021.9116      2.616      2.637    30.8156    18.7015          0          0  0.000e+00
  1021.9132      2.600      2.621    30.8172    18.6997          0          0  0.000e+00
  1021.9133      2.596      2.617    30.8171    18.6990          0          0  0.000e+00
  1021.9139      2.595      2.616    30.8175    18.6979          0          0  0.000e+00
  1021.9157      2.598      2.619    30.8197    18.6972          0          0  0.000e+00
  1021.9156      2.608      2.630    30.8196    18.6974          0          0  0.000e+00
  1021.9182      2.623      2.645    30.8232    18.6984          0          0  0.000e+00
  1021.9195      2.648      2.669    30.8255    18.7009          0          0  0.000e+00
  1021.9186      2.680      2.702    30.8256    18.7053          0          0  0.000e+00
  1021.9159      2.721      2.743    30.8232    18.7099          0          0  0.000e+00
  1021.9128      2.768      2.791    30.8199    18.7129          0          0  0.000e+00
  1021.9119      2.816      2.839    30.8190    18.7144          0          0  0.000e+00
  1021.9120      2.860      2.883    30.8190    18.7150          0          0  0.000e+00
  1021.9090      2.895      2.918    30.8150    18.7151          0          0  0.000e+00
  1021.9089      2.916      2.940    30.8141    18.7134          0          0  0.000e+00
  1021.9119      2.920      2.944    30.8171    18.7107          0          0  0.000e+00
  1021.9116      2.902      2.926    30.8165    18.7096          0          0  0.000e+00
  1021.9139      2.867      2.890    30.8194    18.7087          0          0  0.000e+00
  1021.9142      2.811      2.834    30.8202    18.7088          0          0  0.000e+00
  1021.9105      2.740      2.762    30.8160    18.7096          0          0  0.000e+00
  1021.9084      2.665      2.686    30.8133    18.7083          0          0  0.000e+00
  1021.9108      2.587      2.608    30.8159    18.7053          0          0  0.000e+00
  1021.9121      2.516      2.537    30.8174    18.7035          0          0  0.000e+00
  1021.9117      2.463      2.483    30.8169    18.7025          0          0  0.000e+00
  1021.9123      2.431      2.451    30.8176    18.7014          0          0  0.000e+00
  1021.9132      2.426      2.446    30.8185    18.7007          0          0  0.000e+00
  1021.9167      2.443      2.463    30.8231    18.7008          0          0  0.000e+00
  1021.9195      2.483      2.504    30.8271    18.7028          0          0  0.000e+00
  1021.9185      2.538      2.559    30.8271    18.7078          0          0  0.000e+00
  1021.9186      2.605      2.626    30.8286    18.7133          0          0  0.000e+00
  1021.9137      2.674      2.696    30.8238    18.7196          0          0  0.000e+00
  1021.9073      2.731      2.754    30.8163    18.7234          0          0  0.000e+00
  1021.9083      2.783      2.806    30.8172    18.7233          0          0  0.000e+00
  1021.9103      2.815      2.838    30.8195    18.7226          0          0  0.000e+00
  1021.9084      2.832      2.855    30.8170    18.7229          0          0  0.000e+00
  1021.9085      2.831      2.854    30.8170    18.7225          0          0  0.000e+00
  1021.9084      2.820      2.843    30.8166    18.7214          0          0  0.000e+00
  1021.9084      2.801      2.824    30.8163    18.7202          0          0  0.000e+00
  1021.9087      2.785      2.808    30.8164    18.7189          0          0  0.000e+00
  1021.9078      2.773      2.795    30.8149    18.7177          0          0  0.000e+00
  1021.9085      2.773      2.795    30.8151    18.7157          0          0  0.000e+00
  1021.9105      2.782      2.805    30.8171    18.7137          0          0  0.000e+00
  1021.9120      2.796      2.819    30.8186    18.7125          0          0  0.000e+00
  1021.9132      2.808      2.831    30.8201    18.7126          0          0  0.000e+00
  1021.9128      2.813      2.836    30.8198    18.7133          0          0  0.000e+00
  1021.9118      2.804      2.827    30.8189    18.7143          0          0  0.000e+00
  1021.9103      2.786      2.809    30.8171    18.7144          0          0  0.000e+00
  1021.9114      2.752      2.775    30.8185    18.7137          0          0  0.000e+00
  1021.9115      2.710      2.732    30.8187    18.7135          0          0  0.000e+00
  1021.9114      2.663      2.685    30.8190    18.7137          0          0  0.000e+00
  1021.9100      2.614      2.635    30.8174    18.7136          0          0  0.000e+00
  1021.9103      2.573      2.594    30.8179    18.7133          0          0  0.000e+00
  1021.9106      2.545      2.566    30.8184    18.7130          0          0  0.000e+00
  1021.9126      2.528      2.548    30.8211    18.7130          0          0  0.000e+00
  1021.9116      2.525      2.545    30.8202    18.7143          0          0  0.000e+00
  1021.9112      2.532      2.553    30.8200    18.7154          0          0  0.000e+00
  1021.9099      2.549      2.570    30.8184    18.7158          0          0  0.000e+00
  1021.9073      2.573      2.594    30.8148    18.7156          0          0  0.000e+00
  1021.9042      2.605      2.626    30.8095    18.7125          0          0  0.000e+00
  1021.9114      2.637      2.658    30.8169    18.7065          0          0  0.000e+00
  1021.9151      2.673      2.695    30.8205    18.7037          0          0  0.000e+00
  1021.9141      2.711      2.733    30.8192    18.7044          0          0  0.000e+00
  1021.9087      2.751      2.774    30.8118    18.7038          0          0  0.000e+00
  1021.9138      2.793      2.816    30.8170    18.7003          0          0  0.000e+00
  1021.9162      2.828      2.851    30.8191    18.6978          0          0  0.000e+00
  1021.9138      2.862      2.885    30.8155    18.6969          0          0  0.000e+00
  1021.9095      2.885      2.909    30.8090    18.6948          0          0  0.000e+00
  1021.9156      2.897      2.920    30.8152    18.6892          0          0  0.000e+00
  1021.9185      2.893      2.917    30.8180    18.6858          0          0  0.000e+00
  1021.9203      2.873      2.897    30.8199    18.6841          0          0  0.000e+00
  1021.9231      2.836      2.859    30.8236    18.6839          0          0  0.000e+00
  1021.9224      2.787      2.810    30.8236    18.6856          0          0  0.000e+00
  1021.9203      2.727      2.749    30.8220    18.6881          0          0  0.000e+00
  1021.9181      2.661      2.683    30.8200    18.6896          0          0  0.000e+00
  1021.9155      2.593      2.615    30.8171    18.6901          0          0  0.000e+00
  1021.9158      2.531      2.552    30.8175    18.6890          0          0  0.000e+00
  1021.9174      2.483      2.503    30.8196    18.6880          0          0  0.000e+00
  1021.9180      2.453      2.474    30.8204    18.6878          0          0  0.000e+00
  1021.9187      2.446      2.466    30.8217    18.6885          0          0  0.000e+00
  1021.9185      2.462      2.482    30.8217    18.6898          0          0  0.000e+00
  1021.9143      2.494      2.514    30.8165    18.6912          0          0  0.000e+00
  1021.9128      2.544      2.564    30.8140    18.6903          0          0  0.000e+00
  1021.9168      2.604      2.625    30.8178    18.6868          0          0  0.000e+00
  1021.9212      2.673      2.695    30.8224    18.6850          0          0  0.000e+00
  1021.9168      2.742      2.764    30.8168    18.6866          0          0  0.000e+00
  1021.9151      2.811      2.834    30.8139    18.6856          0          0  0.000e+00
  1021.9231      2.880      2.903    30.8230    18.6826          0          0  0.000e+00
  1021.9256      2.940      2.964    30.8263    18.6838          0          0  0.000e+00
  1021.9212      2.991      3.015    30.8213    18.6872          0          0  0.000e+00
  1021.9160      3.026      3.051    30.8149    18.6889          0          0  0.000e+00
  1021.9172      3.036      3.061    30.8159    18.6872          0          0  0.000e+00
  1021.9181      3.022      3.046    30.8165    18.6853          0          0  0.000e+00
  1021.9213      2.974      2.998    30.8206    18.6839          0          0  0.000e+00
  1021.9212      2.904      2.928    30.8209    18.6842          0          0  0.000e+00
  1021.9179      2.811      2.834    30.8175    18.6852          0          0  0.000e+00
  1021.9167      2.708      2.730    30.8163    18.6844          0          0  0.000e+00
  1021.9176      2.606      2.627    30.8175    18.6828          0          0  0.000e+00
  1021.9187      2.514      2.534    30.8191    18.6815          0          0  0.000e+00
  1021.9185      2.442      2.462    30.8191    18.6813          0          0  0.000e+00
  1021.9182      2.395      2.415    30.8191    18.6814          0          0  0.000e+00
  1021.9188      2.371      2.390    30.8200    18.6814          0          0  0.000e+00
  1021.9180      2.371      2.390    30.8190    18.6819          0          0  0.000e+00
  1021.9176      2.387      2.406    30.8185    18.6821          0          0  0.000e+00
  1021.9170      2.423      2.443    30.8173    18.6817          0          0  0.000e+00
  1021.9190      2.474      2.494    30.8194    18.6808          0          0  0.000e+00
  1021.9177      2.535      2.556    30.8174    18.6808          0          0  0.000e+00
  1021.9141      2.600      2.621    30.8120    18.6800          0          0  0.000e+00
  1021.9299      2.664      2.686    30.8311    18.6762          0          0  0.000e+00
  1021.9308      2.729      2.751    30.8334    18.6808          0          0  0.000e+00
  1021.9252      2.783      2.806    30.8285    18.6890          0          0  0.000e+00
  1021.9141      2.829      2.852    30.8153    18.6943          0          0  0.000e+00
  1021.8970      2.858      2.882    30.7918    18.6918          0          0  0.000e+00
  1021.9208      2.874      2.898    30.8184    18.6774          0          0  0.000e+00
  1021.9278      2.883      2.906    30.8261    18.6730          0          0  0.000e+00
  1021.9266      2.882      2.905    30.8251    18.6751          0          0  0.000e+00
  1021.9252      2.874      2.898    30.8244    18.6780          0          0  0.000e+00
  1021.9249      2.866      2.889    30.8247    18.6803          0          0  0.000e+00
  1021.9230      2.853      2.876    30.8232    18.6830          0          0  0.000e+00
  1021.9215      2.841      2.865    30.8219    18.6849          0          0  0.000e+00
  1021.9204      2.829      2.852    30.8209    18.6860          0          0  0.000e+00
  1021.9183      2.814      2.837    30.8183    18.6863          0          0  0.000e+00
  1021.9174      2.793      2.815    30.8170    18.6853          0          0  0.000e+00
  1021.9164      2.763      2.786    30.8153    18.6835          0          0  0.000e+00
  1021.9191      2.731      2.753    30.8182    18.6813          0          0  0.000e+00
  1021.9200      2.697      2.719    30.8192    18.6800          0          0  0.000e+00
  1021.9204      2.657      2.679    30.8198    18.6794          0          0  0.000e+00
  1021.9218      2.619      2.640    30.8218    18.6794          0          0  0.000e+00
  1021.9206      2.582      2.603    30.8208    18.6805          0          0  0.000e+00
  1021.9203      2.554      2.575    30.8207    18.6810          0          0  0.000e+00
  1021.9189      2.534      2.555    30.8191    18.6815          0          0  0.000e+00
  1021.9195      2.529      2.549    30.8200    18.6816          0          0  0.000e+00
  1021.9200      2.534      2.555    30.8207    18.6815          0          0  0.000e+00
  1021.9233      2.554      2.575    30.8250    18.6821          0          0  0.000e+00
  1021.9280      2.584      2.605    30.8320    18.6850          0          0  0.000e+00
  1021.9221      2.623      2.644    30.8260    18.6912          0          0  0.000e+00
  1021.9215      2.660      2.682    30.8266    18.6962          0          0  0.000e+00
  1021.9195      2.694      2.716    30.8252    18.7009          0          0  0.000e+00
  1021.9165      2.724      2.746    30.8223    18.7044          0          0  0.000e+00
  1021.9148      2.742      2.764    30.8205    18.7060          0          0  0.000e+00
  1021.9139      2.753      2.776    30.8195    18.7067          0          0  0.000e+00
  1021.9139      2.754      2.777    30.8194    18.7068          0          0  0.000e+00
  1021.9128      2.755      2.778    30.8180    18.7066          0          0  0.000e+00
  1021.9134      2.749      2.772    30.8185    18.7057          0          0  0.000e+00
  1021.9138      2.751      2.774    30.8188    18.7050          0          0  0.000e+00
  1021.9141      2.747      2.769    30.8190    18.7042          0          0  0.000e+00
  1021.9137      2.742      2.764    30.8182    18.7036          0          0  0.000e+00
  1021.9139      2.737      2.760    30.8184    18.7029          0          0  0.000e+00
  1021.9136      2.727      2.749    30.8178    18.7022          0          0  0.000e+00
  1021.9140      2.712      2.734    30.8181    18.7013          0          0  0.000e+00
  1021.9150      2.692      2.714    30.8192    18.7002          0          0  0.000e+00
  1021.9173      2.672      2.694    30.8223    18.7001          0          0  0.000e+00
  1021.9168      2.650      2.672    30.8221    18.7011          0          0  0.000e+00
  1021.9161      2.634      2.655    30.8216    18.7023          0          0  0.000e+00
  1021.9155      2.623      2.644    30.8213    18.7035          0          0  0.000e+00
  1021.9145      2.622      2.643    30.8203    18.7044          0          0  0.000e+00
  1021.9141      2.628      2.650    30.8199    18.7049          0          0  0.000e+00
  1021.9142      2.644      2.666    30.8198    18.7047          0          0  0.000e+00
  1021.9187      2.673      2.695    30.8256    18.7048          0          0  0.000e+00
  1021.9158      2.709      2.731    30.8226    18.7080          0          0  0.000e+00
  1021.9158      2.743      2.765    30.8233    18.7107          0          0  0.000e+00
  1021.9113      2.776      2.798    30.8179    18.7129          0          0  0.000e+00
  1021.9090      2.801      2.824    30.8146    18.7125          0          0  0.000e+00
  1021.9034      2.815      2.838    30.8060    18.7089          0          0  0.000e+00
  1021.9142      2.819      2.842    30.8177    18.7015          0          0  0.000e+00
  1021.9137      2.812      2.835    30.8162    18.6985          0          0  0.000e+00
  1021.9129      2.800      2.823    30.8146    18.6963          0          0  0.000e+00
  1021.9144      2.779      2.801    30.8157    18.6932          0          0  0.000e+00
  1021.9149      2.755      2.778    30.8155    18.6903          0          0  0.000e+00
  1021.9147      2.729      2.751    30.8144    18.6874          0          0  0.000e+00
  1021.9175      2.702      2.725    30.8171    18.6838          0          0  0.000e+00
  1021.9216      2.674      2.696    30.8218    18.6814          0          0  0.000e+00
  1021.9212      2.644      2.666    30.8215    18.6814          0          0  0.000e+00
  1021.9214      2.612      2.634    30.8221    18.6820          0          0  0.000e+00
  1021.9202      2.585      2.606    30.8209    18.6828          0          0  0.000e+00
  1021.9191      2.558      2.579    30.8198    18.6830          0          0  0.000e+00
  1021.9202      2.537      2.558    30.8213    18.6829          0          0  0.000e+00
  1021.9200      2.524      2.545    30.8211    18.6831          0          0  0.000e+00
  1021.9199      2.523      2.544    30.8212    18.6835          0          0  0.000e+00
  1021.9200      2.533      2.554    30.8215    18.6840          0          0  0.000e+00
