data/eDNA/PER-2021-171/171b021.cnv
* Sea-Bird SBE19plus  Data File:
* FileName = C:\Users\RSG_field\Ryan_2021_Perley\CTD\171b021.hex
* Software version 2.3.0 SB_Terminal.dll
* Temperature SN = 7141
* Conductivity SN = 7141
* System UpLoad Time = Aug 17 2021 13:38:31
* <ApplicationData>
* <SeatermAF>
** Platform: M. Perley
** Cruise: Per2021171
** Station:  SAB_06
** Cast: 01 2
** Latitude: N  46 22.081
** Longitude: W 59 05.736
** Sounding: 230
** Chief Scientist: Ryan Stanley
** Comment: 171b021
# nquan = 8
# nvalues = 4910                                  
# units = specified
# name 0 = density00: Density [density, kg/m^3]
# name 1 = depSM: Depth [salt water, m], lat = 45.00
# name 2 = prdM: Pressure, Strain Gauge [db]
# name 3 = sal00: Salinity, Practical [PSU]
# name 4 = tv290C: Temperature [ITS-90, deg C]
# name 5 = bpos: Bottle Position in Carousel
# name 6 = nbf: Bottles Fired
# name 7 = flag:  0.000e+00
# span 0 =   998.9661,  1027.9434                 
# span 1 =     -0.049,    207.784                 
# span 2 =     -0.049,    209.591                 
# span 3 =     0.0081,    34.4168                 
# span 4 =     2.1783,    19.8091                 
# span 5 =          0,          6                 
# span 6 =          0,          6                 
# span 7 = 0.0000e+00, 0.0000e+00                 
# interval = seconds: 0.25
# start_time = Aug 17 2021 16:14:35 [Instrument's time stamp, header]
# bad_flag = -9.990e-29
*END*
[from data line 4135]
  1026.3106     87.559     88.294    32.4333     2.2879          4          4  0.000e+00
  1026.3017     87.462     88.197    32.4239     2.3001          4          4  0.000e+00
  1026.2915     87.341     88.075    32.4130     2.3116          4          4  0.000e+00
  1026.2859     87.195     87.927    32.4076     2.3185          4          4  0.000e+00
  1026.2830     87.024     87.755    32.4053     2.3215          4          4  0.000e+00
  1026.2817     86.842     87.571    32.4049     2.3227          4          4  0.000e+00
  1026.2770     86.647     87.375    32.4003     2.3250          4          4  0.000e+00
  1026.2704     86.459     87.185    32.3935     2.3284          4          4  0.000e+00
  1026.2667     86.279     87.003    32.3902     2.3313          4          4  0.000e+00
  1026.2528     86.111     86.834    32.3741     2.3339          4          4  0.000e+00
  1026.2458     85.961     86.683    32.3661     2.3326          4          4  0.000e+00
  1026.2467     85.809     86.530    32.3677     2.3288          4          4  0.000e+00
  1026.2424     85.672     86.392    32.3628     2.3258          4          4  0.000e+00
  1026.2396     85.534     86.252    32.3598     2.3217          4          4  0.000e+00
  1026.2333     85.395     86.112    32.3523     2.3173          4          4  0.000e+00
  1026.2340     85.258     85.974    32.3534     2.3111          4          4  0.000e+00
  1026.2350     85.124     85.839    32.3549     2.3055          4          4  0.000e+00
  1026.2287     84.996     85.709    32.3473     2.3010          4          4  0.000e+00
  1026.2289     84.875     85.587    32.3478     2.2952          4          4  0.000e+00
  1026.2333     84.768     85.479    32.3533     2.2895          4          4  0.000e+00
  1026.2368     84.676     85.386    32.3579     2.2860          4          4  0.000e+00
  1026.2342     84.595     85.305    32.3549     2.2845          4          4  0.000e+00
  1026.2333     84.525     85.235    32.3540     2.2825          4          4  0.000e+00
  1026.2333     84.468     85.177    32.3542     2.2803          4          4  0.000e+00
  1026.2362     84.415     85.123    32.3580     2.2784          4          4  0.000e+00
  1026.2349     84.361     85.069    32.3566     2.2776          4          4  0.000e+00
  1026.2320     84.302     85.009    32.3531     2.2765          4          4  0.000e+00
  1026.2319     84.229     84.936    32.3533     2.2749          4          4  0.000e+00
  1026.2317     84.141     84.847    32.3534     2.2734          4          4  0.000e+00
  1026.2326     84.033     84.738    32.3551     2.2723          4          4  0.000e+00
  1026.2355     83.904     84.608    32.3595     2.2719          4          4  0.000e+00
  1026.2342     83.757     84.459    32.3589     2.2734          4          4  0.000e+00
  1026.2299     83.601     84.302    32.3546     2.2753          4          4  0.000e+00
  1026.2239     83.443     84.143    32.3480     2.2754          4          4  0.000e+00
  1026.2215     83.300     83.998    32.3457     2.2734          4          4  0.000e+00
  1026.2206     83.182     83.880    32.3450     2.2704          4          4  0.000e+00
  1026.2192     83.091     83.788    32.3434     2.2673          4          4  0.000e+00
  1026.2179     83.021     83.717    32.3420     2.2643          4          4  0.000e+00
  1026.2181     82.967     83.663    32.3423     2.2611          4          4  0.000e+00
  1026.2189     82.913     83.608    32.3433     2.2582          4          4  0.000e+00
  1026.2191     82.850     83.545    32.3436     2.2560          4          4  0.000e+00
  1026.2205     82.764     83.458    32.3458     2.2543          4          4  0.000e+00
  1026.2217     82.648     83.341    32.3479     2.2533          4          4  0.000e+00
  1026.2240     82.512     83.204    32.3515     2.2535          4          4  0.000e+00
  1026.2227     82.341     83.032    32.3510     2.2549          4          4  0.000e+00
  1026.2223     82.157     82.846    32.3519     2.2568          4          4  0.000e+00
  1026.2193     81.962     82.649    32.3495     2.2590          4          4  0.000e+00
  1026.2166     81.774     82.460    32.3474     2.2606          4          4  0.000e+00
  1026.2146     81.596     82.280    32.3460     2.2615          4          4  0.000e+00
  1026.2131     81.435     82.117    32.3452     2.2622          4          4  0.000e+00
  1026.2115     81.289     81.971    32.3441     2.2627          4          4  0.000e+00
  1026.2133     81.159     81.839    32.3472     2.2631          4          4  0.000e+00
  1026.2132     81.036     81.715    32.3479     2.2645          4          4  0.000e+00
  1026.2116     80.919     81.598    32.3468     2.2668          4          4  0.000e+00
  1026.2107     80.796     81.474    32.3466     2.2688          4          4  0.000e+00
  1026.2104     80.667     81.343    32.3472     2.2709          4          4  0.000e+00
  1026.2117     80.531     81.206    32.3499     2.2742          4          4  0.000e+00
  1026.2103     80.385     81.059    32.3495     2.2793          4          4  0.000e+00
  1026.2100     80.245     80.917    32.3506     2.2855          4          4  0.000e+00
  1026.2032     80.104     80.775    32.3438     2.2938          4          4  0.000e+00
  1026.1954     79.970     80.641    32.3354     2.3005          4          4  0.000e+00
  1026.1904     79.857     80.526    32.3303     2.3039          4          4  0.000e+00
  1026.1930     79.756     80.424    32.3341     2.3042          4          4  0.000e+00
  1026.1909     79.672     80.340    32.3323     2.3071          4          4  0.000e+00
  1026.1892     79.608     80.275    32.3309     2.3110          4          4  0.000e+00
  1026.1862     79.554     80.220    32.3280     2.3159          4          4  0.000e+00
  1026.1819     79.507     80.173    32.3235     2.3226          4          4  0.000e+00
  1026.1733     79.471     80.137    32.3138     2.3304          4          4  0.000e+00
  1026.1689     79.434     80.099    32.3089     2.3346          4          4  0.000e+00
  1026.1668     79.392     80.058    32.3066     2.3356          4          4  0.000e+00
  1026.1651     79.338     80.003    32.3048     2.3360          4          4  0.000e+00
  1026.1634     79.263     79.927    32.3032     2.3369          4          4  0.000e+00
  1026.1626     79.163     79.827    32.3029     2.3380          4          4  0.000e+00
  1026.1628     79.032     79.694    32.3041     2.3389          4          4  0.000e+00
  1026.1615     78.878     79.539    32.3035     2.3405          4          4  0.000e+00
  1026.1562     78.697     79.356    32.2983     2.3430          4          4  0.000e+00
  1026.1516     78.506     79.164    32.2938     2.3453          4          4  0.000e+00
  1026.1473     78.312     78.968    32.2898     2.3473          4          4  0.000e+00
  1026.1449     78.119     78.773    32.2881     2.3500          4          4  0.000e+00
  1026.1425     77.936     78.588    32.2866     2.3534          4          4  0.000e+00
  1026.1384     77.776     78.427    32.2828     2.3578          4          4  0.000e+00
  1026.1347     77.631     78.282    32.2794     2.3619          4          4  0.000e+00
  1026.1325     77.510     78.160    32.2777     2.3648          4          4  0.000e+00
  1026.1309     77.406     78.054    32.2766     2.3675          4          4  0.000e+00
  1026.1280     77.309     77.956    32.2739     2.3706          4          4  0.000e+00
  1026.1255     77.211     77.858    32.2715     2.3731          4          4  0.000e+00
  1026.1235     77.103     77.749    32.2699     2.3750          4          4  0.000e+00
  1026.1215     76.988     77.632    32.2682     2.3762          4          4  0.000e+00
  1026.1197     76.850     77.493    32.2669     2.3770          4          4  0.000e+00
  1026.1156     76.708     77.350    32.2628     2.3789          4          4  0.000e+00
  1026.1140     76.559     77.200    32.2618     2.3808          4          4  0.000e+00
  1026.1130     76.435     77.075    32.2614     2.3817          4          4  0.000e+00
  1026.1111     76.335     76.974    32.2597     2.3823          4          4  0.000e+00
  1026.1070     76.268     76.906    32.2550     2.3830          4          4  0.000e+00
  1026.1046     76.228     76.866    32.2523     2.3832          4          4  0.000e+00
  1026.1015     76.210     76.848    32.2486     2.3834          4          4  0.000e+00
  1026.1039     76.190     76.828    32.2516     2.3836          4          4  0.000e+00
  1026.1039     76.157     76.794    32.2518     2.3835          4          4  0.000e+00
  1026.1057     76.099     76.736    32.2544     2.3832          4          4  0.000e+00
  1026.1052     76.011     76.648    32.2545     2.3847          4          4  0.000e+00
  1026.1028     75.891     76.527    32.2525     2.3881          4          4  0.000e+00
  1026.1012     75.747     76.381    32.2516     2.3911          4          4  0.000e+00
  1026.1010     75.577     76.209    32.2526     2.3931          4          4  0.000e+00
  1026.1000     75.404     76.035    32.2526     2.3958          4          4  0.000e+00
  1026.0975     75.231     75.861    32.2509     2.3994          4          4  0.000e+00
  1026.0942     75.061     75.689    32.2482     2.4033          4          4  0.000e+00
  1026.0918     74.907     75.533    32.2464     2.4070          4          4  0.000e+00
  1026.0890     74.779     75.405    32.2441     2.4102          4          4  0.000e+00
  1026.0867     74.662     75.286    32.2422     2.4129          4          4  0.000e+00
  1026.0846     74.563     75.187    32.2403     2.4153          4          4  0.000e+00
  1026.0829     74.471     75.094    32.2389     2.4173          4          4  0.000e+00
  1026.0810     74.375     74.998    32.2373     2.4187          4          4  0.000e+00
  1026.0799     74.282     74.904    32.2365     2.4198          4          4  0.000e+00
  1026.0789     74.191     74.812    32.2360     2.4208          4          4  0.000e+00
  1026.0779     74.078     74.698    32.2355     2.4216          4          4  0.000e+00
  1026.0799     73.959     74.577    32.2387     2.4223          4          4  0.000e+00
  1026.0826     73.828     74.446    32.2432     2.4253          4          4  0.000e+00
  1026.0818     73.695     74.311    32.2435     2.4309          4          4  0.000e+00
  1026.0840     73.570     74.185    32.2477     2.4376          4          4  0.000e+00
  1026.0822     73.432     74.046    32.2472     2.4464          4          4  0.000e+00
  1026.0738     73.312     73.925    32.2383     2.4558          4          4  0.000e+00
  1026.0664     73.192     73.804    32.2302     2.4613          4          4  0.000e+00
  1026.0695     73.078     73.689    32.2350     2.4637          4          4  0.000e+00
  1026.0697     72.965     73.575    32.2363     2.4669          4          4  0.000e+00
  1026.0646     72.854     73.463    32.2310     2.4709          4          4  0.000e+00
  1026.0655     72.740     73.349    32.2331     2.4737          4          4  0.000e+00
  1026.0635     72.624     73.231    32.2317     2.4774          4          4  0.000e+00
  1026.0638     72.487     73.093    32.2332     2.4811          4          4  0.000e+00
  1026.0635     72.351     72.956    32.2341     2.4860          4          4  0.000e+00
  1026.0584     72.207     72.811    32.2293     2.4927          4          4  0.000e+00
  1026.0496     72.052     72.655    32.2198     2.4987          4          4  0.000e+00
  1026.0431     71.901     72.502    32.2128     2.5009          4          4  0.000e+00
  1026.0423     71.740     72.339    32.2127     2.5007          4          4  0.000e+00
  1026.0371     71.584     72.182    32.2071     2.5000          4          4  0.000e+00
  1026.0363     71.418     72.015    32.2070     2.4990          4          4  0.000e+00
  1026.0325     71.270     71.866    32.2030     2.4982          4          4  0.000e+00
  1026.0304     71.145     71.740    32.2009     2.4967          4          4  0.000e+00
  1026.0262     71.005     71.598    32.1964     2.4952          4          4  0.000e+00
  1026.0237     70.887     71.480    32.1937     2.4928          4          4  0.000e+00
  1026.0238     70.771     71.362    32.1942     2.4903          4          4  0.000e+00
  1026.0223     70.668     71.258    32.1928     2.4884          4          4  0.000e+00
  1026.0184     70.591     71.181    32.1881     2.4863          4          4  0.000e+00
  1026.0147     70.527     71.116    32.1836     2.4834          4          4  0.000e+00
  1026.0141     70.487     71.077    32.1827     2.4798          4          4  0.000e+00
  1026.0105     70.444     71.033    32.1781     2.4764          4          4  0.000e+00
  1026.0136     70.412     71.001    32.1819     2.4731          4          4  0.000e+00
  1026.0142     70.380     70.969    32.1826     2.4707          4          4  0.000e+00
  1026.0080     70.343     70.931    32.1750     2.4694          4          4  0.000e+00
  1026.0025     70.295     70.882    32.1680     2.4668          4          4  0.000e+00
  1026.0101     70.203     70.790    32.1778     2.4633          4          4  0.000e+00
  1026.0130     70.091     70.677    32.1820     2.4628          4          4  0.000e+00
  1026.0106     69.946     70.530    32.1801     2.4641          4          4  0.000e+00
  1026.0076     69.768     70.351    32.1774     2.4654          4          4  0.000e+00
  1026.0028     69.575     70.156    32.1726     2.4661          4          4  0.000e+00
  1025.9979     69.371     69.951    32.1677     2.4655          4          4  0.000e+00
  1025.9965     69.169     69.746    32.1670     2.4647          4          4  0.000e+00
  1025.9967     68.977     69.553    32.1684     2.4643          4          4  0.000e+00
  1025.9959     68.794     69.369    32.1686     2.4651          4          4  0.000e+00
  1025.9957     68.638     69.212    32.1695     2.4670          4          4  0.000e+00
  1025.9947     68.479     69.051    32.1694     2.4694          4          4  0.000e+00
  1026.0005     68.329     68.900    32.1778     2.4726          4          4  0.000e+00
  1026.0029     68.181     68.751    32.1823     2.4791          4          4  0.000e+00
  1026.0062     68.042     68.610    32.1883     2.4891          4          4  0.000e+00
  1026.0064     67.904     68.471    32.1906     2.5010          4          4  0.000e+00
  1026.0141     67.765     68.331    32.2025     2.5155          4          4  0.000e+00
  1026.0045     67.640     68.205    32.1933     2.5350          4          4  0.000e+00
  1025.9892     67.520     68.084    32.1763     2.5500          4          4  0.000e+00
  1025.9742     67.420     67.983    32.1589     2.5581          4          4  0.000e+00
  1025.9927     67.332     67.894    32.1829     2.5611          4          4  0.000e+00
  1025.9948     67.260     67.822    32.1870     2.5712          4          4  0.000e+00
  1025.9941     67.189     67.750    32.1881     2.5856          4          4  0.000e+00
  1025.9838     67.130     67.690    32.1771     2.6017          4          4  0.000e+00
  1025.9759     67.067     67.627    32.1688     2.6147          4          4  0.000e+00
  1025.9744     67.006     67.565    32.1683     2.6233          4          4  0.000e+00
  1025.9716     66.933     67.491    32.1662     2.6329          4          4  0.000e+00
  1025.9602     66.856     67.414    32.1533     2.6423          4          4  0.000e+00
  1025.9508     66.751     67.309    32.1428     2.6479          4          4  0.000e+00
  1025.9414     66.656     67.212    32.1316     2.6489          4          4  0.000e+00
  1025.9380     66.535     67.090    32.1278     2.6454          4          4  0.000e+00
