data/eDNA/PER-2021-171/171b015.cnv
* Sea-Bird SBE19plus  Data File:
* FileName = C:\Users\RSG_field\Ryan_2021_Perley\CTD\171b015.hex
* Software version 2.3.0 SB_Terminal.dll
* Temperature SN = 7141
* Conductivity SN = 7141
* System UpLoad Time = Aug 12 2021 14:20:36
* <ApplicationData>
* <SeatermAF>
** Platform: M. Perley
** Cruise: Per2021171
** Station:  ESI_09
** Cast: 01 2
** Latitude: N  44 44.429
** Longitude: W 62 43.682
** Sounding: 17.1
** Chief Scientist: Ryan Stanley
** Comment: 171b015
# nquan = 8
# nvalues = 2290                                  
# units = specified
# name 0 = density00: Density [density, kg/m^3]
# name 1 = depSM: Depth [salt water, m], lat = 45.00
# name 2 = prdM: Pressure, Strain Gauge [db]
# name 3 = sal00: Salinity, Practical [PSU]
# name 4 = tv290C: Temperature [ITS-90, deg C]
# name 5 = bpos: Bottle Position in Carousel
# name 6 = nbf: Bottles Fired
# name 7 = flag:  0.000e+00
# span 0 =   998.9786,  1023.9491                 
# span 1 =     -0.060,     17.747                 
# span 2 =     -0.061,     17.893                 
# span 3 =     0.0000,    30.8678                 
# span 4 =     8.4400,    17.6964                 
# span 5 =          0,          3                 
# span 6 =          0,          3                 
# span 7 = 0.0000e+00, 0.0000e+00                 
# interval = seconds: 0.25
# start_time = Aug 12 2021 17:09:45 [Instrument's time stamp, header]
# bad_flag = -9.990e-29
*END*
[from data line 1259]
  1023.9157     17.514     17.658    30.7059     8.4804          0          0  0.000e+00
  1023.9153     17.461     17.604    30.7064     8.4842          0          0  0.000e+00
  1023.9118     17.413     17.556    30.7029     8.4880          0          0  0.000e+00
  1023.9103     17.371     17.513    30.7017     8.4903          0          0  0.000e+00
  1023.9089     17.333     17.476    30.7004     8.4919          0          0  0.000e+00
  1023.9062     17.306     17.448    30.6972     8.4926          0          0  0.000e+00
  1023.9077     17.285     17.427    30.6992     8.4921          0          0  0.000e+00
  1023.9114     17.268     17.410    30.7042     8.4928          0          0  0.000e+00
  1023.9114     17.258     17.400    30.7049     8.4962          0          0  0.000e+00
  1023.9082     17.255     17.397    30.7015     8.5005          0          0  0.000e+00
  1023.9074     17.257     17.399    30.7012     8.5038          0          0  0.000e+00
  1023.9067     17.265     17.407    30.7007     8.5065          0          0  0.000e+00
  1023.9076     17.283     17.425    30.7024     8.5093          0          0  0.000e+00
  1023.9061     17.307     17.449    30.7009     8.5129          0          0  0.000e+00
  1023.9027     17.337     17.479    30.6970     8.5161          0          0  0.000e+00
  1023.8989     17.373     17.516    30.6923     8.5175          0          0  0.000e+00
  1023.8966     17.413     17.556    30.6888     8.5163          0          0  0.000e+00
  1023.8968     17.453     17.597    30.6882     8.5129          0          0  0.000e+00
  1023.8955     17.494     17.637    30.6856     8.5088          0          0  0.000e+00
  1023.8925     17.527     17.672    30.6804     8.5029          0          0  0.000e+00
  1023.8969     17.554     17.698    30.6842     8.4940          0          0  0.000e+00
  1023.9013     17.577     17.722    30.6881     8.4856          0          0  0.000e+00
  1023.9069     17.591     17.736    30.6940     8.4791          0          0  0.000e+00
  1023.9112     17.593     17.738    30.6988     8.4758          0          0  0.000e+00
  1023.9139     17.590     17.735    30.7022     8.4751          0          0  0.000e+00
  1023.9164     17.578     17.723    30.7057     8.4768          0          0  0.000e+00
  1023.9138     17.562     17.707    30.7031     8.4802          0          0  0.000e+00
  1023.9084     17.542     17.687    30.6968     8.4824          0          0  0.000e+00
  1023.9077     17.514     17.658    30.6960     8.4819          0          0  0.000e+00
  1023.9097     17.483     17.627    30.6985     8.4805          0          0  0.000e+00
  1023.9103     17.449     17.593    30.6994     8.4800          0          0  0.000e+00
  1023.9099     17.411     17.554    30.6991     8.4802          0          0  0.000e+00
  1023.9106     17.369     17.512    30.7003     8.4803          0          0  0.000e+00
  1023.9100     17.329     17.472    30.6998     8.4805          0          0  0.000e+00
  1023.9113     17.293     17.435    30.7016     8.4809          0          0  0.000e+00
  1023.9084     17.262     17.404    30.6983     8.4818          0          0  0.000e+00
  1023.9088     17.241     17.383    30.6989     8.4816          0          0  0.000e+00
  1023.9047     17.231     17.372    30.6937     8.4811          0          0  0.000e+00
  1023.9061     17.233     17.375    30.6951     8.4791          0          0  0.000e+00
  1023.9070     17.249     17.391    30.6956     8.4763          0          0  0.000e+00
  1023.9085     17.274     17.416    30.6970     8.4741          0          0  0.000e+00
  1023.9097     17.313     17.456    30.6980     8.4728          0          0  0.000e+00
  1023.9081     17.359     17.502    30.6955     8.4715          0          0  0.000e+00
  1023.9093     17.409     17.552    30.6963     8.4695          0          0  0.000e+00
  1023.9094     17.463     17.606    30.6957     8.4672          0          0  0.000e+00
  1023.9097     17.509     17.653    30.6954     8.4648          0          0  0.000e+00
  1023.9130     17.548     17.692    30.6989     8.4624          0          0  0.000e+00
  1023.9138     17.580     17.725    30.6995     8.4614          0          0  0.000e+00
  1023.9138     17.597     17.742    30.6993     8.4609          0          0  0.000e+00
  1023.9145     17.605     17.750    30.7001     8.4605          0          0  0.000e+00
  1023.9146     17.600     17.744    30.7003     8.4604          0          0  0.000e+00
  1023.9172     17.584     17.728    30.7037     8.4604          0          0  0.000e+00
  1023.9183     17.558     17.703    30.7056     8.4622          0          0  0.000e+00
  1023.9161     17.527     17.672    30.7035     8.4652          0          0  0.000e+00
  1023.9143     17.496     17.640    30.7018     8.4672          0          0  0.000e+00
  1023.9136     17.464     17.608    30.7013     8.4686          0          0  0.000e+00
  1023.9137     17.435     17.579    30.7018     8.4696          0          0  0.000e+00
  1023.9124     17.411     17.554    30.7005     8.4708          0          0  0.000e+00
  1023.9103     17.388     17.531    30.6981     8.4714          0          0  0.000e+00
  1023.9096     17.369     17.512    30.6972     8.4710          0          0  0.000e+00
  1023.9102     17.353     17.495    30.6980     8.4701          0          0  0.000e+00
  1023.9107     17.337     17.479    30.6985     8.4695          0          0  0.000e+00
  1023.9110     17.325     17.467    30.6989     8.4691          0          0  0.000e+00
  1023.9110     17.320     17.462    30.6989     8.4689          0          0  0.000e+00
  1023.9096     17.315     17.458    30.6972     8.4686          0          0  0.000e+00
  1023.9092     17.319     17.461    30.6964     8.4679          0          0  0.000e+00
  1023.9102     17.329     17.472    30.6973     8.4663          0          0  0.000e+00
  1023.9120     17.346     17.489    30.6993     8.4650          0          0  0.000e+00
  1023.9137     17.365     17.508    30.7013     8.4646          0          0  0.000e+00
  1023.9150     17.388     17.531    30.7029     8.4653          0          0  0.000e+00
  1023.9133     17.409     17.552    30.7010     8.4669          0          0  0.000e+00
  1023.9129     17.429     17.572    30.7004     8.4678          0          0  0.000e+00
  1023.9119     17.446     17.589    30.6992     8.4682          0          0  0.000e+00
  1023.9112     17.463     17.606    30.6982     8.4681          0          0  0.000e+00
  1023.9122     17.480     17.624    30.6993     8.4676          0          0  0.000e+00
  1023.9131     17.495     17.639    30.7002     8.4673          0          0  0.000e+00
  1023.9135     17.517     17.661    30.7008     8.4678          0          0  0.000e+00
  1023.9123     17.533     17.677    30.6993     8.4686          0          0  0.000e+00
  1023.9121     17.545     17.690    30.6989     8.4688          0          0  0.000e+00
  1023.9117     17.557     17.702    30.6984     8.4686          0          0  0.000e+00
  1023.9104     17.557     17.702    30.6965     8.4676          0          0  0.000e+00
  1023.9105     17.550     17.694    30.6964     8.4661          0          0  0.000e+00
  1023.9114     17.530     17.674    30.6974     8.4643          0          0  0.000e+00
  1023.9126     17.502     17.646    30.6988     8.4630          0          0  0.000e+00
  1023.9137     17.463     17.606    30.7003     8.4626          0          0  0.000e+00
  1023.9141     17.418     17.562    30.7011     8.4626          0          0  0.000e+00
  1023.9158     17.372     17.515    30.7037     8.4634          0          0  0.000e+00
  1023.9153     17.331     17.474    30.7036     8.4651          0          0  0.000e+00
  1023.9145     17.294     17.437    30.7032     8.4670          0          0  0.000e+00
  1023.9128     17.271     17.413    30.7016     8.4691          0          0  0.000e+00
  1023.9103     17.267     17.409    30.6986     8.4704          0          0  0.000e+00
  1023.9081     17.280     17.423    30.6957     8.4701          0          0  0.000e+00
  1023.9088     17.308     17.450    30.6961     8.4685          0          0  0.000e+00
  1023.9075     17.354     17.496    30.6939     8.4669          0          0  0.000e+00
  1023.9087     17.406     17.549    30.6946     8.4643          0          0  0.000e+00
  1023.9105     17.460     17.603    30.6962     8.4618          0          0  0.000e+00
  1023.9123     17.509     17.653    30.6978     8.4597          0          0  0.000e+00
  1023.9141     17.545     17.690    30.6995     8.4584          0          0  0.000e+00
  1023.9143     17.566     17.710    30.6997     8.4581          0          0  0.000e+00
  1023.9143     17.569     17.713    30.6996     8.4580          0          0  0.000e+00
  1023.9148     17.559     17.704    30.7003     8.4580          0          0  0.000e+00
  1023.9154     17.534     17.678    30.7013     8.4584          0          0  0.000e+00
  1023.9155     17.503     17.647    30.7018     8.4594          0          0  0.000e+00
  1023.9156     17.470     17.614    30.7023     8.4603          0          0  0.000e+00
  1023.9175     17.437     17.581    30.7053     8.4620          0          0  0.000e+00
  1023.9147     17.414     17.557    30.7022     8.4647          0          0  0.000e+00
  1023.9101     17.397     17.540    30.6968     8.4661          0          0  0.000e+00
  1023.9103     17.391     17.534    30.6969     8.4651          0          0  0.000e+00
  1023.9104     17.386     17.529    30.6968     8.4636          0          0  0.000e+00
  1023.9117     17.390     17.533    30.6981     8.4621          0          0  0.000e+00
  1023.9128     17.392     17.535    30.6994     8.4610          0          0  0.000e+00
  1023.9133     17.394     17.537    30.6998     8.4608          0          0  0.000e+00
  1023.9125     17.394     17.537    30.6988     8.4606          0          0  0.000e+00
  1023.9122     17.389     17.532    30.6985     8.4604          0          0  0.000e+00
  1023.9123     17.379     17.522    30.6985     8.4597          0          0  0.000e+00
  1023.9133     17.369     17.512    30.6997     8.4590          0          0  0.000e+00
  1023.9128     17.361     17.504    30.6991     8.4589          0          0  0.000e+00
  1023.9143     17.358     17.501    30.7010     8.4589          0          0  0.000e+00
  1023.9140     17.360     17.503    30.7007     8.4594          0          0  0.000e+00
  1023.9125     17.367     17.510    30.6989     8.4601          0          0  0.000e+00
  1023.9137     17.388     17.531    30.7002     8.4600          0          0  0.000e+00
  1023.9146     17.416     17.559    30.7014     8.4603          0          0  0.000e+00
  1023.9134     17.452     17.596    30.6998     8.4612          0          0  0.000e+00
  1023.9130     17.485     17.629    30.6991     8.4613          0          0  0.000e+00
  1023.9121     17.518     17.662    30.6977     8.4610          0          0  0.000e+00
  1023.9126     17.545     17.690    30.6981     8.4603          0          0  0.000e+00
  1023.9135     17.560     17.705    30.6989     8.4593          0          0  0.000e+00
  1023.9132     17.569     17.713    30.6983     8.4588          0          0  0.000e+00
  1023.9145     17.560     17.705    30.6999     8.4579          0          0  0.000e+00
  1023.9150     17.544     17.689    30.7006     8.4579          0          0  0.000e+00
  1023.9149     17.517     17.661    30.7008     8.4584          0          0  0.000e+00
  1023.9143     17.484     17.628    30.7003     8.4590          0          0  0.000e+00
  1023.9151     17.448     17.591    30.7016     8.4596          0          0  0.000e+00
  1023.9152     17.415     17.558    30.7022     8.4604          0          0  0.000e+00
  1023.9138     17.388     17.531    30.7008     8.4618          0          0  0.000e+00
  1023.9125     17.369     17.512    30.6993     8.4625          0          0  0.000e+00
  1023.9109     17.356     17.498    30.6973     8.4624          0          0  0.000e+00
  1023.9102     17.354     17.496    30.6963     8.4616          0          0  0.000e+00
  1023.9105     17.356     17.498    30.6965     8.4604          0          0  0.000e+00
  1023.9119     17.365     17.508    30.6979     8.4587          0          0  0.000e+00
  1023.9131     17.374     17.517    30.6993     8.4578          1          1  0.000e+00
  1023.9132     17.381     17.524    30.6993     8.4577          1          1  0.000e+00
  1023.9127     17.388     17.531    30.6985     8.4576          1          1  0.000e+00
  1023.9112     17.385     17.528    30.6966     8.4570          1          1  0.000e+00
  1023.9117     17.388     17.531    30.6969     8.4557          1          1  0.000e+00
  1023.9137     17.385     17.528    30.6993     8.4546          1          1  0.000e+00
  1023.9149     17.385     17.528    30.7007     8.4542          1          1  0.000e+00
  1023.9148     17.392     17.535    30.7007     8.4546          1          1  0.000e+00
  1023.9149     17.408     17.551    30.7009     8.4553          1          1  0.000e+00
  1023.9150     17.434     17.578    30.7010     8.4562          1          1  0.000e+00
  1023.9150     17.474     17.618    30.7009     8.4571          1          1  0.000e+00
  1023.9129     17.517     17.661    30.6982     8.4580          1          1  0.000e+00
  1023.9122     17.565     17.709    30.6968     8.4574          1          1  0.000e+00
  1023.9121     17.604     17.749    30.6962     8.4561          1          1  0.000e+00
  1023.9144     17.632     17.777    30.6987     8.4544          1          1  0.000e+00
  1023.9145     17.645     17.790    30.6986     8.4536          1          1  0.000e+00
  1023.9157     17.635     17.780    30.7001     8.4531          1          1  0.000e+00
  1023.9167     17.607     17.752    30.7016     8.4533          1          1  0.000e+00
  1023.9160     17.559     17.704    30.7012     8.4544          1          1  0.000e+00
  1023.9158     17.498     17.642    30.7014     8.4553          1          1  0.000e+00
  1023.9174     17.429     17.572    30.7041     8.4563          1          1  0.000e+00
  1023.9167     17.361     17.504    30.7040     8.4586          1          1  0.000e+00
  1023.9138     17.301     17.443    30.7012     8.4611          1          1  0.000e+00
  1023.9133     17.252     17.394    30.7010     8.4624          1          1  0.000e+00
  1023.9112     17.220     17.362    30.6987     8.4633          1          1  0.000e+00
  1023.9100     17.208     17.350    30.6971     8.4629          1          1  0.000e+00
  1023.9090     17.216     17.357    30.6957     8.4618          1          1  0.000e+00
  1023.9106     17.235     17.377    30.6972     8.4599          1          1  0.000e+00
  1023.9109     17.268     17.410    30.6972     8.4586          1          1  0.000e+00
  1023.9125     17.311     17.454    30.6988     8.4576          1          1  0.000e+00
  1023.9110     17.357     17.500    30.6965     8.4572          1          1  0.000e+00
  1023.9102     17.404     17.548    30.6950     8.4558          1          1  0.000e+00
  1023.9126     17.448     17.591    30.6973     8.4533          1          1  0.000e+00
  1023.9114     17.489     17.633    30.6952     8.4514          1          1  0.000e+00
  1023.9151     17.521     17.665    30.6993     8.4493          1          1  0.000e+00
  1023.9162     17.549     17.693    30.7005     8.4488          1          1  0.000e+00
  1023.9154     17.571     17.715    30.6994     8.4489          1          1  0.000e+00
  1023.9150     17.584     17.728    30.6987     8.4487          1          1  0.000e+00
  1023.9150     17.588     17.733    30.6986     8.4481          1          1  0.000e+00
