data/eDNA/PER-2021-171/171b016.ros
* Sea-Bird SBE19plus  Data File:
* FileName = C:\Users\RSG_field\Ryan_2021_Perley\CTD\171b016.hex
* Software version 2.3.0 SB_Terminal.dll
* Temperature SN = 7141
* Conductivity SN = 7141
* System UpLoad Time = Aug 13 2021 10:37:26
* <ApplicationData>
* <SeatermAF>
** Platform: M. Perley
** Cruise: Per2021171
** Station:  ESI_04
** Cast: 01 2
** Latitude: N  44 45.212
** Longitude: W 62 5.966
** Sounding: 103
** Chief Scientist: Ryan Stanley
** Comment: 171b016
** edna and water chem (80m)
# nquan = 9
# nvalues = 27                                    
# units = specified
# name 0 = density00: Density [density, kg/m^3]
# name 1 = depSM: Depth [salt water, m], lat = 45.00
# name 2 = prdM: Pressure, Strain Gauge [db]
# name 3 = sal00: Salinity, Practical [PSU]
# name 4 = tv290C: Temperature [ITS-90, deg C]
# name 5 = bpos: Bottle Position in Carousel
# name 6 = nbf: Bottles Fired
# name 7 = scan: Scan Count
# name 8 = flag:  0.000e+00
# interval = seconds: 0.25
# start_time = Aug 13 2021 13:21:40 [Instrument's time stamp, header]
# bad_flag = -9.990e-29
*END*
  1026.3735     95.198     96.000    32.6222     3.6948          1          1       2001  0.000e+00
  1026.3758     95.285     96.087    32.6243     3.6929          1          1       2002  0.000e+00
  1026.3781     95.372     96.175    32.6266     3.6922          1          1       2003  0.000e+00
  1026.3800     95.455     96.258    32.6286     3.6923          1          1       2004  0.000e+00
  1026.3804     95.517     96.322    32.6287     3.6928          1          1       2005  0.000e+00
  1026.3811     95.562     96.366    32.6294     3.6935          1          1       2006  0.000e+00
  1026.3802     95.589     96.394    32.6282     3.6942          1          1       2007  0.000e+00
  1026.3797     95.586     96.391    32.6276     3.6945          1          1       2008  0.000e+00
  1026.3801     95.573     96.377    32.6283     3.6947          1          1       2009  0.000e+00
  1026.1056     80.154     80.826    32.3338     3.3501          2          2       2414  0.000e+00
  1026.1031     80.121     80.792    32.3308     3.3490          2          2       2415  0.000e+00
  1026.1071     80.144     80.816    32.3355     3.3480          2          2       2416  0.000e+00
  1026.1043     80.196     80.868    32.3316     3.3474          2          2       2417  0.000e+00
  1026.1043     80.265     80.938    32.3311     3.3472          2          2       2418  0.000e+00
  1026.0940     80.344     81.017    32.3177     3.3469          2          2       2419  0.000e+00
  1026.0914     80.422     81.096    32.3139     3.3461          2          2       2420  0.000e+00
  1026.0960     80.463     81.138    32.3194     3.3454          2          2       2421  0.000e+00
  1026.0959     80.470     81.144    32.3191     3.3452          2          2       2422  0.000e+00
  1021.7890      2.786      2.809    30.5656    18.4255          3          3       3079  0.000e+00
  1021.7895      2.659      2.680    30.5683    18.4295          3          3       3080  0.000e+00
  1021.7910      2.579      2.600    30.5722    18.4346          3          3       3081  0.000e+00
  1021.7919      2.550      2.571    30.5760    18.4419          3          3       3082  0.000e+00
  1021.7855      2.557      2.578    30.5708    18.4521          3          3       3083  0.000e+00
  1021.7809      2.583      2.604    30.5672    18.4599          3          3       3084  0.000e+00
  1021.7775      2.610      2.631    30.5639    18.4643          3          3       3085  0.000e+00
  1021.7720      2.622      2.643    30.5574    18.4667          3          3       3086  0.000e+00
  1021.7692      2.608      2.629    30.5535    18.4657          3          3       3087  0.000e+00
