data/eDNA/PER-2021-171/171b002.cnv
* Sea-Bird SBE19plus  Data File:
* FileName = C:\Users\RSG_field\Ryan_2021_Perley\CTD\171b002.hex
* Software version 2.3.0 SB_Terminal.dll
* Temperature SN = 7141
* Conductivity SN = 7141
* System UpLoad Time = Aug 09 2021 10:07:11
* <ApplicationData>
* <SeatermAF>
** Platform: M. Perley
** Cruise: Per2021171
** Station:  ESI-08
** Cast: 01 02
** Latitude: N  44 40.1412
** Longitude: W 62 20.7438
** Sounding: 112
** Chief Scientist: Ryan Stanley
** Comment: second replicate - also GC_5
** get coordinates from the af file
# nquan = 8
# nvalues = 3926                                  
# units = specified
# name 0 = density00: Density [density, kg/m^3]
# name 1 = depSM: Depth [salt water, m], lat = 45.00
# name 2 = prdM: Pressure, Strain Gauge [db]
# name 3 = sal00: Salinity, Practical [PSU]
# name 4 = tv290C: Temperature [ITS-90, deg C]
# name 5 = bpos: Bottle Position in Carousel
# name 6 = nbf: Bottles Fired
# name 7 = flag:  0.000e+00
# span 0 =   998.8362,  1026.4946                 
# span 1 =      0.022,     99.509                 
# span 2 =      0.022,    100.348                 
# span 3 =     0.0000,    32.9626                 
# span 4 =     3.0902,    17.7788                 
# span 5 =          0,          6                 
# span 6 =          0,          6                 
# span 7 = 0.0000e+00, 0.0000e+00                 
# interval = seconds: 0.25
# start_time = Aug 09 2021 12:38:12 [Instrument's time stamp, header]
# bad_flag = -9.990e-29
*END*
[from data line 540]
  1022.1604      2.238      2.256    30.8478    17.7673          0          0  0.000e+00
  1022.1606      2.276      2.294    30.8478    17.7674          0          0  0.000e+00
  1022.1609      2.310      2.329    30.8480    17.7675          0          0  0.000e+00
  1022.1610      2.332      2.351    30.8481    17.7676          0          0  0.000e+00
  1022.1610      2.335      2.354    30.8482    17.7680          0          0  0.000e+00
  1022.1612      2.332      2.351    30.8484    17.7681          0          0  0.000e+00
  1022.1607      2.312      2.331    30.8480    17.7685          0          0  0.000e+00
  1022.1603      2.274      2.292    30.8478    17.7687          0          0  0.000e+00
  1022.1598      2.227      2.245    30.8474    17.7687          0          0  0.000e+00
  1022.1595      2.190      2.208    30.8472    17.7683          0          0  0.000e+00
  1022.1596      2.174      2.192    30.8472    17.7679          0          0  0.000e+00
  1022.1599      2.174      2.192    30.8474    17.7673          0          0  0.000e+00
  1022.1603      2.167      2.184    30.8479    17.7671          0          0  0.000e+00
  1022.1605      2.141      2.159    30.8484    17.7671          0          0  0.000e+00
  1022.1600      2.103      2.120    30.8480    17.7676          0          0  0.000e+00
  1022.1592      2.067      2.084    30.8474    17.7678          0          0  0.000e+00
  1022.1581      2.018      2.035    30.8461    17.7676          0          0  0.000e+00
  1022.1557      1.965      1.981    30.8430    17.7666          0          0  0.000e+00
  1022.1573      1.925      1.941    30.8445    17.7642          0          0  0.000e+00
  1022.1603      1.914      1.930    30.8478    17.7621          0          0  0.000e+00
  1022.1619      1.941      1.957    30.8497    17.7618          0          0  0.000e+00
  1022.1644      1.988      2.004    30.8530    17.7629          0          0  0.000e+00
  1022.1629      2.039      2.056    30.8516    17.7656          0          0  0.000e+00
  1022.1618      2.098      2.115    30.8506    17.7680          0          0  0.000e+00
  1022.1604      2.153      2.170    30.8490    17.7697          0          0  0.000e+00
  1022.1599      2.197      2.215    30.8484    17.7705          0          0  0.000e+00
  1022.1592      2.228      2.246    30.8472    17.7707          0          0  0.000e+00
  1022.1593      2.244      2.262    30.8473    17.7704          0          0  0.000e+00
  1022.1593      2.247      2.266    30.8471    17.7701          0          0  0.000e+00
  1022.1600      2.249      2.268    30.8479    17.7698          0          0  0.000e+00
  1022.1605      2.252      2.271    30.8485    17.7696          0          0  0.000e+00
  1022.1607      2.256      2.274    30.8488    17.7699          0          0  0.000e+00
  1022.1604      2.257      2.275    30.8486    17.7703          0          0  0.000e+00
  1022.1604      2.244      2.262    30.8487    17.7706          0          0  0.000e+00
  1022.1603      2.226      2.244    30.8489    17.7712          0          0  0.000e+00
  1022.1597      2.205      2.223    30.8484    17.7717          0          0  0.000e+00
  1022.1588      2.180      2.198    30.8474    17.7719          0          0  0.000e+00
  1022.1584      2.155      2.173    30.8470    17.7718          0          0  0.000e+00
  1022.1592      2.133      2.150    30.8480    17.7713          0          0  0.000e+00
  1022.1595      2.120      2.137    30.8484    17.7711          0          0  0.000e+00
  1022.1599      2.126      2.144    30.8489    17.7713          0          0  0.000e+00
  1022.1601      2.146      2.164    30.8492    17.7716          0          0  0.000e+00
  1022.1593      2.177      2.195    30.8483    17.7723          0          0  0.000e+00
  1022.1586      2.208      2.226    30.8471    17.7725          0          0  0.000e+00
  1022.1593      2.229      2.247    30.8478    17.7721          0          0  0.000e+00
  1022.1592      2.227      2.245    30.8477    17.7720          0          0  0.000e+00
  1022.1590      2.205      2.223    30.8476    17.7719          0          0  0.000e+00
  1022.1584      2.163      2.181    30.8468    17.7715          0          0  0.000e+00
  1022.1582      2.107      2.124    30.8468    17.7709          0          0  0.000e+00
  1022.1581      2.043      2.059    30.8468    17.7703          0          0  0.000e+00
  1022.1578      1.984      2.001    30.8465    17.7696          0          0  0.000e+00
  1022.1575      1.943      1.959    30.8461    17.7687          0          0  0.000e+00
  1022.1586      1.931      1.947    30.8472    17.7675          0          0  0.000e+00
  1022.1603      1.963      1.979    30.8490    17.7666          0          0  0.000e+00
  1022.1602      2.045      2.061    30.8485    17.7670          0          0  0.000e+00
  1022.1601      2.158      2.176    30.8478    17.7675          0          0  0.000e+00
  1022.1607      2.280      2.299    30.8479    17.7674          0          0  0.000e+00
  1022.1621      2.383      2.402    30.8492    17.7675          0          0  0.000e+00
  1022.1632      2.462      2.482    30.8503    17.7680          0          0  0.000e+00
  1022.1623      2.484      2.504    30.8495    17.7693          0          0  0.000e+00
  1022.1608      2.431      2.450    30.8480    17.7704          0          0  0.000e+00
  1022.1591      2.309      2.328    30.8465    17.7703          0          0  0.000e+00
  1022.1571      2.143      2.161    30.8447    17.7696          0          0  0.000e+00
  1022.1573      1.947      1.963    30.8455    17.7678          0          0  0.000e+00
  1022.1575      1.747      1.761    30.8465    17.7661          0          0  0.000e+00
  1022.1577      1.590      1.603    30.8473    17.7653          0          0  0.000e+00
  1022.1585      1.543      1.556    30.8486    17.7650          0          0  0.000e+00
  1022.1597      1.641      1.654    30.8496    17.7652          0          0  0.000e+00
  1022.1599      1.845      1.860    30.8491    17.7663          0          0  0.000e+00
  1022.1605      2.081      2.098    30.8488    17.7671          0          0  0.000e+00
  1022.1631      2.291      2.309    30.8512    17.7679          0          0  0.000e+00
  1022.1625      2.436      2.456    30.8500    17.7694          0          0  0.000e+00
  1022.1617      2.530      2.551    30.8487    17.7705          0          0  0.000e+00
  1022.1610      2.555      2.575    30.8479    17.7710          0          0  0.000e+00
  1022.1608      2.505      2.525    30.8479    17.7710          0          0  0.000e+00
  1022.1597      2.391      2.411    30.8471    17.7709          0          0  0.000e+00
  1022.1587      2.244      2.262    30.8465    17.7704          0          0  0.000e+00
  1022.1583      2.088      2.105    30.8465    17.7694          0          0  0.000e+00
  1022.1586      1.972      1.988    30.8473    17.7684          0          0  0.000e+00
  1022.1587      1.910      1.926    30.8476    17.7677          0          0  0.000e+00
  1022.1592      1.906      1.921    30.8481    17.7674          0          0  0.000e+00
  1022.1599      1.940      1.956    30.8489    17.7676          0          0  0.000e+00
  1022.1602      1.991      2.007    30.8490    17.7677          0          0  0.000e+00
  1022.1601      2.053      2.070    30.8487    17.7685          0          0  0.000e+00
  1022.1609      2.120      2.137    30.8496    17.7690          0          0  0.000e+00
  1022.1608      2.164      2.182    30.8494    17.7698          0          0  0.000e+00
  1022.1603      2.177      2.195    30.8490    17.7706          0          0  0.000e+00
  1022.1602      2.159      2.177    30.8491    17.7710          0          0  0.000e+00
  1022.1588      2.118      2.135    30.8477    17.7715          0          0  0.000e+00
  1022.1573      2.069      2.086    30.8460    17.7715          0          0  0.000e+00
  1022.1584      2.030      2.046    30.8473    17.7704          0          0  0.000e+00
  1022.1587      2.020      2.037    30.8475    17.7697          0          0  0.000e+00
  1022.1596      2.047      2.063    30.8484    17.7694          0          0  0.000e+00
  1022.1607      2.114      2.131    30.8495    17.7694          0          0  0.000e+00
  1022.1608      2.204      2.222    30.8494    17.7701          0          0  0.000e+00
  1022.1600      2.285      2.304    30.8480    17.7710          0          0  0.000e+00
  1022.1601      2.344      2.363    30.8479    17.7711          0          0  0.000e+00
  1022.1603      2.369      2.388    30.8481    17.7711          0          0  0.000e+00
  1022.1602      2.364      2.383    30.8479    17.7711          0          0  0.000e+00
  1022.1594      2.330      2.349    30.8470    17.7708          0          0  0.000e+00
  1022.1588      2.270      2.289    30.8463    17.7702          0          0  0.000e+00
  1022.1583      2.205      2.223    30.8458    17.7692          0          0  0.000e+00
  1022.1593      2.152      2.169    30.8469    17.7677          0          0  0.000e+00
  1022.1600      2.132      2.149    30.8477    17.7668          0          0  0.000e+00
  1022.1610      2.145      2.163    30.8488    17.7664          0          0  0.000e+00
  1022.1615      2.178      2.196    30.8493    17.7666          0          0  0.000e+00
  1022.1618      2.214      2.232    30.8496    17.7672          0          0  0.000e+00
  1022.1612      2.240      2.258    30.8490    17.7683          0          0  0.000e+00
  1022.1613      2.251      2.270    30.8492    17.7688          0          0  0.000e+00
  1022.1607      2.244      2.262    30.8488    17.7694          0          0  0.000e+00
  1022.1601      2.203      2.221    30.8483    17.7699          0          0  0.000e+00
  1022.1589      2.140      2.157    30.8472    17.7699          0          0  0.000e+00
  1022.1583      2.072      2.089    30.8466    17.7694          0          0  0.000e+00
  1022.1575      2.000      2.016    30.8458    17.7686          0          0  0.000e+00
  1022.1586      1.921      1.936    30.8472    17.7671          0          0  0.000e+00
  1022.1594      1.841      1.856    30.8485    17.7664          0          0  0.000e+00
  1022.1598      1.783      1.797    30.8493    17.7664          0          0  0.000e+00
  1022.1593      1.748      1.762    30.8489    17.7667          0          0  0.000e+00
  1022.1591      1.747      1.761    30.8489    17.7674          0          0  0.000e+00
  1022.1599      1.792      1.807    30.8498    17.7678          0          0  0.000e+00
  1022.1594      1.889      1.904    30.8489    17.7688          0          0  0.000e+00
  1022.1599      2.035      2.052    30.8488    17.7693          0          0  0.000e+00
  1022.1607      2.217      2.235    30.8491    17.7699          0          0  0.000e+00
  1022.1616      2.398      2.417    30.8494    17.7705          0          0  0.000e+00
  1022.1631      2.522      2.542    30.8509    17.7711          0          0  0.000e+00
  1022.1623      2.602      2.623    30.8497    17.7726          0          0  0.000e+00
  1022.1615      2.641      2.663    30.8488    17.7737          0          0  0.000e+00
  1022.1606      2.631      2.652    30.8478    17.7740          0          0  0.000e+00
  1022.1601      2.559      2.580    30.8475    17.7738          0          0  0.000e+00
  1022.1587      2.452      2.472    30.8461    17.7732          0          0  0.000e+00
  1022.1582      2.331      2.350    30.8458    17.7721          0          0  0.000e+00
  1022.1586      2.220      2.239    30.8465    17.7708          0          0  0.000e+00
  1022.1592      2.120      2.137    30.8475    17.7694          0          0  0.000e+00
  1022.1592      2.040      2.057    30.8478    17.7690          0          0  0.000e+00
  1022.1591      1.975      1.991    30.8480    17.7687          0          0  0.000e+00
  1022.1592      1.916      1.932    30.8485    17.7687          0          0  0.000e+00
  1022.1593      1.863      1.879    30.8489    17.7687          0          0  0.000e+00
  1022.1592      1.817      1.831    30.8492    17.7691          0          0  0.000e+00
  1022.1593      1.788      1.803    30.8497    17.7696          0          0  0.000e+00
  1022.1587      1.778      1.793    30.8492    17.7704          0          0  0.000e+00
  1022.1587      1.792      1.807    30.8492    17.7710          0          0  0.000e+00
  1022.1582      1.836      1.851    30.8486    17.7715          0          0  0.000e+00
  1022.1586      1.918      1.934    30.8486    17.7717          0          0  0.000e+00
  1022.1593      2.042      2.059    30.8489    17.7719          0          0  0.000e+00
  1022.1600      2.183      2.201    30.8491    17.7723          0          0  0.000e+00
  1022.1599      2.320      2.339    30.8482    17.7726          0          0  0.000e+00
  1022.1610      2.432      2.452    30.8491    17.7727          0          0  0.000e+00
  1022.1615      2.503      2.524    30.8495    17.7732          0          0  0.000e+00
  1022.1611      2.526      2.546    30.8490    17.7737          0          0  0.000e+00
  1022.1604      2.491      2.511    30.8483    17.7742          0          0  0.000e+00
  1022.1594      2.413      2.433    30.8475    17.7743          0          0  0.000e+00
  1022.1581      2.302      2.321    30.8463    17.7737          0          0  0.000e+00
  1022.1574      2.175      2.193    30.8458    17.7726          0          0  0.000e+00
  1022.1579      2.058      2.075    30.8467    17.7712          0          0  0.000e+00
  1022.1587      1.981      1.997    30.8479    17.7701          0          0  0.000e+00
  1022.1597      1.964      1.980    30.8493    17.7698          0          0  0.000e+00
  1022.1602      1.994      2.010    30.8498    17.7701          0          0  0.000e+00
  1022.1600      2.066      2.083    30.8493    17.7708          0          0  0.000e+00
  1022.1599      2.140      2.157    30.8490    17.7716          0          0  0.000e+00
  1022.1602      2.197      2.215    30.8492    17.7721          0          0  0.000e+00
  1022.1601      2.246      2.264    30.8489    17.7726          0          0  0.000e+00
  1022.1599      2.268      2.287    30.8486    17.7731          0          0  0.000e+00
  1022.1595      2.253      2.272    30.8483    17.7733          0          0  0.000e+00
  1022.1592      2.208      2.226    30.8482    17.7734          0          0  0.000e+00
  1022.1583      2.153      2.170    30.8473    17.7733          0          0  0.000e+00
  1022.1585      2.095      2.112    30.8477    17.7726          0          0  0.000e+00
  1022.1577      2.040      2.057    30.8469    17.7723          0          0  0.000e+00
  1022.1576      1.988      2.005    30.8468    17.7712          0          0  0.000e+00
  1022.1582      1.945      1.961    30.8476    17.7705          0          0  0.000e+00
  1022.1586      1.912      1.928    30.8482    17.7702          0          0  0.000e+00
  1022.1596      1.900      1.916    30.8495    17.7699          0          0  0.000e+00
  1022.1592      1.912      1.928    30.8491    17.7706          0          0  0.000e+00
  1022.1600      1.942      1.958    30.8501    17.7710          0          0  0.000e+00
  1022.1598      1.996      2.012    30.8498    17.7721          0          0  0.000e+00
  1022.1594      2.073      2.090    30.8492    17.7732          0          0  0.000e+00
  1022.1596      2.164      2.182    30.8491    17.7737          0          0  0.000e+00
  1022.1594      2.266      2.285    30.8484    17.7742          0          0  0.000e+00
  1022.1592      2.355      2.374    30.8476    17.7740          0          0  0.000e+00
  1022.1597      2.415      2.435    30.8478    17.7738          0          0  0.000e+00
