data/eDNA/PER-2021-171/171b021.cnv
* Sea-Bird SBE19plus  Data File:
* FileName = C:\Users\RSG_field\Ryan_2021_Perley\CTD\171b021.hex
* Software version 2.3.0 SB_Terminal.dll
* Temperature SN = 7141
* Conductivity SN = 7141
* System UpLoad Time = Aug 17 2021 13:38:31
* <ApplicationData>
* <SeatermAF>
** Platform: M. Perley
** Cruise: Per2021171
** Station:  SAB_06
** Cast: 01 2
** Latitude: N  46 22.081
** Longitude: W 59 05.736
** Sounding: 230
** Chief Scientist: Ryan Stanley
** Comment: 171b021
# nquan = 8
# nvalues = 4910                                  
# units = specified
# name 0 = density00: Density [density, kg/m^3]
# name 1 = depSM: Depth [salt water, m], lat = 45.00
# name 2 = prdM: Pressure, Strain Gauge [db]
# name 3 = sal00: Salinity, Practical [PSU]
# name 4 = tv290C: Temperature [ITS-90, deg C]
# name 5 = bpos: Bottle Position in Carousel
# name 6 = nbf: Bottles Fired
# name 7 = flag:  0.000e+00
# span 0 =   998.9661,  1027.9434                 
# span 1 =     -0.049,    207.784                 
# span 2 =     -0.049,    209.591                 
# span 3 =     0.0081,    34.4168                 
# span 4 =     2.1783,    19.8091                 
# span 5 =          0,          6                 
# span 6 =          0,          6                 
# span 7 = 0.0000e+00, 0.0000e+00                 
# interval = seconds: 0.25
# start_time = Aug 17 2021 16:14:35 [Instrument's time stamp, header]
# bad_flag = -9.990e-29
*END*
[from data line 2697]
  1027.9291    206.710    208.507    34.4017     6.8121          0          0  0.000e+00
  1027.9294    206.710    208.507    34.4019     6.8118          0          0  0.000e+00
  1027.9295    206.724    208.521    34.4020     6.8120          0          0  0.000e+00
  1027.9293    206.756    208.553    34.4016     6.8121          0          0  0.000e+00
  1027.9294    206.796    208.594    34.4016     6.8121          0          0  0.000e+00
  1027.9296    206.842    208.640    34.4014     6.8119          0          0  0.000e+00
  1027.9298    206.881    208.680    34.4014     6.8119          0          0  0.000e+00
  1027.9300    206.915    208.714    34.4015     6.8119          0          0  0.000e+00
  1027.9301    206.936    208.735    34.4014     6.8118          0          0  0.000e+00
  1027.9303    206.949    208.748    34.4017     6.8116          0          0  0.000e+00
  1027.9307    206.952    208.751    34.4021     6.8117          0          0  0.000e+00
  1027.9305    206.951    208.750    34.4019     6.8119          0          0  0.000e+00
  1027.9302    206.949    208.748    34.4016     6.8122          0          0  0.000e+00
  1027.9301    206.957    208.756    34.4014     6.8122          0          0  0.000e+00
  1027.9302    206.985    208.785    34.4015     6.8121          0          0  0.000e+00
  1027.9302    207.019    208.819    34.4012     6.8121          0          0  0.000e+00
  1027.9303    207.056    208.856    34.4011     6.8119          0          0  0.000e+00
  1027.9306    207.087    208.887    34.4013     6.8119          0          0  0.000e+00
  1027.9312    207.103    208.904    34.4020     6.8118          0          0  0.000e+00
  1027.9313    207.099    208.899    34.4021     6.8117          0          0  0.000e+00
  1027.9310    207.078    208.878    34.4018     6.8118          0          0  0.000e+00
  1027.9303    207.037    208.837    34.4012     6.8119          0          0  0.000e+00
  1027.9299    206.987    208.787    34.4010     6.8118          0          0  0.000e+00
  1027.9297    206.935    208.734    34.4010     6.8116          0          0  0.000e+00
  1027.9294    206.890    208.688    34.4008     6.8112          0          0  0.000e+00
  1027.9296    206.856    208.654    34.4012     6.8110          0          0  0.000e+00
  1027.9299    206.841    208.639    34.4016     6.8110          0          0  0.000e+00
  1027.9298    206.840    208.638    34.4015     6.8109          0          0  0.000e+00
  1027.9295    206.860    208.658    34.4011     6.8111          0          0  0.000e+00
  1027.9296    206.899    208.698    34.4009     6.8110          0          0  0.000e+00
  1027.9299    206.948    208.747    34.4010     6.8109          0          0  0.000e+00
  1027.9305    207.001    208.801    34.4014     6.8107          0          0  0.000e+00
  1027.9306    207.052    208.852    34.4013     6.8108          0          0  0.000e+00
  1027.9313    207.096    208.896    34.4019     6.8109          0          0  0.000e+00
  1027.9324    207.123    208.924    34.4031     6.8110          0          0  0.000e+00
  1027.9342    207.134    208.935    34.4055     6.8118          0          0  0.000e+00
  1027.9328    207.129    208.929    34.4040     6.8127          0          0  0.000e+00
  1027.9325    207.106    208.907    34.4038     6.8135          0          0  0.000e+00
  1027.9317    207.071    208.872    34.4032     6.8139          0          0  0.000e+00
  1027.9313    207.028    208.828    34.4029     6.8140          0          0  0.000e+00
  1027.9304    206.975    208.774    34.4021     6.8141          0          0  0.000e+00
  1027.9309    206.929    208.728    34.4029     6.8137          0          0  0.000e+00
  1027.9301    206.891    208.690    34.4021     6.8137          0          0  0.000e+00
  1027.9291    206.870    208.668    34.4009     6.8134          0          0  0.000e+00
  1027.9291    206.870    208.668    34.4009     6.8129          0          0  0.000e+00
  1027.9289    206.885    208.683    34.4004     6.8125          0          0  0.000e+00
  1027.9294    206.907    208.706    34.4008     6.8121          0          0  0.000e+00
  1027.9295    206.927    208.726    34.4008     6.8117          0          0  0.000e+00
  1027.9303    206.941    208.740    34.4017     6.8116          0          0  0.000e+00
  1027.9328    206.937    208.736    34.4049     6.8115          0          0  0.000e+00
  1027.9299    206.913    208.712    34.4015     6.8124          0          0  0.000e+00
  1027.9284    206.879    208.678    34.3998     6.8126          0          0  0.000e+00
  1027.9282    206.840    208.638    34.3998     6.8121          0          0  0.000e+00
  1027.9282    206.806    208.604    34.3998     6.8115          0          0  0.000e+00
  1027.9288    206.788    208.586    34.4005     6.8108          0          0  0.000e+00
  1027.9295    206.796    208.593    34.4014     6.8104          0          0  0.000e+00
  1027.9295    206.829    208.627    34.4011     6.8104          0          0  0.000e+00
  1027.9299    206.885    208.683    34.4013     6.8105          0          0  0.000e+00
  1027.9304    206.959    208.758    34.4015     6.8105          0          0  0.000e+00
  1027.9330    207.042    208.842    34.4044     6.8108          0          0  0.000e+00
  1027.9348    207.121    208.922    34.4064     6.8116          0          0  0.000e+00
  1027.9354    207.188    208.989    34.4070     6.8131          0          0  0.000e+00
  1027.9351    207.236    209.038    34.4066     6.8147          0          0  0.000e+00
  1027.9347    207.271    209.073    34.4061     6.8157          0          0  0.000e+00
  1027.9351    207.285    209.087    34.4067     6.8167          0          0  0.000e+00
  1027.9352    207.290    209.092    34.4069     6.8175          0          0  0.000e+00
  1027.9345    207.289    209.091    34.4061     6.8182          0          0  0.000e+00
  1027.9343    207.287    209.089    34.4060     6.8190          0          0  0.000e+00
  1027.9342    207.280    209.083    34.4060     6.8193          0          0  0.000e+00
  1027.9340    207.277    209.079    34.4059     6.8197          0          0  0.000e+00
  1027.9339    207.265    209.067    34.4058     6.8200          0          0  0.000e+00
  1027.9334    207.244    209.046    34.4053     6.8200          0          0  0.000e+00
  1027.9327    207.212    209.013    34.4046     6.8200          0          0  0.000e+00
  1027.9324    207.162    208.963    34.4045     6.8196          0          0  0.000e+00
  1027.9319    207.096    208.896    34.4042     6.8193          0          0  0.000e+00
  1027.9314    207.020    208.819    34.4040     6.8188          0          0  0.000e+00
  1027.9306    206.938    208.737    34.4033     6.8184          0          0  0.000e+00
  1027.9299    206.857    208.656    34.4027     6.8178          0          0  0.000e+00
  1027.9297    206.789    208.587    34.4028     6.8170          0          0  0.000e+00
  1027.9295    206.740    208.537    34.4027     6.8164          0          0  0.000e+00
  1027.9294    206.708    208.505    34.4028     6.8160          0          0  0.000e+00
  1027.9291    206.701    208.498    34.4022     6.8155          0          0  0.000e+00
  1027.9286    206.714    208.511    34.4016     6.8152          0          0  0.000e+00
  1027.9274    206.749    208.546    34.3996     6.8147          0          0  0.000e+00
  1027.9278    206.803    208.601    34.3997     6.8137          0          0  0.000e+00
  1027.9311    206.868    208.666    34.4033     6.8129          0          0  0.000e+00
  1027.9321    206.944    208.743    34.4042     6.8131          0          0  0.000e+00
  1027.9325    207.027    208.827    34.4044     6.8137          0          0  0.000e+00
  1027.9352    207.115    208.916    34.4073     6.8143          0          0  0.000e+00
  1027.9350    207.199    209.000    34.4068     6.8154          0          0  0.000e+00
  1027.9360    207.274    209.076    34.4079     6.8165          0          0  0.000e+00
  1027.9354    207.330    209.133    34.4070     6.8178          0          0  0.000e+00
  1027.9345    207.367    209.169    34.4058     6.8185          0          0  0.000e+00
  1027.9354    207.380    209.183    34.4069     6.8190          0          0  0.000e+00
  1027.9353    207.372    209.175    34.4069     6.8195          0          0  0.000e+00
  1027.9343    207.346    209.149    34.4059     6.8200          0          0  0.000e+00
  1027.9339    207.308    209.111    34.4057     6.8203          0          0  0.000e+00
  1027.9332    207.255    209.057    34.4051     6.8202          0          0  0.000e+00
  1027.9319    207.197    208.998    34.4037     6.8199          0          0  0.000e+00
  1027.9316    207.130    208.931    34.4036     6.8194          0          0  0.000e+00
  1027.9313    207.061    208.861    34.4036     6.8187          0          0  0.000e+00
  1027.9314    206.986    208.785    34.4039     6.8182          0          0  0.000e+00
  1027.9312    206.909    208.708    34.4041     6.8179          0          0  0.000e+00
  1027.9303    206.839    208.638    34.4034     6.8176          0          0  0.000e+00
  1027.9300    206.778    208.575    34.4033     6.8172          0          0  0.000e+00
  1027.9296    206.731    208.528    34.4029     6.8169          0          0  0.000e+00
  1027.9291    206.702    208.498    34.4024     6.8165          0          0  0.000e+00
  1027.9279    206.696    208.493    34.4008     6.8159          0          0  0.000e+00
  1027.9276    206.716    208.513    34.4002     6.8151          0          0  0.000e+00
  1027.9279    206.761    208.558    34.4002     6.8142          0          0  0.000e+00
  1027.9277    206.828    208.626    34.3994     6.8135          0          0  0.000e+00
  1027.9315    206.920    208.719    34.4035     6.8125          0          0  0.000e+00
  1027.9335    207.024    208.824    34.4055     6.8128          0          0  0.000e+00
  1027.9352    207.134    208.935    34.4072     6.8138          0          0  0.000e+00
  1027.9371    207.243    209.044    34.4092     6.8152          0          0  0.000e+00
  1027.9408    207.340    209.143    34.4136     6.8169          0          0  0.000e+00
  1027.9432    207.418    209.221    34.4168     6.8198          0          0  0.000e+00
  1027.9386    207.465    209.269    34.4113     6.8232          0          0  0.000e+00
  1027.9375    207.486    209.290    34.4101     6.8251          0          0  0.000e+00
  1027.9363    207.472    209.276    34.4087     6.8259          0          0  0.000e+00
  1027.9345    207.434    209.237    34.4067     6.8261          0          0  0.000e+00
  1027.9337    207.382    209.185    34.4059     6.8255          0          0  0.000e+00
  1027.9335    207.326    209.129    34.4058     6.8249          0          0  0.000e+00
  1027.9331    207.277    209.079    34.4055     6.8241          0          0  0.000e+00
  1027.9329    207.237    209.039    34.4054     6.8233          0          0  0.000e+00
  1027.9330    207.213    209.014    34.4055     6.8227          0          0  0.000e+00
  1027.9327    207.201    209.003    34.4051     6.8221          0          0  0.000e+00
  1027.9320    207.192    208.993    34.4042     6.8216          0          0  0.000e+00
  1027.9318    207.182    208.983    34.4038     6.8210          0          0  0.000e+00
  1027.9313    207.165    208.966    34.4032     6.8203          0          0  0.000e+00
  1027.9310    207.134    208.935    34.4028     6.8195          0          0  0.000e+00
  1027.9311    207.087    208.887    34.4032     6.8187          0          0  0.000e+00
  1027.9311    207.023    208.823    34.4034     6.8180          0          0  0.000e+00
  1027.9311    206.953    208.752    34.4037     6.8175          0          0  0.000e+00
  1027.9308    206.878    208.676    34.4036     6.8171          0          0  0.000e+00
  1027.9302    206.813    208.611    34.4033     6.8169          0          0  0.000e+00
  1027.9294    206.765    208.563    34.4025     6.8166          0          0  0.000e+00
  1027.9291    206.742    208.539    34.4021     6.8161          0          0  0.000e+00
  1027.9282    206.748    208.546    34.4008     6.8154          0          0  0.000e+00
  1027.9276    206.782    208.580    34.3997     6.8146          0          0  0.000e+00
  1027.9273    206.836    208.635    34.3989     6.8135          0          0  0.000e+00
  1027.9279    206.904    208.703    34.3990     6.8124          0          0  0.000e+00
  1027.9295    206.976    208.776    34.4005     6.8114          0          0  0.000e+00
  1027.9321    207.050    208.850    34.4032     6.8110          0          0  0.000e+00
  1027.9327    207.119    208.919    34.4036     6.8113          0          0  0.000e+00
  1027.9331    207.177    208.978    34.4040     6.8121          0          0  0.000e+00
  1027.9333    207.224    209.025    34.4040     6.8127          0          0  0.000e+00
  1027.9343    207.265    209.067    34.4051     6.8132          0          0  0.000e+00
  1027.9357    207.299    209.101    34.4069     6.8141          0          0  0.000e+00
  1027.9352    207.330    209.132    34.4063     6.8154          0          0  0.000e+00
  1027.9352    207.359    209.162    34.4063     6.8163          0          0  0.000e+00
  1027.9348    207.382    209.185    34.4058     6.8173          0          0  0.000e+00
  1027.9345    207.394    209.198    34.4055     6.8178          0          0  0.000e+00
  1027.9352    207.389    209.192    34.4064     6.8181          0          0  0.000e+00
  1027.9347    207.363    209.166    34.4061     6.8187          0          0  0.000e+00
  1027.9342    207.315    209.117    34.4057     6.8191          0          0  0.000e+00
  1027.9334    207.250    209.052    34.4052     6.8194          0          0  0.000e+00
  1027.9328    207.180    208.981    34.4048     6.8193          0          0  0.000e+00
  1027.9316    207.110    208.911    34.4037     6.8190          0          0  0.000e+00
  1027.9314    207.050    208.850    34.4036     6.8185          0          0  0.000e+00
  1027.9312    207.005    208.805    34.4036     6.8180          0          0  0.000e+00
  1027.9308    206.979    208.778    34.4032     6.8175          0          0  0.000e+00
  1027.9308    206.972    208.772    34.4031     6.8171          0          0  0.000e+00
  1027.9297    206.985    208.785    34.4016     6.8167          0          0  0.000e+00
  1027.9302    207.011    208.810    34.4020     6.8160          0          0  0.000e+00
  1027.9305    207.048    208.848    34.4020     6.8156          0          0  0.000e+00
  1027.9308    207.087    208.887    34.4020     6.8150          0          0  0.000e+00
  1027.9304    207.128    208.929    34.4013     6.8148          0          0  0.000e+00
  1027.9318    207.164    208.965    34.4028     6.8146          0          0  0.000e+00
  1027.9319    207.188    208.989    34.4028     6.8145          0          0  0.000e+00
  1027.9320    207.203    209.004    34.4028     6.8144          0          0  0.000e+00
  1027.9318    207.211    209.013    34.4025     6.8145          0          0  0.000e+00
  1027.9322    207.215    209.017    34.4029     6.8143          0          0  0.000e+00
  1027.9320    207.216    209.018    34.4027     6.8143          0          0  0.000e+00
  1027.9320    207.223    209.024    34.4027     6.8141          0          0  0.000e+00
  1027.9322    207.230    209.032    34.4029     6.8143          0          0  0.000e+00
  1027.9322    207.245    209.047    34.4028     6.8142          0          0  0.000e+00
  1027.9321    207.257    209.059    34.4027     6.8143          0          0  0.000e+00
  1027.9321    207.268    209.070    34.4026     6.8142          0          0  0.000e+00
