data/eDNA/PER-2021-171/171b001.cnv
* Sea-Bird SBE19plus  Data File:
* FileName = C:\Users\RSG_field\Ryan_2021_Perley\CTD\171b001.hex
* Software version 2.3.0 SB_Terminal.dll
* Temperature SN = 7141
* Conductivity SN = 7141
* System UpLoad Time = Aug 07 2021 20:28:25
* <ApplicationData>
* <SeatermAF>
** Platform: M. Perley
** Cruise: Per2021171
** Station:  1
** Cast: 01
** Latitude: N  44 27.2920
** Longitude: W 62 8.4079
** Sounding: 210
** Chief Scientist: Ryan Stanley
** Comment:
# nquan = 8
# nvalues = 5029                                  
# units = specified
# name 0 = density00: Density [density, kg/m^3]
# name 1 = depSM: Depth [salt water, m], lat = 45.00
# name 2 = prdM: Pressure, Strain Gauge [db]
# name 3 = sal00: Salinity, Practical [PSU]
# name 4 = tv290C: Temperature [ITS-90, deg C]
# name 5 = bpos: Bottle Position in Carousel
# name 6 = nbf: Bottles Fired
# name 7 = flag:  0.000e+00
# span 0 =   998.9606,  1027.7539                 
# span 1 =     -0.053,    192.374                 
# span 2 =     -0.053,    194.040                 
# span 3 =     0.0000,    35.1652                 
# span 4 =     2.8612,    16.2026                 
# span 5 =          0,          6                 
# span 6 =          0,          6                 
# span 7 = 0.0000e+00, 0.0000e+00                 
# interval = seconds: 0.25
# start_time = Aug 07 2021 19:02:27 [Instrument's time stamp, header]
# bad_flag = -9.990e-29
*END*
[from data line 1259]
  1025.8703     44.917     45.289    32.2476     3.3507          0          0  0.000e+00
  1025.8718     44.919     45.291    32.2494     3.3498          0          0  0.000e+00
  1025.8725     44.927     45.300    32.2502     3.3495          0          0  0.000e+00
  1025.8730     44.942     45.315    32.2506     3.3491          0          0  0.000e+00
  1025.8733     44.973     45.346    32.2508     3.3486          0          0  0.000e+00
  1025.8739     45.028     45.401    32.2511     3.3478          0          0  0.000e+00
  1025.8754     45.120     45.495    32.2523     3.3468          0          0  0.000e+00
  1025.8762     45.257     45.632    32.2524     3.3458          0          0  0.000e+00
  1025.8815     45.432     45.809    32.2577     3.3428          0          0  0.000e+00
  1025.9154     45.653     46.032    32.2985     3.3391          0          0  0.000e+00
  1025.9696     45.902     46.282    32.3659     3.3469          0          0  0.000e+00
  1025.9897     46.175     46.558    32.3926     3.3730          0          0  0.000e+00
  1026.0276     46.455     46.840    32.4423     3.4063          0          0  0.000e+00
  1026.0184     46.727     47.115    32.4334     3.4424          0          0  0.000e+00
  1025.9896     46.984     47.374    32.3990     3.4719          0          0  0.000e+00
  1025.9730     47.208     47.599    32.3783     3.4842          0          0  0.000e+00
  1025.9769     47.395     47.789    32.3822     3.4853          0          0  0.000e+00
  1026.0006     47.543     47.937    32.4111     3.4845          0          0  0.000e+00
  1025.9967     47.661     48.057    32.4061     3.4906          0          0  0.000e+00
  1025.9930     47.756     48.152    32.4015     3.4961          0          0  0.000e+00
  1025.9927     47.836     48.233    32.4011     3.4990          0          0  0.000e+00
  1025.9925     47.914     48.311    32.4006     3.5012          0          0  0.000e+00
  1025.9932     48.000     48.398    32.4011     3.5030          0          0  0.000e+00
  1025.9934     48.095     48.494    32.4011     3.5046          0          0  0.000e+00
  1025.9939     48.205     48.605    32.4012     3.5060          0          0  0.000e+00
  1025.9934     48.326     48.727    32.4000     3.5072          0          0  0.000e+00
  1025.9918     48.461     48.863    32.3972     3.5074          0          0  0.000e+00
  1025.9928     48.601     49.004    32.3974     3.5055          0          0  0.000e+00
  1025.9919     48.744     49.149    32.3951     3.5026          0          0  0.000e+00
  1025.9927     48.884     49.290    32.3948     3.4987          0          0  0.000e+00
  1025.9926     49.014     49.421    32.3934     3.4943          0          0  0.000e+00
  1025.9965     49.126     49.534    32.3971     3.4899          0          0  0.000e+00
  1026.0007     49.221     49.630    32.4014     3.4865          0          0  0.000e+00
  1026.0026     49.294     49.703    32.4033     3.4850          0          0  0.000e+00
  1026.0011     49.341     49.750    32.4011     3.4846          0          0  0.000e+00
  1026.0014     49.381     49.791    32.4010     3.4835          0          0  0.000e+00
  1026.0021     49.412     49.822    32.4016     3.4823          0          0  0.000e+00
  1026.0027     49.441     49.852    32.4020     3.4811          0          0  0.000e+00
  1026.0037     49.477     49.888    32.4029     3.4802          0          0  0.000e+00
  1026.0038     49.518     49.929    32.4028     3.4796          0          0  0.000e+00
  1026.0054     49.569     49.980    32.4044     3.4791          0          0  0.000e+00
  1026.0053     49.633     50.045    32.4039     3.4793          0          0  0.000e+00
  1026.0059     49.716     50.129    32.4042     3.4795          0          0  0.000e+00
  1026.0074     49.818     50.231    32.4055     3.4795          0          0  0.000e+00
  1026.0080     49.943     50.358    32.4055     3.4798          0          0  0.000e+00
  1026.0080     50.091     50.507    32.4047     3.4802          0          0  0.000e+00
  1026.0062     50.276     50.693    32.4012     3.4798          0          0  0.000e+00
  1026.0065     50.474     50.893    32.4003     3.4779          0          0  0.000e+00
  1026.0068     50.695     51.117    32.3990     3.4752          0          0  0.000e+00
  1025.9872     50.935     51.358    32.3724     3.4705          0          0  0.000e+00
  1025.9737     51.178     51.603    32.3521     3.4536          0          0  0.000e+00
  1026.0115     51.416     51.844    32.3952     3.4275          0          0  0.000e+00
  1026.0725     51.638     52.067    32.4691     3.4160          0          0  0.000e+00
  1026.0938     51.835     52.266    32.4965     3.4313          0          0  0.000e+00
  1026.0875     52.001     52.433    32.4909     3.4594          0          0  0.000e+00
  1026.1004     52.128     52.561    32.5094     3.4862          0          0  0.000e+00
  1026.0704     52.214     52.648    32.4746     3.5152          0          0  0.000e+00
  1026.0630     52.266     52.700    32.4672     3.5332          0          0  0.000e+00
  1026.0668     52.286     52.720    32.4731     3.5452          0          0  0.000e+00
  1026.0679     52.289     52.724    32.4760     3.5576          0          0  0.000e+00
  1026.0579     52.287     52.721    32.4649     3.5701          0          0  0.000e+00
  1026.0548     52.293     52.728    32.4620     3.5783          0          0  0.000e+00
  1026.0594     52.319     52.753    32.4683     3.5847          0          0  0.000e+00
  1026.0549     52.376     52.811    32.4633     3.5922          0          0  0.000e+00
  1026.0534     52.470     52.906    32.4614     3.5982          0          0  0.000e+00
  1026.0548     52.604     53.041    32.4631     3.6029          0          0  0.000e+00
  1026.0575     52.768     53.207    32.4660     3.6078          0          0  0.000e+00
  1026.1559     52.955     53.395    32.5897     3.6169          0          0  0.000e+00
  1026.1821     53.146     53.587    32.6268     3.6612          0          0  0.000e+00
  1026.1704     53.341     53.784    32.6182     3.7210          0          0  0.000e+00
  1026.1709     53.530     53.975    32.6241     3.7738          0          0  0.000e+00
  1026.1549     53.710     54.156    32.6090     3.8245          0          0  0.000e+00
  1026.1300     53.879     54.327    32.5818     3.8656          0          0  0.000e+00
  1026.1128     54.039     54.489    32.5627     3.8937          0          0  0.000e+00
  1026.0987     54.187     54.637    32.5463     3.9114          0          0  0.000e+00
  1026.0968     54.331     54.783    32.5443     3.9209          0          0  0.000e+00
  1026.0895     54.471     54.924    32.5350     3.9274          0          0  0.000e+00
  1026.0755     54.613     55.067    32.5168     3.9291          0          0  0.000e+00
  1026.0738     54.755     55.210    32.5129     3.9225          0          0  0.000e+00
  1026.0605     54.899     55.356    32.4940     3.9117          0          0  0.000e+00
  1026.0592     55.036     55.494    32.4893     3.8934          0          0  0.000e+00
  1026.0549     55.170     55.629    32.4804     3.8717          0          0  0.000e+00
  1026.0766     55.292     55.752    32.5041     3.8484          0          0  0.000e+00
  1026.0869     55.393     55.854    32.5144     3.8319          0          0  0.000e+00
  1026.0944     55.476     55.937    32.5222     3.8216          0          0  0.000e+00
  1026.0918     55.538     56.000    32.5178     3.8153          0          0  0.000e+00
  1026.0825     55.582     56.044    32.5048     3.8070          0          0  0.000e+00
  1026.0789     55.616     56.078    32.4984     3.7939          0          0  0.000e+00
  1026.0867     55.638     56.101    32.5062     3.7776          0          0  0.000e+00
  1026.0926     55.669     56.132    32.5117     3.7637          0          0  0.000e+00
  1026.0987     55.705     56.168    32.5178     3.7527          0          0  0.000e+00
  1026.1023     55.760     56.224    32.5210     3.7445          0          0  0.000e+00
  1026.1034     55.839     56.304    32.5212     3.7379          0          0  0.000e+00
  1026.0977     55.944     56.410    32.5126     3.7317          0          0  0.000e+00
  1026.0838     56.072     56.538    32.4932     3.7218          0          0  0.000e+00
  1026.0812     56.223     56.691    32.4868     3.7036          0          0  0.000e+00
  1026.0829     56.392     56.861    32.4851     3.6801          0          0  0.000e+00
  1026.0901     56.565     57.035    32.4902     3.6551          0          0  0.000e+00
  1026.1006     56.739     57.212    32.4996     3.6322          0          0  0.000e+00
  1026.1096     56.913     57.387    32.5075     3.6129          0          0  0.000e+00
  1026.1198     57.084     57.559    32.5175     3.5981          0          0  0.000e+00
  1026.1219     57.255     57.731    32.5180     3.5872          0          0  0.000e+00
  1026.1280     57.418     57.896    32.5234     3.5770          0          0  0.000e+00
  1026.1350     57.585     58.065    32.5302     3.5678          0          0  0.000e+00
  1026.1440     57.752     58.233    32.5394     3.5595          0          0  0.000e+00
  1026.1597     57.917     58.400    32.5576     3.5542          0          0  0.000e+00
  1026.1786     58.086     58.570    32.5804     3.5551          0          0  0.000e+00
  1026.1867     58.248     58.733    32.5907     3.5636          0          0  0.000e+00
  1026.2051     58.406     58.892    32.6142     3.5749          0          0  0.000e+00
  1026.1992     58.555     59.042    32.6076     3.5896          0          0  0.000e+00
  1026.1966     58.694     59.183    32.6050     3.6018          0          0  0.000e+00
  1026.1974     58.818     59.308    32.6063     3.6099          0          0  0.000e+00
  1026.1987     58.936     59.427    32.6081     3.6175          0          0  0.000e+00
  1026.1934     59.035     59.526    32.6017     3.6245          0          0  0.000e+00
  1026.1934     59.131     59.624    32.6016     3.6285          0          0  0.000e+00
  1026.1922     59.218     59.711    32.5999     3.6316          0          0  0.000e+00
  1026.1932     59.303     59.797    32.6010     3.6341          0          0  0.000e+00
  1026.1936     59.379     59.874    32.6013     3.6366          0          0  0.000e+00
  1026.1943     59.454     59.949    32.6020     3.6390          0          0  0.000e+00
  1026.1940     59.528     60.024    32.6016     3.6413          0          0  0.000e+00
  1026.1928     59.605     60.102    32.5997     3.6431          0          0  0.000e+00
  1026.1900     59.683     60.180    32.5958     3.6439          0          0  0.000e+00
  1026.1902     59.772     60.270    32.5954     3.6429          0          0  0.000e+00
  1026.1918     59.863     60.361    32.5967     3.6411          0          0  0.000e+00
  1026.1947     59.969     60.468    32.5996     3.6397          0          0  0.000e+00
  1026.1983     60.089     60.589    32.6033     3.6389          0          0  0.000e+00
  1026.2054     60.218     60.720    32.6115     3.6395          0          0  0.000e+00
  1026.2086     60.357     60.860    32.6150     3.6421          0          0  0.000e+00
  1026.2063     60.503     61.007    32.6116     3.6452          0          0  0.000e+00
  1026.2010     60.645     61.151    32.6044     3.6468          0          0  0.000e+00
  1026.1998     60.780     61.286    32.6018     3.6447          0          0  0.000e+00
  1026.1949     60.907     61.415    32.5944     3.6406          0          0  0.000e+00
  1026.1993     61.018     61.527    32.5985     3.6341          0          0  0.000e+00
  1026.1910     61.115     61.624    32.5867     3.6283          0          0  0.000e+00
  1026.1978     61.206     61.716    32.5936     3.6190          0          0  0.000e+00
  1026.2068     61.286     61.796    32.6035     3.6105          0          0  0.000e+00
  1026.2095     61.375     61.886    32.6059     3.6065          0          0  0.000e+00
  1026.2111     61.465     61.977    32.6070     3.6039          0          0  0.000e+00
  1026.2117     61.568     62.081    32.6069     3.6015          0          0  0.000e+00
  1026.2152     61.688     62.203    32.6103     3.5989          0          0  0.000e+00
  1026.2194     61.821     62.336    32.6144     3.5963          0          0  0.000e+00
  1026.2245     61.978     62.495    32.6197     3.5951          0          0  0.000e+00
  1026.2238     62.140     62.658    32.6179     3.5949          0          0  0.000e+00
  1026.2265     62.316     62.836    32.6200     3.5933          0          0  0.000e+00
  1026.2307     62.494     63.015    32.6241     3.5909          0          0  0.000e+00
  1026.2339     62.673     63.196    32.6269     3.5899          0          0  0.000e+00
  1026.2358     62.844     63.368    32.6282     3.5899          0          0  0.000e+00
  1026.2386     63.007     63.533    32.6308     3.5907          0          0  0.000e+00
  1026.2431     63.156     63.682    32.6359     3.5924          0          0  0.000e+00
  1026.2463     63.297     63.825    32.6394     3.5958          0          0  0.000e+00
  1026.2445     63.431     63.960    32.6369     3.6003          0          0  0.000e+00
  1026.2484     63.560     64.090    32.6415     3.6039          0          0  0.000e+00
  1026.2545     63.687     64.218    32.6490     3.6085          0          0  0.000e+00
  1026.2501     63.823     64.355    32.6434     3.6148          0          0  0.000e+00
  1026.2588     63.966     64.499    32.6540     3.6196          0          0  0.000e+00
  1026.2558     64.112     64.647    32.6502     3.6258          0          0  0.000e+00
  1026.2524     64.255     64.791    32.6456     3.6310          0          0  0.000e+00
  1026.2492     64.394     64.931    32.6410     3.6333          0          0  0.000e+00
  1026.2511     64.516     65.054    32.6428     3.6333          0          0  0.000e+00
  1026.2516     64.612     65.152    32.6428     3.6330          0          0  0.000e+00
  1026.2537     64.672     65.211    32.6450     3.6328          0          0  0.000e+00
  1026.2573     64.697     65.237    32.6494     3.6333          0          0  0.000e+00
  1026.2583     64.689     65.228    32.6510     3.6349          0          0  0.000e+00
  1026.2562     64.661     65.201    32.6487     3.6370          0          0  0.000e+00
  1026.2550     64.621     65.160    32.6476     3.6381          0          0  0.000e+00
  1026.2542     64.590     65.129    32.6468     3.6389          0          0  0.000e+00
  1026.2515     64.586     65.125    32.6436     3.6395          0          0  0.000e+00
  1026.2512     64.627     65.166    32.6429     3.6390          0          0  0.000e+00
  1026.2556     64.722     65.262    32.6477     3.6378          0          0  0.000e+00
  1026.2658     64.873     65.415    32.6597     3.6380          0          0  0.000e+00
  1026.2919     65.075     65.618    32.6917     3.6419          0          0  0.000e+00
  1026.3082     65.307     65.852    32.7125     3.6548          0          0  0.000e+00
  1026.3117     65.557     66.104    32.7178     3.6750          0          0  0.000e+00
  1026.3238     65.810     66.360    32.7341     3.6966          0          0  0.000e+00
  1026.3260     66.047     66.598    32.7385     3.7212          0          0  0.000e+00
  1026.3236     66.256     66.809    32.7373     3.7462          0          0  0.000e+00
  1026.3154     66.437     66.992    32.7285     3.7679          0          0  0.000e+00
  1026.3117     66.583     67.139    32.7251     3.7849          0          0  0.000e+00
  1026.3071     66.710     67.266    32.7202     3.7984          0          0  0.000e+00
