data/eDNA/PER-2021-171/171b003.cnv
* Sea-Bird SBE19plus  Data File:
* FileName = C:\Users\RSG_field\Ryan_2021_Perley\CTD\171b003.hex
* Software version 2.3.0 SB_Terminal.dll
* Temperature SN = 7141
* Conductivity SN = 7141
* System UpLoad Time = Aug 09 2021 13:16:51
* <ApplicationData>
* <SeatermAF>
** Platform: M. Perley
** Cruise: Per2021171
** Station:  ESI-07
** Cast: 01 02
** Latitude: N  44 43.285
** Longitude: W 62 23.903
** Sounding: 73.5
** Chief Scientist: Ryan Stanley
** Comment: 171b003
** Second cast of ESI_07
# nquan = 8
# nvalues = 2871                                  
# units = specified
# name 0 = density00: Density [density, kg/m^3]
# name 1 = depSM: Depth [salt water, m], lat = 45.00
# name 2 = prdM: Pressure, Strain Gauge [db]
# name 3 = sal00: Salinity, Practical [PSU]
# name 4 = tv290C: Temperature [ITS-90, deg C]
# name 5 = bpos: Bottle Position in Carousel
# name 6 = nbf: Bottles Fired
# name 7 = flag:  0.000e+00
# span 0 =   998.7428,  1025.8195                 
# span 1 =      0.027,     67.687                 
# span 2 =      0.027,     68.253                 
# span 3 =     0.0000,    32.0550                 
# span 4 =     3.1809,    17.8916                 
# span 5 =          0,          6                 
# span 6 =          0,          6                 
# span 7 = 0.0000e+00, 0.0000e+00                 
# interval = seconds: 0.25
# start_time = Aug 09 2021 15:59:04 [Instrument's time stamp, header]
# bad_flag = -9.990e-29
*END*
[from data line 2338]
  1025.2319     40.914     41.253    31.4574     3.2389          2          2  0.000e+00
  1025.2358     40.829     41.167    31.4632     3.2425          2          2  0.000e+00
  1025.2379     40.747     41.085    31.4667     3.2456          2          2  0.000e+00
  1025.2410     40.665     41.001    31.4717     3.2512          2          2  0.000e+00
  1025.2701     40.573     40.909    31.5100     3.2629          2          2  0.000e+00
  1025.2709     40.478     40.813    31.5143     3.2876          2          2  0.000e+00
  1025.2535     40.377     40.712    31.4963     3.3171          2          2  0.000e+00
  1025.2386     40.282     40.616    31.4804     3.3379          2          2  0.000e+00
  1025.2847     40.189     40.521    31.5405     3.3522          2          2  0.000e+00
  1025.2816     40.101     40.433    31.5413     3.3898          2          2  0.000e+00
  1025.3152     40.017     40.348    31.5892     3.4359          2          2  0.000e+00
  1025.3044     39.938     40.269    31.5833     3.5003          2          2  0.000e+00
  1025.2922     39.863     40.193    31.5755     3.5622          2          2  0.000e+00
  1025.3295     39.792     40.122    31.6296     3.6211          2          2  0.000e+00
  1025.3052     39.723     40.052    31.6086     3.6992          2          2  0.000e+00
  1025.2877     39.651     39.980    31.5955     3.7718          2          2  0.000e+00
  1025.2538     39.567     39.895    31.5606     3.8337          2          2  0.000e+00
  1025.3285     39.468     39.795    31.6612     3.8840          2          2  0.000e+00
  1025.3622     39.345     39.671    31.7141     3.9640          2          2  0.000e+00
  1025.3665     39.208     39.533    31.7338     4.0743          2          2  0.000e+00
  1025.2725     39.054     39.378    31.6307     4.1902          2          2  0.000e+00
  1025.2041     38.891     39.213    31.5547     4.2636          2          2  0.000e+00
  1025.3029     38.729     39.050    31.6853     4.3053          2          2  0.000e+00
  1025.2921     38.568     38.887    31.6822     4.3801          2          2  0.000e+00
  1025.2666     38.414     38.732    31.6619     4.4644          2          2  0.000e+00
  1025.2552     38.267     38.583    31.6584     4.5412          2          2  0.000e+00
  1025.2296     38.124     38.439    31.6361     4.6111          2          2  0.000e+00
  1025.2260     37.984     38.298    31.6400     4.6686          2          2  0.000e+00
  1025.2486     37.841     38.154    31.6769     4.7254          2          2  0.000e+00
  1025.2373     37.694     38.006    31.6729     4.7959          2          2  0.000e+00
  1025.2406     37.541     37.851    31.6875     4.8662          2          2  0.000e+00
  1025.1877     37.383     37.692    31.6318     4.9411          2          2  0.000e+00
  1025.1338     37.223     37.531    31.5718     4.9933          2          2  0.000e+00
  1025.1166     37.060     37.367    31.5542     5.0169          2          2  0.000e+00
  1025.1091     36.902     37.208    31.5474     5.0292          2          2  0.000e+00
  1025.1174     36.748     37.052    31.5599     5.0370          2          2  0.000e+00
  1025.1252     36.602     36.905    31.5723     5.0497          2          2  0.000e+00
  1025.1166     36.477     36.779    31.5648     5.0681          2          2  0.000e+00
  1025.1170     36.373     36.674    31.5681     5.0845          2          2  0.000e+00
  1025.1161     36.293     36.593    31.5701     5.1031          2          2  0.000e+00
  1025.1079     36.237     36.536    31.5627     5.1221          2          2  0.000e+00
  1025.0895     36.199     36.498    31.5419     5.1380          2          2  0.000e+00
  1025.0683     36.173     36.472    31.5165     5.1462          2          2  0.000e+00
  1025.0336     36.150     36.449    31.4723     5.1438          2          2  0.000e+00
  1025.0052     36.121     36.420    31.4342     5.1258          2          2  0.000e+00
  1024.9668     36.078     36.376    31.3810     5.0911          2          2  0.000e+00
  1025.0343     36.020     36.318    31.4605     5.0457          2          2  0.000e+00
  1025.0847     35.946     36.244    31.5219     5.0259          2          2  0.000e+00
  1025.0867     35.863     36.159    31.5257     5.0318          2          2  0.000e+00
  1025.0676     35.776     36.072    31.5034     5.0412          2          2  0.000e+00
  1025.0247     35.691     35.986    31.4498     5.0416          2          2  0.000e+00
  1024.9875     35.608     35.903    31.4007     5.0228          2          2  0.000e+00
  1024.9910     35.524     35.818    31.4008     4.9885          2          2  0.000e+00
  1024.9985     35.432     35.725    31.4062     4.9545          2          2  0.000e+00
  1025.0013     35.329     35.622    31.4065     4.9264          2          2  0.000e+00
  1024.9846     35.210     35.501    31.3827     4.9007          2          2  0.000e+00
  1024.9948     35.061     35.351    31.3927     4.8720          2          2  0.000e+00
  1025.0087     34.882     35.170    31.4080     4.8482          2          2  0.000e+00
  1025.0239     34.669     34.956    31.4263     4.8325          2          2  0.000e+00
  1025.0135     34.432     34.717    31.4136     4.8243          2          2  0.000e+00
  1024.9871     34.173     34.455    31.3803     4.8132          2          2  0.000e+00
  1024.9738     33.916     34.197    31.3623     4.7927          2          2  0.000e+00
  1024.9633     33.678     33.956    31.3470     4.7670          2          2  0.000e+00
  1024.9385     33.473     33.750    31.3132     4.7386          2          2  0.000e+00
  1024.9312     33.313     33.588    31.3003     4.7038          2          2  0.000e+00
  1024.9235     33.202     33.476    31.2864     4.6669          2          2  0.000e+00
  1024.9372     33.141     33.415    31.2994     4.6310          2          2  0.000e+00
  1024.8918     33.115     33.389    31.2381     4.5995          2          2  0.000e+00
  1024.8175     33.117     33.391    31.1382     4.5510          2          2  0.000e+00
  1024.7999     33.141     33.415    31.1054     4.4691          2          2  0.000e+00
  1024.8551     33.167     33.441    31.1637     4.3811          2          2  0.000e+00
  1024.9035     33.181     33.455    31.2170     4.3204          2          2  0.000e+00
  1024.9302     33.167     33.441    31.2465     4.2867          2          2  0.000e+00
  1024.9504     33.120     33.394    31.2702     4.2703          2          2  0.000e+00
  1024.9827     33.030     33.303    31.3108     4.2658          2          2  0.000e+00
  1024.9871     32.895     33.167    31.3185     4.2766          2          2  0.000e+00
  1024.9453     32.727     32.997    31.2687     4.2910          2          2  0.000e+00
  1024.9352     32.535     32.804    31.2568     4.2887          2          2  0.000e+00
  1024.9309     32.338     32.605    31.2514     4.2794          2          2  0.000e+00
  1024.9314     32.154     32.420    31.2518     4.2688          2          2  0.000e+00
  1024.9342     32.003     32.267    31.2550     4.2593          2          2  0.000e+00
  1024.9365     31.892     32.155    31.2577     4.2519          2          2  0.000e+00
  1024.9349     31.825     32.088    31.2554     4.2462          2          2  0.000e+00
  1024.9285     31.799     32.062    31.2467     4.2403          2          2  0.000e+00
  1024.9367     31.793     32.056    31.2561     4.2323          2          2  0.000e+00
  1024.9564     31.789     32.051    31.2804     4.2287          2          2  0.000e+00
  1024.9574     31.773     32.035    31.2828     4.2364          2          2  0.000e+00
  1024.9501     31.727     31.989    31.2752     4.2468          2          2  0.000e+00
  1024.9438     31.635     31.896    31.2687     4.2539          2          2  0.000e+00
  1024.9343     31.496     31.756    31.2579     4.2572          2          2  0.000e+00
  1024.9402     31.310     31.568    31.2663     4.2562          2          2  0.000e+00
  1024.9506     31.085     31.342    31.2809     4.2574          2          2  0.000e+00
  1024.9632     30.837     31.092    31.2994     4.2660          2          2  0.000e+00
  1024.9685     30.577     30.830    31.3096     4.2826          2          2  0.000e+00
  1024.9614     30.322     30.572    31.3049     4.3042          2          2  0.000e+00
  1024.9475     30.087     30.336    31.2912     4.3240          2          2  0.000e+00
  1024.9407     29.883     30.130    31.2858     4.3387          2          2  0.000e+00
  1024.9340     29.720     29.965    31.2796     4.3501          2          2  0.000e+00
  1024.9336     29.604     29.848    31.2810     4.3587          2          2  0.000e+00
  1024.9281     29.532     29.776    31.2756     4.3675          2          2  0.000e+00
  1024.9323     29.493     29.736    31.2820     4.3750          2          2  0.000e+00
  1024.9330     29.485     29.729    31.2843     4.3849          2          2  0.000e+00
  1024.9245     29.497     29.740    31.2751     4.3978          2          2  0.000e+00
  1024.9209     29.510     29.753    31.2718     4.4087          2          2  0.000e+00
  1024.9143     29.511     29.754    31.2649     4.4202          2          2  0.000e+00
  1024.9065     29.491     29.734    31.2564     4.4301          2          2  0.000e+00
  1024.8997     29.452     29.696    31.2489     4.4360          2          2  0.000e+00
  1024.8980     29.403     29.645    31.2472     4.4375          2          2  0.000e+00
  1024.8976     29.343     29.585    31.2471     4.4370          2          2  0.000e+00
  1024.8968     29.282     29.524    31.2463     4.4363          2          2  0.000e+00
  1024.8975     29.218     29.459    31.2474     4.4355          2          2  0.000e+00
  1024.8965     29.151     29.392    31.2466     4.4353          2          2  0.000e+00
  1024.8949     29.077     29.317    31.2450     4.4349          2          2  0.000e+00
  1024.8932     28.985     29.224    31.2432     4.4340          2          2  0.000e+00
  1024.8902     28.868     29.107    31.2400     4.4328          2          2  0.000e+00
  1024.8870     28.724     28.961    31.2365     4.4310          2          2  0.000e+00
  1024.8835     28.550     28.786    31.2328     4.4279          2          2  0.000e+00
  1024.8827     28.353     28.587    31.2325     4.4245          2          2  0.000e+00
  1024.8838     28.142     28.374    31.2348     4.4210          2          2  0.000e+00
  1024.8848     27.922     28.152    31.2371     4.4195          2          2  0.000e+00
  1024.8837     27.703     27.932    31.2371     4.4200          2          2  0.000e+00
  1024.8838     27.497     27.724    31.2385     4.4211          2          2  0.000e+00
  1024.8802     27.302     27.527    31.2355     4.4237          2          2  0.000e+00
  1024.8764     27.121     27.345    31.2321     4.4260          2          2  0.000e+00
  1024.8747     26.961     27.184    31.2311     4.4274          2          2  0.000e+00
  1024.8729     26.818     27.039    31.2298     4.4286          2          2  0.000e+00
  1024.8702     26.692     26.912    31.2274     4.4301          2          2  0.000e+00
  1024.8658     26.585     26.804    31.2226     4.4312          2          2  0.000e+00
  1024.8661     26.499     26.718    31.2237     4.4324          2          2  0.000e+00
  1024.8613     26.441     26.659    31.2181     4.4335          2          2  0.000e+00
  1024.8563     26.406     26.624    31.2120     4.4339          2          2  0.000e+00
  1024.8496     26.397     26.615    31.2036     4.4330          2          2  0.000e+00
  1024.8252     26.404     26.622    31.1722     4.4297          2          2  0.000e+00
  1024.7833     26.426     26.644    31.1179     4.4177          2          2  0.000e+00
  1024.7552     26.450     26.669    31.0785     4.3879          2          2  0.000e+00
  1024.7800     26.465     26.684    31.1049     4.3492          2          2  0.000e+00
  1024.8108     26.463     26.681    31.1401     4.3207          2          2  0.000e+00
  1024.8219     26.432     26.650    31.1526     4.3079          2          2  0.000e+00
  1024.8449     26.366     26.583    31.1816     4.3044          2          2  0.000e+00
  1024.8324     26.264     26.481    31.1673     4.3109          2          2  0.000e+00
  1024.8235     26.124     26.339    31.1575     4.3155          2          2  0.000e+00
  1024.8050     25.950     26.164    31.1352     4.3158          2          2  0.000e+00
  1024.8011     25.752     25.964    31.1308     4.3105          2          2  0.000e+00
  1024.8090     25.535     25.745    31.1414     4.3052          3          3  0.000e+00
  1024.8852     25.312     25.521    31.2396     4.3121          3          3  0.000e+00
  1024.9564     25.095     25.302    31.3372     4.3648          3          3  0.000e+00
  1024.9819     24.886     25.091    31.3822     4.4561          3          3  0.000e+00
  1024.9059     24.693     24.897    31.3018     4.5671          3          3  0.000e+00
  1024.9400     24.522     24.724    31.3588     4.6674          3          3  0.000e+00
  1025.0283     24.367     24.568    31.4852     4.7736          3          3  0.000e+00
  1024.9766     24.235     24.435    31.4424     4.9347          3          3  0.000e+00
  1024.9008     24.128     24.327    31.3678     5.0856          3          3  0.000e+00
  1024.8465     24.038     24.236    31.3148     5.1949          3          3  0.000e+00
  1024.8251     23.968     24.165    31.3000     5.2792          3          3  0.000e+00
  1024.8150     23.914     24.111    31.2983     5.3554          3          3  0.000e+00
  1024.7828     23.875     24.071    31.2684     5.4297          3          3  0.000e+00
  1024.7425     23.847     24.044    31.2259     5.4886          3          3  0.000e+00
  1024.8043     23.824     24.020    31.3104     5.5316          3          3  0.000e+00
  1024.7913     23.789     23.985    31.3047     5.6048          3          3  0.000e+00
  1024.7156     23.752     23.947    31.2203     5.6811          3          3  0.000e+00
  1024.6444     23.700     23.895    31.1361     5.7193          3          3  0.000e+00
  1024.6371     23.627     23.821    31.1267     5.7152          3          3  0.000e+00
  1024.6791     23.541     23.735    31.1782     5.7011          3          3  0.000e+00
  1024.6888     23.440     23.633    31.1921     5.7072          3          3  0.000e+00
  1024.7459     23.329     23.521    31.2670     5.7209          3          3  0.000e+00
  1024.7720     23.213     23.404    31.3074     5.7664          3          3  0.000e+00
  1024.7488     23.098     23.288    31.2888     5.8348          3          3  0.000e+00
  1024.7696     22.989     23.179    31.3255     5.8992          3          3  0.000e+00
  1024.7362     22.892     23.081    31.2950     5.9740          3          3  0.000e+00
  1024.7088     22.812     23.000    31.2704     6.0380          3          3  0.000e+00
  1024.6920     22.745     22.932    31.2569     6.0868          3          3  0.000e+00
  1024.6984     22.687     22.874    31.2718     6.1286          3          3  0.000e+00
  1024.6734     22.631     22.818    31.2473     6.1731          3          3  0.000e+00
  1024.6706     22.558     22.744    31.2500     6.2111          3          3  0.000e+00
  1024.6479     22.454     22.639    31.2268     6.2435          3          3  0.000e+00
  1024.6114     22.312     22.496    31.1853     6.2684          3          3  0.000e+00
  1024.6881     22.126     22.308    31.2851     6.2776          3          3  0.000e+00
  1024.6766     21.893     22.074    31.2786     6.3213          3          3  0.000e+00
