data/eDNA/PER-2021-171/171b020.ros
* Sea-Bird SBE19plus  Data File:
* FileName = C:\Users\RSG_field\Ryan_2021_Perley\CTD\171b020.hex
* Software version 2.3.0 SB_Terminal.dll
* Temperature SN = 7141
* Conductivity SN = 7141
* System UpLoad Time = Aug 17 2021 11:30:09
* <ApplicationData>
* <SeatermAF>
** Platform: M. Perley
** Cruise: Per2021171
** Station:  SAB_05
** Cast: 01 2
** Latitude: N  46 16.023
** Longitude: W 59 10.424
** Sounding: 113
** Chief Scientist: Ryan Stanley
** Comment: 171b020
# nquan = 9
# nvalues = 45                                    
# units = specified
# name 0 = density00: Density [density, kg/m^3]
# name 1 = depSM: Depth [salt water, m], lat = 45.00
# name 2 = prdM: Pressure, Strain Gauge [db]
# name 3 = sal00: Salinity, Practical [PSU]
# name 4 = tv290C: Temperature [ITS-90, deg C]
# name 5 = bpos: Bottle Position in Carousel
# name 6 = nbf: Bottles Fired
# name 7 = scan: Scan Count
# name 8 = flag:  0.000e+00
# interval = seconds: 0.25
# start_time = Aug 17 2021 14:13:01 [Instrument's time stamp, header]
# bad_flag = -9.990e-29
*END*
  1026.7285    103.033    103.902    32.9103     2.7294          1          1       2122  0.000e+00
  1026.7275    103.039    103.909    32.9089     2.7285          1          1       2123  0.000e+00
  1026.7348    103.045    103.914    32.9180     2.7285          1          1       2124  0.000e+00
  1026.7304    103.041    103.910    32.9127     2.7304          1          1       2125  0.000e+00
  1026.7300    103.038    103.908    32.9124     2.7313          1          1       2126  0.000e+00
  1026.7296    103.030    103.899    32.9120     2.7317          1          1       2127  0.000e+00
  1026.7294    103.021    103.891    32.9118     2.7318          1          1       2128  0.000e+00
  1026.7284    103.015    103.884    32.9106     2.7319          1          1       2129  0.000e+00
  1026.7255    103.010    103.879    32.9069     2.7313          1          1       2130  0.000e+00
  1026.2167     75.193     75.822    32.3871     2.2653          2          2       2682  0.000e+00
  1026.2144     75.052     75.680    32.3852     2.2661          2          2       2683  0.000e+00
  1026.2112     74.901     75.528    32.3822     2.2669          2          2       2684  0.000e+00
  1026.2097     74.741     75.367    32.3813     2.2674          2          2       2685  0.000e+00
  1026.2077     74.591     75.215    32.3797     2.2678          2          2       2686  0.000e+00
  1026.2049     74.455     75.078    32.3770     2.2678          2          2       2687  0.000e+00
  1026.2034     74.324     74.945    32.3759     2.2679          2          2       2688  0.000e+00
  1026.2025     74.225     74.846    32.3753     2.2678          2          2       2689  0.000e+00
  1026.2014     74.131     74.751    32.3746     2.2681          2          2       2690  0.000e+00
  1025.6938     50.414     50.832    31.9583     3.0344          3          3       2896  0.000e+00
  1025.6827     50.336     50.754    31.9470     3.0539          3          3       2897  0.000e+00
  1025.6699     50.273     50.690    31.9333     3.0715          3          3       2898  0.000e+00
  1025.6663     50.206     50.623    31.9304     3.0830          3          3       2899  0.000e+00
  1025.6671     50.126     50.543    31.9331     3.0944          3          3       2900  0.000e+00
  1025.6538     50.029     50.444    31.9186     3.1094          3          3       2901  0.000e+00
  1025.6361     49.902     50.316    31.8984     3.1202          3          3       2902  0.000e+00
  1025.6454     49.748     50.161    31.9110     3.1211          3          3       2903  0.000e+00
  1025.6500     49.571     49.983    31.9187     3.1285          3          3       2904  0.000e+00
  1024.3800     25.666     25.877    30.9983     7.0574          4          4       3115  0.000e+00
  1024.3823     25.545     25.756    31.0047     7.0733          4          4       3116  0.000e+00
  1024.4092     25.418     25.627    31.0448     7.1044          4          4       3117  0.000e+00
  1024.3794     25.286     25.495    31.0162     7.1553          4          4       3118  0.000e+00
  1024.3531     25.160     25.368    30.9914     7.2024          4          4       3119  0.000e+00
  1024.3414     25.042     25.249    30.9836     7.2405          4          4       3120  0.000e+00
  1024.3092     24.937     25.143    30.9494     7.2759          4          4       3121  0.000e+00
  1024.3110     24.848     25.053    30.9557     7.2973          4          4       3122  0.000e+00
  1024.3076     24.771     24.975    30.9553     7.3168          4          4       3123  0.000e+00
  1020.5171      2.746      2.769    29.2483    19.5088          5          5       3316  0.000e+00
  1020.5129      2.621      2.642    29.2467    19.5186          5          5       3317  0.000e+00
  1020.5160      2.504      2.525    29.2551    19.5298          5          5       3318  0.000e+00
  1020.5055      2.404      2.423    29.2469    19.5449          5          5       3319  0.000e+00
  1020.4989      2.313      2.331    29.2431    19.5579          5          5       3320  0.000e+00
  1020.4886      2.219      2.237    29.2335    19.5682          5          5       3321  0.000e+00
  1020.4816      2.131      2.149    29.2260    19.5721          5          5       3322  0.000e+00
  1020.4880      2.045      2.062    29.2346    19.5708          5          5       3323  0.000e+00
  1020.4788      1.957      1.973    29.2233    19.5718          5          5       3324  0.000e+00
