data/eDNA/PER-2021-171/171b028.cnv
* Sea-Bird SBE19plus  Data File:
* FileName = C:\Users\RSG_field\Ryan_2021_Perley\CTD\171b028.hex
* Software version 2.3.0 SB_Terminal.dll
* Temperature SN = 7141
* Conductivity SN = 7141
* System UpLoad Time = Aug 18 2021 09:10:46
* <ApplicationData>
* <SeatermAF>
** Platform: M. Perley
** Cruise: Per2021171
** Station:  GC-04
** Cast: 01 2
** Latitude: N  44 55.685
** Longitude: W 59 51.591
** Sounding: 49.7
** Chief Scientist: Ryan Stanley
** Comment: 171b028
# nquan = 8
# nvalues = 2492                                  
# units = specified
# name 0 = density00: Density [density, kg/m^3]
# name 1 = depSM: Depth [salt water, m], lat = 45.00
# name 2 = prdM: Pressure, Strain Gauge [db]
# name 3 = sal00: Salinity, Practical [PSU]
# name 4 = tv290C: Temperature [ITS-90, deg C]
# name 5 = bpos: Bottle Position in Carousel
# name 6 = nbf: Bottles Fired
# name 7 = flag:  0.000e+00
# span 0 =   998.5974,  1023.3715                 
# span 1 =     -0.002,     49.236                 
# span 2 =     -0.002,     49.645                 
# span 3 =     0.0298,    30.4769                 
# span 4 =    11.2056,    19.1124                 
# span 5 =          0,          3                 
# span 6 =          0,          3                 
# span 7 = 0.0000e+00, 0.0000e+00                 
# interval = seconds: 0.25
# start_time = Aug 18 2021 11:57:57 [Instrument's time stamp, header]
# bad_flag = -9.990e-29
*END*
[from data line 1978]
  1023.1410     48.458     48.860    30.2589    11.9422          1          1  0.000e+00
  1023.1374     48.475     48.877    30.2577    11.9570          1          1  0.000e+00
  1023.1296     48.509     48.912    30.2512    11.9733          1          1  0.000e+00
  1023.1062     48.554     48.958    30.2240    11.9868          1          1  0.000e+00
  1023.0909     48.603     49.007    30.2036    11.9856          1          1  0.000e+00
  1023.1026     48.649     49.053    30.2147    11.9695          1          1  0.000e+00
  1023.1101     48.681     49.085    30.2213    11.9570          1          1  0.000e+00
  1023.1097     48.702     49.106    30.2180    11.9464          1          1  0.000e+00
  1023.1334     48.703     49.107    30.2458    11.9340          1          1  0.000e+00
  1023.1249     48.690     49.094    30.2355    11.9369          1          1  0.000e+00
  1023.1467     48.661     49.066    30.2638    11.9366          1          1  0.000e+00
  1023.1536     48.623     49.027    30.2765    11.9522          1          1  0.000e+00
  1023.1384     48.584     48.987    30.2637    11.9798          1          1  0.000e+00
  1023.1192     48.541     48.944    30.2447    12.0031          1          1  0.000e+00
  1023.1116     48.501     48.904    30.2382    12.0160          1          1  0.000e+00
  1023.1094     48.474     48.876    30.2376    12.0251          1          1  0.000e+00
  1023.1151     48.457     48.859    30.2475    12.0357          1          1  0.000e+00
  1023.1063     48.450     48.853    30.2404    12.0531          1          1  0.000e+00
  1023.0985     48.456     48.858    30.2341    12.0692          1          1  0.000e+00
  1023.0829     48.471     48.873    30.2166    12.0811          1          1  0.000e+00
  1023.0806     48.493     48.896    30.2143    12.0841          1          1  0.000e+00
  1023.0716     48.527     48.930    30.2023    12.0839          1          1  0.000e+00
  1023.0729     48.569     48.973    30.2023    12.0771          1          1  0.000e+00
  1023.0740     48.619     49.023    30.2009    12.0672          1          1  0.000e+00
  1023.0379     48.672     49.076    30.1509    12.0539          1          1  0.000e+00
  1023.0437     48.721     49.125    30.1486    12.0134          1          1  0.000e+00
  1023.0505     48.764     49.169    30.1440    11.9579          1          1  0.000e+00
  1023.0377     48.793     49.198    30.1124    11.8943          1          1  0.000e+00
  1023.0787     48.811     49.216    30.1454    11.8093          1          1  0.000e+00
  1023.1092     48.811     49.216    30.1645    11.7221          1          1  0.000e+00
  1023.2410     48.801     49.207    30.3190    11.6549          1          1  0.000e+00
  1023.3113     48.781     49.186    30.4119    11.6645          1          1  0.000e+00
  1023.2717     48.758     49.163    30.3796    11.7447          1          1  0.000e+00
  1023.2073     48.736     49.140    30.3150    11.8233          1          1  0.000e+00
  1023.1644     48.705     49.109    30.2703    11.8681          1          1  0.000e+00
  1023.1378     48.674     49.078    30.2405    11.8867          1          1  0.000e+00
  1023.1422     48.636     49.040    30.2462    11.8859          1          1  0.000e+00
  1023.1567     48.589     48.993    30.2650    11.8849          1          1  0.000e+00
  1023.1674     48.535     48.938    30.2818    11.8964          1          1  0.000e+00
  1023.1577     48.479     48.882    30.2754    11.9211          1          1  0.000e+00
  1023.1414     48.424     48.826    30.2605    11.9459          1          1  0.000e+00
  1023.1290     48.374     48.776    30.2491    11.9640          1          1  0.000e+00
  1023.1306     48.339     48.741    30.2543    11.9767          1          1  0.000e+00
  1023.1237     48.323     48.725    30.2493    11.9928          1          1  0.000e+00
  1023.1196     48.328     48.729    30.2477    12.0087          1          1  0.000e+00
  1023.1285     48.359     48.761    30.2630    12.0257          1          1  0.000e+00
  1023.1210     48.414     48.816    30.2592    12.0516          1          1  0.000e+00
  1023.1114     48.491     48.893    30.2532    12.0804          1          1  0.000e+00
  1023.0620     48.583     48.986    30.1953    12.1079          1          1  0.000e+00
  1023.0246     48.683     49.087    30.1458    12.1053          1          1  0.000e+00
  1023.0105     48.779     49.184    30.1173    12.0636          1          1  0.000e+00
  1023.0432     48.869     49.275    30.1441    12.0006          1          1  0.000e+00
  1023.0445     48.941     49.348    30.1307    11.9382          1          1  0.000e+00
  1023.0722     48.991     49.398    30.1481    11.8611          1          1  0.000e+00
  1023.1380     49.016     49.423    30.2158    11.7886          1          1  0.000e+00
  1023.1823     49.010     49.417    30.2643    11.7506          1          1  0.000e+00
  1023.2508     48.976     49.383    30.3524    11.7487          1          1  0.000e+00
  1023.2388     48.916     49.322    30.3488    11.7985          1          1  0.000e+00
  1023.2016     48.836     49.242    30.3157    11.8602          1          1  0.000e+00
  1023.1391     48.699     49.103    30.2467    11.9066          1          1  0.000e+00
  1023.1731     48.529     48.932    30.2945    11.9188          1          1  0.000e+00
  1023.1668     48.333     48.734    30.2943    11.9477          1          1  0.000e+00
  1023.1570     48.154     48.553    30.2926    11.9899          1          1  0.000e+00
  1023.1384     47.987     48.386    30.2801    12.0348          1          1  0.000e+00
  1023.1215     47.845     48.242    30.2697    12.0792          1          1  0.000e+00
  1023.0920     47.723     48.119    30.2418    12.1192          1          1  0.000e+00
  1023.0738     47.626     48.021    30.2252    12.1458          1          1  0.000e+00
  1023.0741     47.543     47.938    30.2301    12.1630          1          1  0.000e+00
  1023.0760     47.475     47.869    30.2379    12.1839          1          1  0.000e+00
  1023.0741     47.416     47.809    30.2433    12.2149          1          1  0.000e+00
  1023.0574     47.363     47.756    30.2307    12.2515          1          1  0.000e+00
  1023.0210     47.313     47.706    30.1914    12.2822          1          1  0.000e+00
  1023.0002     47.269     47.661    30.1673    12.2928          1          1  0.000e+00
  1023.0067     47.213     47.605    30.1745    12.2865          1          1  0.000e+00
  1023.0167     47.149     47.540    30.1863    12.2805          1          1  0.000e+00
  1023.0206     47.071     47.462    30.1920    12.2810          1          1  0.000e+00
  1023.0179     46.976     47.366    30.1896    12.2835          1          1  0.000e+00
  1023.0253     46.870     47.259    30.2010    12.2884          1          1  0.000e+00
  1023.0125     46.758     47.146    30.1879    12.3002          1          1  0.000e+00
  1023.0069     46.639     47.026    30.1833    12.3077          1          1  0.000e+00
  1023.0242     46.528     46.914    30.2075    12.3129          1          1  0.000e+00
  1023.0327     46.422     46.807    30.2232    12.3303          1          1  0.000e+00
  1023.0292     46.324     46.708    30.2268    12.3614          1          1  0.000e+00
  1023.0132     46.236     46.620    30.2155    12.3984          1          1  0.000e+00
  1023.0227     46.155     46.538    30.2368    12.4337          1          1  0.000e+00
  1022.9889     46.073     46.455    30.2058    12.4841          1          1  0.000e+00
  1022.9335     45.985     46.366    30.1443    12.5238          1          1  0.000e+00
  1022.9464     45.883     46.264    30.1626    12.5280          1          1  0.000e+00
  1023.0779     45.765     46.145    30.3370    12.5437          1          1  0.000e+00
  1023.0554     45.623     46.002    30.3361    12.6554          1          1  0.000e+00
  1022.9593     45.466     45.844    30.2487    12.8018          1          1  0.000e+00
  1022.8192     45.299     45.675    30.0946    12.9076          1          1  0.000e+00
  1022.8192     45.114     45.489    30.1013    12.9302          1          1  0.000e+00
  1022.8903     44.929     45.302    30.1977    12.9440          1          1  0.000e+00
  1022.9040     44.737     45.108    30.2344    13.0161          1          1  0.000e+00
  1022.8058     44.552     44.921    30.1343    13.1191          1          1  0.000e+00
  1022.8390     44.378     44.746    30.1950    13.1860          1          1  0.000e+00
  1022.8013     44.222     44.589    30.1730    13.2883          1          1  0.000e+00
  1022.7865     44.087     44.453    30.1824    13.3979          1          1  0.000e+00
  1022.7900     43.976     44.341    30.2177    13.5165          1          1  0.000e+00
  1022.8048     43.885     44.249    30.2774    13.6722          1          1  0.000e+00
  1022.7336     43.808     44.172    30.2396    13.8805          1          1  0.000e+00
  1022.5448     43.746     44.109    30.0501    14.0904          1          1  0.000e+00
  1022.4455     43.691     44.053    29.9506    14.2005          1          1  0.000e+00
  1022.4304     43.638     44.000    29.9417    14.2397          1          1  0.000e+00
  1022.4587     43.584     43.945    29.9864    14.2684          1          1  0.000e+00
  1022.4054     43.516     43.877    29.9328    14.3261          1          1  0.000e+00
  1022.4029     43.436     43.796    29.9395    14.3615          1          1  0.000e+00
  1022.4106     43.333     43.693    29.9595    14.3972          1          1  0.000e+00
  1022.3417     43.206     43.564    29.8828    14.4418          1          1  0.000e+00
  1022.3190     43.060     43.417    29.8572    14.4532          1          1  0.000e+00
  1022.3428     42.898     43.253    29.8862    14.4424          1          1  0.000e+00
  1022.3852     42.725     43.079    29.9444    14.4501          1          1  0.000e+00
  1022.4014     42.550     42.903    29.9771    14.4900          1          1  0.000e+00
  1022.4357     42.376     42.727    30.0423    14.5632          1          1  0.000e+00
  1022.3818     42.214     42.564    30.0062    14.6852          1          1  0.000e+00
  1022.3562     42.067     42.415    30.0066    14.8063          1          1  0.000e+00
  1022.3520     41.937     42.285    30.0379    14.9382          1          1  0.000e+00
  1022.2217     41.819     42.165    29.9107    15.0893          1          1  0.000e+00
  1022.1274     41.723     42.069    29.8143    15.1822          1          1  0.000e+00
  1022.1547     41.634     41.979    29.8602    15.2175          1          1  0.000e+00
  1022.1292     41.552     41.896    29.8423    15.2709          1          1  0.000e+00
  1022.0919     41.466     41.809    29.8093    15.3250          1          1  0.000e+00
  1022.0637     41.369     41.712    29.7830    15.3604          1          1  0.000e+00
  1022.0393     41.262     41.604    29.7573    15.3797          1          1  0.000e+00
  1022.1215     41.144     41.485    29.8680    15.3907          1          1  0.000e+00
  1022.0989     41.016     41.356    29.8582    15.4579          1          1  0.000e+00
  1022.0196     40.887     41.226    29.7782    15.5380          1          1  0.000e+00
  1021.9908     40.766     41.104    29.7521    15.5760          1          1  0.000e+00
  1021.9911     40.654     40.990    29.7574    15.5912          1          1  0.000e+00
  1021.9778     40.551     40.887    29.7456    15.6085          1          1  0.000e+00
  1021.9736     40.447     40.782    29.7439    15.6201          1          1  0.000e+00
  1021.9663     40.346     40.680    29.7377    15.6297          1          1  0.000e+00
  1021.9950     40.241     40.575    29.7781    15.6383          1          1  0.000e+00
  1021.9692     40.142     40.474    29.7526    15.6648          1          1  0.000e+00
  1021.9641     40.040     40.371    29.7526    15.6858          1          1  0.000e+00
  1021.9428     39.942     40.273    29.7305    15.7040          1          1  0.000e+00
  1021.9634     39.842     40.172    29.7606    15.7135          1          1  0.000e+00
  1021.9479     39.746     40.075    29.7471    15.7351          1          1  0.000e+00
  1021.9331     39.651     39.979    29.7335    15.7529          1          1  0.000e+00
  1021.9391     39.552     39.880    29.7457    15.7665          1          1  0.000e+00
  1021.9205     39.450     39.777    29.7268    15.7830          1          1  0.000e+00
  1021.9245     39.336     39.662    29.7352    15.7922          1          1  0.000e+00
  1021.9180     39.213     39.538    29.7312    15.8053          1          1  0.000e+00
  1021.9062     39.074     39.398    29.7201    15.8174          1          1  0.000e+00
  1021.8956     38.928     39.250    29.7087    15.8225          1          1  0.000e+00
  1021.8979     38.769     39.090    29.7120    15.8207          1          1  0.000e+00
  1021.9035     38.607     38.926    29.7199    15.8195          1          1  0.000e+00
  1021.9075     38.444     38.763    29.7273    15.8238          1          1  0.000e+00
  1021.9081     38.289     38.606    29.7317    15.8334          1          1  0.000e+00
  1021.9024     38.147     38.462    29.7289    15.8462          1          1  0.000e+00
  1021.8972     38.025     38.339    29.7261    15.8584          1          1  0.000e+00
  1021.8915     37.922     38.236    29.7226    15.8698          1          1  0.000e+00
  1021.8866     37.841     38.154    29.7192    15.8788          1          1  0.000e+00
  1021.8859     37.773     38.086    29.7210    15.8868          1          1  0.000e+00
  1021.8817     37.725     38.037    29.7185    15.8960          1          1  0.000e+00
  1021.8774     37.673     37.985    29.7157    15.9048          1          1  0.000e+00
  1021.8715     37.611     37.923    29.7105    15.9123          1          1  0.000e+00
  1021.8658     37.538     37.849    29.7049    15.9172          1          1  0.000e+00
  1021.8676     37.445     37.755    29.7081    15.9184          1          1  0.000e+00
  1021.8760     37.328     37.637    29.7208    15.9218          1          1  0.000e+00
  1021.8568     37.195     37.502    29.6996    15.9326          1          1  0.000e+00
  1021.8531     37.037     37.343    29.6961    15.9340          1          1  0.000e+00
  1021.8570     36.872     37.177    29.7013    15.9310          1          1  0.000e+00
  1021.8614     36.701     37.004    29.7079    15.9303          1          1  0.000e+00
  1021.8622     36.538     36.841    29.7108    15.9337          1          1  0.000e+00
  1021.8574     36.391     36.692    29.7072    15.9399          1          1  0.000e+00
  1021.8573     36.264     36.564    29.7098    15.9473          1          1  0.000e+00
  1021.8578     36.153     36.452    29.7131    15.9536          1          1  0.000e+00
  1021.8557     36.066     36.364    29.7131    15.9616          1          1  0.000e+00
  1021.8547     35.988     36.286    29.7151    15.9716          1          1  0.000e+00
  1021.8467     35.915     36.212    29.7083    15.9829          1          1  0.000e+00
  1021.8485     35.837     36.133    29.7144    15.9942          1          1  0.000e+00
  1021.8390     35.753     36.049    29.7066    16.0087          1          1  0.000e+00
  1021.8463     35.663     35.958    29.7202    16.0211          1          1  0.000e+00
  1021.8448     35.561     35.855    29.7254    16.0440          1          1  0.000e+00
  1021.8162     35.453     35.746    29.6978    16.0753          1          1  0.000e+00
  1021.7943     35.333     35.625    29.6751    16.0933          1          1  0.000e+00
  1021.7945     35.203     35.494    29.6770    16.0961          1          1  0.000e+00
