data/eDNA/PER-2021-171/171b026.cnv
* Sea-Bird SBE19plus  Data File:
* FileName = C:\Users\RSG_field\Ryan_2021_Perley\CTD\171b026.hex
* Software version 2.3.0 SB_Terminal.dll
* Temperature SN = 7141
* Conductivity SN = 7141
* System UpLoad Time = Aug 18 2021 12:46:10
* <ApplicationData>
* <SeatermAF>
** Platform: M. Perley
** Cruise: Per2021171
** Station:  SAB_02
** Cast: 01 2
** Latitude: N  45 50.515
** Longitude: W 60 07.869
** Sounding: 24.2
** Chief Scientist: Ryan Stanley
** Comment: 171b026
# nquan = 8
# nvalues = 1989                                  
# units = specified
# name 0 = density00: Density [density, kg/m^3]
# name 1 = depSM: Depth [salt water, m], lat = 45.00
# name 2 = prdM: Pressure, Strain Gauge [db]
# name 3 = sal00: Salinity, Practical [PSU]
# name 4 = tv290C: Temperature [ITS-90, deg C]
# name 5 = bpos: Bottle Position in Carousel
# name 6 = nbf: Bottles Fired
# name 7 = flag:  0.000e+00
# span 0 =   998.9199,  1024.4238                 
# span 1 =     -0.005,     24.927                 
# span 2 =     -0.005,     25.133                 
# span 3 =     0.0082,    31.0286                 
# span 4 =     6.8747,    18.3266                 
# span 5 =          0,          3                 
# span 6 =          0,          3                 
# span 7 = 0.0000e+00, 0.0000e+00                 
# interval = seconds: 0.25
# start_time = Aug 18 2021 15:35:04 [Instrument's time stamp, header]
# bad_flag = -9.990e-29
*END*
[from data line 540]
  1021.0756      2.159      2.176    29.5929    18.2929          0          0  0.000e+00
  1021.0739      2.149      2.167    29.5907    18.2929          0          0  0.000e+00
  1021.0761      2.140      2.158    29.5933    18.2920          0          0  0.000e+00
  1021.0781      2.136      2.154    29.5960    18.2918          0          0  0.000e+00
  1021.0775      2.127      2.144    29.5956    18.2930          0          0  0.000e+00
  1021.0758      2.120      2.138    29.5938    18.2945          0          0  0.000e+00
  1021.0756      2.121      2.139    29.5939    18.2954          0          0  0.000e+00
  1021.0781      2.130      2.147    29.5973    18.2961          0          0  0.000e+00
  1021.0784      2.140      2.158    29.5984    18.2985          0          0  0.000e+00
  1021.0768      2.155      2.173    29.5970    18.3010          0          0  0.000e+00
  1021.0762      2.166      2.184    29.5968    18.3029          0          0  0.000e+00
  1021.0759      2.175      2.193    29.5969    18.3048          0          0  0.000e+00
  1021.0745      2.182      2.200    29.5958    18.3074          0          0  0.000e+00
  1021.0736      2.188      2.206    29.5952    18.3091          0          0  0.000e+00
  1021.0739      2.193      2.211    29.5960    18.3107          0          0  0.000e+00
  1021.0725      2.198      2.216    29.5948    18.3126          0          0  0.000e+00
  1021.0713      2.197      2.215    29.5936    18.3138          0          0  0.000e+00
  1021.0715      2.196      2.214    29.5938    18.3139          0          0  0.000e+00
  1021.0689      2.190      2.208    29.5905    18.3139          0          0  0.000e+00
  1021.0679      2.183      2.201    29.5890    18.3129          0          0  0.000e+00
  1021.0722      2.180      2.198    29.5938    18.3104          0          0  0.000e+00
  1021.0764      2.173      2.191    29.5990    18.3094          0          0  0.000e+00
  1021.0745      2.168      2.186    29.5975    18.3125          0          0  0.000e+00
  1021.0729      2.166      2.184    29.5963    18.3153          0          0  0.000e+00
  1021.0710      2.166      2.184    29.5944    18.3173          0          0  0.000e+00
  1021.0706      2.162      2.179    29.5943    18.3183          0          0  0.000e+00
  1021.0689      2.163      2.180    29.5923    18.3192          0          0  0.000e+00
  1021.0693      2.163      2.180    29.5929    18.3191          0          0  0.000e+00
  1021.0705      2.161      2.178    29.5944    18.3189          0          0  0.000e+00
  1021.0702      2.153      2.171    29.5940    18.3191          0          0  0.000e+00
  1021.0695      2.154      2.172    29.5933    18.3196          0          0  0.000e+00
  1021.0697      2.152      2.170    29.5936    18.3196          0          0  0.000e+00
  1021.0693      2.149      2.167    29.5932    18.3201          0          0  0.000e+00
  1021.0684      2.148      2.165    29.5920    18.3199          0          0  0.000e+00
  1021.0671      2.150      2.168    29.5902    18.3195          0          0  0.000e+00
  1021.0669      2.151      2.169    29.5893    18.3178          0          0  0.000e+00
  1021.0687      2.152      2.170    29.5909    18.3153          0          0  0.000e+00
  1021.0720      2.162      2.179    29.5947    18.3137          0          0  0.000e+00
  1021.0754      2.166      2.184    29.5992    18.3141          0          0  0.000e+00
  1021.0739      2.170      2.188    29.5982    18.3172          0          0  0.000e+00
  1021.0709      2.175      2.193    29.5953    18.3206          0          0  0.000e+00
  1021.0702      2.178      2.195    29.5948    18.3220          0          0  0.000e+00
  1021.0694      2.174      2.192    29.5940    18.3229          0          0  0.000e+00
  1021.0694      2.172      2.190    29.5942    18.3233          0          0  0.000e+00
  1021.0680      2.171      2.189    29.5926    18.3240          0          0  0.000e+00
  1021.0670      2.170      2.188    29.5913    18.3237          0          0  0.000e+00
  1021.0673      2.169      2.187    29.5913    18.3227          0          0  0.000e+00
  1021.0692      2.168      2.186    29.5934    18.3214          0          0  0.000e+00
  1021.0693      2.167      2.185    29.5934    18.3213          0          0  0.000e+00
  1021.0691      2.163      2.180    29.5933    18.3215          0          0  0.000e+00
  1021.0694      2.163      2.180    29.5937    18.3215          0          0  0.000e+00
  1021.0695      2.161      2.178    29.5939    18.3217          0          0  0.000e+00
  1021.0698      2.164      2.182    29.5944    18.3221          0          0  0.000e+00
  1021.0701      2.164      2.182    29.5951    18.3228          0          0  0.000e+00
  1021.0693      2.167      2.185    29.5944    18.3240          0          0  0.000e+00
  1021.0688      2.164      2.182    29.5938    18.3246          0          0  0.000e+00
  1021.0692      2.158      2.176    29.5946    18.3250          0          0  0.000e+00
  1021.0680      2.152      2.170    29.5932    18.3257          0          0  0.000e+00
  1021.0661      2.143      2.160    29.5909    18.3257          0          0  0.000e+00
  1021.0657      2.135      2.153    29.5899    18.3242          0          0  0.000e+00
  1021.0657      2.135      2.153    29.5891    18.3220          0          0  0.000e+00
  1021.0684      2.139      2.157    29.5919    18.3195          0          0  0.000e+00
  1021.0705      2.145      2.162    29.5943    18.3183          0          0  0.000e+00
  1021.0707      2.152      2.170    29.5947    18.3188          0          0  0.000e+00
  1021.0702      2.152      2.170    29.5943    18.3196          0          0  0.000e+00
  1021.0694      2.151      2.169    29.5934    18.3202          0          0  0.000e+00
  1021.0711      2.156      2.174    29.5957    18.3205          0          0  0.000e+00
  1021.0714      2.164      2.182    29.5963    18.3215          0          0  0.000e+00
  1021.0716      2.168      2.186    29.5970    18.3230          0          0  0.000e+00
  1021.0700      2.173      2.191    29.5956    18.3252          0          0  0.000e+00
  1021.0676      2.173      2.191    29.5930    18.3266          0          0  0.000e+00
  1021.0667      2.169      2.187    29.5917    18.3266          0          0  0.000e+00
  1021.0664      2.165      2.183    29.5912    18.3258          0          0  0.000e+00
  1021.0673      2.167      2.185    29.5919    18.3245          0          0  0.000e+00
  1021.0691      2.169      2.187    29.5939    18.3234          0          0  0.000e+00
  1021.0697      2.180      2.198    29.5946    18.3234          0          0  0.000e+00
  1021.0690      2.187      2.205    29.5938    18.3240          0          0  0.000e+00
  1021.0675      2.186      2.204    29.5920    18.3243          0          0  0.000e+00
  1021.0671      2.182      2.200    29.5913    18.3238          0          0  0.000e+00
  1021.0663      2.175      2.193    29.5900    18.3228          0          0  0.000e+00
  1021.0656      2.167      2.185    29.5885    18.3208          0          0  0.000e+00
  1021.0684      2.162      2.179    29.5913    18.3178          0          0  0.000e+00
  1021.0697      2.157      2.175    29.5924    18.3160          0          0  0.000e+00
  1021.0682      2.156      2.174    29.5901    18.3151          0          0  0.000e+00
  1021.0694      2.152      2.170    29.5911    18.3129          0          0  0.000e+00
  1021.0706      2.149      2.167    29.5921    18.3113          0          0  0.000e+00
  1021.0708      2.146      2.163    29.5921    18.3101          0          0  0.000e+00
  1021.0710      2.150      2.168    29.5919    18.3089          0          0  0.000e+00
  1021.0722      2.153      2.171    29.5932    18.3079          0          0  0.000e+00
  1021.0739      2.157      2.175    29.5953    18.3076          0          0  0.000e+00
  1021.0738      2.158      2.176    29.5953    18.3083          0          0  0.000e+00
  1021.0720      2.157      2.175    29.5932    18.3088          0          0  0.000e+00
  1021.0715      2.154      2.172    29.5926    18.3088          0          0  0.000e+00
  1021.0734      2.155      2.173    29.5947    18.3079          0          0  0.000e+00
  1021.0740      2.157      2.175    29.5956    18.3082          0          0  0.000e+00
  1021.0730      2.164      2.181    29.5946    18.3095          0          0  0.000e+00
  1021.0725      2.169      2.187    29.5943    18.3104          0          0  0.000e+00
  1021.0732      2.172      2.190    29.5952    18.3108          0          0  0.000e+00
  1021.0726      2.178      2.195    29.5948    18.3118          0          0  0.000e+00
  1021.0722      2.179      2.196    29.5945    18.3128          0          0  0.000e+00
  1021.0709      2.175      2.193    29.5931    18.3135          0          0  0.000e+00
  1021.0707      2.172      2.190    29.5927    18.3133          0          0  0.000e+00
  1021.0711      2.171      2.189    29.5931    18.3127          0          0  0.000e+00
  1021.0710      2.171      2.189    29.5930    18.3127          0          0  0.000e+00
  1021.0713      2.166      2.184    29.5933    18.3123          0          0  0.000e+00
  1021.0713      2.161      2.178    29.5934    18.3124          0          0  0.000e+00
  1021.0703      2.157      2.175    29.5920    18.3121          0          0  0.000e+00
  1021.0710      2.153      2.171    29.5925    18.3109          0          0  0.000e+00
  1021.0719      2.150      2.168    29.5935    18.3101          0          0  0.000e+00
  1021.0721      2.154      2.172    29.5937    18.3101          0          0  0.000e+00
  1021.0725      2.154      2.172    29.5941    18.3100          0          0  0.000e+00
  1021.0723      2.155      2.173    29.5941    18.3104          0          0  0.000e+00
  1021.0724      2.156      2.174    29.5942    18.3104          0          0  0.000e+00
  1021.0728      2.155      2.173    29.5948    18.3107          0          0  0.000e+00
  1021.0721      2.155      2.173    29.5941    18.3114          0          0  0.000e+00
  1021.0716      2.157      2.175    29.5937    18.3121          0          0  0.000e+00
  1021.0709      2.165      2.183    29.5928    18.3124          0          0  0.000e+00
  1021.0712      2.170      2.188    29.5931    18.3122          0          0  0.000e+00
  1021.0716      2.173      2.191    29.5935    18.3120          0          0  0.000e+00
  1021.0722      2.171      2.189    29.5943    18.3119          0          0  0.000e+00
  1021.0714      2.166      2.184    29.5934    18.3124          0          0  0.000e+00
  1021.0712      2.164      2.181    29.5932    18.3126          0          0  0.000e+00
  1021.0709      2.161      2.178    29.5930    18.3126          0          0  0.000e+00
  1021.0710      2.164      2.181    29.5929    18.3125          0          0  0.000e+00
  1021.0721      2.168      2.186    29.5943    18.3122          0          0  0.000e+00
  1021.0726      2.174      2.192    29.5950    18.3124          0          0  0.000e+00
  1021.0727      2.181      2.199    29.5953    18.3129          0          0  0.000e+00
  1021.0718      2.185      2.203    29.5943    18.3139          0          0  0.000e+00
  1021.0711      2.188      2.206    29.5937    18.3148          0          0  0.000e+00
  1021.0711      2.185      2.203    29.5938    18.3150          0          0  0.000e+00
  1021.0709      2.180      2.198    29.5936    18.3151          0          0  0.000e+00
  1021.0708      2.170      2.188    29.5936    18.3154          0          0  0.000e+00
  1021.0705      2.163      2.180    29.5933    18.3156          0          0  0.000e+00
  1021.0698      2.157      2.175    29.5925    18.3157          0          0  0.000e+00
  1021.0703      2.150      2.168    29.5930    18.3152          0          0  0.000e+00
  1021.0706      2.147      2.164    29.5934    18.3151          0          0  0.000e+00
  1021.0709      2.147      2.164    29.5938    18.3151          0          0  0.000e+00
  1021.0713      2.151      2.169    29.5944    18.3155          0          0  0.000e+00
  1021.0709      2.153      2.171    29.5941    18.3162          0          0  0.000e+00
  1021.0703      2.161      2.178    29.5934    18.3168          0          0  0.000e+00
  1021.0702      2.162      2.179    29.5934    18.3169          0          0  0.000e+00
  1021.0697      2.162      2.179    29.5926    18.3169          0          0  0.000e+00
  1021.0701      2.158      2.176    29.5931    18.3167          0          0  0.000e+00
  1021.0705      2.153      2.171    29.5936    18.3165          0          0  0.000e+00
  1021.0700      2.154      2.172    29.5929    18.3164          0          0  0.000e+00
  1021.0694      2.157      2.175    29.5921    18.3162          0          0  0.000e+00
  1021.0699      2.159      2.177    29.5925    18.3154          0          0  0.000e+00
  1021.0710      2.165      2.183    29.5936    18.3146          0          0  0.000e+00
  1021.0714      2.168      2.186    29.5941    18.3147          0          0  0.000e+00
  1021.0712      2.166      2.184    29.5940    18.3151          0          0  0.000e+00
  1021.0709      2.164      2.181    29.5938    18.3155          0          0  0.000e+00
  1021.0706      2.163      2.180    29.5934    18.3158          0          0  0.000e+00
  1021.0706      2.163      2.180    29.5934    18.3155          0          0  0.000e+00
  1021.0706      2.166      2.184    29.5934    18.3155          0          0  0.000e+00
  1021.0707      2.172      2.190    29.5933    18.3151          0          0  0.000e+00
  1021.0715      2.176      2.194    29.5942    18.3146          0          0  0.000e+00
  1021.0712      2.176      2.194    29.5939    18.3146          0          0  0.000e+00
  1021.0709      2.174      2.192    29.5936    18.3152          0          0  0.000e+00
  1021.0706      2.170      2.188    29.5934    18.3155          0          0  0.000e+00
  1021.0708      2.159      2.177    29.5936    18.3154          0          0  0.000e+00
  1021.0706      2.157      2.175    29.5935    18.3156          0          0  0.000e+00
  1021.0707      2.159      2.177    29.5935    18.3154          0          0  0.000e+00
  1021.0702      2.167      2.185    29.5929    18.3156          0          0  0.000e+00
  1021.0705      2.172      2.190    29.5931    18.3151          0          0  0.000e+00
  1021.0713      2.169      2.187    29.5939    18.3142          0          0  0.000e+00
  1021.0713      2.161      2.178    29.5939    18.3142          0          0  0.000e+00
  1021.0711      2.161      2.178    29.5938    18.3147          0          0  0.000e+00
  1021.0709      2.149      2.166    29.5936    18.3149          0          0  0.000e+00
  1021.0703      2.145      2.162    29.5931    18.3151          0          0  0.000e+00
  1021.0699      2.149      2.166    29.5924    18.3151          0          0  0.000e+00
  1021.0705      2.152      2.170    29.5930    18.3144          0          0  0.000e+00
  1021.0710      2.156      2.174    29.5934    18.3137          0          0  0.000e+00
  1021.0714      2.159      2.177    29.5939    18.3134          0          0  0.000e+00
  1021.0720      2.162      2.179    29.5946    18.3136          0          0  0.000e+00
  1021.0719      2.168      2.186    29.5946    18.3139          0          0  0.000e+00
  1021.0714      2.168      2.186    29.5941    18.3145          0          0  0.000e+00
  1021.0711      2.170      2.188    29.5939    18.3151          0          0  0.000e+00
  1021.0712      2.171      2.189    29.5941    18.3154          0          0  0.000e+00
  1021.0709      2.162      2.179    29.5939    18.3157          0          0  0.000e+00
