data/eDNA/PER-2021-171/171b017.cnv
* Sea-Bird SBE19plus  Data File:
* FileName = C:\Users\RSG_field\Ryan_2021_Perley\CTD\171b017.hex
* Software version 2.3.0 SB_Terminal.dll
* Temperature SN = 7141
* Conductivity SN = 7141
* System UpLoad Time = Aug 13 2021 12:29:15
* <ApplicationData>
* <SeatermAF>
** Platform: M. Perley
** Cruise: Per2021171
** Station:  ESI_03
** Cast: 01 2
** Latitude: N  44 48.305
** Longitude: W 62 8.589
** Sounding: 72.2
** Chief Scientist: Ryan Stanley
** Comment: 171b017
** I am trying to located the file for this cast. To save time after an accidental turn on I was saving at the end but there ended up being a bad cast (wrong arm programming) in there as well. So I am pretty sure this is the one associated with the cast based on the sequential location of the short cast (few scans)
# nquan = 8
# nvalues = 2710                                  
# units = specified
# name 0 = density00: Density [density, kg/m^3]
# name 1 = depSM: Depth [salt water, m], lat = 45.00
# name 2 = prdM: Pressure, Strain Gauge [db]
# name 3 = sal00: Salinity, Practical [PSU]
# name 4 = tv290C: Temperature [ITS-90, deg C]
# name 5 = bpos: Bottle Position in Carousel
# name 6 = nbf: Bottles Fired
# name 7 = flag:  0.000e+00
# span 0 =   998.8545,  1025.5429                 
# span 1 =     -0.066,     66.243                 
# span 2 =     -0.066,     66.796                 
# span 3 =     0.0081,    31.7859                 
# span 4 =     3.5427,    17.8344                 
# span 5 =          0,          2                 
# span 6 =          0,          2                 
# span 7 = 0.0000e+00, 0.0000e+00                 
# interval = seconds: 0.25
# start_time = Aug 13 2021 14:37:38 [Instrument's time stamp, header]
# bad_flag = -9.990e-29
*END*
[from data line 540]
  1021.8035      2.668      2.690    30.3552    17.6918          0          0  0.000e+00
  1021.8008      2.465      2.485    30.3541    17.6962          0          0  0.000e+00
  1021.7993      2.296      2.315    30.3545    17.7003          0          0  0.000e+00
  1021.7968      2.171      2.189    30.3532    17.7042          0          0  0.000e+00
  1021.7976      2.105      2.122    30.3555    17.7071          0          0  0.000e+00
  1021.7964      2.099      2.116    30.3551    17.7111          0          0  0.000e+00
  1021.7998      2.145      2.162    30.3604    17.7147          0          0  0.000e+00
  1021.7971      2.225      2.244    30.3582    17.7204          0          0  0.000e+00
  1021.7942      2.331      2.350    30.3553    17.7250          0          0  0.000e+00
  1021.7858      2.470      2.490    30.3442    17.7274          0          0  0.000e+00
  1021.7882      2.624      2.645    30.3457    17.7249          0          0  0.000e+00
  1021.7849      2.783      2.806    30.3394    17.7221          0          0  0.000e+00
  1021.7842      2.942      2.966    30.3362    17.7176          0          0  0.000e+00
  1021.7885      3.090      3.116    30.3391    17.7116          0          0  0.000e+00
  1021.7927      3.224      3.250    30.3426    17.7075          0          0  0.000e+00
  1021.8027      3.329      3.356    30.3545    17.7058          0          0  0.000e+00
  1021.8082      3.400      3.428    30.3626    17.7102          0          0  0.000e+00
  1021.8010      3.434      3.462    30.3559    17.7195          0          0  0.000e+00
  1021.7939      3.432      3.460    30.3486    17.7258          0          0  0.000e+00
  1021.7904      3.396      3.423    30.3449    17.7279          0          0  0.000e+00
  1021.7906      3.331      3.358    30.3454    17.7273          0          0  0.000e+00
  1021.7912      3.244      3.271    30.3464    17.7266          0          0  0.000e+00
  1021.7913      3.143      3.169    30.3471    17.7264          0          0  0.000e+00
  1021.7912      3.037      3.062    30.3476    17.7265          0          0  0.000e+00
  1021.7914      2.930      2.954    30.3486    17.7268          0          0  0.000e+00
  1021.7911      2.823      2.846    30.3491    17.7276          0          0  0.000e+00
  1021.7915      2.713      2.735    30.3506    17.7287          0          0  0.000e+00
  1021.7905      2.598      2.620    30.3504    17.7303          0          0  0.000e+00
  1021.7887      2.486      2.506    30.3492    17.7320          0          0  0.000e+00
  1021.7869      2.381      2.401    30.3478    17.7328          0          0  0.000e+00
  1021.7861      2.290      2.309    30.3473    17.7328          0          0  0.000e+00
  1021.7865      2.214      2.232    30.3482    17.7327          0          0  0.000e+00
  1021.7872      2.179      2.197    30.3492    17.7324          0          0  0.000e+00
  1021.7886      2.194      2.212    30.3510    17.7326          0          0  0.000e+00
  1021.7915      2.277      2.296    30.3544    17.7330          0          0  0.000e+00
  1021.7956      2.419      2.439    30.3595    17.7345          0          0  0.000e+00
  1021.7962      2.608      2.629    30.3604    17.7386          0          0  0.000e+00
  1021.7984      2.800      2.823    30.3639    17.7444          0          0  0.000e+00
  1021.7932      2.969      2.994    30.3588    17.7529          0          0  0.000e+00
  1021.7905      3.108      3.134    30.3566    17.7597          0          0  0.000e+00
  1021.7864      3.207      3.233    30.3521    17.7644          0          0  0.000e+00
  1021.7842      3.263      3.290    30.3497    17.7669          0          0  0.000e+00
  1021.7836      3.293      3.320    30.3489    17.7676          0          0  0.000e+00
  1021.7832      3.293      3.320    30.3483    17.7676          0          0  0.000e+00
  1021.7819      3.271      3.297    30.3467    17.7673          0          0  0.000e+00
  1021.7810      3.230      3.257    30.3454    17.7660          0          0  0.000e+00
  1021.7814      3.173      3.199    30.3455    17.7637          0          0  0.000e+00
  1021.7825      3.106      3.132    30.3467    17.7615          0          0  0.000e+00
  1021.7830      3.038      3.063    30.3471    17.7594          0          0  0.000e+00
  1021.7835      2.969      2.994    30.3477    17.7581          0          0  0.000e+00
  1021.7841      2.894      2.918    30.3485    17.7568          0          0  0.000e+00
  1021.7844      2.814      2.837    30.3492    17.7562          0          0  0.000e+00
  1021.7835      2.727      2.749    30.3484    17.7557          0          0  0.000e+00
  1021.7833      2.643      2.665    30.3483    17.7548          0          0  0.000e+00
  1021.7832      2.571      2.592    30.3483    17.7537          0          0  0.000e+00
  1021.7838      2.519      2.540    30.3488    17.7521          0          0  0.000e+00
  1021.7843      2.487      2.508    30.3493    17.7510          0          0  0.000e+00
  1021.7851      2.489      2.510    30.3501    17.7500          0          0  0.000e+00
  1021.7867      2.523      2.544    30.3519    17.7494          0          0  0.000e+00
  1021.7867      2.588      2.609    30.3515    17.7497          0          0  0.000e+00
  1021.7878      2.663      2.685    30.3526    17.7499          0          0  0.000e+00
  1021.7879      2.742      2.764    30.3526    17.7510          0          0  0.000e+00
  1021.7864      2.802      2.825    30.3508    17.7529          0          0  0.000e+00
  1021.7847      2.846      2.870    30.3488    17.7543          0          0  0.000e+00
  1021.7847      2.874      2.898    30.3486    17.7544          0          0  0.000e+00
  1021.7846      2.887      2.910    30.3486    17.7546          0          0  0.000e+00
  1021.7831      2.885      2.908    30.3466    17.7546          0          0  0.000e+00
  1021.7828      2.871      2.894    30.3461    17.7538          0          0  0.000e+00
  1021.7845      2.856      2.879    30.3479    17.7524          0          0  0.000e+00
  1021.7853      2.857      2.880    30.3486    17.7511          0          0  0.000e+00
  1021.7864      2.884      2.907    30.3498    17.7510          0          0  0.000e+00
  1021.7863      2.939      2.963    30.3496    17.7516          0          0  0.000e+00
  1021.7867      3.015      3.040    30.3499    17.7522          0          0  0.000e+00
  1021.7869      3.104      3.129    30.3496    17.7526          0          0  0.000e+00
  1021.7868      3.179      3.205    30.3493    17.7532          0          0  0.000e+00
  1021.7861      3.224      3.250    30.3481    17.7534          0          0  0.000e+00
  1021.7859      3.232      3.259    30.3478    17.7532          0          0  0.000e+00
  1021.7858      3.192      3.218    30.3478    17.7531          0          0  0.000e+00
  1021.7857      3.111      3.137    30.3480    17.7527          0          0  0.000e+00
  1021.7846      2.997      3.022    30.3472    17.7522          0          0  0.000e+00
  1021.7841      2.850      2.873    30.3470    17.7511          0          0  0.000e+00
  1021.7845      2.686      2.708    30.3481    17.7499          0          0  0.000e+00
  1021.7845      2.536      2.557    30.3489    17.7493          0          0  0.000e+00
  1021.7842      2.418      2.438    30.3491    17.7491          0          0  0.000e+00
  1021.7843      2.359      2.378    30.3496    17.7490          0          0  0.000e+00
  1021.7849      2.362      2.381    30.3504    17.7493          0          0  0.000e+00
  1021.7862      2.434      2.454    30.3518    17.7499          0          0  0.000e+00
  1021.7902      2.536      2.557    30.3571    17.7520          0          0  0.000e+00
  1021.7896      2.641      2.662    30.3572    17.7569          0          0  0.000e+00
  1021.7819      2.733      2.755    30.3483    17.7621          0          0  0.000e+00
  1021.7802      2.798      2.821    30.3458    17.7625          0          0  0.000e+00
  1021.7827      2.838      2.861    30.3483    17.7610          0          0  0.000e+00
  1021.7833      2.858      2.881    30.3490    17.7609          0          0  0.000e+00
  1021.7817      2.858      2.881    30.3470    17.7612          0          0  0.000e+00
  1021.7798      2.842      2.865    30.3444    17.7604          0          0  0.000e+00
  1021.7824      2.829      2.853    30.3472    17.7583          0          0  0.000e+00
  1021.7836      2.846      2.870    30.3483    17.7571          0          0  0.000e+00
  1021.7822      2.904      2.927    30.3459    17.7568          0          0  0.000e+00
  1021.7829      3.008      3.032    30.3459    17.7555          0          0  0.000e+00
  1021.7856      3.143      3.169    30.3482    17.7539          0          0  0.000e+00
  1021.7857      3.274      3.300    30.3474    17.7534          0          0  0.000e+00
  1021.7858      3.356      3.384    30.3467    17.7527          0          0  0.000e+00
  1021.7868      3.382      3.409    30.3475    17.7510          0          0  0.000e+00
  1021.7872      3.349      3.376    30.3479    17.7500          0          0  0.000e+00
  1021.7882      3.267      3.294    30.3493    17.7492          0          0  0.000e+00
  1021.7871      3.137      3.163    30.3487    17.7493          0          0  0.000e+00
  1021.7859      2.957      2.981    30.3481    17.7491          0          0  0.000e+00
  1021.7857      2.737      2.760    30.3490    17.7488          0          0  0.000e+00
  1021.7853      2.496      2.516    30.3499    17.7488          0          0  0.000e+00
  1021.7840      2.284      2.302    30.3496    17.7493          0          0  0.000e+00
  1021.7836      2.138      2.156    30.3500    17.7496          0          0  0.000e+00
  1021.7834      2.076      2.093    30.3504    17.7502          0          0  0.000e+00
  1021.7814      2.101      2.118    30.3478    17.7507          0          0  0.000e+00
  1021.7816      2.226      2.245    30.3469    17.7494          0          0  0.000e+00
  1021.7807      2.415      2.435    30.3438    17.7470          0          0  0.000e+00
  1021.7806      2.622      2.643    30.3413    17.7429          0          0  0.000e+00
  1021.7825      2.823      2.846    30.3408    17.7373          0          0  0.000e+00
  1021.7852      2.999      3.024    30.3413    17.7307          0          0  0.000e+00
  1021.7936      3.129      3.155    30.3497    17.7247          0          0  0.000e+00
  1021.7966      3.210      3.236    30.3525    17.7228          0          0  0.000e+00
  1021.7979      3.244      3.270    30.3542    17.7234          0          0  0.000e+00
  1021.7942      3.231      3.258    30.3499    17.7250          0          0  0.000e+00
  1021.7924      3.186      3.212    30.3478    17.7245          0          0  0.000e+00
  1021.7933      3.116      3.141    30.3487    17.7227          0          0  0.000e+00
  1021.7944      3.037      3.062    30.3501    17.7212          0          0  0.000e+00
  1021.7947      2.971      2.996    30.3508    17.7207          0          0  0.000e+00
  1021.7951      2.922      2.946    30.3516    17.7206          0          0  0.000e+00
  1021.7956      2.885      2.908    30.3525    17.7211          0          0  0.000e+00
  1021.7949      2.846      2.870    30.3522    17.7220          0          0  0.000e+00
  1021.7953      2.815      2.838    30.3531    17.7228          0          0  0.000e+00
  1021.7929      2.782      2.805    30.3505    17.7240          0          0  0.000e+00
  1021.7925      2.752      2.775    30.3502    17.7242          0          0  0.000e+00
  1021.7921      2.728      2.750    30.3498    17.7239          0          0  0.000e+00
  1021.7927      2.715      2.737    30.3505    17.7235          0          0  0.000e+00
  1021.7928      2.706      2.729    30.3507    17.7235          0          0  0.000e+00
  1021.7932      2.706      2.729    30.3513    17.7236          0          0  0.000e+00
  1021.7943      2.714      2.736    30.3527    17.7239          0          0  0.000e+00
  1021.7947      2.736      2.759    30.3534    17.7247          0          0  0.000e+00
  1021.7926      2.768      2.791    30.3509    17.7261          0          0  0.000e+00
  1021.7913      2.820      2.843    30.3489    17.7261          0          0  0.000e+00
  1021.7968      2.879      2.903    30.3555    17.7254          0          0  0.000e+00
  1021.8048      2.939      2.963    30.3664    17.7279          0          0  0.000e+00
  1021.7972      2.981      3.005    30.3588    17.7366          0          0  0.000e+00
  1021.7912      3.001      3.026    30.3530    17.7431          0          0  0.000e+00
  1021.7875      2.996      3.020    30.3488    17.7452          0          0  0.000e+00
  1021.7872      2.967      2.991    30.3484    17.7447          0          0  0.000e+00
  1021.7882      2.922      2.946    30.3498    17.7438          0          0  0.000e+00
  1021.7852      2.866      2.890    30.3460    17.7434          0          0  0.000e+00
  1021.7838      2.807      2.830    30.3438    17.7412          0          0  0.000e+00
  1021.7867      2.745      2.767    30.3469    17.7375          0          0  0.000e+00
  1021.7885      2.687      2.709    30.3488    17.7351          0          0  0.000e+00
  1021.7894      2.648      2.670    30.3499    17.7339          0          0  0.000e+00
  1021.7901      2.641      2.662    30.3507    17.7334          0          0  0.000e+00
  1021.7911      2.668      2.690    30.3519    17.7338          0          0  0.000e+00
  1021.7946      2.728      2.750    30.3564    17.7346          0          0  0.000e+00
  1021.7934      2.817      2.840    30.3554    17.7383          0          0  0.000e+00
  1021.7934      2.912      2.936    30.3560    17.7419          0          0  0.000e+00
  1021.7903      2.999      3.024    30.3526    17.7457          0          0  0.000e+00
  1021.7861      3.054      3.079    30.3476    17.7482          0          0  0.000e+00
  1021.7837      3.072      3.097    30.3440    17.7472          0          0  0.000e+00
  1021.7871      3.058      3.083    30.3476    17.7442          0          0  0.000e+00
  1021.7904      3.018      3.043    30.3516    17.7424          0          0  0.000e+00
  1021.7905      2.960      2.984    30.3523    17.7432          0          0  0.000e+00
  1021.7867      2.894      2.918    30.3482    17.7448          0          0  0.000e+00
  1021.7858      2.835      2.858    30.3473    17.7444          0          0  0.000e+00
  1021.7861      2.786      2.809    30.3475    17.7430          0          0  0.000e+00
  1021.7866      2.753      2.776    30.3479    17.7415          0          0  0.000e+00
  1021.7880      2.734      2.756    30.3495    17.7401          0          0  0.000e+00
  1021.7889      2.723      2.746    30.3505    17.7394          0          0  0.000e+00
  1021.7892      2.727      2.749    30.3508    17.7394          0          0  0.000e+00
  1021.7893      2.742      2.765    30.3510    17.7398          0          0  0.000e+00
  1021.7892      2.770      2.793    30.3507    17.7401          0          0  0.000e+00
  1021.7890      2.805      2.828    30.3504    17.7405          0          0  0.000e+00
  1021.7892      2.846      2.870    30.3505    17.7406          0          0  0.000e+00
  1021.7895      2.899      2.923    30.3506    17.7408          0          0  0.000e+00
  1021.7890      2.960      2.984    30.3499    17.7415          0          0  0.000e+00
  1021.7876      3.023      3.048    30.3477    17.7417          0          0  0.000e+00
  1021.7888      3.070      3.095    30.3487    17.7408          0          0  0.000e+00
  1021.7896      3.077      3.103    30.3495    17.7400          0          0  0.000e+00
