data/eDNA/PER-2021-171/171b019.cnv
* Sea-Bird SBE19plus  Data File:
* FileName = C:\Users\RSG_field\Ryan_2021_Perley\CTD\171b019.hex
* Software version 2.3.0 SB_Terminal.dll
* Temperature SN = 7141
* Conductivity SN = 7141
* System UpLoad Time = Aug 14 2021 13:51:11
* <ApplicationData>
* <SeatermAF>
** Platform: M. Perley
** Cruise: Per2021171
** Station:  ESI_01
** Cast: 01 2
** Latitude: N  44 54.384
** Longitude: W 62 13.838
** Sounding: 21.3
** Chief Scientist: Ryan Stanley
** Comment: 171b019
# nquan = 8
# nvalues = 2000                                  
# units = specified
# name 0 = density00: Density [density, kg/m^3]
# name 1 = depSM: Depth [salt water, m], lat = 45.00
# name 2 = prdM: Pressure, Strain Gauge [db]
# name 3 = sal00: Salinity, Practical [PSU]
# name 4 = tv290C: Temperature [ITS-90, deg C]
# name 5 = bpos: Bottle Position in Carousel
# name 6 = nbf: Bottles Fired
# name 7 = flag:  0.000e+00
# span 0 =   998.9379,  1023.5378                 
# span 1 =     -0.049,     20.952                 
# span 2 =     -0.049,     21.124                 
# span 3 =     0.0080,    30.7506                 
# span 4 =    10.5046,    17.6455                 
# span 5 =          0,          2                 
# span 6 =          0,          2                 
# span 7 = 0.0000e+00, 0.0000e+00                 
# interval = seconds: 0.25
# start_time = Aug 14 2021 16:40:40 [Instrument's time stamp, header]
# bad_flag = -9.990e-29
*END*
[from data line 1259]
  1023.4570     20.276     20.442    30.5659    10.7707          0          0  0.000e+00
  1023.4558     20.255     20.422    30.5655    10.7750          0          0  0.000e+00
  1023.4562     20.247     20.414    30.5669    10.7789          0          0  0.000e+00
  1023.4545     20.250     20.417    30.5657    10.7834          0          0  0.000e+00
  1023.4549     20.264     20.431    30.5670    10.7876          0          0  0.000e+00
  1023.4529     20.287     20.454    30.5653    10.7921          0          0  0.000e+00
  1023.4383     20.319     20.486    30.5471    10.7958          0          0  0.000e+00
  1023.4407     20.356     20.524    30.5490    10.7912          0          0  0.000e+00
  1023.4362     20.404     20.572    30.5415    10.7848          0          0  0.000e+00
  1023.4292     20.450     20.619    30.5299    10.7742          0          0  0.000e+00
  1023.4315     20.501     20.670    30.5287    10.7565          0          0  0.000e+00
  1023.4179     20.549     20.718    30.5064    10.7356          0          0  0.000e+00
  1023.4529     20.594     20.763    30.5449    10.7068          0          0  0.000e+00
  1023.4594     20.635     20.805    30.5497    10.6916          0          0  0.000e+00
  1023.4647     20.670     20.840    30.5543    10.6827          0          0  0.000e+00
  1023.4740     20.694     20.865    30.5643    10.6745          0          0  0.000e+00
  1023.4824     20.713     20.884    30.5746    10.6725          0          0  0.000e+00
  1023.4722     20.723     20.894    30.5620    10.6754          0          0  0.000e+00
  1023.4801     20.724     20.895    30.5719    10.6742          0          0  0.000e+00
  1023.4783     20.715     20.886    30.5701    10.6759          0          0  0.000e+00
  1023.4783     20.696     20.867    30.5706    10.6780          0          0  0.000e+00
  1023.4784     20.667     20.837    30.5714    10.6802          0          0  0.000e+00
  1023.4737     20.625     20.795    30.5661    10.6827          0          0  0.000e+00
  1023.4626     20.573     20.743    30.5521    10.6824          0          0  0.000e+00
  1023.4639     20.511     20.680    30.5525    10.6751          0          0  0.000e+00
  1023.4711     20.446     20.615    30.5602    10.6659          0          0  0.000e+00
  1023.4785     20.377     20.545    30.5690    10.6607          0          0  0.000e+00
  1023.4814     20.315     20.482    30.5730    10.6602          0          0  0.000e+00
  1023.4816     20.262     20.429    30.5740    10.6624          0          0  0.000e+00
  1023.4804     20.224     20.390    30.5733    10.6655          0          0  0.000e+00
  1023.4769     20.203     20.370    30.5697    10.6688          0          0  0.000e+00
  1023.4774     20.201     20.368    30.5707    10.6704          0          0  0.000e+00
  1023.4745     20.220     20.387    30.5674    10.6726          0          0  0.000e+00
  1023.4692     20.261     20.428    30.5604    10.6729          0          0  0.000e+00
  1023.4635     20.320     20.487    30.5518    10.6690          0          0  0.000e+00
  1023.4660     20.390     20.558    30.5528    10.6605          0          0  0.000e+00
  1023.4760     20.468     20.637    30.5636    10.6534          0          0  0.000e+00
  1023.4796     20.548     20.717    30.5668    10.6492          0          0  0.000e+00
  1023.4753     20.620     20.790    30.5607    10.6478          0          0  0.000e+00
  1023.4864     20.679     20.850    30.5737    10.6437          0          0  0.000e+00
  1023.4853     20.722     20.892    30.5723    10.6451          0          0  0.000e+00
  1023.4835     20.745     20.916    30.5705    10.6478          0          0  0.000e+00
  1023.4829     20.748     20.919    30.5700    10.6494          0          0  0.000e+00
  1023.4819     20.732     20.903    30.5690    10.6505          0          0  0.000e+00
  1023.4819     20.700     20.870    30.5693    10.6511          0          0  0.000e+00
  1023.4836     20.654     20.824    30.5720    10.6520          0          0  0.000e+00
  1023.4813     20.602     20.772    30.5698    10.6539          0          0  0.000e+00
  1023.4824     20.547     20.716    30.5719    10.6553          0          0  0.000e+00
  1023.4817     20.499     20.668    30.5717    10.6575          0          0  0.000e+00
  1023.4795     20.459     20.627    30.5696    10.6597          0          0  0.000e+00
  1023.4791     20.427     20.595    30.5696    10.6613          0          0  0.000e+00
  1023.4784     20.406     20.574    30.5691    10.6627          0          0  0.000e+00
  1023.4767     20.396     20.564    30.5673    10.6638          0          0  0.000e+00
  1023.4762     20.396     20.564    30.5666    10.6639          0          0  0.000e+00
  1023.4760     20.401     20.569    30.5662    10.6636          0          0  0.000e+00
  1023.4748     20.411     20.579    30.5645    10.6631          0          0  0.000e+00
  1023.4744     20.421     20.589    30.5637    10.6620          0          0  0.000e+00
  1023.4786     20.428     20.596    30.5688    10.6605          0          0  0.000e+00
  1023.4866     20.436     20.604    30.5793    10.6615          0          0  0.000e+00
  1023.4792     20.436     20.604    30.5712    10.6680          0          0  0.000e+00
  1023.4725     20.434     20.602    30.5634    10.6719          0          0  0.000e+00
  1023.4764     20.427     20.595    30.5683    10.6714          0          0  0.000e+00
  1023.4816     20.422     20.590    30.5752    10.6726          0          0  0.000e+00
  1023.4814     20.421     20.589    30.5762    10.6780          0          0  0.000e+00
  1023.4717     20.421     20.589    30.5652    10.6846          0          0  0.000e+00
  1023.4611     20.428     20.596    30.5518    10.6856          0          0  0.000e+00
  1023.4694     20.437     20.605    30.5610    10.6792          0          0  0.000e+00
  1023.4780     20.454     20.622    30.5712    10.6761          0          0  0.000e+00
  1023.4733     20.473     20.641    30.5657    10.6788          0          0  0.000e+00
  1023.4718     20.493     20.662    30.5638    10.6797          0          0  0.000e+00
  1023.4725     20.519     20.688    30.5644    10.6792          0          0  0.000e+00
  1023.4716     20.545     20.714    30.5631    10.6788          0          0  0.000e+00
  1023.4543     20.573     20.743    30.5403    10.6772          0          0  0.000e+00
  1023.4456     20.597     20.766    30.5263    10.6647          0          0  0.000e+00
  1023.4573     20.617     20.787    30.5362    10.6417          0          0  0.000e+00
  1023.4757     20.631     20.801    30.5556    10.6221          0          0  0.000e+00
  1023.4738     20.641     20.811    30.5508    10.6113          0          0  0.000e+00
  1023.4785     20.641     20.811    30.5542    10.5996          0          0  0.000e+00
  1023.4997     20.637     20.807    30.5793    10.5895          0          0  0.000e+00
  1023.4945     20.621     20.791    30.5730    10.5908          0          0  0.000e+00
  1023.4890     20.600     20.770    30.5662    10.5919          0          0  0.000e+00
  1023.4913     20.572     20.742    30.5689    10.5896          0          0  0.000e+00
  1023.4919     20.538     20.708    30.5695    10.5877          0          0  0.000e+00
  1023.4951     20.500     20.669    30.5734    10.5863          0          0  0.000e+00
  1023.4988     20.460     20.628    30.5785    10.5868          0          0  0.000e+00
  1023.5015     20.417     20.585    30.5831    10.5904          0          0  0.000e+00
  1023.4987     20.378     20.546    30.5810    10.5967          0          0  0.000e+00
  1023.4988     20.342     20.510    30.5827    10.6025          0          0  0.000e+00
  1023.4928     20.313     20.480    30.5765    10.6087          0          0  0.000e+00
  1023.4906     20.290     20.457    30.5748    10.6132          0          0  0.000e+00
  1023.4902     20.281     20.448    30.5750    10.6162          0          0  0.000e+00
  1023.4927     20.283     20.450    30.5788    10.6194          0          0  0.000e+00
  1023.4915     20.295     20.462    30.5783    10.6245          0          0  0.000e+00
  1023.4872     20.320     20.487    30.5740    10.6304          0          0  0.000e+00
  1023.4907     20.355     20.523    30.5791    10.6344          0          0  0.000e+00
  1023.4876     20.402     20.570    30.5759    10.6394          0          0  0.000e+00
  1023.5062     20.453     20.621    30.6012    10.6474          0          0  0.000e+00
  1023.4846     20.507     20.676    30.5769    10.6648          0          0  0.000e+00
  1023.4779     20.559     20.728    30.5699    10.6732          0          0  0.000e+00
  1023.4640     20.607     20.777    30.5521    10.6746          0          0  0.000e+00
  1023.4717     20.649     20.819    30.5602    10.6682          0          0  0.000e+00
  1023.4745     20.676     20.847    30.5629    10.6646          0          0  0.000e+00
  1023.4686     20.692     20.863    30.5547    10.6623          0          0  0.000e+00
  1023.4726     20.699     20.869    30.5587    10.6566          0          0  0.000e+00
  1023.4841     20.696     20.867    30.5723    10.6514          0          0  0.000e+00
  1023.4850     20.686     20.856    30.5736    10.6514          0          0  0.000e+00
  1023.4932     20.668     20.838    30.5849    10.6544          0          0  0.000e+00
  1023.4925     20.649     20.819    30.5861    10.6640          0          0  0.000e+00
  1023.4861     20.625     20.795    30.5806    10.6761          0          0  0.000e+00
  1023.4781     20.597     20.766    30.5725    10.6856          0          0  0.000e+00
  1023.4723     20.561     20.730    30.5665    10.6910          0          0  0.000e+00
  1023.4703     20.519     20.688    30.5647    10.6931          0          0  0.000e+00
  1023.4703     20.470     20.638    30.5651    10.6938          0          0  0.000e+00
  1023.4705     20.411     20.579    30.5658    10.6944          0          0  0.000e+00
  1023.4723     20.352     20.519    30.5687    10.6956          0          0  0.000e+00
  1023.4703     20.290     20.457    30.5670    10.6979          0          0  0.000e+00
  1023.4694     20.234     20.401    30.5666    10.7001          0          0  0.000e+00
  1023.4683     20.187     20.353    30.5660    10.7019          0          0  0.000e+00
  1023.4684     20.157     20.323    30.5667    10.7036          0          0  0.000e+00
  1023.4691     20.145     20.311    30.5681    10.7057          0          0  0.000e+00
  1023.4675     20.156     20.322    30.5666    10.7087          0          0  0.000e+00
  1023.4650     20.185     20.352    30.5638    10.7113          0          0  0.000e+00
  1023.4617     20.242     20.408    30.5596    10.7127          0          0  0.000e+00
  1023.4500     20.313     20.480    30.5436    10.7108          0          0  0.000e+00
  1023.4301     20.395     20.563    30.5150    10.6992          0          0  0.000e+00
  1023.4288     20.487     20.655    30.5071    10.6729          0          0  0.000e+00
  1023.4534     20.582     20.751    30.5310    10.6397          0          0  0.000e+00
  1023.4623     20.672     20.842    30.5364    10.6144          0          0  0.000e+00
  1023.4586     20.755     20.926    30.5268    10.5945          0          0  0.000e+00
  1023.4680     20.822     20.993    30.5330    10.5687          0          0  0.000e+00
  1023.4684     20.866     21.038    30.5271    10.5403          0          0  0.000e+00
  1023.5085     20.889     21.061    30.5724    10.5125          0          0  0.000e+00
  1023.5166     20.886     21.058    30.5812    10.5046          0          0  0.000e+00
  1023.5238     20.860     21.031    30.5907    10.5046          0          0  0.000e+00
  1023.5257     20.810     20.981    30.5947    10.5108          0          0  0.000e+00
  1023.5205     20.745     20.916    30.5903    10.5196          0          0  0.000e+00
  1023.5167     20.668     20.838    30.5876    10.5274          0          0  0.000e+00
  1023.5151     20.585     20.755    30.5874    10.5339          0          0  0.000e+00
  1023.5110     20.503     20.672    30.5840    10.5401          0          0  0.000e+00
  1023.5078     20.429     20.598    30.5813    10.5451          0          0  0.000e+00
  1023.5079     20.363     20.530    30.5826    10.5488          0          0  0.000e+00
  1023.5077     20.307     20.475    30.5836    10.5529          0          0  0.000e+00
  1023.5121     20.261     20.428    30.5908    10.5587          0          0  0.000e+00
  1023.5046     20.225     20.391    30.5834    10.5681          0          0  0.000e+00
  1023.4939     20.196     20.362    30.5712    10.5748          0          0  0.000e+00
  1023.4915     20.179     20.345    30.5682    10.5744          0          0  0.000e+00
  1023.4925     20.170     20.336    30.5690    10.5722          0          0  0.000e+00
  1023.4955     20.172     20.338    30.5724    10.5701          0          0  0.000e+00
  1023.4968     20.181     20.347    30.5740    10.5697          0          0  0.000e+00
  1023.4971     20.206     20.372    30.5743    10.5703          0          0  0.000e+00
  1023.4994     20.247     20.414    30.5773    10.5715          0          0  0.000e+00
  1023.5048     20.301     20.468    30.5848    10.5754          0          0  0.000e+00
  1023.4847     20.371     20.539    30.5597    10.5808          0          0  0.000e+00
  1023.4871     20.460     20.629    30.5611    10.5755          0          0  0.000e+00
  1023.4942     20.555     20.725    30.5682    10.5691          0          0  0.000e+00
  1023.4961     20.658     20.828    30.5694    10.5661          0          0  0.000e+00
  1023.4949     20.760     20.931    30.5670    10.5645          0          0  0.000e+00
  1023.4983     20.845     21.017    30.5703    10.5616          0          0  0.000e+00
  1023.4977     20.911     21.083    30.5687    10.5599          0          0  0.000e+00
  1023.4966     20.947     21.119    30.5665    10.5570          0          0  0.000e+00
  1023.5041     20.952     21.124    30.5753    10.5533          0          0  0.000e+00
  1023.5051     20.923     21.096    30.5768    10.5535          0          0  0.000e+00
  1023.5043     20.862     21.034    30.5764    10.5552          0          0  0.000e+00
  1023.5052     20.775     20.946    30.5786    10.5572          0          0  0.000e+00
  1023.5037     20.671     20.841    30.5779    10.5601          0          0  0.000e+00
  1023.5021     20.555     20.725    30.5771    10.5629          0          0  0.000e+00
  1023.5019     20.441     20.609    30.5781    10.5655          0          0  0.000e+00
  1023.5021     20.336     20.503    30.5796    10.5685          0          0  0.000e+00
  1023.5018     20.245     20.412    30.5806    10.5724          0          0  0.000e+00
  1023.4983     20.171     20.337    30.5776    10.5775          0          0  0.000e+00
  1023.5042     20.122     20.288    30.5864    10.5818          0          0  0.000e+00
  1023.4921     20.095     20.261    30.5726    10.5890          0          0  0.000e+00
  1023.4934     20.091     20.257    30.5750    10.5927          0          0  0.000e+00
  1023.5003     20.106     20.272    30.5844    10.5952          0          0  0.000e+00
  1023.5181     20.143     20.309    30.6089    10.6036          0          0  0.000e+00
  1023.5378     20.196     20.362    30.6390    10.6271          0          0  0.000e+00
  1023.5063     20.263     20.430    30.6071    10.6690          0          0  0.000e+00
  1023.4803     20.339     20.507    30.5799    10.6993          0          0  0.000e+00
  1023.4545     20.422     20.590    30.5489    10.7117          0          0  0.000e+00
