data/eDNA/PER-2021-171/171c001.cnv
* Sea-Bird SBE19plus  Data File:
* FileName = C:\Users\RSG_field\Ryan_2021_Perley\CTD\171c001.hex
* Software version 2.3.0 SB_Terminal.dll
* Temperature SN = 7141
* Conductivity SN = 7141
* System UpLoad Time = Aug 07 2021 21:08:48
* <ApplicationData>
* <SeatermAF>
** Platform: M. Perley
** Cruise: Per2021171
** Station:  1
** Cast: 01 3
** Latitude: N  44 27.5093
** Longitude: W 62 08.0403
** Sounding: 210
** Chief Scientist: Ryan Stanley
** Comment:
# nquan = 8
# nvalues = 5210                                  
# units = specified
# name 0 = density00: Density [density, kg/m^3]
# name 1 = depSM: Depth [salt water, m], lat = 45.00
# name 2 = prdM: Pressure, Strain Gauge [db]
# name 3 = sal00: Salinity, Practical [PSU]
# name 4 = tv290C: Temperature [ITS-90, deg C]
# name 5 = bpos: Bottle Position in Carousel
# name 6 = nbf: Bottles Fired
# name 7 = flag:  0.000e+00
# span 0 =   998.9585,  1027.8392                 
# span 1 =     -0.063,    202.918                 
# span 2 =     -0.063,    204.680                 
# span 3 =     0.0000,    35.2127                 
# span 4 =     2.9255,    16.4887                 
# span 5 =          0,          6                 
# span 6 =          0,          6                 
# span 7 = 0.0000e+00, 0.0000e+00                 
# interval = seconds: 0.25
# start_time = Aug 07 2021 19:40:31 [Instrument's time stamp, header]
# bad_flag = -9.990e-29
*END*
[from data line 1259]
  1025.8600     41.941     42.289    32.2363     3.2085          0          0  0.000e+00
  1025.8626     42.056     42.404    32.2388     3.2082          0          0  0.000e+00
  1025.8668     42.197     42.546    32.2433     3.2086          0          0  0.000e+00
  1025.8864     42.358     42.709    32.2673     3.2106          0          0  0.000e+00
  1025.9126     42.541     42.894    32.3000     3.2191          0          0  0.000e+00
  1025.9352     42.736     43.091    32.3291     3.2364          0          0  0.000e+00
  1025.9683     42.941     43.297    32.3723     3.2612          0          0  0.000e+00
  1026.0061     43.139     43.497    32.4225     3.2969          0          0  0.000e+00
  1026.0388     43.336     43.696    32.4681     3.3469          0          0  0.000e+00
  1026.0625     43.523     43.884    32.5040     3.4096          0          0  0.000e+00
  1026.0293     43.689     44.052    32.4690     3.4765          0          0  0.000e+00
  1025.9901     43.837     44.200    32.4246     3.5254          0          0  0.000e+00
  1025.9665     43.961     44.325    32.3974     3.5526          0          0  0.000e+00
  1025.9513     44.067     44.432    32.3791     3.5651          0          0  0.000e+00
  1025.9443     44.147     44.513    32.3702     3.5673          0          0  0.000e+00
  1025.9442     44.215     44.582    32.3692     3.5639          0          0  0.000e+00
  1025.9474     44.270     44.637    32.3722     3.5585          0          0  0.000e+00
  1025.9520     44.321     44.689    32.3772     3.5538          0          0  0.000e+00
  1025.9548     44.378     44.747    32.3800     3.5509          0          0  0.000e+00
  1025.9573     44.442     44.811    32.3826     3.5492          0          0  0.000e+00
  1025.9607     44.528     44.897    32.3863     3.5482          0          0  0.000e+00
  1025.9666     44.632     45.002    32.3930     3.5482          0          0  0.000e+00
  1025.9698     44.755     45.126    32.3965     3.5500          0          0  0.000e+00
  1025.9726     44.894     45.266    32.3996     3.5528          0          0  0.000e+00
  1025.9740     45.042     45.416    32.4008     3.5561          0          0  0.000e+00
  1025.9731     45.196     45.571    32.3991     3.5591          0          0  0.000e+00
  1025.9722     45.352     45.728    32.3973     3.5606          0          0  0.000e+00
  1025.9705     45.511     45.888    32.3942     3.5613          0          0  0.000e+00
  1025.9661     45.659     46.038    32.3877     3.5602          0          0  0.000e+00
  1025.9647     45.802     46.182    32.3847     3.5562          0          0  0.000e+00
  1025.9550     45.941     46.322    32.3709     3.5496          0          0  0.000e+00
  1025.9505     46.070     46.453    32.3631     3.5380          0          0  0.000e+00
  1025.9479     46.189     46.572    32.3573     3.5224          0          0  0.000e+00
  1025.9488     46.302     46.686    32.3555     3.5033          0          0  0.000e+00
  1025.9498     46.397     46.782    32.3539     3.4830          0          0  0.000e+00
  1025.9563     46.484     46.870    32.3589     3.4610          0          0  0.000e+00
  1025.9695     46.556     46.942    32.3727     3.4404          0          0  0.000e+00
  1025.9810     46.612     46.999    32.3852     3.4259          0          0  0.000e+00
  1025.9916     46.660     47.047    32.3971     3.4171          0          0  0.000e+00
  1025.9985     46.702     47.090    32.4052     3.4135          0          0  0.000e+00
  1026.0036     46.743     47.130    32.4113     3.4137          0          0  0.000e+00
  1026.0067     46.784     47.172    32.4153     3.4167          0          0  0.000e+00
  1026.0074     46.841     47.230    32.4163     3.4209          0          0  0.000e+00
  1026.0072     46.919     47.308    32.4162     3.4255          0          0  0.000e+00
  1026.0050     47.017     47.407    32.4134     3.4297          0          0  0.000e+00
  1026.0039     47.151     47.542    32.4115     3.4326          0          0  0.000e+00
  1025.9985     47.304     47.697    32.4039     3.4338          0          0  0.000e+00
  1025.9888     47.475     47.869    32.3904     3.4302          0          0  0.000e+00
  1025.9926     47.665     48.061    32.3927     3.4193          0          0  0.000e+00
  1025.9951     47.864     48.262    32.3933     3.4072          0          0  0.000e+00
  1026.0028     48.070     48.469    32.4002     3.3944          0          0  0.000e+00
  1026.0192     48.269     48.670    32.4184     3.3833          0          0  0.000e+00
  1026.0284     48.458     48.860    32.4281     3.3773          0          0  0.000e+00
  1026.0337     48.633     49.037    32.4335     3.3748          0          0  0.000e+00
  1026.0399     48.795     49.200    32.4402     3.3742          0          0  0.000e+00
  1026.0413     48.929     49.335    32.4411     3.3741          0          0  0.000e+00
  1026.0437     49.048     49.456    32.4435     3.3740          0          0  0.000e+00
  1026.0475     49.149     49.557    32.4476     3.3737          0          0  0.000e+00
  1026.0531     49.228     49.636    32.4542     3.3744          0          0  0.000e+00
  1026.0574     49.289     49.698    32.4596     3.3766          0          0  0.000e+00
  1026.0586     49.334     49.743    32.4611     3.3801          0          0  0.000e+00
  1026.0576     49.366     49.776    32.4601     3.3834          0          0  0.000e+00
  1026.0570     49.390     49.800    32.4596     3.3862          0          0  0.000e+00
  1026.0563     49.412     49.822    32.4587     3.3882          0          0  0.000e+00
  1026.0563     49.443     49.853    32.4588     3.3897          0          0  0.000e+00
  1026.0561     49.482     49.893    32.4585     3.3911          0          0  0.000e+00
  1026.0571     49.542     49.954    32.4595     3.3922          0          0  0.000e+00
  1026.0568     49.625     50.037    32.4587     3.3934          0          0  0.000e+00
  1026.0569     49.733     50.146    32.4583     3.3943          0          0  0.000e+00
  1026.0604     49.866     50.280    32.4619     3.3950          0          0  0.000e+00
  1026.0817     50.016     50.432    32.4881     3.3977          0          0  0.000e+00
  1026.0840     50.186     50.603    32.4913     3.4087          0          0  0.000e+00
  1026.0874     50.362     50.780    32.4961     3.4228          0          0  0.000e+00
  1026.0833     50.544     50.964    32.4915     3.4372          0          0  0.000e+00
  1026.0749     50.714     51.135    32.4813     3.4484          0          0  0.000e+00
  1026.0724     50.878     51.301    32.4780     3.4551          0          0  0.000e+00
  1026.0876     51.027     51.451    32.4968     3.4605          0          0  0.000e+00
  1026.1268     51.165     51.591    32.5467     3.4725          0          0  0.000e+00
  1026.1089     51.299     51.725    32.5263     3.4976          0          0  0.000e+00
  1026.1019     51.417     51.844    32.5194     3.5191          0          0  0.000e+00
  1026.1051     51.531     51.960    32.5246     3.5346          0          0  0.000e+00
  1026.1017     51.636     52.065    32.5213     3.5491          0          0  0.000e+00
  1026.1163     51.740     52.170    32.5406     3.5620          0          0  0.000e+00
  1026.1252     51.847     52.278    32.5532     3.5795          0          0  0.000e+00
  1026.1250     51.955     52.387    32.5549     3.6012          0          0  0.000e+00
  1026.1207     52.066     52.498    32.5513     3.6218          0          0  0.000e+00
  1026.1211     52.181     52.615    32.5533     3.6396          0          0  0.000e+00
  1026.1267     52.303     52.738    32.5616     3.6564          0          0  0.000e+00
  1026.1268     52.432     52.868    32.5629     3.6730          0          0  0.000e+00
  1026.1286     52.562     52.999    32.5663     3.6889          0          0  0.000e+00
  1026.1244     52.698     53.137    32.5620     3.7039          0          0  0.000e+00
  1026.1173     52.832     53.271    32.5538     3.7159          0          0  0.000e+00
  1026.1097     52.967     53.407    32.5442     3.7226          0          0  0.000e+00
  1026.1077     53.106     53.547    32.5412     3.7248          0          0  0.000e+00
  1026.1093     53.247     53.689    32.5423     3.7242          0          0  0.000e+00
  1026.1102     53.379     53.823    32.5424     3.7228          0          0  0.000e+00
  1026.1126     53.509     53.954    32.5444     3.7205          0          0  0.000e+00
  1026.1147     53.630     54.076    32.5461     3.7185          0          0  0.000e+00
  1026.1142     53.738     54.185    32.5446     3.7167          0          0  0.000e+00
  1026.1131     53.832     54.279    32.5423     3.7141          0          0  0.000e+00
  1026.1129     53.907     54.355    32.5412     3.7104          0          0  0.000e+00
  1026.1150     53.971     54.420    32.5430     3.7058          0          0  0.000e+00
  1026.1188     54.030     54.479    32.5468     3.7019          0          0  0.000e+00
  1026.1232     54.089     54.539    32.5517     3.6994          0          0  0.000e+00
  1026.1250     54.157     54.608    32.5535     3.6988          0          0  0.000e+00
  1026.1281     54.246     54.697    32.5570     3.6992          0          0  0.000e+00
  1026.1304     54.357     54.809    32.5594     3.7005          0          0  0.000e+00
  1026.1316     54.488     54.941    32.5604     3.7028          0          0  0.000e+00
  1026.1306     54.636     55.091    32.5585     3.7051          0          0  0.000e+00
  1026.1256     54.793     55.249    32.5514     3.7062          0          0  0.000e+00
  1026.1175     54.953     55.411    32.5399     3.7034          0          0  0.000e+00
  1026.1081     55.120     55.578    32.5261     3.6941          0          0  0.000e+00
  1026.1094     55.284     55.744    32.5248     3.6780          0          0  0.000e+00
  1026.1213     55.443     55.905    32.5368     3.6617          0          0  0.000e+00
  1026.1345     55.604     56.067    32.5509     3.6494          0          0  0.000e+00
  1026.1554     55.759     56.223    32.5755     3.6427          0          0  0.000e+00
  1026.1755     55.911     56.376    32.6003     3.6458          0          0  0.000e+00
  1026.1794     56.061     56.528    32.6056     3.6568          0          0  0.000e+00
  1026.1874     56.209     56.676    32.6163     3.6695          0          0  0.000e+00
  1026.1873     56.348     56.817    32.6171     3.6846          0          0  0.000e+00
  1026.1809     56.485     56.956    32.6100     3.6990          0          0  0.000e+00
  1026.1773     56.622     57.093    32.6060     3.7099          0          0  0.000e+00
  1026.1778     56.760     57.232    32.6068     3.7180          0          0  0.000e+00
  1026.1814     56.898     57.371    32.6115     3.7255          0          0  0.000e+00
  1026.1791     57.035     57.509    32.6087     3.7336          0          0  0.000e+00
  1026.1797     57.178     57.654    32.6095     3.7403          0          0  0.000e+00
  1026.1792     57.315     57.793    32.6087     3.7464          0          0  0.000e+00
  1026.1783     57.452     57.931    32.6074     3.7515          0          0  0.000e+00
  1026.1766     57.583     58.062    32.6050     3.7554          0          0  0.000e+00
  1026.1767     57.700     58.181    32.6048     3.7582          0          0  0.000e+00
  1026.1773     57.810     58.291    32.6051     3.7603          0          0  0.000e+00
  1026.1805     57.900     58.382    32.6089     3.7625          0          0  0.000e+00
  1026.1847     57.974     58.457    32.6140     3.7651          0          0  0.000e+00
  1026.1870     58.031     58.514    32.6170     3.7691          0          0  0.000e+00
  1026.1873     58.076     58.559    32.6176     3.7731          0          0  0.000e+00
  1026.1881     58.118     58.602    32.6188     3.7766          0          0  0.000e+00
  1026.1910     58.160     58.645    32.6227     3.7801          0          0  0.000e+00
  1026.1898     58.219     58.704    32.6212     3.7840          0          0  0.000e+00
  1026.1892     58.293     58.778    32.6205     3.7873          0          0  0.000e+00
  1026.1885     58.391     58.877    32.6193     3.7897          0          0  0.000e+00
  1026.1891     58.510     58.998    32.6196     3.7915          0          0  0.000e+00
  1026.1965     58.655     59.143    32.6282     3.7932          0          0  0.000e+00
  1026.1983     58.814     59.303    32.6301     3.7969          0          0  0.000e+00
  1026.1989     58.984     59.476    32.6302     3.8010          0          0  0.000e+00
  1026.2027     59.178     59.671    32.6343     3.8045          0          0  0.000e+00
  1026.2028     59.377     59.871    32.6338     3.8083          0          0  0.000e+00
  1026.2031     59.586     60.083    32.6332     3.8113          0          0  0.000e+00
  1026.2049     59.803     60.301    32.6345     3.8135          0          0  0.000e+00
  1026.2077     60.025     60.525    32.6370     3.8150          0          0  0.000e+00
  1026.2035     60.245     60.747    32.6305     3.8165          0          0  0.000e+00
  1026.1954     60.459     60.963    32.6189     3.8150          0          0  0.000e+00
  1026.2044     60.653     61.158    32.6282     3.8086          0          0  0.000e+00
  1026.2236     60.832     61.339    32.6509     3.8049          0          0  0.000e+00
  1026.2257     60.980     61.488    32.6531     3.8088          0          0  0.000e+00
  1026.2268     61.108     61.617    32.6543     3.8142          0          0  0.000e+00
  1026.2257     61.207     61.718    32.6530     3.8197          0          0  0.000e+00
  1026.2256     61.293     61.804    32.6530     3.8244          0          0  0.000e+00
  1026.2283     61.363     61.875    32.6565     3.8284          0          0  0.000e+00
  1026.2313     61.431     61.943    32.6605     3.8331          0          0  0.000e+00
  1026.2282     61.501     62.014    32.6568     3.8382          0          0  0.000e+00
  1026.2237     61.576     62.090    32.6511     3.8416          0          0  0.000e+00
  1026.2179     61.661     62.175    32.6433     3.8419          0          0  0.000e+00
  1026.2175     61.746     62.261    32.6419     3.8386          0          0  0.000e+00
  1026.2139     61.833     62.348    32.6362     3.8338          0          0  0.000e+00
  1026.2120     61.915     62.431    32.6326     3.8269          0          0  0.000e+00
  1026.2138     61.993     62.510    32.6333     3.8184          0          0  0.000e+00
  1026.2174     62.069     62.587    32.6363     3.8098          0          0  0.000e+00
  1026.2218     62.147     62.665    32.6405     3.8025          0          0  0.000e+00
  1026.2254     62.233     62.752    32.6438     3.7968          0          0  0.000e+00
  1026.2287     62.332     62.852    32.6468     3.7924          0          0  0.000e+00
  1026.2303     62.453     62.974    32.6477     3.7893          0          0  0.000e+00
  1026.2300     62.601     63.123    32.6462     3.7862          0          0  0.000e+00
  1026.2329     62.768     63.291    32.6482     3.7818          0          0  0.000e+00
  1026.2424     62.968     63.494    32.6584     3.7775          0          0  0.000e+00
  1026.2574     63.190     63.717    32.6758     3.7758          0          0  0.000e+00
  1026.2762     63.424     63.953    32.6984     3.7785          0          0  0.000e+00
  1026.2854     63.666     64.197    32.7096     3.7875          0          0  0.000e+00
  1026.2882     63.902     64.436    32.7133     3.7999          0          0  0.000e+00
  1026.2901     64.124     64.659    32.7160     3.8125          0          0  0.000e+00
