data/eDNA/PER-2021-171/171c021.cnv
* Sea-Bird SBE19plus  Data File:
* FileName = C:\Users\RSG_field\Ryan_2021_Perley\CTD\171c021.hex
* Software version 2.3.0 SB_Terminal.dll
* Temperature SN = 7141
* Conductivity SN = 7141
* System UpLoad Time = Aug 17 2021 14:10:08
* <ApplicationData>
* <SeatermAF>
** Platform: M. Perley
** Cruise: Per2021171
** Station:  SAB_06
** Cast: 01 3
** Latitude: N  46 22.085
** Longitude: W 59 05.824
** Sounding: 230
** Chief Scientist: Ryan Stanley
** Comment: 171c021
# nquan = 8
# nvalues = 5044                                  
# units = specified
# name 0 = density00: Density [density, kg/m^3]
# name 1 = depSM: Depth [salt water, m], lat = 45.00
# name 2 = prdM: Pressure, Strain Gauge [db]
# name 3 = sal00: Salinity, Practical [PSU]
# name 4 = tv290C: Temperature [ITS-90, deg C]
# name 5 = bpos: Bottle Position in Carousel
# name 6 = nbf: Bottles Fired
# name 7 = flag:  0.000e+00
# span 0 =   998.8096,  1027.9719                 
# span 1 =     -0.052,    208.484                 
# span 2 =     -0.052,    210.297                 
# span 3 =     0.0426,    34.4425                 
# span 4 =     2.1826,    19.8264                 
# span 5 =          0,          6                 
# span 6 =          0,          6                 
# span 7 = 0.0000e+00, 0.0000e+00                 
# interval = seconds: 0.25
# start_time = Aug 17 2021 16:42:36 [Instrument's time stamp, header]
# bad_flag = -9.990e-29
*END*
[from data line 3057]
  1027.9422    207.453    209.256    34.4221     6.8582          1          1  0.000e+00
  1027.9446    207.547    209.352    34.4245     6.8574          1          1  0.000e+00
  1027.9457    207.660    209.465    34.4252     6.8574          1          1  0.000e+00
  1027.9460    207.775    209.582    34.4250     6.8577          1          1  0.000e+00
  1027.9457    207.881    209.689    34.4240     6.8580          1          1  0.000e+00
  1027.9476    207.962    209.770    34.4259     6.8578          1          1  0.000e+00
  1027.9489    208.016    209.825    34.4275     6.8583          1          1  0.000e+00
  1027.9473    208.043    209.852    34.4254     6.8594          1          1  0.000e+00
  1027.9464    208.044    209.853    34.4243     6.8600          1          1  0.000e+00
  1027.9463    208.028    209.837    34.4243     6.8600          1          1  0.000e+00
  1027.9462    208.010    209.819    34.4242     6.8597          1          1  0.000e+00
  1027.9459    207.996    209.805    34.4240     6.8596          1          1  0.000e+00
  1027.9461    207.995    209.804    34.4242     6.8594          1          1  0.000e+00
  1027.9462    208.004    209.813    34.4242     6.8592          1          1  0.000e+00
  1027.9459    208.018    209.827    34.4238     6.8593          1          1  0.000e+00
  1027.9460    208.027    209.836    34.4237     6.8590          1          1  0.000e+00
  1027.9456    208.025    209.834    34.4232     6.8588          1          1  0.000e+00
  1027.9455    207.998    209.807    34.4231     6.8584          1          1  0.000e+00
  1027.9457    207.958    209.766    34.4236     6.8581          1          1  0.000e+00
  1027.9459    207.889    209.697    34.4243     6.8580          1          1  0.000e+00
  1027.9456    207.807    209.614    34.4243     6.8579          1          1  0.000e+00
  1027.9452    207.710    209.516    34.4244     6.8580          1          1  0.000e+00
  1027.9447    207.610    209.415    34.4243     6.8580          1          1  0.000e+00
  1027.9443    207.518    209.322    34.4244     6.8580          1          1  0.000e+00
  1027.9437    207.446    209.250    34.4240     6.8582          1          1  0.000e+00
  1027.9432    207.407    209.211    34.4237     6.8583          1          1  0.000e+00
  1027.9428    207.400    209.203    34.4232     6.8581          1          1  0.000e+00
  1027.9400    207.425    209.229    34.4194     6.8578          1          1  0.000e+00
  1027.9339    207.480    209.284    34.4111     6.8564          1          1  0.000e+00
  1027.9430    207.553    209.357    34.4217     6.8531          1          1  0.000e+00
  1027.9473    207.637    209.443    34.4264     6.8521          1          1  0.000e+00
  1027.9461    207.722    209.528    34.4247     6.8533          1          1  0.000e+00
  1027.9468    207.805    209.612    34.4253     6.8542          1          1  0.000e+00
  1027.9477    207.879    209.687    34.4260     6.8548          1          1  0.000e+00
  1027.9484    207.946    209.754    34.4267     6.8559          1          1  0.000e+00
  1027.9475    207.994    209.803    34.4255     6.8569          1          1  0.000e+00
  1027.9471    208.033    209.842    34.4248     6.8577          1          1  0.000e+00
  1027.9467    208.060    209.869    34.4243     6.8581          1          1  0.000e+00
  1027.9466    208.074    209.884    34.4242     6.8583          1          1  0.000e+00
  1027.9467    208.077    209.886    34.4243     6.8583          1          1  0.000e+00
  1027.9465    208.072    209.882    34.4239     6.8582          1          1  0.000e+00
  1027.9461    208.055    209.865    34.4236     6.8583          1          1  0.000e+00
  1027.9463    208.030    209.839    34.4240     6.8580          1          1  0.000e+00
  1027.9463    207.991    209.799    34.4242     6.8580          1          1  0.000e+00
  1027.9464    207.941    209.749    34.4246     6.8579          1          1  0.000e+00
  1027.9461    207.879    209.687    34.4246     6.8581          1          1  0.000e+00
  1027.9456    207.806    209.613    34.4244     6.8583          1          1  0.000e+00
  1027.9450    207.730    209.536    34.4241     6.8585          1          1  0.000e+00
  1027.9445    207.659    209.464    34.4239     6.8584          1          1  0.000e+00
  1027.9440    207.598    209.403    34.4236     6.8583          1          1  0.000e+00
  1027.9438    207.554    209.358    34.4236     6.8581          1          1  0.000e+00
  1027.9435    207.532    209.337    34.4233     6.8580          1          1  0.000e+00
  1027.9422    207.536    209.340    34.4216     6.8578          1          1  0.000e+00
  1027.9403    207.558    209.363    34.4189     6.8573          1          1  0.000e+00
  1027.9341    207.598    209.403    34.4105     6.8557          1          1  0.000e+00
  1027.9330    207.652    209.458    34.4082     6.8521          1          1  0.000e+00
  1027.9374    207.710    209.516    34.4127     6.8478          1          1  0.000e+00
  1027.9467    207.763    209.569    34.4237     6.8453          1          1  0.000e+00
  1027.9485    207.805    209.612    34.4260     6.8463          1          1  0.000e+00
  1027.9463    207.837    209.644    34.4234     6.8484          1          1  0.000e+00
  1027.9452    207.857    209.665    34.4220     6.8498          1          1  0.000e+00
  1027.9470    207.872    209.680    34.4244     6.8505          1          1  0.000e+00
  1027.9474    207.887    209.695    34.4251     6.8517          1          1  0.000e+00
  1027.9470    207.908    209.716    34.4247     6.8531          1          1  0.000e+00
  1027.9457    207.942    209.750    34.4229     6.8540          1          1  0.000e+00
  1027.9466    207.988    209.796    34.4240     6.8546          1          1  0.000e+00
  1027.9473    208.043    209.852    34.4246     6.8552          1          1  0.000e+00
  1027.9487    208.098    209.908    34.4263     6.8561          1          1  0.000e+00
  1027.9464    208.146    209.956    34.4232     6.8572          1          1  0.000e+00
  1027.9469    208.176    209.987    34.4238     6.8574          1          1  0.000e+00
  1027.9481    208.180    209.990    34.4252     6.8576          1          1  0.000e+00
  1027.9480    208.152    209.962    34.4254     6.8581          1          1  0.000e+00
  1027.9463    208.098    209.908    34.4237     6.8587          1          1  0.000e+00
  1027.9455    208.017    209.826    34.4231     6.8586          1          1  0.000e+00
  1027.9454    207.912    209.720    34.4235     6.8583          1          1  0.000e+00
  1027.9443    207.796    209.603    34.4228     6.8580          1          1  0.000e+00
  1027.9435    207.675    209.481    34.4224     6.8576          1          1  0.000e+00
  1027.9418    207.556    209.361    34.4209     6.8572          1          1  0.000e+00
  1027.9375    207.446    209.249    34.4159     6.8561          1          1  0.000e+00
  1027.9386    207.352    209.155    34.4175     6.8543          1          1  0.000e+00
  1027.9397    207.277    209.079    34.4191     6.8525          1          1  0.000e+00
  1027.9367    207.225    209.027    34.4153     6.8516          1          1  0.000e+00
  1027.9366    207.195    208.997    34.4150     6.8498          1          1  0.000e+00
  1027.9352    207.200    209.001    34.4129     6.8478          1          1  0.000e+00
  1027.9322    207.231    209.033    34.4085     6.8458          1          1  0.000e+00
  1027.9312    207.293    209.095    34.4064     6.8427          1          1  0.000e+00
  1027.9350    207.382    209.185    34.4101     6.8392          1          1  0.000e+00
  1027.9378    207.493    209.298    34.4125     6.8370          1          1  0.000e+00
  1027.9401    207.618    209.423    34.4145     6.8359          1          1  0.000e+00
  1027.9452    207.747    209.553    34.4202     6.8358          1          1  0.000e+00
  1027.9537    207.881    209.688    34.4305     6.8373          1          1  0.000e+00
  1027.9583    208.013    209.822    34.4364     6.8415          1          1  0.000e+00
  1027.9558    208.140    209.951    34.4336     6.8476          1          1  0.000e+00
  1027.9527    208.255    210.066    34.4298     6.8525          1          1  0.000e+00
  1027.9505    208.356    210.168    34.4270     6.8555          1          1  0.000e+00
  1027.9524    208.429    210.242    34.4292     6.8573          1          1  0.000e+00
  1027.9514    208.476    210.289    34.4281     6.8593          1          1  0.000e+00
  1027.9495    208.484    210.297    34.4259     6.8611          1          1  0.000e+00
  1027.9472    208.449    210.262    34.4232     6.8616          1          1  0.000e+00
  1027.9458    208.381    210.194    34.4219     6.8614          1          1  0.000e+00
  1027.9448    208.277    210.089    34.4210     6.8604          1          1  0.000e+00
  1027.9447    208.150    209.960    34.4215     6.8592          1          1  0.000e+00
  1027.9440    208.024    209.833    34.4211     6.8582          1          1  0.000e+00
  1027.9415    207.895    209.703    34.4185     6.8574          1          1  0.000e+00
  1027.9416    207.780    209.587    34.4190     6.8559          1          1  0.000e+00
  1027.9418    207.683    209.489    34.4196     6.8546          1          1  0.000e+00
  1027.9419    207.602    209.407    34.4201     6.8537          1          1  0.000e+00
  1027.9410    207.535    209.339    34.4193     6.8531          1          1  0.000e+00
  1027.9398    207.483    209.287    34.4179     6.8522          1          1  0.000e+00
  1027.9390    207.444    209.247    34.4169     6.8511          1          1  0.000e+00
  1027.9381    207.416    209.219    34.4157     6.8497          1          1  0.000e+00
  1027.9381    207.400    209.203    34.4155     6.8483          1          1  0.000e+00
  1027.9355    207.401    209.204    34.4119     6.8468          1          1  0.000e+00
  1027.9336    207.419    209.223    34.4091     6.8447          1          1  0.000e+00
  1027.9357    207.458    209.262    34.4108     6.8417          1          1  0.000e+00
  1027.9351    207.512    209.316    34.4094     6.8395          1          1  0.000e+00
  1027.9375    207.579    209.384    34.4117     6.8374          1          1  0.000e+00
  1027.9416    207.649    209.455    34.4163     6.8361          1          1  0.000e+00
  1027.9455    207.717    209.524    34.4209     6.8365          1          1  0.000e+00
  1027.9453    207.779    209.586    34.4207     6.8383          1          1  0.000e+00
  1027.9486    207.834    209.641    34.4248     6.8399          1          1  0.000e+00
  1027.9473    207.880    209.687    34.4233     6.8423          1          1  0.000e+00
  1027.9442    207.917    209.725    34.4195     6.8445          1          1  0.000e+00
  1027.9470    207.941    209.749    34.4231     6.8452          1          1  0.000e+00
  1027.9500    207.955    209.763    34.4270     6.8465          1          1  0.000e+00
  1027.9499    207.955    209.763    34.4274     6.8489          1          1  0.000e+00
  1027.9492    207.948    209.756    34.4269     6.8513          1          1  0.000e+00
  1027.9476    207.936    209.744    34.4253     6.8531          1          1  0.000e+00
  1027.9468    207.925    209.733    34.4245     6.8546          1          1  0.000e+00
  1027.9466    207.917    209.725    34.4245     6.8554          1          1  0.000e+00
  1027.9452    207.904    209.712    34.4230     6.8559          1          1  0.000e+00
  1027.9429    207.887    209.695    34.4201     6.8559          1          1  0.000e+00
  1027.9428    207.861    209.668    34.4199     6.8550          1          1  0.000e+00
  1027.9417    207.826    209.633    34.4186     6.8540          1          1  0.000e+00
  1027.9398    207.784    209.591    34.4161     6.8527          1          1  0.000e+00
  1027.9399    207.741    209.547    34.4163     6.8511          1          1  0.000e+00
  1027.9405    207.696    209.502    34.4171     6.8496          1          1  0.000e+00
  1027.9403    207.663    209.469    34.4167     6.8483          1          1  0.000e+00
  1027.9400    207.647    209.453    34.4163     6.8473          1          1  0.000e+00
  1027.9403    207.650    209.455    34.4165     6.8462          1          1  0.000e+00
  1027.9404    207.665    209.471    34.4163     6.8454          1          1  0.000e+00
  1027.9410    207.697    209.503    34.4168     6.8446          1          1  0.000e+00
  1027.9417    207.732    209.539    34.4173     6.8439          1          1  0.000e+00
  1027.9417    207.775    209.581    34.4171     6.8436          1          1  0.000e+00
  1027.9437    207.811    209.618    34.4193     6.8433          1          1  0.000e+00
  1027.9449    207.842    209.649    34.4207     6.8437          1          1  0.000e+00
  1027.9465    207.866    209.674    34.4228     6.8445          1          1  0.000e+00
  1027.9481    207.886    209.694    34.4249     6.8459          1          1  0.000e+00
  1027.9477    207.899    209.707    34.4247     6.8478          1          1  0.000e+00
  1027.9466    207.909    209.717    34.4236     6.8496          1          1  0.000e+00
  1027.9467    207.918    209.726    34.4239     6.8508          1          1  0.000e+00
  1027.9468    207.924    209.732    34.4241     6.8520          1          1  0.000e+00
  1027.9474    207.925    209.733    34.4251     6.8531          1          1  0.000e+00
  1027.9477    207.922    209.730    34.4256     6.8542          1          1  0.000e+00
  1027.9468    207.915    209.723    34.4248     6.8553          1          1  0.000e+00
  1027.9471    207.908    209.716    34.4253     6.8562          1          1  0.000e+00
  1027.9469    207.898    209.706    34.4253     6.8568          1          1  0.000e+00
  1027.9465    207.886    209.694    34.4250     6.8575          1          1  0.000e+00
  1027.9455    207.867    209.675    34.4239     6.8581          1          1  0.000e+00
  1027.9455    207.843    209.650    34.4241     6.8584          1          1  0.000e+00
  1027.9448    207.809    209.616    34.4234     6.8586          1          1  0.000e+00
  1027.9445    207.763    209.570    34.4233     6.8583          1          1  0.000e+00
  1027.9443    207.714    209.520    34.4233     6.8583          1          1  0.000e+00
  1027.9438    207.661    209.467    34.4229     6.8580          1          1  0.000e+00
  1027.9430    207.615    209.420    34.4221     6.8578          1          1  0.000e+00
  1027.9411    207.582    209.387    34.4198     6.8572          1          1  0.000e+00
  1027.9410    207.568    209.373    34.4196     6.8562          1          1  0.000e+00
  1027.9405    207.583    209.388    34.4187     6.8551          1          1  0.000e+00
  1027.9392    207.624    209.430    34.4166     6.8542          1          1  0.000e+00
  1027.9378    207.693    209.499    34.4141     6.8523          1          1  0.000e+00
  1027.9494    207.782    209.589    34.4279     6.8503          1          1  0.000e+00
  1027.9518    207.881    209.689    34.4307     6.8520          1          1  0.000e+00
  1027.9500    207.977    209.786    34.4284     6.8550          1          1  0.000e+00
  1027.9481    208.061    209.871    34.4259     6.8572          1          1  0.000e+00
  1027.9467    208.114    209.924    34.4240     6.8581          1          1  0.000e+00
  1027.9477    208.141    209.951    34.4252     6.8584          1          1  0.000e+00
  1027.9475    208.139    209.949    34.4250     6.8589          1          1  0.000e+00
  1027.9468    208.112    209.922    34.4243     6.8593          1          1  0.000e+00
