data/eDNA/PER-2021-171/171c025.cnv
* Sea-Bird SBE19plus  Data File:
* FileName = C:\Users\RSG_field\Ryan_2021_Perley\CTD\171c025.hex
* Software version 2.3.0 SB_Terminal.dll
* Temperature SN = 7141
* Conductivity SN = 7141
* System UpLoad Time = Aug 18 2021 14:04:06
* <ApplicationData>
* <SeatermAF>
** Platform: M. Perley
** Cruise: Per2021171
** Station:  SAB_01
** Cast: 01 3
** Latitude: N  45 51.348
** Longitude: W 60 09.09
** Sounding: 14.2
** Chief Scientist: Ryan Stanley
** Comment: 171c025
# nquan = 8
# nvalues = 1786                                  
# units = specified
# name 0 = density00: Density [density, kg/m^3]
# name 1 = depSM: Depth [salt water, m], lat = 45.00
# name 2 = prdM: Pressure, Strain Gauge [db]
# name 3 = sal00: Salinity, Practical [PSU]
# name 4 = tv290C: Temperature [ITS-90, deg C]
# name 5 = bpos: Bottle Position in Carousel
# name 6 = nbf: Bottles Fired
# name 7 = flag:  0.000e+00
# span 0 =   998.9026,  1023.4654                 
# span 1 =     -0.016,     13.874                 
# span 2 =     -0.016,     13.988                 
# span 3 =     0.0086,    30.5776                 
# span 4 =     9.9876,    18.3964                 
# span 5 =          0,          3                 
# span 6 =          0,          3                 
# span 7 = 0.0000e+00, 0.0000e+00                 
# interval = seconds: 0.25
# start_time = Aug 18 2021 16:53:56 [Instrument's time stamp, header]
# bad_flag = -9.990e-29
*END*
[from data line 1439]
  1023.4140     13.832     13.946    30.3845    10.0003          1          1  0.000e+00
  1023.4136     13.836     13.950    30.3842    10.0007          1          1  0.000e+00
  1023.4132     13.843     13.956    30.3836    10.0011          1          1  0.000e+00
  1023.4136     13.849     13.963    30.3841    10.0011          1          1  0.000e+00
  1023.4137     13.850     13.964    30.3843    10.0013          1          1  0.000e+00
  1023.4126     13.855     13.969    30.3829    10.0017          1          1  0.000e+00
  1023.4123     13.854     13.968    30.3824    10.0011          1          1  0.000e+00
  1023.4113     13.855     13.969    30.3809    10.0001          1          1  0.000e+00
  1023.4162     13.852     13.966    30.3873    10.0002          1          1  0.000e+00
  1023.4161     13.850     13.964    30.3876    10.0023          1          1  0.000e+00
  1023.4126     13.846     13.960    30.3836    10.0046          1          1  0.000e+00
  1023.4109     13.839     13.953    30.3816    10.0051          1          1  0.000e+00
  1023.4121     13.830     13.943    30.3830    10.0043          1          1  0.000e+00
  1023.4118     13.821     13.935    30.3825    10.0036          1          1  0.000e+00
  1023.4114     13.813     13.926    30.3818    10.0027          1          1  0.000e+00
  1023.4131     13.803     13.917    30.3839    10.0020          1          1  0.000e+00
  1023.4129     13.798     13.911    30.3836    10.0016          1          1  0.000e+00
  1023.4140     13.791     13.904    30.3850    10.0010          1          1  0.000e+00
  1023.4127     13.782     13.895    30.3834    10.0011          1          1  0.000e+00
  1023.4126     13.777     13.890    30.3831    10.0003          1          1  0.000e+00
  1023.4126     13.774     13.887    30.3829     9.9993          1          1  0.000e+00
  1023.4124     13.773     13.886    30.3824     9.9982          1          1  0.000e+00
  1023.4134     13.774     13.887    30.3834     9.9967          1          1  0.000e+00
  1023.4132     13.776     13.889    30.3829     9.9956          1          1  0.000e+00
  1023.4136     13.781     13.894    30.3831     9.9943          1          1  0.000e+00
  1023.4147     13.789     13.902    30.3843     9.9934          1          1  0.000e+00
  1023.4155     13.798     13.911    30.3852     9.9929          1          1  0.000e+00
  1023.4152     13.809     13.922    30.3847     9.9929          1          1  0.000e+00
  1023.4134     13.821     13.935    30.3823     9.9927          1          1  0.000e+00
  1023.4154     13.833     13.947    30.3845     9.9914          1          1  0.000e+00
  1023.4167     13.846     13.960    30.3858     9.9903          1          1  0.000e+00
  1023.4157     13.856     13.970    30.3845     9.9904          1          1  0.000e+00
  1023.4161     13.864     13.978    30.3849     9.9900          1          1  0.000e+00
  1023.4171     13.869     13.983    30.3861     9.9895          1          1  0.000e+00
  1023.4169     13.874     13.988    30.3858     9.9898          1          1  0.000e+00
  1023.4167     13.874     13.988    30.3856     9.9901          1          1  0.000e+00
  1023.4170     13.871     13.985    30.3861     9.9903          1          1  0.000e+00
  1023.4175     13.867     13.981    30.3869     9.9905          1          1  0.000e+00
  1023.4164     13.861     13.975    30.3855     9.9912          1          1  0.000e+00
  1023.4184     13.853     13.967    30.3882     9.9914          1          1  0.000e+00
  1023.4205     13.845     13.958    30.3913     9.9927          1          1  0.000e+00
  1023.4184     13.833     13.947    30.3892     9.9955          1          1  0.000e+00
  1023.4156     13.823     13.937    30.3862     9.9979          1          1  0.000e+00
  1023.4159     13.813     13.926    30.3869     9.9988          1          1  0.000e+00
  1023.4149     13.805     13.919    30.3857     9.9998          1          1  0.000e+00
  1023.4139     13.797     13.910    30.3846    10.0004          1          1  0.000e+00
  1023.4139     13.791     13.904    30.3847    10.0003          1          1  0.000e+00
  1023.4139     13.783     13.896    30.3847    10.0001          1          1  0.000e+00
  1023.4139     13.779     13.892    30.3847     9.9998          1          1  0.000e+00
  1023.4137     13.775     13.888    30.3845     9.9999          1          1  0.000e+00
  1023.4136     13.774     13.887    30.3842     9.9995          1          1  0.000e+00
  1023.4126     13.775     13.888    30.3829     9.9990          1          1  0.000e+00
  1023.4121     13.778     13.891    30.3820     9.9979          1          1  0.000e+00
  1023.4132     13.780     13.893    30.3831     9.9966          1          1  0.000e+00
  1023.4140     13.790     13.903    30.3837     9.9953          1          1  0.000e+00
  1023.4138     13.796     13.909    30.3834     9.9947          1          1  0.000e+00
  1023.4153     13.802     13.916    30.3851     9.9939          1          1  0.000e+00
  1023.4150     13.812     13.925    30.3846     9.9938          1          1  0.000e+00
  1023.4137     13.821     13.935    30.3828     9.9934          1          1  0.000e+00
  1023.4144     13.830     13.944    30.3834     9.9922          1          1  0.000e+00
  1023.4142     13.837     13.951    30.3829     9.9910          1          1  0.000e+00
  1023.4150     13.843     13.956    30.3836     9.9895          1          1  0.000e+00
  1023.4161     13.848     13.962    30.3847     9.9884          1          1  0.000e+00
  1023.4168     13.854     13.968    30.3854     9.9876          1          1  0.000e+00
  1023.4171     13.856     13.970    30.3858     9.9876          1          1  0.000e+00
  1023.4181     13.858     13.972    30.3870     9.9876          1          1  0.000e+00
  1023.4179     13.860     13.973    30.3869     9.9882          1          1  0.000e+00
  1023.4173     13.856     13.970    30.3863     9.9890          1          1  0.000e+00
  1023.4176     13.854     13.968    30.3869     9.9896          1          1  0.000e+00
  1023.4172     13.850     13.964    30.3864     9.9903          1          1  0.000e+00
  1023.4159     13.845     13.958    30.3850     9.9910          1          1  0.000e+00
  1023.4169     13.837     13.951    30.3863     9.9912          1          1  0.000e+00
  1023.4166     13.828     13.941    30.3861     9.9916          1          1  0.000e+00
  1023.4160     13.822     13.936    30.3854     9.9920          1          1  0.000e+00
  1023.4162     13.815     13.929    30.3858     9.9921          1          1  0.000e+00
  1023.4168     13.811     13.924    30.3866     9.9921          1          1  0.000e+00
  1023.4156     13.807     13.920    30.3852     9.9925          1          1  0.000e+00
  1023.4158     13.805     13.919    30.3854     9.9926          1          1  0.000e+00
  1023.4160     13.803     13.917    30.3858     9.9926          1          1  0.000e+00
  1023.4160     13.804     13.918    30.3858     9.9929          1          1  0.000e+00
  1023.4156     13.808     13.921    30.3853     9.9931          1          1  0.000e+00
  1023.4160     13.811     13.924    30.3859     9.9935          1          1  0.000e+00
  1023.4156     13.815     13.929    30.3855     9.9944          1          1  0.000e+00
  1023.4149     13.817     13.931    30.3847     9.9949          1          1  0.000e+00
  1023.4138     13.818     13.932    30.3833     9.9948          1          1  0.000e+00
  1023.4134     13.820     13.934    30.3826     9.9941          1          1  0.000e+00
  1023.4148     13.822     13.936    30.3841     9.9929          1          1  0.000e+00
  1023.4154     13.825     13.938    30.3847     9.9924          1          1  0.000e+00
  1023.4157     13.827     13.940    30.3851     9.9920          1          1  0.000e+00
  1023.4155     13.831     13.945    30.3847     9.9919          1          1  0.000e+00
  1023.4159     13.833     13.947    30.3853     9.9919          1          1  0.000e+00
  1023.4153     13.833     13.947    30.3845     9.9920          1          1  0.000e+00
  1023.4160     13.835     13.949    30.3853     9.9917          1          1  0.000e+00
  1023.4163     13.834     13.948    30.3858     9.9916          1          1  0.000e+00
  1023.4159     13.833     13.947    30.3853     9.9920          1          1  0.000e+00
  1023.4156     13.831     13.945    30.3850     9.9921          1          1  0.000e+00
  1023.4155     13.830     13.944    30.3848     9.9920          1          1  0.000e+00
  1023.4155     13.828     13.941    30.3848     9.9918          1          1  0.000e+00
  1023.4155     13.822     13.936    30.3847     9.9916          1          1  0.000e+00
  1023.4161     13.820     13.934    30.3855     9.9914          1          1  0.000e+00
  1023.4159     13.817     13.931    30.3852     9.9916          1          1  0.000e+00
  1023.4154     13.813     13.926    30.3846     9.9916          1          1  0.000e+00
  1023.4155     13.808     13.921    30.3849     9.9915          1          1  0.000e+00
  1023.4163     13.804     13.918    30.3858     9.9913          1          1  0.000e+00
  1023.4159     13.803     13.917    30.3854     9.9916          1          1  0.000e+00
  1023.4150     13.799     13.913    30.3843     9.9919          1          1  0.000e+00
  1023.4159     13.798     13.911    30.3854     9.9914          1          1  0.000e+00
  1023.4158     13.799     13.913    30.3852     9.9913          1          1  0.000e+00
  1023.4164     13.801     13.915    30.3860     9.9914          1          1  0.000e+00
  1023.4157     13.806     13.919    30.3851     9.9917          1          1  0.000e+00
  1023.4146     13.809     13.922    30.3837     9.9916          1          1  0.000e+00
  1023.4152     13.816     13.930    30.3843     9.9910          1          1  0.000e+00
  1023.4162     13.822     13.936    30.3854     9.9905          1          1  0.000e+00
  1023.4165     13.829     13.942    30.3857     9.9904          1          1  0.000e+00
  1023.4154     13.837     13.951    30.3843     9.9906          1          1  0.000e+00
  1023.4165     13.844     13.957    30.3857     9.9904          1          1  0.000e+00
  1023.4159     13.850     13.964    30.3848     9.9905          1          1  0.000e+00
  1023.4163     13.853     13.967    30.3854     9.9906          1          1  0.000e+00
  1023.4169     13.854     13.968    30.3861     9.9907          1          1  0.000e+00
  1023.4178     13.853     13.967    30.3874     9.9912          1          1  0.000e+00
  1023.4171     13.848     13.962    30.3869     9.9925          1          1  0.000e+00
  1023.4169     13.844     13.957    30.3868     9.9937          1          1  0.000e+00
  1023.4171     13.837     13.951    30.3874     9.9951          1          1  0.000e+00
  1023.4155     13.831     13.945    30.3857     9.9964          1          1  0.000e+00
  1023.4158     13.824     13.937    30.3863     9.9970          1          1  0.000e+00
  1023.4150     13.816     13.930    30.3853     9.9976          1          1  0.000e+00
  1023.4153     13.811     13.924    30.3859     9.9979          1          1  0.000e+00
  1023.4138     13.804     13.918    30.3842     9.9985          1          1  0.000e+00
  1023.4139     13.801     13.915    30.3842     9.9984          1          1  0.000e+00
  1023.4137     13.798     13.911    30.3839     9.9978          1          1  0.000e+00
  1023.4142     13.794     13.907    30.3845     9.9971          1          1  0.000e+00
  1023.4147     13.792     13.905    30.3850     9.9971          1          1  0.000e+00
  1023.4134     13.792     13.905    30.3835     9.9975          1          1  0.000e+00
  1023.4142     13.793     13.906    30.3843     9.9968          1          1  0.000e+00
  1023.4125     13.795     13.908    30.3820     9.9961          1          1  0.000e+00
  1023.4138     13.797     13.910    30.3833     9.9948          1          1  0.000e+00
  1023.4138     13.802     13.916    30.3832     9.9937          1          1  0.000e+00
  1023.4147     13.807     13.920    30.3840     9.9927          1          1  0.000e+00
  1023.4164     13.812     13.925    30.3861     9.9922          1          1  0.000e+00
  1023.4158     13.818     13.932    30.3854     9.9926          1          1  0.000e+00
  1023.4154     13.821     13.935    30.3849     9.9927          1          1  0.000e+00
  1023.4152     13.830     13.944    30.3846     9.9929          1          1  0.000e+00
  1023.4156     13.835     13.949    30.3849     9.9926          1          1  0.000e+00
  1023.4149     13.843     13.956    30.3841     9.9926          1          1  0.000e+00
  1023.4152     13.849     13.963    30.3844     9.9923          1          1  0.000e+00
  1023.4153     13.852     13.966    30.3844     9.9922          1          1  0.000e+00
  1023.4150     13.860     13.973    30.3840     9.9920          1          1  0.000e+00
  1023.4158     13.860     13.973    30.3848     9.9915          1          1  0.000e+00
  1023.4168     13.859     13.972    30.3862     9.9916          1          1  0.000e+00
  1023.4169     13.860     13.973    30.3865     9.9922          1          1  0.000e+00
  1023.4165     13.854     13.968    30.3862     9.9933          1          1  0.000e+00
  1023.4173     13.850     13.964    30.3875     9.9942          1          1  0.000e+00
  1023.4170     13.843     13.956    30.3874     9.9958          1          1  0.000e+00
  1023.4160     13.836     13.950    30.3865     9.9974          1          1  0.000e+00
  1023.4158     13.829     13.942    30.3865     9.9984          1          1  0.000e+00
  1023.4149     13.819     13.933    30.3856     9.9994          1          1  0.000e+00
  1023.4143     13.810     13.923    30.3851    10.0004          1          1  0.000e+00
  1023.4139     13.803     13.917    30.3847    10.0009          1          1  0.000e+00
  1023.4131     13.797     13.910    30.3838    10.0014          1          1  0.000e+00
  1023.4128     13.792     13.905    30.3834    10.0011          1          1  0.000e+00
  1023.4125     13.787     13.901    30.3830    10.0007          1          1  0.000e+00
  1023.4123     13.784     13.898    30.3826    10.0000          1          1  0.000e+00
  1023.4126     13.784     13.898    30.3829     9.9993          1          1  0.000e+00
  1023.4130     13.784     13.898    30.3832     9.9984          1          1  0.000e+00
  1023.4129     13.784     13.898    30.3829     9.9977          1          1  0.000e+00
  1023.4131     13.787     13.901    30.3830     9.9967          1          1  0.000e+00
  1023.4133     13.791     13.904    30.3830     9.9959          1          1  0.000e+00
  1023.4142     13.796     13.909    30.3839     9.9951          1          1  0.000e+00
  1023.4146     13.800     13.914    30.3844     9.9948          1          1  0.000e+00
  1023.4147     13.806     13.919    30.3845     9.9949          1          1  0.000e+00
  1023.4150     13.814     13.928    30.3849     9.9951          1          1  0.000e+00
  1023.4153     13.821     13.935    30.3853     9.9955          1          1  0.000e+00
  1023.4146     13.829     13.942    30.3844     9.9960          1          1  0.000e+00
  1023.4139     13.834     13.948    30.3836     9.9964          1          1  0.000e+00
  1023.4139     13.839     13.953    30.3835     9.9961          1          1  0.000e+00
  1023.4134     13.845     13.959    30.3827     9.9958          1          1  0.000e+00
  1023.4140     13.848     13.962    30.3834     9.9950          1          1  0.000e+00
  1023.4141     13.849     13.963    30.3833     9.9945          1          1  0.000e+00
