data/eDNA/PER-2021-171/171c006.ros
* Sea-Bird SBE19plus  Data File:
* FileName = C:\Users\RSG_field\Ryan_2021_Perley\CTD\171c006.hex
* Software version 2.3.0 SB_Terminal.dll
* Temperature SN = 7141
* Conductivity SN = 7141
* System UpLoad Time = Aug 12 2021 16:47:09
* <ApplicationData>
* <SeatermAF>
** Platform: M. Perley
** Cruise: Per2021171
** Station:  GC_06
** Cast: 01 3
** Latitude: N  44 46.942
** Longitude: W 62 26.613
** Sounding: 22.8
** Chief Scientist: Ryan Stanley
** Comment: 171c006
# nquan = 9
# nvalues = 27                                    
# units = specified
# name 0 = density00: Density [density, kg/m^3]
# name 1 = depSM: Depth [salt water, m], lat = 45.00
# name 2 = prdM: Pressure, Strain Gauge [db]
# name 3 = sal00: Salinity, Practical [PSU]
# name 4 = tv290C: Temperature [ITS-90, deg C]
# name 5 = bpos: Bottle Position in Carousel
# name 6 = nbf: Bottles Fired
# name 7 = scan: Scan Count
# name 8 = flag:  0.000e+00
# interval = seconds: 0.25
# start_time = Aug 12 2021 19:35:33 [Instrument's time stamp, header]
# bad_flag = -9.990e-29
*END*
  1023.8649     22.485     22.670    30.7383     9.1427          1          1       1440  0.000e+00
  1023.8559     22.417     22.602    30.7306     9.1597          1          1       1441  0.000e+00
  1023.8509     22.351     22.535    30.7276     9.1750          1          1       1442  0.000e+00
  1023.8460     22.289     22.472    30.7242     9.1884          1          1       1443  0.000e+00
  1023.8404     22.231     22.415    30.7199     9.2010          1          1       1444  0.000e+00
  1023.8330     22.182     22.364    30.7128     9.2113          1          1       1445  0.000e+00
  1023.8357     22.136     22.318    30.7179     9.2186          1          1       1446  0.000e+00
  1023.8314     22.105     22.287    30.7144     9.2278          1          1       1447  0.000e+00
  1023.8426     22.086     22.268    30.7307     9.2369          1          1       1448  0.000e+00
  1022.8836     10.799     10.887    30.7008    14.1599          2          2       1817  0.000e+00
  1022.9040     10.681     10.769    30.7368    14.1928          2          2       1818  0.000e+00
  1022.9476     10.542     10.629    30.8050    14.2337          2          2       1819  0.000e+00
  1022.9247     10.386     10.472    30.7966    14.3103          2          2       1820  0.000e+00
  1022.8393     10.211     10.295    30.7077    14.3887          2          2       1821  0.000e+00
  1022.8128     10.024     10.106    30.6845    14.4264          2          2       1822  0.000e+00
  1022.8329      9.833      9.914    30.7168    14.4450          2          2       1823  0.000e+00
  1022.8510      9.640      9.719    30.7496    14.4758          2          2       1824  0.000e+00
  1022.8578      9.460      9.538    30.7728    14.5250          2          2       1825  0.000e+00
  1022.0098      2.686      2.708    30.6734    17.8485          3          3       1879  0.000e+00
  1021.9658      2.483      2.504    30.6410    17.9252          3          3       1880  0.000e+00
  1021.9290      2.318      2.337    30.6139    17.9895          3          3       1881  0.000e+00
  1021.8980      2.211      2.229    30.5912    18.0446          3          3       1882  0.000e+00
  1021.8903      2.159      2.177    30.6003    18.1045          3          3       1883  0.000e+00
  1021.8336      2.166      2.184    30.5585    18.2077          3          3       1884  0.000e+00
  1021.7463      2.211      2.229    30.4861    18.3409          3          3       1885  0.000e+00
  1021.6571      2.287      2.306    30.4070    18.4608          3          3       1886  0.000e+00
  1021.5903      2.353      2.372    30.3463    18.5460          3          3       1887  0.000e+00
