data/eDNA/PER-2021-171/171c018.cnv
* Sea-Bird SBE19plus  Data File:
* FileName = C:\Users\RSG_field\Ryan_2021_Perley\CTD\171c018.hex
* Software version 2.3.0 SB_Terminal.dll
* Temperature SN = 7141
* Conductivity SN = 7141
* System UpLoad Time = Aug 13 2021 14:09:49
* <ApplicationData>
* <SeatermAF>
** Platform: M. Perley
** Cruise: Per2021171
** Station:  ESI_02
** Cast: 01 3
** Latitude: N  44 51.363
** Longitude: W 62 11.174
** Sounding: 51.8
** Chief Scientist: Ryan Stanley
** Comment: 171c018
# nquan = 8
# nvalues = 2363                                  
# units = specified
# name 0 = density00: Density [density, kg/m^3]
# name 1 = depSM: Depth [salt water, m], lat = 45.00
# name 2 = prdM: Pressure, Strain Gauge [db]
# name 3 = sal00: Salinity, Practical [PSU]
# name 4 = tv290C: Temperature [ITS-90, deg C]
# name 5 = bpos: Bottle Position in Carousel
# name 6 = nbf: Bottles Fired
# name 7 = flag:  0.000e+00
# span 0 =   999.0243,  1025.0180                 
# span 1 =     -0.075,     51.506                 
# span 2 =     -0.075,     51.935                 
# span 3 =     0.0083,    31.6567                 
# span 4 =     4.7493,    18.4148                 
# span 5 =          0,          5                 
# span 6 =          0,          5                 
# span 7 = 0.0000e+00, 0.0000e+00                 
# interval = seconds: 0.25
# start_time = Aug 13 2021 16:57:27 [Instrument's time stamp, header]
# bad_flag = -9.990e-29
*END*
[from data line 2158]
  1023.7954     21.017     21.190    30.6523     9.1134          2          2  0.000e+00
  1023.7956     20.795     20.966    30.6603     9.1459          2          2  0.000e+00
  1023.7750     20.576     20.746    30.6430     9.1859          2          2  0.000e+00
  1023.7578     20.354     20.521    30.6293     9.2213          2          2  0.000e+00
  1023.7459     20.149     20.315    30.6209     9.2501          2          2  0.000e+00
  1023.7319     19.964     20.128    30.6089     9.2745          2          2  0.000e+00
  1023.7318     19.810     19.973    30.6138     9.2948          2          2  0.000e+00
  1023.7274     19.693     19.855    30.6131     9.3167          2          2  0.000e+00
  1023.7286     19.615     19.776    30.6195     9.3388          2          2  0.000e+00
  1023.7333     19.572     19.734    30.6310     9.3648          2          2  0.000e+00
  1023.7227     19.572     19.734    30.6237     9.3968          2          2  0.000e+00
  1023.7131     19.612     19.773    30.6174     9.4278          2          2  0.000e+00
  1023.7073     19.667     19.829    30.6150     9.4546          2          2  0.000e+00
  1023.6899     19.722     19.884    30.5976     9.4805          2          2  0.000e+00
  1023.6754     19.760     19.923    30.5825     9.4987          2          2  0.000e+00
  1023.6667     19.763     19.926    30.5732     9.5085          2          2  0.000e+00
  1023.6606     19.721     19.883    30.5665     9.5129          2          2  0.000e+00
  1023.6564     19.620     19.782    30.5618     9.5130          2          2  0.000e+00
  1023.6547     19.468     19.628    30.5599     9.5102          2          2  0.000e+00
  1023.6565     19.274     19.432    30.5626     9.5061          2          2  0.000e+00
  1023.6607     19.041     19.198    30.5687     9.5027          2          2  0.000e+00
  1023.6675     18.786     18.941    30.5786     9.5020          2          2  0.000e+00
  1023.6684     18.524     18.677    30.5821     9.5053          2          2  0.000e+00
  1023.6696     18.272     18.422    30.5863     9.5116          2          2  0.000e+00
  1023.6722     18.034     18.183    30.5927     9.5198          2          2  0.000e+00
  1023.6758     17.819     17.966    30.6009     9.5313          2          2  0.000e+00
  1023.6574     17.631     17.776    30.5814     9.5458          2          2  0.000e+00
  1023.6766     17.469     17.613    30.6087     9.5543          2          2  0.000e+00
  1023.6751     17.329     17.472    30.6112     9.5726          2          2  0.000e+00
  1023.6586     17.209     17.350    30.5955     9.5958          2          2  0.000e+00
  1023.6605     17.099     17.240    30.6020     9.6132          2          2  0.000e+00
  1023.6511     17.005     17.145    30.5944     9.6320          2          2  0.000e+00
  1023.6411     16.925     17.064    30.5854     9.6484          2          2  0.000e+00
  1023.6357     16.854     16.992    30.5814     9.6605          2          2  0.000e+00
  1023.6421     16.789     16.927    30.5920     9.6707          2          2  0.000e+00
  1023.6371     16.722     16.860    30.5891     9.6859          2          2  0.000e+00
  1023.6268     16.669     16.806    30.5795     9.7024          2          2  0.000e+00
  1023.6177     16.615     16.752    30.5706     9.7142          2          2  0.000e+00
  1023.6101     16.560     16.696    30.5628     9.7219          2          2  0.000e+00
  1023.6150     16.512     16.648    30.5703     9.7265          2          2  0.000e+00
  1023.6039     16.469     16.604    30.5578     9.7336          2          2  0.000e+00
  1023.5992     16.425     16.560    30.5527     9.7371          2          2  0.000e+00
  1023.6074     16.372     16.507    30.5634     9.7371          2          2  0.000e+00
  1023.6100     16.310     16.444    30.5682     9.7420          2          2  0.000e+00
  1023.6165     16.231     16.365    30.5789     9.7512          2          2  0.000e+00
  1023.6161     16.126     16.259    30.5821     9.7667          2          2  0.000e+00
  1023.6051     15.999     16.131    30.5724     9.7842          2          2  0.000e+00
  1023.6005     15.845     15.976    30.5702     9.7979          2          2  0.000e+00
  1023.6201     15.664     15.793    30.5994     9.8125          3          3  0.000e+00
  1023.6281     15.464     15.591    30.6169     9.8420          3          3  0.000e+00
  1023.6267     15.241     15.367    30.6249     9.8835          3          3  0.000e+00
  1023.6157     15.007     15.130    30.6222     9.9319          3          3  0.000e+00
  1023.5960     14.762     14.883    30.6089     9.9825          3          3  0.000e+00
  1023.5868     14.517     14.637    30.6080    10.0280          3          3  0.000e+00
  1023.6102     14.282     14.399    30.6494    10.0760          3          3  0.000e+00
  1023.6001     14.066     14.181    30.6522    10.1453          3          3  0.000e+00
  1023.5935     13.877     13.991    30.6618    10.2261          3          3  0.000e+00
  1023.5758     13.725     13.838    30.6581    10.3114          3          3  0.000e+00
  1023.5689     13.616     13.728    30.6698    10.4050          3          3  0.000e+00
  1023.4729     13.549     13.661    30.5678    10.5026          3          3  0.000e+00
  1023.6057     13.513     13.624    30.7519    10.5641          3          3  0.000e+00
  1023.8001     13.524     13.635    31.0363    10.7232          3          3  0.000e+00
  1023.6733     13.560     13.672    30.9401    11.0263          3          3  0.000e+00
  1023.4904     13.600     13.712    30.7673    11.3058          3          3  0.000e+00
  1023.3359     13.637     13.750    30.6139    11.5067          3          3  0.000e+00
  1023.2425     13.654     13.767    30.5204    11.6246          3          3  0.000e+00
  1023.1885     13.644     13.756    30.4652    11.6862          3          3  0.000e+00
  1023.1482     13.596     13.708    30.4198    11.7134          3          3  0.000e+00
  1023.1413     13.512     13.623    30.4116    11.7144          3          3  0.000e+00
  1023.1392     13.387     13.497    30.4081    11.7081          3          3  0.000e+00
  1023.1488     13.234     13.342    30.4197    11.7005          3          3  0.000e+00
  1023.1767     13.058     13.165    30.4558    11.6966          3          3  0.000e+00
  1023.1928     12.865     12.970    30.4811    11.7115          3          3  0.000e+00
  1023.1987     12.657     12.761    30.4971    11.7425          3          3  0.000e+00
  1023.1862     12.444     12.546    30.4910    11.7804          3          3  0.000e+00
  1023.1835     12.224     12.325    30.4976    11.8181          3          3  0.000e+00
  1023.1802     12.001     12.099    30.5042    11.8586          3          3  0.000e+00
  1023.2095     11.778     11.875    30.5541    11.9049          3          3  0.000e+00
  1023.1973     11.561     11.656    30.5561    11.9756          3          3  0.000e+00
  1023.1603     11.349     11.442    30.5283    12.0542          3          3  0.000e+00
  1023.1441     11.149     11.240    30.5240    12.1201          3          3  0.000e+00
  1023.1048     10.968     11.058    30.4886    12.1802          3          3  0.000e+00
  1023.1542     10.814     10.902    30.5651    12.2297          3          3  0.000e+00
  1023.0784     10.691     10.778    30.4862    12.3060          3          3  0.000e+00
  1023.0726     10.603     10.690    30.4922    12.3599          3          3  0.000e+00
  1023.1050     10.556     10.643    30.5461    12.4089          3          3  0.000e+00
  1023.1413     10.550     10.636    30.6116    12.4856          3          3  0.000e+00
  1023.1434     10.583     10.669    30.6424    12.6026          3          3  0.000e+00
  1023.0916     10.643     10.730    30.6106    12.7473          3          3  0.000e+00
  1022.9972     10.703     10.791    30.5215    12.8825          3          3  0.000e+00
  1022.9195     10.757     10.846    30.4433    12.9735          3          3  0.000e+00
  1022.8811     10.775     10.864    30.4047    13.0187          3          3  0.000e+00
  1022.8576     10.750     10.838    30.3794    13.0382          3          3  0.000e+00
  1022.8453     10.671     10.758    30.3646    13.0407          3          3  0.000e+00
  1022.8472     10.535     10.621    30.3662    13.0342          3          3  0.000e+00
  1022.8443     10.348     10.433    30.3618    13.0270          3          3  0.000e+00
  1022.8568     10.116     10.199    30.3769    13.0174          3          3  0.000e+00
  1022.8692      9.845      9.926    30.3937    13.0142          3          3  0.000e+00
  1022.8743      9.561      9.639    30.4037    13.0211          3          3  0.000e+00
  1022.8695      9.265      9.341    30.4025    13.0340          3          3  0.000e+00
  1022.8708      8.983      9.057    30.4093    13.0482          3          3  0.000e+00
  1022.8630      8.725      8.797    30.4048    13.0649          3          3  0.000e+00
  1022.8516      8.500      8.569    30.3954    13.0806          3          3  0.000e+00
  1022.8462      8.310      8.378    30.3926    13.0925          3          3  0.000e+00
  1022.8466      8.163      8.230    30.3962    13.1019          3          3  0.000e+00
  1022.8516      8.052      8.118    30.4066    13.1151          3          3  0.000e+00
  1022.8412      7.974      8.039    30.3984    13.1342          3          3  0.000e+00
  1022.8475      7.924      7.989    30.4113    13.1516          3          3  0.000e+00
  1022.9219      7.903      7.968    30.5140    13.1772          3          3  0.000e+00
  1023.0187      7.898      7.962    30.6603    13.2608          3          3  0.000e+00
  1023.0656      7.903      7.968    30.7665    13.4398          3          3  0.000e+00
  1022.9477      7.912      7.977    30.6778    13.6893          3          3  0.000e+00
  1022.7940      7.919      7.984    30.5360    13.9099          3          3  0.000e+00
  1022.6869      7.915      7.979    30.4355    14.0570          3          3  0.000e+00
  1022.6167      7.892      7.957    30.3674    14.1431          3          3  0.000e+00
  1022.5778      7.851      7.915    30.3284    14.1858          3          3  0.000e+00
  1022.5933      7.789      7.853    30.3540    14.2052          3          3  0.000e+00
  1022.6139      7.709      7.772    30.3885    14.2331          3          3  0.000e+00
  1022.5649      7.603      7.665    30.3361    14.2728          3          3  0.000e+00
  1022.5735      7.477      7.538    30.3533    14.2927          3          3  0.000e+00
  1022.6072      7.335      7.395    30.4050    14.3199          3          3  0.000e+00
  1022.5880      7.175      7.234    30.3955    14.3740          3          3  0.000e+00
  1022.5609      7.003      7.060    30.3751    14.4254          3          3  0.000e+00
  1022.5540      6.812      6.868    30.3794    14.4709          3          3  0.000e+00
  1022.5424      6.612      6.666    30.3776    14.5159          3          3  0.000e+00
  1022.5220      6.403      6.456    30.3640    14.5593          3          3  0.000e+00
  1022.5089      6.191      6.242    30.3583    14.5970          3          3  0.000e+00
  1022.5107      5.981      6.030    30.3710    14.6307          3          3  0.000e+00
  1022.5319      5.784      5.831    30.4108    14.6715          3          3  0.000e+00
  1022.5227      5.596      5.642    30.4164    14.7325          4          4  0.000e+00
  1022.4835      5.420      5.465    30.3839    14.7961          4          4  0.000e+00
  1022.4599      5.256      5.299    30.3671    14.8438          4          4  0.000e+00
  1022.4347      5.107      5.149    30.3454    14.8809          4          4  0.000e+00
  1022.4611      4.970      5.011    30.3879    14.9079          4          4  0.000e+00
  1022.4681      4.846      4.886    30.4088    14.9483          4          4  0.000e+00
  1022.5077      4.740      4.779    30.4755    15.0019          4          4  0.000e+00
  1022.5073      4.650      4.688    30.4979    15.0829          4          4  0.000e+00
  1022.4809      4.579      4.616    30.4897    15.1757          4          4  0.000e+00
  1022.6738      4.540      4.577    30.7706    15.2832          4          4  0.000e+00
  1022.6774      4.532      4.569    30.8390    15.5100          4          4  0.000e+00
  1022.6778      4.552      4.590    30.9258    15.8137          4          4  0.000e+00
  1022.5566      4.595      4.632    30.8690    16.1647          4          4  0.000e+00
  1022.3381      4.638      4.676    30.6807    16.4952          4          4  0.000e+00
  1022.1423      4.673      4.711    30.4955    16.7332          4          4  0.000e+00
  1022.0317      4.684      4.722    30.3893    16.8615          4          4  0.000e+00
  1021.9664      4.663      4.701    30.3211    16.9178          4          4  0.000e+00
  1021.9166      4.592      4.629    30.2597    16.9288          4          4  0.000e+00
  1021.8956      4.470      4.506    30.2252    16.9028          4          4  0.000e+00
  1021.9412      4.292      4.327    30.2713    16.8540          4          4  0.000e+00
  1021.9929      4.060      4.094    30.3308    16.8228          4          4  0.000e+00
  1022.0507      3.795      3.827    30.4094    16.8283          4          4  0.000e+00
  1022.0636      3.497      3.525    30.4417    16.8744          4          4  0.000e+00
  1022.0699      3.187      3.213    30.4740    16.9486          4          4  0.000e+00
  1022.0911      2.882      2.905    30.5300    17.0371          4          4  0.000e+00
  1022.1030      2.589      2.610    30.5850    17.1622          5          5  0.000e+00
  1022.0077      2.326      2.345    30.5116    17.3253          5          5  0.000e+00
  1021.9992      2.104      2.121    30.5430    17.4599          5          5  0.000e+00
  1021.9880      1.939      1.955    30.5738    17.6050          5          5  0.000e+00
  1021.9247      1.838      1.853    30.5433    17.7721          5          5  0.000e+00
  1021.8392      1.792      1.807    30.4809    17.9301          5          5  0.000e+00
  1021.7791      1.797      1.812    30.4424    18.0583          5          5  0.000e+00
  1021.7317      1.837      1.852    30.4097    18.1526          5          5  0.000e+00
  1021.6786      1.892      1.907    30.3634    18.2270          5          5  0.000e+00
  1021.6435      1.939      1.955    30.3323    18.2750          5          5  0.000e+00
  1021.6172      1.955      1.971    30.3061    18.3016          5          5  0.000e+00
  1021.5972      1.937      1.953    30.2831    18.3114          5          5  0.000e+00
  1021.5938      1.882      1.898    30.2775    18.3066          5          5  0.000e+00
  1021.6092      1.790      1.805    30.2948    18.2957          5          5  0.000e+00
  1021.6013      1.654      1.668    30.2837    18.2911          5          5  0.000e+00
  1021.6074      1.487      1.499    30.2900    18.2826          5          5  0.000e+00
  1021.6183      1.305      1.315    30.3029    18.2750          5          5  0.000e+00
  1021.6254      1.150      1.159    30.3128    18.2739          5          5  0.000e+00
  1021.6206      1.037      1.046    30.3081    18.2769          5          5  0.000e+00
  1021.6268      0.961      0.969    30.3176    18.2797          5          5  0.000e+00
  1021.6292      0.902      0.909    30.3231    18.2860          5          5  0.000e+00
  1021.6256      0.824      0.831    30.3218    18.2956          5          5  0.000e+00
  1021.6173      0.756      0.762    30.3141    18.3045          5          5  0.000e+00
  1021.6155      0.681      0.687    30.3137    18.3092          5          5  0.000e+00
  1021.6077      0.570      0.575    30.3052    18.3126          5          5  0.000e+00
