data/eDNA/PER-2021-171/171c023.cnv
* Sea-Bird SBE19plus  Data File:
* FileName = C:\Users\RSG_field\Ryan_2021_Perley\CTD\171c023.hex
* Software version 2.3.0 SB_Terminal.dll
* Temperature SN = 7141
* Conductivity SN = 7141
* System UpLoad Time = Aug 17 2021 17:28:18
* <ApplicationData>
* <SeatermAF>
** Platform: M. Perley
** Cruise: Per2021171
** Station:  SAB_08
** Cast: 01 3
** Latitude: N  46 11.91
** Longitude: W 59 09.692
** Sounding: 92.2
** Chief Scientist: Ryan Stanley
** Comment: 171c023
# nquan = 8
# nvalues = 3022                                  
# units = specified
# name 0 = density00: Density [density, kg/m^3]
# name 1 = depSM: Depth [salt water, m], lat = 45.00
# name 2 = prdM: Pressure, Strain Gauge [db]
# name 3 = sal00: Salinity, Practical [PSU]
# name 4 = tv290C: Temperature [ITS-90, deg C]
# name 5 = bpos: Bottle Position in Carousel
# name 6 = nbf: Bottles Fired
# name 7 = flag:  0.000e+00
# span 0 =   998.7095,  1026.3589                 
# span 1 =     -0.029,     85.489                 
# span 2 =     -0.029,     86.206                 
# span 3 =     0.0794,    32.5050                 
# span 4 =     2.2153,    20.0299                 
# span 5 =          0,          2                 
# span 6 =          0,          2                 
# span 7 = 0.0000e+00, 0.0000e+00                 
# interval = seconds: 0.25
# start_time = Aug 17 2021 20:12:47 [Instrument's time stamp, header]
# bad_flag = -9.990e-29
*END*
[from data line 2338]
  1026.2195     74.481     75.104    32.4031     2.3496          1          1  0.000e+00
  1026.2191     74.433     75.056    32.4031     2.3509          1          1  0.000e+00
  1026.2187     74.394     75.016    32.4029     2.3525          1          1  0.000e+00
  1026.2182     74.357     74.979    32.4027     2.3539          1          1  0.000e+00
  1026.2180     74.308     74.930    32.4028     2.3554          1          1  0.000e+00
  1026.2157     74.244     74.866    32.4005     2.3569          1          1  0.000e+00
  1026.2152     74.145     74.765    32.4005     2.3575          1          1  0.000e+00
  1026.2153     74.012     74.631    32.4015     2.3578          1          1  0.000e+00
  1026.2164     73.846     74.464    32.4039     2.3584          1          1  0.000e+00
  1026.2154     73.689     74.305    32.4038     2.3601          1          1  0.000e+00
  1026.2146     73.520     74.135    32.4039     2.3619          1          1  0.000e+00
  1026.2139     73.361     73.975    32.4042     2.3639          1          1  0.000e+00
  1026.2123     73.233     73.846    32.4032     2.3663          1          1  0.000e+00
  1026.2111     73.141     73.752    32.4024     2.3683          1          1  0.000e+00
  1026.2141     73.080     73.692    32.4068     2.3700          1          1  0.000e+00
  1026.2209     73.042     73.653    32.4158     2.3737          1          1  0.000e+00
  1026.2208     73.014     73.624    32.4167     2.3818          1          1  0.000e+00
  1026.2319     72.993     73.604    32.4318     2.3925          1          1  0.000e+00
  1026.2417     72.948     73.558    32.4460     2.4101          1          1  0.000e+00
  1026.2199     72.882     73.492    32.4217     2.4358          1          1  0.000e+00
  1026.1899     72.785     73.393    32.3866     2.4539          1          1  0.000e+00
  1026.1795     72.642     73.250    32.3745     2.4551          1          1  0.000e+00
  1026.2133     72.468     73.074    32.4174     2.4497          1          1  0.000e+00
  1026.2349     72.272     72.877    32.4468     2.4623          1          1  0.000e+00
  1026.2317     72.056     72.659    32.4472     2.4922          1          1  0.000e+00
  1026.2179     71.832     72.433    32.4346     2.5254          1          1  0.000e+00
  1026.2195     71.619     72.218    32.4410     2.5569          1          1  0.000e+00
  1026.2099     71.423     72.020    32.4338     2.5915          1          1  0.000e+00
  1026.1802     71.246     71.842    32.4011     2.6253          1          1  0.000e+00
  1026.1725     71.116     71.710    32.3945     2.6479          1          1  0.000e+00
  1026.2011     71.015     71.609    32.4330     2.6680          1          1  0.000e+00
  1026.1893     70.941     71.534    32.4224     2.7030          1          1  0.000e+00
  1026.1955     70.906     71.499    32.4345     2.7434          1          1  0.000e+00
  1026.1863     70.867     71.459    32.4278     2.7869          1          1  0.000e+00
  1026.1919     70.828     71.420    32.4399     2.8314          1          1  0.000e+00
  1026.1744     70.787     71.379    32.4236     2.8818          1          1  0.000e+00
  1026.1144     70.709     71.300    32.3537     2.9267          1          1  0.000e+00
  1026.0977     70.608     71.198    32.3349     2.9415          1          1  0.000e+00
  1026.1062     70.475     71.064    32.3469     2.9467          1          1  0.000e+00
  1026.1215     70.328     70.916    32.3679     2.9543          1          1  0.000e+00
  1026.1362     70.162     70.748    32.3891     2.9719          1          1  0.000e+00
  1026.1362     69.994     70.579    32.3933     3.0003          1          1  0.000e+00
  1026.1264     69.835     70.419    32.3854     3.0328          1          1  0.000e+00
  1026.1158     69.685     70.267    32.3764     3.0635          1          1  0.000e+00
  1026.0970     69.537     70.118    32.3568     3.0913          1          1  0.000e+00
  1026.0801     69.391     69.971    32.3388     3.1116          1          1  0.000e+00
  1026.0749     69.242     69.821    32.3344     3.1238          1          1  0.000e+00
  1026.0669     69.080     69.657    32.3264     3.1335          1          1  0.000e+00
  1026.0651     68.903     69.479    32.3261     3.1408          1          1  0.000e+00
  1026.0616     68.721     69.295    32.3235     3.1474          1          1  0.000e+00
  1026.0606     68.538     69.111    32.3240     3.1537          1          1  0.000e+00
  1026.0577     68.371     68.942    32.3221     3.1599          1          1  0.000e+00
  1026.0576     68.214     68.784    32.3235     3.1650          1          1  0.000e+00
  1026.0582     68.084     68.652    32.3256     3.1707          1          1  0.000e+00
  1026.0587     67.986     68.554    32.3276     3.1778          1          1  0.000e+00
  1026.0587     67.926     68.493    32.3289     3.1859          1          1  0.000e+00
  1026.0591     67.900     68.467    32.3305     3.1952          1          1  0.000e+00
  1026.0556     67.902     68.469    32.3273     3.2057          1          1  0.000e+00
  1026.0605     67.928     68.495    32.3345     3.2156          1          1  0.000e+00
  1026.0724     67.966     68.534    32.3508     3.2306          1          1  0.000e+00
  1026.0541     67.978     68.545    32.3303     3.2527          1          1  0.000e+00
  1026.0380     67.953     68.521    32.3121     3.2685          1          1  0.000e+00
  1026.0276     67.881     68.448    32.3002     3.2753          1          1  0.000e+00
  1026.0263     67.745     68.311    32.2994     3.2757          1          1  0.000e+00
  1026.0273     67.554     68.118    32.3017     3.2750          1          1  0.000e+00
  1026.0315     67.329     67.891    32.3083     3.2753          1          1  0.000e+00
  1026.0359     67.078     67.638    32.3158     3.2787          1          1  0.000e+00
  1026.0384     66.836     67.394    32.3212     3.2860          1          1  0.000e+00
  1026.0338     66.620     67.176    32.3178     3.2962          1          1  0.000e+00
  1026.0332     66.447     67.001    32.3192     3.3061          1          1  0.000e+00
  1026.0330     66.309     66.862    32.3210     3.3167          1          1  0.000e+00
  1026.0252     66.201     66.753    32.3132     3.3288          1          1  0.000e+00
  1026.0183     66.116     66.668    32.3061     3.3387          1          1  0.000e+00
  1026.0122     66.038     66.589    32.2998     3.3456          1          1  0.000e+00
  1026.0077     65.957     66.507    32.2951     3.3498          1          1  0.000e+00
  1026.0044     65.855     66.405    32.2918     3.3521          1          1  0.000e+00
  1026.0008     65.736     66.285    32.2881     3.3528          1          1  0.000e+00
  1025.9949     65.586     66.133    32.2815     3.3522          1          1  0.000e+00
  1025.9950     65.415     65.961    32.2826     3.3511          1          1  0.000e+00
  1025.9955     65.230     65.774    32.2841     3.3498          1          1  0.000e+00
  1025.9956     65.043     65.586    32.2853     3.3501          1          1  0.000e+00
  1025.9951     64.868     65.409    32.2860     3.3522          1          1  0.000e+00
  1025.9935     64.719     65.259    32.2853     3.3560          1          1  0.000e+00
  1025.9901     64.603     65.142    32.2823     3.3607          1          1  0.000e+00
  1025.9893     64.516     65.054    32.2823     3.3647          1          1  0.000e+00
  1025.9880     64.459     64.997    32.2815     3.3691          1          1  0.000e+00
  1025.9888     64.415     64.953    32.2833     3.3742          1          1  0.000e+00
  1025.9876     64.373     64.910    32.2828     3.3807          1          1  0.000e+00
  1025.9914     64.321     64.858    32.2887     3.3883          1          1  0.000e+00
  1025.9803     64.238     64.774    32.2763     3.3976          1          1  0.000e+00
  1025.9731     64.121     64.656    32.2685     3.4020          1          1  0.000e+00
  1025.9788     63.959     64.492    32.2769     3.4037          1          1  0.000e+00
  1025.9902     63.758     64.290    32.2930     3.4097          1          1  0.000e+00
  1025.9856     63.534     64.064    32.2901     3.4231          1          1  0.000e+00
  1025.9867     63.300     63.828    32.2947     3.4383          1          1  0.000e+00
  1025.9796     63.073     63.599    32.2892     3.4568          1          1  0.000e+00
  1025.9664     62.877     63.401    32.2761     3.4758          1          1  0.000e+00
  1025.9542     62.712     63.235    32.2633     3.4892          1          1  0.000e+00
  1025.9491     62.593     63.115    32.2586     3.4979          1          1  0.000e+00
  1025.9406     62.516     63.037    32.2492     3.5051          1          1  0.000e+00
  1025.9180     62.472     62.993    32.2217     3.5101          1          1  0.000e+00
  1025.8980     62.455     62.976    32.1963     3.5071          1          1  0.000e+00
  1025.8368     62.454     62.975    32.1178     3.4935          1          1  0.000e+00
  1025.8139     62.456     62.977    32.0850     3.4584          1          1  0.000e+00
  1025.8483     62.445     62.965    32.1226     3.4102          1          1  0.000e+00
  1025.8910     62.404     62.925    32.1727     3.3762          1          1  0.000e+00
  1025.9137     62.334     62.854    32.2001     3.3632          1          1  0.000e+00
  1025.9119     62.227     62.746    32.1984     3.3630          1          1  0.000e+00
  1025.8948     62.077     62.594    32.1778     3.3629          1          1  0.000e+00
  1025.8884     61.898     62.414    32.1702     3.3565          1          1  0.000e+00
  1025.8842     61.691     62.205    32.1651     3.3469          1          1  0.000e+00
  1025.8625     61.464     61.976    32.1379     3.3360          1          1  0.000e+00
  1025.8349     61.225     61.736    32.1024     3.3165          1          1  0.000e+00
  1025.8545     60.988     61.496    32.1252     3.2875          1          1  0.000e+00
  1025.8532     60.770     61.276    32.1225     3.2664          1          1  0.000e+00
  1025.8643     60.582     61.087    32.1357     3.2503          1          1  0.000e+00
  1025.8651     60.437     60.940    32.1367     3.2433          1          1  0.000e+00
  1025.8634     60.339     60.842    32.1351     3.2420          1          1  0.000e+00
  1025.8630     60.282     60.784    32.1350     3.2432          1          1  0.000e+00
  1025.8469     60.263     60.765    32.1154     3.2471          1          1  0.000e+00
  1025.8261     60.266     60.768    32.0891     3.2457          1          1  0.000e+00
  1025.7838     60.277     60.779    32.0347     3.2354          1          1  0.000e+00
  1025.7902     60.278     60.780    32.0401     3.2115          1          1  0.000e+00
  1025.8144     60.249     60.751    32.0682     3.1893          1          1  0.000e+00
  1025.8321     60.178     60.679    32.0897     3.1784          1          1  0.000e+00
  1025.8349     60.049     60.549    32.0937     3.1767          1          1  0.000e+00
  1025.8335     59.867     60.366    32.0932     3.1780          1          1  0.000e+00
  1025.8283     59.635     60.132    32.0883     3.1797          1          1  0.000e+00
  1025.8220     59.375     59.870    32.0819     3.1801          1          1  0.000e+00
  1025.8108     59.108     59.601    32.0693     3.1790          1          1  0.000e+00
  1025.8036     58.858     59.348    32.0612     3.1745          1          1  0.000e+00
  1025.8026     58.650     59.139    32.0605     3.1678          1          1  0.000e+00
  1025.7904     58.490     58.977    32.0453     3.1608          1          1  0.000e+00
  1025.7886     58.397     58.883    32.0425     3.1505          1          1  0.000e+00
  1025.7909     58.352     58.838    32.0445     3.1393          1          1  0.000e+00
  1025.7657     58.360     58.846    32.0117     3.1292          1          1  0.000e+00
  1025.7805     58.409     58.895    32.0285     3.1159          1          1  0.000e+00
  1025.7796     58.473     58.960    32.0271     3.1169          1          1  0.000e+00
  1025.7712     58.527     59.015    32.0172     3.1257          1          1  0.000e+00
  1025.7647     58.557     59.045    32.0096     3.1316          1          1  0.000e+00
  1025.7616     58.544     59.032    32.0059     3.1339          1          1  0.000e+00
  1025.7644     58.477     58.963    32.0099     3.1343          1          1  0.000e+00
  1025.7661     58.341     58.827    32.0131     3.1363          1          1  0.000e+00
  1025.7626     58.141     58.626    32.0103     3.1406          1          1  0.000e+00
  1025.7626     57.893     58.375    32.0122     3.1443          1          1  0.000e+00
  1025.7645     57.605     58.085    32.0168     3.1488          1          1  0.000e+00
  1025.7659     57.305     57.782    32.0213     3.1573          1          1  0.000e+00
  1025.7620     57.021     57.496    32.0195     3.1706          1          1  0.000e+00
  1025.7563     56.781     57.254    32.0155     3.1860          1          1  0.000e+00
  1025.7512     56.598     57.069    32.0120     3.2016          1          1  0.000e+00
  1025.7696     56.487     56.957    32.0376     3.2189          1          1  0.000e+00
  1025.7479     56.441     56.911    32.0142     3.2502          1          1  0.000e+00
  1025.7880     56.453     56.923    32.0680     3.2828          1          1  0.000e+00
  1025.8055     56.512     56.982    32.0961     3.3397          1          1  0.000e+00
  1025.7694     56.578     57.049    32.0606     3.4291          1          1  0.000e+00
  1025.7024     56.620     57.091    31.9861     3.5155          1          1  0.000e+00
  1025.6507     56.615     57.086    31.9278     3.5726          1          1  0.000e+00
  1025.6217     56.553     57.024    31.8950     3.6007          1          1  0.000e+00
  1025.6129     56.413     56.883    31.8860     3.6113          1          1  0.000e+00
  1025.6085     56.208     56.676    31.8822     3.6162          1          1  0.000e+00
  1025.6041     55.947     56.413    31.8786     3.6185          1          1  0.000e+00
  1025.6101     55.658     56.121    31.8878     3.6192          1          1  0.000e+00
  1025.6121     55.369     55.830    31.8927     3.6248          1          1  0.000e+00
  1025.6075     55.115     55.573    31.8897     3.6349          1          1  0.000e+00
  1025.5994     54.907     55.364    31.8821     3.6462          1          1  0.000e+00
  1025.5902     54.761     55.216    31.8726     3.6568          1          1  0.000e+00
  1025.5793     54.675     55.130    31.8607     3.6673          1          1  0.000e+00
  1025.5626     54.626     55.080    31.8411     3.6771          1          1  0.000e+00
  1025.5479     54.630     55.085    31.8235     3.6842          1          1  0.000e+00
  1025.5383     54.661     55.116    31.8115     3.6866          1          1  0.000e+00
  1025.5314     54.698     55.153    31.8024     3.6857          1          1  0.000e+00
  1025.5368     54.729     55.184    31.8088     3.6835          1          1  0.000e+00
  1025.5388     54.733     55.188    31.8112     3.6829          1          1  0.000e+00
  1025.5377     54.704     55.160    31.8101     3.6835          1          1  0.000e+00
  1025.5349     54.638     55.092    31.8069     3.6836          1          1  0.000e+00
  1025.5334     54.520     54.974    31.8057     3.6827          1          1  0.000e+00
  1025.5334     54.364     54.816    31.8063     3.6811          1          1  0.000e+00
  1025.5324     54.164     54.614    31.8062     3.6800          1          1  0.000e+00
