data/eDNA/PER-2021-171/171c028.cnv
* Sea-Bird SBE19plus  Data File:
* FileName = C:\Users\RSG_field\Ryan_2021_Perley\CTD\171c028.hex
* Software version 2.3.0 SB_Terminal.dll
* Temperature SN = 7141
* Conductivity SN = 7141
* System UpLoad Time = Aug 18 2021 09:30:47
* <ApplicationData>
* <SeatermAF>
** Platform: M. Perley
** Cruise: Per2021171
** Station:  GC-04
** Cast: 01 3
** Latitude: N  44 55.575
** Longitude: W 59 51.597
** Sounding: 50.3
** Chief Scientist: Ryan Stanley
** Comment: 171c028
# nquan = 8
# nvalues = 3254                                  
# units = specified
# name 0 = density00: Density [density, kg/m^3]
# name 1 = depSM: Depth [salt water, m], lat = 45.00
# name 2 = prdM: Pressure, Strain Gauge [db]
# name 3 = sal00: Salinity, Practical [PSU]
# name 4 = tv290C: Temperature [ITS-90, deg C]
# name 5 = bpos: Bottle Position in Carousel
# name 6 = nbf: Bottles Fired
# name 7 = flag:  0.000e+00
# span 0 =   998.6948,  1024.2340                 
# span 1 =     -0.010,     50.000                 
# span 2 =     -0.010,     50.415                 
# span 3 =     0.0088,    30.9482                 
# span 4 =     8.4796,    19.1923                 
# span 5 =          0,          3                 
# span 6 =          0,          3                 
# span 7 = 0.0000e+00, 0.0000e+00                 
# interval = seconds: 0.25
# start_time = Aug 18 2021 12:13:12 [Instrument's time stamp, header]
# bad_flag = -9.990e-29
*END*
[from data line 1978]
  1021.7269     34.131     34.413    29.6266    16.2051          0          0  0.000e+00
  1021.7282     34.290     34.573    29.6271    16.2044          0          0  0.000e+00
  1021.7326     34.446     34.730    29.6318    16.2038          0          0  0.000e+00
  1021.7354     34.601     34.887    29.6347    16.2044          0          0  0.000e+00
  1021.7363     34.744     35.032    29.6353    16.2054          0          0  0.000e+00
  1021.7363     34.878     35.166    29.6348    16.2065          0          0  0.000e+00
  1021.7337     34.994     35.283    29.6310    16.2074          0          0  0.000e+00
  1021.7339     35.093     35.383    29.6305    16.2068          0          0  0.000e+00
  1021.7356     35.188     35.479    29.6321    16.2065          0          0  0.000e+00
  1021.7357     35.285     35.577    29.6318    16.2069          0          0  0.000e+00
  1021.7352     35.389     35.682    29.6306    16.2071          0          0  0.000e+00
  1021.7348     35.508     35.801    29.6292    16.2068          0          0  0.000e+00
  1021.7356     35.647     35.941    29.6293    16.2061          0          0  0.000e+00
  1021.7359     35.796     36.092    29.6287    16.2053          0          0  0.000e+00
  1021.7368     35.947     36.244    29.6288    16.2048          0          0  0.000e+00
  1021.7435     36.109     36.407    29.6364    16.2043          0          0  0.000e+00
  1021.7500     36.267     36.567    29.6445    16.2063          0          0  0.000e+00
  1021.7497     36.420     36.722    29.6444    16.2105          0          0  0.000e+00
  1021.7479     36.565     36.867    29.6425    16.2146          0          0  0.000e+00
  1021.7461     36.696     37.000    29.6400    16.2171          0          0  0.000e+00
  1021.7526     36.814     37.118    29.6484    16.2191          0          0  0.000e+00
  1021.7533     36.923     37.228    29.6489    16.2197          0          0  0.000e+00
  1021.7461     37.018     37.325    29.6356    16.2079          0          0  0.000e+00
  1021.7624     37.103     37.410    29.6471    16.1761          0          0  0.000e+00
  1021.7835     37.180     37.488    29.6646    16.1433          0          0  0.000e+00
  1021.7964     37.249     37.558    29.6741    16.1189          0          0  0.000e+00
  1021.8084     37.321     37.630    29.6836    16.0992          0          0  0.000e+00
  1021.8141     37.401     37.710    29.6860    16.0836          0          0  0.000e+00
  1021.8216     37.500     37.810    29.6912    16.0697          0          0  0.000e+00
  1021.8291     37.610     37.921    29.6970    16.0580          0          0  0.000e+00
  1021.8283     37.732     38.044    29.6928    16.0492          0          0  0.000e+00
  1021.8351     37.863     38.177    29.6976    16.0379          0          0  0.000e+00
  1021.8415     37.998     38.312    29.7024    16.0282          0          0  0.000e+00
  1021.8455     38.133     38.449    29.7048    16.0214          0          0  0.000e+00
  1021.8478     38.269     38.586    29.7056    16.0161          0          0  0.000e+00
  1021.8509     38.395     38.713    29.7074    16.0112          0          0  0.000e+00
  1021.8543     38.517     38.836    29.7100    16.0071          0          0  0.000e+00
  1021.8583     38.643     38.963    29.7139    16.0051          0          0  0.000e+00
  1021.8578     38.767     39.088    29.7124    16.0051          0          0  0.000e+00
  1021.8573     38.901     39.223    29.7110    16.0050          0          0  0.000e+00
  1021.8464     39.038     39.361    29.6955    16.0034          0          0  0.000e+00
  1021.8156     39.186     39.511    29.6508    15.9906          0          0  0.000e+00
  1021.8249     39.341     39.667    29.6491    15.9451          0          0  0.000e+00
  1021.8568     39.507     39.834    29.6731    15.8874          0          0  0.000e+00
  1021.8887     39.689     40.017    29.6996    15.8382          0          0  0.000e+00
  1021.8817     39.871     40.201    29.6789    15.8011          0          0  0.000e+00
  1021.8769     40.060     40.391    29.6572    15.7507          0          0  0.000e+00
  1021.9159     40.246     40.580    29.6875    15.6820          0          0  0.000e+00
  1021.9391     40.422     40.757    29.7005    15.6247          0          0  0.000e+00
  1021.9499     40.578     40.914    29.6993    15.5740          0          0  0.000e+00
  1021.9840     40.715     41.052    29.7281    15.5210          0          0  0.000e+00
  1022.0046     40.829     41.167    29.7430    15.4812          0          0  0.000e+00
  1022.0145     40.918     41.257    29.7475    15.4531          0          0  0.000e+00
  1022.0311     40.985     41.325    29.7610    15.4254          0          0  0.000e+00
  1022.0468     41.031     41.371    29.7751    15.4037          0          0  0.000e+00
  1022.0555     41.070     41.410    29.7822    15.3895          0          0  0.000e+00
  1022.0595     41.112     41.453    29.7844    15.3798          0          0  0.000e+00
  1022.0638     41.160     41.501    29.7874    15.3715          0          0  0.000e+00
  1022.0665     41.225     41.566    29.7888    15.3649          0          0  0.000e+00
  1022.0689     41.314     41.656    29.7896    15.3587          0          0  0.000e+00
  1022.0559     41.414     41.758    29.7700    15.3515          0          0  0.000e+00
  1022.0471     41.536     41.880    29.7520    15.3302          0          0  0.000e+00
  1022.0561     41.673     42.018    29.7519    15.2906          0          0  0.000e+00
  1022.0711     41.822     42.169    29.7580    15.2452          0          0  0.000e+00
  1022.0894     41.981     42.329    29.7682    15.1997          0          0  0.000e+00
  1022.0882     42.136     42.485    29.7539    15.1570          0          0  0.000e+00
  1022.0989     42.288     42.638    29.7521    15.1034          0          0  0.000e+00
  1022.1284     42.428     42.779    29.7732    15.0437          0          0  0.000e+00
  1022.1623     42.556     42.909    29.8025    14.9924          0          0  0.000e+00
  1022.1862     42.676     43.030    29.8231    14.9565          0          0  0.000e+00
  1022.2010     42.787     43.142    29.8352    14.9328          0          0  0.000e+00
  1022.2117     42.893     43.249    29.8441    14.9168          0          0  0.000e+00
  1022.2145     42.998     43.355    29.8442    14.9063          0          0  0.000e+00
  1022.2151     43.103     43.460    29.8414    14.8956          0          0  0.000e+00
  1022.2196     43.212     43.570    29.8432    14.8826          0          0  0.000e+00
  1022.2238     43.320     43.680    29.8444    14.8694          0          0  0.000e+00
  1022.2216     43.430     43.790    29.8370    14.8551          0          0  0.000e+00
  1022.2090     43.543     43.904    29.8141    14.8336          0          0  0.000e+00
  1022.1571     43.664     44.026    29.7350    14.7933          0          0  0.000e+00
  1022.1178     43.787     44.150    29.6559    14.6925          0          0  0.000e+00
  1022.1637     43.917     44.281    29.6690    14.5225          0          0  0.000e+00
  1022.2401     44.056     44.421    29.7184    14.3384          0          0  0.000e+00
  1022.3220     44.197     44.564    29.7797    14.1714          0          0  0.000e+00
  1022.3763     44.339     44.707    29.8124    14.0309          0          0  0.000e+00
  1022.4356     44.481     44.850    29.8553    13.9038          0          0  0.000e+00
  1022.4900     44.629     44.999    29.8961    13.7923          0          0  0.000e+00
  1022.5374     44.774     45.145    29.9332    13.7015          0          0  0.000e+00
  1022.5590     44.918     45.290    29.9417    13.6289          0          0  0.000e+00
  1022.5712     45.065     45.439    29.9386    13.5585          0          0  0.000e+00
  1022.5889     45.207     45.582    29.9409    13.4811          0          0  0.000e+00
  1022.5923     45.351     45.728    29.9226    13.3952          0          0  0.000e+00
  1022.6287     45.490     45.868    29.9427    13.2909          0          0  0.000e+00
  1022.6753     45.624     46.002    29.9756    13.1855          0          0  0.000e+00
  1022.7180     45.752     46.132    30.0070    13.0931          0          0  0.000e+00
  1022.7239     45.873     46.254    29.9938    13.0122          0          0  0.000e+00
  1022.7446     45.984     46.366    29.9963    12.9169          0          0  0.000e+00
  1022.7917     46.089     46.472    30.0315    12.8148          0          0  0.000e+00
  1022.8431     46.192     46.575    30.0754    12.7256          0          0  0.000e+00
  1022.8749     46.298     46.682    30.0992    12.6572          0          0  0.000e+00
  1022.8916     46.415     46.800    30.1066    12.6021          0          0  0.000e+00
  1022.9007     46.554     46.940    30.1044    12.5476          0          0  0.000e+00
  1022.9058     46.719     47.107    30.0952    12.4866          0          0  0.000e+00
  1022.9300     46.913     47.302    30.1085    12.4167          0          0  0.000e+00
  1022.9519     47.128     47.519    30.1186    12.3466          0          0  0.000e+00
  1022.9551     47.355     47.748    30.1041    12.2745          0          0  0.000e+00
  1022.9794     47.589     47.984    30.1135    12.1878          0          0  0.000e+00
  1023.0297     47.809     48.206    30.1556    12.0968          0          0  0.000e+00
  1023.0620     48.008     48.407    30.1775    12.0185          0          0  0.000e+00
  1023.0594     48.094     48.493    30.1561    11.9434          0          0  0.000e+00
  1023.1643     48.128     48.527    30.2695    11.8504          0          0  0.000e+00
  1023.2173     48.100     48.500    30.3288    11.8116          0          0  0.000e+00
  1023.2402     48.065     48.464    30.3604    11.8192          0          0  0.000e+00
  1023.2301     48.009     48.408    30.3548    11.8497          0          0  0.000e+00
  1023.1938     47.943     48.341    30.3170    11.8866          0          0  0.000e+00
  1023.1792     47.877     48.274    30.3030    11.9052          0          0  0.000e+00
  1023.1691     47.812     48.209    30.2926    11.9152          0          0  0.000e+00
  1023.1628     47.759     48.155    30.2861    11.9206          0          0  0.000e+00
  1023.1656     47.717     48.113    30.2908    11.9242          0          0  0.000e+00
  1023.1518     47.687     48.083    30.2741    11.9284          0          0  0.000e+00
  1023.1545     47.675     48.071    30.2776    11.9278          0          0  0.000e+00
  1023.1572     47.683     48.078    30.2808    11.9270          0          0  0.000e+00
  1023.1516     47.712     48.108    30.2741    11.9298          0          0  0.000e+00
  1023.1487     47.766     48.163    30.2701    11.9303          0          0  0.000e+00
  1023.1454     47.848     48.245    30.2649    11.9281          0          0  0.000e+00
  1023.1408     47.952     48.350    30.2569    11.9217          0          0  0.000e+00
  1023.1102     48.074     48.473    30.2137    11.9088          0          0  0.000e+00
  1023.1116     48.207     48.608    30.2051    11.8683          0          0  0.000e+00
  1023.0907     48.347     48.749    30.1627    11.8050          0          0  0.000e+00
  1023.1164     48.481     48.883    30.1730    11.7103          0          0  0.000e+00
  1023.1443     48.597     49.001    30.1851    11.6102          0          0  0.000e+00
  1023.1515     48.697     49.102    30.1696    11.5042          0          0  0.000e+00
  1023.2488     48.771     49.176    30.2674    11.3849          0          0  0.000e+00
  1023.2580     48.820     49.226    30.2604    11.3035          0          0  0.000e+00
  1023.2363     48.842     49.248    30.2127    11.2161          0          0  0.000e+00
  1023.3298     48.842     49.248    30.3060    11.0954          0          0  0.000e+00
  1023.4085     48.818     49.223    30.3896    11.0153          0          0  0.000e+00
  1023.4397     48.773     49.178    30.4236    10.9866          0          0  0.000e+00
  1023.4497     48.713     49.118    30.4354    10.9801          0          0  0.000e+00
  1023.4750     48.635     49.038    30.4697    10.9857          0          0  0.000e+00
  1023.4892     48.547     48.950    30.4945    11.0129          0          0  0.000e+00
  1023.4700     48.461     48.863    30.4806    11.0589          0          0  0.000e+00
  1023.4544     48.389     48.790    30.4714    11.1057          0          0  0.000e+00
  1023.4341     48.331     48.733    30.4555    11.1498          0          0  0.000e+00
  1023.4249     48.307     48.708    30.4527    11.1900          0          0  0.000e+00
  1023.4226     48.308     48.709    30.4597    11.2338          0          0  0.000e+00
  1023.3986     48.342     48.743    30.4401    11.2850          0          0  0.000e+00
  1023.3772     48.403     48.805    30.4235    11.3346          0          0  0.000e+00
  1023.3356     48.481     48.883    30.3793    11.3778          0          0  0.000e+00
  1023.2781     48.566     48.969    30.3089    11.3962          0          0  0.000e+00
  1023.2791     48.648     49.052    30.3043    11.3725          0          0  0.000e+00
  1023.2597     48.727     49.131    30.2703    11.3349          0          0  0.000e+00
  1023.2714     48.795     49.200    30.2720    11.2779          0          0  0.000e+00
  1023.2745     48.855     49.261    30.2595    11.2057          0          0  0.000e+00
  1023.3019     48.896     49.302    30.2757    11.1220          0          0  0.000e+00
  1023.3162     48.928     49.335    30.2754    11.0391          0          0  0.000e+00
  1023.3464     48.943     49.350    30.2948    10.9516          0          0  0.000e+00
  1023.4092     48.943     49.350    30.3565    10.8652          0          0  0.000e+00
  1023.4701     48.931     49.338    30.4227    10.8096          0          0  0.000e+00
  1023.4946     48.910     49.316    30.4507    10.7928          0          0  0.000e+00
  1023.4974     48.889     49.295    30.4552    10.7967          0          0  0.000e+00
  1023.4920     48.871     49.277    30.4510    10.8083          0          0  0.000e+00
  1023.4879     48.866     49.271    30.4483    10.8199          0          0  0.000e+00
  1023.4794     48.877     49.283    30.4394    10.8296          0          0  0.000e+00
  1023.4703     48.904     49.310    30.4287    10.8351          0          0  0.000e+00
  1023.4694     48.944     49.351    30.4274    10.8353          0          0  0.000e+00
  1023.4637     48.995     49.402    30.4193    10.8335          0          0  0.000e+00
  1023.4134     49.051     49.459    30.3523    10.8243          0          0  0.000e+00
  1023.4315     49.106     49.514    30.3652    10.7787          0          0  0.000e+00
  1023.4481     49.158     49.567    30.3751    10.7276          0          0  0.000e+00
  1023.4026     49.201     49.609    30.3055    10.6773          0          0  0.000e+00
  1023.4164     49.234     49.642    30.3035    10.5875          0          0  0.000e+00
  1023.4683     49.253     49.662    30.3471    10.4809          0          0  0.000e+00
  1023.5296     49.259     49.668    30.4070    10.3931          0          0  0.000e+00
  1023.5715     49.242     49.651    30.4485    10.3349          0          0  0.000e+00
  1023.6173     49.212     49.621    30.5003    10.3010          0          0  0.000e+00
  1023.6506     49.164     49.572    30.5420    10.2949          0          0  0.000e+00
  1023.6803     49.110     49.517    30.5852    10.3173          0          0  0.000e+00
  1023.6733     49.054     49.462    30.5877    10.3688          0          0  0.000e+00
  1023.6311     49.015     49.422    30.5465    10.4289          0          0  0.000e+00
