data/eDNA/PER-2021-171/171c001.cnv
* Sea-Bird SBE19plus  Data File:
* FileName = C:\Users\RSG_field\Ryan_2021_Perley\CTD\171c001.hex
* Software version 2.3.0 SB_Terminal.dll
* Temperature SN = 7141
* Conductivity SN = 7141
* System UpLoad Time = Aug 07 2021 21:08:48
* <ApplicationData>
* <SeatermAF>
** Platform: M. Perley
** Cruise: Per2021171
** Station:  1
** Cast: 01 3
** Latitude: N  44 27.5093
** Longitude: W 62 08.0403
** Sounding: 210
** Chief Scientist: Ryan Stanley
** Comment:
# nquan = 8
# nvalues = 5210                                  
# units = specified
# name 0 = density00: Density [density, kg/m^3]
# name 1 = depSM: Depth [salt water, m], lat = 45.00
# name 2 = prdM: Pressure, Strain Gauge [db]
# name 3 = sal00: Salinity, Practical [PSU]
# name 4 = tv290C: Temperature [ITS-90, deg C]
# name 5 = bpos: Bottle Position in Carousel
# name 6 = nbf: Bottles Fired
# name 7 = flag:  0.000e+00
# span 0 =   998.9585,  1027.8392                 
# span 1 =     -0.063,    202.918                 
# span 2 =     -0.063,    204.680                 
# span 3 =     0.0000,    35.2127                 
# span 4 =     2.9255,    16.4887                 
# span 5 =          0,          6                 
# span 6 =          0,          6                 
# span 7 = 0.0000e+00, 0.0000e+00                 
# interval = seconds: 0.25
# start_time = Aug 07 2021 19:40:31 [Instrument's time stamp, header]
# bad_flag = -9.990e-29
*END*
[from data line 4315]
  1026.6313     88.830     89.576    33.2796     5.8048          4          4  0.000e+00
  1026.6310     88.798     89.544    33.2795     5.8047          4          4  0.000e+00
  1026.6338     88.744     89.490    33.2833     5.8048          4          4  0.000e+00
  1026.6341     88.661     89.406    33.2844     5.8062          4          4  0.000e+00
  1026.6380     88.550     89.294    33.2904     5.8089          4          4  0.000e+00
  1026.6374     88.406     89.149    33.2913     5.8139          4          4  0.000e+00
  1026.6342     88.229     88.970    33.2891     5.8190          4          4  0.000e+00
  1026.6293     88.023     88.763    33.2846     5.8227          4          4  0.000e+00
  1026.6231     87.794     88.532    33.2785     5.8250          4          4  0.000e+00
  1026.6166     87.548     88.283    33.2718     5.8256          4          4  0.000e+00
  1026.6121     87.288     88.021    33.2676     5.8245          4          4  0.000e+00
  1026.6060     87.028     87.758    33.2611     5.8225          4          4  0.000e+00
  1026.6052     86.765     87.493    33.2610     5.8192          4          4  0.000e+00
  1026.5953     86.513     87.240    33.2495     5.8160          4          4  0.000e+00
  1026.5925     86.276     87.000    33.2465     5.8109          4          4  0.000e+00
  1026.5850     86.063     86.785    33.2374     5.8050          4          4  0.000e+00
  1026.5767     85.874     86.595    33.2268     5.7970          4          4  0.000e+00
  1026.5710     85.717     86.437    33.2189     5.7865          4          4  0.000e+00
  1026.5680     85.585     86.304    33.2138     5.7740          4          4  0.000e+00
  1026.5351     85.486     86.203    33.1706     5.7599          4          4  0.000e+00
  1026.5061     85.416     86.133    33.1300     5.7325          4          4  0.000e+00
  1026.5318     85.372     86.089    33.1568     5.6935          4          4  0.000e+00
  1026.5981     85.350     86.067    33.2366     5.6661          4          4  0.000e+00
  1026.6226     85.346     86.062    33.2677     5.6666          4          4  0.000e+00
  1026.5668     85.356     86.073    33.1993     5.6809          4          4  0.000e+00
  1026.5359     85.371     86.088    33.1591     5.6748          4          4  0.000e+00
  1026.5580     85.389     86.106    33.1832     5.6507          4          4  0.000e+00
  1026.5424     85.397     86.114    33.1607     5.6324          4          4  0.000e+00
  1026.5269     85.387     86.104    33.1380     5.6118          4          4  0.000e+00
  1026.5054     85.356     86.073    33.1069     5.5855          4          4  0.000e+00
  1026.5109     85.298     86.014    33.1090     5.5519          4          4  0.000e+00
  1026.5421     85.208     85.923    33.1445     5.5216          4          4  0.000e+00
  1026.5660     85.083     85.797    33.1730     5.5061          4          4  0.000e+00
  1026.5966     84.929     85.642    33.2124     5.5042          4          4  0.000e+00
  1026.6011     84.745     85.456    33.2210     5.5167          4          4  0.000e+00
  1026.5923     84.534     85.243    33.2137     5.5333          4          4  0.000e+00
  1026.5723     84.304     85.011    33.1916     5.5457          4          4  0.000e+00
  1026.5499     84.063     84.768    33.1651     5.5488          4          4  0.000e+00
  1026.4746     83.816     84.519    33.0704     5.5418          4          4  0.000e+00
  1026.3784     83.577     84.278    32.9439     5.5013          4          4  0.000e+00
  1026.3877     83.344     84.043    32.9445     5.4180          4          4  0.000e+00
  1026.4007     83.130     83.827    32.9501     5.3366          4          4  0.000e+00
  1026.4373     82.935     83.630    32.9873     5.2677          4          4  0.000e+00
  1026.4726     82.760     83.454    33.0255     5.2172          4          4  0.000e+00
  1026.4768     82.605     83.298    33.0270     5.1846          4          4  0.000e+00
  1026.4823     82.475     83.166    33.0310     5.1588          4          4  0.000e+00
  1026.4516     82.373     83.064    32.9894     5.1352          4          4  0.000e+00
  1026.4122     82.300     82.990    32.9348     5.0998          4          4  0.000e+00
  1026.4513     82.247     82.936    32.9772     5.0486          4          4  0.000e+00
  1026.4748     82.220     82.910    33.0017     5.0117          4          4  0.000e+00
  1026.4964     82.212     82.901    33.0260     4.9905          4          4  0.000e+00
  1026.4988     82.213     82.902    33.0273     4.9785          4          4  0.000e+00
  1026.5067     82.218     82.908    33.0361     4.9704          4          4  0.000e+00
  1026.4770     82.220     82.910    32.9977     4.9645          4          4  0.000e+00
  1026.4824     82.212     82.901    33.0023     4.9483          4          4  0.000e+00
  1026.5043     82.181     82.870    33.0278     4.9322          4          4  0.000e+00
  1026.5083     82.130     82.819    33.0322     4.9262          4          4  0.000e+00
  1026.5114     82.049     82.738    33.0364     4.9243          4          4  0.000e+00
  1026.5291     81.938     82.625    33.0596     4.9257          4          4  0.000e+00
  1026.5255     81.798     82.484    33.0572     4.9348          4          4  0.000e+00
  1026.5161     81.627     82.312    33.0478     4.9449          4          4  0.000e+00
  1026.5161     81.426     82.109    33.0500     4.9517          4          4  0.000e+00
  1026.5086     81.201     81.882    33.0428     4.9580          4          4  0.000e+00
  1026.4852     80.955     81.634    33.0150     4.9606          4          4  0.000e+00
  1026.4721     80.689     81.365    32.9989     4.9535          4          4  0.000e+00
  1026.4530     80.419     81.093    32.9744     4.9395          4          4  0.000e+00
  1026.4252     80.147     80.819    32.9380     4.9186          4          4  0.000e+00
  1026.4381     79.881     80.551    32.9515     4.8876          4          4  0.000e+00
  1026.4485     79.637     80.305    32.9623     4.8608          4          4  0.000e+00
  1026.4471     79.409     80.075    32.9591     4.8410          4          4  0.000e+00
  1026.4398     79.222     79.886    32.9483     4.8221          4          4  0.000e+00
  1026.4137     79.071     79.734    32.9133     4.8012          4          4  0.000e+00
  1026.3841     78.961     79.622    32.8720     4.7682          4          4  0.000e+00
  1026.3905     78.897     79.558    32.8741     4.7220          4          4  0.000e+00
  1026.4236     78.873     79.534    32.9104     4.6815          4          4  0.000e+00
  1026.4830     78.881     79.542    32.9821     4.6584          4          4  0.000e+00
  1026.4470     78.923     79.584    32.9364     4.6585          4          4  0.000e+00
  1026.4003     78.983     79.645    32.8757     4.6481          4          4  0.000e+00
  1026.3274     79.049     79.711    32.7784     4.6118          4          4  0.000e+00
  1026.3923     79.124     79.787    32.8517     4.5520          4          4  0.000e+00
  1026.4106     79.186     79.849    32.8693     4.5147          4          4  0.000e+00
  1026.3972     79.224     79.888    32.8489     4.4904          4          4  0.000e+00
  1026.4180     79.234     79.898    32.8715     4.4634          4          4  0.000e+00
  1026.4392     79.213     79.877    32.8957     4.4437          4          4  0.000e+00
  1026.4418     79.153     79.816    32.8982     4.4351          4          4  0.000e+00
  1026.4242     79.050     79.712    32.8759     4.4301          4          4  0.000e+00
  1026.4577     78.909     79.570    32.9178     4.4219          4          4  0.000e+00
  1026.4572     78.731     79.390    32.9188     4.4260          4          4  0.000e+00
  1026.4352     78.515     79.172    32.8932     4.4318          4          4  0.000e+00
  1026.4337     78.270     78.925    32.8925     4.4300          4          4  0.000e+00
  1026.4325     78.001     78.655    32.8922     4.4271          4          4  0.000e+00
  1026.4417     77.709     78.360    32.9051     4.4250          4          4  0.000e+00
  1026.4121     77.413     78.061    32.8696     4.4254          4          4  0.000e+00
  1026.4050     77.119     77.765    32.8613     4.4165          4          4  0.000e+00
  1026.4083     76.817     77.460    32.8655     4.4034          4          4  0.000e+00
  1026.4160     76.539     77.180    32.8753     4.3922          4          4  0.000e+00
  1026.4143     76.276     76.915    32.8738     4.3854          4          4  0.000e+00
  1026.4179     76.035     76.671    32.8792     4.3809          4          4  0.000e+00
  1026.4086     75.822     76.457    32.8684     4.3784          4          4  0.000e+00
  1026.4037     75.640     76.273    32.8627     4.3735          4          4  0.000e+00
  1026.3933     75.497     76.129    32.8493     4.3654          4          4  0.000e+00
  1026.3892     75.394     76.025    32.8433     4.3545          4          4  0.000e+00
  1026.3916     75.339     75.970    32.8451     4.3423          4          4  0.000e+00
  1026.4029     75.329     75.960    32.8578     4.3313          4          4  0.000e+00
  1026.4063     75.360     75.991    32.8611     4.3253          4          4  0.000e+00
  1026.4039     75.409     76.040    32.8573     4.3215          4          4  0.000e+00
  1026.3856     75.478     76.110    32.8333     4.3170          4          4  0.000e+00
  1026.3744     75.578     76.210    32.8170     4.3053          4          4  0.000e+00
  1026.3941     75.656     76.289    32.8391     4.2874          4          4  0.000e+00
  1026.4228     75.711     76.345    32.8736     4.2771          4          4  0.000e+00
  1026.4256     75.729     76.363    32.8772     4.2785          4          4  0.000e+00
  1026.4217     75.721     76.355    32.8731     4.2851          4          4  0.000e+00
  1026.4203     75.669     76.302    32.8724     4.2907          4          4  0.000e+00
  1026.4022     75.579     76.211    32.8506     4.2943          4          4  0.000e+00
  1026.4145     75.455     76.086    32.8665     4.2921          4          4  0.000e+00
  1026.4316     75.310     75.941    32.8893     4.2942          4          4  0.000e+00
  1026.4179     75.120     75.748    32.8745     4.3045          4          4  0.000e+00
  1026.4055     74.939     75.566    32.8608     4.3109          4          4  0.000e+00
  1026.3998     74.733     75.358    32.8548     4.3114          4          4  0.000e+00
  1026.3993     74.494     75.117    32.8554     4.3097          4          4  0.000e+00
  1026.4012     74.244     74.865    32.8591     4.3081          4          4  0.000e+00
  1026.4007     73.982     74.601    32.8600     4.3077          4          4  0.000e+00
  1026.3987     73.701     74.317    32.8592     4.3083          4          4  0.000e+00
  1026.3940     73.402     74.016    32.8551     4.3085          4          4  0.000e+00
  1026.3815     73.111     73.723    32.8410     4.3076          4          4  0.000e+00
  1026.3727     72.835     73.444    32.8308     4.3026          4          4  0.000e+00
  1026.3734     72.583     73.190    32.8321     4.2943          4          4  0.000e+00
  1026.3768     72.375     72.980    32.8366     4.2873          4          4  0.000e+00
  1026.3573     72.210     72.814    32.8123     4.2818          4          4  0.000e+00
  1026.3454     72.111     72.713    32.7964     4.2697          4          4  0.000e+00
  1026.3372     72.059     72.661    32.7842     4.2525          4          4  0.000e+00
  1026.3428     72.064     72.666    32.7885     4.2319          4          4  0.000e+00
  1026.3751     72.102     72.705    32.8269     4.2166          4          4  0.000e+00
  1026.3548     72.173     72.777    32.8003     4.2118          4          4  0.000e+00
  1026.3588     72.259     72.863    32.8036     4.2030          4          4  0.000e+00
  1026.3442     72.332     72.937    32.7834     4.1917          4          4  0.000e+00
  1026.3747     72.385     72.990    32.8199     4.1794          4          4  0.000e+00
  1026.3916     72.403     73.009    32.8407     4.1765          4          4  0.000e+00
  1026.3765     72.377     72.982    32.8227     4.1829          4          4  0.000e+00
  1026.3747     72.307     72.911    32.8210     4.1850          4          4  0.000e+00
  1026.3682     72.177     72.781    32.8134     4.1834          4          4  0.000e+00
  1026.3748     72.014     72.616    32.8224     4.1808          4          4  0.000e+00
  1026.3805     71.822     72.423    32.8308     4.1814          4          4  0.000e+00
  1026.3767     71.602     72.200    32.8277     4.1850          4          4  0.000e+00
  1026.3758     71.364     71.961    32.8286     4.1889          4          4  0.000e+00
  1026.3645     71.125     71.719    32.8161     4.1924          4          4  0.000e+00
  1026.3419     70.870     71.462    32.7890     4.1910          4          4  0.000e+00
  1026.3054     70.623     71.213    32.7430     4.1791          4          4  0.000e+00
  1026.3199     70.374     70.962    32.7595     4.1540          4          4  0.000e+00
  1026.3224     70.146     70.732    32.7612     4.1324          4          4  0.000e+00
  1026.3231     69.941     70.526    32.7610     4.1143          4          4  0.000e+00
  1026.3285     69.761     70.344    32.7669     4.0991          4          4  0.000e+00
  1026.3243     69.603     70.185    32.7610     4.0870          4          4  0.000e+00
  1026.3077     69.468     70.049    32.7392     4.0745          4          4  0.000e+00
  1026.2706     69.357     69.937    32.6905     4.0535          4          4  0.000e+00
  1026.2888     69.279     69.857    32.7095     4.0184          4          4  0.000e+00
  1026.3019     69.212     69.790    32.7223     3.9861          4          4  0.000e+00
  1026.3505     69.158     69.736    32.7813     3.9661          4          4  0.000e+00
  1026.3503     69.117     69.695    32.7814     3.9673          4          4  0.000e+00
  1026.3130     69.090     69.667    32.7349     3.9697          4          4  0.000e+00
  1026.3131     69.071     69.648    32.7338     3.9585          4          4  0.000e+00
  1026.3083     69.063     69.640    32.7256     3.9420          4          4  0.000e+00
  1026.3106     69.054     69.631    32.7266     3.9262          4          4  0.000e+00
  1026.3200     69.049     69.625    32.7367     3.9114          4          4  0.000e+00
  1026.3301     69.036     69.613    32.7482     3.9015          4          4  0.000e+00
  1026.3342     69.009     69.586    32.7529     3.8971          4          4  0.000e+00
  1026.3339     68.963     69.539    32.7527     3.8957          4          4  0.000e+00
  1026.3354     68.892     69.467    32.7549     3.8950          4          4  0.000e+00
  1026.3405     68.788     69.362    32.7620     3.8951          4          4  0.000e+00
  1026.3490     68.645     69.218    32.7739     3.8981          4          4  0.000e+00
  1026.3372     68.460     69.032    32.7611     3.9062          4          4  0.000e+00
  1026.3361     68.235     68.805    32.7617     3.9110          4          4  0.000e+00
  1026.3320     67.974     68.541    32.7585     3.9143          4          4  0.000e+00
  1026.3180     67.679     68.244    32.7428     3.9163          4          4  0.000e+00
  1026.3131     67.364     67.926    32.7381     3.9124          4          4  0.000e+00
  1026.3030     67.037     67.597    32.7266     3.9065          4          4  0.000e+00
  1026.2987     66.714     67.271    32.7220     3.8976          4          4  0.000e+00
  1026.3063     66.401     66.955    32.7321     3.8874          4          4  0.000e+00
  1026.3058     66.117     66.669    32.7323     3.8811          4          4  0.000e+00
