data/eDNA/PER-2021-171/171c018.cnv
* Sea-Bird SBE19plus  Data File:
* FileName = C:\Users\RSG_field\Ryan_2021_Perley\CTD\171c018.hex
* Software version 2.3.0 SB_Terminal.dll
* Temperature SN = 7141
* Conductivity SN = 7141
* System UpLoad Time = Aug 13 2021 14:09:49
* <ApplicationData>
* <SeatermAF>
** Platform: M. Perley
** Cruise: Per2021171
** Station:  ESI_02
** Cast: 01 3
** Latitude: N  44 51.363
** Longitude: W 62 11.174
** Sounding: 51.8
** Chief Scientist: Ryan Stanley
** Comment: 171c018
# nquan = 8
# nvalues = 2363                                  
# units = specified
# name 0 = density00: Density [density, kg/m^3]
# name 1 = depSM: Depth [salt water, m], lat = 45.00
# name 2 = prdM: Pressure, Strain Gauge [db]
# name 3 = sal00: Salinity, Practical [PSU]
# name 4 = tv290C: Temperature [ITS-90, deg C]
# name 5 = bpos: Bottle Position in Carousel
# name 6 = nbf: Bottles Fired
# name 7 = flag:  0.000e+00
# span 0 =   999.0243,  1025.0180                 
# span 1 =     -0.075,     51.506                 
# span 2 =     -0.075,     51.935                 
# span 3 =     0.0083,    31.6567                 
# span 4 =     4.7493,    18.4148                 
# span 5 =          0,          5                 
# span 6 =          0,          5                 
# span 7 = 0.0000e+00, 0.0000e+00                 
# interval = seconds: 0.25
# start_time = Aug 13 2021 16:57:27 [Instrument's time stamp, header]
# bad_flag = -9.990e-29
*END*
[from data line 899]
  1023.6045     16.898     17.037    30.5758     9.8306          0          0  0.000e+00
  1023.6144     17.103     17.244    30.5840     9.8146          0          0  0.000e+00
  1023.6170     17.235     17.377    30.5839     9.8016          0          0  0.000e+00
  1023.6278     17.243     17.385    30.5949     9.7879          0          0  0.000e+00
  1023.6455     17.160     17.301    30.6165     9.7801          0          0  0.000e+00
  1023.6460     17.064     17.204    30.6184     9.7838          0          0  0.000e+00
  1023.6414     16.949     17.089    30.6149     9.7921          0          0  0.000e+00
  1023.6446     16.838     16.976    30.6213     9.8004          0          0  0.000e+00
  1023.6485     16.762     16.899    30.6294     9.8132          0          0  0.000e+00
  1023.6475     16.721     16.859    30.6324     9.8325          0          0  0.000e+00
  1023.6404     16.736     16.874    30.6281     9.8561          0          0  0.000e+00
  1023.6135     16.805     16.943    30.5979     9.8792          0          0  0.000e+00
  1023.5768     16.933     17.073    30.5520     9.8881          0          0  0.000e+00
  1023.5867     17.111     17.252    30.5606     9.8737          0          0  0.000e+00
  1023.5645     17.315     17.457    30.5272     9.8556          0          0  0.000e+00
  1023.5728     17.552     17.697    30.5297     9.8231          0          0  0.000e+00
  1023.5849     17.804     17.950    30.5363     9.7861          0          0  0.000e+00
  1023.5660     18.064     18.213    30.5031     9.7499          0          0  0.000e+00
  1023.5704     18.328     18.479    30.4963     9.6967          0          0  0.000e+00
  1023.6009     18.594     18.747    30.5211     9.6342          0          0  0.000e+00
  1023.6307     18.849     19.004    30.5477     9.5837          0          0  0.000e+00
  1023.6544     19.087     19.244    30.5693     9.5479          0          0  0.000e+00
  1023.6655     19.306     19.465    30.5776     9.5241          0          0  0.000e+00
  1023.6863     19.487     19.647    30.5995     9.5064          0          0  0.000e+00
  1023.6933     19.635     19.797    30.6059     9.4976          0          0  0.000e+00
  1023.6974     19.751     19.913    30.6096     9.4937          0          0  0.000e+00
  1023.6980     19.841     20.004    30.6096     9.4919          0          0  0.000e+00
  1023.6984     19.909     20.073    30.6093     9.4903          0          0  0.000e+00
  1023.7060     19.955     20.120    30.6186     9.4894          0          0  0.000e+00
  1023.7076     19.986     20.151    30.6211     9.4928          0          0  0.000e+00
  1023.7015     20.007     20.172    30.6144     9.4990          0          0  0.000e+00
  1023.6921     20.030     20.195    30.6028     9.5017          0          0  0.000e+00
  1023.6888     20.058     20.223    30.5979     9.4989          0          0  0.000e+00
  1023.6899     20.104     20.269    30.5978     9.4926          0          0  0.000e+00
  1023.6928     20.161     20.327    30.5998     9.4863          0          0  0.000e+00
  1023.6959     20.237     20.404    30.6022     9.4805          0          0  0.000e+00
  1023.6977     20.332     20.499    30.6032     9.4763          0          0  0.000e+00
  1023.6973     20.441     20.609    30.6012     9.4729          0          0  0.000e+00
  1023.6985     20.560     20.729    30.6013     9.4689          0          0  0.000e+00
  1023.6974     20.693     20.864    30.5984     9.4650          0          0  0.000e+00
  1023.6954     20.835     21.007    30.5938     9.4596          0          0  0.000e+00
  1023.6892     20.985     21.158    30.5835     9.4520          0          0  0.000e+00
  1023.6818     21.138     21.312    30.5708     9.4403          0          0  0.000e+00
  1023.6583     21.294     21.470    30.5360     9.4213          0          0  0.000e+00
  1023.6640     21.456     21.633    30.5350     9.3844          0          0  0.000e+00
  1023.6941     21.621     21.799    30.5639     9.3412          0          0  0.000e+00
  1023.6991     21.786     21.966    30.5628     9.3079          0          0  0.000e+00
  1023.6896     21.954     22.134    30.5431     9.2747          0          0  0.000e+00
  1023.7023     22.126     22.309    30.5496     9.2310          0          0  0.000e+00
  1023.7230     22.302     22.486    30.5666     9.1876          0          0  0.000e+00
  1023.7206     22.477     22.662    30.5554     9.1512          0          0  0.000e+00
  1023.7084     22.645     22.831    30.5305     9.1094          0          0  0.000e+00
  1023.7206     22.805     22.993    30.5341     9.0518          0          0  0.000e+00
  1023.7636     22.954     23.143    30.5764     8.9914          0          0  0.000e+00
  1023.7757     23.089     23.279    30.5828     8.9479          0          0  0.000e+00
  1023.7867     23.214     23.405    30.5887     8.9092          0          0  0.000e+00
  1023.8126     23.336     23.528    30.6136     8.8706          0          0  0.000e+00
  1023.8329     23.449     23.643    30.6336     8.8428          0          0  0.000e+00
  1023.8465     23.550     23.744    30.6468     8.8242          0          0  0.000e+00
  1023.8531     23.637     23.832    30.6524     8.8121          0          0  0.000e+00
  1023.8546     23.708     23.903    30.6520     8.8021          0          0  0.000e+00
  1023.8613     23.757     23.952    30.6582     8.7915          0          0  0.000e+00
  1023.8691     23.785     23.981    30.6666     8.7837          0          0  0.000e+00
  1023.8731     23.799     23.995    30.6712     8.7812          0          0  0.000e+00
  1023.8725     23.809     24.005    30.6704     8.7815          0          0  0.000e+00
  1023.8684     23.823     24.020    30.6651     8.7818          0          0  0.000e+00
  1023.8687     23.849     24.045    30.6650     8.7800          0          0  0.000e+00
  1023.8690     23.891     24.088    30.6647     8.7779          0          0  0.000e+00
  1023.8680     23.960     24.158    30.6626     8.7754          0          0  0.000e+00
  1023.8684     24.064     24.262    30.6618     8.7718          0          0  0.000e+00
  1023.8643     24.193     24.393    30.6550     8.7679          0          0  0.000e+00
  1023.8643     24.357     24.557    30.6527     8.7609          0          0  0.000e+00
  1023.8673     24.532     24.734    30.6538     8.7518          0          0  0.000e+00
  1023.8704     24.719     24.923    30.6547     8.7419          0          0  0.000e+00
  1023.8489     24.918     25.124    30.6238     8.7302          0          0  0.000e+00
  1023.8240     25.121     25.328    30.5860     8.7047          0          0  0.000e+00
  1023.8325     25.327     25.535    30.5870     8.6588          0          0  0.000e+00
  1023.8641     25.534     25.745    30.6169     8.6101          0          0  0.000e+00
  1023.9081     25.740     25.952    30.6652     8.5742          0          0  0.000e+00
  1023.9234     25.939     26.153    30.6806     8.5582          0          0  0.000e+00
  1023.9147     26.131     26.347    30.6670     8.5506          0          0  0.000e+00
  1023.9131     26.310     26.527    30.6614     8.5382          0          0  0.000e+00
  1023.9183     26.474     26.692    30.6641     8.5221          0          0  0.000e+00
  1023.9274     26.626     26.846    30.6719     8.5067          0          0  0.000e+00
  1023.9353     26.758     26.978    30.6791     8.4953          0          0  0.000e+00
  1023.9387     26.885     27.107    30.6814     8.4881          0          0  0.000e+00
  1023.9417     26.992     27.215    30.6836     8.4827          0          0  0.000e+00
  1023.9443     27.082     27.305    30.6856     8.4785          0          0  0.000e+00
  1023.9464     27.158     27.382    30.6874     8.4759          0          0  0.000e+00
  1023.9462     27.218     27.442    30.6865     8.4744          0          0  0.000e+00
  1023.9470     27.260     27.485    30.6871     8.4731          0          0  0.000e+00
  1023.9502     27.278     27.503    30.6907     8.4716          0          0  0.000e+00
  1023.9538     27.280     27.505    30.6954     8.4721          0          0  0.000e+00
  1023.9511     27.268     27.493    30.6926     8.4754          0          0  0.000e+00
  1023.9471     27.258     27.483    30.6881     8.4780          0          0  0.000e+00
  1023.9452     27.255     27.480    30.6858     8.4785          0          0  0.000e+00
  1023.9433     27.268     27.492    30.6831     8.4775          0          0  0.000e+00
  1023.9441     27.305     27.530    30.6835     8.4758          0          0  0.000e+00
  1023.9443     27.377     27.603    30.6831     8.4742          0          0  0.000e+00
  1023.9384     27.481     27.707    30.6746     8.4725          0          0  0.000e+00
  1023.9343     27.630     27.858    30.6675     8.4673          0          0  0.000e+00
  1023.9322     27.814     28.044    30.6622     8.4593          0          0  0.000e+00
  1023.9256     28.031     28.262    30.6503     8.4473          0          0  0.000e+00
  1023.9306     28.277     28.510    30.6520     8.4298          0          0  0.000e+00
  1023.9375     28.533     28.769    30.6560     8.4121          0          0  0.000e+00
  1023.9303     28.799     29.037    30.6423     8.3958          0          0  0.000e+00
  1023.9159     29.070     29.310    30.6180     8.3732          0          0  0.000e+00
  1023.9163     29.325     29.567    30.6106     8.3381          0          0  0.000e+00
  1023.9249     29.567     29.811    30.6124     8.2959          0          0  0.000e+00
  1023.9293     29.787     30.033    30.6090     8.2542          0          0  0.000e+00
  1023.9112     29.967     30.215    30.5767     8.2097          0          0  0.000e+00
  1023.9371     30.105     30.354    30.5982     8.1509          0          0  0.000e+00
  1023.9756     30.204     30.453    30.6370     8.0968          0          0  0.000e+00
  1023.9977     30.271     30.521    30.6583     8.0610          0          0  0.000e+00
  1024.0222     30.304     30.554    30.6853     8.0384          0          0  0.000e+00
  1024.0474     30.316     30.567    30.7161     8.0311          0          0  0.000e+00
  1024.0425     30.316     30.567    30.7113     8.0393          0          0  0.000e+00
  1024.0386     30.325     30.575    30.7079     8.0481          0          0  0.000e+00
  1024.0283     30.350     30.601    30.6959     8.0558          0          0  0.000e+00
  1023.9961     30.390     30.641    30.6548     8.0565          0          0  0.000e+00
  1023.9955     30.451     30.702    30.6504     8.0388          0          0  0.000e+00
  1024.0103     30.527     30.779    30.6646     8.0148          0          0  0.000e+00
  1024.0221     30.617     30.870    30.6758     7.9967          0          0  0.000e+00
  1024.0317     30.718     30.972    30.6854     7.9851          0          0  0.000e+00
  1024.0375     30.822     31.076    30.6910     7.9783          0          0  0.000e+00
  1024.0399     30.932     31.188    30.6927     7.9750          0          0  0.000e+00
  1024.0389     31.044     31.301    30.6904     7.9726          0          0  0.000e+00
  1024.0353     31.156     31.413    30.6845     7.9690          0          0  0.000e+00
  1024.0346     31.277     31.535    30.6816     7.9617          0          0  0.000e+00
  1024.0333     31.402     31.661    30.6773     7.9515          0          0  0.000e+00
  1024.0318     31.545     31.805    30.6723     7.9384          0          0  0.000e+00
  1024.0350     31.707     31.969    30.6724     7.9217          0          0  0.000e+00
  1024.0385     31.890     32.154    30.6725     7.9028          0          0  0.000e+00
  1024.0480     32.093     32.358    30.6799     7.8837          0          0  0.000e+00
  1024.0556     32.322     32.589    30.6853     7.8671          0          0  0.000e+00
  1024.0644     32.566     32.835    30.6926     7.8532          0          0  0.000e+00
  1024.0710     32.816     33.087    30.6976     7.8421          0          0  0.000e+00
  1024.0772     33.061     33.334    30.7027     7.8341          0          0  0.000e+00
  1024.0927     33.290     33.565    30.7200     7.8280          0          0  0.000e+00
  1024.1026     33.489     33.766    30.7309     7.8252          0          0  0.000e+00
  1024.1080     33.646     33.924    30.7366     7.8239          0          0  0.000e+00
  1024.1137     33.748     34.027    30.7430     7.8217          0          0  0.000e+00
  1024.1159     33.804     34.083    30.7452     7.8207          0          0  0.000e+00
  1024.1189     33.801     34.080    30.7491     7.8208          0          0  0.000e+00
  1024.1186     33.752     34.031    30.7496     7.8239          0          0  0.000e+00
  1024.1173     33.666     33.944    30.7494     7.8298          0          0  0.000e+00
  1024.1102     33.562     33.840    30.7421     7.8357          0          0  0.000e+00
  1024.1044     33.461     33.738    30.7359     7.8396          0          0  0.000e+00
  1024.0992     33.382     33.658    30.7299     7.8407          0          0  0.000e+00
  1024.0955     33.343     33.618    30.7253     7.8396          0          0  0.000e+00
  1024.0964     33.358     33.633    30.7259     7.8372          0          0  0.000e+00
  1024.0954     33.433     33.709    30.7237     7.8347          0          0  0.000e+00
  1024.0976     33.576     33.853    30.7251     7.8315          0          0  0.000e+00
  1024.1077     33.771     34.050    30.7359     7.8261          0          0  0.000e+00
  1024.1160     34.018     34.299    30.7442     7.8211          0          0  0.000e+00
  1024.1107     34.307     34.591    30.7348     7.8159          0          0  0.000e+00
  1024.0862     34.607     34.894    30.6995     7.8033          0          0  0.000e+00
  1024.0913     34.916     35.205    30.6986     7.7716          0          0  0.000e+00
  1024.1147     35.212     35.503    30.7199     7.7334          0          0  0.000e+00
  1024.1155     35.491     35.785    30.7138     7.7022          0          0  0.000e+00
  1024.1007     35.763     36.059    30.6873     7.6676          0          0  0.000e+00
  1024.0957     36.013     36.311    30.6703     7.6154          0          0  0.000e+00
  1024.1325     36.229     36.529    30.7047     7.5504          0          0  0.000e+00
  1024.1698     36.389     36.690    30.7419     7.4960          0          0  0.000e+00
  1024.1990     36.490     36.792    30.7719     7.4581          0          0  0.000e+00
  1024.2218     36.541     36.843    30.7967     7.4353          0          0  0.000e+00
  1024.2375     36.564     36.867    30.8151     7.4268          0          0  0.000e+00
  1024.2552     36.563     36.866    30.8383     7.4308          0          0  0.000e+00
  1024.2584     36.538     36.840    30.8454     7.4477          0          0  0.000e+00
  1024.2318     36.495     36.797    30.8159     7.4711          0          0  0.000e+00
  1024.2181     36.454     36.756    30.8006     7.4823          0          0  0.000e+00
  1024.2271     36.412     36.713    30.8126     7.4843          0          0  0.000e+00
  1024.2354     36.375     36.675    30.8246     7.4915          0          0  0.000e+00
  1024.2284     36.353     36.654    30.8185     7.5069          0          0  0.000e+00
  1024.2192     36.362     36.663    30.8094     7.5218          0          0  0.000e+00
  1024.1723     36.401     36.702    30.7509     7.5308          0          0  0.000e+00
  1024.1643     36.482     36.783    30.7369     7.5110          0          0  0.000e+00
  1024.1789     36.606     36.908    30.7488     7.4770          0          0  0.000e+00
  1024.1876     36.779     37.084    30.7535     7.4456          0          0  0.000e+00
