data/eDNA/PER-2021-171/171c020.ros
* Sea-Bird SBE19plus  Data File:
* FileName = C:\Users\RSG_field\Ryan_2021_Perley\CTD\171c020.hex
* Software version 2.3.0 SB_Terminal.dll
* Temperature SN = 7141
* Conductivity SN = 7141
* System UpLoad Time = Aug 17 2021 11:52:23
* <ApplicationData>
* <SeatermAF>
** Platform: M. Perley
** Cruise: Per2021171
** Station:  SAB_05
** Cast: 01 3
** Latitude: N  46 15.954
** Longitude: W 59 10.545
** Sounding: 112
** Chief Scientist: Ryan Stanley
** Comment: 171c020
# nquan = 9
# nvalues = 45                                    
# units = specified
# name 0 = density00: Density [density, kg/m^3]
# name 1 = depSM: Depth [salt water, m], lat = 45.00
# name 2 = prdM: Pressure, Strain Gauge [db]
# name 3 = sal00: Salinity, Practical [PSU]
# name 4 = tv290C: Temperature [ITS-90, deg C]
# name 5 = bpos: Bottle Position in Carousel
# name 6 = nbf: Bottles Fired
# name 7 = scan: Scan Count
# name 8 = flag:  0.000e+00
# interval = seconds: 0.25
# start_time = Aug 17 2021 14:35:08 [Instrument's time stamp, header]
# bad_flag = -9.990e-29
*END*
  1026.7363    104.661    105.545    32.9147     2.7689          1          1       2120  0.000e+00
  1026.7373    104.676    105.560    32.9157     2.7679          1          1       2121  0.000e+00
  1026.7380    104.706    105.590    32.9163     2.7671          1          1       2122  0.000e+00
  1026.7384    104.748    105.633    32.9165     2.7667          1          1       2123  0.000e+00
  1026.7393    104.794    105.679    32.9174     2.7665          1          1       2124  0.000e+00
  1026.7395    104.846    105.731    32.9173     2.7665          1          1       2125  0.000e+00
  1026.7391    104.896    105.781    32.9166     2.7665          1          1       2126  0.000e+00
  1026.7428    104.956    105.842    32.9208     2.7665          1          1       2127  0.000e+00
  1026.7448    105.019    105.905    32.9231     2.7674          1          1       2128  0.000e+00
  1026.1949     75.116     75.745    32.3653     2.3167          2          2       2697  0.000e+00
  1026.1941     74.969     75.596    32.3656     2.3197          2          2       2698  0.000e+00
  1026.1927     74.823     75.450    32.3650     2.3232          2          2       2699  0.000e+00
  1026.1976     74.679     75.304    32.3724     2.3277          2          2       2700  0.000e+00
  1026.1879     74.541     75.165    32.3619     2.3363          2          2       2701  0.000e+00
  1026.1854     74.408     75.030    32.3602     2.3423          2          2       2702  0.000e+00
  1026.1833     74.309     74.931    32.3587     2.3476          2          2       2703  0.000e+00
  1026.1775     74.164     74.785    32.3530     2.3553          2          2       2704  0.000e+00
  1026.1689     74.059     74.679    32.3436     2.3622          2          2       2705  0.000e+00
  1025.6268     50.458     50.877    31.8847     3.1328          3          3       2911  0.000e+00
  1025.6219     50.362     50.781    31.8795     3.1362          3          3       2912  0.000e+00
  1025.6216     50.239     50.657    31.8797     3.1345          3          3       2913  0.000e+00
  1025.6213     50.096     50.512    31.8800     3.1325          3          3       2914  0.000e+00
  1025.6211     49.937     50.352    31.8806     3.1318          3          3       2915  0.000e+00
  1025.6189     49.772     50.185    31.8791     3.1339          3          3       2916  0.000e+00
  1025.6139     49.600     50.012    31.8744     3.1394          3          3       2917  0.000e+00
  1025.6077     49.443     49.854    31.8684     3.1471          3          3       2918  0.000e+00
  1025.6014     49.286     49.695    31.8623     3.1552          3          3       2919  0.000e+00
  1024.1990     25.573     25.784    30.9343     8.0141          4          4       3129  0.000e+00
  1024.1922     25.402     25.612    30.9331     8.0497          4          4       3130  0.000e+00
  1024.2034     25.232     25.440    30.9557     8.0898          4          4       3131  0.000e+00
  1024.1933     25.066     25.273    30.9539     8.1454          4          4       3132  0.000e+00
  1024.1674     24.913     25.118    30.9331     8.2074          4          4       3133  0.000e+00
  1024.1384     24.769     24.974    30.9068     8.2611          4          4       3134  0.000e+00
  1024.1134     24.633     24.836    30.8841     8.3062          4          4       3135  0.000e+00
  1024.0904     24.493     24.695    30.8616     8.3395          4          4       3136  0.000e+00
  1024.0848     24.341     24.542    30.8598     8.3637          4          4       3137  0.000e+00
  1020.4095      2.857      2.880    29.1693    19.6995          5          5       3321  0.000e+00
  1020.4221      2.787      2.810    29.1824    19.6878          5          5       3322  0.000e+00
  1020.4363      2.733      2.755    29.1997    19.6828          5          5       3323  0.000e+00
  1020.4483      2.661      2.682    29.2182    19.6900          5          5       3324  0.000e+00
  1020.4537      2.577      2.598    29.2336    19.7134          5          5       3325  0.000e+00
  1020.4318      2.472      2.492    29.2168    19.7478          5          5       3326  0.000e+00
  1020.4185      2.342      2.361    29.2093    19.7758          5          5       3327  0.000e+00
  1020.3908      2.174      2.192    29.1809    19.7968          5          5       3328  0.000e+00
  1020.3636      1.978      1.994    29.1477    19.8008          5          5       3329  0.000e+00
