data/eDNA/PER-2021-171/171c015.cnv
* Sea-Bird SBE19plus  Data File:
* FileName = C:\Users\RSG_field\Ryan_2021_Perley\CTD\171c015.hex
* Software version 2.3.0 SB_Terminal.dll
* Temperature SN = 7141
* Conductivity SN = 7141
* System UpLoad Time = Aug 12 2021 14:34:51
* <ApplicationData>
* <SeatermAF>
** Platform: M. Perley
** Cruise: Per2021171
** Station:  ESI_09
** Cast: 01 3
** Latitude: N  44 44.447
** Longitude: W 62 43.57
** Sounding: 17.3
** Chief Scientist: Ryan Stanley
** Comment: 171c015
# nquan = 8
# nvalues = 1983                                  
# units = specified
# name 0 = density00: Density [density, kg/m^3]
# name 1 = depSM: Depth [salt water, m], lat = 45.00
# name 2 = prdM: Pressure, Strain Gauge [db]
# name 3 = sal00: Salinity, Practical [PSU]
# name 4 = tv290C: Temperature [ITS-90, deg C]
# name 5 = bpos: Bottle Position in Carousel
# name 6 = nbf: Bottles Fired
# name 7 = flag:  0.000e+00
# span 0 =   998.8700,  1023.9453                 
# span 1 =     -0.069,     18.096                 
# span 2 =     -0.070,     18.245                 
# span 3 =     0.0075,    30.8450                 
# span 4 =     8.5048,    17.9486                 
# span 5 =          0,          3                 
# span 6 =          0,          3                 
# span 7 = 0.0000e+00, 0.0000e+00                 
# interval = seconds: 0.25
# start_time = Aug 12 2021 17:24:01 [Instrument's time stamp, header]
# bad_flag = -9.990e-29
*END*
[from data line 540]
  1021.3247      1.887      1.903    29.6545    17.4334          0          0  0.000e+00
  1021.3324      1.922      1.938    29.6609    17.4221          0          0  0.000e+00
  1021.3564      1.957      1.973    29.6860    17.4025          0          0  0.000e+00
  1021.3772      1.992      2.009    29.7059    17.3790          0          0  0.000e+00
  1021.3980      2.017      2.033    29.7284    17.3640          0          0  0.000e+00
  1021.4202      2.025      2.042    29.7546    17.3550          0          0  0.000e+00
  1021.4262      2.023      2.040    29.7612    17.3507          0          0  0.000e+00
  1021.4139      2.003      2.019    29.7449    17.3495          0          0  0.000e+00
  1021.4064      1.972      1.988    29.7350    17.3487          0          0  0.000e+00
  1021.4035      1.929      1.944    29.7315    17.3489          0          0  0.000e+00
  1021.4072      1.884      1.900    29.7368    17.3496          0          0  0.000e+00
  1021.4064      1.836      1.851    29.7360    17.3491          0          0  0.000e+00
  1021.4028      1.790      1.804    29.7315    17.3493          0          0  0.000e+00
  1021.4008      1.745      1.760    29.7298    17.3514          0          0  0.000e+00
  1021.3975      1.709      1.723    29.7268    17.3550          0          0  0.000e+00
  1021.3939      1.685      1.699    29.7238    17.3599          0          0  0.000e+00
  1021.3906      1.675      1.689    29.7209    17.3646          0          0  0.000e+00
  1021.3817      1.682      1.695    29.7117    17.3728          0          0  0.000e+00
  1021.3588      1.706      1.720    29.6845    17.3820          0          0  0.000e+00
  1021.3652      1.746      1.761    29.6915    17.3787          0          0  0.000e+00
  1021.3837      1.798      1.813    29.7146    17.3759          0          0  0.000e+00
  1021.3736      1.851      1.866    29.7070    17.3953          0          0  0.000e+00
  1021.3610      1.899      1.915    29.6964    17.4154          0          0  0.000e+00
  1021.3662      1.936      1.952    29.7017    17.4114          0          0  0.000e+00
  1021.3750      1.965      1.981    29.7099    17.4010          0          0  0.000e+00
  1021.3844      1.984      2.000    29.7185    17.3892          0          0  0.000e+00
  1021.3913      1.990      2.006    29.7244    17.3791          0          0  0.000e+00
  1021.3939      1.994      2.011    29.7262    17.3739          0          0  0.000e+00
  1021.3955      1.990      2.006    29.7278    17.3723          0          0  0.000e+00
  1021.3931      1.985      2.001    29.7249    17.3731          0          0  0.000e+00
  1021.3917      1.978      1.995    29.7236    17.3746          0          0  0.000e+00
  1021.3926      1.967      1.983    29.7245    17.3737          0          0  0.000e+00
  1021.3976      1.954      1.970    29.7301    17.3698          0          0  0.000e+00
  1021.3985      1.935      1.951    29.7298    17.3649          0          0  0.000e+00
  1021.3986      1.914      1.929    29.7293    17.3623          0          0  0.000e+00
  1021.3988      1.884      1.900    29.7290    17.3602          0          0  0.000e+00
  1021.3986      1.852      1.868    29.7285    17.3583          0          0  0.000e+00
  1021.3980      1.807      1.822    29.7275    17.3571          0          0  0.000e+00
  1021.3964      1.765      1.780    29.7252    17.3556          0          0  0.000e+00
  1021.3959      1.722      1.736    29.7246    17.3546          0          0  0.000e+00
  1021.3935      1.681      1.694    29.7218    17.3552          0          0  0.000e+00
  1021.3915      1.655      1.669    29.7199    17.3569          0          0  0.000e+00
  1021.3912      1.644      1.657    29.7199    17.3580          0          0  0.000e+00
  1021.3875      1.654      1.668    29.7164    17.3628          0          0  0.000e+00
  1021.3871      1.683      1.697    29.7171    17.3673          0          0  0.000e+00
  1021.3880      1.732      1.746    29.7186    17.3691          0          0  0.000e+00
  1021.3888      1.789      1.803    29.7203    17.3724          0          0  0.000e+00
  1021.3789      1.860      1.875    29.7104    17.3840          0          0  0.000e+00
  1021.3719      1.928      1.943    29.7044    17.3954          0          0  0.000e+00
  1021.3729      1.994      2.011    29.7062    17.3986          0          0  0.000e+00
  1021.3761      2.046      2.063    29.7101    17.3986          0          0  0.000e+00
  1021.3845      2.084      2.102    29.7197    17.3947          0          0  0.000e+00
  1021.3868      2.101      2.119    29.7210    17.3896          0          0  0.000e+00
  1021.3909      2.100      2.118    29.7252    17.3856          0          0  0.000e+00
  1021.3923      2.078      2.095    29.7258    17.3812          0          0  0.000e+00
  1021.3868      2.043      2.060    29.7182    17.3788          0          0  0.000e+00
  1021.3821      1.999      2.015    29.7134    17.3826          0          0  0.000e+00
  1021.3781      1.949      1.965    29.7099    17.3872          0          0  0.000e+00
  1021.3774      1.901      1.917    29.7095    17.3882          0          0  0.000e+00
  1021.3810      1.863      1.878    29.7138    17.3860          0          0  0.000e+00
  1021.3832      1.834      1.849    29.7160    17.3832          0          0  0.000e+00
  1021.3852      1.815      1.830    29.7179    17.3806          0          0  0.000e+00
  1021.3861      1.797      1.812    29.7187    17.3792          0          0  0.000e+00
  1021.3873      1.784      1.799    29.7199    17.3776          0          0  0.000e+00
  1021.3883      1.769      1.783    29.7208    17.3761          0          0  0.000e+00
  1021.3890      1.747      1.762    29.7213    17.3742          0          0  0.000e+00
  1021.3929      1.725      1.739    29.7250    17.3691          0          0  0.000e+00
  1021.3959      1.703      1.717    29.7280    17.3656          0          0  0.000e+00
  1021.3920      1.687      1.701    29.7245    17.3708          0          0  0.000e+00
  1021.3859      1.686      1.700    29.7185    17.3770          0          0  0.000e+00
  1021.3863      1.695      1.709    29.7191    17.3774          0          0  0.000e+00
  1021.3861      1.728      1.742    29.7196    17.3808          0          0  0.000e+00
  1021.3844      1.775      1.789    29.7180    17.3838          0          0  0.000e+00
  1021.3880      1.830      1.845    29.7215    17.3806          0          0  0.000e+00
  1021.3935      1.888      1.904    29.7260    17.3731          0          0  0.000e+00
  1021.4034      1.945      1.960    29.7354    17.3622          0          0  0.000e+00
  1021.4098      1.989      2.005    29.7414    17.3555          0          0  0.000e+00
  1021.4178      2.017      2.033    29.7498    17.3491          0          0  0.000e+00
  1021.4224      2.030      2.047    29.7544    17.3449          0          0  0.000e+00
  1021.4230      2.029      2.046    29.7545    17.3427          0          0  0.000e+00
  1021.4184      2.014      2.031    29.7484    17.3423          0          0  0.000e+00
  1021.4162      1.990      2.006    29.7462    17.3436          0          0  0.000e+00
  1021.4148      1.966      1.982    29.7448    17.3448          0          0  0.000e+00
  1021.4124      1.939      1.955    29.7422    17.3459          0          0  0.000e+00
  1021.4099      1.914      1.929    29.7396    17.3476          0          0  0.000e+00
  1021.4082      1.894      1.909    29.7380    17.3491          0          0  0.000e+00
  1021.4069      1.876      1.891    29.7366    17.3499          0          0  0.000e+00
  1021.4072      1.860      1.875    29.7372    17.3505          0          0  0.000e+00
  1021.4071      1.849      1.864    29.7371    17.3505          0          0  0.000e+00
  1021.4080      1.841      1.856    29.7383    17.3501          0          0  0.000e+00
  1021.4095      1.831      1.846    29.7400    17.3494          0          0  0.000e+00
  1021.4114      1.823      1.838    29.7423    17.3484          0          0  0.000e+00
  1021.4113      1.812      1.827    29.7420    17.3475          0          0  0.000e+00
  1021.4107      1.800      1.815    29.7414    17.3478          0          0  0.000e+00
  1021.4098      1.788      1.802    29.7405    17.3484          0          0  0.000e+00
  1021.4087      1.777      1.792    29.7395    17.3500          0          0  0.000e+00
  1021.4061      1.771      1.785    29.7369    17.3525          0          0  0.000e+00
  1021.4026      1.769      1.783    29.7335    17.3559          0          0  0.000e+00
  1021.4009      1.776      1.791    29.7320    17.3587          0          0  0.000e+00
  1021.4010      1.788      1.802    29.7323    17.3596          0          0  0.000e+00
  1021.4010      1.808      1.823    29.7321    17.3592          0          0  0.000e+00
  1021.3972      1.831      1.846    29.7286    17.3647          0          0  0.000e+00
  1021.3927      1.852      1.867    29.7249    17.3722          0          0  0.000e+00
  1021.3937      1.874      1.889    29.7257    17.3710          0          0  0.000e+00
  1021.3983      1.889      1.905    29.7307    17.3678          0          0  0.000e+00
  1021.4048      1.900      1.916    29.7371    17.3611          0          0  0.000e+00
  1021.4092      1.904      1.920    29.7412    17.3559          0          0  0.000e+00
  1021.4123      1.908      1.924    29.7439    17.3514          0          0  0.000e+00
  1021.4141      1.914      1.929    29.7451    17.3477          0          0  0.000e+00
  1021.4163      1.919      1.935    29.7472    17.3453          0          0  0.000e+00
  1021.4180      1.923      1.939    29.7490    17.3437          0          0  0.000e+00
  1021.4183      1.919      1.935    29.7489    17.3421          0          0  0.000e+00
  1021.4202      1.914      1.929    29.7508    17.3404          0          0  0.000e+00
  1021.4193      1.903      1.919    29.7496    17.3400          0          0  0.000e+00
  1021.4177      1.888      1.904    29.7480    17.3414          0          0  0.000e+00
  1021.4165      1.877      1.892    29.7470    17.3428          0          0  0.000e+00
  1021.4151      1.864      1.879    29.7457    17.3444          0          0  0.000e+00
  1021.4130      1.859      1.874    29.7435    17.3458          0          0  0.000e+00
  1021.4140      1.855      1.871    29.7451    17.3469          0          0  0.000e+00
  1021.4124      1.857      1.872    29.7430    17.3469          0          0  0.000e+00
  1021.4123      1.854      1.870    29.7429    17.3469          0          0  0.000e+00
  1021.4142      1.850      1.865    29.7454    17.3469          0          0  0.000e+00
  1021.4127      1.843      1.858    29.7434    17.3467          0          0  0.000e+00
  1021.4093      1.834      1.849    29.7390    17.3469          0          0  0.000e+00
  1021.4053      1.824      1.839    29.7340    17.3472          0          0  0.000e+00
  1021.4002      1.815      1.830    29.7275    17.3479          0          0  0.000e+00
  1021.3988      1.812      1.827    29.7260    17.3488          0          0  0.000e+00
  1021.3973      1.809      1.824    29.7244    17.3497          0          0  0.000e+00
  1021.3953      1.806      1.820    29.7219    17.3502          0          0  0.000e+00
  1021.3930      1.807      1.821    29.7190    17.3507          0          0  0.000e+00
  1021.3909      1.806      1.820    29.7168    17.3521          0          0  0.000e+00
  1021.3882      1.809      1.824    29.7140    17.3546          0          0  0.000e+00
  1021.3845      1.813      1.828    29.7103    17.3585          0          0  0.000e+00
  1021.3810      1.827      1.842    29.7068    17.3625          0          0  0.000e+00
  1021.3809      1.852      1.867    29.7072    17.3647          0          0  0.000e+00
  1021.3840      1.885      1.901    29.7113    17.3653          0          0  0.000e+00
  1021.3865      1.929      1.944    29.7139    17.3641          0          0  0.000e+00
  1021.3939      1.978      1.995    29.7227    17.3621          0          0  0.000e+00
  1021.4001      2.025      2.042    29.7295    17.3586          0          0  0.000e+00
  1021.4126      2.065      2.082    29.7443    17.3545          0          0  0.000e+00
  1021.4183      2.092      2.109    29.7506    17.3511          0          0  0.000e+00
  1021.4209      2.100      2.117    29.7530    17.3477          0          0  0.000e+00
  1021.4229      2.085      2.103    29.7542    17.3430          0          0  0.000e+00
  1021.4204      2.046      2.063    29.7504    17.3406          0          0  0.000e+00
  1021.4186      1.985      2.001    29.7487    17.3417          0          0  0.000e+00
  1021.4179      1.902      1.918    29.7488    17.3433          0          0  0.000e+00
  1021.4135      1.803      1.818    29.7439    17.3444          0          0  0.000e+00
  1021.4074      1.702      1.716    29.7372    17.3464          0          0  0.000e+00
  1021.4016      1.605      1.618    29.7312    17.3499          0          0  0.000e+00
  1021.3941      1.529      1.541    29.7232    17.3542          0          0  0.000e+00
  1021.3878      1.483      1.496    29.7170    17.3601          0          0  0.000e+00
  1021.3820      1.473      1.485    29.7124    17.3699          0          0  0.000e+00
  1021.3738      1.497      1.509    29.7065    17.3860          0          0  0.000e+00
  1021.3610      1.555      1.568    29.6950    17.4044          0          0  0.000e+00
  1021.3444      1.637      1.650    29.6790    17.4246          0          0  0.000e+00
  1021.3365      1.732      1.747    29.6715    17.4356          0          0  0.000e+00
  1021.3345      1.836      1.851    29.6674    17.4329          0          0  0.000e+00
  1021.3531      1.934      1.950    29.6852    17.4134          0          0  0.000e+00
  1021.3751      2.021      2.037    29.7112    17.4058          0          0  0.000e+00
  1021.3495      2.086      2.104    29.6826    17.4235          0          0  0.000e+00
  1021.3518      2.135      2.153    29.6850    17.4224          0          0  0.000e+00
  1021.3615      2.160      2.177    29.6943    17.4118          0          0  0.000e+00
  1021.3671      2.160      2.177    29.6990    17.4031          0          0  0.000e+00
  1021.3670      2.142      2.159    29.6986    17.4016          0          0  0.000e+00
  1021.3648      2.109      2.126    29.6968    17.4049          0          0  0.000e+00
  1021.3648      2.067      2.084    29.6975    17.4061          0          0  0.000e+00
  1021.3670      2.021      2.037    29.7008    17.4066          0          0  0.000e+00
  1021.3693      1.967      1.983    29.7039    17.4061          0          0  0.000e+00
  1021.3706      1.916      1.932    29.7055    17.4046          0          0  0.000e+00
  1021.3699      1.863      1.878    29.7043    17.4027          0          0  0.000e+00
  1021.3674      1.813      1.828    29.7007    17.4008          0          0  0.000e+00
  1021.3690      1.764      1.779    29.7017    17.3960          0          0  0.000e+00
  1021.3723      1.721      1.735    29.7049    17.3913          0          0  0.000e+00
  1021.3701      1.677      1.691    29.7023    17.3917          0          0  0.000e+00
  1021.3676      1.640      1.654    29.7000    17.3942          0          0  0.000e+00
  1021.3666      1.612      1.625    29.7000    17.3979          0          0  0.000e+00
  1021.3579      1.596      1.609    29.6902    17.4030          0          0  0.000e+00
  1021.3605      1.594      1.607    29.6942    17.4049          0          0  0.000e+00
  1021.3544      1.608      1.622    29.6868    17.4068          0          0  0.000e+00
