data/eDNA/PER-2021-171/171c026.ros
* Sea-Bird SBE19plus  Data File:
* FileName = C:\Users\RSG_field\Ryan_2021_Perley\CTD\171c026.hex
* Software version 2.3.0 SB_Terminal.dll
* Temperature SN = 7141
* Conductivity SN = 7141
* System UpLoad Time = Aug 18 2021 13:03:02
* <ApplicationData>
* <SeatermAF>
** Platform: M. Perley
** Cruise: Per2021171
** Station:  SAB_02
** Cast: 01 3
** Latitude: N  45 50.548
** Longitude: W 60 07.965
** Sounding: 24.6
** Chief Scientist: Ryan Stanley
** Comment: 171c026
# nquan = 9
# nvalues = 27                                    
# units = specified
# name 0 = density00: Density [density, kg/m^3]
# name 1 = depSM: Depth [salt water, m], lat = 45.00
# name 2 = prdM: Pressure, Strain Gauge [db]
# name 3 = sal00: Salinity, Practical [PSU]
# name 4 = tv290C: Temperature [ITS-90, deg C]
# name 5 = bpos: Bottle Position in Carousel
# name 6 = nbf: Bottles Fired
# name 7 = scan: Scan Count
# name 8 = flag:  0.000e+00
# interval = seconds: 0.25
# start_time = Aug 18 2021 15:52:29 [Instrument's time stamp, header]
# bad_flag = -9.990e-29
*END*
  1024.3244     24.415     24.616    30.9359     7.0622          1          1       1481  0.000e+00
  1024.3233     24.419     24.620    30.9344     7.0616          1          1       1482  0.000e+00
  1024.3256     24.424     24.626    30.9370     7.0600          1          1       1483  0.000e+00
  1024.3245     24.432     24.633    30.9354     7.0592          1          1       1484  0.000e+00
  1024.3265     24.435     24.636    30.9378     7.0578          1          1       1485  0.000e+00
  1024.3267     24.442     24.644    30.9378     7.0573          1          1       1486  0.000e+00
  1024.3256     24.444     24.646    30.9364     7.0569          1          1       1487  0.000e+00
  1024.3272     24.450     24.651    30.9382     7.0563          1          1       1488  0.000e+00
  1024.3278     24.454     24.655    30.9389     7.0562          1          1       1489  0.000e+00
  1022.6825     10.731     10.819    30.0743    12.7186          2          2       1877  0.000e+00
  1022.6746     10.613     10.700    30.0908    12.8248          2          2       1878  0.000e+00
  1022.6155     10.493     10.579    30.0429    12.9380          2          2       1879  0.000e+00
  1022.6541     10.375     10.460    30.1179    13.0367          2          2       1880  0.000e+00
  1022.5337     10.253     10.337    30.0016    13.1922          2          2       1881  0.000e+00
  1022.4753     10.130     10.213    29.9559    13.3084          2          2       1882  0.000e+00
  1022.4838     10.012     10.094    29.9854    13.3788          2          2       1883  0.000e+00
  1022.4579      9.891      9.972    29.9772    13.4763          2          2       1884  0.000e+00
  1022.4883      9.770      9.850    30.0452    13.5856          2          2       1885  0.000e+00
  1021.4333      2.803      2.826    29.7263    17.2198          3          3       1944  0.000e+00
  1021.3954      2.690      2.712    29.7100    17.3274          3          3       1945  0.000e+00
  1021.3411      2.577      2.598    29.6673    17.4184          3          3       1946  0.000e+00
  1021.3017      2.464      2.484    29.6367    17.4849          3          3       1947  0.000e+00
  1021.2944      2.345      2.364    29.6425    17.5331          3          3       1948  0.000e+00
  1021.2663      2.225      2.243    29.6210    17.5809          3          3       1949  0.000e+00
  1021.2381      2.107      2.125    29.5960    17.6173          3          3       1950  0.000e+00
  1021.2272      1.984      2.001    29.5882    17.6357          3          3       1951  0.000e+00
  1021.2360      1.860      1.876    29.6060    17.6540          3          3       1952  0.000e+00
