data/eDNA/PER-2021-171/171c008.cnv
* Sea-Bird SBE19plus  Data File:
* FileName = C:\Users\RSG_field\Ryan_2021_Perley\CTD\171c008.hex
* Software version 2.3.0 SB_Terminal.dll
* Temperature SN = 7141
* Conductivity SN = 7141
* System UpLoad Time = Aug 11 2021 11:25:39
* <ApplicationData>
* <SeatermAF>
** Platform: M. Perley
** Cruise: Per2021171
** Station:  ESI_16
** Cast: 01 3
** Latitude: N  44 30.168
** Longitude: W 62 50.707
** Sounding: 116
** Chief Scientist: Ryan Stanley
** Comment: Calm seas
# nquan = 8
# nvalues = 3722                                  
# units = specified
# name 0 = density00: Density [density, kg/m^3]
# name 1 = depSM: Depth [salt water, m], lat = 45.00
# name 2 = prdM: Pressure, Strain Gauge [db]
# name 3 = sal00: Salinity, Practical [PSU]
# name 4 = tv290C: Temperature [ITS-90, deg C]
# name 5 = bpos: Bottle Position in Carousel
# name 6 = nbf: Bottles Fired
# name 7 = flag:  0.000e+00
# span 0 =   998.7060,  1026.7493                 
# span 1 =     -0.036,    111.625                 
# span 2 =     -0.036,    112.569                 
# span 3 =     0.0000,    33.2546                 
# span 4 =     3.2566,    18.6597                 
# span 5 =          0,          6                 
# span 6 =          0,          6                 
# span 7 = 0.0000e+00, 0.0000e+00                 
# interval = seconds: 0.25
# start_time = Aug 11 2021 14:07:39 [Instrument's time stamp, header]
# bad_flag = -9.990e-29
*END*
[from data line 3057]
  1025.8807     58.389     58.875    32.1740     3.2923          1          1  0.000e+00
  1025.8811     58.270     58.755    32.1758     3.2972          1          1  0.000e+00
  1025.8791     58.193     58.677    32.1747     3.3057          1          1  0.000e+00
  1025.8775     58.155     58.640    32.1740     3.3153          1          1  0.000e+00
  1025.8734     58.153     58.638    32.1700     3.3251          1          1  0.000e+00
  1025.8469     58.182     58.666    32.1377     3.3347          1          1  0.000e+00
  1025.8509     58.234     58.719    32.1417     3.3290          1          1  0.000e+00
  1025.8771     58.303     58.788    32.1734     3.3227          1          1  0.000e+00
  1025.8781     58.374     58.860    32.1751     3.3304          1          1  0.000e+00
  1025.8542     58.429     58.916    32.1461     3.3416          1          1  0.000e+00
  1025.8603     58.462     58.949    32.1537     3.3431          1          1  0.000e+00
  1025.8641     58.459     58.946    32.1586     3.3444          1          1  0.000e+00
  1025.8589     58.417     58.904    32.1529     3.3487          1          1  0.000e+00
  1025.8565     58.323     58.809    32.1507     3.3515          1          1  0.000e+00
  1025.8538     58.187     58.672    32.1483     3.3524          1          1  0.000e+00
  1025.8557     58.005     58.488    32.1517     3.3520          1          1  0.000e+00
  1025.8593     57.785     58.267    32.1576     3.3528          1          1  0.000e+00
  1025.8572     57.537     58.016    32.1568     3.3560          1          1  0.000e+00
  1025.8525     57.265     57.742    32.1529     3.3597          1          1  0.000e+00
  1025.8517     56.977     57.451    32.1539     3.3620          1          1  0.000e+00
  1025.8522     56.686     57.158    32.1565     3.3643          1          1  0.000e+00
  1025.8513     56.398     56.867    32.1576     3.3686          1          1  0.000e+00
  1025.8400     56.124     56.591    32.1459     3.3760          1          1  0.000e+00
  1025.8331     55.869     56.334    32.1394     3.3818          1          1  0.000e+00
  1025.8227     55.644     56.107    32.1281     3.3859          1          1  0.000e+00
  1025.8145     55.448     55.909    32.1192     3.3886          1          1  0.000e+00
  1025.8038     55.282     55.742    32.1070     3.3901          1          1  0.000e+00
  1025.7980     55.152     55.611    32.1007     3.3921          1          1  0.000e+00
  1025.7904     55.051     55.509    32.0920     3.3941          1          1  0.000e+00
  1025.7903     54.975     55.432    32.0925     3.3961          1          1  0.000e+00
  1025.7838     54.929     55.386    32.0847     3.3971          1          1  0.000e+00
  1025.7983     54.898     55.354    32.1032     3.3967          1          1  0.000e+00
  1025.7919     54.892     55.349    32.0950     3.3956          1          1  0.000e+00
  1025.7922     54.900     55.356    32.0953     3.3950          1          1  0.000e+00
  1025.7909     54.922     55.379    32.0935     3.3950          1          1  0.000e+00
  1025.8018     54.948     55.406    32.1072     3.3958          1          1  0.000e+00
  1025.8049     54.981     55.439    32.1108     3.3953          1          1  0.000e+00
  1025.8087     54.996     55.454    32.1155     3.3958          1          1  0.000e+00
  1025.7922     54.997     55.455    32.0950     3.3971          1          1  0.000e+00
  1025.7932     54.973     55.430    32.0965     3.3979          1          1  0.000e+00
  1025.7936     54.920     55.377    32.0974     3.3988          1          1  0.000e+00
  1025.7911     54.834     55.290    32.0947     3.3995          1          1  0.000e+00
  1025.7908     54.711     55.166    32.0952     3.3998          1          1  0.000e+00
  1025.7925     54.552     55.006    32.0982     3.3998          1          1  0.000e+00
  1025.7945     54.359     54.811    32.1019     3.3998          1          1  0.000e+00
  1025.7928     54.137     54.588    32.1011     3.4007          1          1  0.000e+00
  1025.7882     53.893     54.341    32.0971     3.4022          1          1  0.000e+00
  1025.7854     53.629     54.075    32.0953     3.4041          1          1  0.000e+00
  1025.7835     53.353     53.797    32.0947     3.4054          1          1  0.000e+00
  1025.7881     53.075     53.516    32.1024     3.4075          1          1  0.000e+00
  1025.7895     52.796     53.235    32.1067     3.4155          1          1  0.000e+00
  1025.7709     52.527     52.964    32.0865     3.4291          1          1  0.000e+00
  1025.7686     52.276     52.710    32.0857     3.4347          1          1  0.000e+00
  1025.7691     52.052     52.485    32.0884     3.4399          1          1  0.000e+00
  1025.7700     51.859     52.290    32.0916     3.4486          1          1  0.000e+00
  1025.7581     51.710     52.139    32.0793     3.4635          1          1  0.000e+00
  1025.7414     51.603     52.031    32.0604     3.4769          1          1  0.000e+00
  1025.7324     51.544     51.973    32.0505     3.4860          1          1  0.000e+00
  1025.7084     51.533     51.961    32.0214     3.4945          1          1  0.000e+00
  1025.7293     51.556     51.984    32.0479     3.4976          1          1  0.000e+00
  1025.7320     51.606     52.035    32.0511     3.4987          1          1  0.000e+00
  1025.7286     51.675     52.104    32.0466     3.5009          1          1  0.000e+00
  1025.7285     51.742     52.172    32.0461     3.5009          1          1  0.000e+00
  1025.7333     51.801     52.231    32.0515     3.4978          1          1  0.000e+00
  1025.7321     51.834     52.265    32.0497     3.4977          1          1  0.000e+00
  1025.7294     51.833     52.264    32.0464     3.4974          1          1  0.000e+00
  1025.7340     51.786     52.216    32.0522     3.4952          1          1  0.000e+00
  1025.7326     51.693     52.122    32.0512     3.4970          1          1  0.000e+00
  1025.7305     51.552     51.980    32.0494     3.4975          1          1  0.000e+00
  1025.7312     51.366     51.793    32.0511     3.4954          1          1  0.000e+00
  1025.7318     51.145     51.570    32.0530     3.4940          1          1  0.000e+00
  1025.7299     50.903     51.326    32.0521     3.4943          1          1  0.000e+00
  1025.7223     50.651     51.071    32.0443     3.4954          1          1  0.000e+00
  1025.7170     50.396     50.815    32.0391     3.4961          1          1  0.000e+00
  1025.7129     50.153     50.570    32.0355     3.4967          2          2  0.000e+00
  1025.7091     49.923     50.338    32.0321     3.4972          2          2  0.000e+00
  1025.7014     49.712     50.125    32.0238     3.4975          2          2  0.000e+00
  1025.6911     49.522     49.933    32.0120     3.4973          2          2  0.000e+00
  1025.6780     49.355     49.765    31.9963     3.4958          2          2  0.000e+00
  1025.6792     49.210     49.619    31.9984     3.4940          2          2  0.000e+00
  1025.6561     49.088     49.496    31.9701     3.4926          2          2  0.000e+00
  1025.6219     48.985     49.392    31.9273     3.4892          2          2  0.000e+00
  1025.6197     48.896     49.302    31.9243     3.4832          2          2  0.000e+00
  1025.6210     48.822     49.227    31.9259     3.4794          2          2  0.000e+00
  1025.6208     48.753     49.158    31.9260     3.4783          2          2  0.000e+00
  1025.6186     48.693     49.097    31.9238     3.4796          2          2  0.000e+00
  1025.6356     48.631     49.035    31.9456     3.4801          2          2  0.000e+00
  1025.6489     48.565     48.969    31.9626     3.4796          2          2  0.000e+00
  1025.6379     48.504     48.907    31.9492     3.4802          2          2  0.000e+00
  1025.6488     48.436     48.838    31.9632     3.4800          2          2  0.000e+00
  1025.6338     48.364     48.765    31.9450     3.4809          2          2  0.000e+00
  1025.6370     48.284     48.685    31.9493     3.4799          2          2  0.000e+00
  1025.6177     48.204     48.604    31.9255     3.4796          2          2  0.000e+00
  1025.6071     48.113     48.512    31.9127     3.4789          2          2  0.000e+00
  1025.6083     48.015     48.414    31.9147     3.4782          2          2  0.000e+00
  1025.6153     47.905     48.303    31.9241     3.4778          2          2  0.000e+00
  1025.6223     47.785     48.182    31.9335     3.4779          2          2  0.000e+00
  1025.6280     47.650     48.046    31.9416     3.4789          2          2  0.000e+00
  1025.6210     47.506     47.901    31.9339     3.4811          2          2  0.000e+00
  1025.6076     47.348     47.741    31.9185     3.4843          2          2  0.000e+00
  1025.6015     47.176     47.567    31.9123     3.4890          2          2  0.000e+00
  1025.6028     46.993     47.383    31.9159     3.4963          2          2  0.000e+00
  1025.5969     46.802     47.191    31.9103     3.5023          2          2  0.000e+00
  1025.5981     46.606     46.993    31.9140     3.5106          2          2  0.000e+00
  1025.6005     46.412     46.797    31.9203     3.5295          2          2  0.000e+00
  1025.6033     46.219     46.603    31.9281     3.5566          2          2  0.000e+00
  1025.6120     46.038     46.420    31.9438     3.5886          2          2  0.000e+00
  1025.5852     45.867     46.248    31.9157     3.6281          2          2  0.000e+00
  1025.5690     45.717     46.096    31.8998     3.6580          2          2  0.000e+00
  1025.5628     45.583     45.961    31.8957     3.6825          2          2  0.000e+00
  1025.5539     45.475     45.852    31.8881     3.7079          2          2  0.000e+00
  1025.5626     45.389     45.766    31.9026     3.7336          2          2  0.000e+00
  1025.5250     45.325     45.701    31.8597     3.7669          2          2  0.000e+00
  1025.5824     45.274     45.649    31.9342     3.7834          2          2  0.000e+00
  1025.5458     45.230     45.605    31.8939     3.8295          2          2  0.000e+00
  1025.5156     45.190     45.565    31.8612     3.8711          2          2  0.000e+00
  1025.4805     45.143     45.518    31.8200     3.8944          2          2  0.000e+00
  1025.4665     45.088     45.462    31.8030     3.8960          2          2  0.000e+00
  1025.5116     45.019     45.393    31.8592     3.8878          2          2  0.000e+00
  1025.4958     44.934     45.307    31.8416     3.9027          2          2  0.000e+00
  1025.4770     44.838     45.210    31.8200     3.9145          2          2  0.000e+00
  1025.4403     44.726     45.097    31.7744     3.9138          2          2  0.000e+00
  1025.4366     44.605     44.975    31.7680     3.8939          2          2  0.000e+00
  1025.4793     44.471     44.840    31.8194     3.8684          2          2  0.000e+00
  1025.4945     44.333     44.701    31.8386     3.8623          2          2  0.000e+00
  1025.4973     44.190     44.557    31.8437     3.8681          2          2  0.000e+00
  1025.5148     44.047     44.412    31.8678     3.8780          2          2  0.000e+00
  1025.5116     43.899     44.263    31.8670     3.8984          2          2  0.000e+00
  1025.5645     43.744     44.107    31.9378     3.9257          2          2  0.000e+00
  1025.5373     43.586     43.947    31.9111     3.9789          2          2  0.000e+00
  1025.5456     43.425     43.785    31.9287     4.0297          2          2  0.000e+00
  1025.5054     43.259     43.618    31.8861     4.0859          2          2  0.000e+00
  1025.4960     43.089     43.446    31.8810     4.1326          2          2  0.000e+00
  1025.4533     42.916     43.272    31.8343     4.1810          2          2  0.000e+00
  1025.4169     42.749     43.104    31.7937     4.2146          2          2  0.000e+00
  1025.4195     42.580     42.933    31.8002     4.2324          2          2  0.000e+00
  1025.4053     42.423     42.775    31.7860     4.2539          2          2  0.000e+00
  1025.4045     42.279     42.629    31.7882     4.2720          2          2  0.000e+00
  1025.3890     42.145     42.494    31.7720     4.2922          2          2  0.000e+00
  1025.3813     42.018     42.366    31.7651     4.3087          2          2  0.000e+00
  1025.3834     41.902     42.250    31.7701     4.3224          2          2  0.000e+00
  1025.3785     41.791     42.137    31.7673     4.3426          2          2  0.000e+00
  1025.3644     41.688     42.034    31.7531     4.3656          2          2  0.000e+00
  1025.3816     41.584     41.929    31.7777     4.3837          2          2  0.000e+00
  1025.3977     41.487     41.831    31.8023     4.4140          2          2  0.000e+00
  1025.3506     41.390     41.733    31.7497     4.4617          2          2  0.000e+00
  1025.3214     41.299     41.641    31.7175     4.4931          2          2  0.000e+00
  1025.3269     41.207     41.548    31.7266     4.5049          2          2  0.000e+00
  1025.3226     41.114     41.454    31.7236     4.5190          2          2  0.000e+00
  1025.3253     41.024     41.363    31.7299     4.5381          2          2  0.000e+00
  1025.3057     40.925     41.264    31.7091     4.5632          2          2  0.000e+00
  1025.2745     40.825     41.164    31.6724     4.5788          2          2  0.000e+00
  1025.2808     40.716     41.053    31.6803     4.5735          2          2  0.000e+00
  1025.2994     40.609     40.945    31.7040     4.5699          2          2  0.000e+00
  1025.2911     40.497     40.832    31.6953     4.5787          2          2  0.000e+00
  1025.2920     40.383     40.718    31.6979     4.5850          2          2  0.000e+00
  1025.2810     40.272     40.606    31.6853     4.5896          2          2  0.000e+00
  1025.2791     40.156     40.489    31.6839     4.5922          2          2  0.000e+00
  1025.2789     40.053     40.384    31.6841     4.5905          2          2  0.000e+00
  1025.2872     39.947     40.277    31.6950     4.5896          2          2  0.000e+00
  1025.2966     39.848     40.178    31.7079     4.5924          2          2  0.000e+00
  1025.3132     39.747     40.076    31.7304     4.6001          2          2  0.000e+00
  1025.3169     39.649     39.977    31.7384     4.6210          2          2  0.000e+00
  1025.2926     39.544     39.871    31.7127     4.6535          2          2  0.000e+00
  1025.2596     39.431     39.758    31.6757     4.6835          2          2  0.000e+00
  1025.2634     39.308     39.634    31.6809     4.6816          2          2  0.000e+00
  1025.3022     39.174     39.498    31.7308     4.6818          2          2  0.000e+00
  1025.3244     39.023     39.346    31.7651     4.7226          2          2  0.000e+00
  1025.2967     38.852     39.174    31.7409     4.7957          2          2  0.000e+00
  1025.2323     38.668     38.988    31.6706     4.8681          2          2  0.000e+00
  1025.1393     38.469     38.787    31.5605     4.9134          2          2  0.000e+00
  1025.1307     38.256     38.572    31.5500     4.9071          2          2  0.000e+00
  1025.1744     38.034     38.349    31.6046     4.8933          2          2  0.000e+00
  1025.1677     37.810     38.123    31.6003     4.9141          2          2  0.000e+00
  1025.1534     37.595     37.906    31.5882     4.9481          2          2  0.000e+00
  1025.1382     37.386     37.696    31.5758     4.9887          2          2  0.000e+00
  1025.0914     37.204     37.512    31.5237     5.0323          2          2  0.000e+00
  1025.0781     37.050     37.357    31.5116     5.0598          2          2  0.000e+00
