data/eDNA/PER-2021-171/171c021.cnv
* Sea-Bird SBE19plus  Data File:
* FileName = C:\Users\RSG_field\Ryan_2021_Perley\CTD\171c021.hex
* Software version 2.3.0 SB_Terminal.dll
* Temperature SN = 7141
* Conductivity SN = 7141
* System UpLoad Time = Aug 17 2021 14:10:08
* <ApplicationData>
* <SeatermAF>
** Platform: M. Perley
** Cruise: Per2021171
** Station:  SAB_06
** Cast: 01 3
** Latitude: N  46 22.085
** Longitude: W 59 05.824
** Sounding: 230
** Chief Scientist: Ryan Stanley
** Comment: 171c021
# nquan = 8
# nvalues = 5044                                  
# units = specified
# name 0 = density00: Density [density, kg/m^3]
# name 1 = depSM: Depth [salt water, m], lat = 45.00
# name 2 = prdM: Pressure, Strain Gauge [db]
# name 3 = sal00: Salinity, Practical [PSU]
# name 4 = tv290C: Temperature [ITS-90, deg C]
# name 5 = bpos: Bottle Position in Carousel
# name 6 = nbf: Bottles Fired
# name 7 = flag:  0.000e+00
# span 0 =   998.8096,  1027.9719                 
# span 1 =     -0.052,    208.484                 
# span 2 =     -0.052,    210.297                 
# span 3 =     0.0426,    34.4425                 
# span 4 =     2.1826,    19.8264                 
# span 5 =          0,          6                 
# span 6 =          0,          6                 
# span 7 = 0.0000e+00, 0.0000e+00                 
# interval = seconds: 0.25
# start_time = Aug 17 2021 16:42:36 [Instrument's time stamp, header]
# bad_flag = -9.990e-29
*END*
[from data line 360]
  1020.4431      2.321      2.340    29.2504    19.8015          0          0  0.000e+00
  1020.4422      2.336      2.355    29.2494    19.8024          0          0  0.000e+00
  1020.4410      2.321      2.340    29.2479    19.8026          0          0  0.000e+00
  1020.4406      2.276      2.295    29.2474    19.8020          0          0  0.000e+00
  1020.4405      2.211      2.229    29.2473    19.8009          0          0  0.000e+00
  1020.4407      2.141      2.158    29.2476    19.7996          0          0  0.000e+00
  1020.4406      2.082      2.099    29.2474    19.7982          0          0  0.000e+00
  1020.4411      2.044      2.061    29.2478    19.7969          0          0  0.000e+00
  1020.4417      2.022      2.038    29.2484    19.7958          0          0  0.000e+00
  1020.4431      2.021      2.037    29.2499    19.7951          0          0  0.000e+00
  1020.4429      2.040      2.057    29.2496    19.7951          0          0  0.000e+00
  1020.4434      2.071      2.088    29.2502    19.7954          0          0  0.000e+00
  1020.4424      2.119      2.137    29.2486    19.7957          0          0  0.000e+00
  1020.4373      2.171      2.189    29.2415    19.7952          0          0  0.000e+00
  1020.4379      2.217      2.235    29.2406    19.7908          0          0  0.000e+00
  1020.4419      2.253      2.271    29.2435    19.7842          0          0  0.000e+00
  1020.4460      2.275      2.294    29.2471    19.7796          0          0  0.000e+00
  1020.4477      2.276      2.295    29.2485    19.7770          0          0  0.000e+00
  1020.4483      2.251      2.269    29.2489    19.7755          0          0  0.000e+00
  1020.4457      2.204      2.222    29.2454    19.7741          0          0  0.000e+00
  1020.4485      2.144      2.161    29.2484    19.7712          0          0  0.000e+00
  1020.4473      2.075      2.092    29.2466    19.7694          0          0  0.000e+00
  1020.4477      2.012      2.029    29.2467    19.7667          0          0  0.000e+00
  1020.4478      1.970      1.986    29.2460    19.7635          0          0  0.000e+00
  1020.4508      1.957      1.973    29.2488    19.7600          0          0  0.000e+00
  1020.4546      1.985      2.001    29.2529    19.7577          0          0  0.000e+00
  1020.4534      2.048      2.065    29.2510    19.7580          0          0  0.000e+00
  1020.4524      2.122      2.140    29.2496    19.7588          0          0  0.000e+00
  1020.4457      2.188      2.206    29.2400    19.7574          0          0  0.000e+00
  1020.4557      2.240      2.258    29.2505    19.7506          0          0  0.000e+00
  1020.4644      2.273      2.292    29.2610    19.7485          0          0  0.000e+00
  1020.4566      2.283      2.301    29.2524    19.7536          0          0  0.000e+00
  1020.4569      2.269      2.287    29.2534    19.7550          0          0  0.000e+00
  1020.4543      2.238      2.256    29.2505    19.7561          0          0  0.000e+00
  1020.4538      2.206      2.224    29.2501    19.7561          0          0  0.000e+00
  1020.4548      2.179      2.196    29.2513    19.7554          0          0  0.000e+00
  1020.4549      2.161      2.178    29.2515    19.7553          0          0  0.000e+00
  1020.4547      2.145      2.162    29.2513    19.7554          0          0  0.000e+00
  1020.4547      2.133      2.150    29.2514    19.7554          0          0  0.000e+00
  1020.4570      2.125      2.142    29.2546    19.7556          0          0  0.000e+00
  1020.4583      2.117      2.134    29.2570    19.7580          0          0  0.000e+00
  1020.4579      2.104      2.122    29.2579    19.7619          0          0  0.000e+00
  1020.4547      2.092      2.109    29.2554    19.7667          0          0  0.000e+00
  1020.4515      2.087      2.105    29.2522    19.7698          0          0  0.000e+00
  1020.4500      2.088      2.106    29.2508    19.7713          0          0  0.000e+00
  1020.4455      2.108      2.125    29.2447    19.7712          0          0  0.000e+00
  1020.4443      2.139      2.157    29.2416    19.7673          0          0  0.000e+00
  1020.4479      2.169      2.187    29.2442    19.7612          0          0  0.000e+00
  1020.4521      2.197      2.215    29.2477    19.7555          0          0  0.000e+00
  1020.4545      2.216      2.234    29.2496    19.7522          0          0  0.000e+00
  1020.4580      2.222      2.240    29.2535    19.7503          0          0  0.000e+00
  1020.4585      2.221      2.239    29.2544    19.7510          0          0  0.000e+00
  1020.4583      2.212      2.231    29.2548    19.7529          0          0  0.000e+00
  1020.4566      2.194      2.212    29.2535    19.7554          0          0  0.000e+00
  1020.4569      2.176      2.194    29.2546    19.7570          0          0  0.000e+00
  1020.4574      2.155      2.173    29.2562    19.7595          0          0  0.000e+00
  1020.4569      2.141      2.159    29.2570    19.7635          0          0  0.000e+00
  1020.4547      2.136      2.154    29.2555    19.7677          0          0  0.000e+00
  1020.4533      2.139      2.157    29.2548    19.7715          0          0  0.000e+00
  1020.4524      2.149      2.166    29.2547    19.7746          0          0  0.000e+00
  1020.4512      2.159      2.177    29.2540    19.7776          0          0  0.000e+00
  1020.4493      2.173      2.191    29.2523    19.7801          0          0  0.000e+00
  1020.4486      2.176      2.194    29.2520    19.7819          0          0  0.000e+00
  1020.4472      2.166      2.184    29.2505    19.7831          0          0  0.000e+00
  1020.4495      2.147      2.164    29.2539    19.7838          0          0  0.000e+00
  1020.4476      2.114      2.131    29.2523    19.7860          0          0  0.000e+00
  1020.4461      2.076      2.093    29.2512    19.7880          0          0  0.000e+00
  1020.4465      2.040      2.056    29.2523    19.7891          0          0  0.000e+00
  1020.4453      2.008      2.024    29.2514    19.7906          0          0  0.000e+00
  1020.4435      1.998      2.015    29.2495    19.7915          0          0  0.000e+00
  1020.4442      2.015      2.032    29.2503    19.7916          0          0  0.000e+00
  1020.4464      2.059      2.076    29.2531    19.7920          0          0  0.000e+00
  1020.4451      2.124      2.142    29.2516    19.7939          0          0  0.000e+00
  1020.4462      2.205      2.223    29.2531    19.7956          0          0  0.000e+00
  1020.4418      2.287      2.305    29.2474    19.7970          0          0  0.000e+00
  1020.4501      2.352      2.372    29.2579    19.7972          0          0  0.000e+00
  1020.4374      2.397      2.416    29.2424    19.8015          0          0  0.000e+00
  1020.4426      2.412      2.431    29.2483    19.7988          0          0  0.000e+00
  1020.4500      2.399      2.419    29.2573    19.7967          0          0  0.000e+00
  1020.4464      2.357      2.376    29.2542    19.8009          0          0  0.000e+00
  1020.4434      2.288      2.306    29.2518    19.8040          0          0  0.000e+00
  1020.4395      2.195      2.213    29.2477    19.8057          0          0  0.000e+00
  1020.4380      2.094      2.111    29.2461    19.8050          0          0  0.000e+00
  1020.4385      2.000      2.017    29.2466    19.8028          0          0  0.000e+00
  1020.4403      1.934      1.949    29.2488    19.8010          0          0  0.000e+00
  1020.4420      1.895      1.911    29.2509    19.8000          0          0  0.000e+00
  1020.4409      1.892      1.908    29.2496    19.8004          0          0  0.000e+00
  1020.4448      1.924      1.940    29.2547    19.8009          0          0  0.000e+00
  1020.4419      1.978      1.994    29.2514    19.8036          0          0  0.000e+00
  1020.4396      2.043      2.060    29.2485    19.8049          0          0  0.000e+00
  1020.4405      2.110      2.127    29.2491    19.8043          0          0  0.000e+00
  1020.4413      2.166      2.183    29.2496    19.8038          0          0  0.000e+00
  1020.4414      2.201      2.219    29.2496    19.8038          0          0  0.000e+00
  1020.4412      2.208      2.226    29.2493    19.8037          0          0  0.000e+00
  1020.4412      2.192      2.210    29.2492    19.8035          0          0  0.000e+00
  1020.4405      2.155      2.173    29.2484    19.8030          0          0  0.000e+00
  1020.4411      2.110      2.127    29.2493    19.8024          0          0  0.000e+00
  1020.4417      2.062      2.079    29.2501    19.8018          0          0  0.000e+00
  1020.4430      2.035      2.052    29.2520    19.8019          0          0  0.000e+00
  1020.4419      2.041      2.057    29.2509    19.8030          0          0  0.000e+00
  1020.4415      2.076      2.093    29.2505    19.8039          0          0  0.000e+00
  1020.4422      2.132      2.149    29.2513    19.8045          0          0  0.000e+00
  1020.4444      2.194      2.212    29.2542    19.8054          0          0  0.000e+00
  1020.4397      2.263      2.282    29.2483    19.8080          0          0  0.000e+00
  1020.4371      2.317      2.336    29.2443    19.8068          0          0  0.000e+00
  1020.4392      2.349      2.368    29.2455    19.8029          0          0  0.000e+00
  1020.4412      2.362      2.381    29.2470    19.7998          0          0  0.000e+00
  1020.4438      2.354      2.374    29.2497    19.7973          0          0  0.000e+00
  1020.4398      2.337      2.357    29.2443    19.7966          0          0  0.000e+00
  1020.4359      2.310      2.329    29.2381    19.7928          0          0  0.000e+00
  1020.4434      2.267      2.286    29.2458    19.7858          0          0  0.000e+00
  1020.4422      2.219      2.237    29.2434    19.7822          0          0  0.000e+00
  1020.4437      2.167      2.184    29.2443    19.7780          0          0  0.000e+00
  1020.4471      2.111      2.128    29.2476    19.7736          0          0  0.000e+00
  1020.4491      2.060      2.077    29.2498    19.7714          0          0  0.000e+00
  1020.4490      2.014      2.031    29.2497    19.7708          0          0  0.000e+00
  1020.4477      1.984      2.001    29.2481    19.7704          0          0  0.000e+00
  1020.4439      1.972      1.988    29.2426    19.7687          0          0  0.000e+00
  1020.4507      1.982      1.999    29.2500    19.7643          0          0  0.000e+00
  1020.4564      2.008      2.024    29.2568    19.7630          0          0  0.000e+00
  1020.4529      2.041      2.057    29.2534    19.7668          0          0  0.000e+00
  1020.4508      2.070      2.087    29.2512    19.7693          0          0  0.000e+00
  1020.4491      2.101      2.118    29.2491    19.7702          0          0  0.000e+00
  1020.4476      2.125      2.143    29.2467    19.7695          0          0  0.000e+00
  1020.4496      2.136      2.153    29.2487    19.7674          0          0  0.000e+00
  1020.4477      2.137      2.155    29.2457    19.7663          0          0  0.000e+00
  1020.4476      2.131      2.148    29.2448    19.7637          0          0  0.000e+00
  1020.4507      2.123      2.141    29.2479    19.7604          0          0  0.000e+00
  1020.4516      2.119      2.136    29.2485    19.7585          0          0  0.000e+00
  1020.4523      2.121      2.138    29.2489    19.7574          0          0  0.000e+00
  1020.4512      2.133      2.150    29.2472    19.7566          0          0  0.000e+00
  1020.4524      2.156      2.174    29.2480    19.7550          0          0  0.000e+00
  1020.4545      2.193      2.211    29.2502    19.7536          0          0  0.000e+00
  1020.4580      2.231      2.250    29.2545    19.7536          0          0  0.000e+00
  1020.4599      2.277      2.296    29.2577    19.7563          0          0  0.000e+00
  1020.4587      2.314      2.333    29.2574    19.7611          0          0  0.000e+00
  1020.4555      2.344      2.363    29.2547    19.7660          0          0  0.000e+00
  1020.4526      2.355      2.375    29.2520    19.7695          0          0  0.000e+00
  1020.4497      2.354      2.374    29.2487    19.7710          0          0  0.000e+00
  1020.4499      2.345      2.364    29.2488    19.7703          0          0  0.000e+00
  1020.4490      2.322      2.341    29.2476    19.7698          0          0  0.000e+00
  1020.4501      2.282      2.301    29.2488    19.7683          0          0  0.000e+00
  1020.4506      2.223      2.241    29.2496    19.7676          0          0  0.000e+00
  1020.4496      2.145      2.163    29.2486    19.7673          0          0  0.000e+00
  1020.4500      2.065      2.082    29.2493    19.7666          0          0  0.000e+00
  1020.4503      1.983      1.999    29.2501    19.7662          0          0  0.000e+00
  1020.4492      1.904      1.919    29.2490    19.7660          0          0  0.000e+00
  1020.4496      1.842      1.857    29.2498    19.7658          0          0  0.000e+00
  1020.4511      1.805      1.820    29.2519    19.7655          0          0  0.000e+00
  1020.4502      1.800      1.815    29.2511    19.7667          0          0  0.000e+00
  1020.4501      1.830      1.844    29.2511    19.7674          0          0  0.000e+00
  1020.4558      1.893      1.909    29.2587    19.7689          0          0  0.000e+00
  1020.4534      1.981      1.997    29.2567    19.7740          0          0  0.000e+00
  1020.4509      2.079      2.096    29.2546    19.7791          0          0  0.000e+00
  1020.4480      2.168      2.185    29.2514    19.7827          0          0  0.000e+00
  1020.4473      2.237      2.255    29.2506    19.7843          0          0  0.000e+00
  1020.4466      2.281      2.300    29.2496    19.7849          0          0  0.000e+00
  1020.4470      2.311      2.330    29.2501    19.7850          0          0  0.000e+00
  1020.4459      2.322      2.341    29.2486    19.7850          0          0  0.000e+00
  1020.4449      2.322      2.341    29.2471    19.7843          0          0  0.000e+00
  1020.4451      2.316      2.335    29.2468    19.7827          0          0  0.000e+00
  1020.4472      2.311      2.330    29.2490    19.7807          0          0  0.000e+00
  1020.4483      2.313      2.332    29.2500    19.7798          0          0  0.000e+00
  1020.4496      2.318      2.337    29.2518    19.7799          0          0  0.000e+00
  1020.4505      2.330      2.349    29.2532    19.7810          0          0  0.000e+00
  1020.4478      2.338      2.357    29.2503    19.7829          0          0  0.000e+00
  1020.4446      2.335      2.354    29.2463    19.7834          0          0  0.000e+00
  1020.4468      2.326      2.345    29.2487    19.7817          0          0  0.000e+00
  1020.4487      2.296      2.315    29.2508    19.7804          0          0  0.000e+00
  1020.4483      2.258      2.276    29.2508    19.7810          0          0  0.000e+00
  1020.4473      2.204      2.222    29.2499    19.7815          0          0  0.000e+00
  1020.4468      2.134      2.151    29.2497    19.7816          0          0  0.000e+00
  1020.4463      2.068      2.085    29.2495    19.7815          0          0  0.000e+00
  1020.4458      2.006      2.023    29.2491    19.7814          0          0  0.000e+00
  1020.4468      1.944      1.960    29.2507    19.7811          0          0  0.000e+00
  1020.4473      1.892      1.907    29.2517    19.7815          0          0  0.000e+00
  1020.4460      1.843      1.858    29.2506    19.7826          0          0  0.000e+00
  1020.4489      1.804      1.819    29.2549    19.7832          0          0  0.000e+00
  1020.4477      1.785      1.800    29.2544    19.7861          0          0  0.000e+00
