data/eDNA/PER-2021-171/171c012.cnv
* Sea-Bird SBE19plus  Data File:
* FileName = C:\Users\RSG_field\Ryan_2021_Perley\CTD\171c012.hex
* Software version 2.3.0 SB_Terminal.dll
* Temperature SN = 7141
* Conductivity SN = 7141
* System UpLoad Time = Aug 12 2021 09:59:27
* <ApplicationData>
* <SeatermAF>
** Platform: M. Perley
** Cruise: Per2021171
** Station:  ESI_16
** Cast: 01 3
** Latitude: N  44 35.594
** Longitude: W 62 35.839
** Sounding: 102
** Chief Scientist: Ryan Stanley
** Comment: 171c012
# nquan = 8
# nvalues = 3321                                  
# units = specified
# name 0 = density00: Density [density, kg/m^3]
# name 1 = depSM: Depth [salt water, m], lat = 45.00
# name 2 = prdM: Pressure, Strain Gauge [db]
# name 3 = sal00: Salinity, Practical [PSU]
# name 4 = tv290C: Temperature [ITS-90, deg C]
# name 5 = bpos: Bottle Position in Carousel
# name 6 = nbf: Bottles Fired
# name 7 = flag:  0.000e+00
# span 0 =   998.5735,  1026.4233                 
# span 1 =     -0.079,     94.285                 
# span 2 =     -0.080,     95.079                 
# span 3 =     0.0000,    32.7339                 
# span 4 =     3.2058,    18.5174                 
# span 5 =          0,          6                 
# span 6 =          0,          6                 
# span 7 = 0.0000e+00, 0.0000e+00                 
# interval = seconds: 0.25
# start_time = Aug 12 2021 12:34:34 [Instrument's time stamp, header]
# bad_flag = -9.990e-29
*END*
[from data line 1079]
  1024.6087     29.886     30.133    31.6070     8.9433          0          0  0.000e+00
  1024.6217     30.031     30.279    31.6168     8.9127          0          0  0.000e+00
  1024.6160     30.160     30.409    31.6031     8.8833          0          0  0.000e+00
  1024.6354     30.268     30.518    31.6196     8.8443          0          0  0.000e+00
  1024.6588     30.356     30.607    31.6418     8.8074          0          0  0.000e+00
  1024.6725     30.432     30.683    31.6536     8.7806          0          0  0.000e+00
  1024.6800     30.497     30.749    31.6589     8.7599          0          0  0.000e+00
  1024.6895     30.555     30.807    31.6673     8.7426          0          0  0.000e+00
  1024.6997     30.613     30.866    31.6773     8.7285          0          0  0.000e+00
  1024.7044     30.669     30.922    31.6811     8.7189          0          0  0.000e+00
  1024.6943     30.730     30.983    31.6662     8.7104          0          0  0.000e+00
  1024.6716     30.788     31.042    31.6332     8.6916          0          0  0.000e+00
  1024.6774     30.849     31.104    31.6331     8.6543          0          0  0.000e+00
  1024.7029     30.912     31.167    31.6571     8.6114          0          0  0.000e+00
  1024.7262     30.984     31.240    31.6795     8.5754          0          0  0.000e+00
  1024.7460     31.065     31.321    31.6988     8.5467          0          0  0.000e+00
  1024.7555     31.167     31.425    31.7062     8.5249          0          0  0.000e+00
  1024.7403     31.292     31.551    31.6823     8.5050          0          0  0.000e+00
  1024.7076     31.449     31.709    31.6336     8.4735          0          0  0.000e+00
  1024.5891     31.623     31.884    31.4708     8.4174          0          0  0.000e+00
  1024.4002     31.817     32.080    31.2030     8.2805          0          0  0.000e+00
  1024.5147     32.031     32.296    31.3028     8.0355          0          0  0.000e+00
  1024.5829     32.258     32.525    31.3476     7.8096          0          0  0.000e+00
  1024.7093     32.486     32.755    31.4743     7.6242          0          0  0.000e+00
  1024.7961     32.708     32.978    31.5611     7.4965          0          0  0.000e+00
  1024.8376     32.915     33.187    31.5991     7.4180          0          0  0.000e+00
  1024.8005     33.101     33.375    31.5407     7.3598          0          0  0.000e+00
  1024.8205     33.253     33.527    31.5528     7.2877          0          0  0.000e+00
  1024.8479     33.377     33.652    31.5751     7.2191          0          0  0.000e+00
  1024.8669     33.479     33.756    31.5891     7.1631          0          0  0.000e+00
  1024.8807     33.558     33.835    31.5983     7.1162          0          0  0.000e+00
  1024.8807     33.621     33.899    31.5913     7.0769          0          0  0.000e+00
  1024.9094     33.677     33.955    31.6210     7.0390          0          0  0.000e+00
  1024.9314     33.727     34.006    31.6445     7.0142          0          0  0.000e+00
  1024.9388     33.775     34.054    31.6515     7.0014          0          0  0.000e+00
  1024.9272     33.822     34.101    31.6352     6.9940          0          0  0.000e+00
  1024.9299     33.867     34.147    31.6364     6.9826          0          0  0.000e+00
  1024.9303     33.919     34.200    31.6348     6.9709          0          0  0.000e+00
  1024.9131     33.977     34.257    31.6106     6.9594          0          0  0.000e+00
  1024.8991     34.043     34.325    31.5888     6.9381          0          0  0.000e+00
  1024.9044     34.128     34.410    31.5902     6.9085          0          0  0.000e+00
  1024.8905     34.230     34.513    31.5669     6.8781          0          0  0.000e+00
  1024.8803     34.352     34.636    31.5471     6.8413          0          0  0.000e+00
  1024.8690     34.491     34.776    31.5243     6.7948          0          0  0.000e+00
  1024.8735     34.644     34.931    31.5199     6.7386          0          0  0.000e+00
  1024.9024     34.802     35.090    31.5462     6.6806          0          0  0.000e+00
  1024.8555     34.964     35.254    31.4780     6.6333          0          0  0.000e+00
  1024.7317     35.130     35.420    31.3078     6.5588          0          0  0.000e+00
  1024.7628     35.295     35.587    31.3235     6.4155          0          0  0.000e+00
  1024.8034     35.463     35.756    31.3514     6.2716          0          0  0.000e+00
  1024.7973     35.627     35.922    31.3228     6.1428          0          0  0.000e+00
  1024.8078     35.789     36.085    31.3146     6.0087          0          0  0.000e+00
  1024.8758     35.954     36.251    31.3788     5.8702          0          0  0.000e+00
  1024.9514     36.117     36.416    31.4575     5.7617          0          0  0.000e+00
  1024.9874     36.278     36.578    31.4914     5.6899          0          0  0.000e+00
  1024.9955     36.435     36.736    31.4931     5.6376          0          0  0.000e+00
  1024.9937     36.583     36.886    31.4826     5.5875          0          0  0.000e+00
  1025.0512     36.722     37.026    31.5468     5.5346          0          0  0.000e+00
  1025.1260     36.847     37.152    31.6365     5.5055          0          0  0.000e+00
  1025.1704     36.955     37.261    31.6930     5.5126          0          0  0.000e+00
  1025.1649     37.046     37.353    31.6897     5.5413          0          0  0.000e+00
  1025.1401     37.126     37.433    31.6619     5.5690          0          0  0.000e+00
  1025.0990     37.192     37.500    31.6116     5.5830          0          0  0.000e+00
  1025.0805     37.247     37.555    31.5867     5.5751          0          0  0.000e+00
  1025.0871     37.293     37.602    31.5917     5.5535          0          0  0.000e+00
  1025.0952     37.341     37.650    31.5985     5.5322          0          0  0.000e+00
  1025.1030     37.386     37.695    31.6055     5.5143          0          0  0.000e+00
  1025.1038     37.432     37.742    31.6043     5.5006          0          0  0.000e+00
  1025.1090     37.479     37.789    31.6086     5.4873          0          0  0.000e+00
  1025.1177     37.531     37.842    31.6175     5.4752          0          0  0.000e+00
  1025.1235     37.596     37.907    31.6233     5.4676          0          0  0.000e+00
  1025.1401     37.678     37.990    31.6433     5.4635          0          0  0.000e+00
  1025.1490     37.784     38.097    31.6542     5.4653          0          0  0.000e+00
  1025.1478     37.919     38.233    31.6527     5.4708          0          0  0.000e+00
  1025.1443     38.083     38.398    31.6480     5.4755          0          0  0.000e+00
  1025.1146     38.271     38.588    31.6094     5.4765          0          0  0.000e+00
  1025.0780     38.478     38.796    31.5596     5.4609          0          0  0.000e+00
  1025.0252     38.699     39.020    31.4860     5.4223          0          0  0.000e+00
  1025.0067     38.923     39.245    31.4515     5.3539          0          0  0.000e+00
  1025.0223     39.136     39.460    31.4577     5.2675          0          0  0.000e+00
  1025.0569     39.332     39.658    31.4885     5.1840          0          0  0.000e+00
  1025.0510     39.505     39.832    31.4702     5.1130          0          0  0.000e+00
  1025.0233     39.652     39.981    31.4238     5.0366          0          0  0.000e+00
  1025.0724     39.776     40.106    31.4720     4.9413          0          0  0.000e+00
  1025.1565     39.883     40.214    31.5668     4.8618          0          0  0.000e+00
  1025.2093     39.979     40.310    31.6274     4.8210          0          0  0.000e+00
  1025.2290     40.066     40.397    31.6501     4.8090          0          0  0.000e+00
  1025.2444     40.145     40.478    31.6691     4.8088          0          0  0.000e+00
  1025.2908     40.215     40.548    31.7282     4.8167          0          0  0.000e+00
  1025.2921     40.285     40.619    31.7329     4.8415          0          0  0.000e+00
  1025.2781     40.354     40.688    31.7183     4.8683          0          0  0.000e+00
  1025.2657     40.418     40.752    31.7050     4.8876          0          0  0.000e+00
  1025.3034     40.475     40.810    31.7542     4.9016          0          0  0.000e+00
  1025.3101     40.531     40.867    31.7655     4.9253          0          0  0.000e+00
  1025.2956     40.586     40.922    31.7506     4.9519          0          0  0.000e+00
  1025.2831     40.637     40.974    31.7371     4.9715          0          0  0.000e+00
  1025.2749     40.691     41.028    31.7282     4.9840          0          0  0.000e+00
  1025.2701     40.757     41.094    31.7228     4.9918          0          0  0.000e+00
  1025.2643     40.837     41.176    31.7156     4.9964          0          0  0.000e+00
  1025.2687     40.936     41.275    31.7209     4.9984          0          0  0.000e+00
  1025.2885     41.064     41.404    31.7456     5.0018          0          0  0.000e+00
  1025.2955     41.214     41.555    31.7549     5.0111          0          0  0.000e+00
  1025.3156     41.389     41.731    31.7809     5.0237          0          0  0.000e+00
  1025.3303     41.579     41.924    31.8007     5.0409          0          0  0.000e+00
  1025.3228     41.775     42.122    31.7930     5.0621          0          0  0.000e+00
  1025.3194     41.976     42.324    31.7901     5.0799          0          0  0.000e+00
  1025.3225     42.173     42.523    31.7947     5.0943          0          0  0.000e+00
  1025.3269     42.359     42.710    31.8012     5.1085          0          0  0.000e+00
  1025.3194     42.535     42.887    31.7928     5.1236          0          0  0.000e+00
  1025.3102     42.690     43.044    31.7818     5.1343          0          0  0.000e+00
  1025.3073     42.830     43.185    31.7780     5.1392          0          0  0.000e+00
  1025.3114     42.954     43.310    31.7826     5.1410          0          0  0.000e+00
  1025.3199     43.062     43.419    31.7931     5.1432          0          0  0.000e+00
  1025.3213     43.152     43.509    31.7950     5.1482          0          0  0.000e+00
  1025.3269     43.227     43.585    31.8025     5.1539          0          0  0.000e+00
  1025.3282     43.291     43.650    31.8047     5.1613          0          0  0.000e+00
  1025.3268     43.347     43.706    31.8036     5.1685          0          0  0.000e+00
  1025.3242     43.393     43.753    31.8008     5.1736          0          0  0.000e+00
  1025.3224     43.440     43.800    31.7988     5.1771          0          0  0.000e+00
  1025.3222     43.495     43.856    31.7985     5.1791          0          0  0.000e+00
  1025.3212     43.560     43.921    31.7970     5.1800          0          0  0.000e+00
  1025.3175     43.641     44.003    31.7917     5.1799          0          0  0.000e+00
  1025.3173     43.738     44.100    31.7906     5.1773          0          0  0.000e+00
  1025.3126     43.849     44.213    31.7835     5.1733          0          0  0.000e+00
  1025.3083     43.974     44.339    31.7763     5.1667          0          0  0.000e+00
  1025.2701     44.107     44.472    31.7257     5.1554          0          0  0.000e+00
  1025.2258     44.241     44.608    31.6644     5.1238          0          0  0.000e+00
  1025.2232     44.383     44.751    31.6515     5.0604          0          0  0.000e+00
  1025.2437     44.526     44.896    31.6655     4.9801          0          0  0.000e+00
  1025.2750     44.671     45.041    31.6930     4.8989          0          0  0.000e+00
  1025.2996     44.829     45.200    31.7134     4.8269          0          0  0.000e+00
  1025.3001     44.996     45.369    31.7044     4.7624          0          0  0.000e+00
  1025.3351     45.170     45.545    31.7385     4.6957          0          0  0.000e+00
  1025.3457     45.354     45.731    31.7432     4.6381          0          0  0.000e+00
  1025.3643     45.548     45.926    31.7579     4.5807          0          0  0.000e+00
  1025.4145     45.745     46.124    31.8127     4.5243          0          0  0.000e+00
  1025.4253     45.931     46.312    31.8200     4.4848          0          0  0.000e+00
  1025.4375     46.102     46.484    31.8298     4.4496          0          0  0.000e+00
  1025.4636     46.253     46.637    31.8577     4.4179          0          0  0.000e+00
  1025.4808     46.375     46.760    31.8759     4.3967          0          0  0.000e+00
  1025.4879     46.479     46.865    31.8827     4.3843          0          0  0.000e+00
  1025.4942     46.555     46.942    31.8890     4.3758          0          0  0.000e+00
  1025.4962     46.616     47.003    31.8905     4.3707          0          0  0.000e+00
  1025.4984     46.658     47.046    31.8926     4.3671          0          0  0.000e+00
  1025.4998     46.685     47.072    31.8940     4.3648          0          0  0.000e+00
  1025.5035     46.702     47.089    31.8984     4.3644          0          0  0.000e+00
  1025.5032     46.718     47.105    31.8980     4.3654          0          0  0.000e+00
  1025.5017     46.738     47.126    31.8963     4.3673          0          0  0.000e+00
  1025.4952     46.780     47.168    31.8880     4.3688          0          0  0.000e+00
  1025.4910     46.845     47.234    31.8822     4.3671          0          0  0.000e+00
  1025.4883     46.940     47.330    31.8777     4.3628          0          0  0.000e+00
  1025.4830     47.060     47.451    31.8694     4.3564          0          0  0.000e+00
  1025.4852     47.217     47.609    31.8701     4.3467          0          0  0.000e+00
  1025.4963     47.386     47.779    31.8818     4.3371          0          0  0.000e+00
  1025.5051     47.575     47.970    31.8909     4.3308          0          0  0.000e+00
  1025.5061     47.767     48.164    31.8905     4.3265          0          0  0.000e+00
  1025.5007     47.960     48.358    31.8814     4.3178          0          0  0.000e+00
  1025.5005     48.146     48.545    31.8780     4.3012          0          0  0.000e+00
  1025.5054     48.317     48.719    31.8804     4.2794          0          0  0.000e+00
  1025.5175     48.470     48.873    31.8916     4.2555          0          0  0.000e+00
  1025.5274     48.602     49.005    31.9005     4.2331          0          0  0.000e+00
  1025.5331     48.723     49.128    31.9043     4.2114          0          0  0.000e+00
  1025.5311     48.834     49.239    31.8984     4.1902          0          0  0.000e+00
  1025.5331     48.932     49.339    31.8971     4.1648          0          0  0.000e+00
  1025.5484     49.030     49.437    31.9123     4.1373          0          0  0.000e+00
  1025.5559     49.126     49.534    31.9185     4.1149          0          0  0.000e+00
  1025.5466     49.224     49.633    31.9036     4.0945          0          0  0.000e+00
  1025.5536     49.322     49.732    31.9084     4.0672          0          0  0.000e+00
  1025.5681     49.428     49.839    31.9225     4.0383          0          0  0.000e+00
  1025.5807     49.535     49.947    31.9348     4.0145          0          0  0.000e+00
  1025.5886     49.651     50.063    31.9417     3.9958          0          0  0.000e+00
  1025.5987     49.768     50.181    31.9518     3.9804          0          0  0.000e+00
  1025.5965     49.885     50.300    31.9469     3.9690          0          0  0.000e+00
  1025.6008     49.992     50.408    31.9502     3.9556          0          0  0.000e+00
  1025.6063     50.095     50.511    31.9548     3.9427          0          0  0.000e+00
  1025.6097     50.190     50.607    31.9572     3.9314          0          0  0.000e+00
  1025.6122     50.283     50.701    31.9585     3.9212          0          0  0.000e+00
  1025.6135     50.376     50.795    31.9583     3.9112          0          0  0.000e+00
  1025.6128     50.473     50.892    31.9557     3.9004          0          0  0.000e+00
