data/eDNA/PER-2021-171/171c010.cnv
* Sea-Bird SBE19plus  Data File:
* FileName = C:\Users\RSG_field\Ryan_2021_Perley\CTD\171c010.hex
* Software version 2.3.0 SB_Terminal.dll
* Temperature SN = 7141
* Conductivity SN = 7141
* System UpLoad Time = Aug 11 2021 14:20:07
* <ApplicationData>
* <SeatermAF>
** Platform: M. Perley
** Cruise: Per2021171
** Station:  ESI_14
** Cast: 01 3
** Latitude: N  44 36.505
** Longitude: W 62 55.814
** Sounding: 23.5
** Chief Scientist: Ryan Stanley
** Comment: 171c010
# nquan = 8
# nvalues = 2214                                  
# units = specified
# name 0 = density00: Density [density, kg/m^3]
# name 1 = depSM: Depth [salt water, m], lat = 45.00
# name 2 = prdM: Pressure, Strain Gauge [db]
# name 3 = sal00: Salinity, Practical [PSU]
# name 4 = tv290C: Temperature [ITS-90, deg C]
# name 5 = bpos: Bottle Position in Carousel
# name 6 = nbf: Bottles Fired
# name 7 = flag:  0.000e+00
# span 0 =   998.6960,  1024.6250                 
# span 1 =     -0.027,     25.167                 
# span 2 =     -0.027,     25.375                 
# span 3 =     0.0000,    31.8245                 
# span 4 =     6.0741,    18.4800                 
# span 5 =          0,          4                 
# span 6 =          0,          4                 
# span 7 = 0.0000e+00, 0.0000e+00                 
# interval = seconds: 0.25
# start_time = Aug 11 2021 17:08:21 [Instrument's time stamp, header]
# bad_flag = -9.990e-29
*END*
[from data line 899]
  1022.0974     10.596     10.683    30.7326    17.8190          0          0  0.000e+00
  1022.0889     10.653     10.740    30.7223    17.8225          0          0  0.000e+00
  1022.0903     10.691     10.779    30.7237    17.8218          0          0  0.000e+00
  1022.0906     10.726     10.814    30.7235    17.8202          0          0  0.000e+00
  1022.0812     10.759     10.847    30.7106    17.8191          0          0  0.000e+00
  1022.0360     10.794     10.882    30.6484    17.8101          0          0  0.000e+00
  1022.0384     10.833     10.922    30.6407    17.7757          0          0  0.000e+00
  1022.0607     10.884     10.973    30.6572    17.7357          0          0  0.000e+00
  1022.0823     10.957     11.047    30.6752    17.7042          0          0  0.000e+00
  1022.0894     11.048     11.139    30.6774    17.6830          0          0  0.000e+00
  1022.1326     11.171     11.263    30.7284    17.6677          0          0  0.000e+00
  1022.1610     11.322     11.415    30.7672    17.6760          0          0  0.000e+00
  1022.0479     11.494     11.589    30.6259    17.7002          0          0  0.000e+00
  1022.0588     11.685     11.781    30.6298    17.6705          0          0  0.000e+00
  1022.1134     11.894     11.992    30.6873    17.6292          0          0  0.000e+00
  1022.0974     12.118     12.217    30.6610    17.6163          0          0  0.000e+00
  1021.9906     12.341     12.443    30.5129    17.5928          0          0  0.000e+00
  1021.9088     12.551     12.654    30.3766    17.5016          0          0  0.000e+00
  1021.9315     12.754     12.858    30.3592    17.3518          0          0  0.000e+00
  1021.9605     12.942     13.049    30.3460    17.1870          0          0  0.000e+00
  1022.0145     13.114     13.222    30.3682    17.0303          0          0  0.000e+00
  1022.0492     13.266     13.375    30.3704    16.8892          0          0  0.000e+00
  1022.1114     13.402     13.513    30.4127    16.7616          0          0  0.000e+00
  1022.1699     13.524     13.635    30.4581    16.6602          0          0  0.000e+00
  1022.1775     13.625     13.737    30.4452    16.5847          0          0  0.000e+00
  1022.2052     13.709     13.821    30.4593    16.5118          0          0  0.000e+00
  1022.2473     13.779     13.892    30.4956    16.4501          0          0  0.000e+00
  1022.2475     13.835     13.949    30.4833    16.4083          0          0  0.000e+00
  1022.2371     13.879     13.994    30.4553    16.3600          0          0  0.000e+00
  1022.2763     13.920     14.034    30.4903    16.3055          0          0  0.000e+00
  1022.2887     13.953     14.067    30.4945    16.2655          0          0  0.000e+00
  1022.3031     13.990     14.105    30.5041    16.2345          0          0  0.000e+00
  1022.3038     14.031     14.146    30.4973    16.2090          0          0  0.000e+00
  1022.3099     14.076     14.191    30.4974    16.1826          0          0  0.000e+00
  1022.3203     14.131     14.247    30.5032    16.1573          0          0  0.000e+00
  1022.3079     14.193     14.310    30.4805    16.1358          0          0  0.000e+00
  1022.3009     14.276     14.393    30.4623    16.1064          0          0  0.000e+00
  1022.2641     14.378     14.496    30.4017    16.0647          0          0  0.000e+00
  1022.1088     14.504     14.623    30.1767    15.9881          0          0  0.000e+00
  1021.8866     14.661     14.781    29.8281    15.7848          0          0  0.000e+00
  1022.0370     14.841     14.963    29.9071    15.3734          0          0  0.000e+00
  1022.2721     15.052     15.176    30.0896    14.9313          0          0  0.000e+00
  1022.4631     15.280     15.405    30.2448    14.5936          0          0  0.000e+00
  1022.6760     15.536     15.664    30.4549    14.3521          0          0  0.000e+00
  1022.7537     15.799     15.929    30.5156    14.2072          0          0  0.000e+00
  1022.7648     16.052     16.184    30.5016    14.1051          0          0  0.000e+00
  1022.7307     16.289     16.423    30.4283    13.9999          0          0  0.000e+00
  1022.7291     16.510     16.646    30.3888    13.8614          0          0  0.000e+00
  1022.7683     16.703     16.841    30.3965    13.6991          0          0  0.000e+00
  1022.8122     16.862     17.001    30.4083    13.5276          0          0  0.000e+00
  1022.3989     16.991     17.130    29.8192    13.3181          0          0  0.000e+00
  1022.6312     17.089     17.230    29.9975    12.8280          0          0  0.000e+00
  1022.9722     17.157     17.298    30.3180    12.3348          0          0  0.000e+00
  1023.1937     17.205     17.346    30.5289    12.0203          0          0  0.000e+00
  1023.3182     17.233     17.375    30.6450    11.8312          0          0  0.000e+00
  1023.3349     17.253     17.395    30.6387    11.7124          0          0  0.000e+00
  1023.3321     17.270     17.412    30.6092    11.6006          0          0  0.000e+00
  1023.3669     17.284     17.426    30.6210    11.4570          0          0  0.000e+00
  1023.4228     17.304     17.447    30.6617    11.3202          0          0  0.000e+00
  1023.4844     17.334     17.477    30.7142    11.2021          0          0  0.000e+00
  1023.4828     17.377     17.520    30.6894    11.1018          0          0  0.000e+00
  1023.5025     17.434     17.577    30.6903    10.9938          0          0  0.000e+00
  1023.5453     17.512     17.656    30.7199    10.8809          0          0  0.000e+00
  1023.5977     17.609     17.753    30.7647    10.7808          0          0  0.000e+00
  1023.6478     17.729     17.875    30.8111    10.7016          0          0  0.000e+00
  1023.6508     17.866     18.013    30.8021    10.6466          0          0  0.000e+00
  1023.5501     18.031     18.180    30.6579    10.5830          0          0  0.000e+00
  1023.4248     18.207     18.357    30.4634    10.4319          0          0  0.000e+00
  1023.2967     18.399     18.551    30.2401    10.1582          0          0  0.000e+00
  1023.3830     18.596     18.750    30.2680     9.7634          0          0  0.000e+00
  1023.6528     18.800     18.955    30.5317     9.3612          0          0  0.000e+00
  1023.8384     18.999     19.156    30.7131     9.0823          0          0  0.000e+00
  1023.9256     19.189     19.347    30.7884     8.9006          0          0  0.000e+00
  1023.9361     19.368     19.528    30.7745     8.7634          0          0  0.000e+00
  1023.7772     19.531     19.692    30.5409     8.6078          0          0  0.000e+00
  1023.7623     19.682     19.844    30.4741     8.3558          0          0  0.000e+00
  1023.8926     19.819     19.982    30.5876     8.0701          0          0  0.000e+00
  1024.1161     19.938     20.103    30.8292     7.8312          0          0  0.000e+00
  1024.1961     20.046     20.211    30.9080     7.7035          0          0  0.000e+00
  1024.2250     20.142     20.308    30.9314     7.6301          0          0  0.000e+00
  1024.2674     20.228     20.394    30.9759     7.5780          0          0  0.000e+00
  1024.2754     20.299     20.466    30.9806     7.5489          0          0  0.000e+00
  1024.2806     20.366     20.533    30.9829     7.5270          0          0  0.000e+00
  1024.2364     20.426     20.594    30.9230     7.5072          0          0  0.000e+00
  1024.2427     20.484     20.653    30.9238     7.4682          0          0  0.000e+00
  1024.2503     20.543     20.712    30.9254     7.4232          0          0  0.000e+00
  1024.2686     20.608     20.778    30.9412     7.3814          0          0  0.000e+00
  1024.2932     20.682     20.852    30.9666     7.3491          0          0  0.000e+00
  1024.2969     20.772     20.943    30.9674     7.3297          0          0  0.000e+00
  1024.3037     20.871     21.043    30.9728     7.3138          0          0  0.000e+00
  1024.3210     20.996     21.169    30.9921     7.3023          0          0  0.000e+00
  1024.1832     21.129     21.303    30.8149     7.2961          0          0  0.000e+00
  1024.0953     21.271     21.446    30.6892     7.2184          0          0  0.000e+00
  1024.2046     21.422     21.599    30.8030     7.0729          0          0  0.000e+00
  1024.2999     21.577     21.755    30.9061     6.9696          0          0  0.000e+00
  1024.3319     21.731     21.910    30.9382     6.9226          0          0  0.000e+00
  1024.3709     21.887     22.067    30.9830     6.8989          0          0  0.000e+00
  1024.3903     22.046     22.227    31.0063     6.8964          0          0  0.000e+00
  1024.3774     22.207     22.390    30.9910     6.9091          0          0  0.000e+00
  1024.3728     22.366     22.550    30.9858     6.9189          0          0  0.000e+00
  1024.3784     22.527     22.713    30.9930     6.9249          0          0  0.000e+00
  1024.3286     22.681     22.868    30.9301     6.9331          0          0  0.000e+00
  1024.3090     22.829     23.017    30.9017     6.9166          0          0  0.000e+00
  1024.3244     22.970     23.159    30.9147     6.8822          0          0  0.000e+00
  1024.3435     23.107     23.297    30.9337     6.8546          0          0  0.000e+00
  1024.3619     23.231     23.422    30.9533     6.8362          0          0  0.000e+00
  1024.3755     23.346     23.539    30.9686     6.8281          0          0  0.000e+00
  1024.3799     23.451     23.645    30.9737     6.8286          0          0  0.000e+00
  1024.3900     23.546     23.740    30.9867     6.8332          0          0  0.000e+00
  1024.3836     23.627     23.822    30.9799     6.8438          0          0  0.000e+00
  1024.3697     23.703     23.898    30.9632     6.8531          0          0  0.000e+00
  1024.3428     23.768     23.964    30.9289     6.8543          0          0  0.000e+00
  1024.3387     23.832     24.028    30.9210     6.8404          0          0  0.000e+00
  1024.3481     23.891     24.088    30.9295     6.8215          0          0  0.000e+00
  1024.3740     23.958     24.156    30.9599     6.8083          0          0  0.000e+00
  1024.3772     24.039     24.237    30.9632     6.8071          0          0  0.000e+00
  1024.3658     24.081     24.280    30.9490     6.8105          0          0  0.000e+00
  1024.3349     24.116     24.315    30.9086     6.8040          0          0  0.000e+00
  1024.3613     24.109     24.307    30.9390     6.7846          0          0  0.000e+00
  1024.3495     24.154     24.353    30.9221     6.7745          0          0  0.000e+00
  1024.3358     24.191     24.391    30.9021     6.7600          0          0  0.000e+00
  1024.3460     24.247     24.447    30.9109     6.7363          0          0  0.000e+00
  1024.4276     24.314     24.515    31.0112     6.7176          0          0  0.000e+00
  1024.4329     24.380     24.581    31.0213     6.7412          0          0  0.000e+00
  1024.3970     24.450     24.652    30.9811     6.7770          0          0  0.000e+00
  1024.3700     24.523     24.725    30.9494     6.7957          0          0  0.000e+00
  1024.3465     24.591     24.794    30.9195     6.7982          0          0  0.000e+00
  1024.3549     24.652     24.856    30.9278     6.7853          0          0  0.000e+00
  1024.3659     24.705     24.909    30.9395     6.7730          0          0  0.000e+00
  1024.3820     24.738     24.942    30.9589     6.7677          0          0  0.000e+00
  1024.4015     24.755     24.959    30.9842     6.7717          0          0  0.000e+00
  1024.3901     24.757     24.961    30.9725     6.7891          0          0  0.000e+00
  1024.3602     24.740     24.944    30.9366     6.8014          0          0  0.000e+00
  1024.3680     24.713     24.917    30.9464     6.7998          0          0  0.000e+00
  1024.3680     24.666     24.870    30.9468     6.8004          0          0  0.000e+00
  1024.3678     24.612     24.815    30.9471     6.8015          0          0  0.000e+00
  1024.3740     24.543     24.746    30.9557     6.8036          0          0  0.000e+00
  1024.3753     24.471     24.673    30.9587     6.8094          0          0  0.000e+00
  1024.3687     24.395     24.596    30.9521     6.8172          0          0  0.000e+00
  1024.3631     24.320     24.520    30.9463     6.8232          0          0  0.000e+00
  1024.3558     24.254     24.454    30.9379     6.8258          0          0  0.000e+00
  1024.3567     24.200     24.399    30.9392     6.8248          0          0  0.000e+00
  1024.3611     24.163     24.362    30.9448     6.8239          0          0  0.000e+00
  1024.3642     24.139     24.338    30.9493     6.8258          0          0  0.000e+00
  1024.3687     24.139     24.338    30.9557     6.8305          0          0  0.000e+00
  1024.3572     24.163     24.362    30.9422     6.8381          0          0  0.000e+00
  1024.3428     24.207     24.407    30.9240     6.8404          0          0  0.000e+00
  1024.3232     24.264     24.464    30.8975     6.8326          0          0  0.000e+00
  1024.3258     24.340     24.540    30.8973     6.8137          0          0  0.000e+00
  1024.3400     24.412     24.613    30.9115     6.7926          0          0  0.000e+00
  1024.3524     24.487     24.689    30.9243     6.7780          0          0  0.000e+00
  1024.3616     24.550     24.752    30.9344     6.7698          0          0  0.000e+00
  1024.3608     24.601     24.804    30.9326     6.7666          0          0  0.000e+00
  1024.3532     24.641     24.844    30.9222     6.7634          0          0  0.000e+00
  1024.3558     24.672     24.876    30.9242     6.7565          0          0  0.000e+00
  1024.3598     24.697     24.900    30.9281     6.7505          0          0  0.000e+00
  1024.3723     24.716     24.920    30.9433     6.7468          0          0  0.000e+00
  1024.3719     24.731     24.935    30.9431     6.7495          0          0  0.000e+00
  1024.3699     24.742     24.946    30.9412     6.7538          0          0  0.000e+00
  1024.3700     24.747     24.951    30.9418     6.7568          0          0  0.000e+00
  1024.3560     24.745     24.949    30.9245     6.7596          0          0  0.000e+00
  1024.3608     24.737     24.941    30.9300     6.7561          0          0  0.000e+00
  1024.3695     24.718     24.922    30.9408     6.7535          0          0  0.000e+00
  1024.3726     24.695     24.898    30.9453     6.7565          0          0  0.000e+00
  1024.3763     24.662     24.865    30.9512     6.7626          0          0  0.000e+00
  1024.3793     24.618     24.821    30.9568     6.7717          0          0  0.000e+00
  1024.3835     24.569     24.771    30.9645     6.7843          0          0  0.000e+00
  1024.3831     24.511     24.713    30.9670     6.8007          0          0  0.000e+00
  1024.3752     24.452     24.654    30.9602     6.8189          0          0  0.000e+00
  1024.3709     24.397     24.598    30.9578     6.8351          0          0  0.000e+00
  1024.3635     24.350     24.551    30.9509     6.8487          0          0  0.000e+00
  1024.3581     24.317     24.518    30.9459     6.8594          0          0  0.000e+00
  1024.3500     24.298     24.499    30.9371     6.8681          0          0  0.000e+00
  1024.3436     24.294     24.494    30.9298     6.8733          0          0  0.000e+00
  1024.3450     24.306     24.506    30.9319     6.8749          0          0  0.000e+00
  1024.3383     24.327     24.527    30.9233     6.8758          0          0  0.000e+00
  1024.3318     24.360     24.561    30.9144     6.8728          0          0  0.000e+00
  1024.3399     24.401     24.602    30.9233     6.8658          0          0  0.000e+00
  1024.3472     24.450     24.651    30.9315     6.8611          0          0  0.000e+00
