data/eDNA/PER-2021-171/171c015.cnv
* Sea-Bird SBE19plus  Data File:
* FileName = C:\Users\RSG_field\Ryan_2021_Perley\CTD\171c015.hex
* Software version 2.3.0 SB_Terminal.dll
* Temperature SN = 7141
* Conductivity SN = 7141
* System UpLoad Time = Aug 12 2021 14:34:51
* <ApplicationData>
* <SeatermAF>
** Platform: M. Perley
** Cruise: Per2021171
** Station:  ESI_09
** Cast: 01 3
** Latitude: N  44 44.447
** Longitude: W 62 43.57
** Sounding: 17.3
** Chief Scientist: Ryan Stanley
** Comment: 171c015
# nquan = 8
# nvalues = 1983                                  
# units = specified
# name 0 = density00: Density [density, kg/m^3]
# name 1 = depSM: Depth [salt water, m], lat = 45.00
# name 2 = prdM: Pressure, Strain Gauge [db]
# name 3 = sal00: Salinity, Practical [PSU]
# name 4 = tv290C: Temperature [ITS-90, deg C]
# name 5 = bpos: Bottle Position in Carousel
# name 6 = nbf: Bottles Fired
# name 7 = flag:  0.000e+00
# span 0 =   998.8700,  1023.9453                 
# span 1 =     -0.069,     18.096                 
# span 2 =     -0.070,     18.245                 
# span 3 =     0.0075,    30.8450                 
# span 4 =     8.5048,    17.9486                 
# span 5 =          0,          3                 
# span 6 =          0,          3                 
# span 7 = 0.0000e+00, 0.0000e+00                 
# interval = seconds: 0.25
# start_time = Aug 12 2021 17:24:01 [Instrument's time stamp, header]
# bad_flag = -9.990e-29
*END*
[from data line 360]
  1021.3870      1.889      1.904    29.7134    17.3592          0          0  0.000e+00
  1021.3954      1.917      1.933    29.7235    17.3571          0          0  0.000e+00
  1021.4089      1.939      1.955    29.7402    17.3544          0          0  0.000e+00
  1021.4176      1.954      1.970    29.7499    17.3494          0          0  0.000e+00
  1021.4215      1.951      1.967    29.7537    17.3449          0          0  0.000e+00
  1021.4252      1.936      1.952    29.7579    17.3424          0          0  0.000e+00
  1021.4174      1.908      1.923    29.7474    17.3412          0          0  0.000e+00
  1021.4056      1.869      1.885    29.7323    17.3413          0          0  0.000e+00
  1021.3982      1.826      1.841    29.7232    17.3423          0          0  0.000e+00
  1021.3946      1.788      1.802    29.7191    17.3436          0          0  0.000e+00
  1021.3933      1.758      1.773    29.7179    17.3444          0          0  0.000e+00
  1021.3907      1.745      1.760    29.7146    17.3450          0          0  0.000e+00
  1021.3879      1.752      1.766    29.7114    17.3464          0          0  0.000e+00
  1021.3879      1.772      1.786    29.7116    17.3477          0          0  0.000e+00
  1021.3907      1.803      1.817    29.7152    17.3479          0          0  0.000e+00
  1021.3922      1.837      1.852    29.7174    17.3493          0          0  0.000e+00
  1021.3860      1.869      1.885    29.7122    17.3596          0          0  0.000e+00
  1021.3837      1.896      1.911    29.7113    17.3669          0          0  0.000e+00
  1021.3857      1.916      1.932    29.7137    17.3667          0          0  0.000e+00
  1021.3893      1.930      1.946    29.7168    17.3616          0          0  0.000e+00
  1021.3944      1.943      1.958    29.7216    17.3556          0          0  0.000e+00
  1021.4025      1.946      1.962    29.7309    17.3514          0          0  0.000e+00
  1021.4066      1.948      1.964    29.7354    17.3486          0          0  0.000e+00
  1021.4089      1.943      1.958    29.7381    17.3475          0          0  0.000e+00
  1021.4072      1.932      1.948    29.7359    17.3474          0          0  0.000e+00
  1021.3971      1.917      1.933    29.7228    17.3472          0          0  0.000e+00
  1021.3945      1.898      1.914    29.7191    17.3464          0          0  0.000e+00
  1021.3936      1.881      1.896    29.7181    17.3462          0          0  0.000e+00
  1021.3928      1.865      1.880    29.7171    17.3462          0          0  0.000e+00
  1021.3921      1.857      1.872    29.7163    17.3464          0          0  0.000e+00
  1021.3916      1.857      1.872    29.7156    17.3464          0          0  0.000e+00
  1021.3917      1.862      1.877    29.7158    17.3466          0          0  0.000e+00
  1021.3915      1.874      1.889    29.7156    17.3469          0          0  0.000e+00
  1021.3945      1.887      1.903    29.7197    17.3478          0          0  0.000e+00
  1021.4027      1.901      1.917    29.7303    17.3478          0          0  0.000e+00
  1021.4055      1.911      1.926    29.7335    17.3467          0          0  0.000e+00
  1021.4070      1.916      1.932    29.7351    17.3454          0          0  0.000e+00
  1021.4072      1.914      1.930    29.7350    17.3441          0          0  0.000e+00
  1021.4057      1.904      1.920    29.7328    17.3433          0          0  0.000e+00
  1021.4021      1.889      1.904    29.7283    17.3434          0          0  0.000e+00
  1021.3930      1.866      1.882    29.7166    17.3436          0          0  0.000e+00
  1021.3870      1.844      1.859    29.7096    17.3459          0          0  0.000e+00
  1021.3818      1.825      1.840    29.7039    17.3490          0          0  0.000e+00
  1021.3780      1.815      1.830    29.6997    17.3515          0          0  0.000e+00
  1021.3756      1.817      1.832    29.6971    17.3536          0          0  0.000e+00
  1021.3748      1.832      1.847    29.6965    17.3555          0          0  0.000e+00
  1021.3708      1.864      1.879    29.6915    17.3566          0          0  0.000e+00
  1021.3698      1.897      1.913    29.6907    17.3591          0          0  0.000e+00
  1021.3718      1.931      1.947    29.6929    17.3582          0          0  0.000e+00
  1021.3750      1.955      1.971    29.6958    17.3547          0          0  0.000e+00
  1021.3839      1.970      1.986    29.7063    17.3508          0          0  0.000e+00
  1021.3922      1.970      1.986    29.7164    17.3485          0          0  0.000e+00
  1021.3903      1.952      1.968    29.7135    17.3467          0          0  0.000e+00
  1021.3819      1.925      1.940    29.7024    17.3460          0          0  0.000e+00
  1021.3751      1.883      1.899    29.6945    17.3484          0          0  0.000e+00
  1021.3706      1.845      1.860    29.6902    17.3529          0          0  0.000e+00
  1021.3692      1.811      1.826    29.6897    17.3564          0          0  0.000e+00
  1021.3678      1.790      1.805    29.6887    17.3589          0          0  0.000e+00
  1021.3648      1.791      1.806    29.6864    17.3643          0          0  0.000e+00
  1021.3566      1.810      1.825    29.6791    17.3758          0          0  0.000e+00
  1021.3476      1.841      1.856    29.6708    17.3881          0          0  0.000e+00
  1021.3389      1.877      1.892    29.6625    17.3987          0          0  0.000e+00
  1021.3352      1.904      1.920    29.6582    17.4010          0          0  0.000e+00
  1021.3380      1.918      1.934    29.6591    17.3921          0          0  0.000e+00
  1021.3428      1.920      1.936    29.6636    17.3862          0          0  0.000e+00
  1021.3429      1.911      1.926    29.6638    17.3864          0          0  0.000e+00
  1021.3465      1.891      1.906    29.6682    17.3851          0          0  0.000e+00
  1021.3465      1.864      1.879    29.6690    17.3870          0          0  0.000e+00
  1021.3400      1.843      1.858    29.6638    17.3974          0          0  0.000e+00
  1021.3302      1.826      1.841    29.6551    17.4108          0          0  0.000e+00
  1021.3239      1.822      1.837    29.6500    17.4212          0          0  0.000e+00
  1021.3168      1.832      1.847    29.6432    17.4293          0          0  0.000e+00
  1021.3108      1.855      1.870    29.6377    17.4373          0          0  0.000e+00
  1021.3040      1.884      1.900    29.6304    17.4433          0          0  0.000e+00
  1021.3029      1.920      1.936    29.6280    17.4407          0          0  0.000e+00
  1021.3159      1.953      1.969    29.6394    17.4230          0          0  0.000e+00
  1021.3437      1.978      1.994    29.6688    17.4006          0          0  0.000e+00
  1021.3672      1.991      2.008    29.6934    17.3810          0          0  0.000e+00
  1021.3793      1.989      2.005    29.7054    17.3681          0          0  0.000e+00
  1021.3794      1.975      1.992    29.7027    17.3585          0          0  0.000e+00
  1021.3740      1.947      1.963    29.6948    17.3553          0          0  0.000e+00
  1021.3663      1.908      1.923    29.6869    17.3617          0          0  0.000e+00
  1021.3593      1.864      1.879    29.6810    17.3717          0          0  0.000e+00
  1021.3493      1.823      1.838    29.6726    17.3862          0          0  0.000e+00
  1021.3397      1.790      1.805    29.6643    17.3995          0          0  0.000e+00
  1021.3361      1.771      1.785    29.6622    17.4078          0          0  0.000e+00
  1021.3311      1.772      1.786    29.6584    17.4169          0          0  0.000e+00
  1021.3269      1.793      1.808    29.6554    17.4252          0          0  0.000e+00
  1021.3221      1.826      1.841    29.6513    17.4333          0          0  0.000e+00
  1021.3172      1.870      1.886    29.6471    17.4412          0          0  0.000e+00
  1021.3132      1.908      1.923    29.6404    17.4371          0          0  0.000e+00
  1021.3465      1.933      1.949    29.6759    17.4109          0          0  0.000e+00
  1021.3666      1.943      1.958    29.6930    17.3810          0          0  0.000e+00
  1021.3781      1.934      1.950    29.7025    17.3628          0          0  0.000e+00
  1021.3808      1.913      1.929    29.7046    17.3576          0          0  0.000e+00
  1021.3741      1.875      1.890    29.6976    17.3627          0          0  0.000e+00
  1021.3647      1.840      1.855    29.6885    17.3726          0          0  0.000e+00
  1021.3581      1.806      1.821    29.6826    17.3808          0          0  0.000e+00
  1021.3513      1.792      1.807    29.6765    17.3899          0          0  0.000e+00
  1021.3470      1.792      1.807    29.6732    17.3972          0          0  0.000e+00
  1021.3444      1.809      1.824    29.6715    17.4034          0          0  0.000e+00
  1021.3459      1.834      1.849    29.6746    17.4076          0          0  0.000e+00
  1021.3467      1.866      1.882    29.6767    17.4120          0          0  0.000e+00
  1021.3383      1.901      1.917    29.6679    17.4194          0          0  0.000e+00
  1021.3372      1.933      1.949    29.6643    17.4132          0          0  0.000e+00
  1021.3492      1.959      1.976    29.6730    17.3907          0          0  0.000e+00
  1021.3709      1.979      1.995    29.6943    17.3679          0          0  0.000e+00
  1021.3891      1.986      2.002    29.7149    17.3576          0          0  0.000e+00
  1021.3954      1.982      1.998    29.7218    17.3526          0          0  0.000e+00
  1021.3991      1.966      1.982    29.7253    17.3480          0          0  0.000e+00
  1021.3906      1.941      1.957    29.7138    17.3463          0          0  0.000e+00
  1021.3829      1.912      1.927    29.7057    17.3522          0          0  0.000e+00
  1021.3784      1.877      1.892    29.7016    17.3573          0          0  0.000e+00
  1021.3754      1.842      1.857    29.6991    17.3613          0          0  0.000e+00
  1021.3721      1.811      1.826    29.6962    17.3652          0          0  0.000e+00
  1021.3703      1.789      1.803    29.6945    17.3670          0          0  0.000e+00
  1021.3681      1.775      1.790    29.6917    17.3674          0          0  0.000e+00
  1021.3665      1.774      1.788    29.6896    17.3673          0          0  0.000e+00
  1021.3700      1.780      1.795    29.6944    17.3678          0          0  0.000e+00
  1021.3684      1.798      1.813    29.6941    17.3744          0          0  0.000e+00
  1021.3640      1.822      1.837    29.6912    17.3838          0          0  0.000e+00
  1021.3619      1.852      1.868    29.6911    17.3934          0          0  0.000e+00
  1021.3447      1.891      1.906    29.6724    17.4065          0          0  0.000e+00
  1021.3497      1.930      1.946    29.6761    17.3981          0          0  0.000e+00
  1021.3698      1.965      1.981    29.6959    17.3770          0          0  0.000e+00
  1021.3854      1.993      2.010    29.7101    17.3576          0          0  0.000e+00
  1021.3997      2.007      2.024    29.7253    17.3464          0          0  0.000e+00
  1021.4121      2.007      2.024    29.7402    17.3419          0          0  0.000e+00
  1021.4094      1.992      2.009    29.7363    17.3406          0          0  0.000e+00
  1021.3979      1.965      1.981    29.7215    17.3407          0          0  0.000e+00
  1021.3938      1.923      1.939    29.7169    17.3423          0          0  0.000e+00
  1021.3899      1.880      1.895    29.7131    17.3457          0          0  0.000e+00
  1021.3858      1.838      1.853    29.7092    17.3495          0          0  0.000e+00
  1021.3820      1.802      1.816    29.7054    17.3529          0          0  0.000e+00
  1021.3790      1.779      1.794    29.7024    17.3554          0          0  0.000e+00
  1021.3763      1.771      1.785    29.7002    17.3598          0          0  0.000e+00
  1021.3738      1.775      1.790    29.6996    17.3688          0          0  0.000e+00
  1021.3611      1.792      1.807    29.6871    17.3823          0          0  0.000e+00
  1021.3524      1.818      1.833    29.6781    17.3907          0          0  0.000e+00
  1021.3521      1.844      1.859    29.6780    17.3920          0          0  0.000e+00
  1021.3587      1.864      1.879    29.6837    17.3831          0          0  0.000e+00
  1021.3669      1.876      1.891    29.6910    17.3720          0          0  0.000e+00
  1021.3706      1.877      1.892    29.6942    17.3665          0          0  0.000e+00
  1021.3682      1.869      1.885    29.6908    17.3657          0          0  0.000e+00
  1021.3669      1.855      1.870    29.6892    17.3657          0          0  0.000e+00
  1021.3676      1.848      1.863    29.6905    17.3669          0          0  0.000e+00
  1021.3667      1.848      1.863    29.6902    17.3698          0          0  0.000e+00
  1021.3594      1.853      1.869    29.6832    17.3782          0          0  0.000e+00
  1021.3552      1.866      1.881    29.6793    17.3836          0          0  0.000e+00
  1021.3530      1.879      1.894    29.6769    17.3855          0          0  0.000e+00
  1021.3525      1.892      1.907    29.6763    17.3858          0          0  0.000e+00
  1021.3504      1.906      1.922    29.6737    17.3864          0          0  0.000e+00
  1021.3527      1.921      1.937    29.6755    17.3831          0          0  0.000e+00
  1021.3662      1.933      1.949    29.6902    17.3736          0          0  0.000e+00
  1021.3787      1.949      1.965    29.7029    17.3620          0          0  0.000e+00
  1021.3886      1.959      1.976    29.7129    17.3524          0          0  0.000e+00
  1021.3980      1.967      1.983    29.7236    17.3472          0          0  0.000e+00
  1021.4022      1.963      1.979    29.7283    17.3445          0          0  0.000e+00
  1021.3996      1.956      1.972    29.7244    17.3425          0          0  0.000e+00
  1021.3967      1.938      1.954    29.7203    17.3415          0          0  0.000e+00
  1021.3890      1.912      1.927    29.7114    17.3447          0          0  0.000e+00
  1021.3840      1.885      1.901    29.7073    17.3521          0          0  0.000e+00
  1021.3791      1.855      1.870    29.7027    17.3572          0          0  0.000e+00
  1021.3763      1.825      1.840    29.7003    17.3612          0          0  0.000e+00
  1021.3735      1.802      1.816    29.6970    17.3621          0          0  0.000e+00
  1021.3726      1.786      1.800    29.6964    17.3632          0          0  0.000e+00
  1021.3696      1.779      1.794    29.6936    17.3671          0          0  0.000e+00
  1021.3661      1.782      1.797    29.6907    17.3727          0          0  0.000e+00
  1021.3634      1.791      1.806    29.6889    17.3787          0          0  0.000e+00
  1021.3606      1.804      1.818    29.6876    17.3866          0          0  0.000e+00
  1021.3522      1.816      1.831    29.6800    17.3982          0          0  0.000e+00
  1021.3419      1.829      1.844    29.6701    17.4098          0          0  0.000e+00
  1021.3342      1.832      1.847    29.6630    17.4194          0          0  0.000e+00
  1021.3346      1.832      1.847    29.6633    17.4190          0          0  0.000e+00
  1021.3418      1.829      1.844    29.6707    17.4123          0          0  0.000e+00
  1021.3431      1.824      1.839    29.6724    17.4123          0          0  0.000e+00
  1021.3399      1.823      1.838    29.6696    17.4169          0          0  0.000e+00
  1021.3359      1.823      1.838    29.6661    17.4225          0          0  0.000e+00
  1021.3328      1.835      1.850    29.6636    17.4278          0          0  0.000e+00
