data/eDNA/PER-2021-171/171c015.ros
* Sea-Bird SBE19plus  Data File:
* FileName = C:\Users\RSG_field\Ryan_2021_Perley\CTD\171c015.hex
* Software version 2.3.0 SB_Terminal.dll
* Temperature SN = 7141
* Conductivity SN = 7141
* System UpLoad Time = Aug 12 2021 14:34:51
* <ApplicationData>
* <SeatermAF>
** Platform: M. Perley
** Cruise: Per2021171
** Station:  ESI_09
** Cast: 01 3
** Latitude: N  44 44.447
** Longitude: W 62 43.57
** Sounding: 17.3
** Chief Scientist: Ryan Stanley
** Comment: 171c015
# nquan = 9
# nvalues = 27                                    
# units = specified
# name 0 = density00: Density [density, kg/m^3]
# name 1 = depSM: Depth [salt water, m], lat = 45.00
# name 2 = prdM: Pressure, Strain Gauge [db]
# name 3 = sal00: Salinity, Practical [PSU]
# name 4 = tv290C: Temperature [ITS-90, deg C]
# name 5 = bpos: Bottle Position in Carousel
# name 6 = nbf: Bottles Fired
# name 7 = scan: Scan Count
# name 8 = flag:  0.000e+00
# interval = seconds: 0.25
# start_time = Aug 12 2021 17:24:01 [Instrument's time stamp, header]
# bad_flag = -9.990e-29
*END*
  1023.9039     17.771     17.917    30.6967     8.5197          1          1       1441  0.000e+00
  1023.9043     17.797     17.944    30.6970     8.5200          1          1       1442  0.000e+00
  1023.9034     17.816     17.963    30.6959     8.5207          1          1       1443  0.000e+00
  1023.9032     17.830     17.977    30.6956     8.5209          1          1       1444  0.000e+00
  1023.9027     17.837     17.984    30.6950     8.5209          1          1       1445  0.000e+00
  1023.9034     17.835     17.982    30.6959     8.5207          1          1       1446  0.000e+00
  1023.9039     17.817     17.964    30.6965     8.5206          1          1       1447  0.000e+00
  1023.9034     17.790     17.936    30.6961     8.5211          1          1       1448  0.000e+00
  1023.9031     17.753     17.899    30.6960     8.5214          1          1       1449  0.000e+00
  1022.8188      5.801      5.849    30.4027    13.2162          2          2       1836  0.000e+00
  1022.7930      5.702      5.748    30.3851    13.2764          2          2       1837  0.000e+00
  1022.7690      5.604      5.650    30.3685    13.3317          2          2       1838  0.000e+00
  1022.7592      5.508      5.553    30.3662    13.3700          2          2       1839  0.000e+00
  1022.7873      5.406      5.450    30.4123    13.4060          2          2       1840  0.000e+00
  1022.7580      5.303      5.347    30.3901    13.4656          2          2       1841  0.000e+00
  1022.8046      5.194      5.237    30.4675    13.5298          2          2       1842  0.000e+00
  1022.7601      5.081      5.122    30.4341    13.6221          2          2       1843  0.000e+00
  1022.8048      4.968      5.009    30.5171    13.7169          2          2       1844  0.000e+00
  1022.3260      2.733      2.755    30.3360    15.3087          3          3       1861  0.000e+00
  1022.3198      2.603      2.625    30.3478    15.3770          3          3       1862  0.000e+00
  1022.2849      2.483      2.503    30.3252    15.4558          3          3       1863  0.000e+00
  1022.2562      2.367      2.386    30.3101    15.5327          3          3       1864  0.000e+00
  1022.2308      2.254      2.272    30.2976    15.6033          3          3       1865  0.000e+00
  1022.2201      2.139      2.157    30.3033    15.6705          3          3       1866  0.000e+00
  1022.2047      2.029      2.046    30.3067    15.7511          3          3       1867  0.000e+00
  1022.1778      1.921      1.937    30.2984    15.8424          3          3       1868  0.000e+00
  1022.1204      1.817      1.832    30.2564    15.9548          3          3       1869  0.000e+00
