data/eDNA/PER-2021-171/171c023.cnv
* Sea-Bird SBE19plus  Data File:
* FileName = C:\Users\RSG_field\Ryan_2021_Perley\CTD\171c023.hex
* Software version 2.3.0 SB_Terminal.dll
* Temperature SN = 7141
* Conductivity SN = 7141
* System UpLoad Time = Aug 17 2021 17:28:18
* <ApplicationData>
* <SeatermAF>
** Platform: M. Perley
** Cruise: Per2021171
** Station:  SAB_08
** Cast: 01 3
** Latitude: N  46 11.91
** Longitude: W 59 09.692
** Sounding: 92.2
** Chief Scientist: Ryan Stanley
** Comment: 171c023
# nquan = 8
# nvalues = 3022                                  
# units = specified
# name 0 = density00: Density [density, kg/m^3]
# name 1 = depSM: Depth [salt water, m], lat = 45.00
# name 2 = prdM: Pressure, Strain Gauge [db]
# name 3 = sal00: Salinity, Practical [PSU]
# name 4 = tv290C: Temperature [ITS-90, deg C]
# name 5 = bpos: Bottle Position in Carousel
# name 6 = nbf: Bottles Fired
# name 7 = flag:  0.000e+00
# span 0 =   998.7095,  1026.3589                 
# span 1 =     -0.029,     85.489                 
# span 2 =     -0.029,     86.206                 
# span 3 =     0.0794,    32.5050                 
# span 4 =     2.2153,    20.0299                 
# span 5 =          0,          2                 
# span 6 =          0,          2                 
# span 7 = 0.0000e+00, 0.0000e+00                 
# interval = seconds: 0.25
# start_time = Aug 17 2021 20:12:47 [Instrument's time stamp, header]
# bad_flag = -9.990e-29
*END*
[from data line 540]
  1020.4729      1.974      1.990    29.3532    19.9863          0          0  0.000e+00
  1020.4716      1.731      1.745    29.3530    19.9865          0          0  0.000e+00
  1020.4714      1.550      1.563    29.3536    19.9860          0          0  0.000e+00
  1020.4711      1.450      1.462    29.3539    19.9861          0          0  0.000e+00
  1020.4712      1.418      1.430    29.3543    19.9865          0          0  0.000e+00
  1020.4713      1.472      1.484    29.3543    19.9870          0          0  0.000e+00
  1020.4719      1.599      1.612    29.3546    19.9874          0          0  0.000e+00
  1020.4720      1.766      1.781    29.3539    19.9880          0          0  0.000e+00
  1020.4732      1.918      1.933    29.3547    19.9882          0          0  0.000e+00
  1020.4730      2.035      2.052    29.3540    19.9889          0          0  0.000e+00
  1020.4730      2.122      2.140    29.3537    19.9898          0          0  0.000e+00
  1020.4727      2.172      2.190    29.3532    19.9905          0          0  0.000e+00
  1020.4723      2.176      2.194    29.3529    19.9909          0          0  0.000e+00
  1020.4721      2.137      2.155    29.3528    19.9910          0          0  0.000e+00
  1020.4714      2.066      2.083    29.3525    19.9913          0          0  0.000e+00
  1020.4712      2.003      2.020    29.3525    19.9913          0          0  0.000e+00
  1020.4710      1.960      1.976    29.3525    19.9913          0          0  0.000e+00
  1020.4708      1.932      1.948    29.3524    19.9914          0          0  0.000e+00
  1020.4710      1.922      1.938    29.3528    19.9914          0          0  0.000e+00
  1020.4709      1.914      1.930    29.3527    19.9914          0          0  0.000e+00
  1020.4707      1.908      1.924    29.3524    19.9914          0          0  0.000e+00
  1020.4710      1.899      1.914    29.3528    19.9912          0          0  0.000e+00
  1020.4706      1.890      1.906    29.3523    19.9911          0          0  0.000e+00
  1020.4708      1.890      1.906    29.3525    19.9908          0          0  0.000e+00
  1020.4713      1.893      1.909    29.3528    19.9900          0          0  0.000e+00
  1020.4717      1.914      1.930    29.3531    19.9896          0          0  0.000e+00
  1020.4721      1.968      1.985    29.3532    19.9894          0          0  0.000e+00
  1020.4729      2.064      2.081    29.3536    19.9891          0          0  0.000e+00
  1020.4738      2.186      2.204    29.3541    19.9889          0          0  0.000e+00
  1020.4745      2.313      2.332    29.3543    19.9889          0          0  0.000e+00
  1020.4746      2.402      2.422    29.3539    19.9890          0          0  0.000e+00
  1020.4748      2.446      2.467    29.3538    19.9889          0          0  0.000e+00
  1020.4749      2.438      2.458    29.3540    19.9886          0          0  0.000e+00
  1020.4745      2.389      2.409    29.3538    19.9887          0          0  0.000e+00
  1020.4741      2.298      2.317    29.3539    19.9892          0          0  0.000e+00
  1020.4725      2.162      2.180    29.3526    19.9893          0          0  0.000e+00
  1020.4712      2.003      2.020    29.3517    19.9889          0          0  0.000e+00
  1020.4712      1.855      1.870    29.3521    19.9876          0          0  0.000e+00
  1020.4711      1.752      1.767    29.3522    19.9864          0          0  0.000e+00
  1020.4723      1.708      1.722    29.3537    19.9854          0          0  0.000e+00
  1020.4741      1.728      1.742    29.3558    19.9850          0          0  0.000e+00
  1020.4738      1.801      1.816    29.3554    19.9861          0          0  0.000e+00
  1020.4736      1.907      1.923    29.3548    19.9870          0          0  0.000e+00
  1020.4739      2.006      2.022    29.3548    19.9877          0          0  0.000e+00
  1020.4740      2.065      2.082    29.3548    19.9882          0          0  0.000e+00
  1020.4737      2.084      2.101    29.3546    19.9891          0          0  0.000e+00
  1020.4723      2.073      2.090    29.3532    19.9900          0          0  0.000e+00
  1020.4714      2.044      2.060    29.3521    19.9898          0          0  0.000e+00
  1020.4710      1.982      1.998    29.3515    19.9886          0          0  0.000e+00
  1020.4711      1.898      1.914    29.3516    19.9872          0          0  0.000e+00
  1020.4723      1.837      1.852    29.3530    19.9855          0          0  0.000e+00
  1020.4733      1.831      1.846    29.3540    19.9845          0          0  0.000e+00
  1020.4754      1.904      1.919    29.3563    19.9844          0          0  0.000e+00
  1020.4763      2.036      2.053    29.3571    19.9855          0          0  0.000e+00
  1020.4762      2.182      2.200    29.3569    19.9876          0          0  0.000e+00
  1020.4752      2.302      2.321    29.3556    19.9900          0          0  0.000e+00
  1020.4743      2.393      2.413    29.3545    19.9918          0          0  0.000e+00
  1020.4732      2.459      2.479    29.3531    19.9930          0          0  0.000e+00
  1020.4731      2.480      2.501    29.3529    19.9932          0          0  0.000e+00
  1020.4724      2.455      2.475    29.3522    19.9932          0          0  0.000e+00
  1020.4722      2.401      2.421    29.3520    19.9928          0          0  0.000e+00
  1020.4720      2.336      2.355    29.3520    19.9922          0          0  0.000e+00
  1020.4711      2.263      2.282    29.3510    19.9915          0          0  0.000e+00
  1020.4706      2.178      2.196    29.3503    19.9900          0          0  0.000e+00
  1020.4705      2.071      2.088    29.3503    19.9884          0          0  0.000e+00
  1020.4716      1.955      1.971    29.3515    19.9861          0          0  0.000e+00
  1020.4723      1.836      1.851    29.3528    19.9847          0          0  0.000e+00
  1020.4723      1.727      1.741    29.3530    19.9836          0          0  0.000e+00
  1020.4729      1.635      1.649    29.3541    19.9829          0          0  0.000e+00
  1020.4733      1.574      1.587    29.3550    19.9828          0          0  0.000e+00
  1020.4740      1.562      1.575    29.3561    19.9833          0          0  0.000e+00
  1020.4737      1.608      1.621    29.3560    19.9848          0          0  0.000e+00
  1020.4735      1.710      1.724    29.3555    19.9857          0          0  0.000e+00
  1020.4735      1.862      1.878    29.3549    19.9868          0          0  0.000e+00
  1020.4745      2.041      2.058    29.3553    19.9873          0          0  0.000e+00
  1020.4755      2.206      2.224    29.3559    19.9883          0          0  0.000e+00
  1020.4749      2.309      2.327    29.3551    19.9897          0          0  0.000e+00
  1020.4740      2.347      2.366    29.3541    19.9908          0          0  0.000e+00
  1020.4726      2.332      2.351    29.3527    19.9920          0          0  0.000e+00
  1020.4716      2.277      2.295    29.3518    19.9924          0          0  0.000e+00
  1020.4704      2.180      2.198    29.3506    19.9918          0          0  0.000e+00
  1020.4705      2.038      2.055    29.3510    19.9899          0          0  0.000e+00
  1020.4708      1.893      1.909    29.3515    19.9881          0          0  0.000e+00
  1020.4717      1.804      1.819    29.3528    19.9865          0          0  0.000e+00
  1020.4729      1.803      1.818    29.3541    19.9858          0          0  0.000e+00
  1020.4753      1.903      1.918    29.3565    19.9855          0          0  0.000e+00
  1020.4754      2.070      2.087    29.3562    19.9868          0          0  0.000e+00
  1020.4738      2.252      2.271    29.3536    19.9886          0          0  0.000e+00
  1020.4741      2.419      2.439    29.3531    19.9888          0          0  0.000e+00
  1020.4765      2.523      2.543    29.3555    19.9886          0          0  0.000e+00
  1020.4761      2.580      2.601    29.3553    19.9903          0          0  0.000e+00
  1020.4743      2.575      2.596    29.3536    19.9923          0          0  0.000e+00
  1020.4724      2.504      2.524    29.3520    19.9938          0          0  0.000e+00
  1020.4707      2.363      2.382    29.3506    19.9939          0          0  0.000e+00
  1020.4691      2.175      2.193    29.3493    19.9929          0          0  0.000e+00
  1020.4695      1.964      1.980    29.3504    19.9910          0          0  0.000e+00
  1020.4695      1.749      1.763    29.3511    19.9895          0          0  0.000e+00
  1020.4701      1.559      1.572    29.3525    19.9878          0          0  0.000e+00
  1020.4704      1.435      1.447    29.3533    19.9871          0          0  0.000e+00
  1020.4704      1.362      1.373    29.3537    19.9866          0          0  0.000e+00
  1020.4704      1.330      1.341    29.3538    19.9864          0          0  0.000e+00
  1020.4712      1.351      1.362    29.3548    19.9866          0          0  0.000e+00
  1020.4717      1.419      1.431    29.3550    19.9868          0          0  0.000e+00
  1020.4720      1.541      1.554    29.3549    19.9872          0          0  0.000e+00
  1020.4742      1.717      1.731    29.3569    19.9877          0          0  0.000e+00
  1020.4745      1.925      1.941    29.3568    19.9898          0          0  0.000e+00
  1020.4734      2.158      2.176    29.3549    19.9924          0          0  0.000e+00
  1020.4715      2.365      2.384    29.3518    19.9941          0          0  0.000e+00
  1020.4736      2.548      2.569    29.3533    19.9938          0          0  0.000e+00
  1020.4742      2.650      2.672    29.3536    19.9940          0          0  0.000e+00
  1020.4739      2.669      2.691    29.3533    19.9947          0          0  0.000e+00
  1020.4724      2.622      2.644    29.3518    19.9951          0          0  0.000e+00
  1020.4720      2.533      2.554    29.3515    19.9946          0          0  0.000e+00
  1020.4719      2.391      2.411    29.3520    19.9939          0          0  0.000e+00
  1020.4708      2.207      2.225    29.3516    19.9936          0          0  0.000e+00
  1020.4699      2.029      2.045    29.3511    19.9927          0          0  0.000e+00
  1020.4703      1.927      1.943    29.3518    19.9915          0          0  0.000e+00
  1020.4714      1.907      1.922    29.3532    19.9907          0          0  0.000e+00
  1020.4721      1.934      1.950    29.3538    19.9903          0          0  0.000e+00
  1020.4722      1.978      1.994    29.3537    19.9907          0          0  0.000e+00
  1020.4721      2.004      2.021    29.3535    19.9909          0          0  0.000e+00
  1020.4721      1.995      2.011    29.3536    19.9908          0          0  0.000e+00
  1020.4717      1.960      1.976    29.3534    19.9909          0          0  0.000e+00
  1020.4715      1.893      1.908    29.3534    19.9908          0          0  0.000e+00
  1020.4713      1.801      1.815    29.3536    19.9907          0          0  0.000e+00
  1020.4705      1.698      1.712    29.3531    19.9906          0          0  0.000e+00
  1020.4701      1.622      1.635    29.3531    19.9906          0          0  0.000e+00
  1020.4707      1.594      1.607    29.3539    19.9902          0          0  0.000e+00
  1020.4711      1.626      1.639    29.3542    19.9903          0          0  0.000e+00
  1020.4712      1.715      1.729    29.3541    19.9908          0          0  0.000e+00
  1020.4718      1.838      1.853    29.3543    19.9913          0          0  0.000e+00
  1020.4719      1.977      1.993    29.3538    19.9917          0          0  0.000e+00
  1020.4720      2.092      2.109    29.3532    19.9919          0          0  0.000e+00
  1020.4727      2.180      2.198    29.3536    19.9918          0          0  0.000e+00
  1020.4728      2.228      2.246    29.3535    19.9919          0          0  0.000e+00
  1020.4728      2.243      2.261    29.3534    19.9917          0          0  0.000e+00
  1020.4725      2.221      2.240    29.3530    19.9916          0          0  0.000e+00
  1020.4722      2.177      2.195    29.3528    19.9913          0          0  0.000e+00
  1020.4720      2.123      2.140    29.3528    19.9910          0          0  0.000e+00
  1020.4720      2.073      2.090    29.3531    19.9908          0          0  0.000e+00
  1020.4718      2.039      2.056    29.3530    19.9908          0          0  0.000e+00
  1020.4716      2.024      2.041    29.3527    19.9907          0          0  0.000e+00
  1020.4720      2.036      2.053    29.3530    19.9903          0          0  0.000e+00
  1020.4719      2.066      2.083    29.3527    19.9901          0          0  0.000e+00
  1020.4729      2.107      2.124    29.3534    19.9891          0          0  0.000e+00
  1020.4742      2.153      2.170    29.3547    19.9884          0          0  0.000e+00
  1020.4746      2.202      2.220    29.3549    19.9883          0          0  0.000e+00
  1020.4745      2.234      2.252    29.3548    19.9890          0          0  0.000e+00
  1020.4740      2.243      2.261    29.3543    19.9895          0          0  0.000e+00
  1020.4740      2.218      2.236    29.3543    19.9897          0          0  0.000e+00
  1020.4730      2.172      2.189    29.3534    19.9898          0          0  0.000e+00
  1020.4724      2.115      2.133    29.3529    19.9897          0          0  0.000e+00
  1020.4725      2.048      2.064    29.3532    19.9889          0          0  0.000e+00
  1020.4734      1.966      1.982    29.3547    19.9882          0          0  0.000e+00
  1020.4725      1.879      1.894    29.3540    19.9884          0          0  0.000e+00
  1020.4711      1.796      1.811    29.3526    19.9882          0          0  0.000e+00
  1020.4719      1.722      1.736    29.3538    19.9876          0          0  0.000e+00
  1020.4726      1.672      1.686    29.3550    19.9875          0          0  0.000e+00
  1020.4715      1.660      1.673    29.3539    19.9884          0          0  0.000e+00
  1020.4719      1.685      1.699    29.3543    19.9886          0          0  0.000e+00
  1020.4730      1.748      1.762    29.3556    19.9889          0          0  0.000e+00
  1020.4726      1.843      1.858    29.3549    19.9901          0          0  0.000e+00
  1020.4728      1.987      2.003    29.3546    19.9909          0          0  0.000e+00
  1020.4730      2.128      2.146    29.3542    19.9916          0          0  0.000e+00
  1020.4733      2.248      2.266    29.3543    19.9925          0          0  0.000e+00
  1020.4729      2.333      2.352    29.3535    19.9935          0          0  0.000e+00
  1020.4725      2.385      2.404    29.3530    19.9942          0          0  0.000e+00
  1020.4721      2.393      2.413    29.3525    19.9944          0          0  0.000e+00
  1020.4715      2.361      2.381    29.3518    19.9943          0          0  0.000e+00
  1020.4710      2.301      2.320    29.3514    19.9939          0          0  0.000e+00
  1020.4711      2.221      2.240    29.3517    19.9929          0          0  0.000e+00
  1020.4714      2.137      2.154    29.3523    19.9923          0          0  0.000e+00
  1020.4711      2.074      2.091    29.3523    19.9921          0          0  0.000e+00
  1020.4711      2.044      2.061    29.3523    19.9919          0          0  0.000e+00
  1020.4717      2.043      2.060    29.3531    19.9916          0          0  0.000e+00
  1020.4717      2.061      2.078    29.3529    19.9916          0          0  0.000e+00
  1020.4722      2.088      2.105    29.3534    19.9916          0          0  0.000e+00
  1020.4724      2.106      2.123    29.3536    19.9916          0          0  0.000e+00
  1020.4724      2.108      2.125    29.3537    19.9918          0          0  0.000e+00
