data/eDNA/PER-2021-171/171c027.cnv
* Sea-Bird SBE19plus  Data File:
* FileName = C:\Users\RSG_field\Ryan_2021_Perley\CTD\171c027.hex
* Software version 2.3.0 SB_Terminal.dll
* Temperature SN = 7141
* Conductivity SN = 7141
* System UpLoad Time = Aug 18 2021 11:43:05
* <ApplicationData>
* <SeatermAF>
** Platform: M. Perley
** Cruise: Per2021171
** Station:  SAB_03
** Cast: 01 3
** Latitude: N  45 50.760
** Longitude: W 60 05.136
** Sounding: 34
** Chief Scientist: Ryan Stanley
** Comment: 171c027
# nquan = 8
# nvalues = 2301                                  
# units = specified
# name 0 = density00: Density [density, kg/m^3]
# name 1 = depSM: Depth [salt water, m], lat = 45.00
# name 2 = prdM: Pressure, Strain Gauge [db]
# name 3 = sal00: Salinity, Practical [PSU]
# name 4 = tv290C: Temperature [ITS-90, deg C]
# name 5 = bpos: Bottle Position in Carousel
# name 6 = nbf: Bottles Fired
# name 7 = flag:  0.000e+00
# span 0 =   998.9661,  1024.6594                 
# span 1 =      0.003,     33.695                 
# span 2 =      0.003,     33.974                 
# span 3 =     0.0081,    31.1505                 
# span 4 =     6.0783,    18.3303                 
# span 5 =          0,          3                 
# span 6 =          0,          3                 
# span 7 = 0.0000e+00, 0.0000e+00                 
# interval = seconds: 0.25
# start_time = Aug 18 2021 14:30:34 [Instrument's time stamp, header]
# bad_flag = -9.990e-29
*END*
[from data line 180]
   999.0477      0.004      0.005     0.0082    15.3902          0          0  0.000e+00
   999.0475      0.004      0.005     0.0082    15.3909          0          0  0.000e+00
   999.0475      0.003      0.003     0.0082    15.3914          0          0  0.000e+00
   999.0474      0.007      0.007     0.0082    15.3917          0          0  0.000e+00
   999.0473      0.004      0.005     0.0082    15.3923          0          0  0.000e+00
   999.7076      0.004      0.005     0.8624    15.3929          0          0  0.000e+00
  1000.7545      0.004      0.005     2.2221    15.3935          0          0  0.000e+00
  1000.2363      0.006      0.006     1.5488    15.3949          0          0  0.000e+00
   999.9888      0.004      0.005     1.2294    15.4042          0          0  0.000e+00
  1000.2053      0.007      0.007     1.5164    15.4331          0          0  0.000e+00
  1000.4156      0.007      0.007     1.7980    15.4733          0          0  0.000e+00
  1000.3706      0.006      0.006     1.7476    15.5119          0          0  0.000e+00
  1000.2670      0.004      0.005     1.6199    15.5455          0          0  0.000e+00
  1000.1443      0.006      0.006     1.4674    15.5782          0          0  0.000e+00
  1000.0134      0.007      0.007     1.3044    15.6119          0          0  0.000e+00
   999.8892      0.006      0.006     1.1499    15.6442          0          0  0.000e+00
   999.7601      0.008      0.008     0.9882    15.6726          0          0  0.000e+00
   999.6560      0.008      0.008     0.8578    15.6954          0          0  0.000e+00
   999.5935      0.007      0.007     0.7805    15.7135          0          0  0.000e+00
   999.5435      0.007      0.007     0.7187    15.7279          0          0  0.000e+00
   999.5152      0.007      0.007     0.6845    15.7399          0          0  0.000e+00
   999.4845      0.006      0.006     0.6476    15.7542          0          0  0.000e+00
   999.4278      0.007      0.007     0.5781    15.7729          0          0  0.000e+00
   999.4027      0.008      0.008     0.5494    15.7914          0          0  0.000e+00
   999.3073      0.007      0.007     0.4293    15.8081          0          0  0.000e+00
   999.2061      0.008      0.008     0.3026    15.8293          0          0  0.000e+00
   999.2079      0.008      0.008     0.3094    15.8505          0          0  0.000e+00
   999.1805      0.006      0.006     0.2781    15.8707          0          0  0.000e+00
   999.1586      0.007      0.007     0.2533    15.8875          0          0  0.000e+00
   999.1415      0.008      0.008     0.2332    15.8971          0          0  0.000e+00
   999.1338      0.008      0.008     0.2257    15.9088          0          0  0.000e+00
   999.1218      0.007      0.007     0.2128    15.9215          0          0  0.000e+00
   999.1036      0.006      0.006     0.1905    15.9271          0          0  0.000e+00
   999.0975      0.006      0.006     0.1829    15.9289          0          0  0.000e+00
   999.0885      0.006      0.006     0.1709    15.9268          0          0  0.000e+00
   999.0766      0.003      0.003     0.1545    15.9219          0          0  0.000e+00
   999.0584      0.007      0.007     0.1298    15.9167          0          0  0.000e+00
   999.0063      0.008      0.008     0.0619    15.9137          0          0  0.000e+00
   998.9661      0.006      0.006     0.0094    15.9108          0          0  0.000e+00
   998.9669      0.006      0.006     0.0093    15.9055          0          0  0.000e+00
   998.9679      0.006      0.006     0.0091    15.8986          0          0  0.000e+00
   998.9690      0.007      0.007     0.0090    15.8910          0          0  0.000e+00
   998.9705      0.007      0.007     0.0091    15.8822          0          0  0.000e+00
   998.9720      0.006      0.006     0.0090    15.8727          0          0  0.000e+00
   998.9733      0.007      0.007     0.0090    15.8642          0          0  0.000e+00
   998.9745      0.006      0.006     0.0090    15.8570          0          0  0.000e+00
   998.9756      0.007      0.007     0.0090    15.8499          0          0  0.000e+00
   998.9766      0.007      0.007     0.0090    15.8433          0          0  0.000e+00
   998.9778      0.008      0.008     0.0089    15.8361          0          0  0.000e+00
   998.9788      0.007      0.007     0.0089    15.8296          0          0  0.000e+00
   998.9793      0.007      0.007     0.0088    15.8262          0          0  0.000e+00
   998.9789      0.008      0.008     0.0087    15.8280          0          0  0.000e+00
   998.9786      0.007      0.007     0.0087    15.8297          0          0  0.000e+00
   998.9789      0.007      0.007     0.0086    15.8274          0          0  0.000e+00
   998.9798      0.007      0.007     0.0086    15.8218          0          0  0.000e+00
   998.9809      0.007      0.007     0.0086    15.8148          0          0  0.000e+00
   998.9821      0.004      0.005     0.0085    15.8072          0          0  0.000e+00
   998.9833      0.004      0.005     0.0085    15.7999          0          0  0.000e+00
   998.9843      0.004      0.005     0.0085    15.7934          0          0  0.000e+00
   998.9854      0.004      0.005     0.0085    15.7862          0          0  0.000e+00
   998.9867      0.006      0.006     0.0085    15.7782          0          0  0.000e+00
   998.9880      0.007      0.007     0.0085    15.7701          0          0  0.000e+00
   998.9892      0.006      0.006     0.0085    15.7626          0          0  0.000e+00
   998.9903      0.004      0.005     0.0085    15.7556          0          0  0.000e+00
   998.9912      0.003      0.003     0.0085    15.7500          0          0  0.000e+00
   998.9914      0.004      0.005     0.0085    15.7484          0          0  0.000e+00
   998.9910      0.006      0.006     0.0085    15.7511          0          0  0.000e+00
   998.9910      0.006      0.006     0.0085    15.7513          0          0  0.000e+00
   998.9913      0.003      0.003     0.0084    15.7494          0          0  0.000e+00
  1002.3105      0.038      0.039     4.3254    15.7484          0          0  0.000e+00
  1018.9542      0.181      0.183    26.1531    16.0095          0          0  0.000e+00
  1021.6603      0.404      0.407    29.9108    16.7986          0          0  0.000e+00
  1021.6629      0.634      0.639    30.1026    17.4293          0          0  0.000e+00
  1021.3450      0.849      0.856    29.8078    17.8269          0          0  0.000e+00
  1021.1636      1.057      1.066    29.6373    18.0463          0          0  0.000e+00
  1021.0692      1.271      1.282    29.5478    18.1596          0          0  0.000e+00
  1021.0177      1.491      1.503    29.4969    18.2167          0          0  0.000e+00
  1020.9905      1.707      1.721    29.4684    18.2432          0          0  0.000e+00
  1020.9298      1.891      1.907    29.3916    18.2554          0          0  0.000e+00
  1020.9019      1.950      1.965    29.3552    18.2567          0          0  0.000e+00
  1020.8537      1.940      1.956    29.2777    18.2109          0          0  0.000e+00
  1020.9579      1.932      1.947    29.3979    18.1587          0          0  0.000e+00
  1021.0443      1.928      1.944    29.5053    18.1401          0          0  0.000e+00
  1021.0530      1.922      1.938    29.5229    18.1596          0          0  0.000e+00
  1021.0226      1.920      1.936    29.4913    18.1859          0          0  0.000e+00
  1020.9971      1.919      1.935    29.4641    18.2059          0          0  0.000e+00
  1020.9977      1.926      1.942    29.4691    18.2192          0          0  0.000e+00
  1020.9999      1.939      1.955    29.4752    18.2300          0          0  0.000e+00
  1020.9986      1.951      1.967    29.4752    18.2355          0          0  0.000e+00
  1021.0004      1.966      1.983    29.4773    18.2349          0          0  0.000e+00
  1021.0054      1.975      1.991    29.4838    18.2351          0          0  0.000e+00
  1021.0085      1.980      1.996    29.4891    18.2391          0          0  0.000e+00
  1021.0130      1.987      2.003    29.4963    18.2434          0          0  0.000e+00
  1021.0126      1.997      2.014    29.4966    18.2459          0          0  0.000e+00
  1021.0005      2.012      2.029    29.4810    18.2473          0          0  0.000e+00
  1020.9986      2.026      2.042    29.4790    18.2490          0          0  0.000e+00
  1021.0060      2.043      2.060    29.4896    18.2522          0          0  0.000e+00
  1021.0047      2.053      2.070    29.4892    18.2567          0          0  0.000e+00
  1020.9980      2.058      2.074    29.4815    18.2601          0          0  0.000e+00
  1020.9876      2.054      2.071    29.4686    18.2623          0          0  0.000e+00
  1020.9746      2.051      2.068    29.4522    18.2645          0          0  0.000e+00
  1020.9609      2.036      2.053    29.4351    18.2669          0          0  0.000e+00
  1020.9533      2.023      2.039    29.4262    18.2699          0          0  0.000e+00
  1020.9481      2.010      2.026    29.4205    18.2731          0          0  0.000e+00
  1020.9500      1.994      2.010    29.4238    18.2757          0          0  0.000e+00
  1020.9559      1.973      1.989    29.4320    18.2765          0          0  0.000e+00
  1020.9626      1.950      1.965    29.4402    18.2745          0          0  0.000e+00
  1020.9659      1.927      1.943    29.4431    18.2694          0          0  0.000e+00
  1020.9694      1.904      1.920    29.4462    18.2640          0          0  0.000e+00
  1020.9748      1.889      1.905    29.4517    18.2586          0          0  0.000e+00
  1020.9815      1.878      1.894    29.4585    18.2524          0          0  0.000e+00
  1020.9872      1.878      1.894    29.4635    18.2444          0          0  0.000e+00
  1020.9899      1.883      1.898    29.4646    18.2369          0          0  0.000e+00
  1020.9899      1.895      1.911    29.4630    18.2318          0          0  0.000e+00
  1020.9868      1.909      1.925    29.4584    18.2306          0          0  0.000e+00
  1020.9844      1.924      1.940    29.4555    18.2316          0          0  0.000e+00
  1020.9861      1.945      1.961    29.4583    18.2337          0          0  0.000e+00
  1020.9885      1.969      1.985    29.4622    18.2367          0          0  0.000e+00
  1020.9890      1.996      2.012    29.4636    18.2394          0          0  0.000e+00
  1020.9881      2.023      2.039    29.4627    18.2409          0          0  0.000e+00
  1020.9840      2.044      2.061    29.4577    18.2428          0          0  0.000e+00
  1020.9771      2.060      2.077    29.4499    18.2468          0          0  0.000e+00
  1020.9704      2.072      2.089    29.4422    18.2504          0          0  0.000e+00
  1020.9653      2.080      2.097    29.4368    18.2548          0          0  0.000e+00
  1020.9643      2.080      2.097    29.4370    18.2595          0          0  0.000e+00
  1020.9660      2.078      2.095    29.4408    18.2642          0          0  0.000e+00
  1020.9688      2.074      2.091    29.4458    18.2684          0          0  0.000e+00
  1020.9694      2.066      2.083    29.4477    18.2718          0          0  0.000e+00
  1020.9687      2.058      2.074    29.4472    18.2731          0          0  0.000e+00
  1020.9670      2.044      2.061    29.4452    18.2738          0          0  0.000e+00
  1020.9639      2.030      2.047    29.4412    18.2736          0          0  0.000e+00
  1020.9604      2.009      2.025    29.4365    18.2730          0          0  0.000e+00
  1020.9581      1.987      2.003    29.4335    18.2723          0          0  0.000e+00
  1020.9592      1.964      1.980    29.4350    18.2722          0          0  0.000e+00
  1020.9630      1.937      1.953    29.4402    18.2723          0          0  0.000e+00
  1020.9680      1.921      1.937    29.4469    18.2724          0          0  0.000e+00
  1020.9712      1.905      1.921    29.4510    18.2719          0          0  0.000e+00
  1020.9720      1.897      1.912    29.4513    18.2696          0          0  0.000e+00
  1020.9711      1.891      1.907    29.4490    18.2659          0          0  0.000e+00
  1020.9693      1.892      1.908    29.4452    18.2612          0          0  0.000e+00
  1020.9676      1.899      1.914    29.4412    18.2557          0          0  0.000e+00
  1020.9646      1.905      1.921    29.4357    18.2506          0          0  0.000e+00
  1020.9605      1.918      1.933    29.4292    18.2474          0          0  0.000e+00
  1020.9689      1.933      1.948    29.4396    18.2457          0          0  0.000e+00
  1020.9781      1.951      1.967    29.4515    18.2457          0          0  0.000e+00
  1020.9783      1.969      1.985    29.4519    18.2465          0          0  0.000e+00
  1020.9745      1.991      2.007    29.4471    18.2476          0          0  0.000e+00
  1020.9696      2.015      2.032    29.4404    18.2473          0          0  0.000e+00
  1020.9664      2.033      2.050    29.4355    18.2450          0          0  0.000e+00
  1020.9644      2.048      2.065    29.4316    18.2411          0          0  0.000e+00
  1020.9598      2.061      2.078    29.4243    18.2374          0          0  0.000e+00
  1020.9464      2.067      2.084    29.4056    18.2338          0          0  0.000e+00
  1020.9292      2.061      2.078    29.3807    18.2263          0          0  0.000e+00
  1020.9295      2.050      2.067    29.3780    18.2161          0          0  0.000e+00
  1020.9312      2.037      2.054    29.3801    18.2154          0          0  0.000e+00
  1020.9286      2.018      2.035    29.3761    18.2130          0          0  0.000e+00
  1020.9431      1.997      2.014    29.3873    18.1880          0          0  0.000e+00
  1020.9605      1.984      2.001    29.4012    18.1592          0          0  0.000e+00
  1020.9696      1.975      1.991    29.4071    18.1398          0          0  0.000e+00
  1020.9746      1.960      1.976    29.4101    18.1284          0          0  0.000e+00
  1020.9789      1.944      1.960    29.4138    18.1218          0          0  0.000e+00
  1020.9843      1.928      1.944    29.4182    18.1129          0          0  0.000e+00
  1020.9912      1.916      1.931    29.4236    18.1013          0          0  0.000e+00
  1020.9938      1.899      1.914    29.4239    18.0905          0          0  0.000e+00
  1020.9903      1.886      1.901    29.4170    18.0832          0          0  0.000e+00
  1020.9880      1.887      1.902    29.4131    18.0803          0          0  0.000e+00
  1020.9889      1.893      1.909    29.4147    18.0816          0          0  0.000e+00
  1020.9911      1.900      1.915    29.4192    18.0868          0          0  0.000e+00
  1020.9956      1.910      1.926    29.4269    18.0929          0          0  0.000e+00
  1021.0066      1.931      1.947    29.4439    18.1019          0          0  0.000e+00
  1021.0097      1.955      1.971    29.4540    18.1212          0          0  0.000e+00
  1021.0031      1.977      1.993    29.4531    18.1466          0          0  0.000e+00
  1020.9910      1.992      2.008    29.4443    18.1693          0          0  0.000e+00
  1020.9788      2.008      2.024    29.4330    18.1848          0          0  0.000e+00
  1020.9685      2.021      2.037    29.4222    18.1935          0          0  0.000e+00
  1020.9631      2.025      2.041    29.4158    18.1959          0          0  0.000e+00
  1020.9630      2.031      2.048    29.4154    18.1949          0          0  0.000e+00
  1020.9600      2.046      2.063    29.4117    18.1961          0          0  0.000e+00
  1020.9538      2.059      2.076    29.4058    18.2034          0          0  0.000e+00
