data/eDNA/PER-2021-171/171c026.cnv
* Sea-Bird SBE19plus  Data File:
* FileName = C:\Users\RSG_field\Ryan_2021_Perley\CTD\171c026.hex
* Software version 2.3.0 SB_Terminal.dll
* Temperature SN = 7141
* Conductivity SN = 7141
* System UpLoad Time = Aug 18 2021 13:03:02
* <ApplicationData>
* <SeatermAF>
** Platform: M. Perley
** Cruise: Per2021171
** Station:  SAB_02
** Cast: 01 3
** Latitude: N  45 50.548
** Longitude: W 60 07.965
** Sounding: 24.6
** Chief Scientist: Ryan Stanley
** Comment: 171c026
# nquan = 8
# nvalues = 1989                                  
# units = specified
# name 0 = density00: Density [density, kg/m^3]
# name 1 = depSM: Depth [salt water, m], lat = 45.00
# name 2 = prdM: Pressure, Strain Gauge [db]
# name 3 = sal00: Salinity, Practical [PSU]
# name 4 = tv290C: Temperature [ITS-90, deg C]
# name 5 = bpos: Bottle Position in Carousel
# name 6 = nbf: Bottles Fired
# name 7 = flag:  0.000e+00
# span 0 =   998.9980,  1024.3545                 
# span 1 =     -0.009,     24.504                 
# span 2 =     -0.009,     24.706                 
# span 3 =     0.0081,    30.9795                 
# span 4 =     7.0454,    18.2586                 
# span 5 =          0,          3                 
# span 6 =          0,          3                 
# span 7 = 0.0000e+00, 0.0000e+00                 
# interval = seconds: 0.25
# start_time = Aug 18 2021 15:52:29 [Instrument's time stamp, header]
# bad_flag = -9.990e-29
*END*
[from data line 1798]
  1024.3040     20.174     20.340    30.9383     7.0822          1          1  0.000e+00
  1024.3108     20.055     20.220    30.9488     7.0893          1          1  0.000e+00
  1024.3018     19.935     20.099    30.9404     7.1029          1          1  0.000e+00
  1024.3023     19.814     19.978    30.9443     7.1181          1          1  0.000e+00
  1024.3101     19.696     19.858    30.9576     7.1342          1          1  0.000e+00
  1024.3164     19.578     19.739    30.9709     7.1613          1          1  0.000e+00
  1024.3109     19.466     19.626    30.9709     7.1987          1          1  0.000e+00
  1024.2769     19.349     19.508    30.9356     7.2422          1          1  0.000e+00
  1024.2678     19.236     19.394    30.9309     7.2789          1          1  0.000e+00
  1024.2513     19.120     19.278    30.9153     7.3065          1          1  0.000e+00
  1024.2813     19.005     19.161    30.9586     7.3330          1          1  0.000e+00
  1024.2886     18.892     19.048    30.9778     7.3872          1          1  0.000e+00
  1024.2114     18.776     18.930    30.8929     7.4613          1          1  0.000e+00
  1024.2030     18.660     18.814    30.8901     7.5029          1          1  0.000e+00
  1024.1770     18.540     18.693    30.8644     7.5416          1          1  0.000e+00
  1024.2063     18.421     18.572    30.9088     7.5784          1          1  0.000e+00
  1024.2209     18.294     18.445    30.9393     7.6431          1          1  0.000e+00
  1024.1103     18.165     18.315    30.8157     7.7370          1          1  0.000e+00
  1024.1312     18.030     18.179    30.8502     7.7772          1          1  0.000e+00
  1024.1276     17.901     18.048    30.8551     7.8262          1          1  0.000e+00
  1024.0951     17.765     17.912    30.8266     7.8947          1          1  0.000e+00
  1024.0717     17.630     17.775    30.8074     7.9501          1          1  0.000e+00
  1024.0667     17.492     17.636    30.8124     8.0088          1          1  0.000e+00
  1024.0481     17.355     17.498    30.8016     8.0761          1          1  0.000e+00
  1024.0146     17.221     17.362    30.7710     8.1385          1          1  0.000e+00
  1024.0290     17.088     17.229    30.8001     8.1934          1          1  0.000e+00
  1024.0123     16.960     17.099    30.7936     8.2701          1          1  0.000e+00
  1023.9472     16.833     16.971    30.7264     8.3520          1          1  0.000e+00
  1023.9134     16.708     16.845    30.6941     8.4067          1          1  0.000e+00
  1023.9007     16.582     16.719    30.6857     8.4456          1          1  0.000e+00
  1023.9062     16.460     16.595    30.6999     8.4799          1          1  0.000e+00
  1023.8846     16.338     16.472    30.6813     8.5244          1          1  0.000e+00
  1023.8447     16.221     16.354    30.6389     8.5665          1          1  0.000e+00
  1023.8584     16.104     16.237    30.6599     8.5815          1          1  0.000e+00
  1023.9245     15.990     16.121    30.7496     8.6055          1          1  0.000e+00
  1023.8845     15.871     16.002    30.7114     8.6703          1          1  0.000e+00
  1023.8624     15.758     15.887    30.6973     8.7417          1          1  0.000e+00
  1023.8287     15.645     15.774    30.6697     8.8190          1          1  0.000e+00
  1023.8530     15.531     15.659    30.7149     8.8896          1          1  0.000e+00
  1023.7969     15.417     15.543    30.6606     8.9766          1          1  0.000e+00
  1023.7648     15.300     15.426    30.6361     9.0586          1          1  0.000e+00
  1023.7186     15.185     15.310    30.5933     9.1382          1          1  0.000e+00
  1023.7586     15.068     15.192    30.6575     9.2012          1          1  0.000e+00
  1023.7788     14.948     15.071    30.7015     9.2898          1          1  0.000e+00
  1023.7620     14.831     14.953    30.7073     9.4230          1          1  0.000e+00
  1023.6521     14.713     14.834    30.5998     9.5851          1          1  0.000e+00
  1023.6986     14.589     14.709    30.6875     9.7201          1          1  0.000e+00
  1023.5568     14.468     14.587    30.5394     9.8812          1          1  0.000e+00
  1023.4957     14.348     14.466    30.4841     9.9900          1          1  0.000e+00
  1023.4856     14.227     14.344    30.4894    10.0736          1          1  0.000e+00
  1023.4415     14.103     14.219    30.4528    10.1656          1          1  0.000e+00
  1023.4342     13.982     14.097    30.4599    10.2412          1          1  0.000e+00
  1023.4197     13.860     13.974    30.4623    10.3367          1          1  0.000e+00
  1023.4087     13.733     13.846    30.4716    10.4431          1          1  0.000e+00
  1023.2991     13.611     13.723    30.3546    10.5511          1          1  0.000e+00
  1023.2937     13.486     13.597    30.3631    10.6193          1          1  0.000e+00
  1023.3091     13.363     13.473    30.3975    10.6833          1          1  0.000e+00
  1023.2527     13.239     13.348    30.3459    10.7759          1          1  0.000e+00
  1023.2477     13.118     13.226    30.3575    10.8552          1          1  0.000e+00
  1023.1953     12.997     13.103    30.3098    10.9417          1          1  0.000e+00
  1023.2026     12.876     12.981    30.3372    11.0204          1          1  0.000e+00
  1023.1140     12.758     12.863    30.2439    11.1107          1          1  0.000e+00
  1023.0816     12.639     12.743    30.2153    11.1659          1          1  0.000e+00
  1023.1760     12.521     12.623    30.3454    11.2010          1          1  0.000e+00
  1023.2088     12.403     12.505    30.4163    11.3258          1          1  0.000e+00
  1023.0896     12.284     12.385    30.3054    11.5108          1          1  0.000e+00
  1023.0403     12.168     12.268    30.2731    11.6443          1          1  0.000e+00
  1022.9757     12.049     12.148    30.2187    11.7661          1          1  0.000e+00
  1022.9751     11.930     12.028    30.2453    11.8812          1          1  0.000e+00
  1022.9100     11.806     11.903    30.1921    12.0095          1          1  0.000e+00
  1022.8277     11.685     11.781    30.1148    12.1294          1          1  0.000e+00
  1022.8181     11.566     11.661    30.1237    12.2161          1          1  0.000e+00
  1022.7765     11.446     11.540    30.0914    12.3031          1          1  0.000e+00
  1022.7106     11.324     11.417    30.0242    12.3753          1          1  0.000e+00
  1022.7245     11.204     11.296    30.0537    12.4203          1          1  0.000e+00
  1022.7045     11.084     11.175    30.0425    12.4788          1          1  0.000e+00
  1022.7260     10.965     11.055    30.0867    12.5438          1          1  0.000e+00
  1022.6926     10.848     10.937    30.0644    12.6272          1          1  0.000e+00
  1022.6825     10.731     10.819    30.0743    12.7186          2          2  0.000e+00
  1022.6746     10.613     10.700    30.0908    12.8248          2          2  0.000e+00
  1022.6155     10.493     10.579    30.0429    12.9380          2          2  0.000e+00
  1022.6541     10.375     10.460    30.1179    13.0367          2          2  0.000e+00
  1022.5337     10.253     10.337    30.0016    13.1922          2          2  0.000e+00
  1022.4753     10.130     10.213    29.9559    13.3084          2          2  0.000e+00
  1022.4838     10.012     10.094    29.9854    13.3788          2          2  0.000e+00
  1022.4579      9.891      9.972    29.9772    13.4763          2          2  0.000e+00
  1022.4883      9.770      9.850    30.0452    13.5856          2          2  0.000e+00
  1022.4867      9.650      9.729    30.0857    13.7486          2          2  0.000e+00
  1022.3455      9.529      9.608    29.9503    13.9298          2          2  0.000e+00
  1022.3069      9.411      9.488    29.9361    14.0649          2          2  0.000e+00
  1022.3266      9.295      9.371    29.9958    14.1922          2          2  0.000e+00
  1022.2119      9.178      9.254    29.8887    14.3480          2          2  0.000e+00
  1022.1690      9.064      9.138    29.8657    14.4681          2          2  0.000e+00
  1022.0570      8.952      9.025    29.7452    14.5590          2          2  0.000e+00
  1022.0493      8.840      8.913    29.7447    14.5920          2          2  0.000e+00
  1022.1010      8.730      8.802    29.8186    14.6147          2          2  0.000e+00
  1022.0839      8.617      8.687    29.8137    14.6770          2          2  0.000e+00
  1022.0562      8.503      8.573    29.7986    14.7517          2          2  0.000e+00
  1022.0259      8.385      8.453    29.7773    14.8161          2          2  0.000e+00
  1022.0072      8.269      8.337    29.7684    14.8697          2          2  0.000e+00
  1021.9804      8.152      8.219    29.7461    14.9136          2          2  0.000e+00
  1021.9533      8.028      8.094    29.7203    14.9457          2          2  0.000e+00
  1021.9500      7.911      7.976    29.7219    14.9649          2          2  0.000e+00
  1021.9580      7.789      7.853    29.7374    14.9810          2          2  0.000e+00
  1021.9593      7.667      7.730    29.7465    15.0053          2          2  0.000e+00
  1021.9369      7.545      7.607    29.7258    15.0338          2          2  0.000e+00
  1021.9230      7.427      7.488    29.7133    15.0512          2          2  0.000e+00
  1021.9496      7.312      7.372    29.7525    15.0658          2          2  0.000e+00
  1021.9315      7.193      7.252    29.7382    15.0967          2          2  0.000e+00
  1021.9166      7.072      7.130    29.7277    15.1264          2          2  0.000e+00
  1021.9284      6.957      7.014    29.7501    15.1498          2          2  0.000e+00
  1021.9509      6.838      6.894    29.7902    15.1864          2          2  0.000e+00
  1021.9187      6.717      6.772    29.7659    15.2477          2          2  0.000e+00
  1021.9075      6.597      6.652    29.7666    15.2998          2          2  0.000e+00
  1021.8804      6.478      6.531    29.7468    15.3530          2          2  0.000e+00
  1021.8884      6.353      6.405    29.7727    15.4065          2          2  0.000e+00
  1021.7746      6.226      6.277    29.6402    15.4598          2          2  0.000e+00
  1021.8207      6.102      6.152    29.6981    15.4493          2          2  0.000e+00
  1021.8556      5.978      6.027    29.7462    15.4564          2          2  0.000e+00
  1021.8617      5.861      5.909    29.7654    15.4943          2          2  0.000e+00
  1021.8061      5.743      5.790    29.7099    15.5520          2          2  0.000e+00
  1021.8234      5.629      5.675    29.7426    15.5863          2          2  0.000e+00
  1021.8071      5.514      5.559    29.7334    15.6265          2          2  0.000e+00
  1021.7992      5.400      5.444    29.7390    15.6803          2          2  0.000e+00
  1021.7709      5.287      5.331    29.7185    15.7357          2          2  0.000e+00
  1021.7294      5.175      5.217    29.6781    15.7816          2          2  0.000e+00
  1021.7343      5.056      5.098    29.6901    15.7992          2          2  0.000e+00
  1021.7909      4.934      4.975    29.7730    15.8289          2          2  0.000e+00
  1021.8690      4.813      4.853    29.8985    15.9097          2          2  0.000e+00
  1021.8281      4.684      4.723    29.8912    16.0678          2          2  0.000e+00
  1021.7642      4.557      4.594    29.8603    16.2466          2          2  0.000e+00
  1021.6152      4.427      4.463    29.7136    16.4079          2          2  0.000e+00
  1021.5638      4.297      4.332    29.6743    16.5006          2          2  0.000e+00
  1021.5127      4.170      4.204    29.6243    16.5550          2          2  0.000e+00
  1021.5324      4.046      4.079    29.6580    16.5796          2          2  0.000e+00
  1021.5465      3.926      3.958    29.6873    16.6144          2          2  0.000e+00
  1021.5242      3.805      3.837    29.6763    16.6738          2          2  0.000e+00
  1021.5265      3.693      3.723    29.6996    16.7402          2          2  0.000e+00
  1021.5029      3.582      3.611    29.6924    16.8174          2          2  0.000e+00
  1021.4457      3.469      3.498    29.6412    16.8947          2          2  0.000e+00
  1021.4046      3.360      3.388    29.6028    16.9440          2          2  0.000e+00
  1021.4186      3.250      3.277    29.6295    16.9698          2          2  0.000e+00
  1021.4307      3.139      3.164    29.6553    17.0010          2          2  0.000e+00
  1021.4384      3.025      3.050    29.6801    17.0481          2          2  0.000e+00
  1021.4763      2.915      2.939    29.7493    17.1121          2          2  0.000e+00
  1021.4333      2.803      2.826    29.7263    17.2198          3          3  0.000e+00
  1021.3954      2.690      2.712    29.7100    17.3274          3          3  0.000e+00
  1021.3411      2.577      2.598    29.6673    17.4184          3          3  0.000e+00
  1021.3017      2.464      2.484    29.6367    17.4849          3          3  0.000e+00
  1021.2944      2.345      2.364    29.6425    17.5331          3          3  0.000e+00
  1021.2663      2.225      2.243    29.6210    17.5809          3          3  0.000e+00
  1021.2381      2.107      2.125    29.5960    17.6173          3          3  0.000e+00
  1021.2272      1.984      2.001    29.5882    17.6357          3          3  0.000e+00
  1021.2360      1.860      1.876    29.6060    17.6540          3          3  0.000e+00
  1021.2489      1.731      1.745    29.6308    17.6772          3          3  0.000e+00
  1021.2484      1.598      1.611    29.6413    17.7111          3          3  0.000e+00
  1021.2621      1.459      1.471    29.6744    17.7577          3          3  0.000e+00
  1021.2387      1.321      1.332    29.6654    17.8255          3          3  0.000e+00
  1021.2003      1.191      1.200    29.6366    17.8920          3          3  0.000e+00
  1021.1638      1.060      1.069    29.6045    17.9402          3          3  0.000e+00
  1021.1637      0.936      0.944    29.6137    17.9679          3          3  0.000e+00
  1021.1441      0.809      0.816    29.5985    17.9990          3          3  0.000e+00
  1021.1280      0.689      0.695    29.5856    18.0234          3          3  0.000e+00
  1021.1240      0.594      0.599    29.5853    18.0371          3          3  0.000e+00
  1021.1008      0.499      0.504    29.5582    18.0462          3          3  0.000e+00
  1021.0910      0.398      0.401    29.5443    18.0406          3          3  0.000e+00
  1021.1134      0.268      0.271    29.5699    18.0263          3          3  0.000e+00
  1021.1323      0.102      0.103    29.5954    18.0256          3          3  0.000e+00
  1021.0957      0.003      0.003    29.5527    18.0405          3          3  0.000e+00
  1021.0622      0.001      0.001    29.5097    18.0430          3          3  0.000e+00
  1021.0674      0.001      0.001    29.5127    18.0310          3          3  0.000e+00
  1021.0832      0.001      0.001    29.5202    17.9884          3          3  0.000e+00
  1021.0626      0.002      0.002    29.4789    17.9424          3          3  0.000e+00
  1021.0581      0.001      0.001    29.4590    17.8969          3          3  0.000e+00
  1021.1072      0.001      0.001    29.5006    17.8237          3          3  0.000e+00
  1021.1343      0.001      0.001    29.5160    17.7585          3          3  0.000e+00
  1021.1463      0.001      0.001    29.5177    17.7130          3          3  0.000e+00
  1021.1553      0.001      0.001    29.5161    17.6697          3          3  0.000e+00
  1021.1644      0.000      0.000    29.5151    17.6275          3          3  0.000e+00
