data/eDNA/PER-2021-171/171c016.cnv
* Sea-Bird SBE19plus  Data File:
* FileName = C:\Users\RSG_field\Ryan_2021_Perley\CTD\171c016.hex
* Software version 2.3.0 SB_Terminal.dll
* Temperature SN = 7141
* Conductivity SN = 7141
* System UpLoad Time = Aug 13 2021 10:56:53
* <ApplicationData>
* <SeatermAF>
** Platform: M. Perley
** Cruise: Per2021171
** Station:  ESI_04
** Cast: 01 3
** Latitude: N  44 45.236
** Longitude: W 62 5.9
** Sounding: 103
** Chief Scientist: Ryan Stanley
** Comment: 171c016
# nquan = 8
# nvalues = 3236                                  
# units = specified
# name 0 = density00: Density [density, kg/m^3]
# name 1 = depSM: Depth [salt water, m], lat = 45.00
# name 2 = prdM: Pressure, Strain Gauge [db]
# name 3 = sal00: Salinity, Practical [PSU]
# name 4 = tv290C: Temperature [ITS-90, deg C]
# name 5 = bpos: Bottle Position in Carousel
# name 6 = nbf: Bottles Fired
# name 7 = flag:  0.000e+00
# span 0 =   998.6152,  1026.3661                 
# span 1 =     -0.087,     96.499                 
# span 2 =     -0.088,     97.311                 
# span 3 =     0.0082,    32.5947                 
# span 4 =     3.1884,    18.5451                 
# span 5 =          0,          6                 
# span 6 =          0,          6                 
# span 7 = 0.0000e+00, 0.0000e+00                 
# interval = seconds: 0.25
# start_time = Aug 13 2021 13:41:12 [Instrument's time stamp, header]
# bad_flag = -9.990e-29
*END*
[from data line 899]
  1022.3866     15.098     15.222    31.0251    17.6271          0          0  0.000e+00
  1022.3972     15.293     15.418    31.0368    17.6242          0          0  0.000e+00
  1022.4073     15.480     15.608    31.0491    17.6249          0          0  0.000e+00
  1022.4125     15.648     15.776    31.0557    17.6273          0          0  0.000e+00
  1022.4142     15.798     15.928    31.0580    17.6300          0          0  0.000e+00
  1022.4190     15.924     16.055    31.0641    17.6320          0          0  0.000e+00
  1022.4228     16.028     16.160    31.0688    17.6332          0          0  0.000e+00
  1022.4243     16.107     16.239    31.0706    17.6342          0          0  0.000e+00
  1022.4253     16.157     16.289    31.0718    17.6348          0          0  0.000e+00
  1022.4269     16.187     16.320    31.0738    17.6352          0          0  0.000e+00
  1022.4273     16.198     16.331    31.0742    17.6348          0          0  0.000e+00
  1022.4279     16.200     16.333    31.0749    17.6344          0          0  0.000e+00
  1022.4286     16.208     16.342    31.0756    17.6340          0          0  0.000e+00
  1022.4294     16.234     16.367    31.0763    17.6335          0          0  0.000e+00
  1022.4306     16.285     16.419    31.0774    17.6330          0          0  0.000e+00
  1022.4321     16.369     16.503    31.0787    17.6324          0          0  0.000e+00
  1022.4353     16.487     16.623    31.0818    17.6308          0          0  0.000e+00
  1022.4421     16.637     16.774    31.0884    17.6264          0          0  0.000e+00
  1022.4750     16.807     16.946    31.1267    17.6146          0          0  0.000e+00
  1022.5119     16.993     17.133    31.1658    17.5887          0          0  0.000e+00
  1022.5170     17.180     17.322    31.1598    17.5511          0          0  0.000e+00
  1022.5288     17.372     17.515    31.1538    17.4852          0          0  0.000e+00
  1022.5491     17.559     17.703    31.1516    17.3954          0          0  0.000e+00
  1022.5957     17.735     17.881    31.1796    17.2915          0          0  0.000e+00
  1022.6537     17.901     18.049    31.2266    17.2004          0          0  0.000e+00
  1022.6840     18.053     18.201    31.2437    17.1296          0          0  0.000e+00
  1022.7276     18.191     18.340    31.2818    17.0704          0          0  0.000e+00
  1022.7316     18.314     18.464    31.2735    17.0282          0          0  0.000e+00
  1022.7529     18.430     18.582    31.2876    16.9849          0          0  0.000e+00
  1022.7698     18.537     18.690    31.2966    16.9439          0          0  0.000e+00
  1022.7934     18.637     18.790    31.3159    16.9078          0          0  0.000e+00
  1022.8025     18.730     18.884    31.3191    16.8807          0          0  0.000e+00
  1022.8105     18.821     18.976    31.3216    16.8563          0          0  0.000e+00
  1022.8122     18.916     19.071    31.3159    16.8316          0          0  0.000e+00
  1022.8068     19.018     19.174    31.2997    16.8030          0          0  0.000e+00
  1022.8113     19.120     19.278    31.2932    16.7639          0          0  0.000e+00
  1022.7951     19.225     19.384    31.2573    16.7164          0          0  0.000e+00
  1022.7975     19.337     19.496    31.2396    16.6489          0          0  0.000e+00
  1022.8287     19.453     19.613    31.2543    16.5639          0          0  0.000e+00
  1022.9134     19.574     19.735    31.3386    16.4782          0          0  0.000e+00
  1022.9915     19.700     19.862    31.4193    16.4092          0          0  0.000e+00
  1023.0320     19.827     19.991    31.4577    16.3627          0          0  0.000e+00
  1022.9984     19.955     20.119    31.3981    16.3116          0          0  0.000e+00
  1022.9988     20.075     20.241    31.3685    16.2113          0          0  0.000e+00
  1023.0517     20.209     20.375    31.3990    16.0827          0          0  0.000e+00
  1023.0643     20.340     20.508    31.3797    15.9625          0          0  0.000e+00
  1023.0943     20.477     20.646    31.3816    15.8364          0          0  0.000e+00
  1023.1616     20.613     20.783    31.4335    15.7148          0          0  0.000e+00
  1023.1933     20.751     20.922    31.4466    15.6193          0          0  0.000e+00
  1023.2186     20.892     21.064    31.4559    15.5396          0          0  0.000e+00
  1023.2498     21.032     21.205    31.4748    15.4662          0          0  0.000e+00
  1023.2628     21.165     21.339    31.4730    15.4024          0          0  0.000e+00
  1023.2873     21.290     21.466    31.4871    15.3423          0          0  0.000e+00
  1023.2930     21.409     21.585    31.4792    15.2903          0          0  0.000e+00
  1023.2586     21.509     21.686    31.4183    15.2350          0          0  0.000e+00
  1023.2894     21.599     21.777    31.4356    15.1559          0          0  0.000e+00
  1023.2852     21.676     21.855    31.4083    15.0787          0          0  0.000e+00
  1023.2890     21.750     21.929    31.3894    14.9947          0          0  0.000e+00
  1023.3170     21.819     21.999    31.3992    14.9002          0          0  0.000e+00
  1023.3587     21.888     22.068    31.4286    14.8121          0          0  0.000e+00
  1023.3886     21.965     22.146    31.4473    14.7402          0          0  0.000e+00
  1023.4085     22.057     22.238    31.4565    14.6816          0          0  0.000e+00
  1023.4191     22.165     22.347    31.4552    14.6286          0          0  0.000e+00
  1023.4372     22.284     22.468    31.4640    14.5772          0          0  0.000e+00
  1023.4140     22.425     22.610    31.4202    14.5301          0          0  0.000e+00
  1023.3927     22.571     22.757    31.3747    14.4670          0          0  0.000e+00
  1023.3997     22.716     22.903    31.3583    14.3761          0          0  0.000e+00
  1023.4249     22.859     23.047    31.3628    14.2742          0          0  0.000e+00
  1023.3960     22.994     23.183    31.2978    14.1741          0          0  0.000e+00
  1023.4174     23.126     23.317    31.2916    14.0494          0          0  0.000e+00
  1023.4613     23.252     23.444    31.3128    13.9165          0          0  0.000e+00
  1023.4955     23.379     23.572    31.3250    13.7971          0          0  0.000e+00
  1023.4739     23.514     23.708    31.2669    13.6849          0          0  0.000e+00
  1023.4700     23.657     23.852    31.2279    13.5570          0          0  0.000e+00
  1023.4628     23.817     24.014    31.1799    13.4102          0          0  0.000e+00
  1023.3181     23.984     24.181    30.9469    13.2350          0          0  0.000e+00
  1023.3697     24.161     24.360    30.9488    12.9810          0          0  0.000e+00
  1023.3287     24.340     24.541    30.8299    12.7196          0          0  0.000e+00
  1023.2474     24.509     24.712    30.6530    12.4292          0          0  0.000e+00
  1023.2404     24.659     24.862    30.5545    12.0594          0          0  0.000e+00
  1023.0800     24.782     24.986    30.2495    11.6412          0          0  0.000e+00
  1023.1463     24.874     25.079    30.2180    11.1274          0          0  0.000e+00
  1023.3841     24.937     25.142    30.4080    10.6013          0          0  0.000e+00
  1023.5339     24.968     25.174    30.5098    10.1776          0          0  0.000e+00
  1023.9689     24.976     25.182    30.9982     9.8436          0          0  0.000e+00
  1024.0633     24.968     25.174    31.0954     9.7284          0          0  0.000e+00
  1024.0627     24.963     25.169    31.0890     9.7004          0          0  0.000e+00
  1023.9588     24.969     25.175    30.9500     9.6726          0          0  0.000e+00
  1023.8535     24.999     25.205    30.8015     9.6065          0          0  0.000e+00
  1023.8369     25.055     25.262    30.7513     9.4647          0          0  0.000e+00
  1023.8553     25.142     25.350    30.7412     9.2990          0          0  0.000e+00
  1023.9110     25.256     25.464    30.7795     9.1348          0          0  0.000e+00
  1023.8483     25.405     25.615    30.6701     8.9901          0          0  0.000e+00
  1023.5971     25.579     25.790    30.3137     8.8122          0          0  0.000e+00
  1023.5201     25.770     25.982    30.1540     8.4925          0          0  0.000e+00
  1023.7202     25.980     26.194    30.3335     8.0821          0          0  0.000e+00
  1023.9011     26.206     26.422    30.5050     7.7566          0          0  0.000e+00
  1024.0196     26.427     26.645    30.6152     7.5300          0          0  0.000e+00
  1024.1155     26.650     26.870    30.7088     7.3703          0          0  0.000e+00
  1024.1650     26.867     27.089    30.7518     7.2605          0          0  0.000e+00
  1024.2148     27.078     27.301    30.8001     7.1787          0          0  0.000e+00
  1024.2727     27.262     27.487    30.8621     7.1146          0          0  0.000e+00
  1024.3207     27.424     27.650    30.9146     7.0696          0          0  0.000e+00
  1024.3530     27.556     27.783    30.9502     7.0419          0          0  0.000e+00
  1024.3696     27.657     27.885    30.9684     7.0275          0          0  0.000e+00
  1024.3834     27.725     27.953    30.9845     7.0212          0          0  0.000e+00
  1024.3889     27.765     27.994    30.9907     7.0177          0          0  0.000e+00
  1024.4013     27.779     28.008    31.0063     7.0175          0          0  0.000e+00
  1024.3942     27.776     28.006    30.9986     7.0253          0          0  0.000e+00
  1024.3935     27.767     27.996    30.9986     7.0303          0          0  0.000e+00
  1024.3883     27.757     27.986    30.9929     7.0356          0          0  0.000e+00
  1024.3783     27.766     27.995    30.9809     7.0399          0          0  0.000e+00
  1024.3686     27.790     28.020    30.9683     7.0389          0          0  0.000e+00
  1024.3613     27.843     28.073    30.9570     7.0292          0          0  0.000e+00
  1024.3675     27.923     28.153    30.9617     7.0123          0          0  0.000e+00
  1024.3699     28.030     28.261    30.9605     6.9912          0          0  0.000e+00
  1024.3595     28.156     28.388    30.9423     6.9654          0          0  0.000e+00
  1024.3669     28.306     28.540    30.9449     6.9293          0          0  0.000e+00
  1024.3497     28.475     28.710    30.9155     6.8897          0          0  0.000e+00
  1024.3709     28.650     28.886    30.9330     6.8379          0          0  0.000e+00
  1024.3984     28.831     29.069    30.9586     6.7877          0          0  0.000e+00
  1024.3908     29.014     29.253    30.9409     6.7443          0          0  0.000e+00
  1024.3808     29.193     29.434    30.9185     6.6900          0          0  0.000e+00
  1024.3841     29.363     29.606    30.9100     6.6178          0          0  0.000e+00
  1024.4017     29.528     29.771    30.9184     6.5357          0          0  0.000e+00
  1024.4159     29.680     29.925    30.9219     6.4500          0          0  0.000e+00
  1024.4341     29.816     30.062    30.9297     6.3571          0          0  0.000e+00
  1024.4885     29.933     30.180    30.9835     6.2634          0          0  0.000e+00
  1024.5440     30.025     30.273    31.0416     6.1873          0          0  0.000e+00
  1024.5550     30.102     30.351    31.0472     6.1358          0          0  0.000e+00
  1024.5740     30.157     30.406    31.0639     6.0893          0          0  0.000e+00
  1024.5952     30.202     30.451    31.0843     6.0482          0          0  0.000e+00
  1024.6140     30.240     30.490    31.1031     6.0170          0          0  0.000e+00
  1024.6207     30.280     30.530    31.1079     5.9942          0          0  0.000e+00
  1024.6199     30.325     30.575    31.1035     5.9732          0          0  0.000e+00
  1024.6241     30.391     30.642    31.1049     5.9497          0          0  0.000e+00
  1024.6268     30.482     30.733    31.1043     5.9266          0          0  0.000e+00
  1024.6391     30.593     30.846    31.1159     5.9039          0          0  0.000e+00
  1024.6574     30.735     30.989    31.1352     5.8845          0          0  0.000e+00
  1024.6650     30.891     31.146    31.1418     5.8698          0          0  0.000e+00
  1024.6755     31.055     31.312    31.1521     5.8563          0          0  0.000e+00
  1024.7377     31.223     31.481    31.2280     5.8433          0          0  0.000e+00
  1024.7970     31.382     31.641    31.3035     5.8521          0          0  0.000e+00
  1024.7774     31.527     31.787    31.2827     5.8848          0          0  0.000e+00
  1024.7537     31.655     31.917    31.2556     5.9097          0          0  0.000e+00
  1024.7467     31.759     32.021    31.2474     5.9183          0          0  0.000e+00
  1024.7455     31.845     32.108    31.2456     5.9197          0          0  0.000e+00
  1024.7448     31.914     32.177    31.2441     5.9185          0          0  0.000e+00
  1024.7381     31.965     32.229    31.2347     5.9148          0          0  0.000e+00
  1024.7385     32.017     32.281    31.2338     5.9073          0          0  0.000e+00
  1024.7312     32.073     32.338    31.2229     5.8987          0          0  0.000e+00
  1024.7304     32.144     32.409    31.2195     5.8854          0          0  0.000e+00
  1024.7418     32.250     32.516    31.2309     5.8693          0          0  0.000e+00
  1024.7454     32.384     32.652    31.2326     5.8556          0          0  0.000e+00
  1024.7423     32.554     32.823    31.2255     5.8404          0          0  0.000e+00
  1024.7405     32.741     33.011    31.2191     5.8202          0          0  0.000e+00
  1024.7114     32.939     33.211    31.1772     5.7948          0          0  0.000e+00
  1024.5977     33.132     33.406    31.0251     5.7467          0          0  0.000e+00
  1024.6139     33.327     33.602    31.0288     5.6401          0          0  0.000e+00
  1024.6542     33.498     33.774    31.0619     5.5223          0          0  0.000e+00
  1024.6996     33.640     33.918    31.1042     5.4229          0          0  0.000e+00
  1024.7383     33.750     34.029    31.1410     5.3417          0          0  0.000e+00
  1024.7862     33.826     34.106    31.1919     5.2763          0          0  0.000e+00
  1024.8337     33.875     34.155    31.2458     5.2337          0          0  0.000e+00
  1024.8610     33.895     34.175    31.2776     5.2162          0          0  0.000e+00
  1024.8656     33.896     34.176    31.2833     5.2154          0          0  0.000e+00
  1024.8615     33.893     34.173    31.2789     5.2197          0          0  0.000e+00
  1024.8485     33.897     34.177    31.2626     5.2219          0          0  0.000e+00
  1024.8525     33.918     34.199    31.2671     5.2182          0          0  0.000e+00
  1024.8485     33.963     34.244    31.2613     5.2149          0          0  0.000e+00
  1024.8485     34.034     34.315    31.2600     5.2090          0          0  0.000e+00
  1024.8425     34.130     34.413    31.2508     5.2011          0          0  0.000e+00
  1024.8301     34.251     34.534    31.2329     5.1900          0          0  0.000e+00
  1024.8187     34.396     34.681    31.2151     5.1716          0          0  0.000e+00
  1024.7839     34.559     34.844    31.1662     5.1432          0          0  0.000e+00
  1024.7604     34.735     35.022    31.1287     5.0939          0          0  0.000e+00
  1024.7659     34.907     35.196    31.1253     5.0261          0          0  0.000e+00
  1024.7893     35.086     35.376    31.1441     4.9541          0          0  0.000e+00
  1024.8054     35.254     35.546    31.1548     4.8898          0          0  0.000e+00
