data/eDNA/PER-2021-171/171c026.cnv
* Sea-Bird SBE19plus  Data File:
* FileName = C:\Users\RSG_field\Ryan_2021_Perley\CTD\171c026.hex
* Software version 2.3.0 SB_Terminal.dll
* Temperature SN = 7141
* Conductivity SN = 7141
* System UpLoad Time = Aug 18 2021 13:03:02
* <ApplicationData>
* <SeatermAF>
** Platform: M. Perley
** Cruise: Per2021171
** Station:  SAB_02
** Cast: 01 3
** Latitude: N  45 50.548
** Longitude: W 60 07.965
** Sounding: 24.6
** Chief Scientist: Ryan Stanley
** Comment: 171c026
# nquan = 8
# nvalues = 1989                                  
# units = specified
# name 0 = density00: Density [density, kg/m^3]
# name 1 = depSM: Depth [salt water, m], lat = 45.00
# name 2 = prdM: Pressure, Strain Gauge [db]
# name 3 = sal00: Salinity, Practical [PSU]
# name 4 = tv290C: Temperature [ITS-90, deg C]
# name 5 = bpos: Bottle Position in Carousel
# name 6 = nbf: Bottles Fired
# name 7 = flag:  0.000e+00
# span 0 =   998.9980,  1024.3545                 
# span 1 =     -0.009,     24.504                 
# span 2 =     -0.009,     24.706                 
# span 3 =     0.0081,    30.9795                 
# span 4 =     7.0454,    18.2586                 
# span 5 =          0,          3                 
# span 6 =          0,          3                 
# span 7 = 0.0000e+00, 0.0000e+00                 
# interval = seconds: 0.25
# start_time = Aug 18 2021 15:52:29 [Instrument's time stamp, header]
# bad_flag = -9.990e-29
*END*
[from data line 1259]
  1024.3274     24.368     24.569    30.9410     7.0684          0          0  0.000e+00
  1024.3237     24.371     24.572    30.9365     7.0700          0          0  0.000e+00
  1024.3260     24.373     24.574    30.9396     7.0708          0          0  0.000e+00
  1024.3231     24.381     24.582    30.9358     7.0706          0          0  0.000e+00
  1024.3205     24.390     24.591    30.9322     7.0687          0          0  0.000e+00
  1024.3241     24.402     24.603    30.9361     7.0654          0          0  0.000e+00
  1024.3253     24.417     24.618    30.9372     7.0632          0          0  0.000e+00
  1024.3256     24.431     24.632    30.9373     7.0621          0          0  0.000e+00
  1024.3301     24.444     24.646    30.9428     7.0611          0          0  0.000e+00
  1024.3301     24.459     24.661    30.9429     7.0628          0          0  0.000e+00
  1024.3271     24.468     24.669    30.9395     7.0650          0          0  0.000e+00
  1024.3266     24.476     24.678    30.9390     7.0658          0          0  0.000e+00
  1024.3274     24.474     24.676    30.9400     7.0660          0          0  0.000e+00
  1024.3266     24.470     24.672    30.9391     7.0666          0          0  0.000e+00
  1024.3314     24.459     24.661    30.9454     7.0675          0          0  0.000e+00
  1024.3409     24.442     24.644    30.9581     7.0711          0          0  0.000e+00
  1024.3288     24.425     24.627    30.9444     7.0803          0          0  0.000e+00
  1024.3202     24.406     24.607    30.9344     7.0856          0          0  0.000e+00
  1024.3219     24.387     24.588    30.9366     7.0847          0          0  0.000e+00
  1024.3284     24.369     24.570    30.9450     7.0844          0          0  0.000e+00
  1024.3296     24.357     24.558    30.9470     7.0874          0          0  0.000e+00
  1024.3263     24.348     24.549    30.9435     7.0914          0          0  0.000e+00
  1024.3201     24.342     24.542    30.9363     7.0947          0          0  0.000e+00
  1024.3184     24.342     24.542    30.9341     7.0947          0          0  0.000e+00
  1024.3179     24.345     24.545    30.9331     7.0927          0          0  0.000e+00
  1024.3159     24.354     24.555    30.9301     7.0902          0          0  0.000e+00
  1024.3097     24.362     24.563    30.9214     7.0861          0          0  0.000e+00
  1024.3139     24.374     24.575    30.9255     7.0784          0          0  0.000e+00
  1024.3192     24.385     24.586    30.9310     7.0717          0          0  0.000e+00
  1024.3231     24.397     24.598    30.9353     7.0677          0          0  0.000e+00
  1024.3273     24.408     24.610    30.9402     7.0660          0          0  0.000e+00
  1024.3279     24.420     24.621    30.9411     7.0671          0          0  0.000e+00
  1024.3253     24.425     24.627    30.9379     7.0680          0          0  0.000e+00
  1024.3253     24.435     24.636    30.9378     7.0675          0          0  0.000e+00
  1024.3269     24.436     24.637    30.9397     7.0667          0          0  0.000e+00
  1024.3273     24.437     24.638    30.9401     7.0662          0          0  0.000e+00
  1024.3264     24.435     24.636    30.9390     7.0665          0          0  0.000e+00
  1024.3329     24.432     24.633    30.9473     7.0666          0          0  0.000e+00
  1024.3323     24.427     24.629    30.9471     7.0698          0          0  0.000e+00
  1024.3250     24.422     24.623    30.9385     7.0739          0          0  0.000e+00
  1024.3253     24.420     24.621    30.9392     7.0752          0          0  0.000e+00
  1024.3265     24.414     24.615    30.9408     7.0763          0          0  0.000e+00
  1024.3199     24.408     24.610    30.9327     7.0775          0          0  0.000e+00
  1024.3204     24.403     24.604    30.9331     7.0759          0          0  0.000e+00
  1024.3207     24.400     24.601    30.9332     7.0742          0          0  0.000e+00
  1024.3273     24.398     24.599    30.9414     7.0727          0          0  0.000e+00
  1024.3208     24.397     24.598    30.9334     7.0743          0          0  0.000e+00
  1024.3213     24.398     24.599    30.9339     7.0739          0          0  0.000e+00
  1024.3236     24.396     24.597    30.9366     7.0724          0          0  0.000e+00
  1024.3212     24.396     24.597    30.9336     7.0726          0          0  0.000e+00
  1024.3228     24.393     24.595    30.9354     7.0712          0          0  0.000e+00
  1024.3243     24.389     24.590    30.9372     7.0700          0          0  0.000e+00
  1024.3246     24.388     24.589    30.9376     7.0702          0          0  0.000e+00
  1024.3240     24.385     24.586    30.9369     7.0706          0          0  0.000e+00
  1024.3243     24.385     24.586    30.9373     7.0704          0          0  0.000e+00
  1024.3243     24.387     24.588    30.9373     7.0705          0          0  0.000e+00
  1024.3236     24.390     24.591    30.9363     7.0703          0          0  0.000e+00
  1024.3265     24.393     24.595    30.9398     7.0693          0          0  0.000e+00
  1024.3242     24.399     24.600    30.9369     7.0698          0          0  0.000e+00
  1024.3217     24.409     24.611    30.9338     7.0706          0          0  0.000e+00
  1024.3211     24.417     24.618    30.9328     7.0690          0          0  0.000e+00
  1024.3225     24.428     24.630    30.9341     7.0666          0          0  0.000e+00
  1024.3258     24.440     24.642    30.9379     7.0647          0          0  0.000e+00
  1024.3268     24.449     24.650    30.9392     7.0648          0          0  0.000e+00
  1024.3306     24.457     24.659    30.9442     7.0665          0          0  0.000e+00
  1024.3263     24.459     24.661    30.9393     7.0696          0          0  0.000e+00
  1024.3232     24.462     24.664    30.9356     7.0711          0          0  0.000e+00
  1024.3243     24.461     24.663    30.9369     7.0705          0          0  0.000e+00
  1024.3305     24.455     24.657    30.9447     7.0705          0          0  0.000e+00
  1024.3337     24.448     24.649    30.9493     7.0734          0          0  0.000e+00
  1024.3301     24.437     24.638    30.9458     7.0796          0          0  0.000e+00
  1024.3224     24.425     24.627    30.9370     7.0848          0          0  0.000e+00
  1024.3189     24.414     24.615    30.9328     7.0855          0          0  0.000e+00
  1024.3213     24.402     24.603    30.9355     7.0837          0          0  0.000e+00
  1024.3227     24.391     24.592    30.9372     7.0827          0          0  0.000e+00
  1024.3202     24.383     24.584    30.9341     7.0826          0          0  0.000e+00
  1024.3219     24.376     24.577    30.9362     7.0815          0          0  0.000e+00
  1024.3212     24.374     24.575    30.9352     7.0809          0          0  0.000e+00
  1024.3205     24.371     24.572    30.9341     7.0797          0          0  0.000e+00
  1024.3175     24.370     24.571    30.9299     7.0776          0          0  0.000e+00
  1024.3191     24.372     24.573    30.9313     7.0736          0          0  0.000e+00
  1024.3217     24.374     24.575    30.9340     7.0700          0          0  0.000e+00
  1024.3236     24.378     24.579    30.9360     7.0677          0          0  0.000e+00
  1024.3226     24.385     24.586    30.9345     7.0667          0          0  0.000e+00
  1024.3238     24.393     24.595    30.9357     7.0648          0          0  0.000e+00
  1024.3241     24.405     24.606    30.9358     7.0635          0          0  0.000e+00
  1024.3253     24.415     24.616    30.9371     7.0625          0          0  0.000e+00
  1024.3265     24.425     24.627    30.9385     7.0621          0          0  0.000e+00
  1024.3267     24.434     24.635    30.9387     7.0624          0          0  0.000e+00
  1024.3291     24.443     24.645    30.9417     7.0627          0          0  0.000e+00
  1024.3295     24.450     24.651    30.9425     7.0641          0          0  0.000e+00
  1024.3260     24.454     24.655    30.9383     7.0663          0          0  0.000e+00
  1024.3259     24.458     24.660    30.9383     7.0670          0          0  0.000e+00
  1024.3249     24.459     24.661    30.9371     7.0672          0          0  0.000e+00
  1024.3239     24.457     24.659    30.9358     7.0669          0          0  0.000e+00
  1024.3261     24.455     24.657    30.9385     7.0659          0          0  0.000e+00
  1024.3262     24.450     24.651    30.9386     7.0660          0          0  0.000e+00
  1024.3280     24.444     24.646    30.9410     7.0668          0          0  0.000e+00
  1024.3287     24.437     24.638    30.9423     7.0684          0          0  0.000e+00
  1024.3239     24.434     24.635    30.9365     7.0705          0          0  0.000e+00
  1024.3224     24.422     24.623    30.9347     7.0703          0          0  0.000e+00
  1024.3258     24.414     24.615    30.9388     7.0690          0          0  0.000e+00
  1024.3262     24.409     24.611    30.9394     7.0693          0          0  0.000e+00
  1024.3242     24.402     24.603    30.9370     7.0701          0          0  0.000e+00
  1024.3234     24.400     24.601    30.9359     7.0697          0          0  0.000e+00
  1024.3263     24.397     24.598    30.9394     7.0686          0          0  0.000e+00
  1024.3237     24.395     24.596    30.9362     7.0689          0          0  0.000e+00
  1024.3226     24.396     24.597    30.9347     7.0684          0          0  0.000e+00
  1024.3239     24.393     24.595    30.9361     7.0669          0          0  0.000e+00
  1024.3264     24.392     24.593    30.9393     7.0663          0          0  0.000e+00
  1024.3265     24.395     24.596    30.9394     7.0663          0          0  0.000e+00
  1024.3247     24.399     24.600    30.9371     7.0674          0          0  0.000e+00
  1024.3223     24.404     24.605    30.9341     7.0675          0          0  0.000e+00
  1024.3234     24.407     24.608    30.9353     7.0667          0          0  0.000e+00
  1024.3228     24.417     24.618    30.9345     7.0657          0          0  0.000e+00
  1024.3230     24.419     24.620    30.9345     7.0643          0          0  0.000e+00
  1024.3250     24.427     24.629    30.9367     7.0625          0          0  0.000e+00
  1024.3243     24.433     24.634    30.9355     7.0617          0          0  0.000e+00
  1024.3263     24.439     24.641    30.9379     7.0606          0          0  0.000e+00
  1024.3267     24.441     24.643    30.9383     7.0608          0          0  0.000e+00
  1024.3291     24.443     24.645    30.9416     7.0614          0          0  0.000e+00
  1024.3280     24.443     24.645    30.9405     7.0629          0          0  0.000e+00
  1024.3298     24.437     24.638    30.9430     7.0648          0          0  0.000e+00
  1024.3277     24.433     24.634    30.9408     7.0670          0          0  0.000e+00
  1024.3284     24.426     24.628    30.9421     7.0691          0          0  0.000e+00
  1024.3268     24.419     24.620    30.9405     7.0718          0          0  0.000e+00
  1024.3244     24.413     24.614    30.9377     7.0734          0          0  0.000e+00
  1024.3226     24.408     24.610    30.9353     7.0729          0          0  0.000e+00
  1024.3225     24.404     24.605    30.9350     7.0712          0          0  0.000e+00
  1024.3241     24.401     24.602    30.9369     7.0698          0          0  0.000e+00
  1024.3249     24.399     24.600    30.9376     7.0684          0          0  0.000e+00
  1024.3228     24.401     24.602    30.9348     7.0678          0          0  0.000e+00
  1024.3235     24.406     24.607    30.9353     7.0659          0          0  0.000e+00
  1024.3240     24.409     24.611    30.9358     7.0647          0          0  0.000e+00
  1024.3249     24.415     24.616    30.9367     7.0633          0          0  0.000e+00
  1024.3260     24.422     24.623    30.9380     7.0626          0          0  0.000e+00
  1024.3259     24.425     24.627    30.9378     7.0629          0          0  0.000e+00
  1024.3276     24.429     24.631    30.9398     7.0623          0          0  0.000e+00
  1024.3282     24.434     24.635    30.9407     7.0622          0          0  0.000e+00
  1024.3303     24.436     24.637    30.9435     7.0633          0          0  0.000e+00
  1024.3284     24.438     24.639    30.9414     7.0656          0          0  0.000e+00
  1024.3266     24.438     24.639    30.9394     7.0674          0          0  0.000e+00
  1024.3230     24.436     24.637    30.9351     7.0684          0          0  0.000e+00
  1024.3232     24.439     24.640    30.9351     7.0677          0          0  0.000e+00
  1024.3263     24.441     24.643    30.9388     7.0660          0          0  0.000e+00
  1024.3264     24.441     24.643    30.9389     7.0662          0          0  0.000e+00
  1024.3261     24.444     24.646    30.9386     7.0669          0          0  0.000e+00
  1024.3248     24.446     24.648    30.9370     7.0672          0          0  0.000e+00
  1024.3263     24.444     24.646    30.9389     7.0669          0          0  0.000e+00
  1024.3300     24.445     24.647    30.9434     7.0657          0          0  0.000e+00
  1024.3296     24.443     24.645    30.9430     7.0663          0          0  0.000e+00
  1024.3268     24.440     24.642    30.9398     7.0682          0          0  0.000e+00
  1024.3260     24.434     24.635    30.9390     7.0690          0          0  0.000e+00
  1024.3263     24.426     24.628    30.9393     7.0693          0          0  0.000e+00
  1024.3243     24.418     24.619    30.9371     7.0702          0          0  0.000e+00
  1024.3250     24.406     24.607    30.9379     7.0700          0          0  0.000e+00
  1024.3283     24.398     24.599    30.9422     7.0700          0          0  0.000e+00
  1024.3267     24.388     24.589    30.9406     7.0726          0          0  0.000e+00
  1024.3226     24.380     24.581    30.9358     7.0740          0          0  0.000e+00
  1024.3231     24.375     24.576    30.9363     7.0737          0          0  0.000e+00
  1024.3229     24.371     24.572    30.9360     7.0729          0          0  0.000e+00
  1024.3210     24.368     24.569    30.9334     7.0715          0          0  0.000e+00
  1024.3215     24.368     24.569    30.9335     7.0687          0          0  0.000e+00
  1024.3225     24.368     24.569    30.9345     7.0671          0          0  0.000e+00
  1024.3232     24.371     24.572    30.9351     7.0654          0          0  0.000e+00
  1024.3224     24.378     24.579    30.9339     7.0644          0          0  0.000e+00
  1024.3231     24.384     24.585    30.9344     7.0621          0          0  0.000e+00
  1024.3235     24.397     24.598    30.9344     7.0599          0          0  0.000e+00
  1024.3258     24.407     24.608    30.9371     7.0581          0          0  0.000e+00
  1024.3255     24.419     24.620    30.9364     7.0571          0          0  0.000e+00
  1024.3287     24.429     24.631    30.9403     7.0564          0          0  0.000e+00
  1024.3294     24.440     24.642    30.9412     7.0574          0          0  0.000e+00
  1024.3248     24.450     24.651    30.9356     7.0590          0          0  0.000e+00
  1024.3239     24.457     24.659    30.9344     7.0583          0          0  0.000e+00
  1024.3250     24.469     24.670    30.9353     7.0566          0          0  0.000e+00
  1024.3260     24.472     24.674    30.9365     7.0553          0          0  0.000e+00
  1024.3285     24.475     24.677    30.9394     7.0543          0          0  0.000e+00
  1024.3274     24.478     24.680    30.9380     7.0542          0          0  0.000e+00
  1024.3294     24.477     24.679    30.9406     7.0542          0          0  0.000e+00
