data/eDNA/PER-2021-171/171c028.cnv
* Sea-Bird SBE19plus  Data File:
* FileName = C:\Users\RSG_field\Ryan_2021_Perley\CTD\171c028.hex
* Software version 2.3.0 SB_Terminal.dll
* Temperature SN = 7141
* Conductivity SN = 7141
* System UpLoad Time = Aug 18 2021 09:30:47
* <ApplicationData>
* <SeatermAF>
** Platform: M. Perley
** Cruise: Per2021171
** Station:  GC-04
** Cast: 01 3
** Latitude: N  44 55.575
** Longitude: W 59 51.597
** Sounding: 50.3
** Chief Scientist: Ryan Stanley
** Comment: 171c028
# nquan = 8
# nvalues = 3254                                  
# units = specified
# name 0 = density00: Density [density, kg/m^3]
# name 1 = depSM: Depth [salt water, m], lat = 45.00
# name 2 = prdM: Pressure, Strain Gauge [db]
# name 3 = sal00: Salinity, Practical [PSU]
# name 4 = tv290C: Temperature [ITS-90, deg C]
# name 5 = bpos: Bottle Position in Carousel
# name 6 = nbf: Bottles Fired
# name 7 = flag:  0.000e+00
# span 0 =   998.6948,  1024.2340                 
# span 1 =     -0.010,     50.000                 
# span 2 =     -0.010,     50.415                 
# span 3 =     0.0088,    30.9482                 
# span 4 =     8.4796,    19.1923                 
# span 5 =          0,          3                 
# span 6 =          0,          3                 
# span 7 = 0.0000e+00, 0.0000e+00                 
# interval = seconds: 0.25
# start_time = Aug 18 2021 12:13:12 [Instrument's time stamp, header]
# bad_flag = -9.990e-29
*END*
[from data line 1079]
  1020.5783      1.717      1.731    29.1901    19.0657          0          0  0.000e+00
  1020.5621      1.875      1.891    29.1793    19.1007          0          0  0.000e+00
  1020.5455      2.044      2.061    29.1649    19.1267          0          0  0.000e+00
  1020.5338      2.206      2.224    29.1538    19.1428          0          0  0.000e+00
  1020.5247      2.343      2.362    29.1444    19.1529          0          0  0.000e+00
  1020.5048      2.418      2.438    29.1198    19.1593          0          0  0.000e+00
  1020.4911      2.441      2.461    29.1025    19.1615          0          0  0.000e+00
  1020.4969      2.436      2.456    29.1097    19.1601          0          0  0.000e+00
  1020.5076      2.387      2.407    29.1195    19.1466          0          0  0.000e+00
  1020.5103      2.275      2.294    29.1187    19.1311          0          0  0.000e+00
  1020.5142      2.132      2.149    29.1210    19.1196          0          0  0.000e+00
  1020.5186      1.987      2.003    29.1240    19.1084          0          0  0.000e+00
  1020.5218      1.835      1.850    29.1262    19.0996          0          0  0.000e+00
  1020.5273      1.707      1.721    29.1323    19.0939          0          0  0.000e+00
  1020.5325      1.618      1.631    29.1386    19.0907          0          0  0.000e+00
  1020.5387      1.571      1.584    29.1476    19.0926          0          0  0.000e+00
  1020.5470      1.581      1.594    29.1615    19.1017          0          0  0.000e+00
  1020.5465      1.647      1.661    29.1651    19.1160          0          0  0.000e+00
  1020.5398      1.748      1.762    29.1601    19.1299          0          0  0.000e+00
  1020.5334      1.851      1.866    29.1547    19.1411          0          0  0.000e+00
  1020.5263      1.941      1.957    29.1477    19.1495          0          0  0.000e+00
  1020.5203      2.013      2.030    29.1411    19.1548          0          0  0.000e+00
  1020.5125      2.071      2.088    29.1314    19.1577          0          0  0.000e+00
  1020.4952      2.109      2.126    29.1087    19.1585          0          0  0.000e+00
  1020.4851      2.132      2.149    29.0952    19.1582          0          0  0.000e+00
  1020.4844      2.149      2.166    29.0946    19.1592          0          0  0.000e+00
  1020.4848      2.164      2.181    29.0938    19.1554          0          0  0.000e+00
  1020.4921      2.172      2.190    29.1006    19.1468          0          0  0.000e+00
  1020.5032      2.164      2.181    29.1111    19.1344          0          0  0.000e+00
  1020.5171      2.128      2.145    29.1242    19.1179          0          0  0.000e+00
  1020.5272      2.089      2.107    29.1338    19.1058          0          0  0.000e+00
  1020.5326      2.051      2.068    29.1386    19.0979          0          0  0.000e+00
  1020.5340      2.014      2.031    29.1394    19.0940          0          0  0.000e+00
  1020.5332      1.981      1.998    29.1379    19.0921          0          0  0.000e+00
  1020.5307      1.957      1.973    29.1343    19.0906          0          0  0.000e+00
  1020.5306      1.953      1.969    29.1335    19.0884          0          0  0.000e+00
  1020.5337      1.966      1.983    29.1368    19.0865          0          0  0.000e+00
  1020.5608      1.973      1.989    29.1723    19.0864          0          0  0.000e+00
  1020.5781      1.977      1.993    29.1993    19.0999          0          0  0.000e+00
  1020.5620      1.982      1.999    29.1869    19.1269          0          0  0.000e+00
  1020.5476      1.981      1.998    29.1746    19.1470          0          0  0.000e+00
  1020.5380      1.983      2.000    29.1659    19.1591          0          0  0.000e+00
  1020.5338      2.007      2.023    29.1622    19.1653          0          0  0.000e+00
  1020.5321      2.029      2.046    29.1608    19.1683          0          0  0.000e+00
  1020.5304      2.039      2.055    29.1592    19.1701          0          0  0.000e+00
  1020.5297      2.031      2.048    29.1586    19.1712          0          0  0.000e+00
  1020.5295      2.019      2.036    29.1585    19.1714          0          0  0.000e+00
  1020.5297      2.003      2.019    29.1590    19.1715          0          0  0.000e+00
  1020.5294      1.973      1.989    29.1588    19.1718          0          0  0.000e+00
  1020.5290      1.951      1.967    29.1585    19.1720          0          0  0.000e+00
  1020.5285      1.947      1.963    29.1579    19.1721          0          0  0.000e+00
  1020.5298      1.970      1.986    29.1592    19.1714          0          0  0.000e+00
  1020.5299      1.993      2.009    29.1592    19.1715          0          0  0.000e+00
  1020.5300      2.012      2.029    29.1595    19.1722          0          0  0.000e+00
  1020.5279      2.024      2.040    29.1568    19.1727          0          0  0.000e+00
  1020.5289      2.019      2.036    29.1581    19.1728          0          0  0.000e+00
  1020.5285      1.996      2.012    29.1576    19.1722          0          0  0.000e+00
  1020.5280      1.958      1.974    29.1568    19.1713          0          0  0.000e+00
  1020.5291      1.927      1.943    29.1581    19.1701          0          0  0.000e+00
  1020.5284      1.916      1.931    29.1570    19.1691          0          0  0.000e+00
  1020.5303      1.931      1.947    29.1590    19.1681          0          0  0.000e+00
  1020.5319      1.980      1.996    29.1608    19.1679          0          0  0.000e+00
  1020.5323      2.053      2.070    29.1611    19.1687          0          0  0.000e+00
  1020.5324      2.131      2.148    29.1612    19.1698          0          0  0.000e+00
  1020.5318      2.194      2.212    29.1604    19.1713          0          0  0.000e+00
  1020.5314      2.233      2.251    29.1599    19.1721          0          0  0.000e+00
  1020.5309      2.247      2.266    29.1594    19.1726          0          0  0.000e+00
  1020.5304      2.234      2.252    29.1589    19.1729          0          0  0.000e+00
  1020.5299      2.187      2.205    29.1585    19.1727          0          0  0.000e+00
  1020.5288      2.120      2.138    29.1572    19.1721          0          0  0.000e+00
  1020.5283      2.031      2.048    29.1567    19.1706          0          0  0.000e+00
  1020.5293      1.931      1.947    29.1579    19.1690          0          0  0.000e+00
  1020.5297      1.827      1.842    29.1586    19.1676          0          0  0.000e+00
  1020.5302      1.756      1.770    29.1596    19.1670          0          0  0.000e+00
  1020.5310      1.721      1.735    29.1607    19.1667          0          0  0.000e+00
  1020.5312      1.715      1.729    29.1612    19.1674          0          0  0.000e+00
  1020.5314      1.731      1.745    29.1617    19.1682          0          0  0.000e+00
  1020.5312      1.775      1.789    29.1615    19.1696          0          0  0.000e+00
  1020.5305      1.836      1.851    29.1607    19.1708          0          0  0.000e+00
  1020.5305      1.919      1.934    29.1604    19.1715          0          0  0.000e+00
  1020.5309      2.016      2.033    29.1606    19.1719          0          0  0.000e+00
  1020.5313      2.117      2.134    29.1607    19.1725          0          0  0.000e+00
  1020.5316      2.193      2.211    29.1608    19.1733          0          0  0.000e+00
  1020.5311      2.238      2.256    29.1602    19.1740          0          0  0.000e+00
  1020.5304      2.249      2.268    29.1592    19.1743          0          0  0.000e+00
  1020.5287      2.222      2.240    29.1573    19.1745          0          0  0.000e+00
  1020.5295      2.168      2.186    29.1584    19.1737          0          0  0.000e+00
  1020.5293      2.093      2.110    29.1582    19.1726          0          0  0.000e+00
  1020.5288      2.007      2.023    29.1578    19.1719          0          0  0.000e+00
  1020.5289      1.936      1.952    29.1580    19.1707          0          0  0.000e+00
  1020.5300      1.897      1.912    29.1592    19.1694          0          0  0.000e+00
  1020.5318      1.901      1.916    29.1614    19.1690          0          0  0.000e+00
  1020.5327      1.946      1.962    29.1627    19.1698          0          0  0.000e+00
  1020.5318      2.011      2.027    29.1616    19.1713          0          0  0.000e+00
  1020.5315      2.076      2.093    29.1611    19.1724          0          0  0.000e+00
  1020.5309      2.119      2.136    29.1604    19.1732          0          0  0.000e+00
  1020.5303      2.132      2.149    29.1597    19.1738          0          0  0.000e+00
  1020.5300      2.113      2.130    29.1594    19.1738          0          0  0.000e+00
  1020.5296      2.060      2.077    29.1592    19.1738          0          0  0.000e+00
  1020.5288      1.977      1.993    29.1584    19.1731          0          0  0.000e+00
  1020.5285      1.874      1.890    29.1584    19.1724          0          0  0.000e+00
  1020.5285      1.784      1.799    29.1586    19.1714          0          0  0.000e+00
  1020.5293      1.729      1.743    29.1595    19.1704          0          0  0.000e+00
  1020.5304      1.727      1.741    29.1609    19.1698          0          0  0.000e+00
  1020.5314      1.767      1.782    29.1620    19.1702          0          0  0.000e+00
  1020.5308      1.830      1.845    29.1614    19.1714          0          0  0.000e+00
  1020.5305      1.900      1.915    29.1609    19.1723          0          0  0.000e+00
  1020.5299      1.959      1.975    29.1598    19.1730          0          0  0.000e+00
  1020.5300      2.004      2.020    29.1596    19.1727          0          0  0.000e+00
  1020.5300      2.033      2.050    29.1594    19.1724          0          0  0.000e+00
  1020.5304      2.051      2.068    29.1597    19.1721          0          0  0.000e+00
  1020.5311      2.052      2.069    29.1605    19.1717          0          0  0.000e+00
  1020.5315      2.051      2.068    29.1610    19.1718          0          0  0.000e+00
  1020.5301      2.062      2.079    29.1594    19.1724          0          0  0.000e+00
  1020.5311      2.090      2.108    29.1605    19.1722          0          0  0.000e+00
  1020.5313      2.136      2.154    29.1605    19.1724          0          0  0.000e+00
  1020.5297      2.191      2.209    29.1580    19.1723          0          0  0.000e+00
  1020.5305      2.243      2.261    29.1583    19.1708          0          0  0.000e+00
  1020.5318      2.271      2.289    29.1593    19.1690          0          0  0.000e+00
  1020.5332      2.271      2.289    29.1608    19.1678          0          0  0.000e+00
  1020.5332      2.240      2.258    29.1608    19.1674          0          0  0.000e+00
  1020.5330      2.184      2.202    29.1608    19.1674          0          0  0.000e+00
  1020.5325      2.093      2.110    29.1607    19.1674          0          0  0.000e+00
  1020.5313      1.986      2.002    29.1598    19.1674          0          0  0.000e+00
  1020.5302      1.888      1.903    29.1588    19.1671          0          0  0.000e+00
  1020.5312      1.811      1.825    29.1602    19.1661          0          0  0.000e+00
  1020.5320      1.766      1.781    29.1614    19.1657          0          0  0.000e+00
  1020.5323      1.758      1.772    29.1619    19.1660          0          0  0.000e+00
  1020.5323      1.775      1.789    29.1622    19.1670          0          0  0.000e+00
  1020.5319      1.797      1.812    29.1619    19.1681          0          0  0.000e+00
  1020.5314      1.822      1.837    29.1614    19.1691          0          0  0.000e+00
  1020.5315      1.842      1.858    29.1615    19.1697          0          0  0.000e+00
  1020.5312      1.855      1.870    29.1614    19.1705          0          0  0.000e+00
  1020.5313      1.870      1.885    29.1617    19.1712          0          0  0.000e+00
  1020.5310      1.887      1.902    29.1614    19.1721          0          0  0.000e+00
  1020.5307      1.922      1.938    29.1612    19.1730          0          0  0.000e+00
  1020.5304      1.996      2.012    29.1606    19.1736          0          0  0.000e+00
  1020.5308      2.090      2.108    29.1605    19.1738          0          0  0.000e+00
  1020.5309      2.184      2.202    29.1603    19.1741          0          0  0.000e+00
  1020.5316      2.266      2.285    29.1606    19.1739          0          0  0.000e+00
  1020.5314      2.327      2.346    29.1602    19.1743          0          0  0.000e+00
  1020.5313      2.350      2.369    29.1598    19.1742          0          0  0.000e+00
  1020.5312      2.336      2.356    29.1597    19.1738          0          0  0.000e+00
  1020.5313      2.290      2.308    29.1600    19.1737          0          0  0.000e+00
  1020.5306      2.213      2.232    29.1594    19.1734          0          0  0.000e+00
  1020.5297      2.123      2.141    29.1587    19.1730          0          0  0.000e+00
  1020.5291      2.014      2.031    29.1582    19.1719          0          0  0.000e+00
  1020.5297      1.902      1.917    29.1592    19.1705          0          0  0.000e+00
  1020.5303      1.812      1.827    29.1601    19.1695          0          0  0.000e+00
  1020.5305      1.761      1.775    29.1606    19.1693          0          0  0.000e+00
  1020.5309      1.747      1.761    29.1612    19.1693          0          0  0.000e+00
  1020.5306      1.765      1.780    29.1608    19.1696          0          0  0.000e+00
  1020.5296      1.818      1.833    29.1593    19.1698          0          0  0.000e+00
  1020.5299      1.899      1.914    29.1589    19.1690          0          0  0.000e+00
  1020.5299      1.974      1.990    29.1580    19.1675          0          0  0.000e+00
  1020.5321      2.037      2.054    29.1599    19.1657          0          0  0.000e+00
  1020.5321      2.087      2.104    29.1593    19.1645          0          0  0.000e+00
  1020.5330      2.117      2.134    29.1600    19.1635          0          0  0.000e+00
  1020.5331      2.115      2.132    29.1598    19.1626          0          0  0.000e+00
  1020.5331      2.095      2.112    29.1596    19.1617          0          0  0.000e+00
  1020.5338      2.070      2.087    29.1603    19.1604          0          0  0.000e+00
  1020.5342      2.058      2.074    29.1607    19.1598          0          0  0.000e+00
  1020.5347      2.057      2.073    29.1612    19.1592          0          0  0.000e+00
  1020.5351      2.058      2.074    29.1615    19.1589          0          0  0.000e+00
  1020.5349      2.041      2.057    29.1614    19.1591          0          0  0.000e+00
  1020.5349      2.012      2.029    29.1617    19.1593          0          0  0.000e+00
  1020.5348      1.976      1.992    29.1619    19.1596          0          0  0.000e+00
  1020.5346      1.934      1.949    29.1620    19.1600          0          0  0.000e+00
  1020.5342      1.885      1.900    29.1620    19.1606          0          0  0.000e+00
  1020.5337      1.842      1.858    29.1617    19.1612          0          0  0.000e+00
  1020.5334      1.820      1.835    29.1616    19.1617          0          0  0.000e+00
  1020.5338      1.829      1.844    29.1623    19.1622          0          0  0.000e+00
  1020.5351      1.863      1.878    29.1640    19.1630          0          0  0.000e+00
  1020.5352      1.916      1.931    29.1645    19.1650          0          0  0.000e+00
  1020.5328      1.983      2.000    29.1617    19.1674          0          0  0.000e+00
  1020.5320      2.057      2.073    29.1605    19.1684          0          0  0.000e+00
  1020.5327      2.139      2.157    29.1610    19.1683          0          0  0.000e+00
  1020.5321      2.217      2.235    29.1598    19.1686          0          0  0.000e+00
  1020.5298      2.278      2.297    29.1562    19.1678          0          0  0.000e+00
