data/eDNA/PER-2021-171/171c006.cnv
* Sea-Bird SBE19plus  Data File:
* FileName = C:\Users\RSG_field\Ryan_2021_Perley\CTD\171c006.hex
* Software version 2.3.0 SB_Terminal.dll
* Temperature SN = 7141
* Conductivity SN = 7141
* System UpLoad Time = Aug 12 2021 16:47:09
* <ApplicationData>
* <SeatermAF>
** Platform: M. Perley
** Cruise: Per2021171
** Station:  GC_06
** Cast: 01 3
** Latitude: N  44 46.942
** Longitude: W 62 26.613
** Sounding: 22.8
** Chief Scientist: Ryan Stanley
** Comment: 171c006
# nquan = 8
# nvalues = 2436                                  
# units = specified
# name 0 = density00: Density [density, kg/m^3]
# name 1 = depSM: Depth [salt water, m], lat = 45.00
# name 2 = prdM: Pressure, Strain Gauge [db]
# name 3 = sal00: Salinity, Practical [PSU]
# name 4 = tv290C: Temperature [ITS-90, deg C]
# name 5 = bpos: Bottle Position in Carousel
# name 6 = nbf: Bottles Fired
# name 7 = flag:  0.000e+00
# span 0 =   998.7005,  1023.9296                 
# span 1 =     -0.073,     23.005                 
# span 2 =     -0.074,     23.195                 
# span 3 =     0.0082,    31.1219                 
# span 4 =     8.9481,    18.7654                 
# span 5 =          0,          3                 
# span 6 =          0,          3                 
# span 7 = 0.0000e+00, 0.0000e+00                 
# interval = seconds: 0.25
# start_time = Aug 12 2021 19:35:33 [Instrument's time stamp, header]
# bad_flag = -9.990e-29
*END*
[from data line 899]
  1022.7648     11.854     11.952    30.5852    14.3277          0          0  0.000e+00
  1022.7791     12.015     12.114    30.5820    14.2495          0          0  0.000e+00
  1022.8275     12.173     12.273    30.6238    14.1736          0          0  0.000e+00
  1022.8481     12.315     12.417    30.6351    14.1186          0          0  0.000e+00
  1022.8518     12.442     12.544    30.6276    14.0748          0          0  0.000e+00
  1022.8791     12.548     12.651    30.6510    14.0315          0          0  0.000e+00
  1022.8953     12.639     12.743    30.6632    14.0006          0          0  0.000e+00
  1022.8847     12.712     12.816    30.6435    13.9789          0          0  0.000e+00
  1022.8965     12.775     12.880    30.6512    13.9518          0          0  0.000e+00
  1022.9105     12.841     12.947    30.6624    13.9269          0          0  0.000e+00
  1022.9166     12.912     13.018    30.6651    13.9083          0          0  0.000e+00
  1022.9212     13.005     13.112    30.6662    13.8918          0          0  0.000e+00
  1022.9202     13.114     13.221    30.6600    13.8751          0          0  0.000e+00
  1022.8760     13.241     13.350    30.5967    13.8549          0          0  0.000e+00
  1022.7938     13.383     13.493    30.4768    13.8069          0          0  0.000e+00
  1022.7739     13.529     13.640    30.4247    13.7085          0          0  0.000e+00
  1022.8340     13.674     13.787    30.4706    13.5875          0          0  0.000e+00
  1022.9060     13.815     13.929    30.5382    13.4909          0          0  0.000e+00
  1022.9608     13.950     14.065    30.5939    13.4337          0          0  0.000e+00
  1022.9664     14.080     14.196    30.5939    13.4087          0          0  0.000e+00
  1022.9618     14.206     14.323    30.5824    13.3899          0          0  0.000e+00
  1022.9704     14.324     14.442    30.5874    13.3686          0          0  0.000e+00
  1022.9637     14.441     14.559    30.5731    13.3489          0          0  0.000e+00
  1022.9382     14.556     14.676    30.5325    13.3219          0          0  0.000e+00
  1022.9240     14.664     14.785    30.5015    13.2743          0          0  0.000e+00
  1022.8651     14.780     14.901    30.4081    13.2087          0          0  0.000e+00
  1022.7988     14.890     15.012    30.2928    13.0938          0          0  0.000e+00
  1022.8080     14.999     15.123    30.2607    12.9189          0          0  0.000e+00
  1022.8981     15.108     15.233    30.3263    12.7149          0          0  0.000e+00
  1022.9396     15.217     15.342    30.3361    12.5368          0          0  0.000e+00
  1023.0007     15.322     15.447    30.3750    12.3739          0          0  0.000e+00
  1023.0662     15.423     15.550    30.4235    12.2255          0          0  0.000e+00
  1023.1253     15.524     15.652    30.4707    12.1057          0          0  0.000e+00
  1023.1827     15.613     15.741    30.5229    12.0151          0          0  0.000e+00
  1023.2109     15.698     15.827    30.5441    11.9533          0          0  0.000e+00
  1023.2303     15.777     15.907    30.5576    11.9059          0          0  0.000e+00
  1023.2100     15.864     15.995    30.5214    11.8652          0          0  0.000e+00
  1023.2001     15.960     16.091    30.4948    11.8084          0          0  0.000e+00
  1023.2141     16.072     16.204    30.4946    11.7324          0          0  0.000e+00
  1023.2183     16.206     16.339    30.4801    11.6501          0          0  0.000e+00
  1023.2108     16.357     16.492    30.4483    11.5575          0          0  0.000e+00
  1023.2366     16.528     16.664    30.4546    11.4440          0          0  0.000e+00
  1023.3155     16.715     16.853    30.5285    11.3268          0          0  0.000e+00
  1023.3722     16.906     17.045    30.5821    11.2455          0          0  0.000e+00
  1023.4110     17.089     17.229    30.6197    11.1959          0          0  0.000e+00
  1023.4281     17.266     17.408    30.6343    11.1675          0          0  0.000e+00
  1023.4199     17.418     17.561    30.6188    11.1489          0          0  0.000e+00
  1023.4218     17.537     17.681    30.6150    11.1246          0          0  0.000e+00
  1023.4330     17.626     17.771    30.6228    11.0973          0          0  0.000e+00
  1023.4362     17.690     17.835    30.6211    11.0727          0          0  0.000e+00
  1023.4524     17.734     17.880    30.6359    11.0469          0          0  0.000e+00
  1023.4766     17.767     17.913    30.6628    11.0291          0          0  0.000e+00
  1023.4631     17.801     17.947    30.6444    11.0253          0          0  0.000e+00
  1023.4538     17.846     17.993    30.6303    11.0164          0          0  0.000e+00
  1023.4405     17.909     18.056    30.6093    11.0005          0          0  0.000e+00
  1023.4025     17.993     18.141    30.5530    10.9698          0          0  0.000e+00
  1023.4064     18.099     18.248    30.5445    10.9112          0          0  0.000e+00
  1023.4302     18.225     18.375    30.5590    10.8414          0          0  0.000e+00
  1023.4301     18.361     18.512    30.5441    10.7778          0          0  0.000e+00
  1023.4121     18.504     18.656    30.5043    10.7049          0          0  0.000e+00
  1023.4395     18.652     18.806    30.5186    10.6128          0          0  0.000e+00
  1023.4746     18.797     18.952    30.5432    10.5214          0          0  0.000e+00
  1023.5234     18.940     19.096    30.5885    10.4447          0          0  0.000e+00
  1023.5465     19.077     19.234    30.6052    10.3875          0          0  0.000e+00
  1023.5670     19.210     19.368    30.6212    10.3427          0          0  0.000e+00
  1023.5803     19.337     19.496    30.6298    10.3061          0          0  0.000e+00
  1023.5720     19.470     19.631    30.6115    10.2740          0          0  0.000e+00
  1023.5512     19.610     19.772    30.5750    10.2315          0          0  0.000e+00
  1023.5452     19.763     19.926    30.5532    10.1689          0          0  0.000e+00
  1023.5474     19.924     20.088    30.5391    10.0928          0          0  0.000e+00
  1023.5733     20.091     20.257    30.5531    10.0051          0          0  0.000e+00
  1023.6178     20.250     20.417    30.5915     9.9195          0          0  0.000e+00
  1023.6565     20.397     20.565    30.6262     9.8513          0          0  0.000e+00
  1023.6686     20.519     20.688    30.6305     9.8005          0          0  0.000e+00
  1023.6816     20.620     20.790    30.6371     9.7544          0          0  0.000e+00
  1023.7083     20.696     20.866    30.6620     9.7107          0          0  0.000e+00
  1023.7341     20.748     20.918    30.6881     9.6782          0          0  0.000e+00
  1023.7479     20.779     20.951    30.7019     9.6600          0          0  0.000e+00
  1023.7566     20.800     20.971    30.7111     9.6510          0          0  0.000e+00
  1023.7607     20.815     20.987    30.7157     9.6483          0          0  0.000e+00
  1023.7519     20.836     21.007    30.7045     9.6491          0          0  0.000e+00
  1023.7440     20.865     21.037    30.6936     9.6460          0          0  0.000e+00
  1023.7456     20.914     21.086    30.6936     9.6377          0          0  0.000e+00
  1023.7473     20.982     21.155    30.6935     9.6281          0          0  0.000e+00
  1023.7504     21.073     21.247    30.6951     9.6197          0          0  0.000e+00
  1023.7567     21.191     21.365    30.7010     9.6121          0          0  0.000e+00
  1023.7566     21.339     21.515    30.6991     9.6075          0          0  0.000e+00
  1023.7440     21.510     21.687    30.6810     9.6029          0          0  0.000e+00
  1023.7398     21.702     21.880    30.6720     9.5905          0          0  0.000e+00
  1023.7006     21.913     22.093    30.6162     9.5694          0          0  0.000e+00
  1023.6767     22.100     22.282    30.5741     9.5177          0          0  0.000e+00
  1023.7016     22.242     22.425    30.5889     9.4367          0          0  0.000e+00
  1023.7591     22.348     22.532    30.6463     9.3585          0          0  0.000e+00
  1023.7669     22.458     22.644    30.6451     9.3049          0          0  0.000e+00
  1023.7844     22.532     22.717    30.6570     9.2544          0          0  0.000e+00
  1023.8211     22.584     22.770    30.6947     9.2085          0          0  0.000e+00
  1023.8454     22.598     22.785    30.7199     9.1794          0          0  0.000e+00
  1023.8901     22.572     22.758    30.7749     9.1670          0          0  0.000e+00
  1023.9115     22.510     22.696    30.8055     9.1819          0          0  0.000e+00
  1023.9091     22.426     22.610    30.8101     9.2183          0          0  0.000e+00
  1023.8526     22.326     22.510    30.7464     9.2586          0          0  0.000e+00
  1023.8321     22.223     22.406    30.7236     9.2731          0          0  0.000e+00
  1023.8354     22.126     22.308    30.7283     9.2727          0          0  0.000e+00
  1023.8323     22.040     22.221    30.7246     9.2718          0          0  0.000e+00
  1023.8350     21.977     22.158    30.7282     9.2704          0          0  0.000e+00
  1023.8385     21.941     22.122    30.7331     9.2711          0          0  0.000e+00
  1023.8431     21.928     22.109    30.7399     9.2752          0          0  0.000e+00
  1023.8492     21.945     22.126    30.7494     9.2846          0          0  0.000e+00
  1023.8501     21.983     22.164    30.7535     9.3009          0          0  0.000e+00
  1023.8271     22.032     22.214    30.7276     9.3198          0          0  0.000e+00
  1023.8129     22.086     22.268    30.7106     9.3273          0          0  0.000e+00
  1023.8072     22.143     22.325    30.7024     9.3248          0          0  0.000e+00
  1023.7976     22.193     22.376    30.6881     9.3156          0          0  0.000e+00
  1023.8088     22.235     22.418    30.6989     9.2997          0          0  0.000e+00
  1023.8163     22.266     22.449    30.7059     9.2869          0          0  0.000e+00
  1023.8240     22.278     22.462    30.7139     9.2781          0          0  0.000e+00
  1023.8284     22.277     22.461    30.7186     9.2733          0          0  0.000e+00
  1023.8323     22.258     22.442    30.7233     9.2710          0          0  0.000e+00
  1023.8276     22.234     22.417    30.7176     9.2721          0          0  0.000e+00
  1023.8215     22.210     22.393    30.7096     9.2708          0          0  0.000e+00
  1023.8242     22.191     22.374    30.7121     9.2651          0          0  0.000e+00
  1023.8375     22.184     22.367    30.7282     9.2602          0          0  0.000e+00
  1023.8370     22.185     22.368    30.7283     9.2640          0          0  0.000e+00
  1023.8122     22.196     22.378    30.6976     9.2693          0          0  0.000e+00
  1023.7977     22.216     22.399    30.6769     9.2593          0          0  0.000e+00
  1023.8074     22.239     22.422    30.6847     9.2364          0          0  0.000e+00
  1023.8525     22.262     22.446    30.7384     9.2175          0          0  0.000e+00
  1023.8437     22.280     22.464    30.7281     9.2220          0          0  0.000e+00
  1023.8318     22.297     22.481    30.7137     9.2275          0          0  0.000e+00
  1023.8305     22.308     22.492    30.7116     9.2254          0          0  0.000e+00
  1023.8204     22.315     22.499    30.6974     9.2191          0          0  0.000e+00
  1023.8471     22.322     22.506    30.7293     9.2081          0          0  0.000e+00
  1023.8515     22.331     22.515    30.7355     9.2104          0          0  0.000e+00
  1023.8388     22.343     22.527    30.7208     9.2190          0          0  0.000e+00
  1023.8338     22.359     22.543    30.7147     9.2211          0          0  0.000e+00
  1023.8273     22.375     22.559    30.7057     9.2186          0          0  0.000e+00
  1023.8257     22.390     22.574    30.7023     9.2116          0          0  0.000e+00
  1023.8302     22.400     22.585    30.7061     9.2023          0          0  0.000e+00
  1023.8490     22.396     22.580    30.7287     9.1948          0          0  0.000e+00
  1023.8625     22.384     22.569    30.7467     9.1979          0          0  0.000e+00
  1023.8576     22.355     22.539    30.7434     9.2120          0          0  0.000e+00
  1023.8477     22.315     22.499    30.7338     9.2268          0          0  0.000e+00
  1023.8426     22.266     22.449    30.7297     9.2374          0          0  0.000e+00
  1023.8425     22.211     22.394    30.7316     9.2463          0          0  0.000e+00
  1023.8406     22.163     22.345    30.7313     9.2554          0          0  0.000e+00
  1023.8336     22.129     22.311    30.7244     9.2647          0          0  0.000e+00
  1023.8240     22.110     22.292    30.7136     9.2716          0          0  0.000e+00
  1023.8233     22.113     22.295    30.7130     9.2733          0          0  0.000e+00
  1023.8284     22.135     22.318    30.7196     9.2742          0          0  0.000e+00
  1023.8258     22.172     22.355    30.7170     9.2787          0          0  0.000e+00
  1023.8299     22.218     22.401    30.7228     9.2834          0          0  0.000e+00
  1023.8253     22.266     22.449    30.7183     9.2911          0          0  0.000e+00
  1023.8093     22.314     22.498    30.6989     9.2984          0          0  0.000e+00
  1023.8052     22.354     22.538    30.6926     9.2943          0          0  0.000e+00
  1023.8062     22.383     22.568    30.6919     9.2855          0          0  0.000e+00
  1023.8205     22.402     22.587    30.7082     9.2756          0          0  0.000e+00
  1023.8282     22.411     22.595    30.7175     9.2733          0          0  0.000e+00
  1023.8314     22.411     22.595    30.7224     9.2774          0          0  0.000e+00
  1023.8275     22.402     22.587    30.7189     9.2842          0          0  0.000e+00
  1023.8303     22.394     22.578    30.7237     9.2908          0          0  0.000e+00
  1023.8264     22.385     22.570    30.7204     9.2986          0          0  0.000e+00
  1023.8156     22.379     22.563    30.7079     9.3053          0          0  0.000e+00
  1023.8125     22.379     22.563    30.7043     9.3070          0          0  0.000e+00
  1023.8012     22.387     22.572    30.6892     9.3042          0          0  0.000e+00
  1023.8003     22.404     22.589    30.6861     9.2945          0          0  0.000e+00
  1023.8025     22.426     22.610    30.6862     9.2815          0          0  0.000e+00
  1023.8103     22.445     22.630    30.6934     9.2681          0          0  0.000e+00
  1023.8252     22.457     22.642    30.7104     9.2581          0          0  0.000e+00
  1023.8274     22.458     22.643    30.7127     9.2558          0          0  0.000e+00
  1023.8318     22.448     22.633    30.7187     9.2570          0          0  0.000e+00
  1023.8360     22.416     22.601    30.7251     9.2613          0          0  0.000e+00
  1023.8308     22.372     22.556    30.7202     9.2692          0          0  0.000e+00
  1023.8377     22.316     22.500    30.7308     9.2760          0          0  0.000e+00
  1023.8411     22.254     22.437    30.7379     9.2885          0          0  0.000e+00
  1023.8307     22.191     22.374    30.7284     9.3054          0          0  0.000e+00
  1023.8241     22.141     22.324    30.7229     9.3192          0          0  0.000e+00
  1023.8147     22.110     22.292    30.7133     9.3300          0          0  0.000e+00
  1023.8071     22.102     22.284    30.7048     9.3358          0          0  0.000e+00
  1023.7821     22.122     22.305    30.6726     9.3360          0          0  0.000e+00
