data/eDNA/PER-2021-171/171c017.cnv
* Sea-Bird SBE19plus  Data File:
* FileName = C:\Users\RSG_field\Ryan_2021_Perley\CTD\171c017.hex
* Software version 2.3.0 SB_Terminal.dll
* Temperature SN = 7141
* Conductivity SN = 7141
* System UpLoad Time = Aug 13 2021 12:24:13
* <ApplicationData>
* <SeatermAF>
** Platform: M. Perley
** Cruise: Per2021171
** Station:  ESI_03
** Cast: 01 3
** Latitude: N  44 48.324
** Longitude: W 62 8.591
** Sounding: 68.2
** Chief Scientist: Ryan Stanley
** Comment: 171c017
# nquan = 8
# nvalues = 2832                                  
# units = specified
# name 0 = density00: Density [density, kg/m^3]
# name 1 = depSM: Depth [salt water, m], lat = 45.00
# name 2 = prdM: Pressure, Strain Gauge [db]
# name 3 = sal00: Salinity, Practical [PSU]
# name 4 = tv290C: Temperature [ITS-90, deg C]
# name 5 = bpos: Bottle Position in Carousel
# name 6 = nbf: Bottles Fired
# name 7 = flag:  0.000e+00
# span 0 =   998.7978,  1025.6779                 
# span 1 =     -0.066,     69.869                 
# span 2 =     -0.067,     70.453                 
# span 3 =     0.0079,    31.8604                 
# span 4 =     3.3575,    17.8185                 
# span 5 =          0,          6                 
# span 6 =          0,          6                 
# span 7 = 0.0000e+00, 0.0000e+00                 
# interval = seconds: 0.25
# start_time = Aug 13 2021 15:05:37 [Instrument's time stamp, header]
# bad_flag = -9.990e-29
*END*
[from data line 180]
  1021.7337      2.067      2.084    30.2994    17.7955          0          0  0.000e+00
  1021.7033      2.162      2.180    30.2610    17.8015          0          0  0.000e+00
  1021.6665      2.209      2.227    30.2134    17.8042          0          0  0.000e+00
  1021.6758      2.207      2.225    30.2250    17.8026          0          0  0.000e+00
  1021.7063      2.154      2.171    30.2559    17.7722          0          0  0.000e+00
  1021.7206      2.039      2.056    30.2643    17.7368          0          0  0.000e+00
  1021.7293      1.897      1.913    30.2694    17.7139          0          0  0.000e+00
  1021.7365      1.759      1.774    30.2746    17.6974          0          0  0.000e+00
  1021.7529      1.643      1.656    30.2929    17.6852          0          0  0.000e+00
  1021.7708      1.577      1.590    30.3156    17.6816          0          0  0.000e+00
  1021.7965      1.590      1.603    30.3536    17.6960          0          0  0.000e+00
  1021.7941      1.684      1.698    30.3583    17.7233          0          0  0.000e+00
  1021.7760      1.823      1.838    30.3431    17.7532          0          0  0.000e+00
  1021.7589      1.962      1.978    30.3270    17.7760          0          0  0.000e+00
  1021.7444      2.067      2.084    30.3117    17.7899          0          0  0.000e+00
  1021.7179      2.124      2.141    30.2792    17.7979          0          0  0.000e+00
  1021.6905      2.145      2.163    30.2439    17.8000          0          0  0.000e+00
  1021.6952      2.121      2.138    30.2499    17.7994          0          0  0.000e+00
  1021.7180      2.056      2.073    30.2747    17.7815          0          0  0.000e+00
  1021.7340      1.954      1.970    30.2891    17.7587          0          0  0.000e+00
  1021.7357      1.840      1.855    30.2876    17.7445          0          0  0.000e+00
  1021.7340      1.729      1.743    30.2843    17.7389          0          0  0.000e+00
  1021.7310      1.635      1.649    30.2796    17.7345          0          0  0.000e+00
  1021.7322      1.570      1.582    30.2797    17.7284          0          0  0.000e+00
  1021.7392      1.524      1.536    30.2876    17.7236          0          0  0.000e+00
  1021.7433      1.508      1.520    30.2925    17.7217          0          0  0.000e+00
  1021.7466      1.513      1.526    30.2986    17.7277          0          0  0.000e+00
  1021.7503      1.532      1.545    30.3064    17.7378          0          0  0.000e+00
  1021.7499      1.570      1.582    30.3093    17.7494          0          0  0.000e+00
  1021.7463      1.617      1.630    30.3076    17.7602          0          0  0.000e+00
  1021.7429      1.668      1.682    30.3058    17.7699          0          0  0.000e+00
  1021.7398      1.724      1.738    30.3039    17.7777          0          0  0.000e+00
  1021.7376      1.790      1.805    30.3026    17.7839          0          0  0.000e+00
  1021.7372      1.854      1.869    30.3028    17.7875          0          0  0.000e+00
  1021.7367      1.925      1.940    30.3022    17.7889          0          0  0.000e+00
  1021.7361      2.003      2.019    30.3011    17.7897          0          0  0.000e+00
  1021.7343      2.084      2.101    30.2987    17.7911          0          0  0.000e+00
  1021.7313      2.153      2.170    30.2950    17.7927          0          0  0.000e+00
  1021.7249      2.201      2.219    30.2868    17.7944          0          0  0.000e+00
  1021.7002      2.227      2.245    30.2543    17.7944          0          0  0.000e+00
  1021.6858      2.221      2.240    30.2347    17.7918          0          0  0.000e+00
  1021.6758      2.193      2.211    30.2215    17.7906          0          0  0.000e+00
  1021.6854      2.148      2.166    30.2288    17.7732          0          0  0.000e+00
  1021.7091      2.075      2.092    30.2510    17.7431          0          0  0.000e+00
  1021.7257      1.986      2.002    30.2668    17.7221          0          0  0.000e+00
  1021.7366      1.913      1.929    30.2768    17.7070          0          0  0.000e+00
  1021.7443      1.850      1.866    30.2834    17.6949          0          0  0.000e+00
  1021.7497      1.786      1.800    30.2877    17.6846          0          0  0.000e+00
  1021.7532      1.719      1.733    30.2903    17.6769          0          0  0.000e+00
  1021.7539      1.662      1.675    30.2900    17.6720          0          0  0.000e+00
  1021.7554      1.600      1.613    30.2914    17.6686          0          0  0.000e+00
  1021.7571      1.528      1.541    30.2933    17.6665          0          0  0.000e+00
  1021.7560      1.466      1.478    30.2918    17.6653          0          0  0.000e+00
  1021.7521      1.408      1.420    30.2864    17.6631          0          0  0.000e+00
  1021.7540      1.364      1.375    30.2885    17.6610          0          0  0.000e+00
  1021.7636      1.338      1.349    30.3012    17.6608          0          0  0.000e+00
  1021.7738      1.351      1.362    30.3149    17.6624          0          0  0.000e+00
  1021.8006      1.418      1.430    30.3518    17.6695          0          0  0.000e+00
  1021.8095      1.540      1.552    30.3702    17.6938          0          0  0.000e+00
  1021.7947      1.695      1.708    30.3600    17.7263          0          0  0.000e+00
  1021.7783      1.857      1.872    30.3462    17.7543          0          0  0.000e+00
  1021.7710      2.008      2.025    30.3422    17.7747          0          0  0.000e+00
  1021.7635      2.127      2.145    30.3359    17.7887          0          0  0.000e+00
  1021.7582      2.214      2.232    30.3311    17.7971          0          0  0.000e+00
  1021.7538      2.257      2.276    30.3264    17.8014          0          0  0.000e+00
  1021.7529      2.256      2.275    30.3258    17.8029          0          0  0.000e+00
  1021.7516      2.225      2.243    30.3244    17.8033          0          0  0.000e+00
  1021.7514      2.176      2.194    30.3243    17.8031          0          0  0.000e+00
  1021.7534      2.133      2.151    30.3270    17.8024          0          0  0.000e+00
  1021.7540      2.107      2.124    30.3280    17.8027          0          0  0.000e+00
  1021.7535      2.086      2.103    30.3277    17.8037          0          0  0.000e+00
  1021.7518      2.074      2.091    30.3259    17.8045          0          0  0.000e+00
  1021.7525      2.069      2.086    30.3266    17.8038          0          0  0.000e+00
  1021.7520      2.053      2.070    30.3260    17.8035          0          0  0.000e+00
  1021.7523      2.016      2.032    30.3265    17.8032          0          0  0.000e+00
  1021.7543      1.952      1.968    30.3294    17.8032          0          0  0.000e+00
  1021.7539      1.873      1.888    30.3298    17.8045          0          0  0.000e+00
  1021.7483      1.770      1.784    30.3236    17.8061          0          0  0.000e+00
  1021.7462      1.652      1.666    30.3210    17.8044          0          0  0.000e+00
  1021.7493      1.524      1.536    30.3247    17.8008          0          0  0.000e+00
  1021.7521      1.396      1.407    30.3285    17.7989          0          0  0.000e+00
  1021.7519      1.275      1.285    30.3291    17.7992          0          0  0.000e+00
  1021.7525      1.176      1.186    30.3307    17.8001          0          0  0.000e+00
  1021.7521      1.106      1.115    30.3311    17.8021          0          0  0.000e+00
  1021.7521      1.082      1.091    30.3319    17.8042          0          0  0.000e+00
  1021.7538      1.122      1.131    30.3348    17.8068          0          0  0.000e+00
  1021.7522      1.246      1.256    30.3332    17.8110          0          0  0.000e+00
  1021.7481      1.448      1.459    30.3277    17.8144          0          0  0.000e+00
  1021.7499      1.704      1.718    30.3286    17.8146          0          0  0.000e+00
  1021.7519      1.965      1.981    30.3298    17.8150          0          0  0.000e+00
  1021.7542      2.204      2.222    30.3318    17.8157          0          0  0.000e+00
  1021.7453      2.385      2.404    30.3195    17.8174          0          0  0.000e+00
  1021.7469      2.499      2.520    30.3200    17.8140          0          0  0.000e+00
  1021.7496      2.545      2.566    30.3218    17.8095          0          0  0.000e+00
  1021.7513      2.529      2.550    30.3231    17.8061          0          0  0.000e+00
  1021.7547      2.456      2.476    30.3272    17.8036          0          0  0.000e+00
  1021.7573      2.335      2.354    30.3312    17.8033          0          0  0.000e+00
  1021.7540      2.186      2.204    30.3282    17.8049          0          0  0.000e+00
  1021.7523      2.067      2.084    30.3268    17.8051          0          0  0.000e+00
  1021.7532      1.984      2.000    30.3282    17.8044          0          0  0.000e+00
  1021.7544      1.933      1.949    30.3299    17.8041          0          0  0.000e+00
  1021.7541      1.895      1.910    30.3301    17.8050          0          0  0.000e+00
  1021.7536      1.850      1.866    30.3300    17.8059          0          0  0.000e+00
  1021.7533      1.794      1.809    30.3303    17.8070          0          0  0.000e+00
  1021.7536      1.718      1.732    30.3315    17.8082          0          0  0.000e+00
  1021.7516      1.615      1.628    30.3299    17.8098          0          0  0.000e+00
  1021.7461      1.485      1.497    30.3237    17.8103          0          0  0.000e+00
  1021.7479      1.349      1.360    30.3260    17.8079          0          0  0.000e+00
  1021.7503      1.243      1.253    30.3293    17.8062          0          0  0.000e+00
  1021.7521      1.179      1.189    30.3320    17.8062          0          0  0.000e+00
  1021.7537      1.169      1.178    30.3348    17.8082          0          0  0.000e+00
  1021.7522      1.212      1.222    30.3336    17.8116          0          0  0.000e+00
  1021.7503      1.315      1.326    30.3314    17.8145          0          0  0.000e+00
  1021.7507      1.471      1.483    30.3316    17.8163          0          0  0.000e+00
  1021.7498      1.677      1.690    30.3298    17.8179          0          0  0.000e+00
  1021.7499      1.907      1.922    30.3287    17.8185          0          0  0.000e+00
  1021.7486      2.134      2.152    30.3256    17.8182          0          0  0.000e+00
  1021.7494      2.321      2.340    30.3250    17.8166          0          0  0.000e+00
  1021.7526      2.455      2.475    30.3277    17.8142          0          0  0.000e+00
  1021.7515      2.522      2.543    30.3256    17.8134          0          0  0.000e+00
  1021.7500      2.526      2.546    30.3230    17.8113          0          0  0.000e+00
  1021.7556      2.455      2.475    30.3297    17.8083          0          0  0.000e+00
  1021.7541      2.317      2.336    30.3287    17.8087          0          0  0.000e+00
  1021.7516      2.121      2.138    30.3267    17.8089          0          0  0.000e+00
  1021.7170      1.895      1.910    30.2824    17.8078          0          0  0.000e+00
  1021.7417      1.665      1.679    30.3159    17.8071          0          0  0.000e+00
  1021.7517      1.462      1.474    30.3302    17.8072          0          0  0.000e+00
  1021.7518      1.324      1.334    30.3313    17.8080          0          0  0.000e+00
  1021.7511      1.282      1.293    30.3310    17.8090          0          0  0.000e+00
  1021.7510      1.304      1.315    30.3311    17.8103          0          0  0.000e+00
  1021.7500      1.372      1.384    30.3298    17.8116          0          0  0.000e+00
  1021.7506      1.471      1.483    30.3302    17.8123          0          0  0.000e+00
  1021.7498      1.578      1.591    30.3288    17.8129          0          0  0.000e+00
  1021.7490      1.681      1.695    30.3271    17.8130          0          0  0.000e+00
  1021.7499      1.776      1.791    30.3276    17.8125          0          0  0.000e+00
  1021.7517      1.856      1.871    30.3292    17.8117          0          0  0.000e+00
  1021.7516      1.910      1.925    30.3288    17.8119          0          0  0.000e+00
  1021.7514      1.949      1.965    30.3285    17.8121          0          0  0.000e+00
  1021.7516      1.987      2.003    30.3284    17.8119          0          0  0.000e+00
  1021.7528      2.036      2.053    30.3296    17.8118          0          0  0.000e+00
  1021.7512      2.075      2.092    30.3275    17.8120          0          0  0.000e+00
  1021.7516      2.078      2.095    30.3278    17.8116          0          0  0.000e+00
  1021.7515      2.041      2.058    30.3276    17.8110          0          0  0.000e+00
  1021.7488      1.989      2.005    30.3242    17.8101          0          0  0.000e+00
  1021.7495      1.923      1.939    30.3247    17.8075          0          0  0.000e+00
  1021.7510      1.845      1.860    30.3263    17.8050          0          0  0.000e+00
  1021.7516      1.762      1.777    30.3271    17.8035          0          0  0.000e+00
  1021.7527      1.708      1.722    30.3285    17.8026          0          0  0.000e+00
  1021.7559      1.709      1.723    30.3327    17.8024          0          0  0.000e+00
  1021.7558      1.757      1.771    30.3329    17.8044          0          0  0.000e+00
  1021.7553      1.821      1.836    30.3327    17.8068          0          0  0.000e+00
  1021.7527      1.879      1.894    30.3294    17.8085          0          0  0.000e+00
  1021.7525      1.931      1.947    30.3291    17.8093          0          0  0.000e+00
  1021.7484      1.957      1.973    30.3235    17.8090          0          0  0.000e+00
  1021.7480      1.958      1.974    30.3221    17.8062          0          0  0.000e+00
  1021.7498      1.930      1.946    30.3232    17.8017          0          0  0.000e+00
  1021.7554      1.879      1.894    30.3301    17.7992          0          0  0.000e+00
  1021.7576      1.823      1.838    30.3334    17.7997          0          0  0.000e+00
  1021.7552      1.775      1.790    30.3314    17.8022          0          0  0.000e+00
  1021.7506      1.726      1.740    30.3261    17.8038          0          0  0.000e+00
  1021.7501      1.680      1.693    30.3255    17.8028          0          0  0.000e+00
  1021.7515      1.648      1.661    30.3268    17.8008          0          0  0.000e+00
  1021.7514      1.622      1.636    30.3265    17.7994          0          0  0.000e+00
  1021.7522      1.610      1.623    30.3272    17.7982          0          0  0.000e+00
  1021.7510      1.634      1.647    30.3250    17.7970          0          0  0.000e+00
  1021.7515      1.684      1.698    30.3250    17.7955          0          0  0.000e+00
  1021.7516      1.752      1.766    30.3242    17.7938          0          0  0.000e+00
  1021.7519      1.835      1.851    30.3234    17.7917          0          0  0.000e+00
  1021.7548      1.905      1.921    30.3260    17.7892          0          0  0.000e+00
  1021.7567      1.949      1.965    30.3278    17.7879          0          0  0.000e+00
  1021.7584      1.981      1.997    30.3299    17.7878          0          0  0.000e+00
  1021.7572      1.985      2.001    30.3287    17.7891          0          0  0.000e+00
  1021.7556      1.960      1.976    30.3269    17.7899          0          0  0.000e+00
  1021.7535      1.923      1.939    30.3242    17.7892          0          0  0.000e+00
  1021.7563      1.883      1.899    30.3274    17.7871          0          0  0.000e+00
  1021.7565      1.838      1.853    30.3278    17.7866          0          0  0.000e+00
  1021.7548      1.808      1.823    30.3259    17.7866          0          0  0.000e+00
  1021.7561      1.822      1.837    30.3272    17.7859          0          0  0.000e+00
  1021.7580      1.864      1.879    30.3293    17.7856          0          0  0.000e+00
