data/eDNA/PER-2021-171/171c021.cnv
* Sea-Bird SBE19plus  Data File:
* FileName = C:\Users\RSG_field\Ryan_2021_Perley\CTD\171c021.hex
* Software version 2.3.0 SB_Terminal.dll
* Temperature SN = 7141
* Conductivity SN = 7141
* System UpLoad Time = Aug 17 2021 14:10:08
* <ApplicationData>
* <SeatermAF>
** Platform: M. Perley
** Cruise: Per2021171
** Station:  SAB_06
** Cast: 01 3
** Latitude: N  46 22.085
** Longitude: W 59 05.824
** Sounding: 230
** Chief Scientist: Ryan Stanley
** Comment: 171c021
# nquan = 8
# nvalues = 5044                                  
# units = specified
# name 0 = density00: Density [density, kg/m^3]
# name 1 = depSM: Depth [salt water, m], lat = 45.00
# name 2 = prdM: Pressure, Strain Gauge [db]
# name 3 = sal00: Salinity, Practical [PSU]
# name 4 = tv290C: Temperature [ITS-90, deg C]
# name 5 = bpos: Bottle Position in Carousel
# name 6 = nbf: Bottles Fired
# name 7 = flag:  0.000e+00
# span 0 =   998.8096,  1027.9719                 
# span 1 =     -0.052,    208.484                 
# span 2 =     -0.052,    210.297                 
# span 3 =     0.0426,    34.4425                 
# span 4 =     2.1826,    19.8264                 
# span 5 =          0,          6                 
# span 6 =          0,          6                 
# span 7 = 0.0000e+00, 0.0000e+00                 
# interval = seconds: 0.25
# start_time = Aug 17 2021 16:42:36 [Instrument's time stamp, header]
# bad_flag = -9.990e-29
*END*
[from data line 3776]
  1027.2261    144.650    145.885    33.5571     4.8405          3          3  0.000e+00
  1027.2305    144.547    145.782    33.5581     4.8042          3          3  0.000e+00
  1027.2339    144.457    145.691    33.5578     4.7694          3          3  0.000e+00
  1027.2492    144.367    145.600    33.5733     4.7382          3          3  0.000e+00
  1027.2769    144.273    145.505    33.6054     4.7148          3          3  0.000e+00
  1027.2853    144.175    145.406    33.6150     4.7044          3          3  0.000e+00
  1027.2919    144.066    145.296    33.6234     4.7001          3          3  0.000e+00
  1027.2726    143.955    145.185    33.5997     4.6993          3          3  0.000e+00
  1027.2088    143.846    145.074    33.5185     4.6908          3          3  0.000e+00
  1027.1707    143.745    144.973    33.4663     4.6575          3          3  0.000e+00
  1027.2072    143.656    144.883    33.5063     4.6110          3          3  0.000e+00
  1027.2376    143.583    144.809    33.5406     4.5788          3          3  0.000e+00
  1027.2798    143.521    144.746    33.5920     4.5626          3          3  0.000e+00
  1027.2887    143.458    144.683    33.6037     4.5637          3          3  0.000e+00
  1027.2796    143.391    144.615    33.5938     4.5717          3          3  0.000e+00
  1027.2951    143.314    144.537    33.6142     4.5748          3          3  0.000e+00
  1027.2175    143.223    144.445    33.5177     4.5811          3          3  0.000e+00
  1027.1852    143.101    144.322    33.4754     4.5654          3          3  0.000e+00
  1027.2181    142.953    144.173    33.5132     4.5326          3          3  0.000e+00
  1027.2692    142.781    144.000    33.5761     4.5140          3          3  0.000e+00
  1027.2452    142.594    143.811    33.5474     4.5171          3          3  0.000e+00
  1027.2151    142.394    143.610    33.5104     4.5154          3          3  0.000e+00
  1027.2064    142.195    143.408    33.4986     4.5011          3          3  0.000e+00
  1027.2078    142.006    143.218    33.4990     4.4832          3          3  0.000e+00
  1027.2161    141.832    143.043    33.5081     4.4665          3          3  0.000e+00
  1027.2164    141.680    142.888    33.5076     4.4537          3          3  0.000e+00
  1027.2151    141.542    142.749    33.5053     4.4430          3          3  0.000e+00
  1027.2144    141.418    142.624    33.5037     4.4328          3          3  0.000e+00
  1027.2152    141.300    142.505    33.5041     4.4227          3          3  0.000e+00
  1027.2196    141.187    142.392    33.5091     4.4138          3          3  0.000e+00
  1027.2201    141.080    142.284    33.5094     4.4072          3          3  0.000e+00
  1027.2127    140.979    142.181    33.5000     4.4020          3          3  0.000e+00
  1027.2075    140.879    142.081    33.4930     4.3943          3          3  0.000e+00
  1027.2048    140.783    141.984    33.4888     4.3850          3          3  0.000e+00
  1027.1966    140.691    141.891    33.4776     4.3747          3          3  0.000e+00
  1027.1956    140.602    141.801    33.4752     4.3622          3          3  0.000e+00
  1027.1969    140.515    141.714    33.4754     4.3481          3          3  0.000e+00
  1027.1916    140.428    141.626    33.4675     4.3352          3          3  0.000e+00
  1027.1663    140.338    141.535    33.4342     4.3218          3          3  0.000e+00
  1027.2030    140.250    141.446    33.4784     4.3029          3          3  0.000e+00
  1027.2028    140.157    141.352    33.4778     4.2954          3          3  0.000e+00
  1027.2008    140.067    141.261    33.4753     4.2919          3          3  0.000e+00
  1027.1901    139.975    141.169    33.4620     4.2896          3          3  0.000e+00
  1027.1774    139.892    141.085    33.4455     4.2817          3          3  0.000e+00
  1027.2048    139.812    141.004    33.4788     4.2695          3          3  0.000e+00
  1027.1875    139.731    140.923    33.4574     4.2693          3          3  0.000e+00
  1027.1715    139.642    140.833    33.4371     4.2642          3          3  0.000e+00
  1027.1574    139.535    140.725    33.4184     4.2527          3          3  0.000e+00
  1027.1421    139.409    140.598    33.3977     4.2362          3          3  0.000e+00
  1027.1590    139.254    140.442    33.4167     4.2126          3          3  0.000e+00
  1027.1798    139.074    140.260    33.4417     4.1963          3          3  0.000e+00
  1027.1514    138.869    140.053    33.4064     4.1901          3          3  0.000e+00
  1027.1385    138.652    139.834    33.3896     4.1765          3          3  0.000e+00
  1027.1303    138.430    139.610    33.3778     4.1561          3          3  0.000e+00
  1027.1314    138.214    139.392    33.3774     4.1328          3          3  0.000e+00
  1027.1323    138.009    139.186    33.3769     4.1108          3          3  0.000e+00
  1027.1432    137.826    139.000    33.3891     4.0914          3          3  0.000e+00
  1027.1470    137.666    138.839    33.3929     4.0769          3          3  0.000e+00
  1027.1520    137.535    138.707    33.3985     4.0664          3          3  0.000e+00
  1027.1470    137.428    138.599    33.3918     4.0583          3          3  0.000e+00
  1027.1382    137.342    138.513    33.3801     4.0492          3          3  0.000e+00
  1027.1417    137.268    138.438    33.3834     4.0375          3          3  0.000e+00
  1027.1493    137.208    138.377    33.3920     4.0273          3          3  0.000e+00
  1027.1537    137.159    138.328    33.3970     4.0211          3          3  0.000e+00
  1027.1440    137.114    138.283    33.3845     4.0177          3          3  0.000e+00
  1027.1160    137.071    138.239    33.3487     4.0108          3          3  0.000e+00
  1027.1161    137.023    138.191    33.3468     3.9936          3          3  0.000e+00
  1027.1371    136.971    138.138    33.3713     3.9759          3          3  0.000e+00
  1027.1524    136.900    138.066    33.3898     3.9677          3          3  0.000e+00
  1027.1577    136.818    137.984    33.3970     3.9673          3          3  0.000e+00
  1027.1529    136.722    137.887    33.3919     3.9709          3          3  0.000e+00
  1027.1459    136.619    137.783    33.3842     3.9737          3          3  0.000e+00
  1027.1288    136.505    137.669    33.3631     3.9727          3          3  0.000e+00
  1027.1232    136.395    137.557    33.3557     3.9651          3          3  0.000e+00
  1027.1269    136.283    137.444    33.3597     3.9549          3          3  0.000e+00
  1027.1338    136.172    137.333    33.3680     3.9470          3          3  0.000e+00
  1027.1298    136.059    137.218    33.3630     3.9420          3          3  0.000e+00
  1027.1263    135.933    137.091    33.3587     3.9367          3          3  0.000e+00
  1027.1171    135.794    136.951    33.3471     3.9304          3          3  0.000e+00
  1027.1109    135.636    136.791    33.3389     3.9201          3          3  0.000e+00
  1027.1192    135.463    136.617    33.3488     3.9083          3          3  0.000e+00
  1027.1171    135.272    136.424    33.3463     3.9003          3          3  0.000e+00
  1027.1172    135.072    136.222    33.3468     3.8933          3          3  0.000e+00
  1027.1130    134.872    136.021    33.3418     3.8869          3          3  0.000e+00
  1027.1060    134.680    135.827    33.3332     3.8798          3          3  0.000e+00
  1027.0959    134.500    135.645    33.3203     3.8702          3          3  0.000e+00
  1027.0948    134.346    135.490    33.3181     3.8571          3          3  0.000e+00
  1027.0919    134.220    135.363    33.3135     3.8436          3          3  0.000e+00
  1027.0865    134.117    135.259    33.3056     3.8303          3          3  0.000e+00
  1027.0837    134.037    135.178    33.3007     3.8159          3          3  0.000e+00
  1027.0945    133.973    135.114    33.3128     3.8008          3          3  0.000e+00
  1027.0988    133.913    135.053    33.3172     3.7901          3          3  0.000e+00
  1027.0982    133.850    134.990    33.3159     3.7825          3          3  0.000e+00
  1027.1089    133.786    134.925    33.3289     3.7759          3          3  0.000e+00
  1027.1142    133.716    134.855    33.3357     3.7739          3          3  0.000e+00
  1027.1048    133.640    134.778    33.3245     3.7748          3          3  0.000e+00
  1027.1066    133.559    134.696    33.3270     3.7732          3          3  0.000e+00
  1027.1059    133.481    134.617    33.3264     3.7721          3          3  0.000e+00
  1027.0996    133.398    134.534    33.3189     3.7719          3          3  0.000e+00
  1027.1000    133.313    134.448    33.3197     3.7700          3          3  0.000e+00
  1027.0924    133.220    134.354    33.3104     3.7680          3          3  0.000e+00
  1027.0869    133.106    134.239    33.3036     3.7638          3          3  0.000e+00
  1027.0728    132.971    134.103    33.2859     3.7575          3          3  0.000e+00
  1027.0711    132.813    133.943    33.2833     3.7457          3          3  0.000e+00
  1027.0660    132.637    133.766    33.2764     3.7336          3          3  0.000e+00
  1027.0551    132.445    133.572    33.2619     3.7192          3          3  0.000e+00
  1027.0572    132.252    133.377    33.2636     3.7027          3          3  0.000e+00
  1027.0566    132.076    133.200    33.2621     3.6879          3          3  0.000e+00
  1027.0569    131.918    133.040    33.2616     3.6737          3          3  0.000e+00
  1027.0599    131.791    132.912    33.2645     3.6605          3          3  0.000e+00
  1027.0569    131.694    132.815    33.2598     3.6494          3          3  0.000e+00
  1027.0598    131.618    132.738    33.2626     3.6387          3          3  0.000e+00
  1027.0624    131.552    132.671    33.2650     3.6289          3          3  0.000e+00
  1027.0616    131.484    132.603    33.2635     3.6207          3          3  0.000e+00
  1027.0504    131.411    132.529    33.2487     3.6125          3          3  0.000e+00
  1027.0602    131.323    132.440    33.2602     3.6015          3          3  0.000e+00
  1027.0796    131.210    132.326    33.2843     3.5941          3          3  0.000e+00
  1027.0814    131.080    132.195    33.2876     3.5954          3          3  0.000e+00
  1027.0709    130.939    132.053    33.2758     3.5994          3          3  0.000e+00
  1027.0656    130.792    131.904    33.2701     3.6007          3          3  0.000e+00
  1027.0546    130.646    131.758    33.2569     3.5989          3          3  0.000e+00
  1027.0493    130.511    131.621    33.2504     3.5933          3          3  0.000e+00
  1027.0359    130.390    131.499    33.2330     3.5843          3          3  0.000e+00
  1027.0434    130.287    131.395    33.2415     3.5712          3          3  0.000e+00
  1027.0444    130.194    131.301    33.2420     3.5605          3          3  0.000e+00
  1027.0444    130.106    131.212    33.2414     3.5517          3          3  0.000e+00
  1027.0413    130.024    131.130    33.2370     3.5436          3          3  0.000e+00
  1027.0423    129.938    131.043    33.2377     3.5349          3          3  0.000e+00
  1027.0468    129.848    130.952    33.2429     3.5270          3          3  0.000e+00
  1027.0546    129.761    130.864    33.2527     3.5218          3          3  0.000e+00
  1027.0501    129.667    130.769    33.2474     3.5203          3          3  0.000e+00
  1027.0340    129.568    130.670    33.2274     3.5175          3          3  0.000e+00
  1027.0392    129.472    130.573    33.2335     3.5098          3          3  0.000e+00
  1027.0393    129.371    130.471    33.2336     3.5039          3          3  0.000e+00
  1027.0486    129.267    130.366    33.2453     3.4995          3          3  0.000e+00
  1027.0425    129.152    130.250    33.2382     3.4984          3          3  0.000e+00
  1027.0356    129.025    130.122    33.2299     3.4962          3          3  0.000e+00
  1027.0364    128.886    129.982    33.2311     3.4909          3          3  0.000e+00
  1027.0430    128.731    129.826    33.2399     3.4869          3          3  0.000e+00
  1027.0362    128.566    129.659    33.2322     3.4864          3          3  0.000e+00
  1027.0177    128.390    129.481    33.2098     3.4839          3          3  0.000e+00
  1027.0093    128.212    129.301    33.1992     3.4752          3          3  0.000e+00
  1027.0171    128.037    129.125    33.2085     3.4627          3          3  0.000e+00
  1027.0140    127.870    128.957    33.2044     3.4527          3          3  0.000e+00
  1027.0152    127.718    128.804    33.2056     3.4435          3          3  0.000e+00
  1027.0082    127.589    128.673    33.1965     3.4350          3          3  0.000e+00
  1027.0037    127.480    128.563    33.1903     3.4247          3          3  0.000e+00
  1027.0086    127.383    128.466    33.1957     3.4137          3          3  0.000e+00
  1027.0081    127.296    128.378    33.1945     3.4048          3          3  0.000e+00
  1027.0086    127.212    128.293    33.1946     3.3959          3          3  0.000e+00
  1027.0141    127.126    128.206    33.2011     3.3881          3          3  0.000e+00
  1027.0176    127.039    128.118    33.2054     3.3837          3          3  0.000e+00
  1027.0221    126.939    128.018    33.2114     3.3815          3          3  0.000e+00
  1027.0113    126.832    127.910    33.1985     3.3816          3          3  0.000e+00
  1026.9894    126.713    127.790    33.1713     3.3779          3          3  0.000e+00
  1027.0038    126.590    127.666    33.1887     3.3666          3          3  0.000e+00
  1027.0079    126.464    127.538    33.1939     3.3605          3          3  0.000e+00
  1027.0066    126.337    127.410    33.1928     3.3582          3          3  0.000e+00
  1027.0156    126.211    127.283    33.2047     3.3570          3          3  0.000e+00
  1027.0014    126.085    127.156    33.1877     3.3588          3          3  0.000e+00
  1026.9926    125.960    127.030    33.1772     3.3563          3          3  0.000e+00
  1026.9844    125.836    126.905    33.1668     3.3498          3          3  0.000e+00
  1026.9870    125.711    126.779    33.1696     3.3395          3          3  0.000e+00
  1026.9932    125.586    126.653    33.1771     3.3305          3          3  0.000e+00
  1026.9917    125.459    126.524    33.1753     3.3253          3          3  0.000e+00
  1026.9920    125.330    126.395    33.1759     3.3207          3          3  0.000e+00
  1026.9896    125.206    126.270    33.1731     3.3164          3          3  0.000e+00
  1026.9884    125.084    126.147    33.1717     3.3120          3          3  0.000e+00
  1026.9844    124.976    126.037    33.1668     3.3077          3          3  0.000e+00
  1026.9905    124.874    125.935    33.1746     3.3029          3          3  0.000e+00
  1026.9908    124.791    125.850    33.1752     3.3007          3          3  0.000e+00
  1026.9836    124.712    125.771    33.1664     3.2991          3          3  0.000e+00
  1026.9763    124.642    125.700    33.1572     3.2950          3          3  0.000e+00
  1026.9713    124.576    125.634    33.1505     3.2882          3          3  0.000e+00
  1026.9790    124.501    125.558    33.1596     3.2801          3          3  0.000e+00
  1026.9906    124.417    125.474    33.1741     3.2749          3          3  0.000e+00
  1026.9781    124.317    125.372    33.1590     3.2755          3          3  0.000e+00
  1026.9503    124.206    125.261    33.1244     3.2723          3          3  0.000e+00
  1026.9647    124.084    125.138    33.1416     3.2587          3          3  0.000e+00
