data/eDNA/PER-2021-171/171c013.cnv
* Sea-Bird SBE19plus  Data File:
* FileName = C:\Users\RSG_field\Ryan_2021_Perley\CTD\171c013.hex
* Software version 2.3.0 SB_Terminal.dll
* Temperature SN = 7141
* Conductivity SN = 7141
* System UpLoad Time = Aug 12 2021 11:24:33
* <ApplicationData>
* <SeatermAF>
** Platform: M. Perley
** Cruise: Per2021171
** Station:  ESI_11
** Cast: 01 3
** Latitude: N  44 38.478
** Longitude: W 62 38.353
** Sounding: 76.8
** Chief Scientist: Ryan Stanley
** Comment: 171c013
# nquan = 8
# nvalues = 3622                                  
# units = specified
# name 0 = density00: Density [density, kg/m^3]
# name 1 = depSM: Depth [salt water, m], lat = 45.00
# name 2 = prdM: Pressure, Strain Gauge [db]
# name 3 = sal00: Salinity, Practical [PSU]
# name 4 = tv290C: Temperature [ITS-90, deg C]
# name 5 = bpos: Bottle Position in Carousel
# name 6 = nbf: Bottles Fired
# name 7 = flag:  0.000e+00
# span 0 =   998.6667,  1025.8309                 
# span 1 =     -0.073,     74.445                 
# span 2 =     -0.073,     75.068                 
# span 3 =     0.0000,    32.0945                 
# span 4 =     3.4582,    18.4048                 
# span 5 =          0,          6                 
# span 6 =          0,          6                 
# span 7 = 0.0000e+00, 0.0000e+00                 
# interval = seconds: 0.25
# start_time = Aug 12 2021 14:05:07 [Instrument's time stamp, header]
# bad_flag = -9.990e-29
*END*
[from data line 2338]
  1025.8103     73.818     74.436    32.0221     3.5373          0          0  0.000e+00
  1025.8105     73.806     74.424    32.0226     3.5387          0          0  0.000e+00
  1025.8099     73.792     74.409    32.0222     3.5405          0          0  0.000e+00
  1025.8086     73.768     74.385    32.0209     3.5420          0          0  0.000e+00
  1025.8063     73.749     74.366    32.0182     3.5432          0          0  0.000e+00
  1025.8056     73.725     74.342    32.0174     3.5433          0          0  0.000e+00
  1025.8061     73.702     74.318    32.0182     3.5430          0          0  0.000e+00
  1025.8051     73.678     74.295    32.0171     3.5431          0          0  0.000e+00
  1025.8060     73.654     74.270    32.0184     3.5431          0          0  0.000e+00
  1025.8067     73.640     74.256    32.0193     3.5432          0          0  0.000e+00
  1025.8066     73.634     74.250    32.0193     3.5437          0          0  0.000e+00
  1025.8045     73.643     74.259    32.0167     3.5441          0          0  0.000e+00
  1025.8049     73.669     74.285    32.0169     3.5433          0          0  0.000e+00
  1025.8045     73.715     74.332    32.0160     3.5423          0          0  0.000e+00
  1025.8047     73.772     74.389    32.0157     3.5406          0          0  0.000e+00
  1025.8064     73.842     74.459    32.0173     3.5390          0          0  0.000e+00
  1025.8085     73.916     74.534    32.0194     3.5380          0          0  0.000e+00
  1025.8093     73.980     74.599    32.0199     3.5374          0          0  0.000e+00
  1025.8112     74.029     74.649    32.0220     3.5371          0          0  0.000e+00
  1025.8148     74.061     74.681    32.0263     3.5371          0          0  0.000e+00
  1025.8178     74.067     74.687    32.0301     3.5377          0          0  0.000e+00
  1025.8167     74.045     74.665    32.0290     3.5387          0          0  0.000e+00
  1025.8134     73.996     74.615    32.0253     3.5409          0          0  0.000e+00
  1025.8136     73.924     74.543    32.0263     3.5428          0          0  0.000e+00
  1025.8137     73.834     74.452    32.0273     3.5454          0          0  0.000e+00
  1025.8090     73.741     74.358    32.0223     3.5482          0          0  0.000e+00
  1025.8066     73.649     74.265    32.0198     3.5494          0          0  0.000e+00
  1025.8032     73.568     74.183    32.0161     3.5493          0          0  0.000e+00
  1025.7998     73.506     74.121    32.0120     3.5480          0          0  0.000e+00
  1025.7989     73.465     74.080    32.0109     3.5454          0          0  0.000e+00
  1025.8013     73.442     74.056    32.0137     3.5428          0          0  0.000e+00
  1025.8032     73.441     74.055    32.0159     3.5413          0          0  0.000e+00
  1025.7872     73.455     74.069    31.9956     3.5407          0          0  0.000e+00
  1025.7705     73.478     74.093    31.9738     3.5349          0          0  0.000e+00
  1025.7712     73.514     74.129    31.9731     3.5228          0          0  0.000e+00
  1025.7816     73.558     74.174    31.9845     3.5109          0          0  0.000e+00
  1025.8044     73.606     74.222    32.0121     3.5042          0          0  0.000e+00
  1025.8083     73.663     74.280    32.0170     3.5075          0          0  0.000e+00
  1025.8058     73.727     74.344    32.0143     3.5143          0          0  0.000e+00
  1025.8030     73.799     74.417    32.0109     3.5197          0          0  0.000e+00
  1025.8030     73.873     74.491    32.0109     3.5231          0          0  0.000e+00
  1025.8054     73.955     74.574    32.0137     3.5255          0          0  0.000e+00
  1025.8063     74.023     74.642    32.0147     3.5275          0          0  0.000e+00
  1025.8076     74.089     74.708    32.0162     3.5292          0          0  0.000e+00
  1025.8105     74.132     74.752    32.0197     3.5309          0          0  0.000e+00
  1025.8110     74.162     74.782    32.0204     3.5325          0          0  0.000e+00
  1025.8118     74.170     74.791    32.0215     3.5336          0          0  0.000e+00
  1025.8116     74.157     74.778    32.0215     3.5352          0          0  0.000e+00
  1025.8096     74.124     74.744    32.0194     3.5373          0          0  0.000e+00
  1025.8086     74.072     74.691    32.0187     3.5388          0          0  0.000e+00
  1025.8084     74.002     74.621    32.0189     3.5398          0          0  0.000e+00
  1025.8069     73.923     74.542    32.0176     3.5409          0          0  0.000e+00
  1025.8063     73.842     74.459    32.0174     3.5417          0          0  0.000e+00
  1025.8052     73.762     74.379    32.0166     3.5425          0          0  0.000e+00
  1025.8021     73.692     74.309    32.0132     3.5430          0          0  0.000e+00
  1025.8011     73.636     74.252    32.0123     3.5426          0          0  0.000e+00
  1025.7974     73.595     74.210    32.0078     3.5419          0          0  0.000e+00
  1025.7982     73.569     74.184    32.0087     3.5403          0          0  0.000e+00
  1025.7914     73.557     74.173    32.0001     3.5389          0          0  0.000e+00
  1025.7871     73.561     74.176    31.9943     3.5358          0          0  0.000e+00
  1025.7850     73.572     74.188    31.9911     3.5313          0          0  0.000e+00
  1025.7831     73.591     74.207    31.9881     3.5266          0          0  0.000e+00
  1025.7873     73.619     74.235    31.9926     3.5217          0          0  0.000e+00
  1025.7892     73.652     74.268    31.9944     3.5186          0          0  0.000e+00
  1025.7949     73.691     74.307    32.0011     3.5168          0          0  0.000e+00
  1025.7991     73.741     74.358    32.0061     3.5173          0          0  0.000e+00
  1025.7991     73.790     74.407    32.0061     3.5192          0          0  0.000e+00
  1025.8007     73.846     74.464    32.0079     3.5209          0          0  0.000e+00
  1025.8037     73.902     74.520    32.0116     3.5227          0          0  0.000e+00
  1025.8088     73.952     74.571    32.0180     3.5249          0          0  0.000e+00
  1025.8112     73.992     74.611    32.0211     3.5275          0          0  0.000e+00
  1025.8140     74.017     74.636    32.0247     3.5302          0          0  0.000e+00
  1025.8130     74.019     74.638    32.0237     3.5326          0          0  0.000e+00
  1025.8095     74.000     74.619    32.0196     3.5343          0          0  0.000e+00
  1025.8083     73.956     74.575    32.0186     3.5357          0          0  0.000e+00
  1025.8089     73.902     74.520    32.0198     3.5371          0          0  0.000e+00
  1025.8076     73.835     74.453    32.0187     3.5385          0          0  0.000e+00
  1025.8055     73.771     74.388    32.0166     3.5395          0          0  0.000e+00
  1025.8050     73.715     74.332    32.0163     3.5398          0          0  0.000e+00
  1025.8037     73.678     74.295    32.0149     3.5401          0          0  0.000e+00
  1025.8022     73.664     74.280    32.0131     3.5401          0          0  0.000e+00
  1025.7980     73.670     74.286    32.0078     3.5396          0          0  0.000e+00
  1025.7965     73.704     74.320    32.0055     3.5378          0          0  0.000e+00
  1025.7945     73.755     74.372    32.0024     3.5356          0          0  0.000e+00
  1025.7988     73.820     74.438    32.0072     3.5331          0          0  0.000e+00
  1025.8046     73.891     74.510    32.0139     3.5317          0          0  0.000e+00
  1025.8076     73.963     74.581    32.0172     3.5317          0          0  0.000e+00
  1025.8092     74.028     74.648    32.0189     3.5324          0          0  0.000e+00
  1025.8104     74.089     74.709    32.0201     3.5332          0          0  0.000e+00
  1025.8113     74.141     74.761    32.0211     3.5340          0          0  0.000e+00
  1025.8129     74.170     74.791    32.0230     3.5351          0          0  0.000e+00
  1025.8132     74.179     74.799    32.0235     3.5360          0          0  0.000e+00
  1025.8125     74.158     74.778    32.0229     3.5369          0          0  0.000e+00
  1025.8121     74.107     74.727    32.0228     3.5381          0          0  0.000e+00
  1025.8109     74.021     74.640    32.0220     3.5397          0          0  0.000e+00
  1025.8097     73.913     74.531    32.0212     3.5407          0          0  0.000e+00
  1025.8098     73.794     74.411    32.0222     3.5419          0          0  0.000e+00
  1025.8070     73.671     74.287    32.0196     3.5434          0          0  0.000e+00
  1025.8051     73.567     74.182    32.0179     3.5442          0          0  0.000e+00
  1025.8025     73.485     74.100    32.0152     3.5445          0          0  0.000e+00
  1025.8008     73.439     74.053    32.0131     3.5437          0          0  0.000e+00
  1025.8002     73.429     74.043    32.0123     3.5420          0          0  0.000e+00
  1025.8003     73.458     74.072    32.0120     3.5402          0          0  0.000e+00
  1025.7915     73.520     74.135    32.0004     3.5384          0          0  0.000e+00
  1025.7950     73.612     74.227    32.0038     3.5351          0          0  0.000e+00
  1025.8062     73.719     74.335    32.0170     3.5322          0          0  0.000e+00
  1025.8110     73.831     74.449    32.0223     3.5321          0          0  0.000e+00
  1025.8133     73.929     74.547    32.0248     3.5336          0          0  0.000e+00
  1025.8152     73.999     74.618    32.0270     3.5351          0          0  0.000e+00
  1025.8131     74.034     74.653    32.0242     3.5363          0          0  0.000e+00
  1025.8120     74.028     74.648    32.0230     3.5368          0          0  0.000e+00
  1025.8107     73.988     74.607    32.0216     3.5371          0          0  0.000e+00
  1025.8111     73.922     74.541    32.0226     3.5379          0          0  0.000e+00
  1025.8110     73.845     74.463    32.0231     3.5395          0          0  0.000e+00
  1025.8085     73.774     74.391    32.0206     3.5413          0          0  0.000e+00
  1025.8051     73.722     74.339    32.0168     3.5426          0          0  0.000e+00
  1025.8036     73.701     74.317    32.0150     3.5423          0          0  0.000e+00
  1025.8026     73.712     74.329    32.0135     3.5411          0          0  0.000e+00
  1025.8012     73.754     74.371    32.0113     3.5394          0          0  0.000e+00
  1025.8007     73.815     74.433    32.0101     3.5373          0          0  0.000e+00
  1025.8047     73.893     74.511    32.0144     3.5357          0          0  0.000e+00
  1025.8091     73.970     74.589    32.0195     3.5351          0          0  0.000e+00
  1025.8093     74.041     74.661    32.0193     3.5353          0          0  0.000e+00
  1025.8107     74.100     74.720    32.0207     3.5356          0          0  0.000e+00
  1025.8111     74.145     74.765    32.0211     3.5359          0          0  0.000e+00
  1025.8120     74.166     74.787    32.0221     3.5362          0          0  0.000e+00
  1025.8137     74.169     74.790    32.0242     3.5366          0          0  0.000e+00
  1025.8129     74.150     74.771    32.0234     3.5372          0          0  0.000e+00
  1025.8131     74.117     74.738    32.0239     3.5379          0          0  0.000e+00
  1025.8128     74.064     74.684    32.0239     3.5385          0          0  0.000e+00
  1025.8131     74.005     74.624    32.0247     3.5394          0          0  0.000e+00
  1025.8122     73.936     74.555    32.0242     3.5409          0          0  0.000e+00
  1025.8095     73.862     74.480    32.0214     3.5424          0          0  0.000e+00
  1025.8089     73.786     74.403    32.0213     3.5435          0          0  0.000e+00
  1025.8071     73.711     74.328    32.0196     3.5446          0          0  0.000e+00
  1025.8032     73.645     74.261    32.0152     3.5451          0          0  0.000e+00
  1025.8019     73.591     74.206    32.0137     3.5444          0          0  0.000e+00
  1025.7977     73.557     74.172    32.0085     3.5431          0          0  0.000e+00
  1025.7902     73.547     74.162    31.9988     3.5405          0          0  0.000e+00
  1025.7856     73.570     74.186    31.9924     3.5359          0          0  0.000e+00
  1025.7856     73.617     74.233    31.9915     3.5304          0          0  0.000e+00
  1025.7841     73.677     74.294    31.9886     3.5255          0          0  0.000e+00
  1025.7868     73.744     74.361    31.9911     3.5207          0          0  0.000e+00
  1025.7962     73.813     74.431    32.0022     3.5174          0          0  0.000e+00
  1025.8053     73.869     74.487    32.0132     3.5176          0          0  0.000e+00
  1025.8067     73.920     74.539    32.0150     3.5202          0          0  0.000e+00
  1025.8079     73.956     74.575    32.0166     3.5229          0          0  0.000e+00
  1025.8095     73.985     74.604    32.0187     3.5253          0          0  0.000e+00
  1025.8123     74.006     74.625    32.0224     3.5277          0          0  0.000e+00
  1025.8137     74.023     74.642    32.0244     3.5303          0          0  0.000e+00
  1025.8131     74.036     74.655    32.0238     3.5327          0          0  0.000e+00
  1025.8108     74.043     74.663    32.0210     3.5342          0          0  0.000e+00
  1025.8109     74.050     74.669    32.0213     3.5353          0          0  0.000e+00
  1025.8133     74.049     74.668    32.0243     3.5358          0          0  0.000e+00
  1025.8145     74.039     74.658    32.0259     3.5365          0          0  0.000e+00
  1025.8139     74.018     74.637    32.0254     3.5373          0          0  0.000e+00
  1025.8119     73.980     74.599    32.0232     3.5377          0          0  0.000e+00
  1025.8105     73.927     74.545    32.0218     3.5380          0          0  0.000e+00
  1025.8099     73.857     74.475    32.0216     3.5385          0          0  0.000e+00
  1025.8105     73.778     74.395    32.0228     3.5392          0          0  0.000e+00
  1025.8105     73.704     74.321    32.0234     3.5407          0          0  0.000e+00
  1025.8075     73.637     74.253    32.0204     3.5427          0          0  0.000e+00
  1025.8047     73.593     74.208    32.0172     3.5438          0          0  0.000e+00
  1025.8049     73.578     74.193    32.0175     3.5436          0          0  0.000e+00
  1025.8016     73.593     74.208    32.0132     3.5433          0          0  0.000e+00
  1025.8010     73.638     74.254    32.0120     3.5417          0          0  0.000e+00
  1025.8027     73.708     74.325    32.0134     3.5393          0          0  0.000e+00
  1025.8050     73.804     74.421    32.0155     3.5373          0          0  0.000e+00
  1025.8104     73.912     74.530    32.0215     3.5363          0          0  0.000e+00
  1025.8202     74.018     74.637    32.0332     3.5360          0          0  0.000e+00
  1025.8289     74.119     74.739    32.0436     3.5369          0          0  0.000e+00
  1025.8309     74.201     74.822    32.0459     3.5380          0          0  0.000e+00
  1025.8299     74.262     74.883    32.0443     3.5384          0          0  0.000e+00
  1025.8300     74.300     74.922    32.0441     3.5379          0          0  0.000e+00
  1025.8308     74.308     74.930    32.0451     3.5380          0          0  0.000e+00
  1025.8305     74.289     74.911    32.0448     3.5379          0          0  0.000e+00
  1025.8289     74.245     74.866    32.0431     3.5383          0          0  0.000e+00
  1025.8298     74.177     74.798    32.0447     3.5394          0          0  0.000e+00
