data/eDNA/PER-2021-171/171c010.cnv
* Sea-Bird SBE19plus  Data File:
* FileName = C:\Users\RSG_field\Ryan_2021_Perley\CTD\171c010.hex
* Software version 2.3.0 SB_Terminal.dll
* Temperature SN = 7141
* Conductivity SN = 7141
* System UpLoad Time = Aug 11 2021 14:20:07
* <ApplicationData>
* <SeatermAF>
** Platform: M. Perley
** Cruise: Per2021171
** Station:  ESI_14
** Cast: 01 3
** Latitude: N  44 36.505
** Longitude: W 62 55.814
** Sounding: 23.5
** Chief Scientist: Ryan Stanley
** Comment: 171c010
# nquan = 8
# nvalues = 2214                                  
# units = specified
# name 0 = density00: Density [density, kg/m^3]
# name 1 = depSM: Depth [salt water, m], lat = 45.00
# name 2 = prdM: Pressure, Strain Gauge [db]
# name 3 = sal00: Salinity, Practical [PSU]
# name 4 = tv290C: Temperature [ITS-90, deg C]
# name 5 = bpos: Bottle Position in Carousel
# name 6 = nbf: Bottles Fired
# name 7 = flag:  0.000e+00
# span 0 =   998.6960,  1024.6250                 
# span 1 =     -0.027,     25.167                 
# span 2 =     -0.027,     25.375                 
# span 3 =     0.0000,    31.8245                 
# span 4 =     6.0741,    18.4800                 
# span 5 =          0,          4                 
# span 6 =          0,          4                 
# span 7 = 0.0000e+00, 0.0000e+00                 
# interval = seconds: 0.25
# start_time = Aug 11 2021 17:08:21 [Instrument's time stamp, header]
# bad_flag = -9.990e-29
*END*
[from data line 1439]
  1024.3491     24.286     24.486    30.9253     6.8024          0          0  0.000e+00
  1024.3480     24.206     24.405    30.9257     6.8103          0          0  0.000e+00
  1024.3524     24.150     24.350    30.9328     6.8180          0          0  0.000e+00
  1024.3526     24.117     24.315    30.9350     6.8289          1          1  0.000e+00
  1024.3569     24.108     24.307    30.9426     6.8409          1          1  0.000e+00
  1024.3493     24.119     24.317    30.9351     6.8550          1          1  0.000e+00
  1024.3356     24.156     24.355    30.9196     6.8676          1          1  0.000e+00
  1024.3089     24.208     24.407    30.8860     6.8721          1          1  0.000e+00
  1024.1794     24.277     24.477    30.7185     6.8567          1          1  0.000e+00
  1024.1750     24.353     24.554    30.6992     6.7737          1          1  0.000e+00
  1024.2101     24.435     24.636    30.7252     6.6621          1          1  0.000e+00
  1024.2392     24.517     24.719    30.7458     6.5612          1          1  0.000e+00
  1024.2499     24.598     24.801    30.7441     6.4677          1          1  0.000e+00
  1024.3014     24.668     24.871    30.7949     6.3771          1          1  0.000e+00
  1024.3409     24.726     24.930    30.8340     6.3086          1          1  0.000e+00
  1024.3750     24.773     24.977    30.8698     6.2617          1          1  0.000e+00
  1024.3972     24.806     25.010    30.8934     6.2333          1          1  0.000e+00
  1024.4313     24.824     25.028    30.9344     6.2195          1          1  0.000e+00
  1024.4297     24.825     25.029    30.9330     6.2236          1          1  0.000e+00
  1024.4284     24.812     25.016    30.9327     6.2321          1          1  0.000e+00
  1024.4263     24.783     24.988    30.9315     6.2400          1          1  0.000e+00
  1024.4270     24.740     24.944    30.9338     6.2476          1          1  0.000e+00
  1024.4233     24.691     24.895    30.9308     6.2567          1          1  0.000e+00
  1024.4209     24.637     24.840    30.9294     6.2649          1          1  0.000e+00
  1024.4135     24.580     24.782    30.9214     6.2724          1          1  0.000e+00
  1024.4049     24.520     24.723    30.9115     6.2766          1          1  0.000e+00
  1024.4080     24.460     24.662    30.9158     6.2763          1          1  0.000e+00
  1024.4018     24.402     24.603    30.9083     6.2766          1          1  0.000e+00
  1024.3966     24.342     24.543    30.9017     6.2744          1          1  0.000e+00
  1024.4043     24.283     24.483    30.9109     6.2688          1          1  0.000e+00
  1024.4197     24.229     24.429    30.9306     6.2671          1          1  0.000e+00
  1024.4201     24.181     24.381    30.9325     6.2743          1          1  0.000e+00
  1024.4073     24.143     24.342    30.9179     6.2836          1          1  0.000e+00
  1024.4023     24.120     24.319    30.9123     6.2877          1          1  0.000e+00
  1024.3901     24.119     24.317    30.8969     6.2878          1          1  0.000e+00
  1024.3948     24.136     24.335    30.9017     6.2815          1          1  0.000e+00
  1024.4034     24.180     24.379    30.9116     6.2757          1          1  0.000e+00
  1024.3981     24.245     24.445    30.9042     6.2744          1          1  0.000e+00
  1024.3854     24.326     24.527    30.8871     6.2705          1          1  0.000e+00
  1024.3762     24.421     24.622    30.8729     6.2584          1          1  0.000e+00
  1024.3955     24.519     24.722    30.8939     6.2400          1          1  0.000e+00
  1024.4044     24.615     24.818    30.9028     6.2276          1          1  0.000e+00
  1024.4071     24.700     24.903    30.9049     6.2219          1          1  0.000e+00
  1024.4009     24.773     24.977    30.8958     6.2171          1          1  0.000e+00
  1024.4106     24.821     25.026    30.9067     6.2096          1          1  0.000e+00
  1024.4114     24.845     25.050    30.9067     6.2048          1          1  0.000e+00
  1024.4131     24.839     25.044    30.9084     6.2013          1          1  0.000e+00
  1024.4172     24.813     25.018    30.9135     6.1988          1          1  0.000e+00
  1024.4174     24.768     24.973    30.9139     6.1986          1          1  0.000e+00
  1024.4177     24.712     24.916    30.9147     6.1991          1          1  0.000e+00
  1024.4228     24.649     24.852    30.9217     6.2002          1          1  0.000e+00
  1024.4211     24.584     24.787    30.9206     6.2044          1          1  0.000e+00
  1024.4186     24.520     24.723    30.9184     6.2088          1          1  0.000e+00
  1024.4267     24.458     24.660    30.9297     6.2129          1          1  0.000e+00
  1024.4228     24.395     24.596    30.9265     6.2210          1          1  0.000e+00
  1024.4178     24.337     24.538    30.9217     6.2292          1          1  0.000e+00
  1024.4175     24.287     24.487    30.9225     6.2351          1          1  0.000e+00
  1024.4209     24.247     24.447    30.9280     6.2413          1          1  0.000e+00
  1024.4255     24.221     24.421    30.9352     6.2497          1          1  0.000e+00
  1024.4452     24.210     24.409    30.9622     6.2623          1          1  0.000e+00
  1024.4354     24.219     24.419    30.9534     6.2856          1          1  0.000e+00
  1024.4333     24.246     24.446    30.9543     6.3098          1          1  0.000e+00
  1024.4112     24.293     24.493    30.9296     6.3330          1          1  0.000e+00
  1024.3921     24.357     24.558    30.9070     6.3460          1          1  0.000e+00
  1024.3733     24.429     24.631    30.8829     6.3467          1          1  0.000e+00
  1024.3745     24.508     24.710    30.8822     6.3357          1          1  0.000e+00
  1024.3573     24.585     24.788    30.8575     6.3197          1          1  0.000e+00
  1024.3600     24.657     24.860    30.8566     6.2952          1          1  0.000e+00
  1024.3776     24.710     24.914    30.8744     6.2673          1          1  0.000e+00
  1024.3865     24.744     24.948    30.8823     6.2468          1          1  0.000e+00
  1024.4051     24.758     24.962    30.9035     6.2321          1          1  0.000e+00
  1024.4164     24.747     24.951    30.9170     6.2263          1          1  0.000e+00
  1024.4225     24.714     24.918    30.9251     6.2277          1          1  0.000e+00
  1024.4356     24.662     24.866    30.9432     6.2351          1          1  0.000e+00
  1024.4502     24.592     24.795    30.9646     6.2516          1          1  0.000e+00
  1024.4290     24.509     24.711    30.9423     6.2776          1          1  0.000e+00
  1024.4202     24.418     24.619    30.9346     6.2962          1          1  0.000e+00
  1024.4300     24.325     24.526    30.9499     6.3109          1          1  0.000e+00
  1024.4520     24.238     24.438    30.9816     6.3319          1          1  0.000e+00
  1024.4548     24.165     24.364    30.9911     6.3679          1          1  0.000e+00
  1024.4260     24.117     24.315    30.9614     6.4094          1          1  0.000e+00
  1024.4347     24.099     24.297    30.9775     6.4414          1          1  0.000e+00
  1024.4484     24.110     24.309    31.0003     6.4765          1          1  0.000e+00
  1024.5396     24.157     24.356    31.1236     6.5258          1          1  0.000e+00
  1024.5232     24.232     24.432    31.1182     6.6253          1          1  0.000e+00
  1024.4533     24.330     24.530    31.0468     6.7364          1          1  0.000e+00
  1024.3973     24.445     24.647    30.9878     6.8153          1          1  0.000e+00
  1024.3511     24.562     24.764    30.9361     6.8630          1          1  0.000e+00
  1024.3298     24.673     24.876    30.9117     6.8837          1          1  0.000e+00
  1024.3236     24.768     24.973    30.9043     6.8899          1          1  0.000e+00
  1024.3237     24.837     25.042    30.9042     6.8908          1          1  0.000e+00
  1024.3269     24.874     25.080    30.9081     6.8911          1          1  0.000e+00
  1024.3189     24.882     25.087    30.8980     6.8921          1          1  0.000e+00
  1024.3251     24.856     25.061    30.9057     6.8897          1          1  0.000e+00
  1024.3260     24.803     25.008    30.9072     6.8894          1          1  0.000e+00
  1024.3228     24.727     24.931    30.9036     6.8900          1          1  0.000e+00
  1024.3247     24.635     24.838    30.9063     6.8890          1          1  0.000e+00
  1024.3246     24.532     24.734    30.9068     6.8885          1          1  0.000e+00
  1024.3232     24.426     24.627    30.9056     6.8886          1          1  0.000e+00
  1024.3235     24.333     24.533    30.9065     6.8881          1          1  0.000e+00
  1024.3234     24.256     24.456    30.9067     6.8874          1          1  0.000e+00
  1024.3220     24.206     24.405    30.9051     6.8871          1          1  0.000e+00
  1024.3226     24.182     24.382    30.9059     6.8859          1          1  0.000e+00
  1024.3228     24.190     24.389    30.9060     6.8848          1          1  0.000e+00
  1024.3248     24.219     24.419    30.9082     6.8839          1          1  0.000e+00
  1024.3259     24.265     24.465    30.9093     6.8839          1          1  0.000e+00
  1024.3254     24.323     24.524    30.9084     6.8842          1          1  0.000e+00
  1024.3322     24.378     24.579    30.9167     6.8849          1          1  0.000e+00
  1024.3306     24.430     24.632    30.9150     6.8884          1          1  0.000e+00
  1024.3257     24.475     24.677    30.9090     6.8918          1          1  0.000e+00
  1024.3228     24.510     24.712    30.9053     6.8921          1          1  0.000e+00
  1024.3292     24.542     24.744    30.9131     6.8914          1          1  0.000e+00
  1024.3219     24.570     24.773    30.9039     6.8927          1          1  0.000e+00
  1024.3185     24.589     24.792    30.8991     6.8909          1          1  0.000e+00
  1024.3246     24.614     24.817    30.9061     6.8868          1          1  0.000e+00
  1024.3294     24.631     24.834    30.9117     6.8849          1          1  0.000e+00
  1024.3250     24.646     24.849    30.9061     6.8855          1          1  0.000e+00
  1024.3225     24.652     24.855    30.9028     6.8844          1          1  0.000e+00
  1024.3311     24.654     24.857    30.9132     6.8818          1          1  0.000e+00
  1024.3297     24.653     24.856    30.9115     6.8826          1          1  0.000e+00
  1024.3294     24.646     24.849    30.9116     6.8843          1          1  0.000e+00
  1024.3264     24.634     24.837    30.9079     6.8855          1          1  0.000e+00
  1024.3231     24.618     24.821    30.9038     6.8849          1          1  0.000e+00
  1024.3022     24.591     24.794    30.8768     6.8814          1          1  0.000e+00
  1024.2802     24.558     24.760    30.8467     6.8667          1          1  0.000e+00
  1024.2623     24.522     24.724    30.8190     6.8350          1          1  0.000e+00
  1024.2627     24.481     24.683    30.8122     6.7889          1          1  0.000e+00
  1024.2618     24.440     24.641    30.8034     6.7394          1          1  0.000e+00
  1024.2340     24.403     24.604    30.7593     6.6832          1          1  0.000e+00
  1024.2571     24.372     24.573    30.7773     6.6113          1          1  0.000e+00
  1024.3110     24.357     24.558    30.8339     6.5367          1          1  0.000e+00
  1024.3341     24.353     24.554    30.8558     6.4894          1          1  0.000e+00
  1024.3183     24.357     24.558    30.8302     6.4544          1          1  0.000e+00
  1024.3114     24.371     24.572    30.8152     6.4142          1          1  0.000e+00
  1024.3248     24.390     24.591    30.8242     6.3638          1          1  0.000e+00
  1024.3491     24.416     24.617    30.8472     6.3146          1          1  0.000e+00
  1024.3825     24.442     24.644    30.8837     6.2771          1          1  0.000e+00
  1024.3926     24.476     24.678    30.8930     6.2566          1          1  0.000e+00
  1024.3867     24.511     24.713    30.8833     6.2429          1          1  0.000e+00
  1024.3686     24.553     24.756    30.8573     6.2243          1          1  0.000e+00
  1024.3633     24.595     24.797    30.8455     6.1928          1          1  0.000e+00
  1024.3883     24.633     24.836    30.8712     6.1551          1          1  0.000e+00
  1024.4134     24.665     24.868    30.8985     6.1270          1          1  0.000e+00
  1024.4157     24.685     24.888    30.8992     6.1128          1          1  0.000e+00
  1024.4146     24.689     24.893    30.8959     6.1007          1          1  0.000e+00
  1024.4367     24.681     24.884    30.9222     6.0887          1          1  0.000e+00
  1024.4694     24.654     24.857    30.9637     6.0883          1          1  0.000e+00
  1024.4797     24.616     24.819    30.9798     6.1066          1          1  0.000e+00
  1024.4623     24.567     24.770    30.9625     6.1358          1          1  0.000e+00
  1024.4568     24.512     24.714    30.9595     6.1598          1          1  0.000e+00
  1024.4359     24.457     24.658    30.9366     6.1814          1          1  0.000e+00
  1024.4237     24.407     24.608    30.9233     6.1936          1          1  0.000e+00
  1024.4221     24.365     24.566    30.9224     6.1989          1          1  0.000e+00
  1024.4161     24.336     24.537    30.9154     6.2023          1          1  0.000e+00
  1024.4079     24.323     24.524    30.9050     6.2020          1          1  0.000e+00
  1024.3856     24.330     24.530    30.8758     6.1961          1          1  0.000e+00
  1024.3849     24.359     24.560    30.8721     6.1785          1          1  0.000e+00
  1024.4019     24.406     24.607    30.8900     6.1563          1          1  0.000e+00
  1024.4316     24.472     24.673    30.9251     6.1425          1          1  0.000e+00
  1024.4488     24.547     24.749    30.9468     6.1450          1          1  0.000e+00
  1024.4746     24.633     24.836    30.9817     6.1621          1          1  0.000e+00
  1024.4636     24.712     24.916    30.9722     6.1950          1          1  0.000e+00
  1024.4482     24.787     24.991    30.9572     6.2269          1          1  0.000e+00
  1024.4295     24.842     25.046    30.9369     6.2510          1          1  0.000e+00
  1024.4175     24.878     25.083    30.9236     6.2647          1          1  0.000e+00
  1024.4125     24.890     25.096    30.9184     6.2729          1          1  0.000e+00
  1024.3891     24.869     25.074    30.8894     6.2763          1          1  0.000e+00
  1024.3975     24.819     25.024    30.8990     6.2681          1          1  0.000e+00
  1024.3864     24.748     24.952    30.8841     6.2597          1          1  0.000e+00
  1024.3935     24.653     24.856    30.8917     6.2466          1          1  0.000e+00
  1024.4015     24.544     24.746    30.9007     6.2348          1          1  0.000e+00
  1024.4115     24.425     24.626    30.9131     6.2287          1          1  0.000e+00
  1024.4182     24.310     24.510    30.9222     6.2279          1          1  0.000e+00
  1024.4198     24.202     24.402    30.9254     6.2317          1          1  0.000e+00
  1024.4136     24.120     24.319    30.9191     6.2385          1          1  0.000e+00
  1024.4059     24.061     24.260    30.9103     6.2426          1          1  0.000e+00
  1024.3953     24.038     24.236    30.8970     6.2424          1          1  0.000e+00
  1024.3745     24.048     24.246    30.8694     6.2347          1          1  0.000e+00
