data/eDNA/PER-2021-171/171c020.cnv
* Sea-Bird SBE19plus  Data File:
* FileName = C:\Users\RSG_field\Ryan_2021_Perley\CTD\171c020.hex
* Software version 2.3.0 SB_Terminal.dll
* Temperature SN = 7141
* Conductivity SN = 7141
* System UpLoad Time = Aug 17 2021 11:52:23
* <ApplicationData>
* <SeatermAF>
** Platform: M. Perley
** Cruise: Per2021171
** Station:  SAB_05
** Cast: 01 3
** Latitude: N  46 15.954
** Longitude: W 59 10.545
** Sounding: 112
** Chief Scientist: Ryan Stanley
** Comment: 171c020
# nquan = 8
# nvalues = 3380                                  
# units = specified
# name 0 = density00: Density [density, kg/m^3]
# name 1 = depSM: Depth [salt water, m], lat = 45.00
# name 2 = prdM: Pressure, Strain Gauge [db]
# name 3 = sal00: Salinity, Practical [PSU]
# name 4 = tv290C: Temperature [ITS-90, deg C]
# name 5 = bpos: Bottle Position in Carousel
# name 6 = nbf: Bottles Fired
# name 7 = flag:  0.000e+00
# span 0 =   998.9849,  1026.7774                 
# span 1 =     -0.039,    105.767                 
# span 2 =     -0.039,    106.660                 
# span 3 =     0.0079,    32.9537                 
# span 4 =     2.0383,    19.8721                 
# span 5 =          0,          5                 
# span 6 =          0,          5                 
# span 7 = 0.0000e+00, 0.0000e+00                 
# interval = seconds: 0.25
# start_time = Aug 17 2021 14:35:08 [Instrument's time stamp, header]
# bad_flag = -9.990e-29
*END*
[from data line 2697]
  1026.1941     74.969     75.596    32.3656     2.3197          2          2  0.000e+00
  1026.1927     74.823     75.450    32.3650     2.3232          2          2  0.000e+00
  1026.1976     74.679     75.304    32.3724     2.3277          2          2  0.000e+00
  1026.1879     74.541     75.165    32.3619     2.3363          2          2  0.000e+00
  1026.1854     74.408     75.030    32.3602     2.3423          2          2  0.000e+00
  1026.1833     74.309     74.931    32.3587     2.3476          2          2  0.000e+00
  1026.1775     74.164     74.785    32.3530     2.3553          2          2  0.000e+00
  1026.1689     74.059     74.679    32.3436     2.3622          2          2  0.000e+00
  1026.1636     73.955     74.574    32.3379     2.3661          2          2  0.000e+00
  1026.1598     73.864     74.482    32.3340     2.3681          2          2  0.000e+00
  1026.1550     73.775     74.392    32.3287     2.3697          2          2  0.000e+00
  1026.1505     73.691     74.308    32.3236     2.3711          2          2  0.000e+00
  1026.1478     73.603     74.219    32.3209     2.3733          2          2  0.000e+00
  1026.1463     73.516     74.131    32.3199     2.3771          2          2  0.000e+00
  1026.1387     73.422     74.036    32.3114     2.3808          2          2  0.000e+00
  1026.1321     73.321     73.934    32.3042     2.3856          2          2  0.000e+00
  1026.1273     73.218     73.831    32.2993     2.3904          2          2  0.000e+00
  1026.1230     73.100     73.711    32.2950     2.3937          2          2  0.000e+00
  1026.1193     72.983     73.593    32.2913     2.3962          2          2  0.000e+00
  1026.1166     72.858     73.467    32.2889     2.3984          2          2  0.000e+00
  1026.1127     72.722     73.330    32.2849     2.3998          2          2  0.000e+00
  1026.1112     72.601     73.208    32.2838     2.4007          2          2  0.000e+00
  1026.1094     72.467     73.073    32.2825     2.4014          2          2  0.000e+00
  1026.1061     72.333     72.938    32.2792     2.4022          2          2  0.000e+00
  1026.1032     72.206     72.810    32.2764     2.4030          2          2  0.000e+00
  1026.1001     72.064     72.666    32.2734     2.4031          2          2  0.000e+00
  1026.0968     71.908     72.509    32.2702     2.4030          2          2  0.000e+00
  1026.0965     71.737     72.337    32.2707     2.4027          2          2  0.000e+00
  1026.0948     71.558     72.156    32.2697     2.4026          2          2  0.000e+00
  1026.0928     71.361     71.957    32.2684     2.4026          2          2  0.000e+00
  1026.0907     71.171     71.766    32.2669     2.4027          2          2  0.000e+00
  1026.0867     70.978     71.571    32.2630     2.4027          2          2  0.000e+00
  1026.0837     70.808     71.400    32.2603     2.4024          2          2  0.000e+00
  1026.0827     70.659     71.250    32.2598     2.4021          2          2  0.000e+00
  1026.0813     70.534     71.123    32.2589     2.4018          2          2  0.000e+00
  1026.0786     70.451     71.040    32.2558     2.4016          2          2  0.000e+00
  1026.0765     70.391     70.979    32.2536     2.4016          2          2  0.000e+00
  1026.0760     70.365     70.953    32.2532     2.4014          2          2  0.000e+00
  1026.0737     70.350     70.938    32.2503     2.4016          2          2  0.000e+00
  1026.0708     70.358     70.946    32.2466     2.4016          2          2  0.000e+00
  1026.0670     70.364     70.952    32.2419     2.4018          2          2  0.000e+00
  1026.0656     70.351     70.938    32.2403     2.4019          2          2  0.000e+00
  1026.0660     70.295     70.883    32.2411     2.4021          2          2  0.000e+00
  1026.0653     70.224     70.811    32.2407     2.4024          2          2  0.000e+00
  1026.0650     70.111     70.697    32.2410     2.4026          2          2  0.000e+00
  1026.0634     69.976     70.561    32.2399     2.4029          2          2  0.000e+00
  1026.0599     69.806     70.389    32.2365     2.4031          2          2  0.000e+00
  1026.0554     69.627     70.209    32.2319     2.4030          2          2  0.000e+00
  1026.0494     69.458     70.038    32.2254     2.4021          2          2  0.000e+00
  1026.0454     69.283     69.862    32.2212     2.4006          2          2  0.000e+00
  1026.0398     69.126     69.703    32.2150     2.3985          2          2  0.000e+00
  1026.0387     68.985     69.561    32.2141     2.3960          2          2  0.000e+00
  1026.0347     68.863     69.438    32.2096     2.3937          2          2  0.000e+00
  1026.0317     68.749     69.323    32.2064     2.3913          2          2  0.000e+00
  1026.0271     68.624     69.198    32.2010     2.3889          2          2  0.000e+00
  1026.0261     68.497     69.069    32.2003     2.3861          2          2  0.000e+00
  1026.0137     68.363     68.934    32.1853     2.3835          2          2  0.000e+00
  1026.0011     68.218     68.788    32.1700     2.3798          2          2  0.000e+00
  1026.0013     68.067     68.635    32.1707     2.3747          2          2  0.000e+00
  1026.0100     67.898     68.465    32.1822     2.3711          2          2  0.000e+00
  1026.0148     67.745     68.310    32.1891     2.3708          2          2  0.000e+00
  1026.0131     67.602     68.167    32.1879     2.3723          2          2  0.000e+00
  1026.0043     67.479     68.043    32.1779     2.3736          2          2  0.000e+00
  1026.0016     67.369     67.932    32.1751     2.3733          2          2  0.000e+00
  1025.9985     67.285     67.847    32.1716     2.3725          2          2  0.000e+00
  1025.9954     67.210     67.771    32.1681     2.3716          2          2  0.000e+00
  1025.9949     67.144     67.705    32.1678     2.3706          2          2  0.000e+00
  1025.9943     67.083     67.643    32.1674     2.3701          2          2  0.000e+00
  1025.9945     67.024     67.583    32.1679     2.3700          2          2  0.000e+00
  1025.9936     66.946     67.505    32.1673     2.3705          2          2  0.000e+00
  1025.9930     66.857     67.415    32.1672     2.3709          2          2  0.000e+00
  1025.9939     66.745     67.302    32.1689     2.3710          2          2  0.000e+00
  1025.9931     66.604     67.160    32.1688     2.3718          2          2  0.000e+00
  1025.9912     66.444     66.998    32.1675     2.3732          2          2  0.000e+00
  1025.9896     66.262     66.816    32.1667     2.3746          2          2  0.000e+00
  1025.9861     66.069     66.621    32.1637     2.3758          2          2  0.000e+00
  1025.9831     65.874     66.424    32.1611     2.3767          2          2  0.000e+00
  1025.9814     65.691     66.239    32.1601     2.3774          2          2  0.000e+00
  1025.9797     65.523     66.070    32.1592     2.3780          2          2  0.000e+00
  1025.9784     65.385     65.930    32.1583     2.3784          2          2  0.000e+00
  1025.9778     65.274     65.819    32.1583     2.3788          2          2  0.000e+00
  1025.9771     65.194     65.738    32.1579     2.3791          2          2  0.000e+00
  1025.9762     65.128     65.671    32.1572     2.3796          2          2  0.000e+00
  1025.9761     65.071     65.614    32.1575     2.3799          2          2  0.000e+00
  1025.9764     65.015     65.557    32.1582     2.3806          2          2  0.000e+00
  1025.9751     64.948     65.490    32.1572     2.3818          2          2  0.000e+00
  1025.9751     64.853     65.395    32.1578     2.3826          2          2  0.000e+00
  1025.9732     64.736     65.276    32.1563     2.3836          2          2  0.000e+00
  1025.9742     64.593     65.132    32.1584     2.3843          2          2  0.000e+00
  1025.9779     64.427     64.965    32.1641     2.3859          2          2  0.000e+00
  1025.9760     64.271     64.808    32.1631     2.3900          2          2  0.000e+00
  1025.9771     64.127     64.662    32.1658     2.3943          2          2  0.000e+00
  1025.9775     64.011     64.545    32.1676     2.4005          2          2  0.000e+00
  1025.9740     63.917     64.450    32.1646     2.4083          2          2  0.000e+00
  1025.9689     63.848     64.381    32.1593     2.4159          2          2  0.000e+00
  1025.9631     63.793     64.325    32.1530     2.4219          2          2  0.000e+00
  1025.9602     63.738     64.270    32.1501     2.4258          2          2  0.000e+00
  1025.9580     63.678     64.209    32.1480     2.4284          2          2  0.000e+00
  1025.9563     63.587     64.117    32.1465     2.4303          2          2  0.000e+00
  1025.9550     63.470     63.999    32.1456     2.4314          2          2  0.000e+00
  1025.9536     63.325     63.853    32.1449     2.4323          2          2  0.000e+00
  1025.9534     63.156     63.683    32.1457     2.4329          2          2  0.000e+00
  1025.9538     62.985     63.511    32.1473     2.4343          2          2  0.000e+00
  1025.9521     62.805     63.329    32.1466     2.4371          2          2  0.000e+00
  1025.9505     62.649     63.172    32.1458     2.4407          2          2  0.000e+00
  1025.9481     62.504     63.025    32.1442     2.4447          2          2  0.000e+00
  1025.9470     62.383     62.903    32.1438     2.4486          2          2  0.000e+00
  1025.9472     62.275     62.794    32.1452     2.4528          2          2  0.000e+00
  1025.9457     62.179     62.697    32.1444     2.4581          2          2  0.000e+00
  1025.9416     62.079     62.596    32.1404     2.4636          2          2  0.000e+00
  1025.9376     61.978     62.495    32.1364     2.4681          2          2  0.000e+00
  1025.9355     61.861     62.376    32.1347     2.4708          2          2  0.000e+00
  1025.9499     61.742     62.256    32.1538     2.4735          2          2  0.000e+00
  1025.9493     61.608     62.122    32.1549     2.4846          2          2  0.000e+00
  1025.9344     61.483     61.996    32.1386     2.5006          2          2  0.000e+00
  1025.9253     61.351     61.862    32.1290     2.5100          2          2  0.000e+00
  1025.9203     61.229     61.739    32.1239     2.5150          2          2  0.000e+00
  1025.9230     61.124     61.633    32.1282     2.5180          2          2  0.000e+00
  1025.9246     61.025     61.534    32.1313     2.5231          2          2  0.000e+00
  1025.9169     60.936     61.444    32.1231     2.5323          2          2  0.000e+00
  1025.9164     60.852     61.359    32.1236     2.5385          2          2  0.000e+00
  1025.9100     60.763     61.270    32.1168     2.5453          2          2  0.000e+00
  1025.9050     60.670     61.176    32.1116     2.5507          2          2  0.000e+00
  1025.9032     60.563     61.068    32.1103     2.5533          2          2  0.000e+00
  1025.9048     60.443     60.947    32.1133     2.5561          2          2  0.000e+00
  1025.9005     60.312     60.814    32.1094     2.5631          2          2  0.000e+00
  1025.8944     60.175     60.676    32.1033     2.5703          2          2  0.000e+00
  1025.8890     60.036     60.536    32.0978     2.5755          2          2  0.000e+00
  1025.8870     59.895     60.394    32.0964     2.5773          2          2  0.000e+00
  1025.8859     59.753     60.251    32.0960     2.5785          2          2  0.000e+00
  1025.8854     59.607     60.103    32.0964     2.5800          2          2  0.000e+00
  1025.8849     59.464     59.959    32.0968     2.5827          2          2  0.000e+00
  1025.8850     59.316     59.810    32.0982     2.5864          2          2  0.000e+00
  1025.8859     59.174     59.667    32.1008     2.5918          2          2  0.000e+00
  1025.8825     59.034     59.526    32.0981     2.5988          2          2  0.000e+00
  1025.8861     58.909     59.400    32.1040     2.6065          2          2  0.000e+00
  1025.8781     58.790     59.280    32.0959     2.6169          2          2  0.000e+00
  1025.8744     58.686     59.175    32.0927     2.6262          2          2  0.000e+00
  1025.8694     58.598     59.086    32.0878     2.6333          2          2  0.000e+00
  1025.8721     58.519     59.006    32.0922     2.6390          2          2  0.000e+00
  1025.8666     58.445     58.931    32.0867     2.6477          2          2  0.000e+00
  1025.8598     58.373     58.859    32.0794     2.6554          2          2  0.000e+00
  1025.8584     58.309     58.795    32.0784     2.6598          2          2  0.000e+00
  1025.8615     58.243     58.728    32.0832     2.6648          2          2  0.000e+00
  1025.8554     58.183     58.667    32.0766     2.6716          2          2  0.000e+00
  1025.8520     58.123     58.607    32.0733     2.6773          2          2  0.000e+00
  1025.8513     58.062     58.545    32.0733     2.6820          2          2  0.000e+00
  1025.8445     57.999     58.482    32.0657     2.6876          2          2  0.000e+00
  1025.8483     57.924     58.406    32.0712     2.6907          2          2  0.000e+00
  1025.8477     57.839     58.321    32.0716     2.6965          2          2  0.000e+00
  1025.8411     57.740     58.220    32.0648     2.7046          2          2  0.000e+00
  1025.8303     57.620     58.100    32.0527     2.7131          2          2  0.000e+00
  1025.8204     57.486     57.965    32.0417     2.7177          2          2  0.000e+00
  1025.8203     57.337     57.814    32.0424     2.7178          2          2  0.000e+00
  1025.8201     57.180     57.656    32.0432     2.7193          2          2  0.000e+00
  1025.8153     57.019     57.493    32.0386     2.7239          2          2  0.000e+00
  1025.8084     56.863     57.336    32.0316     2.7294          2          2  0.000e+00
  1025.8032     56.715     57.187    32.0264     2.7341          2          2  0.000e+00
  1025.7996     56.577     57.048    32.0230     2.7375          2          2  0.000e+00
  1025.7961     56.446     56.916    32.0198     2.7402          2          2  0.000e+00
  1025.7939     56.317     56.786    32.0179     2.7422          2          2  0.000e+00
  1025.7920     56.191     56.658    32.0164     2.7439          2          2  0.000e+00
  1025.7877     56.056     56.523    32.0120     2.7457          2          2  0.000e+00
  1025.7682     55.912     56.377    31.9886     2.7464          2          2  0.000e+00
  1025.7581     55.757     56.221    31.9767     2.7449          2          2  0.000e+00
  1025.7577     55.600     56.063    31.9770     2.7435          2          2  0.000e+00
  1025.7600     55.438     55.899    31.9809     2.7442          2          2  0.000e+00
  1025.7590     55.283     55.743    31.9808     2.7463          2          2  0.000e+00
  1025.7577     55.133     55.591    31.9803     2.7487          2          2  0.000e+00
  1025.7548     54.996     55.454    31.9776     2.7505          2          2  0.000e+00
  1025.7520     54.879     55.336    31.9750     2.7520          2          2  0.000e+00
  1025.7489     54.773     55.229    31.9718     2.7533          2          2  0.000e+00
  1025.7443     54.685     55.140    31.9667     2.7544          2          2  0.000e+00
  1025.7412     54.608     55.062    31.9635     2.7563          2          2  0.000e+00
  1025.7400     54.540     54.994    31.9627     2.7589          2          2  0.000e+00
  1025.7393     54.477     54.930    31.9625     2.7618          2          2  0.000e+00
  1025.7384     54.422     54.875    31.9621     2.7658          2          2  0.000e+00
  1025.7338     54.364     54.816    31.9571     2.7702          2          2  0.000e+00
  1025.7362     54.305     54.757    31.9608     2.7726          2          2  0.000e+00
