data/eDNA/PER-2021-171/171c008.cnv
* Sea-Bird SBE19plus  Data File:
* FileName = C:\Users\RSG_field\Ryan_2021_Perley\CTD\171c008.hex
* Software version 2.3.0 SB_Terminal.dll
* Temperature SN = 7141
* Conductivity SN = 7141
* System UpLoad Time = Aug 11 2021 11:25:39
* <ApplicationData>
* <SeatermAF>
** Platform: M. Perley
** Cruise: Per2021171
** Station:  ESI_16
** Cast: 01 3
** Latitude: N  44 30.168
** Longitude: W 62 50.707
** Sounding: 116
** Chief Scientist: Ryan Stanley
** Comment: Calm seas
# nquan = 8
# nvalues = 3722                                  
# units = specified
# name 0 = density00: Density [density, kg/m^3]
# name 1 = depSM: Depth [salt water, m], lat = 45.00
# name 2 = prdM: Pressure, Strain Gauge [db]
# name 3 = sal00: Salinity, Practical [PSU]
# name 4 = tv290C: Temperature [ITS-90, deg C]
# name 5 = bpos: Bottle Position in Carousel
# name 6 = nbf: Bottles Fired
# name 7 = flag:  0.000e+00
# span 0 =   998.7060,  1026.7493                 
# span 1 =     -0.036,    111.625                 
# span 2 =     -0.036,    112.569                 
# span 3 =     0.0000,    33.2546                 
# span 4 =     3.2566,    18.6597                 
# span 5 =          0,          6                 
# span 6 =          0,          6                 
# span 7 = 0.0000e+00, 0.0000e+00                 
# interval = seconds: 0.25
# start_time = Aug 11 2021 14:07:39 [Instrument's time stamp, header]
# bad_flag = -9.990e-29
*END*
[from data line 2338]
  1026.6727    110.472    111.406    33.1596     5.5153          1          1  0.000e+00
  1026.6720    110.414    111.348    33.1591     5.5154          1          1  0.000e+00
  1026.6716    110.371    111.304    33.1588     5.5153          1          1  0.000e+00
  1026.6708    110.349    111.282    33.1579     5.5150          1          1  0.000e+00
  1026.6696    110.351    111.285    33.1563     5.5146          1          1  0.000e+00
  1026.6677    110.385    111.319    33.1535     5.5134          1          1  0.000e+00
  1026.6685    110.448    111.382    33.1538     5.5113          1          1  0.000e+00
  1026.6726    110.544    111.479    33.1581     5.5094          1          1  0.000e+00
  1026.6756    110.662    111.598    33.1613     5.5091          1          1  0.000e+00
  1026.6768    110.794    111.731    33.1621     5.5101          1          1  0.000e+00
  1026.6763    110.935    111.873    33.1608     5.5113          1          1  0.000e+00
  1026.6779    111.067    112.007    33.1622     5.5122          1          1  0.000e+00
  1026.6785    111.181    112.121    33.1625     5.5131          1          1  0.000e+00
  1026.7300    111.268    112.209    33.2274     5.5151          1          1  0.000e+00
  1026.7493    111.317    112.259    33.2546     5.5352          1          1  0.000e+00
  1026.7185    111.332    112.274    33.2203     5.5661          1          1  0.000e+00
  1026.6738    111.308    112.249    33.1668     5.5848          1          1  0.000e+00
  1026.6403    111.245    112.186    33.1243     5.5821          1          1  0.000e+00
  1026.6497    111.151    112.091    33.1339     5.5641          1          1  0.000e+00
  1026.6646    111.039    111.978    33.1514     5.5497          1          1  0.000e+00
  1026.6664    110.912    111.850    33.1531     5.5417          1          1  0.000e+00
  1026.6633    110.787    111.724    33.1491     5.5364          1          1  0.000e+00
  1026.6637    110.666    111.602    33.1494     5.5302          1          1  0.000e+00
  1026.6671    110.565    111.500    33.1535     5.5249          1          1  0.000e+00
  1026.6690    110.481    111.415    33.1559     5.5214          1          1  0.000e+00
  1026.6712    110.424    111.357    33.1586     5.5191          1          1  0.000e+00
  1026.6708    110.393    111.326    33.1581     5.5180          1          1  0.000e+00
  1026.6705    110.388    111.321    33.1576     5.5170          1          1  0.000e+00
  1026.6718    110.403    111.337    33.1589     5.5158          1          1  0.000e+00
  1026.6717    110.442    111.376    33.1586     5.5152          1          1  0.000e+00
  1026.6715    110.505    111.440    33.1578     5.5146          1          1  0.000e+00
  1026.6729    110.587    111.522    33.1590     5.5136          1          1  0.000e+00
  1026.6746    110.679    111.615    33.1605     5.5131          1          1  0.000e+00
  1026.6784    110.780    111.717    33.1647     5.5132          1          1  0.000e+00
  1026.7040    110.887    111.825    33.1968     5.5159          1          1  0.000e+00
  1026.7150    110.986    111.924    33.2120     5.5274          1          1  0.000e+00
  1026.7099    111.072    112.011    33.2076     5.5443          1          1  0.000e+00
  1026.7117    111.137    112.077    33.2117     5.5591          1          1  0.000e+00
  1026.7122    111.177    112.117    33.2143     5.5730          1          1  0.000e+00
  1026.6896    111.183    112.123    33.1877     5.5864          1          1  0.000e+00
  1026.6779    111.154    112.094    33.1736     5.5901          1          1  0.000e+00
  1026.6673    111.102    112.042    33.1601     5.5874          1          1  0.000e+00
  1026.6690    111.026    111.965    33.1616     5.5797          1          1  0.000e+00
  1026.6745    110.934    111.872    33.1680     5.5728          1          1  0.000e+00
  1026.6789    110.838    111.776    33.1735     5.5686          1          1  0.000e+00
  1026.6715    110.746    111.683    33.1645     5.5670          1          1  0.000e+00
  1026.6664    110.660    111.596    33.1578     5.5634          1          1  0.000e+00
  1026.6658    110.589    111.524    33.1567     5.5574          1          1  0.000e+00
  1026.6697    110.537    111.472    33.1611     5.5518          1          1  0.000e+00
  1026.6720    110.500    111.435    33.1635     5.5481          1          1  0.000e+00
  1026.6680    110.486    111.421    33.1583     5.5462          1          1  0.000e+00
  1026.6630    110.493    111.427    33.1515     5.5429          1          1  0.000e+00
  1026.6600    110.517    111.452    33.1466     5.5369          1          1  0.000e+00
  1026.6645    110.562    111.497    33.1510     5.5297          1          1  0.000e+00
  1026.6671    110.625    111.561    33.1529     5.5241          1          1  0.000e+00
  1026.6710    110.701    111.637    33.1568     5.5199          1          1  0.000e+00
  1026.6818    110.782    111.719    33.1696     5.5176          1          1  0.000e+00
  1026.7081    110.870    111.808    33.2028     5.5206          1          1  0.000e+00
  1026.7097    110.951    111.889    33.2065     5.5340          1          1  0.000e+00
  1026.7145    111.027    111.966    33.2144     5.5489          1          1  0.000e+00
  1026.7055    111.088    112.027    33.2050     5.5645          1          1  0.000e+00
  1026.6928    111.126    112.066    33.1905     5.5761          1          1  0.000e+00
  1026.6859    111.141    112.081    33.1825     5.5814          1          1  0.000e+00
  1026.6867    111.137    112.077    33.1837     5.5826          1          1  0.000e+00
  1026.6815    111.111    112.051    33.1774     5.5835          1          1  0.000e+00
  1026.6777    111.063    112.003    33.1727     5.5824          1          1  0.000e+00
  1026.6755    110.996    111.935    33.1699     5.5795          1          1  0.000e+00
  1026.6744    110.914    111.852    33.1684     5.5758          1          1  0.000e+00
  1026.6763    110.826    111.763    33.1708     5.5721          1          1  0.000e+00
  1026.6756    110.726    111.662    33.1701     5.5694          1          1  0.000e+00
  1026.6685    110.630    111.565    33.1613     5.5669          1          1  0.000e+00
  1026.6618    110.536    111.471    33.1526     5.5623          1          1  0.000e+00
  1026.6581    110.451    111.385    33.1473     5.5550          1          1  0.000e+00
  1026.6646    110.388    111.321    33.1547     5.5464          1          1  0.000e+00
  1026.6688    110.344    111.277    33.1593     5.5404          1          1  0.000e+00
  1026.6738    110.331    111.263    33.1652     5.5372          1          1  0.000e+00
  1026.6661    110.352    111.285    33.1551     5.5360          1          1  0.000e+00
  1026.6628    110.408    111.342    33.1501     5.5323          1          1  0.000e+00
  1026.6635    110.495    111.429    33.1496     5.5268          1          1  0.000e+00
  1026.6694    110.612    111.547    33.1555     5.5214          1          1  0.000e+00
  1026.6747    110.747    111.684    33.1609     5.5182          1          1  0.000e+00
  1026.6742    110.892    111.829    33.1593     5.5174          1          1  0.000e+00
  1026.7199    111.030    111.969    33.2164     5.5175          1          1  0.000e+00
  1026.7361    111.153    112.094    33.2386     5.5339          1          1  0.000e+00
  1026.7332    111.247    112.188    33.2385     5.5605          1          1  0.000e+00
  1026.7172    111.304    112.245    33.2215     5.5839          1          1  0.000e+00
  1026.7030    111.328    112.270    33.2059     5.5997          1          1  0.000e+00
  1026.6936    111.314    112.255    33.1954     5.6081          1          1  0.000e+00
  1026.6787    111.266    112.207    33.1772     5.6105          1          1  0.000e+00
  1026.6701    111.190    112.130    33.1661     5.6071          1          1  0.000e+00
  1026.6698    111.095    112.035    33.1651     5.5995          1          1  0.000e+00
  1026.6767    110.991    111.930    33.1734     5.5918          1          1  0.000e+00
  1026.6712    110.884    111.822    33.1663     5.5873          1          1  0.000e+00
  1026.6634    110.787    111.723    33.1561     5.5817          1          1  0.000e+00
  1026.6606    110.699    111.635    33.1519     5.5734          1          1  0.000e+00
  1026.6615    110.628    111.563    33.1520     5.5643          1          1  0.000e+00
  1026.6640    110.572    111.507    33.1542     5.5558          1          1  0.000e+00
  1026.6705    110.540    111.474    33.1616     5.5488          1          1  0.000e+00
  1026.6719    110.524    111.458    33.1628     5.5448          1          1  0.000e+00
  1026.6658    110.527    111.461    33.1547     5.5418          1          1  0.000e+00
  1026.6690    110.545    111.480    33.1578     5.5372          1          1  0.000e+00
  1026.6701    110.573    111.509    33.1585     5.5336          1          1  0.000e+00
  1026.6698    110.607    111.543    33.1576     5.5309          1          1  0.000e+00
  1026.6763    110.648    111.583    33.1651     5.5284          1          1  0.000e+00
  1026.6749    110.687    111.623    33.1631     5.5282          1          1  0.000e+00
  1026.6758    110.726    111.663    33.1640     5.5282          1          1  0.000e+00
  1026.6765    110.764    111.701    33.1647     5.5279          1          1  0.000e+00
  1026.6754    110.806    111.743    33.1630     5.5280          1          1  0.000e+00
  1026.6765    110.845    111.782    33.1641     5.5276          1          1  0.000e+00
  1026.6775    110.886    111.824    33.1651     5.5274          1          1  0.000e+00
  1026.6784    110.926    111.864    33.1661     5.5274          1          1  0.000e+00
  1026.6830    110.962    111.900    33.1717     5.5282          1          1  0.000e+00
  1026.6856    110.989    111.928    33.1752     5.5305          1          1  0.000e+00
  1026.6849    111.010    111.949    33.1748     5.5346          1          1  0.000e+00
  1026.6832    111.019    111.958    33.1731     5.5378          1          1  0.000e+00
  1026.6859    111.016    111.955    33.1769     5.5403          1          1  0.000e+00
  1026.6895    110.992    111.931    33.1821     5.5436          1          1  0.000e+00
  1026.6885    110.956    111.895    33.1817     5.5480          1          1  0.000e+00
  1026.6879    110.912    111.850    33.1818     5.5520          1          1  0.000e+00
  1026.6810    110.857    111.794    33.1741     5.5556          1          1  0.000e+00
  1026.6725    110.804    111.741    33.1636     5.5564          1          1  0.000e+00
  1026.6715    110.751    111.687    33.1623     5.5539          1          1  0.000e+00
  1026.6702    110.705    111.641    33.1605     5.5504          1          1  0.000e+00
  1026.6719    110.670    111.606    33.1623     5.5468          1          1  0.000e+00
  1026.6736    110.646    111.581    33.1641     5.5441          1          1  0.000e+00
  1026.6717    110.631    111.566    33.1615     5.5423          1          1  0.000e+00
  1026.6722    110.630    111.565    33.1619     5.5400          1          1  0.000e+00
  1026.6707    110.638    111.574    33.1597     5.5381          1          1  0.000e+00
  1026.6696    110.655    111.591    33.1578     5.5355          1          1  0.000e+00
  1026.6706    110.683    111.619    33.1584     5.5325          1          1  0.000e+00
  1026.6781    110.720    111.656    33.1672     5.5300          1          1  0.000e+00
  1026.6947    110.761    111.698    33.1882     5.5315          1          1  0.000e+00
  1026.6957    110.811    111.748    33.1904     5.5393          1          1  0.000e+00
  1026.6848    110.863    111.801    33.1777     5.5478          1          1  0.000e+00
  1026.6957    110.915    111.853    33.1914     5.5502          1          1  0.000e+00
  1026.7083    110.963    111.901    33.2081     5.5560          1          1  0.000e+00
  1026.7049    111.005    111.944    33.2053     5.5681          1          1  0.000e+00
  1026.6910    111.037    111.976    33.1890     5.5782          1          1  0.000e+00
  1026.6904    111.052    111.991    33.1890     5.5832          1          1  0.000e+00
  1026.6897    111.051    111.990    33.1886     5.5865          1          1  0.000e+00
  1026.6867    111.030    111.969    33.1853     5.5885          1          1  0.000e+00
  1026.6920    110.996    111.934    33.1923     5.5896          1          1  0.000e+00
  1026.6846    110.941    111.879    33.1837     5.5918          1          1  0.000e+00
  1026.6753    110.875    111.812    33.1723     5.5916          1          1  0.000e+00
  1026.6757    110.811    111.748    33.1725     5.5879          1          1  0.000e+00
  1026.6779    110.750    111.686    33.1751     5.5842          1          1  0.000e+00
  1026.6774    110.699    111.635    33.1743     5.5814          1          1  0.000e+00
  1026.6758    110.666    111.602    33.1721     5.5792          1          1  0.000e+00
  1026.6694    110.651    111.587    33.1637     5.5761          1          1  0.000e+00
  1026.6764    110.655    111.591    33.1718     5.5714          1          1  0.000e+00
  1026.6739    110.677    111.612    33.1682     5.5686          1          1  0.000e+00
  1026.6692    110.709    111.646    33.1615     5.5653          1          1  0.000e+00
  1026.6756    110.752    111.688    33.1685     5.5606          1          1  0.000e+00
  1026.6872    110.798    111.735    33.1827     5.5584          1          1  0.000e+00
  1026.6926    110.842    111.779    33.1897     5.5611          1          1  0.000e+00
  1026.6919    110.883    111.821    33.1893     5.5662          1          1  0.000e+00
  1026.6857    110.916    111.854    33.1820     5.5711          1          1  0.000e+00
  1026.6825    110.941    111.879    33.1781     5.5733          1          1  0.000e+00
  1026.6812    110.957    111.895    33.1765     5.5740          1          1  0.000e+00
  1026.6786    110.970    111.909    33.1730     5.5734          1          1  0.000e+00
  1026.6778    110.983    111.922    33.1717     5.5717          1          1  0.000e+00
  1026.6815    110.992    111.930    33.1760     5.5697          1          1  0.000e+00
  1026.6824    111.002    111.941    33.1771     5.5690          1          1  0.000e+00
  1026.6827    111.011    111.950    33.1774     5.5690          1          1  0.000e+00
  1026.6858    111.012    111.951    33.1813     5.5693          1          1  0.000e+00
  1026.6904    111.006    111.945    33.1873     5.5708          1          1  0.000e+00
  1026.6921    110.987    111.926    33.1902     5.5741          1          1  0.000e+00
  1026.6907    110.952    111.891    33.1892     5.5783          1          1  0.000e+00
  1026.6876    110.901    111.839    33.1861     5.5819          1          1  0.000e+00
  1026.6819    110.837    111.774    33.1797     5.5844          1          1  0.000e+00
  1026.6763    110.760    111.697    33.1731     5.5843          1          1  0.000e+00
  1026.6769    110.675    111.610    33.1739     5.5819          1          1  0.000e+00
  1026.6758    110.587    111.522    33.1727     5.5795          1          1  0.000e+00
  1026.6755    110.501    111.435    33.1724     5.5772          1          1  0.000e+00
  1026.6737    110.425    111.359    33.1703     5.5748          1          1  0.000e+00
  1026.6688    110.364    111.297    33.1641     5.5722          1          1  0.000e+00
  1026.6727    110.324    111.256    33.1687     5.5683          1          1  0.000e+00
  1026.6744    110.309    111.241    33.1705     5.5657          1          1  0.000e+00
