data/eDNA/PER-2021-171/171c013.cnv
* Sea-Bird SBE19plus  Data File:
* FileName = C:\Users\RSG_field\Ryan_2021_Perley\CTD\171c013.hex
* Software version 2.3.0 SB_Terminal.dll
* Temperature SN = 7141
* Conductivity SN = 7141
* System UpLoad Time = Aug 12 2021 11:24:33
* <ApplicationData>
* <SeatermAF>
** Platform: M. Perley
** Cruise: Per2021171
** Station:  ESI_11
** Cast: 01 3
** Latitude: N  44 38.478
** Longitude: W 62 38.353
** Sounding: 76.8
** Chief Scientist: Ryan Stanley
** Comment: 171c013
# nquan = 8
# nvalues = 3622                                  
# units = specified
# name 0 = density00: Density [density, kg/m^3]
# name 1 = depSM: Depth [salt water, m], lat = 45.00
# name 2 = prdM: Pressure, Strain Gauge [db]
# name 3 = sal00: Salinity, Practical [PSU]
# name 4 = tv290C: Temperature [ITS-90, deg C]
# name 5 = bpos: Bottle Position in Carousel
# name 6 = nbf: Bottles Fired
# name 7 = flag:  0.000e+00
# span 0 =   998.6667,  1025.8309                 
# span 1 =     -0.073,     74.445                 
# span 2 =     -0.073,     75.068                 
# span 3 =     0.0000,    32.0945                 
# span 4 =     3.4582,    18.4048                 
# span 5 =          0,          6                 
# span 6 =          0,          6                 
# span 7 = 0.0000e+00, 0.0000e+00                 
# interval = seconds: 0.25
# start_time = Aug 12 2021 14:05:07 [Instrument's time stamp, header]
# bad_flag = -9.990e-29
*END*
[from data line 360]
   998.9963     -0.069     -0.070     0.0081    15.7139          0          0  0.000e+00
   998.9963     -0.070     -0.071     0.0081    15.7140          0          0  0.000e+00
   998.9962     -0.068     -0.069     0.0081    15.7146          0          0  0.000e+00
   998.9962     -0.070     -0.071     0.0081    15.7150          0          0  0.000e+00
   998.9961     -0.069     -0.070     0.0081    15.7153          0          0  0.000e+00
   998.9961     -0.069     -0.070     0.0081    15.7156          0          0  0.000e+00
   998.9960     -0.069     -0.070     0.0081    15.7160          0          0  0.000e+00
   998.9959     -0.068     -0.069     0.0081    15.7165          0          0  0.000e+00
   998.9959     -0.070     -0.071     0.0081    15.7169          0          0  0.000e+00
   998.9958     -0.070     -0.071     0.0081    15.7173          0          0  0.000e+00
   998.9957     -0.067     -0.067     0.0081    15.7179          0          0  0.000e+00
   998.9956     -0.068     -0.069     0.0081    15.7183          0          0  0.000e+00
   998.9956     -0.069     -0.070     0.0081    15.7186          0          0  0.000e+00
   998.9955     -0.068     -0.069     0.0081    15.7191          0          0  0.000e+00
   998.9954     -0.069     -0.070     0.0082    15.7197          0          0  0.000e+00
   998.9954     -0.068     -0.069     0.0081    15.7200          0          0  0.000e+00
   998.9953     -0.069     -0.070     0.0082    15.7207          0          0  0.000e+00
   998.9952     -0.069     -0.070     0.0081    15.7210          0          0  0.000e+00
   998.9952     -0.069     -0.070     0.0082    15.7213          0          0  0.000e+00
   998.9951     -0.068     -0.069     0.0081    15.7215          0          0  0.000e+00
   998.9950     -0.070     -0.071     0.0082    15.7221          0          0  0.000e+00
   998.9949     -0.071     -0.072     0.0081    15.7228          0          0  0.000e+00
   998.9949     -0.067     -0.067     0.0082    15.7232          0          0  0.000e+00
   998.9948     -0.070     -0.071     0.0081    15.7234          0          0  0.000e+00
   998.9948     -0.068     -0.069     0.0081    15.7238          0          0  0.000e+00
   998.9948     -0.068     -0.069     0.0081    15.7239          0          0  0.000e+00
   998.9947     -0.069     -0.070     0.0082    15.7244          0          0  0.000e+00
   998.9946     -0.068     -0.069     0.0082    15.7249          0          0  0.000e+00
   998.9946     -0.069     -0.070     0.0082    15.7253          0          0  0.000e+00
   998.9944     -0.069     -0.070     0.0081    15.7259          0          0  0.000e+00
   998.9944     -0.069     -0.070     0.0081    15.7262          0          0  0.000e+00
   998.9943     -0.069     -0.070     0.0081    15.7265          0          0  0.000e+00
   998.9942     -0.071     -0.072     0.0081    15.7270          0          0  0.000e+00
   998.9942     -0.070     -0.071     0.0082    15.7275          0          0  0.000e+00
   998.9941     -0.067     -0.068     0.0081    15.7280          0          0  0.000e+00
   998.9940     -0.069     -0.070     0.0082    15.7284          0          0  0.000e+00
   998.9940     -0.070     -0.071     0.0081    15.7287          0          0  0.000e+00
   998.9940     -0.067     -0.068     0.0081    15.7288          0          0  0.000e+00
   998.9939     -0.069     -0.070     0.0081    15.7291          0          0  0.000e+00
   998.9939     -0.070     -0.071     0.0081    15.7295          0          0  0.000e+00
   998.9938     -0.070     -0.071     0.0081    15.7298          0          0  0.000e+00
   998.9938     -0.069     -0.070     0.0082    15.7302          0          0  0.000e+00
   998.9937     -0.071     -0.072     0.0081    15.7303          0          0  0.000e+00
   998.9937     -0.069     -0.070     0.0081    15.7307          0          0  0.000e+00
   998.9936     -0.071     -0.072     0.0081    15.7310          0          0  0.000e+00
   998.9936     -0.070     -0.071     0.0082    15.7316          0          0  0.000e+00
   998.9935     -0.070     -0.071     0.0082    15.7320          0          0  0.000e+00
   998.9934     -0.067     -0.068     0.0081    15.7326          0          0  0.000e+00
   998.9933     -0.069     -0.070     0.0082    15.7333          0          0  0.000e+00
   998.9932     -0.069     -0.070     0.0081    15.7337          0          0  0.000e+00
   998.9932     -0.068     -0.069     0.0082    15.7340          0          0  0.000e+00
   998.9930     -0.069     -0.070     0.0081    15.7348          0          0  0.000e+00
   998.9930     -0.069     -0.070     0.0081    15.7351          0          0  0.000e+00
   998.9929     -0.070     -0.071     0.0081    15.7357          0          0  0.000e+00
   998.9928     -0.069     -0.070     0.0081    15.7361          0          0  0.000e+00
   998.9928     -0.068     -0.069     0.0081    15.7363          0          0  0.000e+00
   998.9927     -0.068     -0.069     0.0081    15.7367          0          0  0.000e+00
   998.9927     -0.070     -0.071     0.0081    15.7370          0          0  0.000e+00
   998.9926     -0.069     -0.070     0.0081    15.7374          0          0  0.000e+00
   998.9925     -0.069     -0.070     0.0081    15.7378          0          0  0.000e+00
   998.9925     -0.069     -0.070     0.0082    15.7381          0          0  0.000e+00
   998.9925     -0.070     -0.071     0.0082    15.7382          0          0  0.000e+00
   998.9924     -0.068     -0.069     0.0081    15.7386          0          0  0.000e+00
   998.9923     -0.070     -0.071     0.0081    15.7391          0          0  0.000e+00
   998.9923     -0.069     -0.070     0.0082    15.7395          0          0  0.000e+00
   998.9922     -0.070     -0.071     0.0081    15.7401          0          0  0.000e+00
   998.9922     -0.069     -0.070     0.0082    15.7404          0          0  0.000e+00
   998.9920     -0.070     -0.071     0.0081    15.7410          0          0  0.000e+00
   998.9919     -0.070     -0.071     0.0081    15.7416          0          0  0.000e+00
   998.9919     -0.069     -0.070     0.0082    15.7419          0          0  0.000e+00
   998.9918     -0.068     -0.069     0.0081    15.7423          0          0  0.000e+00
   998.9918     -0.069     -0.070     0.0082    15.7425          0          0  0.000e+00
   998.9917     -0.070     -0.071     0.0081    15.7427          0          0  0.000e+00
   998.9918     -0.068     -0.069     0.0082    15.7428          0          0  0.000e+00
   998.9917     -0.068     -0.069     0.0081    15.7430          0          0  0.000e+00
   998.9917     -0.070     -0.071     0.0081    15.7433          0          0  0.000e+00
   998.9916     -0.066     -0.066     0.0081    15.7435          0          0  0.000e+00
   998.9916     -0.067     -0.068     0.0082    15.7438          0          0  0.000e+00
   998.9915     -0.069     -0.070     0.0081    15.7441          0          0  0.000e+00
   998.9915     -0.070     -0.071     0.0081    15.7444          0          0  0.000e+00
   998.9914     -0.070     -0.071     0.0081    15.7447          0          0  0.000e+00
   998.9914     -0.069     -0.070     0.0081    15.7452          0          0  0.000e+00
   998.9913     -0.070     -0.071     0.0082    15.7455          0          0  0.000e+00
   998.9912     -0.068     -0.069     0.0081    15.7461          0          0  0.000e+00
   998.9911     -0.069     -0.070     0.0082    15.7467          0          0  0.000e+00
   998.9911     -0.068     -0.069     0.0081    15.7470          0          0  0.000e+00
   998.9910     -0.069     -0.070     0.0082    15.7476          0          0  0.000e+00
   998.9909     -0.069     -0.070     0.0081    15.7480          0          0  0.000e+00
   998.9908     -0.070     -0.071     0.0082    15.7487          0          0  0.000e+00
   998.9908     -0.069     -0.070     0.0081    15.7489          0          0  0.000e+00
   998.9907     -0.069     -0.070     0.0082    15.7493          0          0  0.000e+00
   998.9907     -0.069     -0.070     0.0081    15.7495          0          0  0.000e+00
   998.9906     -0.067     -0.068     0.0081    15.7498          0          0  0.000e+00
   998.9906     -0.068     -0.069     0.0081    15.7500          0          0  0.000e+00
   998.9905     -0.069     -0.070     0.0081    15.7504          0          0  0.000e+00
   998.9905     -0.070     -0.071     0.0081    15.7505          0          0  0.000e+00
   998.9904     -0.071     -0.072     0.0081    15.7508          0          0  0.000e+00
   998.9904     -0.069     -0.070     0.0081    15.7512          0          0  0.000e+00
   998.9904     -0.070     -0.071     0.0081    15.7513          0          0  0.000e+00
   998.9904     -0.070     -0.071     0.0081    15.7514          0          0  0.000e+00
   998.9904     -0.069     -0.070     0.0081    15.7515          0          0  0.000e+00
   998.9903     -0.068     -0.069     0.0081    15.7518          0          0  0.000e+00
   998.9903     -0.070     -0.071     0.0081    15.7518          0          0  0.000e+00
   998.9902     -0.069     -0.070     0.0082    15.7523          0          0  0.000e+00
   998.9902     -0.070     -0.071     0.0082    15.7525          0          0  0.000e+00
   998.9902     -0.069     -0.070     0.0082    15.7527          0          0  0.000e+00
   998.9901     -0.069     -0.070     0.0081    15.7529          0          0  0.000e+00
   998.9901     -0.069     -0.070     0.0082    15.7533          0          0  0.000e+00
   998.9900     -0.069     -0.070     0.0082    15.7539          0          0  0.000e+00
   998.9899     -0.070     -0.071     0.0081    15.7541          0          0  0.000e+00
   998.9899     -0.070     -0.071     0.0081    15.7545          0          0  0.000e+00
   998.9899     -0.067     -0.068     0.0082    15.7549          0          0  0.000e+00
   998.9898     -0.070     -0.071     0.0082    15.7553          0          0  0.000e+00
   998.9897     -0.069     -0.070     0.0081    15.7556          0          0  0.000e+00
   998.9897     -0.070     -0.071     0.0082    15.7559          0          0  0.000e+00
   998.9896     -0.072     -0.073     0.0081    15.7561          0          0  0.000e+00
   998.9896     -0.070     -0.071     0.0082    15.7562          0          0  0.000e+00
   998.9896     -0.068     -0.069     0.0081    15.7564          0          0  0.000e+00
   998.9896     -0.068     -0.069     0.0082    15.7565          0          0  0.000e+00
   998.9895     -0.071     -0.072     0.0082    15.7568          0          0  0.000e+00
   998.9895     -0.069     -0.070     0.0081    15.7570          0          0  0.000e+00
   998.9895     -0.069     -0.070     0.0082    15.7571          0          0  0.000e+00
   998.9895     -0.069     -0.070     0.0081    15.7571          0          0  0.000e+00
   998.9894     -0.069     -0.070     0.0082    15.7573          0          0  0.000e+00
   998.9894     -0.068     -0.069     0.0081    15.7573          0          0  0.000e+00
   998.9895     -0.068     -0.069     0.0082    15.7574          0          0  0.000e+00
   998.9894     -0.068     -0.069     0.0082    15.7574          0          0  0.000e+00
   998.9894     -0.069     -0.070     0.0082    15.7572          0          0  0.000e+00
   998.9894     -0.070     -0.071     0.0081    15.7572          0          0  0.000e+00
   998.9895     -0.069     -0.070     0.0082    15.7571          0          0  0.000e+00
   998.9895     -0.069     -0.070     0.0082    15.7568          0          0  0.000e+00
   998.9895     -0.069     -0.070     0.0082    15.7569          0          0  0.000e+00
   998.9895     -0.069     -0.070     0.0082    15.7571          0          0  0.000e+00
   998.9894     -0.070     -0.071     0.0082    15.7574          0          0  0.000e+00
   998.9893     -0.072     -0.073     0.0082    15.7581          0          0  0.000e+00
   998.9893     -0.067     -0.068     0.0082    15.7585          0          0  0.000e+00
   998.9892     -0.069     -0.070     0.0082    15.7590          0          0  0.000e+00
   998.9891     -0.070     -0.071     0.0082    15.7593          0          0  0.000e+00
   998.9891     -0.069     -0.070     0.0082    15.7594          0          0  0.000e+00
   998.9890     -0.069     -0.070     0.0081    15.7598          0          0  0.000e+00
   998.9890     -0.070     -0.071     0.0082    15.7600          0          0  0.000e+00
   998.9890     -0.069     -0.070     0.0082    15.7602          0          0  0.000e+00
   998.9890     -0.069     -0.070     0.0082    15.7604          0          0  0.000e+00
   998.9889     -0.071     -0.072     0.0082    15.7605          0          0  0.000e+00
   998.9889     -0.070     -0.071     0.0081    15.7607          0          0  0.000e+00
   998.9889     -0.069     -0.070     0.0082    15.7608          0          0  0.000e+00
   998.9889     -0.069     -0.070     0.0082    15.7607          0          0  0.000e+00
   998.9889     -0.069     -0.070     0.0081    15.7607          0          0  0.000e+00
   998.9890     -0.068     -0.069     0.0082    15.7603          0          0  0.000e+00
   998.9890     -0.069     -0.070     0.0082    15.7599          0          0  0.000e+00
   998.9891     -0.070     -0.071     0.0082    15.7594          0          0  0.000e+00
   998.9892     -0.069     -0.070     0.0082    15.7587          0          0  0.000e+00
   998.9892     -0.071     -0.072     0.0082    15.7586          0          0  0.000e+00
   998.9892     -0.070     -0.071     0.0082    15.7587          0          0  0.000e+00
   998.9892     -0.068     -0.069     0.0081    15.7589          0          0  0.000e+00
   998.9892     -0.069     -0.070     0.0082    15.7591          0          0  0.000e+00
   998.9891     -0.070     -0.071     0.0082    15.7595          0          0  0.000e+00
   998.9890     -0.069     -0.070     0.0082    15.7602          0          0  0.000e+00
   998.9889     -0.071     -0.072     0.0082    15.7605          0          0  0.000e+00
   998.9888     -0.070     -0.071     0.0082    15.7611          0          0  0.000e+00
   998.9888     -0.070     -0.071     0.0081    15.7615          0          0  0.000e+00
   998.9887     -0.071     -0.072     0.0082    15.7618          0          0  0.000e+00
   998.9887     -0.068     -0.069     0.0082    15.7621          0          0  0.000e+00
   998.9886     -0.069     -0.070     0.0082    15.7623          0          0  0.000e+00
   998.9886     -0.070     -0.071     0.0081    15.7623          0          0  0.000e+00
   998.9886     -0.069     -0.070     0.0082    15.7625          0          0  0.000e+00
   998.9886     -0.070     -0.071     0.0081    15.7626          0          0  0.000e+00
   998.9885     -0.071     -0.072     0.0081    15.7626          0          0  0.000e+00
   998.9886     -0.069     -0.070     0.0082    15.7626          0          0  0.000e+00
   998.9886     -0.070     -0.071     0.0082    15.7625          0          0  0.000e+00
   998.9886     -0.070     -0.071     0.0082    15.7624          0          0  0.000e+00
   998.9886     -0.068     -0.069     0.0082    15.7624          0          0  0.000e+00
   998.9886     -0.070     -0.071     0.0082    15.7625          0          0  0.000e+00
   998.9886     -0.070     -0.071     0.0082    15.7628          0          0  0.000e+00
   998.9885     -0.071     -0.072     0.0082    15.7632          0          0  0.000e+00
   998.9885     -0.071     -0.072     0.0081    15.7633          0          0  0.000e+00
   998.9884     -0.069     -0.070     0.0082    15.7636          0          0  0.000e+00
   998.9884     -0.068     -0.069     0.0082    15.7636          0          0  0.000e+00
   998.9883     -0.070     -0.071     0.0082    15.7641          0          0  0.000e+00
