data/eDNA/PER-2021-171/171c014.cnv
* Sea-Bird SBE19plus  Data File:
* FileName = C:\Users\RSG_field\Ryan_2021_Perley\CTD\171c014.hex
* Software version 2.3.0 SB_Terminal.dll
* Temperature SN = 7141
* Conductivity SN = 7141
* System UpLoad Time = Aug 12 2021 13:29:57
* <ApplicationData>
* <SeatermAF>
** Platform: M. Perley
** Cruise: Per2021171
** Station:  ESI_10
** Cast: 01 3
** Latitude: N  44 41.683
** Longitude: W 62 40.802
** Sounding: 41.5
** Chief Scientist: Ryan Stanley
** Comment: 171c014
# nquan = 8
# nvalues = 2373                                  
# units = specified
# name 0 = density00: Density [density, kg/m^3]
# name 1 = depSM: Depth [salt water, m], lat = 45.00
# name 2 = prdM: Pressure, Strain Gauge [db]
# name 3 = sal00: Salinity, Practical [PSU]
# name 4 = tv290C: Temperature [ITS-90, deg C]
# name 5 = bpos: Bottle Position in Carousel
# name 6 = nbf: Bottles Fired
# name 7 = flag:  0.000e+00
# span 0 =   998.5927,  1024.8856                 
# span 1 =     -0.066,     41.856                 
# span 2 =     -0.067,     42.203                 
# span 3 =     0.0082,    31.8261                 
# span 4 =     4.7745,    18.8798                 
# span 5 =          0,          4                 
# span 6 =          0,          4                 
# span 7 = 0.0000e+00, 0.0000e+00                 
# interval = seconds: 0.25
# start_time = Aug 12 2021 16:17:32 [Instrument's time stamp, header]
# bad_flag = -9.990e-29
*END*
[from data line 1978]
  1024.7790     36.136     36.435    31.1136     4.8708          1          1  0.000e+00
  1024.7848     35.957     36.254    31.1231     4.8789          1          1  0.000e+00
  1024.7792     35.784     36.080    31.1188     4.8914          1          1  0.000e+00
  1024.7792     35.618     35.912    31.1215     4.9043          1          1  0.000e+00
  1024.7831     35.456     35.749    31.1294     4.9192          1          1  0.000e+00
  1024.7754     35.299     35.591    31.1232     4.9395          1          1  0.000e+00
  1024.7636     35.143     35.434    31.1120     4.9601          1          1  0.000e+00
  1024.7613     34.987     35.276    31.1125     4.9771          1          1  0.000e+00
  1024.7789     34.830     35.118    31.1385     4.9984          1          1  0.000e+00
  1024.7662     34.675     34.962    31.1285     5.0367          1          1  0.000e+00
  1024.7489     34.524     34.809    31.1131     5.0776          1          1  0.000e+00
  1024.7279     34.383     34.667    31.0926     5.1148          1          1  0.000e+00
  1024.7141     34.253     34.537    31.0801     5.1449          1          1  0.000e+00
  1024.7410     34.139     34.421    31.1185     5.1727          1          1  0.000e+00
  1024.7218     34.040     34.322    31.1006     5.2140          1          1  0.000e+00
  1024.7218     33.959     34.240    31.1073     5.2587          1          1  0.000e+00
  1024.7090     33.886     34.166    31.0981     5.3062          1          1  0.000e+00
  1024.7156     33.826     34.106    31.1132     5.3509          1          1  0.000e+00
  1024.8215     33.764     34.043    31.2558     5.4099          1          1  0.000e+00
  1024.7428     33.699     33.978    31.1718     5.5157          1          1  0.000e+00
  1024.6540     33.628     33.906    31.0736     5.6114          1          1  0.000e+00
  1024.6723     33.541     33.818    31.1060     5.6709          1          1  0.000e+00
  1024.6223     33.444     33.720    31.0525     5.7338          1          1  0.000e+00
  1024.5849     33.332     33.608    31.0127     5.7805          1          1  0.000e+00
  1024.5625     33.206     33.481    30.9892     5.8091          1          1  0.000e+00
  1024.5530     33.065     33.338    30.9805     5.8262          1          1  0.000e+00
  1024.5669     32.904     33.176    31.0010     5.8388          1          1  0.000e+00
  1024.5706     32.730     33.001    31.0095     5.8579          1          1  0.000e+00
  1024.5615     32.542     32.810    31.0026     5.8815          1          1  0.000e+00
  1024.5661     32.349     32.616    31.0131     5.9050          1          1  0.000e+00
  1024.5547     32.160     32.426    31.0037     5.9313          1          1  0.000e+00
  1024.5452     31.982     32.246    30.9962     5.9547          1          1  0.000e+00
  1024.5407     31.820     32.083    30.9946     5.9750          1          1  0.000e+00
  1024.5315     31.686     31.948    30.9864     5.9934          1          1  0.000e+00
  1024.5262     31.579     31.840    30.9828     6.0092          1          1  0.000e+00
  1024.5211     31.503     31.763    30.9788     6.0230          1          1  0.000e+00
  1024.5174     31.449     31.708    30.9762     6.0348          1          1  0.000e+00
  1024.5113     31.415     31.674    30.9702     6.0445          1          1  0.000e+00
  1024.5105     31.384     31.643    30.9705     6.0521          1          1  0.000e+00
  1024.5069     31.353     31.612    30.9671     6.0592          1          1  0.000e+00
  1024.5056     31.312     31.571    30.9667     6.0650          1          1  0.000e+00
  1024.5047     31.250     31.509    30.9667     6.0705          1          1  0.000e+00
  1024.5009     31.162     31.420    30.9633     6.0763          1          1  0.000e+00
  1024.4952     31.049     31.305    30.9575     6.0814          1          1  0.000e+00
  1024.4950     30.913     31.169    30.9584     6.0839          1          1  0.000e+00
  1024.4932     30.765     31.019    30.9574     6.0863          1          1  0.000e+00
  1024.4911     30.611     30.864    30.9560     6.0882          1          1  0.000e+00
  1024.4912     30.462     30.713    30.9571     6.0892          1          1  0.000e+00
  1024.4919     30.323     30.573    30.9591     6.0910          1          1  0.000e+00
  1024.4900     30.197     30.446    30.9577     6.0932          1          1  0.000e+00
  1024.4897     30.077     30.325    30.9584     6.0953          1          1  0.000e+00
  1024.4871     29.958     30.206    30.9561     6.0975          1          1  0.000e+00
  1024.4853     29.836     30.083    30.9548     6.0988          1          1  0.000e+00
  1024.4881     29.709     29.954    30.9592     6.1001          1          1  0.000e+00
  1024.4852     29.575     29.820    30.9567     6.1026          1          1  0.000e+00
  1024.4853     29.435     29.678    30.9582     6.1050          1          1  0.000e+00
  1024.4874     29.282     29.524    30.9621     6.1082          1          1  0.000e+00
  1024.4875     29.119     29.359    30.9640     6.1136          1          1  0.000e+00
  1024.4866     28.956     29.195    30.9649     6.1204          1          1  0.000e+00
  1024.4866     28.790     29.028    30.9671     6.1284          1          1  0.000e+00
  1024.5015     28.625     28.861    30.9885     6.1383          1          1  0.000e+00
  1024.5019     28.468     28.703    30.9929     6.1579          1          1  0.000e+00
  1024.5232     28.320     28.554    31.0246     6.1831          1          1  0.000e+00
  1024.5803     28.188     28.421    31.1048     6.2285          1          1  0.000e+00
  1024.5480     28.077     28.308    31.0777     6.3138          1          1  0.000e+00
  1024.4606     27.986     28.217    30.9813     6.4025          1          1  0.000e+00
  1024.4708     27.921     28.151    31.0029     6.4554          1          1  0.000e+00
  1024.4193     27.876     28.106    30.9464     6.5099          1          1  0.000e+00
  1024.3809     27.846     28.075    30.9039     6.5480          1          1  0.000e+00
  1024.5000     27.822     28.052    31.0585     6.5687          1          1  0.000e+00
  1024.5063     27.797     28.026    31.0794     6.6491          1          1  0.000e+00
  1024.4218     27.764     27.993    30.9902     6.7593          1          1  0.000e+00
  1024.3603     27.710     27.938    30.9258     6.8417          1          1  0.000e+00
  1024.3261     27.628     27.856    30.8915     6.8953          1          1  0.000e+00
  1024.2984     27.521     27.748    30.8629     6.9317          1          1  0.000e+00
  1024.2818     27.389     27.615    30.8465     6.9555          1          1  0.000e+00
  1024.2661     27.241     27.466    30.8299     6.9704          1          1  0.000e+00
  1024.2672     27.079     27.303    30.8334     6.9778          1          1  0.000e+00
  1024.2819     26.904     27.126    30.8543     6.9848          1          1  0.000e+00
  1024.2819     26.727     26.948    30.8580     7.0008          1          1  0.000e+00
  1024.2779     26.548     26.767    30.8574     7.0216          1          1  0.000e+00
  1024.2756     26.370     26.587    30.8590     7.0431          1          1  0.000e+00
  1024.2602     26.197     26.413    30.8444     7.0662          1          1  0.000e+00
  1024.2487     26.030     26.244    30.8339     7.0851          1          1  0.000e+00
  1024.2445     25.877     26.090    30.8317     7.0990          1          1  0.000e+00
  1024.2420     25.729     25.941    30.8316     7.1119          1          1  0.000e+00
  1024.2371     25.594     25.805    30.8282     7.1244          1          1  0.000e+00
  1024.2354     25.470     25.680    30.8289     7.1368          1          1  0.000e+00
  1024.2256     25.362     25.571    30.8191     7.1492          1          1  0.000e+00
  1024.2201     25.269     25.477    30.8142     7.1585          1          1  0.000e+00
  1024.2201     25.187     25.395    30.8158     7.1653          1          1  0.000e+00
  1024.2241     25.124     25.332    30.8225     7.1727          1          1  0.000e+00
  1024.2404     25.084     25.291    30.8454     7.1834          1          1  0.000e+00
  1024.2503     25.063     25.270    30.8617     7.2054          1          1  0.000e+00
  1024.2393     25.053     25.260    30.8532     7.2374          1          1  0.000e+00
  1024.2229     25.052     25.259    30.8376     7.2687          1          1  0.000e+00
  1024.2017     25.042     25.248    30.8149     7.2935          1          1  0.000e+00
  1024.1864     25.002     25.209    30.7983     7.3089          1          1  0.000e+00
  1024.1792     24.923     25.128    30.7908     7.3157          1          1  0.000e+00
  1024.1737     24.795     24.999    30.7849     7.3184          1          1  0.000e+00
  1024.1721     24.620     24.823    30.7838     7.3178          1          1  0.000e+00
  1024.1737     24.403     24.604    30.7869     7.3161          1          1  0.000e+00
  1024.1786     24.154     24.354    30.7944     7.3153          1          1  0.000e+00
  1024.1832     23.894     24.091    30.8022     7.3179          1          1  0.000e+00
  1024.1883     23.636     23.831    30.8113     7.3242          1          1  0.000e+00
  1024.2041     23.395     23.588    30.8347     7.3344          1          1  0.000e+00
  1024.2048     23.188     23.379    30.8401     7.3546          1          1  0.000e+00
  1024.2005     23.015     23.205    30.8402     7.3804          1          1  0.000e+00
  1024.1964     22.878     23.067    30.8402     7.4069          1          1  0.000e+00
  1024.1907     22.784     22.972    30.8383     7.4351          1          1  0.000e+00
  1024.1958     22.713     22.900    30.8502     7.4639          1          1  0.000e+00
  1024.1866     22.663     22.850    30.8449     7.4991          1          1  0.000e+00
  1024.1740     22.623     22.809    30.8350     7.5331          1          1  0.000e+00
  1024.1832     22.590     22.776    30.8525     7.5655          1          1  0.000e+00
  1024.1803     22.555     22.741    30.8560     7.6060          1          1  0.000e+00
  1024.1548     22.509     22.695    30.8315     7.6501          1          1  0.000e+00
  1024.1330     22.454     22.639    30.8102     7.6849          1          1  0.000e+00
  1024.1205     22.390     22.574    30.7992     7.7108          1          1  0.000e+00
  1024.1262     22.314     22.498    30.8106     7.7327          1          1  0.000e+00
  1024.1206     22.228     22.412    30.8086     7.7587          1          1  0.000e+00
  1024.1172     22.137     22.320    30.8094     7.7844          1          1  0.000e+00
  1024.1027     22.044     22.226    30.7962     7.8109          1          1  0.000e+00
  1024.0968     21.948     22.128    30.7935     7.8348          1          1  0.000e+00
  1024.0812     21.839     22.019    30.7779     7.8559          1          1  0.000e+00
  1024.0738     21.722     21.901    30.7719     7.8713          1          1  0.000e+00
  1024.0696     21.591     21.769    30.7695     7.8836          1          1  0.000e+00
  1024.0839     21.448     21.625    30.7904     7.8939          1          1  0.000e+00
  1024.0860     21.290     21.466    30.7974     7.9128          1          1  0.000e+00
  1024.0944     21.127     21.301    30.8136     7.9383          1          1  0.000e+00
  1024.0774     20.963     21.135    30.7988     7.9712          1          1  0.000e+00
  1024.0608     20.796     20.968    30.7834     7.9979          1          1  0.000e+00
  1024.0846     20.631     20.801    30.8186     8.0193          1          1  0.000e+00
  1024.0677     20.471     20.639    30.8038     8.0513          1          1  0.000e+00
  1024.0591     20.319     20.487    30.7992     8.0819          1          1  0.000e+00
  1024.0473     20.174     20.340    30.7902     8.1101          1          1  0.000e+00
  1024.0465     20.032     20.197    30.7945     8.1350          1          1  0.000e+00
  1024.0295     19.898     20.062    30.7780     8.1592          1          1  0.000e+00
  1024.0248     19.776     19.938    30.7763     8.1789          1          1  0.000e+00
  1024.0221     19.654     19.815    30.7768     8.1967          1          1  0.000e+00
  1024.0372     19.534     19.695    30.8005     8.2172          1          1  0.000e+00
  1024.0630     19.417     19.577    30.8399     8.2489          1          1  0.000e+00
  1024.0293     19.296     19.455    30.8060     8.2943          1          1  0.000e+00
  1024.0620     19.176     19.333    30.8554     8.3327          1          1  0.000e+00
  1024.0327     19.060     19.217    30.8296     8.3915          1          1  0.000e+00
  1023.9763     18.951     19.107    30.7674     8.4406          1          1  0.000e+00
  1023.9870     18.848     19.003    30.7871     8.4696          1          1  0.000e+00
  1023.9415     18.760     18.914    30.7344     8.4961          1          1  0.000e+00
  1023.9397     18.682     18.835    30.7348     8.5079          1          1  0.000e+00
  1024.0066     18.617     18.770    30.8225     8.5179          1          1  0.000e+00
  1023.9913     18.553     18.706    30.8110     8.5584          1          1  0.000e+00
  1023.9725     18.490     18.642    30.7962     8.6055          1          1  0.000e+00
  1023.9451     18.414     18.566    30.7689     8.6441          1          1  0.000e+00
  1023.9471     18.330     18.481    30.7765     8.6683          1          1  0.000e+00
  1023.9636     18.221     18.370    30.8029     8.6934          1          1  0.000e+00
  1023.9105     18.094     18.243    30.7430     8.7310          1          1  0.000e+00
  1023.9008     17.951     18.099    30.7348     8.7483          1          1  0.000e+00
  1023.9072     17.792     17.939    30.7457     8.7578          1          1  0.000e+00
  1023.9113     17.630     17.775    30.7544     8.7709          1          1  0.000e+00
  1023.9158     17.463     17.606    30.7642     8.7875          1          1  0.000e+00
  1023.9283     17.299     17.442    30.7853     8.8088          1          1  0.000e+00
  1023.9143     17.137     17.278    30.7738     8.8371          1          1  0.000e+00
  1023.9305     16.986     17.125    30.8011     8.8673          1          1  0.000e+00
  1023.9378     16.845     16.983    30.8192     8.9082          1          1  0.000e+00
  1023.8733     16.716     16.854    30.7467     8.9561          1          1  0.000e+00
  1023.8611     16.600     16.736    30.7362     8.9787          1          1  0.000e+00
  1023.8659     16.487     16.623    30.7451     8.9895          1          1  0.000e+00
  1023.8920     16.389     16.524    30.7820     9.0043          1          1  0.000e+00
  1023.9180     16.292     16.426    30.8222     9.0375          1          1  0.000e+00
  1023.9064     16.200     16.333    30.8176     9.0873          1          1  0.000e+00
  1023.9385     16.109     16.241    30.8693     9.1385          1          1  0.000e+00
  1023.8910     16.014     16.145    30.8230     9.2097          1          1  0.000e+00
  1023.9047     15.913     16.044    30.8542     9.2756          1          1  0.000e+00
  1023.8844     15.799     15.929    30.8430     9.3465          1          1  0.000e+00
  1023.8257     15.678     15.806    30.7822     9.4147          2          2  0.000e+00
  1023.7861     15.540     15.668    30.7416     9.4617          2          2  0.000e+00
  1023.7906     15.396     15.522    30.7535     9.4880          2          2  0.000e+00
  1023.7941     15.245     15.370    30.7638     9.5122          2          2  0.000e+00
  1023.7821     15.097     15.221    30.7550     9.5405          2          2  0.000e+00
  1023.8037     14.958     15.081    30.7894     9.5696          2          2  0.000e+00
