data/eDNA/PER-2021-171/171c006.cnv
* Sea-Bird SBE19plus  Data File:
* FileName = C:\Users\RSG_field\Ryan_2021_Perley\CTD\171c006.hex
* Software version 2.3.0 SB_Terminal.dll
* Temperature SN = 7141
* Conductivity SN = 7141
* System UpLoad Time = Aug 12 2021 16:47:09
* <ApplicationData>
* <SeatermAF>
** Platform: M. Perley
** Cruise: Per2021171
** Station:  GC_06
** Cast: 01 3
** Latitude: N  44 46.942
** Longitude: W 62 26.613
** Sounding: 22.8
** Chief Scientist: Ryan Stanley
** Comment: 171c006
# nquan = 8
# nvalues = 2436                                  
# units = specified
# name 0 = density00: Density [density, kg/m^3]
# name 1 = depSM: Depth [salt water, m], lat = 45.00
# name 2 = prdM: Pressure, Strain Gauge [db]
# name 3 = sal00: Salinity, Practical [PSU]
# name 4 = tv290C: Temperature [ITS-90, deg C]
# name 5 = bpos: Bottle Position in Carousel
# name 6 = nbf: Bottles Fired
# name 7 = flag:  0.000e+00
# span 0 =   998.7005,  1023.9296                 
# span 1 =     -0.073,     23.005                 
# span 2 =     -0.074,     23.195                 
# span 3 =     0.0082,    31.1219                 
# span 4 =     8.9481,    18.7654                 
# span 5 =          0,          3                 
# span 6 =          0,          3                 
# span 7 = 0.0000e+00, 0.0000e+00                 
# interval = seconds: 0.25
# start_time = Aug 12 2021 19:35:33 [Instrument's time stamp, header]
# bad_flag = -9.990e-29
*END*
[from data line 1978]
   998.8052     -0.055     -0.056     0.0086    16.8694          3          3  0.000e+00
   998.8080     -0.055     -0.056     0.0086    16.8527          3          3  0.000e+00
   998.8110     -0.057     -0.058     0.0086    16.8356          3          3  0.000e+00
   998.8138     -0.056     -0.057     0.0086    16.8189          3          3  0.000e+00
   998.8166     -0.056     -0.057     0.0086    16.8030          3          3  0.000e+00
   998.8192     -0.056     -0.057     0.0086    16.7877          3          3  0.000e+00
   998.8217     -0.055     -0.056     0.0086    16.7732          3          3  0.000e+00
   998.8243     -0.055     -0.056     0.0085    16.7581          3          3  0.000e+00
   998.8267     -0.055     -0.056     0.0085    16.7439          3          3  0.000e+00
   998.8291     -0.057     -0.058     0.0085    16.7298          3          3  0.000e+00
   998.8314     -0.057     -0.058     0.0085    16.7161          3          3  0.000e+00
   998.8337     -0.058     -0.059     0.0085    16.7024          3          3  0.000e+00
   998.8361     -0.058     -0.059     0.0085    16.6886          3          3  0.000e+00
   998.8384     -0.057     -0.058     0.0086    16.6753          3          3  0.000e+00
   998.8404     -0.060     -0.061     0.0085    16.6629          3          3  0.000e+00
   998.8425     -0.058     -0.059     0.0085    16.6505          3          3  0.000e+00
   998.8446     -0.058     -0.059     0.0085    16.6384          3          3  0.000e+00
   998.8467     -0.057     -0.058     0.0085    16.6262          3          3  0.000e+00
   998.8487     -0.058     -0.059     0.0085    16.6143          3          3  0.000e+00
   998.8506     -0.058     -0.059     0.0085    16.6028          3          3  0.000e+00
   998.8525     -0.058     -0.059     0.0085    16.5917          3          3  0.000e+00
   998.8544     -0.057     -0.058     0.0085    16.5805          3          3  0.000e+00
   998.8563     -0.059     -0.060     0.0085    16.5693          3          3  0.000e+00
   998.8582     -0.058     -0.059     0.0085    16.5578          3          3  0.000e+00
   998.8604     -0.058     -0.059     0.0085    16.5451          3          3  0.000e+00
   998.8624     -0.057     -0.058     0.0085    16.5329          3          3  0.000e+00
   998.8645     -0.056     -0.057     0.0085    16.5208          3          3  0.000e+00
   998.8664     -0.057     -0.058     0.0085    16.5091          3          3  0.000e+00
   998.8683     -0.056     -0.057     0.0085    16.4983          3          3  0.000e+00
   998.8701     -0.055     -0.056     0.0084    16.4871          3          3  0.000e+00
   998.8719     -0.058     -0.059     0.0084    16.4763          3          3  0.000e+00
   998.8737     -0.057     -0.058     0.0084    16.4658          3          3  0.000e+00
   998.8754     -0.056     -0.057     0.0085    16.4559          3          3  0.000e+00
   998.8770     -0.056     -0.057     0.0084    16.4461          3          3  0.000e+00
   998.8787     -0.056     -0.057     0.0084    16.4359          3          3  0.000e+00
   998.8805     -0.058     -0.059     0.0084    16.4251          3          3  0.000e+00
   998.8824     -0.056     -0.057     0.0084    16.4138          3          3  0.000e+00
   998.8842     -0.058     -0.059     0.0084    16.4029          3          3  0.000e+00
   998.8858     -0.057     -0.058     0.0084    16.3932          3          3  0.000e+00
   998.8873     -0.057     -0.058     0.0084    16.3841          3          3  0.000e+00
   998.8888     -0.057     -0.058     0.0084    16.3754          3          3  0.000e+00
   998.8902     -0.055     -0.056     0.0084    16.3667          3          3  0.000e+00
   998.8917     -0.059     -0.060     0.0084    16.3579          3          3  0.000e+00
   998.8931     -0.059     -0.060     0.0084    16.3495          3          3  0.000e+00
   998.8944     -0.058     -0.059     0.0084    16.3416          3          3  0.000e+00
   998.8957     -0.057     -0.058     0.0084    16.3335          3          3  0.000e+00
   998.8970     -0.058     -0.059     0.0084    16.3260          3          3  0.000e+00
   998.8982     -0.058     -0.059     0.0084    16.3185          3          3  0.000e+00
   998.8996     -0.057     -0.058     0.0084    16.3104          3          3  0.000e+00
   998.9009     -0.056     -0.057     0.0084    16.3024          3          3  0.000e+00
   998.9022     -0.055     -0.056     0.0084    16.2948          3          3  0.000e+00
   998.9035     -0.057     -0.058     0.0084    16.2870          3          3  0.000e+00
   998.9049     -0.057     -0.058     0.0084    16.2784          3          3  0.000e+00
   998.9061     -0.057     -0.058     0.0083    16.2708          3          3  0.000e+00
   998.9074     -0.059     -0.060     0.0084    16.2630          3          3  0.000e+00
   998.9086     -0.058     -0.059     0.0084    16.2560          3          3  0.000e+00
   998.9096     -0.058     -0.059     0.0083    16.2496          3          3  0.000e+00
   998.9107     -0.056     -0.057     0.0083    16.2432          3          3  0.000e+00
   998.9117     -0.058     -0.059     0.0083    16.2370          3          3  0.000e+00
   998.9127     -0.057     -0.058     0.0083    16.2310          3          3  0.000e+00
   998.9137     -0.056     -0.057     0.0083    16.2251          3          3  0.000e+00
   998.9146     -0.059     -0.060     0.0083    16.2194          3          3  0.000e+00
   998.9155     -0.058     -0.059     0.0083    16.2140          3          3  0.000e+00
   998.9164     -0.055     -0.056     0.0083    16.2085          3          3  0.000e+00
   998.9172     -0.057     -0.058     0.0083    16.2034          3          3  0.000e+00
   998.9181     -0.056     -0.057     0.0083    16.1981          3          3  0.000e+00
   998.9189     -0.057     -0.058     0.0083    16.1932          3          3  0.000e+00
   998.9198     -0.057     -0.058     0.0083    16.1881          3          3  0.000e+00
   998.9205     -0.057     -0.058     0.0083    16.1835          3          3  0.000e+00
   998.9213     -0.058     -0.059     0.0083    16.1786          3          3  0.000e+00
   998.9220     -0.056     -0.057     0.0083    16.1743          3          3  0.000e+00
   998.9227     -0.057     -0.058     0.0083    16.1700          3          3  0.000e+00
   998.9234     -0.058     -0.059     0.0083    16.1657          3          3  0.000e+00
   998.9241     -0.058     -0.059     0.0083    16.1614          3          3  0.000e+00
   998.9249     -0.058     -0.059     0.0083    16.1569          3          3  0.000e+00
   998.9257     -0.057     -0.058     0.0083    16.1520          3          3  0.000e+00
   998.9266     -0.057     -0.058     0.0083    16.1463          3          3  0.000e+00
   998.9275     -0.059     -0.060     0.0083    16.1411          3          3  0.000e+00
   998.9285     -0.057     -0.058     0.0083    16.1348          3          3  0.000e+00
   998.9295     -0.055     -0.056     0.0083    16.1286          3          3  0.000e+00
   998.9304     -0.056     -0.057     0.0083    16.1231          3          3  0.000e+00
   998.9312     -0.057     -0.058     0.0083    16.1184          3          3  0.000e+00
   998.9318     -0.057     -0.058     0.0083    16.1145          3          3  0.000e+00
   998.9324     -0.058     -0.059     0.0083    16.1109          3          3  0.000e+00
   998.9330     -0.058     -0.059     0.0083    16.1072          3          3  0.000e+00
   998.9335     -0.057     -0.058     0.0083    16.1040          3          3  0.000e+00
   998.9342     -0.057     -0.058     0.0083    16.1004          3          3  0.000e+00
   998.9348     -0.055     -0.056     0.0083    16.0964          3          3  0.000e+00
   998.9355     -0.057     -0.058     0.0083    16.0916          3          3  0.000e+00
   998.9364     -0.058     -0.059     0.0083    16.0864          3          3  0.000e+00
   998.9372     -0.056     -0.057     0.0083    16.0812          3          3  0.000e+00
   998.9381     -0.056     -0.057     0.0083    16.0760          3          3  0.000e+00
   998.9389     -0.055     -0.056     0.0083    16.0710          3          3  0.000e+00
   998.9396     -0.055     -0.056     0.0083    16.0670          3          3  0.000e+00
   998.9400     -0.056     -0.057     0.0083    16.0643          3          3  0.000e+00
   998.9406     -0.058     -0.059     0.0083    16.0607          3          3  0.000e+00
   998.9413     -0.056     -0.057     0.0082    16.0561          3          3  0.000e+00
   998.9421     -0.056     -0.057     0.0082    16.0516          3          3  0.000e+00
   998.9429     -0.056     -0.057     0.0082    16.0468          3          3  0.000e+00
   998.9436     -0.055     -0.056     0.0082    16.0423          3          3  0.000e+00
   998.9443     -0.056     -0.057     0.0082    16.0378          3          3  0.000e+00
   998.9450     -0.056     -0.057     0.0083    16.0341          3          3  0.000e+00
   998.9454     -0.057     -0.058     0.0082    16.0314          3          3  0.000e+00
   998.9458     -0.058     -0.059     0.0082    16.0287          3          3  0.000e+00
   998.9464     -0.057     -0.058     0.0082    16.0251          3          3  0.000e+00
   998.9470     -0.056     -0.057     0.0082    16.0214          3          3  0.000e+00
   998.9476     -0.056     -0.057     0.0082    16.0176          3          3  0.000e+00
   998.9483     -0.055     -0.056     0.0082    16.0134          3          3  0.000e+00
   998.9489     -0.056     -0.057     0.0082    16.0095          3          3  0.000e+00
   998.9495     -0.056     -0.057     0.0082    16.0056          3          3  0.000e+00
   998.9501     -0.056     -0.057     0.0082    16.0022          3          3  0.000e+00
   998.9505     -0.057     -0.058     0.0082    15.9996          3          3  0.000e+00
   998.9510     -0.056     -0.057     0.0082    15.9967          3          3  0.000e+00
   998.9515     -0.057     -0.058     0.0082    15.9937          3          3  0.000e+00
   998.9517     -0.056     -0.057     0.0082    15.9921          3          3  0.000e+00
   999.1744     -0.056     -0.057     0.2959    15.9905          3          3  0.000e+00
   999.2263     -0.057     -0.058     0.3627    15.9886          3          3  0.000e+00
   999.1020     -0.056     -0.057     0.2013    15.9863          3          3  0.000e+00
   999.0611     -0.056     -0.057     0.1484    15.9870          3          3  0.000e+00
   999.0414     -0.056     -0.057     0.1245    15.9944          3          3  0.000e+00
   999.0288     -0.056     -0.057     0.1104    16.0047          3          3  0.000e+00
   999.0191     -0.056     -0.057     0.1000    16.0149          3          3  0.000e+00
   999.0101     -0.057     -0.058     0.0903    16.0236          3          3  0.000e+00
   998.9919     -0.056     -0.057     0.0681    16.0303          3          3  0.000e+00
   998.9456     -0.056     -0.057     0.0096    16.0365          3          3  0.000e+00
   998.9441     -0.055     -0.056     0.0088    16.0420          3          3  0.000e+00
   998.9429     -0.055     -0.056     0.0082    16.0463          3          3  0.000e+00
   998.9423     -0.058     -0.059     0.0082    16.0500          3          3  0.000e+00
   998.9419     -0.057     -0.058     0.0082    16.0526          3          3  0.000e+00
   998.9416     -0.057     -0.058     0.0082    16.0545          3          3  0.000e+00
   998.9414     -0.056     -0.057     0.0082    16.0559          3          3  0.000e+00
   998.9412     -0.055     -0.056     0.0082    16.0572          3          3  0.000e+00
   999.5097     -0.058     -0.059     0.7450    16.0581          3          3  0.000e+00
   999.1656     -0.057     -0.058     0.2989    16.0590          3          3  0.000e+00
   999.1131     -0.055     -0.056     0.2313    16.0603          3          3  0.000e+00
   999.0891     -0.056     -0.057     0.2011    16.0644          3          3  0.000e+00
   999.0700     -0.056     -0.057     0.1779    16.0719          3          3  0.000e+00
   999.0513     -0.057     -0.058     0.1557    16.0813          3          3  0.000e+00
   999.0295     -0.055     -0.055     0.1294    16.0904          3          3  0.000e+00
   999.0114     -0.056     -0.057     0.1077    16.0983          3          3  0.000e+00
   998.9734     -0.055     -0.055     0.0599    16.1048          3          3  0.000e+00
   998.9427     -0.056     -0.057     0.0213    16.1100          3          3  0.000e+00
   998.9320     -0.058     -0.059     0.0084    16.1141          3          3  0.000e+00
   998.9313     -0.056     -0.057     0.0083    16.1175          3          3  0.000e+00
   998.9309     -0.056     -0.057     0.0083    16.1201          3          3  0.000e+00
   998.9305     -0.056     -0.057     0.0083    16.1224          3          3  0.000e+00
   998.9302     -0.058     -0.059     0.0083    16.1243          3          3  0.000e+00
   998.9300     -0.057     -0.058     0.0083    16.1259          3          3  0.000e+00
   998.9295     -0.057     -0.058     0.0083    16.1286          3          3  0.000e+00
   998.9290     -0.056     -0.057     0.0083    16.1316          3          3  0.000e+00
   998.9286     -0.055     -0.055     0.0083    16.1343          3          3  0.000e+00
   998.9283     -0.057     -0.058     0.0083    16.1359          3          3  0.000e+00
   998.9281     -0.055     -0.055     0.0083    16.1372          3          3  0.000e+00
   998.9279     -0.056     -0.057     0.0083    16.1383          3          3  0.000e+00
   998.9278     -0.054     -0.054     0.0083    16.1393          3          3  0.000e+00
   998.9276     -0.056     -0.057     0.0083    16.1403          3          3  0.000e+00
   998.9275     -0.055     -0.055     0.0083    16.1410          3          3  0.000e+00
   998.9274     -0.056     -0.057     0.0083    16.1415          3          3  0.000e+00
   998.9273     -0.054     -0.054     0.0083    16.1420          3          3  0.000e+00
   998.9273     -0.056     -0.057     0.0083    16.1422          3          3  0.000e+00
   998.9273     -0.057     -0.058     0.0083    16.1424          3          3  0.000e+00
   998.9272     -0.056     -0.057     0.0083    16.1425          3          3  0.000e+00
   998.9273     -0.057     -0.058     0.0083    16.1422          3          3  0.000e+00
   998.9274     -0.056     -0.057     0.0083    16.1417          3          3  0.000e+00
   998.9275     -0.055     -0.055     0.0083    16.1409          3          3  0.000e+00
   998.9276     -0.057     -0.058     0.0083    16.1401          3          3  0.000e+00
   998.9278     -0.057     -0.058     0.0083    16.1391          3          3  0.000e+00
   998.9279     -0.056     -0.057     0.0083    16.1382          3          3  0.000e+00
   999.1660     -0.055     -0.055     0.3161    16.1372          3          3  0.000e+00
   999.2215     -0.056     -0.057     0.3879    16.1366          3          3  0.000e+00
   999.0813     -0.057     -0.058     0.2060    16.1355          3          3  0.000e+00
   999.0325     -0.058     -0.059     0.1428    16.1349          3          3  0.000e+00
   999.0204     -0.056     -0.057     0.1272    16.1358          3          3  0.000e+00
   999.0071     -0.056     -0.057     0.1107    16.1383          3          3  0.000e+00
   998.9829     -0.056     -0.057     0.0802    16.1422          3          3  0.000e+00
   999.0700     -0.056     -0.057     0.1937    16.1464          3          3  0.000e+00
   999.4776     -0.056     -0.057     0.7231    16.1505          3          3  0.000e+00
   999.1933     -0.057     -0.058     0.3551    16.1541          3          3  0.000e+00
   999.1584     -0.055     -0.055     0.3109    16.1593          3          3  0.000e+00
