data/eDNA/PER-2021-171/171c010.cnv
* Sea-Bird SBE19plus  Data File:
* FileName = C:\Users\RSG_field\Ryan_2021_Perley\CTD\171c010.hex
* Software version 2.3.0 SB_Terminal.dll
* Temperature SN = 7141
* Conductivity SN = 7141
* System UpLoad Time = Aug 11 2021 14:20:07
* <ApplicationData>
* <SeatermAF>
** Platform: M. Perley
** Cruise: Per2021171
** Station:  ESI_14
** Cast: 01 3
** Latitude: N  44 36.505
** Longitude: W 62 55.814
** Sounding: 23.5
** Chief Scientist: Ryan Stanley
** Comment: 171c010
# nquan = 8
# nvalues = 2214                                  
# units = specified
# name 0 = density00: Density [density, kg/m^3]
# name 1 = depSM: Depth [salt water, m], lat = 45.00
# name 2 = prdM: Pressure, Strain Gauge [db]
# name 3 = sal00: Salinity, Practical [PSU]
# name 4 = tv290C: Temperature [ITS-90, deg C]
# name 5 = bpos: Bottle Position in Carousel
# name 6 = nbf: Bottles Fired
# name 7 = flag:  0.000e+00
# span 0 =   998.6960,  1024.6250                 
# span 1 =     -0.027,     25.167                 
# span 2 =     -0.027,     25.375                 
# span 3 =     0.0000,    31.8245                 
# span 4 =     6.0741,    18.4800                 
# span 5 =          0,          4                 
# span 6 =          0,          4                 
# span 7 = 0.0000e+00, 0.0000e+00                 
# interval = seconds: 0.25
# start_time = Aug 11 2021 17:08:21 [Instrument's time stamp, header]
# bad_flag = -9.990e-29
*END*
[from data line 180]
  1022.0005      1.479      1.491    30.7346    18.0604          0          0  0.000e+00
  1022.0030      1.518      1.531    30.7461    18.0874          0          0  0.000e+00
  1021.9847      1.561      1.574    30.7382    18.1390          0          0  0.000e+00
  1021.9535      1.596      1.609    30.7147    18.1948          0          0  0.000e+00
  1021.9252      1.628      1.641    30.6915    18.2390          0          0  0.000e+00
  1021.9049      1.662      1.675    30.6750    18.2717          0          0  0.000e+00
  1021.8977      1.687      1.701    30.6707    18.2880          0          0  0.000e+00
  1021.9226      1.708      1.722    30.6919    18.2527          0          0  0.000e+00
  1021.9232      1.716      1.730    30.6773    18.2040          0          0  0.000e+00
  1021.9117      1.711      1.725    30.6564    18.1855          0          0  0.000e+00
  1021.8944      1.688      1.702    30.6360    18.1923          0          0  0.000e+00
  1021.8960      1.648      1.661    30.6376    18.1898          0          0  0.000e+00
  1021.9271      1.597      1.610    30.6681    18.1563          0          0  0.000e+00
  1021.9544      1.546      1.559    30.6943    18.1253          0          0  0.000e+00
  1021.9696      1.493      1.505    30.7080    18.1045          0          0  0.000e+00
  1021.9792      1.462      1.474    30.7183    18.0971          0          0  0.000e+00
  1021.9940      1.469      1.481    30.7367    18.0941          0          0  0.000e+00
  1021.9982      1.495      1.507    30.7421    18.0941          0          0  0.000e+00
  1022.0039      1.518      1.531    30.7493    18.0938          0          0  0.000e+00
  1022.0068      1.535      1.548    30.7500    18.0841          0          0  0.000e+00
  1022.0008      1.540      1.552    30.7404    18.0788          0          0  0.000e+00
  1021.9901      1.527      1.539    30.7254    18.0753          0          0  0.000e+00
  1021.9858      1.512      1.524    30.7198    18.0750          0          0  0.000e+00
  1021.9813      1.501      1.514    30.7147    18.0774          0          0  0.000e+00
  1021.9750      1.499      1.512    30.7071    18.0792          0          0  0.000e+00
  1021.9714      1.510      1.522    30.7025    18.0800          0          0  0.000e+00
  1021.9775      1.529      1.542    30.7103    18.0801          0          0  0.000e+00
  1021.9808      1.553      1.566    30.7145    18.0797          0          0  0.000e+00
  1021.9839      1.579      1.592    30.7180    18.0787          0          0  0.000e+00
  1021.9852      1.598      1.611    30.7184    18.0746          0          0  0.000e+00
  1021.9938      1.612      1.625    30.7238    18.0564          0          0  0.000e+00
  1021.9980      1.615      1.628    30.7240    18.0396          0          0  0.000e+00
  1022.0014      1.611      1.624    30.7261    18.0321          0          0  0.000e+00
  1022.0012      1.602      1.615    30.7257    18.0315          0          0  0.000e+00
  1021.9982      1.598      1.611    30.7224    18.0333          0          0  0.000e+00
  1021.9971      1.600      1.613    30.7210    18.0338          0          0  0.000e+00
  1022.0013      1.596      1.609    30.7251    18.0291          0          0  0.000e+00
  1022.0065      1.587      1.600    30.7297    18.0219          0          0  0.000e+00
  1022.0097      1.585      1.598    30.7317    18.0148          0          0  0.000e+00
  1022.0133      1.578      1.591    30.7348    18.0093          0          0  0.000e+00
  1022.0205      1.564      1.577    30.7428    18.0045          0          0  0.000e+00
  1022.0306      1.547      1.560    30.7548    18.0008          0          0  0.000e+00
  1022.0389      1.527      1.539    30.7652    17.9987          0          0  0.000e+00
  1022.0413      1.504      1.516    30.7670    17.9941          0          0  0.000e+00
  1022.0303      1.493      1.505    30.7510    17.9884          0          0  0.000e+00
  1022.0232      1.504      1.516    30.7406    17.9852          0          0  0.000e+00
  1022.0223      1.536      1.549    30.7387    17.9835          0          0  0.000e+00
  1022.0266      1.570      1.583    30.7451    17.9870          0          0  0.000e+00
  1022.0324      1.602      1.615    30.7518    17.9843          0          0  0.000e+00
  1022.0499      1.627      1.640    30.7673    17.9614          0          0  0.000e+00
  1022.0649      1.631      1.644    30.7802    17.9400          0          0  0.000e+00
  1022.0756      1.619      1.632    30.7914    17.9309          0          0  0.000e+00
  1022.0812      1.599      1.612    30.7990    17.9312          0          0  0.000e+00
  1022.0781      1.569      1.582    30.7971    17.9376          0          0  0.000e+00
  1022.0699      1.539      1.551    30.7892    17.9460          0          0  0.000e+00
  1022.0517      1.525      1.537    30.7688    17.9567          0          0  0.000e+00
  1022.0376      1.530      1.543    30.7520    17.9622          0          0  0.000e+00
  1022.0351      1.544      1.556    30.7490    17.9631          0          0  0.000e+00
  1022.0316      1.561      1.574    30.7440    17.9623          0          0  0.000e+00
  1022.0306      1.581      1.594    30.7426    17.9622          0          0  0.000e+00
  1022.0345      1.602      1.615    30.7455    17.9556          0          0  0.000e+00
  1022.0459      1.610      1.623    30.7555    17.9400          0          0  0.000e+00
  1022.0578      1.609      1.622    30.7669    17.9266          0          0  0.000e+00
  1022.0687      1.602      1.615    30.7786    17.9184          0          0  0.000e+00
  1022.0652      1.582      1.595    30.7734    17.9163          0          0  0.000e+00
  1022.0852      1.557      1.569    30.8047    17.9320          0          0  0.000e+00
  1022.0529      1.523      1.535    30.7741    17.9683          0          0  0.000e+00
  1022.0255      1.495      1.507    30.7461    17.9932          0          0  0.000e+00
  1022.0169      1.471      1.483    30.7379    18.0022          0          0  0.000e+00
  1022.0089      1.460      1.472    30.7278    18.0037          0          0  0.000e+00
  1022.0158      1.465      1.477    30.7358    18.0005          0          0  0.000e+00
  1022.0232      1.492      1.504    30.7453    18.0004          0          0  0.000e+00
  1022.0695      1.535      1.548    30.8076    18.0063          0          0  0.000e+00
  1021.9397      1.585      1.598    30.6466    18.0357          0          0  0.000e+00
  1021.9331      1.633      1.646    30.6282    18.0052          0          0  0.000e+00
  1021.9641      1.672      1.686    30.6502    17.9464          0          0  0.000e+00
  1022.0058      1.692      1.706    30.6896    17.8986          0          0  0.000e+00
  1022.0367      1.694      1.708    30.7218    17.8722          0          0  0.000e+00
  1022.0471      1.676      1.690    30.7335    17.8655          0          0  0.000e+00
  1022.0616      1.635      1.648    30.7534    17.8682          0          0  0.000e+00
  1022.0544      1.587      1.600    30.7483    17.8809          0          0  0.000e+00
  1022.0455      1.544      1.556    30.7406    17.8925          0          0  0.000e+00
  1022.0435      1.506      1.518    30.7402    17.8992          0          0  0.000e+00
  1022.0407      1.477      1.489    30.7385    17.9048          0          0  0.000e+00
  1022.0302      1.460      1.472    30.7260    17.9087          0          0  0.000e+00
  1022.0297      1.448      1.460    30.7250    17.9073          0          0  0.000e+00
  1022.0354      1.446      1.458    30.7313    17.9035          0          0  0.000e+00
  1022.0339      1.460      1.472    30.7291    17.9028          0          0  0.000e+00
  1022.0115      1.486      1.498    30.6994    17.9021          0          0  0.000e+00
  1022.0182      1.522      1.534    30.7040    17.8897          0          0  0.000e+00
  1022.0851      1.579      1.592    30.7880    17.8791          0          0  0.000e+00
  1022.0819      1.650      1.663    30.7921    17.9073          0          0  0.000e+00
  1021.9641      1.720      1.734    30.6478    17.9399          0          0  0.000e+00
  1021.9686      1.777      1.792    30.6442    17.9105          0          0  0.000e+00
  1022.0042      1.811      1.826    30.6770    17.8669          0          0  0.000e+00
  1022.0202      1.812      1.827    30.6885    17.8368          0          0  0.000e+00
  1022.0432      1.782      1.797    30.7123    17.8160          0          0  0.000e+00
  1022.0739      1.720      1.734    30.7509    17.8098          0          0  0.000e+00
  1022.0954      1.634      1.647    30.7838    17.8237          0          0  0.000e+00
  1022.0714      1.533      1.546    30.7626    17.8545          0          0  0.000e+00
  1022.0527      1.446      1.458    30.7455    17.8767          0          0  0.000e+00
  1022.0487      1.371      1.382    30.7445    17.8887          0          0  0.000e+00
  1022.0387      1.328      1.338    30.7346    17.8981          0          0  0.000e+00
  1022.0384      1.306      1.317    30.7359    17.9028          0          0  0.000e+00
  1022.0504      1.309      1.319    30.7526    17.9059          0          0  0.000e+00
  1022.0835      1.328      1.338    30.8002    17.9206          0          0  0.000e+00
  1022.0673      1.360      1.372    30.7895    17.9547          0          0  0.000e+00
  1022.1002      1.402      1.413    30.8437    17.9911          0          0  0.000e+00
  1022.0654      1.456      1.468    30.8132    18.0397          0          0  0.000e+00
  1022.0385      1.517      1.530    30.7909    18.0821          0          0  0.000e+00
  1021.9737      1.592      1.605    30.7168    18.1171          0          0  0.000e+00
  1021.9619      1.665      1.678    30.6996    18.1133          0          0  0.000e+00
  1021.9137      1.736      1.750    30.6274    18.0857          0          0  0.000e+00
  1021.9073      1.801      1.816    30.5999    18.0260          0          0  0.000e+00
  1021.9632      1.850      1.865    30.6497    17.9522          0          0  0.000e+00
  1022.0068      1.879      1.894    30.6913    17.9031          0          0  0.000e+00
  1022.0342      1.879      1.894    30.7197    17.8793          0          0  0.000e+00
  1022.0509      1.850      1.865    30.7392    17.8714          0          0  0.000e+00
  1022.0857      1.791      1.805    30.7868    17.8769          0          0  0.000e+00
  1022.1002      1.715      1.729    30.8151    17.9056          0          0  0.000e+00
  1022.0541      1.627      1.640    30.7687    17.9482          0          0  0.000e+00
  1022.0337      1.532      1.545    30.7500    17.9720          0          0  0.000e+00
  1022.0382      1.436      1.447    30.7595    17.9816          0          0  0.000e+00
  1022.0515      1.363      1.374    30.7812    17.9942          0          0  0.000e+00
  1022.0397      1.302      1.313    30.7728    18.0155          0          0  0.000e+00
  1022.0346      1.260      1.270    30.7721    18.0337          0          0  0.000e+00
  1022.0335      1.249      1.259    30.7760    18.0506          0          0  0.000e+00
  1022.0368      1.270      1.281    30.7860    18.0688          0          0  0.000e+00
  1022.0901      1.314      1.325    30.8636    18.0946          0          0  0.000e+00
  1022.0833      1.381      1.392    30.8726    18.1527          0          0  0.000e+00
  1021.9844      1.470      1.482    30.7630    18.2171          0          0  0.000e+00
  1021.8957      1.553      1.566    30.6504    18.2299          0          0  0.000e+00
  1021.7754      1.635      1.648    30.4753    18.1757          0          0  0.000e+00
  1021.8681      1.712      1.726    30.5536    18.0399          0          0  0.000e+00
  1022.0043      1.774      1.788    30.6951    17.9237          0          0  0.000e+00
  1022.0631      1.810      1.825    30.7603    17.8871          0          0  0.000e+00
  1022.0538      1.823      1.838    30.7511    17.8968          0          0  0.000e+00
  1022.0470      1.816      1.831    30.7455    17.9076          0          0  0.000e+00
  1022.0330      1.779      1.794    30.7298    17.9147          0          0  0.000e+00
  1022.0274      1.731      1.746    30.7226    17.9145          0          0  0.000e+00
  1022.0627      1.676      1.690    30.7681    17.9111          0          0  0.000e+00
  1022.1007      1.612      1.625    30.8236    17.9285          0          0  0.000e+00
  1022.0774      1.536      1.549    30.8078    17.9742          0          0  0.000e+00
  1022.0317      1.475      1.487    30.7612    18.0147          0          0  0.000e+00
  1022.0317      1.427      1.439    30.7662    18.0301          0          0  0.000e+00
  1022.0219      1.383      1.394    30.7577    18.0430          0          0  0.000e+00
  1022.0195      1.354      1.365    30.7574    18.0515          0          0  0.000e+00
  1022.0322      1.342      1.353    30.7764    18.0589          0          0  0.000e+00
  1022.0743      1.355      1.366    30.8371    18.0769          0          0  0.000e+00
  1022.0555      1.391      1.403    30.8265    18.1224          0          0  0.000e+00
  1021.8622      1.433      1.444    30.5852    18.1599          0          0  0.000e+00
  1021.8911      1.480      1.492    30.6031    18.0974          0          0  0.000e+00
  1021.9734      1.529      1.542    30.6846    18.0148          0          0  0.000e+00
  1022.0121      1.566      1.579    30.7232    17.9772          0          0  0.000e+00
  1022.0154      1.600      1.613    30.7239    17.9662          0          0  0.000e+00
  1022.0112      1.636      1.649    30.7157    17.9582          0          0  0.000e+00
  1022.0393      1.672      1.686    30.7491    17.9483          0          0  0.000e+00
  1022.0188      1.706      1.720    30.7230    17.9515          0          0  0.000e+00
  1022.0211      1.734      1.748    30.7242    17.9460          0          0  0.000e+00
  1022.0267      1.747      1.762    30.7295    17.9395          0          0  0.000e+00
  1022.0231      1.746      1.761    30.7235    17.9356          0          0  0.000e+00
  1022.0339      1.733      1.747    30.7360    17.9301          0          0  0.000e+00
  1022.0370      1.707      1.721    30.7399    17.9291          0          0  0.000e+00
  1022.0336      1.675      1.689    30.7364    17.9316          0          0  0.000e+00
  1022.0298      1.647      1.660    30.7318    17.9325          0          0  0.000e+00
  1022.0283      1.622      1.636    30.7296    17.9310          0          0  0.000e+00
  1022.0306      1.610      1.623    30.7318    17.9281          0          0  0.000e+00
  1022.0298      1.599      1.612    30.7301    17.9257          0          0  0.000e+00
  1022.0290      1.583      1.596    30.7281    17.9226          0          0  0.000e+00
  1022.0350      1.553      1.566    30.7351    17.9191          0          0  0.000e+00
  1022.0441      1.511      1.523    30.7473    17.9193          0          0  0.000e+00
  1022.0499      1.452      1.463    30.7574    17.9266          0          0  0.000e+00
  1022.0389      1.385      1.396    30.7472    17.9387          0          0  0.000e+00
  1022.0838      1.318      1.329    30.8096    17.9488          0          0  0.000e+00
  1022.0761      1.254      1.265    30.8104    17.9826          0          0  0.000e+00
  1022.0806      1.211      1.221    30.8292    18.0228          0          0  0.000e+00
  1022.1143      1.198      1.208    30.8882    18.0701          0          0  0.000e+00
  1022.1248      1.239      1.249    30.9260    18.1471          0          0  0.000e+00
  1022.0566      1.321      1.332    30.8664    18.2424          0          0  0.000e+00
