data/eDNA/PER-2021-171/171c015.cnv
* Sea-Bird SBE19plus  Data File:
* FileName = C:\Users\RSG_field\Ryan_2021_Perley\CTD\171c015.hex
* Software version 2.3.0 SB_Terminal.dll
* Temperature SN = 7141
* Conductivity SN = 7141
* System UpLoad Time = Aug 12 2021 14:34:51
* <ApplicationData>
* <SeatermAF>
** Platform: M. Perley
** Cruise: Per2021171
** Station:  ESI_09
** Cast: 01 3
** Latitude: N  44 44.447
** Longitude: W 62 43.57
** Sounding: 17.3
** Chief Scientist: Ryan Stanley
** Comment: 171c015
# nquan = 8
# nvalues = 1983                                  
# units = specified
# name 0 = density00: Density [density, kg/m^3]
# name 1 = depSM: Depth [salt water, m], lat = 45.00
# name 2 = prdM: Pressure, Strain Gauge [db]
# name 3 = sal00: Salinity, Practical [PSU]
# name 4 = tv290C: Temperature [ITS-90, deg C]
# name 5 = bpos: Bottle Position in Carousel
# name 6 = nbf: Bottles Fired
# name 7 = flag:  0.000e+00
# span 0 =   998.8700,  1023.9453                 
# span 1 =     -0.069,     18.096                 
# span 2 =     -0.070,     18.245                 
# span 3 =     0.0075,    30.8450                 
# span 4 =     8.5048,    17.9486                 
# span 5 =          0,          3                 
# span 6 =          0,          3                 
# span 7 = 0.0000e+00, 0.0000e+00                 
# interval = seconds: 0.25
# start_time = Aug 12 2021 17:24:01 [Instrument's time stamp, header]
# bad_flag = -9.990e-29
*END*
[from data line 1439]
  1023.9024     17.741     17.887    30.6950     8.5202          0          0  0.000e+00
  1023.9039     17.771     17.917    30.6967     8.5197          1          1  0.000e+00
  1023.9043     17.797     17.944    30.6970     8.5200          1          1  0.000e+00
  1023.9034     17.816     17.963    30.6959     8.5207          1          1  0.000e+00
  1023.9032     17.830     17.977    30.6956     8.5209          1          1  0.000e+00
  1023.9027     17.837     17.984    30.6950     8.5209          1          1  0.000e+00
  1023.9034     17.835     17.982    30.6959     8.5207          1          1  0.000e+00
  1023.9039     17.817     17.964    30.6965     8.5206          1          1  0.000e+00
  1023.9034     17.790     17.936    30.6961     8.5211          1          1  0.000e+00
  1023.9031     17.753     17.899    30.6960     8.5214          1          1  0.000e+00
  1023.9030     17.706     17.852    30.6963     8.5216          1          1  0.000e+00
  1023.9047     17.657     17.802    30.6988     8.5221          1          1  0.000e+00
  1023.9048     17.611     17.755    30.6995     8.5237          1          1  0.000e+00
  1023.9023     17.565     17.709    30.6969     8.5258          1          1  0.000e+00
  1023.9010     17.530     17.674    30.6957     8.5268          1          1  0.000e+00
  1023.9001     17.502     17.646    30.6947     8.5272          1          1  0.000e+00
  1023.9005     17.487     17.630    30.6953     8.5268          1          1  0.000e+00
  1023.8988     17.481     17.625    30.6931     8.5268          1          1  0.000e+00
  1023.8978     17.489     17.633    30.6917     8.5257          1          1  0.000e+00
  1023.8995     17.503     17.647    30.6933     8.5237          1          1  0.000e+00
  1023.9013     17.523     17.667    30.6953     8.5224          1          1  0.000e+00
  1023.9015     17.550     17.695    30.6954     8.5222          1          1  0.000e+00
  1023.9009     17.581     17.726    30.6943     8.5218          1          1  0.000e+00
  1023.9018     17.616     17.761    30.6952     8.5213          1          1  0.000e+00
  1023.9023     17.656     17.801    30.6955     8.5209          1          1  0.000e+00
  1023.9027     17.697     17.843    30.6958     8.5208          1          1  0.000e+00
  1023.9010     17.740     17.886    30.6933     8.5206          1          1  0.000e+00
  1023.9021     17.787     17.933    30.6942     8.5196          1          1  0.000e+00
  1023.9033     17.829     17.976    30.6954     8.5188          1          1  0.000e+00
  1023.9045     17.868     18.015    30.6966     8.5185          1          1  0.000e+00
  1023.9047     17.903     18.050    30.6967     8.5187          1          1  0.000e+00
  1023.9031     17.929     18.076    30.6946     8.5189          1          1  0.000e+00
  1023.9029     17.938     18.086    30.6941     8.5183          1          1  0.000e+00
  1023.9035     17.933     18.080    30.6947     8.5174          1          1  0.000e+00
  1023.9048     17.905     18.053    30.6964     8.5166          1          1  0.000e+00
  1023.9045     17.855     18.002    30.6964     8.5168          1          1  0.000e+00
  1023.9042     17.790     17.936    30.6965     8.5169          1          1  0.000e+00
  1023.9065     17.708     17.854    30.6999     8.5172          1          1  0.000e+00
  1023.9072     17.621     17.766    30.7017     8.5192          1          1  0.000e+00
  1023.9056     17.533     17.677    30.7007     8.5222          1          1  0.000e+00
  1023.9032     17.453     17.596    30.6987     8.5249          1          1  0.000e+00
  1023.9008     17.389     17.532    30.6963     8.5265          1          1  0.000e+00
  1023.8975     17.344     17.487    30.6923     8.5269          1          1  0.000e+00
  1023.8978     17.322     17.465    30.6926     8.5254          1          1  0.000e+00
  1023.8994     17.332     17.474    30.6943     8.5236          1          1  0.000e+00
  1023.8982     17.358     17.501    30.6923     8.5226          1          1  0.000e+00
  1023.9014     17.404     17.547    30.6959     8.5211          1          1  0.000e+00
  1023.9029     17.463     17.607    30.6974     8.5211          1          1  0.000e+00
  1023.9009     17.532     17.676    30.6948     8.5223          1          1  0.000e+00
  1023.9002     17.606     17.751    30.6934     8.5221          1          1  0.000e+00
  1023.8998     17.681     17.826    30.6922     8.5209          1          1  0.000e+00
  1023.9011     17.750     17.897    30.6931     8.5195          1          1  0.000e+00
  1023.9026     17.817     17.964    30.6944     8.5180          1          1  0.000e+00
  1023.9036     17.871     18.018    30.6952     8.5171          1          1  0.000e+00
  1023.9039     17.919     18.066    30.6952     8.5168          1          1  0.000e+00
  1023.9043     17.951     18.099    30.6955     8.5164          1          1  0.000e+00
  1023.9045     17.972     18.120    30.6955     8.5162          1          1  0.000e+00
  1023.9048     17.975     18.123    30.6959     8.5160          1          1  0.000e+00
  1023.9056     17.964     18.111    30.6970     8.5160          1          1  0.000e+00
  1023.9058     17.933     18.080    30.6975     8.5165          1          1  0.000e+00
  1023.9051     17.887     18.034    30.6970     8.5174          1          1  0.000e+00
  1023.9051     17.831     17.978    30.6976     8.5184          1          1  0.000e+00
  1023.9060     17.765     17.911    30.6993     8.5193          1          1  0.000e+00
  1023.9063     17.694     17.840    30.7005     8.5212          1          1  0.000e+00
  1023.9045     17.619     17.764    30.6991     8.5239          1          1  0.000e+00
  1023.9020     17.548     17.692    30.6967     8.5259          1          1  0.000e+00
  1023.9003     17.479     17.623    30.6951     8.5268          1          1  0.000e+00
  1023.8990     17.424     17.567    30.6937     8.5269          1          1  0.000e+00
  1023.8991     17.381     17.524    30.6940     8.5261          1          1  0.000e+00
  1023.8996     17.353     17.496    30.6948     8.5255          1          1  0.000e+00
  1023.8996     17.339     17.482    30.6947     8.5251          1          1  0.000e+00
  1023.8990     17.346     17.488    30.6938     8.5246          1          1  0.000e+00
  1023.8995     17.371     17.514    30.6942     8.5237          1          1  0.000e+00
  1023.8994     17.416     17.559    30.6937     8.5229          1          1  0.000e+00
  1023.9002     17.477     17.621    30.6941     8.5219          1          1  0.000e+00
  1023.9007     17.558     17.702    30.6941     8.5211          1          1  0.000e+00
  1023.9007     17.641     17.786    30.6935     8.5205          1          1  0.000e+00
  1023.9010     17.726     17.872    30.6932     8.5195          1          1  0.000e+00
  1023.9020     17.805     17.951    30.6938     8.5183          1          1  0.000e+00
  1023.9043     17.871     18.018    30.6961     8.5172          1          1  0.000e+00
  1023.9039     17.924     18.072    30.6953     8.5174          1          1  0.000e+00
  1023.9040     17.954     18.102    30.6952     8.5172          1          1  0.000e+00
  1023.9041     17.965     18.112    30.6953     8.5171          1          1  0.000e+00
  1023.9047     17.952     18.100    30.6961     8.5170          1          1  0.000e+00
  1023.9051     17.926     18.074    30.6968     8.5173          1          1  0.000e+00
  1023.9052     17.887     18.034    30.6972     8.5179          1          1  0.000e+00
  1023.9039     17.837     17.984    30.6961     8.5189          1          1  0.000e+00
  1023.9034     17.781     17.928    30.6958     8.5192          1          1  0.000e+00
  1023.9049     17.725     17.871    30.6982     8.5194          1          1  0.000e+00
  1023.9045     17.670     17.815    30.6981     8.5205          1          1  0.000e+00
  1023.9049     17.621     17.766    30.6993     8.5219          1          1  0.000e+00
  1023.9040     17.576     17.720    30.6986     8.5236          1          1  0.000e+00
  1023.9008     17.536     17.681    30.6951     8.5252          1          1  0.000e+00
  1023.8995     17.504     17.648    30.6936     8.5255          1          1  0.000e+00
  1023.9004     17.474     17.618    30.6950     8.5250          1          1  0.000e+00
  1023.9000     17.451     17.594    30.6946     8.5247          1          1  0.000e+00
  1023.8996     17.434     17.577    30.6941     8.5243          1          1  0.000e+00
  1023.8986     17.428     17.572    30.6926     8.5234          1          1  0.000e+00
  1023.8990     17.434     17.577    30.6928     8.5219          1          1  0.000e+00
  1023.9005     17.451     17.594    30.6943     8.5204          1          1  0.000e+00
  1023.9022     17.489     17.633    30.6962     8.5197          1          1  0.000e+00
  1023.9013     17.542     17.686    30.6947     8.5199          1          1  0.000e+00
  1023.8990     17.611     17.755    30.6913     8.5195          1          1  0.000e+00
  1023.9007     17.696     17.842    30.6925     8.5173          1          1  0.000e+00
  1023.9032     17.789     17.935    30.6948     8.5154          1          1  0.000e+00
  1023.9045     17.881     18.028    30.6958     8.5144          1          1  0.000e+00
  1023.9039     17.967     18.115    30.6945     8.5142          1          1  0.000e+00
  1023.9046     18.035     18.183    30.6948     8.5135          1          1  0.000e+00
  1023.9053     18.082     18.231    30.6953     8.5128          1          1  0.000e+00
  1023.9059     18.096     18.245    30.6960     8.5122          1          1  0.000e+00
  1023.9063     18.079     18.228    30.6965     8.5120          1          1  0.000e+00
  1023.9075     18.029     18.178    30.6984     8.5122          1          1  0.000e+00
  1023.9079     17.950     18.097    30.6995     8.5133          1          1  0.000e+00
  1023.9075     17.844     17.991    30.7000     8.5152          1          1  0.000e+00
  1023.9056     17.721     17.867    30.6987     8.5172          1          1  0.000e+00
  1023.9038     17.599     17.744    30.6974     8.5189          1          1  0.000e+00
  1023.9024     17.478     17.622    30.6965     8.5198          1          1  0.000e+00
  1023.9018     17.371     17.514    30.6965     8.5204          1          1  0.000e+00
  1023.9009     17.290     17.433    30.6958     8.5207          1          1  0.000e+00
  1023.8995     17.237     17.379    30.6945     8.5211          1          1  0.000e+00
  1023.8983     17.212     17.354    30.6930     8.5204          1          1  0.000e+00
  1023.8986     17.216     17.358    30.6931     8.5190          1          1  0.000e+00
  1023.8999     17.250     17.392    30.6942     8.5175          1          1  0.000e+00
  1023.9001     17.305     17.448    30.6940     8.5165          1          1  0.000e+00
  1023.9010     17.383     17.526    30.6945     8.5157          1          1  0.000e+00
  1023.8999     17.476     17.620    30.6924     8.5149          1          1  0.000e+00
  1023.9012     17.567     17.712    30.6932     8.5130          1          1  0.000e+00
  1023.9030     17.661     17.807    30.6945     8.5112          1          1  0.000e+00
  1023.9040     17.751     17.897    30.6951     8.5102          1          1  0.000e+00
  1023.9053     17.831     17.978    30.6962     8.5094          1          1  0.000e+00
  1023.9061     17.899     18.046    30.6967     8.5093          1          1  0.000e+00
  1023.9066     17.954     18.102    30.6972     8.5095          1          1  0.000e+00
  1023.9064     17.992     18.140    30.6967     8.5098          1          1  0.000e+00
  1023.9062     18.016     18.164    30.6963     8.5102          1          1  0.000e+00
  1023.9065     18.028     18.177    30.6967     8.5102          1          1  0.000e+00
  1023.9060     18.021     18.169    30.6962     8.5105          1          1  0.000e+00
  1023.9069     17.996     18.145    30.6974     8.5106          1          1  0.000e+00
  1023.9067     17.958     18.106    30.6976     8.5113          1          1  0.000e+00
  1023.9066     17.904     18.052    30.6979     8.5120          1          1  0.000e+00
  1023.9057     17.834     17.981    30.6974     8.5129          1          1  0.000e+00
  1023.9066     17.758     17.904    30.6990     8.5135          1          1  0.000e+00
  1023.9053     17.674     17.820    30.6982     8.5151          1          1  0.000e+00
  1023.9041     17.587     17.732    30.6974     8.5164          1          1  0.000e+00
  1023.9026     17.507     17.651    30.6961     8.5173          1          1  0.000e+00
  1023.9021     17.430     17.574    30.6960     8.5174          1          1  0.000e+00
  1023.9015     17.370     17.513    30.6955     8.5172          1          1  0.000e+00
  1023.9016     17.323     17.466    30.6958     8.5170          1          1  0.000e+00
  1023.9013     17.297     17.439    30.6957     8.5168          1          1  0.000e+00
  1023.9002     17.292     17.434    30.6942     8.5168          1          1  0.000e+00
  1023.9006     17.307     17.450    30.6945     8.5159          1          1  0.000e+00
  1023.9004     17.346     17.488    30.6938     8.5149          1          1  0.000e+00
  1023.8995     17.398     17.541    30.6922     8.5139          1          1  0.000e+00
  1023.9030     17.467     17.611    30.6958     8.5118          1          1  0.000e+00
  1023.9033     17.549     17.693    30.6957     8.5113          1          1  0.000e+00
  1023.9023     17.637     17.782    30.6938     8.5112          1          1  0.000e+00
  1023.9041     17.726     17.872    30.6954     8.5101          1          1  0.000e+00
  1023.9053     17.810     17.956    30.6963     8.5093          1          1  0.000e+00
  1023.9048     17.884     18.031    30.6952     8.5093          1          1  0.000e+00
  1023.9051     17.946     18.093    30.6952     8.5090          1          1  0.000e+00
  1023.9064     17.991     18.139    30.6964     8.5084          1          1  0.000e+00
  1023.9065     18.017     18.165    30.6964     8.5083          1          1  0.000e+00
  1023.9064     18.023     18.171    30.6962     8.5085          1          1  0.000e+00
  1023.9071     18.010     18.158    30.6972     8.5084          1          1  0.000e+00
  1023.9079     17.982     18.130    30.6985     8.5091          1          1  0.000e+00
  1023.9071     17.934     18.081    30.6980     8.5103          1          1  0.000e+00
  1023.9058     17.876     18.023    30.6969     8.5114          1          1  0.000e+00
  1023.9068     17.806     17.952    30.6988     8.5122          1          1  0.000e+00
  1023.9068     17.730     17.876    30.6994     8.5136          1          1  0.000e+00
  1023.9047     17.650     17.795    30.6976     8.5154          1          1  0.000e+00
  1023.9023     17.575     17.719    30.6952     8.5163          1          1  0.000e+00
  1023.9016     17.499     17.643    30.6946     8.5160          1          1  0.000e+00
  1023.9017     17.439     17.582    30.6950     8.5153          1          1  0.000e+00
  1023.9014     17.392     17.535    30.6948     8.5149          1          1  0.000e+00
  1023.9017     17.362     17.504    30.6952     8.5141          1          1  0.000e+00
  1023.9019     17.348     17.490    30.6954     8.5135          1          1  0.000e+00
  1023.9017     17.350     17.493    30.6952     8.5133          1          1  0.000e+00
  1023.9024     17.370     17.513    30.6958     8.5129          1          1  0.000e+00
  1023.9027     17.408     17.551    30.6960     8.5127          1          1  0.000e+00
