data/eDNA/PER-2021-171/171c012.cnv
* Sea-Bird SBE19plus  Data File:
* FileName = C:\Users\RSG_field\Ryan_2021_Perley\CTD\171c012.hex
* Software version 2.3.0 SB_Terminal.dll
* Temperature SN = 7141
* Conductivity SN = 7141
* System UpLoad Time = Aug 12 2021 09:59:27
* <ApplicationData>
* <SeatermAF>
** Platform: M. Perley
** Cruise: Per2021171
** Station:  ESI_16
** Cast: 01 3
** Latitude: N  44 35.594
** Longitude: W 62 35.839
** Sounding: 102
** Chief Scientist: Ryan Stanley
** Comment: 171c012
# nquan = 8
# nvalues = 3321                                  
# units = specified
# name 0 = density00: Density [density, kg/m^3]
# name 1 = depSM: Depth [salt water, m], lat = 45.00
# name 2 = prdM: Pressure, Strain Gauge [db]
# name 3 = sal00: Salinity, Practical [PSU]
# name 4 = tv290C: Temperature [ITS-90, deg C]
# name 5 = bpos: Bottle Position in Carousel
# name 6 = nbf: Bottles Fired
# name 7 = flag:  0.000e+00
# span 0 =   998.5735,  1026.4233                 
# span 1 =     -0.079,     94.285                 
# span 2 =     -0.080,     95.079                 
# span 3 =     0.0000,    32.7339                 
# span 4 =     3.2058,    18.5174                 
# span 5 =          0,          6                 
# span 6 =          0,          6                 
# span 7 = 0.0000e+00, 0.0000e+00                 
# interval = seconds: 0.25
# start_time = Aug 12 2021 12:34:34 [Instrument's time stamp, header]
# bad_flag = -9.990e-29
*END*
[from data line 1978]
  1026.3785     93.303     94.088    32.6724     3.9582          0          0  0.000e+00
  1026.3769     93.301     94.086    32.6704     3.9577          0          0  0.000e+00
  1026.3803     93.296     94.081    32.6745     3.9562          0          0  0.000e+00
  1026.3812     93.291     94.076    32.6756     3.9560          0          0  0.000e+00
  1026.3802     93.283     94.068    32.6745     3.9564          0          0  0.000e+00
  1026.3817     93.264     94.049    32.6766     3.9565          0          0  0.000e+00
  1026.3816     93.240     94.024    32.6766     3.9571          0          0  0.000e+00
  1026.3813     93.213     93.997    32.6765     3.9579          0          0  0.000e+00
  1026.3810     93.185     93.969    32.6763     3.9586          0          0  0.000e+00
  1026.3810     93.165     93.949    32.6765     3.9593          0          0  0.000e+00
  1026.3813     93.163     93.947    32.6770     3.9600          0          0  0.000e+00
  1026.3815     93.174     93.958    32.6773     3.9609          0          0  0.000e+00
  1026.3814     93.202     93.987    32.6771     3.9617          0          0  0.000e+00
  1026.3814     93.253     94.038    32.6770     3.9626          0          0  0.000e+00
  1026.3782     93.315     94.100    32.6726     3.9631          0          0  0.000e+00
  1026.3780     93.380     94.165    32.6719     3.9624          0          0  0.000e+00
  1026.3795     93.440     94.226    32.6733     3.9610          0          0  0.000e+00
  1026.3808     93.487     94.273    32.6745     3.9599          0          0  0.000e+00
  1026.3806     93.523     94.310    32.6739     3.9595          0          0  0.000e+00
  1026.3808     93.543     94.330    32.6740     3.9590          0          0  0.000e+00
  1026.3813     93.545     94.332    32.6746     3.9587          0          0  0.000e+00
  1026.3812     93.537     94.324    32.6745     3.9584          1          1  0.000e+00
  1026.3819     93.514     94.301    32.6754     3.9581          1          1  0.000e+00
  1026.3832     93.489     94.275    32.6773     3.9584          1          1  0.000e+00
  1026.3829     93.461     94.248    32.6772     3.9592          1          1  0.000e+00
  1026.3817     93.436     94.222    32.6759     3.9599          1          1  0.000e+00
  1026.3820     93.411     94.197    32.6765     3.9604          1          1  0.000e+00
  1026.3815     93.404     94.190    32.6760     3.9609          1          1  0.000e+00
  1026.3808     93.373     94.159    32.6753     3.9614          1          1  0.000e+00
  1026.3812     93.353     94.139    32.6759     3.9615          1          1  0.000e+00
  1026.3820     93.332     94.117    32.6772     3.9618          1          1  0.000e+00
  1026.3802     93.310     94.095    32.6751     3.9626          1          1  0.000e+00
  1026.3800     93.290     94.074    32.6750     3.9627          1          1  0.000e+00
  1026.3808     93.275     94.059    32.6761     3.9629          1          1  0.000e+00
  1026.3794     93.269     94.054    32.6744     3.9633          1          1  0.000e+00
  1026.3777     93.272     94.056    32.6722     3.9629          1          1  0.000e+00
  1026.3766     93.282     94.067    32.6707     3.9619          1          1  0.000e+00
  1026.3813     93.304     94.089    32.6762     3.9605          1          1  0.000e+00
  1026.3786     93.338     94.124    32.6726     3.9603          1          1  0.000e+00
  1026.3784     93.374     94.160    32.6721     3.9601          1          1  0.000e+00
  1026.3793     93.414     94.200    32.6729     3.9591          1          1  0.000e+00
  1026.3805     93.448     94.234    32.6741     3.9586          1          1  0.000e+00
  1026.3820     93.476     94.263    32.6759     3.9584          1          1  0.000e+00
  1026.3865     93.501     94.287    32.6815     3.9590          1          1  0.000e+00
  1026.3849     93.523     94.310    32.6796     3.9612          1          1  0.000e+00
  1026.3819     93.541     94.328    32.6759     3.9629          1          1  0.000e+00
  1026.3825     93.555     94.342    32.6767     3.9634          1          1  0.000e+00
  1026.3845     93.562     94.349    32.6792     3.9637          1          1  0.000e+00
  1026.3845     93.563     94.350    32.6794     3.9649          1          1  0.000e+00
  1026.3846     93.558     94.345    32.6796     3.9662          1          1  0.000e+00
  1026.3833     93.550     94.338    32.6782     3.9676          1          1  0.000e+00
  1026.3833     93.541     94.328    32.6784     3.9686          1          1  0.000e+00
  1026.3786     93.532     94.319    32.6726     3.9692          1          1  0.000e+00
  1026.3774     93.529     94.316    32.6709     3.9678          1          1  0.000e+00
  1026.3777     93.535     94.322    32.6710     3.9653          1          1  0.000e+00
  1026.3794     93.541     94.328    32.6728     3.9628          1          1  0.000e+00
  1026.3798     93.548     94.335    32.6729     3.9611          1          1  0.000e+00
  1026.3808     93.554     94.341    32.6740     3.9596          1          1  0.000e+00
  1026.3821     93.552     94.339    32.6756     3.9585          1          1  0.000e+00
  1026.3822     93.545     94.332    32.6757     3.9581          1          1  0.000e+00
  1026.3829     93.529     94.316    32.6766     3.9579          1          1  0.000e+00
  1026.3821     93.513     94.300    32.6757     3.9580          1          1  0.000e+00
  1026.3802     93.503     94.290    32.6734     3.9579          1          1  0.000e+00
  1026.3878     93.497     94.284    32.6829     3.9572          1          1  0.000e+00
  1026.3898     93.499     94.285    32.6857     3.9594          1          1  0.000e+00
  1026.3892     93.505     94.292    32.6854     3.9634          1          1  0.000e+00
  1026.3887     93.510     94.297    32.6851     3.9672          1          1  0.000e+00
  1026.3886     93.516     94.302    32.6854     3.9707          1          1  0.000e+00
  1026.3884     93.510     94.297    32.6857     3.9740          1          1  0.000e+00
  1026.3846     93.501     94.287    32.6814     3.9773          1          1  0.000e+00
  1026.3845     93.488     94.275    32.6815     3.9792          1          1  0.000e+00
  1026.3828     93.475     94.262    32.6797     3.9808          1          1  0.000e+00
  1026.3801     93.468     94.254    32.6764     3.9815          1          1  0.000e+00
  1026.3783     93.469     94.255    32.6741     3.9810          1          1  0.000e+00
  1026.3849     93.483     94.269    32.6821     3.9796          1          1  0.000e+00
  1026.3841     93.506     94.293    32.6812     3.9805          1          1  0.000e+00
  1026.3826     93.541     94.328    32.6792     3.9820          1          1  0.000e+00
  1026.3790     93.577     94.364    32.6746     3.9824          1          1  0.000e+00
  1026.3890     93.611     94.399    32.6868     3.9814          1          1  0.000e+00
  1026.3921     93.644     94.432    32.6908     3.9838          1          1  0.000e+00
  1026.3908     93.665     94.453    32.6897     3.9884          1          1  0.000e+00
  1026.3870     93.680     94.468    32.6853     3.9926          1          1  0.000e+00
  1026.3845     93.683     94.471    32.6824     3.9950          1          1  0.000e+00
  1026.3855     93.684     94.472    32.6838     3.9960          1          1  0.000e+00
  1026.3793     93.686     94.475    32.6761     3.9969          1          1  0.000e+00
  1026.3767     93.683     94.471    32.6727     3.9953          1          1  0.000e+00
  1026.3829     93.686     94.475    32.6801     3.9922          1          1  0.000e+00
  1026.3766     93.689     94.478    32.6719     3.9913          1          1  0.000e+00
  1026.3759     93.687     94.476    32.6708     3.9883          1          1  0.000e+00
  1026.3855     93.682     94.470    32.6824     3.9850          1          1  0.000e+00
  1026.3876     93.665     94.453    32.6852     3.9855          1          1  0.000e+00
  1026.3847     93.629     94.417    32.6820     3.9875          1          1  0.000e+00
  1026.3852     93.579     94.367    32.6831     3.9888          1          1  0.000e+00
  1026.3853     93.510     94.297    32.6838     3.9902          1          1  0.000e+00
  1026.3827     93.436     94.222    32.6812     3.9919          1          1  0.000e+00
  1026.3787     93.362     94.147    32.6767     3.9925          1          1  0.000e+00
  1026.3809     93.299     94.084    32.6798     3.9916          1          1  0.000e+00
  1026.3813     93.257     94.042    32.6804     3.9914          1          1  0.000e+00
  1026.3799     93.246     94.031    32.6788     3.9918          1          1  0.000e+00
  1026.3803     93.265     94.050    32.6791     3.9915          1          1  0.000e+00
  1026.3798     93.315     94.100    32.6782     3.9913          1          1  0.000e+00
  1026.3758     93.394     94.180    32.6727     3.9907          1          1  0.000e+00
  1026.3763     93.491     94.278    32.6724     3.9886          1          1  0.000e+00
  1026.3785     93.602     94.389    32.6742     3.9858          1          1  0.000e+00
  1026.3811     93.718     94.507    32.6765     3.9838          1          1  0.000e+00
  1026.3808     93.826     94.616    32.6753     3.9827          1          1  0.000e+00
  1026.3837     93.921     94.711    32.6784     3.9817          1          1  0.000e+00
  1026.3847     93.995     94.786    32.6792     3.9814          1          1  0.000e+00
  1026.3858     94.043     94.834    32.6802     3.9816          1          1  0.000e+00
  1026.3867     94.064     94.855    32.6813     3.9824          1          1  0.000e+00
  1026.3865     94.059     94.850    32.6813     3.9836          1          1  0.000e+00
  1026.3855     94.020     94.812    32.6803     3.9848          1          1  0.000e+00
  1026.3850     93.959     94.750    32.6802     3.9859          1          1  0.000e+00
  1026.3844     93.884     94.674    32.6801     3.9867          1          1  0.000e+00
  1026.3836     93.798     94.587    32.6797     3.9875          1          1  0.000e+00
  1026.3829     93.709     94.497    32.6794     3.9882          1          1  0.000e+00
  1026.3816     93.627     94.415    32.6783     3.9885          1          1  0.000e+00
  1026.3811     93.553     94.340    32.6780     3.9885          1          1  0.000e+00
  1026.3812     93.489     94.276    32.6785     3.9883          1          1  0.000e+00
  1026.3814     93.434     94.220    32.6791     3.9882          1          1  0.000e+00
  1026.3808     93.391     94.176    32.6787     3.9884          1          1  0.000e+00
  1026.3809     93.357     94.142    32.6791     3.9885          1          1  0.000e+00
  1026.3808     93.340     94.125    32.6790     3.9886          1          1  0.000e+00
  1026.3779     93.337     94.122    32.6753     3.9885          1          1  0.000e+00
  1026.3747     93.348     94.134    32.6710     3.9868          1          1  0.000e+00
  1026.3765     93.374     94.159    32.6727     3.9835          1          1  0.000e+00
  1026.3796     93.412     94.198    32.6760     3.9808          1          1  0.000e+00
  1026.3820     93.452     94.238    32.6786     3.9794          1          1  0.000e+00
  1026.3848     93.500     94.287    32.6819     3.9793          1          1  0.000e+00
  1026.3850     93.556     94.343    32.6819     3.9804          1          1  0.000e+00
  1026.3838     93.614     94.402    32.6803     3.9818          1          1  0.000e+00
  1026.3811     93.673     94.461    32.6766     3.9824          1          1  0.000e+00
  1026.3806     93.731     94.520    32.6756     3.9818          1          1  0.000e+00
  1026.3844     93.783     94.572    32.6799     3.9808          1          1  0.000e+00
  1026.3855     93.829     94.618    32.6810     3.9808          1          1  0.000e+00
  1026.3804     93.865     94.655    32.6745     3.9814          1          1  0.000e+00
  1026.3816     93.892     94.682    32.6756     3.9801          1          1  0.000e+00
  1026.3844     93.899     94.689    32.6790     3.9787          1          1  0.000e+00
  1026.3865     93.892     94.682    32.6817     3.9789          1          1  0.000e+00
  1026.3871     93.864     94.653    32.6827     3.9802          1          1  0.000e+00
  1026.3852     93.819     94.609    32.6808     3.9821          1          1  0.000e+00
  1026.3834     93.762     94.551    32.6791     3.9834          1          1  0.000e+00
  1026.3827     93.694     94.482    32.6787     3.9838          1          1  0.000e+00
  1026.3826     93.624     94.412    32.6790     3.9842          1          1  0.000e+00
  1026.3822     93.567     94.354    32.6789     3.9846          1          1  0.000e+00
  1026.3812     93.516     94.303    32.6780     3.9849          1          1  0.000e+00
  1026.3799     93.480     94.266    32.6765     3.9848          1          1  0.000e+00
  1026.3792     93.458     94.244    32.6757     3.9841          1          1  0.000e+00
  1026.3800     93.446     94.232    32.6767     3.9830          1          1  0.000e+00
  1026.3819     93.447     94.233    32.6789     3.9821          1          1  0.000e+00
  1026.3836     93.455     94.242    32.6810     3.9821          1          1  0.000e+00
  1026.3849     93.471     94.258    32.6826     3.9828          1          1  0.000e+00
  1026.3836     93.494     94.280    32.6811     3.9839          1          1  0.000e+00
  1026.3826     93.522     94.309    32.6796     3.9846          1          1  0.000e+00
  1026.3825     93.556     94.343    32.6794     3.9844          1          1  0.000e+00
  1026.3833     93.593     94.381    32.6801     3.9839          1          1  0.000e+00
  1026.3828     93.630     94.418    32.6792     3.9837          1          1  0.000e+00
  1026.3839     93.672     94.460    32.6803     3.9834          1          1  0.000e+00
  1026.3840     93.712     94.501    32.6801     3.9833          1          1  0.000e+00
  1026.3839     93.756     94.545    32.6798     3.9834          1          1  0.000e+00
  1026.3840     93.795     94.584    32.6797     3.9832          1          1  0.000e+00
  1026.3836     93.835     94.625    32.6788     3.9830          1          1  0.000e+00
  1026.3839     93.874     94.664    32.6789     3.9824          1          1  0.000e+00
  1026.3879     93.910     94.701    32.6837     3.9820          1          1  0.000e+00
  1026.3885     93.939     94.730    32.6844     3.9828          1          1  0.000e+00
  1026.3875     93.964     94.755    32.6832     3.9846          1          1  0.000e+00
  1026.3867     93.980     94.771    32.6823     3.9857          1          1  0.000e+00
  1026.3867     93.986     94.777    32.6823     3.9865          1          1  0.000e+00
  1026.3875     93.972     94.763    32.6835     3.9873          1          1  0.000e+00
  1026.3868     93.936     94.726    32.6830     3.9885          1          1  0.000e+00
  1026.3861     93.875     94.665    32.6826     3.9898          1          1  0.000e+00
  1026.3847     93.788     94.578    32.6815     3.9910          1          1  0.000e+00
  1026.3840     93.678     94.466    32.6814     3.9915          1          1  0.000e+00
  1026.3835     93.562     94.349    32.6815     3.9920          1          1  0.000e+00
  1026.3823     93.447     94.233    32.6808     3.9926          1          1  0.000e+00
  1026.3807     93.354     94.139    32.6793     3.9926          1          1  0.000e+00
  1026.3807     93.288     94.073    32.6797     3.9924          1          1  0.000e+00
  1026.3804     93.263     94.047    32.6794     3.9920          1          1  0.000e+00
  1026.3771     93.274     94.059    32.6751     3.9914          1          1  0.000e+00
