data/eDNA/PER-2021-171/171c028.cnv
* Sea-Bird SBE19plus  Data File:
* FileName = C:\Users\RSG_field\Ryan_2021_Perley\CTD\171c028.hex
* Software version 2.3.0 SB_Terminal.dll
* Temperature SN = 7141
* Conductivity SN = 7141
* System UpLoad Time = Aug 18 2021 09:30:47
* <ApplicationData>
* <SeatermAF>
** Platform: M. Perley
** Cruise: Per2021171
** Station:  GC-04
** Cast: 01 3
** Latitude: N  44 55.575
** Longitude: W 59 51.597
** Sounding: 50.3
** Chief Scientist: Ryan Stanley
** Comment: 171c028
# nquan = 8
# nvalues = 3254                                  
# units = specified
# name 0 = density00: Density [density, kg/m^3]
# name 1 = depSM: Depth [salt water, m], lat = 45.00
# name 2 = prdM: Pressure, Strain Gauge [db]
# name 3 = sal00: Salinity, Practical [PSU]
# name 4 = tv290C: Temperature [ITS-90, deg C]
# name 5 = bpos: Bottle Position in Carousel
# name 6 = nbf: Bottles Fired
# name 7 = flag:  0.000e+00
# span 0 =   998.6948,  1024.2340                 
# span 1 =     -0.010,     50.000                 
# span 2 =     -0.010,     50.415                 
# span 3 =     0.0088,    30.9482                 
# span 4 =     8.4796,    19.1923                 
# span 5 =          0,          3                 
# span 6 =          0,          3                 
# span 7 = 0.0000e+00, 0.0000e+00                 
# interval = seconds: 0.25
# start_time = Aug 18 2021 12:13:12 [Instrument's time stamp, header]
# bad_flag = -9.990e-29
*END*
[from data line 2158]
  1023.5869     48.996     49.403    30.5061    10.5044          0          0  0.000e+00
  1023.5663     49.029     49.436    30.4846    10.5286          0          0  0.000e+00
  1023.5698     49.085     49.493    30.4920    10.5433          0          0  0.000e+00
  1023.5434     49.159     49.568    30.4610    10.5595          0          0  0.000e+00
  1023.4473     49.242     49.651    30.3364    10.5561          0          0  0.000e+00
  1023.4170     49.329     49.739    30.2809    10.4817          0          0  0.000e+00
  1023.4530     49.407     49.818    30.3022    10.3675          0          0  0.000e+00
  1023.4955     49.469     49.880    30.3292    10.2387          0          0  0.000e+00
  1023.5905     49.520     49.931    30.4246    10.1140          0          0  0.000e+00
  1023.6366     49.546     49.958    30.4681    10.0399          0          0  0.000e+00
  1023.6504     49.547     49.959    30.4758     9.9921          0          0  0.000e+00
  1023.6508     49.519     49.930    30.4674     9.9485          0          0  0.000e+00
  1023.7078     49.467     49.878    30.5306     9.8991          0          0  0.000e+00
  1023.7628     49.385     49.795    30.5976     9.8797          0          0  0.000e+00
  1023.7936     49.288     49.697    30.6423     9.9020          0          0  0.000e+00
  1023.7688     49.184     49.592    30.6223     9.9562          0          0  0.000e+00
  1023.7447     49.094     49.501    30.6030    10.0093          0          0  0.000e+00
  1023.7399     49.025     49.432    30.6072    10.0568          0          0  0.000e+00
  1023.7335     48.988     49.394    30.6105    10.1103          0          0  0.000e+00
  1023.7146     48.989     49.395    30.5989    10.1706          0          0  0.000e+00
  1023.7335     49.018     49.425    30.6364    10.2338          0          0  0.000e+00
  1023.7327     49.078     49.485    30.6547    10.3262          0          0  0.000e+00
  1023.5775     49.157     49.565    30.4774    10.4312          0          0  0.000e+00
  1023.4595     49.250     49.660    30.3300    10.4535          0          0  0.000e+00
  1023.4465     49.355     49.765    30.2967    10.3789          0          0  0.000e+00
  1023.3924     49.465     49.875    30.2008    10.2582          0          0  0.000e+00
  1023.3730     49.567     49.979    30.1361    10.0712          0          0  0.000e+00
  1023.3691     49.667     50.080    30.0782     9.8176          0          0  0.000e+00
  1023.4648     49.754     50.167    30.1366     9.5031          0          0  0.000e+00
  1023.6470     49.827     50.241    30.3082     9.1938          0          0  0.000e+00
  1023.7676     49.884     50.299    30.4160     8.9566          0          0  0.000e+00
  1023.9186     49.916     50.331    30.5735     8.7724          0          0  0.000e+00
  1024.0262     49.918     50.333    30.6903     8.6633          0          0  0.000e+00
  1024.1085     49.892     50.306    30.7902     8.6346          0          0  0.000e+00
  1024.1750     49.836     50.250    30.8814     8.6654          0          0  0.000e+00
  1024.1858     49.754     50.167    30.9140     8.7610          0          0  0.000e+00
  1024.1395     49.660     50.072    30.8804     8.8909          0          0  0.000e+00
  1024.0515     49.564     49.976    30.7920     9.0126          0          0  0.000e+00
  1024.0446     49.474     49.885    30.8010     9.1006          0          0  0.000e+00
  1024.0179     49.403     49.813    30.7855     9.1935          0          0  0.000e+00
  1023.9406     49.359     49.769    30.7047     9.2838          0          0  0.000e+00
  1023.9514     49.336     49.746    30.7310     9.3454          0          0  0.000e+00
  1023.9593     49.334     49.744    30.7557     9.4182          0          0  0.000e+00
  1023.9135     49.345     49.755    30.7164     9.5151          0          0  0.000e+00
  1023.8715     49.361     49.771    30.6804     9.6032          0          0  0.000e+00
  1023.8269     49.381     49.791    30.6383     9.6775          0          0  0.000e+00
  1023.7951     49.395     49.805    30.6107     9.7429          0          0  0.000e+00
  1023.7825     49.404     49.815    30.6051     9.7940          0          0  0.000e+00
  1023.7795     49.405     49.816    30.6096     9.8348          0          0  0.000e+00
  1023.7759     49.394     49.804    30.6147     9.8811          0          0  0.000e+00
  1023.7434     49.376     49.786    30.5843     9.9358          0          0  0.000e+00
  1023.7544     49.358     49.767    30.6077     9.9794          0          0  0.000e+00
  1023.7368     49.336     49.746    30.5968    10.0345          0          0  0.000e+00
  1023.7067     49.329     49.739    30.5703    10.0926          0          0  0.000e+00
  1023.6987     49.340     49.749    30.5700    10.1401          0          0  0.000e+00
  1023.6810     49.369     49.779    30.5571    10.1874          0          0  0.000e+00
  1023.6450     49.421     49.832    30.5205    10.2346          0          0  0.000e+00
  1023.5280     49.497     49.909    30.3751    10.2597          0          0  0.000e+00
  1023.3437     49.591     50.003    30.1248    10.1975          0          0  0.000e+00
  1023.3901     49.693     50.105    30.1399     9.9876          0          0  0.000e+00
  1023.4004     49.792     50.206    30.0999     9.7313          0          0  0.000e+00
  1023.4973     49.874     50.288    30.1633     9.4316          0          0  0.000e+00
  1023.6618     49.932     50.347    30.3157     9.1391          0          0  0.000e+00
  1023.8077     49.961     50.376    30.4574     8.9081          0          0  0.000e+00
  1023.9840     49.958     50.373    30.6536     8.7555          0          0  0.000e+00
  1024.0974     49.929     50.344    30.7891     8.7043          0          0  0.000e+00
  1024.1709     49.874     50.288    30.8898     8.7385          0          0  0.000e+00
  1024.1997     49.804     50.218    30.9482     8.8484          0          0  0.000e+00
  1024.0906     49.724     50.137    30.8410     9.0125          0          0  0.000e+00
  1023.9859     49.646     50.058    30.7322     9.1381          0          0  0.000e+00
  1023.9869     49.570     49.981    30.7469     9.2036          0          0  0.000e+00
  1024.0136     49.505     49.916    30.7965     9.2797          0          0  0.000e+00
  1023.9654     49.452     49.863    30.7568     9.3882          0          0  0.000e+00
  1023.8985     49.415     49.825    30.6921     9.4918          0          0  0.000e+00
  1023.8411     49.395     49.805    30.6340     9.5677          0          0  0.000e+00
  1023.8534     49.389     49.800    30.6592     9.6141          0          0  0.000e+00
  1023.8880     49.397     49.807    30.7147     9.6685          0          0  0.000e+00
  1023.8676     49.411     49.821    30.7085     9.7663          0          0  0.000e+00
  1023.8350     49.431     49.841    30.6890     9.8753          0          0  0.000e+00
  1023.7521     49.450     49.860    30.6029     9.9731          0          0  0.000e+00
  1023.6942     49.468     49.879    30.5419    10.0375          0          0  0.000e+00
  1023.6662     49.490     49.901    30.5118    10.0660          0          0  0.000e+00
  1023.6130     49.514     49.926    30.4456    10.0766          0          0  0.000e+00
  1023.5859     49.542     49.953    30.4049    10.0491          0          0  0.000e+00
  1023.5205     49.575     49.987    30.3052     9.9738          0          0  0.000e+00
  1023.5072     49.607     50.019    30.2581     9.8301          0          0  0.000e+00
  1023.5906     49.641     50.053    30.3275     9.6464          0          0  0.000e+00
  1023.6966     49.667     50.080    30.4303     9.4836          0          0  0.000e+00
  1023.7987     49.689     50.102    30.5363     9.3610          0          0  0.000e+00
  1023.8417     49.707     50.120    30.5787     9.2973          0          0  0.000e+00
  1023.8211     49.721     50.134    30.5480     9.2758          0          0  0.000e+00
  1023.8481     49.732     50.145    30.5750     9.2385          0          0  0.000e+00
  1023.9086     49.737     50.150    30.6407     9.1785          0          0  0.000e+00
  1023.8947     49.740     50.153    30.6206     9.1672          0          0  0.000e+00
  1023.8858     49.742     50.156    30.6088     9.1652          0          0  0.000e+00
  1023.9127     49.746     50.159    30.6400     9.1488          0          0  0.000e+00
  1024.0138     49.744     50.158    30.7680     9.1417          0          0  0.000e+00
  1024.0586     49.752     50.165    30.8352     9.1922          0          0  0.000e+00
  1023.9419     49.761     50.175    30.7069     9.2984          0          0  0.000e+00
  1023.8715     49.771     50.184    30.6308     9.3695          0          0  0.000e+00
  1023.8363     49.782     50.195    30.5900     9.3906          0          0  0.000e+00
  1023.8506     49.782     50.195    30.6059     9.3788          0          0  0.000e+00
  1023.8771     49.772     50.185    30.6416     9.3871          0          0  0.000e+00
  1023.9270     49.749     50.162    30.7147     9.4324          0          0  0.000e+00
  1023.9178     49.709     50.122    30.7175     9.5040          0          0  0.000e+00
  1023.8848     49.660     50.072    30.6940     9.5949          0          0  0.000e+00
  1023.8798     49.599     50.011    30.7054     9.6807          0          0  0.000e+00
  1023.7887     49.535     49.946    30.6079     9.7728          0          0  0.000e+00
  1023.7531     49.469     49.880    30.5733     9.8246          0          0  0.000e+00
  1023.7605     49.408     49.819    30.5881     9.8490          0          0  0.000e+00
  1023.7651     49.363     49.773    30.6010     9.8814          0          0  0.000e+00
  1023.7563     49.327     49.736    30.5992     9.9258          0          0  0.000e+00
  1023.7456     49.320     49.730    30.5957     9.9745          0          0  0.000e+00
  1023.7311     49.333     49.743    30.5872    10.0239          0          0  0.000e+00
  1023.7410     49.365     49.775    30.6120    10.0823          0          0  0.000e+00
  1023.5932     49.418     49.828    30.4363    10.1505          0          0  0.000e+00
  1023.5707     49.483     49.894    30.4028    10.1302          0          0  0.000e+00
  1023.5567     49.554     49.965    30.3719    10.0705          0          0  0.000e+00
  1023.5551     49.627     50.039    30.3509     9.9822          0          0  0.000e+00
  1023.4905     49.694     50.106    30.2424     9.8600          0          0  0.000e+00
  1023.5835     49.749     50.162    30.3221     9.6678          0          0  0.000e+00
  1023.6050     49.791     50.205    30.3177     9.5114          0          0  0.000e+00
  1023.5848     49.817     50.230    30.2617     9.3616          0          0  0.000e+00
  1023.6549     49.827     50.241    30.3102     9.1522          0          0  0.000e+00
  1023.9188     49.813     50.227    30.6059     8.9360          0          0  0.000e+00
  1024.1556     49.778     50.192    30.8937     8.8568          0          0  0.000e+00
  1024.1799     49.731     50.144    30.9476     8.9731          0          0  0.000e+00
  1024.1227     49.671     50.084    30.9105     9.1550          0          0  0.000e+00
  1024.0762     49.610     50.022    30.8863     9.3313          0          0  0.000e+00
  1023.9580     49.561     49.973    30.7709     9.5088          0          0  0.000e+00
  1023.8644     49.525     49.936    30.6773     9.6375          0          0  0.000e+00
  1023.8274     49.515     49.927    30.6460     9.7159          0          0  0.000e+00
  1023.8050     49.524     49.935    30.6301     9.7788          0          0  0.000e+00
  1023.7507     49.547     49.959    30.5721     9.8361          0          0  0.000e+00
  1023.7517     49.584     49.996    30.5781     9.8599          0          0  0.000e+00
  1023.7592     49.633     50.045    30.5924     9.8838          0          0  0.000e+00
  1023.7456     49.682     50.095    30.5845     9.9317          0          0  0.000e+00
  1023.7220     49.729     50.142    30.5645     9.9817          0          0  0.000e+00
  1023.6113     49.766     50.179    30.4283    10.0112          0          0  0.000e+00
  1023.5586     49.790     50.204    30.3493     9.9570          0          0  0.000e+00
  1023.6010     49.800     50.213    30.3819     9.8520          0          0  0.000e+00
  1023.6977     49.797     50.211    30.4872     9.7610          0          0  0.000e+00
  1023.8058     49.782     50.195    30.6111     9.6885          0          0  0.000e+00
  1023.8967     49.754     50.167    30.7350     9.7235          0          0  0.000e+00
  1023.8135     49.722     50.135    30.6514     9.8350          0          0  0.000e+00
  1023.7425     49.687     50.100    30.5777     9.9177          0          0  0.000e+00
  1023.7177     49.656     50.069    30.5544     9.9582          0          0  0.000e+00
  1023.7061     49.627     50.039    30.5447     9.9823          0          0  0.000e+00
  1023.6988     49.607     50.019    30.5395    10.0015          0          0  0.000e+00
  1023.6914     49.583     49.995    30.5334    10.0172          0          0  0.000e+00
  1023.6923     49.564     49.976    30.5375    10.0310          0          0  0.000e+00
  1023.6856     49.545     49.957    30.5323    10.0461          0          0  0.000e+00
  1023.6830     49.520     49.931    30.5320    10.0602          0          0  0.000e+00
  1023.6745     49.492     49.903    30.5244    10.0749          0          0  0.000e+00
  1023.6672     49.461     49.872    30.5176    10.0864          0          0  0.000e+00
  1023.6631     49.425     49.836    30.5144    10.0952          0          0  0.000e+00
  1023.6702     49.394     49.804    30.5250    10.1020          0          0  0.000e+00
  1023.6927     49.365     49.775    30.5566    10.1136          0          0  0.000e+00
  1023.6762     49.344     49.754    30.5407    10.1384          0          0  0.000e+00
  1023.6354     49.338     49.748    30.4935    10.1622          0          0  0.000e+00
  1023.6460     49.354     49.764    30.5086    10.1700          0          0  0.000e+00
  1023.6361     49.392     49.803    30.4976    10.1796          0          0  0.000e+00
  1023.6017     49.451     49.862    30.4535    10.1809          0          0  0.000e+00
  1023.6491     49.528     49.940    30.5103    10.1642          0          0  0.000e+00
  1023.6562     49.619     50.031    30.5186    10.1632          0          0  0.000e+00
  1023.6470     49.717     50.130    30.5094    10.1777          0          0  0.000e+00
  1023.6168     49.812     50.226    30.4733    10.1933          0          0  0.000e+00
  1023.5764     49.898     50.313    30.4197    10.1876          0          0  0.000e+00
  1023.5135     49.961     50.376    30.3284    10.1391          0          0  0.000e+00
  1023.5542     49.995     50.410    30.3579    10.0314          0          0  0.000e+00
  1023.6590     50.000     50.415    30.4700     9.9241          0          0  0.000e+00
  1023.7250     49.971     50.386    30.5445     9.8739          0          0  0.000e+00
  1023.7889     49.916     50.331    30.6268     9.8738          0          0  0.000e+00
  1023.8024     49.841     50.255    30.6560     9.9290          0          0  0.000e+00
  1023.7538     49.758     50.172    30.6109    10.0096          0          0  0.000e+00
  1023.7002     49.668     50.081    30.5565    10.0758          0          0  0.000e+00
  1023.6839     49.586     49.998    30.5439    10.1136          0          0  0.000e+00
  1023.6798     49.517     49.928    30.5455    10.1441          0          0  0.000e+00
  1023.6653     49.458     49.869    30.5339    10.1754          0          0  0.000e+00
