data/eDNA/PER-2021-171/171c017.cnv
* Sea-Bird SBE19plus  Data File:
* FileName = C:\Users\RSG_field\Ryan_2021_Perley\CTD\171c017.hex
* Software version 2.3.0 SB_Terminal.dll
* Temperature SN = 7141
* Conductivity SN = 7141
* System UpLoad Time = Aug 13 2021 12:24:13
* <ApplicationData>
* <SeatermAF>
** Platform: M. Perley
** Cruise: Per2021171
** Station:  ESI_03
** Cast: 01 3
** Latitude: N  44 48.324
** Longitude: W 62 8.591
** Sounding: 68.2
** Chief Scientist: Ryan Stanley
** Comment: 171c017
# nquan = 8
# nvalues = 2832                                  
# units = specified
# name 0 = density00: Density [density, kg/m^3]
# name 1 = depSM: Depth [salt water, m], lat = 45.00
# name 2 = prdM: Pressure, Strain Gauge [db]
# name 3 = sal00: Salinity, Practical [PSU]
# name 4 = tv290C: Temperature [ITS-90, deg C]
# name 5 = bpos: Bottle Position in Carousel
# name 6 = nbf: Bottles Fired
# name 7 = flag:  0.000e+00
# span 0 =   998.7978,  1025.6779                 
# span 1 =     -0.066,     69.869                 
# span 2 =     -0.067,     70.453                 
# span 3 =     0.0079,    31.8604                 
# span 4 =     3.3575,    17.8185                 
# span 5 =          0,          6                 
# span 6 =          0,          6                 
# span 7 = 0.0000e+00, 0.0000e+00                 
# interval = seconds: 0.25
# start_time = Aug 13 2021 15:05:37 [Instrument's time stamp, header]
# bad_flag = -9.990e-29
*END*
[from data line 540]
  1021.7582      2.269      2.287    30.3342    17.8081          0          0  0.000e+00
  1021.7558      2.352      2.372    30.3316    17.8112          0          0  0.000e+00
  1021.7531      2.381      2.401    30.3285    17.8133          0          0  0.000e+00
  1021.7517      2.354      2.373    30.3269    17.8135          0          0  0.000e+00
  1021.7517      2.267      2.285    30.3271    17.8127          0          0  0.000e+00
  1021.7493      2.130      2.147    30.3244    17.8114          0          0  0.000e+00
  1021.7502      1.959      1.975    30.3259    17.8092          0          0  0.000e+00
  1021.7509      1.781      1.796    30.3272    17.8071          0          0  0.000e+00
  1021.7512      1.611      1.625    30.3282    17.8060          0          0  0.000e+00
  1021.7511      1.477      1.489    30.3287    17.8055          0          0  0.000e+00
  1021.7509      1.389      1.400    30.3289    17.8051          0          0  0.000e+00
  1021.7512      1.349      1.360    30.3296    17.8053          0          0  0.000e+00
  1021.7515      1.345      1.356    30.3301    17.8057          0          0  0.000e+00
  1021.7513      1.372      1.383    30.3300    17.8065          0          0  0.000e+00
  1021.7513      1.406      1.417    30.3299    17.8073          0          0  0.000e+00
  1021.7515      1.440      1.452    30.3302    17.8078          0          0  0.000e+00
  1021.7511      1.464      1.476    30.3298    17.8084          0          0  0.000e+00
  1021.7509      1.487      1.500    30.3294    17.8088          0          0  0.000e+00
  1021.7505      1.508      1.520    30.3290    17.8093          0          0  0.000e+00
  1021.7502      1.532      1.545    30.3284    17.8094          0          0  0.000e+00
  1021.7500      1.569      1.582    30.3279    17.8090          0          0  0.000e+00
  1021.7509      1.642      1.656    30.3285    17.8086          0          0  0.000e+00
  1021.7519      1.760      1.774    30.3290    17.8083          0          0  0.000e+00
  1021.7526      1.929      1.945    30.3290    17.8084          0          0  0.000e+00
  1021.7543      2.119      2.137    30.3301    17.8085          0          0  0.000e+00
  1021.7557      2.300      2.319    30.3311    17.8092          0          0  0.000e+00
  1021.7547      2.456      2.476    30.3293    17.8105          0          0  0.000e+00
  1021.7537      2.571      2.592    30.3274    17.8108          0          0  0.000e+00
  1021.7538      2.627      2.648    30.3270    17.8101          0          0  0.000e+00
  1021.7544      2.611      2.632    30.3276    17.8092          0          0  0.000e+00
  1021.7546      2.514      2.534    30.3281    17.8084          0          0  0.000e+00
  1021.7532      2.346      2.365    30.3271    17.8078          0          0  0.000e+00
  1021.7526      2.118      2.135    30.3273    17.8067          0          0  0.000e+00
  1021.7524      1.840      1.855    30.3284    17.8056          0          0  0.000e+00
  1021.7516      1.551      1.564    30.3288    17.8052          0          0  0.000e+00
  1021.7506      1.280      1.290    30.3291    17.8052          0          0  0.000e+00
  1021.7495      1.052      1.060    30.3290    17.8054          0          0  0.000e+00
  1021.7491      0.894      0.901    30.3296    17.8056          0          0  0.000e+00
  1021.7502      0.839      0.846    30.3314    17.8060          0          0  0.000e+00
  1021.7493      0.874      0.881    30.3305    17.8076          0          0  0.000e+00
  1021.7490      0.997      1.005    30.3297    17.8087          0          0  0.000e+00
  1021.7498      1.156      1.165    30.3301    17.8095          0          0  0.000e+00
  1021.7488      1.313      1.323    30.3281    17.8102          0          0  0.000e+00
  1021.7494      1.478      1.490    30.3279    17.8101          0          0  0.000e+00
  1021.7505      1.620      1.633    30.3284    17.8096          0          0  0.000e+00
  1021.7517      1.739      1.753    30.3292    17.8093          0          0  0.000e+00
  1021.7521      1.844      1.859    30.3292    17.8096          0          0  0.000e+00
  1021.7525      1.941      1.957    30.3291    17.8096          0          0  0.000e+00
  1021.7528      2.047      2.064    30.3290    17.8098          0          0  0.000e+00
  1021.7532      2.165      2.182    30.3288    17.8099          0          0  0.000e+00
  1021.7539      2.301      2.320    30.3290    17.8099          0          0  0.000e+00
  1021.7553      2.447      2.467    30.3300    17.8101          0          0  0.000e+00
  1021.7553      2.582      2.604    30.3293    17.8106          0          0  0.000e+00
  1021.7552      2.670      2.692    30.3289    17.8112          0          0  0.000e+00
  1021.7544      2.694      2.716    30.3278    17.8113          0          0  0.000e+00
  1021.7544      2.652      2.674    30.3279    17.8110          0          0  0.000e+00
  1021.7535      2.531      2.552    30.3273    17.8104          0          0  0.000e+00
  1021.7520      2.340      2.359    30.3260    17.8094          0          0  0.000e+00
  1021.7519      2.095      2.112    30.3269    17.8078          0          0  0.000e+00
  1021.7519      1.804      1.819    30.3282    17.8065          0          0  0.000e+00
  1021.7517      1.500      1.512    30.3295    17.8060          0          0  0.000e+00
  1021.7454      1.222      1.232    30.3230    17.8063          0          0  0.000e+00
  1021.7487      0.997      1.005    30.3289    17.8070          0          0  0.000e+00
  1021.7477      0.839      0.845    30.3285    17.8070          0          0  0.000e+00
  1021.7493      0.754      0.760    30.3311    17.8072          0          0  0.000e+00
  1021.7488      0.744      0.750    30.3309    17.8081          0          0  0.000e+00
  1021.7486      0.792      0.798    30.3308    17.8095          0          0  0.000e+00
  1021.7476      0.898      0.905    30.3291    17.8106          0          0  0.000e+00
  1021.7489      1.053      1.061    30.3300    17.8110          0          0  0.000e+00
  1021.7488      1.260      1.271    30.3289    17.8116          0          0  0.000e+00
  1021.7494      1.500      1.512    30.3283    17.8117          0          0  0.000e+00
  1021.7509      1.761      1.775    30.3287    17.8114          0          0  0.000e+00
  1021.7522      2.021      2.037    30.3288    17.8113          0          0  0.000e+00
  1021.7521      2.268      2.286    30.3272    17.8111          0          0  0.000e+00
  1021.7549      2.471      2.491    30.3293    17.8102          0          0  0.000e+00
  1021.7584      2.617      2.639    30.3332    17.8105          0          0  0.000e+00
  1021.7580      2.694      2.716    30.3329    17.8128          0          0  0.000e+00
  1021.7555      2.728      2.750    30.3303    17.8157          0          0  0.000e+00
  1021.7541      2.722      2.745    30.3290    17.8169          0          0  0.000e+00
  1021.7520      2.642      2.663    30.3268    17.8173          0          0  0.000e+00
  1021.7496      2.489      2.509    30.3242    17.8162          0          0  0.000e+00
  1021.7503      2.293      2.312    30.3255    17.8138          0          0  0.000e+00
  1021.7507      2.063      2.080    30.3267    17.8117          0          0  0.000e+00
  1021.7508      1.824      1.839    30.3278    17.8104          0          0  0.000e+00
  1021.7506      1.601      1.614    30.3287    17.8098          0          0  0.000e+00
  1021.7497      1.400      1.412    30.3285    17.8094          0          0  0.000e+00
  1021.7489      1.254      1.264    30.3283    17.8093          0          0  0.000e+00
  1021.7488      1.164      1.174    30.3287    17.8090          0          0  0.000e+00
  1021.7491      1.128      1.137    30.3292    17.8089          0          0  0.000e+00
  1021.7497      1.148      1.157    30.3300    17.8091          0          0  0.000e+00
  1021.7502      1.206      1.216    30.3304    17.8098          0          0  0.000e+00
  1021.7501      1.283      1.293    30.3302    17.8109          0          0  0.000e+00
  1021.7496      1.377      1.388    30.3293    17.8118          0          0  0.000e+00
  1021.7491      1.480      1.492    30.3283    17.8126          0          0  0.000e+00
  1021.7490      1.590      1.603    30.3274    17.8123          0          0  0.000e+00
  1021.7495      1.706      1.720    30.3273    17.8119          0          0  0.000e+00
  1021.7507      1.834      1.849    30.3278    17.8112          0          0  0.000e+00
  1021.7523      1.969      1.985    30.3290    17.8106          0          0  0.000e+00
  1021.7524      2.096      2.113    30.3284    17.8106          0          0  0.000e+00
  1021.7522      2.188      2.206    30.3276    17.8106          0          0  0.000e+00
  1021.7526      2.240      2.258    30.3277    17.8099          0          0  0.000e+00
  1021.7522      2.259      2.277    30.3268    17.8095          0          0  0.000e+00
  1021.7531      2.244      2.262    30.3277    17.8083          0          0  0.000e+00
  1021.7537      2.201      2.219    30.3286    17.8079          0          0  0.000e+00
  1021.7535      2.130      2.147    30.3288    17.8078          0          0  0.000e+00
  1021.7518      2.058      2.074    30.3270    17.8079          0          0  0.000e+00
  1021.7515      1.985      2.002    30.3268    17.8073          0          0  0.000e+00
  1021.7522      1.919      1.934    30.3278    17.8061          0          0  0.000e+00
  1021.7529      1.859      1.875    30.3289    17.8056          0          0  0.000e+00
  1021.7525      1.805      1.820    30.3286    17.8054          0          0  0.000e+00
  1021.7527      1.770      1.785    30.3290    17.8054          0          0  0.000e+00
  1021.7526      1.741      1.755    30.3291    17.8055          0          0  0.000e+00
  1021.7525      1.721      1.736    30.3293    17.8059          0          0  0.000e+00
  1021.7534      1.714      1.728    30.3305    17.8061          0          0  0.000e+00
  1021.7534      1.715      1.729    30.3308    17.8072          0          0  0.000e+00
  1021.7525      1.717      1.731    30.3301    17.8086          0          0  0.000e+00
  1021.7515      1.709      1.723    30.3292    17.8097          0          0  0.000e+00
  1021.7509      1.681      1.695    30.3288    17.8102          0          0  0.000e+00
  1021.7503      1.640      1.653    30.3283    17.8106          0          0  0.000e+00
  1021.7497      1.588      1.601    30.3277    17.8102          0          0  0.000e+00
  1021.7492      1.537      1.550    30.3273    17.8097          0          0  0.000e+00
  1021.7492      1.506      1.519    30.3271    17.8089          0          0  0.000e+00
  1021.7501      1.509      1.522    30.3280    17.8079          0          0  0.000e+00
  1021.7517      1.560      1.573    30.3297    17.8073          0          0  0.000e+00
  1021.7526      1.645      1.659    30.3304    17.8078          0          0  0.000e+00
  1021.7522      1.755      1.770    30.3295    17.8086          0          0  0.000e+00
  1021.7522      1.874      1.889    30.3291    17.8092          0          0  0.000e+00
  1021.7528      1.978      1.994    30.3293    17.8095          0          0  0.000e+00
  1021.7527      2.059      2.075    30.3289    17.8100          0          0  0.000e+00
  1021.7518      2.109      2.127    30.3274    17.8101          0          0  0.000e+00
  1021.7514      2.124      2.142    30.3266    17.8095          0          0  0.000e+00
  1021.7527      2.106      2.123    30.3281    17.8084          0          0  0.000e+00
  1021.7530      2.061      2.078    30.3287    17.8081          0          0  0.000e+00
  1021.7527      1.998      2.014    30.3286    17.8080          0          0  0.000e+00
  1021.7514      1.935      1.950    30.3273    17.8081          0          0  0.000e+00
  1021.7512      1.897      1.913    30.3270    17.8074          0          0  0.000e+00
  1021.7521      1.885      1.900    30.3279    17.8063          0          0  0.000e+00
  1021.7518      1.885      1.900    30.3274    17.8059          0          0  0.000e+00
  1021.7521      1.895      1.911    30.3276    17.8053          0          0  0.000e+00
  1021.7526      1.903      1.918    30.3281    17.8050          0          0  0.000e+00
  1021.7537      1.902      1.917    30.3293    17.8046          0          0  0.000e+00
  1021.7534      1.885      1.900    30.3292    17.8050          0          0  0.000e+00
  1021.7529      1.844      1.859    30.3289    17.8055          0          0  0.000e+00
  1021.7527      1.780      1.794    30.3292    17.8059          0          0  0.000e+00
  1021.7521      1.699      1.713    30.3290    17.8062          0          0  0.000e+00
  1021.7507      1.618      1.631    30.3276    17.8065          0          0  0.000e+00
  1021.7499      1.554      1.567    30.3269    17.8061          0          0  0.000e+00
  1021.7513      1.522      1.535    30.3286    17.8052          0          0  0.000e+00
  1021.7524      1.524      1.537    30.3301    17.8052          0          0  0.000e+00
  1021.7513      1.553      1.566    30.3288    17.8061          0          0  0.000e+00
  1021.7520      1.589      1.602    30.3295    17.8064          0          0  0.000e+00
  1021.7534      1.633      1.647    30.3313    17.8069          0          0  0.000e+00
  1021.7511      1.678      1.692    30.3285    17.8084          0          0  0.000e+00
  1021.7505      1.722      1.737    30.3276    17.8087          0          0  0.000e+00
  1021.7512      1.770      1.785    30.3280    17.8084          0          0  0.000e+00
  1021.7524      1.820      1.835    30.3292    17.8080          0          0  0.000e+00
  1021.7529      1.876      1.892    30.3296    17.8084          0          0  0.000e+00
  1021.7531      1.946      1.962    30.3297    17.8091          0          0  0.000e+00
  1021.7515      2.027      2.043    30.3274    17.8097          0          0  0.000e+00
  1021.7517      2.106      2.123    30.3271    17.8094          0          0  0.000e+00
  1021.7531      2.174      2.192    30.3283    17.8089          0          0  0.000e+00
  1021.7533      2.220      2.238    30.3283    17.8088          0          0  0.000e+00
  1021.7535      2.234      2.253    30.3285    17.8089          0          0  0.000e+00
  1021.7529      2.215      2.233    30.3279    17.8090          0          0  0.000e+00
  1021.7515      2.156      2.174    30.3264    17.8088          0          0  0.000e+00
  1021.7511      2.064      2.081    30.3259    17.8076          0          0  0.000e+00
  1021.7506      1.944      1.960    30.3255    17.8061          0          0  0.000e+00
  1021.7518      1.808      1.823    30.3274    17.8044          0          0  0.000e+00
  1021.7524      1.665      1.679    30.3286    17.8034          0          0  0.000e+00
  1021.7525      1.526      1.539    30.3297    17.8035          0          0  0.000e+00
  1021.7518      1.409      1.420    30.3297    17.8044          0          0  0.000e+00
  1021.7515      1.323      1.334    30.3300    17.8050          0          0  0.000e+00
  1021.7511      1.284      1.294    30.3300    17.8059          0          0  0.000e+00
  1021.7506      1.288      1.298    30.3296    17.8069          0          0  0.000e+00
  1021.7507      1.340      1.351    30.3298    17.8078          0          0  0.000e+00
  1021.7505      1.437      1.449    30.3292    17.8087          0          0  0.000e+00
  1021.7507      1.559      1.572    30.3289    17.8092          0          0  0.000e+00
  1021.7507      1.696      1.710    30.3283    17.8096          0          0  0.000e+00
  1021.7517      1.819      1.834    30.3288    17.8095          0          0  0.000e+00
