data/eDNA/PER-2021-171/171c011.ros
* Sea-Bird SBE19plus  Data File:
* FileName = C:\Users\RSG_field\Ryan_2021_Perley\CTD\171c011.hex
* Software version 2.3.0 SB_Terminal.dll
* Temperature SN = 7141
* Conductivity SN = 7141
* System UpLoad Time = Aug 11 2021 16:22:23
* <ApplicationData>
* <SeatermAF>
** Platform: M. Perley
** Cruise: Per2021171
** Station:  ESI_13
** Cast: 01 3
** Latitude: N  44 39.653
** Longitude: W 62 58.499
** Sounding: 31.9
** Chief Scientist: Ryan Stanley
** Comment: 171c011
** Note this file appears to be a combination of both casts 2 (171b011) and 3 (171c011 - this cast). When plotting it appears all the data is there with a brief period of recording after bring brought on board
# nquan = 9
# nvalues = 36                                    
# units = specified
# name 0 = density00: Density [density, kg/m^3]
# name 1 = depSM: Depth [salt water, m], lat = 45.00
# name 2 = prdM: Pressure, Strain Gauge [db]
# name 3 = sal00: Salinity, Practical [PSU]
# name 4 = tv290C: Temperature [ITS-90, deg C]
# name 5 = bpos: Bottle Position in Carousel
# name 6 = nbf: Bottles Fired
# name 7 = scan: Scan Count
# name 8 = flag:  0.000e+00
# interval = seconds: 0.25
# start_time = Aug 11 2021 18:38:28 [Instrument's time stamp, header]
# bad_flag = -9.990e-29
*END*
  1024.4002     32.107     32.372    30.9235     6.6754          1          1       1521  0.000e+00
  1024.3916     32.140     32.405    30.9121     6.6734          1          1       1522  0.000e+00
  1024.3845     32.163     32.429    30.9017     6.6660          1          1       1523  0.000e+00
  1024.3773     32.162     32.428    30.8901     6.6504          1          1       1524  0.000e+00
  1024.4138     32.142     32.407    30.9331     6.6291          1          1       1525  0.000e+00
  1024.4376     32.098     32.363    30.9631     6.6260          1          1       1526  0.000e+00
  1024.4263     32.037     32.301    30.9516     6.6414          1          1       1527  0.000e+00
  1024.4200     31.960     32.224    30.9463     6.6551          1          1       1528  0.000e+00
  1024.4145     31.869     32.133    30.9415     6.6659          1          1       1529  0.000e+00
  1023.1667     10.510     10.596    30.5723    12.1846          2          2       1979  0.000e+00
  1023.2527     10.461     10.547    30.6962    12.2380          2          2       1980  0.000e+00
  1023.2627     10.443     10.529    30.7366    12.3519          2          2       1981  0.000e+00
  1023.1197     10.450     10.536    30.5883    12.5022          2          2       1982  0.000e+00
  1023.1431     10.478     10.564    30.6397    12.5902          2          2       1983  0.000e+00
  1023.1438     10.517     10.603    30.6664    12.6966          2          2       1984  0.000e+00
  1023.0774     10.552     10.638    30.6130    12.8295          2          2       1985  0.000e+00
  1022.9999     10.576     10.663    30.5386    12.9343          2          2       1986  0.000e+00
  1022.9586     10.577     10.664    30.5017    13.0004          2          2       1987  0.000e+00
  1021.9944      1.216      1.226    30.6627    17.8512          3          3       2063  0.000e+00
  1021.9744      1.096      1.105    30.6507    17.8941          3          3       2064  0.000e+00
  1021.9420      0.991      0.999    30.6187    17.9256          3          3       2065  0.000e+00
  1021.9148      0.899      0.907    30.5868    17.9356          3          3       2066  0.000e+00
  1021.9423      0.826      0.833    30.6207    17.9276          3          3       2067  0.000e+00
  1021.9475      0.745      0.751    30.6297    17.9334          3          3       2068  0.000e+00
  1021.9437      0.642      0.647    30.6295    17.9467          3          3       2069  0.000e+00
  1021.9016      0.513      0.517    30.5793    17.9599          3          3       2070  0.000e+00
  1021.9520      0.365      0.368    30.6439    17.9526          3          3       2071  0.000e+00
  1009.4245     -0.022     -0.022    14.0554    17.4082          4          4       2090  0.000e+00
  1010.3592     -0.023     -0.023    15.2796    17.3948          4          4       2091  0.000e+00
  1008.8844     -0.021     -0.021    13.3382    17.3799          4          4       2092  0.000e+00
  1001.9869     -0.021     -0.021     4.2723    17.3418          4          4       2093  0.000e+00
  1001.5903     -0.023     -0.023     3.7332    17.2610          4          4       2094  0.000e+00
  1001.1742     -0.019     -0.020     3.1706    17.1865          4          4       2095  0.000e+00
  1000.4971     -0.019     -0.020     2.2694    17.1199          4          4       2096  0.000e+00
  1000.3681     -0.020     -0.021     2.0846    17.0505          4          4       2097  0.000e+00
  1000.0813     -0.022     -0.022     1.6976    16.9959          4          4       2098  0.000e+00
