data/eDNA/PER-2021-171/171c027.cnv
* Sea-Bird SBE19plus  Data File:
* FileName = C:\Users\RSG_field\Ryan_2021_Perley\CTD\171c027.hex
* Software version 2.3.0 SB_Terminal.dll
* Temperature SN = 7141
* Conductivity SN = 7141
* System UpLoad Time = Aug 18 2021 11:43:05
* <ApplicationData>
* <SeatermAF>
** Platform: M. Perley
** Cruise: Per2021171
** Station:  SAB_03
** Cast: 01 3
** Latitude: N  45 50.760
** Longitude: W 60 05.136
** Sounding: 34
** Chief Scientist: Ryan Stanley
** Comment: 171c027
# nquan = 8
# nvalues = 2301                                  
# units = specified
# name 0 = density00: Density [density, kg/m^3]
# name 1 = depSM: Depth [salt water, m], lat = 45.00
# name 2 = prdM: Pressure, Strain Gauge [db]
# name 3 = sal00: Salinity, Practical [PSU]
# name 4 = tv290C: Temperature [ITS-90, deg C]
# name 5 = bpos: Bottle Position in Carousel
# name 6 = nbf: Bottles Fired
# name 7 = flag:  0.000e+00
# span 0 =   998.9661,  1024.6594                 
# span 1 =      0.003,     33.695                 
# span 2 =      0.003,     33.974                 
# span 3 =     0.0081,    31.1505                 
# span 4 =     6.0783,    18.3303                 
# span 5 =          0,          3                 
# span 6 =          0,          3                 
# span 7 = 0.0000e+00, 0.0000e+00                 
# interval = seconds: 0.25
# start_time = Aug 18 2021 14:30:34 [Instrument's time stamp, header]
# bad_flag = -9.990e-29
*END*
[from data line 2158]
  1022.3792     12.529     12.632    29.9018    13.6406          2          2  0.000e+00
  1022.3397     12.404     12.506    29.8619    13.6825          2          2  0.000e+00
  1022.3458     12.282     12.383    29.8785    13.7132          2          2  0.000e+00
  1022.3604     12.161     12.261    29.9086    13.7539          2          2  0.000e+00
  1022.2952     12.042     12.141    29.8390    13.8089          2          2  0.000e+00
  1022.2819     11.925     12.023    29.8283    13.8320          2          2  0.000e+00
  1022.2737     11.810     11.907    29.8205    13.8400          2          2  0.000e+00
  1022.2809     11.696     11.792    29.8321    13.8466          2          2  0.000e+00
  1022.2983     11.587     11.682    29.8576    13.8552          2          2  0.000e+00
  1022.2988     11.477     11.572    29.8638    13.8741          2          2  0.000e+00
  1022.3290     11.370     11.464    29.9104    13.9006          2          2  0.000e+00
  1022.2932     11.259     11.351    29.8782    13.9524          2          2  0.000e+00
  1022.3107     11.152     11.243    29.9140    14.0002          2          2  0.000e+00
  1022.3298     11.043     11.133    29.9586    14.0740          2          2  0.000e+00
  1022.2417     10.934     11.023    29.8721    14.1774          2          2  0.000e+00
  1022.2178     10.829     10.918    29.8553    14.2288          2          2  0.000e+00
  1022.2102     10.722     10.810    29.8589    14.2778          2          2  0.000e+00
  1022.1894     10.611     10.698    29.8460    14.3289          2          2  0.000e+00
  1022.2134     10.496     10.582    29.8865    14.3613          2          2  0.000e+00
  1022.2298     10.386     10.471    29.9254    14.4254          2          2  0.000e+00
  1022.1649     10.269     10.353    29.8688    14.5259          2          2  0.000e+00
  1022.1217     10.150     10.234    29.8343    14.6044          2          2  0.000e+00
  1022.1228     10.033     10.115    29.8529    14.6655          2          2  0.000e+00
  1022.0861      9.913      9.994    29.8247    14.7352          2          2  0.000e+00
  1022.0606      9.791      9.871    29.8092    14.7974          2          2  0.000e+00
  1022.0333      9.664      9.743    29.7885    14.8491          2          2  0.000e+00
  1022.0048      9.535      9.614    29.7625    14.8870          2          2  0.000e+00
  1021.9908      9.412      9.490    29.7518    14.9119          2          2  0.000e+00
  1021.9889      9.287      9.364    29.7549    14.9298          2          2  0.000e+00
  1021.9885      9.160      9.235    29.7598    14.9470          2          2  0.000e+00
  1021.9819      9.032      9.106    29.7576    14.9675          2          2  0.000e+00
  1021.9819      8.903      8.976    29.7649    14.9913          2          2  0.000e+00
  1021.9671      8.774      8.846    29.7541    15.0195          2          2  0.000e+00
  1021.9618      8.645      8.716    29.7556    15.0478          2          2  0.000e+00
  1021.9595      8.518      8.588    29.7614    15.0770          2          2  0.000e+00
  1021.9714      8.392      8.461    29.7883    15.1158          2          2  0.000e+00
  1021.9276      8.271      8.339    29.7471    15.1705          2          2  0.000e+00
  1021.9257      8.152      8.219    29.7567    15.2118          2          2  0.000e+00
  1021.9659      8.032      8.098    29.8241    15.2639          2          2  0.000e+00
  1021.9091      7.910      7.975    29.7752    15.3513          2          2  0.000e+00
  1021.8766      7.793      7.857    29.7538    15.4237          2          2  0.000e+00
  1021.8283      7.677      7.740    29.7088    15.4852          2          2  0.000e+00
  1021.8049      7.564      7.626    29.6907    15.5272          2          2  0.000e+00
  1021.8140      7.452      7.513    29.7117    15.5573          2          2  0.000e+00
  1021.7876      7.341      7.402    29.6887    15.5960          2          2  0.000e+00
  1021.7883      7.233      7.292    29.7000    15.6304          2          2  0.000e+00
  1021.7646      7.127      7.186    29.6803    15.6677          2          2  0.000e+00
  1021.7671      7.017      7.074    29.6930    15.6990          2          2  0.000e+00
  1021.7637      6.914      6.971    29.7000    15.7376          2          2  0.000e+00
  1021.7283      6.811      6.867    29.6664    15.7792          2          2  0.000e+00
  1021.7420      6.708      6.763    29.6929    15.8077          2          2  0.000e+00
  1021.7178      6.598      6.652    29.6733    15.8472          2          2  0.000e+00
  1021.7089      6.485      6.538    29.6727    15.8836          2          2  0.000e+00
  1021.7059      6.368      6.420    29.6798    15.9199          2          2  0.000e+00
  1021.7261      6.244      6.295    29.7195    15.9645          2          2  0.000e+00
  1021.7344      6.119      6.169    29.7512    16.0345          2          2  0.000e+00
  1021.7094      5.997      6.046    29.7476    16.1330          2          2  0.000e+00
  1021.6364      5.874      5.922    29.6821    16.2336          2          2  0.000e+00
  1021.6369      5.745      5.792    29.7022    16.2978          2          2  0.000e+00
  1021.6098      5.618      5.664    29.6894    16.3730          2          2  0.000e+00
  1021.5963      5.486      5.531    29.6949    16.4498          2          2  0.000e+00
  1021.5542      5.356      5.400    29.6625    16.5241          2          2  0.000e+00
  1021.5256      5.227      5.269    29.6440    16.5857          2          2  0.000e+00
  1021.5190      5.098      5.140    29.6509    16.6360          2          2  0.000e+00
  1021.4952      4.971      5.012    29.6350    16.6852          2          2  0.000e+00
  1021.4980      4.846      4.886    29.6528    16.7303          2          2  0.000e+00
  1021.4915      4.719      4.758    29.6626    16.7895          2          2  0.000e+00
  1021.4709      4.593      4.630    29.6569    16.8588          2          2  0.000e+00
  1021.4519      4.467      4.503    29.6520    16.9231          2          2  0.000e+00
  1021.4281      4.346      4.381    29.6401    16.9853          2          2  0.000e+00
  1021.3869      4.227      4.262    29.6038    17.0414          2          2  0.000e+00
  1021.3788      4.108      4.142    29.6050    17.0785          2          2  0.000e+00
  1021.3773      3.990      4.022    29.6141    17.1129          2          2  0.000e+00
  1021.3683      3.876      3.908    29.6142    17.1503          2          2  0.000e+00
  1021.3519      3.767      3.798    29.6053    17.1896          2          2  0.000e+00
  1021.3552      3.661      3.691    29.6217    17.2281          2          2  0.000e+00
  1021.3450      3.558      3.587    29.6215    17.2696          2          2  0.000e+00
  1021.3418      3.451      3.479    29.6306    17.3112          2          2  0.000e+00
  1021.3431      3.348      3.376    29.6477    17.3603          2          2  0.000e+00
  1021.3433      3.248      3.274    29.6683    17.4253          2          2  0.000e+00
  1021.3868      3.141      3.166    29.7515    17.5095          2          2  0.000e+00
  1021.3252      3.034      3.058    29.7120    17.6415          2          2  0.000e+00
  1021.2416      2.928      2.952    29.6382    17.7552          2          2  0.000e+00
  1021.2152      2.816      2.839    29.6249    17.8223          3          3  0.000e+00
  1021.2033      2.700      2.722    29.6277    17.8791          3          3  0.000e+00
  1021.1667      2.583      2.604    29.5985    17.9373          3          3  0.000e+00
  1021.1407      2.463      2.483    29.5787    17.9811          3          3  0.000e+00
  1021.1314      2.340      2.360    29.5761    18.0093          3          3  0.000e+00
  1021.0869      2.217      2.236    29.5242    18.0276          3          3  0.000e+00
  1021.1032      2.088      2.105    29.5446    18.0219          3          3  0.000e+00
  1021.1014      1.966      1.982    29.5418    18.0181          3          3  0.000e+00
  1021.1267      1.838      1.853    29.5753    18.0170          3          3  0.000e+00
  1021.1268      1.721      1.735    29.5818    18.0352          3          3  0.000e+00
  1021.1118      1.606      1.619    29.5700    18.0582          3          3  0.000e+00
  1021.1085      1.491      1.504    29.5719    18.0760          3          3  0.000e+00
  1021.1083      1.380      1.391    29.5777    18.0933          3          3  0.000e+00
  1021.1247      1.258      1.268    29.6065    18.1148          3          3  0.000e+00
  1021.1212      1.122      1.132    29.6148    18.1533          3          3  0.000e+00
  1021.0885      0.996      1.004    29.5865    18.1973          3          3  0.000e+00
  1021.0621      0.873      0.881    29.5620    18.2271          3          3  0.000e+00
  1021.0528      0.750      0.757    29.5543    18.2392          3          3  0.000e+00
  1021.0520      0.630      0.635    29.5552    18.2430          3          3  0.000e+00
  1021.0495      0.511      0.515    29.5543    18.2484          3          3  0.000e+00
  1021.0477      0.399      0.402    29.5544    18.2543          3          3  0.000e+00
  1021.0220      0.288      0.291    29.5224    18.2576          3          3  0.000e+00
  1021.0261      0.187      0.188    29.5241    18.2441          3          3  0.000e+00
  1021.0298      0.069      0.069    29.5253    18.2300          3          3  0.000e+00
  1021.0213      0.013      0.013    29.5123    18.2231          3          3  0.000e+00
  1020.9896      0.016      0.016    29.4723    18.2278          3          3  0.000e+00
  1021.0010      0.014      0.014    29.4856    18.2229          3          3  0.000e+00
  1021.0405      0.013      0.013    29.5225    18.1752          3          3  0.000e+00
  1021.0346      0.013      0.013    29.5026    18.1364          3          3  0.000e+00
  1021.0120      0.015      0.015    29.4656    18.1127          3          3  0.000e+00
  1021.0453      0.015      0.015    29.4939    18.0634          3          3  0.000e+00
  1021.0765      0.013      0.013    29.5185    18.0115          3          3  0.000e+00
  1021.0875      0.012      0.012    29.5225    17.9782          3          3  0.000e+00
  1021.0903      0.013      0.013    29.5182    17.9521          3          3  0.000e+00
  1021.0957      0.014      0.014    29.5172    17.9260          3          3  0.000e+00
  1021.0960      0.014      0.014    29.5088    17.8979          3          3  0.000e+00
  1021.0992      0.015      0.015    29.5034    17.8671          3          3  0.000e+00
  1010.2893      0.016      0.016    15.3081    17.8327          3          3  0.000e+00
  1004.5802      0.014      0.014     7.7905    17.7954          3          3  0.000e+00
  1002.3775      0.015      0.015     4.8879    17.7595          3          3  0.000e+00
  1000.8049      0.011      0.011     2.8177    17.7269          3          3  0.000e+00
  1001.1067      0.011      0.011     3.2082    17.7069          3          3  0.000e+00
  1001.3287      0.015      0.015     3.4958    17.6936          3          3  0.000e+00
  1000.8026      0.014      0.014     2.8030    17.6793          3          3  0.000e+00
  1000.3691      0.014      0.014     2.2313    17.6617          3          3  0.000e+00
  1000.0414      0.012      0.012     1.7974    17.6399          3          3  0.000e+00
   999.9884      0.014      0.014     1.7222    17.6157          3          3  0.000e+00
  1000.1594      0.014      0.014     1.9397    17.5906          3          3  0.000e+00
  1000.3408      0.013      0.013     2.1708    17.5650          3          3  0.000e+00
  1000.1421      0.012      0.012     1.9050    17.5399          3          3  0.000e+00
   999.8917      0.012      0.012     1.5717    17.5143          3          3  0.000e+00
   999.9429      0.015      0.015     1.6322    17.4880          3          3  0.000e+00
  1000.0590      0.014      0.014     1.7775    17.4610          3          3  0.000e+00
  1000.1202      0.013      0.013     1.8511    17.4340          3          3  0.000e+00
   999.9540      0.014      0.014     1.6276    17.4073          3          3  0.000e+00
   999.7630      0.013      0.013     1.3718    17.3805          3          3  0.000e+00
   999.6580      0.014      0.014     1.2285    17.3535          3          3  0.000e+00
   999.7218      0.013      0.013     1.3053    17.3262          3          3  0.000e+00
   999.8143      0.015      0.015     1.4197    17.2995          3          3  0.000e+00
   999.6836      0.014      0.014     1.2432    17.2739          3          3  0.000e+00
