data/eDNA/PER-2021-171/171c025.cnv
* Sea-Bird SBE19plus  Data File:
* FileName = C:\Users\RSG_field\Ryan_2021_Perley\CTD\171c025.hex
* Software version 2.3.0 SB_Terminal.dll
* Temperature SN = 7141
* Conductivity SN = 7141
* System UpLoad Time = Aug 18 2021 14:04:06
* <ApplicationData>
* <SeatermAF>
** Platform: M. Perley
** Cruise: Per2021171
** Station:  SAB_01
** Cast: 01 3
** Latitude: N  45 51.348
** Longitude: W 60 09.09
** Sounding: 14.2
** Chief Scientist: Ryan Stanley
** Comment: 171c025
# nquan = 8
# nvalues = 1786                                  
# units = specified
# name 0 = density00: Density [density, kg/m^3]
# name 1 = depSM: Depth [salt water, m], lat = 45.00
# name 2 = prdM: Pressure, Strain Gauge [db]
# name 3 = sal00: Salinity, Practical [PSU]
# name 4 = tv290C: Temperature [ITS-90, deg C]
# name 5 = bpos: Bottle Position in Carousel
# name 6 = nbf: Bottles Fired
# name 7 = flag:  0.000e+00
# span 0 =   998.9026,  1023.4654                 
# span 1 =     -0.016,     13.874                 
# span 2 =     -0.016,     13.988                 
# span 3 =     0.0086,    30.5776                 
# span 4 =     9.9876,    18.3964                 
# span 5 =          0,          3                 
# span 6 =          0,          3                 
# span 7 = 0.0000e+00, 0.0000e+00                 
# interval = seconds: 0.25
# start_time = Aug 18 2021 16:53:56 [Instrument's time stamp, header]
# bad_flag = -9.990e-29
*END*
[from data line 180]
  1020.9681      1.854      1.869    29.4530    18.2904          0          0  0.000e+00
  1020.9702      1.850      1.865    29.4544    18.2861          0          0  0.000e+00
  1020.9732      1.848      1.863    29.4570    18.2818          0          0  0.000e+00
  1020.9750      1.846      1.862    29.4585    18.2788          0          0  0.000e+00
  1020.9762      1.847      1.862    29.4593    18.2767          0          0  0.000e+00
  1020.9771      1.848      1.863    29.4603    18.2757          0          0  0.000e+00
  1020.9774      1.849      1.864    29.4607    18.2760          0          0  0.000e+00
  1020.9775      1.849      1.864    29.4612    18.2770          0          0  0.000e+00
  1020.9773      1.853      1.868    29.4611    18.2779          0          0  0.000e+00
  1020.9761      1.851      1.866    29.4599    18.2790          0          0  0.000e+00
  1020.9756      1.853      1.868    29.4595    18.2797          0          0  0.000e+00
  1020.9760      1.857      1.872    29.4601    18.2801          0          0  0.000e+00
  1020.9764      1.861      1.877    29.4610    18.2811          0          0  0.000e+00
  1020.9774      1.866      1.881    29.4626    18.2824          0          0  0.000e+00
  1020.9775      1.873      1.888    29.4632    18.2841          0          0  0.000e+00
  1020.9766      1.876      1.892    29.4624    18.2853          0          0  0.000e+00
  1020.9754      1.878      1.894    29.4609    18.2855          0          0  0.000e+00
  1020.9741      1.883      1.898    29.4590    18.2848          0          0  0.000e+00
  1020.9733      1.884      1.899    29.4573    18.2830          0          0  0.000e+00
  1020.9716      1.885      1.900    29.4544    18.2806          0          0  0.000e+00
  1020.9696      1.885      1.900    29.4507    18.2772          0          0  0.000e+00
  1020.9670      1.883      1.898    29.4459    18.2727          0          0  0.000e+00
  1020.9660      1.877      1.893    29.4428    18.2668          0          0  0.000e+00
  1020.9672      1.875      1.890    29.4422    18.2601          0          0  0.000e+00
  1020.9693      1.868      1.883    29.4432    18.2542          0          0  0.000e+00
  1020.9703      1.862      1.878    29.4434    18.2510          0          0  0.000e+00
  1020.9701      1.855      1.870    29.4428    18.2496          0          0  0.000e+00
  1020.9690      1.850      1.865    29.4413    18.2492          0          0  0.000e+00
  1020.9676      1.844      1.859    29.4395    18.2490          0          0  0.000e+00
  1020.9663      1.840      1.855    29.4375    18.2484          0          0  0.000e+00
  1020.9649      1.837      1.852    29.4352    18.2466          0          0  0.000e+00
  1020.9651      1.834      1.849    29.4345    18.2435          0          0  0.000e+00
  1020.9664      1.833      1.848    29.4349    18.2395          0          0  0.000e+00
  1020.9690      1.831      1.846    29.4370    18.2349          0          0  0.000e+00
  1020.9720      1.830      1.845    29.4394    18.2305          0          0  0.000e+00
  1020.9749      1.833      1.848    29.4421    18.2269          0          0  0.000e+00
  1020.9774      1.834      1.849    29.4445    18.2242          0          0  0.000e+00
  1020.9794      1.833      1.848    29.4467    18.2226          0          0  0.000e+00
  1020.9808      1.838      1.853    29.4484    18.2221          0          0  0.000e+00
  1020.9829      1.842      1.857    29.4512    18.2224          0          0  0.000e+00
  1020.9847      1.847      1.862    29.4541    18.2244          0          0  0.000e+00
  1020.9854      1.857      1.872    29.4563    18.2287          0          0  0.000e+00
  1020.9836      1.868      1.883    29.4562    18.2359          0          0  0.000e+00
  1020.9807      1.878      1.894    29.4548    18.2439          0          0  0.000e+00
  1020.9770      1.888      1.903    29.4523    18.2513          0          0  0.000e+00
  1020.9724      1.894      1.910    29.4480    18.2573          0          0  0.000e+00
  1020.9659      1.901      1.916    29.4407    18.2611          0          0  0.000e+00
  1020.9584      1.904      1.919    29.4308    18.2609          0          0  0.000e+00
  1020.9559      1.902      1.917    29.4258    18.2554          0          0  0.000e+00
  1020.9593      1.898      1.914    29.4276    18.2472          0          0  0.000e+00
  1020.9621      1.892      1.908    29.4301    18.2431          0          0  0.000e+00
  1020.9627      1.883      1.898    29.4312    18.2439          0          0  0.000e+00
  1020.9653      1.874      1.889    29.4344    18.2430          0          0  0.000e+00
  1020.9799      1.866      1.881    29.4484    18.2266          0          0  0.000e+00
  1021.0040      1.859      1.874    29.4707    18.1967          0          0  0.000e+00
  1021.0266      1.851      1.866    29.4911    18.1673          0          0  0.000e+00
  1021.0460      1.845      1.861    29.5084    18.1416          0          0  0.000e+00
  1021.0618      1.842      1.857    29.5225    18.1204          0          0  0.000e+00
  1021.0747      1.837      1.852    29.5339    18.1028          0          0  0.000e+00
  1021.0833      1.833      1.848    29.5408    18.0888          0          0  0.000e+00
  1021.1801      1.831      1.846    29.6652    18.0809          0          0  0.000e+00
  1021.2334      1.825      1.840    29.7494    18.1271          0          0  0.000e+00
  1021.1686      1.819      1.834    29.6929    18.2174          0          0  0.000e+00
  1021.1165      1.817      1.832    29.6457    18.2842          0          0  0.000e+00
  1021.0879      1.817      1.832    29.6197    18.3206          0          0  0.000e+00
  1021.0747      1.818      1.833    29.6082    18.3390          0          0  0.000e+00
  1021.0689      1.822      1.837    29.6038    18.3490          0          0  0.000e+00
  1021.0657      1.830      1.845    29.6013    18.3545          0          0  0.000e+00
  1021.0662      1.837      1.852    29.6028    18.3578          0          0  0.000e+00
  1021.0626      1.845      1.861    29.5997    18.3630          0          0  0.000e+00
  1021.0594      1.854      1.869    29.5969    18.3674          0          0  0.000e+00
  1021.0582      1.860      1.875    29.5962    18.3701          0          0  0.000e+00
  1021.0562      1.870      1.885    29.5938    18.3714          0          0  0.000e+00
  1021.0559      1.878      1.894    29.5932    18.3706          0          0  0.000e+00
  1021.0562      1.883      1.898    29.5933    18.3697          0          0  0.000e+00
  1021.0573      1.888      1.903    29.5943    18.3686          0          0  0.000e+00
  1021.0581      1.894      1.910    29.5950    18.3676          0          0  0.000e+00
  1021.0591      1.895      1.911    29.5961    18.3671          0          0  0.000e+00
  1021.0590      1.896      1.912    29.5961    18.3675          0          0  0.000e+00
  1021.0588      1.894      1.910    29.5960    18.3679          0          0  0.000e+00
  1021.0577      1.888      1.903    29.5946    18.3679          0          0  0.000e+00
  1021.0554      1.884      1.899    29.5914    18.3673          0          0  0.000e+00
  1021.0517      1.873      1.888    29.5856    18.3639          0          0  0.000e+00
  1021.0558      1.866      1.881    29.5893    18.3588          0          0  0.000e+00
  1021.0622      1.857      1.872    29.5961    18.3535          0          0  0.000e+00
  1021.0647      1.850      1.865    29.5988    18.3514          0          0  0.000e+00
  1021.0638      1.846      1.862    29.5979    18.3522          0          0  0.000e+00
  1021.0628      1.844      1.859    29.5968    18.3528          0          0  0.000e+00
  1021.0600      1.841      1.856    29.5932    18.3531          0          0  0.000e+00
  1021.0602      1.837      1.852    29.5931    18.3517          0          0  0.000e+00
  1021.0593      1.835      1.850    29.5915    18.3502          0          0  0.000e+00
  1021.0603      1.828      1.843    29.5919    18.3475          0          0  0.000e+00
  1021.0615      1.827      1.842    29.5927    18.3448          0          0  0.000e+00
  1021.0617      1.823      1.838    29.5925    18.3433          0          0  0.000e+00
  1021.0633      1.823      1.838    29.5937    18.3405          0          0  0.000e+00
  1021.0656      1.825      1.840    29.5959    18.3380          0          0  0.000e+00
  1021.0683      1.832      1.847    29.5993    18.3377          0          0  0.000e+00
  1021.0682      1.838      1.853    29.5996    18.3393          0          0  0.000e+00
  1021.0665      1.846      1.862    29.5982    18.3419          0          0  0.000e+00
  1021.0659      1.854      1.869    29.5979    18.3434          0          0  0.000e+00
  1021.0672      1.867      1.882    29.5997    18.3444          0          0  0.000e+00
  1021.0682      1.875      1.890    29.6016    18.3459          0          0  0.000e+00
  1021.0639      1.884      1.899    29.5966    18.3483          0          0  0.000e+00
  1021.0651      1.890      1.905    29.5982    18.3486          0          0  0.000e+00
  1021.0646      1.895      1.911    29.5977    18.3492          0          0  0.000e+00
  1021.0660      1.893      1.909    29.5998    18.3498          0          0  0.000e+00
  1021.0674      1.894      1.910    29.6021    18.3516          0          0  0.000e+00
  1021.0643      1.889      1.904    29.5992    18.3548          0          0  0.000e+00
  1021.0555      1.881      1.897    29.5881    18.3563          0          0  0.000e+00
  1021.0480      1.873      1.888    29.5767    18.3510          0          0  0.000e+00
  1021.0533      1.867      1.882    29.5798    18.3385          0          0  0.000e+00
  1021.0616      1.863      1.879    29.5871    18.3276          0          0  0.000e+00
  1021.0712      1.860      1.875    29.5978    18.3212          0          0  0.000e+00
  1021.0762      1.858      1.873    29.6047    18.3222          0          0  0.000e+00
  1021.0721      1.853      1.868    29.6011    18.3278          0          0  0.000e+00
  1021.0669      1.849      1.864    29.5954    18.3312          0          0  0.000e+00
  1021.0659      1.839      1.854    29.5936    18.3299          0          0  0.000e+00
  1021.0696      1.833      1.848    29.5979    18.3278          0          0  0.000e+00
  1021.0702      1.830      1.844    29.5987    18.3279          0          0  0.000e+00
  1021.0693      1.826      1.841    29.5979    18.3286          0          0  0.000e+00
  1021.0690      1.824      1.839    29.5971    18.3278          0          0  0.000e+00
  1021.0708      1.826      1.841    29.5990    18.3264          0          0  0.000e+00
  1021.0718      1.832      1.847    29.6003    18.3263          0          0  0.000e+00
  1021.0718      1.838      1.853    29.6006    18.3274          0          0  0.000e+00
  1021.0717      1.841      1.856    29.6010    18.3292          0          0  0.000e+00
  1021.0704      1.843      1.858    29.5998    18.3309          0          0  0.000e+00
  1021.0698      1.844      1.859    29.5995    18.3322          0          0  0.000e+00
  1021.0711      1.850      1.865    29.6013    18.3325          0          0  0.000e+00
  1021.0699      1.855      1.870    29.6003    18.3347          0          0  0.000e+00
  1021.0688      1.859      1.874    29.5995    18.3367          0          0  0.000e+00
  1021.0675      1.870      1.885    29.5982    18.3384          0          0  0.000e+00
  1021.0702      1.880      1.896    29.6020    18.3390          0          0  0.000e+00
  1021.0695      1.888      1.903    29.6014    18.3405          0          0  0.000e+00
  1021.0666      1.896      1.912    29.5982    18.3424          0          0  0.000e+00
  1021.0657      1.899      1.915    29.5972    18.3433          0          0  0.000e+00
  1021.0628      1.897      1.913    29.5935    18.3436          0          0  0.000e+00
  1021.0616      1.893      1.909    29.5917    18.3425          0          0  0.000e+00
  1021.0610      1.885      1.900    29.5900    18.3397          0          0  0.000e+00
  1021.0570      1.880      1.896    29.5836    18.3356          0          0  0.000e+00
  1021.0625      1.872      1.887    29.5885    18.3285          0          0  0.000e+00
  1021.0684      1.868      1.883    29.5937    18.3200          0          0  0.000e+00
  1021.0715      1.864      1.880    29.5969    18.3171          0          0  0.000e+00
  1021.0695      1.859      1.874    29.5942    18.3172          0          0  0.000e+00
  1021.0706      1.849      1.864    29.5955    18.3162          0          0  0.000e+00
  1021.0726      1.840      1.855    29.5974    18.3139          0          0  0.000e+00
  1021.0743      1.832      1.847    29.5995    18.3133          0          0  0.000e+00
  1021.0761      1.826      1.841    29.6018    18.3131          0          0  0.000e+00
  1021.0747      1.821      1.836    29.6002    18.3136          0          0  0.000e+00
  1021.0749      1.820      1.835    29.6006    18.3142          0          0  0.000e+00
  1021.0753      1.822      1.837    29.6014    18.3148          0          0  0.000e+00
  1021.0756      1.827      1.842    29.6021    18.3161          0          0  0.000e+00
  1021.0747      1.834      1.849    29.6014    18.3178          0          0  0.000e+00
  1021.0741      1.839      1.854    29.6012    18.3199          0          0  0.000e+00
  1021.0716      1.845      1.861    29.5987    18.3224          0          0  0.000e+00
  1021.0665      1.852      1.867    29.5925    18.3236          0          0  0.000e+00
  1021.0668      1.857      1.872    29.5921    18.3215          0          0  0.000e+00
  1021.0693      1.866      1.881    29.5945    18.3188          0          0  0.000e+00
  1021.0675      1.871      1.886    29.5914    18.3165          0          0  0.000e+00
  1021.0662      1.875      1.890    29.5883    18.3124          0          0  0.000e+00
  1021.0697      1.878      1.894    29.5910    18.3064          0          0  0.000e+00
  1021.0722      1.880      1.896    29.5924    18.3005          0          0  0.000e+00
  1021.0770      1.881      1.897    29.5974    18.2966          0          0  0.000e+00
  1021.0786      1.882      1.898    29.5996    18.2964          0          0  0.000e+00
  1021.0784      1.882      1.898    29.5999    18.2982          0          0  0.000e+00
  1021.0742      1.886      1.901    29.5949    18.3002          0          0  0.000e+00
  1021.0729      1.886      1.901    29.5928    18.2991          0          0  0.000e+00
  1021.0763      1.886      1.901    29.5964    18.2961          0          0  0.000e+00
  1021.0799      1.881      1.897    29.6008    18.2950          0          0  0.000e+00
  1021.0801      1.875      1.890    29.6018    18.2972          0          0  0.000e+00
  1021.0749      1.863      1.879    29.5964    18.3016          0          0  0.000e+00
  1021.0714      1.850      1.865    29.5919    18.3016          0          0  0.000e+00
  1021.0716      1.838      1.853    29.5905    18.2962          0          0  0.000e+00
  1021.0727      1.825      1.840    29.5904    18.2909          0          0  0.000e+00
  1021.0789      1.821      1.836    29.5971    18.2863          0          0  0.000e+00
  1021.0829      1.816      1.831    29.6019    18.2852          0          0  0.000e+00
  1021.0823      1.819      1.834    29.6019    18.2874          0          0  0.000e+00
  1021.0807      1.824      1.839    29.6007    18.2902          0          0  0.000e+00
  1021.0807      1.831      1.846    29.6009    18.2914          0          0  0.000e+00
  1021.0823      1.837      1.852    29.6032    18.2920          0          0  0.000e+00
