data/eDNA/PER-2021-171/171c028.ros
* Sea-Bird SBE19plus  Data File:
* FileName = C:\Users\RSG_field\Ryan_2021_Perley\CTD\171c028.hex
* Software version 2.3.0 SB_Terminal.dll
* Temperature SN = 7141
* Conductivity SN = 7141
* System UpLoad Time = Aug 18 2021 09:30:47
* <ApplicationData>
* <SeatermAF>
** Platform: M. Perley
** Cruise: Per2021171
** Station:  GC-04
** Cast: 01 3
** Latitude: N  44 55.575
** Longitude: W 59 51.597
** Sounding: 50.3
** Chief Scientist: Ryan Stanley
** Comment: 171c028
# nquan = 9
# nvalues = 27                                    
# units = specified
# name 0 = density00: Density [density, kg/m^3]
# name 1 = depSM: Depth [salt water, m], lat = 45.00
# name 2 = prdM: Pressure, Strain Gauge [db]
# name 3 = sal00: Salinity, Practical [PSU]
# name 4 = tv290C: Temperature [ITS-90, deg C]
# name 5 = bpos: Bottle Position in Carousel
# name 6 = nbf: Bottles Fired
# name 7 = scan: Scan Count
# name 8 = flag:  0.000e+00
# interval = seconds: 0.25
# start_time = Aug 18 2021 12:13:12 [Instrument's time stamp, header]
# bad_flag = -9.990e-29
*END*
  1023.8191     49.310     49.719    30.6182     9.6262          1          1       2521  0.000e+00
  1023.7144     49.378     49.788    30.4919     9.6670          1          1       2522  0.000e+00
  1023.5801     49.458     49.869    30.3134     9.6381          1          1       2523  0.000e+00
  1023.5415     49.550     49.962    30.2342     9.4939          1          1       2524  0.000e+00
  1023.5801     49.644     50.056    30.2415     9.2847          1          1       2525  0.000e+00
  1023.6906     49.732     50.145    30.3363     9.0495          1          1       2526  0.000e+00
  1023.7779     49.810     50.224    30.4081     8.8445          1          1       2527  0.000e+00
  1023.8826     49.855     50.269    30.5093     8.6752          1          1       2528  0.000e+00
  1023.9983     49.876     50.290    30.6343     8.5544          1          1       2529  0.000e+00
  1021.5546     25.510     25.720    29.4895    16.3335          2          2       3004  0.000e+00
  1021.5471     25.305     25.514    29.4844    16.3455          2          2       3005  0.000e+00
  1021.5417     25.144     25.351    29.4813    16.3557          2          2       3006  0.000e+00
  1021.5399     25.022     25.228    29.4826    16.3660          2          2       3007  0.000e+00
  1021.5351     24.940     25.146    29.4810    16.3805          2          2       3008  0.000e+00
  1021.5208     24.892     25.097    29.4677    16.3978          2          2       3009  0.000e+00
  1021.5151     24.864     25.069    29.4637    16.4091          2          2       3010  0.000e+00
  1021.5195     24.847     25.052    29.4727    16.4199          2          2       3011  0.000e+00
  1021.5062     24.834     25.039    29.4612    16.4397          2          2       3012  0.000e+00
  1020.5245      2.781      2.803    29.1326    19.1257          3          3       3212  0.000e+00
  1020.5263      2.592      2.613    29.1342    19.1197          3          3       3213  0.000e+00
  1020.5322      2.370      2.390    29.1414    19.1142          3          3       3214  0.000e+00
  1020.5350      2.132      2.149    29.1459    19.1124          3          3       3215  0.000e+00
  1020.5355      1.883      1.898    29.1484    19.1135          3          3       3216  0.000e+00
  1020.5330      1.641      1.655    29.1475    19.1164          3          3       3217  0.000e+00
  1020.5301      1.424      1.436    29.1457    19.1187          3          3       3218  0.000e+00
  1020.5308      1.261      1.271    29.1480    19.1200          3          3       3219  0.000e+00
  1020.5326      1.180      1.190    29.1514    19.1219          3          3       3220  0.000e+00
