data/eDNA/PER-2021-171/171c006.cnv
* Sea-Bird SBE19plus  Data File:
* FileName = C:\Users\RSG_field\Ryan_2021_Perley\CTD\171c006.hex
* Software version 2.3.0 SB_Terminal.dll
* Temperature SN = 7141
* Conductivity SN = 7141
* System UpLoad Time = Aug 12 2021 16:47:09
* <ApplicationData>
* <SeatermAF>
** Platform: M. Perley
** Cruise: Per2021171
** Station:  GC_06
** Cast: 01 3
** Latitude: N  44 46.942
** Longitude: W 62 26.613
** Sounding: 22.8
** Chief Scientist: Ryan Stanley
** Comment: 171c006
# nquan = 8
# nvalues = 2436                                  
# units = specified
# name 0 = density00: Density [density, kg/m^3]
# name 1 = depSM: Depth [salt water, m], lat = 45.00
# name 2 = prdM: Pressure, Strain Gauge [db]
# name 3 = sal00: Salinity, Practical [PSU]
# name 4 = tv290C: Temperature [ITS-90, deg C]
# name 5 = bpos: Bottle Position in Carousel
# name 6 = nbf: Bottles Fired
# name 7 = flag:  0.000e+00
# span 0 =   998.7005,  1023.9296                 
# span 1 =     -0.073,     23.005                 
# span 2 =     -0.074,     23.195                 
# span 3 =     0.0082,    31.1219                 
# span 4 =     8.9481,    18.7654                 
# span 5 =          0,          3                 
# span 6 =          0,          3                 
# span 7 = 0.0000e+00, 0.0000e+00                 
# interval = seconds: 0.25
# start_time = Aug 12 2021 19:35:33 [Instrument's time stamp, header]
# bad_flag = -9.990e-29
*END*
[from data line 180]
  1021.5812      1.913      1.929    30.3351    18.5405          0          0  0.000e+00
  1021.5618      1.931      1.947    30.3152    18.5577          0          0  0.000e+00
  1021.5528      1.941      1.957    30.3051    18.5636          0          0  0.000e+00
  1021.5496      1.941      1.957    30.3029    18.5696          0          0  0.000e+00
  1021.5436      1.948      1.964    30.2971    18.5762          0          0  0.000e+00
  1021.5487      1.972      1.988    30.2995    18.5636          0          0  0.000e+00
  1021.5569      2.011      2.027    30.3067    18.5528          0          0  0.000e+00
  1021.5651      2.057      2.074    30.3165    18.5510          0          0  0.000e+00
  1021.5647      2.104      2.121    30.3189    18.5610          0          0  0.000e+00
  1021.5599      2.147      2.165    30.3161    18.5724          0          0  0.000e+00
  1021.5627      2.172      2.190    30.3179    18.5670          0          0  0.000e+00
  1021.5601      2.179      2.197    30.3122    18.5600          0          0  0.000e+00
  1021.5647      2.172      2.190    30.3169    18.5558          0          0  0.000e+00
  1021.5686      2.145      2.163    30.3220    18.5555          0          0  0.000e+00
  1021.5829      2.105      2.122    30.3365    18.5411          0          0  0.000e+00
  1021.6007      2.052      2.069    30.3531    18.5192          0          0  0.000e+00
  1021.6151      1.998      2.014    30.3661    18.4999          0          0  0.000e+00
  1021.6263      1.943      1.959    30.3760    18.4841          0          0  0.000e+00
  1021.6310      1.904      1.919    30.3792    18.4741          0          0  0.000e+00
  1021.6267      1.886      1.901    30.3721    18.4689          0          0  0.000e+00
  1021.6255      1.893      1.909    30.3701    18.4677          0          0  0.000e+00
  1021.6268      1.920      1.935    30.3717    18.4680          0          0  0.000e+00
  1021.6307      1.956      1.972    30.3769    18.4688          0          0  0.000e+00
  1021.6249      1.987      2.004    30.3725    18.4793          0          0  0.000e+00
  1021.6155      2.009      2.025    30.3639    18.4914          0          0  0.000e+00
  1021.6049      2.009      2.025    30.3527    18.4999          0          0  0.000e+00
  1021.6053      1.992      2.008    30.3542    18.5027          0          0  0.000e+00
  1021.6076      1.953      1.969    30.3582    18.5051          0          0  0.000e+00
  1021.6195      1.908      1.924    30.3700    18.4925          0          0  0.000e+00
  1021.6303      1.853      1.868    30.3802    18.4790          0          0  0.000e+00
  1021.6350      1.804      1.819    30.3841    18.4710          0          0  0.000e+00
  1021.6348      1.781      1.795    30.3823    18.4657          0          0  0.000e+00
  1021.6335      1.788      1.803    30.3794    18.4622          0          0  0.000e+00
  1021.6370      1.840      1.855    30.3832    18.4605          0          0  0.000e+00
  1021.6445      1.926      1.942    30.3947    18.4676          0          0  0.000e+00
  1021.6334      2.040      2.057    30.3888    18.4965          0          0  0.000e+00
  1021.6121      2.154      2.171    30.3684    18.5225          0          0  0.000e+00
  1021.6116      2.250      2.269    30.3663    18.5196          0          0  0.000e+00
  1021.6292      2.310      2.329    30.3817    18.4965          0          0  0.000e+00
  1021.6390      2.332      2.351    30.3876    18.4752          0          0  0.000e+00
  1021.6502      2.323      2.342    30.3978    18.4609          0          0  0.000e+00
  1021.6592      2.273      2.291    30.4064    18.4503          0          0  0.000e+00
  1021.6584      2.183      2.201    30.4065    18.4521          0          0  0.000e+00
  1021.6520      2.066      2.083    30.4013    18.4599          0          0  0.000e+00
  1021.6446      1.935      1.951    30.3948    18.4676          0          0  0.000e+00
  1021.6371      1.813      1.827    30.3879    18.4742          0          0  0.000e+00
  1021.6314      1.718      1.732    30.3824    18.4788          0          0  0.000e+00
  1021.6289      1.666      1.680    30.3802    18.4815          0          0  0.000e+00
  1021.6272      1.660      1.673    30.3782    18.4820          0          0  0.000e+00
  1021.6381      1.707      1.720    30.3912    18.4789          0          0  0.000e+00
  1021.6454      1.785      1.800    30.3999    18.4776          0          0  0.000e+00
  1021.5974      1.872      1.887    30.3412    18.4923          0          0  0.000e+00
  1021.6253      1.955      1.971    30.3810    18.5039          0          0  0.000e+00
  1021.6278      2.019      2.036    30.3825    18.4998          0          0  0.000e+00
  1021.6335      2.064      2.081    30.3899    18.5000          0          0  0.000e+00
  1021.6189      2.086      2.103    30.3755    18.5153          0          0  0.000e+00
  1021.6096      2.089      2.106    30.3665    18.5253          0          0  0.000e+00
  1021.6118      2.069      2.086    30.3693    18.5250          0          0  0.000e+00
  1021.6116      2.038      2.055    30.3709    18.5304          0          0  0.000e+00
  1021.6020      2.016      2.033    30.3628    18.5438          0          0  0.000e+00
  1021.5935      1.997      2.013    30.3560    18.5568          0          0  0.000e+00
  1021.5861      1.987      2.004    30.3499    18.5678          0          0  0.000e+00
  1021.5825      1.991      2.007    30.3480    18.5766          0          0  0.000e+00
  1021.5774      2.005      2.022    30.3447    18.5877          0          0  0.000e+00
  1021.5739      2.028      2.044    30.3440    18.6005          0          0  0.000e+00
  1021.5594      2.054      2.071    30.3302    18.6171          0          0  0.000e+00
  1021.5499      2.081      2.098    30.3209    18.6273          0          0  0.000e+00
  1021.5476      2.102      2.119    30.3181    18.6285          0          0  0.000e+00
  1021.5461      2.112      2.130    30.3153    18.6258          0          0  0.000e+00
  1021.5512      2.110      2.128    30.3193    18.6174          0          0  0.000e+00
  1021.5580      2.093      2.111    30.3258    18.6095          0          0  0.000e+00
  1021.5667      2.068      2.085    30.3364    18.6069          0          0  0.000e+00
  1021.5654      2.029      2.045    30.3378    18.6157          0          0  0.000e+00
  1021.5601      1.985      2.002    30.3360    18.6312          0          0  0.000e+00
  1021.5527      1.945      1.961    30.3326    18.6501          0          0  0.000e+00
  1021.5346      1.904      1.919    30.3168    18.6737          0          0  0.000e+00
  1021.5251      1.876      1.891    30.3098    18.6904          0          0  0.000e+00
  1021.5153      1.863      1.879    30.3011    18.7027          0          0  0.000e+00
  1021.5083      1.869      1.884    30.2945    18.7112          0          0  0.000e+00
  1021.5064      1.894      1.910    30.2937    18.7166          0          0  0.000e+00
  1021.5023      1.931      1.947    30.2899    18.7223          0          0  0.000e+00
  1021.4957      1.966      1.982    30.2821    18.7257          0          0  0.000e+00
  1021.4954      1.992      2.008    30.2804    18.7219          0          0  0.000e+00
  1021.5054      1.996      2.012    30.2912    18.7151          0          0  0.000e+00
  1021.5036      1.986      2.003    30.2891    18.7158          0          0  0.000e+00
  1021.5025      1.961      1.977    30.2881    18.7164          0          0  0.000e+00
  1021.5050      1.929      1.945    30.2913    18.7156          0          0  0.000e+00
  1021.5050      1.906      1.921    30.2920    18.7173          0          0  0.000e+00
  1021.5016      1.905      1.920    30.2889    18.7216          0          0  0.000e+00
  1021.4994      1.930      1.946    30.2867    18.7242          0          0  0.000e+00
  1021.4880      1.973      1.989    30.2714    18.7238          0          0  0.000e+00
  1021.4901      2.023      2.040    30.2691    18.7091          0          0  0.000e+00
  1021.5048      2.073      2.090    30.2802    18.6845          0          0  0.000e+00
  1021.5168      2.112      2.130    30.2887    18.6626          0          0  0.000e+00
  1021.5364      2.139      2.156    30.3082    18.6439          0          0  0.000e+00
  1021.5405      2.158      2.176    30.3112    18.6368          0          0  0.000e+00
  1021.5434      2.175      2.193    30.3138    18.6334          0          0  0.000e+00
  1021.5444      2.180      2.198    30.3143    18.6308          0          0  0.000e+00
  1021.5427      2.183      2.201    30.3110    18.6276          0          0  0.000e+00
  1021.5499      2.180      2.198    30.3164    18.6150          0          0  0.000e+00
  1021.5607      2.167      2.184    30.3243    18.5955          0          0  0.000e+00
  1021.5828      2.126      2.144    30.3447    18.5681          0          0  0.000e+00
  1021.5958      2.073      2.090    30.3583    18.5560          0          0  0.000e+00
  1021.5876      2.005      2.022    30.3517    18.5676          0          0  0.000e+00
  1021.5769      1.932      1.948    30.3425    18.5817          0          0  0.000e+00
  1021.5706      1.854      1.869    30.3381    18.5921          0          0  0.000e+00
  1021.5658      1.790      1.805    30.3352    18.6014          0          0  0.000e+00
  1021.5606      1.755      1.770    30.3315    18.6109          0          0  0.000e+00
  1021.5563      1.748      1.762    30.3290    18.6202          0          0  0.000e+00
  1021.5525      1.747      1.761    30.3272    18.6303          0          0  0.000e+00
  1021.5491      1.746      1.760    30.3266    18.6422          0          0  0.000e+00
  1021.5386      1.750      1.764    30.3176    18.6570          0          0  0.000e+00
  1021.5275      1.767      1.781    30.3062    18.6671          0          0  0.000e+00
  1021.5314      1.786      1.801    30.3106    18.6652          0          0  0.000e+00
  1021.5346      1.812      1.827    30.3141    18.6638          0          0  0.000e+00
  1021.5330      1.858      1.873    30.3127    18.6668          0          0  0.000e+00
  1021.5157      1.935      1.951    30.2902    18.6685          0          0  0.000e+00
  1021.5285      2.034      2.051    30.2964    18.6374          0          0  0.000e+00
  1021.5631      2.139      2.156    30.3252    18.5876          0          0  0.000e+00
  1021.6152      2.229      2.247    30.3725    18.5236          0          0  0.000e+00
  1021.6537      2.295      2.314    30.4084    18.4796          0          0  0.000e+00
  1021.6693      2.331      2.350    30.4199    18.4521          0          0  0.000e+00
  1021.6769      2.337      2.356    30.4271    18.4434          0          0  0.000e+00
  1021.6774      2.314      2.333    30.4284    18.4451          0          0  0.000e+00
  1021.6750      2.267      2.286    30.4263    18.4477          0          0  0.000e+00
  1021.6758      2.201      2.220    30.4287    18.4505          0          0  0.000e+00
  1021.6713      2.125      2.143    30.4261    18.4595          0          0  0.000e+00
  1021.6562      2.054      2.071    30.4128    18.4785          0          0  0.000e+00
  1021.6471      1.995      2.011    30.4052    18.4909          0          0  0.000e+00
  1021.6423      1.953      1.969    30.4023    18.5009          0          0  0.000e+00
  1021.6321      1.926      1.942    30.3944    18.5175          0          0  0.000e+00
  1021.6246      1.911      1.927    30.3918    18.5399          0          0  0.000e+00
  1021.6020      1.897      1.913    30.3743    18.5773          0          0  0.000e+00
  1021.5741      1.880      1.896    30.3515    18.6202          0          0  0.000e+00
  1021.5457      1.854      1.869    30.3259    18.6558          0          0  0.000e+00
  1021.5279      1.815      1.829    30.3097    18.6774          0          0  0.000e+00
  1021.5219      1.767      1.781    30.3056    18.6883          0          0  0.000e+00
  1021.5187      1.719      1.733    30.3046    18.6974          0          0  0.000e+00
  1021.5125      1.681      1.695    30.3001    18.7082          0          0  0.000e+00
  1021.5059      1.670      1.684    30.2945    18.7175          0          0  0.000e+00
  1021.5007      1.697      1.711    30.2897    18.7241          0          0  0.000e+00
  1021.4968      1.761      1.775    30.2854    18.7275          0          0  0.000e+00
  1021.4956      1.852      1.867    30.2836    18.7288          0          0  0.000e+00
  1021.5019      1.958      1.974    30.2908    18.7276          0          0  0.000e+00
  1021.4990      2.069      2.086    30.2875    18.7309          0          0  0.000e+00
  1021.4942      2.176      2.194    30.2815    18.7339          0          0  0.000e+00
  1021.4903      2.262      2.280    30.2756    18.7327          0          0  0.000e+00
  1021.4922      2.330      2.349    30.2752    18.7251          0          0  0.000e+00
  1021.4978      2.369      2.388    30.2791    18.7151          0          0  0.000e+00
  1021.5038      2.386      2.405    30.2840    18.7063          0          0  0.000e+00
  1021.5101      2.371      2.390    30.2902    18.6995          0          0  0.000e+00
  1021.5153      2.333      2.352    30.2960    18.6958          0          0  0.000e+00
  1021.5156      2.271      2.290    30.2974    18.6976          0          0  0.000e+00
  1021.5145      2.186      2.203    30.2979    18.7021          0          0  0.000e+00
  1021.5094      2.086      2.103    30.2937    18.7080          0          0  0.000e+00
  1021.5034      1.983      1.999    30.2878    18.7121          0          0  0.000e+00
  1021.5041      1.879      1.895    30.2893    18.7123          0          0  0.000e+00
  1021.5051      1.787      1.802    30.2914    18.7131          0          0  0.000e+00
  1021.5042      1.711      1.725    30.2914    18.7155          0          0  0.000e+00
  1021.5024      1.666      1.680    30.2903    18.7181          0          0  0.000e+00
  1021.5021      1.658      1.671    30.2906    18.7204          0          0  0.000e+00
  1021.5023      1.684      1.698    30.2914    18.7226          0          0  0.000e+00
  1021.5025      1.731      1.745    30.2925    18.7260          0          0  0.000e+00
  1021.5003      1.791      1.806    30.2910    18.7312          0          0  0.000e+00
  1021.4982      1.846      1.862    30.2895    18.7361          0          0  0.000e+00
  1021.4952      1.890      1.905    30.2867    18.7406          0          0  0.000e+00
  1021.4930      1.918      1.934    30.2847    18.7439          0          0  0.000e+00
  1021.4917      1.940      1.956    30.2835    18.7458          0          0  0.000e+00
  1021.4913      1.957      1.973    30.2832    18.7468          0          0  0.000e+00
  1021.4912      1.980      1.996    30.2832    18.7476          0          0  0.000e+00
  1021.4910      2.033      2.050    30.2829    18.7485          0          0  0.000e+00
  1021.4912      2.111      2.129    30.2830    18.7494          0          0  0.000e+00
  1021.4916      2.203      2.221    30.2832    18.7501          0          0  0.000e+00
  1021.4917      2.278      2.296    30.2833    18.7511          0          0  0.000e+00
  1021.4913      2.322      2.341    30.2828    18.7523          0          0  0.000e+00
  1021.4904      2.333      2.352    30.2819    18.7534          0          0  0.000e+00
  1021.4897      2.315      2.334    30.2813    18.7540          0          0  0.000e+00
  1021.4882      2.257      2.275    30.2798    18.7542          0          0  0.000e+00
  1021.4873      2.168      2.185    30.2789    18.7534          0          0  0.000e+00
