data/eDNA/PER-2021-171/171c026.cnv
* Sea-Bird SBE19plus  Data File:
* FileName = C:\Users\RSG_field\Ryan_2021_Perley\CTD\171c026.hex
* Software version 2.3.0 SB_Terminal.dll
* Temperature SN = 7141
* Conductivity SN = 7141
* System UpLoad Time = Aug 18 2021 13:03:02
* <ApplicationData>
* <SeatermAF>
** Platform: M. Perley
** Cruise: Per2021171
** Station:  SAB_02
** Cast: 01 3
** Latitude: N  45 50.548
** Longitude: W 60 07.965
** Sounding: 24.6
** Chief Scientist: Ryan Stanley
** Comment: 171c026
# nquan = 8
# nvalues = 1989                                  
# units = specified
# name 0 = density00: Density [density, kg/m^3]
# name 1 = depSM: Depth [salt water, m], lat = 45.00
# name 2 = prdM: Pressure, Strain Gauge [db]
# name 3 = sal00: Salinity, Practical [PSU]
# name 4 = tv290C: Temperature [ITS-90, deg C]
# name 5 = bpos: Bottle Position in Carousel
# name 6 = nbf: Bottles Fired
# name 7 = flag:  0.000e+00
# span 0 =   998.9980,  1024.3545                 
# span 1 =     -0.009,     24.504                 
# span 2 =     -0.009,     24.706                 
# span 3 =     0.0081,    30.9795                 
# span 4 =     7.0454,    18.2586                 
# span 5 =          0,          3                 
# span 6 =          0,          3                 
# span 7 = 0.0000e+00, 0.0000e+00                 
# interval = seconds: 0.25
# start_time = Aug 18 2021 15:52:29 [Instrument's time stamp, header]
# bad_flag = -9.990e-29
*END*
[from data line 1079]
  1024.3250     24.238     24.438    30.9430     7.0944          0          0  0.000e+00
  1024.3267     24.240     24.440    30.9449     7.0925          0          0  0.000e+00
  1024.3271     24.246     24.446    30.9449     7.0903          0          0  0.000e+00
  1024.3305     24.246     24.446    30.9491     7.0889          0          0  0.000e+00
  1024.3300     24.250     24.449    30.9484     7.0888          0          0  0.000e+00
  1024.3281     24.247     24.447    30.9459     7.0884          0          0  0.000e+00
  1024.3323     24.248     24.448    30.9512     7.0874          0          0  0.000e+00
  1024.3326     24.250     24.449    30.9516     7.0880          0          0  0.000e+00
  1024.3308     24.250     24.449    30.9496     7.0896          0          0  0.000e+00
  1024.3286     24.248     24.448    30.9469     7.0903          0          0  0.000e+00
  1024.3290     24.245     24.445    30.9474     7.0902          0          0  0.000e+00
  1024.3292     24.244     24.444    30.9476     7.0899          0          0  0.000e+00
  1024.3271     24.245     24.445    30.9449     7.0898          0          0  0.000e+00
  1024.3264     24.247     24.447    30.9438     7.0890          0          0  0.000e+00
  1024.3263     24.252     24.452    30.9434     7.0871          0          0  0.000e+00
  1024.3295     24.255     24.455    30.9471     7.0851          0          0  0.000e+00
  1024.3307     24.259     24.459    30.9484     7.0841          0          0  0.000e+00
  1024.3303     24.268     24.468    30.9481     7.0850          0          0  0.000e+00
  1024.3297     24.272     24.472    30.9475     7.0865          0          0  0.000e+00
  1024.3317     24.283     24.484    30.9501     7.0874          0          0  0.000e+00
  1024.3248     24.293     24.493    30.9416     7.0893          0          0  0.000e+00
  1024.3270     24.305     24.505    30.9442     7.0886          0          0  0.000e+00
  1024.3265     24.314     24.515    30.9434     7.0880          0          0  0.000e+00
  1024.3269     24.324     24.524    30.9436     7.0862          0          0  0.000e+00
  1024.3329     24.331     24.532    30.9510     7.0847          0          0  0.000e+00
  1024.3353     24.341     24.541    30.9543     7.0869          0          0  0.000e+00
  1024.3325     24.344     24.545    30.9514     7.0909          0          0  0.000e+00
  1024.3353     24.344     24.545    30.9556     7.0945          0          0  0.000e+00
  1024.3339     24.342     24.542    30.9546     7.0993          0          0  0.000e+00
  1024.3307     24.336     24.537    30.9514     7.1049          0          0  0.000e+00
  1024.3235     24.329     24.530    30.9430     7.1084          0          0  0.000e+00
  1024.3209     24.318     24.519    30.9397     7.1086          0          0  0.000e+00
  1024.3263     24.305     24.505    30.9462     7.1061          0          0  0.000e+00
  1024.3254     24.292     24.492    30.9452     7.1062          0          0  0.000e+00
  1024.3215     24.286     24.486    30.9403     7.1067          0          0  0.000e+00
  1024.3188     24.277     24.477    30.9367     7.1053          0          0  0.000e+00
  1024.3188     24.273     24.473    30.9362     7.1020          0          0  0.000e+00
  1024.3199     24.272     24.472    30.9369     7.0976          0          0  0.000e+00
  1024.3180     24.273     24.473    30.9338     7.0936          0          0  0.000e+00
  1024.3259     24.276     24.476    30.9429     7.0884          0          0  0.000e+00
  1024.3264     24.283     24.484    30.9432     7.0863          0          0  0.000e+00
  1024.3302     24.291     24.491    30.9480     7.0863          0          0  0.000e+00
  1024.3255     24.298     24.499    30.9422     7.0878          0          0  0.000e+00
  1024.3295     24.308     24.508    30.9473     7.0878          0          0  0.000e+00
  1024.3227     24.316     24.517    30.9388     7.0892          0          0  0.000e+00
  1024.3290     24.324     24.524    30.9465     7.0878          0          0  0.000e+00
  1024.3292     24.332     24.533    30.9467     7.0877          0          0  0.000e+00
  1024.3308     24.340     24.540    30.9486     7.0876          0          0  0.000e+00
  1024.3300     24.351     24.552    30.9479     7.0894          0          0  0.000e+00
  1024.3250     24.360     24.561    30.9417     7.0911          0          0  0.000e+00
  1024.3224     24.367     24.568    30.9383     7.0901          0          0  0.000e+00
  1024.3269     24.372     24.573    30.9435     7.0875          0          0  0.000e+00
  1024.3296     24.376     24.577    30.9468     7.0869          0          0  0.000e+00
  1024.3308     24.378     24.579    30.9485     7.0879          0          0  0.000e+00
  1024.3297     24.380     24.581    30.9474     7.0899          0          0  0.000e+00
  1024.3270     24.379     24.580    30.9444     7.0923          0          0  0.000e+00
  1024.3237     24.377     24.578    30.9404     7.0933          0          0  0.000e+00
  1024.3247     24.376     24.577    30.9415     7.0923          0          0  0.000e+00
  1024.3242     24.371     24.572    30.9409     7.0920          0          0  0.000e+00
  1024.3246     24.370     24.571    30.9413     7.0916          0          0  0.000e+00
  1024.3239     24.367     24.568    30.9403     7.0909          0          0  0.000e+00
  1024.3285     24.362     24.563    30.9460     7.0900          0          0  0.000e+00
  1024.3319     24.357     24.557    30.9506     7.0917          0          0  0.000e+00
  1024.3307     24.351     24.552    30.9499     7.0960          0          0  0.000e+00
  1024.3316     24.347     24.548    30.9519     7.1005          0          0  0.000e+00
  1024.3200     24.343     24.543    30.9378     7.1047          0          0  0.000e+00
  1024.3176     24.341     24.541    30.9347     7.1044          0          0  0.000e+00
  1024.3181     24.338     24.539    30.9347     7.1009          0          0  0.000e+00
  1024.3236     24.336     24.537    30.9413     7.0977          0          0  0.000e+00
  1024.3250     24.338     24.539    30.9428     7.0970          0          0  0.000e+00
  1024.3210     24.338     24.539    30.9379     7.0977          0          0  0.000e+00
  1024.3173     24.345     24.546    30.9328     7.0961          0          0  0.000e+00
  1024.3157     24.348     24.549    30.9302     7.0922          0          0  0.000e+00
  1024.3199     24.355     24.556    30.9345     7.0863          0          0  0.000e+00
  1024.3227     24.364     24.565    30.9375     7.0826          0          0  0.000e+00
  1024.3213     24.371     24.572    30.9352     7.0799          0          0  0.000e+00
  1024.3238     24.380     24.581    30.9377     7.0766          0          0  0.000e+00
  1024.3256     24.385     24.586    30.9395     7.0743          0          0  0.000e+00
  1024.3256     24.388     24.589    30.9394     7.0732          0          0  0.000e+00
  1024.3278     24.394     24.595    30.9420     7.0725          0          0  0.000e+00
  1024.3284     24.398     24.599    30.9428     7.0725          0          0  0.000e+00
  1024.3295     24.397     24.598    30.9443     7.0732          0          0  0.000e+00
  1024.3288     24.396     24.597    30.9436     7.0740          0          0  0.000e+00
  1024.3295     24.396     24.597    30.9446     7.0753          0          0  0.000e+00
  1024.3266     24.393     24.594    30.9412     7.0771          0          0  0.000e+00
  1024.3265     24.389     24.590    30.9413     7.0775          0          0  0.000e+00
  1024.3261     24.388     24.589    30.9407     7.0779          0          0  0.000e+00
  1024.3256     24.386     24.587    30.9403     7.0781          0          0  0.000e+00
  1024.3277     24.384     24.585    30.9429     7.0783          0          0  0.000e+00
  1024.3270     24.382     24.583    30.9422     7.0798          0          0  0.000e+00
  1024.3250     24.382     24.583    30.9399     7.0810          0          0  0.000e+00
  1024.3240     24.381     24.582    30.9388     7.0814          0          0  0.000e+00
  1024.3251     24.380     24.581    30.9402     7.0815          0          0  0.000e+00
  1024.3292     24.379     24.580    30.9455     7.0820          0          0  0.000e+00
  1024.3266     24.377     24.578    30.9425     7.0841          0          0  0.000e+00
  1024.3249     24.377     24.578    30.9406     7.0854          0          0  0.000e+00
  1024.3251     24.376     24.577    30.9410     7.0858          0          0  0.000e+00
  1024.3234     24.377     24.578    30.9389     7.0863          0          0  0.000e+00
  1024.3210     24.377     24.578    30.9358     7.0863          0          0  0.000e+00
  1024.3308     24.382     24.583    30.9482     7.0857          0          0  0.000e+00
  1024.3315     24.385     24.586    30.9496     7.0894          0          0  0.000e+00
  1024.3300     24.388     24.589    30.9484     7.0941          0          0  0.000e+00
  1024.3225     24.393     24.594    30.9395     7.0977          0          0  0.000e+00
  1024.3192     24.401     24.602    30.9355     7.0991          0          0  0.000e+00
  1024.3187     24.407     24.609    30.9347     7.0981          0          0  0.000e+00
  1024.3173     24.413     24.614    30.9327     7.0967          0          0  0.000e+00
  1024.3161     24.421     24.622    30.9304     7.0931          0          0  0.000e+00
  1024.3254     24.420     24.621    30.9416     7.0888          0          0  0.000e+00
  1024.3214     24.422     24.624    30.9367     7.0904          0          0  0.000e+00
  1024.3236     24.422     24.624    30.9396     7.0907          0          0  0.000e+00
  1024.3219     24.416     24.617    30.9375     7.0908          0          0  0.000e+00
  1024.3228     24.411     24.612    30.9385     7.0907          0          0  0.000e+00
  1024.3220     24.401     24.602    30.9376     7.0910          0          0  0.000e+00
  1024.3261     24.393     24.594    30.9429     7.0905          0          0  0.000e+00
  1024.3281     24.382     24.583    30.9458     7.0925          0          0  0.000e+00
  1024.3280     24.371     24.572    30.9463     7.0957          0          0  0.000e+00
  1024.3221     24.365     24.566    30.9394     7.0991          0          0  0.000e+00
  1024.3211     24.358     24.558    30.9384     7.1004          0          0  0.000e+00
  1024.3165     24.352     24.553    30.9326     7.1005          0          0  0.000e+00
  1024.3166     24.353     24.554    30.9323     7.0980          0          0  0.000e+00
  1024.3129     24.355     24.556    30.9270     7.0945          0          0  0.000e+00
  1024.3178     24.356     24.557    30.9323     7.0890          0          0  0.000e+00
  1024.3273     24.364     24.565    30.9436     7.0848          0          0  0.000e+00
  1024.3205     24.372     24.573    30.9353     7.0872          0          0  0.000e+00
  1024.3206     24.382     24.583    30.9353     7.0864          0          0  0.000e+00
  1024.3224     24.393     24.594    30.9370     7.0839          0          0  0.000e+00
  1024.3214     24.401     24.602    30.9356     7.0826          0          0  0.000e+00
  1024.3244     24.411     24.612    30.9390     7.0808          0          0  0.000e+00
  1024.3247     24.421     24.622    30.9392     7.0798          0          0  0.000e+00
  1024.3255     24.429     24.630    30.9401     7.0799          0          0  0.000e+00
  1024.3256     24.434     24.635    30.9402     7.0802          0          0  0.000e+00
  1024.3280     24.439     24.641    30.9433     7.0804          0          0  0.000e+00
  1024.3280     24.442     24.644    30.9435     7.0818          0          0  0.000e+00
  1024.3221     24.445     24.647    30.9364     7.0842          0          0  0.000e+00
  1024.3220     24.444     24.646    30.9363     7.0841          0          0  0.000e+00
  1024.3210     24.444     24.646    30.9347     7.0821          0          0  0.000e+00
  1024.3258     24.442     24.644    30.9405     7.0802          0          0  0.000e+00
  1024.3235     24.438     24.640    30.9376     7.0805          0          0  0.000e+00
  1024.3280     24.433     24.634    30.9434     7.0801          0          0  0.000e+00
  1024.3266     24.426     24.628    30.9418     7.0814          0          0  0.000e+00
  1024.3293     24.419     24.620    30.9455     7.0832          0          0  0.000e+00
  1024.3254     24.413     24.614    30.9410     7.0857          0          0  0.000e+00
  1024.3257     24.403     24.604    30.9418     7.0875          0          0  0.000e+00
  1024.3262     24.396     24.597    30.9428     7.0892          0          0  0.000e+00
  1024.3270     24.385     24.586    30.9442     7.0911          0          0  0.000e+00
  1024.3267     24.379     24.580    30.9443     7.0941          0          0  0.000e+00
  1024.3210     24.370     24.571    30.9375     7.0969          0          0  0.000e+00
  1024.3213     24.363     24.564    30.9380     7.0967          0          0  0.000e+00
  1024.3190     24.358     24.558    30.9350     7.0961          0          0  0.000e+00
  1024.3138     24.352     24.553    30.9281     7.0939          0          0  0.000e+00
  1024.3179     24.348     24.549    30.9324     7.0889          0          0  0.000e+00
  1024.3186     24.351     24.552    30.9326     7.0847          0          0  0.000e+00
  1024.3165     24.359     24.559    30.9293     7.0811          0          0  0.000e+00
  1024.3196     24.363     24.564    30.9324     7.0765          0          0  0.000e+00
  1024.3218     24.374     24.575    30.9346     7.0727          0          0  0.000e+00
  1024.3242     24.387     24.588    30.9371     7.0706          0          0  0.000e+00
  1024.3240     24.401     24.602    30.9367     7.0698          0          0  0.000e+00
  1024.3255     24.418     24.619    30.9384     7.0692          0          0  0.000e+00
  1024.3275     24.433     24.634    30.9409     7.0692          0          0  0.000e+00
  1024.3270     24.448     24.649    30.9402     7.0700          0          0  0.000e+00
  1024.3251     24.458     24.660    30.9379     7.0705          0          0  0.000e+00
  1024.3253     24.463     24.665    30.9380     7.0701          0          0  0.000e+00
  1024.3282     24.463     24.665    30.9416     7.0697          0          0  0.000e+00
  1024.3283     24.458     24.660    30.9420     7.0711          0          0  0.000e+00
  1024.3270     24.452     24.653    30.9408     7.0727          0          0  0.000e+00
  1024.3429     24.440     24.642    30.9613     7.0741          0          0  0.000e+00
  1024.3370     24.430     24.631    30.9552     7.0829          0          0  0.000e+00
  1024.3206     24.418     24.619    30.9358     7.0906          0          0  0.000e+00
  1024.3221     24.406     24.607    30.9377     7.0904          0          0  0.000e+00
  1024.3204     24.395     24.596    30.9353     7.0886          0          0  0.000e+00
  1024.3224     24.385     24.586    30.9375     7.0863          0          0  0.000e+00
  1024.3221     24.378     24.579    30.9370     7.0853          0          0  0.000e+00
  1024.3186     24.372     24.573    30.9324     7.0839          0          0  0.000e+00
  1024.3190     24.371     24.572    30.9323     7.0805          0          0  0.000e+00
  1024.3193     24.370     24.571    30.9321     7.0768          0          0  0.000e+00
  1024.3195     24.367     24.568    30.9318     7.0733          0          0  0.000e+00
  1024.3212     24.367     24.568    30.9334     7.0696          0          0  0.000e+00
  1024.3249     24.364     24.565    30.9374     7.0659          0          0  0.000e+00
  1024.3287     24.366     24.567    30.9420     7.0642          0          0  0.000e+00
