data/eDNA/PER-2021-171/171c015.cnv
* Sea-Bird SBE19plus  Data File:
* FileName = C:\Users\RSG_field\Ryan_2021_Perley\CTD\171c015.hex
* Software version 2.3.0 SB_Terminal.dll
* Temperature SN = 7141
* Conductivity SN = 7141
* System UpLoad Time = Aug 12 2021 14:34:51
* <ApplicationData>
* <SeatermAF>
** Platform: M. Perley
** Cruise: Per2021171
** Station:  ESI_09
** Cast: 01 3
** Latitude: N  44 44.447
** Longitude: W 62 43.57
** Sounding: 17.3
** Chief Scientist: Ryan Stanley
** Comment: 171c015
# nquan = 8
# nvalues = 1983                                  
# units = specified
# name 0 = density00: Density [density, kg/m^3]
# name 1 = depSM: Depth [salt water, m], lat = 45.00
# name 2 = prdM: Pressure, Strain Gauge [db]
# name 3 = sal00: Salinity, Practical [PSU]
# name 4 = tv290C: Temperature [ITS-90, deg C]
# name 5 = bpos: Bottle Position in Carousel
# name 6 = nbf: Bottles Fired
# name 7 = flag:  0.000e+00
# span 0 =   998.8700,  1023.9453                 
# span 1 =     -0.069,     18.096                 
# span 2 =     -0.070,     18.245                 
# span 3 =     0.0075,    30.8450                 
# span 4 =     8.5048,    17.9486                 
# span 5 =          0,          3                 
# span 6 =          0,          3                 
# span 7 = 0.0000e+00, 0.0000e+00                 
# interval = seconds: 0.25
# start_time = Aug 12 2021 17:24:01 [Instrument's time stamp, header]
# bad_flag = -9.990e-29
*END*
   998.9299     -0.063     -0.063     0.0083    16.1262          0          0  0.000e+00
   998.9298     -0.065     -0.065     0.0083    16.1263          0          0  0.000e+00
   998.9299     -0.063     -0.063     0.0083    16.1261          0          0  0.000e+00
   998.9299     -0.065     -0.065     0.0083    16.1259          0          0  0.000e+00
   998.9300     -0.065     -0.065     0.0083    16.1255          0          0  0.000e+00
   998.9300     -0.065     -0.065     0.0083    16.1254          0          0  0.000e+00
   998.9301     -0.064     -0.064     0.0083    16.1251          0          0  0.000e+00
   998.9301     -0.064     -0.064     0.0083    16.1250          0          0  0.000e+00
   998.9301     -0.065     -0.065     0.0083    16.1250          0          0  0.000e+00
   998.9301     -0.066     -0.066     0.0083    16.1248          0          0  0.000e+00
   998.9301     -0.066     -0.066     0.0083    16.1248          0          0  0.000e+00
   998.9301     -0.066     -0.066     0.0083    16.1246          0          0  0.000e+00
   998.9302     -0.066     -0.066     0.0083    16.1246          0          0  0.000e+00
   998.9301     -0.066     -0.066     0.0083    16.1246          0          0  0.000e+00
   998.9302     -0.065     -0.065     0.0083    16.1242          0          0  0.000e+00
   998.9302     -0.065     -0.065     0.0083    16.1241          0          0  0.000e+00
   998.9302     -0.065     -0.065     0.0083    16.1240          0          0  0.000e+00
   998.9302     -0.065     -0.065     0.0083    16.1239          0          0  0.000e+00
   998.9303     -0.066     -0.066     0.0083    16.1237          0          0  0.000e+00
   998.9303     -0.068     -0.069     0.0083    16.1235          0          0  0.000e+00
   998.9303     -0.066     -0.066     0.0083    16.1234          0          0  0.000e+00
   998.9303     -0.065     -0.065     0.0083    16.1233          0          0  0.000e+00
   998.9303     -0.067     -0.068     0.0083    16.1233          0          0  0.000e+00
   998.9304     -0.067     -0.068     0.0083    16.1232          0          0  0.000e+00
   998.9303     -0.067     -0.068     0.0083    16.1233          0          0  0.000e+00
   998.9303     -0.067     -0.068     0.0083    16.1234          0          0  0.000e+00
   998.9303     -0.067     -0.068     0.0083    16.1237          0          0  0.000e+00
   998.9303     -0.064     -0.064     0.0083    16.1238          0          0  0.000e+00
   998.9302     -0.067     -0.068     0.0083    16.1240          0          0  0.000e+00
   998.9302     -0.068     -0.069     0.0083    16.1240          0          0  0.000e+00
   998.9302     -0.065     -0.065     0.0083    16.1242          0          0  0.000e+00
   998.9302     -0.066     -0.066     0.0083    16.1242          0          0  0.000e+00
   998.9302     -0.066     -0.066     0.0083    16.1242          0          0  0.000e+00
   998.9302     -0.066     -0.066     0.0083    16.1242          0          0  0.000e+00
   998.9302     -0.066     -0.066     0.0083    16.1241          0          0  0.000e+00
   998.9302     -0.066     -0.066     0.0083    16.1242          0          0  0.000e+00
   998.9302     -0.068     -0.069     0.0083    16.1242          0          0  0.000e+00
   998.9302     -0.066     -0.066     0.0083    16.1242          0          0  0.000e+00
   998.9302     -0.067     -0.068     0.0083    16.1242          0          0  0.000e+00
   998.9302     -0.066     -0.066     0.0083    16.1243          0          0  0.000e+00
   998.9302     -0.066     -0.066     0.0083    16.1244          0          0  0.000e+00
   998.9302     -0.067     -0.068     0.0083    16.1243          0          0  0.000e+00
   998.9302     -0.066     -0.066     0.0083    16.1243          0          0  0.000e+00
   998.9302     -0.066     -0.066     0.0083    16.1245          0          0  0.000e+00
   998.9301     -0.067     -0.068     0.0083    16.1249          0          0  0.000e+00
   998.9301     -0.067     -0.068     0.0083    16.1250          0          0  0.000e+00
   998.9300     -0.067     -0.068     0.0083    16.1251          0          0  0.000e+00
   998.9300     -0.066     -0.066     0.0083    16.1254          0          0  0.000e+00
   998.9300     -0.066     -0.066     0.0083    16.1255          0          0  0.000e+00
   998.9299     -0.067     -0.068     0.0083    16.1258          0          0  0.000e+00
   998.9299     -0.067     -0.068     0.0083    16.1260          0          0  0.000e+00
   998.9298     -0.067     -0.068     0.0083    16.1264          0          0  0.000e+00
   998.9298     -0.066     -0.066     0.0083    16.1266          0          0  0.000e+00
   998.9298     -0.066     -0.066     0.0083    16.1266          0          0  0.000e+00
   998.9297     -0.068     -0.069     0.0083    16.1269          0          0  0.000e+00
   998.9297     -0.067     -0.068     0.0083    16.1270          0          0  0.000e+00
   998.9297     -0.067     -0.068     0.0083    16.1273          0          0  0.000e+00
   998.9297     -0.067     -0.068     0.0083    16.1271          0          0  0.000e+00
   998.9297     -0.066     -0.066     0.0083    16.1274          0          0  0.000e+00
   998.9296     -0.066     -0.066     0.0083    16.1277          0          0  0.000e+00
   998.9296     -0.065     -0.065     0.0083    16.1281          0          0  0.000e+00
   998.9295     -0.068     -0.069     0.0083    16.1282          0          0  0.000e+00
   998.9295     -0.066     -0.066     0.0083    16.1283          0          0  0.000e+00
   998.9295     -0.064     -0.064     0.0083    16.1283          0          0  0.000e+00
   999.0968     -0.062     -0.062     0.2247    16.1287          0          0  0.000e+00
   999.9652     -0.066     -0.066     1.3523    16.1291          0          0  0.000e+00
  1000.4200     -0.064     -0.064     1.9444    16.1294          0          0  0.000e+00
  1000.7728     -0.064     -0.064     2.4041    16.1300          0          0  0.000e+00
  1000.0976     -0.064     -0.064     1.5248    16.1305          0          0  0.000e+00
   999.6943     -0.063     -0.063     1.0005    16.1313          0          0  0.000e+00
   999.3337     -0.064     -0.064     0.5336    16.1375          0          0  0.000e+00
   999.0771     -0.065     -0.065     0.2056    16.1584          0          0  0.000e+00
   998.9190     -0.064     -0.064     0.0083    16.1927          0          0  0.000e+00
   998.9124     -0.063     -0.063     0.0083    16.2327          0          0  0.000e+00
   998.9059     -0.064     -0.064     0.0083    16.2718          0          0  0.000e+00
   998.9002     -0.063     -0.063     0.0083    16.3064          0          0  0.000e+00
   998.8956     -0.063     -0.063     0.0084    16.3341          0          0  0.000e+00
   998.8921     -0.063     -0.063     0.0084    16.3554          0          0  0.000e+00
   998.8893     -0.064     -0.064     0.0084    16.3722          0          0  0.000e+00
   998.8870     -0.065     -0.065     0.0084    16.3858          0          0  0.000e+00
   998.8852     -0.065     -0.065     0.0084    16.3965          0          0  0.000e+00
   998.8839     -0.063     -0.063     0.0084    16.4047          0          0  0.000e+00
   998.8828     -0.065     -0.065     0.0084    16.4110          0          0  0.000e+00
   998.8819     -0.064     -0.064     0.0084    16.4166          0          0  0.000e+00
   998.8812     -0.063     -0.063     0.0084    16.4210          0          0  0.000e+00
   998.8806     -0.062     -0.062     0.0084    16.4244          0          0  0.000e+00
   998.8801     -0.063     -0.063     0.0084    16.4273          0          0  0.000e+00
   998.8797     -0.061     -0.061     0.0084    16.4298          0          0  0.000e+00
   998.8793     -0.062     -0.062     0.0084    16.4320          0          0  0.000e+00
   998.8789     -0.063     -0.063     0.0084    16.4342          0          0  0.000e+00
   998.8787     -0.062     -0.062     0.0084    16.4358          0          0  0.000e+00
   998.8784     -0.062     -0.062     0.0084    16.4377          0          0  0.000e+00
   998.8779     -0.062     -0.062     0.0084    16.4401          0          0  0.000e+00
   998.8776     -0.063     -0.063     0.0084    16.4423          0          0  0.000e+00
   998.8774     -0.063     -0.063     0.0084    16.4431          0          0  0.000e+00
   998.8774     -0.064     -0.064     0.0084    16.4436          0          0  0.000e+00
   998.8773     -0.067     -0.068     0.0084    16.4440          0          0  0.000e+00
   998.8772     -0.067     -0.068     0.0084    16.4442          0          0  0.000e+00
   998.8872     -0.068     -0.069     0.0213    16.4442          0          0  0.000e+00
   999.3964     -0.069     -0.070     0.6816    16.4440          0          0  0.000e+00
   998.8843     -0.068     -0.069     0.0175    16.4437          0          0  0.000e+00
   998.8774     -0.067     -0.068     0.0084    16.4431          0          0  0.000e+00
   998.8773     -0.069     -0.070     0.0084    16.4436          0          0  0.000e+00
   998.8763     -0.066     -0.067     0.0084    16.4499          0          0  0.000e+00
   998.8735     -0.066     -0.067     0.0084    16.4664          0          0  0.000e+00
   998.8700     -0.064     -0.064     0.0084    16.4874          0          0  0.000e+00
  1013.4657      0.075      0.076    19.1274    16.5584          0          0  0.000e+00
  1021.8070      0.254      0.256    30.1586    16.9845          0          0  0.000e+00
  1021.4960      0.466      0.470    29.8819    17.4175          0          0  0.000e+00
  1021.2837      0.671      0.676    29.6865    17.6905          0          0  0.000e+00
  1021.1696      0.876      0.884    29.5799    17.8326          0          0  0.000e+00
  1021.1186      1.095      1.104    29.5334    17.9023          0          0  0.000e+00
  1021.1009      1.318      1.329    29.5198    17.9373          0          0  0.000e+00
  1021.0818      1.559      1.572    29.4969    17.9486          0          0  0.000e+00
  1021.0698      1.786      1.800    29.4761    17.9367          0          0  0.000e+00
  1021.1406      1.903      1.919    29.5627    17.9191          0          0  0.000e+00
  1021.1547      1.968      1.984    29.5766    17.9059          0          0  0.000e+00
  1021.0613      2.019      2.036    29.4537    17.9048          0          0  0.000e+00
  1021.0894      2.051      2.068    29.4914    17.9080          0          0  0.000e+00
  1021.1256      2.072      2.089    29.5381    17.9065          0          0  0.000e+00
  1021.1395      2.077      2.094    29.5486    17.8816          0          0  0.000e+00
  1021.1966      2.060      2.077    29.5990    17.8025          0          0  0.000e+00
  1021.2507      2.025      2.042    29.6421    17.7122          0          0  0.000e+00
  1021.2716      1.978      1.994    29.6459    17.6344          0          0  0.000e+00
  1021.2855      1.919      1.935    29.6476    17.5797          0          0  0.000e+00
  1021.2938      1.863      1.878    29.6554    17.5687          0          0  0.000e+00
  1021.2945      1.812      1.827    29.6599    17.5793          0          0  0.000e+00
  1021.2839      1.772      1.786    29.6506    17.5934          0          0  0.000e+00
  1021.2732      1.745      1.760    29.6409    17.6072          0          0  0.000e+00
  1021.2628      1.727      1.742    29.6327    17.6243          0          0  0.000e+00
  1021.2523      1.717      1.731    29.6261    17.6471          0          0  0.000e+00
  1021.2390      1.714      1.728    29.6171    17.6748          0          0  0.000e+00
  1021.2251      1.716      1.730    29.6076    17.7031          0          0  0.000e+00
  1021.2118      1.721      1.735    29.5977    17.7277          0          0  0.000e+00
  1021.1990      1.732      1.746    29.5878    17.7499          0          0  0.000e+00
  1021.1866      1.747      1.761    29.5772    17.7682          0          0  0.000e+00
  1021.1766      1.771      1.785    29.5684    17.7828          0          0  0.000e+00
  1021.1698      1.807      1.822    29.5625    17.7932          0          0  0.000e+00
  1021.1643      1.851      1.867    29.5578    17.8019          0          0  0.000e+00
  1021.1596      1.904      1.920    29.5537    17.8097          0          0  0.000e+00
  1021.1566      1.956      1.972    29.5513    17.8156          0          0  0.000e+00
  1021.1525      2.003      2.019    29.5476    17.8219          0          0  0.000e+00
  1021.1465      2.045      2.062    29.5425    17.8314          0          0  0.000e+00
  1021.1398      2.079      2.096    29.5371    17.8432          0          0  0.000e+00
  1021.1353      2.106      2.123    29.5342    17.8531          0          0  0.000e+00
  1021.1341      2.121      2.138    29.5344    17.8593          0          0  0.000e+00
  1021.1357      2.124      2.141    29.5370    17.8609          0          0  0.000e+00
  1021.1379      2.112      2.130    29.5394    17.8595          0          0  0.000e+00
  1021.1460      2.084      2.101    29.5471    17.8494          0          0  0.000e+00
  1021.1556      2.040      2.057    29.5553    17.8344          0          0  0.000e+00
  1021.1653      1.980      1.996    29.5626    17.8157          0          0  0.000e+00
  1021.1749      1.910      1.925    29.5690    17.7944          0          0  0.000e+00
  1021.1831      1.833      1.848    29.5732    17.7719          0          0  0.000e+00
  1021.1906      1.758      1.773    29.5774    17.7525          0          0  0.000e+00
  1021.2007      1.688      1.702    29.5857    17.7349          0          0  0.000e+00
  1021.2094      1.633      1.646    29.5936    17.7228          0          0  0.000e+00
  1021.2158      1.601      1.614    29.5994    17.7138          0          0  0.000e+00
  1021.2241      1.585      1.598    29.6065    17.7010          0          0  0.000e+00
  1021.2309      1.592      1.605    29.6111    17.6872          0          0  0.000e+00
  1021.2358      1.613      1.626    29.6142    17.6772          0          0  0.000e+00
  1021.2394      1.656      1.670    29.6168    17.6708          0          0  0.000e+00
  1021.2401      1.706      1.720    29.6171    17.6697          0          0  0.000e+00
  1021.2409      1.767      1.781    29.6178    17.6698          0          0  0.000e+00
  1021.2422      1.828      1.843    29.6192    17.6700          0          0  0.000e+00
  1021.2453      1.893      1.908    29.6226    17.6688          0          0  0.000e+00
  1021.2496      1.949      1.965    29.6271    17.6667          0          0  0.000e+00
  1021.2525      2.007      2.024    29.6296    17.6636          0          0  0.000e+00
  1021.2542      2.056      2.073    29.6306    17.6604          0          0  0.000e+00
  1021.2542      2.101      2.118    29.6301    17.6595          0          0  0.000e+00
  1021.2512      2.133      2.151    29.6264    17.6608          0          0  0.000e+00
  1021.2481      2.159      2.177    29.6224    17.6616          0          0  0.000e+00
  1021.2492      2.172      2.189    29.6229    17.6589          0          0  0.000e+00
  1021.2562      2.169      2.187    29.6292    17.6497          0          0  0.000e+00
  1021.2631      2.158      2.175    29.6358    17.6411          0          0  0.000e+00
  1021.2705      2.127      2.144    29.6427    17.6317          0          0  0.000e+00
  1021.2801      2.084      2.101    29.6516    17.6190          0          0  0.000e+00
  1021.2881      2.023      2.040    29.6588    17.6072          0          0  0.000e+00
  1021.2965      1.956      1.972    29.6656    17.5922          0          0  0.000e+00
  1021.3082      1.874      1.889    29.6747    17.5703          0          0  0.000e+00
