data/eDNA/PER-2021-171/171c010.cnv
* Sea-Bird SBE19plus  Data File:
* FileName = C:\Users\RSG_field\Ryan_2021_Perley\CTD\171c010.hex
* Software version 2.3.0 SB_Terminal.dll
* Temperature SN = 7141
* Conductivity SN = 7141
* System UpLoad Time = Aug 11 2021 14:20:07
* <ApplicationData>
* <SeatermAF>
** Platform: M. Perley
** Cruise: Per2021171
** Station:  ESI_14
** Cast: 01 3
** Latitude: N  44 36.505
** Longitude: W 62 55.814
** Sounding: 23.5
** Chief Scientist: Ryan Stanley
** Comment: 171c010
# nquan = 8
# nvalues = 2214                                  
# units = specified
# name 0 = density00: Density [density, kg/m^3]
# name 1 = depSM: Depth [salt water, m], lat = 45.00
# name 2 = prdM: Pressure, Strain Gauge [db]
# name 3 = sal00: Salinity, Practical [PSU]
# name 4 = tv290C: Temperature [ITS-90, deg C]
# name 5 = bpos: Bottle Position in Carousel
# name 6 = nbf: Bottles Fired
# name 7 = flag:  0.000e+00
# span 0 =   998.6960,  1024.6250                 
# span 1 =     -0.027,     25.167                 
# span 2 =     -0.027,     25.375                 
# span 3 =     0.0000,    31.8245                 
# span 4 =     6.0741,    18.4800                 
# span 5 =          0,          4                 
# span 6 =          0,          4                 
# span 7 = 0.0000e+00, 0.0000e+00                 
# interval = seconds: 0.25
# start_time = Aug 11 2021 17:08:21 [Instrument's time stamp, header]
# bad_flag = -9.990e-29
*END*
[from data line 540]
  1022.0397      1.354      1.365    30.7517    17.9489          0          0  0.000e+00
  1022.0354      1.463      1.475    30.7465    17.9523          0          0  0.000e+00
  1022.0341      1.589      1.602    30.7444    17.9535          0          0  0.000e+00
  1022.0480      1.726      1.740    30.7623    17.9551          0          0  0.000e+00
  1022.0466      1.842      1.857    30.7623    17.9631          0          0  0.000e+00
  1022.0272      1.933      1.949    30.7390    17.9717          0          0  0.000e+00
  1022.0299      1.988      2.004    30.7418    17.9703          0          0  0.000e+00
  1022.0340      2.008      2.024    30.7461    17.9673          0          0  0.000e+00
  1022.0337      1.990      2.006    30.7459    17.9674          0          0  0.000e+00
  1022.0316      1.944      1.960    30.7436    17.9677          0          0  0.000e+00
  1022.0333      1.883      1.898    30.7458    17.9670          0          0  0.000e+00
  1022.0344      1.798      1.813    30.7479    17.9671          0          0  0.000e+00
  1022.0328      1.707      1.721    30.7467    17.9684          0          0  0.000e+00
  1022.0311      1.623      1.636    30.7451    17.9691          0          0  0.000e+00
  1022.0311      1.539      1.552    30.7456    17.9689          0          0  0.000e+00
  1022.0306      1.457      1.469    30.7453    17.9688          0          0  0.000e+00
  1022.0305      1.382      1.393    30.7457    17.9688          0          0  0.000e+00
  1022.0310      1.314      1.324    30.7466    17.9687          0          0  0.000e+00
  1022.0308      1.259      1.269    30.7470    17.9693          0          0  0.000e+00
  1022.0296      1.220      1.230    30.7459    17.9702          0          0  0.000e+00
  1022.0285      1.197      1.207    30.7447    17.9706          0          0  0.000e+00
  1022.0288      1.186      1.196    30.7450    17.9703          0          0  0.000e+00
  1022.0297      1.198      1.208    30.7461    17.9701          0          0  0.000e+00
  1022.0477      1.238      1.249    30.7699    17.9715          0          0  0.000e+00
  1022.0480      1.312      1.322    30.7732    17.9820          0          0  0.000e+00
  1022.0403      1.406      1.417    30.7671    17.9965          0          0  0.000e+00
  1022.0411      1.504      1.517    30.7711    18.0081          0          0  0.000e+00
  1022.0128      1.604      1.617    30.7369    18.0189          0          0  0.000e+00
  1022.0186      1.700      1.713    30.7438    18.0186          0          0  0.000e+00
  1022.0192      1.774      1.788    30.7427    18.0138          0          0  0.000e+00
  1022.0238      1.836      1.851    30.7474    18.0108          0          0  0.000e+00
  1022.0151      1.875      1.891    30.7351    18.0085          0          0  0.000e+00
  1022.0191      1.886      1.902    30.7382    18.0020          0          0  0.000e+00
  1022.0273      1.878      1.893    30.7471    17.9959          0          0  0.000e+00
  1022.0318      1.843      1.858    30.7529    17.9952          0          0  0.000e+00
  1022.0323      1.791      1.805    30.7547    17.9974          0          0  0.000e+00
  1022.0321      1.723      1.737    30.7560    18.0012          0          0  0.000e+00
  1022.0282      1.643      1.657    30.7526    18.0056          0          0  0.000e+00
  1022.0241      1.565      1.578    30.7487    18.0084          0          0  0.000e+00
  1022.0223      1.502      1.515    30.7468    18.0087          0          0  0.000e+00
  1022.0232      1.445      1.457    30.7480    18.0080          0          0  0.000e+00
  1022.0239      1.402      1.413    30.7491    18.0076          0          0  0.000e+00
  1022.0231      1.372      1.383    30.7482    18.0075          0          0  0.000e+00
  1022.0244      1.357      1.368    30.7501    18.0077          0          0  0.000e+00
  1022.0194      1.354      1.365    30.7436    18.0081          0          0  0.000e+00
  1022.0202      1.358      1.369    30.7441    18.0063          0          0  0.000e+00
  1022.0247      1.371      1.382    30.7492    18.0041          0          0  0.000e+00
  1022.0268      1.385      1.396    30.7520    18.0044          0          0  0.000e+00
  1022.0169      1.405      1.416    30.7397    18.0069          0          0  0.000e+00
  1022.0219      1.433      1.445    30.7453    18.0046          0          0  0.000e+00
  1022.0234      1.479      1.491    30.7466    18.0034          0          0  0.000e+00
  1022.0288      1.537      1.550    30.7535    18.0036          0          0  0.000e+00
  1022.0225      1.616      1.629    30.7454    18.0057          0          0  0.000e+00
  1022.0241      1.687      1.701    30.7470    18.0055          0          0  0.000e+00
  1022.0232      1.741      1.755    30.7451    18.0042          0          0  0.000e+00
  1022.0323      1.767      1.782    30.7564    18.0025          0          0  0.000e+00
  1022.0327      1.768      1.783    30.7580    18.0060          0          0  0.000e+00
  1022.0242      1.745      1.759    30.7488    18.0116          0          0  0.000e+00
  1022.0175      1.702      1.716    30.7403    18.0120          0          0  0.000e+00
  1022.0205      1.639      1.652    30.7434    18.0081          0          0  0.000e+00
  1022.0225      1.582      1.595    30.7452    18.0047          0          0  0.000e+00
  1022.0233      1.539      1.552    30.7460    18.0030          0          0  0.000e+00
  1022.0247      1.521      1.534    30.7477    18.0020          0          0  0.000e+00
  1022.0254      1.518      1.531    30.7485    18.0015          0          0  0.000e+00
  1022.0273      1.524      1.536    30.7509    18.0016          0          0  0.000e+00
  1022.0256      1.522      1.535    30.7491    18.0026          0          0  0.000e+00
  1022.0260      1.513      1.525    30.7498    18.0032          0          0  0.000e+00
  1022.0262      1.498      1.510    30.7505    18.0041          0          0  0.000e+00
  1022.0254      1.471      1.483    30.7500    18.0054          0          0  0.000e+00
  1022.0249      1.434      1.446    30.7498    18.0062          0          0  0.000e+00
  1022.0255      1.406      1.417    30.7509    18.0066          0          0  0.000e+00
  1022.0247      1.404      1.415    30.7503    18.0080          0          0  0.000e+00
  1022.0267      1.431      1.443    30.7531    18.0090          0          0  0.000e+00
  1022.0330      1.482      1.494    30.7616    18.0113          0          0  0.000e+00
  1022.0260      1.546      1.558    30.7538    18.0165          0          0  0.000e+00
  1022.0250      1.610      1.624    30.7532    18.0199          0          0  0.000e+00
  1022.0189      1.657      1.671    30.7455    18.0220          0          0  0.000e+00
  1022.0168      1.684      1.697    30.7420    18.0201          0          0  0.000e+00
  1022.0206      1.693      1.707    30.7457    18.0160          0          0  0.000e+00
  1022.0216      1.686      1.699    30.7461    18.0131          0          0  0.000e+00
  1022.0241      1.661      1.675    30.7490    18.0114          0          0  0.000e+00
  1022.0257      1.630      1.643    30.7512    18.0109          0          0  0.000e+00
  1022.0251      1.604      1.617    30.7508    18.0117          0          0  0.000e+00
  1022.0244      1.590      1.603    30.7502    18.0127          0          0  0.000e+00
  1022.0234      1.591      1.604    30.7490    18.0132          0          0  0.000e+00
  1022.0231      1.595      1.608    30.7486    18.0132          0          0  0.000e+00
  1022.0228      1.588      1.601    30.7482    18.0128          0          0  0.000e+00
  1022.0233      1.582      1.595    30.7486    18.0122          0          0  0.000e+00
  1022.0235      1.569      1.582    30.7489    18.0118          0          0  0.000e+00
  1022.0235      1.537      1.550    30.7490    18.0114          0          0  0.000e+00
  1022.0240      1.504      1.517    30.7498    18.0115          0          0  0.000e+00
  1022.0235      1.477      1.489    30.7494    18.0116          0          0  0.000e+00
  1022.0231      1.449      1.461    30.7491    18.0118          0          0  0.000e+00
  1022.0228      1.432      1.444    30.7488    18.0117          0          0  0.000e+00
  1022.0231      1.430      1.442    30.7491    18.0114          0          0  0.000e+00
  1022.0227      1.442      1.454    30.7484    18.0113          0          0  0.000e+00
  1022.0234      1.465      1.477    30.7491    18.0110          0          0  0.000e+00
  1022.0220      1.498      1.510    30.7470    18.0109          0          0  0.000e+00
  1022.0133      1.533      1.546    30.7350    18.0091          0          0  0.000e+00
  1022.0154      1.566      1.579    30.7356    18.0032          0          0  0.000e+00
  1022.0115      1.588      1.601    30.7281    17.9959          0          0  0.000e+00
  1021.9696      1.604      1.617    30.6689    17.9821          0          0  0.000e+00
  1022.0228      1.615      1.628    30.7275    17.9470          0          0  0.000e+00
  1022.0444      1.619      1.632    30.7516    17.9338          0          0  0.000e+00
  1022.0334      1.617      1.630    30.7381    17.9369          0          0  0.000e+00
  1022.0134      1.616      1.629    30.7117    17.9364          0          0  0.000e+00
  1022.0170      1.618      1.631    30.7125    17.9236          0          0  0.000e+00
  1022.0414      1.615      1.628    30.7399    17.9091          0          0  0.000e+00
  1022.0484      1.619      1.632    30.7485    17.9074          0          0  0.000e+00
  1022.0501      1.626      1.640    30.7524    17.9127          0          0  0.000e+00
  1022.0448      1.633      1.646    30.7472    17.9186          0          0  0.000e+00
  1022.0527      1.645      1.659    30.7591    17.9236          0          0  0.000e+00
  1022.0471      1.662      1.676    30.7543    17.9322          0          0  0.000e+00
  1022.0413      1.672      1.686    30.7491    17.9398          0          0  0.000e+00
  1022.0397      1.665      1.679    30.7484    17.9444          0          0  0.000e+00
  1022.0419      1.645      1.659    30.7525    17.9479          0          0  0.000e+00
  1022.0400      1.611      1.625    30.7519    17.9531          0          0  0.000e+00
  1022.0387      1.567      1.580    30.7521    17.9584          0          0  0.000e+00
  1022.0384      1.516      1.528    30.7533    17.9625          0          0  0.000e+00
  1022.0360      1.479      1.491    30.7519    17.9672          0          0  0.000e+00
  1022.0387      1.453      1.465    30.7569    17.9717          0          0  0.000e+00
  1022.0351      1.446      1.458    30.7539    17.9772          0          0  0.000e+00
  1022.0300      1.443      1.455    30.7487    17.9818          0          0  0.000e+00
  1022.0283      1.444      1.456    30.7471    17.9836          0          0  0.000e+00
  1022.0309      1.444      1.456    30.7507    17.9843          0          0  0.000e+00
  1022.0301      1.442      1.454    30.7502    17.9862          0          0  0.000e+00
  1022.0268      1.440      1.451    30.7465    17.9880          0          0  0.000e+00
  1022.0241      1.444      1.456    30.7431    17.9883          0          0  0.000e+00
  1022.0218      1.457      1.469    30.7395    17.9869          0          0  0.000e+00
  1022.0173      1.480      1.492    30.7323    17.9831          0          0  0.000e+00
  1022.0250      1.518      1.531    30.7403    17.9772          0          0  0.000e+00
  1022.0346      1.558      1.571    30.7514    17.9731          0          0  0.000e+00
  1022.0515      1.604      1.617    30.7739    17.9753          0          0  0.000e+00
  1022.0451      1.650      1.663    30.7695    17.9887          0          0  0.000e+00
  1022.0358      1.693      1.707    30.7612    18.0018          0          0  0.000e+00
  1022.0303      1.731      1.745    30.7562    18.0098          0          0  0.000e+00
  1022.0251      1.755      1.769    30.7508    18.0147          0          0  0.000e+00
  1022.0212      1.761      1.775    30.7462    18.0163          0          0  0.000e+00
  1022.0220      1.758      1.772    30.7469    18.0152          0          0  0.000e+00
  1022.0226      1.742      1.756    30.7474    18.0141          0          0  0.000e+00
  1022.0220      1.713      1.727    30.7465    18.0131          0          0  0.000e+00
  1022.0242      1.671      1.684    30.7494    18.0120          0          0  0.000e+00
  1022.0222      1.624      1.637    30.7470    18.0120          0          0  0.000e+00
  1022.0180      1.572      1.585    30.7415    18.0110          0          0  0.000e+00
  1022.0169      1.517      1.529    30.7392    18.0075          0          0  0.000e+00
  1022.0186      1.476      1.488    30.7402    18.0025          0          0  0.000e+00
  1022.0220      1.458      1.470    30.7434    17.9982          0          0  0.000e+00
  1022.0250      1.448      1.460    30.7464    17.9955          0          0  0.000e+00
  1022.0292      1.445      1.457    30.7518    17.9948          0          0  0.000e+00
  1022.0296      1.443      1.455    30.7530    17.9969          0          0  0.000e+00
  1022.0262      1.434      1.446    30.7494    17.9998          0          0  0.000e+00
  1022.0249      1.431      1.443    30.7482    18.0010          0          0  0.000e+00
  1022.0247      1.428      1.440    30.7480    18.0011          0          0  0.000e+00
  1022.0249      1.433      1.445    30.7482    18.0010          0          0  0.000e+00
  1022.0250      1.449      1.461    30.7482    18.0012          0          0  0.000e+00
  1022.0256      1.478      1.490    30.7489    18.0014          0          0  0.000e+00
  1022.0247      1.522      1.535    30.7477    18.0020          0          0  0.000e+00
  1022.0248      1.575      1.588    30.7475    18.0019          0          0  0.000e+00
  1022.0231      1.623      1.636    30.7449    18.0017          0          0  0.000e+00
  1022.0234      1.659      1.673    30.7447    18.0006          0          0  0.000e+00
  1022.0288      1.677      1.691    30.7514    17.9997          0          0  0.000e+00
  1022.0260      1.679      1.693    30.7485    18.0022          0          0  0.000e+00
  1022.0253      1.665      1.679    30.7481    18.0033          0          0  0.000e+00
  1022.0225      1.640      1.653    30.7446    18.0035          0          0  0.000e+00
  1022.0228      1.616      1.629    30.7447    18.0022          0          0  0.000e+00
  1022.0234      1.595      1.609    30.7451    18.0004          0          0  0.000e+00
  1022.0244      1.588      1.601    30.7459    17.9987          0          0  0.000e+00
  1022.0259      1.587      1.600    30.7474    17.9975          0          0  0.000e+00
  1022.0273      1.583      1.596    30.7492    17.9973          0          0  0.000e+00
  1022.0271      1.576      1.589    30.7492    17.9981          0          0  0.000e+00
  1022.0266      1.579      1.591    30.7489    17.9993          0          0  0.000e+00
  1022.0264      1.571      1.584    30.7489    18.0000          0          0  0.000e+00
  1022.0259      1.558      1.571    30.7487    18.0009          0          0  0.000e+00
  1022.0260      1.542      1.555    30.7492    18.0016          0          0  0.000e+00
  1022.0251      1.536      1.549    30.7483    18.0025          0          0  0.000e+00
  1022.0252      1.529      1.541    30.7486    18.0029          0          0  0.000e+00
  1022.0264      1.518      1.531    30.7504    18.0034          0          0  0.000e+00
  1022.0251      1.514      1.526    30.7491    18.0047          0          0  0.000e+00
  1022.0243      1.513      1.525    30.7483    18.0058          0          0  0.000e+00
