data/eDNA/PER-2021-171/171c012.cnv
* Sea-Bird SBE19plus  Data File:
* FileName = C:\Users\RSG_field\Ryan_2021_Perley\CTD\171c012.hex
* Software version 2.3.0 SB_Terminal.dll
* Temperature SN = 7141
* Conductivity SN = 7141
* System UpLoad Time = Aug 12 2021 09:59:27
* <ApplicationData>
* <SeatermAF>
** Platform: M. Perley
** Cruise: Per2021171
** Station:  ESI_16
** Cast: 01 3
** Latitude: N  44 35.594
** Longitude: W 62 35.839
** Sounding: 102
** Chief Scientist: Ryan Stanley
** Comment: 171c012
# nquan = 8
# nvalues = 3321                                  
# units = specified
# name 0 = density00: Density [density, kg/m^3]
# name 1 = depSM: Depth [salt water, m], lat = 45.00
# name 2 = prdM: Pressure, Strain Gauge [db]
# name 3 = sal00: Salinity, Practical [PSU]
# name 4 = tv290C: Temperature [ITS-90, deg C]
# name 5 = bpos: Bottle Position in Carousel
# name 6 = nbf: Bottles Fired
# name 7 = flag:  0.000e+00
# span 0 =   998.5735,  1026.4233                 
# span 1 =     -0.079,     94.285                 
# span 2 =     -0.080,     95.079                 
# span 3 =     0.0000,    32.7339                 
# span 4 =     3.2058,    18.5174                 
# span 5 =          0,          6                 
# span 6 =          0,          6                 
# span 7 = 0.0000e+00, 0.0000e+00                 
# interval = seconds: 0.25
# start_time = Aug 12 2021 12:34:34 [Instrument's time stamp, header]
# bad_flag = -9.990e-29
*END*
[from data line 360]
  1021.7213      2.103      2.120    30.5071    18.5079          0          0  0.000e+00
  1021.7234      2.093      2.111    30.5092    18.5057          0          0  0.000e+00
  1021.7249      2.084      2.101    30.5109    18.5044          0          0  0.000e+00
  1021.7252      2.068      2.085    30.5112    18.5040          0          0  0.000e+00
  1021.7265      2.031      2.048    30.5132    18.5041          0          0  0.000e+00
  1021.7247      1.977      1.993    30.5115    18.5051          0          0  0.000e+00
  1021.7242      1.906      1.921    30.5115    18.5058          0          0  0.000e+00
  1021.7224      1.832      1.847    30.5096    18.5061          0          0  0.000e+00
  1021.7206      1.755      1.770    30.5075    18.5055          0          0  0.000e+00
  1021.7207      1.681      1.695    30.5074    18.5036          0          0  0.000e+00
  1021.7212      1.613      1.626    30.5078    18.5012          0          0  0.000e+00
  1021.7241      1.560      1.573    30.5112    18.4992          0          0  0.000e+00
  1021.7254      1.530      1.542    30.5129    18.4988          0          0  0.000e+00
  1021.7258      1.521      1.534    30.5139    18.4997          0          0  0.000e+00
  1021.7254      1.537      1.550    30.5138    18.5014          0          0  0.000e+00
  1021.7258      1.578      1.591    30.5146    18.5034          0          0  0.000e+00
  1021.7268      1.643      1.656    30.5163    18.5057          0          0  0.000e+00
  1021.7249      1.724      1.738    30.5143    18.5086          0          0  0.000e+00
  1021.7235      1.811      1.826    30.5127    18.5108          0          0  0.000e+00
  1021.7229      1.903      1.918    30.5118    18.5121          0          0  0.000e+00
  1021.7231      1.991      2.007    30.5116    18.5124          0          0  0.000e+00
  1021.7233      2.079      2.096    30.5114    18.5129          0          0  0.000e+00
  1021.7236      2.157      2.175    30.5115    18.5131          0          0  0.000e+00
  1021.7234      2.226      2.244    30.5110    18.5134          0          0  0.000e+00
  1021.7234      2.290      2.308    30.5106    18.5134          0          0  0.000e+00
  1021.7239      2.351      2.370    30.5108    18.5131          0          0  0.000e+00
  1021.7241      2.396      2.415    30.5108    18.5131          0          0  0.000e+00
  1021.7244      2.407      2.427    30.5111    18.5130          0          0  0.000e+00
  1021.7235      2.374      2.394    30.5100    18.5128          0          0  0.000e+00
  1021.7228      2.299      2.318    30.5093    18.5122          0          0  0.000e+00
  1021.7220      2.185      2.202    30.5086    18.5111          0          0  0.000e+00
  1021.7211      2.031      2.048    30.5078    18.5093          0          0  0.000e+00
  1021.7221      1.858      1.873    30.5094    18.5071          0          0  0.000e+00
  1021.7230      1.693      1.707    30.5112    18.5060          0          0  0.000e+00
  1021.7235      1.556      1.569    30.5125    18.5058          0          0  0.000e+00
  1021.7228      1.445      1.457    30.5125    18.5064          0          0  0.000e+00
  1021.7220      1.368      1.380    30.5122    18.5073          0          0  0.000e+00
  1021.7215      1.340      1.351    30.5118    18.5079          0          0  0.000e+00
  1021.7220      1.351      1.362    30.5126    18.5082          0          0  0.000e+00
  1021.7225      1.392      1.403    30.5131    18.5090          0          0  0.000e+00
  1021.7218      1.458      1.470    30.5123    18.5102          0          0  0.000e+00
  1021.7214      1.555      1.568    30.5115    18.5111          0          0  0.000e+00
  1021.7217      1.665      1.679    30.5114    18.5115          0          0  0.000e+00
  1021.7222      1.780      1.794    30.5114    18.5117          0          0  0.000e+00
  1021.7229      1.887      1.902    30.5117    18.5118          0          0  0.000e+00
  1021.7232      1.980      1.996    30.5117    18.5121          0          0  0.000e+00
  1021.7235      2.062      2.078    30.5117    18.5125          0          0  0.000e+00
  1021.7238      2.134      2.151    30.5118    18.5129          0          0  0.000e+00
  1021.7239      2.196      2.214    30.5117    18.5133          0          0  0.000e+00
  1021.7241      2.253      2.272    30.5117    18.5135          0          0  0.000e+00
  1021.7240      2.310      2.329    30.5112    18.5136          0          0  0.000e+00
  1021.7239      2.364      2.383    30.5109    18.5138          0          0  0.000e+00
  1021.7240      2.401      2.420    30.5109    18.5138          0          0  0.000e+00
  1021.7242      2.414      2.433    30.5109    18.5135          0          0  0.000e+00
  1021.7238      2.397      2.416    30.5105    18.5134          0          0  0.000e+00
  1021.7227      2.340      2.360    30.5093    18.5130          0          0  0.000e+00
  1021.7221      2.248      2.267    30.5086    18.5118          0          0  0.000e+00
  1021.7216      2.123      2.140    30.5083    18.5104          0          0  0.000e+00
  1021.7217      1.973      1.989    30.5087    18.5086          0          0  0.000e+00
  1021.7225      1.804      1.819    30.5101    18.5070          0          0  0.000e+00
  1021.7236      1.630      1.644    30.5123    18.5062          0          0  0.000e+00
  1021.7229      1.480      1.492    30.5125    18.5066          0          0  0.000e+00
  1021.7219      1.363      1.374    30.5121    18.5072          0          0  0.000e+00
  1021.7220      1.308      1.319    30.5126    18.5078          0          0  0.000e+00
  1021.7220      1.317      1.328    30.5129    18.5087          0          0  0.000e+00
  1021.7220      1.365      1.376    30.5129    18.5096          0          0  0.000e+00
  1021.7214      1.441      1.453    30.5120    18.5108          0          0  0.000e+00
  1021.7216      1.528      1.541    30.5120    18.5112          0          0  0.000e+00
  1021.7215      1.613      1.626    30.5115    18.5117          0          0  0.000e+00
  1021.7219      1.691      1.704    30.5116    18.5118          0          0  0.000e+00
  1021.7219      1.762      1.776    30.5113    18.5121          0          0  0.000e+00
  1021.7226      1.839      1.854    30.5117    18.5120          0          0  0.000e+00
  1021.7227      1.927      1.943    30.5114    18.5125          0          0  0.000e+00
  1021.7232      2.021      2.038    30.5116    18.5125          0          0  0.000e+00
  1021.7235      2.120      2.137    30.5115    18.5127          0          0  0.000e+00
  1021.7241      2.217      2.236    30.5118    18.5129          0          0  0.000e+00
  1021.7244      2.314      2.333    30.5117    18.5132          0          0  0.000e+00
  1021.7246      2.399      2.418    30.5115    18.5135          0          0  0.000e+00
  1021.7250      2.455      2.475    30.5117    18.5137          0          0  0.000e+00
  1021.7253      2.477      2.497    30.5122    18.5141          0          0  0.000e+00
  1021.7232      2.459      2.479    30.5098    18.5147          0          0  0.000e+00
  1021.7221      2.402      2.421    30.5084    18.5139          0          0  0.000e+00
  1021.7226      2.309      2.327    30.5090    18.5123          0          0  0.000e+00
  1021.7223      2.180      2.198    30.5090    18.5108          0          0  0.000e+00
  1021.7229      2.032      2.048    30.5101    18.5093          0          0  0.000e+00
  1021.7229      1.871      1.886    30.5107    18.5085          0          0  0.000e+00
  1021.7229      1.704      1.718    30.5116    18.5080          0          0  0.000e+00
  1021.7222      1.552      1.564    30.5116    18.5081          0          0  0.000e+00
  1021.7218      1.422      1.434    30.5119    18.5083          0          0  0.000e+00
  1021.7210      1.323      1.334    30.5116    18.5087          0          0  0.000e+00
  1021.7213      1.267      1.277    30.5124    18.5091          0          0  0.000e+00
  1021.7216      1.256      1.266    30.5129    18.5093          0          0  0.000e+00
  1021.7213      1.288      1.298    30.5127    18.5105          0          0  0.000e+00
  1021.7210      1.357      1.368    30.5122    18.5114          0          0  0.000e+00
  1021.7208      1.450      1.462    30.5115    18.5119          0          0  0.000e+00
  1021.7213      1.558      1.571    30.5117    18.5122          0          0  0.000e+00
  1021.7216      1.680      1.694    30.5115    18.5125          0          0  0.000e+00
  1021.7220      1.805      1.820    30.5113    18.5126          0          0  0.000e+00
  1021.7228      1.940      1.955    30.5116    18.5126          0          0  0.000e+00
  1021.7235      2.081      2.098    30.5117    18.5127          0          0  0.000e+00
  1021.7240      2.228      2.246    30.5116    18.5129          0          0  0.000e+00
  1021.7244      2.373      2.393    30.5113    18.5131          0          0  0.000e+00
  1021.7249      2.507      2.527    30.5112    18.5132          0          0  0.000e+00
  1021.7258      2.597      2.618    30.5118    18.5131          0          0  0.000e+00
  1021.7256      2.636      2.658    30.5114    18.5132          0          0  0.000e+00
  1021.7246      2.613      2.634    30.5103    18.5133          0          0  0.000e+00
  1021.7241      2.524      2.544    30.5098    18.5127          0          0  0.000e+00
  1021.7233      2.384      2.403    30.5094    18.5118          0          0  0.000e+00
  1021.7231      2.205      2.223    30.5098    18.5105          0          0  0.000e+00
  1021.7232      1.994      2.010    30.5108    18.5095          0          0  0.000e+00
  1021.7229      1.763      1.777    30.5116    18.5093          0          0  0.000e+00
  1021.7220      1.549      1.562    30.5117    18.5093          0          0  0.000e+00
  1021.7214      1.401      1.413    30.5119    18.5097          0          0  0.000e+00
  1021.7211      1.306      1.316    30.5122    18.5101          0          0  0.000e+00
  1021.7213      1.262      1.273    30.5129    18.5105          0          0  0.000e+00
  1021.7206      1.272      1.282    30.5123    18.5117          0          0  0.000e+00
  1021.7206      1.316      1.327    30.5122    18.5122          0          0  0.000e+00
  1021.7205      1.383      1.394    30.5118    18.5127          0          0  0.000e+00
  1021.7204      1.457      1.469    30.5115    18.5131          0          0  0.000e+00
  1021.7207      1.544      1.557    30.5113    18.5132          0          0  0.000e+00
  1021.7209      1.645      1.658    30.5111    18.5133          0          0  0.000e+00
  1021.7216      1.761      1.776    30.5112    18.5131          0          0  0.000e+00
  1021.7222      1.884      1.900    30.5113    18.5131          0          0  0.000e+00
  1021.7227      2.008      2.025    30.5112    18.5130          0          0  0.000e+00
  1021.7236      2.128      2.146    30.5116    18.5129          0          0  0.000e+00
  1021.7242      2.242      2.260    30.5117    18.5130          0          0  0.000e+00
  1021.7244      2.338      2.357    30.5115    18.5130          0          0  0.000e+00
  1021.7248      2.406      2.426    30.5116    18.5131          0          0  0.000e+00
  1021.7249      2.445      2.465    30.5115    18.5131          0          0  0.000e+00
  1021.7248      2.460      2.480    30.5113    18.5131          0          0  0.000e+00
  1021.7245      2.438      2.458    30.5110    18.5131          0          0  0.000e+00
  1021.7238      2.385      2.404    30.5105    18.5130          0          0  0.000e+00
  1021.7233      2.304      2.323    30.5100    18.5125          0          0  0.000e+00
  1021.7223      2.199      2.217    30.5091    18.5117          0          0  0.000e+00
  1021.7229      2.068      2.085    30.5102    18.5103          0          0  0.000e+00
  1021.7231      1.927      1.943    30.5111    18.5094          0          0  0.000e+00
  1021.7232      1.782      1.796    30.5120    18.5091          0          0  0.000e+00
  1021.7221      1.641      1.654    30.5114    18.5094          0          0  0.000e+00
  1021.7217      1.521      1.533    30.5116    18.5097          0          0  0.000e+00
  1021.7213      1.431      1.442    30.5116    18.5098          0          0  0.000e+00
  1021.7216      1.393      1.404    30.5123    18.5098          0          0  0.000e+00
  1021.7218      1.391      1.403    30.5127    18.5104          0          0  0.000e+00
  1021.7221      1.435      1.447    30.5131    18.5111          0          0  0.000e+00
  1021.7215      1.517      1.529    30.5122    18.5123          0          0  0.000e+00
  1021.7217      1.617      1.631    30.5120    18.5128          0          0  0.000e+00
  1021.7220      1.730      1.744    30.5119    18.5132          0          0  0.000e+00
  1021.7223      1.837      1.852    30.5117    18.5134          0          0  0.000e+00
  1021.7224      1.916      1.932    30.5114    18.5135          0          0  0.000e+00
  1021.7223      1.965      1.981    30.5111    18.5136          0          0  0.000e+00
  1021.7225      1.987      2.003    30.5113    18.5137          0          0  0.000e+00
  1021.7224      1.981      1.997    30.5111    18.5136          0          0  0.000e+00
  1021.7223      1.955      1.971    30.5110    18.5131          0          0  0.000e+00
  1021.7221      1.925      1.940    30.5107    18.5128          0          0  0.000e+00
  1021.7217      1.918      1.934    30.5101    18.5122          0          0  0.000e+00
  1021.7226      1.971      1.987    30.5108    18.5114          0          0  0.000e+00
  1021.7246      2.080      2.098    30.5125    18.5109          0          0  0.000e+00
  1021.7251      2.215      2.233    30.5127    18.5114          0          0  0.000e+00
  1021.7261      2.323      2.342    30.5135    18.5122          0          0  0.000e+00
  1021.7261      2.388      2.407    30.5135    18.5134          0          0  0.000e+00
  1021.7246      2.409      2.429    30.5118    18.5146          0          0  0.000e+00
  1021.7239      2.373      2.392    30.5112    18.5150          0          0  0.000e+00
  1021.7238      2.280      2.298    30.5117    18.5151          0          0  0.000e+00
  1021.7216      2.129      2.147    30.5097    18.5150          0          0  0.000e+00
  1021.7201      1.936      1.952    30.5085    18.5140          0          0  0.000e+00
  1021.7204      1.757      1.772    30.5094    18.5123          0          0  0.000e+00
  1021.7209      1.626      1.639    30.5104    18.5110          0          0  0.000e+00
  1021.7217      1.542      1.555    30.5118    18.5103          0          0  0.000e+00
  1021.7221      1.492      1.504    30.5125    18.5102          0          0  0.000e+00
  1021.7216      1.471      1.483    30.5121    18.5106          0          0  0.000e+00
  1021.7217      1.462      1.474    30.5124    18.5111          0          0  0.000e+00
  1021.7215      1.467      1.479    30.5123    18.5116          0          0  0.000e+00
  1021.7215      1.488      1.500    30.5123    18.5122          0          0  0.000e+00
  1021.7213      1.525      1.537    30.5122    18.5130          0          0  0.000e+00
  1021.7212      1.585      1.598    30.5117    18.5132          0          0  0.000e+00
  1021.7218      1.676      1.689    30.5121    18.5133          0          0  0.000e+00
  1021.7219      1.788      1.802    30.5117    18.5138          0          0  0.000e+00
  1021.7221      1.911      1.926    30.5112    18.5138          0          0  0.000e+00
  1021.7229      2.040      2.057    30.5114    18.5138          0          0  0.000e+00
  1021.7240      2.152      2.170    30.5122    18.5137          0          0  0.000e+00
