data/eDNA/PER-2021-171/171c013.cnv
* Sea-Bird SBE19plus  Data File:
* FileName = C:\Users\RSG_field\Ryan_2021_Perley\CTD\171c013.hex
* Software version 2.3.0 SB_Terminal.dll
* Temperature SN = 7141
* Conductivity SN = 7141
* System UpLoad Time = Aug 12 2021 11:24:33
* <ApplicationData>
* <SeatermAF>
** Platform: M. Perley
** Cruise: Per2021171
** Station:  ESI_11
** Cast: 01 3
** Latitude: N  44 38.478
** Longitude: W 62 38.353
** Sounding: 76.8
** Chief Scientist: Ryan Stanley
** Comment: 171c013
# nquan = 8
# nvalues = 3622                                  
# units = specified
# name 0 = density00: Density [density, kg/m^3]
# name 1 = depSM: Depth [salt water, m], lat = 45.00
# name 2 = prdM: Pressure, Strain Gauge [db]
# name 3 = sal00: Salinity, Practical [PSU]
# name 4 = tv290C: Temperature [ITS-90, deg C]
# name 5 = bpos: Bottle Position in Carousel
# name 6 = nbf: Bottles Fired
# name 7 = flag:  0.000e+00
# span 0 =   998.6667,  1025.8309                 
# span 1 =     -0.073,     74.445                 
# span 2 =     -0.073,     75.068                 
# span 3 =     0.0000,    32.0945                 
# span 4 =     3.4582,    18.4048                 
# span 5 =          0,          6                 
# span 6 =          0,          6                 
# span 7 = 0.0000e+00, 0.0000e+00                 
# interval = seconds: 0.25
# start_time = Aug 12 2021 14:05:07 [Instrument's time stamp, header]
# bad_flag = -9.990e-29
*END*
[from data line 2158]
  1025.7926     73.273     73.886    31.9966     3.4820          0          0  0.000e+00
  1025.7931     73.279     73.892    31.9973     3.4823          0          0  0.000e+00
  1025.7937     73.276     73.889    31.9981     3.4826          0          0  0.000e+00
  1025.7942     73.268     73.881    31.9988     3.4833          0          0  0.000e+00
  1025.7990     73.252     73.864    32.0051     3.4847          0          0  0.000e+00
  1025.7953     73.233     73.845    32.0010     3.4880          0          0  0.000e+00
  1025.7936     73.217     73.829    31.9992     3.4907          0          0  0.000e+00
  1025.7931     73.213     73.825    31.9988     3.4920          0          0  0.000e+00
  1025.7906     73.218     73.830    31.9958     3.4930          0          0  0.000e+00
  1025.7906     73.236     73.848    31.9956     3.4929          0          0  0.000e+00
  1025.7882     73.268     73.881    31.9923     3.4923          0          0  0.000e+00
  1025.7935     73.304     73.917    31.9986     3.4906          0          0  0.000e+00
  1025.8087     73.342     73.955    32.0174     3.4905          0          0  0.000e+00
  1025.8099     73.377     73.991    32.0192     3.4946          0          0  0.000e+00
  1025.8093     73.407     74.021    32.0189     3.5001          0          0  0.000e+00
  1025.8133     73.427     74.041    32.0244     3.5050          0          0  0.000e+00
  1025.8083     73.433     74.047    32.0188     3.5110          0          0  0.000e+00
  1025.8022     73.428     74.042    32.0117     3.5155          0          0  0.000e+00
  1025.8033     73.420     74.035    32.0134     3.5172          0          0  0.000e+00
  1025.8037     73.410     74.024    32.0142     3.5194          0          0  0.000e+00
  1025.8062     73.403     74.017    32.0175     3.5217          0          0  0.000e+00
  1025.8081     73.408     74.022    32.0202     3.5237          0          0  0.000e+00
  1025.8087     73.419     74.033    32.0211     3.5255          0          0  0.000e+00
  1025.8086     73.434     74.048    32.0210     3.5269          0          0  0.000e+00
  1025.8089     73.452     74.067    32.0215     3.5283          0          0  0.000e+00
  1025.8079     73.456     74.071    32.0204     3.5303          0          0  0.000e+00
  1025.8063     73.449     74.063    32.0186     3.5323          0          0  0.000e+00
  1025.8062     73.430     74.044    32.0189     3.5341          0          0  0.000e+00
  1025.7985     73.391     74.005    32.0097     3.5362          0          0  0.000e+00
  1025.7920     73.343     73.956    32.0018     3.5365          0          0  0.000e+00
  1025.7968     73.287     73.900    32.0079     3.5339          0          0  0.000e+00
  1025.7952     73.230     73.842    32.0062     3.5330          0          0  0.000e+00
  1025.7947     73.182     73.794    32.0057     3.5325          0          0  0.000e+00
  1025.7939     73.150     73.762    32.0049     3.5322          0          0  0.000e+00
  1025.7875     73.140     73.752    31.9968     3.5315          0          0  0.000e+00
  1025.7812     73.156     73.768    31.9884     3.5285          0          0  0.000e+00
  1025.7708     73.192     73.805    31.9745     3.5224          0          0  0.000e+00
  1025.7754     73.250     73.862    31.9787     3.5121          0          0  0.000e+00
  1025.7834     73.318     73.931    31.9872     3.5024          0          0  0.000e+00
  1025.7896     73.394     74.008    31.9939     3.4963          0          0  0.000e+00
  1025.7934     73.464     74.078    31.9979     3.4937          0          0  0.000e+00
  1025.7970     73.518     74.133    32.0021     3.4931          0          0  0.000e+00
  1025.8058     73.557     74.172    32.0129     3.4940          0          0  0.000e+00
  1025.8153     73.573     74.189    32.0253     3.4986          0          0  0.000e+00
  1025.8080     73.569     74.184    32.0171     3.5067          0          0  0.000e+00
  1025.8028     73.552     74.167    32.0115     3.5132          0          0  0.000e+00
  1025.8014     73.525     74.140    32.0103     3.5173          0          0  0.000e+00
  1025.8019     73.496     74.110    32.0115     3.5207          0          0  0.000e+00
  1025.7948     73.479     74.093    32.0031     3.5240          0          0  0.000e+00
  1025.7893     73.469     74.084    31.9963     3.5248          0          0  0.000e+00
  1025.7831     73.480     74.094    31.9882     3.5224          0          0  0.000e+00
  1025.7849     73.500     74.115    31.9897     3.5172          0          0  0.000e+00
  1025.7895     73.533     74.148    31.9946     3.5119          0          0  0.000e+00
  1025.8054     73.571     74.186    32.0141     3.5087          0          0  0.000e+00
  1025.8127     73.608     74.224    32.0233     3.5112          0          0  0.000e+00
  1025.8118     73.631     74.247    32.0227     3.5170          0          0  0.000e+00
  1025.8124     73.644     74.260    32.0241     3.5223          0          0  0.000e+00
  1025.8093     73.635     74.251    32.0208     3.5273          0          0  0.000e+00
  1025.8045     73.606     74.222    32.0154     3.5314          0          0  0.000e+00
  1025.7972     73.555     74.170    32.0068     3.5340          0          0  0.000e+00
  1025.7941     73.489     74.104    32.0033     3.5339          0          0  0.000e+00
  1025.7974     73.408     74.022    32.0077     3.5322          0          0  0.000e+00
  1025.7976     73.324     73.937    32.0085     3.5323          0          0  0.000e+00
  1025.7908     73.245     73.858    32.0006     3.5333          0          0  0.000e+00
  1025.7894     73.185     73.797    31.9989     3.5316          0          0  0.000e+00
  1025.7889     73.146     73.758    31.9982     3.5289          0          0  0.000e+00
  1025.7886     73.132     73.744    31.9976     3.5263          0          0  0.000e+00
  1025.7849     73.146     73.758    31.9926     3.5234          0          0  0.000e+00
  1025.7807     73.185     73.797    31.9865     3.5192          0          0  0.000e+00
  1025.7792     73.251     73.863    31.9835     3.5123          0          0  0.000e+00
  1025.7889     73.333     73.947    31.9944     3.5050          0          0  0.000e+00
  1025.7946     73.429     74.043    32.0004     3.5010          0          0  0.000e+00
  1025.7885     73.526     74.141    31.9921     3.4999          0          0  0.000e+00
  1025.8135     73.620     74.236    32.0227     3.4976          0          0  0.000e+00
  1025.8249     73.702     74.319    32.0372     3.5031          0          0  0.000e+00
  1025.8194     73.776     74.393    32.0310     3.5138          0          0  0.000e+00
  1025.8164     73.833     74.451    32.0278     3.5217          0          0  0.000e+00
  1025.8173     73.872     74.490    32.0295     3.5271          0          0  0.000e+00
  1025.8187     73.887     74.505    32.0315     3.5312          0          0  0.000e+00
  1025.8141     73.874     74.492    32.0263     3.5349          0          0  0.000e+00
  1025.8098     73.834     74.452    32.0214     3.5373          0          0  0.000e+00
  1025.8080     73.768     74.385    32.0196     3.5385          0          0  0.000e+00
  1025.8062     73.681     74.298    32.0180     3.5393          0          0  0.000e+00
  1025.8070     73.586     74.201    32.0197     3.5401          0          0  0.000e+00
  1025.8049     73.489     74.104    32.0177     3.5413          0          0  0.000e+00
  1025.8015     73.401     74.015    32.0141     3.5420          0          0  0.000e+00
  1025.7994     73.333     73.947    32.0118     3.5413          0          0  0.000e+00
  1025.7993     73.293     73.906    32.0118     3.5399          0          0  0.000e+00
  1025.7988     73.280     73.893    32.0110     3.5385          0          0  0.000e+00
  1025.7933     73.300     73.913    32.0038     3.5372          0          0  0.000e+00
  1025.7711     73.342     73.955    31.9752     3.5333          0          0  0.000e+00
  1025.7710     73.399     74.013    31.9733     3.5211          0          0  0.000e+00
  1025.7976     73.462     74.076    32.0049     3.5086          0          0  0.000e+00
  1025.8132     73.518     74.133    32.0239     3.5060          0          0  0.000e+00
  1025.8189     73.560     74.176    32.0315     3.5118          0          0  0.000e+00
  1025.8166     73.589     74.205    32.0293     3.5198          0          0  0.000e+00
  1025.8118     73.597     74.213    32.0240     3.5261          0          0  0.000e+00
  1025.8074     73.593     74.209    32.0190     3.5303          0          0  0.000e+00
  1025.8053     73.582     74.197    32.0167     3.5326          0          0  0.000e+00
  1025.8056     73.567     74.182    32.0173     3.5343          0          0  0.000e+00
  1025.8022     73.558     74.174    32.0133     3.5360          0          0  0.000e+00
  1025.8014     73.554     74.169    32.0124     3.5363          0          0  0.000e+00
  1025.8025     73.557     74.173    32.0136     3.5359          0          0  0.000e+00
  1025.8032     73.569     74.184    32.0145     3.5357          0          0  0.000e+00
  1025.8037     73.582     74.197    32.0151     3.5357          0          0  0.000e+00
  1025.8045     73.597     74.213    32.0159     3.5359          0          0  0.000e+00
  1025.8043     73.604     74.220    32.0157     3.5361          0          0  0.000e+00
  1025.8052     73.603     74.218    32.0169     3.5363          0          0  0.000e+00
  1025.8039     73.596     74.212    32.0153     3.5370          0          0  0.000e+00
  1025.8035     73.588     74.204    32.0149     3.5374          0          0  0.000e+00
  1025.8026     73.584     74.199    32.0139     3.5376          0          0  0.000e+00
  1025.8029     73.584     74.199    32.0142     3.5374          0          0  0.000e+00
  1025.8041     73.601     74.216    32.0156     3.5374          0          0  0.000e+00
  1025.8042     73.625     74.241    32.0157     3.5379          0          0  0.000e+00
  1025.8042     73.665     74.282    32.0154     3.5385          0          0  0.000e+00
  1025.8051     73.711     74.328    32.0164     3.5382          0          0  0.000e+00
  1025.8057     73.757     74.374    32.0167     3.5378          0          0  0.000e+00
  1025.8042     73.788     74.406    32.0147     3.5373          0          0  0.000e+00
  1025.8085     73.800     74.417    32.0199     3.5364          0          0  0.000e+00
  1025.8109     73.789     74.407    32.0229     3.5367          0          0  0.000e+00
  1025.8113     73.754     74.371    32.0238     3.5386          0          0  0.000e+00
  1025.8080     73.699     74.316    32.0204     3.5414          0          0  0.000e+00
  1025.8069     73.631     74.247    32.0196     3.5433          0          0  0.000e+00
  1025.8063     73.558     74.174    32.0196     3.5450          0          0  0.000e+00
  1025.8030     73.486     74.101    32.0160     3.5465          0          0  0.000e+00
  1025.8024     73.428     74.042    32.0156     3.5470          0          0  0.000e+00
  1025.8009     73.388     74.001    32.0140     3.5472          0          0  0.000e+00
  1025.7994     73.369     73.982    32.0121     3.5467          0          0  0.000e+00
  1025.7974     73.375     73.989    32.0095     3.5458          0          0  0.000e+00
  1025.7960     73.404     74.018    32.0073     3.5434          0          0  0.000e+00
  1025.7987     73.454     74.069    32.0100     3.5399          0          0  0.000e+00
  1025.7999     73.513     74.128    32.0109     3.5374          0          0  0.000e+00
  1025.8008     73.582     74.197    32.0114     3.5357          0          0  0.000e+00
  1025.8022     73.648     74.265    32.0126     3.5344          0          0  0.000e+00
  1025.8051     73.707     74.323    32.0157     3.5333          0          0  0.000e+00
  1025.8093     73.758     74.375    32.0207     3.5333          0          0  0.000e+00
  1025.8113     73.792     74.409    32.0232     3.5344          0          0  0.000e+00
  1025.8120     73.818     74.436    32.0240     3.5358          0          0  0.000e+00
  1025.8126     73.835     74.453    32.0249     3.5372          0          0  0.000e+00
  1025.8138     73.851     74.469    32.0266     3.5390          0          0  0.000e+00
  1025.8124     73.867     74.485    32.0249     3.5414          0          0  0.000e+00
  1025.8104     73.875     74.493    32.0226     3.5430          0          0  0.000e+00
  1025.8118     73.877     74.495    32.0244     3.5432          0          0  0.000e+00
  1025.8119     73.866     74.484    32.0246     3.5438          0          0  0.000e+00
  1025.8133     73.838     74.456    32.0266     3.5451          0          0  0.000e+00
  1025.8086     73.789     74.407    32.0213     3.5473          0          0  0.000e+00
  1025.8062     73.727     74.344    32.0188     3.5486          0          0  0.000e+00
  1025.8062     73.656     74.272    32.0193     3.5489          0          0  0.000e+00
  1025.8104     73.588     74.204    32.0252     3.5505          0          0  0.000e+00
  1025.8050     73.537     74.152    32.0190     3.5537          0          0  0.000e+00
  1025.8008     73.503     74.118    32.0142     3.5550          0          0  0.000e+00
  1025.7996     73.494     74.108    32.0126     3.5543          0          0  0.000e+00
  1025.7976     73.505     74.120    32.0098     3.5521          0          0  0.000e+00
  1025.7954     73.535     74.150    32.0064     3.5484          0          0  0.000e+00
  1025.7985     73.575     74.191    32.0094     3.5434          0          0  0.000e+00
  1025.7970     73.622     74.238    32.0068     3.5397          0          0  0.000e+00
  1025.7925     73.666     74.283    32.0005     3.5357          0          0  0.000e+00
  1025.7940     73.705     74.321    32.0016     3.5311          0          0  0.000e+00
  1025.8017     73.734     74.351    32.0106     3.5277          0          0  0.000e+00
  1025.8068     73.757     74.374    32.0169     3.5270          0          0  0.000e+00
  1025.8022     73.764     74.381    32.0112     3.5284          0          0  0.000e+00
  1025.8028     73.767     74.384    32.0119     3.5286          0          0  0.000e+00
  1025.8052     73.751     74.368    32.0152     3.5292          0          0  0.000e+00
  1025.8032     73.730     74.347    32.0130     3.5312          0          0  0.000e+00
  1025.7995     73.700     74.317    32.0087     3.5329          0          0  0.000e+00
  1025.7955     73.665     74.282    32.0040     3.5333          0          0  0.000e+00
  1025.7966     73.634     74.250    32.0055     3.5328          0          0  0.000e+00
  1025.7927     73.610     74.226    32.0006     3.5322          0          0  0.000e+00
  1025.7873     73.601     74.216    31.9936     3.5301          0          0  0.000e+00
  1025.7828     73.607     74.223    31.9875     3.5260          0          0  0.000e+00
  1025.7821     73.626     74.242    31.9858     3.5201          0          0  0.000e+00
  1025.7853     73.652     74.268    31.9890     3.5141          0          0  0.000e+00
  1025.7932     73.682     74.299    31.9981     3.5092          0          0  0.000e+00
  1025.8172     73.715     74.332    32.0279     3.5078          0          0  0.000e+00
  1025.8218     73.747     74.364    32.0343     3.5142          0          0  0.000e+00
  1025.8187     73.776     74.393    32.0312     3.5224          0          0  0.000e+00
  1025.8145     73.796     74.413    32.0265     3.5283          0          0  0.000e+00
  1025.8129     73.813     74.430    32.0248     3.5318          0          0  0.000e+00
  1025.8117     73.822     74.440    32.0235     3.5341          0          0  0.000e+00
