data/eDNA/PER-2021-171/171c014.cnv
* Sea-Bird SBE19plus  Data File:
* FileName = C:\Users\RSG_field\Ryan_2021_Perley\CTD\171c014.hex
* Software version 2.3.0 SB_Terminal.dll
* Temperature SN = 7141
* Conductivity SN = 7141
* System UpLoad Time = Aug 12 2021 13:29:57
* <ApplicationData>
* <SeatermAF>
** Platform: M. Perley
** Cruise: Per2021171
** Station:  ESI_10
** Cast: 01 3
** Latitude: N  44 41.683
** Longitude: W 62 40.802
** Sounding: 41.5
** Chief Scientist: Ryan Stanley
** Comment: 171c014
# nquan = 8
# nvalues = 2373                                  
# units = specified
# name 0 = density00: Density [density, kg/m^3]
# name 1 = depSM: Depth [salt water, m], lat = 45.00
# name 2 = prdM: Pressure, Strain Gauge [db]
# name 3 = sal00: Salinity, Practical [PSU]
# name 4 = tv290C: Temperature [ITS-90, deg C]
# name 5 = bpos: Bottle Position in Carousel
# name 6 = nbf: Bottles Fired
# name 7 = flag:  0.000e+00
# span 0 =   998.5927,  1024.8856                 
# span 1 =     -0.066,     41.856                 
# span 2 =     -0.067,     42.203                 
# span 3 =     0.0082,    31.8261                 
# span 4 =     4.7745,    18.8798                 
# span 5 =          0,          4                 
# span 6 =          0,          4                 
# span 7 = 0.0000e+00, 0.0000e+00                 
# interval = seconds: 0.25
# start_time = Aug 12 2021 16:17:32 [Instrument's time stamp, header]
# bad_flag = -9.990e-29
*END*
[from data line 1079]
  1024.2475     26.931     27.153    30.8369     7.1443          0          0  0.000e+00
  1024.2426     27.004     27.227    30.8294     7.1392          0          0  0.000e+00
  1024.2451     27.105     27.329    30.8301     7.1285          0          0  0.000e+00
  1024.2514     27.245     27.470    30.8356     7.1180          0          0  0.000e+00
  1024.2571     27.407     27.633    30.8405     7.1101          0          0  0.000e+00
  1024.2594     27.594     27.822    30.8415     7.1049          0          0  0.000e+00
  1024.2316     27.790     28.019    30.8041     7.0996          0          0  0.000e+00
  1024.1984     27.993     28.224    30.7563     7.0733          0          0  0.000e+00
  1024.1553     28.191     28.423    30.6905     7.0135          0          0  0.000e+00
  1024.1893     28.380     28.615    30.7165     6.9156          0          0  0.000e+00
  1024.2649     28.551     28.787    30.7955     6.8168          0          0  0.000e+00
  1024.3156     28.703     28.940    30.8487     6.7528          0          0  0.000e+00
  1024.3449     28.844     29.082    30.8792     6.7169          0          0  0.000e+00
  1024.3574     28.970     29.209    30.8914     6.6983          0          0  0.000e+00
  1024.3483     29.088     29.329    30.8771     6.6866          0          0  0.000e+00
  1024.3430     29.200     29.441    30.8670     6.6695          0          0  0.000e+00
  1024.3311     29.310     29.552    30.8471     6.6433          0          0  0.000e+00
  1024.3365     29.414     29.657    30.8470     6.6036          0          0  0.000e+00
  1024.3688     29.518     29.762    30.8807     6.5614          0          0  0.000e+00
  1024.3768     29.626     29.871    30.8855     6.5317          0          0  0.000e+00
  1024.3804     29.724     29.970    30.8855     6.5063          0          0  0.000e+00
  1024.3873     29.826     30.073    30.8894     6.4791          0          0  0.000e+00
  1024.3837     29.921     30.168    30.8797     6.4500          0          0  0.000e+00
  1024.3920     30.015     30.263    30.8839     6.4134          0          0  0.000e+00
  1024.3981     30.105     30.354    30.8849     6.3735          0          0  0.000e+00
  1024.4162     30.190     30.439    30.9010     6.3331          0          0  0.000e+00
  1024.4267     30.280     30.530    30.9081     6.2960          0          0  0.000e+00
  1024.4488     30.369     30.620    30.9302     6.2612          0          0  0.000e+00
  1024.4678     30.464     30.716    30.9497     6.2347          0          0  0.000e+00
  1024.4820     30.566     30.819    30.9643     6.2171          0          0  0.000e+00
  1024.4907     30.678     30.932    30.9731     6.2065          0          0  0.000e+00
  1024.4931     30.801     31.056    30.9745     6.2011          0          0  0.000e+00
  1024.4949     30.940     31.196    30.9755     6.1981          0          0  0.000e+00
  1024.4957     31.090     31.347    30.9754     6.1960          0          0  0.000e+00
  1024.4964     31.252     31.510    30.9751     6.1943          0          0  0.000e+00
  1024.4965     31.423     31.682    30.9738     6.1921          0          0  0.000e+00
  1024.4976     31.594     31.855    30.9737     6.1887          0          0  0.000e+00
  1024.4997     31.764     32.026    30.9748     6.1845          0          0  0.000e+00
  1024.5033     31.922     32.186    30.9777     6.1802          0          0  0.000e+00
  1024.5059     32.059     32.324    30.9796     6.1767          0          0  0.000e+00
  1024.5081     32.175     32.441    30.9812     6.1737          0          0  0.000e+00
  1024.5096     32.278     32.545    30.9822     6.1715          0          0  0.000e+00
  1024.5105     32.366     32.634    30.9825     6.1697          0          0  0.000e+00
  1024.5104     32.448     32.716    30.9816     6.1675          0          0  0.000e+00
  1024.5116     32.528     32.797    30.9823     6.1653          0          0  0.000e+00
  1024.5055     32.618     32.888    30.9737     6.1630          0          0  0.000e+00
  1024.5054     32.721     32.992    30.9721     6.1573          0          0  0.000e+00
  1024.5080     32.837     33.108    30.9737     6.1502          0          0  0.000e+00
  1024.5088     32.968     33.241    30.9729     6.1441          0          0  0.000e+00
  1024.5126     33.111     33.385    30.9760     6.1386          0          0  0.000e+00
  1024.5076     33.262     33.537    30.9681     6.1338          0          0  0.000e+00
  1024.5153     33.418     33.694    30.9760     6.1273          0          0  0.000e+00
  1024.5128     33.572     33.850    30.9711     6.1227          0          0  0.000e+00
  1024.5072     33.722     34.001    30.9624     6.1174          0          0  0.000e+00
  1024.5057     33.862     34.142    30.9583     6.1083          0          0  0.000e+00
  1024.4743     33.990     34.271    30.9157     6.0959          0          0  0.000e+00
  1024.4460     34.108     34.390    30.8747     6.0660          0          0  0.000e+00
  1024.3803     34.214     34.497    30.7824     6.0107          0          0  0.000e+00
  1024.4024     34.309     34.593    30.7950     5.9116          0          0  0.000e+00
  1024.4578     34.401     34.686    30.8493     5.8074          0          0  0.000e+00
  1024.4698     34.495     34.780    30.8528     5.7311          0          0  0.000e+00
  1024.4754     34.593     34.879    30.8485     5.6577          0          0  0.000e+00
  1024.4739     34.692     34.979    30.8343     5.5761          0          0  0.000e+00
  1024.4966     34.800     35.088    30.8491     5.4826          0          0  0.000e+00
  1024.5533     34.912     35.201    30.9072     5.3920          0          0  0.000e+00
  1024.5863     35.031     35.321    30.9375     5.3155          0          0  0.000e+00
  1024.6278     35.148     35.438    30.9787     5.2394          0          0  0.000e+00
  1024.6519     35.263     35.555    30.9995     5.1743          0          0  0.000e+00
  1024.6823     35.379     35.671    31.0294     5.1175          0          0  0.000e+00
  1024.7013     35.492     35.786    31.0463     5.0704          0          0  0.000e+00
  1024.7196     35.602     35.897    31.0632     5.0295          0          0  0.000e+00
  1024.7303     35.713     36.008    31.0712     4.9941          0          0  0.000e+00
  1024.7398     35.823     36.119    31.0785     4.9638          0          0  0.000e+00
  1024.7317     35.932     36.229    31.0638     4.9357          0          0  0.000e+00
  1024.7349     36.042     36.341    31.0624     4.8996          0          0  0.000e+00
  1024.7415     36.155     36.454    31.0650     4.8617          0          0  0.000e+00
  1024.7497     36.271     36.571    31.0700     4.8269          0          0  0.000e+00
  1024.7812     36.389     36.690    31.1047     4.7947          0          0  0.000e+00
  1024.8203     36.509     36.811    31.1510     4.7764          0          0  0.000e+00
  1024.8415     36.635     36.938    31.1772     4.7774          0          0  0.000e+00
  1024.8213     36.766     37.071    31.1524     4.7887          0          0  0.000e+00
  1024.8120     36.900     37.205    31.1403     4.7920          0          0  0.000e+00
  1024.8203     37.038     37.344    31.1495     4.7888          0          0  0.000e+00
  1024.8119     37.174     37.481    31.1378     4.7866          0          0  0.000e+00
  1024.8145     37.312     37.621    31.1395     4.7806          0          0  0.000e+00
  1024.8285     37.452     37.762    31.1556     4.7747          0          0  0.000e+00
  1024.8345     37.588     37.899    31.1623     4.7745          0          0  0.000e+00
  1024.8414     37.723     38.035    31.1705     4.7773          0          0  0.000e+00
  1024.8541     37.851     38.164    31.1866     4.7832          0          0  0.000e+00
  1024.8521     37.970     38.284    31.1848     4.7939          0          0  0.000e+00
  1024.8557     38.085     38.400    31.1900     4.8043          0          0  0.000e+00
  1024.8547     38.191     38.507    31.1897     4.8157          0          0  0.000e+00
  1024.8504     38.301     38.619    31.1850     4.8260          0          0  0.000e+00
  1024.8480     38.413     38.731    31.1824     4.8343          0          0  0.000e+00
  1024.8598     38.526     38.845    31.1976     4.8416          0          0  0.000e+00
  1024.8673     38.640     38.959    31.2078     4.8527          0          0  0.000e+00
  1024.8631     38.756     39.077    31.2039     4.8684          0          0  0.000e+00
  1024.8529     38.876     39.198    31.1922     4.8819          0          0  0.000e+00
  1024.8452     38.996     39.319    31.1828     4.8901          0          0  0.000e+00
  1024.8481     39.108     39.432    31.1863     4.8938          0          0  0.000e+00
  1024.8513     39.210     39.535    31.1903     4.8979          0          0  0.000e+00
  1024.8534     39.303     39.629    31.1931     4.9033          0          0  0.000e+00
  1024.8520     39.386     39.712    31.1918     4.9094          0          0  0.000e+00
  1024.8498     39.460     39.787    31.1892     4.9152          0          0  0.000e+00
  1024.8482     39.543     39.870    31.1873     4.9198          0          0  0.000e+00
  1024.8453     39.629     39.957    31.1837     4.9229          0          0  0.000e+00
  1024.8430     39.727     40.056    31.1803     4.9245          0          0  0.000e+00
  1024.8423     39.843     40.173    31.1787     4.9243          0          0  0.000e+00
  1024.8454     39.972     40.303    31.1818     4.9235          0          0  0.000e+00
  1024.8535     40.110     40.442    31.1912     4.9238          0          0  0.000e+00
  1024.8533     40.260     40.594    31.1905     4.9268          0          0  0.000e+00
  1024.8537     40.409     40.744    31.1906     4.9304          0          0  0.000e+00
  1024.8518     40.562     40.898    31.1877     4.9334          0          0  0.000e+00
  1024.8511     40.710     41.047    31.1862     4.9352          0          0  0.000e+00
  1024.8545     40.827     41.165    31.1900     4.9365          0          0  0.000e+00
  1024.8588     40.889     41.228    31.1953     4.9385          0          0  0.000e+00
  1024.8591     40.922     41.261    31.1959     4.9421          0          0  0.000e+00
  1024.8576     40.968     41.307    31.1945     4.9472          0          0  0.000e+00
  1024.8566     41.004     41.343    31.1937     4.9518          0          0  0.000e+00
  1024.8516     41.037     41.377    31.1877     4.9558          0          0  0.000e+00
  1024.8515     41.048     41.388    31.1876     4.9564          0          0  0.000e+00
  1024.8551     41.047     41.387    31.1920     4.9559          0          0  0.000e+00
  1024.8575     41.017     41.357    31.1955     4.9576          0          0  0.000e+00
  1024.8540     40.974     41.313    31.1919     4.9618          0          0  0.000e+00
  1024.8519     40.915     41.253    31.1901     4.9649          0          0  0.000e+00
  1024.8521     40.845     41.183    31.1910     4.9672          0          0  0.000e+00
  1024.8470     40.777     41.115    31.1853     4.9696          0          0  0.000e+00
  1024.8472     40.717     41.055    31.1859     4.9699          0          0  0.000e+00
  1024.8462     40.674     41.011    31.1850     4.9702          0          0  0.000e+00
  1024.8434     40.651     40.987    31.1815     4.9699          0          0  0.000e+00
  1024.8443     40.647     40.984    31.1825     4.9684          0          0  0.000e+00
  1024.8386     40.660     40.997    31.1750     4.9670          0          0  0.000e+00
  1024.8363     40.681     41.018    31.1715     4.9629          0          0  0.000e+00
  1024.8415     40.706     41.043    31.1771     4.9571          0          0  0.000e+00
  1024.8464     40.727     41.064    31.1827     4.9535          0          0  0.000e+00
  1024.8479     40.745     41.082    31.1843     4.9525          0          0  0.000e+00
  1024.8461     40.758     41.095    31.1820     4.9524          0          0  0.000e+00
  1024.8490     40.766     41.104    31.1854     4.9518          0          0  0.000e+00
  1024.8491     40.778     41.116    31.1857     4.9526          0          0  0.000e+00
  1024.8504     40.795     41.133    31.1873     4.9535          0          0  0.000e+00
  1024.8507     40.829     41.167    31.1876     4.9550          0          0  0.000e+00
  1024.8499     40.870     41.209    31.1867     4.9565          0          0  0.000e+00
  1024.8467     40.929     41.268    31.1823     4.9578          0          0  0.000e+00
  1024.8458     40.993     41.333    31.1807     4.9569          0          0  0.000e+00
  1024.8462     41.059     41.399    31.1806     4.9551          0          0  0.000e+00
  1024.8450     41.115     41.456    31.1784     4.9527          0          0  0.000e+00
  1024.8473     41.157     41.498    31.1805     4.9481          0          0  0.000e+00
  1024.8549     41.182     41.523    31.1891     4.9424          0          0  0.000e+00
  1024.8614     41.184     41.525    31.1969     4.9390          0          0  0.000e+00
  1024.8691     41.165     41.506    31.2068     4.9396          0          0  0.000e+00
  1024.8609     41.125     41.466    31.1975     4.9458          0          0  0.000e+00
  1024.8572     41.074     41.414    31.1937     4.9492          0          0  0.000e+00
  1024.8570     41.010     41.350    31.1938     4.9499          0          0  0.000e+00
  1024.8585     40.940     41.279    31.1963     4.9514          0          0  0.000e+00
  1024.8563     40.865     41.203    31.1945     4.9545          0          0  0.000e+00
  1024.8537     40.797     41.135    31.1921     4.9583          0          0  0.000e+00
  1024.8501     40.739     41.076    31.1882     4.9612          0          0  0.000e+00
  1024.8492     40.691     41.028    31.1877     4.9633          0          0  0.000e+00
  1024.8446     40.659     40.996    31.1823     4.9648          0          0  0.000e+00
  1024.8444     40.645     40.982    31.1821     4.9644          0          0  0.000e+00
  1024.8438     40.654     40.990    31.1811     4.9637          0          0  0.000e+00
  1024.8433     40.677     41.014    31.1803     4.9627          0          0  0.000e+00
  1024.8435     40.719     41.057    31.1801     4.9617          0          0  0.000e+00
  1024.8404     40.770     41.108    31.1758     4.9605          0          0  0.000e+00
  1024.8395     40.832     41.170    31.1738     4.9571          0          0  0.000e+00
  1024.8412     40.890     41.229    31.1750     4.9525          0          0  0.000e+00
  1024.8442     40.943     41.282    31.1778     4.9478          0          0  0.000e+00
  1024.8480     40.985     41.325    31.1817     4.9434          0          0  0.000e+00
  1024.8532     41.013     41.353    31.1876     4.9388          0          0  0.000e+00
  1024.8586     41.027     41.367    31.1938     4.9353          0          0  0.000e+00
  1024.8614     41.025     41.365    31.1972     4.9345          0          0  0.000e+00
  1024.8645     41.015     41.355    31.2014     4.9356          0          0  0.000e+00
  1024.8601     41.000     41.340    31.1963     4.9381          0          0  0.000e+00
  1024.8589     40.990     41.329    31.1949     4.9392          0          0  0.000e+00
  1024.8557     40.991     41.330    31.1909     4.9388          0          0  0.000e+00
  1024.8567     41.007     41.346    31.1917     4.9365          0          0  0.000e+00
  1024.8583     41.039     41.379    31.1932     4.9345          0          0  0.000e+00
  1024.8601     41.087     41.428    31.1950     4.9331          0          0  0.000e+00
  1024.8604     41.140     41.481    31.1949     4.9320          0          0  0.000e+00
