data/eDNA/PER-2021-171/171c019.ros
* Sea-Bird SBE19plus  Data File:
* FileName = C:\Users\RSG_field\Ryan_2021_Perley\CTD\171c019.hex
* Software version 2.3.0 SB_Terminal.dll
* Temperature SN = 7141
* Conductivity SN = 7141
* System UpLoad Time = Aug 14 2021 14:03:59
* <ApplicationData>
* <SeatermAF>
** Platform: M. Perley
** Cruise: Per2021171
** Station:  ESI_01
** Cast: 01 3
** Latitude: N  44 54.418
** Longitude: W 62 13.850
** Sounding: 21.3
** Chief Scientist: Ryan Stanley
** Comment: 171c019
# nquan = 9
# nvalues = 36                                    
# units = specified
# name 0 = density00: Density [density, kg/m^3]
# name 1 = depSM: Depth [salt water, m], lat = 45.00
# name 2 = prdM: Pressure, Strain Gauge [db]
# name 3 = sal00: Salinity, Practical [PSU]
# name 4 = tv290C: Temperature [ITS-90, deg C]
# name 5 = bpos: Bottle Position in Carousel
# name 6 = nbf: Bottles Fired
# name 7 = scan: Scan Count
# name 8 = flag:  0.000e+00
# interval = seconds: 0.25
# start_time = Aug 14 2021 16:53:20 [Instrument's time stamp, header]
# bad_flag = -9.990e-29
*END*
  1023.5044     20.272     20.438    30.5862    10.5832          1          1       1401  0.000e+00
  1023.5033     20.253     20.420    30.5868    10.5926          1          1       1402  0.000e+00
  1023.5042     20.239     20.405    30.5901    10.6017          1          1       1403  0.000e+00
  1023.4964     20.228     20.395    30.5825    10.6128          1          1       1404  0.000e+00
  1023.4949     20.221     20.387    30.5824    10.6213          1          1       1405  0.000e+00
  1023.4916     20.221     20.387    30.5800    10.6294          1          1       1406  0.000e+00
  1023.4875     20.226     20.392    30.5762    10.6366          1          1       1407  0.000e+00
  1023.4814     20.242     20.408    30.5694    10.6419          1          1       1408  0.000e+00
  1023.4804     20.259     20.426    30.5686    10.6444          1          1       1409  0.000e+00
  1023.3834     15.616     15.744    30.5689    11.0886          2          2       1735  0.000e+00
  1023.3708     15.444     15.571    30.5576    11.1061          2          2       1736  0.000e+00
  1023.3634     15.286     15.412    30.5520    11.1193          2          2       1737  0.000e+00
  1023.3608     15.152     15.276    30.5516    11.1292          2          2       1738  0.000e+00
  1023.3573     15.046     15.170    30.5496    11.1378          2          2       1739  0.000e+00
  1023.3552     14.968     15.091    30.5491    11.1456          2          2       1740  0.000e+00
  1023.3665     14.913     15.036    30.5659    11.1541          2          2       1741  0.000e+00
  1023.3712     14.879     15.002    30.5758    11.1701          2          2       1742  0.000e+00
  1023.3504     14.859     14.981    30.5541    11.1923          2          2       1743  0.000e+00
  1022.7070      5.732      5.779    30.4135    13.8236          3          3       1818  0.000e+00
  1022.6845      5.580      5.626    30.3937    13.8565          3          3       1819  0.000e+00
  1022.6971      5.436      5.481    30.4178    13.8829          3          3       1820  0.000e+00
  1022.6459      5.307      5.350    30.3612    13.9177          3          3       1821  0.000e+00
  1022.6749      5.188      5.231    30.4037    13.9337          3          3       1822  0.000e+00
  1022.6877      5.084      5.126    30.4263    13.9539          3          3       1823  0.000e+00
  1022.6714      4.998      5.039    30.4147    13.9890          3          3       1824  0.000e+00
  1022.6562      4.930      4.971    30.4048    14.0246          3          3       1825  0.000e+00
  1022.7346      4.876      4.916    30.5160    14.0600          3          3       1826  0.000e+00
  1022.4524      2.720      2.743    30.4492    15.1244          4          4       1843  0.000e+00
  1022.4548      2.549      2.570    30.4788    15.2163          4          4       1844  0.000e+00
  1022.4301      2.409      2.429    30.4776    15.3245          4          4       1845  0.000e+00
  1022.4628      2.307      2.326    30.5549    15.4460          4          4       1846  0.000e+00
  1022.4765      2.236      2.254    30.6213    15.6173          4          4       1847  0.000e+00
  1022.3594      2.181      2.199    30.5329    15.8406          4          4       1848  0.000e+00
  1022.2464      2.123      2.140    30.4421    16.0363          4          4       1849  0.000e+00
  1022.1750      2.049      2.066    30.3928    16.1861          4          4       1850  0.000e+00
  1022.1151      1.955      1.971    30.3495    16.3037          4          4       1851  0.000e+00
