data/eDNA/PER-2021-171/171c001.cnv
* Sea-Bird SBE19plus  Data File:
* FileName = C:\Users\RSG_field\Ryan_2021_Perley\CTD\171c001.hex
* Software version 2.3.0 SB_Terminal.dll
* Temperature SN = 7141
* Conductivity SN = 7141
* System UpLoad Time = Aug 07 2021 21:08:48
* <ApplicationData>
* <SeatermAF>
** Platform: M. Perley
** Cruise: Per2021171
** Station:  1
** Cast: 01 3
** Latitude: N  44 27.5093
** Longitude: W 62 08.0403
** Sounding: 210
** Chief Scientist: Ryan Stanley
** Comment:
# nquan = 8
# nvalues = 5210                                  
# units = specified
# name 0 = density00: Density [density, kg/m^3]
# name 1 = depSM: Depth [salt water, m], lat = 45.00
# name 2 = prdM: Pressure, Strain Gauge [db]
# name 3 = sal00: Salinity, Practical [PSU]
# name 4 = tv290C: Temperature [ITS-90, deg C]
# name 5 = bpos: Bottle Position in Carousel
# name 6 = nbf: Bottles Fired
# name 7 = flag:  0.000e+00
# span 0 =   998.9585,  1027.8392                 
# span 1 =     -0.063,    202.918                 
# span 2 =     -0.063,    204.680                 
# span 3 =     0.0000,    35.2127                 
# span 4 =     2.9255,    16.4887                 
# span 5 =          0,          6                 
# span 6 =          0,          6                 
# span 7 = 0.0000e+00, 0.0000e+00                 
# interval = seconds: 0.25
# start_time = Aug 07 2021 19:40:31 [Instrument's time stamp, header]
# bad_flag = -9.990e-29
*END*
[from data line 3596]
  1027.6328    172.506    173.991    35.1288    11.1373          2          2  0.000e+00
  1027.6315    172.393    173.877    35.1278    11.1376          2          2  0.000e+00
  1027.6304    172.210    173.692    35.1274    11.1374          2          2  0.000e+00
  1027.6281    171.965    173.445    35.1258    11.1372          2          2  0.000e+00
  1027.6250    171.661    173.138    35.1235    11.1366          2          2  0.000e+00
  1027.6228    171.312    172.786    35.1223    11.1351          2          2  0.000e+00
  1027.6208    170.928    172.399    35.1216    11.1334          2          2  0.000e+00
  1027.6188    170.518    171.986    35.1209    11.1316          2          2  0.000e+00
  1027.6133    170.105    171.568    35.1158    11.1297          2          2  0.000e+00
  1027.6093    169.698    171.157    35.1122    11.1261          2          2  0.000e+00
  1027.6092    169.310    170.767    35.1133    11.1220          2          2  0.000e+00
  1027.6112    168.949    170.402    35.1172    11.1185          2          2  0.000e+00
  1027.6099    168.629    170.080    35.1170    11.1171          2          2  0.000e+00
  1027.6129    168.358    169.806    35.1223    11.1164          2          2  0.000e+00
  1027.6164    168.135    169.581    35.1284    11.1175          2          2  0.000e+00
  1027.6158    167.965    169.409    35.1294    11.1211          2          2  0.000e+00
  1027.6171    167.852    169.295    35.1328    11.1254          2          2  0.000e+00
  1027.6182    167.790    169.232    35.1359    11.1307          2          2  0.000e+00
  1027.6228    167.774    169.216    35.1435    11.1374          2          2  0.000e+00
  1027.6158    167.801    169.244    35.1364    11.1463          2          2  0.000e+00
  1027.6186    167.888    169.332    35.1411    11.1530          2          2  0.000e+00
  1027.6165    168.024    169.469    35.1394    11.1602          2          2  0.000e+00
  1027.6166    168.189    169.636    35.1401    11.1671          2          2  0.000e+00
  1027.6121    168.371    169.818    35.1348    11.1731          2          2  0.000e+00
  1027.6094    168.551    170.000    35.1313    11.1772          2          2  0.000e+00
  1027.6065    168.719    170.170    35.1270    11.1791          2          2  0.000e+00
  1027.6034    168.850    170.302    35.1223    11.1793          2          2  0.000e+00
  1027.6062    168.930    170.382    35.1250    11.1775          2          2  0.000e+00
  1027.6035    168.953    170.406    35.1210    11.1763          2          2  0.000e+00
  1027.6026    168.922    170.375    35.1196    11.1741          2          2  0.000e+00
  1027.6058    168.831    170.283    35.1236    11.1714          2          2  0.000e+00
  1027.6071    168.684    170.134    35.1258    11.1701          2          2  0.000e+00
  1027.6086    168.491    169.939    35.1289    11.1700          2          2  0.000e+00
  1027.6095    168.258    169.705    35.1316    11.1711          2          2  0.000e+00
  1027.6080    167.999    169.443    35.1317    11.1731          2          2  0.000e+00
  1027.6058    167.717    169.159    35.1309    11.1750          2          2  0.000e+00
  1027.6033    167.430    168.869    35.1298    11.1767          2          2  0.000e+00
  1027.6014    167.151    168.588    35.1293    11.1779          2          2  0.000e+00
  1027.5998    166.884    168.318    35.1290    11.1788          2          2  0.000e+00
  1027.5985    166.635    168.067    35.1289    11.1794          2          2  0.000e+00
  1027.5962    166.409    167.839    35.1273    11.1799          2          2  0.000e+00
  1027.5923    166.203    167.631    35.1235    11.1799          2          2  0.000e+00
  1027.5927    166.019    167.446    35.1248    11.1785          2          2  0.000e+00
  1027.5920    165.861    167.287    35.1246    11.1775          2          2  0.000e+00
  1027.5893    165.719    167.143    35.1217    11.1766          2          2  0.000e+00
  1027.5837    165.592    167.015    35.1148    11.1747          2          2  0.000e+00
  1027.5717    165.481    166.902    35.0992    11.1712          2          2  0.000e+00
  1027.5771    165.386    166.807    35.1051    11.1650          2          2  0.000e+00
  1027.5624    165.297    166.717    35.0852    11.1579          2          2  0.000e+00
  1027.5584    165.219    166.638    35.0774    11.1455          2          2  0.000e+00
  1027.5613    165.146    166.564    35.0782    11.1313          2          2  0.000e+00
  1027.5673    165.074    166.493    35.0834    11.1190          2          2  0.000e+00
  1027.5684    164.999    166.417    35.0829    11.1091          2          2  0.000e+00
  1027.5729    164.916    166.333    35.0872    11.1009          2          2  0.000e+00
  1027.5797    164.832    166.248    35.0950    11.0947          2          2  0.000e+00
  1027.5803    164.746    166.161    35.0955    11.0918          2          2  0.000e+00
  1027.5799    164.666    166.081    35.0951    11.0900          2          2  0.000e+00
  1027.5896    164.600    166.014    35.1075    11.0886          2          2  0.000e+00
  1027.5920    164.553    165.966    35.1115    11.0907          2          2  0.000e+00
  1027.5748    164.526    165.939    35.0904    11.0947          2          2  0.000e+00
  1027.5602    164.517    165.930    35.0711    11.0918          2          2  0.000e+00
  1027.5625    164.519    165.932    35.0717    11.0820          2          2  0.000e+00
  1027.5669    164.516    165.929    35.0749    11.0724          2          2  0.000e+00
  1027.5707    164.495    165.908    35.0782    11.0650          2          2  0.000e+00
  1027.5737    164.446    165.858    35.0811    11.0595          2          2  0.000e+00
  1027.5772    164.359    165.770    35.0851    11.0556          2          2  0.000e+00
  1027.5778    164.229    165.640    35.0863    11.0539          2          2  0.000e+00
  1027.5768    164.068    165.477    35.0857    11.0531          2          2  0.000e+00
  1027.5765    163.885    165.292    35.0863    11.0524          2          2  0.000e+00
  1027.5707    163.688    165.094    35.0797    11.0518          2          2  0.000e+00
  1027.5675    163.494    164.898    35.0763    11.0494          2          2  0.000e+00
  1027.5691    163.314    164.716    35.0785    11.0456          2          2  0.000e+00
  1027.5669    163.158    164.559    35.0759    11.0429          2          2  0.000e+00
  1027.5652    163.032    164.432    35.0738    11.0400          2          2  0.000e+00
  1027.5649    162.937    164.336    35.0731    11.0363          2          2  0.000e+00
  1027.5652    162.866    164.265    35.0730    11.0328          2          2  0.000e+00
  1027.5670    162.811    164.209    35.0749    11.0298          2          2  0.000e+00
  1027.5655    162.765    164.162    35.0728    11.0275          2          2  0.000e+00
  1027.5650    162.713    164.109    35.0718    11.0253          2          2  0.000e+00
  1027.5669    162.643    164.039    35.0741    11.0231          2          2  0.000e+00
  1027.5683    162.547    163.942    35.0762    11.0220          2          2  0.000e+00
  1027.5679    162.425    163.819    35.0765    11.0218          2          2  0.000e+00
  1027.5677    162.283    163.676    35.0770    11.0221          2          2  0.000e+00
  1027.5672    162.130    163.522    35.0773    11.0221          2          2  0.000e+00
  1027.5640    161.975    163.366    35.0742    11.0224          2          2  0.000e+00
  1027.5617    161.833    163.222    35.0718    11.0217          2          2  0.000e+00
  1027.5561    161.704    163.092    35.0651    11.0202          2          2  0.000e+00
  1027.5516    161.600    162.987    35.0591    11.0168          2          2  0.000e+00
  1027.5486    161.519    162.906    35.0546    11.0121          2          2  0.000e+00
  1027.5497    161.445    162.831    35.0549    11.0057          2          2  0.000e+00
  1027.5528    161.379    162.764    35.0579    10.9999          2          2  0.000e+00
  1027.5401    161.306    162.690    35.0409    10.9954          2          2  0.000e+00
  1027.5270    161.216    162.600    35.0225    10.9864          2          2  0.000e+00
  1027.5356    161.102    162.484    35.0308    10.9722          2          2  0.000e+00
  1027.5478    160.957    162.338    35.0447    10.9611          2          2  0.000e+00
  1027.5544    160.789    162.168    35.0530    10.9563          2          2  0.000e+00
  1027.5428    160.599    161.977    35.0390    10.9552          2          2  0.000e+00
  1027.5327    160.402    161.778    35.0259    10.9502          2          2  0.000e+00
  1027.5295    160.200    161.574    35.0209    10.9410          2          2  0.000e+00
  1027.5328    160.009    161.382    35.0238    10.9310          2          2  0.000e+00
  1027.5355    159.836    161.207    35.0264    10.9227          2          2  0.000e+00
  1027.5374    159.694    161.064    35.0281    10.9163          2          2  0.000e+00
  1027.5391    159.587    160.956    35.0298    10.9114          2          2  0.000e+00
  1027.5400    159.526    160.894    35.0304    10.9076          2          2  0.000e+00
  1027.5424    159.503    160.871    35.0328    10.9045          2          2  0.000e+00
  1027.5467    159.511    160.879    35.0379    10.9026          2          2  0.000e+00
  1027.5455    159.550    160.918    35.0361    10.9027          2          2  0.000e+00
  1027.5445    159.604    160.973    35.0346    10.9026          2          2  0.000e+00
  1027.5438    159.658    161.028    35.0331    10.9018          2          2  0.000e+00
  1027.5426    159.703    161.073    35.0310    10.9006          2          2  0.000e+00
  1027.5421    159.715    161.085    35.0299    10.8987          2          2  0.000e+00
  1027.5436    159.700    161.069    35.0314    10.8967          2          2  0.000e+00
  1027.5471    159.641    161.011    35.0358    10.8951          2          2  0.000e+00
  1027.5488    159.537    160.906    35.0387    10.8953          2          2  0.000e+00
  1027.5485    159.387    160.754    35.0397    10.8969          2          2  0.000e+00
  1027.5474    159.200    160.565    35.0397    10.8989          2          2  0.000e+00
  1027.5439    158.982    160.345    35.0369    10.9007          2          2  0.000e+00
  1027.5400    158.738    160.099    35.0336    10.9016          2          2  0.000e+00
  1027.5364    158.489    159.848    35.0303    10.9012          2          2  0.000e+00
  1027.5335    158.252    159.609    35.0276    10.8996          2          2  0.000e+00
  1027.5292    158.031    159.386    35.0229    10.8975          2          2  0.000e+00
  1027.5261    157.840    159.194    35.0191    10.8939          2          2  0.000e+00
  1027.5269    157.685    159.036    35.0199    10.8892          2          2  0.000e+00
  1027.5279    157.563    158.913    35.0210    10.8851          2          2  0.000e+00
  1027.5283    157.462    158.812    35.0214    10.8820          2          2  0.000e+00
  1027.5276    157.373    158.722    35.0203    10.8793          2          2  0.000e+00
  1027.5256    157.284    158.632    35.0177    10.8766          2          2  0.000e+00
  1027.5271    157.188    158.535    35.0193    10.8734          2          2  0.000e+00
  1027.5239    157.075    158.421    35.0154    10.8710          2          2  0.000e+00
  1027.5265    156.939    158.284    35.0187    10.8676          2          2  0.000e+00
  1027.5291    156.796    158.140    35.0224    10.8654          2          2  0.000e+00
  1027.5293    156.645    157.988    35.0234    10.8651          2          2  0.000e+00
  1027.5280    156.500    157.841    35.0226    10.8652          2          2  0.000e+00
  1027.5245    156.354    157.693    35.0190    10.8650          2          2  0.000e+00
  1027.5187    156.224    157.563    35.0119    10.8638          2          2  0.000e+00
  1027.5181    156.112    157.449    35.0110    10.8602          2          2  0.000e+00
  1027.5200    156.012    157.349    35.0131    10.8564          2          2  0.000e+00
  1027.5213    155.929    157.265    35.0146    10.8538          2          2  0.000e+00
  1027.5223    155.859    157.195    35.0160    10.8521          2          2  0.000e+00
  1027.5226    155.808    157.143    35.0164    10.8511          2          2  0.000e+00
  1027.5220    155.765    157.099    35.0157    10.8504          2          2  0.000e+00
  1027.5213    155.726    157.060    35.0148    10.8495          2          2  0.000e+00
  1027.5214    155.683    157.017    35.0150    10.8485          2          2  0.000e+00
  1027.5219    155.627    156.960    35.0158    10.8477          2          2  0.000e+00
  1027.5221    155.548    156.880    35.0164    10.8473          2          2  0.000e+00
  1027.5214    155.444    156.775    35.0161    10.8473          2          2  0.000e+00
  1027.5210    155.314    156.645    35.0163    10.8473          2          2  0.000e+00
  1027.5209    155.159    156.488    35.0172    10.8474          2          2  0.000e+00
  1027.5196    154.987    156.314    35.0165    10.8477          2          2  0.000e+00
  1027.5184    154.794    156.119    35.0161    10.8479          2          2  0.000e+00
  1027.5172    154.588    155.912    35.0159    10.8481          2          2  0.000e+00
  1027.5166    154.379    155.701    35.0162    10.8480          2          2  0.000e+00
  1027.5160    154.171    155.491    35.0168    10.8483          2          2  0.000e+00
  1027.5153    153.975    155.293    35.0172    10.8487          2          2  0.000e+00
  1027.5155    153.793    155.110    35.0187    10.8497          2          2  0.000e+00
  1027.5147    153.644    154.959    35.0189    10.8511          2          2  0.000e+00
  1027.5132    153.527    154.842    35.0181    10.8530          2          2  0.000e+00
  1027.5130    153.449    154.763    35.0186    10.8544          2          2  0.000e+00
  1027.5108    153.401    154.714    35.0165    10.8562          2          2  0.000e+00
  1027.5088    153.379    154.692    35.0144    10.8576          2          2  0.000e+00
  1027.5051    153.376    154.689    35.0099    10.8586          2          2  0.000e+00
  1027.5036    153.391    154.705    35.0079    10.8586          2          2  0.000e+00
  1027.5029    153.414    154.727    35.0067    10.8583          2          2  0.000e+00
  1027.5022    153.430    154.743    35.0055    10.8575          2          2  0.000e+00
  1027.5027    153.429    154.742    35.0061    10.8569          2          2  0.000e+00
  1027.5028    153.394    154.707    35.0062    10.8563          2          2  0.000e+00
  1027.5023    153.324    154.636    35.0059    10.8561          2          2  0.000e+00
  1027.5019    153.212    154.524    35.0060    10.8557          2          2  0.000e+00
  1027.5008    153.062    154.372    35.0055    10.8555          2          2  0.000e+00
  1027.4997    152.878    154.187    35.0050    10.8551          2          2  0.000e+00
  1027.4973    152.669    153.976    35.0030    10.8546          2          2  0.000e+00
  1027.4938    152.441    153.746    34.9997    10.8537          2          2  0.000e+00
  1027.4915    152.203    153.505    34.9976    10.8520          2          2  0.000e+00
  1027.4882    151.965    153.266    34.9942    10.8497          2          2  0.000e+00
  1027.4856    151.740    153.039    34.9916    10.8469          2          2  0.000e+00
  1027.4850    151.538    152.834    34.9912    10.8435          2          2  0.000e+00
  1027.4848    151.348    152.643    34.9913    10.8404          2          2  0.000e+00
  1027.4853    151.190    152.483    34.9922    10.8376          2          2  0.000e+00
  1027.4844    151.042    152.335    34.9914    10.8356          2          2  0.000e+00
