data/eDNA/PER-2021-171/171c006.cnv
* Sea-Bird SBE19plus  Data File:
* FileName = C:\Users\RSG_field\Ryan_2021_Perley\CTD\171c006.hex
* Software version 2.3.0 SB_Terminal.dll
* Temperature SN = 7141
* Conductivity SN = 7141
* System UpLoad Time = Aug 12 2021 16:47:09
* <ApplicationData>
* <SeatermAF>
** Platform: M. Perley
** Cruise: Per2021171
** Station:  GC_06
** Cast: 01 3
** Latitude: N  44 46.942
** Longitude: W 62 26.613
** Sounding: 22.8
** Chief Scientist: Ryan Stanley
** Comment: 171c006
# nquan = 8
# nvalues = 2436                                  
# units = specified
# name 0 = density00: Density [density, kg/m^3]
# name 1 = depSM: Depth [salt water, m], lat = 45.00
# name 2 = prdM: Pressure, Strain Gauge [db]
# name 3 = sal00: Salinity, Practical [PSU]
# name 4 = tv290C: Temperature [ITS-90, deg C]
# name 5 = bpos: Bottle Position in Carousel
# name 6 = nbf: Bottles Fired
# name 7 = flag:  0.000e+00
# span 0 =   998.7005,  1023.9296                 
# span 1 =     -0.073,     23.005                 
# span 2 =     -0.074,     23.195                 
# span 3 =     0.0082,    31.1219                 
# span 4 =     8.9481,    18.7654                 
# span 5 =          0,          3                 
# span 6 =          0,          3                 
# span 7 = 0.0000e+00, 0.0000e+00                 
# interval = seconds: 0.25
# start_time = Aug 12 2021 19:35:33 [Instrument's time stamp, header]
# bad_flag = -9.990e-29
*END*
[from data line 2338]
   998.9703     -0.057     -0.057     0.1031    16.3254          3          3  0.000e+00
   998.9339     -0.056     -0.056     0.0559    16.3253          3          3  0.000e+00
   998.9143     -0.056     -0.056     0.0308    16.3262          3          3  0.000e+00
   998.8975     -0.057     -0.057     0.0094    16.3276          3          3  0.000e+00
   998.8965     -0.057     -0.057     0.0085    16.3291          3          3  0.000e+00
   998.8962     -0.056     -0.056     0.0084    16.3306          3          3  0.000e+00
   998.8961     -0.056     -0.056     0.0084    16.3313          3          3  0.000e+00
   998.8960     -0.055     -0.055     0.0084    16.3318          3          3  0.000e+00
   998.8960     -0.056     -0.056     0.0084    16.3320          3          3  0.000e+00
   998.8960     -0.056     -0.056     0.0084    16.3323          3          3  0.000e+00
   998.8960     -0.056     -0.056     0.0084    16.3323          3          3  0.000e+00
   998.8959     -0.056     -0.056     0.0084    16.3326          3          3  0.000e+00
   998.8959     -0.055     -0.055     0.0084    16.3328          3          3  0.000e+00
   998.8958     -0.054     -0.054     0.0084    16.3331          3          3  0.000e+00
   998.8957     -0.055     -0.055     0.0084    16.3336          3          3  0.000e+00
   998.8957     -0.055     -0.055     0.0084    16.3340          3          3  0.000e+00
   998.8956     -0.056     -0.056     0.0084    16.3345          3          3  0.000e+00
   998.8955     -0.057     -0.057     0.0084    16.3350          3          3  0.000e+00
   998.8954     -0.056     -0.056     0.0084    16.3356          3          3  0.000e+00
   998.8953     -0.057     -0.057     0.0084    16.3361          3          3  0.000e+00
   998.8952     -0.056     -0.056     0.0084    16.3367          3          3  0.000e+00
   998.8951     -0.056     -0.056     0.0084    16.3376          3          3  0.000e+00
   998.8950     -0.056     -0.056     0.0084    16.3380          3          3  0.000e+00
   998.8949     -0.056     -0.056     0.0084    16.3387          3          3  0.000e+00
   998.8948     -0.056     -0.056     0.0084    16.3395          3          3  0.000e+00
   998.8947     -0.057     -0.057     0.0084    16.3400          3          3  0.000e+00
   998.8946     -0.057     -0.057     0.0084    16.3401          3          3  0.000e+00
   998.8946     -0.058     -0.058     0.0084    16.3405          3          3  0.000e+00
   998.8946     -0.055     -0.055     0.0084    16.3408          3          3  0.000e+00
   998.8945     -0.056     -0.056     0.0084    16.3408          3          3  0.000e+00
   998.8945     -0.056     -0.056     0.0084    16.3408          3          3  0.000e+00
   998.8945     -0.057     -0.057     0.0084    16.3407          3          3  0.000e+00
   998.8946     -0.054     -0.054     0.0084    16.3404          3          3  0.000e+00
   998.8947     -0.056     -0.056     0.0084    16.3401          3          3  0.000e+00
   998.8947     -0.056     -0.056     0.0084    16.3398          3          3  0.000e+00
   998.8948     -0.058     -0.058     0.0084    16.3392          3          3  0.000e+00
   998.8949     -0.056     -0.056     0.0084    16.3388          3          3  0.000e+00
   998.8949     -0.057     -0.057     0.0084    16.3384          3          3  0.000e+00
   998.8950     -0.055     -0.055     0.0084    16.3378          3          3  0.000e+00
   998.8951     -0.055     -0.055     0.0084    16.3374          3          3  0.000e+00
   998.8952     -0.055     -0.055     0.0084    16.3367          3          3  0.000e+00
   998.8953     -0.056     -0.056     0.0084    16.3361          3          3  0.000e+00
   998.8955     -0.056     -0.056     0.0085    16.3354          3          3  0.000e+00
   999.2536     -0.056     -0.056     0.4722    16.3348          3          3  0.000e+00
   999.3617     -0.056     -0.056     0.6123    16.3341          3          3  0.000e+00
   999.4517     -0.056     -0.056     0.7292    16.3337          3          3  0.000e+00
   999.1556     -0.058     -0.058     0.3452    16.3353          3          3  0.000e+00
   999.0287     -0.057     -0.057     0.1824    16.3425          3          3  0.000e+00
   998.9920     -0.056     -0.056     0.1376    16.3553          3          3  0.000e+00
   998.9799     -0.056     -0.056     0.1249    16.3694          3          3  0.000e+00
   998.9695     -0.056     -0.056     0.1140    16.3811          3          3  0.000e+00
   998.8896     -0.056     -0.056     0.0127    16.3903          3          3  0.000e+00
   998.8854     -0.057     -0.057     0.0087    16.3972          3          3  0.000e+00
   998.8843     -0.056     -0.056     0.0084    16.4024          3          3  0.000e+00
   998.8837     -0.055     -0.055     0.0084    16.4059          3          3  0.000e+00
   998.8832     -0.055     -0.055     0.0084    16.4088          3          3  0.000e+00
   998.8829     -0.058     -0.058     0.0084    16.4106          3          3  0.000e+00
   998.8827     -0.057     -0.057     0.0084    16.4122          3          3  0.000e+00
   998.8825     -0.058     -0.058     0.0084    16.4134          3          3  0.000e+00
   998.8823     -0.057     -0.057     0.0084    16.4146          3          3  0.000e+00
   998.8822     -0.056     -0.056     0.0084    16.4152          3          3  0.000e+00
   998.8820     -0.056     -0.056     0.0084    16.4159          3          3  0.000e+00
   998.8820     -0.057     -0.057     0.0084    16.4160          3          3  0.000e+00
   998.8820     -0.055     -0.055     0.0084    16.4162          3          3  0.000e+00
   998.8821     -0.055     -0.055     0.0084    16.4157          3          3  0.000e+00
   998.8822     -0.057     -0.057     0.0084    16.4150          3          3  0.000e+00
   998.8823     -0.056     -0.056     0.0084    16.4145          3          3  0.000e+00
   998.8824     -0.057     -0.057     0.0084    16.4137          3          3  0.000e+00
   998.8826     -0.058     -0.058     0.0084    16.4128          3          3  0.000e+00
   998.8828     -0.056     -0.056     0.0084    16.4113          3          3  0.000e+00
   998.8830     -0.056     -0.056     0.0084    16.4101          3          3  0.000e+00
   998.8832     -0.057     -0.057     0.0084    16.4091          3          3  0.000e+00
   998.8833     -0.056     -0.056     0.0084    16.4081          3          3  0.000e+00
   998.8835     -0.056     -0.056     0.0084    16.4070          3          3  0.000e+00
   998.8837     -0.057     -0.057     0.0084    16.4061          3          3  0.000e+00
   998.8839     -0.056     -0.056     0.0084    16.4049          3          3  0.000e+00
   998.8841     -0.056     -0.056     0.0084    16.4038          3          3  0.000e+00
   998.8843     -0.057     -0.057     0.0084    16.4025          3          3  0.000e+00
   998.8845     -0.055     -0.055     0.0084    16.4013          3          3  0.000e+00
   998.8847     -0.057     -0.057     0.0084    16.4002          3          3  0.000e+00
   998.8849     -0.057     -0.057     0.0084    16.3990          3          3  0.000e+00
   998.8851     -0.057     -0.057     0.0084    16.3977          3          3  0.000e+00
   998.8853     -0.055     -0.055     0.0084    16.3963          3          3  0.000e+00
   998.8855     -0.055     -0.055     0.0084    16.3951          3          3  0.000e+00
   998.8857     -0.057     -0.057     0.0084    16.3939          3          3  0.000e+00
   998.8860     -0.057     -0.057     0.0084    16.3924          3          3  0.000e+00
   998.8862     -0.058     -0.058     0.0084    16.3913          3          3  0.000e+00
   998.8864     -0.055     -0.055     0.0085    16.3899          3          3  0.000e+00
   998.8867     -0.056     -0.056     0.0084    16.3883          3          3  0.000e+00
   998.8869     -0.057     -0.057     0.0084    16.3870          3          3  0.000e+00
   998.8871     -0.057     -0.057     0.0084    16.3856          3          3  0.000e+00
   998.8873     -0.056     -0.056     0.0084    16.3841          3          3  0.000e+00
   998.8876     -0.055     -0.055     0.0084    16.3828          3          3  0.000e+00
   998.8878     -0.057     -0.057     0.0084    16.3813          3          3  0.000e+00
   998.8881     -0.056     -0.056     0.0084    16.3799          3          3  0.000e+00
   998.8883     -0.057     -0.057     0.0084    16.3785          3          3  0.000e+00
   998.8885     -0.056     -0.056     0.0084    16.3770          3          3  0.000e+00
   998.8887     -0.058     -0.058     0.0084    16.3757          3          3  0.000e+00
