data/eDNA/PER-2021-171/171c019.cnv
* Sea-Bird SBE19plus  Data File:
* FileName = C:\Users\RSG_field\Ryan_2021_Perley\CTD\171c019.hex
* Software version 2.3.0 SB_Terminal.dll
* Temperature SN = 7141
* Conductivity SN = 7141
* System UpLoad Time = Aug 14 2021 14:03:59
* <ApplicationData>
* <SeatermAF>
** Platform: M. Perley
** Cruise: Per2021171
** Station:  ESI_01
** Cast: 01 3
** Latitude: N  44 54.418
** Longitude: W 62 13.850
** Sounding: 21.3
** Chief Scientist: Ryan Stanley
** Comment: 171c019
# nquan = 8
# nvalues = 1894                                  
# units = specified
# name 0 = density00: Density [density, kg/m^3]
# name 1 = depSM: Depth [salt water, m], lat = 45.00
# name 2 = prdM: Pressure, Strain Gauge [db]
# name 3 = sal00: Salinity, Practical [PSU]
# name 4 = tv290C: Temperature [ITS-90, deg C]
# name 5 = bpos: Bottle Position in Carousel
# name 6 = nbf: Bottles Fired
# name 7 = flag:  0.000e+00
# span 0 =   998.9555,  1023.5516                 
# span 1 =     -0.051,     21.056                 
# span 2 =     -0.052,     21.229                 
# span 3 =     0.0080,    30.7366                 
# span 4 =    10.4863,    17.6161                 
# span 5 =          0,          4                 
# span 6 =          0,          4                 
# span 7 = 0.0000e+00, 0.0000e+00                 
# interval = seconds: 0.25
# start_time = Aug 14 2021 16:53:20 [Instrument's time stamp, header]
# bad_flag = -9.990e-29
*END*
[from data line 540]
  1022.0281      1.649      1.662    30.2676    16.4052          0          0  0.000e+00
  1022.0317      1.534      1.547    30.2786    16.4248          0          0  0.000e+00
  1022.0311      1.426      1.438    30.2861    16.4508          0          0  0.000e+00
  1022.0106      1.345      1.356    30.2693    16.4829          0          0  0.000e+00
  1021.9918      1.295      1.305    30.2524    16.5082          0          0  0.000e+00
  1021.9923      1.287      1.298    30.2579    16.5244          0          0  0.000e+00
  1021.9854      1.310      1.320    30.2543    16.5431          0          0  0.000e+00
  1021.9806      1.354      1.365    30.2533    16.5621          0          0  0.000e+00
  1021.9562      1.412      1.424    30.2260    16.5789          0          0  0.000e+00
  1021.9445      1.479      1.491    30.2115    16.5822          0          0  0.000e+00
  1021.9455      1.547      1.560    30.2099    16.5739          0          0  0.000e+00
  1021.9459      1.613      1.626    30.2065    16.5623          0          0  0.000e+00
  1021.9276      1.671      1.685    30.1776    16.5462          0          0  0.000e+00
  1021.9605      1.720      1.734    30.2117    16.5169          0          0  0.000e+00
  1021.9468      1.765      1.780    30.1874    16.4961          0          0  0.000e+00
  1021.9522      1.809      1.824    30.1855    16.4664          0          0  0.000e+00
  1021.9798      1.858      1.873    30.2101    16.4283          0          0  0.000e+00
  1022.0064      1.903      1.919    30.2373    16.4039          0          0  0.000e+00
  1021.9954      1.942      1.958    30.2209    16.3976          0          0  0.000e+00
  1022.0075      1.965      1.981    30.2329    16.3852          0          0  0.000e+00
  1022.0352      1.965      1.981    30.2663    16.3757          0          0  0.000e+00
  1022.0198      1.938      1.954    30.2495    16.3862          0          0  0.000e+00
  1022.0241      1.884      1.899    30.2574    16.3932          0          0  0.000e+00
  1022.0221      1.807      1.821    30.2577    16.4017          0          0  0.000e+00
  1022.0145      1.709      1.723    30.2517    16.4129          0          0  0.000e+00
  1022.0054      1.612      1.625    30.2425    16.4201          0          0  0.000e+00
  1022.0127      1.532      1.545    30.2532    16.4228          0          0  0.000e+00
  1022.0149      1.482      1.494    30.2587    16.4309          0          0  0.000e+00
  1022.0136      1.460      1.472    30.2608    16.4435          0          0  0.000e+00
  1022.0206      1.459      1.471    30.2746    16.4592          0          0  0.000e+00
  1022.0144      1.478      1.490    30.2735    16.4834          0          0  0.000e+00
  1021.9967      1.509      1.521    30.2581    16.5103          0          0  0.000e+00
  1021.9803      1.545      1.558    30.2423    16.5300          0          0  0.000e+00
  1021.9726      1.573      1.586    30.2352    16.5403          0          0  0.000e+00
  1021.9673      1.598      1.611    30.2294    16.5445          0          0  0.000e+00
  1021.9695      1.616      1.629    30.2324    16.5456          0          0  0.000e+00
  1021.9712      1.628      1.641    30.2351    16.5474          0          0  0.000e+00
  1021.9691      1.637      1.650    30.2334    16.5512          0          0  0.000e+00
  1021.9662      1.642      1.656    30.2306    16.5547          0          0  0.000e+00
  1021.9635      1.640      1.654    30.2276    16.5561          0          0  0.000e+00
  1021.9651      1.635      1.648    30.2295    16.5556          0          0  0.000e+00
  1021.9654      1.638      1.652    30.2300    16.5560          0          0  0.000e+00
  1021.9655      1.654      1.668    30.2303    16.5569          0          0  0.000e+00
  1021.9651      1.692      1.706    30.2299    16.5580          0          0  0.000e+00
  1021.9605      1.752      1.766    30.2238    16.5587          0          0  0.000e+00
  1021.9350      1.826      1.841    30.1890    16.5551          0          0  0.000e+00
  1021.9187      1.898      1.913    30.1596    16.5287          0          0  0.000e+00
  1021.9375      1.949      1.965    30.1706    16.4836          0          0  0.000e+00
  1021.9572      1.971      1.987    30.1829    16.4384          0          0  0.000e+00
  1021.9955      1.953      1.969    30.2216    16.3994          0          0  0.000e+00
  1022.0307      1.896      1.911    30.2624    16.3812          0          0  0.000e+00
  1022.0488      1.801      1.816    30.2889    16.3891          0          0  0.000e+00
  1022.0382      1.673      1.687    30.2843    16.4183          0          0  0.000e+00
  1022.0177      1.535      1.548    30.2674    16.4491          0          0  0.000e+00
  1022.0156      1.412      1.424    30.2719    16.4709          0          0  0.000e+00
  1022.0042      1.332      1.343    30.2644    16.4945          0          0  0.000e+00
  1021.9979      1.306      1.317    30.2629    16.5167          0          0  0.000e+00
  1022.0338      1.331      1.342    30.3164    16.5403          0          0  0.000e+00
  1022.0241      1.391      1.403    30.3202    16.5973          0          0  0.000e+00
  1021.9251      1.475      1.487    30.2111    16.6669          0          0  0.000e+00
  1021.8832      1.565      1.578    30.1591    16.6777          0          0  0.000e+00
  1021.8913      1.647      1.660    30.1591    16.6436          0          0  0.000e+00
  1021.9181      1.710      1.724    30.1818    16.6032          0          0  0.000e+00
  1021.9256      1.748      1.763    30.1820    16.5716          0          0  0.000e+00
  1021.9468      1.762      1.777    30.2006    16.5410          0          0  0.000e+00
  1021.9761      1.756      1.770    30.2323    16.5189          0          0  0.000e+00
  1021.9889      1.731      1.746    30.2486    16.5170          0          0  0.000e+00
  1021.9897      1.695      1.709    30.2527    16.5265          0          0  0.000e+00
  1021.9800      1.655      1.669    30.2444    16.5402          0          0  0.000e+00
  1021.9716      1.632      1.645    30.2366    16.5504          0          0  0.000e+00
  1021.9669      1.633      1.646    30.2320    16.5562          0          0  0.000e+00
  1021.9643      1.668      1.681    30.2291    16.5586          0          0  0.000e+00
  1021.9620      1.730      1.745    30.2258    16.5588          0          0  0.000e+00
  1021.9511      1.816      1.831    30.2106    16.5569          0          0  0.000e+00
  1021.9126      1.894      1.909    30.1563    16.5445          0          0  0.000e+00
  1021.9236      1.952      1.968    30.1579    16.5023          0          0  0.000e+00
  1021.9517      1.976      1.992    30.1794    16.4514          0          0  0.000e+00
  1021.9909      1.956      1.972    30.2187    16.4104          0          0  0.000e+00
  1022.0324      1.896      1.911    30.2678    16.3921          0          0  0.000e+00
  1022.0515      1.791      1.805    30.2969    16.4040          0          0  0.000e+00
  1022.0249      1.652      1.665    30.2729    16.4380          0          0  0.000e+00
  1022.0101      1.500      1.513    30.2621    16.4638          0          0  0.000e+00
  1022.0089      1.363      1.374    30.2667    16.4822          0          0  0.000e+00
  1022.0003      1.266      1.276    30.2623    16.5035          0          0  0.000e+00
  1021.9936      1.221      1.230    30.2600    16.5243          0          0  0.000e+00
  1022.0047      1.222      1.232    30.2803    16.5445          0          0  0.000e+00
  1022.0429      1.257      1.267    30.3402    16.5793          0          0  0.000e+00
  1022.0027      1.324      1.335    30.3098    16.6552          0          0  0.000e+00
  1021.8701      1.411      1.423    30.1554    16.7201          0          0  0.000e+00
  1021.8640      1.507      1.519    30.1416    16.7021          0          0  0.000e+00
  1021.8945      1.601      1.614    30.1665    16.6533          0          0  0.000e+00
  1021.9203      1.688      1.702    30.1881    16.6142          0          0  0.000e+00
  1021.9339      1.763      1.778    30.1976    16.5879          0          0  0.000e+00
  1021.9255      1.824      1.839    30.1801    16.5668          0          0  0.000e+00
  1021.9159      1.871      1.887    30.1576    16.5342          0          0  0.000e+00
  1021.9708      1.908      1.924    30.2157    16.4885          0          0  0.000e+00
  1021.9859      1.938      1.954    30.2287    16.4666          0          0  0.000e+00
  1021.9963      1.962      1.979    30.2404    16.4605          0          0  0.000e+00
  1021.9914      1.980      1.997    30.2339    16.4607          0          0  0.000e+00
  1021.9836      1.994      2.011    30.2231    16.4586          0          0  0.000e+00
  1021.9835      1.995      2.012    30.2202    16.4495          0          0  0.000e+00
  1021.9852      1.983      1.999    30.2193    16.4381          0          0  0.000e+00
  1022.0007      1.944      1.960    30.2364    16.4266          0          0  0.000e+00
  1022.0162      1.879      1.894    30.2561    16.4242          0          0  0.000e+00
  1022.0186      1.783      1.798    30.2629    16.4346          0          0  0.000e+00
  1022.0105      1.665      1.678    30.2576    16.4500          0          0  0.000e+00
  1022.0021      1.527      1.539    30.2516    16.4645          0          0  0.000e+00
  1022.0142      1.384      1.395    30.2718    16.4764          0          0  0.000e+00
  1022.0109      1.255      1.266    30.2747    16.4984          0          0  0.000e+00
  1021.9997      1.166      1.176    30.2689    16.5264          0          0  0.000e+00
  1021.9883      1.141      1.150    30.2620    16.5532          0          0  0.000e+00
  1022.0393      1.163      1.173    30.3367    16.5811          0          0  0.000e+00
  1022.0815      1.228      1.238    30.4129    16.6542          0          0  0.000e+00
  1021.8752      1.320      1.331    30.1778    16.7709          0          0  0.000e+00
  1021.8026      1.419      1.430    30.0852    16.7803          0          0  0.000e+00
  1021.8511      1.519      1.532    30.1255    16.7047          0          0  0.000e+00
  1021.8996      1.610      1.623    30.1692    16.6401          0          0  0.000e+00
  1021.9112      1.690      1.704    30.1716    16.5987          0          0  0.000e+00
  1021.9170      1.758      1.772    30.1679    16.5618          0          0  0.000e+00
  1021.9255      1.814      1.829    30.1668    16.5215          0          0  0.000e+00
  1021.9557      1.868      1.883    30.1928    16.4769          0          0  0.000e+00
  1021.9756      1.921      1.937    30.2091    16.4449          0          0  0.000e+00
  1021.9766      1.974      1.990    30.2029    16.4208          0          0  0.000e+00
  1022.0045      2.017      2.033    30.2317    16.3953          0          0  0.000e+00
  1022.0048      2.043      2.060    30.2285    16.3835          0          0  0.000e+00
  1022.0169      2.041      2.058    30.2417    16.3749          0          0  0.000e+00
  1022.0228      2.010      2.027    30.2485    16.3711          0          0  0.000e+00
  1022.0342      1.951      1.967    30.2643    16.3733          0          0  0.000e+00
  1022.0378      1.866      1.881    30.2728    16.3844          0          0  0.000e+00
  1022.0298      1.761      1.775    30.2686    16.4037          0          0  0.000e+00
  1022.0182      1.647      1.660    30.2595    16.4222          0          0  0.000e+00
  1022.0204      1.537      1.550    30.2674    16.4367          0          0  0.000e+00
  1022.0153      1.445      1.457    30.2668    16.4557          0          0  0.000e+00
  1022.0045      1.377      1.389    30.2591    16.4761          0          0  0.000e+00
  1021.9964      1.338      1.349    30.2540    16.4937          0          0  0.000e+00
  1021.9979      1.336      1.347    30.2604    16.5092          0          0  0.000e+00
  1021.9978      1.367      1.378    30.2658    16.5282          0          0  0.000e+00
  1021.9779      1.429      1.441    30.2465    16.5523          0          0  0.000e+00
  1021.9553      1.511      1.523    30.2204    16.5656          0          0  0.000e+00
  1021.9533      1.590      1.603    30.2169    16.5642          0          0  0.000e+00
  1021.9310      1.651      1.664    30.1850    16.5559          0          0  0.000e+00
  1021.9545      1.683      1.696    30.2085    16.5319          0          0  0.000e+00
  1021.9754      1.689      1.703    30.2300    16.5127          0          0  0.000e+00
  1021.9816      1.668      1.681    30.2374    16.5096          0          0  0.000e+00
  1021.9908      1.626      1.640    30.2506    16.5133          0          0  0.000e+00
  1021.9865      1.575      1.587    30.2488    16.5250          0          0  0.000e+00
  1021.9778      1.531      1.544    30.2412    16.5372          0          0  0.000e+00
  1021.9701      1.515      1.528    30.2338    16.5455          0          0  0.000e+00
  1021.9696      1.540      1.552    30.2341    16.5491          0          0  0.000e+00
  1021.9721      1.615      1.628    30.2380    16.5527          0          0  0.000e+00
  1021.9415      1.726      1.740    30.1987    16.5571          0          0  0.000e+00
  1021.9134      1.859      1.874    30.1565    16.5411          0          0  0.000e+00
  1021.9244      1.985      2.001    30.1569    16.4958          0          0  0.000e+00
  1021.9336      2.077      2.094    30.1524    16.4414          0          0  0.000e+00
  1021.9451      2.127      2.144    30.1497    16.3821          0          0  0.000e+00
  1021.9890      2.124      2.141    30.1888    16.3199          0          0  0.000e+00
  1022.0525      2.073      2.090    30.2587    16.2746          0          0  0.000e+00
  1022.0890      1.975      1.991    30.3059    16.2711          0          0  0.000e+00
  1022.0804      1.833      1.848    30.3044    16.3020          0          0  0.000e+00
  1022.0676      1.672      1.686    30.2995    16.3391          0          0  0.000e+00
  1022.0608      1.509      1.521    30.3022    16.3749          0          0  0.000e+00
  1022.0574      1.364      1.375    30.3101    16.4145          0          0  0.000e+00
  1022.0367      1.254      1.265    30.2972    16.4606          0          0  0.000e+00
  1022.0104      1.180      1.190    30.2762    16.5040          0          0  0.000e+00
  1021.9964      1.137      1.146    30.2680    16.5377          0          0  0.000e+00
  1022.0170      1.125      1.134    30.3039    16.5682          0          0  0.000e+00
  1022.0090      1.151      1.160    30.3074    16.6157          0          0  0.000e+00
  1021.9486      1.213      1.223    30.2467    16.6785          0          0  0.000e+00
  1021.8976      1.306      1.317    30.1882    16.7074          0          0  0.000e+00
  1021.8828      1.423      1.435    30.1629    16.6892          0          0  0.000e+00
  1021.8858      1.552      1.565    30.1570    16.6586          0          0  0.000e+00
  1021.8990      1.687      1.701    30.1617    16.6189          0          0  0.000e+00
  1021.8846      1.811      1.826    30.1290    16.5743          0          0  0.000e+00
  1021.9108      1.916      1.932    30.1446    16.5130          0          0  0.000e+00
  1021.9393      1.994      2.011    30.1631    16.4512          0          0  0.000e+00
  1021.9672      2.046      2.063    30.1834    16.3970          0          0  0.000e+00
  1022.0063      2.062      2.079    30.2215    16.3534          0          0  0.000e+00
  1022.0260      2.053      2.069    30.2407    16.3305          0          0  0.000e+00
  1022.0529      2.019      2.035    30.2739    16.3237          0          0  0.000e+00
