data/eDNA/PER-2021-171/171c016.ros
* Sea-Bird SBE19plus  Data File:
* FileName = C:\Users\RSG_field\Ryan_2021_Perley\CTD\171c016.hex
* Software version 2.3.0 SB_Terminal.dll
* Temperature SN = 7141
* Conductivity SN = 7141
* System UpLoad Time = Aug 13 2021 10:56:53
* <ApplicationData>
* <SeatermAF>
** Platform: M. Perley
** Cruise: Per2021171
** Station:  ESI_04
** Cast: 01 3
** Latitude: N  44 45.236
** Longitude: W 62 5.9
** Sounding: 103
** Chief Scientist: Ryan Stanley
** Comment: 171c016
# nquan = 9
# nvalues = 54                                    
# units = specified
# name 0 = density00: Density [density, kg/m^3]
# name 1 = depSM: Depth [salt water, m], lat = 45.00
# name 2 = prdM: Pressure, Strain Gauge [db]
# name 3 = sal00: Salinity, Practical [PSU]
# name 4 = tv290C: Temperature [ITS-90, deg C]
# name 5 = bpos: Bottle Position in Carousel
# name 6 = nbf: Bottles Fired
# name 7 = scan: Scan Count
# name 8 = flag:  0.000e+00
# interval = seconds: 0.25
# start_time = Aug 13 2021 13:41:12 [Instrument's time stamp, header]
# bad_flag = -9.990e-29
*END*
  1026.3415     95.189     95.990    32.5650     3.5538          1          1       2001  0.000e+00
  1026.3414     95.148     95.949    32.5651     3.5546          1          1       2002  0.000e+00
  1026.3427     95.096     95.896    32.5672     3.5553          1          1       2003  0.000e+00
  1026.3406     95.040     95.841    32.5650     3.5564          1          1       2004  0.000e+00
  1026.3402     94.991     95.790    32.5648     3.5570          1          1       2005  0.000e+00
  1026.3427     94.946     95.745    32.5683     3.5572          1          1       2006  0.000e+00
  1026.3486     94.912     95.711    32.5760     3.5583          1          1       2007  0.000e+00
  1026.3506     94.902     95.700    32.5790     3.5611          1          1       2008  0.000e+00
  1026.3491     94.905     95.704    32.5775     3.5645          1          1       2009  0.000e+00
  1025.4454     50.187     50.604    31.6988     3.4927          2          2       2714  0.000e+00
  1025.4417     49.962     50.377    31.6962     3.5004          2          2       2715  0.000e+00
  1025.4391     49.788     50.202    31.6950     3.5082          2          2       2716  0.000e+00
  1025.4434     49.679     50.092    31.7019     3.5165          2          2       2717  0.000e+00
  1025.4330     49.637     50.049    31.6906     3.5288          2          2       2718  0.000e+00
  1025.4266     49.642     50.055    31.6835     3.5377          2          2       2719  0.000e+00
  1025.4288     49.700     50.113    31.6866     3.5437          2          2       2720  0.000e+00
  1025.4217     49.773     50.186    31.6779     3.5499          2          2       2721  0.000e+00
  1025.4348     49.873     50.288    31.6944     3.5544          2          2       2722  0.000e+00
  1024.6627     25.683     25.895    31.1383     5.6561          3          3       2930  0.000e+00
  1024.6671     25.625     25.836    31.1433     5.6507          3          3       2931  0.000e+00
  1024.6660     25.558     25.769    31.1425     5.6518          3          3       2932  0.000e+00
  1024.6664     25.492     25.702    31.1436     5.6527          3          3       2933  0.000e+00
  1024.6676     25.423     25.633    31.1453     5.6515          3          3       2934  0.000e+00
  1024.6683     25.347     25.556    31.1466     5.6504          3          3       2935  0.000e+00
  1024.6733     25.265     25.474    31.1535     5.6519          3          3       2936  0.000e+00
  1024.6649     25.173     25.381    31.1444     5.6586          3          3       2937  0.000e+00
  1024.6634     25.067     25.274    31.1439     5.6642          3          3       2938  0.000e+00
  1023.6331     15.699     15.828    31.5939    13.9709          4          4       3014  0.000e+00
  1023.6719     15.615     15.743    31.6678    14.0585          4          4       3015  0.000e+00
  1023.6162     15.561     15.689    31.6280    14.1789          4          4       3016  0.000e+00
  1023.8386     15.534     15.662    31.9493    14.3009          4          4       3017  0.000e+00
  1023.8133     15.524     15.651    31.9833    14.5472          4          4       3018  0.000e+00
  1023.7568     15.522     15.649    31.9883    14.8319          4          4       3019  0.000e+00
  1023.6574     15.527     15.655    31.9431    15.1339          4          4       3020  0.000e+00
  1023.5217     15.511     15.638    31.8457    15.4132          4          4       3021  0.000e+00
  1023.3023     15.465     15.593    31.6235    15.6344          4          4       3022  0.000e+00
  1021.8178      5.701      5.747    30.5706    18.3764          5          5       3106  0.000e+00
  1021.8167      5.517      5.562    30.5734    18.3860          5          5       3107  0.000e+00
  1021.8132      5.324      5.368    30.5742    18.3995          5          5       3108  0.000e+00
  1021.8062      5.132      5.175    30.5702    18.4120          5          5       3109  0.000e+00
  1021.8007      4.949      4.990    30.5675    18.4229          5          5       3110  0.000e+00
  1021.7957      4.773      4.812    30.5649    18.4321          5          5       3111  0.000e+00
  1021.7923      4.616      4.654    30.5635    18.4390          5          5       3112  0.000e+00
  1021.7901      4.477      4.514    30.5631    18.4443          5          5       3113  0.000e+00
  1021.7897      4.364      4.400    30.5649    18.4496          5          5       3114  0.000e+00
  1021.7946      2.898      2.922    30.5797    18.4489          6          6       3129  0.000e+00
  1021.7957      2.865      2.889    30.5849    18.4602          6          6       3130  0.000e+00
  1021.7893      2.836      2.860    30.5815    18.4753          6          6       3131  0.000e+00
  1021.7818      2.790      2.813    30.5766    18.4896          6          6       3132  0.000e+00
  1021.7693      2.718      2.740    30.5641    18.5005          6          6       3133  0.000e+00
  1021.7581      2.613      2.634    30.5513    18.5042          6          6       3134  0.000e+00
  1021.7502      2.475      2.495    30.5403    18.4998          6          6       3135  0.000e+00
  1021.7436      2.311      2.330    30.5286    18.4874          6          6       3136  0.000e+00
  1021.7600      2.115      2.132    30.5454    18.4692          6          6       3137  0.000e+00
