data/eDNA/PER-2021-171/171c014.cnv
* Sea-Bird SBE19plus  Data File:
* FileName = C:\Users\RSG_field\Ryan_2021_Perley\CTD\171c014.hex
* Software version 2.3.0 SB_Terminal.dll
* Temperature SN = 7141
* Conductivity SN = 7141
* System UpLoad Time = Aug 12 2021 13:29:57
* <ApplicationData>
* <SeatermAF>
** Platform: M. Perley
** Cruise: Per2021171
** Station:  ESI_10
** Cast: 01 3
** Latitude: N  44 41.683
** Longitude: W 62 40.802
** Sounding: 41.5
** Chief Scientist: Ryan Stanley
** Comment: 171c014
# nquan = 8
# nvalues = 2373                                  
# units = specified
# name 0 = density00: Density [density, kg/m^3]
# name 1 = depSM: Depth [salt water, m], lat = 45.00
# name 2 = prdM: Pressure, Strain Gauge [db]
# name 3 = sal00: Salinity, Practical [PSU]
# name 4 = tv290C: Temperature [ITS-90, deg C]
# name 5 = bpos: Bottle Position in Carousel
# name 6 = nbf: Bottles Fired
# name 7 = flag:  0.000e+00
# span 0 =   998.5927,  1024.8856                 
# span 1 =     -0.066,     41.856                 
# span 2 =     -0.067,     42.203                 
# span 3 =     0.0082,    31.8261                 
# span 4 =     4.7745,    18.8798                 
# span 5 =          0,          4                 
# span 6 =          0,          4                 
# span 7 = 0.0000e+00, 0.0000e+00                 
# interval = seconds: 0.25
# start_time = Aug 12 2021 16:17:32 [Instrument's time stamp, header]
# bad_flag = -9.990e-29
*END*
[from data line 2158]
  1023.7752     14.727     14.848    30.7705     9.6502          2          2  0.000e+00
  1023.7706     14.638     14.758    30.7721     9.6840          2          2  0.000e+00
  1023.7657     14.556     14.676    30.7735     9.7194          2          2  0.000e+00
  1023.7884     14.485     14.604    30.8109     9.7580          2          2  0.000e+00
  1023.8115     14.400     14.519    30.8512     9.8075          2          2  0.000e+00
  1023.7681     14.308     14.426    30.8103     9.8764          2          2  0.000e+00
  1023.7666     14.192     14.309    30.8205     9.9319          2          2  0.000e+00
  1023.7980     14.055     14.170    30.8731     9.9875          2          2  0.000e+00
  1023.7556     13.895     14.009    30.8367    10.0688          2          2  0.000e+00
  1023.7568     13.717     13.829    30.8553    10.1451          2          2  0.000e+00
  1023.7827     13.525     13.636    30.9072    10.2284          2          2  0.000e+00
  1023.7930     13.337     13.447    30.9450    10.3388          2          2  0.000e+00
  1023.7641     13.156     13.264    30.9374    10.4714          2          2  0.000e+00
  1023.7558     12.995     13.101    30.9582    10.6120          2          2  0.000e+00
  1023.7621     12.865     12.971    31.0001    10.7632          2          2  0.000e+00
  1023.7453     12.756     12.861    31.0178    10.9386          2          2  0.000e+00
  1023.7936     12.676     12.780    31.1232    11.1299          2          2  0.000e+00
  1023.8263     12.613     12.717    31.2178    11.3598          2          2  0.000e+00
  1023.6132     12.567     12.671    31.0074    11.6372          2          2  0.000e+00
  1023.6598     12.535     12.638    31.1172    11.8495          2          2  0.000e+00
  1023.8706     12.496     12.599    31.4453    12.0862          2          2  0.000e+00
  1023.6096     12.452     12.554    31.1924    12.4334          2          2  0.000e+00
  1023.4045     12.389     12.491    30.9968    12.7153          2          2  0.000e+00
  1023.3018     12.300     12.401    30.9082    12.8919          2          2  0.000e+00
  1023.2639     12.188     12.288    30.8914    13.0179          2          2  0.000e+00
  1023.3133     12.049     12.148    30.9838    13.1288          2          2  0.000e+00
  1023.2420     11.887     11.985    30.9264    13.2629          2          2  0.000e+00
  1023.1789     11.703     11.799    30.8765    13.3833          2          2  0.000e+00
  1023.1523     11.510     11.604    30.8677    13.4796          2          2  0.000e+00
  1023.1703     11.308     11.401    30.9149    13.5677          2          2  0.000e+00
  1023.1602     11.109     11.200    30.9286    13.6673          2          2  0.000e+00
  1023.1596     10.911     11.000    30.9577    13.7779          2          2  0.000e+00
  1023.1230     10.722     10.810    30.9431    13.8993          2          2  0.000e+00
  1023.0949     10.546     10.633    30.9390    14.0184          2          2  0.000e+00
  1023.0685     10.383     10.468    30.9364    14.1347          2          2  0.000e+00
  1023.0175     10.229     10.313    30.9025    14.2524          2          2  0.000e+00
  1022.9764     10.095     10.177    30.8768    14.3530          2          2  0.000e+00
  1022.9258      9.975     10.057    30.8342    14.4365          2          2  0.000e+00
  1022.9475      9.877      9.958    30.8843    14.5158          2          2  0.000e+00
  1022.9197      9.799      9.879    30.8728    14.6051          2          2  0.000e+00
  1023.0049      9.733      9.813    31.0074    14.6921          2          2  0.000e+00
  1023.3481      9.680      9.760    31.4963    14.8486          2          2  0.000e+00
  1023.1974      9.631      9.710    31.4066    15.2296          2          2  0.000e+00
  1022.8120      9.577      9.656    31.0152    15.6180          2          2  0.000e+00
  1022.7641      9.516      9.594    31.0179    15.8440          2          2  0.000e+00
  1022.7040      9.437      9.515    30.9950    16.0345          2          2  0.000e+00
  1022.5636      9.343      9.420    30.8658    16.2173          2          2  0.000e+00
  1022.5348      9.227      9.303    30.8680    16.3514          2          2  0.000e+00
  1022.4794      9.091      9.165    30.8321    16.4720          2          2  0.000e+00
  1022.4428      8.939      9.013    30.8178    16.5821          2          2  0.000e+00
  1022.3900      8.767      8.839    30.7798    16.6832          2          2  0.000e+00
  1022.3886      8.582      8.652    30.8052    16.7706          2          2  0.000e+00
  1022.3837      8.389      8.458    30.8277    16.8633          2          2  0.000e+00
  1022.3625      8.194      8.261    30.8329    16.9691          2          2  0.000e+00
  1022.3004      8.004      8.070    30.7866    17.0808          2          2  0.000e+00
  1022.2588      7.831      7.896    30.7608    17.1719          2          2  0.000e+00
  1022.2535      7.682      7.745    30.7778    17.2475          2          2  0.000e+00
  1022.2424      7.557      7.619    30.7887    17.3286          2          2  0.000e+00
  1022.2068      7.466      7.527    30.7698    17.4167          2          2  0.000e+00
  1022.1888      7.405      7.466    30.7714    17.4979          2          2  0.000e+00
  1022.1948      7.365      7.425    30.8031    17.5745          2          2  0.000e+00
  1022.1707      7.334      7.395    30.7989    17.6621          2          2  0.000e+00
  1022.1455      7.307      7.367    30.7942    17.7528          2          2  0.000e+00
  1022.1519      7.267      7.326    30.8304    17.8416          2          2  0.000e+00
  1022.0621      7.190      7.249    30.7442    17.9400          2          2  0.000e+00
  1021.9681      7.079      7.137    30.6415    18.0031          2          2  0.000e+00
  1021.8996      6.927      6.984    30.5555    18.0115          2          2  0.000e+00
  1021.9444      6.729      6.784    30.6036    17.9741          2          2  0.000e+00
  1022.0003      6.503      6.557    30.6700    17.9485          2          2  0.000e+00
  1022.0672      6.265      6.316    30.7607    17.9542          2          2  0.000e+00
  1022.1070      6.027      6.077    30.8299    18.0046          2          2  0.000e+00
  1022.0858      5.805      5.852    30.8309    18.0920          2          2  0.000e+00
  1022.0342      5.613      5.659    30.7927    18.1813          3          3  0.000e+00
  1022.0000      5.449      5.493    30.7714    18.2525          3          3  0.000e+00
  1021.9807      5.316      5.360    30.7661    18.3132          3          3  0.000e+00
  1021.9431      5.211      5.254    30.7348    18.3678          3          3  0.000e+00
  1021.9335      5.134      5.176    30.7348    18.4056          3          3  0.000e+00
  1021.9318      5.069      5.111    30.7436    18.4388          3          3  0.000e+00
  1021.9141      5.007      5.048    30.7329    18.4767          3          3  0.000e+00
  1021.9095      4.955      4.995    30.7376    18.5096          3          3  0.000e+00
  1021.8831      4.907      4.947    30.7137    18.5419          3          3  0.000e+00
  1021.8482      4.861      4.901    30.6756    18.5650          3          3  0.000e+00
  1021.8453      4.806      4.846    30.6736    18.5695          3          3  0.000e+00
  1021.8493      4.746      4.785    30.6784    18.5672          3          3  0.000e+00
  1021.8389      4.677      4.715    30.6646    18.5654          3          3  0.000e+00
  1021.8366      4.603      4.641    30.6596    18.5578          3          3  0.000e+00
  1021.8323      4.523      4.560    30.6506    18.5457          3          3  0.000e+00
  1021.8448      4.431      4.467    30.6621    18.5292          3          3  0.000e+00
  1021.8679      4.319      4.354    30.6892    18.5171          3          3  0.000e+00
  1021.8733      4.185      4.219    30.6968    18.5165          3          3  0.000e+00
  1021.8738      4.027      4.060    30.7000    18.5216          3          3  0.000e+00
  1021.8727      3.841      3.872    30.7025    18.5304          3          3  0.000e+00
  1021.8771      3.624      3.654    30.7126    18.5399          3          3  0.000e+00
  1021.8800      3.373      3.401    30.7222    18.5537          3          3  0.000e+00
  1021.8763      3.104      3.129    30.7252    18.5732          3          3  0.000e+00
  1021.8741      2.819      2.842    30.7312    18.5957          3          3  0.000e+00
  1021.8636      2.534      2.554    30.7268    18.6198          4          4  0.000e+00
  1021.8638      2.267      2.285    30.7363    18.6435          4          4  0.000e+00
  1021.8600      2.040      2.056    30.7417    18.6714          4          4  0.000e+00
  1021.8495      1.855      1.871    30.7389    18.7023          4          4  0.000e+00
  1021.8473      1.724      1.738    30.7468    18.7334          4          4  0.000e+00
  1021.8381      1.657      1.671    30.7468    18.7694          4          4  0.000e+00
  1021.8148      1.658      1.672    30.7282    18.8062          4          4  0.000e+00
  1021.7969      1.718      1.732    30.7136    18.8348          4          4  0.000e+00
  1021.7820      1.782      1.797    30.7000    18.8542          4          4  0.000e+00
  1021.7721      1.819      1.834    30.6906    18.8661          4          4  0.000e+00
  1021.7626      1.812      1.827    30.6803    18.8727          4          4  0.000e+00
  1021.7527      1.744      1.758    30.6681    18.8738          4          4  0.000e+00
  1021.7559      1.618      1.631    30.6716    18.8696          4          4  0.000e+00
  1021.7458      1.419      1.430    30.6579    18.8644          4          4  0.000e+00
  1021.7536      1.167      1.177    30.6661    18.8538          4          4  0.000e+00
  1021.7633      0.887      0.894    30.6775    18.8446          4          4  0.000e+00
  1021.7695      0.625      0.630    30.6856    18.8395          4          4  0.000e+00
  1021.7677      0.423      0.427    30.6838    18.8380          4          4  0.000e+00
  1021.7791      0.299      0.302    30.6994    18.8375          4          4  0.000e+00
  1021.7788      0.245      0.247    30.7011    18.8429          4          4  0.000e+00
  1021.7752      0.220      0.222    30.6989    18.8504          4          4  0.000e+00
  1021.7720      0.190      0.192    30.6973    18.8580          4          4  0.000e+00
  1021.7622      0.129      0.130    30.6873    18.8654          4          4  0.000e+00
  1021.7479      0.042      0.042    30.6700    18.8685          4          4  0.000e+00
  1021.7332     -0.034     -0.035    30.6503    18.8657          4          4  0.000e+00
  1021.7051     -0.046     -0.047    30.6116    18.8599          4          4  0.000e+00
  1021.7182     -0.045     -0.045    30.6254    18.8495          4          4  0.000e+00
  1021.7526     -0.046     -0.047    30.6582    18.8112          4          4  0.000e+00
  1021.7591     -0.045     -0.045    30.6540    18.7718          4          4  0.000e+00
  1021.7199     -0.046     -0.047    30.5954    18.7494          4          4  0.000e+00
  1021.7446     -0.046     -0.047    30.6141    18.7073          4          4  0.000e+00
  1021.7792     -0.045     -0.045    30.6408    18.6494          4          4  0.000e+00
  1021.7925     -0.046     -0.047    30.6450    18.6081          4          4  0.000e+00
  1021.8008     -0.048     -0.049    30.6454    18.5753          4          4  0.000e+00
  1021.8092     -0.047     -0.048    30.6460    18.5430          4          4  0.000e+00
  1021.8186     -0.047     -0.048    30.6484    18.5120          4          4  0.000e+00
  1021.8277     -0.047     -0.048    30.6508    18.4819          4          4  0.000e+00
  1021.8343     -0.049     -0.050    30.6510    18.4555          4          4  0.000e+00
  1014.8013     -0.047     -0.048    21.4137    18.4302          4          4  0.000e+00
  1002.2281     -0.049     -0.050     4.8563    18.4003          4          4  0.000e+00
  1001.3609     -0.047     -0.048     3.7086    18.3687          4          4  0.000e+00
  1000.9721     -0.050     -0.051     3.1942    18.3529          4          4  0.000e+00
  1000.6440     -0.048     -0.049     2.7600    18.3383          4          4  0.000e+00
  1000.2327     -0.047     -0.048     2.2146    18.3142          4          4  0.000e+00
   999.9438     -0.047     -0.048     1.8297    18.2883          4          4  0.000e+00
   999.4219     -0.045     -0.045     1.1409    18.2651          4          4  0.000e+00
   999.2764     -0.047     -0.048     0.9456    18.2443          4          4  0.000e+00
   999.1173     -0.047     -0.048     0.7332    18.2256          4          4  0.000e+00
   999.0213     -0.047     -0.048     0.6030    18.2059          4          4  0.000e+00
   998.9669     -0.046     -0.046     0.5271    18.1856          4          4  0.000e+00
   998.9281     -0.047     -0.048     0.4714    18.1647          4          4  0.000e+00
   998.8794     -0.047     -0.048     0.4028    18.1442          4          4  0.000e+00
   998.8219     -0.047     -0.048     0.3229    18.1234          4          4  0.000e+00
   998.7132     -0.048     -0.049     0.1762    18.1020          4          4  0.000e+00
   998.6237     -0.047     -0.048     0.0546    18.0805          4          4  0.000e+00
   998.5927     -0.048     -0.049     0.0091    18.0588          4          4  0.000e+00
   998.5967     -0.049     -0.050     0.0091    18.0369          4          4  0.000e+00
   998.6003     -0.048     -0.049     0.0091    18.0175          4          4  0.000e+00
   998.6044     -0.049     -0.050     0.0092    17.9958          4          4  0.000e+00
   998.6090     -0.047     -0.048     0.0092    17.9713          4          4  0.000e+00
   998.6138     -0.046     -0.046     0.0092    17.9448          4          4  0.000e+00
   998.6189     -0.046     -0.046     0.0092    17.9171          4          4  0.000e+00
   998.6242     -0.048     -0.049     0.0091    17.8885          4          4  0.000e+00
   998.6294     -0.046     -0.046     0.0091    17.8598          4          4  0.000e+00
   998.6346     -0.046     -0.046     0.0091    17.8314          4          4  0.000e+00
   998.6397     -0.048     -0.049     0.0091    17.8034          4          4  0.000e+00
   998.6449     -0.047     -0.048     0.0091    17.7752          4          4  0.000e+00
   998.6500     -0.048     -0.049     0.0091    17.7470          4          4  0.000e+00
   998.6552     -0.049     -0.050     0.0091    17.7185          4          4  0.000e+00
   998.6603     -0.047     -0.048     0.0091    17.6903          4          4  0.000e+00
   998.6655     -0.046     -0.046     0.0091    17.6617          4          4  0.000e+00
   998.6708     -0.048     -0.049     0.0091    17.6326          4          4  0.000e+00
   998.6760     -0.049     -0.050     0.0090    17.6032          4          4  0.000e+00
   998.6811     -0.048     -0.049     0.0090    17.5748          4          4  0.000e+00
   998.6861     -0.046     -0.046     0.0091    17.5477          4          4  0.000e+00
   998.6909     -0.047     -0.047     0.0090    17.5205          4          4  0.000e+00
   998.6958     -0.046     -0.046     0.0090    17.4931          4          4  0.000e+00
   998.7008     -0.047     -0.047     0.0090    17.4651          4          4  0.000e+00
   998.7057     -0.047     -0.047     0.0090    17.4379          4          4  0.000e+00
   998.7105     -0.046     -0.046     0.0091    17.4116          4          4  0.000e+00
   998.7150     -0.047     -0.047     0.0090    17.3856          4          4  0.000e+00
   998.7196     -0.048     -0.049     0.0089    17.3600          4          4  0.000e+00
   998.7242     -0.047     -0.047     0.0090    17.3345          4          4  0.000e+00
