data/eDNA/PER-2021-171/171c012.cnv
* Sea-Bird SBE19plus  Data File:
* FileName = C:\Users\RSG_field\Ryan_2021_Perley\CTD\171c012.hex
* Software version 2.3.0 SB_Terminal.dll
* Temperature SN = 7141
* Conductivity SN = 7141
* System UpLoad Time = Aug 12 2021 09:59:27
* <ApplicationData>
* <SeatermAF>
** Platform: M. Perley
** Cruise: Per2021171
** Station:  ESI_16
** Cast: 01 3
** Latitude: N  44 35.594
** Longitude: W 62 35.839
** Sounding: 102
** Chief Scientist: Ryan Stanley
** Comment: 171c012
# nquan = 8
# nvalues = 3321                                  
# units = specified
# name 0 = density00: Density [density, kg/m^3]
# name 1 = depSM: Depth [salt water, m], lat = 45.00
# name 2 = prdM: Pressure, Strain Gauge [db]
# name 3 = sal00: Salinity, Practical [PSU]
# name 4 = tv290C: Temperature [ITS-90, deg C]
# name 5 = bpos: Bottle Position in Carousel
# name 6 = nbf: Bottles Fired
# name 7 = flag:  0.000e+00
# span 0 =   998.5735,  1026.4233                 
# span 1 =     -0.079,     94.285                 
# span 2 =     -0.080,     95.079                 
# span 3 =     0.0000,    32.7339                 
# span 4 =     3.2058,    18.5174                 
# span 5 =          0,          6                 
# span 6 =          0,          6                 
# span 7 = 0.0000e+00, 0.0000e+00                 
# interval = seconds: 0.25
# start_time = Aug 12 2021 12:34:34 [Instrument's time stamp, header]
# bad_flag = -9.990e-29
*END*
[from data line 2338]
  1026.3846     93.525     94.312    32.6817     3.9805          1          1  0.000e+00
  1026.3853     93.546     94.333    32.6824     3.9802          1          1  0.000e+00
  1026.3887     93.575     94.363    32.6865     3.9804          1          1  0.000e+00
  1026.3903     93.613     94.401    32.6884     3.9818          1          1  0.000e+00
  1026.3873     93.654     94.442    32.6848     3.9840          1          1  0.000e+00
  1026.3829     93.692     94.480    32.6791     3.9851          1          1  0.000e+00
  1026.3918     93.723     94.511    32.6900     3.9839          1          1  0.000e+00
  1026.3942     93.748     94.537    32.6931     3.9863          1          1  0.000e+00
  1026.3914     93.769     94.558    32.6900     3.9903          1          1  0.000e+00
  1026.3938     93.794     94.583    32.6931     3.9928          1          1  0.000e+00
  1026.4055     93.823     94.613    32.7081     3.9964          1          1  0.000e+00
  1026.4064     93.858     94.648    32.7102     4.0043          1          1  0.000e+00
  1026.4127     93.899     94.689    32.7191     4.0144          1          1  0.000e+00
  1026.4045     93.941     94.732    32.7101     4.0267          1          1  0.000e+00
  1026.4012     93.974     94.765    32.7069     4.0358          1          1  0.000e+00
  1026.4002     93.992     94.783    32.7065     4.0429          1          1  0.000e+00
  1026.3969     93.996     94.787    32.7030     4.0491          1          1  0.000e+00
  1026.3918     93.953     94.743    32.6975     4.0533          1          1  0.000e+00
  1026.3808     93.847     94.637    32.6844     4.0549          1          1  0.000e+00
  1026.3763     93.719     94.507    32.6791     4.0521          1          1  0.000e+00
  1026.3830     93.587     94.375    32.6877     4.0475          1          1  0.000e+00
  1026.3767     93.460     94.246    32.6804     4.0453          1          1  0.000e+00
  1026.3755     93.329     94.115    32.6791     4.0414          1          1  0.000e+00
  1026.3810     93.189     93.973    32.6862     4.0366          1          1  0.000e+00
  1026.3862     93.048     93.831    32.6934     4.0349          1          1  0.000e+00
  1026.3881     92.901     93.683    32.6967     4.0358          1          1  0.000e+00
  1026.3876     92.753     93.533    32.6973     4.0383          1          1  0.000e+00
  1026.3863     92.603     93.382    32.6970     4.0412          1          1  0.000e+00
  1026.3832     92.461     93.239    32.6942     4.0439          1          1  0.000e+00
  1026.3810     92.330     93.106    32.6925     4.0455          1          1  0.000e+00
  1026.3798     92.213     92.989    32.6918     4.0464          1          1  0.000e+00
  1026.3790     92.105     92.879    32.6915     4.0468          1          1  0.000e+00
  1026.3784     92.010     92.784    32.6913     4.0473          1          1  0.000e+00
  1026.3775     91.941     92.715    32.6906     4.0475          1          1  0.000e+00
  1026.3713     91.884     92.657    32.6832     4.0475          1          1  0.000e+00
  1026.3663     91.849     92.622    32.6767     4.0447          1          1  0.000e+00
  1026.3697     91.825     92.597    32.6806     4.0401          1          1  0.000e+00
  1026.3638     91.808     92.580    32.6728     4.0367          1          1  0.000e+00
  1026.3618     91.792     92.564    32.6696     4.0307          1          1  0.000e+00
  1026.3650     91.770     92.542    32.6728     4.0236          1          1  0.000e+00
  1026.3704     91.741     92.513    32.6790     4.0178          1          1  0.000e+00
  1026.3737     91.687     92.458    32.6832     4.0150          1          1  0.000e+00
  1026.3807     91.600     92.370    32.6925     4.0144          1          1  0.000e+00
  1026.3788     91.486     92.255    32.6911     4.0172          1          1  0.000e+00
  1026.3729     91.334     92.102    32.6849     4.0199          1          1  0.000e+00
  1026.3682     91.155     91.921    32.6801     4.0203          1          1  0.000e+00
  1026.3614     90.949     91.714    32.6725     4.0182          1          1  0.000e+00
  1026.3556     90.723     91.486    32.6659     4.0136          1          1  0.000e+00
  1026.3565     90.487     91.248    32.6676     4.0064          1          1  0.000e+00
  1026.3591     90.244     91.003    32.6714     3.9997          1          1  0.000e+00
  1026.3611     90.014     90.771    32.6746     3.9947          1          1  0.000e+00
  1026.3609     89.801     90.556    32.6753     3.9914          1          1  0.000e+00
  1026.3615     89.622     90.375    32.6767     3.9889          1          1  0.000e+00
  1026.3621     89.474     90.226    32.6781     3.9868          1          1  0.000e+00
  1026.3627     89.362     90.113    32.6794     3.9856          1          1  0.000e+00
  1026.3625     89.274     90.024    32.6795     3.9850          1          1  0.000e+00
  1026.3618     89.212     89.962    32.6790     3.9845          1          1  0.000e+00
  1026.3618     89.141     89.890    32.6794     3.9839          1          1  0.000e+00
  1026.3622     89.070     89.819    32.6802     3.9836          1          1  0.000e+00
  1026.3623     88.998     89.746    32.6807     3.9836          1          1  0.000e+00
  1026.3605     88.925     89.672    32.6790     3.9839          1          1  0.000e+00
  1026.3597     88.831     89.577    32.6785     3.9837          1          1  0.000e+00
  1026.3605     88.723     89.468    32.6801     3.9836          1          1  0.000e+00
  1026.3581     88.612     89.357    32.6778     3.9842          1          1  0.000e+00
  1026.3555     88.493     89.236    32.6753     3.9844          1          1  0.000e+00
  1026.3548     88.361     89.103    32.6752     3.9838          1          1  0.000e+00
  1026.3519     88.244     88.986    32.6722     3.9834          1          1  0.000e+00
  1026.3460     88.126     88.866    32.6653     3.9825          1          1  0.000e+00
  1026.3407     88.004     88.743    32.6590     3.9801          1          1  0.000e+00
  1026.3121     87.864     88.602    32.6232     3.9753          1          1  0.000e+00
  1026.3038     87.712     88.449    32.6122     3.9628          1          1  0.000e+00
  1026.2960     87.544     88.279    32.6013     3.9470          1          1  0.000e+00
  1026.3118     87.358     88.092    32.6203     3.9314          1          1  0.000e+00
  1026.3155     87.164     87.896    32.6249     3.9219          1          1  0.000e+00
  1026.3094     86.963     87.693    32.6178     3.9164          1          1  0.000e+00
  1026.3046     86.764     87.493    32.6121     3.9099          1          1  0.000e+00
  1026.3040     86.572     87.299    32.6116     3.9026          1          1  0.000e+00
  1026.3035     86.395     87.121    32.6111     3.8958          1          1  0.000e+00
  1026.3030     86.241     86.965    32.6106     3.8895          1          1  0.000e+00
  1026.2970     86.115     86.838    32.6031     3.8840          1          1  0.000e+00
  1026.2946     86.019     86.741    32.5998     3.8767          1          1  0.000e+00
  1026.2551     85.946     86.667    32.5494     3.8679          1          1  0.000e+00
  1026.2323     85.899     86.620    32.5180     3.8435          1          1  0.000e+00
  1026.2725     85.868     86.589    32.5642     3.8065          1          1  0.000e+00
  1026.2275     85.839     86.559    32.5051     3.7851          1          1  0.000e+00
  1026.2300     85.804     86.524    32.5044     3.7525          1          1  0.000e+00
  1026.2593     85.746     86.466    32.5376     3.7194          1          1  0.000e+00
  1026.2683     85.670     86.389    32.5468     3.6980          1          1  0.000e+00
  1026.2727     85.570     86.289    32.5513     3.6844          1          1  0.000e+00
  1026.2627     85.451     86.168    32.5381     3.6734          1          1  0.000e+00
  1026.2589     85.315     86.031    32.5324     3.6603          1          1  0.000e+00
  1026.2734     85.175     85.890    32.5500     3.6476          1          1  0.000e+00
  1026.2634     85.031     85.745    32.5373     3.6393          1          1  0.000e+00
  1026.2597     84.885     85.597    32.5325     3.6304          1          1  0.000e+00
  1026.2584     84.745     85.456    32.5303     3.6197          1          1  0.000e+00
  1026.2553     84.606     85.316    32.5260     3.6096          1          1  0.000e+00
  1026.2564     84.467     85.176    32.5270     3.5990          1          1  0.000e+00
  1026.2582     84.333     85.041    32.5289     3.5898          1          1  0.000e+00
  1026.2619     84.199     84.905    32.5336     3.5826          1          1  0.000e+00
  1026.2639     84.069     84.775    32.5362     3.5775          1          1  0.000e+00
  1026.2644     83.938     84.642    32.5373     3.5747          1          1  0.000e+00
  1026.2639     83.814     84.517    32.5370     3.5725          1          1  0.000e+00
  1026.2623     83.692     84.394    32.5356     3.5707          1          1  0.000e+00
  1026.2600     83.578     84.280    32.5332     3.5690          1          1  0.000e+00
  1026.2614     83.469     84.169    32.5354     3.5674          1          1  0.000e+00
  1026.2600     83.362     84.061    32.5341     3.5663          1          1  0.000e+00
  1026.2610     83.253     83.951    32.5359     3.5656          1          1  0.000e+00
  1026.2593     83.122     83.820    32.5347     3.5655          1          1  0.000e+00
  1026.2540     82.979     83.675    32.5288     3.5657          1          1  0.000e+00
  1026.2547     82.819     83.514    32.5306     3.5656          1          1  0.000e+00
  1026.2537     82.637     83.330    32.5305     3.5665          1          1  0.000e+00
  1026.2494     82.447     83.138    32.5264     3.5674          1          1  0.000e+00
  1026.2466     82.259     82.949    32.5240     3.5674          1          1  0.000e+00
  1026.2426     82.084     82.773    32.5199     3.5670          1          1  0.000e+00
  1026.2402     81.931     82.618    32.5177     3.5659          1          1  0.000e+00
  1026.2396     81.810     82.496    32.5174     3.5643          1          1  0.000e+00
  1026.2394     81.715     82.401    32.5176     3.5628          1          1  0.000e+00
  1026.2371     81.644     82.329    32.5150     3.5617          1          1  0.000e+00
  1026.2356     81.591     82.276    32.5132     3.5601          1          1  0.000e+00
  1026.2367     81.542     82.225    32.5146     3.5581          1          1  0.000e+00
  1026.2357     81.491     82.174    32.5135     3.5565          1          1  0.000e+00
  1026.2368     81.437     82.119    32.5151     3.5551          1          1  0.000e+00
  1026.2352     81.365     82.047    32.5134     3.5545          1          1  0.000e+00
  1026.2352     81.288     81.970    32.5137     3.5538          1          1  0.000e+00
  1026.2337     81.197     81.878    32.5124     3.5533          1          1  0.000e+00
  1026.2346     81.103     81.783    32.5140     3.5529          1          1  0.000e+00
  1026.2366     81.008     81.687    32.5171     3.5531          1          1  0.000e+00
  1026.2356     80.917     81.595    32.5165     3.5546          1          1  0.000e+00
  1026.2340     80.820     81.497    32.5153     3.5562          1          1  0.000e+00
  1026.2323     80.724     81.401    32.5139     3.5576          1          1  0.000e+00
  1026.2304     80.628     81.304    32.5123     3.5586          1          1  0.000e+00
  1026.2278     80.520     81.194    32.5096     3.5592          1          1  0.000e+00
  1026.2242     80.408     81.082    32.5059     3.5595          1          1  0.000e+00
  1026.2213     80.281     80.954    32.5029     3.5592          1          1  0.000e+00
  1026.2196     80.148     80.820    32.5014     3.5581          1          1  0.000e+00
  1026.2155     79.999     80.669    32.4971     3.5569          1          1  0.000e+00
  1026.2146     79.834     80.503    32.4967     3.5553          1          1  0.000e+00
  1026.2124     79.661     80.328    32.4947     3.5537          1          1  0.000e+00
  1026.2106     79.478     80.144    32.4934     3.5519          1          1  0.000e+00
  1026.2064     79.298     79.963    32.4889     3.5500          1          1  0.000e+00
  1026.2038     79.118     79.781    32.4864     3.5474          1          1  0.000e+00
  1026.1996     78.942     79.603    32.4819     3.5445          1          1  0.000e+00
  1026.2000     78.775     79.435    32.4829     3.5406          1          1  0.000e+00
  1026.1961     78.620     79.278    32.4785     3.5373          1          1  0.000e+00
  1026.1973     78.472     79.130    32.4805     3.5333          1          1  0.000e+00
  1026.1960     78.349     79.006    32.4791     3.5299          1          1  0.000e+00
  1026.1951     78.237     78.892    32.4782     3.5269          1          1  0.000e+00
  1026.1956     78.151     78.806    32.4790     3.5239          1          1  0.000e+00
  1026.1923     78.083     78.737    32.4751     3.5214          1          1  0.000e+00
  1026.1881     78.032     78.686    32.4696     3.5182          1          1  0.000e+00
  1026.1867     77.992     78.645    32.4677     3.5135          1          1  0.000e+00
  1026.1841     77.963     78.616    32.4639     3.5082          1          1  0.000e+00
  1026.1901     77.932     78.584    32.4710     3.5028          1          1  0.000e+00
  1026.1896     77.892     78.545    32.4702     3.4995          1          1  0.000e+00
  1026.1896     77.837     78.489    32.4702     3.4969          1          1  0.000e+00
  1026.1883     77.776     78.427    32.4686     3.4944          1          1  0.000e+00
  1026.1861     77.695     78.346    32.4661     3.4920          1          1  0.000e+00
  1026.1863     77.594     78.244    32.4666     3.4892          1          1  0.000e+00
  1026.1874     77.477     78.126    32.4684     3.4868          1          1  0.000e+00
  1026.1883     77.343     77.991    32.4701     3.4851          1          1  0.000e+00
  1026.1869     77.207     77.854    32.4690     3.4845          1          1  0.000e+00
  1026.1851     77.059     77.704    32.4676     3.4835          1          1  0.000e+00
  1026.1841     76.910     77.553    32.4672     3.4826          1          1  0.000e+00
  1026.1800     76.758     77.401    32.4628     3.4813          1          1  0.000e+00
  1026.1788     76.604     77.246    32.4618     3.4791          1          1  0.000e+00
  1026.1802     76.450     77.090    32.4642     3.4765          1          1  0.000e+00
  1026.1803     76.296     76.934    32.4651     3.4750          1          1  0.000e+00
  1026.1777     76.137     76.774    32.4627     3.4742          1          1  0.000e+00
  1026.1750     75.981     76.617    32.4600     3.4728          1          1  0.000e+00
  1026.1751     75.820     76.454    32.4609     3.4706          1          1  0.000e+00
  1026.1740     75.656     76.290    32.4602     3.4686          1          1  0.000e+00
  1026.1733     75.497     76.129    32.4601     3.4669          1          1  0.000e+00
  1026.1720     75.347     75.977    32.4591     3.4652          1          1  0.000e+00
  1026.1714     75.206     75.835    32.4590     3.4633          1          1  0.000e+00
  1026.1669     75.082     75.710    32.4539     3.4615          1          1  0.000e+00
  1026.1696     74.971     75.599    32.4575     3.4585          1          1  0.000e+00
  1026.1719     74.887     75.513    32.4607     3.4565          1          1  0.000e+00
  1026.1693     74.817     75.443    32.4578     3.4560          1          1  0.000e+00
