data/eDNA/PER-2021-171/171c017.cnv
* Sea-Bird SBE19plus  Data File:
* FileName = C:\Users\RSG_field\Ryan_2021_Perley\CTD\171c017.hex
* Software version 2.3.0 SB_Terminal.dll
* Temperature SN = 7141
* Conductivity SN = 7141
* System UpLoad Time = Aug 13 2021 12:24:13
* <ApplicationData>
* <SeatermAF>
** Platform: M. Perley
** Cruise: Per2021171
** Station:  ESI_03
** Cast: 01 3
** Latitude: N  44 48.324
** Longitude: W 62 8.591
** Sounding: 68.2
** Chief Scientist: Ryan Stanley
** Comment: 171c017
# nquan = 8
# nvalues = 2832                                  
# units = specified
# name 0 = density00: Density [density, kg/m^3]
# name 1 = depSM: Depth [salt water, m], lat = 45.00
# name 2 = prdM: Pressure, Strain Gauge [db]
# name 3 = sal00: Salinity, Practical [PSU]
# name 4 = tv290C: Temperature [ITS-90, deg C]
# name 5 = bpos: Bottle Position in Carousel
# name 6 = nbf: Bottles Fired
# name 7 = flag:  0.000e+00
# span 0 =   998.7978,  1025.6779                 
# span 1 =     -0.066,     69.869                 
# span 2 =     -0.067,     70.453                 
# span 3 =     0.0079,    31.8604                 
# span 4 =     3.3575,    17.8185                 
# span 5 =          0,          6                 
# span 6 =          0,          6                 
# span 7 = 0.0000e+00, 0.0000e+00                 
# interval = seconds: 0.25
# start_time = Aug 13 2021 15:05:37 [Instrument's time stamp, header]
# bad_flag = -9.990e-29
*END*
   999.0359     -0.062     -0.062     0.0081    15.4633          0          0  0.000e+00
   999.0361     -0.062     -0.062     0.0081    15.4620          0          0  0.000e+00
   999.0362     -0.062     -0.062     0.0080    15.4608          0          0  0.000e+00
   999.0364     -0.062     -0.062     0.0079    15.4590          0          0  0.000e+00
   999.0368     -0.061     -0.061     0.0080    15.4569          0          0  0.000e+00
   999.0371     -0.063     -0.063     0.0080    15.4547          0          0  0.000e+00
   999.0376     -0.062     -0.062     0.0080    15.4518          0          0  0.000e+00
   999.0380     -0.062     -0.062     0.0079    15.4492          0          0  0.000e+00
   999.2885     -0.062     -0.062     0.3308    15.4457          0          0  0.000e+00
   999.2828     -0.062     -0.062     0.3227    15.4419          0          0  0.000e+00
   999.1850     -0.063     -0.063     0.1958    15.4394          0          0  0.000e+00
   999.1485     -0.062     -0.062     0.1488    15.4402          0          0  0.000e+00
   999.1265     -0.062     -0.062     0.1213    15.4454          0          0  0.000e+00
   999.1093     -0.064     -0.064     0.1005    15.4521          0          0  0.000e+00
   999.0927     -0.063     -0.063     0.0802    15.4572          0          0  0.000e+00
   999.0801     -0.064     -0.064     0.0645    15.4600          0          0  0.000e+00
   999.0388     -0.063     -0.063     0.0114    15.4608          0          0  0.000e+00
   999.0362     -0.062     -0.062     0.0080    15.4605          0          0  0.000e+00
   999.0364     -0.062     -0.062     0.0080    15.4594          0          0  0.000e+00
   999.0366     -0.064     -0.064     0.0079    15.4581          0          0  0.000e+00
   999.0368     -0.064     -0.064     0.0079    15.4567          0          0  0.000e+00
   999.0370     -0.064     -0.064     0.0079    15.4550          0          0  0.000e+00
   999.0374     -0.061     -0.061     0.0079    15.4528          0          0  0.000e+00
   999.0377     -0.061     -0.061     0.0079    15.4507          0          0  0.000e+00
   999.0382     -0.061     -0.061     0.0079    15.4478          0          0  0.000e+00
  1001.2975     -0.062     -0.062     2.9399    15.4449          0          0  0.000e+00
  1001.5015     -0.061     -0.061     3.2048    15.4413          0          0  0.000e+00
  1000.6685     -0.061     -0.061     2.1209    15.4430          0          0  0.000e+00
  1000.3604     -0.060     -0.060     1.7232    15.4568          0          0  0.000e+00
  1000.2594     -0.060     -0.060     1.5953    15.4726          0          0  0.000e+00
   999.9857     -0.060     -0.060     1.2423    15.4840          0          0  0.000e+00
   999.5410     -0.060     -0.060     0.6672    15.4922          0          0  0.000e+00
   999.4121     -0.057     -0.058     0.5018    15.5000          0          0  0.000e+00
   999.2867     -0.057     -0.058     0.3414    15.5099          0          0  0.000e+00
   999.2038     -0.060     -0.060     0.2359    15.5178          0          0  0.000e+00
   999.0701     -0.056     -0.057     0.0640    15.5219          0          0  0.000e+00
   999.0265     -0.059     -0.059     0.0080    15.5229          0          0  0.000e+00
   999.0264     -0.057     -0.058     0.0080    15.5235          0          0  0.000e+00
   999.0263     -0.056     -0.057     0.0080    15.5239          0          0  0.000e+00
   999.0265     -0.057     -0.058     0.0080    15.5227          0          0  0.000e+00
   999.0269     -0.060     -0.060     0.0080    15.5202          0          0  0.000e+00
   999.0274     -0.059     -0.059     0.0080    15.5171          0          0  0.000e+00
   999.0277     -0.060     -0.060     0.0080    15.5151          0          0  0.000e+00
   999.0280     -0.062     -0.062     0.0080    15.5130          0          0  0.000e+00
   999.0283     -0.061     -0.061     0.0080    15.5110          0          0  0.000e+00
   999.0287     -0.061     -0.061     0.0080    15.5084          0          0  0.000e+00
   999.0292     -0.062     -0.062     0.0080    15.5051          0          0  0.000e+00
   999.0293     -0.062     -0.062     0.0080    15.5047          0          0  0.000e+00
   999.0286     -0.062     -0.062     0.0080    15.5089          0          0  0.000e+00
   999.0278     -0.062     -0.062     0.0080    15.5143          0          0  0.000e+00
   999.0274     -0.060     -0.060     0.0080    15.5171          0          0  0.000e+00
   999.0274     -0.061     -0.061     0.0080    15.5169          0          0  0.000e+00
   999.0270     -0.061     -0.061     0.0080    15.5194          0          0  0.000e+00
   999.0265     -0.060     -0.060     0.0080    15.5224          0          0  0.000e+00
   999.0268     -0.061     -0.061     0.0080    15.5209          0          0  0.000e+00
   999.0275     -0.059     -0.059     0.0080    15.5165          0          0  0.000e+00
   999.0281     -0.060     -0.060     0.0080    15.5123          0          0  0.000e+00
   999.0287     -0.061     -0.061     0.0080    15.5085          0          0  0.000e+00
   999.0292     -0.060     -0.060     0.0080    15.5054          0          0  0.000e+00
   999.0299     -0.061     -0.061     0.0080    15.5009          0          0  0.000e+00
   999.0309     -0.060     -0.060     0.0080    15.4946          0          0  0.000e+00
   999.0318     -0.057     -0.058     0.0080    15.4885          0          0  0.000e+00
   999.0327     -0.059     -0.059     0.0080    15.4827          0          0  0.000e+00
   999.0337     -0.060     -0.060     0.0079    15.4767          0          0  0.000e+00
   999.0347     -0.061     -0.061     0.0079    15.4703          0          0  0.000e+00
   999.0357     -0.059     -0.059     0.0079    15.4637          0          0  0.000e+00
   999.0367     -0.061     -0.061     0.0079    15.4575          0          0  0.000e+00
   999.0375     -0.064     -0.064     0.0079    15.4519          0          0  0.000e+00
   999.0383     -0.065     -0.065     0.0079    15.4467          0          0  0.000e+00
   999.0392     -0.063     -0.063     0.0079    15.4412          0          0  0.000e+00
   999.0401     -0.063     -0.063     0.0079    15.4354          0          0  0.000e+00
   999.0410     -0.065     -0.065     0.0079    15.4297          0          0  0.000e+00
   999.0418     -0.065     -0.065     0.0079    15.4244          0          0  0.000e+00
   999.0426     -0.064     -0.064     0.0079    15.4194          0          0  0.000e+00
   999.0433     -0.063     -0.063     0.0079    15.4151          0          0  0.000e+00
   999.0438     -0.064     -0.064     0.0079    15.4118          0          0  0.000e+00
   999.0445     -0.066     -0.067     0.0079    15.4071          0          0  0.000e+00
   999.0453     -0.063     -0.063     0.0079    15.4022          0          0  0.000e+00
   999.0459     -0.065     -0.065     0.0079    15.3977          0          0  0.000e+00
   999.0468     -0.064     -0.064     0.0079    15.3924          0          0  0.000e+00
   999.0476     -0.063     -0.063     0.0079    15.3874          0          0  0.000e+00
   999.0480     -0.064     -0.064     0.0079    15.3842          0          0  0.000e+00
  1001.1972     -0.011     -0.011     2.7956    15.3810          0          0  0.000e+00
  1019.2973      0.236      0.238    26.5136    15.6958          0          0  0.000e+00
  1022.7363      0.513      0.517    31.2368    16.5385          0          0  0.000e+00
  1022.0808      0.767      0.773    30.5575    17.1317          0          0  0.000e+00
  1020.0954      0.989      0.997    28.0571    17.4506          0          0  0.000e+00
  1021.2646      1.147      1.156    29.6327    17.6054          0          0  0.000e+00
  1021.2326      1.251      1.261    29.6111    17.6735          0          0  0.000e+00
  1020.6664      1.324      1.335    28.8783    17.7009          0          0  0.000e+00
  1021.5778      1.403      1.415    30.0701    17.7006          0          0  0.000e+00
  1021.7365      1.499      1.511    30.2790    17.7068          0          0  0.000e+00
  1021.6937      1.563      1.576    30.2282    17.7252          0          0  0.000e+00
  1021.6403      1.538      1.550    30.1617    17.7353          0          0  0.000e+00
  1021.6774      1.464      1.476    30.2012    17.7046          0          0  0.000e+00
  1021.7492      1.414      1.425    30.2918    17.6929          0          0  0.000e+00
  1021.7367      1.387      1.399    30.2807    17.7092          0          0  0.000e+00
  1021.7096      1.383      1.394    30.2498    17.7239          0          0  0.000e+00
  1021.6861      1.393      1.404    30.2210    17.7306          0          0  0.000e+00
  1021.6836      1.415      1.426    30.2184    17.7333          0          0  0.000e+00
  1021.6945      1.451      1.463    30.2336    17.7370          0          0  0.000e+00
  1021.7061      1.511      1.524    30.2496    17.7410          0          0  0.000e+00
  1021.7215      1.594      1.607    30.2702    17.7438          0          0  0.000e+00
  1021.7279      1.698      1.712    30.2801    17.7509          0          0  0.000e+00
  1021.7256      1.821      1.836    30.2799    17.7621          0          0  0.000e+00
  1021.7218      1.954      1.970    30.2773    17.7720          0          0  0.000e+00
  1021.7189      2.090      2.107    30.2750    17.7795          0          0  0.000e+00
  1021.7113      2.219      2.238    30.2661    17.7856          0          0  0.000e+00
  1021.6765      2.319      2.338    30.2212    17.7893          0          0  0.000e+00
  1021.6148      2.387      2.406    30.1399    17.7883          0          0  0.000e+00
  1021.6077      2.409      2.429    30.1301    17.7872          0          0  0.000e+00
  1021.6244      2.392      2.412    30.1466    17.7698          0          0  0.000e+00
  1021.6645      2.336      2.355    30.1910    17.7427          0          0  0.000e+00
  1021.6830      2.244      2.262    30.2141    17.7373          0          0  0.000e+00
  1021.6852      2.120      2.137    30.2203    17.7460          0          0  0.000e+00
  1021.6918      1.980      1.996    30.2321    17.7537          0          0  0.000e+00
  1021.6958      1.838      1.853    30.2403    17.7602          0          0  0.000e+00
  1021.6952      1.698      1.712    30.2414    17.7639          0          0  0.000e+00
  1021.6960      1.576      1.589    30.2428    17.7627          0          0  0.000e+00
  1021.6959      1.490      1.502    30.2425    17.7604          0          0  0.000e+00
  1021.6959      1.443      1.455    30.2423    17.7590          0          0  0.000e+00
  1021.6989      1.422      1.434    30.2465    17.7592          0          0  0.000e+00
  1021.6986      1.428      1.439    30.2466    17.7609          0          0  0.000e+00
  1021.6927      1.452      1.464    30.2395    17.7636          0          0  0.000e+00
  1021.6855      1.493      1.505    30.2306    17.7659          0          0  0.000e+00
  1021.6773      1.552      1.564    30.2203    17.7685          0          0  0.000e+00
  1021.6828      1.616      1.629    30.2284    17.7726          0          0  0.000e+00
  1021.6798      1.677      1.690    30.2256    17.7772          0          0  0.000e+00
  1021.6708      1.734      1.748    30.2142    17.7797          0          0  0.000e+00
  1021.6547      1.782      1.796    30.1926    17.7787          0          0  0.000e+00
  1021.6536      1.821      1.836    30.1892    17.7733          0          0  0.000e+00
  1021.6560      1.859      1.874    30.1904    17.7677          0          0  0.000e+00
  1021.6770      1.901      1.917    30.2179    17.7687          0          0  0.000e+00
  1021.6900      1.958      1.974    30.2364    17.7746          0          0  0.000e+00
  1021.6981      2.032      2.048    30.2481    17.7796          0          0  0.000e+00
  1021.7050      2.122      2.139    30.2566    17.7795          0          0  0.000e+00
  1021.7053      2.215      2.233    30.2563    17.7790          0          0  0.000e+00
  1021.6830      2.293      2.311    30.2270    17.7801          0          0  0.000e+00
  1021.6135      2.349      2.368    30.1355    17.7793          0          0  0.000e+00
  1021.5888      2.371      2.390    30.1028    17.7784          0          0  0.000e+00
  1021.6027      2.346      2.365    30.1144    17.7564          0          0  0.000e+00
  1021.6539      2.274      2.293    30.1619    17.6922          0          0  0.000e+00
  1021.6971      2.157      2.174    30.2017    17.6357          0          0  0.000e+00
  1021.7319      2.009      2.026    30.2369    17.5995          0          0  0.000e+00
  1021.7657      1.841      1.856    30.2749    17.5762          0          0  0.000e+00
  1021.7765      1.659      1.672    30.2871    17.5665          0          0  0.000e+00
  1021.7911      1.485      1.497    30.3108    17.5782          0          0  0.000e+00
  1021.7940      1.332      1.343    30.3268    17.6150          0          0  0.000e+00
  1021.7725      1.220      1.230    30.3107    17.6520          0          0  0.000e+00
  1021.7482      1.151      1.160    30.2889    17.6828          0          0  0.000e+00
  1021.7293      1.134      1.143    30.2719    17.7072          0          0  0.000e+00
  1021.7264      1.160      1.170    30.2738    17.7266          0          0  0.000e+00
  1021.7223      1.225      1.235    30.2729    17.7421          0          0  0.000e+00
  1021.7211      1.331      1.342    30.2742    17.7533          0          0  0.000e+00
  1021.7273      1.474      1.486    30.2842    17.7621          0          0  0.000e+00
  1021.7312      1.651      1.665    30.2906    17.7695          0          0  0.000e+00
  1021.7312      1.834      1.849    30.2912    17.7749          0          0  0.000e+00
  1021.7260      2.001      2.017    30.2850    17.7804          0          0  0.000e+00
  1021.7083      2.154      2.171    30.2624    17.7847          0          0  0.000e+00
  1021.6330      2.284      2.303    30.1640    17.7876          0          0  0.000e+00
  1021.5974      2.367      2.386    30.1170    17.7879          0          0  0.000e+00
  1021.6153      2.405      2.425    30.1344    17.7690          0          0  0.000e+00
  1021.6656      2.412      2.432    30.1812    17.7077          0          0  0.000e+00
  1021.7089      2.380      2.400    30.2223    17.6567          0          0  0.000e+00
  1021.7426      2.306      2.325    30.2573    17.6256          0          0  0.000e+00
  1021.7615      2.219      2.238    30.2780    17.6111          0          0  0.000e+00
  1021.7652      2.123      2.140    30.2811    17.6036          0          0  0.000e+00
  1021.7659      2.003      2.020    30.2819    17.6010          0          0  0.000e+00
  1021.7635      1.858      1.873    30.2794    17.6007          0          0  0.000e+00
  1021.7559      1.718      1.732    30.2717    17.6051          0          0  0.000e+00
  1021.7450      1.587      1.600    30.2609    17.6136          0          0  0.000e+00
  1021.7273      1.439      1.451    30.2444    17.6327          0          0  0.000e+00
  1021.7227      1.323      1.333    30.2459    17.6548          0          0  0.000e+00
  1021.7327      1.261      1.271    30.2668    17.6789          0          0  0.000e+00
  1021.7481      1.245      1.255    30.2933    17.6990          0          0  0.000e+00
  1021.7606      1.294      1.305    30.3139    17.7140          0          0  0.000e+00
  1021.7667      1.400      1.411    30.3263    17.7302          0          0  0.000e+00
  1021.7636      1.560      1.573    30.3276    17.7506          0          0  0.000e+00
  1021.7547      1.741      1.756    30.3213    17.7713          0          0  0.000e+00
