data/eDNA/PER-2021-171/171c016.cnv
* Sea-Bird SBE19plus  Data File:
* FileName = C:\Users\RSG_field\Ryan_2021_Perley\CTD\171c016.hex
* Software version 2.3.0 SB_Terminal.dll
* Temperature SN = 7141
* Conductivity SN = 7141
* System UpLoad Time = Aug 13 2021 10:56:53
* <ApplicationData>
* <SeatermAF>
** Platform: M. Perley
** Cruise: Per2021171
** Station:  ESI_04
** Cast: 01 3
** Latitude: N  44 45.236
** Longitude: W 62 5.9
** Sounding: 103
** Chief Scientist: Ryan Stanley
** Comment: 171c016
# nquan = 8
# nvalues = 3236                                  
# units = specified
# name 0 = density00: Density [density, kg/m^3]
# name 1 = depSM: Depth [salt water, m], lat = 45.00
# name 2 = prdM: Pressure, Strain Gauge [db]
# name 3 = sal00: Salinity, Practical [PSU]
# name 4 = tv290C: Temperature [ITS-90, deg C]
# name 5 = bpos: Bottle Position in Carousel
# name 6 = nbf: Bottles Fired
# name 7 = flag:  0.000e+00
# span 0 =   998.6152,  1026.3661                 
# span 1 =     -0.087,     96.499                 
# span 2 =     -0.088,     97.311                 
# span 3 =     0.0082,    32.5947                 
# span 4 =     3.1884,    18.5451                 
# span 5 =          0,          6                 
# span 6 =          0,          6                 
# span 7 = 0.0000e+00, 0.0000e+00                 
# interval = seconds: 0.25
# start_time = Aug 13 2021 13:41:12 [Instrument's time stamp, header]
# bad_flag = -9.990e-29
*END*
[from data line 2158]
  1026.3296     95.678     96.484    32.5430     3.5197          1          1  0.000e+00
  1026.3310     95.592     96.396    32.5454     3.5200          1          1  0.000e+00
  1026.3305     95.509     96.313    32.5453     3.5210          1          1  0.000e+00
  1026.3299     95.442     96.246    32.5451     3.5220          1          1  0.000e+00
  1026.3296     95.407     96.210    32.5450     3.5228          1          1  0.000e+00
  1026.3292     95.401     96.204    32.5446     3.5232          1          1  0.000e+00
  1026.3309     95.420     96.223    32.5466     3.5235          1          1  0.000e+00
  1026.3321     95.468     96.271    32.5479     3.5242          1          1  0.000e+00
  1026.3316     95.530     96.334    32.5471     3.5254          1          1  0.000e+00
  1026.3320     95.599     96.404    32.5473     3.5264          1          1  0.000e+00
  1026.3327     95.663     96.468    32.5479     3.5269          1          1  0.000e+00
  1026.3325     95.715     96.520    32.5473     3.5271          1          1  0.000e+00
  1026.3320     95.746     96.553    32.5465     3.5275          1          1  0.000e+00
  1026.3323     95.759     96.565    32.5469     3.5276          1          1  0.000e+00
  1026.3364     95.749     96.555    32.5520     3.5275          1          1  0.000e+00
  1026.3351     95.718     96.524    32.5508     3.5288          1          1  0.000e+00
  1026.3342     95.667     96.472    32.5500     3.5298          1          1  0.000e+00
  1026.3345     95.609     96.414    32.5508     3.5306          1          1  0.000e+00
  1026.3355     95.552     96.357    32.5526     3.5314          1          1  0.000e+00
  1026.3400     95.503     96.307    32.5587     3.5327          1          1  0.000e+00
  1026.3455     95.460     96.264    32.5661     3.5352          1          1  0.000e+00
  1026.3414     95.435     96.238    32.5616     3.5390          1          1  0.000e+00
  1026.3406     95.417     96.220    32.5611     3.5415          1          1  0.000e+00
  1026.3398     95.414     96.217    32.5602     3.5428          1          1  0.000e+00
  1026.3404     95.418     96.221    32.5610     3.5436          1          1  0.000e+00
  1026.3446     95.429     96.233    32.5664     3.5447          1          1  0.000e+00
  1026.3403     95.450     96.253    32.5610     3.5465          1          1  0.000e+00
  1026.3414     95.477     96.281    32.5624     3.5472          1          1  0.000e+00
  1026.3400     95.515     96.320    32.5604     3.5480          1          1  0.000e+00
  1026.3439     95.560     96.364    32.5651     3.5485          1          1  0.000e+00
  1026.3415     95.618     96.423    32.5619     3.5495          1          1  0.000e+00
  1026.3397     95.685     96.491    32.5593     3.5500          1          1  0.000e+00
  1026.3410     95.762     96.569    32.5605     3.5495          1          1  0.000e+00
  1026.3462     95.833     96.640    32.5665     3.5494          1          1  0.000e+00
  1026.3581     95.900     96.708    32.5812     3.5510          1          1  0.000e+00
  1026.3604     95.943     96.751    32.5845     3.5560          1          1  0.000e+00
  1026.3477     95.954     96.762    32.5692     3.5614          1          1  0.000e+00
  1026.3489     95.929     96.737    32.5709     3.5627          1          1  0.000e+00
  1026.3477     95.861     96.668    32.5699     3.5632          1          1  0.000e+00
  1026.3436     95.762     96.569    32.5653     3.5635          1          1  0.000e+00
  1026.3421     95.644     96.449    32.5640     3.5626          1          1  0.000e+00
  1026.3388     95.520     96.324    32.5606     3.5615          1          1  0.000e+00
  1026.3377     95.407     96.210    32.5596     3.5597          1          1  0.000e+00
  1026.3372     95.325     96.127    32.5592     3.5579          1          1  0.000e+00
  1026.3381     95.283     96.085    32.5604     3.5562          1          1  0.000e+00
  1026.3379     95.291     96.093    32.5600     3.5550          1          1  0.000e+00
  1026.3449     95.340     96.143    32.5684     3.5540          1          1  0.000e+00
  1026.3629     95.434     96.237    32.5906     3.5552          1          1  0.000e+00
  1026.3661     95.549     96.354    32.5947     3.5619          1          1  0.000e+00
  1026.3635     95.672     96.478    32.5917     3.5698          1          1  0.000e+00
  1026.3592     95.786     96.592    32.5862     3.5755          1          1  0.000e+00
  1026.3560     95.877     96.684    32.5821     3.5786          1          1  0.000e+00
  1026.3551     95.935     96.743    32.5807     3.5799          1          1  0.000e+00
  1026.3554     95.961     96.769    32.5810     3.5802          1          1  0.000e+00
  1026.3550     95.957     96.765    32.5806     3.5807          1          1  0.000e+00
  1026.3546     95.925     96.732    32.5803     3.5809          1          1  0.000e+00
  1026.3542     95.874     96.681    32.5802     3.5812          1          1  0.000e+00
  1026.3544     95.818     96.624    32.5808     3.5813          1          1  0.000e+00
  1026.3551     95.766     96.572    32.5820     3.5815          1          1  0.000e+00
  1026.3526     95.728     96.534    32.5791     3.5820          1          1  0.000e+00
  1026.3490     95.707     96.513    32.5746     3.5817          1          1  0.000e+00
  1026.3502     95.704     96.510    32.5760     3.5803          1          1  0.000e+00
  1026.3530     95.713     96.519    32.5793     3.5793          1          1  0.000e+00
  1026.3514     95.725     96.531    32.5772     3.5791          1          1  0.000e+00
  1026.3492     95.735     96.541    32.5744     3.5786          1          1  0.000e+00
  1026.3489     95.734     96.540    32.5739     3.5772          1          1  0.000e+00
  1026.3468     95.722     96.528    32.5710     3.5756          1          1  0.000e+00
  1026.3437     95.693     96.498    32.5672     3.5737          1          1  0.000e+00
  1026.3427     95.651     96.457    32.5658     3.5709          1          1  0.000e+00
  1026.3429     95.597     96.402    32.5661     3.5682          1          1  0.000e+00
  1026.3449     95.535     96.339    32.5686     3.5661          1          1  0.000e+00
  1026.3454     95.477     96.281    32.5695     3.5651          1          1  0.000e+00
  1026.3438     95.430     96.233    32.5677     3.5645          1          1  0.000e+00
  1026.3434     95.399     96.202    32.5673     3.5638          1          1  0.000e+00
  1026.3398     95.396     96.199    32.5626     3.5629          1          1  0.000e+00
  1026.3408     95.424     96.228    32.5635     3.5612          1          1  0.000e+00
  1026.3432     95.490     96.294    32.5660     3.5595          1          1  0.000e+00
  1026.3454     95.595     96.400    32.5680     3.5586          1          1  0.000e+00
  1026.3473     95.726     96.532    32.5696     3.5586          1          1  0.000e+00
  1026.3457     95.870     96.677    32.5668     3.5590          1          1  0.000e+00
  1026.3565     96.015     96.824    32.5795     3.5589          1          1  0.000e+00
  1026.3612     96.142     96.952    32.5849     3.5612          1          1  0.000e+00
  1026.3601     96.240     97.050    32.5835     3.5654          1          1  0.000e+00
  1026.3554     96.295     97.106    32.5777     3.5689          1          1  0.000e+00
  1026.3542     96.303     97.114    32.5763     3.5702          1          1  0.000e+00
  1026.3449     96.263     97.074    32.5648     3.5705          1          1  0.000e+00
  1026.3424     96.176     96.986    32.5620     3.5682          1          1  0.000e+00
  1026.3449     96.060     96.868    32.5654     3.5651          1          1  0.000e+00
  1026.3450     95.920     96.727    32.5662     3.5632          1          1  0.000e+00
  1026.3427     95.775     96.582    32.5641     3.5622          1          1  0.000e+00
  1026.3410     95.640     96.445    32.5625     3.5611          1          1  0.000e+00
  1026.3391     95.524     96.328    32.5607     3.5595          1          1  0.000e+00
  1026.3357     95.434     96.237    32.5567     3.5578          1          1  0.000e+00
  1026.3343     95.378     96.181    32.5550     3.5554          1          1  0.000e+00
  1026.3316     95.354     96.157    32.5514     3.5525          1          1  0.000e+00
  1026.3206     95.360     96.163    32.5370     3.5487          1          1  0.000e+00
  1026.3225     95.392     96.195    32.5385     3.5421          1          1  0.000e+00
  1026.3223     95.440     96.244    32.5372     3.5358          1          1  0.000e+00
  1026.3233     95.505     96.309    32.5374     3.5307          1          1  0.000e+00
  1026.3253     95.569     96.373    32.5390     3.5263          1          1  0.000e+00
  1026.3330     95.634     96.440    32.5480     3.5233          1          1  0.000e+00
  1026.3425     95.697     96.503    32.5596     3.5233          1          1  0.000e+00
  1026.3477     95.754     96.560    32.5662     3.5263          1          1  0.000e+00
  1026.3481     95.811     96.618    32.5669     3.5311          1          1  0.000e+00
  1026.3449     95.872     96.679    32.5631     3.5358          1          1  0.000e+00
  1026.3445     95.927     96.735    32.5625     3.5388          1          1  0.000e+00
  1026.3534     95.981     96.789    32.5738     3.5414          1          1  0.000e+00
  1026.3552     96.037     96.846    32.5761     3.5457          1          1  0.000e+00
  1026.3527     96.086     96.895    32.5733     3.5504          1          1  0.000e+00
  1026.3546     96.135     96.944    32.5758     3.5538          1          1  0.000e+00
  1026.3511     96.175     96.985    32.5715     3.5567          1          1  0.000e+00
  1026.3479     96.207     97.017    32.5675     3.5584          1          1  0.000e+00
  1026.3431     96.222     97.032    32.5613     3.5582          1          1  0.000e+00
  1026.3351     96.218     97.028    32.5511     3.5567          1          1  0.000e+00
  1026.3262     96.187     96.997    32.5397     3.5525          1          1  0.000e+00
  1026.3242     96.132     96.941    32.5366     3.5457          1          1  0.000e+00
  1026.3287     96.047     96.856    32.5420     3.5390          1          1  0.000e+00
  1026.3347     95.944     96.752    32.5496     3.5349          1          1  0.000e+00
  1026.3359     95.818     96.625    32.5518     3.5337          1          1  0.000e+00
  1026.3338     95.682     96.488    32.5500     3.5337          1          1  0.000e+00
  1026.3321     95.553     96.357    32.5485     3.5336          1          1  0.000e+00
  1026.3312     95.441     96.244    32.5480     3.5328          1          1  0.000e+00
  1026.3302     95.355     96.157    32.5471     3.5319          1          1  0.000e+00
  1026.3300     95.305     96.107    32.5472     3.5310          1          1  0.000e+00
  1026.3265     95.296     96.099    32.5426     3.5298          1          1  0.000e+00
  1026.3236     95.329     96.132    32.5385     3.5277          1          1  0.000e+00
  1026.3227     95.402     96.206    32.5366     3.5247          1          1  0.000e+00
  1026.3238     95.509     96.314    32.5369     3.5213          1          1  0.000e+00
  1026.3257     95.637     96.442    32.5382     3.5183          1          1  0.000e+00
  1026.3283     95.776     96.582    32.5404     3.5163          1          1  0.000e+00
  1026.3314     95.920     96.727    32.5433     3.5152          1          1  0.000e+00
  1026.3342     96.060     96.869    32.5460     3.5152          1          1  0.000e+00
  1026.3352     96.189     96.999    32.5466     3.5159          1          1  0.000e+00
  1026.3387     96.306     97.117    32.5504     3.5169          1          1  0.000e+00
  1026.3413     96.398     97.210    32.5533     3.5186          1          1  0.000e+00
  1026.3397     96.466     97.278    32.5513     3.5210          1          1  0.000e+00
  1026.3367     96.499     97.311    32.5475     3.5225          1          1  0.000e+00
  1026.3353     96.492     97.305    32.5457     3.5228          1          1  0.000e+00
  1026.3350     96.443     97.255    32.5456     3.5225          1          1  0.000e+00
  1026.3340     96.348     97.160    32.5449     3.5221          1          1  0.000e+00
  1026.3352     96.209     97.020    32.5471     3.5220          1          1  0.000e+00
  1026.3350     96.039     96.847    32.5480     3.5224          1          1  0.000e+00
  1026.3323     95.847     96.654    32.5458     3.5233          1          1  0.000e+00
  1026.3298     95.647     96.453    32.5439     3.5234          1          1  0.000e+00
  1026.3292     95.467     96.271    32.5441     3.5229          1          1  0.000e+00
  1026.3280     95.313     96.116    32.5434     3.5223          1          1  0.000e+00
  1026.3258     95.204     96.006    32.5413     3.5215          1          1  0.000e+00
  1026.3251     95.145     95.946    32.5406     3.5204          1          1  0.000e+00
  1026.3254     95.141     95.942    32.5408     3.5190          1          1  0.000e+00
  1026.3259     95.182     95.983    32.5410     3.5179          1          1  0.000e+00
  1026.3255     95.270     96.072    32.5400     3.5168          1          1  0.000e+00
  1026.3272     95.392     96.195    32.5412     3.5157          1          1  0.000e+00
  1026.3268     95.541     96.346    32.5397     3.5148          1          1  0.000e+00
  1026.3286     95.703     96.508    32.5410     3.5138          1          1  0.000e+00
  1026.3327     95.863     96.670    32.5451     3.5132          1          1  0.000e+00
  1026.3379     96.015     96.824    32.5507     3.5139          1          1  0.000e+00
  1026.3373     96.146     96.955    32.5495     3.5160          1          1  0.000e+00
  1026.3351     96.242     97.053    32.5464     3.5179          1          1  0.000e+00
  1026.3346     96.301     97.112    32.5455     3.5186          1          1  0.000e+00
  1026.3345     96.240     97.051    32.5458     3.5188          1          1  0.000e+00
  1026.3349     96.081     96.890    32.5472     3.5190          1          1  0.000e+00
  1026.3336     95.860     96.667    32.5470     3.5198          1          1  0.000e+00
  1026.3306     95.617     96.422    32.5448     3.5206          1          1  0.000e+00
  1026.3285     95.359     96.162    32.5437     3.5206          1          1  0.000e+00
  1026.3275     95.109     95.909    32.5438     3.5202          1          1  0.000e+00
  1026.3249     94.876     95.674    32.5419     3.5199          1          1  0.000e+00
  1026.3231     94.664     95.460    32.5408     3.5190          1          1  0.000e+00
  1026.3228     94.479     95.274    32.5414     3.5181          1          1  0.000e+00
  1026.3214     94.319     95.113    32.5405     3.5172          1          1  0.000e+00
  1026.3220     94.178     94.970    32.5420     3.5162          1          1  0.000e+00
  1026.3218     94.046     94.838    32.5424     3.5157          1          1  0.000e+00
  1026.3214     93.920     94.711    32.5426     3.5155          1          1  0.000e+00
  1026.3208     93.797     94.587    32.5427     3.5155          1          1  0.000e+00
  1026.3202     93.676     94.465    32.5426     3.5155          1          1  0.000e+00
  1026.3199     93.553     94.341    32.5429     3.5156          1          1  0.000e+00
  1026.3192     93.430     94.217    32.5428     3.5158          1          1  0.000e+00
  1026.3176     93.323     94.108    32.5415     3.5161          1          1  0.000e+00
  1026.3170     93.226     94.010    32.5412     3.5159          1          1  0.000e+00
  1026.3158     93.139     93.922    32.5402     3.5156          1          1  0.000e+00
