data/eDNA/PER-2021-171/171c026.cnv
* Sea-Bird SBE19plus  Data File:
* FileName = C:\Users\RSG_field\Ryan_2021_Perley\CTD\171c026.hex
* Software version 2.3.0 SB_Terminal.dll
* Temperature SN = 7141
* Conductivity SN = 7141
* System UpLoad Time = Aug 18 2021 13:03:02
* <ApplicationData>
* <SeatermAF>
** Platform: M. Perley
** Cruise: Per2021171
** Station:  SAB_02
** Cast: 01 3
** Latitude: N  45 50.548
** Longitude: W 60 07.965
** Sounding: 24.6
** Chief Scientist: Ryan Stanley
** Comment: 171c026
# nquan = 8
# nvalues = 1989                                  
# units = specified
# name 0 = density00: Density [density, kg/m^3]
# name 1 = depSM: Depth [salt water, m], lat = 45.00
# name 2 = prdM: Pressure, Strain Gauge [db]
# name 3 = sal00: Salinity, Practical [PSU]
# name 4 = tv290C: Temperature [ITS-90, deg C]
# name 5 = bpos: Bottle Position in Carousel
# name 6 = nbf: Bottles Fired
# name 7 = flag:  0.000e+00
# span 0 =   998.9980,  1024.3545                 
# span 1 =     -0.009,     24.504                 
# span 2 =     -0.009,     24.706                 
# span 3 =     0.0081,    30.9795                 
# span 4 =     7.0454,    18.2586                 
# span 5 =          0,          3                 
# span 6 =          0,          3                 
# span 7 = 0.0000e+00, 0.0000e+00                 
# interval = seconds: 0.25
# start_time = Aug 18 2021 15:52:29 [Instrument's time stamp, header]
# bad_flag = -9.990e-29
*END*
[from data line 1618]
  1024.3266     24.424     24.626    30.9385     7.0618          1          1  0.000e+00
  1024.3231     24.422     24.624    30.9343     7.0624          1          1  0.000e+00
  1024.3228     24.421     24.622    30.9336     7.0608          1          1  0.000e+00
  1024.3244     24.420     24.621    30.9352     7.0583          1          1  0.000e+00
  1024.3246     24.421     24.622    30.9351     7.0563          1          1  0.000e+00
  1024.3262     24.426     24.628    30.9368     7.0547          1          1  0.000e+00
  1024.3264     24.431     24.632    30.9368     7.0532          1          1  0.000e+00
  1024.3272     24.435     24.636    30.9377     7.0523          1          1  0.000e+00
  1024.3289     24.439     24.641    30.9397     7.0517          1          1  0.000e+00
  1024.3295     24.442     24.644    30.9404     7.0520          1          1  0.000e+00
  1024.3286     24.447     24.648    30.9395     7.0527          1          1  0.000e+00
  1024.3291     24.450     24.651    30.9401     7.0528          1          1  0.000e+00
  1024.3277     24.451     24.652    30.9384     7.0531          1          1  0.000e+00
  1024.3264     24.451     24.652    30.9367     7.0535          1          1  0.000e+00
  1024.3272     24.450     24.651    30.9377     7.0529          1          1  0.000e+00
  1024.3274     24.448     24.649    30.9378     7.0526          1          1  0.000e+00
  1024.3267     24.444     24.646    30.9370     7.0523          1          1  0.000e+00
  1024.3269     24.440     24.642    30.9372     7.0517          1          1  0.000e+00
  1024.3273     24.436     24.637    30.9375     7.0507          1          1  0.000e+00
  1024.3286     24.432     24.633    30.9391     7.0500          1          1  0.000e+00
  1024.3308     24.432     24.633    30.9419     7.0498          1          1  0.000e+00
  1024.3292     24.427     24.629    30.9400     7.0509          1          1  0.000e+00
  1024.3276     24.430     24.631    30.9382     7.0517          1          1  0.000e+00
  1024.3268     24.435     24.636    30.9370     7.0512          1          1  0.000e+00
  1024.3272     24.436     24.637    30.9373     7.0501          1          1  0.000e+00
  1024.3282     24.443     24.645    30.9384     7.0493          1          1  0.000e+00
  1024.3303     24.448     24.649    30.9409     7.0489          1          1  0.000e+00
  1024.3312     24.452     24.653    30.9421     7.0495          1          1  0.000e+00
  1024.3329     24.456     24.658    30.9444     7.0506          1          1  0.000e+00
  1024.3297     24.459     24.661    30.9408     7.0534          1          1  0.000e+00
  1024.3292     24.458     24.660    30.9405     7.0548          1          1  0.000e+00
  1024.3265     24.455     24.657    30.9372     7.0556          1          1  0.000e+00
  1024.3250     24.455     24.657    30.9352     7.0550          1          1  0.000e+00
  1024.3268     24.452     24.653    30.9372     7.0535          1          1  0.000e+00
  1024.3276     24.448     24.649    30.9381     7.0525          1          1  0.000e+00
  1024.3304     24.444     24.646    30.9416     7.0518          1          1  0.000e+00
  1024.3317     24.441     24.643    30.9434     7.0529          1          1  0.000e+00
  1024.3279     24.440     24.642    30.9389     7.0548          1          1  0.000e+00
  1024.3274     24.437     24.639    30.9384     7.0551          1          1  0.000e+00
  1024.3303     24.438     24.640    30.9421     7.0550          1          1  0.000e+00
  1024.3294     24.438     24.640    30.9411     7.0563          1          1  0.000e+00
  1024.3282     24.440     24.642    30.9398     7.0575          1          1  0.000e+00
  1024.3265     24.443     24.645    30.9376     7.0577          1          1  0.000e+00
  1024.3272     24.448     24.649    30.9384     7.0569          1          1  0.000e+00
  1024.3255     24.450     24.651    30.9360     7.0560          1          1  0.000e+00
  1024.3278     24.452     24.653    30.9387     7.0546          1          1  0.000e+00
  1024.3284     24.453     24.655    30.9392     7.0536          1          1  0.000e+00
  1024.3301     24.456     24.658    30.9414     7.0531          1          1  0.000e+00
  1024.3284     24.455     24.657    30.9393     7.0538          1          1  0.000e+00
  1024.3261     24.457     24.659    30.9363     7.0538          1          1  0.000e+00
  1024.3287     24.455     24.657    30.9395     7.0526          1          1  0.000e+00
  1024.3270     24.453     24.655    30.9373     7.0522          1          1  0.000e+00
  1024.3282     24.452     24.654    30.9387     7.0516          1          1  0.000e+00
  1024.3289     24.451     24.652    30.9396     7.0514          1          1  0.000e+00
  1024.3289     24.449     24.650    30.9396     7.0514          1          1  0.000e+00
  1024.3277     24.447     24.648    30.9381     7.0514          1          1  0.000e+00
  1024.3271     24.445     24.646    30.9373     7.0507          1          1  0.000e+00
  1024.3283     24.437     24.639    30.9387     7.0499          1          1  0.000e+00
  1024.3286     24.431     24.632    30.9391     7.0496          1          1  0.000e+00
  1024.3289     24.427     24.628    30.9394     7.0496          1          1  0.000e+00
  1024.3291     24.422     24.624    30.9397     7.0498          1          1  0.000e+00
  1024.3288     24.420     24.621    30.9395     7.0502          1          1  0.000e+00
  1024.3287     24.417     24.618    30.9393     7.0504          1          1  0.000e+00
  1024.3281     24.413     24.614    30.9386     7.0505          1          1  0.000e+00
  1024.3286     24.411     24.612    30.9392     7.0505          1          1  0.000e+00
  1024.3284     24.411     24.612    30.9391     7.0510          1          1  0.000e+00
  1024.3271     24.411     24.612    30.9375     7.0514          1          1  0.000e+00
  1024.3267     24.413     24.614    30.9370     7.0508          1          1  0.000e+00
  1024.3273     24.415     24.616    30.9376     7.0501          1          1  0.000e+00
  1024.3272     24.418     24.619    30.9374     7.0497          1          1  0.000e+00
  1024.3280     24.420     24.621    30.9383     7.0493          1          1  0.000e+00
  1024.3291     24.429     24.630    30.9395     7.0490          1          1  0.000e+00
  1024.3301     24.435     24.636    30.9409     7.0496          1          1  0.000e+00
  1024.3280     24.443     24.645    30.9385     7.0509          1          1  0.000e+00
  1024.3279     24.453     24.655    30.9383     7.0513          1          1  0.000e+00
  1024.3276     24.461     24.663    30.9379     7.0513          1          1  0.000e+00
  1024.3273     24.472     24.674    30.9373     7.0509          1          1  0.000e+00
  1024.3272     24.481     24.682    30.9371     7.0504          1          1  0.000e+00
  1024.3271     24.490     24.692    30.9368     7.0495          1          1  0.000e+00
  1024.3281     24.498     24.700    30.9378     7.0486          1          1  0.000e+00
  1024.3290     24.502     24.704    30.9388     7.0480          1          1  0.000e+00
  1024.3283     24.502     24.704    30.9379     7.0478          1          1  0.000e+00
  1024.3285     24.504     24.706    30.9381     7.0474          1          1  0.000e+00
  1024.3307     24.499     24.701    30.9408     7.0470          1          1  0.000e+00
  1024.3318     24.491     24.693    30.9423     7.0475          1          1  0.000e+00
  1024.3348     24.485     24.687    30.9465     7.0492          1          1  0.000e+00
  1024.3347     24.474     24.676    30.9470     7.0526          1          1  0.000e+00
  1024.3314     24.464     24.665    30.9436     7.0567          1          1  0.000e+00
  1024.3302     24.452     24.654    30.9426     7.0596          1          1  0.000e+00
  1024.3293     24.442     24.644    30.9420     7.0620          1          1  0.000e+00
  1024.3252     24.432     24.633    30.9370     7.0636          1          1  0.000e+00
  1024.3240     24.422     24.624    30.9355     7.0635          1          1  0.000e+00
  1024.3250     24.416     24.617    30.9366     7.0621          1          1  0.000e+00
  1024.3255     24.412     24.613    30.9372     7.0614          1          1  0.000e+00
  1024.3242     24.412     24.613    30.9354     7.0607          1          1  0.000e+00
  1024.3248     24.413     24.614    30.9359     7.0594          1          1  0.000e+00
  1024.3247     24.413     24.614    30.9356     7.0581          1          1  0.000e+00
  1024.3246     24.416     24.617    30.9352     7.0565          1          1  0.000e+00
  1024.3255     24.417     24.618    30.9360     7.0548          1          1  0.000e+00
  1024.3267     24.420     24.621    30.9373     7.0534          1          1  0.000e+00
  1024.3264     24.427     24.628    30.9367     7.0528          1          1  0.000e+00
  1024.3266     24.433     24.634    30.9369     7.0521          1          1  0.000e+00
  1024.3265     24.439     24.641    30.9365     7.0511          1          1  0.000e+00
  1024.3277     24.443     24.645    30.9380     7.0502          1          1  0.000e+00
  1024.3296     24.453     24.655    30.9402     7.0497          1          1  0.000e+00
  1024.3298     24.459     24.661    30.9406     7.0505          1          1  0.000e+00
  1024.3275     24.466     24.667    30.9378     7.0517          1          1  0.000e+00
  1024.3269     24.471     24.673    30.9368     7.0510          1          1  0.000e+00
  1024.3281     24.476     24.678    30.9381     7.0496          1          1  0.000e+00
  1024.3276     24.478     24.680    30.9374     7.0489          1          1  0.000e+00
  1024.3289     24.477     24.679    30.9388     7.0480          1          1  0.000e+00
  1024.3289     24.473     24.675    30.9388     7.0478          1          1  0.000e+00
  1024.3292     24.468     24.670    30.9393     7.0477          1          1  0.000e+00
  1024.3298     24.458     24.660    30.9401     7.0478          1          1  0.000e+00
  1024.3279     24.450     24.651    30.9378     7.0480          1          1  0.000e+00
  1024.3285     24.442     24.644    30.9384     7.0473          1          1  0.000e+00
  1024.3297     24.433     24.634    30.9399     7.0465          1          1  0.000e+00
  1024.3305     24.423     24.625    30.9410     7.0464          1          1  0.000e+00
  1024.3292     24.418     24.619    30.9395     7.0472          1          1  0.000e+00
  1024.3294     24.415     24.616    30.9398     7.0477          1          1  0.000e+00
  1024.3300     24.412     24.613    30.9407     7.0482          1          1  0.000e+00
  1024.3286     24.412     24.613    30.9390     7.0489          1          1  0.000e+00
  1024.3283     24.415     24.616    30.9387     7.0492          1          1  0.000e+00
  1024.3276     24.420     24.622    30.9376     7.0488          1          1  0.000e+00
  1024.3288     24.427     24.628    30.9390     7.0481          1          1  0.000e+00
  1024.3286     24.437     24.639    30.9388     7.0478          1          1  0.000e+00
  1024.3286     24.446     24.647    30.9387     7.0479          1          1  0.000e+00
  1024.3296     24.455     24.657    30.9398     7.0477          1          1  0.000e+00
  1024.3298     24.465     24.666    30.9400     7.0480          1          1  0.000e+00
  1024.3282     24.475     24.677    30.9381     7.0486          1          1  0.000e+00
  1024.3280     24.480     24.681    30.9377     7.0484          1          1  0.000e+00
  1024.3281     24.483     24.685    30.9377     7.0477          1          1  0.000e+00
  1024.3280     24.487     24.689    30.9375     7.0469          1          1  0.000e+00
  1024.3298     24.485     24.687    30.9396     7.0459          1          1  0.000e+00
  1024.3297     24.484     24.686    30.9394     7.0454          1          1  0.000e+00
  1024.3347     24.480     24.681    30.9458     7.0454          1          1  0.000e+00
  1024.3312     24.479     24.680    30.9417     7.0477          1          1  0.000e+00
  1024.3296     24.471     24.673    30.9400     7.0495          1          1  0.000e+00
  1024.3279     24.467     24.669    30.9380     7.0496          1          1  0.000e+00
  1024.3290     24.457     24.659    30.9392     7.0488          1          1  0.000e+00
  1024.3313     24.451     24.653    30.9422     7.0484          1          1  0.000e+00
  1024.3320     24.447     24.648    30.9432     7.0493          1          1  0.000e+00
  1024.3305     24.438     24.640    30.9417     7.0512          1          1  0.000e+00
  1024.3315     24.392     24.593    30.9434     7.0525          1          1  0.000e+00
  1024.3296     24.334     24.535    30.9416     7.0541          1          1  0.000e+00
  1024.3304     24.276     24.476    30.9432     7.0556          1          1  0.000e+00
  1024.3293     24.211     24.411    30.9426     7.0577          1          1  0.000e+00
  1024.3276     24.141     24.340    30.9412     7.0600          1          1  0.000e+00
  1024.3234     24.059     24.257    30.9366     7.0614          1          1  0.000e+00
  1024.3257     23.974     24.172    30.9399     7.0613          1          1  0.000e+00
  1024.3237     23.859     24.056    30.9382     7.0618          1          1  0.000e+00
  1024.3192     23.740     23.935    30.9332     7.0615          1          1  0.000e+00
  1024.3211     23.610     23.805    30.9360     7.0597          1          1  0.000e+00
  1024.3211     23.478     23.671    30.9365     7.0582          1          1  0.000e+00
  1024.3219     23.345     23.538    30.9382     7.0574          1          1  0.000e+00
  1024.3217     23.211     23.402    30.9387     7.0574          1          1  0.000e+00
  1024.3208     23.087     23.277    30.9385     7.0580          1          1  0.000e+00
  1024.3197     22.965     23.154    30.9379     7.0587          1          1  0.000e+00
  1024.3191     22.844     23.032    30.9379     7.0590          1          1  0.000e+00
  1024.3183     22.723     22.910    30.9377     7.0595          1          1  0.000e+00
  1024.3179     22.608     22.794    30.9379     7.0600          1          1  0.000e+00
  1024.3168     22.489     22.674    30.9373     7.0608          1          1  0.000e+00
  1024.3156     22.370     22.554    30.9367     7.0617          1          1  0.000e+00
  1024.3151     22.249     22.433    30.9369     7.0623          1          1  0.000e+00
  1024.3135     22.130     22.312    30.9358     7.0635          1          1  0.000e+00
  1024.3118     22.004     22.186    30.9344     7.0641          1          1  0.000e+00
  1024.3112     21.878     22.059    30.9344     7.0641          1          1  0.000e+00
  1024.3112     21.755     21.935    30.9351     7.0640          1          1  0.000e+00
  1024.3112     21.632     21.811    30.9360     7.0647          1          1  0.000e+00
  1024.3096     21.507     21.684    30.9350     7.0662          1          1  0.000e+00
  1024.3090     21.383     21.559    30.9350     7.0674          1          1  0.000e+00
  1024.3080     21.261     21.436    30.9347     7.0685          1          1  0.000e+00
  1024.3074     21.143     21.317    30.9348     7.0696          1          1  0.000e+00
  1024.3057     21.020     21.193    30.9337     7.0712          1          1  0.000e+00
  1024.3041     20.898     21.070    30.9326     7.0728          1          1  0.000e+00
  1024.3035     20.776     20.947    30.9327     7.0739          1          1  0.000e+00
  1024.3012     20.655     20.825    30.9308     7.0754          1          1  0.000e+00
  1024.3006     20.534     20.703    30.9309     7.0760          1          1  0.000e+00
  1024.3009     20.412     20.580    30.9320     7.0766          1          1  0.000e+00
