data/eDNA/PER-2021-171/171c013.cnv
* Sea-Bird SBE19plus  Data File:
* FileName = C:\Users\RSG_field\Ryan_2021_Perley\CTD\171c013.hex
* Software version 2.3.0 SB_Terminal.dll
* Temperature SN = 7141
* Conductivity SN = 7141
* System UpLoad Time = Aug 12 2021 11:24:33
* <ApplicationData>
* <SeatermAF>
** Platform: M. Perley
** Cruise: Per2021171
** Station:  ESI_11
** Cast: 01 3
** Latitude: N  44 38.478
** Longitude: W 62 38.353
** Sounding: 76.8
** Chief Scientist: Ryan Stanley
** Comment: 171c013
# nquan = 8
# nvalues = 3622                                  
# units = specified
# name 0 = density00: Density [density, kg/m^3]
# name 1 = depSM: Depth [salt water, m], lat = 45.00
# name 2 = prdM: Pressure, Strain Gauge [db]
# name 3 = sal00: Salinity, Practical [PSU]
# name 4 = tv290C: Temperature [ITS-90, deg C]
# name 5 = bpos: Bottle Position in Carousel
# name 6 = nbf: Bottles Fired
# name 7 = flag:  0.000e+00
# span 0 =   998.6667,  1025.8309                 
# span 1 =     -0.073,     74.445                 
# span 2 =     -0.073,     75.068                 
# span 3 =     0.0000,    32.0945                 
# span 4 =     3.4582,    18.4048                 
# span 5 =          0,          6                 
# span 6 =          0,          6                 
# span 7 = 0.0000e+00, 0.0000e+00                 
# interval = seconds: 0.25
# start_time = Aug 12 2021 14:05:07 [Instrument's time stamp, header]
# bad_flag = -9.990e-29
*END*
[from data line 180]
   999.0039     -0.067     -0.067     0.0081    15.6667          0          0  0.000e+00
   999.0040     -0.068     -0.068     0.0081    15.6659          0          0  0.000e+00
   999.0041     -0.069     -0.069     0.0081    15.6648          0          0  0.000e+00
   999.0044     -0.068     -0.068     0.0081    15.6634          0          0  0.000e+00
   999.0045     -0.067     -0.067     0.0081    15.6625          0          0  0.000e+00
   999.0046     -0.067     -0.067     0.0082    15.6622          0          0  0.000e+00
   999.0045     -0.067     -0.067     0.0081    15.6625          0          0  0.000e+00
   999.0044     -0.068     -0.068     0.0081    15.6632          0          0  0.000e+00
   999.0043     -0.068     -0.068     0.0081    15.6640          0          0  0.000e+00
   999.0041     -0.071     -0.072     0.0081    15.6648          0          0  0.000e+00
   999.0040     -0.069     -0.069     0.0081    15.6655          0          0  0.000e+00
   999.0040     -0.068     -0.068     0.0082    15.6662          0          0  0.000e+00
   999.0039     -0.068     -0.068     0.0081    15.6666          0          0  0.000e+00
   999.0038     -0.067     -0.067     0.0082    15.6674          0          0  0.000e+00
   999.0037     -0.068     -0.068     0.0081    15.6678          0          0  0.000e+00
   999.0036     -0.069     -0.069     0.0081    15.6683          0          0  0.000e+00
   999.0035     -0.068     -0.068     0.0081    15.6689          0          0  0.000e+00
   999.0034     -0.070     -0.070     0.0081    15.6695          0          0  0.000e+00
   999.0033     -0.067     -0.067     0.0081    15.6704          0          0  0.000e+00
   999.0030     -0.068     -0.068     0.0082    15.6723          0          0  0.000e+00
   999.0027     -0.068     -0.068     0.0082    15.6742          0          0  0.000e+00
   999.0025     -0.068     -0.068     0.0081    15.6753          0          0  0.000e+00
   999.0024     -0.070     -0.070     0.0081    15.6755          0          0  0.000e+00
   999.0025     -0.068     -0.068     0.0082    15.6756          0          0  0.000e+00
   999.0024     -0.069     -0.069     0.0081    15.6755          0          0  0.000e+00
   999.0024     -0.068     -0.068     0.0081    15.6756          0          0  0.000e+00
   999.0024     -0.069     -0.069     0.0081    15.6756          0          0  0.000e+00
   999.0024     -0.068     -0.068     0.0081    15.6756          0          0  0.000e+00
   999.0025     -0.067     -0.067     0.0082    15.6755          0          0  0.000e+00
   999.0025     -0.068     -0.068     0.0082    15.6751          0          0  0.000e+00
   999.0026     -0.069     -0.069     0.0082    15.6749          0          0  0.000e+00
   999.0025     -0.067     -0.067     0.0081    15.6750          0          0  0.000e+00
   999.0025     -0.068     -0.068     0.0081    15.6755          0          0  0.000e+00
   999.0023     -0.068     -0.068     0.0081    15.6763          0          0  0.000e+00
   999.0022     -0.068     -0.068     0.0082    15.6769          0          0  0.000e+00
   999.0021     -0.069     -0.069     0.0081    15.6775          0          0  0.000e+00
   999.0022     -0.067     -0.067     0.0082    15.6775          0          0  0.000e+00
   999.0022     -0.070     -0.070     0.0082    15.6773          0          0  0.000e+00
   999.0022     -0.070     -0.070     0.0081    15.6768          0          0  0.000e+00
   999.0024     -0.069     -0.069     0.0082    15.6763          0          0  0.000e+00
   999.0024     -0.068     -0.068     0.0082    15.6758          0          0  0.000e+00
   999.0025     -0.069     -0.069     0.0081    15.6753          0          0  0.000e+00
   999.0025     -0.067     -0.067     0.0081    15.6749          0          0  0.000e+00
   999.0027     -0.070     -0.071     0.0082    15.6744          0          0  0.000e+00
   999.0027     -0.068     -0.068     0.0081    15.6741          0          0  0.000e+00
   999.0026     -0.070     -0.070     0.0081    15.6742          0          0  0.000e+00
   999.0026     -0.069     -0.069     0.0081    15.6745          0          0  0.000e+00
   999.0025     -0.069     -0.069     0.0081    15.6749          0          0  0.000e+00
   999.0025     -0.069     -0.069     0.0081    15.6750          0          0  0.000e+00
   999.0025     -0.070     -0.071     0.0081    15.6753          0          0  0.000e+00
   999.0024     -0.071     -0.072     0.0081    15.6758          0          0  0.000e+00
   999.0024     -0.067     -0.067     0.0082    15.6761          0          0  0.000e+00
   999.0023     -0.068     -0.068     0.0081    15.6764          0          0  0.000e+00
   999.0023     -0.068     -0.068     0.0082    15.6768          0          0  0.000e+00
   999.0023     -0.070     -0.071     0.0082    15.6769          0          0  0.000e+00
   999.0022     -0.068     -0.068     0.0082    15.6769          0          0  0.000e+00
   999.0023     -0.070     -0.071     0.0082    15.6766          0          0  0.000e+00
   999.0024     -0.070     -0.071     0.0081    15.6756          0          0  0.000e+00
   999.0025     -0.069     -0.069     0.0082    15.6752          0          0  0.000e+00
   999.0025     -0.069     -0.069     0.0081    15.6749          0          0  0.000e+00
   999.0026     -0.068     -0.068     0.0081    15.6746          0          0  0.000e+00
   999.0026     -0.067     -0.067     0.0082    15.6746          0          0  0.000e+00
   999.0025     -0.069     -0.069     0.0081    15.6749          0          0  0.000e+00
   999.0025     -0.070     -0.071     0.0082    15.6751          0          0  0.000e+00
   999.0025     -0.069     -0.069     0.0081    15.6750          0          0  0.000e+00
   999.0025     -0.069     -0.069     0.0082    15.6751          0          0  0.000e+00
   999.0025     -0.071     -0.072     0.0081    15.6752          0          0  0.000e+00
   999.0025     -0.069     -0.069     0.0081    15.6753          0          0  0.000e+00
   999.0026     -0.069     -0.069     0.0082    15.6753          0          0  0.000e+00
   999.0025     -0.069     -0.069     0.0081    15.6750          0          0  0.000e+00
   999.0026     -0.069     -0.069     0.0082    15.6745          0          0  0.000e+00
   999.0027     -0.069     -0.069     0.0082    15.6744          0          0  0.000e+00
   999.0027     -0.070     -0.071     0.0082    15.6740          0          0  0.000e+00
   999.0027     -0.070     -0.071     0.0081    15.6738          0          0  0.000e+00
   999.0028     -0.067     -0.067     0.0081    15.6734          0          0  0.000e+00
   999.0028     -0.070     -0.071     0.0081    15.6729          0          0  0.000e+00
   999.0030     -0.067     -0.067     0.0081    15.6723          0          0  0.000e+00
   999.0030     -0.070     -0.071     0.0081    15.6719          0          0  0.000e+00
   999.0031     -0.067     -0.067     0.0081    15.6715          0          0  0.000e+00
   999.0031     -0.069     -0.069     0.0081    15.6712          0          0  0.000e+00
   999.0032     -0.069     -0.069     0.0081    15.6706          0          0  0.000e+00
   999.0032     -0.068     -0.068     0.0081    15.6705          0          0  0.000e+00
   999.0032     -0.067     -0.067     0.0081    15.6706          0          0  0.000e+00
   999.0033     -0.068     -0.068     0.0082    15.6704          0          0  0.000e+00
   999.0033     -0.070     -0.071     0.0081    15.6700          0          0  0.000e+00
   999.0033     -0.069     -0.069     0.0081    15.6698          0          0  0.000e+00
   999.0033     -0.069     -0.069     0.0081    15.6698          0          0  0.000e+00
   999.0033     -0.068     -0.068     0.0081    15.6704          0          0  0.000e+00
   999.0031     -0.069     -0.069     0.0081    15.6712          0          0  0.000e+00
   999.0030     -0.068     -0.068     0.0081    15.6719          0          0  0.000e+00
   999.0029     -0.069     -0.070     0.0081    15.6725          0          0  0.000e+00
   999.0028     -0.070     -0.071     0.0081    15.6733          0          0  0.000e+00
   999.0027     -0.068     -0.068     0.0081    15.6737          0          0  0.000e+00
   999.0026     -0.070     -0.071     0.0082    15.6743          0          0  0.000e+00
   999.0025     -0.067     -0.067     0.0081    15.6750          0          0  0.000e+00
   999.0024     -0.068     -0.068     0.0081    15.6756          0          0  0.000e+00
   999.0024     -0.070     -0.071     0.0082    15.6763          0          0  0.000e+00
   999.0023     -0.069     -0.070     0.0081    15.6766          0          0  0.000e+00
   999.0021     -0.069     -0.070     0.0081    15.6774          0          0  0.000e+00
   999.0020     -0.069     -0.070     0.0082    15.6782          0          0  0.000e+00
   999.0018     -0.068     -0.068     0.0081    15.6794          0          0  0.000e+00
   999.0017     -0.070     -0.071     0.0081    15.6802          0          0  0.000e+00
   999.0016     -0.069     -0.069     0.0081    15.6811          0          0  0.000e+00
   999.0015     -0.069     -0.069     0.0082    15.6818          0          0  0.000e+00
   999.0013     -0.069     -0.069     0.0081    15.6826          0          0  0.000e+00
   999.0013     -0.069     -0.069     0.0081    15.6830          0          0  0.000e+00
   999.0012     -0.069     -0.069     0.0082    15.6835          0          0  0.000e+00
   999.0011     -0.069     -0.069     0.0081    15.6839          0          0  0.000e+00
   999.0011     -0.067     -0.067     0.0081    15.6843          0          0  0.000e+00
   999.0010     -0.068     -0.068     0.0081    15.6846          0          0  0.000e+00
   999.0009     -0.069     -0.070     0.0082    15.6852          0          0  0.000e+00
   999.0009     -0.069     -0.070     0.0082    15.6854          0          0  0.000e+00
   999.0008     -0.068     -0.068     0.0081    15.6858          0          0  0.000e+00
   999.0008     -0.069     -0.070     0.0081    15.6861          0          0  0.000e+00
   999.0007     -0.070     -0.071     0.0081    15.6864          0          0  0.000e+00
   999.0007     -0.069     -0.070     0.0082    15.6866          0          0  0.000e+00
   999.0006     -0.069     -0.070     0.0082    15.6870          0          0  0.000e+00
   999.0006     -0.069     -0.070     0.0081    15.6873          0          0  0.000e+00
   999.0005     -0.068     -0.068     0.0081    15.6879          0          0  0.000e+00
   999.0004     -0.068     -0.068     0.0081    15.6886          0          0  0.000e+00
   999.0003     -0.068     -0.068     0.0081    15.6892          0          0  0.000e+00
   999.0002     -0.070     -0.071     0.0082    15.6899          0          0  0.000e+00
   999.0000     -0.069     -0.070     0.0081    15.6907          0          0  0.000e+00
   998.9999     -0.069     -0.070     0.0081    15.6913          0          0  0.000e+00
   998.9998     -0.071     -0.072     0.0081    15.6921          0          0  0.000e+00
   998.9997     -0.069     -0.070     0.0081    15.6925          0          0  0.000e+00
   998.9997     -0.068     -0.068     0.0081    15.6930          0          0  0.000e+00
   998.9996     -0.069     -0.070     0.0082    15.6933          0          0  0.000e+00
   998.9996     -0.069     -0.070     0.0081    15.6937          0          0  0.000e+00
   998.9995     -0.071     -0.072     0.0081    15.6937          0          0  0.000e+00
   998.9995     -0.068     -0.068     0.0081    15.6939          0          0  0.000e+00
   998.9995     -0.068     -0.068     0.0081    15.6940          0          0  0.000e+00
   998.9995     -0.069     -0.070     0.0081    15.6942          0          0  0.000e+00
   998.9994     -0.070     -0.071     0.0081    15.6944          0          0  0.000e+00
   998.9994     -0.069     -0.070     0.0081    15.6950          0          0  0.000e+00
   998.9992     -0.070     -0.071     0.0081    15.6958          0          0  0.000e+00
   998.9992     -0.069     -0.070     0.0081    15.6963          0          0  0.000e+00
   998.9991     -0.069     -0.070     0.0081    15.6968          0          0  0.000e+00
   998.9990     -0.067     -0.067     0.0081    15.6974          0          0  0.000e+00
   998.9989     -0.068     -0.068     0.0081    15.6979          0          0  0.000e+00
   998.9988     -0.070     -0.071     0.0082    15.6985          0          0  0.000e+00
   998.9987     -0.070     -0.071     0.0081    15.6992          0          0  0.000e+00
   998.9986     -0.069     -0.070     0.0081    15.6997          0          0  0.000e+00
   998.9986     -0.068     -0.069     0.0081    15.7001          0          0  0.000e+00
   998.9985     -0.069     -0.070     0.0081    15.7001          0          0  0.000e+00
   998.9986     -0.069     -0.070     0.0081    15.7000          0          0  0.000e+00
   998.9985     -0.069     -0.070     0.0081    15.7001          0          0  0.000e+00
   998.9985     -0.068     -0.068     0.0081    15.7005          0          0  0.000e+00
   998.9984     -0.071     -0.072     0.0082    15.7012          0          0  0.000e+00
   998.9983     -0.070     -0.071     0.0081    15.7018          0          0  0.000e+00
   998.9982     -0.067     -0.067     0.0081    15.7020          0          0  0.000e+00
   998.9982     -0.069     -0.070     0.0081    15.7026          0          0  0.000e+00
   998.9981     -0.069     -0.070     0.0081    15.7026          0          0  0.000e+00
   998.9981     -0.069     -0.070     0.0081    15.7029          0          0  0.000e+00
   998.9980     -0.070     -0.071     0.0081    15.7032          0          0  0.000e+00
   998.9980     -0.070     -0.071     0.0081    15.7034          0          0  0.000e+00
   998.9979     -0.068     -0.069     0.0081    15.7038          0          0  0.000e+00
   998.9979     -0.070     -0.071     0.0081    15.7041          0          0  0.000e+00
   998.9979     -0.068     -0.069     0.0081    15.7043          0          0  0.000e+00
   998.9978     -0.069     -0.070     0.0081    15.7045          0          0  0.000e+00
   998.9979     -0.070     -0.071     0.0081    15.7042          0          0  0.000e+00
   998.9979     -0.070     -0.071     0.0081    15.7042          0          0  0.000e+00
   998.9979     -0.069     -0.070     0.0081    15.7042          0          0  0.000e+00
   998.9978     -0.069     -0.070     0.0081    15.7046          0          0  0.000e+00
   998.9977     -0.068     -0.069     0.0081    15.7050          0          0  0.000e+00
   998.9977     -0.069     -0.070     0.0081    15.7057          0          0  0.000e+00
   998.9976     -0.069     -0.070     0.0081    15.7064          0          0  0.000e+00
   998.9975     -0.068     -0.069     0.0081    15.7069          0          0  0.000e+00
   998.9973     -0.069     -0.070     0.0081    15.7078          0          0  0.000e+00
   998.9972     -0.070     -0.071     0.0081    15.7083          0          0  0.000e+00
   998.9972     -0.069     -0.070     0.0081    15.7088          0          0  0.000e+00
   998.9971     -0.068     -0.069     0.0081    15.7093          0          0  0.000e+00
   998.9971     -0.069     -0.070     0.0082    15.7097          0          0  0.000e+00
   998.9969     -0.071     -0.072     0.0081    15.7102          0          0  0.000e+00
   998.9968     -0.068     -0.069     0.0081    15.7109          0          0  0.000e+00
   998.9968     -0.069     -0.070     0.0081    15.7112          0          0  0.000e+00
   998.9967     -0.070     -0.071     0.0081    15.7119          0          0  0.000e+00
   998.9966     -0.069     -0.070     0.0081    15.7123          0          0  0.000e+00
   998.9965     -0.070     -0.071     0.0081    15.7129          0          0  0.000e+00
