data/eDNA/PER-2021-171/171c016.cnv
* Sea-Bird SBE19plus  Data File:
* FileName = C:\Users\RSG_field\Ryan_2021_Perley\CTD\171c016.hex
* Software version 2.3.0 SB_Terminal.dll
* Temperature SN = 7141
* Conductivity SN = 7141
* System UpLoad Time = Aug 13 2021 10:56:53
* <ApplicationData>
* <SeatermAF>
** Platform: M. Perley
** Cruise: Per2021171
** Station:  ESI_04
** Cast: 01 3
** Latitude: N  44 45.236
** Longitude: W 62 5.9
** Sounding: 103
** Chief Scientist: Ryan Stanley
** Comment: 171c016
# nquan = 8
# nvalues = 3236                                  
# units = specified
# name 0 = density00: Density [density, kg/m^3]
# name 1 = depSM: Depth [salt water, m], lat = 45.00
# name 2 = prdM: Pressure, Strain Gauge [db]
# name 3 = sal00: Salinity, Practical [PSU]
# name 4 = tv290C: Temperature [ITS-90, deg C]
# name 5 = bpos: Bottle Position in Carousel
# name 6 = nbf: Bottles Fired
# name 7 = flag:  0.000e+00
# span 0 =   998.6152,  1026.3661                 
# span 1 =     -0.087,     96.499                 
# span 2 =     -0.088,     97.311                 
# span 3 =     0.0082,    32.5947                 
# span 4 =     3.1884,    18.5451                 
# span 5 =          0,          6                 
# span 6 =          0,          6                 
# span 7 = 0.0000e+00, 0.0000e+00                 
# interval = seconds: 0.25
# start_time = Aug 13 2021 13:41:12 [Instrument's time stamp, header]
# bad_flag = -9.990e-29
*END*
[from data line 3057]
  1022.3449     10.709     10.797    30.9751    17.5591          4          4  0.000e+00
  1022.2919     10.665     10.752    30.9113    17.5759          4          4  0.000e+00
  1022.2381     10.619     10.706    30.8543    17.6185          4          4  0.000e+00
  1022.2030     10.555     10.642    30.8181    17.6484          4          4  0.000e+00
  1022.1969     10.478     10.564    30.8106    17.6486          4          4  0.000e+00
  1022.1902     10.380     10.466    30.7982    17.6349          4          4  0.000e+00
  1022.1827     10.264     10.348    30.7857    17.6240          4          4  0.000e+00
  1022.1749     10.125     10.208    30.7767    17.6254          4          4  0.000e+00
  1022.1678      9.973     10.055    30.7690    17.6277          4          4  0.000e+00
  1022.1474      9.813      9.894    30.7456    17.6352          4          4  0.000e+00
  1022.1083      9.648      9.727    30.7036    17.6615          4          4  0.000e+00
  1022.0734      9.486      9.564    30.6711    17.7012          4          4  0.000e+00
  1022.0442      9.332      9.409    30.6442    17.7346          4          4  0.000e+00
  1022.0193      9.192      9.268    30.6214    17.7632          4          4  0.000e+00
  1021.9978      9.075      9.149    30.6016    17.7878          4          4  0.000e+00
  1021.9872      8.981      9.055    30.5938    17.8056          4          4  0.000e+00
  1021.9732      8.914      8.988    30.5818    17.8243          4          4  0.000e+00
  1021.9598      8.867      8.940    30.5706    17.8440          4          4  0.000e+00
  1021.9494      8.833      8.905    30.5638    17.8653          4          4  0.000e+00
  1021.9384      8.806      8.879    30.5580    17.8924          4          4  0.000e+00
  1021.9127      8.771      8.843    30.5343    17.9236          4          4  0.000e+00
  1021.9142      8.722      8.793    30.5431    17.9444          4          4  0.000e+00
  1021.8893      8.647      8.718    30.5177    17.9660          4          4  0.000e+00
  1021.8700      8.542      8.613    30.4947    17.9715          4          4  0.000e+00
  1021.8632      8.406      8.475    30.4819    17.9563          4          4  0.000e+00
  1021.8925      8.240      8.308    30.5130    17.9301          4          4  0.000e+00
  1021.9316      8.050      8.116    30.5632    17.9231          4          4  0.000e+00
  1021.9728      7.852      7.917    30.6265    17.9498          4          4  0.000e+00
  1021.9554      7.644      7.706    30.6244    18.0119          4          4  0.000e+00
  1021.9200      7.434      7.495    30.5999    18.0777          4          4  0.000e+00
  1021.9160      7.232      7.292    30.6120    18.1291          4          4  0.000e+00
  1021.8854      7.046      7.103    30.5893    18.1801          4          4  0.000e+00
  1021.8788      6.882      6.939    30.5944    18.2209          4          4  0.000e+00
  1021.8591      6.740      6.796    30.5812    18.2580          4          4  0.000e+00
  1021.8596      6.628      6.682    30.5924    18.2893          4          4  0.000e+00
  1021.8475      6.543      6.597    30.5871    18.3211          4          4  0.000e+00
  1021.8452      6.484      6.537    30.5939    18.3508          4          4  0.000e+00
  1021.8252      6.444      6.496    30.5776    18.3813          4          4  0.000e+00
  1021.8147      6.421      6.474    30.5715    18.4050          4          4  0.000e+00
  1021.8068      6.408      6.460    30.5672    18.4236          4          4  0.000e+00
  1021.7953      6.395      6.447    30.5566    18.4377          4          4  0.000e+00
  1021.7867      6.376      6.428    30.5479    18.4451          4          4  0.000e+00
  1021.7750      6.340      6.392    30.5328    18.4452          4          4  0.000e+00
  1021.7741      6.291      6.343    30.5293    18.4368          4          4  0.000e+00
  1021.7769      6.222      6.273    30.5298    18.4259          4          4  0.000e+00
  1021.7685      6.128      6.178    30.5154    18.4136          4          4  0.000e+00
  1021.7809      6.010      6.059    30.5261    18.3937          4          4  0.000e+00
  1021.8028      5.866      5.914    30.5506    18.3780          4          4  0.000e+00
  1021.8178      5.701      5.747    30.5706    18.3764          5          5  0.000e+00
  1021.8167      5.517      5.562    30.5734    18.3860          5          5  0.000e+00
  1021.8132      5.324      5.368    30.5742    18.3995          5          5  0.000e+00
  1021.8062      5.132      5.175    30.5702    18.4120          5          5  0.000e+00
  1021.8007      4.949      4.990    30.5675    18.4229          5          5  0.000e+00
  1021.7957      4.773      4.812    30.5649    18.4321          5          5  0.000e+00
  1021.7923      4.616      4.654    30.5635    18.4390          5          5  0.000e+00
  1021.7901      4.477      4.514    30.5631    18.4443          5          5  0.000e+00
  1021.7897      4.364      4.400    30.5649    18.4496          5          5  0.000e+00
  1021.7904      4.269      4.303    30.5684    18.4555          5          5  0.000e+00
  1021.7866      4.191      4.225    30.5661    18.4628          5          5  0.000e+00
  1021.7830      4.124      4.158    30.5641    18.4701          5          5  0.000e+00
  1021.7771      4.055      4.089    30.5587    18.4763          5          5  0.000e+00
  1021.7738      3.975      4.008    30.5559    18.4794          5          5  0.000e+00
  1021.7684      3.878      3.910    30.5495    18.4798          5          5  0.000e+00
  1021.7638      3.770      3.801    30.5429    18.4760          5          5  0.000e+00
  1021.7623      3.647      3.677    30.5391    18.4679          5          5  0.000e+00
  1021.7527      3.512      3.540    30.5234    18.4556          5          5  0.000e+00
  1021.7732      3.374      3.402    30.5450    18.4366          5          5  0.000e+00
  1021.7943      3.239      3.266    30.5702    18.4264          5          5  0.000e+00
  1021.7951      3.115      3.141    30.5733    18.4308          5          5  0.000e+00
  1021.7861      3.015      3.039    30.5648    18.4389          5          5  0.000e+00
  1021.7905      2.942      2.967    30.5722    18.4429          5          5  0.000e+00
  1021.7946      2.898      2.922    30.5797    18.4489          6          6  0.000e+00
  1021.7957      2.865      2.889    30.5849    18.4602          6          6  0.000e+00
  1021.7893      2.836      2.860    30.5815    18.4753          6          6  0.000e+00
  1021.7818      2.790      2.813    30.5766    18.4896          6          6  0.000e+00
  1021.7693      2.718      2.740    30.5641    18.5005          6          6  0.000e+00
  1021.7581      2.613      2.634    30.5513    18.5042          6          6  0.000e+00
  1021.7502      2.475      2.495    30.5403    18.4998          6          6  0.000e+00
  1021.7436      2.311      2.330    30.5286    18.4874          6          6  0.000e+00
  1021.7600      2.115      2.132    30.5454    18.4692          6          6  0.000e+00
  1021.7766      1.910      1.926    30.5647    18.4576          6          6  0.000e+00
  1021.7800      1.699      1.713    30.5704    18.4576          6          6  0.000e+00
  1021.7821      1.491      1.504    30.5758    18.4624          6          6  0.000e+00
  1021.7790      1.296      1.307    30.5754    18.4703          6          6  0.000e+00
  1021.7739      1.126      1.135    30.5724    18.4785          6          6  0.000e+00
  1021.7707      0.989      0.997    30.5710    18.4847          6          6  0.000e+00
  1021.7708      0.892      0.900    30.5735    18.4905          6          6  0.000e+00
  1021.7700      0.823      0.829    30.5749    18.4970          6          6  0.000e+00
  1021.7651      0.771      0.777    30.5710    18.5039          6          6  0.000e+00
  1021.7616      0.731      0.737    30.5684    18.5096          6          6  0.000e+00
  1021.7584      0.697      0.703    30.5658    18.5136          6          6  0.000e+00
  1021.7561      0.661      0.667    30.5637    18.5159          6          6  0.000e+00
  1021.7558      0.616      0.621    30.5640    18.5173          6          6  0.000e+00
  1021.7559      0.552      0.557    30.5647    18.5178          6          6  0.000e+00
  1021.7499      0.465      0.469    30.5576    18.5185          6          6  0.000e+00
  1021.7513      0.364      0.367    30.5591    18.5160          6          6  0.000e+00
  1021.7529      0.279      0.281    30.5608    18.5128          6          6  0.000e+00
  1021.7552      0.214      0.216    30.5635    18.5107          6          6  0.000e+00
  1021.7534      0.143      0.144    30.5616    18.5107          6          6  0.000e+00
  1021.7467      0.041      0.042    30.5531    18.5100          6          6  0.000e+00
  1021.7332     -0.046     -0.046    30.5344    18.5052          6          6  0.000e+00
  1021.7270     -0.049     -0.049    30.5237    18.4972          6          6  0.000e+00
  1021.7421     -0.047     -0.047    30.5400    18.4862          6          6  0.000e+00
  1021.7633     -0.048     -0.048    30.5599    18.4618          6          6  0.000e+00
  1021.7555     -0.048     -0.048    30.5447    18.4458          6          6  0.000e+00
  1021.7268     -0.048     -0.048    30.5038    18.4354          6          6  0.000e+00
  1021.7456     -0.049     -0.049    30.5193    18.4068          6          6  0.000e+00
  1021.7714     -0.049     -0.049    30.5413    18.3697          6          6  0.000e+00
  1021.7836     -0.049     -0.049    30.5495    18.3452          6          6  0.000e+00
  1021.7902     -0.050     -0.050    30.5530    18.3291          6          6  0.000e+00
  1021.7947     -0.050     -0.050    30.5545    18.3151          6          6  0.000e+00
  1021.7963     -0.050     -0.050    30.5526    18.3024          6          6  0.000e+00
  1021.7916     -0.051     -0.051    30.5424    18.2897          6          6  0.000e+00
  1017.6473     -0.049     -0.049    25.1049    18.2742          6          6  0.000e+00
  1002.7066     -0.048     -0.048     5.4474    18.2548          6          6  0.000e+00
  1001.8695     -0.048     -0.048     4.3422    18.2351          6          6  0.000e+00
  1001.4099     -0.048     -0.048     3.7359    18.2238          6          6  0.000e+00
  1000.7768     -0.050     -0.050     2.9028    18.2145          6          6  0.000e+00
  1001.4186     -0.049     -0.049     3.7424    18.2049          6          6  0.000e+00
  1001.3937     -0.048     -0.048     3.7067    18.1927          6          6  0.000e+00
  1000.6966     -0.051     -0.051     2.7893    18.1817          6          6  0.000e+00
  1000.3171     -0.049     -0.049     2.2890    18.1699          6          6  0.000e+00
   999.8921     -0.048     -0.048     1.7291    18.1567          6          6  0.000e+00
   999.1811     -0.048     -0.048     0.7959    18.1420          6          6  0.000e+00
   999.0232     -0.049     -0.049     0.5859    18.1261          6          6  0.000e+00
   998.9528     -0.050     -0.050     0.4901    18.1095          6          6  0.000e+00
   998.9039     -0.049     -0.049     0.4221    18.0920          6          6  0.000e+00
   998.8751     -0.049     -0.049     0.3802    18.0741          6          6  0.000e+00
   998.8557     -0.050     -0.050     0.3504    18.0554          6          6  0.000e+00
   998.8365     -0.047     -0.047     0.3208    18.0363          6          6  0.000e+00
   998.8228     -0.048     -0.048     0.2982    18.0168          6          6  0.000e+00
   998.8025     -0.052     -0.052     0.2670    17.9972          6          6  0.000e+00
   998.6849     -0.047     -0.047     0.1093    17.9775          6          6  0.000e+00
   998.6182     -0.049     -0.049     0.0179    17.9574          6          6  0.000e+00
   998.6152     -0.049     -0.049     0.0091    17.9371          6          6  0.000e+00
   998.6189     -0.048     -0.048     0.0091    17.9168          6          6  0.000e+00
   998.6227     -0.050     -0.050     0.0091    17.8965          6          6  0.000e+00
   998.6265     -0.048     -0.048     0.0091    17.8759          6          6  0.000e+00
   998.6302     -0.049     -0.049     0.0091    17.8555          6          6  0.000e+00
   998.6341     -0.047     -0.047     0.0091    17.8343          6          6  0.000e+00
   998.6381     -0.049     -0.049     0.0092    17.8125          6          6  0.000e+00
   998.6423     -0.049     -0.049     0.0092    17.7896          6          6  0.000e+00
   998.6468     -0.047     -0.047     0.0091    17.7649          6          6  0.000e+00
   998.6512     -0.045     -0.046     0.0092    17.7406          6          6  0.000e+00
   998.6553     -0.050     -0.050     0.0091    17.7177          6          6  0.000e+00
   998.6595     -0.051     -0.051     0.0091    17.6950          6          6  0.000e+00
   998.6633     -0.048     -0.048     0.0091    17.6736          6          6  0.000e+00
   998.6671     -0.049     -0.049     0.0092    17.6532          6          6  0.000e+00
   998.6706     -0.048     -0.048     0.0090    17.6336          6          6  0.000e+00
   998.6741     -0.046     -0.047     0.0091    17.6140          6          6  0.000e+00
   998.6777     -0.048     -0.048     0.0090    17.5938          6          6  0.000e+00
   998.6813     -0.048     -0.048     0.0090    17.5739          6          6  0.000e+00
   998.6851     -0.045     -0.046     0.0091    17.5535          6          6  0.000e+00
   998.6886     -0.046     -0.047     0.0090    17.5335          6          6  0.000e+00
   998.6922     -0.045     -0.046     0.0090    17.5134          6          6  0.000e+00
   998.6958     -0.043     -0.044     0.0090    17.4930          6          6  0.000e+00
   998.6995     -0.044     -0.045     0.0090    17.4729          6          6  0.000e+00
   998.7030     -0.043     -0.044     0.0091    17.4533          6          6  0.000e+00
   998.7064     -0.045     -0.046     0.0091    17.4345          6          6  0.000e+00
   998.7097     -0.045     -0.046     0.0090    17.4155          6          6  0.000e+00
   998.7132     -0.046     -0.047     0.0090    17.3960          6          6  0.000e+00
   998.7166     -0.048     -0.048     0.0090    17.3769          6          6  0.000e+00
   998.7195     -0.045     -0.046     0.0089    17.3606          6          6  0.000e+00
   998.7224     -0.048     -0.048     0.0090    17.3439          6          6  0.000e+00
   998.7255     -0.050     -0.050     0.0089    17.3266          6          6  0.000e+00
   998.7288     -0.051     -0.051     0.0090    17.3080          6          6  0.000e+00
   998.7320     -0.050     -0.050     0.0089    17.2896          6          6  0.000e+00
   998.7352     -0.051     -0.051     0.0089    17.2716          6          6  0.000e+00
   999.2078     -0.051     -0.051     0.6188    17.2536          6          6  0.000e+00
  1003.1639     -0.051     -0.051     5.7897    17.2364          6          6  0.000e+00
  1002.4020     -0.050     -0.050     4.7865    17.2185          6          6  0.000e+00
  1001.1684     -0.052     -0.052     3.1677    17.2058          6          6  0.000e+00
  1000.5042     -0.050     -0.050     2.3011    17.2140          6          6  0.000e+00
  1000.2255     -0.051     -0.051     1.9420    17.2354          6          6  0.000e+00
   999.8446     -0.050     -0.050     1.4484    17.2518          6          6  0.000e+00
   999.6377     -0.052     -0.052     1.1810    17.2624          6          6  0.000e+00
   999.4908     -0.050     -0.050     0.9919    17.2729          6          6  0.000e+00
   999.3764     -0.051     -0.051     0.8441    17.2781          6          6  0.000e+00
   999.2917     -0.051     -0.051     0.7331    17.2755          6          6  0.000e+00
