data/eDNA/PER-2021-171/171c020.cnv
* Sea-Bird SBE19plus  Data File:
* FileName = C:\Users\RSG_field\Ryan_2021_Perley\CTD\171c020.hex
* Software version 2.3.0 SB_Terminal.dll
* Temperature SN = 7141
* Conductivity SN = 7141
* System UpLoad Time = Aug 17 2021 11:52:23
* <ApplicationData>
* <SeatermAF>
** Platform: M. Perley
** Cruise: Per2021171
** Station:  SAB_05
** Cast: 01 3
** Latitude: N  46 15.954
** Longitude: W 59 10.545
** Sounding: 112
** Chief Scientist: Ryan Stanley
** Comment: 171c020
# nquan = 8
# nvalues = 3380                                  
# units = specified
# name 0 = density00: Density [density, kg/m^3]
# name 1 = depSM: Depth [salt water, m], lat = 45.00
# name 2 = prdM: Pressure, Strain Gauge [db]
# name 3 = sal00: Salinity, Practical [PSU]
# name 4 = tv290C: Temperature [ITS-90, deg C]
# name 5 = bpos: Bottle Position in Carousel
# name 6 = nbf: Bottles Fired
# name 7 = flag:  0.000e+00
# span 0 =   998.9849,  1026.7774                 
# span 1 =     -0.039,    105.767                 
# span 2 =     -0.039,    106.660                 
# span 3 =     0.0079,    32.9537                 
# span 4 =     2.0383,    19.8721                 
# span 5 =          0,          5                 
# span 6 =          0,          5                 
# span 7 = 0.0000e+00, 0.0000e+00                 
# interval = seconds: 0.25
# start_time = Aug 17 2021 14:35:08 [Instrument's time stamp, header]
# bad_flag = -9.990e-29
*END*
[from data line 1259]
  1025.6268     50.085     50.501    31.8901     3.1614          0          0  0.000e+00
  1025.6287     50.239     50.656    31.8916     3.1613          0          0  0.000e+00
  1025.6314     50.403     50.822    31.8939     3.1607          0          0  0.000e+00
  1025.6215     50.579     50.999    31.8802     3.1585          0          0  0.000e+00
  1025.6234     50.761     51.183    31.8803     3.1478          0          0  0.000e+00
  1025.6395     50.944     51.367    31.8976     3.1313          0          0  0.000e+00
  1025.6528     51.120     51.544    31.9119     3.1185          0          0  0.000e+00
  1025.6590     51.282     51.708    31.9178     3.1096          0          0  0.000e+00
  1025.6623     51.434     51.862    31.9201     3.1017          0          0  0.000e+00
  1025.6681     51.576     52.005    31.9255     3.0932          0          0  0.000e+00
  1025.6728     51.707     52.137    31.9299     3.0866          0          0  0.000e+00
  1025.6780     51.826     52.256    31.9353     3.0814          0          0  0.000e+00
  1025.6815     51.945     52.377    31.9385     3.0770          0          0  0.000e+00
  1025.6844     52.059     52.492    31.9410     3.0729          0          0  0.000e+00
  1025.6842     52.170     52.604    31.9397     3.0701          0          0  0.000e+00
  1025.6893     52.284     52.718    31.9451     3.0671          0          0  0.000e+00
  1025.6869     52.390     52.825    31.9414     3.0657          0          0  0.000e+00
  1025.6828     52.484     52.920    31.9354     3.0632          0          0  0.000e+00
  1025.6774     52.567     53.004    31.9275     3.0575          0          0  0.000e+00
  1025.6709     52.639     53.076    31.9179     3.0481          0          0  0.000e+00
  1025.6713     52.695     53.133    31.9166     3.0347          0          0  0.000e+00
  1025.6783     52.745     53.183    31.9236     3.0203          0          0  0.000e+00
  1025.6817     52.795     53.234    31.9263     3.0085          0          0  0.000e+00
  1025.6777     52.853     53.292    31.9198     2.9977          0          0  0.000e+00
  1025.6742     52.919     53.359    31.9135     2.9842          0          0  0.000e+00
  1025.6660     53.009     53.449    31.9009     2.9675          0          0  0.000e+00
  1025.6685     53.118     53.560    31.9010     2.9456          0          0  0.000e+00
  1025.6740     53.259     53.702    31.9047     2.9226          0          0  0.000e+00
  1025.6774     53.417     53.861    31.9057     2.9006          0          0  0.000e+00
  1025.6823     53.596     54.042    31.9086     2.8799          0          0  0.000e+00
  1025.7008     53.786     54.233    31.9285     2.8596          0          0  0.000e+00
  1025.7191     53.983     54.432    31.9488     2.8452          0          0  0.000e+00
  1025.7234     54.176     54.627    31.9525     2.8392          0          0  0.000e+00
  1025.7232     54.368     54.820    31.9506     2.8355          0          0  0.000e+00
  1025.7108     54.542     54.995    31.9336     2.8304          0          0  0.000e+00
  1025.7182     54.701     55.156    31.9406     2.8187          0          0  0.000e+00
  1025.7301     54.834     55.290    31.9535     2.8069          0          0  0.000e+00
  1025.7352     54.951     55.408    31.9583     2.7979          0          0  0.000e+00
  1025.7356     55.057     55.515    31.9574     2.7899          0          0  0.000e+00
  1025.7430     55.154     55.613    31.9650     2.7799          0          0  0.000e+00
  1025.7492     55.254     55.714    31.9713     2.7716          0          0  0.000e+00
  1025.7501     55.351     55.811    31.9713     2.7663          0          0  0.000e+00
  1025.7419     55.452     55.914    31.9598     2.7602          0          0  0.000e+00
  1025.7471     55.548     56.010    31.9644     2.7480          0          0  0.000e+00
  1025.7616     55.645     56.108    31.9807     2.7346          0          0  0.000e+00
  1025.7777     55.743     56.207    31.9993     2.7258          0          0  0.000e+00
  1025.7898     55.834     56.299    32.0135     2.7213          0          0  0.000e+00
  1025.7944     55.922     56.387    32.0186     2.7193          0          0  0.000e+00
  1025.7957     56.001     56.468    32.0196     2.7187          0          0  0.000e+00
  1025.7961     56.081     56.548    32.0196     2.7182          0          0  0.000e+00
  1025.7965     56.159     56.627    32.0194     2.7167          0          0  0.000e+00
  1025.7965     56.240     56.708    32.0188     2.7142          0          0  0.000e+00
  1025.8013     56.334     56.803    32.0238     2.7109          0          0  0.000e+00
  1025.7975     56.443     56.912    32.0182     2.7084          0          0  0.000e+00
  1025.7923     56.578     57.049    32.0103     2.7023          0          0  0.000e+00
  1025.7976     56.736     57.208    32.0145     2.6887          0          0  0.000e+00
  1025.8291     56.917     57.391    32.0513     2.6725          0          0  0.000e+00
  1025.8633     57.111     57.587    32.0924     2.6672          0          0  0.000e+00
  1025.8681     57.311     57.788    32.0980     2.6751          0          0  0.000e+00
  1025.8239     57.508     57.987    32.0424     2.6836          0          0  0.000e+00
  1025.8111     57.692     58.173    32.0238     2.6698          0          0  0.000e+00
  1025.8359     57.861     58.343    32.0513     2.6442          0          0  0.000e+00
  1025.8531     58.017     58.500    32.0703     2.6278          0          0  0.000e+00
  1025.8512     58.146     58.630    32.0663     2.6200          0          0  0.000e+00
  1025.8480     58.257     58.743    32.0607     2.6111          0          0  0.000e+00
  1025.8551     58.352     58.838    32.0679     2.5996          0          0  0.000e+00
  1025.8590     58.428     58.915    32.0713     2.5900          0          0  0.000e+00
  1025.8679     58.489     58.976    32.0812     2.5808          0          0  0.000e+00
  1025.8742     58.544     59.031    32.0882     2.5750          0          0  0.000e+00
  1025.8785     58.588     59.076    32.0930     2.5718          0          0  0.000e+00
  1025.8798     58.632     59.120    32.0943     2.5707          0          0  0.000e+00
  1025.8804     58.676     59.165    32.0947     2.5704          0          0  0.000e+00
  1025.8804     58.725     59.214    32.0944     2.5703          0          0  0.000e+00
  1025.8795     58.789     59.278    32.0928     2.5698          0          0  0.000e+00
  1025.8811     58.863     59.353    32.0943     2.5685          0          0  0.000e+00
  1025.8788     58.948     59.439    32.0907     2.5671          0          0  0.000e+00
  1025.8785     59.048     59.540    32.0894     2.5636          0          0  0.000e+00
  1025.8778     59.166     59.659    32.0873     2.5582          0          0  0.000e+00
  1025.8794     59.296     59.790    32.0879     2.5520          0          0  0.000e+00
  1025.8786     59.443     59.938    32.0854     2.5453          0          0  0.000e+00
  1025.8787     59.601     60.097    32.0838     2.5377          0          0  0.000e+00
  1025.8805     59.771     60.269    32.0842     2.5293          0          0  0.000e+00
  1025.8849     59.948     60.448    32.0878     2.5207          0          0  0.000e+00
  1025.8912     60.131     60.632    32.0938     2.5137          0          0  0.000e+00
  1025.8908     60.315     60.818    32.0918     2.5091          0          0  0.000e+00
  1025.8926     60.493     60.997    32.0925     2.5047          0          0  0.000e+00
  1025.8937     60.664     61.170    32.0925     2.5005          0          0  0.000e+00
  1025.8955     60.818     61.325    32.0935     2.4968          0          0  0.000e+00
  1025.8964     60.956     61.464    32.0934     2.4930          0          0  0.000e+00
  1025.8957     61.078     61.587    32.0914     2.4890          0          0  0.000e+00
  1025.8963     61.182     61.692    32.0910     2.4845          0          0  0.000e+00
  1025.9001     61.268     61.779    32.0949     2.4803          0          0  0.000e+00
  1025.9003     61.343     61.854    32.0945     2.4776          0          0  0.000e+00
  1025.9033     61.413     61.924    32.0975     2.4750          0          0  0.000e+00
  1025.9044     61.471     61.983    32.0984     2.4736          0          0  0.000e+00
  1025.9034     61.528     62.041    32.0968     2.4729          0          0  0.000e+00
  1025.9036     61.587     62.101    32.0965     2.4717          0          0  0.000e+00
  1025.9044     61.655     62.169    32.0970     2.4699          0          0  0.000e+00
  1025.9042     61.734     62.248    32.0961     2.4682          0          0  0.000e+00
  1025.9049     61.828     62.344    32.0962     2.4659          0          0  0.000e+00
  1025.9073     61.942     62.458    32.0982     2.4630          0          0  0.000e+00
  1025.9104     62.071     62.588    32.1010     2.4606          0          0  0.000e+00
  1025.9102     62.217     62.736    32.0998     2.4588          0          0  0.000e+00
  1025.9115     62.372     62.892    32.1002     2.4565          0          0  0.000e+00
  1025.9151     62.526     63.047    32.1035     2.4536          0          0  0.000e+00
  1025.9178     62.673     63.196    32.1059     2.4514          0          0  0.000e+00
  1025.9204     62.813     63.337    32.1081     2.4500          0          0  0.000e+00
  1025.9219     62.938     63.463    32.1092     2.4492          0          0  0.000e+00
  1025.9224     63.055     63.581    32.1091     2.4489          0          0  0.000e+00
  1025.9239     63.160     63.686    32.1102     2.4486          0          0  0.000e+00
  1025.9242     63.263     63.790    32.1100     2.4485          0          0  0.000e+00
  1025.9252     63.361     63.890    32.1107     2.4481          0          0  0.000e+00
  1025.9273     63.459     63.988    32.1126     2.4473          0          0  0.000e+00
  1025.9284     63.563     64.093    32.1134     2.4470          0          0  0.000e+00
  1025.9296     63.672     64.203    32.1142     2.4467          0          0  0.000e+00
  1025.9309     63.785     64.317    32.1151     2.4463          0          0  0.000e+00
  1025.9325     63.905     64.438    32.1164     2.4461          0          0  0.000e+00
  1025.9335     64.024     64.558    32.1169     2.4460          0          0  0.000e+00
  1025.9341     64.146     64.681    32.1170     2.4456          0          0  0.000e+00
  1025.9348     64.263     64.799    32.1170     2.4449          0          0  0.000e+00
  1025.9338     64.382     64.919    32.1149     2.4433          0          0  0.000e+00
  1025.9342     64.496     65.034    32.1144     2.4398          0          0  0.000e+00
  1025.9455     64.610     65.149    32.1274     2.4348          0          0  0.000e+00
  1025.9560     64.716     65.256    32.1397     2.4331          0          0  0.000e+00
  1025.9554     64.824     65.365    32.1384     2.4347          0          0  0.000e+00
  1025.9446     64.928     65.470    32.1243     2.4344          0          0  0.000e+00
  1025.9436     65.034     65.577    32.1216     2.4267          0          0  0.000e+00
  1025.9521     65.139     65.683    32.1303     2.4129          0          0  0.000e+00
  1025.9612     65.252     65.797    32.1397     2.3996          0          0  0.000e+00
  1025.9693     65.366     65.911    32.1480     2.3888          0          0  0.000e+00
  1025.9757     65.489     66.035    32.1545     2.3801          0          0  0.000e+00
  1025.9804     65.614     66.162    32.1590     2.3741          0          0  0.000e+00
  1025.9830     65.747     66.295    32.1611     2.3698          0          0  0.000e+00
  1025.9858     65.879     66.429    32.1635     2.3665          0          0  0.000e+00
  1025.9876     66.021     66.572    32.1647     2.3641          0          0  0.000e+00
  1025.9891     66.162     66.714    32.1655     2.3621          0          0  0.000e+00
  1025.9910     66.312     66.865    32.1669     2.3605          0          0  0.000e+00
  1025.9919     66.457     67.012    32.1670     2.3594          0          0  0.000e+00
  1025.9929     66.602     67.158    32.1672     2.3583          0          0  0.000e+00
  1025.9948     66.742     67.299    32.1687     2.3573          0          0  0.000e+00
  1025.9961     66.870     67.429    32.1695     2.3562          0          0  0.000e+00
  1025.9972     66.984     67.543    32.1700     2.3551          0          0  0.000e+00
  1026.0001     67.082     67.642    32.1731     2.3539          0          0  0.000e+00
  1026.0039     67.164     67.725    32.1773     2.3536          0          0  0.000e+00
  1026.0058     67.234     67.795    32.1793     2.3540          0          0  0.000e+00
  1026.0092     67.302     67.864    32.1832     2.3548          0          0  0.000e+00
  1026.0100     67.364     67.927    32.1839     2.3560          0          0  0.000e+00
  1026.0130     67.425     67.988    32.1874     2.3573          0          0  0.000e+00
  1026.0161     67.502     68.066    32.1910     2.3588          0          0  0.000e+00
  1026.0190     67.585     68.149    32.1943     2.3604          0          0  0.000e+00
  1026.0240     67.686     68.251    32.2002     2.3620          0          0  0.000e+00
  1026.0291     67.790     68.356    32.2061     2.3646          0          0  0.000e+00
  1026.0407     67.914     68.481    32.2202     2.3676          0          0  0.000e+00
  1026.0489     68.032     68.600    32.2302     2.3724          0          0  0.000e+00
  1026.0591     68.160     68.729    32.2429     2.3791          0          0  0.000e+00
  1026.0627     68.278     68.849    32.2475     2.3872          0          0  0.000e+00
  1026.0644     68.398     68.969    32.2497     2.3949          0          0  0.000e+00
  1026.0635     68.507     69.079    32.2485     2.4013          0          0  0.000e+00
  1026.0627     68.621     69.194    32.2474     2.4060          0          0  0.000e+00
  1026.0614     68.730     69.304    32.2454     2.4090          0          0  0.000e+00
  1026.0604     68.854     69.429    32.2435     2.4104          0          0  0.000e+00
  1026.0614     68.983     69.560    32.2440     2.4100          0          0  0.000e+00
  1026.0640     69.127     69.705    32.2463     2.4093          0          0  0.000e+00
  1026.0669     69.285     69.864    32.2489     2.4082          0          0  0.000e+00
  1026.0693     69.455     70.035    32.2508     2.4076          0          0  0.000e+00
  1026.0709     69.639     70.220    32.2517     2.4070          0          0  0.000e+00
  1026.0732     69.813     70.397    32.2535     2.4065          0          0  0.000e+00
  1026.0755     69.987     70.572    32.2552     2.4063          0          0  0.000e+00
  1026.0769     70.151     70.737    32.2560     2.4060          0          0  0.000e+00
  1026.0791     70.288     70.876    32.2579     2.4055          0          0  0.000e+00
  1026.0843     70.407     70.996    32.2636     2.4045          0          0  0.000e+00
  1026.0871     70.502     71.091    32.2665     2.4040          0          0  0.000e+00
  1026.0895     70.564     71.154    32.2691     2.4041          0          0  0.000e+00
  1026.0950     70.610     71.200    32.2759     2.4050          0          0  0.000e+00
  1026.0968     70.636     71.227    32.2782     2.4079          0          0  0.000e+00
  1026.0943     70.665     71.255    32.2753     2.4114          0          0  0.000e+00
  1026.0939     70.703     71.294    32.2747     2.4135          0          0  0.000e+00
  1026.0954     70.758     71.349    32.2765     2.4149          0          0  0.000e+00
  1026.0986     70.841     71.433    32.2801     2.4157          0          0  0.000e+00
