data/eDNA/PER-2021-171/171c028.cnv
* Sea-Bird SBE19plus  Data File:
* FileName = C:\Users\RSG_field\Ryan_2021_Perley\CTD\171c028.hex
* Software version 2.3.0 SB_Terminal.dll
* Temperature SN = 7141
* Conductivity SN = 7141
* System UpLoad Time = Aug 18 2021 09:30:47
* <ApplicationData>
* <SeatermAF>
** Platform: M. Perley
** Cruise: Per2021171
** Station:  GC-04
** Cast: 01 3
** Latitude: N  44 55.575
** Longitude: W 59 51.597
** Sounding: 50.3
** Chief Scientist: Ryan Stanley
** Comment: 171c028
# nquan = 8
# nvalues = 3254                                  
# units = specified
# name 0 = density00: Density [density, kg/m^3]
# name 1 = depSM: Depth [salt water, m], lat = 45.00
# name 2 = prdM: Pressure, Strain Gauge [db]
# name 3 = sal00: Salinity, Practical [PSU]
# name 4 = tv290C: Temperature [ITS-90, deg C]
# name 5 = bpos: Bottle Position in Carousel
# name 6 = nbf: Bottles Fired
# name 7 = flag:  0.000e+00
# span 0 =   998.6948,  1024.2340                 
# span 1 =     -0.010,     50.000                 
# span 2 =     -0.010,     50.415                 
# span 3 =     0.0088,    30.9482                 
# span 4 =     8.4796,    19.1923                 
# span 5 =          0,          3                 
# span 6 =          0,          3                 
# span 7 = 0.0000e+00, 0.0000e+00                 
# interval = seconds: 0.25
# start_time = Aug 18 2021 12:13:12 [Instrument's time stamp, header]
# bad_flag = -9.990e-29
*END*
[from data line 2517]
  1023.8935     49.214     49.623    30.6768     9.4421          0          0  0.000e+00
  1023.8748     49.229     49.638    30.6661     9.5083          0          0  0.000e+00
  1023.8500     49.261     49.670    30.6468     9.5706          0          0  0.000e+00
  1023.8191     49.310     49.719    30.6182     9.6262          1          1  0.000e+00
  1023.7144     49.378     49.788    30.4919     9.6670          1          1  0.000e+00
  1023.5801     49.458     49.869    30.3134     9.6381          1          1  0.000e+00
  1023.5415     49.550     49.962    30.2342     9.4939          1          1  0.000e+00
  1023.5801     49.644     50.056    30.2415     9.2847          1          1  0.000e+00
  1023.6906     49.732     50.145    30.3363     9.0495          1          1  0.000e+00
  1023.7779     49.810     50.224    30.4081     8.8445          1          1  0.000e+00
  1023.8826     49.855     50.269    30.5093     8.6752          1          1  0.000e+00
  1023.9983     49.876     50.290    30.6343     8.5544          1          1  0.000e+00
  1024.0526     49.856     50.270    30.6924     8.4942          1          1  0.000e+00
  1024.1773     49.803     50.216    30.8494     8.4796          1          1  0.000e+00
  1024.2340     49.718     50.131    30.9348     8.5459          1          1  0.000e+00
  1024.1229     49.609     50.021    30.8170     8.6704          1          1  0.000e+00
  1024.0562     49.486     49.897    30.7495     8.7595          1          1  0.000e+00
  1024.0707     49.363     49.773    30.7784     8.8093          1          1  0.000e+00
  1024.0741     49.256     49.665    30.7953     8.8713          1          1  0.000e+00
  1024.0836     49.175     49.584    30.8249     8.9585          1          1  0.000e+00
  1023.9798     49.127     49.535    30.7125     9.0620          1          1  0.000e+00
  1023.9995     49.120     49.528    30.7504     9.1266          1          1  0.000e+00
  1023.9750     49.148     49.556    30.7336     9.2015          1          1  0.000e+00
  1023.9044     49.209     49.618    30.6596     9.2858          1          1  0.000e+00
  1023.8126     49.298     49.708    30.5506     9.3316          1          1  0.000e+00
  1023.8197     49.402     49.812    30.5554     9.3132          1          1  0.000e+00
  1023.7273     49.513     49.925    30.4302     9.2815          1          1  0.000e+00
  1023.7280     49.618     50.030    30.4127     9.1913          1          1  0.000e+00
  1023.7460     49.711     50.123    30.4107     9.0663          1          1  0.000e+00
  1023.7900     49.787     50.200    30.4385     8.9219          1          1  0.000e+00
  1023.8601     49.843     50.257    30.5011     8.7830          1          1  0.000e+00
  1023.9705     49.879     50.293    30.6213     8.6739          1          1  0.000e+00
  1024.0643     49.892     50.306    30.7305     8.6181          1          1  0.000e+00
  1024.1348     49.888     50.302    30.8237     8.6336          1          1  0.000e+00
  1024.1377     49.864     50.278    30.8419     8.7099          1          1  0.000e+00
  1024.0894     49.828     50.242    30.7996     8.8096          1          1  0.000e+00
  1023.9834     49.781     50.194    30.6798     8.8901          1          1  0.000e+00
  1023.9492     49.728     50.141    30.6407     8.9123          1          1  0.000e+00
  1023.9686     49.680     50.092    30.6650     8.9083          1          1  0.000e+00
  1023.9767     49.636     50.049    30.6764     8.9123          1          1  0.000e+00
  1023.9940     49.601     50.013    30.7013     8.9257          1          1  0.000e+00
  1023.9975     49.576     49.988    30.7113     8.9537          1          1  0.000e+00
  1023.9840     49.555     49.966    30.7016     8.9920          1          1  0.000e+00
  1023.9620     49.545     49.957    30.6811     9.0306          1          1  0.000e+00
  1023.9356     49.537     49.948    30.6533     9.0609          1          1  0.000e+00
  1023.9195     49.531     49.943    30.6357     9.0765          1          1  0.000e+00
  1023.9146     49.522     49.933    30.6311     9.0846          1          1  0.000e+00
  1023.9107     49.508     49.919    30.6269     9.0882          1          1  0.000e+00
  1023.9305     49.496     49.908    30.6527     9.0901          1          1  0.000e+00
  1023.9305     49.482     49.893    30.6556     9.1043          1          1  0.000e+00
  1023.9165     49.467     49.878    30.6418     9.1250          1          1  0.000e+00
  1023.9066     49.459     49.870    30.6324     9.1409          1          1  0.000e+00
  1023.9048     49.455     49.866    30.6321     9.1510          1          1  0.000e+00
  1023.9093     49.461     49.872    30.6392     9.1583          1          1  0.000e+00
  1023.9263     49.478     49.889    30.6621     9.1652          1          1  0.000e+00
  1023.9245     49.506     49.917    30.6639     9.1861          1          1  0.000e+00
  1023.8665     49.540     49.951    30.5948     9.2138          1          1  0.000e+00
  1023.8332     49.577     49.989    30.5519     9.2129          1          1  0.000e+00
  1023.7742     49.620     50.033    30.4696     9.1807          1          1  0.000e+00
  1023.7389     49.655     50.068    30.4097     9.1060          1          1  0.000e+00
  1023.8651     49.689     50.102    30.5476     8.9862          1          1  0.000e+00
  1023.8887     49.721     50.134    30.5637     8.9145          1          1  0.000e+00
  1023.8837     49.747     50.160    30.5458     8.8557          1          1  0.000e+00
  1023.9338     49.767     50.180    30.5955     8.7807          1          1  0.000e+00
  1023.9670     49.785     50.198    30.6269     8.7241          1          1  0.000e+00
  1024.0117     49.796     50.210    30.6776     8.6902          1          1  0.000e+00
  1024.0202     49.806     50.220    30.6867     8.6813          1          1  0.000e+00
  1024.0275     49.814     50.228    30.6961     8.6819          1          1  0.000e+00
  1024.0400     49.822     50.236    30.7134     8.6891          1          1  0.000e+00
  1024.0509     49.826     50.240    30.7308     8.7076          1          1  0.000e+00
  1024.0564     49.826     50.240    30.7433     8.7361          1          1  0.000e+00
  1024.0673     49.823     50.237    30.7657     8.7803          1          1  0.000e+00
  1024.0492     49.805     50.219    30.7552     8.8455          1          1  0.000e+00
  1024.0347     49.773     50.187    30.7495     8.9107          1          1  0.000e+00
  1024.0338     49.728     50.141    30.7612     8.9758          1          1  0.000e+00
  1023.9787     49.671     50.084    30.7056     9.0502          1          1  0.000e+00
  1023.9227     49.607     50.019    30.6450     9.1046          1          1  0.000e+00
  1023.9060     49.541     49.952    30.6278     9.1247          1          1  0.000e+00
  1023.9399     49.487     49.898    30.6730     9.1319          1          1  0.000e+00
  1023.9491     49.443     49.854    30.6907     9.1603          1          1  0.000e+00
  1023.9346     49.417     49.827    30.6813     9.2064          1          1  0.000e+00
  1023.9202     49.407     49.818    30.6726     9.2554          1          1  0.000e+00
  1023.8906     49.411     49.821    30.6440     9.3021          1          1  0.000e+00
  1023.8752     49.423     49.834    30.6315     9.3385          1          1  0.000e+00
  1023.8224     49.442     49.853    30.5694     9.3672          1          1  0.000e+00
  1023.8186     49.468     49.879    30.5644     9.3675          1          1  0.000e+00
  1023.8293     49.496     49.908    30.5763     9.3587          1          1  0.000e+00
  1023.8101     49.532     49.944    30.5498     9.3504          1          1  0.000e+00
  1023.8089     49.571     49.982    30.5443     9.3316          1          1  0.000e+00
  1023.8086     49.612     50.024    30.5389     9.3076          1          1  0.000e+00
  1023.8581     49.658     50.070    30.5964     9.2798          1          1  0.000e+00
  1023.8207     49.703     50.116    30.5441     9.2588          1          1  0.000e+00
  1023.8189     49.751     50.164    30.5343     9.2220          1          1  0.000e+00
  1023.8209     49.792     50.206    30.5284     9.1805          1          1  0.000e+00
  1023.7924     49.828     50.242    30.4806     9.1237          1          1  0.000e+00
  1023.8324     49.856     50.270    30.5139     9.0331          1          1  0.000e+00
  1023.8892     49.864     50.279    30.5709     8.9526          1          1  0.000e+00
  1023.9374     49.852     50.266    30.6269     8.9234          1          1  0.000e+00
  1023.9964     49.820     50.234    30.7002     8.9106          1          1  0.000e+00
  1024.0394     49.772     50.186    30.7602     8.9352          1          1  0.000e+00
  1024.0353     49.706     50.119    30.7682     9.0015          1          1  0.000e+00
  1024.0029     49.643     50.055    30.7431     9.0832          1          1  0.000e+00
  1023.9405     49.582     49.994    30.6786     9.1594          1          1  0.000e+00
  1023.9270     49.534     49.945    30.6707     9.2059          1          1  0.000e+00
  1023.9176     49.502     49.913    30.6668     9.2457          1          1  0.000e+00
  1023.9003     49.486     49.897    30.6529     9.2866          1          1  0.000e+00
  1023.8716     49.488     49.899    30.6231     9.3221          1          1  0.000e+00
  1023.8688     49.498     49.909    30.6240     9.3445          1          1  0.000e+00
  1023.8492     49.517     49.928    30.6029     9.3651          1          1  0.000e+00
  1023.8436     49.539     49.950    30.5982     9.3783          1          1  0.000e+00
  1023.8243     49.564     49.976    30.5748     9.3852          1          1  0.000e+00
  1023.8254     49.592     50.004    30.5753     9.3818          1          1  0.000e+00
  1023.8169     49.624     50.036    30.5629     9.3751          1          1  0.000e+00
  1023.8276     49.653     50.066    30.5740     9.3628          1          1  0.000e+00
  1023.8244     49.685     50.098    30.5689     9.3585          1          1  0.000e+00
  1023.8285     49.713     50.126    30.5709     9.3434          1          1  0.000e+00
  1023.8291     49.742     50.156    30.5656     9.3134          1          1  0.000e+00
  1023.8556     49.764     50.177    30.5949     9.2911          1          1  0.000e+00
  1023.8397     49.782     50.195    30.5732     9.2848          1          1  0.000e+00
  1023.8354     49.798     50.211    30.5647     9.2706          1          1  0.000e+00
  1023.8665     49.802     50.215    30.5997     9.2456          1          1  0.000e+00
  1023.8907     49.803     50.217    30.6280     9.2326          1          1  0.000e+00
  1023.9011     49.795     50.209    30.6436     9.2437          1          1  0.000e+00
  1023.8958     49.780     50.193    30.6425     9.2719          1          1  0.000e+00
  1023.9034     49.754     50.167    30.6584     9.3022          1          1  0.000e+00
  1023.8738     49.720     50.133    30.6275     9.3366          1          1  0.000e+00
  1023.8474     49.678     50.090    30.5988     9.3612          1          1  0.000e+00
  1023.8456     49.623     50.035    30.5990     9.3720          1          1  0.000e+00
  1023.8458     49.558     49.970    30.6013     9.3801          1          1  0.000e+00
  1023.8550     49.488     49.899    30.6155     9.3903          1          1  0.000e+00
  1023.8711     49.417     49.827    30.6403     9.4088          1          1  0.000e+00
  1023.8704     49.352     49.762    30.6468     9.4437          1          1  0.000e+00
  1023.8614     49.304     49.713    30.6447     9.4894          1          1  0.000e+00
  1023.8375     49.276     49.685    30.6239     9.5366          1          1  0.000e+00
  1023.8227     49.281     49.691    30.6129     9.5770          1          1  0.000e+00
  1023.8415     49.315     49.725    30.6449     9.6161          1          1  0.000e+00
  1023.7984     49.374     49.784    30.6006     9.6720          1          1  0.000e+00
  1023.6915     49.451     49.862    30.4704     9.7076          1          1  0.000e+00
  1023.7116     49.542     49.954    30.4884     9.6726          1          1  0.000e+00
  1023.6859     49.631     50.043    30.4453     9.6244          1          1  0.000e+00
  1023.6938     49.712     50.125    30.4419     9.5602          1          1  0.000e+00
  1023.7079     49.781     50.194    30.4444     9.4849          1          1  0.000e+00
  1023.7580     49.829     50.243    30.4921     9.4045          1          1  0.000e+00
  1023.8154     49.859     50.273    30.5529     9.3414          1          1  0.000e+00
  1023.8637     49.875     50.289    30.6094     9.3149          1          1  0.000e+00
  1023.8680     49.877     50.291    30.6150     9.3157          1          1  0.000e+00
  1023.8543     49.872     50.286    30.6008     9.3325          1          1  0.000e+00
  1023.8617     49.865     50.280    30.6112     9.3366          1          1  0.000e+00
  1023.8759     49.855     50.269    30.6310     9.3447          1          1  0.000e+00
  1023.8651     49.837     50.251    30.6219     9.3674          1          1  0.000e+00
  1023.8779     49.808     50.222    30.6434     9.3925          1          1  0.000e+00
  1023.8891     49.760     50.174    30.6658     9.4308          1          1  0.000e+00
  1023.8687     49.700     50.113    30.6508     9.4850          1          1  0.000e+00
  1023.8234     49.623     50.035    30.6040     9.5377          1          1  0.000e+00
  1023.8027     49.537     49.948    30.5837     9.5663          1          1  0.000e+00
  1023.8180     49.455     49.866    30.6069     9.5818          1          1  0.000e+00
  1023.8136     49.384     49.794    30.6071     9.6082          1          1  0.000e+00
  1023.8124     49.333     49.743    30.6125     9.6414          1          1  0.000e+00
  1023.8008     49.304     49.713    30.6056     9.6796          1          1  0.000e+00
  1023.7872     49.299     49.709    30.5962     9.7182          1          1  0.000e+00
  1023.7796     49.316     49.726    30.5937     9.7541          1          1  0.000e+00
  1023.8189     49.353     49.763    30.6526     9.7969          1          1  0.000e+00
  1023.7562     49.407     49.818    30.5878     9.8740          1          1  0.000e+00
  1023.7139     49.477     49.888    30.5440     9.9264          1          1  0.000e+00
  1023.6084     49.556     49.967    30.4101     9.9360          1          1  0.000e+00
  1023.6188     49.641     50.053    30.4118     9.8819          1          1  0.000e+00
  1023.6363     49.731     50.144    30.4195     9.8125          1          1  0.000e+00
  1023.6376     49.818     50.232    30.4038     9.7302          1          1  0.000e+00
  1023.7369     49.892     50.306    30.5123     9.6404          1          1  0.000e+00
  1023.7376     49.952     50.367    30.5065     9.6091          1          1  0.000e+00
  1023.7530     49.987     50.403    30.5190     9.5747          1          1  0.000e+00
  1023.7792     49.991     50.406    30.5460     9.5421          1          1  0.000e+00
  1023.7919     49.961     50.376    30.5581     9.5204          1          1  0.000e+00
  1023.7978     49.900     50.315    30.5641     9.5109          1          1  0.000e+00
  1023.8461     49.811     50.225    30.6254     9.5051          1          1  0.000e+00
  1023.8710     49.701     50.114    30.6634     9.5324          1          1  0.000e+00
  1023.8549     49.585     49.996    30.6551     9.5901          1          1  0.000e+00
  1023.8339     49.471     49.882    30.6414     9.6515          1          1  0.000e+00
  1023.8140     49.364     49.774    30.6282     9.7090          1          1  0.000e+00
