data/eDNA/PER-2021-171/171c020.cnv
* Sea-Bird SBE19plus  Data File:
* FileName = C:\Users\RSG_field\Ryan_2021_Perley\CTD\171c020.hex
* Software version 2.3.0 SB_Terminal.dll
* Temperature SN = 7141
* Conductivity SN = 7141
* System UpLoad Time = Aug 17 2021 11:52:23
* <ApplicationData>
* <SeatermAF>
** Platform: M. Perley
** Cruise: Per2021171
** Station:  SAB_05
** Cast: 01 3
** Latitude: N  46 15.954
** Longitude: W 59 10.545
** Sounding: 112
** Chief Scientist: Ryan Stanley
** Comment: 171c020
# nquan = 8
# nvalues = 3380                                  
# units = specified
# name 0 = density00: Density [density, kg/m^3]
# name 1 = depSM: Depth [salt water, m], lat = 45.00
# name 2 = prdM: Pressure, Strain Gauge [db]
# name 3 = sal00: Salinity, Practical [PSU]
# name 4 = tv290C: Temperature [ITS-90, deg C]
# name 5 = bpos: Bottle Position in Carousel
# name 6 = nbf: Bottles Fired
# name 7 = flag:  0.000e+00
# span 0 =   998.9849,  1026.7774                 
# span 1 =     -0.039,    105.767                 
# span 2 =     -0.039,    106.660                 
# span 3 =     0.0079,    32.9537                 
# span 4 =     2.0383,    19.8721                 
# span 5 =          0,          5                 
# span 6 =          0,          5                 
# span 7 = 0.0000e+00, 0.0000e+00                 
# interval = seconds: 0.25
# start_time = Aug 17 2021 14:35:08 [Instrument's time stamp, header]
# bad_flag = -9.990e-29
*END*
[from data line 180]
  1020.2317      1.948      1.964    28.9223    19.6431          0          0  0.000e+00
  1020.2541      1.951      1.967    28.9410    19.6107          0          0  0.000e+00
  1020.3113      1.937      1.952    28.9892    19.5286          0          0  0.000e+00
  1020.3513      1.898      1.914    29.0221    19.4683          0          0  0.000e+00
  1020.3902      1.835      1.850    29.0632    19.4367          0          0  0.000e+00
  1020.4239      1.766      1.780    29.1034    19.4226          0          0  0.000e+00
  1020.4389      1.715      1.729    29.1232    19.4222          0          0  0.000e+00
  1020.4427      1.709      1.723    29.1398    19.4578          0          0  0.000e+00
  1020.4457      1.733      1.747    29.1601    19.5080          0          0  0.000e+00
  1020.4395      1.767      1.781    29.1673    19.5551          0          0  0.000e+00
  1020.4241      1.816      1.831    29.1600    19.5954          0          0  0.000e+00
  1020.4063      1.872      1.887    29.1468    19.6269          0          0  0.000e+00
  1020.3847      1.919      1.934    29.1262    19.6516          0          0  0.000e+00
  1020.3466      1.945      1.961    29.0823    19.6704          0          0  0.000e+00
  1020.2645      1.949      1.965    28.9772    19.6789          0          0  0.000e+00
  1020.2324      1.938      1.953    28.9358    19.6813          0          0  0.000e+00
  1020.2084      1.919      1.934    28.9064    19.6873          0          0  0.000e+00
  1020.2194      1.898      1.914    28.9112    19.6576          0          0  0.000e+00
  1020.2627      1.869      1.884    28.9468    19.5929          0          0  0.000e+00
  1020.3102      1.838      1.853    28.9866    19.5235          0          0  0.000e+00
  1020.3425      1.807      1.822    29.0131    19.4744          0          0  0.000e+00
  1020.3645      1.780      1.794    29.0309    19.4398          0          0  0.000e+00
  1020.3823      1.755      1.770    29.0451    19.4115          0          0  0.000e+00
  1020.3945      1.730      1.744    29.0537    19.3882          0          0  0.000e+00
  1020.4003      1.702      1.716    29.0555    19.3703          0          0  0.000e+00
  1020.4245      1.686      1.700    29.0844    19.3608          0          0  0.000e+00
  1020.4616      1.701      1.715    29.1345    19.3655          0          0  0.000e+00
  1020.4990      1.759      1.774    29.1882    19.3805          0          0  0.000e+00
  1020.5369      1.838      1.853    29.2520    19.4248          0          0  0.000e+00
  1020.5082      1.916      1.932    29.2388    19.5008          0          0  0.000e+00
  1020.4488      1.970      1.987    29.1835    19.5708          0          0  0.000e+00
  1020.3292      1.990      2.006    29.0424    19.6198          0          0  0.000e+00
  1020.2585      1.973      1.989    28.9580    19.6453          0          0  0.000e+00
  1020.2238      1.923      1.938    28.9160    19.6550          0          0  0.000e+00
  1020.2759      1.847      1.863    28.9621    19.5860          0          0  0.000e+00
  1020.3487      1.757      1.772    29.0282    19.4946          0          0  0.000e+00
  1020.4041      1.675      1.688    29.0798    19.4287          0          0  0.000e+00
  1020.4635      1.614      1.627    29.1451    19.3886          0          0  0.000e+00
  1020.4861      1.605      1.618    29.1673    19.3660          0          0  0.000e+00
  1020.5400      1.646      1.660    29.2399    19.3718          0          0  0.000e+00
  1020.5640      1.717      1.731    29.2944    19.4433          0          0  0.000e+00
  1020.5200      1.798      1.812    29.2647    19.5302          0          0  0.000e+00
  1020.4676      1.873      1.888    29.2188    19.6013          0          0  0.000e+00
  1020.4234      1.931      1.947    29.1771    19.6518          0          0  0.000e+00
  1020.3630      1.961      1.977    29.1079    19.6829          0          0  0.000e+00
  1020.2820      1.971      1.988    29.0057    19.6959          0          0  0.000e+00
  1020.2519      1.956      1.972    28.9691    19.7048          0          0  0.000e+00
  1020.2548      1.918      1.934    28.9693    19.6932          0          0  0.000e+00
  1020.3124      1.870      1.885    29.0247    19.6309          0          0  0.000e+00
  1020.3717      1.808      1.823    29.0797    19.5603          0          0  0.000e+00
  1020.4029      1.756      1.771    29.1065    19.5162          0          0  0.000e+00
  1020.4140      1.715      1.729    29.1160    19.5002          0          0  0.000e+00
  1020.4314      1.696      1.710    29.1357    19.4904          0          0  0.000e+00
  1020.4496      1.700      1.714    29.1557    19.4781          0          0  0.000e+00
  1020.4604      1.732      1.746    29.1670    19.4701          0          0  0.000e+00
  1020.4789      1.782      1.796    29.1993    19.4954          0          0  0.000e+00
  1020.4774      1.841      1.856    29.2134    19.5452          0          0  0.000e+00
  1020.4478      1.890      1.905    29.1904    19.5943          0          0  0.000e+00
  1020.3996      1.921      1.936    29.1392    19.6314          0          0  0.000e+00
  1020.3300      1.931      1.947    29.0540    19.6509          0          0  0.000e+00
  1020.3030      1.923      1.938    29.0232    19.6646          0          0  0.000e+00
  1020.2771      1.899      1.915    28.9926    19.6746          0          0  0.000e+00
  1020.2924      1.874      1.889    29.0030    19.6447          0          0  0.000e+00
  1020.3289      1.852      1.867    29.0332    19.5906          0          0  0.000e+00
  1020.3616      1.837      1.852    29.0617    19.5464          0          0  0.000e+00
  1020.3826      1.828      1.843    29.0819    19.5236          0          0  0.000e+00
  1020.3934      1.827      1.842    29.0931    19.5149          0          0  0.000e+00
  1020.4028      1.829      1.844    29.1043    19.5114          0          0  0.000e+00
  1020.4084      1.835      1.850    29.1111    19.5097          0          0  0.000e+00
  1020.4035      1.835      1.850    29.1066    19.5157          0          0  0.000e+00
  1020.3802      1.827      1.842    29.0785    19.5230          0          0  0.000e+00
  1020.3629      1.806      1.821    29.0557    19.5224          0          0  0.000e+00
  1020.3653      1.770      1.785    29.0580    19.5192          0          0  0.000e+00
  1020.3712      1.734      1.748    29.0632    19.5108          0          0  0.000e+00
  1020.3966      1.702      1.716    29.0857    19.4774          0          0  0.000e+00
  1020.4256      1.684      1.698    29.1111    19.4382          0          0  0.000e+00
  1020.4512      1.680      1.694    29.1361    19.4118          0          0  0.000e+00
  1020.4690      1.689      1.703    29.1568    19.4037          0          0  0.000e+00
  1020.4798      1.718      1.732    29.1719    19.4072          0          0  0.000e+00
  1020.4812      1.762      1.776    29.1801    19.4272          0          0  0.000e+00
  1020.4680      1.802      1.817    29.1780    19.4745          0          0  0.000e+00
  1020.4465      1.837      1.852    29.1679    19.5303          0          0  0.000e+00
  1020.4200      1.865      1.881    29.1483    19.5769          0          0  0.000e+00
  1020.3895      1.888      1.903    29.1197    19.6121          0          0  0.000e+00
  1020.3517      1.908      1.923    29.0774    19.6346          0          0  0.000e+00
  1020.3181      1.919      1.935    29.0355    19.6416          0          0  0.000e+00
  1020.2959      1.924      1.939    29.0073    19.6449          0          0  0.000e+00
  1020.2804      1.927      1.943    28.9897    19.6532          0          0  0.000e+00
  1020.2738      1.928      1.944    28.9844    19.6633          0          0  0.000e+00
  1020.4147      1.913      1.929    29.1728    19.6729          0          0  0.000e+00
  1020.4595      1.887      1.902    29.2385    19.6930          0          0  0.000e+00
  1020.4466      1.861      1.876    29.2311    19.7218          0          0  0.000e+00
  1020.4265      1.833      1.848    29.2128    19.7454          0          0  0.000e+00
  1020.4151      1.801      1.815    29.2020    19.7574          0          0  0.000e+00
  1020.4065      1.775      1.790    29.1921    19.7612          0          0  0.000e+00
  1020.4069      1.767      1.781    29.1912    19.7572          0          0  0.000e+00
  1020.4190      1.761      1.776    29.2055    19.7516          0          0  0.000e+00
  1020.4221      1.758      1.773    29.2100    19.7531          0          0  0.000e+00
  1020.4220      1.750      1.764    29.2117    19.7585          0          0  0.000e+00
  1020.4161      1.732      1.746    29.2065    19.7658          0          0  0.000e+00
  1020.4061      1.712      1.726    29.1952    19.7712          0          0  0.000e+00
  1020.4059      1.682      1.696    29.1941    19.7682          0          0  0.000e+00
  1020.4128      1.657      1.670    29.2021    19.7643          0          0  0.000e+00
  1020.4145      1.639      1.652    29.2046    19.7650          0          0  0.000e+00
  1020.4135      1.633      1.647    29.2043    19.7677          0          0  0.000e+00
  1020.4115      1.654      1.668    29.2024    19.7705          0          0  0.000e+00
  1020.4154      1.705      1.719    29.2080    19.7728          0          0  0.000e+00
  1020.4192      1.775      1.790    29.2141    19.7771          0          0  0.000e+00
  1020.4256      1.854      1.869    29.2250    19.7864          0          0  0.000e+00
  1020.4168      1.926      1.942    29.2185    19.8028          0          0  0.000e+00
  1020.4055      1.979      1.995    29.2084    19.8177          0          0  0.000e+00
  1020.3980      2.010      2.026    29.2010    19.8261          0          0  0.000e+00
  1020.3931      2.021      2.038    29.1958    19.8296          0          0  0.000e+00
  1020.3923      2.016      2.032    29.1945    19.8290          0          0  0.000e+00
  1020.3911      1.998      2.014    29.1923    19.8267          0          0  0.000e+00
  1020.3938      1.983      1.999    29.1949    19.8237          0          0  0.000e+00
  1020.3954      1.993      2.009    29.1960    19.8208          0          0  0.000e+00
  1020.3947      2.003      2.020    29.1943    19.8187          0          0  0.000e+00
  1020.3926      1.997      2.013    29.1908    19.8160          0          0  0.000e+00
  1020.3966      1.964      1.980    29.1947    19.8116          0          0  0.000e+00
  1020.4013      1.911      1.927    29.2000    19.8082          0          0  0.000e+00
  1020.4014      1.836      1.851    29.2007    19.8086          0          0  0.000e+00
  1020.3936      1.733      1.747    29.1913    19.8091          0          0  0.000e+00
  1020.3889      1.616      1.629    29.1841    19.8042          0          0  0.000e+00
  1020.3946      1.511      1.524    29.1892    19.7951          0          0  0.000e+00
  1020.4016      1.447      1.458    29.1961    19.7870          0          0  0.000e+00
  1020.4064      1.436      1.448    29.2013    19.7832          0          0  0.000e+00
  1020.4099      1.469      1.481    29.2055    19.7829          0          0  0.000e+00
  1020.4090      1.538      1.550    29.2047    19.7850          0          0  0.000e+00
  1020.4101      1.618      1.632    29.2063    19.7870          0          0  0.000e+00
  1020.4135      1.709      1.723    29.2114    19.7903          0          0  0.000e+00
  1020.4103      1.804      1.819    29.2084    19.7961          0          0  0.000e+00
  1020.4126      1.880      1.896    29.2132    19.8023          0          0  0.000e+00
  1020.4088      1.940      1.955    29.2105    19.8108          0          0  0.000e+00
  1020.4037      1.974      1.991    29.2063    19.8185          0          0  0.000e+00
  1020.3997      1.986      2.002    29.2027    19.8237          0          0  0.000e+00
  1020.3969      1.979      1.995    29.2000    19.8265          0          0  0.000e+00
  1020.3915      1.948      1.964    29.1932    19.8268          0          0  0.000e+00
  1020.3922      1.899      1.915    29.1931    19.8231          0          0  0.000e+00
  1020.3942      1.858      1.873    29.1944    19.8183          0          0  0.000e+00
  1020.3950      1.837      1.852    29.1942    19.8140          0          0  0.000e+00
  1020.3978      1.854      1.869    29.1962    19.8094          0          0  0.000e+00
  1020.4027      1.899      1.915    29.2012    19.8060          0          0  0.000e+00
  1020.4073      1.963      1.979    29.2069    19.8059          0          0  0.000e+00
  1020.4070      2.032      2.048    29.2073    19.8097          0          0  0.000e+00
  1020.4089      2.075      2.092    29.2113    19.8148          0          0  0.000e+00
  1020.4051      2.089      2.106    29.2084    19.8217          0          0  0.000e+00
  1020.3985      2.062      2.079    29.2021    19.8281          0          0  0.000e+00
  1020.3903      1.999      2.015    29.1923    19.8301          0          0  0.000e+00
  1020.3871      1.898      1.914    29.1878    19.8272          0          0  0.000e+00
  1020.3862      1.770      1.784    29.1850    19.8201          0          0  0.000e+00
  1020.3906      1.638      1.652    29.1884    19.8105          0          0  0.000e+00
  1020.3972      1.531      1.544    29.1947    19.8018          0          0  0.000e+00
  1020.4015      1.464      1.476    29.1991    19.7969          0          0  0.000e+00
  1020.4031      1.434      1.446    29.2008    19.7950          0          0  0.000e+00
  1020.4056      1.427      1.439    29.2039    19.7944          0          0  0.000e+00
  1020.4060      1.452      1.464    29.2046    19.7952          0          0  0.000e+00
  1020.4061      1.498      1.511    29.2050    19.7969          0          0  0.000e+00
  1020.4082      1.571      1.583    29.2079    19.7986          0          0  0.000e+00
  1020.4059      1.662      1.675    29.2054    19.8018          0          0  0.000e+00
  1020.4028      1.757      1.772    29.2016    19.8040          0          0  0.000e+00
  1020.4062      1.854      1.869    29.2056    19.8045          0          0  0.000e+00
  1020.4083      1.929      1.945    29.2089    19.8074          0          0  0.000e+00
  1020.4037      1.972      1.988    29.2043    19.8126          0          0  0.000e+00
  1020.4026      1.995      2.011    29.2036    19.8153          0          0  0.000e+00
  1020.4010      1.997      2.013    29.2021    19.8169          0          0  0.000e+00
  1020.3985      1.978      1.994    29.1991    19.8175          0          0  0.000e+00
  1020.3954      1.951      1.967    29.1947    19.8161          0          0  0.000e+00
  1020.3968      1.937      1.953    29.1953    19.8120          0          0  0.000e+00
  1020.3991      1.947      1.963    29.1967    19.8075          0          0  0.000e+00
  1020.4027      1.979      1.995    29.2001    19.8040          0          0  0.000e+00
  1020.4065      2.015      2.031    29.2044    19.8027          0          0  0.000e+00
  1020.4092      2.037      2.054    29.2085    19.8046          0          0  0.000e+00
  1020.4070      2.039      2.056    29.2073    19.8094          0          0  0.000e+00
  1020.4021      2.016      2.032    29.2023    19.8138          0          0  0.000e+00
  1020.3964      1.962      1.978    29.1957    19.8155          0          0  0.000e+00
  1020.3954      1.892      1.907    29.1939    19.8125          0          0  0.000e+00
  1020.3942      1.809      1.824    29.1911    19.8075          0          0  0.000e+00
  1020.3952      1.726      1.741    29.1907    19.8010          0          0  0.000e+00
