data/eDNA/PER-2021-171/171c025.cnv
* Sea-Bird SBE19plus  Data File:
* FileName = C:\Users\RSG_field\Ryan_2021_Perley\CTD\171c025.hex
* Software version 2.3.0 SB_Terminal.dll
* Temperature SN = 7141
* Conductivity SN = 7141
* System UpLoad Time = Aug 18 2021 14:04:06
* <ApplicationData>
* <SeatermAF>
** Platform: M. Perley
** Cruise: Per2021171
** Station:  SAB_01
** Cast: 01 3
** Latitude: N  45 51.348
** Longitude: W 60 09.09
** Sounding: 14.2
** Chief Scientist: Ryan Stanley
** Comment: 171c025
# nquan = 8
# nvalues = 1786                                  
# units = specified
# name 0 = density00: Density [density, kg/m^3]
# name 1 = depSM: Depth [salt water, m], lat = 45.00
# name 2 = prdM: Pressure, Strain Gauge [db]
# name 3 = sal00: Salinity, Practical [PSU]
# name 4 = tv290C: Temperature [ITS-90, deg C]
# name 5 = bpos: Bottle Position in Carousel
# name 6 = nbf: Bottles Fired
# name 7 = flag:  0.000e+00
# span 0 =   998.9026,  1023.4654                 
# span 1 =     -0.016,     13.874                 
# span 2 =     -0.016,     13.988                 
# span 3 =     0.0086,    30.5776                 
# span 4 =     9.9876,    18.3964                 
# span 5 =          0,          3                 
# span 6 =          0,          3                 
# span 7 = 0.0000e+00, 0.0000e+00                 
# interval = seconds: 0.25
# start_time = Aug 18 2021 16:53:56 [Instrument's time stamp, header]
# bad_flag = -9.990e-29
*END*
[from data line 1259]
  1023.4110     13.786     13.900    30.3828    10.0094          0          0  0.000e+00
  1023.4108     13.789     13.902    30.3824    10.0085          0          0  0.000e+00
  1023.4119     13.790     13.903    30.3836    10.0076          0          0  0.000e+00
  1023.4127     13.796     13.909    30.3845    10.0072          0          0  0.000e+00
  1023.4133     13.796     13.909    30.3854    10.0074          0          0  0.000e+00
  1023.4109     13.800     13.914    30.3824    10.0078          0          0  0.000e+00
  1023.4100     13.804     13.918    30.3810    10.0070          0          0  0.000e+00
  1023.4094     13.811     13.924    30.3798    10.0049          0          0  0.000e+00
  1023.4106     13.811     13.924    30.3807    10.0021          0          0  0.000e+00
  1023.4122     13.815     13.929    30.3822     9.9993          0          0  0.000e+00
  1023.4131     13.816     13.930    30.3828     9.9972          0          0  0.000e+00
  1023.4158     13.818     13.932    30.3860     9.9956          0          0  0.000e+00
  1023.4164     13.820     13.934    30.3867     9.9953          0          0  0.000e+00
  1023.4167     13.824     13.937    30.3871     9.9955          0          0  0.000e+00
  1023.4185     13.826     13.939    30.3895     9.9963          0          0  0.000e+00
  1023.4175     13.828     13.941    30.3887     9.9983          0          0  0.000e+00
  1023.4161     13.831     13.945    30.3872    10.0003          0          0  0.000e+00
  1023.4146     13.834     13.948    30.3856    10.0015          0          0  0.000e+00
  1023.4127     13.839     13.953    30.3831    10.0017          0          0  0.000e+00
  1023.4133     13.843     13.956    30.3837    10.0007          0          0  0.000e+00
  1023.4138     13.845     13.958    30.3841     9.9993          0          0  0.000e+00
  1023.4157     13.846     13.960    30.3863     9.9986          0          0  0.000e+00
  1023.4159     13.847     13.961    30.3867     9.9990          0          0  0.000e+00
  1023.4149     13.846     13.960    30.3855     9.9998          0          0  0.000e+00
  1023.4103     13.843     13.956    30.3798    10.0000          0          0  0.000e+00
  1023.4175     13.838     13.952    30.3892    10.0007          0          0  0.000e+00
  1023.4157     13.832     13.946    30.3872    10.0028          0          0  0.000e+00
  1023.4176     13.824     13.937    30.3900    10.0042          0          0  0.000e+00
  1023.4177     13.817     13.931    30.3907    10.0065          0          0  0.000e+00
  1023.4167     13.808     13.921    30.3901    10.0097          0          0  0.000e+00
  1023.4154     13.799     13.913    30.3892    10.0130          0          0  0.000e+00
  1023.4145     13.793     13.906    30.3887    10.0160          0          0  0.000e+00
  1023.4110     13.786     13.900    30.3848    10.0190          0          0  0.000e+00
  1023.4062     13.779     13.892    30.3789    10.0199          0          0  0.000e+00
  1023.4080     13.778     13.891    30.3808    10.0179          0          0  0.000e+00
  1023.4071     13.778     13.891    30.3793    10.0162          0          0  0.000e+00
  1023.4071     13.781     13.894    30.3788    10.0140          0          0  0.000e+00
  1023.4093     13.783     13.896    30.3809    10.0108          0          0  0.000e+00
  1023.4114     13.790     13.903    30.3832    10.0086          0          0  0.000e+00
  1023.4093     13.797     13.910    30.3804    10.0082          0          0  0.000e+00
  1023.4106     13.804     13.918    30.3816    10.0064          0          0  0.000e+00
  1023.4123     13.813     13.926    30.3835    10.0050          0          0  0.000e+00
  1023.4107     13.819     13.933    30.3814    10.0048          0          0  0.000e+00
  1023.4129     13.826     13.939    30.3838    10.0033          0          0  0.000e+00
  1023.4136     13.833     13.947    30.3846    10.0024          0          0  0.000e+00
  1023.4142     13.835     13.949    30.3853    10.0024          0          0  0.000e+00
  1023.4142     13.838     13.952    30.3852    10.0024          0          0  0.000e+00
  1023.4145     13.839     13.953    30.3856    10.0027          0          0  0.000e+00
  1023.4138     13.842     13.955    30.3848    10.0029          0          0  0.000e+00
  1023.4153     13.839     13.953    30.3867    10.0029          0          0  0.000e+00
  1023.4133     13.835     13.949    30.3843    10.0038          0          0  0.000e+00
  1023.4143     13.833     13.947    30.3857    10.0041          0          0  0.000e+00
  1023.4140     13.823     13.937    30.3855    10.0046          0          0  0.000e+00
  1023.4127     13.816     13.930    30.3840    10.0051          0          0  0.000e+00
  1023.4145     13.811     13.924    30.3864    10.0055          0          0  0.000e+00
  1023.4156     13.800     13.914    30.3881    10.0064          0          0  0.000e+00
  1023.4121     13.794     13.907    30.3840    10.0083          0          0  0.000e+00
  1023.4139     13.787     13.901    30.3865    10.0091          0          0  0.000e+00
  1023.4147     13.783     13.896    30.3878    10.0103          0          0  0.000e+00
  1023.4095     13.782     13.895    30.3816    10.0127          0          0  0.000e+00
  1023.4071     13.783     13.896    30.3784    10.0120          0          0  0.000e+00
  1023.4107     13.786     13.900    30.3824    10.0091          0          0  0.000e+00
  1023.4090     13.791     13.904    30.3799    10.0076          0          0  0.000e+00
  1023.4110     13.800     13.914    30.3820    10.0053          0          0  0.000e+00
  1023.4134     13.809     13.922    30.3847    10.0040          0          0  0.000e+00
  1023.4130     13.818     13.932    30.3843    10.0045          0          0  0.000e+00
  1023.4131     13.826     13.939    30.3843    10.0047          0          0  0.000e+00
  1023.4127     13.835     13.949    30.3838    10.0049          0          0  0.000e+00
  1023.4126     13.842     13.955    30.3837    10.0047          0          0  0.000e+00
  1023.4125     13.847     13.961    30.3834    10.0043          0          0  0.000e+00
  1023.4126     13.852     13.966    30.3835    10.0040          0          0  0.000e+00
  1023.4144     13.852     13.966    30.3856    10.0037          0          0  0.000e+00
  1023.4139     13.853     13.967    30.3851    10.0040          0          0  0.000e+00
  1023.4136     13.850     13.964    30.3849    10.0045          0          0  0.000e+00
  1023.4149     13.848     13.962    30.3866    10.0047          0          0  0.000e+00
  1023.4157     13.842     13.955    30.3878    10.0058          0          0  0.000e+00
  1023.4131     13.836     13.950    30.3848    10.0076          0          0  0.000e+00
  1023.4167     13.826     13.939    30.3898    10.0086          0          0  0.000e+00
  1023.4135     13.818     13.932    30.3862    10.0107          0          0  0.000e+00
  1023.4144     13.808     13.921    30.3878    10.0123          0          0  0.000e+00
  1023.4120     13.799     13.913    30.3851    10.0143          0          0  0.000e+00
  1023.4112     13.790     13.903    30.3843    10.0154          0          0  0.000e+00
  1023.4094     13.781     13.894    30.3823    10.0159          0          0  0.000e+00
  1023.4096     13.776     13.889    30.3825    10.0156          0          0  0.000e+00
  1023.4088     13.774     13.887    30.3812    10.0148          0          0  0.000e+00
  1023.4111     13.773     13.886    30.3840    10.0138          0          0  0.000e+00
  1023.4089     13.775     13.888    30.3811    10.0137          0          0  0.000e+00
  1023.4091     13.778     13.891    30.3812    10.0127          0          0  0.000e+00
  1023.4105     13.780     13.893    30.3826    10.0114          0          0  0.000e+00
  1023.4115     13.786     13.900    30.3838    10.0106          0          0  0.000e+00
  1023.4085     13.793     13.906    30.3799    10.0108          0          0  0.000e+00
  1023.4092     13.799     13.912    30.3805    10.0095          0          0  0.000e+00
  1023.4089     13.808     13.921    30.3797    10.0078          0          0  0.000e+00
  1023.4099     13.819     13.933    30.3806    10.0059          0          0  0.000e+00
  1023.4112     13.827     13.940    30.3818    10.0038          0          0  0.000e+00
  1023.4123     13.836     13.950    30.3828    10.0026          0          0  0.000e+00
  1023.4135     13.844     13.957    30.3842    10.0017          0          0  0.000e+00
  1023.4125     13.848     13.962    30.3828    10.0013          0          0  0.000e+00
  1023.4127     13.851     13.965    30.3828    10.0002          0          0  0.000e+00
  1023.4118     13.854     13.968    30.3813     9.9986          0          0  0.000e+00
  1023.4148     13.853     13.967    30.3847     9.9965          0          0  0.000e+00
  1023.4156     13.852     13.966    30.3855     9.9958          0          0  0.000e+00
  1023.4184     13.847     13.961    30.3893     9.9960          0          0  0.000e+00
  1023.4164     13.845     13.958    30.3870     9.9976          0          0  0.000e+00
  1023.4172     13.838     13.952    30.3884     9.9991          0          0  0.000e+00
  1023.4158     13.832     13.946    30.3870    10.0007          0          0  0.000e+00
  1023.4149     13.825     13.938    30.3861    10.0021          0          0  0.000e+00
  1023.4162     13.817     13.931    30.3880    10.0029          0          0  0.000e+00
  1023.4154     13.809     13.922    30.3872    10.0040          0          0  0.000e+00
  1023.4148     13.801     13.915    30.3868    10.0055          0          0  0.000e+00
  1023.4145     13.793     13.906    30.3868    10.0068          0          0  0.000e+00
  1023.4137     13.785     13.899    30.3861    10.0082          0          0  0.000e+00
  1023.4136     13.779     13.892    30.3863    10.0095          0          0  0.000e+00
  1023.4115     13.776     13.889    30.3839    10.0110          0          0  0.000e+00
  1023.4102     13.778     13.891    30.3823    10.0114          0          0  0.000e+00
  1023.4105     13.781     13.894    30.3825    10.0108          0          0  0.000e+00
  1023.4096     13.786     13.900    30.3812    10.0102          0          0  0.000e+00
  1023.4115     13.796     13.909    30.3834    10.0086          0          0  0.000e+00
  1023.4095     13.804     13.918    30.3805    10.0078          0          0  0.000e+00
  1023.4097     13.814     13.927    30.3804    10.0062          0          0  0.000e+00
  1023.4125     13.825     13.938    30.3833    10.0037          0          0  0.000e+00
  1023.4121     13.834     13.948    30.3827    10.0032          0          0  0.000e+00
  1023.4114     13.842     13.955    30.3817    10.0026          0          0  0.000e+00
  1023.4119     13.849     13.963    30.3819    10.0013          0          0  0.000e+00
  1023.4128     13.855     13.969    30.3828     9.9998          0          0  0.000e+00
  1023.4138     13.858     13.972    30.3838     9.9986          0          0  0.000e+00
  1023.4150     13.858     13.972    30.3852     9.9978          0          0  0.000e+00
  1023.4159     13.858     13.972    30.3864     9.9981          0          0  0.000e+00
  1023.4147     13.856     13.970    30.3850     9.9987          0          0  0.000e+00
  1023.4152     13.850     13.964    30.3858     9.9990          0          0  0.000e+00
  1023.4167     13.842     13.955    30.3878     9.9996          0          0  0.000e+00
  1023.4149     13.833     13.947    30.3859    10.0011          0          0  0.000e+00
  1023.4151     13.825     13.938    30.3864    10.0023          0          0  0.000e+00
  1023.4131     13.814     13.927    30.3841    10.0030          0          0  0.000e+00
  1023.4131     13.804     13.918    30.3841    10.0028          0          0  0.000e+00
  1023.4141     13.797     13.910    30.3854    10.0025          0          0  0.000e+00
  1023.4134     13.789     13.902    30.3845    10.0028          0          0  0.000e+00
  1023.4129     13.781     13.894    30.3840    10.0029          0          0  0.000e+00
  1023.4140     13.777     13.890    30.3854    10.0030          0          0  0.000e+00
  1023.4128     13.770     13.884    30.3842    10.0042          0          0  0.000e+00
  1023.4120     13.770     13.884    30.3832    10.0043          1          1  0.000e+00
  1023.4123     13.772     13.885    30.3835    10.0040          1          1  0.000e+00
  1023.4103     13.772     13.885    30.3810    10.0040          1          1  0.000e+00
  1023.4116     13.776     13.889    30.3824    10.0031          1          1  0.000e+00
  1023.4123     13.780     13.893    30.3831    10.0021          1          1  0.000e+00
  1023.4125     13.790     13.903    30.3831    10.0015          1          1  0.000e+00
  1023.4121     13.799     13.912    30.3824    10.0008          1          1  0.000e+00
  1023.4106     13.813     13.926    30.3802     9.9997          1          1  0.000e+00
  1023.4128     13.825     13.938    30.3825     9.9973          1          1  0.000e+00
  1023.4130     13.837     13.951    30.3823     9.9955          1          1  0.000e+00
  1023.4146     13.849     13.963    30.3839     9.9939          1          1  0.000e+00
  1023.4157     13.861     13.974    30.3851     9.9929          1          1  0.000e+00
  1023.4158     13.867     13.981    30.3851     9.9929          1          1  0.000e+00
  1023.4149     13.872     13.986    30.3840     9.9930          1          1  0.000e+00
  1023.4162     13.873     13.987    30.3855     9.9925          1          1  0.000e+00
  1023.4165     13.873     13.987    30.3859     9.9924          1          1  0.000e+00
  1023.4172     13.870     13.984    30.3869     9.9925          1          1  0.000e+00
  1023.4168     13.865     13.979    30.3865     9.9933          1          1  0.000e+00
  1023.4181     13.854     13.968    30.3884     9.9942          1          1  0.000e+00
  1023.4176     13.846     13.960    30.3881     9.9956          1          1  0.000e+00
  1023.4170     13.836     13.950    30.3878     9.9971          1          1  0.000e+00
  1023.4150     13.826     13.939    30.3855     9.9986          1          1  0.000e+00
  1023.4154     13.817     13.931    30.3862     9.9991          1          1  0.000e+00
  1023.4158     13.808     13.921    30.3868     9.9994          1          1  0.000e+00
  1023.4152     13.800     13.914    30.3863    10.0003          1          1  0.000e+00
  1023.4150     13.795     13.908    30.3863    10.0014          1          1  0.000e+00
  1023.4138     13.790     13.903    30.3850    10.0023          1          1  0.000e+00
  1023.4136     13.789     13.902    30.3847    10.0023          1          1  0.000e+00
  1023.4132     13.786     13.900    30.3842    10.0024          1          1  0.000e+00
  1023.4127     13.786     13.900    30.3836    10.0022          1          1  0.000e+00
  1023.4129     13.790     13.903    30.3836    10.0016          1          1  0.000e+00
  1023.4131     13.792     13.905    30.3838    10.0011          1          1  0.000e+00
  1023.4127     13.793     13.906    30.3832    10.0009          1          1  0.000e+00
  1023.4123     13.799     13.913    30.3826    10.0003          1          1  0.000e+00
  1023.4138     13.800     13.914    30.3843     9.9994          1          1  0.000e+00
  1023.4135     13.803     13.917    30.3838     9.9991          1          1  0.000e+00
  1023.4137     13.811     13.924    30.3841     9.9988          1          1  0.000e+00
  1023.4142     13.814     13.927    30.3846     9.9985          1          1  0.000e+00
  1023.4151     13.818     13.932    30.3857     9.9986          1          1  0.000e+00
