data/eDNA/PER-2021-171/171c017.cnv
* Sea-Bird SBE19plus  Data File:
* FileName = C:\Users\RSG_field\Ryan_2021_Perley\CTD\171c017.hex
* Software version 2.3.0 SB_Terminal.dll
* Temperature SN = 7141
* Conductivity SN = 7141
* System UpLoad Time = Aug 13 2021 12:24:13
* <ApplicationData>
* <SeatermAF>
** Platform: M. Perley
** Cruise: Per2021171
** Station:  ESI_03
** Cast: 01 3
** Latitude: N  44 48.324
** Longitude: W 62 8.591
** Sounding: 68.2
** Chief Scientist: Ryan Stanley
** Comment: 171c017
# nquan = 8
# nvalues = 2832                                  
# units = specified
# name 0 = density00: Density [density, kg/m^3]
# name 1 = depSM: Depth [salt water, m], lat = 45.00
# name 2 = prdM: Pressure, Strain Gauge [db]
# name 3 = sal00: Salinity, Practical [PSU]
# name 4 = tv290C: Temperature [ITS-90, deg C]
# name 5 = bpos: Bottle Position in Carousel
# name 6 = nbf: Bottles Fired
# name 7 = flag:  0.000e+00
# span 0 =   998.7978,  1025.6779                 
# span 1 =     -0.066,     69.869                 
# span 2 =     -0.067,     70.453                 
# span 3 =     0.0079,    31.8604                 
# span 4 =     3.3575,    17.8185                 
# span 5 =          0,          6                 
# span 6 =          0,          6                 
# span 7 = 0.0000e+00, 0.0000e+00                 
# interval = seconds: 0.25
# start_time = Aug 13 2021 15:05:37 [Instrument's time stamp, header]
# bad_flag = -9.990e-29
*END*
[from data line 2517]
  1024.2417     23.992     24.190    30.8720     7.2933          3          3  0.000e+00
  1024.2739     23.949     24.147    30.9167     7.3139          3          3  0.000e+00
  1024.2764     23.911     24.108    30.9270     7.3543          3          3  0.000e+00
  1024.2340     23.853     24.050    30.8821     7.4054          3          3  0.000e+00
  1024.1752     23.775     23.971    30.8140     7.4422          3          3  0.000e+00
  1024.1662     23.674     23.869    30.8041     7.4481          3          3  0.000e+00
  1024.2048     23.545     23.739    30.8539     7.4465          3          3  0.000e+00
  1024.2045     23.397     23.590    30.8576     7.4662          3          3  0.000e+00
  1024.1846     23.233     23.424    30.8383     7.4955          3          3  0.000e+00
  1024.1993     23.061     23.251    30.8619     7.5180          3          3  0.000e+00
  1024.2121     22.883     23.072    30.8854     7.5532          3          3  0.000e+00
  1024.2000     22.699     22.886    30.8803     7.6065          3          3  0.000e+00
  1024.1828     22.509     22.694    30.8699     7.6657          3          3  0.000e+00
  1024.1686     22.317     22.501    30.8638     7.7277          3          3  0.000e+00
  1024.1375     22.124     22.306    30.8360     7.7882          3          3  0.000e+00
  1024.1146     21.931     22.112    30.8173     7.8410          3          3  0.000e+00
  1024.1027     21.752     21.931    30.8111     7.8850          3          3  0.000e+00
  1024.0794     21.586     21.763    30.7897     7.9264          3          3  0.000e+00
  1024.0625     21.441     21.618    30.7750     7.9602          3          3  0.000e+00
  1024.0555     21.325     21.500    30.7717     7.9873          3          3  0.000e+00
  1024.0626     21.246     21.421    30.7860     8.0140          3          3  0.000e+00
  1024.0777     21.198     21.372    30.8113     8.0462          3          3  0.000e+00
  1024.0778     21.171     21.345    30.8196     8.0905          3          3  0.000e+00
  1024.0604     21.167     21.341    30.8070     8.1432          3          3  0.000e+00
  1024.0803     21.174     21.349    30.8418     8.1947          3          3  0.000e+00
  1024.0610     21.173     21.348    30.8287     8.2578          3          3  0.000e+00
  1024.0129     21.149     21.323    30.7800     8.3260          3          3  0.000e+00
  1023.9593     21.091     21.264    30.7213     8.3768          3          3  0.000e+00
  1023.9227     20.995     21.168    30.6798     8.4020          3          3  0.000e+00
  1023.9066     20.864     21.035    30.6607     8.4056          3          3  0.000e+00
  1023.9316     20.700     20.871    30.6920     8.3976          3          3  0.000e+00
  1023.9464     20.516     20.685    30.7125     8.4002          3          3  0.000e+00
  1023.9623     20.325     20.493    30.7368     8.4159          3          3  0.000e+00
  1023.9663     20.124     20.289    30.7487     8.4460          3          3  0.000e+00
  1023.9618     19.920     20.084    30.7516     8.4861          3          3  0.000e+00
  1023.9573     19.717     19.879    30.7557     8.5318          3          3  0.000e+00
  1023.9459     19.520     19.680    30.7523     8.5852          3          3  0.000e+00
  1023.9317     19.335     19.494    30.7461     8.6426          3          3  0.000e+00
  1023.8992     19.170     19.327    30.7163     8.6997          3          3  0.000e+00
  1023.8847     19.029     19.185    30.7080     8.7487          3          3  0.000e+00
  1023.8830     18.914     19.070    30.7147     8.7925          3          3  0.000e+00
  1023.8849     18.829     18.984    30.7272     8.8426          3          3  0.000e+00
  1023.8452     18.773     18.928    30.6884     8.9032          3          3  0.000e+00
  1023.8259     18.729     18.883    30.6733     8.9510          3          3  0.000e+00
  1023.8352     18.695     18.849    30.6934     8.9924          3          3  0.000e+00
  1023.8126     18.656     18.809    30.6744     9.0422          3          3  0.000e+00
  1023.7878     18.598     18.751    30.6522     9.0891          3          3  0.000e+00
  1023.7437     18.507     18.660    30.6033     9.1254          3          3  0.000e+00
  1023.7046     18.382     18.533    30.5564     9.1379          3          3  0.000e+00
  1023.7545     18.224     18.374    30.6197     9.1305          3          3  0.000e+00
  1023.7790     18.044     18.192    30.6552     9.1458          3          3  0.000e+00
  1023.7916     17.853     18.000    30.6797     9.1828          3          3  0.000e+00
  1023.7954     17.659     17.804    30.6961     9.2358          3          3  0.000e+00
  1023.7683     17.481     17.625    30.6749     9.2988          3          3  0.000e+00
  1023.7434     17.329     17.472    30.6560     9.3594          3          3  0.000e+00
  1023.7256     17.197     17.338    30.6447     9.4129          3          3  0.000e+00
  1023.7155     17.080     17.221    30.6427     9.4648          3          3  0.000e+00
  1023.6924     16.980     17.119    30.6240     9.5158          3          3  0.000e+00
  1023.6781     16.886     17.025    30.6155     9.5619          3          3  0.000e+00
  1023.6643     16.798     16.937    30.6077     9.6083          3          3  0.000e+00
  1023.6367     16.703     16.840    30.5823     9.6543          3          3  0.000e+00
  1023.6013     16.611     16.747    30.5453     9.6928          3          3  0.000e+00
  1023.5813     16.509     16.645    30.5244     9.7135          3          3  0.000e+00
  1023.5695     16.402     16.537    30.5115     9.7209          3          3  0.000e+00
  1023.6164     16.292     16.426    30.5735     9.7273          3          3  0.000e+00
  1023.6143     16.173     16.306    30.5799     9.7679          3          3  0.000e+00
  1023.5652     16.059     16.191    30.5290     9.8241          3          3  0.000e+00
  1023.5740     15.938     16.069    30.5490     9.8631          3          3  0.000e+00
  1023.5555     15.824     15.954    30.5362     9.9125          3          3  0.000e+00
  1023.5687     15.711     15.840    30.5654     9.9686          4          4  0.000e+00
  1023.5309     15.604     15.732    30.5323    10.0396          4          4  0.000e+00
  1023.5005     15.503     15.631    30.5078    10.1062          4          4  0.000e+00
  1023.4703     15.411     15.538    30.4819    10.1654          4          4  0.000e+00
  1023.4395     15.324     15.450    30.4533    10.2151          4          4  0.000e+00
  1023.4263     15.243     15.369    30.4446    10.2520          4          4  0.000e+00
  1023.4201     15.164     15.289    30.4435    10.2822          4          4  0.000e+00
  1023.3892     15.077     15.201    30.4111    10.3137          4          4  0.000e+00
  1023.3788     14.987     15.110    30.4030    10.3363          4          4  0.000e+00
  1023.3787     14.886     15.009    30.4067    10.3513          4          4  0.000e+00
  1023.4406     14.771     14.892    30.4906    10.3690          4          4  0.000e+00
  1023.5796     14.633     14.753    30.6851    10.4400          4          4  0.000e+00
  1023.4935     14.477     14.596    30.6092    10.5973          4          4  0.000e+00
  1023.3307     14.302     14.420    30.4321    10.7405          4          4  0.000e+00
  1023.2926     14.118     14.234    30.3986    10.8066          4          4  0.000e+00
  1023.3552     13.927     14.041    30.4893    10.8481          4          4  0.000e+00
  1023.3572     13.746     13.859    30.5100    10.9255          4          4  0.000e+00
  1023.3470     13.572     13.683    30.5190    11.0210          4          4  0.000e+00
  1023.2777     13.412     13.522    30.4532    11.1214          4          4  0.000e+00
  1023.2502     13.270     13.379    30.4373    11.2048          4          4  0.000e+00
  1023.2595     13.146     13.254    30.4658    11.2751          4          4  0.000e+00
  1023.2802     13.042     13.149    30.5123    11.3603          4          4  0.000e+00
  1023.2178     12.961     13.068    30.4562    11.4648          4          4  0.000e+00
  1023.2200     12.905     13.011    30.4797    11.5540          4          4  0.000e+00
  1023.2392     12.864     12.969    30.5268    11.6506          4          4  0.000e+00
  1023.2377     12.841     12.947    30.5536    11.7742          4          4  0.000e+00
  1023.1670     12.819     12.924    30.4923    11.9012          4          4  0.000e+00
  1023.2633     12.796     12.901    30.6419    12.0092          4          4  0.000e+00
  1023.2395     12.758     12.862    30.6490    12.1680          4          4  0.000e+00
  1023.0694     12.710     12.814    30.4685    12.3300          4          4  0.000e+00
  1022.8952     12.643     12.747    30.2644    12.4149          4          4  0.000e+00
  1022.9830     12.563     12.666    30.3774    12.4120          4          4  0.000e+00
  1022.8775     12.467     12.570    30.2443    12.4226          4          4  0.000e+00
  1022.9407     12.357     12.458    30.3201    12.3955          4          4  0.000e+00
  1023.1749     12.237     12.338    30.6225    12.3922          4          4  0.000e+00
  1023.1911     12.104     12.203    30.6718    12.5069          4          4  0.000e+00
  1023.3617     11.956     12.054    30.9341    12.6747          4          4  0.000e+00
  1023.3887     11.789     11.886    31.0330    12.9297          4          4  0.000e+00
  1023.2859     11.609     11.704    30.9781    13.2360          4          4  0.000e+00
  1023.1485     11.410     11.504    30.8767    13.5315          4          4  0.000e+00
  1022.9906     11.200     11.292    30.7359    13.7733          4          4  0.000e+00
  1022.9198     10.983     11.073    30.6920    13.9518          4          4  0.000e+00
  1022.8887     10.768     10.856    30.6918    14.0998          4          4  0.000e+00
  1022.8025     10.569     10.655    30.6209    14.2498          4          4  0.000e+00
  1022.7139     10.394     10.479    30.5398    14.3732          4          4  0.000e+00
  1022.6994     10.253     10.337    30.5444    14.4576          4          4  0.000e+00
  1022.6557     10.149     10.232    30.5105    14.5402          4          4  0.000e+00
  1022.6133     10.087     10.170    30.4761    14.6155          4          4  0.000e+00
  1022.6084     10.058     10.140    30.4868    14.6776          4          4  0.000e+00
  1022.6764     10.043     10.125    30.5940    14.7473          4          4  0.000e+00
  1022.7049     10.038     10.120    30.6652    14.8724          4          4  0.000e+00
  1022.6347     10.034     10.117    30.6196    15.0381          4          4  0.000e+00
  1022.5965     10.024     10.106    30.6128    15.1925          4          4  0.000e+00
  1022.5562      9.997     10.079    30.6008    15.3371          4          4  0.000e+00
  1022.4084      9.955     10.037    30.4470    15.4732          4          4  0.000e+00
  1022.2905      9.898      9.979    30.3132    15.5416          4          4  0.000e+00
  1022.2378      9.828      9.908    30.2434    15.5361          4          4  0.000e+00
  1022.1632      9.739      9.819    30.1327    15.4855          4          4  0.000e+00
  1022.3281      9.635      9.714    30.3198    15.3854          4          4  0.000e+00
  1022.4372      9.511      9.589    30.4530    15.3519          4          4  0.000e+00
  1022.4896      9.369      9.446    30.5346    15.3965          4          4  0.000e+00
  1022.4483      9.201      9.277    30.5071    15.4866          4          4  0.000e+00
  1022.4413      9.012      9.086    30.5251    15.5790          4          4  0.000e+00
  1022.4282      8.795      8.867    30.5384    15.6814          4          4  0.000e+00
  1022.3798      8.559      8.629    30.5077    15.7905          4          4  0.000e+00
  1022.3271      8.311      8.379    30.4683    15.8876          4          4  0.000e+00
  1022.2819      8.058      8.124    30.4339    15.9674          4          4  0.000e+00
  1022.2575      7.804      7.868    30.4215    16.0294          4          4  0.000e+00
  1022.2523      7.570      7.632    30.4321    16.0852          4          4  0.000e+00
  1022.2237      7.369      7.429    30.4132    16.1446          4          4  0.000e+00
  1022.2209      7.215      7.274    30.4262    16.1987          4          4  0.000e+00
  1022.2237      7.123      7.181    30.4470    16.2560          4          4  0.000e+00
  1022.2064      7.090      7.148    30.4456    16.3279          4          4  0.000e+00
  1022.2222      7.105      7.163    30.4877    16.4018          4          4  0.000e+00
  1022.2634      7.168      7.227    30.5682    16.4942          4          4  0.000e+00
  1022.1552      7.247      7.306    30.4645    16.6229          4          4  0.000e+00
  1022.1314      7.325      7.385    30.4630    16.7240          4          4  0.000e+00
  1022.0519      7.375      7.435    30.3845    16.8099          4          4  0.000e+00
  1022.0019      7.379      7.440    30.3340    16.8592          4          4  0.000e+00
  1021.9873      7.331      7.392    30.3206    16.8770          4          4  0.000e+00
  1021.9762      7.228      7.287    30.3088    16.8840          4          4  0.000e+00
  1021.9636      7.078      7.136    30.2936    16.8853          4          4  0.000e+00
  1021.9906      6.893      6.949    30.3281    16.8794          4          4  0.000e+00
  1022.0104      6.685      6.740    30.3574    16.8870          4          4  0.000e+00
  1022.0199      6.465      6.518    30.3789    16.9130          4          4  0.000e+00
  1022.0221      6.245      6.296    30.3952    16.9535          4          4  0.000e+00
  1022.0142      6.029      6.078    30.4008    17.0026          4          4  0.000e+00
  1022.0028      5.821      5.869    30.4030    17.0555          4          4  0.000e+00
  1021.9536      5.625      5.671    30.3565    17.1101          5          5  0.000e+00
  1021.9337      5.439      5.484    30.3430    17.1483          5          5  0.000e+00
  1021.9404      5.260      5.303    30.3618    17.1778          5          5  0.000e+00
  1021.9263      5.098      5.140    30.3548    17.2126          5          5  0.000e+00
  1021.9049      4.951      4.991    30.3379    17.2460          5          5  0.000e+00
  1021.8995      4.831      4.871    30.3394    17.2719          5          5  0.000e+00
  1021.8960      4.736      4.774    30.3426    17.2957          5          5  0.000e+00
  1021.8991      4.654      4.692    30.3554    17.3230          5          5  0.000e+00
  1021.8886      4.587      4.625    30.3526    17.3575          5          5  0.000e+00
  1021.8812      4.535      4.572    30.3538    17.3921          5          5  0.000e+00
  1021.8561      4.503      4.540    30.3319    17.4273          5          5  0.000e+00
  1021.8820      4.479      4.516    30.3743    17.4548          5          5  0.000e+00
  1021.8654      4.456      4.492    30.3653    17.4957          5          5  0.000e+00
  1021.8296      4.426      4.462    30.3310    17.5359          5          5  0.000e+00
  1021.7941      4.379      4.415    30.2918    17.5587          5          5  0.000e+00
  1021.7620      4.314      4.349    30.2509    17.5608          5          5  0.000e+00
  1021.7806      4.237      4.272    30.2701    17.5426          5          5  0.000e+00
  1021.7942      4.146      4.180    30.2833    17.5258          5          5  0.000e+00
  1021.7930      4.039      4.072    30.2798    17.5178          5          5  0.000e+00
  1021.8154      3.913      3.945    30.3078    17.5112          5          5  0.000e+00
  1021.8201      3.766      3.797    30.3158    17.5140          5          5  0.000e+00
  1021.8308      3.603      3.633    30.3336    17.5238          5          5  0.000e+00
