data/eDNA/PER-2021-171/171c027.ros
* Sea-Bird SBE19plus  Data File:
* FileName = C:\Users\RSG_field\Ryan_2021_Perley\CTD\171c027.hex
* Software version 2.3.0 SB_Terminal.dll
* Temperature SN = 7141
* Conductivity SN = 7141
* System UpLoad Time = Aug 18 2021 11:43:05
* <ApplicationData>
* <SeatermAF>
** Platform: M. Perley
** Cruise: Per2021171
** Station:  SAB_03
** Cast: 01 3
** Latitude: N  45 50.760
** Longitude: W 60 05.136
** Sounding: 34
** Chief Scientist: Ryan Stanley
** Comment: 171c027
# nquan = 9
# nvalues = 27                                    
# units = specified
# name 0 = density00: Density [density, kg/m^3]
# name 1 = depSM: Depth [salt water, m], lat = 45.00
# name 2 = prdM: Pressure, Strain Gauge [db]
# name 3 = sal00: Salinity, Practical [PSU]
# name 4 = tv290C: Temperature [ITS-90, deg C]
# name 5 = bpos: Bottle Position in Carousel
# name 6 = nbf: Bottles Fired
# name 7 = scan: Scan Count
# name 8 = flag:  0.000e+00
# interval = seconds: 0.25
# start_time = Aug 18 2021 14:30:34 [Instrument's time stamp, header]
# bad_flag = -9.990e-29
*END*
  1024.6148     33.571     33.849    31.1033     6.1408          1          1       1680  0.000e+00
  1024.6144     33.574     33.852    31.1028     6.1411          1          1       1681  0.000e+00
  1024.6136     33.578     33.856    31.1017     6.1408          1          1       1682  0.000e+00
  1024.6125     33.585     33.862    31.1000     6.1395          1          1       1683  0.000e+00
  1024.6126     33.594     33.872    31.0996     6.1358          1          1       1684  0.000e+00
  1024.6183     33.599     33.876    31.1059     6.1305          1          1       1685  0.000e+00
  1024.6253     33.604     33.882    31.1144     6.1278          1          1       1686  0.000e+00
  1024.6225     33.613     33.891    31.1112     6.1306          1          1       1687  0.000e+00
  1024.6195     33.619     33.897    31.1078     6.1336          1          1       1688  0.000e+00
  1023.2176     15.666     15.795    30.3520    11.0736          2          2       2133  0.000e+00
  1023.1387     15.535     15.663    30.2730    11.1716          2          2       2134  0.000e+00
  1023.2236     15.400     15.527    30.4000    11.2474          2          2       2135  0.000e+00
  1023.2110     15.271     15.397    30.4161    11.3873          2          2       2136  0.000e+00
  1023.1529     15.141     15.265    30.3867    11.5831          2          2       2137  0.000e+00
  1022.9881     15.010     15.134    30.2178    11.7684          2          2       2138  0.000e+00
  1022.9330     14.888     15.011    30.1718    11.8732          2          2       2139  0.000e+00
  1022.9680     14.764     14.886    30.2328    11.9381          2          2       2140  0.000e+00
  1022.9897     14.646     14.766    30.2892    12.0565          2          2       2141  0.000e+00
  1021.2152      2.816      2.839    29.6249    17.8223          3          3       2242  0.000e+00
  1021.2033      2.700      2.722    29.6277    17.8791          3          3       2243  0.000e+00
  1021.1667      2.583      2.604    29.5985    17.9373          3          3       2244  0.000e+00
  1021.1407      2.463      2.483    29.5787    17.9811          3          3       2245  0.000e+00
  1021.1314      2.340      2.360    29.5761    18.0093          3          3       2246  0.000e+00
  1021.0869      2.217      2.236    29.5242    18.0276          3          3       2247  0.000e+00
  1021.1032      2.088      2.105    29.5446    18.0219          3          3       2248  0.000e+00
  1021.1014      1.966      1.982    29.5418    18.0181          3          3       2249  0.000e+00
  1021.1267      1.838      1.853    29.5753    18.0170          3          3       2250  0.000e+00
