data/eDNA/PER-2021-171/171c020.cnv
* Sea-Bird SBE19plus  Data File:
* FileName = C:\Users\RSG_field\Ryan_2021_Perley\CTD\171c020.hex
* Software version 2.3.0 SB_Terminal.dll
* Temperature SN = 7141
* Conductivity SN = 7141
* System UpLoad Time = Aug 17 2021 11:52:23
* <ApplicationData>
* <SeatermAF>
** Platform: M. Perley
** Cruise: Per2021171
** Station:  SAB_05
** Cast: 01 3
** Latitude: N  46 15.954
** Longitude: W 59 10.545
** Sounding: 112
** Chief Scientist: Ryan Stanley
** Comment: 171c020
# nquan = 8
# nvalues = 3380                                  
# units = specified
# name 0 = density00: Density [density, kg/m^3]
# name 1 = depSM: Depth [salt water, m], lat = 45.00
# name 2 = prdM: Pressure, Strain Gauge [db]
# name 3 = sal00: Salinity, Practical [PSU]
# name 4 = tv290C: Temperature [ITS-90, deg C]
# name 5 = bpos: Bottle Position in Carousel
# name 6 = nbf: Bottles Fired
# name 7 = flag:  0.000e+00
# span 0 =   998.9849,  1026.7774                 
# span 1 =     -0.039,    105.767                 
# span 2 =     -0.039,    106.660                 
# span 3 =     0.0079,    32.9537                 
# span 4 =     2.0383,    19.8721                 
# span 5 =          0,          5                 
# span 6 =          0,          5                 
# span 7 = 0.0000e+00, 0.0000e+00                 
# interval = seconds: 0.25
# start_time = Aug 17 2021 14:35:08 [Instrument's time stamp, header]
# bad_flag = -9.990e-29
*END*
[from data line 1798]
  1026.7279    103.814    104.690    32.9079     2.7572          0          0  0.000e+00
  1026.7301    103.830    104.706    32.9104     2.7557          0          0  0.000e+00
  1026.7298    103.838    104.715    32.9099     2.7550          0          0  0.000e+00
  1026.7308    103.845    104.721    32.9111     2.7545          0          0  0.000e+00
  1026.7299    103.858    104.735    32.9099     2.7543          0          0  0.000e+00
  1026.7300    103.885    104.762    32.9098     2.7537          0          0  0.000e+00
  1026.7267    103.936    104.813    32.9052     2.7530          0          0  0.000e+00
  1026.7282    104.010    104.888    32.9065     2.7514          0          0  0.000e+00
  1026.7308    104.109    104.987    32.9090     2.7498          0          0  0.000e+00
  1026.7350    104.212    105.092    32.9136     2.7494          0          0  0.000e+00
  1026.7348    104.310    105.190    32.9128     2.7502          0          0  0.000e+00
  1026.7363    104.383    105.264    32.9144     2.7510          0          0  0.000e+00
  1026.7366    104.416    105.297    32.9147     2.7523          0          0  0.000e+00
  1026.7370    104.408    105.289    32.9154     2.7534          0          0  0.000e+00
  1026.7362    104.354    105.234    32.9149     2.7549          0          0  0.000e+00
  1026.7362    104.259    105.139    32.9156     2.7563          0          0  0.000e+00
  1026.7350    104.138    105.017    32.9149     2.7576          0          0  0.000e+00
  1026.7337    104.007    104.885    32.9142     2.7589          0          0  0.000e+00
  1026.7306    103.882    104.758    32.9112     2.7598          0          0  0.000e+00
  1026.7289    103.783    104.659    32.9096     2.7596          0          0  0.000e+00
  1026.7278    103.716    104.592    32.9086     2.7589          0          0  0.000e+00
  1026.7277    103.686    104.561    32.9084     2.7576          0          0  0.000e+00
  1026.7287    103.686    104.561    32.9096     2.7565          0          0  0.000e+00
  1026.7292    103.707    104.582    32.9100     2.7556          0          0  0.000e+00
  1026.7294    103.740    104.615    32.9100     2.7550          0          0  0.000e+00
  1026.7299    103.777    104.653    32.9103     2.7543          0          0  0.000e+00
  1026.7307    103.817    104.693    32.9111     2.7536          0          0  0.000e+00
  1026.7315    103.849    104.725    32.9118     2.7532          0          0  0.000e+00
  1026.7317    103.881    104.757    32.9119     2.7533          0          0  0.000e+00
  1026.7313    103.904    104.781    32.9112     2.7533          0          0  0.000e+00
  1026.7322    103.934    104.811    32.9121     2.7532          0          0  0.000e+00
  1026.7324    103.969    104.846    32.9122     2.7534          0          0  0.000e+00
  1026.7325    104.012    104.890    32.9120     2.7535          0          0  0.000e+00
  1026.7323    104.069    104.948    32.9115     2.7537          0          0  0.000e+00
  1026.7323    104.137    105.016    32.9111     2.7537          0          0  0.000e+00
  1026.7326    104.214    105.093    32.9111     2.7534          0          0  0.000e+00
  1026.7334    104.291    105.171    32.9115     2.7532          0          0  0.000e+00
  1026.7339    104.364    105.245    32.9117     2.7529          0          0  0.000e+00
  1026.7361    104.423    105.304    32.9141     2.7529          0          0  0.000e+00
  1026.7442    104.465    105.347    32.9240     2.7536          0          0  0.000e+00
  1026.7435    104.479    105.361    32.9235     2.7570          0          0  0.000e+00
  1026.7427    104.466    105.348    32.9231     2.7611          0          0  0.000e+00
  1026.7411    104.434    105.316    32.9215     2.7642          0          0  0.000e+00
  1026.7417    104.383    105.264    32.9228     2.7666          0          0  0.000e+00
  1026.7348    104.318    105.198    32.9148     2.7688          0          0  0.000e+00
  1026.7288    104.241    105.121    32.9077     2.7685          0          0  0.000e+00
  1026.7311    104.160    105.039    32.9108     2.7660          0          0  0.000e+00
  1026.7317    104.076    104.954    32.9119     2.7645          0          0  0.000e+00
  1026.7303    103.995    104.873    32.9106     2.7636          0          0  0.000e+00
  1026.7294    103.925    104.802    32.9097     2.7624          0          0  0.000e+00
  1026.7290    103.869    104.746    32.9094     2.7612          0          0  0.000e+00
  1026.7262    103.837    104.714    32.9059     2.7596          0          0  0.000e+00
  1026.7246    103.827    104.703    32.9037     2.7572          0          0  0.000e+00
  1026.7264    103.838    104.715    32.9056     2.7540          0          0  0.000e+00
  1026.7296    103.868    104.745    32.9091     2.7517          0          0  0.000e+00
  1026.7349    103.914    104.791    32.9154     2.7507          0          0  0.000e+00
  1026.7391    103.968    104.845    32.9204     2.7519          0          0  0.000e+00
  1026.7379    104.021    104.899    32.9190     2.7547          0          0  0.000e+00
  1026.7360    104.076    104.954    32.9165     2.7571          0          0  0.000e+00
  1026.7365    104.124    105.002    32.9170     2.7584          0          0  0.000e+00
  1026.7386    104.176    105.055    32.9195     2.7595          0          0  0.000e+00
  1026.7415    104.228    105.107    32.9230     2.7613          0          0  0.000e+00
  1026.7404    104.279    105.160    32.9215     2.7639          0          0  0.000e+00
  1026.7392    104.329    105.210    32.9200     2.7660          0          0  0.000e+00
  1026.7370    104.375    105.256    32.9170     2.7673          0          0  0.000e+00
  1026.7351    104.412    105.293    32.9145     2.7675          0          0  0.000e+00
  1026.7353    104.435    105.317    32.9146     2.7667          0          0  0.000e+00
  1026.7405    104.444    105.325    32.9209     2.7658          0          0  0.000e+00
  1026.7387    104.437    105.319    32.9188     2.7669          0          0  0.000e+00
  1026.7357    104.419    105.301    32.9152     2.7679          0          0  0.000e+00
  1026.7340    104.392    105.273    32.9133     2.7675          0          0  0.000e+00
  1026.7345    104.357    105.238    32.9140     2.7664          0          0  0.000e+00
  1026.7360    104.325    105.206    32.9160     2.7656          0          0  0.000e+00
  1026.7348    104.293    105.174    32.9146     2.7655          0          0  0.000e+00
  1026.7331    104.260    105.140    32.9127     2.7652          0          0  0.000e+00
  1026.7362    104.232    105.112    32.9166     2.7644          0          0  0.000e+00
  1026.7337    104.204    105.084    32.9136     2.7645          0          0  0.000e+00
  1026.7288    104.180    105.059    32.9076     2.7643          0          0  0.000e+00
  1026.7283    104.159    105.038    32.9069     2.7619          0          0  0.000e+00
  1026.7282    104.144    105.023    32.9066     2.7590          0          0  0.000e+00
  1026.7310    104.133    105.012    32.9098     2.7567          0          0  0.000e+00
  1026.7283    104.128    105.007    32.9063     2.7556          0          0  0.000e+00
  1026.7273    104.135    105.014    32.9049     2.7536          0          0  0.000e+00
  1026.7282    104.151    105.030    32.9057     2.7510          0          0  0.000e+00
  1026.7301    104.185    105.065    32.9075     2.7490          0          0  0.000e+00
  1026.7318    104.233    105.113    32.9092     2.7477          0          0  0.000e+00
  1026.7322    104.292    105.173    32.9094     2.7473          0          0  0.000e+00
  1026.7320    104.361    105.242    32.9087     2.7472          0          0  0.000e+00
  1026.7308    104.435    105.317    32.9067     2.7468          0          0  0.000e+00
  1026.7321    104.500    105.382    32.9079     2.7460          0          0  0.000e+00
  1026.7336    104.554    105.437    32.9093     2.7454          0          0  0.000e+00
  1026.7376    104.591    105.474    32.9142     2.7454          0          0  0.000e+00
  1026.7431    104.604    105.487    32.9211     2.7469          0          0  0.000e+00
  1026.7386    104.593    105.476    32.9159     2.7500          0          0  0.000e+00
  1026.7370    104.556    105.439    32.9144     2.7523          0          0  0.000e+00
  1026.7335    104.491    105.373    32.9104     2.7533          0          0  0.000e+00
  1026.7331    104.402    105.283    32.9105     2.7530          0          0  0.000e+00
  1026.7341    104.297    105.177    32.9123     2.7528          0          0  0.000e+00
  1026.7348    104.186    105.066    32.9140     2.7534          0          0  0.000e+00
  1026.7338    104.082    104.961    32.9135     2.7546          0          0  0.000e+00
  1026.7318    103.998    104.875    32.9115     2.7556          0          0  0.000e+00
  1026.7313    103.937    104.814    32.9113     2.7559          0          0  0.000e+00
  1026.7312    103.913    104.790    32.9113     2.7556          0          0  0.000e+00
  1026.7311    103.920    104.797    32.9111     2.7554          0          0  0.000e+00
  1026.7317    103.964    104.841    32.9116     2.7551          0          0  0.000e+00
  1026.7308    104.033    104.911    32.9100     2.7548          0          0  0.000e+00
  1026.7317    104.119    104.997    32.9105     2.7538          0          0  0.000e+00
  1026.7306    104.217    105.097    32.9085     2.7530          0          0  0.000e+00
  1026.7329    104.315    105.195    32.9106     2.7518          0          0  0.000e+00
  1026.7347    104.407    105.288    32.9122     2.7511          0          0  0.000e+00
  1026.7352    104.489    105.371    32.9124     2.7510          0          0  0.000e+00
  1026.7357    104.558    105.440    32.9126     2.7511          0          0  0.000e+00
  1026.7372    104.617    105.500    32.9142     2.7514          0          0  0.000e+00
  1026.7395    104.668    105.551    32.9168     2.7519          0          0  0.000e+00
  1026.7416    104.710    105.594    32.9193     2.7535          0          0  0.000e+00
  1026.7401    104.746    105.631    32.9175     2.7557          0          0  0.000e+00
  1026.7414    104.769    105.653    32.9192     2.7575          0          0  0.000e+00
  1026.7407    104.777    105.662    32.9184     2.7591          0          0  0.000e+00
  1026.7416    104.769    105.653    32.9197     2.7605          0          0  0.000e+00
  1026.7371    104.739    105.623    32.9145     2.7621          0          0  0.000e+00
  1026.7340    104.691    105.575    32.9108     2.7620          0          0  0.000e+00
  1026.7345    104.626    105.510    32.9117     2.7608          0          0  0.000e+00
  1026.7373    104.557    105.439    32.9156     2.7599          0          0  0.000e+00
  1026.7394    104.484    105.366    32.9187     2.7603          0          0  0.000e+00
  1026.7374    104.418    105.299    32.9167     2.7621          0          0  0.000e+00
  1026.7337    104.356    105.237    32.9126     2.7630          0          0  0.000e+00
  1026.7315    104.304    105.185    32.9101     2.7627          0          0  0.000e+00
  1026.7274    104.268    105.148    32.9051     2.7613          0          0  0.000e+00
  1026.7267    104.240    105.119    32.9041     2.7587          0          0  0.000e+00
  1026.7253    104.217    105.097    32.9020     2.7554          0          0  0.000e+00
  1026.7304    104.202    105.082    32.9082     2.7519          0          0  0.000e+00
  1026.7329    104.196    105.076    32.9112     2.7504          0          0  0.000e+00
  1026.7274    104.197    105.077    32.9043     2.7501          0          0  0.000e+00
  1026.7272    104.207    105.086    32.9038     2.7481          0          0  0.000e+00
  1026.7301    104.228    105.108    32.9070     2.7458          0          0  0.000e+00
  1026.7310    104.262    105.142    32.9078     2.7447          0          0  0.000e+00
  1026.7333    104.301    105.181    32.9104     2.7442          0          0  0.000e+00
  1026.7331    104.345    105.225    32.9099     2.7445          0          0  0.000e+00
  1026.7368    104.387    105.268    32.9144     2.7449          0          0  0.000e+00
  1026.7374    104.433    105.314    32.9150     2.7464          0          0  0.000e+00
  1026.7350    104.474    105.356    32.9119     2.7480          0          0  0.000e+00
  1026.7338    104.512    105.394    32.9102     2.7487          0          0  0.000e+00
  1026.7378    104.551    105.434    32.9150     2.7488          0          0  0.000e+00
  1026.7403    104.585    105.468    32.9181     2.7500          0          0  0.000e+00
  1026.7401    104.619    105.502    32.9179     2.7523          0          0  0.000e+00
  1026.7412    104.654    105.538    32.9193     2.7545          0          0  0.000e+00
  1026.7392    104.682    105.565    32.9169     2.7566          0          0  0.000e+00
  1026.7396    104.706    105.590    32.9174     2.7581          0          0  0.000e+00
  1026.7374    104.724    105.608    32.9147     2.7592          0          0  0.000e+00
  1026.7370    104.728    105.613    32.9142     2.7594          0          0  0.000e+00
  1026.7382    104.722    105.606    32.9157     2.7594          0          0  0.000e+00
  1026.7384    104.701    105.585    32.9161     2.7596          0          0  0.000e+00
  1026.7384    104.667    105.550    32.9163     2.7601          0          0  0.000e+00
  1026.7363    104.621    105.505    32.9140     2.7606          0          0  0.000e+00
  1026.7365    104.572    105.454    32.9146     2.7605          0          0  0.000e+00
  1026.7396    104.521    105.403    32.9187     2.7606          0          0  0.000e+00
  1026.7379    104.478    105.360    32.9170     2.7620          0          0  0.000e+00
  1026.7360    104.447    105.329    32.9149     2.7630          0          0  0.000e+00
  1026.7356    104.434    105.315    32.9146     2.7631          0          0  0.000e+00
  1026.7342    104.429    105.311    32.9127     2.7628          0          0  0.000e+00
  1026.7347    104.437    105.318    32.9132     2.7619          0          0  0.000e+00
  1026.7352    104.453    105.334    32.9137     2.7610          0          0  0.000e+00
  1026.7354    104.468    105.349    32.9138     2.7604          0          0  0.000e+00
  1026.7359    104.486    105.368    32.9142     2.7600          0          0  0.000e+00
  1026.7360    104.497    105.379    32.9143     2.7600          0          0  0.000e+00
  1026.7352    104.508    105.390    32.9133     2.7598          0          0  0.000e+00
  1026.7378    104.516    105.399    32.9164     2.7596          0          0  0.000e+00
  1026.7369    104.524    105.406    32.9153     2.7599          0          0  0.000e+00
  1026.7332    104.532    105.415    32.9105     2.7599          0          0  0.000e+00
  1026.7353    104.544    105.426    32.9130     2.7589          0          0  0.000e+00
  1026.7363    104.561    105.444    32.9140     2.7581          0          0  0.000e+00
  1026.7376    104.578    105.461    32.9156     2.7580          0          0  0.000e+00
  1026.7389    104.599    105.482    32.9172     2.7584          0          0  0.000e+00
  1026.7381    104.620    105.503    32.9161     2.7592          0          0  0.000e+00
  1026.7386    104.634    105.517    32.9167     2.7597          0          0  0.000e+00
  1026.7405    104.643    105.526    32.9192     2.7605          0          0  0.000e+00
  1026.7426    104.646    105.529    32.9219     2.7617          0          0  0.000e+00
  1026.7404    104.639    105.523    32.9194     2.7637          0          0  0.000e+00
  1026.7368    104.619    105.502    32.9151     2.7649          0          0  0.000e+00
