data/eDNA/PER-2021-171/171c018.cnv
* Sea-Bird SBE19plus  Data File:
* FileName = C:\Users\RSG_field\Ryan_2021_Perley\CTD\171c018.hex
* Software version 2.3.0 SB_Terminal.dll
* Temperature SN = 7141
* Conductivity SN = 7141
* System UpLoad Time = Aug 13 2021 14:09:49
* <ApplicationData>
* <SeatermAF>
** Platform: M. Perley
** Cruise: Per2021171
** Station:  ESI_02
** Cast: 01 3
** Latitude: N  44 51.363
** Longitude: W 62 11.174
** Sounding: 51.8
** Chief Scientist: Ryan Stanley
** Comment: 171c018
# nquan = 8
# nvalues = 2363                                  
# units = specified
# name 0 = density00: Density [density, kg/m^3]
# name 1 = depSM: Depth [salt water, m], lat = 45.00
# name 2 = prdM: Pressure, Strain Gauge [db]
# name 3 = sal00: Salinity, Practical [PSU]
# name 4 = tv290C: Temperature [ITS-90, deg C]
# name 5 = bpos: Bottle Position in Carousel
# name 6 = nbf: Bottles Fired
# name 7 = flag:  0.000e+00
# span 0 =   999.0243,  1025.0180                 
# span 1 =     -0.075,     51.506                 
# span 2 =     -0.075,     51.935                 
# span 3 =     0.0083,    31.6567                 
# span 4 =     4.7493,    18.4148                 
# span 5 =          0,          5                 
# span 6 =          0,          5                 
# span 7 = 0.0000e+00, 0.0000e+00                 
# interval = seconds: 0.25
# start_time = Aug 13 2021 16:57:27 [Instrument's time stamp, header]
# bad_flag = -9.990e-29
*END*
[from data line 1079]
  1024.1302     37.247     37.555    30.6623     7.3560          0          0  0.000e+00
  1024.1036     37.529     37.840    30.6110     7.2624          0          0  0.000e+00
  1024.1386     37.827     38.140    30.6311     7.1273          0          0  0.000e+00
  1024.2168     38.116     38.432    30.7052     6.9844          0          0  0.000e+00
  1024.2580     38.388     38.705    30.7371     6.8698          0          0  0.000e+00
  1024.2968     38.648     38.968    30.7680     6.7657          0          0  0.000e+00
  1024.3446     38.880     39.201    30.8121     6.6709          0          0  0.000e+00
  1024.3922     39.061     39.384    30.8588     6.5922          0          0  0.000e+00
  1024.4238     39.188     39.512    30.8885     6.5315          0          0  0.000e+00
  1024.4655     39.266     39.592    30.9337     6.4849          0          0  0.000e+00
  1024.4977     39.302     39.628    30.9705     6.4606          0          0  0.000e+00
  1024.5137     39.308     39.633    30.9903     6.4573          0          0  0.000e+00
  1024.5207     39.288     39.613    31.0009     6.4678          0          0  0.000e+00
  1024.5056     39.254     39.579    30.9845     6.4840          0          0  0.000e+00
  1024.4939     39.219     39.543    30.9720     6.4978          0          0  0.000e+00
  1024.4820     39.198     39.522    30.9581     6.5041          0          0  0.000e+00
  1024.4635     39.201     39.525    30.9345     6.5042          0          0  0.000e+00
  1024.4520     39.228     39.553    30.9177     6.4907          0          0  0.000e+00
  1024.4504     39.294     39.619    30.9113     6.4656          0          0  0.000e+00
  1024.4538     39.397     39.723    30.9100     6.4340          0          0  0.000e+00
  1024.4614     39.539     39.866    30.9130     6.3971          0          0  0.000e+00
  1024.4803     39.712     40.041    30.9300     6.3587          0          0  0.000e+00
  1024.4973     39.901     40.232    30.9456     6.3275          0          0  0.000e+00
  1024.5105     40.107     40.439    30.9569     6.3005          0          0  0.000e+00
  1024.5181     40.327     40.661    30.9616     6.2771          0          0  0.000e+00
  1024.5175     40.541     40.876    30.9558     6.2528          0          0  0.000e+00
  1024.5334     40.744     41.082    30.9703     6.2238          0          0  0.000e+00
  1024.5525     40.953     41.292    30.9895     6.1988          0          0  0.000e+00
  1024.5635     41.149     41.490    30.9997     6.1825          0          0  0.000e+00
  1024.5684     41.344     41.687    31.0031     6.1715          0          0  0.000e+00
  1024.5701     41.530     41.874    31.0027     6.1617          0          0  0.000e+00
  1024.5725     41.713     42.059    31.0028     6.1501          0          0  0.000e+00
  1024.5757     41.889     42.236    31.0038     6.1368          0          0  0.000e+00
  1024.5844     42.048     42.397    31.0117     6.1224          0          0  0.000e+00
  1024.5923     42.193     42.543    31.0189     6.1096          0          0  0.000e+00
  1024.5962     42.315     42.666    31.0215     6.0993          0          0  0.000e+00
  1024.6022     42.406     42.758    31.0271     6.0894          0          0  0.000e+00
  1024.6057     42.464     42.816    31.0299     6.0810          0          0  0.000e+00
  1024.6034     42.484     42.836    31.0257     6.0729          0          0  0.000e+00
  1024.6205     42.477     42.830    31.0460     6.0637          0          0  0.000e+00
  1024.6233     42.448     42.800    31.0494     6.0619          0          0  0.000e+00
  1024.6242     42.412     42.763    31.0512     6.0646          0          0  0.000e+00
  1024.6229     42.383     42.734    31.0504     6.0688          0          0  0.000e+00
  1024.6138     42.386     42.738    31.0395     6.0733          0          0  0.000e+00
  1024.6111     42.423     42.775    31.0359     6.0740          0          0  0.000e+00
  1024.6001     42.510     42.863    31.0210     6.0714          0          0  0.000e+00
  1024.5804     42.644     42.997    30.9937     6.0605          0          0  0.000e+00
  1024.5743     42.826     43.181    30.9807     6.0333          0          0  0.000e+00
  1024.5763     43.041     43.398    30.9752     5.9884          0          0  0.000e+00
  1024.6090     43.285     43.644    31.0066     5.9315          0          0  0.000e+00
  1024.6292     43.540     43.901    31.0235     5.8828          0          0  0.000e+00
  1024.6246     43.798     44.162    31.0100     5.8425          0          0  0.000e+00
  1024.6289     44.038     44.403    31.0069     5.7942          0          0  0.000e+00
  1024.6433     44.269     44.636    31.0156     5.7387          0          0  0.000e+00
  1024.6626     44.470     44.839    31.0306     5.6825          0          0  0.000e+00
  1024.6885     44.635     45.005    31.0549     5.6310          0          0  0.000e+00
  1024.7051     44.766     45.138    31.0691     5.5895          0          0  0.000e+00
  1024.7184     44.875     45.248    31.0806     5.5572          0          0  0.000e+00
  1024.7310     44.964     45.337    31.0923     5.5310          0          0  0.000e+00
  1024.7307     45.043     45.417    31.0882     5.5086          0          0  0.000e+00
  1024.7484     45.116     45.490    31.1069     5.4854          0          0  0.000e+00
  1024.7648     45.188     45.563    31.1247     5.4682          0          0  0.000e+00
  1024.7687     45.262     45.638    31.1275     5.4570          0          0  0.000e+00
  1024.7731     45.345     45.721    31.1312     5.4466          0          0  0.000e+00
  1024.7793     45.435     45.812    31.1370     5.4361          0          0  0.000e+00
  1024.7840     45.528     45.906    31.1412     5.4272          0          0  0.000e+00
  1024.7882     45.626     46.005    31.1448     5.4205          0          0  0.000e+00
  1024.7895     45.725     46.104    31.1453     5.4157          0          0  0.000e+00
  1024.7919     45.814     46.194    31.1472     5.4113          0          0  0.000e+00
  1024.7936     45.898     46.279    31.1483     5.4079          0          0  0.000e+00
  1024.7951     45.975     46.356    31.1493     5.4046          0          0  0.000e+00
  1024.7941     46.055     46.437    31.1472     5.4019          0          0  0.000e+00
  1024.7941     46.144     46.527    31.1462     5.3988          0          0  0.000e+00
  1024.7953     46.255     46.638    31.1466     5.3955          0          0  0.000e+00
  1024.7976     46.384     46.769    31.1482     5.3923          0          0  0.000e+00
  1024.7945     46.541     46.927    31.1430     5.3899          0          0  0.000e+00
  1024.7715     46.719     47.107    31.1121     5.3844          0          0  0.000e+00
  1024.7559     46.917     47.307    31.0880     5.3614          0          0  0.000e+00
  1024.7591     47.127     47.518    31.0847     5.3180          0          0  0.000e+00
  1024.7725     47.336     47.729    31.0929     5.2648          0          0  0.000e+00
  1024.7901     47.529     47.923    31.1059     5.2064          0          0  0.000e+00
  1024.8213     47.703     48.099    31.1360     5.1465          0          0  0.000e+00
  1024.8496     47.852     48.250    31.1637     5.0949          0          0  0.000e+00
  1024.8661     47.974     48.372    31.1781     5.0533          0          0  0.000e+00
  1024.8928     48.080     48.479    31.2064     5.0182          0          0  0.000e+00
  1024.9067     48.171     48.571    31.2200     4.9932          0          0  0.000e+00
  1024.9090     48.259     48.660    31.2196     4.9727          0          0  0.000e+00
  1024.9213     48.348     48.750    31.2316     4.9506          0          0  0.000e+00
  1024.9364     48.455     48.858    31.2474     4.9309          0          0  0.000e+00
  1024.9459     48.582     48.985    31.2569     4.9184          0          0  0.000e+00
  1024.9489     48.715     49.120    31.2589     4.9112          0          0  0.000e+00
  1024.9478     48.854     49.260    31.2559     4.9052          0          0  0.000e+00
  1024.9425     48.986     49.392    31.2471     4.8952          0          0  0.000e+00
  1024.9556     49.097     49.505    31.2608     4.8782          0          0  0.000e+00
  1024.9668     49.184     49.592    31.2724     4.8640          0          0  0.000e+00
  1024.9756     49.246     49.655    31.2821     4.8559          0          0  0.000e+00
  1024.9756     49.283     49.693    31.2815     4.8526          0          0  0.000e+00
  1024.9809     49.309     49.718    31.2876     4.8496          0          0  0.000e+00
  1024.9805     49.332     49.742    31.2868     4.8490          0          0  0.000e+00
  1024.9781     49.371     49.781    31.2836     4.8487          0          0  0.000e+00
  1024.9796     49.437     49.848    31.2847     4.8468          0          0  0.000e+00
  1024.9763     49.533     49.944    31.2797     4.8449          0          0  0.000e+00
  1024.9714     49.662     50.074    31.2721     4.8400          0          0  0.000e+00
  1024.9753     49.782     50.195    31.2752     4.8310          0          0  0.000e+00
  1024.9808     49.854     50.268    31.2804     4.8215          0          0  0.000e+00
  1024.9926     49.921     50.335    31.2939     4.8139          0          0  0.000e+00
  1024.9900     49.985     50.400    31.2900     4.8126          0          0  0.000e+00
  1024.9877     50.059     50.475    31.2865     4.8106          0          0  0.000e+00
  1024.9892     50.117     50.533    31.2875     4.8065          0          0  0.000e+00
  1024.9923     50.178     50.595    31.2903     4.8018          0          0  0.000e+00
  1024.9954     50.226     50.643    31.2936     4.7981          0          0  0.000e+00
  1024.9962     50.277     50.694    31.2940     4.7958          0          0  0.000e+00
  1024.9982     50.326     50.744    31.2959     4.7935          0          0  0.000e+00
  1024.9971     50.383     50.801    31.2939     4.7921          0          0  0.000e+00
  1024.9979     50.439     50.858    31.2943     4.7897          0          0  0.000e+00
  1024.9983     50.493     50.913    31.2942     4.7874          0          0  0.000e+00
  1024.9996     50.540     50.960    31.2952     4.7847          0          0  0.000e+00
  1025.0014     50.568     50.988    31.2970     4.7821          0          0  0.000e+00
  1025.0076     50.568     50.988    31.3045     4.7802          0          0  0.000e+00
  1025.0171     50.543     50.963    31.3168     4.7822          0          0  0.000e+00
  1025.0075     50.481     50.901    31.3062     4.7898          0          0  0.000e+00
  1025.0023     50.392     50.811    31.3007     4.7942          0          0  0.000e+00
  1025.0038     50.285     50.703    31.3035     4.7958          0          0  0.000e+00
  1025.0037     50.168     50.584    31.3044     4.7984          0          0  0.000e+00
  1024.9990     50.054     50.470    31.2996     4.8019          0          0  0.000e+00
  1024.9953     49.951     50.366    31.2958     4.8037          0          0  0.000e+00
  1024.9947     49.869     50.283    31.2955     4.8040          0          0  0.000e+00
  1024.9916     49.809     50.223    31.2920     4.8040          0          0  0.000e+00
  1024.9959     49.778     50.192    31.2976     4.8035          0          0  0.000e+00
  1024.9927     49.775     50.189    31.2936     4.8046          0          0  0.000e+00
  1024.9907     49.806     50.220    31.2911     4.8056          0          0  0.000e+00
  1024.9875     49.872     50.286    31.2867     4.8056          0          0  0.000e+00
  1024.9855     49.959     50.374    31.2835     4.8047          0          0  0.000e+00
  1024.9862     50.065     50.481    31.2834     4.8024          0          0  0.000e+00
  1024.9882     50.182     50.599    31.2849     4.7991          0          0  0.000e+00
  1024.9906     50.297     50.715    31.2868     4.7961          0          0  0.000e+00
  1024.9918     50.403     50.822    31.2873     4.7932          0          0  0.000e+00
  1024.9933     50.497     50.917    31.2882     4.7898          0          0  0.000e+00
  1024.9962     50.577     50.997    31.2909     4.7865          0          0  0.000e+00
  1024.9988     50.629     51.049    31.2935     4.7841          0          0  0.000e+00
  1024.9978     50.662     51.082    31.2919     4.7825          0          0  0.000e+00
  1025.0026     50.658     51.079    31.2976     4.7804          0          0  0.000e+00
  1025.0071     50.628     51.048    31.3036     4.7807          0          0  0.000e+00
  1025.0072     50.574     50.994    31.3044     4.7841          0          0  0.000e+00
  1025.0056     50.497     50.917    31.3035     4.7882          0          0  0.000e+00
  1025.0021     50.408     50.827    31.3002     4.7926          0          0  0.000e+00
  1025.0013     50.316     50.734    31.3001     4.7957          0          0  0.000e+00
  1024.9986     50.225     50.642    31.2976     4.7983          0          0  0.000e+00
  1024.9949     50.146     50.563    31.2936     4.8005          0          0  0.000e+00
  1024.9921     50.088     50.504    31.2905     4.8009          0          0  0.000e+00
  1024.9920     50.049     50.465    31.2906     4.8006          0          0  0.000e+00
  1024.9912     50.033     50.448    31.2897     4.8003          0          0  0.000e+00
  1024.9903     50.042     50.458    31.2884     4.8000          0          0  0.000e+00
  1024.9903     50.070     50.486    31.2883     4.7999          0          0  0.000e+00
  1024.9897     50.111     50.528    31.2873     4.8002          0          0  0.000e+00
  1024.9895     50.161     50.578    31.2867     4.8003          0          0  0.000e+00
  1024.9890     50.214     50.631    31.2857     4.8001          0          0  0.000e+00
  1024.9881     50.264     50.682    31.2842     4.7996          0          0  0.000e+00
  1024.9881     50.313     50.731    31.2837     4.7977          0          0  0.000e+00
  1024.9903     50.350     50.768    31.2860     4.7953          0          0  0.000e+00
  1024.9922     50.373     50.792    31.2880     4.7936          0          0  0.000e+00
  1024.9947     50.387     50.806    31.2911     4.7930          0          0  0.000e+00
  1024.9944     50.383     50.801    31.2907     4.7933          0          0  0.000e+00
  1024.9950     50.368     50.786    31.2916     4.7938          0          0  0.000e+00
  1024.9944     50.334     50.752    31.2912     4.7949          0          0  0.000e+00
  1024.9932     50.294     50.711    31.2901     4.7964          0          0  0.000e+00
  1024.9928     50.252     50.670    31.2900     4.7974          0          0  0.000e+00
  1024.9938     50.215     50.632    31.2916     4.7986          0          0  0.000e+00
  1024.9908     50.192     50.609    31.2882     4.8005          0          0  0.000e+00
  1024.9886     50.191     50.608    31.2856     4.8017          0          0  0.000e+00
  1024.9880     50.214     50.631    31.2848     4.8019          0          0  0.000e+00
  1024.9899     50.257     50.674    31.2868     4.8015          0          0  0.000e+00
  1024.9883     50.321     50.739    31.2845     4.8018          0          0  0.000e+00
  1024.9871     50.395     50.814    31.2825     4.8014          0          0  0.000e+00
  1024.9874     50.474     50.893    31.2821     4.7996          0          0  0.000e+00
  1024.9884     50.544     50.964    31.2827     4.7971          0          0  0.000e+00
  1024.9921     50.600     51.020    31.2866     4.7943          0          0  0.000e+00
  1024.9925     50.635     51.056    31.2867     4.7928          0          0  0.000e+00
  1024.9932     50.646     51.066    31.2874     4.7914          0          0  0.000e+00
