data/eDNA/PER-2021-171/171c023.cnv
* Sea-Bird SBE19plus  Data File:
* FileName = C:\Users\RSG_field\Ryan_2021_Perley\CTD\171c023.hex
* Software version 2.3.0 SB_Terminal.dll
* Temperature SN = 7141
* Conductivity SN = 7141
* System UpLoad Time = Aug 17 2021 17:28:18
* <ApplicationData>
* <SeatermAF>
** Platform: M. Perley
** Cruise: Per2021171
** Station:  SAB_08
** Cast: 01 3
** Latitude: N  46 11.91
** Longitude: W 59 09.692
** Sounding: 92.2
** Chief Scientist: Ryan Stanley
** Comment: 171c023
# nquan = 8
# nvalues = 3022                                  
# units = specified
# name 0 = density00: Density [density, kg/m^3]
# name 1 = depSM: Depth [salt water, m], lat = 45.00
# name 2 = prdM: Pressure, Strain Gauge [db]
# name 3 = sal00: Salinity, Practical [PSU]
# name 4 = tv290C: Temperature [ITS-90, deg C]
# name 5 = bpos: Bottle Position in Carousel
# name 6 = nbf: Bottles Fired
# name 7 = flag:  0.000e+00
# span 0 =   998.7095,  1026.3589                 
# span 1 =     -0.029,     85.489                 
# span 2 =     -0.029,     86.206                 
# span 3 =     0.0794,    32.5050                 
# span 4 =     2.2153,    20.0299                 
# span 5 =          0,          2                 
# span 6 =          0,          2                 
# span 7 = 0.0000e+00, 0.0000e+00                 
# interval = seconds: 0.25
# start_time = Aug 17 2021 20:12:47 [Instrument's time stamp, header]
# bad_flag = -9.990e-29
*END*
[from data line 2517]
  1025.5305     53.697     54.144    31.8064     3.6782          1          1  0.000e+00
  1025.5292     53.465     53.910    31.8060     3.6778          1          1  0.000e+00
  1025.5273     53.257     53.700    31.8049     3.6777          1          1  0.000e+00
  1025.5255     53.091     53.532    31.8036     3.6779          1          1  0.000e+00
  1025.5241     52.967     53.407    31.8026     3.6781          1          1  0.000e+00
  1025.5206     52.887     53.327    31.7988     3.6786          1          1  0.000e+00
  1025.5188     52.843     53.282    31.7969     3.6790          1          1  0.000e+00
  1025.5154     52.825     53.264    31.7927     3.6794          1          1  0.000e+00
  1025.5073     52.824     53.263    31.7826     3.6796          1          1  0.000e+00
  1025.5044     52.817     53.257    31.7789     3.6798          1          1  0.000e+00
  1025.5031     52.790     53.229    31.7775     3.6796          1          1  0.000e+00
  1025.5016     52.727     53.166    31.7760     3.6791          1          1  0.000e+00
  1025.4997     52.633     53.071    31.7741     3.6786          1          1  0.000e+00
  1025.4973     52.499     52.936    31.7717     3.6777          1          1  0.000e+00
  1025.4946     52.343     52.778    31.7691     3.6768          1          1  0.000e+00
  1025.4912     52.162     52.596    31.7658     3.6758          1          1  0.000e+00
  1025.4876     51.978     52.410    31.7623     3.6749          1          1  0.000e+00
  1025.4855     51.797     52.227    31.7606     3.6742          1          1  0.000e+00
  1025.4828     51.631     52.060    31.7581     3.6736          1          1  0.000e+00
  1025.4804     51.480     51.907    31.7559     3.6732          1          1  0.000e+00
  1025.4786     51.346     51.773    31.7545     3.6736          1          1  0.000e+00
  1025.4770     51.229     51.655    31.7532     3.6738          1          1  0.000e+00
  1025.4752     51.121     51.546    31.7517     3.6747          1          1  0.000e+00
  1025.4728     51.023     51.447    31.7495     3.6766          1          1  0.000e+00
  1025.4693     50.928     51.351    31.7459     3.6784          1          1  0.000e+00
  1025.4631     50.836     51.258    31.7390     3.6820          1          1  0.000e+00
  1025.4565     50.757     51.178    31.7320     3.6887          1          1  0.000e+00
  1025.4526     50.689     51.110    31.7283     3.6955          1          1  0.000e+00
  1025.4505     50.634     51.054    31.7268     3.7024          1          1  0.000e+00
  1025.4453     50.598     51.018    31.7215     3.7104          1          1  0.000e+00
  1025.4417     50.574     50.994    31.7179     3.7173          1          1  0.000e+00
  1025.4382     50.553     50.973    31.7142     3.7231          1          1  0.000e+00
  1025.4395     50.527     50.946    31.7166     3.7281          1          1  0.000e+00
  1025.4441     50.488     50.908    31.7234     3.7347          1          1  0.000e+00
  1025.4451     50.430     50.849    31.7264     3.7460          1          1  0.000e+00
  1025.4425     50.347     50.766    31.7254     3.7614          1          1  0.000e+00
  1025.4343     50.241     50.659    31.7178     3.7788          1          1  0.000e+00
  1025.4253     50.110     50.526    31.7093     3.7952          1          1  0.000e+00
  1025.4202     49.958     50.373    31.7054     3.8093          1          1  0.000e+00
  1025.4212     49.792     50.205    31.7093     3.8227          1          1  0.000e+00
  1025.4189     49.612     50.024    31.7093     3.8391          1          1  0.000e+00
  1025.4140     49.434     49.844    31.7065     3.8582          1          1  0.000e+00
  1025.4005     49.262     49.671    31.6928     3.8770          1          1  0.000e+00
  1025.3924     49.099     49.506    31.6854     3.8915          1          1  0.000e+00
  1025.3860     48.953     49.360    31.6795     3.9022          1          1  0.000e+00
  1025.3842     48.818     49.223    31.6790     3.9108          1          1  0.000e+00
  1025.3836     48.704     49.109    31.6801     3.9200          1          1  0.000e+00
  1025.3755     48.606     49.009    31.6717     3.9303          1          1  0.000e+00
  1025.3737     48.513     48.916    31.6709     3.9372          1          1  0.000e+00
  1025.3736     48.425     48.827    31.6719     3.9432          1          1  0.000e+00
  1025.3850     48.341     48.742    31.6878     3.9508          1          1  0.000e+00
  1025.3880     48.249     48.650    31.6940     3.9669          1          1  0.000e+00
  1025.3936     48.156     48.556    31.7044     3.9898          1          1  0.000e+00
  1025.3825     48.053     48.452    31.6949     4.0205          1          1  0.000e+00
  1025.3598     47.938     48.336    31.6706     4.0510          1          1  0.000e+00
  1025.3517     47.815     48.212    31.6637     4.0718          1          1  0.000e+00
  1025.3453     47.686     48.082    31.6587     4.0901          1          1  0.000e+00
  1025.3388     47.557     47.952    31.6534     4.1070          1          1  0.000e+00
  1025.3322     47.426     47.819    31.6478     4.1228          1          1  0.000e+00
  1025.3257     47.295     47.688    31.6422     4.1373          1          1  0.000e+00
  1025.3249     47.170     47.562    31.6434     4.1487          1          1  0.000e+00
  1025.3324     47.053     47.443    31.6552     4.1621          1          1  0.000e+00
  1025.3289     46.942     47.332    31.6540     4.1824          1          1  0.000e+00
  1025.3116     46.836     47.225    31.6356     4.2055          1          1  0.000e+00
  1025.2999     46.729     47.117    31.6237     4.2228          1          1  0.000e+00
  1025.2971     46.623     47.010    31.6221     4.2335          1          1  0.000e+00
  1025.2907     46.510     46.896    31.6162     4.2449          1          1  0.000e+00
  1025.2828     46.389     46.774    31.6084     4.2558          1          1  0.000e+00
  1025.2709     46.254     46.638    31.5954     4.2657          1          1  0.000e+00
  1025.2679     46.114     46.497    31.5931     4.2710          1          1  0.000e+00
  1025.2667     45.969     46.351    31.5931     4.2760          1          1  0.000e+00
  1025.2616     45.829     46.209    31.5885     4.2834          1          1  0.000e+00
  1025.2572     45.702     46.081    31.5846     4.2904          1          1  0.000e+00
  1025.2566     45.592     45.970    31.5853     4.2966          1          1  0.000e+00
  1025.2517     45.503     45.880    31.5806     4.3046          1          1  0.000e+00
  1025.2457     45.436     45.813    31.5744     4.3116          1          1  0.000e+00
  1025.2571     45.385     45.761    31.5898     4.3177          1          1  0.000e+00
  1025.2498     45.344     45.720    31.5826     4.3312          1          1  0.000e+00
  1025.2432     45.302     45.678    31.5765     4.3467          1          1  0.000e+00
  1025.2466     45.245     45.620    31.5828     4.3602          1          1  0.000e+00
  1025.2376     45.166     45.540    31.5743     4.3787          1          1  0.000e+00
  1025.2241     45.058     45.432    31.5602     4.3965          1          1  0.000e+00
  1025.2150     44.921     45.293    31.5512     4.4095          1          1  0.000e+00
  1025.2088     44.756     45.128    31.5455     4.4185          1          1  0.000e+00
  1025.2123     44.567     44.936    31.5519     4.4255          1          1  0.000e+00
  1025.2096     44.355     44.722    31.5512     4.4366          1          1  0.000e+00
  1025.2093     44.130     44.496    31.5539     4.4509          1          1  0.000e+00
  1025.2088     43.899     44.263    31.5571     4.4690          1          1  0.000e+00
  1025.1935     43.677     44.039    31.5422     4.4931          1          1  0.000e+00
  1025.1850     43.479     43.839    31.5353     4.5135          1          1  0.000e+00
  1025.1798     43.307     43.666    31.5321     4.5321          1          1  0.000e+00
  1025.1759     43.176     43.534    31.5306     4.5518          1          1  0.000e+00
  1025.1695     43.086     43.443    31.5261     4.5744          1          1  0.000e+00
  1025.1654     43.036     43.393    31.5243     4.5987          1          1  0.000e+00
  1025.1478     43.020     43.377    31.5056     4.6245          1          1  0.000e+00
  1025.2592     43.034     43.390    31.6490     4.6476          1          1  0.000e+00
  1025.3280     43.060     43.417    31.7481     4.7404          1          1  0.000e+00
  1025.2732     43.080     43.437    31.7029     4.9189          1          1  0.000e+00
  1025.1381     43.077     43.434    31.5569     5.0975          1          1  0.000e+00
  1025.0284     43.045     43.402    31.4352     5.2172          1          1  0.000e+00
  1024.9786     42.971     43.327    31.3814     5.2794          1          1  0.000e+00
  1024.9476     42.852     43.208    31.3478     5.3138          1          1  0.000e+00
  1024.9341     42.688     43.042    31.3341     5.3308          1          1  0.000e+00
  1024.9210     42.482     42.835    31.3201     5.3401          1          1  0.000e+00
  1024.9122     42.246     42.596    31.3109     5.3441          1          1  0.000e+00
  1024.9102     41.989     42.337    31.3104     5.3474          1          1  0.000e+00
  1024.8794     41.722     42.068    31.2743     5.3561          1          1  0.000e+00
  1024.8263     41.458     41.802    31.2093     5.3601          1          1  0.000e+00
  1024.8206     41.209     41.551    31.2022     5.3505          1          1  0.000e+00
  1024.8022     40.988     41.327    31.1782     5.3360          1          1  0.000e+00
  1024.7993     40.807     41.146    31.1731     5.3188          1          1  0.000e+00
  1024.7914     40.674     41.011    31.1615     5.3025          1          1  0.000e+00
  1024.7890     40.599     40.935    31.1567     5.2866          1          1  0.000e+00
  1024.7868     40.573     40.909    31.1519     5.2709          1          1  0.000e+00
  1024.8197     40.591     40.927    31.1918     5.2589          1          1  0.000e+00
  1024.8952     40.658     40.995    31.2888     5.2724          1          1  0.000e+00
  1024.9159     40.740     41.077    31.3239     5.3397          1          1  0.000e+00
  1024.8104     40.817     41.155    31.2042     5.4393          1          1  0.000e+00
  1024.7290     40.869     41.208    31.1085     5.4924          1          1  0.000e+00
  1024.7274     40.874     41.213    31.1068     5.4957          1          1  0.000e+00
  1024.7470     40.806     41.144    31.1314     5.4904          1          1  0.000e+00
  1024.7554     40.656     40.993    31.1436     5.4961          1          1  0.000e+00
  1024.7599     40.422     40.756    31.1528     5.5097          1          1  0.000e+00
  1024.7686     40.118     40.451    31.1683     5.5286          1          1  0.000e+00
  1024.7665     39.771     40.100    31.1715     5.5552          1          1  0.000e+00
  1024.7754     39.419     39.745    31.1892     5.5851          1          1  0.000e+00
  1024.7920     39.092     39.416    31.2179     5.6251          1          1  0.000e+00
  1024.7601     38.823     39.144    31.1870     5.6788          1          1  0.000e+00
  1024.7663     38.637     38.957    31.2025     5.7240          1          1  0.000e+00
  1024.8001     38.542     38.861    31.2535     5.7749          1          1  0.000e+00
  1024.7938     38.521     38.840    31.2569     5.8507          1          1  0.000e+00
  1024.7598     38.572     38.891    31.2262     5.9349          1          1  0.000e+00
  1024.7152     38.664     38.984    31.1805     6.0107          1          1  0.000e+00
  1024.6735     38.767     39.088    31.1353     6.0647          1          1  0.000e+00
  1024.6461     38.861     39.183    31.1046     6.0948          1          1  0.000e+00
  1024.6329     38.918     39.241    31.0897     6.1088          1          1  0.000e+00
  1024.6277     38.924     39.246    31.0838     6.1137          1          1  0.000e+00
  1024.6269     38.865     39.187    31.0832     6.1145          1          1  0.000e+00
  1024.6272     38.740     39.061    31.0843     6.1142          1          1  0.000e+00
  1024.6279     38.560     38.879    31.0864     6.1147          1          1  0.000e+00
  1024.6328     38.341     38.658    31.0941     6.1165          1          1  0.000e+00
  1024.6329     38.100     38.415    31.0963     6.1211          1          1  0.000e+00
  1024.6335     37.854     38.167    31.0994     6.1269          1          1  0.000e+00
  1024.6354     37.629     37.941    31.1042     6.1335          1          1  0.000e+00
  1024.6327     37.430     37.740    31.1035     6.1429          1          1  0.000e+00
  1024.6352     37.262     37.570    31.1090     6.1522          1          1  0.000e+00
  1024.6501     37.128     37.435    31.1305     6.1642          1          1  0.000e+00
  1024.6582     37.018     37.324    31.1449     6.1866          1          1  0.000e+00
  1024.7193     36.927     37.232    31.2281     6.2201          1          1  0.000e+00
  1024.7078     36.848     37.153    31.2243     6.2869          1          1  0.000e+00
  1024.7458     36.775     37.079    31.2860     6.3698          1          1  0.000e+00
  1024.7738     36.701     37.004    31.3387     6.4761          1          1  0.000e+00
  1024.7377     36.621     36.924    31.3149     6.6104          1          1  0.000e+00
  1024.6969     36.533     36.836    31.2847     6.7407          1          1  0.000e+00
  1024.6730     36.436     36.737    31.2728     6.8499          1          1  0.000e+00
  1024.6067     36.321     36.622    31.2064     6.9540          1          1  0.000e+00
  1024.5241     36.194     36.493    31.1145     7.0283          1          1  0.000e+00
  1024.5416     36.059     36.358    31.1431     7.0616          1          1  0.000e+00
  1024.5488     35.917     36.214    31.1588     7.0959          1          1  0.000e+00
  1024.5553     35.783     36.079    31.1753     7.1402          1          1  0.000e+00
  1024.5324     35.657     35.951    31.1559     7.1930          1          1  0.000e+00
  1024.5103     35.546     35.840    31.1362     7.2388          1          1  0.000e+00
  1024.4944     35.448     35.741    31.1228     7.2751          1          1  0.000e+00
  1024.4962     35.362     35.654    31.1304     7.3038          1          1  0.000e+00
  1024.4924     35.279     35.571    31.1312     7.3338          1          1  0.000e+00
  1024.4887     35.199     35.490    31.1326     7.3660          1          1  0.000e+00
  1024.4726     35.102     35.392    31.1181     7.3982          1          1  0.000e+00
  1024.4519     34.999     35.289    31.0967     7.4230          1          1  0.000e+00
  1024.4442     34.875     35.164    31.0900     7.4372          1          1  0.000e+00
  1024.4528     34.733     35.020    31.1037     7.4483          1          1  0.000e+00
  1024.4487     34.578     34.864    31.1021     7.4639          1          1  0.000e+00
  1024.4588     34.422     34.706    31.1187     7.4804          1          1  0.000e+00
  1024.4524     34.266     34.549    31.1153     7.5018          1          1  0.000e+00
  1024.4653     34.122     34.404    31.1364     7.5242          1          1  0.000e+00
  1024.4568     33.992     34.273    31.1318     7.5556          1          1  0.000e+00
  1024.4769     33.887     34.167    31.1633     7.5852          1          1  0.000e+00
  1024.4560     33.800     34.080    31.1442     7.6255          1          1  0.000e+00
  1024.4307     33.737     34.016    31.1190     7.6634          1          1  0.000e+00
  1024.4361     33.681     33.959    31.1306     7.6879          1          1  0.000e+00
