data/eDNA/PER-2021-171/171c019.cnv
* Sea-Bird SBE19plus  Data File:
* FileName = C:\Users\RSG_field\Ryan_2021_Perley\CTD\171c019.hex
* Software version 2.3.0 SB_Terminal.dll
* Temperature SN = 7141
* Conductivity SN = 7141
* System UpLoad Time = Aug 14 2021 14:03:59
* <ApplicationData>
* <SeatermAF>
** Platform: M. Perley
** Cruise: Per2021171
** Station:  ESI_01
** Cast: 01 3
** Latitude: N  44 54.418
** Longitude: W 62 13.850
** Sounding: 21.3
** Chief Scientist: Ryan Stanley
** Comment: 171c019
# nquan = 8
# nvalues = 1894                                  
# units = specified
# name 0 = density00: Density [density, kg/m^3]
# name 1 = depSM: Depth [salt water, m], lat = 45.00
# name 2 = prdM: Pressure, Strain Gauge [db]
# name 3 = sal00: Salinity, Practical [PSU]
# name 4 = tv290C: Temperature [ITS-90, deg C]
# name 5 = bpos: Bottle Position in Carousel
# name 6 = nbf: Bottles Fired
# name 7 = flag:  0.000e+00
# span 0 =   998.9555,  1023.5516                 
# span 1 =     -0.051,     21.056                 
# span 2 =     -0.052,     21.229                 
# span 3 =     0.0080,    30.7366                 
# span 4 =    10.4863,    17.6161                 
# span 5 =          0,          4                 
# span 6 =          0,          4                 
# span 7 = 0.0000e+00, 0.0000e+00                 
# interval = seconds: 0.25
# start_time = Aug 14 2021 16:53:20 [Instrument's time stamp, header]
# bad_flag = -9.990e-29
*END*
[from data line 360]
  1021.9404      1.693      1.707    30.2149    16.6167          0          0  0.000e+00
  1021.9344      1.641      1.655    30.2061    16.6122          0          0  0.000e+00
  1021.9420      1.578      1.591    30.2128    16.6002          0          0  0.000e+00
  1021.9569      1.505      1.517    30.2299    16.5905          0          0  0.000e+00
  1021.9630      1.444      1.456    30.2384    16.5911          0          0  0.000e+00
  1021.9612      1.394      1.406    30.2384    16.5984          0          0  0.000e+00
  1021.9635      1.355      1.366    30.2444    16.6076          0          0  0.000e+00
  1021.9752      1.333      1.344    30.2641    16.6224          0          0  0.000e+00
  1021.9724      1.330      1.341    30.2688    16.6505          0          0  0.000e+00
  1021.9484      1.350      1.361    30.2473    16.6841          0          0  0.000e+00
  1021.9226      1.395      1.407    30.2207    16.7086          0          0  0.000e+00
  1021.8733      1.465      1.477    30.1573    16.7131          0          0  0.000e+00
  1021.9432      1.558      1.570    30.2375    16.6778          0          0  0.000e+00
  1022.0232      1.668      1.682    30.3428    16.6832          0          0  0.000e+00
  1021.8293      1.791      1.805    30.1116    16.7590          0          0  0.000e+00
  1021.7719      1.901      1.917    30.0285    16.7339          0          0  0.000e+00
  1021.8308      1.982      1.998    30.0718    16.6218          0          0  0.000e+00
  1021.8900      2.017      2.033    30.1174    16.5149          0          0  0.000e+00
  1021.9633      2.011      2.028    30.1884    16.4308          0          0  0.000e+00
  1022.0335      1.967      1.983    30.2673    16.3871          0          0  0.000e+00
  1022.0575      1.889      1.905    30.3010    16.3933          0          0  0.000e+00
  1022.0563      1.784      1.799    30.3109    16.4305          0          0  0.000e+00
  1022.0327      1.678      1.692    30.2948    16.4786          0          0  0.000e+00
  1022.0265      1.587      1.600    30.3001    16.5219          0          0  0.000e+00
  1022.0111      1.527      1.539    30.2946    16.5707          0          0  0.000e+00
  1021.9882      1.502      1.515    30.2802    16.6228          0          0  0.000e+00
  1021.9787      1.511      1.523    30.2816    16.6696          0          0  0.000e+00
  1021.9851      1.536      1.549    30.3047    16.7199          0          0  0.000e+00
  1021.9589      1.574      1.586    30.2909    16.7891          0          0  0.000e+00
  1021.9049      1.610      1.623    30.2406    16.8576          0          0  0.000e+00
  1021.8926      1.636      1.649    30.2363    16.8979          0          0  0.000e+00
  1021.8752      1.654      1.668    30.2261    16.9399          0          0  0.000e+00
  1021.8681      1.661      1.675    30.2283    16.9781          0          0  0.000e+00
  1021.8394      1.663      1.676    30.2034    17.0202          0          0  0.000e+00
  1021.8013      1.651      1.664    30.1623    17.0486          0          0  0.000e+00
  1021.8114      1.646      1.659    30.1760    17.0501          0          0  0.000e+00
  1021.8143      1.643      1.657    30.1816    17.0561          0          0  0.000e+00
  1021.8052      1.646      1.659    30.1736    17.0694          0          0  0.000e+00
  1021.7935      1.646      1.659    30.1611    17.0787          0          0  0.000e+00
  1021.7721      1.642      1.656    30.1336    17.0800          0          0  0.000e+00
  1021.7726      1.637      1.651    30.1289    17.0622          0          0  0.000e+00
  1021.7700      1.629      1.642    30.1166    17.0322          0          0  0.000e+00
  1021.7608      1.618      1.631    30.0923    16.9912          0          0  0.000e+00
  1021.8072      1.614      1.627    30.1352    16.9321          0          0  0.000e+00
  1021.8473      1.619      1.632    30.1752    16.8906          0          0  0.000e+00
  1021.8624      1.633      1.646    30.1895    16.8731          0          0  0.000e+00
  1021.8402      1.654      1.668    30.1591    16.8683          0          0  0.000e+00
  1021.8102      1.687      1.701    30.1125    16.8441          0          0  0.000e+00
  1021.8379      1.727      1.741    30.1294    16.7800          0          0  0.000e+00
  1021.8831      1.770      1.784    30.1682    16.7128          0          0  0.000e+00
  1021.8884      1.813      1.828    30.1619    16.6692          0          0  0.000e+00
  1021.8714      1.840      1.855    30.1269    16.6262          0          0  0.000e+00
  1021.9360      1.850      1.865    30.1922    16.5621          0          0  0.000e+00
  1021.9753      1.830      1.845    30.2340    16.5296          0          0  0.000e+00
  1022.0137      1.783      1.798    30.2838    16.5274          0          0  0.000e+00
  1022.0044      1.705      1.719    30.2804    16.5557          0          0  0.000e+00
  1021.9848      1.608      1.622    30.2659    16.5913          0          0  0.000e+00
  1021.9699      1.507      1.519    30.2557    16.6205          0          0  0.000e+00
  1021.9593      1.407      1.419    30.2494    16.6443          0          0  0.000e+00
  1021.9519      1.335      1.346    30.2468    16.6666          0          0  0.000e+00
  1021.9423      1.320      1.331    30.2404    16.6870          0          0  0.000e+00
  1021.8981      1.362      1.373    30.1872    16.7031          0          0  0.000e+00
  1021.8971      1.444      1.456    30.1823    16.6923          0          0  0.000e+00
  1021.8956      1.550      1.563    30.1719    16.6661          0          0  0.000e+00
  1021.8807      1.657      1.671    30.1427    16.6348          0          0  0.000e+00
  1021.8847      1.752      1.766    30.1318    16.5822          0          0  0.000e+00
  1021.9224      1.820      1.835    30.1626    16.5209          0          0  0.000e+00
  1021.9592      1.855      1.871    30.1953    16.4697          0          0  0.000e+00
  1021.9879      1.858      1.873    30.2232    16.4371          0          0  0.000e+00
  1022.0056      1.838      1.854    30.2416    16.4210          0          0  0.000e+00
  1022.0218      1.804      1.818    30.2624    16.4189          0          0  0.000e+00
  1022.0317      1.766      1.781    30.2790    16.4311          0          0  0.000e+00
  1022.0219      1.731      1.746    30.2735    16.4550          0          0  0.000e+00
  1022.0028      1.702      1.716    30.2558    16.4791          0          0  0.000e+00
  1021.9927      1.682      1.695    30.2472    16.4941          0          0  0.000e+00
  1021.9895      1.661      1.675    30.2459    16.5035          0          0  0.000e+00
  1021.9834      1.643      1.657    30.2404    16.5116          0          0  0.000e+00
  1021.9832      1.617      1.630    30.2419    16.5167          0          0  0.000e+00
  1021.9926      1.592      1.605    30.2560    16.5230          0          0  0.000e+00
  1021.9868      1.571      1.584    30.2526    16.5364          0          0  0.000e+00
  1021.9754      1.561      1.574    30.2421    16.5509          0          0  0.000e+00
  1021.9692      1.555      1.568    30.2366    16.5600          0          0  0.000e+00
  1021.9643      1.550      1.563    30.2318    16.5655          0          0  0.000e+00
  1021.9618      1.546      1.559    30.2294    16.5679          0          0  0.000e+00
  1021.9907      1.537      1.550    30.2675    16.5691          0          0  0.000e+00
  1022.0131      1.531      1.544    30.3044    16.5949          0          0  0.000e+00
  1022.0072      1.534      1.547    30.3151    16.6575          0          0  0.000e+00
  1021.9732      1.551      1.564    30.2907    16.7249          0          0  0.000e+00
  1021.9454      1.592      1.605    30.2728    16.7879          0          0  0.000e+00
  1021.8817      1.650      1.663    30.2069    16.8471          0          0  0.000e+00
  1021.8707      1.724      1.738    30.1964    16.8610          0          0  0.000e+00
  1021.7622      1.799      1.814    30.0535    16.8583          0          0  0.000e+00
  1021.7335      1.861      1.876    29.9908    16.7750          0          0  0.000e+00
  1021.8380      1.902      1.918    30.0841    16.6301          0          0  0.000e+00
  1021.9296      1.920      1.936    30.1731    16.5268          0          0  0.000e+00
  1021.9728      1.916      1.932    30.2147    16.4765          0          0  0.000e+00
  1022.0051      1.890      1.906    30.2515    16.4577          0          0  0.000e+00
  1022.0403      1.845      1.860    30.2998    16.4650          0          0  0.000e+00
  1022.0546      1.792      1.807    30.3311    16.5071          0          0  0.000e+00
  1022.0094      1.736      1.750    30.2924    16.5748          0          0  0.000e+00
  1021.9510      1.677      1.691    30.2322    16.6276          0          0  0.000e+00
  1021.9330      1.614      1.627    30.2143    16.6454          0          0  0.000e+00
  1021.9416      1.552      1.565    30.2262    16.6469          0          0  0.000e+00
  1021.9450      1.486      1.498    30.2331    16.6540          0          0  0.000e+00
  1021.9464      1.426      1.438    30.2392    16.6669          0          0  0.000e+00
  1021.9500      1.372      1.383    30.2500    16.6862          0          0  0.000e+00
  1021.9433      1.337      1.348    30.2497    16.7143          0          0  0.000e+00
  1021.9297      1.315      1.326    30.2415    16.7459          0          0  0.000e+00
  1021.9198      1.320      1.331    30.2372    16.7752          0          0  0.000e+00
  1021.8763      1.350      1.361    30.1884    16.8027          0          0  0.000e+00
  1021.7904      1.419      1.430    30.0731    16.7935          0          0  0.000e+00
  1021.8493      1.522      1.534    30.1256    16.7131          0          0  0.000e+00
  1021.8937      1.641      1.655    30.1628    16.6453          0          0  0.000e+00
  1021.8986      1.764      1.779    30.1551    16.6001          0          0  0.000e+00
  1021.8979      1.873      1.889    30.1390    16.5507          0          0  0.000e+00
  1021.9223      1.958      1.974    30.1520    16.4878          0          0  0.000e+00
  1021.9491      2.012      2.029    30.1692    16.4286          0          0  0.000e+00
  1021.9843      2.029      2.046    30.1998    16.3766          0          0  0.000e+00
  1022.0201      2.010      2.027    30.2368    16.3428          0          0  0.000e+00
  1022.0571      1.964      1.980    30.2821    16.3321          0          0  0.000e+00
  1022.0668      1.895      1.910    30.2999    16.3485          0          0  0.000e+00
  1022.0556      1.818      1.833    30.2957    16.3825          0          0  0.000e+00
  1022.0286      1.744      1.758    30.2710    16.4170          0          0  0.000e+00
  1022.0217      1.686      1.700    30.2688    16.4390          0          0  0.000e+00
  1022.0126      1.633      1.646    30.2632    16.4591          0          0  0.000e+00
  1022.0072      1.589      1.602    30.2616    16.4769          0          0  0.000e+00
  1022.0070      1.555      1.568    30.2669    16.4951          0          0  0.000e+00
  1022.0002      1.530      1.543    30.2648    16.5174          0          0  0.000e+00
  1021.9868      1.509      1.521    30.2541    16.5404          0          0  0.000e+00
  1021.9711      1.496      1.508    30.2390    16.5583          0          0  0.000e+00
  1021.9646      1.499      1.512    30.2332    16.5678          0          0  0.000e+00
  1021.9633      1.524      1.536    30.2329    16.5726          0          0  0.000e+00
  1021.9565      1.564      1.577    30.2248    16.5764          0          0  0.000e+00
  1021.9539      1.599      1.612    30.2210    16.5755          0          0  0.000e+00
  1021.9569      1.620      1.633    30.2236    16.5716          0          0  0.000e+00
  1021.9545      1.624      1.638    30.2195    16.5681          0          0  0.000e+00
  1021.9589      1.615      1.628    30.2237    16.5628          0          0  0.000e+00
  1021.9629      1.598      1.611    30.2278    16.5587          0          0  0.000e+00
  1021.9644      1.576      1.589    30.2294    16.5571          0          0  0.000e+00
  1021.9646      1.565      1.578    30.2297    16.5568          0          0  0.000e+00
  1021.9652      1.581      1.594    30.2304    16.5569          0          0  0.000e+00
  1021.9633      1.625      1.639    30.2278    16.5576          0          0  0.000e+00
  1021.9503      1.683      1.696    30.2101    16.5559          0          0  0.000e+00
  1021.9275      1.744      1.758    30.1761    16.5428          0          0  0.000e+00
  1021.9276      1.802      1.817    30.1665    16.5106          0          0  0.000e+00
  1021.9537      1.842      1.857    30.1872    16.4664          0          0  0.000e+00
  1021.9653      1.866      1.881    30.1915    16.4296          0          0  0.000e+00
  1021.9822      1.873      1.889    30.2033    16.3948          0          0  0.000e+00
  1022.0214      1.865      1.880    30.2463    16.3669          0          0  0.000e+00
  1022.0439      1.840      1.855    30.2743    16.3620          0          0  0.000e+00
  1022.0437      1.806      1.820    30.2788    16.3774          0          0  0.000e+00
  1022.0352      1.775      1.789    30.2746    16.4004          0          0  0.000e+00
  1022.0303      1.751      1.765    30.2750    16.4230          0          0  0.000e+00
  1022.0156      1.728      1.742    30.2627    16.4460          0          0  0.000e+00
  1021.9996      1.712      1.726    30.2469    16.4631          0          0  0.000e+00
  1021.9844      1.691      1.705    30.2296    16.4712          0          0  0.000e+00
  1021.9838      1.667      1.680    30.2284    16.4692          0          0  0.000e+00
  1021.9982      1.630      1.643    30.2464    16.4658          0          0  0.000e+00
  1022.0104      1.588      1.601    30.2641    16.4711          0          0  0.000e+00
  1022.0016      1.544      1.556    30.2579    16.4880          0          0  0.000e+00
  1021.9909      1.495      1.507    30.2490    16.5045          0          0  0.000e+00
  1021.9832      1.451      1.462    30.2426    16.5161          0          0  0.000e+00
  1021.9827      1.418      1.429    30.2445    16.5240          0          0  0.000e+00
  1021.9818      1.401      1.412    30.2460    16.5326          0          0  0.000e+00
  1021.9739      1.393      1.405    30.2387    16.5428          0          0  0.000e+00
  1021.9689      1.409      1.421    30.2341    16.5496          0          0  0.000e+00
  1021.9709      1.456      1.468    30.2376    16.5536          0          0  0.000e+00
  1021.9700      1.532      1.545    30.2374    16.5587          0          0  0.000e+00
  1021.9595      1.626      1.640    30.2249    16.5644          0          0  0.000e+00
  1021.9532      1.726      1.740    30.2154    16.5621          0          0  0.000e+00
  1021.9098      1.826      1.841    30.1551    16.5516          0          0  0.000e+00
  1021.9097      1.910      1.925    30.1423    16.5100          0          0  0.000e+00
  1021.9319      1.973      1.989    30.1528    16.4485          0          0  0.000e+00
  1021.9604      2.016      2.032    30.1720    16.3879          0          0  0.000e+00
  1021.9868      2.035      2.051    30.1910    16.3353          0          0  0.000e+00
  1022.0316      2.025      2.042    30.2379    16.2957          0          0  0.000e+00
  1022.0723      1.993      2.010    30.2877    16.2838          0          0  0.000e+00
  1022.0782      1.938      1.954    30.3011    16.3024          0          0  0.000e+00
  1022.0770      1.863      1.878    30.3093    16.3345          0          0  0.000e+00
