data/eDNA/PER-2021-171/171c001.cnv
* Sea-Bird SBE19plus  Data File:
* FileName = C:\Users\RSG_field\Ryan_2021_Perley\CTD\171c001.hex
* Software version 2.3.0 SB_Terminal.dll
* Temperature SN = 7141
* Conductivity SN = 7141
* System UpLoad Time = Aug 07 2021 21:08:48
* <ApplicationData>
* <SeatermAF>
** Platform: M. Perley
** Cruise: Per2021171
** Station:  1
** Cast: 01 3
** Latitude: N  44 27.5093
** Longitude: W 62 08.0403
** Sounding: 210
** Chief Scientist: Ryan Stanley
** Comment:
# nquan = 8
# nvalues = 5210                                  
# units = specified
# name 0 = density00: Density [density, kg/m^3]
# name 1 = depSM: Depth [salt water, m], lat = 45.00
# name 2 = prdM: Pressure, Strain Gauge [db]
# name 3 = sal00: Salinity, Practical [PSU]
# name 4 = tv290C: Temperature [ITS-90, deg C]
# name 5 = bpos: Bottle Position in Carousel
# name 6 = nbf: Bottles Fired
# name 7 = flag:  0.000e+00
# span 0 =   998.9585,  1027.8392                 
# span 1 =     -0.063,    202.918                 
# span 2 =     -0.063,    204.680                 
# span 3 =     0.0000,    35.2127                 
# span 4 =     2.9255,    16.4887                 
# span 5 =          0,          6                 
# span 6 =          0,          6                 
# span 7 = 0.0000e+00, 0.0000e+00                 
# interval = seconds: 0.25
# start_time = Aug 07 2021 19:40:31 [Instrument's time stamp, header]
# bad_flag = -9.990e-29
*END*
[from data line 4854]
  1024.9350     23.459     23.652    31.5092     5.7451          5          5  0.000e+00
  1024.9432     23.245     23.437    31.5224     5.7560          5          5  0.000e+00
  1024.9416     23.020     23.210    31.5240     5.7714          5          5  0.000e+00
  1024.9511     22.784     22.972    31.5400     5.7887          5          5  0.000e+00
  1024.9595     22.546     22.732    31.5555     5.8119          5          5  0.000e+00
  1024.9651     22.312     22.496    31.5685     5.8423          5          5  0.000e+00
  1024.9644     22.083     22.265    31.5746     5.8792          5          5  0.000e+00
  1024.9523     21.864     22.044    31.5664     5.9185          5          5  0.000e+00
  1024.9522     21.658     21.836    31.5732     5.9554          5          5  0.000e+00
  1024.9507     21.453     21.630    31.5782     5.9933          5          5  0.000e+00
  1024.9340     21.266     21.441    31.5642     6.0330          5          5  0.000e+00
  1024.9476     21.094     21.268    31.5880     6.0692          5          5  0.000e+00
  1024.9273     20.943     21.115    31.5698     6.1127          5          5  0.000e+00
  1024.9357     20.810     20.981    31.5876     6.1539          5          5  0.000e+00
  1024.9572     20.697     20.867    31.6227     6.2001          5          5  0.000e+00
  1024.9328     20.600     20.770    31.6021     6.2634          5          5  0.000e+00
  1024.9224     20.512     20.681    31.5992     6.3252          5          5  0.000e+00
  1024.9219     20.429     20.598    31.6084     6.3848          5          5  0.000e+00
  1024.9234     20.357     20.525    31.6213     6.4509          5          5  0.000e+00
  1024.8923     20.288     20.456    31.5939     6.5242          5          5  0.000e+00
  1024.8744     20.221     20.387    31.5816     6.5872          5          5  0.000e+00
  1024.8560     20.154     20.320    31.5676     6.6423          5          5  0.000e+00
  1024.8350     20.083     20.248    31.5497     6.6934          5          5  0.000e+00
  1024.7968     20.011     20.176    31.5088     6.7380          5          5  0.000e+00
  1024.7873     19.942     20.106    31.5016     6.7650          5          5  0.000e+00
  1024.7773     19.879     20.043    31.4925     6.7850          5          5  0.000e+00
  1024.7687     19.822     19.985    31.4848     6.8020          5          5  0.000e+00
  1024.7683     19.774     19.937    31.4871     6.8184          5          5  0.000e+00
  1024.7688     19.746     19.908    31.4913     6.8388          5          5  0.000e+00
  1024.7576     19.719     19.882    31.4809     6.8613          5          5  0.000e+00
  1024.7459     19.693     19.855    31.4695     6.8806          5          5  0.000e+00
  1024.7387     19.654     19.815    31.4631     6.8958          5          5  0.000e+00
  1024.7226     19.593     19.754    31.4446     6.9064          5          5  0.000e+00
  1024.7190     19.513     19.673    31.4411     6.9091          5          5  0.000e+00
  1024.7177     19.400     19.560    31.4398     6.9078          5          5  0.000e+00
  1024.7225     19.268     19.426    31.4464     6.9054          5          5  0.000e+00
  1024.7257     19.111     19.268    31.4513     6.9050          5          5  0.000e+00
  1024.7286     18.938     19.094    31.4565     6.9087          5          5  0.000e+00
  1024.7296     18.756     18.910    31.4601     6.9158          5          5  0.000e+00
  1024.7239     18.572     18.725    31.4556     6.9260          5          5  0.000e+00
  1024.7145     18.385     18.536    31.4462     6.9347          5          5  0.000e+00
  1024.7223     18.207     18.356    31.4580     6.9399          5          5  0.000e+00
  1024.7465     18.035     18.183    31.4917     6.9511          5          5  0.000e+00
  1024.7670     17.879     18.026    31.5236     6.9806          5          5  0.000e+00
  1024.7644     17.743     17.889    31.5288     7.0272          5          5  0.000e+00
  1024.7527     17.635     17.780    31.5232     7.0784          5          5  0.000e+00
  1024.7335     17.551     17.696    31.5078     7.1295          5          5  0.000e+00
  1024.7123     17.485     17.629    31.4885     7.1716          5          5  0.000e+00
  1024.7154     17.435     17.578    31.4987     7.2071          5          5  0.000e+00
  1024.7104     17.400     17.543    31.4990     7.2452          5          5  0.000e+00
  1024.7058     17.371     17.514    31.5001     7.2848          5          5  0.000e+00
  1024.6962     17.341     17.483    31.4949     7.3246          5          5  0.000e+00
  1024.6780     17.304     17.447    31.4784     7.3618          5          5  0.000e+00
  1024.6632     17.259     17.401    31.4650     7.3919          5          5  0.000e+00
  1024.6441     17.189     17.330    31.4451     7.4144          5          5  0.000e+00
  1024.6365     17.091     17.232    31.4381     7.4273          5          5  0.000e+00
  1024.6301     16.971     17.110    31.4319     7.4347          5          5  0.000e+00
  1024.6239     16.825     16.964    31.4257     7.4390          5          5  0.000e+00
  1024.6335     16.660     16.797    31.4390     7.4395          5          5  0.000e+00
  1024.6532     16.481     16.616    31.4664     7.4468          5          5  0.000e+00
  1024.6383     16.294     16.428    31.4519     7.4662          5          5  0.000e+00
  1024.6343     16.103     16.236    31.4507     7.4823          5          5  0.000e+00
  1024.6611     15.919     16.050    31.4885     7.4978          5          5  0.000e+00
  1024.6785     15.739     15.868    31.5172     7.5285          5          5  0.000e+00
  1024.6670     15.571     15.699    31.5114     7.5737          5          5  0.000e+00
  1024.6506     15.408     15.535    31.4994     7.6186          5          5  0.000e+00
  1024.6880     15.253     15.379    31.5555     7.6617          5          5  0.000e+00
  1024.6855     15.111     15.235    31.5645     7.7257          5          5  0.000e+00
  1024.6966     14.981     15.104    31.5925     7.7991          5          5  0.000e+00
  1024.7029     14.859     14.981    31.6169     7.8864          5          5  0.000e+00
  1024.7385     14.749     14.870    31.6823     7.9930          5          5  0.000e+00
  1024.7450     14.645     14.765    31.7162     8.1292          5          5  0.000e+00
  1024.7381     14.553     14.672    31.7380     8.2921          5          5  0.000e+00
  1024.6658     14.462     14.581    31.6807     8.4751          5          5  0.000e+00
  1024.6206     14.378     14.496    31.6548     8.6399          5          5  0.000e+00
  1024.4940     14.298     14.416    31.5215     8.7856          5          5  0.000e+00
  1024.5205     14.217     14.333    31.5731     8.8746          5          5  0.000e+00
  1024.4976     14.135     14.251    31.5631     8.9707          5          5  0.000e+00
  1024.5184     14.053     14.169    31.6113     9.0783          5          5  0.000e+00
  1024.4926     13.976     14.091    31.6056     9.2131          5          5  0.000e+00
  1024.3406     13.898     14.012    31.4382     9.3466          5          5  0.000e+00
  1024.3050     13.822     13.936    31.4061     9.4111          5          5  0.000e+00
  1024.3019     13.750     13.863    31.4102     9.4491          5          5  0.000e+00
  1024.3205     13.683     13.796    31.4428     9.4902          5          5  0.000e+00
  1024.3070     13.614     13.726    31.4372     9.5457          5          5  0.000e+00
  1024.3002     13.538     13.649    31.4410     9.6051          5          5  0.000e+00
  1024.2368     13.451     13.562    31.3733     9.6687          5          5  0.000e+00
  1024.1953     13.354     13.463    31.3273     9.7005          5          5  0.000e+00
  1024.1752     13.234     13.343    31.3032     9.7055          5          5  0.000e+00
  1024.1210     13.097     13.205    31.2328     9.6970          5          5  0.000e+00
  1024.0817     12.937     13.043    31.1730     9.6459          5          5  0.000e+00
  1024.1085     12.759     12.864    31.1898     9.5546          5          5  0.000e+00
  1024.4080     12.563     12.666    31.5594     9.4805          5          5  0.000e+00
  1024.5008     12.356     12.458    31.6997     9.5802          5          5  0.000e+00
  1024.4078     12.143     12.243    31.6226     9.7777          5          5  0.000e+00
  1024.4449     11.932     12.030    31.7111     9.9675          5          5  0.000e+00
  1024.3560     11.723     11.820    31.6472    10.1985          5          5  0.000e+00
  1024.3196     11.533     11.627    31.6533    10.4390          5          5  0.000e+00
  1024.1836     11.367     11.461    31.5372    10.7023          5          5  0.000e+00
  1024.0298     11.219     11.311    31.3943    10.9457          5          5  0.000e+00
  1023.8973     11.099     11.190    31.2679    11.1391          5          5  0.000e+00
  1023.8309     10.996     11.087    31.2126    11.2691          5          5  0.000e+00
  1023.7951     10.908     10.998    31.1935    11.3859          5          5  0.000e+00
  1023.7382     10.836     10.925    31.1484    11.5065          5          5  0.000e+00
  1023.7087     10.772     10.860    31.1367    11.6185          5          5  0.000e+00
  1023.6432     10.711     10.799    31.0806    11.7386          5          5  0.000e+00
  1023.5935     10.652     10.739    31.0408    11.8412          5          5  0.000e+00
  1023.5878     10.590     10.677    31.0569    11.9392          5          5  0.000e+00
  1023.6669     10.524     10.611    31.1906    12.0715          5          5  0.000e+00
  1023.5572     10.455     10.540    31.0997    12.2812          5          5  0.000e+00
  1023.5328     10.382     10.468    31.1170    12.4815          5          5  0.000e+00
  1023.3961     10.306     10.391    30.9922    12.6908          5          5  0.000e+00
  1023.2780     10.234     10.318    30.8807    12.8557          5          5  0.000e+00
  1023.1678     10.162     10.245    30.7673    12.9710          5          5  0.000e+00
  1023.2228     10.082     10.165    30.8518    13.0232          5          5  0.000e+00
  1023.2990      9.991     10.073    30.9731    13.1114          5          5  0.000e+00
  1023.1582      9.881      9.962    30.8329    13.2751          5          5  0.000e+00
  1022.9992      9.746      9.826    30.6588    13.3971          5          5  0.000e+00
  1022.9009      9.590      9.668    30.5310    13.3909          5          5  0.000e+00
  1023.0597      9.410      9.488    30.7125    13.2925          5          5  0.000e+00
  1023.2133      9.210      9.286    30.9115    13.2885          5          5  0.000e+00
  1023.2059      9.000      9.074    30.9415    13.4390          5          5  0.000e+00
  1023.1048      8.786      8.858    30.8677    13.6566          5          5  0.000e+00
  1022.9717      8.576      8.647    30.7530    13.8738          5          5  0.000e+00
  1022.8564      8.382      8.451    30.6527    14.0576          5          5  0.000e+00
  1022.7597      8.213      8.280    30.5650    14.1963          5          5  0.000e+00
  1022.6969      8.059      8.125    30.5117    14.2989          5          5  0.000e+00
  1022.6482      7.932      7.997    30.4718    14.3836          5          5  0.000e+00
  1022.5892      7.820      7.885    30.4153    14.4565          5          5  0.000e+00
  1022.5728      7.727      7.791    30.4066    14.5014          5          5  0.000e+00
  1022.5540      7.643      7.706    30.3951    14.5475          5          5  0.000e+00
  1022.5256      7.568      7.630    30.3713    14.5942          5          5  0.000e+00
  1022.4964      7.496      7.558    30.3443    14.6336          5          5  0.000e+00
  1022.4777      7.422      7.483    30.3268    14.6569          5          5  0.000e+00
  1022.4687      7.345      7.405    30.3183    14.6668          5          5  0.000e+00
  1022.4680      7.264      7.324    30.3178    14.6669          5          5  0.000e+00
  1022.4701      7.186      7.244    30.3203    14.6642          5          5  0.000e+00
  1022.4680      7.105      7.163    30.3180    14.6639          5          5  0.000e+00
  1022.4734      7.018      7.076    30.3248    14.6614          5          5  0.000e+00
  1022.4723      6.926      6.983    30.3235    14.6597          5          5  0.000e+00
  1022.4753      6.823      6.879    30.3272    14.6567          5          5  0.000e+00
  1022.4753      6.710      6.765    30.3277    14.6563          5          5  0.000e+00
  1022.4692      6.578      6.632    30.3209    14.6577          5          5  0.000e+00
  1022.4572      6.429      6.481    30.3059    14.6566          5          5  0.000e+00
  1022.4390      6.264      6.316    30.2806    14.6468          5          5  0.000e+00
  1022.4526      6.085      6.135    30.2929    14.6228          5          5  0.000e+00
  1022.4821      5.889      5.937    30.3269    14.6027          5          5  0.000e+00
  1022.4927      5.688      5.734    30.3415    14.6015          5          5  0.000e+00
  1022.4795      5.481      5.526    30.3275    14.6086          5          5  0.000e+00
  1022.4980      5.272      5.315    30.3529    14.6094          5          5  0.000e+00
  1022.5051      5.069      5.110    30.3669    14.6226          5          5  0.000e+00
  1022.4995      4.876      4.916    30.3676    14.6480          5          5  0.000e+00
  1022.4892      4.702      4.740    30.3633    14.6776          5          5  0.000e+00
  1022.4718      4.550      4.588    30.3492    14.7060          5          5  0.000e+00
  1022.4635      4.421      4.457    30.3457    14.7296          5          5  0.000e+00
  1022.4818      4.316      4.351    30.3762    14.7523          5          5  0.000e+00
  1022.4859      4.236      4.270    30.3928    14.7920          5          5  0.000e+00
  1022.4477      4.178      4.213    30.3577    14.8439          5          5  0.000e+00
  1022.4121      4.133      4.167    30.3222    14.8828          5          5  0.000e+00
  1022.4193      4.097      4.130    30.3374    14.9034          5          5  0.000e+00
  1022.4103      4.069      4.102    30.3322    14.9267          5          5  0.000e+00
  1022.3816      4.045      4.078    30.3013    14.9496          5          5  0.000e+00
  1022.3715      4.013      4.046    30.2899    14.9552          5          5  0.000e+00
  1022.3908      3.975      4.007    30.3140    14.9507          5          5  0.000e+00
  1022.3983      3.922      3.954    30.3264    14.9591          5          5  0.000e+00
  1022.3825      3.855      3.887    30.3114    14.9779          5          5  0.000e+00
  1022.3719      3.779      3.810    30.3010    14.9887          5          5  0.000e+00
  1022.3690      3.686      3.717    30.2987    14.9921          5          5  0.000e+00
  1022.3714      3.578      3.608    30.3030    14.9937          5          5  0.000e+00
  1022.3639      3.452      3.480    30.2949    14.9968          5          5  0.000e+00
  1022.3450      3.300      3.327    30.2705    14.9948          5          5  0.000e+00
  1022.3703      3.116      3.142    30.3011    14.9824          5          5  0.000e+00
  1022.3958      2.891      2.915    30.3355    14.9820          5          5  0.000e+00
  1022.4347      2.623      2.645    30.3941    15.0053          6          6  0.000e+00
  1022.4185      2.320      2.339    30.3885    15.0555          6          6  0.000e+00
  1022.4358      1.997      2.013    30.4291    15.1142          6          6  0.000e+00
  1022.4609      1.676      1.689    30.4875    15.2005          6          6  0.000e+00
  1022.4626      1.366      1.377    30.5253    15.3218          6          6  0.000e+00
  1022.3629      1.076      1.084    30.4369    15.4634          6          6  0.000e+00
