data/eDNA/PER-2021-171/171c016.cnv
* Sea-Bird SBE19plus  Data File:
* FileName = C:\Users\RSG_field\Ryan_2021_Perley\CTD\171c016.hex
* Software version 2.3.0 SB_Terminal.dll
* Temperature SN = 7141
* Conductivity SN = 7141
* System UpLoad Time = Aug 13 2021 10:56:53
* <ApplicationData>
* <SeatermAF>
** Platform: M. Perley
** Cruise: Per2021171
** Station:  ESI_04
** Cast: 01 3
** Latitude: N  44 45.236
** Longitude: W 62 5.9
** Sounding: 103
** Chief Scientist: Ryan Stanley
** Comment: 171c016
# nquan = 8
# nvalues = 3236                                  
# units = specified
# name 0 = density00: Density [density, kg/m^3]
# name 1 = depSM: Depth [salt water, m], lat = 45.00
# name 2 = prdM: Pressure, Strain Gauge [db]
# name 3 = sal00: Salinity, Practical [PSU]
# name 4 = tv290C: Temperature [ITS-90, deg C]
# name 5 = bpos: Bottle Position in Carousel
# name 6 = nbf: Bottles Fired
# name 7 = flag:  0.000e+00
# span 0 =   998.6152,  1026.3661                 
# span 1 =     -0.087,     96.499                 
# span 2 =     -0.088,     97.311                 
# span 3 =     0.0082,    32.5947                 
# span 4 =     3.1884,    18.5451                 
# span 5 =          0,          6                 
# span 6 =          0,          6                 
# span 7 = 0.0000e+00, 0.0000e+00                 
# interval = seconds: 0.25
# start_time = Aug 13 2021 13:41:12 [Instrument's time stamp, header]
# bad_flag = -9.990e-29
*END*
[from data line 1618]
  1026.3125     94.621     95.418    32.5247     3.4935          0          0  0.000e+00
  1026.3127     94.684     95.481    32.5246     3.4938          0          0  0.000e+00
  1026.3130     94.734     95.531    32.5247     3.4940          0          0  0.000e+00
  1026.3139     94.763     95.561    32.5257     3.4940          0          0  0.000e+00
  1026.3144     94.765     95.562    32.5264     3.4943          0          0  0.000e+00
  1026.3141     94.735     95.532    32.5261     3.4950          0          0  0.000e+00
  1026.3134     94.678     95.475    32.5258     3.4956          0          0  0.000e+00
  1026.3124     94.596     95.392    32.5250     3.4962          0          0  0.000e+00
  1026.3145     94.498     95.294    32.5282     3.4965          0          0  0.000e+00
  1026.3132     94.390     95.185    32.5275     3.4982          0          0  0.000e+00
  1026.3105     94.274     95.067    32.5250     3.4999          0          0  0.000e+00
  1026.3085     94.158     94.950    32.5232     3.5005          0          0  0.000e+00
  1026.3081     94.051     94.842    32.5233     3.5003          0          0  0.000e+00
  1026.3070     93.958     94.748    32.5225     3.4999          0          0  0.000e+00
  1026.3056     93.887     94.677    32.5210     3.4991          0          0  0.000e+00
  1026.3060     93.845     94.635    32.5217     3.4978          0          0  0.000e+00
  1026.3051     93.843     94.633    32.5204     3.4968          0          0  0.000e+00
  1026.3056     93.880     94.670    32.5206     3.4952          0          0  0.000e+00
  1026.3082     93.955     94.745    32.5233     3.4938          0          0  0.000e+00
  1026.3088     94.058     94.850    32.5234     3.4935          0          0  0.000e+00
  1026.3090     94.180     94.973    32.5229     3.4933          0          0  0.000e+00
  1026.3101     94.305     95.099    32.5234     3.4928          0          0  0.000e+00
  1026.3111     94.423     95.218    32.5240     3.4924          0          0  0.000e+00
  1026.3119     94.522     95.317    32.5243     3.4921          0          0  0.000e+00
  1026.3127     94.596     95.392    32.5249     3.4922          0          0  0.000e+00
  1026.3135     94.644     95.440    32.5257     3.4924          0          0  0.000e+00
  1026.3138     94.661     95.457    32.5260     3.4929          0          0  0.000e+00
  1026.3145     94.656     95.453    32.5269     3.4935          0          0  0.000e+00
  1026.3139     94.633     95.430    32.5264     3.4943          0          0  0.000e+00
  1026.3133     94.602     95.399    32.5260     3.4950          0          0  0.000e+00
  1026.3134     94.574     95.370    32.5263     3.4954          0          0  0.000e+00
  1026.3138     94.556     95.352    32.5270     3.4958          0          0  0.000e+00
  1026.3132     94.547     95.343    32.5263     3.4965          0          0  0.000e+00
  1026.3123     94.551     95.347    32.5253     3.4969          0          0  0.000e+00
  1026.3103     94.561     95.357    32.5227     3.4967          0          0  0.000e+00
  1026.3110     94.575     95.371    32.5233     3.4958          0          0  0.000e+00
  1026.3127     94.588     95.384    32.5254     3.4951          0          0  0.000e+00
  1026.3135     94.593     95.389    32.5263     3.4951          0          0  0.000e+00
  1026.3139     94.580     95.376    32.5270     3.4954          0          0  0.000e+00
  1026.3142     94.548     95.344    32.5276     3.4962          0          0  0.000e+00
  1026.3140     94.495     95.291    32.5277     3.4970          0          0  0.000e+00
  1026.3135     94.422     95.217    32.5276     3.4981          0          0  0.000e+00
  1026.3136     94.333     95.127    32.5284     3.4991          0          0  0.000e+00
  1026.3127     94.238     95.031    32.5281     3.5005          0          0  0.000e+00
  1026.3119     94.144     94.937    32.5278     3.5019          0          0  0.000e+00
  1026.3090     94.066     94.858    32.5248     3.5032          0          0  0.000e+00
  1026.3080     94.011     94.802    32.5238     3.5032          0          0  0.000e+00
  1026.3075     93.987     94.778    32.5232     3.5027          0          0  0.000e+00
  1026.3064     93.999     94.790    32.5217     3.5017          0          0  0.000e+00
  1026.3077     94.052     94.844    32.5228     3.5003          0          0  0.000e+00
  1026.3096     94.137     94.929    32.5245     3.4988          0          0  0.000e+00
  1026.3110     94.248     95.041    32.5256     3.4984          0          0  0.000e+00
  1026.3114     94.376     95.170    32.5253     3.4981          0          0  0.000e+00
  1026.3137     94.508     95.303    32.5274     3.4976          0          0  0.000e+00
  1026.3144     94.632     95.429    32.5274     3.4976          0          0  0.000e+00
  1026.3150     94.735     95.532    32.5277     3.4978          0          0  0.000e+00
  1026.3163     94.813     95.612    32.5288     3.4981          0          0  0.000e+00
  1026.3174     94.858     95.656    32.5300     3.4986          0          0  0.000e+00
  1026.3189     94.872     95.670    32.5320     3.4997          0          0  0.000e+00
  1026.3207     94.854     95.652    32.5345     3.5013          0          0  0.000e+00
  1026.3177     94.810     95.608    32.5313     3.5034          0          0  0.000e+00
  1026.3141     94.752     95.550    32.5272     3.5045          0          0  0.000e+00
  1026.3153     94.684     95.481    32.5291     3.5043          0          0  0.000e+00
  1026.3139     94.616     95.413    32.5278     3.5044          0          0  0.000e+00
  1026.3128     94.556     95.352    32.5268     3.5046          0          0  0.000e+00
  1026.3121     94.509     95.305    32.5261     3.5043          0          0  0.000e+00
  1026.3129     94.472     95.267    32.5273     3.5037          0          0  0.000e+00
  1026.3131     94.448     95.243    32.5277     3.5033          0          0  0.000e+00
  1026.3135     94.434     95.229    32.5282     3.5032          0          0  0.000e+00
  1026.3129     94.426     95.221    32.5275     3.5030          0          0  0.000e+00
  1026.3135     94.428     95.222    32.5282     3.5028          0          0  0.000e+00
  1026.3150     94.429     95.223    32.5300     3.5025          0          0  0.000e+00
  1026.3151     94.431     95.225    32.5302     3.5028          0          0  0.000e+00
  1026.3148     94.431     95.225    32.5298     3.5032          0          0  0.000e+00
  1026.3138     94.429     95.223    32.5286     3.5035          0          0  0.000e+00
  1026.3137     94.428     95.222    32.5285     3.5034          0          0  0.000e+00
  1026.3125     94.425     95.220    32.5270     3.5033          0          0  0.000e+00
  1026.3134     94.428     95.222    32.5281     3.5027          0          0  0.000e+00
  1026.3138     94.438     95.233    32.5285     3.5024          0          0  0.000e+00
  1026.3144     94.458     95.253    32.5291     3.5023          0          0  0.000e+00
  1026.3147     94.498     95.293    32.5292     3.5022          0          0  0.000e+00
  1026.3155     94.548     95.344    32.5299     3.5022          0          0  0.000e+00
  1026.3166     94.613     95.409    32.5309     3.5024          0          0  0.000e+00
  1026.3169     94.683     95.480    32.5310     3.5033          0          0  0.000e+00
  1026.3165     94.753     95.551    32.5302     3.5038          0          0  0.000e+00
  1026.3187     94.812     95.611    32.5326     3.5041          0          0  0.000e+00
  1026.3242     94.858     95.657    32.5394     3.5050          0          0  0.000e+00
  1026.3267     94.883     95.682    32.5427     3.5080          0          0  0.000e+00
  1026.3285     94.886     95.684    32.5454     3.5118          0          0  0.000e+00
  1026.3245     94.861     95.660    32.5410     3.5157          0          0  0.000e+00
  1026.3207     94.819     95.617    32.5367     3.5180          0          0  0.000e+00
  1026.3189     94.759     95.557    32.5349     3.5187          0          0  0.000e+00
  1026.3172     94.696     95.493    32.5331     3.5187          0          0  0.000e+00
  1026.3219     94.632     95.429    32.5394     3.5186          0          0  0.000e+00
  1026.3217     94.571     95.367    32.5397     3.5199          0          0  0.000e+00
  1026.3186     94.519     95.314    32.5363     3.5215          0          0  0.000e+00
  1026.3186     94.473     95.268    32.5366     3.5218          0          0  0.000e+00
  1026.3145     94.440     95.235    32.5316     3.5221          0          0  0.000e+00
  1026.3102     94.414     95.208    32.5263     3.5207          0          0  0.000e+00
  1026.3095     94.394     95.188    32.5252     3.5177          0          0  0.000e+00
  1026.3116     94.377     95.171    32.5275     3.5147          0          0  0.000e+00
  1026.3129     94.368     95.162    32.5289     3.5126          0          0  0.000e+00
  1026.3126     94.365     95.159    32.5284     3.5111          0          0  0.000e+00
  1026.3105     94.374     95.168    32.5257     3.5099          0          0  0.000e+00
  1026.3121     94.400     95.195    32.5272     3.5079          0          0  0.000e+00
  1026.3147     94.447     95.242    32.5300     3.5063          0          0  0.000e+00
  1026.3169     94.522     95.318    32.5323     3.5060          0          0  0.000e+00
  1026.3208     94.615     95.412    32.5367     3.5068          0          0  0.000e+00
  1026.3269     94.731     95.528    32.5440     3.5089          0          0  0.000e+00
  1026.3440     94.855     95.653    32.5653     3.5132          0          0  0.000e+00
  1026.3430     94.979     95.779    32.5643     3.5215          0          0  0.000e+00
  1026.3412     95.088     95.889    32.5622     3.5292          0          0  0.000e+00
  1026.3394     95.177     95.978    32.5602     3.5352          0          0  0.000e+00
  1026.3400     95.239     96.041    32.5611     3.5390          0          0  0.000e+00
  1026.3425     95.257     96.059    32.5643     3.5420          0          0  0.000e+00
  1026.3377     95.231     96.033    32.5589     3.5448          0          0  0.000e+00
  1026.3373     95.159     95.960    32.5589     3.5463          0          0  0.000e+00
  1026.3359     95.041     95.841    32.5581     3.5474          0          0  0.000e+00
  1026.3345     94.895     95.694    32.5572     3.5483          0          0  0.000e+00
  1026.3323     94.729     95.526    32.5557     3.5495          0          0  0.000e+00
  1026.3293     94.560     95.356    32.5529     3.5501          0          0  0.000e+00
  1026.3277     94.412     95.206    32.5518     3.5499          0          0  0.000e+00
  1026.3250     94.291     95.084    32.5490     3.5492          0          0  0.000e+00
  1026.3228     94.209     95.002    32.5466     3.5478          0          0  0.000e+00
  1026.3186     94.163     94.955    32.5413     3.5459          0          0  0.000e+00
  1026.3042     94.158     94.951    32.5229     3.5430          0          0  0.000e+00
  1026.2980     94.181     94.973    32.5141     3.5355          0          0  0.000e+00
  1026.2984     94.228     95.021    32.5131     3.5256          0          0  0.000e+00
  1026.3022     94.300     95.094    32.5164     3.5169          0          0  0.000e+00
  1026.3110     94.382     95.176    32.5262     3.5103          0          0  0.000e+00
  1026.3177     94.481     95.276    32.5337     3.5076          0          0  0.000e+00
  1026.3212     94.586     95.382    32.5375     3.5081          0          0  0.000e+00
  1026.3225     94.703     95.500    32.5388     3.5098          0          0  0.000e+00
  1026.3244     94.828     95.627    32.5406     3.5122          0          0  0.000e+00
  1026.3346     94.950     95.750    32.5530     3.5147          0          0  0.000e+00
  1026.3459     95.066     95.866    32.5672     3.5201          0          0  0.000e+00
  1026.3424     95.162     95.964    32.5632     3.5282          0          0  0.000e+00
  1026.3403     95.228     96.030    32.5609     3.5344          0          0  0.000e+00
  1026.3430     95.264     96.066    32.5646     3.5387          0          0  0.000e+00
  1026.3416     95.253     96.055    32.5633     3.5423          0          0  0.000e+00
  1026.3374     95.195     95.997    32.5588     3.5452          0          0  0.000e+00
  1026.3354     95.093     95.893    32.5570     3.5468          0          0  0.000e+00
  1026.3345     94.949     95.749    32.5568     3.5475          0          0  0.000e+00
  1026.3316     94.774     95.572    32.5544     3.5487          0          0  0.000e+00
  1026.3278     94.583     95.379    32.5508     3.5492          0          0  0.000e+00
  1026.3246     94.392     95.186    32.5479     3.5487          0          0  0.000e+00
  1026.3200     94.218     95.011    32.5430     3.5474          0          0  0.000e+00
  1026.3158     94.069     94.861    32.5382     3.5450          0          0  0.000e+00
  1026.3139     93.966     94.757    32.5361     3.5414          0          0  0.000e+00
  1026.3110     93.917     94.707    32.5322     3.5378          0          0  0.000e+00
  1026.3052     93.917     94.707    32.5244     3.5335          0          0  0.000e+00
  1026.2998     93.980     94.771    32.5166     3.5275          0          0  0.000e+00
  1026.2970     94.097     94.889    32.5115     3.5196          0          0  0.000e+00
  1026.3054     94.253     95.046    32.5200     3.5115          0          0  0.000e+00
  1026.3191     94.433     95.228    32.5356     3.5061          0          0  0.000e+00
  1026.3258     94.630     95.427    32.5429     3.5068          0          0  0.000e+00
  1026.3452     94.827     95.626    32.5666     3.5103          0          0  0.000e+00
  1026.3501     95.011     95.811    32.5727     3.5190          0          0  0.000e+00
  1026.3539     95.161     95.963    32.5778     3.5290          0          0  0.000e+00
  1026.3519     95.274     96.076    32.5757     3.5380          0          0  0.000e+00
  1026.3489     95.340     96.142    32.5723     3.5450          0          0  0.000e+00
  1026.3452     95.359     96.162    32.5682     3.5496          0          0  0.000e+00
  1026.3428     95.331     96.134    32.5655     3.5520          0          0  0.000e+00
  1026.3407     95.254     96.056    32.5635     3.5534          0          0  0.000e+00
  1026.3412     95.143     95.944    32.5649     3.5541          0          0  0.000e+00
  1026.3388     95.008     95.808    32.5628     3.5553          0          0  0.000e+00
  1026.3339     94.854     95.652    32.5576     3.5560          0          0  0.000e+00
  1026.3296     94.698     95.495    32.5530     3.5552          0          0  0.000e+00
  1026.3254     94.551     95.347    32.5485     3.5533          0          0  0.000e+00
  1026.3094     94.422     95.217    32.5287     3.5499          0          0  0.000e+00
  1026.3140     94.316     95.110    32.5342     3.5428          0          0  0.000e+00
  1026.3157     94.241     95.034    32.5362     3.5374          0          0  0.000e+00
  1026.3139     94.189     94.982    32.5339     3.5338          0          0  0.000e+00
  1026.3057     94.171     94.964    32.5231     3.5296          0          0  0.000e+00
  1026.3018     94.173     94.966    32.5175     3.5235          0          0  0.000e+00
  1026.3057     94.199     94.992    32.5214     3.5164          0          0  0.000e+00
  1026.3101     94.242     95.035    32.5260     3.5113          0          0  0.000e+00
  1026.3124     94.301     95.094    32.5282     3.5083          0          0  0.000e+00
  1026.3140     94.368     95.163    32.5297     3.5068          0          0  0.000e+00
