data/eDNA/PER-2021-171/171c023.cnv
* Sea-Bird SBE19plus  Data File:
* FileName = C:\Users\RSG_field\Ryan_2021_Perley\CTD\171c023.hex
* Software version 2.3.0 SB_Terminal.dll
* Temperature SN = 7141
* Conductivity SN = 7141
* System UpLoad Time = Aug 17 2021 17:28:18
* <ApplicationData>
* <SeatermAF>
** Platform: M. Perley
** Cruise: Per2021171
** Station:  SAB_08
** Cast: 01 3
** Latitude: N  46 11.91
** Longitude: W 59 09.692
** Sounding: 92.2
** Chief Scientist: Ryan Stanley
** Comment: 171c023
# nquan = 8
# nvalues = 3022                                  
# units = specified
# name 0 = density00: Density [density, kg/m^3]
# name 1 = depSM: Depth [salt water, m], lat = 45.00
# name 2 = prdM: Pressure, Strain Gauge [db]
# name 3 = sal00: Salinity, Practical [PSU]
# name 4 = tv290C: Temperature [ITS-90, deg C]
# name 5 = bpos: Bottle Position in Carousel
# name 6 = nbf: Bottles Fired
# name 7 = flag:  0.000e+00
# span 0 =   998.7095,  1026.3589                 
# span 1 =     -0.029,     85.489                 
# span 2 =     -0.029,     86.206                 
# span 3 =     0.0794,    32.5050                 
# span 4 =     2.2153,    20.0299                 
# span 5 =          0,          2                 
# span 6 =          0,          2                 
# span 7 = 0.0000e+00, 0.0000e+00                 
# interval = seconds: 0.25
# start_time = Aug 17 2021 20:12:47 [Instrument's time stamp, header]
# bad_flag = -9.990e-29
*END*
[from data line 899]
  1020.8983      9.032      9.106    29.6340    19.2706          0          0  0.000e+00
  1020.9044      9.094      9.168    29.6383    19.2603          0          0  0.000e+00
  1020.9083      9.135      9.210    29.6408    19.2529          0          0  0.000e+00
  1020.9106      9.173      9.249    29.6415    19.2468          0          0  0.000e+00
  1020.9156      9.223      9.299    29.6458    19.2407          0          0  0.000e+00
  1020.9179      9.288      9.364    29.6472    19.2371          0          0  0.000e+00
  1020.9123      9.365      9.442    29.6386    19.2343          0          0  0.000e+00
  1020.9117      9.456      9.534    29.6342    19.2249          0          0  0.000e+00
  1020.9155      9.566      9.644    29.6335    19.2095          0          0  0.000e+00
  1020.9102      9.687      9.767    29.6196    19.1905          0          0  0.000e+00
  1020.9218      9.818      9.898    29.6220    19.1532          0          0  0.000e+00
  1020.9501      9.947     10.029    29.6417    19.1019          0          0  0.000e+00
  1020.9822     10.083     10.166    29.6657    19.0488          0          0  0.000e+00
  1021.0163     10.218     10.302    29.6945    19.0022          0          0  0.000e+00
  1021.0411     10.360     10.446    29.7161    18.9709          0          0  0.000e+00
  1021.0537     10.511     10.597    29.7262    18.9535          0          0  0.000e+00
  1021.0547     10.669     10.757    29.7228    18.9420          0          0  0.000e+00
  1021.0582     10.834     10.923    29.7197    18.9210          0          0  0.000e+00
  1021.0737     11.000     11.090    29.7283    18.8879          0          0  0.000e+00
  1021.0863     11.162     11.254    29.7310    18.8478          0          0  0.000e+00
  1021.0962     11.306     11.399    29.7263    18.7954          0          0  0.000e+00
  1021.1338     11.431     11.525    29.7516    18.7230          0          0  0.000e+00
  1021.1686     11.534     11.629    29.7739    18.6521          0          0  0.000e+00
  1021.1848     11.613     11.709    29.7740    18.5871          0          0  0.000e+00
  1021.2129     11.675     11.771    29.7859    18.5101          0          0  0.000e+00
  1021.2701     11.722     11.818    29.8349    18.4295          0          0  0.000e+00
  1021.3051     11.765     11.862    29.8625    18.3727          0          0  0.000e+00
  1021.3049     11.814     11.911    29.8485    18.3297          0          0  0.000e+00
  1021.3339     11.893     11.991    29.8680    18.2726          0          0  0.000e+00
  1021.3710     12.012     12.111    29.8994    18.2201          0          0  0.000e+00
  1021.3286     12.175     12.275    29.8303    18.1803          0          0  0.000e+00
  1021.3259     12.384     12.486    29.7972    18.0896          0          0  0.000e+00
  1021.3599     12.618     12.722    29.7950    17.9447          0          0  0.000e+00
  1021.4700     12.854     12.959    29.8850    17.7748          0          0  0.000e+00
  1021.5611     13.087     13.194    29.9621    17.6424          0          0  0.000e+00
  1021.6132     13.298     13.407    30.0026    17.5566          0          0  0.000e+00
  1021.6475     13.475     13.586    30.0289    17.4992          0          0  0.000e+00
  1021.6508     13.614     13.726    30.0195    17.4573          0          0  0.000e+00
  1021.6347     13.701     13.813    29.9837    17.4106          0          0  0.000e+00
  1021.6718     13.739     13.852    30.0107    17.3404          0          0  0.000e+00
  1021.7044     13.746     13.859    30.0341    17.2774          0          0  0.000e+00
  1021.7368     13.740     13.853    30.0620    17.2297          0          0  0.000e+00
  1021.7545     13.743     13.856    30.0751    17.1968          0          0  0.000e+00
  1021.7610     13.766     13.879    30.0765    17.1734          0          0  0.000e+00
  1021.7588     13.832     13.946    30.0660    17.1495          0          0  0.000e+00
  1021.7713     13.945     14.060    30.0720    17.1176          0          0  0.000e+00
  1021.6992     14.099     14.215    29.9650    17.0779          0          0  0.000e+00
  1021.6800     14.286     14.403    29.9052    16.9659          0          0  0.000e+00
  1021.6511     14.489     14.608    29.8105    16.7787          0          0  0.000e+00
  1021.7859     14.697     14.818    29.9054    16.5080          0          0  0.000e+00
  1021.8973     14.904     15.026    29.9772    16.2599          0          0  0.000e+00
  1021.9854     15.101     15.225    30.0286    16.0448          0          0  0.000e+00
  1022.0374     15.273     15.398    30.0410    15.8547          0          0  0.000e+00
  1022.1530     15.425     15.552    30.1381    15.6697          0          0  0.000e+00
  1022.1850     15.550     15.678    30.1369    15.5207          0          0  0.000e+00
  1022.2182     15.659     15.788    30.1379    15.3722          0          0  0.000e+00
  1022.2869     15.745     15.875    30.1830    15.2152          0          0  0.000e+00
  1022.3726     15.826     15.956    30.2551    15.0746          0          0  0.000e+00
  1022.4118     15.917     16.048    30.2763    14.9685          0          0  0.000e+00
  1022.4533     16.020     16.152    30.3037    14.8736          0          0  0.000e+00
  1022.4935     16.145     16.278    30.3323    14.7897          0          0  0.000e+00
  1022.5292     16.290     16.424    30.3591    14.7209          0          0  0.000e+00
  1022.5612     16.448     16.583    30.3849    14.6662          0          0  0.000e+00
  1022.5854     16.627     16.764    30.4045    14.6260          0          0  0.000e+00
  1022.5971     16.802     16.940    30.4112    14.5984          0          0  0.000e+00
  1022.5985     16.982     17.122    30.4057    14.5749          0          0  0.000e+00
  1022.5969     17.148     17.289    30.3953    14.5478          0          0  0.000e+00
  1022.5675     17.299     17.442    30.3460    14.5097          0          0  0.000e+00
  1022.5769     17.428     17.571    30.3389    14.4407          0          0  0.000e+00
  1022.6219     17.536     17.680    30.3749    14.3592          0          0  0.000e+00
  1022.6593     17.619     17.764    30.4057    14.2945          0          0  0.000e+00
  1022.6781     17.694     17.839    30.4174    14.2486          0          0  0.000e+00
  1022.6719     17.773     17.919    30.3984    14.2089          0          0  0.000e+00
  1022.6522     17.863     18.010    30.3581    14.1549          0          0  0.000e+00
  1022.6312     17.965     18.113    30.3086    14.0726          0          0  0.000e+00
  1022.6093     18.092     18.241    30.2475    13.9509          0          0  0.000e+00
  1022.6614     18.229     18.379    30.2707    13.7833          0          0  0.000e+00
  1022.7489     18.383     18.534    30.3389    13.6115          0          0  0.000e+00
  1022.8358     18.540     18.692    30.4136    13.4673          0          0  0.000e+00
  1022.8917     18.688     18.842    30.4586    13.3632          0          0  0.000e+00
  1022.9307     18.824     18.979    30.4883    13.2843          0          0  0.000e+00
  1022.9640     18.951     19.107    30.5149    13.2217          0          0  0.000e+00
  1022.9942     19.065     19.222    30.5414    13.1741          0          0  0.000e+00
  1023.0150     19.169     19.327    30.5592    13.1410          0          0  0.000e+00
  1023.0283     19.276     19.435    30.5704    13.1191          0          0  0.000e+00
  1023.0333     19.390     19.549    30.5724    13.1039          0          0  0.000e+00
  1023.0361     19.512     19.672    30.5721    13.0912          0          0  0.000e+00
  1023.0355     19.649     19.811    30.5674    13.0786          0          0  0.000e+00
  1023.0337     19.789     19.952    30.5602    13.0623          0          0  0.000e+00
  1023.0403     19.930     20.094    30.5623    13.0400          0          0  0.000e+00
  1023.0412     20.068     20.233    30.5571    13.0176          0          0  0.000e+00
  1023.0429     20.197     20.364    30.5519    12.9913          0          0  0.000e+00
  1023.0473     20.322     20.490    30.5489    12.9590          0          0  0.000e+00
  1023.0687     20.446     20.615    30.5672    12.9242          0          0  0.000e+00
  1023.0723     20.561     20.730    30.5642    12.8959          0          0  0.000e+00
  1023.0767     20.674     20.845    30.5620    12.8671          0          0  0.000e+00
  1023.0809     20.788     20.959    30.5587    12.8344          0          0  0.000e+00
  1023.0746     20.903     21.075    30.5405    12.7964          0          0  0.000e+00
  1023.0775     21.025     21.198    30.5315    12.7474          0          0  0.000e+00
  1023.0595     21.146     21.320    30.4922    12.6849          0          0  0.000e+00
  1023.0747     21.266     21.441    30.4891    12.5946          0          0  0.000e+00
  1023.1240     21.385     21.561    30.5270    12.4914          0          0  0.000e+00
  1023.1746     21.493     21.670    30.5698    12.4012          0          0  0.000e+00
  1023.2032     21.593     21.771    30.5892    12.3306          0          0  0.000e+00
  1023.2258     21.679     21.858    30.6035    12.2705          0          0  0.000e+00
  1023.2566     21.761     21.940    30.6298    12.2164          0          0  0.000e+00
  1023.2812     21.836     22.016    30.6510    12.1739          0          0  0.000e+00
  1023.2970     21.911     22.092    30.6635    12.1427          0          0  0.000e+00
  1023.3080     21.991     22.172    30.6714    12.1180          0          0  0.000e+00
  1023.3165     22.081     22.263    30.6770    12.0977          0          0  0.000e+00
  1023.3153     22.192     22.375    30.6707    12.0804          0          0  0.000e+00
  1023.3121     22.324     22.508    30.6609    12.0598          0          0  0.000e+00
  1023.3066     22.483     22.668    30.6462    12.0319          0          0  0.000e+00
  1023.3097     22.663     22.850    30.6400    11.9929          0          0  0.000e+00
  1023.3192     22.859     23.047    30.6398    11.9449          0          0  0.000e+00
  1023.3204     23.055     23.245    30.6279    11.8929          0          0  0.000e+00
  1023.3224     23.244     23.435    30.6137    11.8257          0          0  0.000e+00
  1023.3520     23.404     23.597    30.6318    11.7434          0          0  0.000e+00
  1023.3969     23.542     23.736    30.6702    11.6630          0          0  0.000e+00
  1023.4290     23.642     23.837    30.6967    11.6015          0          0  0.000e+00
  1023.4376     23.706     23.901    30.6964    11.5535          0          0  0.000e+00
  1023.4118     23.741     23.937    30.6515    11.5034          0          0  0.000e+00
  1023.4527     23.745     23.941    30.6885    11.4353          0          0  0.000e+00
  1023.4955     23.739     23.935    30.7312    11.3803          0          0  0.000e+00
  1023.5129     23.736     23.931    30.7466    11.3498          0          0  0.000e+00
  1023.5133     23.754     23.949    30.7427    11.3307          0          0  0.000e+00
  1023.5261     23.807     24.003    30.7546    11.3120          0          0  0.000e+00
  1023.5345     23.896     24.093    30.7619    11.2984          0          0  0.000e+00
  1023.4841     24.032     24.231    30.6936    11.2871          0          0  0.000e+00
  1023.4303     24.204     24.404    30.6134    11.2429          0          0  0.000e+00
  1023.4537     24.407     24.608    30.6237    11.1604          0          0  0.000e+00
  1023.4521     24.622     24.825    30.6015    11.0762          0          0  0.000e+00
  1023.4941     24.849     25.054    30.6322    10.9770          0          0  0.000e+00
  1023.5369     25.083     25.290    30.6612    10.8658          0          0  0.000e+00
  1023.5741     25.307     25.515    30.6845    10.7597          0          0  0.000e+00
  1023.6116     25.521     25.731    30.7100    10.6617          0          0  0.000e+00
  1023.6542     25.717     25.929    30.7447    10.5750          0          0  0.000e+00
  1023.6978     25.883     26.097    30.7851    10.5068          0          0  0.000e+00
  1023.7375     26.023     26.238    30.8251    10.4598          0          0  0.000e+00
  1023.7543     26.132     26.348    30.8405    10.4336          0          0  0.000e+00
  1023.7676     26.214     26.430    30.8541    10.4200          0          0  0.000e+00
  1023.7695     26.268     26.485    30.8549    10.4136          0          0  0.000e+00
  1023.7685     26.301     26.518    30.8523    10.4085          0          0  0.000e+00
  1023.7718     26.316     26.533    30.8549    10.4010          0          0  0.000e+00
  1023.7747     26.324     26.541    30.8572    10.3950          0          0  0.000e+00
  1023.7734     26.333     26.550    30.8547    10.3917          0          0  0.000e+00
  1023.7739     26.352     26.569    30.8546    10.3881          0          0  0.000e+00
  1023.7735     26.392     26.610    30.8528    10.3836          0          0  0.000e+00
  1023.7757     26.459     26.677    30.8543    10.3788          0          0  0.000e+00
  1023.7771     26.555     26.774    30.8546    10.3751          0          0  0.000e+00
  1023.7762     26.679     26.899    30.8520    10.3712          0          0  0.000e+00
  1023.7719     26.822     27.044    30.8444    10.3656          0          0  0.000e+00
  1023.7678     26.983     27.205    30.8360    10.3556          0          0  0.000e+00
  1023.7691     27.145     27.369    30.8337    10.3412          0          0  0.000e+00
  1023.7795     27.309     27.534    30.8425    10.3243          0          0  0.000e+00
  1023.7827     27.456     27.683    30.8419    10.3065          0          0  0.000e+00
  1023.7890     27.587     27.814    30.8438    10.2811          0          0  0.000e+00
  1023.7955     27.702     27.931    30.8453    10.2518          0          0  0.000e+00
  1023.8132     27.798     28.027    30.8606    10.2198          0          0  0.000e+00
  1023.8324     27.876     28.106    30.8789    10.1923          0          0  0.000e+00
  1023.8402     27.940     28.170    30.8842    10.1716          0          0  0.000e+00
  1023.8527     28.000     28.231    30.8962    10.1539          0          0  0.000e+00
  1023.8546     28.068     28.300    30.8958    10.1424          0          0  0.000e+00
  1023.8562     28.151     28.383    30.8949    10.1309          0          0  0.000e+00
  1023.8583     28.259     28.492    30.8943    10.1184          0          0  0.000e+00
  1023.8177     28.395     28.629    30.8378    10.1012          0          0  0.000e+00
  1023.8350     28.564     28.800    30.8482    10.0494          0          0  0.000e+00
  1023.8013     28.756     28.993    30.7890     9.9784          0          0  0.000e+00
  1023.7490     28.948     29.187    30.6970     9.8640          0          0  0.000e+00
  1023.7586     29.134     29.375    30.6703     9.6787          0          0  0.000e+00
  1023.8099     29.310     29.552    30.6897     9.4551          0          0  0.000e+00
  1023.9115     29.464     29.707    30.7738     9.2289          0          0  0.000e+00
  1024.0633     29.585     29.829    30.9301     9.0394          0          0  0.000e+00
  1024.1314     29.676     29.921    30.9942     8.9245          0          0  0.000e+00
  1024.1358     29.752     29.998    30.9844     8.8471          0          0  0.000e+00
  1024.1597     29.818     30.064    30.9996     8.7690          0          0  0.000e+00
  1024.1739     29.890     30.137    31.0030     8.6938          0          0  0.000e+00
  1024.1938     29.974     30.221    31.0143     8.6221          0          0  0.000e+00
  1024.2086     30.083     30.332    31.0194     8.5524          0          0  0.000e+00
