data/eDNA/PER-2021-171/171c021.cnv
* Sea-Bird SBE19plus  Data File:
* FileName = C:\Users\RSG_field\Ryan_2021_Perley\CTD\171c021.hex
* Software version 2.3.0 SB_Terminal.dll
* Temperature SN = 7141
* Conductivity SN = 7141
* System UpLoad Time = Aug 17 2021 14:10:08
* <ApplicationData>
* <SeatermAF>
** Platform: M. Perley
** Cruise: Per2021171
** Station:  SAB_06
** Cast: 01 3
** Latitude: N  46 22.085
** Longitude: W 59 05.824
** Sounding: 230
** Chief Scientist: Ryan Stanley
** Comment: 171c021
# nquan = 8
# nvalues = 5044                                  
# units = specified
# name 0 = density00: Density [density, kg/m^3]
# name 1 = depSM: Depth [salt water, m], lat = 45.00
# name 2 = prdM: Pressure, Strain Gauge [db]
# name 3 = sal00: Salinity, Practical [PSU]
# name 4 = tv290C: Temperature [ITS-90, deg C]
# name 5 = bpos: Bottle Position in Carousel
# name 6 = nbf: Bottles Fired
# name 7 = flag:  0.000e+00
# span 0 =   998.8096,  1027.9719                 
# span 1 =     -0.052,    208.484                 
# span 2 =     -0.052,    210.297                 
# span 3 =     0.0426,    34.4425                 
# span 4 =     2.1826,    19.8264                 
# span 5 =          0,          6                 
# span 6 =          0,          6                 
# span 7 = 0.0000e+00, 0.0000e+00                 
# interval = seconds: 0.25
# start_time = Aug 17 2021 16:42:36 [Instrument's time stamp, header]
# bad_flag = -9.990e-29
*END*
[from data line 3596]
  1027.6252    166.082    167.509    34.1386     6.1414          2          2  0.000e+00
  1027.6266    165.989    167.415    34.1406     6.1390          2          2  0.000e+00
  1027.6275    165.886    167.311    34.1421     6.1378          2          2  0.000e+00
  1027.6280    165.769    167.194    34.1433     6.1374          2          2  0.000e+00
  1027.6252    165.646    167.070    34.1405     6.1376          2          2  0.000e+00
  1027.6242    165.521    166.943    34.1400     6.1373          2          2  0.000e+00
  1027.6255    165.394    166.815    34.1423     6.1371          2          2  0.000e+00
  1027.6247    165.274    166.694    34.1421     6.1377          2          2  0.000e+00
  1027.6232    165.165    166.584    34.1409     6.1381          2          2  0.000e+00
  1027.6217    165.063    166.481    34.1397     6.1386          2          2  0.000e+00
  1027.6211    164.968    166.385    34.1395     6.1385          2          2  0.000e+00
  1027.6202    164.874    166.291    34.1388     6.1383          2          2  0.000e+00
  1027.6201    164.776    166.191    34.1394     6.1383          2          2  0.000e+00
  1027.6197    164.670    166.084    34.1394     6.1383          2          2  0.000e+00
  1027.6187    164.548    165.961    34.1390     6.1387          2          2  0.000e+00
  1027.6159    164.408    165.820    34.1363     6.1390          2          2  0.000e+00
  1027.6109    164.257    165.668    34.1308     6.1389          2          2  0.000e+00
  1027.6088    164.099    165.508    34.1288     6.1374          2          2  0.000e+00
  1027.6033    163.942    165.350    34.1224     6.1348          2          2  0.000e+00
  1027.5990    163.795    165.201    34.1171     6.1306          2          2  0.000e+00
  1027.5877    163.663    165.069    34.1024     6.1245          2          2  0.000e+00
  1027.5830    163.549    164.953    34.0957     6.1156          2          2  0.000e+00
  1027.5861    163.452    164.856    34.0986     6.1062          2          2  0.000e+00
  1027.5913    163.373    164.775    34.1044     6.0982          2          2  0.000e+00
  1027.5840    163.304    164.706    34.0946     6.0928          2          2  0.000e+00
  1027.5883    163.238    164.639    34.0993     6.0858          2          2  0.000e+00
  1027.5914    163.171    164.572    34.1027     6.0802          2          2  0.000e+00
  1027.5924    163.099    164.499    34.1038     6.0765          2          2  0.000e+00
  1027.5929    163.018    164.418    34.1044     6.0741          2          2  0.000e+00
  1027.5931    162.930    164.329    34.1050     6.0725          2          2  0.000e+00
  1027.5949    162.829    164.226    34.1077     6.0716          2          2  0.000e+00
  1027.5880    162.719    164.116    34.0995     6.0712          2          2  0.000e+00
  1027.5848    162.603    163.998    34.0958     6.0694          2          2  0.000e+00
  1027.5883    162.470    163.865    34.1008     6.0672          2          2  0.000e+00
  1027.5902    162.323    163.716    34.1039     6.0665          2          2  0.000e+00
  1027.5891    162.167    163.559    34.1035     6.0672          2          2  0.000e+00
  1027.5835    161.997    163.387    34.0976     6.0677          2          2  0.000e+00
  1027.5794    161.817    163.205    34.0933     6.0669          2          2  0.000e+00
  1027.5783    161.630    163.017    34.0926     6.0646          2          2  0.000e+00
  1027.5774    161.439    162.825    34.0922     6.0626          2          2  0.000e+00
  1027.5776    161.243    162.627    34.0934     6.0608          2          2  0.000e+00
  1027.5776    161.046    162.428    34.0943     6.0598          2          2  0.000e+00
  1027.5767    160.849    162.230    34.0942     6.0592          2          2  0.000e+00
  1027.5761    160.659    162.037    34.0945     6.0590          2          2  0.000e+00
  1027.5750    160.480    161.857    34.0943     6.0591          2          2  0.000e+00
  1027.5741    160.320    161.696    34.0941     6.0594          2          2  0.000e+00
  1027.5729    160.179    161.553    34.0934     6.0596          2          2  0.000e+00
  1027.5731    160.057    161.430    34.0944     6.0597          2          2  0.000e+00
  1027.5723    159.964    161.336    34.0941     6.0603          2          2  0.000e+00
  1027.5717    159.884    161.256    34.0939     6.0611          2          2  0.000e+00
  1027.5699    159.817    161.187    34.0921     6.0621          2          2  0.000e+00
  1027.5695    159.760    161.131    34.0920     6.0622          2          2  0.000e+00
  1027.5693    159.704    161.074    34.0922     6.0623          2          2  0.000e+00
  1027.5692    159.652    161.021    34.0922     6.0622          2          2  0.000e+00
  1027.5689    159.600    160.969    34.0922     6.0623          2          2  0.000e+00
  1027.5670    159.554    160.922    34.0901     6.0626          2          2  0.000e+00
  1027.5645    159.511    160.879    34.0873     6.0626          2          2  0.000e+00
  1027.5630    159.472    160.840    34.0854     6.0621          2          2  0.000e+00
  1027.5616    159.428    160.796    34.0838     6.0614          2          2  0.000e+00
  1027.5625    159.377    160.744    34.0852     6.0604          2          2  0.000e+00
  1027.5633    159.307    160.674    34.0864     6.0600          2          2  0.000e+00
  1027.5625    159.207    160.572    34.0861     6.0600          2          2  0.000e+00
  1027.5593    159.078    160.443    34.0828     6.0603          2          2  0.000e+00
  1027.5557    158.926    160.289    34.0789     6.0596          2          2  0.000e+00
  1027.5537    158.753    160.114    34.0772     6.0579          2          2  0.000e+00
  1027.5488    158.575    159.934    34.0718     6.0561          2          2  0.000e+00
  1027.5442    158.390    159.748    34.0665     6.0529          2          2  0.000e+00
  1027.5435    158.219    159.576    34.0658     6.0485          2          2  0.000e+00
  1027.5406    158.055    159.410    34.0625     6.0442          2          2  0.000e+00
  1027.5427    157.904    159.258    34.0652     6.0397          2          2  0.000e+00
  1027.5402    157.758    159.110    34.0624     6.0363          2          2  0.000e+00
  1027.5362    157.622    158.973    34.0575     6.0330          2          2  0.000e+00
  1027.5369    157.490    158.840    34.0585     6.0285          2          2  0.000e+00
  1027.5309    157.356    158.705    34.0511     6.0249          2          2  0.000e+00
  1027.5219    157.218    158.566    34.0396     6.0197          2          2  0.000e+00
  1027.5259    157.074    158.420    34.0443     6.0123          2          2  0.000e+00
  1027.5219    156.927    158.271    34.0391     6.0060          2          2  0.000e+00
  1027.5193    156.767    158.111    34.0357     5.9998          2          2  0.000e+00
  1027.5188    156.599    157.941    34.0350     5.9932          2          2  0.000e+00
  1027.5211    156.427    157.767    34.0379     5.9871          2          2  0.000e+00
  1027.5281    156.258    157.597    34.0471     5.9829          2          2  0.000e+00
  1027.5232    156.099    157.437    34.0416     5.9815          2          2  0.000e+00
  1027.5118    155.957    157.293    34.0276     5.9794          2          2  0.000e+00
  1027.4987    155.844    157.179    34.0106     5.9729          2          2  0.000e+00
  1027.4930    155.757    157.091    34.0021     5.9615          2          2  0.000e+00
  1027.4907    155.703    157.037    33.9972     5.9478          2          2  0.000e+00
  1027.5009    155.671    157.005    34.0081     5.9342          2          2  0.000e+00
  1027.4793    155.650    156.983    33.9790     5.9226          2          2  0.000e+00
  1027.4774    155.635    156.968    33.9739     5.9060          2          2  0.000e+00
  1027.4885    155.605    156.938    33.9852     5.8876          2          2  0.000e+00
  1027.4934    155.556    156.889    33.9895     5.8734          2          2  0.000e+00
  1027.5117    155.470    156.802    34.0116     5.8640          2          2  0.000e+00
  1027.5222    155.347    156.678    34.0253     5.8623          2          2  0.000e+00
  1027.5155    155.187    156.517    34.0183     5.8656          2          2  0.000e+00
  1027.5055    154.996    156.324    34.0071     5.8678          2          2  0.000e+00
  1027.4818    154.789    156.114    33.9780     5.8657          2          2  0.000e+00
  1027.4469    154.585    155.909    33.9331     5.8540          2          2  0.000e+00
  1027.4436    154.389    155.711    33.9261     5.8291          2          2  0.000e+00
  1027.4557    154.222    155.543    33.9379     5.8015          2          2  0.000e+00
  1027.4490    154.090    155.409    33.9268     5.7799          2          2  0.000e+00
  1027.4139    153.992    155.311    33.8791     5.7569          2          2  0.000e+00
  1027.4103    153.923    155.241    33.8694     5.7219          2          2  0.000e+00
  1027.4374    153.879    155.196    33.8981     5.6851          2          2  0.000e+00
  1027.4419    153.836    155.153    33.8998     5.6583          2          2  0.000e+00
  1027.4344    153.792    155.108    33.8872     5.6370          2          2  0.000e+00
  1027.4420    153.734    155.051    33.8936     5.6142          2          2  0.000e+00
  1027.4657    153.646    154.962    33.9213     5.5961          2          2  0.000e+00
  1027.4914    153.536    154.851    33.9531     5.5877          2          2  0.000e+00
  1027.5014    153.407    154.720    33.9673     5.5925          2          2  0.000e+00
  1027.4862    153.263    154.576    33.9504     5.6024          2          2  0.000e+00
  1027.4769    153.118    154.429    33.9403     5.6077          2          2  0.000e+00
  1027.4455    152.972    154.281    33.9014     5.6071          2          2  0.000e+00
  1027.4422    152.836    154.144    33.8963     5.5962          2          2  0.000e+00
  1027.4237    152.716    154.023    33.8712     5.5811          2          2  0.000e+00
  1027.4159    152.610    153.916    33.8587     5.5603          2          2  0.000e+00
  1027.4220    152.518    153.823    33.8632     5.5363          2          2  0.000e+00
  1027.4230    152.427    153.731    33.8617     5.5158          2          2  0.000e+00
  1027.4315    152.335    153.639    33.8703     5.4982          2          2  0.000e+00
  1027.4441    152.228    153.531    33.8849     5.4851          2          2  0.000e+00
  1027.4158    152.109    153.410    33.8487     5.4779          2          2  0.000e+00
  1027.3778    151.974    153.274    33.7990     5.4626          2          2  0.000e+00
  1027.4041    151.834    153.133    33.8288     5.4348          2          2  0.000e+00
  1027.4305    151.691    152.989    33.8602     5.4164          2          2  0.000e+00
  1027.4334    151.543    152.840    33.8638     5.4110          2          2  0.000e+00
  1027.4249    151.399    152.695    33.8536     5.4089          2          2  0.000e+00
  1027.4250    151.254    152.548    33.8540     5.4046          2          2  0.000e+00
  1027.4159    151.119    152.412    33.8426     5.4000          2          2  0.000e+00
  1027.4166    150.994    152.286    33.8431     5.3930          2          2  0.000e+00
  1027.4161    150.881    152.172    33.8420     5.3862          2          2  0.000e+00
  1027.4104    150.780    152.070    33.8345     5.3799          2          2  0.000e+00
  1027.4074    150.694    151.983    33.8301     5.3727          2          2  0.000e+00
  1027.4031    150.618    151.907    33.8239     5.3645          2          2  0.000e+00
  1027.4109    150.546    151.834    33.8328     5.3558          2          2  0.000e+00
  1027.4138    150.474    151.761    33.8361     5.3506          2          2  0.000e+00
  1027.4164    150.403    151.690    33.8394     5.3480          2          2  0.000e+00
  1027.4138    150.327    151.613    33.8363     5.3463          2          2  0.000e+00
  1027.3904    150.242    151.527    33.8068     5.3440          2          2  0.000e+00
  1027.3725    150.146    151.430    33.7832     5.3334          2          2  0.000e+00
  1027.3777    150.037    151.321    33.7877     5.3160          2          2  0.000e+00
  1027.3938    149.912    151.194    33.8066     5.3015          2          2  0.000e+00
  1027.4135    149.767    151.048    33.8314     5.2954          2          2  0.000e+00
  1027.4111    149.608    150.887    33.8298     5.2979          2          2  0.000e+00
  1027.3937    149.440    150.718    33.8092     5.3012          3          3  0.000e+00
  1027.3773    149.266    150.543    33.7890     5.2979          3          3  0.000e+00
  1027.3696    149.095    150.369    33.7788     5.2883          3          3  0.000e+00
  1027.3626    148.930    150.204    33.7690     5.2757          3          3  0.000e+00
  1027.3717    148.778    150.051    33.7792     5.2611          3          3  0.000e+00
  1027.3728    148.641    149.911    33.7798     5.2505          3          3  0.000e+00
  1027.3726    148.518    149.787    33.7789     5.2417          3          3  0.000e+00
  1027.3726    148.393    149.662    33.7784     5.2335          3          3  0.000e+00
  1027.3756    148.281    149.549    33.7818     5.2268          3          3  0.000e+00
  1027.3761    148.173    149.440    33.7823     5.2215          3          3  0.000e+00
  1027.3750    148.066    149.332    33.7809     5.2171          3          3  0.000e+00
  1027.3748    147.957    149.221    33.7806     5.2130          3          3  0.000e+00
  1027.3630    147.854    149.118    33.7657     5.2090          3          3  0.000e+00
  1027.3631    147.757    149.020    33.7654     5.2019          3          3  0.000e+00
  1027.3532    147.660    148.922    33.7523     5.1946          3          3  0.000e+00
  1027.3600    147.577    148.838    33.7599     5.1848          3          3  0.000e+00
  1027.3696    147.502    148.762    33.7713     5.1766          3          3  0.000e+00
  1027.3655    147.431    148.691    33.7659     5.1731          3          3  0.000e+00
  1027.3651    147.354    148.614    33.7654     5.1697          3          3  0.000e+00
  1027.3617    147.276    148.534    33.7609     5.1653          3          3  0.000e+00
  1027.3363    147.190    148.448    33.7284     5.1595          3          3  0.000e+00
  1027.3464    147.094    148.352    33.7398     5.1467          3          3  0.000e+00
  1027.3404    146.996    148.252    33.7312     5.1365          3          3  0.000e+00
  1027.3583    146.891    148.146    33.7532     5.1271          3          3  0.000e+00
  1027.3449    146.784    148.038    33.7364     5.1245          3          3  0.000e+00
  1027.3467    146.668    147.921    33.7387     5.1200          3          3  0.000e+00
  1027.3440    146.547    147.799    33.7350     5.1136          3          3  0.000e+00
  1027.3398    146.421    147.672    33.7296     5.1076          3          3  0.000e+00
  1027.3245    146.284    147.534    33.7100     5.1007          3          3  0.000e+00
  1027.3064    146.135    147.383    33.6863     5.0893          3          3  0.000e+00
  1027.2759    145.971    147.218    33.6459     5.0699          3          3  0.000e+00
  1027.2909    145.801    147.046    33.6614     5.0399          3          3  0.000e+00
  1027.2862    145.622    146.866    33.6530     5.0156          3          3  0.000e+00
  1027.2665    145.437    146.679    33.6260     4.9941          3          3  0.000e+00
  1027.2536    145.255    146.496    33.6063     4.9640          3          3  0.000e+00
  1027.2563    145.081    146.320    33.6056     4.9290          3          3  0.000e+00
  1027.2592    144.916    146.154    33.6057     4.8985          3          3  0.000e+00
