data/eDNA/PER-2021-171/171c008.cnv
* Sea-Bird SBE19plus  Data File:
* FileName = C:\Users\RSG_field\Ryan_2021_Perley\CTD\171c008.hex
* Software version 2.3.0 SB_Terminal.dll
* Temperature SN = 7141
* Conductivity SN = 7141
* System UpLoad Time = Aug 11 2021 11:25:39
* <ApplicationData>
* <SeatermAF>
** Platform: M. Perley
** Cruise: Per2021171
** Station:  ESI_16
** Cast: 01 3
** Latitude: N  44 30.168
** Longitude: W 62 50.707
** Sounding: 116
** Chief Scientist: Ryan Stanley
** Comment: Calm seas
# nquan = 8
# nvalues = 3722                                  
# units = specified
# name 0 = density00: Density [density, kg/m^3]
# name 1 = depSM: Depth [salt water, m], lat = 45.00
# name 2 = prdM: Pressure, Strain Gauge [db]
# name 3 = sal00: Salinity, Practical [PSU]
# name 4 = tv290C: Temperature [ITS-90, deg C]
# name 5 = bpos: Bottle Position in Carousel
# name 6 = nbf: Bottles Fired
# name 7 = flag:  0.000e+00
# span 0 =   998.7060,  1026.7493                 
# span 1 =     -0.036,    111.625                 
# span 2 =     -0.036,    112.569                 
# span 3 =     0.0000,    33.2546                 
# span 4 =     3.2566,    18.6597                 
# span 5 =          0,          6                 
# span 6 =          0,          6                 
# span 7 = 0.0000e+00, 0.0000e+00                 
# interval = seconds: 0.25
# start_time = Aug 11 2021 14:07:39 [Instrument's time stamp, header]
# bad_flag = -9.990e-29
*END*
[from data line 720]
  1022.1131      1.889      1.905    30.9278    18.2137          0          0  0.000e+00
  1022.1142      1.871      1.886    30.9295    18.2137          0          0  0.000e+00
  1022.1115      1.844      1.859    30.9261    18.2135          0          0  0.000e+00
  1022.1066      1.807      1.821    30.9197    18.2131          0          0  0.000e+00
  1022.1073      1.770      1.785    30.9206    18.2125          0          0  0.000e+00
  1022.1076      1.749      1.764    30.9209    18.2121          0          0  0.000e+00
  1022.1083      1.754      1.768    30.9217    18.2113          0          0  0.000e+00
  1022.1099      1.784      1.799    30.9234    18.2108          0          0  0.000e+00
  1022.1099      1.839      1.854    30.9234    18.2118          0          0  0.000e+00
  1022.1107      1.902      1.917    30.9246    18.2135          0          0  0.000e+00
  1022.1122      1.962      1.978    30.9267    18.2151          0          0  0.000e+00
  1022.1145      2.010      2.026    30.9300    18.2165          0          0  0.000e+00
  1022.1107      2.041      2.057    30.9248    18.2164          0          0  0.000e+00
  1022.1098      2.049      2.066    30.9235    18.2163          0          0  0.000e+00
  1022.1111      2.039      2.055    30.9254    18.2167          0          0  0.000e+00
  1022.1082      2.016      2.033    30.9220    18.2175          0          0  0.000e+00
  1022.1081      1.986      2.002    30.9223    18.2186          0          0  0.000e+00
  1022.1073      1.951      1.967    30.9216    18.2188          0          0  0.000e+00
  1022.1070      1.920      1.936    30.9214    18.2188          0          0  0.000e+00
  1022.1074      1.886      1.901    30.9219    18.2182          0          0  0.000e+00
  1022.1079      1.855      1.870    30.9226    18.2176          0          0  0.000e+00
  1022.1079      1.827      1.842    30.9225    18.2171          0          0  0.000e+00
  1022.1082      1.801      1.816    30.9229    18.2166          0          0  0.000e+00
  1022.1076      1.779      1.793    30.9223    18.2164          0          0  0.000e+00
  1022.1096      1.764      1.779    30.9251    18.2170          0          0  0.000e+00
  1022.1114      1.751      1.766    30.9276    18.2171          0          0  0.000e+00
  1022.1109      1.748      1.762    30.9269    18.2170          0          0  0.000e+00
  1022.1134      1.745      1.759    30.9300    18.2164          0          0  0.000e+00
  1022.1130      1.750      1.765    30.9293    18.2162          0          0  0.000e+00
  1022.1098      1.756      1.770    30.9251    18.2160          0          0  0.000e+00
  1022.1075      1.768      1.783    30.9220    18.2160          0          0  0.000e+00
  1022.1029      1.783      1.798    30.9158    18.2157          0          0  0.000e+00
  1022.0905      1.812      1.827    30.8993    18.2154          0          0  0.000e+00
  1022.0856      1.855      1.870    30.8926    18.2151          0          0  0.000e+00
  1022.0797      1.907      1.923    30.8845    18.2152          0          0  0.000e+00
  1022.0673      1.967      1.983    30.8681    18.2156          0          0  0.000e+00
  1022.0615      2.026      2.042    30.8601    18.2155          0          0  0.000e+00
  1022.0649      2.074      2.091    30.8644    18.2158          0          0  0.000e+00
  1022.0672      2.107      2.125    30.8671    18.2153          0          0  0.000e+00
  1022.0689      2.129      2.146    30.8686    18.2138          0          0  0.000e+00
  1022.0692      2.130      2.147    30.8685    18.2120          0          0  0.000e+00
  1022.0712      2.112      2.129    30.8707    18.2103          0          0  0.000e+00
  1022.0718      2.080      2.097    30.8718    18.2104          0          0  0.000e+00
  1022.0739      2.036      2.053    30.8751    18.2116          0          0  0.000e+00
  1022.0822      1.985      2.001    30.8866    18.2128          0          0  0.000e+00
  1022.0833      1.931      1.947    30.8886    18.2134          0          0  0.000e+00
  1022.0792      1.875      1.891    30.8836    18.2138          0          0  0.000e+00
  1022.0788      1.816      1.831    30.8835    18.2139          0          0  0.000e+00
  1022.0812      1.760      1.774    30.8869    18.2137          0          0  0.000e+00
  1022.0841      1.706      1.720    30.8909    18.2133          0          0  0.000e+00
  1022.0887      1.658      1.672    30.8972    18.2132          0          0  0.000e+00
  1022.0915      1.618      1.631    30.9011    18.2133          0          0  0.000e+00
  1022.0913      1.588      1.601    30.9013    18.2141          0          0  0.000e+00
  1022.0952      1.573      1.586    30.9067    18.2147          0          0  0.000e+00
  1022.0993      1.571      1.584    30.9122    18.2154          0          0  0.000e+00
  1022.1003      1.590      1.603    30.9139    18.2167          0          0  0.000e+00
  1022.0991      1.631      1.645    30.9125    18.2180          0          0  0.000e+00
  1022.0953      1.697      1.711    30.9081    18.2211          0          0  0.000e+00
  1022.0864      1.782      1.797    30.8964    18.2225          0          0  0.000e+00
  1022.0795      1.881      1.896    30.8867    18.2222          0          0  0.000e+00
  1022.0781      1.983      2.000    30.8845    18.2229          0          0  0.000e+00
  1022.0823      2.084      2.101    30.8900    18.2251          0          0  0.000e+00
  1022.0805      2.167      2.185    30.8875    18.2260          0          0  0.000e+00
  1022.0754      2.225      2.243    30.8800    18.2247          0          0  0.000e+00
  1022.0718      2.259      2.277    30.8741    18.2213          0          0  0.000e+00
  1022.0768      2.265      2.284    30.8796    18.2182          0          0  0.000e+00
  1022.0809      2.246      2.265    30.8845    18.2164          0          0  0.000e+00
  1022.0860      2.207      2.225    30.8914    18.2165          0          0  0.000e+00
  1022.0849      2.150      2.167    30.8911    18.2188          0          0  0.000e+00
  1022.0819      2.085      2.102    30.8882    18.2209          0          0  0.000e+00
  1022.0808      2.018      2.035    30.8871    18.2209          0          0  0.000e+00
  1022.0809      1.948      1.964    30.8876    18.2205          0          0  0.000e+00
  1022.0817      1.877      1.893    30.8888    18.2199          0          0  0.000e+00
  1022.0833      1.796      1.810    30.8913    18.2198          0          0  0.000e+00
  1022.0851      1.708      1.722    30.8943    18.2201          0          0  0.000e+00
  1022.0861      1.619      1.632    30.8962    18.2203          0          0  0.000e+00
  1022.0854      1.530      1.542    30.8960    18.2207          0          0  0.000e+00
  1022.0853      1.454      1.466    30.8964    18.2210          0          0  0.000e+00
  1022.0858      1.409      1.420    30.8974    18.2213          0          0  0.000e+00
  1022.0881      1.404      1.415    30.9006    18.2218          0          0  0.000e+00
  1022.0859      1.436      1.448    30.8980    18.2232          0          0  0.000e+00
  1022.0856      1.515      1.527    30.8980    18.2258          0          0  0.000e+00
  1022.0880      1.629      1.643    30.9011    18.2278          0          0  0.000e+00
  1022.0942      1.765      1.779    30.9082    18.2271          0          0  0.000e+00
  1022.0929      1.904      1.919    30.9045    18.2236          0          0  0.000e+00
  1022.0829      2.021      2.038    30.8902    18.2219          0          0  0.000e+00
  1022.0739      2.117      2.134    30.8781    18.2226          0          0  0.000e+00
  1022.0712      2.180      2.198    30.8745    18.2238          0          0  0.000e+00
  1022.0712      2.218      2.236    30.8735    18.2213          0          0  0.000e+00
  1022.0715      2.235      2.253    30.8723    18.2165          0          0  0.000e+00
  1022.0810      2.228      2.246    30.8834    18.2121          0          0  0.000e+00
  1022.0859      2.211      2.229    30.8898    18.2118          0          0  0.000e+00
  1022.0866      2.189      2.207    30.8917    18.2145          0          0  0.000e+00
  1022.0854      2.168      2.185    30.8910    18.2168          0          0  0.000e+00
  1022.0818      2.148      2.165    30.8867    18.2178          0          0  0.000e+00
  1022.0800      2.119      2.136    30.8844    18.2174          0          0  0.000e+00
  1022.0848      2.072      2.089    30.8905    18.2162          0          0  0.000e+00
  1022.0852      2.006      2.022    30.8917    18.2168          0          0  0.000e+00
  1022.0821      1.917      1.932    30.8886    18.2180          0          0  0.000e+00
  1022.0827      1.813      1.827    30.8900    18.2183          0          0  0.000e+00
  1022.0842      1.699      1.713    30.8927    18.2183          0          0  0.000e+00
  1022.0857      1.588      1.601    30.8954    18.2188          0          0  0.000e+00
  1022.0866      1.488      1.500    30.8975    18.2200          0          0  0.000e+00
  1022.0857      1.418      1.430    30.8974    18.2220          0          0  0.000e+00
  1022.0833      1.393      1.404    30.8952    18.2247          0          0  0.000e+00
  1022.0809      1.403      1.415    30.8928    18.2271          0          0  0.000e+00
  1022.0802      1.441      1.452    30.8923    18.2289          0          0  0.000e+00
  1022.0779      1.508      1.521    30.8889    18.2290          0          0  0.000e+00
  1022.0756      1.602      1.615    30.8847    18.2269          0          0  0.000e+00
  1022.0781      1.711      1.725    30.8864    18.2242          0          0  0.000e+00
  1022.0807      1.832      1.847    30.8884    18.2218          0          0  0.000e+00
  1022.0690      1.945      1.961    30.8723    18.2215          0          0  0.000e+00
  1022.0588      2.057      2.074    30.8603    18.2278          0          0  0.000e+00
  1022.0503      2.149      2.166    30.8511    18.2355          0          0  0.000e+00
  1022.0474      2.220      2.238    30.8479    18.2386          0          0  0.000e+00
  1022.0454      2.271      2.289    30.8446    18.2376          0          0  0.000e+00
  1022.0507      2.291      2.309    30.8499    18.2325          0          0  0.000e+00
  1022.0539      2.286      2.305    30.8529    18.2287          0          0  0.000e+00
  1022.0561      2.257      2.275    30.8556    18.2277          0          0  0.000e+00
  1022.0559      2.214      2.232    30.8561    18.2293          0          0  0.000e+00
  1022.0568      2.152      2.169    30.8584    18.2318          0          0  0.000e+00
  1022.0547      2.082      2.099    30.8569    18.2342          0          0  0.000e+00
  1022.0524      2.000      2.017    30.8545    18.2349          0          0  0.000e+00
  1022.0538      1.919      1.934    30.8566    18.2339          0          0  0.000e+00
  1022.0570      1.833      1.848    30.8608    18.2326          0          0  0.000e+00
  1022.0616      1.747      1.761    30.8671    18.2318          0          0  0.000e+00
  1022.0642      1.664      1.678    30.8710    18.2317          0          0  0.000e+00
  1022.0663      1.590      1.603    30.8742    18.2318          0          0  0.000e+00
  1022.0680      1.535      1.547    30.8767    18.2318          0          0  0.000e+00
  1022.0689      1.498      1.510    30.8781    18.2321          0          0  0.000e+00
  1022.0705      1.486      1.498    30.8805    18.2325          0          0  0.000e+00
  1022.0700      1.501      1.513    30.8799    18.2332          0          0  0.000e+00
  1022.0707      1.537      1.550    30.8807    18.2335          0          0  0.000e+00
  1022.0674      1.598      1.612    30.8760    18.2336          0          0  0.000e+00
  1022.0656      1.687      1.701    30.8726    18.2317          0          0  0.000e+00
  1022.0684      1.790      1.805    30.8745    18.2280          0          0  0.000e+00
  1022.0632      1.897      1.913    30.8666    18.2266          0          0  0.000e+00
  1022.0663      2.000      2.017    30.8710    18.2296          0          0  0.000e+00
  1022.0696      2.097      2.114    30.8747    18.2295          0          0  0.000e+00
  1022.0608      2.169      2.186    30.8619    18.2267          0          0  0.000e+00
  1022.0597      2.216      2.235    30.8593    18.2237          0          0  0.000e+00
  1022.0627      2.234      2.253    30.8622    18.2207          0          0  0.000e+00
  1022.0628      2.221      2.239    30.8617    18.2185          0          0  0.000e+00
  1022.0678      2.185      2.202    30.8680    18.2170          0          0  0.000e+00
  1022.0715      2.119      2.136    30.8733    18.2176          0          0  0.000e+00
  1022.0688      2.033      2.050    30.8712    18.2203          0          0  0.000e+00
  1022.0670      1.942      1.958    30.8698    18.2216          0          0  0.000e+00
  1022.0683      1.852      1.867    30.8719    18.2211          0          0  0.000e+00
  1022.0722      1.772      1.787    30.8771    18.2205          0          0  0.000e+00
  1022.0732      1.714      1.728    30.8792    18.2215          0          0  0.000e+00
  1022.0727      1.679      1.693    30.8793    18.2234          0          0  0.000e+00
  1022.0716      1.667      1.681    30.8786    18.2253          0          0  0.000e+00
  1022.0707      1.680      1.694    30.8777    18.2264          0          0  0.000e+00
  1022.0712      1.706      1.720    30.8784    18.2271          0          0  0.000e+00
  1022.0714      1.744      1.758    30.8785    18.2272          0          0  0.000e+00
  1022.0720      1.784      1.798    30.8789    18.2269          0          0  0.000e+00
  1022.0714      1.821      1.836    30.8781    18.2273          0          0  0.000e+00
  1022.0699      1.850      1.865    30.8760    18.2278          0          0  0.000e+00
  1022.0695      1.860      1.875    30.8756    18.2282          0          0  0.000e+00
  1022.0692      1.863      1.879    30.8752    18.2283          0          0  0.000e+00
  1022.0688      1.855      1.870    30.8748    18.2284          0          0  0.000e+00
  1022.0688      1.842      1.857    30.8748    18.2284          0          0  0.000e+00
  1022.0674      1.832      1.847    30.8730    18.2281          0          0  0.000e+00
  1022.0674      1.830      1.845    30.8729    18.2277          0          0  0.000e+00
  1022.0672      1.838      1.853    30.8726    18.2276          0          0  0.000e+00
  1022.0674      1.855      1.870    30.8727    18.2279          0          0  0.000e+00
  1022.0669      1.879      1.895    30.8720    18.2279          0          0  0.000e+00
  1022.0615      1.907      1.922    30.8642    18.2262          0          0  0.000e+00
  1022.0665      1.930      1.946    30.8687    18.2201          0          0  0.000e+00
  1022.0699      1.946      1.962    30.8722    18.2176          0          0  0.000e+00
  1022.0708      1.954      1.970    30.8731    18.2164          0          0  0.000e+00
  1022.0713      1.957      1.973    30.8733    18.2153          0          0  0.000e+00
  1022.0721      1.954      1.970    30.8742    18.2147          0          0  0.000e+00
  1022.0734      1.954      1.970    30.8759    18.2148          0          0  0.000e+00
  1022.0737      1.958      1.974    30.8766    18.2159          0          0  0.000e+00
  1022.0735      1.961      1.977    30.8768    18.2176          0          0  0.000e+00
  1022.0727      1.961      1.977    30.8763    18.2189          0          0  0.000e+00
  1022.0715      1.963      1.979    30.8751    18.2201          0          0  0.000e+00
