data/eDNA/PER-2021-171/171c025.cnv
* Sea-Bird SBE19plus  Data File:
* FileName = C:\Users\RSG_field\Ryan_2021_Perley\CTD\171c025.hex
* Software version 2.3.0 SB_Terminal.dll
* Temperature SN = 7141
* Conductivity SN = 7141
* System UpLoad Time = Aug 18 2021 14:04:06
* <ApplicationData>
* <SeatermAF>
** Platform: M. Perley
** Cruise: Per2021171
** Station:  SAB_01
** Cast: 01 3
** Latitude: N  45 51.348
** Longitude: W 60 09.09
** Sounding: 14.2
** Chief Scientist: Ryan Stanley
** Comment: 171c025
# nquan = 8
# nvalues = 1786                                  
# units = specified
# name 0 = density00: Density [density, kg/m^3]
# name 1 = depSM: Depth [salt water, m], lat = 45.00
# name 2 = prdM: Pressure, Strain Gauge [db]
# name 3 = sal00: Salinity, Practical [PSU]
# name 4 = tv290C: Temperature [ITS-90, deg C]
# name 5 = bpos: Bottle Position in Carousel
# name 6 = nbf: Bottles Fired
# name 7 = flag:  0.000e+00
# span 0 =   998.9026,  1023.4654                 
# span 1 =     -0.016,     13.874                 
# span 2 =     -0.016,     13.988                 
# span 3 =     0.0086,    30.5776                 
# span 4 =     9.9876,    18.3964                 
# span 5 =          0,          3                 
# span 6 =          0,          3                 
# span 7 = 0.0000e+00, 0.0000e+00                 
# interval = seconds: 0.25
# start_time = Aug 18 2021 16:53:56 [Instrument's time stamp, header]
# bad_flag = -9.990e-29
*END*
[from data line 1618]
  1023.4162     13.846     13.960    30.3860     9.9941          1          1  0.000e+00
  1023.4156     13.844     13.957    30.3854     9.9946          1          1  0.000e+00
  1023.4147     13.839     13.953    30.3843     9.9951          1          1  0.000e+00
  1023.4140     13.835     13.949    30.3835     9.9952          1          1  0.000e+00
  1023.4146     13.830     13.944    30.3842     9.9950          1          1  0.000e+00
  1023.4149     13.826     13.939    30.3847     9.9949          1          1  0.000e+00
  1023.4155     13.819     13.933    30.3854     9.9950          1          1  0.000e+00
  1023.4154     13.814     13.928    30.3855     9.9956          1          1  0.000e+00
  1023.4157     13.811     13.924    30.3860     9.9963          1          1  0.000e+00
  1023.4143     13.809     13.922    30.3845     9.9971          1          1  0.000e+00
  1023.4140     13.807     13.920    30.3842     9.9975          1          1  0.000e+00
  1023.4136     13.807     13.920    30.3836     9.9973          1          1  0.000e+00
  1023.4141     13.807     13.920    30.3842     9.9969          1          1  0.000e+00
  1023.4145     13.811     13.924    30.3847     9.9969          1          1  0.000e+00
  1023.4145     13.814     13.928    30.3847     9.9971          1          1  0.000e+00
  1023.4145     13.818     13.932    30.3847     9.9971          1          1  0.000e+00
  1023.4137     13.821     13.935    30.3837     9.9973          1          1  0.000e+00
  1023.4139     13.828     13.941    30.3838     9.9970          1          1  0.000e+00
  1023.4146     13.830     13.944    30.3847     9.9969          1          1  0.000e+00
  1023.4137     13.833     13.947    30.3836     9.9972          1          1  0.000e+00
  1023.4148     13.838     13.952    30.3848     9.9967          1          1  0.000e+00
  1023.4143     13.837     13.951    30.3842     9.9969          1          1  0.000e+00
  1023.4146     13.837     13.951    30.3845     9.9965          1          1  0.000e+00
  1023.4136     13.837     13.951    30.3833     9.9965          1          1  0.000e+00
  1023.4139     13.834     13.948    30.3835     9.9961          1          1  0.000e+00
  1023.4145     13.830     13.944    30.3842     9.9956          1          1  0.000e+00
  1023.4145     13.829     13.943    30.3843     9.9956          1          1  0.000e+00
  1023.4152     13.826     13.939    30.3851     9.9954          1          1  0.000e+00
  1023.4151     13.771     13.884    30.3854     9.9958          1          1  0.000e+00
  1023.4180     13.680     13.793    30.3898     9.9966          1          1  0.000e+00
  1023.4176     13.555     13.667    30.3906     9.9994          1          1  0.000e+00
  1023.4130     13.396     13.506    30.3864    10.0030          1          1  0.000e+00
  1023.4113     13.232     13.341    30.3857    10.0054          1          1  0.000e+00
  1023.4086     13.070     13.177    30.3836    10.0070          1          1  0.000e+00
  1023.4082     12.903     13.010    30.3841    10.0077          1          1  0.000e+00
  1023.4106     12.741     12.846    30.3884    10.0091          1          1  0.000e+00
  1023.4179     12.576     12.679    30.3997    10.0133          1          1  0.000e+00
  1023.4485     12.411     12.513    30.4428    10.0276          1          1  0.000e+00
  1023.4323     12.245     12.346    30.4310    10.0657          1          1  0.000e+00
  1023.4550     12.100     12.199    30.4702    10.1101          1          1  0.000e+00
  1023.4591     11.991     12.089    30.4911    10.1816          1          1  0.000e+00
  1023.3927     11.894     11.992    30.4267    10.2779          1          1  0.000e+00
  1023.3465     11.814     11.911    30.3846    10.3572          1          1  0.000e+00
  1023.2544     11.721     11.817    30.2782    10.4104          1          1  0.000e+00
  1023.2709     11.616     11.711    30.2995    10.4077          1          1  0.000e+00
  1023.3084     11.504     11.599    30.3474    10.4032          1          1  0.000e+00
  1023.3306     11.391     11.484    30.3817    10.4273          1          1  0.000e+00
  1023.2909     11.280     11.372    30.3410    10.4726          1          1  0.000e+00
  1023.3325     11.168     11.260    30.4033    10.5113          1          1  0.000e+00
  1023.4539     11.054     11.145    30.5776    10.5929          1          1  0.000e+00
  1023.3392     10.935     11.025    30.4726    10.7847          1          1  0.000e+00
  1023.2263     10.810     10.899    30.3654    10.9548          1          1  0.000e+00
  1023.2171     10.666     10.753    30.3834    11.0856          1          1  0.000e+00
  1023.2001     10.516     10.603    30.3955    11.2341          1          1  0.000e+00
  1023.0314     10.370     10.455    30.2113    11.3767          1          1  0.000e+00
  1022.9957     10.228     10.312    30.1831    11.4517          1          1  0.000e+00
  1023.0213     10.091     10.174    30.2263    11.4931          1          1  0.000e+00
  1022.9999      9.962     10.044    30.2145    11.5589          1          1  0.000e+00
  1023.0025      9.831      9.911    30.2364    11.6367          1          1  0.000e+00
  1022.9348      9.702      9.782    30.1723    11.7338          1          1  0.000e+00
  1022.9206      9.580      9.659    30.1709    11.8036          1          1  0.000e+00
  1022.9005      9.478      9.555    30.1615    11.8727          1          1  0.000e+00
  1022.8345      9.374      9.451    30.0916    11.9352          1          1  0.000e+00
  1022.8205      9.252      9.328    30.0809    11.9634          1          1  0.000e+00
  1022.8747      9.132      9.207    30.1573    11.9881          1          1  0.000e+00
  1022.8482      9.012      9.086    30.1393    12.0542          1          1  0.000e+00
  1022.8102      8.897      8.970    30.1082    12.1273          1          1  0.000e+00
  1022.7747      8.778      8.850    30.0765    12.1845          1          1  0.000e+00
  1022.7721      8.665      8.736    30.0831    12.2233          1          1  0.000e+00
  1022.8539      8.552      8.622    30.1982    12.2610          1          1  0.000e+00
  1022.8568      8.440      8.509    30.2293    12.3728          1          1  0.000e+00
  1022.8319      8.331      8.399    30.2374    12.5371          1          1  0.000e+00
  1022.7887      8.227      8.294    30.2313    12.7390          1          1  0.000e+00
  1022.7055      8.120      8.186    30.1747    12.9437          1          1  0.000e+00
  1022.5909      8.014      8.080    30.0740    13.1328          1          1  0.000e+00
  1022.6179      7.912      7.977    30.1481    13.2863          1          1  0.000e+00
  1022.6455      7.808      7.872    30.2368    13.4934          1          1  0.000e+00
  1022.4926      7.703      7.766    30.1016    13.7363          1          1  0.000e+00
  1022.3922      7.598      7.661    30.0207    13.9244          1          1  0.000e+00
  1022.3644      7.493      7.555    30.0223    14.0664          1          1  0.000e+00
  1022.3318      7.386      7.447    30.0250    14.2350          1          1  0.000e+00
  1022.2505      7.278      7.338    29.9717    14.4297          1          1  0.000e+00
  1022.1482      7.163      7.221    29.8859    14.6028          1          1  0.000e+00
  1022.1005      7.050      7.108    29.8585    14.7290          1          1  0.000e+00
  1022.0366      6.941      6.998    29.8063    14.8403          1          1  0.000e+00
  1022.0081      6.827      6.883    29.7941    14.9290          1          1  0.000e+00
  1022.0133      6.709      6.764    29.8252    15.0157          1          1  0.000e+00
  1021.9443      6.593      6.648    29.7661    15.1252          1          1  0.000e+00
  1021.9188      6.477      6.530    29.7582    15.2141          1          1  0.000e+00
  1021.8778      6.361      6.413    29.7281    15.2953          1          1  0.000e+00
  1021.8350      6.245      6.296    29.6917    15.3626          1          1  0.000e+00
  1021.8085      6.126      6.176    29.6709    15.4092          1          1  0.000e+00
  1021.8458      6.008      6.058    29.7302    15.4453          1          1  0.000e+00
  1021.8512      5.891      5.939    29.7543    15.5043          1          1  0.000e+00
  1021.7927      5.777      5.825    29.7009    15.5826          2          2  0.000e+00
  1021.7674      5.663      5.709    29.6834    15.6355          2          2  0.000e+00
  1021.7715      5.548      5.594    29.7007    15.6755          2          2  0.000e+00
  1021.7714      5.437      5.482    29.7163    15.7290          2          2  0.000e+00
  1021.7349      5.326      5.369    29.6866    15.7892          2          2  0.000e+00
  1021.7148      5.217      5.259    29.6760    15.8423          2          2  0.000e+00
  1021.7008      5.107      5.149    29.6697    15.8821          2          2  0.000e+00
  1021.6976      4.999      5.040    29.6762    15.9172          2          2  0.000e+00
  1021.7136      4.890      4.930    29.7085    15.9551          2          2  0.000e+00
  1021.6941      4.781      4.820    29.6989    16.0084          2          2  0.000e+00
  1021.6441      4.674      4.712    29.6485    16.0574          2          2  0.000e+00
  1021.7077      4.568      4.605    29.7399    16.0850          2          2  0.000e+00
  1021.7330      4.459      4.495    29.7960    16.1630          2          2  0.000e+00
  1021.6978      4.347      4.383    29.7874    16.2899          2          2  0.000e+00
  1021.6353      4.235      4.270    29.7426    16.4140          2          2  0.000e+00
  1021.5482      4.124      4.158    29.6570    16.5076          2          2  0.000e+00
  1021.5125      4.008      4.041    29.6238    16.5509          2          2  0.000e+00
  1021.5545      3.893      3.925    29.6859    16.5735          2          2  0.000e+00
  1021.5552      3.778      3.809    29.7029    16.6261          2          2  0.000e+00
  1021.5141      3.662      3.692    29.6712    16.6985          2          2  0.000e+00
  1021.5213      3.545      3.574    29.6994    16.7596          2          2  0.000e+00
  1021.5544      3.429      3.458    29.7648    16.8321          2          2  0.000e+00
  1021.5265      3.316      3.343    29.7608    16.9388          2          2  0.000e+00
  1021.4263      3.203      3.229    29.6659    17.0571          2          2  0.000e+00
  1021.4849      3.087      3.112    29.7655    17.1317          2          2  0.000e+00
  1021.4827      2.970      2.995    29.7959    17.2398          2          2  0.000e+00
  1021.3901      2.852      2.875    29.7171    17.3769          3          3  0.000e+00
  1021.3486      2.735      2.758    29.6937    17.4760          3          3  0.000e+00
  1021.3128      2.618      2.639    29.6725    17.5578          3          3  0.000e+00
  1021.2634      2.499      2.519    29.6306    17.6297          3          3  0.000e+00
  1021.2387      2.382      2.402    29.6136    17.6772          3          3  0.000e+00
  1021.2398      2.268      2.286    29.6253    17.7083          3          3  0.000e+00
  1021.2232      2.150      2.168    29.6162    17.7472          3          3  0.000e+00
  1021.2186      2.032      2.049    29.6218    17.7828          3          3  0.000e+00
  1021.2220      1.918      1.934    29.6387    17.8207          3          3  0.000e+00
  1021.2215      1.805      1.819    29.6547    17.8725          3          3  0.000e+00
  1021.1742      1.695      1.709    29.6117    17.9316          3          3  0.000e+00
  1021.1600      1.586      1.599    29.6053    17.9684          3          3  0.000e+00
  1021.1497      1.475      1.487    29.6006    17.9946          3          3  0.000e+00
  1021.1149      1.373      1.384    29.5621    18.0156          3          3  0.000e+00
  1021.1465      1.271      1.282    29.6050    18.0186          3          3  0.000e+00
  1021.1721      1.174      1.183    29.6460    18.0408          3          3  0.000e+00
  1021.1547      1.068      1.077    29.6389    18.0889          3          3  0.000e+00
  1021.1424      0.951      0.959    29.6392    18.1392          3          3  0.000e+00
  1021.1299      0.829      0.836    29.6393    18.1896          3          3  0.000e+00
  1021.0871      0.708      0.713    29.5988    18.2370          3          3  0.000e+00
  1021.0691      0.590      0.595    29.5850    18.2658          3          3  0.000e+00
  1021.0702      0.475      0.479    29.5925    18.2832          3          3  0.000e+00
  1021.0466      0.361      0.364    29.5678    18.3009          3          3  0.000e+00
  1021.0219      0.238      0.240    29.5372    18.3041          3          3  0.000e+00
  1021.0156      0.100      0.101    29.5248    18.2881          3          3  0.000e+00
  1021.0128     -0.003     -0.003    29.5149    18.2663          3          3  0.000e+00
  1020.9917     -0.010     -0.010    29.4827    18.2517          3          3  0.000e+00
  1021.0201     -0.011     -0.011    29.5147    18.2354          3          3  0.000e+00
  1021.0658     -0.013     -0.013    29.5590    18.1859          3          3  0.000e+00
  1021.0363     -0.012     -0.012    29.5097    18.1517          3          3  0.000e+00
  1020.9951     -0.012     -0.012    29.4488    18.1295          3          3  0.000e+00
  1021.0346     -0.012     -0.012    29.4794    18.0618          3          3  0.000e+00
  1021.0676     -0.012     -0.012    29.4995    17.9876          3          3  0.000e+00
  1021.0802     -0.010     -0.010    29.4993    17.9335          3          3  0.000e+00
  1021.0886     -0.012     -0.012    29.4948    17.8835          3          3  0.000e+00
  1021.1055     -0.012     -0.012    29.5004    17.8303          3          3  0.000e+00
  1021.1297     -0.014     -0.014    29.5161    17.7783          3          3  0.000e+00
  1010.3248     -0.013     -0.013    15.3269    17.7322          3          3  0.000e+00
  1003.4561     -0.011     -0.011     6.2865    17.6899          3          3  0.000e+00
  1003.5640     -0.014     -0.014     6.4181    17.6497          3          3  0.000e+00
  1004.0233     -0.011     -0.011     7.0126    17.6155          3          3  0.000e+00
  1001.8945     -0.011     -0.011     4.2083    17.5746          3          3  0.000e+00
  1000.7573     -0.011     -0.011     2.7040    17.5158          3          3  0.000e+00
  1000.4250     -0.012     -0.012     2.2601    17.4780          3          3  0.000e+00
  1000.0946     -0.012     -0.012     1.8242    17.4614          3          3  0.000e+00
  1000.3280     -0.012     -0.012     2.1266    17.4499          3          3  0.000e+00
  1000.5147     -0.011     -0.011     2.3676    17.4366          3          3  0.000e+00
  1000.0948     -0.012     -0.012     1.8149    17.4212          3          3  0.000e+00
