data/eDNA/PER-2021-171/171c014.cnv
* Sea-Bird SBE19plus  Data File:
* FileName = C:\Users\RSG_field\Ryan_2021_Perley\CTD\171c014.hex
* Software version 2.3.0 SB_Terminal.dll
* Temperature SN = 7141
* Conductivity SN = 7141
* System UpLoad Time = Aug 12 2021 13:29:57
* <ApplicationData>
* <SeatermAF>
** Platform: M. Perley
** Cruise: Per2021171
** Station:  ESI_10
** Cast: 01 3
** Latitude: N  44 41.683
** Longitude: W 62 40.802
** Sounding: 41.5
** Chief Scientist: Ryan Stanley
** Comment: 171c014
# nquan = 8
# nvalues = 2373                                  
# units = specified
# name 0 = density00: Density [density, kg/m^3]
# name 1 = depSM: Depth [salt water, m], lat = 45.00
# name 2 = prdM: Pressure, Strain Gauge [db]
# name 3 = sal00: Salinity, Practical [PSU]
# name 4 = tv290C: Temperature [ITS-90, deg C]
# name 5 = bpos: Bottle Position in Carousel
# name 6 = nbf: Bottles Fired
# name 7 = flag:  0.000e+00
# span 0 =   998.5927,  1024.8856                 
# span 1 =     -0.066,     41.856                 
# span 2 =     -0.067,     42.203                 
# span 3 =     0.0082,    31.8261                 
# span 4 =     4.7745,    18.8798                 
# span 5 =          0,          4                 
# span 6 =          0,          4                 
# span 7 = 0.0000e+00, 0.0000e+00                 
# interval = seconds: 0.25
# start_time = Aug 12 2021 16:17:32 [Instrument's time stamp, header]
# bad_flag = -9.990e-29
*END*
[from data line 720]
  1021.7837      1.971      1.987    30.7001    18.8511          0          0  0.000e+00
  1021.7840      1.926      1.942    30.7006    18.8509          0          0  0.000e+00
  1021.7830      1.868      1.883    30.6997    18.8511          0          0  0.000e+00
  1021.7808      1.803      1.818    30.6971    18.8508          0          0  0.000e+00
  1021.7821      1.747      1.761    30.6987    18.8493          0          0  0.000e+00
  1021.7832      1.725      1.739    30.6998    18.8480          0          0  0.000e+00
  1021.7843      1.745      1.759    30.7009    18.8475          0          0  0.000e+00
  1021.7862      1.808      1.823    30.7033    18.8481          0          0  0.000e+00
  1021.7864      1.899      1.914    30.7035    18.8497          0          0  0.000e+00
  1021.7856      2.000      2.017    30.7026    18.8519          0          0  0.000e+00
  1021.7855      2.097      2.114    30.7024    18.8534          0          0  0.000e+00
  1021.7860      2.175      2.193    30.7030    18.8548          0          0  0.000e+00
  1021.7843      2.231      2.250    30.7011    18.8565          0          0  0.000e+00
  1021.7835      2.244      2.262    30.7002    18.8574          0          0  0.000e+00
  1021.7838      2.225      2.243    30.7007    18.8574          0          0  0.000e+00
  1021.7830      2.182      2.199    30.6999    18.8574          0          0  0.000e+00
  1021.7818      2.120      2.137    30.6987    18.8573          0          0  0.000e+00
  1021.7811      2.053      2.070    30.6979    18.8564          0          0  0.000e+00
  1021.7813      1.988      2.004    30.6981    18.8550          0          0  0.000e+00
  1021.7823      1.936      1.952    30.6992    18.8535          0          0  0.000e+00
  1021.7831      1.906      1.922    30.7002    18.8527          0          0  0.000e+00
  1021.7834      1.909      1.925    30.7006    18.8528          0          0  0.000e+00
  1021.7840      1.931      1.947    30.7011    18.8527          0          0  0.000e+00
  1021.7843      1.961      1.977    30.7016    18.8533          0          0  0.000e+00
  1021.7845      1.997      2.013    30.7020    18.8541          0          0  0.000e+00
  1021.7834      2.030      2.047    30.7006    18.8552          0          0  0.000e+00
  1021.7845      2.049      2.066    30.7021    18.8556          0          0  0.000e+00
  1021.7846      2.055      2.072    30.7025    18.8566          0          0  0.000e+00
  1021.7837      2.047      2.064    30.7019    18.8581          0          0  0.000e+00
  1021.7819      2.028      2.044    30.6999    18.8591          0          0  0.000e+00
  1021.7803      2.009      2.025    30.6980    18.8590          0          0  0.000e+00
  1021.7812      2.003      2.020    30.6987    18.8578          0          0  0.000e+00
  1021.7816      2.015      2.032    30.6987    18.8563          0          0  0.000e+00
  1021.7841      2.035      2.052    30.7016    18.8556          0          0  0.000e+00
  1021.7857      2.062      2.079    30.7038    18.8564          0          0  0.000e+00
  1021.7839      2.085      2.102    30.7022    18.8587          0          0  0.000e+00
  1021.7825      2.097      2.114    30.7007    18.8601          0          0  0.000e+00
  1021.7819      2.090      2.108    30.7001    18.8607          0          0  0.000e+00
  1021.7813      2.067      2.084    30.6995    18.8607          0          0  0.000e+00
  1021.7797      2.025      2.041    30.6975    18.8604          0          0  0.000e+00
  1021.7787      1.972      1.988    30.6961    18.8592          0          0  0.000e+00
  1021.7791      1.915      1.931    30.6962    18.8569          0          0  0.000e+00
  1021.7800      1.861      1.877    30.6969    18.8543          0          0  0.000e+00
  1021.7819      1.821      1.836    30.6990    18.8523          0          0  0.000e+00
  1021.7835      1.807      1.822    30.7008    18.8514          0          0  0.000e+00
  1021.7842      1.818      1.833    30.7018    18.8515          0          0  0.000e+00
  1021.7853      1.855      1.870    30.7032    18.8525          0          0  0.000e+00
  1021.7853      1.912      1.928    30.7036    18.8544          0          0  0.000e+00
  1021.7839      1.986      2.003    30.7020    18.8566          0          0  0.000e+00
  1021.7832      2.061      2.078    30.7011    18.8580          0          0  0.000e+00
  1021.7827      2.121      2.138    30.7003    18.8587          0          0  0.000e+00
  1021.7859      2.168      2.186    30.7044    18.8592          0          0  0.000e+00
  1021.7864      2.193      2.211    30.7055    18.8609          0          0  0.000e+00
  1021.7839      2.190      2.208    30.7033    18.8642          0          0  0.000e+00
  1021.7815      2.159      2.177    30.7009    18.8661          0          0  0.000e+00
  1021.7771      2.115      2.132    30.6954    18.8664          0          0  0.000e+00
  1021.7782      2.062      2.079    30.6965    18.8640          0          0  0.000e+00
  1021.7787      2.018      2.035    30.6967    18.8618          0          0  0.000e+00
  1021.7798      1.997      2.013    30.6976    18.8598          0          0  0.000e+00
  1021.7822      2.001      2.018    30.7001    18.8580          0          0  0.000e+00
  1021.7843      2.026      2.042    30.7027    18.8578          0          0  0.000e+00
  1021.7848      2.060      2.076    30.7036    18.8592          0          0  0.000e+00
  1021.7851      2.090      2.107    30.7044    18.8611          0          0  0.000e+00
  1021.7841      2.106      2.124    30.7038    18.8637          0          0  0.000e+00
  1021.7819      2.103      2.120    30.7016    18.8656          0          0  0.000e+00
  1021.7806      2.076      2.093    30.7003    18.8666          0          0  0.000e+00
  1021.7801      2.021      2.038    30.7001    18.8667          0          0  0.000e+00
  1021.7774      1.952      1.967    30.6968    18.8665          0          0  0.000e+00
  1021.7767      1.874      1.889    30.6958    18.8646          0          0  0.000e+00
  1021.7784      1.803      1.818    30.6976    18.8620          0          0  0.000e+00
  1021.7794      1.743      1.757    30.6987    18.8601          0          0  0.000e+00
  1021.7804      1.713      1.727    30.6998    18.8591          0          0  0.000e+00
  1021.7805      1.715      1.729    30.6997    18.8586          0          0  0.000e+00
  1021.7812      1.745      1.759    30.7004    18.8585          0          0  0.000e+00
  1021.7836      1.811      1.825    30.7032    18.8585          0          0  0.000e+00
  1021.7838      1.901      1.916    30.7034    18.8599          0          0  0.000e+00
  1021.7848      2.009      2.025    30.7048    18.8619          0          0  0.000e+00
  1021.7853      2.105      2.122    30.7055    18.8639          0          0  0.000e+00
  1021.7834      2.192      2.210    30.7033    18.8666          0          0  0.000e+00
  1021.7770      2.258      2.276    30.6950    18.8678          0          0  0.000e+00
  1021.7801      2.299      2.318    30.6979    18.8649          0          0  0.000e+00
  1021.7840      2.317      2.336    30.7018    18.8618          0          0  0.000e+00
  1021.7845      2.307      2.325    30.7024    18.8613          0          0  0.000e+00
  1021.7839      2.279      2.298    30.7020    18.8618          0          0  0.000e+00
  1021.7826      2.236      2.254    30.7005    18.8620          0          0  0.000e+00
  1021.7830      2.179      2.197    30.7011    18.8612          0          0  0.000e+00
  1021.7838      2.117      2.134    30.7025    18.8609          0          0  0.000e+00
  1021.7819      2.046      2.063    30.7006    18.8616          0          0  0.000e+00
  1021.7809      1.971      1.987    30.6997    18.8612          0          0  0.000e+00
  1021.7809      1.892      1.908    30.6998    18.8603          0          0  0.000e+00
  1021.7821      1.816      1.831    30.7015    18.8592          0          0  0.000e+00
  1021.7828      1.748      1.762    30.7028    18.8592          0          0  0.000e+00
  1021.7815      1.696      1.710    30.7017    18.8599          0          0  0.000e+00
  1021.7800      1.667      1.681    30.6998    18.8601          0          0  0.000e+00
  1021.7812      1.675      1.689    30.7013    18.8600          0          0  0.000e+00
  1021.7803      1.719      1.733    30.7000    18.8601          0          0  0.000e+00
  1021.7817      1.789      1.804    30.7013    18.8600          0          0  0.000e+00
  1021.7832      1.884      1.899    30.7028    18.8601          0          0  0.000e+00
  1021.7831      1.985      2.002    30.7024    18.8609          0          0  0.000e+00
  1021.7837      2.081      2.098    30.7029    18.8621          0          0  0.000e+00
  1021.7827      2.157      2.175    30.7016    18.8633          0          0  0.000e+00
  1021.7824      2.212      2.230    30.7011    18.8639          0          0  0.000e+00
  1021.7822      2.241      2.259    30.7008    18.8645          0          0  0.000e+00
  1021.7822      2.244      2.262    30.7009    18.8649          0          0  0.000e+00
  1021.7813      2.230      2.248    30.6999    18.8650          0          0  0.000e+00
  1021.7813      2.204      2.222    30.7000    18.8648          0          0  0.000e+00
  1021.7806      2.178      2.196    30.6991    18.8644          0          0  0.000e+00
  1021.7806      2.151      2.168    30.6990    18.8637          0          0  0.000e+00
  1021.7808      2.127      2.145    30.6991    18.8626          0          0  0.000e+00
  1021.7809      2.104      2.121    30.6989    18.8614          0          0  0.000e+00
  1021.7817      2.084      2.101    30.6998    18.8607          0          0  0.000e+00
  1021.7821      2.062      2.079    30.7004    18.8600          0          0  0.000e+00
  1021.7819      2.036      2.053    30.7001    18.8598          0          0  0.000e+00
  1021.7819      2.012      2.028    30.7001    18.8593          0          0  0.000e+00
  1021.7816      1.984      2.001    30.6998    18.8590          0          0  0.000e+00
  1021.7814      1.960      1.976    30.6995    18.8584          0          0  0.000e+00
  1021.7817      1.945      1.961    30.6996    18.8576          0          0  0.000e+00
  1021.7825      1.947      1.963    30.7005    18.8570          0          0  0.000e+00
  1021.7843      1.954      1.970    30.7028    18.8570          0          0  0.000e+00
  1021.7839      1.958      1.974    30.7027    18.8581          0          0  0.000e+00
  1021.7829      1.949      1.965    30.7018    18.8592          0          0  0.000e+00
  1021.7821      1.933      1.949    30.7011    18.8602          0          0  0.000e+00
  1021.7812      1.910      1.926    30.7002    18.8607          0          0  0.000e+00
  1021.7804      1.880      1.896    30.6994    18.8607          0          0  0.000e+00
  1021.7803      1.853      1.868    30.6991    18.8600          0          0  0.000e+00
  1021.7805      1.838      1.853    30.6991    18.8591          0          0  0.000e+00
  1021.7816      1.838      1.853    30.7003    18.8583          0          0  0.000e+00
  1021.7820      1.864      1.880    30.7006    18.8578          0          0  0.000e+00
  1021.7831      1.910      1.926    30.7018    18.8577          0          0  0.000e+00
  1021.7828      1.968      1.984    30.7012    18.8582          0          0  0.000e+00
  1021.7850      2.030      2.046    30.7039    18.8586          0          0  0.000e+00
  1021.7852      2.085      2.102    30.7043    18.8602          0          0  0.000e+00
  1021.7843      2.126      2.144    30.7037    18.8626          0          0  0.000e+00
  1021.7837      2.155      2.173    30.7034    18.8646          0          0  0.000e+00
  1021.7833      2.171      2.189    30.7033    18.8666          0          0  0.000e+00
  1021.7811      2.172      2.190    30.7010    18.8680          0          0  0.000e+00
  1021.7800      2.163      2.181    30.6997    18.8687          0          0  0.000e+00
  1021.7799      2.155      2.173    30.6996    18.8683          0          0  0.000e+00
  1021.7804      2.154      2.171    30.7001    18.8680          0          0  0.000e+00
  1021.7809      2.164      2.182    30.7005    18.8674          0          0  0.000e+00
  1021.7804      2.180      2.198    30.6998    18.8673          0          0  0.000e+00
  1021.7807      2.196      2.214    30.7000    18.8670          0          0  0.000e+00
  1021.7810      2.200      2.219    30.7002    18.8666          0          0  0.000e+00
  1021.7807      2.185      2.202    30.6999    18.8666          0          0  0.000e+00
  1021.7799      2.157      2.175    30.6988    18.8661          0          0  0.000e+00
  1021.7785      2.168      2.185    30.6966    18.8651          0          0  0.000e+00
  1021.7811      2.194      2.212    30.6990    18.8626          0          0  0.000e+00
  1021.7838      2.215      2.233    30.7020    18.8613          0          0  0.000e+00
  1021.7843      2.233      2.252    30.7027    18.8615          0          0  0.000e+00
  1021.7834      2.259      2.277    30.7017    18.8628          0          0  0.000e+00
  1021.7831      2.297      2.316    30.7013    18.8633          0          0  0.000e+00
  1021.7820      2.365      2.384    30.6997    18.8638          0          0  0.000e+00
  1021.7857      2.471      2.491    30.7038    18.8634          0          0  0.000e+00
  1021.7866      2.627      2.648    30.7044    18.8646          0          0  0.000e+00
  1021.7841      2.833      2.856    30.7005    18.8663          0          0  0.000e+00
  1021.7843      3.062      3.087    30.6994    18.8664          0          0  0.000e+00
  1021.7857      3.302      3.329    30.6994    18.8651          0          0  0.000e+00
  1021.7902      3.526      3.555    30.7036    18.8639          0          0  0.000e+00
  1021.7863      3.737      3.768    30.6974    18.8642          0          0  0.000e+00
  1021.7655      3.917      3.949    30.6679    18.8607          0          0  0.000e+00
  1021.7744      4.058      4.091    30.6725    18.8412          0          0  0.000e+00
  1021.7946      4.166      4.200    30.6907    18.8177          0          0  0.000e+00
  1021.8191      4.245      4.280    30.7191    18.8076          0          0  0.000e+00
  1021.8162      4.303      4.339    30.7170    18.8140          0          0  0.000e+00
  1021.8109      4.341      4.376    30.7125    18.8221          0          0  0.000e+00
  1021.8072      4.374      4.410    30.7093    18.8276          0          0  0.000e+00
  1021.8029      4.409      4.446    30.7045    18.8310          0          0  0.000e+00
  1021.8001      4.453      4.489    30.7007    18.8315          0          0  0.000e+00
  1021.7725      4.516      4.553    30.6631    18.8280          0          0  0.000e+00
  1021.7745      4.606      4.643    30.6576    18.8047          0          0  0.000e+00
  1021.7954      4.714      4.752    30.6736    18.7710          0          0  0.000e+00
  1021.8130      4.839      4.878    30.6871    18.7441          0          0  0.000e+00
  1021.8269      4.980      5.021    30.6984    18.7251          0          0  0.000e+00
  1021.8355      5.123      5.165    30.7047    18.7122          0          0  0.000e+00
  1021.8388      5.267      5.310    30.7055    18.7037          0          0  0.000e+00
  1021.8410      5.404      5.448    30.7051    18.6964          0          0  0.000e+00
  1021.8447      5.521      5.567    30.7070    18.6890          0          0  0.000e+00
  1021.8466      5.626      5.672    30.7068    18.6827          0          0  0.000e+00
