data/eDNA/PER-2021-171/171c027.cnv
* Sea-Bird SBE19plus  Data File:
* FileName = C:\Users\RSG_field\Ryan_2021_Perley\CTD\171c027.hex
* Software version 2.3.0 SB_Terminal.dll
* Temperature SN = 7141
* Conductivity SN = 7141
* System UpLoad Time = Aug 18 2021 11:43:05
* <ApplicationData>
* <SeatermAF>
** Platform: M. Perley
** Cruise: Per2021171
** Station:  SAB_03
** Cast: 01 3
** Latitude: N  45 50.760
** Longitude: W 60 05.136
** Sounding: 34
** Chief Scientist: Ryan Stanley
** Comment: 171c027
# nquan = 8
# nvalues = 2301                                  
# units = specified
# name 0 = density00: Density [density, kg/m^3]
# name 1 = depSM: Depth [salt water, m], lat = 45.00
# name 2 = prdM: Pressure, Strain Gauge [db]
# name 3 = sal00: Salinity, Practical [PSU]
# name 4 = tv290C: Temperature [ITS-90, deg C]
# name 5 = bpos: Bottle Position in Carousel
# name 6 = nbf: Bottles Fired
# name 7 = flag:  0.000e+00
# span 0 =   998.9661,  1024.6594                 
# span 1 =      0.003,     33.695                 
# span 2 =      0.003,     33.974                 
# span 3 =     0.0081,    31.1505                 
# span 4 =     6.0783,    18.3303                 
# span 5 =          0,          3                 
# span 6 =          0,          3                 
# span 7 = 0.0000e+00, 0.0000e+00                 
# interval = seconds: 0.25
# start_time = Aug 18 2021 14:30:34 [Instrument's time stamp, header]
# bad_flag = -9.990e-29
*END*
[from data line 1259]
  1024.6048     33.352     33.628    31.1014     6.2027          0          0  0.000e+00
  1024.6345     33.329     33.604    31.1376     6.1924          0          0  0.000e+00
  1024.6344     33.333     33.608    31.1385     6.1998          0          0  0.000e+00
  1024.6286     33.311     33.586    31.1335     6.2136          0          0  0.000e+00
  1024.6109     33.300     33.575    31.1131     6.2268          0          0  0.000e+00
  1024.6047     33.279     33.554    31.1059     6.2302          0          0  0.000e+00
  1024.6045     33.260     33.535    31.1056     6.2293          0          0  0.000e+00
  1024.6092     33.241     33.515    31.1116     6.2282          0          0  0.000e+00
  1024.6070     33.219     33.494    31.1090     6.2292          0          0  0.000e+00
  1024.6026     33.201     33.476    31.1037     6.2304          0          0  0.000e+00
  1024.5970     33.190     33.464    31.0964     6.2280          0          0  0.000e+00
  1024.6013     33.180     33.454    31.1010     6.2219          0          0  0.000e+00
  1024.6043     33.173     33.447    31.1040     6.2175          0          0  0.000e+00
  1024.5920     33.167     33.442    31.0878     6.2129          0          0  0.000e+00
  1024.6035     33.162     33.436    31.1007     6.2018          0          0  0.000e+00
  1024.6110     33.158     33.432    31.1091     6.1941          0          0  0.000e+00
  1024.6126     33.159     33.433    31.1104     6.1902          0          0  0.000e+00
  1024.6111     33.163     33.437    31.1082     6.1883          0          0  0.000e+00
  1024.6091     33.176     33.450    31.1051     6.1852          0          0  0.000e+00
  1024.6074     33.193     33.467    31.1022     6.1806          0          0  0.000e+00
  1024.6079     33.212     33.486    31.1016     6.1737          0          0  0.000e+00
  1024.6119     33.233     33.508    31.1053     6.1651          0          0  0.000e+00
  1024.6177     33.254     33.529    31.1114     6.1578          0          0  0.000e+00
  1024.6197     33.275     33.551    31.1130     6.1530          0          0  0.000e+00
  1024.6269     33.301     33.576    31.1214     6.1493          0          0  0.000e+00
  1024.6246     33.329     33.604    31.1184     6.1491          0          0  0.000e+00
  1024.6266     33.352     33.628    31.1207     6.1486          0          0  0.000e+00
  1024.6250     33.373     33.649    31.1185     6.1486          0          0  0.000e+00
  1024.6267     33.388     33.664    31.1205     6.1479          0          0  0.000e+00
  1024.6330     33.401     33.677    31.1284     6.1479          0          0  0.000e+00
  1024.6289     33.407     33.683    31.1236     6.1508          0          0  0.000e+00
  1024.6287     33.410     33.686    31.1236     6.1529          0          0  0.000e+00
  1024.6334     33.410     33.686    31.1298     6.1544          0          0  0.000e+00
  1024.6281     33.407     33.683    31.1237     6.1579          0          0  0.000e+00
  1024.6298     33.402     33.678    31.1263     6.1602          0          0  0.000e+00
  1024.6275     33.390     33.666    31.1238     6.1634          0          0  0.000e+00
  1024.6279     33.371     33.647    31.1251     6.1669          0          0  0.000e+00
  1024.6266     33.353     33.629    31.1240     6.1705          0          0  0.000e+00
  1024.6266     33.333     33.608    31.1248     6.1744          0          0  0.000e+00
  1024.6198     33.312     33.587    31.1169     6.1785          0          0  0.000e+00
  1024.6245     33.291     33.567    31.1232     6.1800          0          0  0.000e+00
  1024.6246     33.274     33.549    31.1240     6.1836          0          0  0.000e+00
  1024.6157     33.261     33.536    31.1134     6.1879          0          0  0.000e+00
  1024.6103     33.251     33.526    31.1068     6.1881          0          0  0.000e+00
  1024.6095     33.246     33.521    31.1052     6.1851          0          0  0.000e+00
  1024.6072     33.242     33.516    31.1018     6.1812          0          0  0.000e+00
  1024.6111     33.241     33.515    31.1059     6.1760          0          0  0.000e+00
  1024.6132     33.246     33.521    31.1079     6.1721          0          0  0.000e+00
  1024.6153     33.253     33.528    31.1103     6.1703          0          0  0.000e+00
  1024.6135     33.263     33.538    31.1078     6.1696          0          0  0.000e+00
  1024.6158     33.277     33.552    31.1105     6.1686          0          0  0.000e+00
  1024.6169     33.293     33.569    31.1117     6.1682          0          0  0.000e+00
  1024.6177     33.313     33.588    31.1127     6.1686          0          0  0.000e+00
  1024.6163     33.332     33.607    31.1109     6.1695          0          0  0.000e+00
  1024.6135     33.348     33.623    31.1072     6.1694          0          0  0.000e+00
  1024.6100     33.368     33.644    31.1024     6.1670          0          0  0.000e+00
  1024.6113     33.386     33.662    31.1030     6.1607          0          0  0.000e+00
  1024.6187     33.408     33.684    31.1111     6.1536          0          0  0.000e+00
  1024.6204     33.427     33.703    31.1123     6.1486          0          0  0.000e+00
  1024.6237     33.444     33.720    31.1159     6.1453          0          0  0.000e+00
  1024.6250     33.455     33.731    31.1172     6.1430          0          0  0.000e+00
  1024.6287     33.459     33.735    31.1217     6.1416          0          0  0.000e+00
  1024.6309     33.458     33.734    31.1244     6.1414          0          0  0.000e+00
  1024.6311     33.449     33.726    31.1249     6.1424          0          0  0.000e+00
  1024.6336     33.442     33.718    31.1283     6.1444          0          0  0.000e+00
  1024.6356     33.430     33.707    31.1315     6.1482          0          0  0.000e+00
  1024.6293     33.417     33.694    31.1245     6.1539          0          0  0.000e+00
  1024.6320     33.405     33.681    31.1287     6.1580          0          0  0.000e+00
  1024.6308     33.390     33.666    31.1281     6.1636          0          0  0.000e+00
  1024.6237     33.377     33.653    31.1202     6.1705          0          0  0.000e+00
  1024.6195     33.368     33.643    31.1159     6.1762          0          0  0.000e+00
  1024.6161     33.361     33.637    31.1122     6.1802          0          0  0.000e+00
  1024.6081     33.359     33.635    31.1024     6.1823          0          0  0.000e+00
  1024.6040     33.362     33.638    31.0966     6.1784          0          0  0.000e+00
  1024.6100     33.367     33.642    31.1031     6.1711          0          0  0.000e+00
  1024.6193     33.372     33.648    31.1141     6.1661          0          0  0.000e+00
  1024.6175     33.372     33.648    31.1115     6.1648          0          0  0.000e+00
  1024.6152     33.375     33.651    31.1084     6.1638          0          0  0.000e+00
  1024.6180     33.377     33.653    31.1116     6.1613          0          0  0.000e+00
  1024.6184     33.388     33.664    31.1117     6.1596          0          0  0.000e+00
  1024.6144     33.399     33.676    31.1065     6.1591          0          0  0.000e+00
  1024.6169     33.415     33.692    31.1092     6.1566          0          0  0.000e+00
  1024.6195     33.436     33.712    31.1121     6.1547          0          0  0.000e+00
  1024.6251     33.449     33.726    31.1190     6.1534          0          0  0.000e+00
  1024.6245     33.462     33.739    31.1182     6.1538          0          0  0.000e+00
  1024.6171     33.473     33.749    31.1089     6.1543          0          0  0.000e+00
  1024.6196     33.484     33.761    31.1114     6.1509          0          0  0.000e+00
  1024.6208     33.494     33.771    31.1123     6.1472          0          0  0.000e+00
  1024.6270     33.496     33.773    31.1198     6.1447          0          0  0.000e+00
  1024.6282     33.498     33.775    31.1214     6.1453          0          0  0.000e+00
  1024.6347     33.495     33.772    31.1301     6.1482          0          0  0.000e+00
  1024.6236     33.488     33.765    31.1170     6.1544          0          0  0.000e+00
  1024.6249     33.480     33.757    31.1190     6.1572          0          0  0.000e+00
  1024.6239     33.462     33.739    31.1184     6.1605          0          0  0.000e+00
  1024.6237     33.445     33.721    31.1188     6.1640          0          0  0.000e+00
  1024.6227     33.429     33.705    31.1184     6.1686          0          0  0.000e+00
  1024.6177     33.414     33.690    31.1129     6.1736          0          0  0.000e+00
  1024.6146     33.403     33.679    31.1095     6.1769          0          0  0.000e+00
  1024.6040     33.392     33.668    31.0962     6.1773          0          0  0.000e+00
  1024.6074     33.381     33.657    31.0997     6.1719          0          0  0.000e+00
  1024.6140     33.376     33.652    31.1074     6.1668          0          0  0.000e+00
  1024.6178     33.369     33.645    31.1119     6.1646          0          0  0.000e+00
  1024.6161     33.369     33.645    31.1098     6.1651          0          0  0.000e+00
  1024.6143     33.372     33.648    31.1076     6.1656          0          0  0.000e+00
  1024.6125     33.375     33.651    31.1054     6.1659          0          0  0.000e+00
  1024.6140     33.382     33.658    31.1070     6.1649          0          0  0.000e+00
  1024.6159     33.391     33.667    31.1094     6.1651          0          0  0.000e+00
  1024.6124     33.400     33.677    31.1050     6.1658          0          0  0.000e+00
  1024.6114     33.412     33.688    31.1036     6.1651          0          0  0.000e+00
  1024.6112     33.428     33.704    31.1030     6.1635          0          0  0.000e+00
  1024.6123     33.451     33.728    31.1039     6.1612          0          0  0.000e+00
  1024.6130     33.477     33.754    31.1043     6.1591          0          0  0.000e+00
  1024.6129     33.505     33.782    31.1037     6.1566          0          0  0.000e+00
  1024.6132     33.532     33.809    31.1034     6.1535          0          0  0.000e+00
  1024.6146     33.554     33.832    31.1044     6.1492          0          0  0.000e+00
  1024.6169     33.575     33.853    31.1065     6.1446          0          0  0.000e+00
  1024.6190     33.593     33.871    31.1083     6.1401          0          0  0.000e+00
  1024.6255     33.606     33.884    31.1159     6.1364          0          0  0.000e+00
  1024.6266     33.618     33.896    31.1171     6.1356          0          0  0.000e+00
  1024.6254     33.624     33.902    31.1155     6.1358          0          0  0.000e+00
  1024.6280     33.628     33.906    31.1188     6.1352          0          0  0.000e+00
  1024.6289     33.622     33.900    31.1199     6.1349          0          0  0.000e+00
  1024.6306     33.609     33.887    31.1223     6.1362          0          0  0.000e+00
  1024.6308     33.590     33.868    31.1232     6.1393          0          0  0.000e+00
  1024.6278     33.566     33.843    31.1202     6.1436          0          0  0.000e+00
  1024.6261     33.538     33.816    31.1187     6.1469          0          0  0.000e+00
  1024.6232     33.511     33.788    31.1156     6.1496          0          0  0.000e+00
  1024.6254     33.483     33.760    31.1189     6.1520          0          0  0.000e+00
  1024.6256     33.461     33.737    31.1199     6.1558          0          0  0.000e+00
  1024.6245     33.440     33.716    31.1194     6.1607          0          0  0.000e+00
  1024.6159     33.420     33.696    31.1092     6.1650          0          0  0.000e+00
  1024.6197     33.403     33.679    31.1139     6.1631          0          0  0.000e+00
  1024.6136     33.390     33.666    31.1063     6.1632          0          0  0.000e+00
  1024.6125     33.381     33.657    31.1046     6.1617          0          0  0.000e+00
  1024.6132     33.379     33.655    31.1051     6.1587          0          0  0.000e+00
  1024.6109     33.386     33.662    31.1019     6.1571          0          0  0.000e+00
  1024.6051     33.393     33.669    31.0939     6.1535          0          0  0.000e+00
  1024.6109     33.398     33.674    31.1001     6.1455          0          0  0.000e+00
  1024.6185     33.408     33.684    31.1086     6.1389          0          0  0.000e+00
  1024.6232     33.413     33.689    31.1143     6.1370          0          0  0.000e+00
  1024.6274     33.425     33.701    31.1198     6.1388          0          0  0.000e+00
  1024.6224     33.438     33.714    31.1141     6.1436          0          0  0.000e+00
  1024.6168     33.456     33.732    31.1073     6.1464          0          0  0.000e+00
  1024.6159     33.477     33.753    31.1060     6.1460          0          0  0.000e+00
  1024.6193     33.499     33.776    31.1101     6.1450          0          0  0.000e+00
  1024.6192     33.515     33.792    31.1100     6.1458          0          0  0.000e+00
  1024.6156     33.530     33.807    31.1056     6.1478          0          0  0.000e+00
  1024.6150     33.542     33.820    31.1048     6.1486          0          0  0.000e+00
  1024.6159     33.555     33.833    31.1060     6.1492          0          0  0.000e+00
  1024.6161     33.566     33.843    31.1063     6.1500          0          0  0.000e+00
  1024.6152     33.577     33.855    31.1054     6.1513          0          0  0.000e+00
  1024.6164     33.586     33.864    31.1069     6.1523          0          0  0.000e+00
  1024.6141     33.588     33.866    31.1042     6.1535          0          0  0.000e+00
  1024.6139     33.586     33.864    31.1040     6.1535          0          0  0.000e+00
  1024.6219     33.581     33.858    31.1140     6.1531          0          0  0.000e+00
  1024.6180     33.571     33.849    31.1096     6.1559          0          0  0.000e+00
  1024.6182     33.558     33.836    31.1103     6.1578          0          0  0.000e+00
  1024.6158     33.546     33.823    31.1075     6.1596          0          0  0.000e+00
  1024.6126     33.536     33.813    31.1037     6.1605          0          0  0.000e+00
  1024.6134     33.524     33.802    31.1047     6.1596          0          0  0.000e+00
  1024.6156     33.513     33.790    31.1073     6.1587          0          0  0.000e+00
  1024.6159     33.505     33.782    31.1079     6.1592          0          0  0.000e+00
  1024.6108     33.494     33.771    31.1017     6.1604          0          0  0.000e+00
  1024.6127     33.484     33.761    31.1039     6.1589          0          0  0.000e+00
  1024.6151     33.475     33.751    31.1067     6.1574          0          0  0.000e+00
  1024.6153     33.468     33.745    31.1070     6.1568          0          0  0.000e+00
  1024.6153     33.464     33.741    31.1070     6.1567          0          0  0.000e+00
  1024.6100     33.463     33.740    31.1001     6.1557          0          0  0.000e+00
  1024.6121     33.462     33.738    31.1020     6.1514          0          0  0.000e+00
  1024.6141     33.465     33.742    31.1038     6.1462          0          0  0.000e+00
  1024.6177     33.469     33.746    31.1076     6.1415          0          0  0.000e+00
  1024.6222     33.475     33.751    31.1129     6.1390          0          0  0.000e+00
  1024.6210     33.486     33.763    31.1114     6.1394          0          0  0.000e+00
  1024.6149     33.501     33.778    31.1034     6.1383          0          0  0.000e+00
  1024.6199     33.517     33.794    31.1091     6.1346          0          0  0.000e+00
  1024.6197     33.536     33.813    31.1085     6.1327          0          0  0.000e+00
  1024.6221     33.556     33.834    31.1112     6.1314          0          0  0.000e+00
  1024.6233     33.572     33.850    31.1125     6.1313          0          0  0.000e+00
  1024.6220     33.586     33.864    31.1109     6.1320          0          0  0.000e+00
