data/eDNA/PER-2021-171/171c019.cnv
* Sea-Bird SBE19plus  Data File:
* FileName = C:\Users\RSG_field\Ryan_2021_Perley\CTD\171c019.hex
* Software version 2.3.0 SB_Terminal.dll
* Temperature SN = 7141
* Conductivity SN = 7141
* System UpLoad Time = Aug 14 2021 14:03:59
* <ApplicationData>
* <SeatermAF>
** Platform: M. Perley
** Cruise: Per2021171
** Station:  ESI_01
** Cast: 01 3
** Latitude: N  44 54.418
** Longitude: W 62 13.850
** Sounding: 21.3
** Chief Scientist: Ryan Stanley
** Comment: 171c019
# nquan = 8
# nvalues = 1894                                  
# units = specified
# name 0 = density00: Density [density, kg/m^3]
# name 1 = depSM: Depth [salt water, m], lat = 45.00
# name 2 = prdM: Pressure, Strain Gauge [db]
# name 3 = sal00: Salinity, Practical [PSU]
# name 4 = tv290C: Temperature [ITS-90, deg C]
# name 5 = bpos: Bottle Position in Carousel
# name 6 = nbf: Bottles Fired
# name 7 = flag:  0.000e+00
# span 0 =   998.9555,  1023.5516                 
# span 1 =     -0.051,     21.056                 
# span 2 =     -0.052,     21.229                 
# span 3 =     0.0080,    30.7366                 
# span 4 =    10.4863,    17.6161                 
# span 5 =          0,          4                 
# span 6 =          0,          4                 
# span 7 = 0.0000e+00, 0.0000e+00                 
# interval = seconds: 0.25
# start_time = Aug 14 2021 16:53:20 [Instrument's time stamp, header]
# bad_flag = -9.990e-29
*END*
[from data line 1079]
  1023.4976     20.027     20.192    30.5782    10.5804          0          0  0.000e+00
  1023.4974     20.009     20.173    30.5783    10.5818          0          0  0.000e+00
  1023.4972     20.005     20.170    30.5785    10.5836          0          0  0.000e+00
  1023.4950     20.021     20.186    30.5760    10.5857          0          0  0.000e+00
  1023.5050     20.061     20.226    30.5891    10.5876          0          0  0.000e+00
  1023.4973     20.119     20.285    30.5801    10.5936          0          0  0.000e+00
  1023.4714     20.191     20.357    30.5473    10.5973          0          0  0.000e+00
  1023.4809     20.272     20.438    30.5565    10.5856          0          0  0.000e+00
  1023.4920     20.353     20.521    30.5676    10.5738          0          0  0.000e+00
  1023.4889     20.422     20.590    30.5622    10.5689          0          0  0.000e+00
  1023.4868     20.474     20.643    30.5575    10.5609          0          0  0.000e+00
  1023.4941     20.499     20.668    30.5646    10.5514          0          0  0.000e+00
  1023.5053     20.499     20.668    30.5774    10.5437          0          0  0.000e+00
  1023.5139     20.478     20.647    30.5886    10.5439          0          0  0.000e+00
  1023.5156     20.439     20.607    30.5923    10.5497          0          0  0.000e+00
  1023.5162     20.391     20.559    30.5952    10.5583          0          0  0.000e+00
  1023.5106     20.344     20.511    30.5905    10.5687          0          0  0.000e+00
  1023.5030     20.301     20.468    30.5828    10.5772          0          0  0.000e+00
  1023.4959     20.272     20.438    30.5749    10.5819          0          0  0.000e+00
  1023.4935     20.251     20.418    30.5720    10.5824          0          0  0.000e+00
  1023.4937     20.240     20.406    30.5721    10.5808          0          0  0.000e+00
  1023.4945     20.234     20.401    30.5727    10.5790          0          0  0.000e+00
  1023.4952     20.227     20.394    30.5734    10.5777          0          0  0.000e+00
  1023.4954     20.216     20.383    30.5735    10.5766          0          0  0.000e+00
  1023.4978     20.203     20.369    30.5764    10.5757          0          0  0.000e+00
  1023.5002     20.184     20.350    30.5796    10.5758          0          0  0.000e+00
  1023.4954     20.162     20.328    30.5742    10.5784          0          0  0.000e+00
  1023.4931     20.139     20.305    30.5715    10.5788          0          0  0.000e+00
  1023.4967     20.117     20.282    30.5759    10.5776          0          0  0.000e+00
  1023.4965     20.105     20.271    30.5759    10.5781          0          0  0.000e+00
  1023.4964     20.101     20.266    30.5761    10.5794          0          0  0.000e+00
  1023.4913     20.111     20.277    30.5696    10.5801          0          0  0.000e+00
  1023.4934     20.133     20.298    30.5718    10.5784          0          0  0.000e+00
  1023.4935     20.169     20.335    30.5713    10.5770          0          0  0.000e+00
  1023.4856     20.216     20.383    30.5606    10.5752          0          0  0.000e+00
  1023.4854     20.267     20.434    30.5585    10.5681          0          0  0.000e+00
  1023.4874     20.320     20.488    30.5585    10.5581          0          0  0.000e+00
  1023.4942     20.369     20.537    30.5650    10.5486          0          0  0.000e+00
  1023.5003     20.410     20.578    30.5710    10.5416          0          0  0.000e+00
  1023.5029     20.445     20.614    30.5733    10.5378          0          0  0.000e+00
  1023.5060     20.467     20.635    30.5768    10.5356          0          0  0.000e+00
  1023.5065     20.481     20.650    30.5772    10.5349          0          0  0.000e+00
  1023.5042     20.479     20.648    30.5742    10.5348          0          0  0.000e+00
  1023.5067     20.468     20.636    30.5772    10.5332          0          0  0.000e+00
  1023.5128     20.439     20.607    30.5852    10.5334          0          0  0.000e+00
  1023.5121     20.394     20.562    30.5854    10.5373          0          0  0.000e+00
  1023.5120     20.335     20.503    30.5866    10.5420          0          0  0.000e+00
  1023.5084     20.265     20.432    30.5836    10.5475          0          0  0.000e+00
  1023.5067     20.187     20.353    30.5827    10.5517          0          0  0.000e+00
  1023.5046     20.113     20.278    30.5813    10.5555          0          0  0.000e+00
  1023.5032     20.047     20.212    30.5806    10.5587          0          0  0.000e+00
  1023.5009     19.998     20.163    30.5785    10.5612          0          0  0.000e+00
  1023.4985     19.967     20.132    30.5759    10.5632          0          0  0.000e+00
  1023.4982     19.961     20.125    30.5757    10.5637          0          0  0.000e+00
  1023.4991     19.975     20.139    30.5770    10.5643          0          0  0.000e+00
  1023.5059     20.008     20.172    30.5858    10.5659          0          0  0.000e+00
  1023.5036     20.057     20.223    30.5839    10.5715          0          0  0.000e+00
  1023.5040     20.118     20.283    30.5857    10.5796          0          0  0.000e+00
  1023.4829     20.188     20.354    30.5597    10.5867          0          0  0.000e+00
  1023.4852     20.263     20.430    30.5613    10.5821          0          0  0.000e+00
  1023.4769     20.337     20.505    30.5485    10.5747          0          0  0.000e+00
  1023.4927     20.408     20.576    30.5658    10.5623          0          0  0.000e+00
  1023.4954     20.471     20.639    30.5673    10.5553          0          0  0.000e+00
  1023.4964     20.521     20.690    30.5675    10.5513          0          0  0.000e+00
  1023.4966     20.562     20.731    30.5664    10.5463          0          0  0.000e+00
  1023.4999     20.585     20.755    30.5694    10.5411          0          0  0.000e+00
  1023.5060     20.584     20.754    30.5764    10.5371          0          0  0.000e+00
  1023.5140     20.558     20.727    30.5867    10.5364          0          0  0.000e+00
  1023.5150     20.507     20.676    30.5894    10.5414          0          0  0.000e+00
  1023.5136     20.433     20.601    30.5896    10.5492          0          0  0.000e+00
  1023.5087     20.346     20.513    30.5856    10.5571          0          0  0.000e+00
  1023.5040     20.246     20.413    30.5815    10.5635          0          0  0.000e+00
  1023.5024     20.149     20.314    30.5809    10.5678          0          0  0.000e+00
  1023.5024     20.061     20.226    30.5824    10.5719          0          0  0.000e+00
  1023.4986     19.995     20.159    30.5788    10.5762          0          0  0.000e+00
  1023.4964     19.950     20.115    30.5769    10.5796          0          0  0.000e+00
  1023.4942     19.933     20.097    30.5747    10.5820          0          0  0.000e+00
  1023.4921     19.942     20.106    30.5723    10.5836          0          0  0.000e+00
  1023.4945     19.974     20.138    30.5753    10.5838          0          0  0.000e+00
  1023.4880     20.022     20.187    30.5668    10.5848          0          0  0.000e+00
  1023.4951     20.084     20.249    30.5753    10.5833          0          0  0.000e+00
  1023.4875     20.151     20.317    30.5652    10.5833          0          0  0.000e+00
  1023.4920     20.216     20.383    30.5698    10.5800          0          0  0.000e+00
  1023.4878     20.278     20.445    30.5635    10.5777          0          0  0.000e+00
  1023.4811     20.330     20.497    30.5536    10.5731          0          0  0.000e+00
  1023.4780     20.369     20.537    30.5473    10.5631          0          0  0.000e+00
  1023.4909     20.397     20.565    30.5603    10.5478          0          0  0.000e+00
  1023.5019     20.416     20.584    30.5722    10.5376          0          0  0.000e+00
  1023.5044     20.424     20.592    30.5747    10.5344          0          0  0.000e+00
  1023.5085     20.424     20.592    30.5797    10.5334          0          0  0.000e+00
  1023.5137     20.418     20.586    30.5868    10.5349          0          0  0.000e+00
  1023.5105     20.399     20.567    30.5840    10.5406          0          0  0.000e+00
  1023.5036     20.378     20.545    30.5763    10.5457          0          0  0.000e+00
  1023.5014     20.351     20.519    30.5741    10.5475          0          0  0.000e+00
  1023.4955     20.325     20.492    30.5665    10.5470          0          0  0.000e+00
  1023.4974     20.301     20.468    30.5683    10.5428          0          0  0.000e+00
  1023.5072     20.284     20.451    30.5800    10.5384          0          0  0.000e+00
  1023.5067     20.274     20.441    30.5797    10.5398          0          0  0.000e+00
  1023.5044     20.272     20.438    30.5772    10.5420          0          0  0.000e+00
  1023.5053     20.275     20.442    30.5786    10.5433          0          0  0.000e+00
  1023.5035     20.283     20.450    30.5766    10.5450          0          0  0.000e+00
  1023.5009     20.287     20.454    30.5735    10.5462          0          0  0.000e+00
  1023.5009     20.283     20.450    30.5734    10.5458          0          0  0.000e+00
  1023.5019     20.272     20.438    30.5746    10.5451          0          0  0.000e+00
  1023.5042     20.243     20.410    30.5777    10.5447          0          0  0.000e+00
  1023.5127     20.206     20.372    30.5892    10.5465          0          0  0.000e+00
  1023.5148     20.156     20.322    30.5938    10.5539          0          0  0.000e+00
  1023.5068     20.105     20.271    30.5862    10.5649          0          0  0.000e+00
  1023.4995     20.055     20.220    30.5789    10.5729          0          0  0.000e+00
  1023.4952     20.016     20.181    30.5745    10.5770          0          0  0.000e+00
  1023.4926     19.992     20.156    30.5715    10.5783          0          0  0.000e+00
  1023.4900     19.993     20.157    30.5680    10.5777          0          0  0.000e+00
  1023.4890     20.019     20.184    30.5661    10.5754          0          0  0.000e+00
  1023.4943     20.067     20.232    30.5720    10.5721          0          0  0.000e+00
  1023.4808     20.138     20.304    30.5540    10.5713          0          0  0.000e+00
  1023.4780     20.225     20.391    30.5477    10.5612          0          0  0.000e+00
  1023.4813     20.323     20.491    30.5482    10.5465          0          0  0.000e+00
  1023.4873     20.421     20.589    30.5521    10.5310          0          0  0.000e+00
  1023.5012     20.504     20.672    30.5662    10.5162          0          0  0.000e+00
  1023.5047     20.570     20.740    30.5686    10.5083          0          0  0.000e+00
  1023.5114     20.606     20.776    30.5760    10.5033          0          0  0.000e+00
  1023.5130     20.615     20.785    30.5773    10.5007          0          0  0.000e+00
  1023.5155     20.597     20.767    30.5804    10.4997          0          0  0.000e+00
  1023.5172     20.559     20.728    30.5831    10.5003          0          0  0.000e+00
  1023.5202     20.499     20.668    30.5877    10.5029          0          0  0.000e+00
  1023.5209     20.428     20.597    30.5901    10.5080          0          0  0.000e+00
  1023.5167     20.346     20.513    30.5868    10.5148          0          0  0.000e+00
  1023.5134     20.253     20.420    30.5843    10.5205          0          0  0.000e+00
  1023.5153     20.161     20.327    30.5882    10.5249          0          0  0.000e+00
  1023.5165     20.074     20.240    30.5917    10.5314          0          0  0.000e+00
  1023.5111     19.997     20.162    30.5871    10.5404          0          0  0.000e+00
  1023.5055     19.937     20.101    30.5818    10.5479          0          0  0.000e+00
  1023.5019     19.900     20.064    30.5784    10.5523          0          0  0.000e+00
  1023.5066     19.894     20.058    30.5852    10.5555          0          0  0.000e+00
  1023.5114     19.915     20.079    30.5927    10.5621          0          0  0.000e+00
  1023.5202     19.966     20.131    30.6063    10.5742          0          0  0.000e+00
  1023.5039     20.037     20.202    30.5889    10.5929          0          0  0.000e+00
  1023.4939     20.126     20.292    30.5785    10.6062          0          0  0.000e+00
  1023.4709     20.220     20.386    30.5495    10.6118          0          0  0.000e+00
  1023.4739     20.306     20.474    30.5510    10.6029          0          0  0.000e+00
  1023.4745     20.373     20.541    30.5487    10.5905          0          0  0.000e+00
  1023.4964     20.420     20.588    30.5741    10.5792          0          0  0.000e+00
  1023.4995     20.443     20.612    30.5776    10.5778          0          0  0.000e+00
  1023.4959     20.443     20.612    30.5737    10.5810          0          0  0.000e+00
  1023.4959     20.424     20.592    30.5741    10.5825          0          0  0.000e+00
  1023.4972     20.394     20.562    30.5763    10.5840          0          0  0.000e+00
  1023.4981     20.363     20.530    30.5782    10.5866          0          0  0.000e+00
  1023.4964     20.333     20.500    30.5770    10.5906          0          0  0.000e+00
  1023.4940     20.312     20.479    30.5749    10.5943          0          0  0.000e+00
  1023.4915     20.300     20.467    30.5723    10.5969          0          0  0.000e+00
  1023.4896     20.296     20.463    30.5702    10.5981          0          0  0.000e+00
  1023.4905     20.302     20.469    30.5713    10.5983          0          0  0.000e+00
  1023.4877     20.310     20.477    30.5678    10.5987          0          0  0.000e+00
  1023.4872     20.309     20.476    30.5668    10.5975          0          0  0.000e+00
  1023.4899     20.304     20.472    30.5699    10.5956          0          0  0.000e+00
  1023.4887     20.293     20.460    30.5683    10.5948          0          0  0.000e+00
  1023.4943     20.270     20.437    30.5754    10.5939          0          0  0.000e+00
  1023.4940     20.245     20.412    30.5757    10.5961          0          0  0.000e+00
  1023.4947     20.215     20.382    30.5775    10.5992          0          0  0.000e+00
  1023.4910     20.186     20.352    30.5737    10.6030          0          0  0.000e+00
  1023.4922     20.160     20.326    30.5760    10.6058          0          0  0.000e+00
  1023.4901     20.146     20.312    30.5739    10.6087          0          0  0.000e+00
  1023.4864     20.142     20.308    30.5698    10.6114          0          0  0.000e+00
  1023.4827     20.152     20.318    30.5650    10.6116          0          0  0.000e+00
  1023.4832     20.176     20.342    30.5650    10.6089          0          0  0.000e+00
  1023.4788     20.207     20.373    30.5585    10.6058          0          0  0.000e+00
  1023.4819     20.240     20.406    30.5611    10.6004          0          0  0.000e+00
  1023.4842     20.276     20.443    30.5626    10.5944          0          0  0.000e+00
  1023.4892     20.303     20.470    30.5678    10.5896          0          0  0.000e+00
  1023.4909     20.324     20.492    30.5692    10.5869          0          0  0.000e+00
  1023.4892     20.341     20.509    30.5667    10.5854          0          0  0.000e+00
  1023.4930     20.350     20.517    30.5709    10.5829          0          0  0.000e+00
  1023.4942     20.352     20.520    30.5722    10.5820          0          0  0.000e+00
  1023.4906     20.352     20.520    30.5677    10.5822          0          0  0.000e+00
  1023.4872     20.343     20.510    30.5629    10.5801          0          0  0.000e+00
  1023.4922     20.326     20.493    30.5683    10.5752          0          0  0.000e+00
  1023.4949     20.303     20.470    30.5714    10.5723          0          0  0.000e+00
  1023.4947     20.280     20.447    30.5711    10.5712          0          0  0.000e+00
  1023.4980     20.249     20.416    30.5752    10.5703          0          0  0.000e+00
