data/eDNA/PER-2021-171/171c027.cnv
* Sea-Bird SBE19plus  Data File:
* FileName = C:\Users\RSG_field\Ryan_2021_Perley\CTD\171c027.hex
* Software version 2.3.0 SB_Terminal.dll
* Temperature SN = 7141
* Conductivity SN = 7141
* System UpLoad Time = Aug 18 2021 11:43:05
* <ApplicationData>
* <SeatermAF>
** Platform: M. Perley
** Cruise: Per2021171
** Station:  SAB_03
** Cast: 01 3
** Latitude: N  45 50.760
** Longitude: W 60 05.136
** Sounding: 34
** Chief Scientist: Ryan Stanley
** Comment: 171c027
# nquan = 8
# nvalues = 2301                                  
# units = specified
# name 0 = density00: Density [density, kg/m^3]
# name 1 = depSM: Depth [salt water, m], lat = 45.00
# name 2 = prdM: Pressure, Strain Gauge [db]
# name 3 = sal00: Salinity, Practical [PSU]
# name 4 = tv290C: Temperature [ITS-90, deg C]
# name 5 = bpos: Bottle Position in Carousel
# name 6 = nbf: Bottles Fired
# name 7 = flag:  0.000e+00
# span 0 =   998.9661,  1024.6594                 
# span 1 =      0.003,     33.695                 
# span 2 =      0.003,     33.974                 
# span 3 =     0.0081,    31.1505                 
# span 4 =     6.0783,    18.3303                 
# span 5 =          0,          3                 
# span 6 =          0,          3                 
# span 7 = 0.0000e+00, 0.0000e+00                 
# interval = seconds: 0.25
# start_time = Aug 18 2021 14:30:34 [Instrument's time stamp, header]
# bad_flag = -9.990e-29
*END*
[from data line 1079]
  1022.1998     12.448     12.550    29.8317    14.2644          0          0  0.000e+00
  1022.1912     12.568     12.671    29.8150    14.2457          0          0  0.000e+00
  1022.1945     12.689     12.793    29.8120    14.2210          0          0  0.000e+00
  1022.1844     12.807     12.913    29.7899    14.1893          0          0  0.000e+00
  1022.1878     12.926     13.032    29.7825    14.1470          0          0  0.000e+00
  1022.1915     13.045     13.152    29.7744    14.1007          0          0  0.000e+00
  1022.1952     13.166     13.274    29.7651    14.0493          0          0  0.000e+00
  1022.2148     13.288     13.397    29.7741    13.9893          0          0  0.000e+00
  1022.2553     13.411     13.521    29.8107    13.9306          0          0  0.000e+00
  1022.2874     13.536     13.647    29.8401    13.8866          0          0  0.000e+00
  1022.3078     13.663     13.775    29.8587    13.8591          0          0  0.000e+00
  1022.3086     13.785     13.898    29.8546    13.8415          0          0  0.000e+00
  1022.2930     13.907     14.021    29.8275    13.8181          0          0  0.000e+00
  1022.3011     14.024     14.140    29.8269    13.7776          0          0  0.000e+00
  1022.3197     14.144     14.260    29.8386    13.7319          0          0  0.000e+00
  1022.3381     14.259     14.376    29.8512    13.6906          0          0  0.000e+00
  1022.3568     14.371     14.489    29.8659    13.6564          0          0  0.000e+00
  1022.3711     14.482     14.601    29.8770    13.6297          0          0  0.000e+00
  1022.3823     14.594     14.714    29.8856    13.6094          0          0  0.000e+00
  1022.3896     14.700     14.820    29.8906    13.5940          0          0  0.000e+00
  1022.4002     14.804     14.926    29.9003    13.5811          0          0  0.000e+00
  1022.4083     14.905     15.028    29.9082    13.5730          0          0  0.000e+00
  1022.4045     15.007     15.130    29.9013    13.5674          0          0  0.000e+00
  1022.3945     15.110     15.234    29.8852    13.5575          0          0  0.000e+00
  1022.3170     15.207     15.332    29.7766    13.5278          0          0  0.000e+00
  1022.3317     15.308     15.434    29.7732    13.4415          0          0  0.000e+00
  1022.2781     15.406     15.532    29.6758    13.3327          0          0  0.000e+00
  1022.2859     15.505     15.633    29.6410    13.1558          0          0  0.000e+00
  1022.3709     15.611     15.740    29.6940    12.9278          0          0  0.000e+00
  1022.4837     15.717     15.846    29.7850    12.7060          0          0  0.000e+00
  1022.5764     15.834     15.964    29.8594    12.5213          0          0  0.000e+00
  1022.6200     15.956     16.087    29.8770    12.3626          0          0  0.000e+00
  1022.6247     16.080     16.212    29.8437    12.2004          0          0  0.000e+00
  1022.6675     16.205     16.338    29.8510    11.9995          0          0  0.000e+00
  1022.7731     16.334     16.468    29.9355    11.7803          0          0  0.000e+00
  1022.8427     16.464     16.600    29.9819    11.5946          0          0  0.000e+00
  1022.8617     16.598     16.735    29.9671    11.4256          0          0  0.000e+00
  1022.8084     16.732     16.869    29.8551    11.2364          0          0  0.000e+00
  1022.8994     16.861     17.000    29.9099    10.9584          0          0  0.000e+00
  1023.0736     16.994     17.134    30.0701    10.6684          0          0  0.000e+00
  1023.2167     17.119     17.259    30.2073    10.4541          0          0  0.000e+00
  1023.3153     17.240     17.382    30.3032    10.3126          0          0  0.000e+00
  1023.3457     17.359     17.502    30.3232    10.2256          0          0  0.000e+00
  1023.3809     17.475     17.618    30.3524    10.1529          0          0  0.000e+00
  1023.4064     17.584     17.729    30.3709    10.0878          0          0  0.000e+00
  1023.4185     17.691     17.836    30.3738    10.0305          0          0  0.000e+00
  1023.4537     17.800     17.947    30.4061     9.9707          0          0  0.000e+00
  1023.4719     17.911     18.059    30.4182     9.9201          0          0  0.000e+00
  1023.4789     18.018     18.167    30.4179     9.8779          0          0  0.000e+00
  1023.4899     18.123     18.273    30.4221     9.8328          0          0  0.000e+00
  1023.5088     18.228     18.378    30.4362     9.7860          0          0  0.000e+00
  1023.5133     18.331     18.482    30.4329     9.7447          0          0  0.000e+00
  1023.5199     18.432     18.584    30.4319     9.7015          0          0  0.000e+00
  1023.5344     18.538     18.690    30.4406     9.6558          0          0  0.000e+00
  1023.5547     18.644     18.797    30.4577     9.6143          0          0  0.000e+00
  1023.5617     18.752     18.906    30.4594     9.5815          0          0  0.000e+00
  1023.5637     18.858     19.013    30.4546     9.5486          0          0  0.000e+00
  1023.5526     18.965     19.121    30.4321     9.5098          0          0  0.000e+00
  1023.5827     19.070     19.227    30.4596     9.4580          0          0  0.000e+00
  1023.6129     19.179     19.337    30.4887     9.4129          0          0  0.000e+00
  1023.6299     19.290     19.449    30.5040     9.3840          0          0  0.000e+00
  1023.6410     19.406     19.566    30.5135     9.3635          0          0  0.000e+00
  1023.6504     19.526     19.687    30.5218     9.3487          0          0  0.000e+00
  1023.6572     19.647     19.808    30.5277     9.3383          0          0  0.000e+00
  1023.6613     19.770     19.932    30.5309     9.3314          0          0  0.000e+00
  1023.6646     19.891     20.055    30.5336     9.3269          0          0  0.000e+00
  1023.6667     20.012     20.177    30.5350     9.3243          0          0  0.000e+00
  1023.6655     20.132     20.298    30.5325     9.3230          0          0  0.000e+00
  1023.6678     20.249     20.415    30.5345     9.3213          0          0  0.000e+00
  1023.6677     20.373     20.540    30.5333     9.3204          0          0  0.000e+00
  1023.6656     20.495     20.663    30.5296     9.3189          0          0  0.000e+00
  1023.6659     20.613     20.783    30.5289     9.3162          0          0  0.000e+00
  1023.6696     20.728     20.899    30.5323     9.3134          0          0  0.000e+00
  1023.6683     20.848     21.019    30.5296     9.3117          0          0  0.000e+00
  1023.6698     20.957     21.129    30.5304     9.3094          0          0  0.000e+00
  1023.6724     21.065     21.238    30.5327     9.3075          0          0  0.000e+00
  1023.6717     21.169     21.343    30.5312     9.3074          0          0  0.000e+00
  1023.6687     21.271     21.446    30.5267     9.3070          0          0  0.000e+00
  1023.6700     21.374     21.551    30.5272     9.3043          0          0  0.000e+00
  1023.6680     21.475     21.652    30.5234     9.3007          0          0  0.000e+00
  1023.6584     21.581     21.759    30.5091     9.2942          0          0  0.000e+00
  1023.6486     21.683     21.862    30.4928     9.2775          0          0  0.000e+00
  1023.6492     21.787     21.966    30.4871     9.2478          0          0  0.000e+00
  1023.6345     21.892     22.072    30.4595     9.2067          0          0  0.000e+00
  1023.6649     21.999     22.180    30.4859     9.1458          0          0  0.000e+00
  1023.6826     22.107     22.289    30.4966     9.0881          0          0  0.000e+00
  1023.6957     22.222     22.406    30.5022     9.0343          0          0  0.000e+00
  1023.7082     22.340     22.524    30.5068     8.9790          0          0  0.000e+00
  1023.7313     22.466     22.651    30.5249     8.9229          0          0  0.000e+00
  1023.7357     22.589     22.775    30.5197     8.8705          0          0  0.000e+00
  1023.7676     22.712     22.899    30.5488     8.8135          0          0  0.000e+00
  1023.7955     22.834     23.022    30.5746     8.7653          0          0  0.000e+00
  1023.8109     22.955     23.144    30.5869     8.7301          0          0  0.000e+00
  1023.8333     23.079     23.269    30.6094     8.7021          0          0  0.000e+00
  1023.8435     23.206     23.397    30.6181     8.6828          0          0  0.000e+00
  1023.8554     23.333     23.526    30.6299     8.6689          0          0  0.000e+00
  1023.8568     23.457     23.651    30.6290     8.6588          0          0  0.000e+00
  1023.8476     23.578     23.773    30.6145     8.6479          0          0  0.000e+00
  1023.8529     23.696     23.891    30.6173     8.6300          0          0  0.000e+00
  1023.8573     23.811     24.008    30.6184     8.6101          0          0  0.000e+00
  1023.8637     23.925     24.122    30.6221     8.5897          0          0  0.000e+00
  1023.8774     24.037     24.235    30.6353     8.5704          0          0  0.000e+00
  1023.8804     24.157     24.356    30.6358     8.5561          0          0  0.000e+00
  1023.8854     24.268     24.468    30.6389     8.5423          0          0  0.000e+00
  1023.8867     24.376     24.577    30.6371     8.5271          0          0  0.000e+00
  1023.8855     24.480     24.682    30.6315     8.5088          0          0  0.000e+00
  1023.9072     24.586     24.789    30.6545     8.4871          0          0  0.000e+00
  1023.9057     24.688     24.892    30.6497     8.4742          0          0  0.000e+00
  1023.8901     24.788     24.992    30.6262     8.4591          0          0  0.000e+00
  1023.8965     24.894     25.099    30.6287     8.4315          0          0  0.000e+00
  1023.9087     25.004     25.210    30.6380     8.4012          0          0  0.000e+00
  1023.9031     25.116     25.323    30.6253     8.3744          0          0  0.000e+00
  1023.8906     25.231     25.439    30.6025     8.3410          0          0  0.000e+00
  1023.8881     25.347     25.556    30.5898     8.2930          0          0  0.000e+00
  1023.9078     25.468     25.678    30.6034     8.2336          0          0  0.000e+00
  1023.9010     25.592     25.803    30.5830     8.1738          0          0  0.000e+00
  1023.9285     25.723     25.935    30.6041     8.1007          0          0  0.000e+00
  1023.9522     25.853     26.066    30.6204     8.0276          0          0  0.000e+00
  1024.0020     25.991     26.205    30.6714     7.9625          0          0  0.000e+00
  1024.0369     26.127     26.342    30.7072     7.9182          0          0  0.000e+00
  1024.0534     26.264     26.481    30.7224     7.8904          0          0  0.000e+00
  1024.0515     26.399     26.617    30.7153     7.8684          0          0  0.000e+00
  1024.0533     26.529     26.748    30.7125     7.8442          0          0  0.000e+00
  1024.0628     26.658     26.878    30.7194     7.8188          0          0  0.000e+00
  1024.0741     26.782     27.003    30.7287     7.7939          0          0  0.000e+00
  1024.0934     26.895     27.117    30.7481     7.7683          0          0  0.000e+00
  1024.0999     27.006     27.229    30.7519     7.7471          0          0  0.000e+00
  1024.1169     27.108     27.332    30.7694     7.7262          0          0  0.000e+00
  1024.1289     27.208     27.432    30.7813     7.7106          0          0  0.000e+00
  1024.1414     27.306     27.532    30.7944     7.6982          0          0  0.000e+00
  1024.1483     27.404     27.630    30.8009     7.6877          0          0  0.000e+00
  1024.1489     27.501     27.728    30.7988     7.6748          0          0  0.000e+00
  1024.1528     27.596     27.824    30.7999     7.6561          0          0  0.000e+00
  1024.1552     27.692     27.921    30.7981     7.6314          0          0  0.000e+00
  1024.1434     27.789     28.018    30.7772     7.6006          0          0  0.000e+00
  1024.1384     27.897     28.127    30.7626     7.5570          0          0  0.000e+00
  1024.1357     28.013     28.245    30.7489     7.5013          0          0  0.000e+00
  1024.1584     28.136     28.369    30.7649     7.4313          0          0  0.000e+00
  1024.1798     28.265     28.498    30.7790     7.3589          0          0  0.000e+00
  1024.2240     28.390     28.624    30.8229     7.2902          0          0  0.000e+00
  1024.2568     28.520     28.756    30.8551     7.2385          0          0  0.000e+00
  1024.2688     28.649     28.886    30.8639     7.2039          0          0  0.000e+00
  1024.2746     28.788     29.026    30.8657     7.1757          0          0  0.000e+00
  1024.2832     28.927     29.166    30.8709     7.1472          0          0  0.000e+00
  1024.2822     29.068     29.308    30.8645     7.1215          0          0  0.000e+00
  1024.2843     29.211     29.452    30.8617     7.0931          0          0  0.000e+00
  1024.2994     29.350     29.592    30.8747     7.0608          0          0  0.000e+00
  1024.2868     29.485     29.728    30.8530     7.0316          0          0  0.000e+00
  1024.2872     29.616     29.861    30.8458     6.9897          0          0  0.000e+00
  1024.2894     29.743     29.989    30.8388     6.9349          0          0  0.000e+00
  1024.3021     29.870     30.116    30.8433     6.8686          0          0  0.000e+00
  1024.3269     29.991     30.239    30.8612     6.7894          0          0  0.000e+00
  1024.3802     30.111     30.360    30.9153     6.7092          0          0  0.000e+00
  1024.4262     30.225     30.474    30.9639     6.6521          0          0  0.000e+00
  1024.4464     30.332     30.582    30.9833     6.6170          0          0  0.000e+00
  1024.4573     30.440     30.691    30.9926     6.5928          0          0  0.000e+00
  1024.4712     30.546     30.798    31.0066     6.5734          0          0  0.000e+00
  1024.4742     30.648     30.901    31.0075     6.5595          0          0  0.000e+00
  1024.4790     30.747     31.001    31.0109     6.5459          0          0  0.000e+00
  1024.4878     30.850     31.105    31.0194     6.5331          0          0  0.000e+00
  1024.4944     30.948     31.203    31.0256     6.5233          0          0  0.000e+00
  1024.4974     31.046     31.303    31.0280     6.5174          0          0  0.000e+00
  1024.4980     31.145     31.402    31.0274     6.5127          0          0  0.000e+00
  1024.5008     31.243     31.502    31.0294     6.5069          0          0  0.000e+00
  1024.5021     31.345     31.604    31.0297     6.5016          0          0  0.000e+00
  1024.5039     31.453     31.713    31.0305     6.4969          0          0  0.000e+00
  1024.5015     31.568     31.829    31.0261     6.4924          0          0  0.000e+00
  1024.5014     31.685     31.947    31.0240     6.4843          0          0  0.000e+00
  1024.5053     31.812     32.074    31.0265     6.4741          0          0  0.000e+00
  1024.5103     31.944     32.208    31.0306     6.4642          0          0  0.000e+00
  1024.5154     32.081     32.346    31.0348     6.4554          0          0  0.000e+00
  1024.5210     32.226     32.492    31.0401     6.4490          0          0  0.000e+00
  1024.5174     32.370     32.638    31.0340     6.4450          0          0  0.000e+00
  1024.4803     32.519     32.787    30.9844     6.4342          0          0  0.000e+00
  1024.4983     32.670     32.940    31.0000     6.3936          0          0  0.000e+00
  1024.5225     32.819     33.090    31.0228     6.3492          0          0  0.000e+00
  1024.5427     32.964     33.236    31.0419     6.3122          0          0  0.000e+00
  1024.5524     33.104     33.377    31.0485     6.2814          0          0  0.000e+00
  1024.5657     33.237     33.512    31.0601     6.2518          0          0  0.000e+00
