data/eDNA/PER-2021-171/171c008.cnv
* Sea-Bird SBE19plus  Data File:
* FileName = C:\Users\RSG_field\Ryan_2021_Perley\CTD\171c008.hex
* Software version 2.3.0 SB_Terminal.dll
* Temperature SN = 7141
* Conductivity SN = 7141
* System UpLoad Time = Aug 11 2021 11:25:39
* <ApplicationData>
* <SeatermAF>
** Platform: M. Perley
** Cruise: Per2021171
** Station:  ESI_16
** Cast: 01 3
** Latitude: N  44 30.168
** Longitude: W 62 50.707
** Sounding: 116
** Chief Scientist: Ryan Stanley
** Comment: Calm seas
# nquan = 8
# nvalues = 3722                                  
# units = specified
# name 0 = density00: Density [density, kg/m^3]
# name 1 = depSM: Depth [salt water, m], lat = 45.00
# name 2 = prdM: Pressure, Strain Gauge [db]
# name 3 = sal00: Salinity, Practical [PSU]
# name 4 = tv290C: Temperature [ITS-90, deg C]
# name 5 = bpos: Bottle Position in Carousel
# name 6 = nbf: Bottles Fired
# name 7 = flag:  0.000e+00
# span 0 =   998.7060,  1026.7493                 
# span 1 =     -0.036,    111.625                 
# span 2 =     -0.036,    112.569                 
# span 3 =     0.0000,    33.2546                 
# span 4 =     3.2566,    18.6597                 
# span 5 =          0,          6                 
# span 6 =          0,          6                 
# span 7 = 0.0000e+00, 0.0000e+00                 
# interval = seconds: 0.25
# start_time = Aug 11 2021 14:07:39 [Instrument's time stamp, header]
# bad_flag = -9.990e-29
*END*
[from data line 1618]
  1026.2933     79.605     80.272    32.6635     4.0928          0          0  0.000e+00
  1026.2967     79.666     80.333    32.6674     4.0933          0          0  0.000e+00
  1026.2985     79.742     80.410    32.6695     4.0947          0          0  0.000e+00
  1026.3117     79.839     80.508    32.6857     4.0969          0          0  0.000e+00
  1026.3269     79.951     80.621    32.7052     4.1044          0          0  0.000e+00
  1026.3217     80.081     80.753    32.6997     4.1184          0          0  0.000e+00
  1026.3167     80.229     80.901    32.6940     4.1299          0          0  0.000e+00
  1026.3132     80.386     81.059    32.6897     4.1381          0          0  0.000e+00
  1026.3118     80.555     81.231    32.6876     4.1432          0          0  0.000e+00
  1026.3102     80.724     81.401    32.6850     4.1462          0          0  0.000e+00
  1026.3077     80.896     81.574    32.6810     4.1473          0          0  0.000e+00
  1026.2920     81.057     81.736    32.6599     4.1449          0          0  0.000e+00
  1026.3049     81.204     81.885    32.6738     4.1332          0          0  0.000e+00
  1026.3162     81.343     82.025    32.6859     4.1231          0          0  0.000e+00
  1026.3205     81.468     82.151    32.6899     4.1180          0          0  0.000e+00
  1026.3223     81.586     82.270    32.6911     4.1152          0          0  0.000e+00
  1026.3248     81.696     82.381    32.6933     4.1128          0          0  0.000e+00
  1026.3306     81.802     82.488    32.6997     4.1112          0          0  0.000e+00
  1026.3346     81.917     82.604    32.7041     4.1114          0          0  0.000e+00
  1026.3424     82.041     82.729    32.7135     4.1129          0          0  0.000e+00
  1026.3535     82.173     82.862    32.7272     4.1173          0          0  0.000e+00
  1026.3587     82.324     83.014    32.7340     4.1259          0          0  0.000e+00
  1026.3614     82.481     83.173    32.7378     4.1361          0          0  0.000e+00
  1026.3590     82.643     83.336    32.7351     4.1465          0          0  0.000e+00
  1026.3540     82.799     83.493    32.7291     4.1556          0          0  0.000e+00
  1026.3523     82.943     83.639    32.7268     4.1614          0          0  0.000e+00
  1026.3550     83.068     83.765    32.7300     4.1651          0          0  0.000e+00
  1026.3485     83.175     83.873    32.7215     4.1680          0          0  0.000e+00
  1026.3491     83.258     83.956    32.7218     4.1674          0          0  0.000e+00
  1026.3509     83.325     84.024    32.7235     4.1662          0          0  0.000e+00
  1026.3523     83.372     84.072    32.7248     4.1656          0          0  0.000e+00
  1026.3526     83.414     84.114    32.7250     4.1655          0          0  0.000e+00
  1026.3527     83.457     84.157    32.7248     4.1657          0          0  0.000e+00
  1026.3529     83.506     84.207    32.7248     4.1657          0          0  0.000e+00
  1026.3534     83.568     84.269    32.7251     4.1656          0          0  0.000e+00
  1026.3541     83.648     84.350    32.7255     4.1656          0          0  0.000e+00
  1026.3541     83.751     84.454    32.7249     4.1657          0          0  0.000e+00
  1026.3527     83.872     84.576    32.7223     4.1656          0          0  0.000e+00
  1026.3517     84.007     84.711    32.7201     4.1643          0          0  0.000e+00
  1026.3521     84.157     84.863    32.7195     4.1618          0          0  0.000e+00
  1026.3535     84.312     85.019    32.7199     4.1592          0          0  0.000e+00
  1026.3569     84.479     85.188    32.7229     4.1563          0          0  0.000e+00
  1026.3571     84.646     85.356    32.7219     4.1547          0          0  0.000e+00
  1026.3584     84.811     85.523    32.7223     4.1532          0          0  0.000e+00
  1026.3586     84.979     85.692    32.7215     4.1517          0          0  0.000e+00
  1026.3614     85.142     85.857    32.7238     4.1500          0          0  0.000e+00
  1026.3634     85.307     86.024    32.7252     4.1489          0          0  0.000e+00
  1026.3620     85.463     86.181    32.7224     4.1482          0          0  0.000e+00
  1026.3648     85.619     86.338    32.7248     4.1466          0          0  0.000e+00
  1026.3702     85.774     86.494    32.7305     4.1455          0          0  0.000e+00
  1026.3709     85.921     86.643    32.7306     4.1459          0          0  0.000e+00
  1026.3726     86.062     86.785    32.7320     4.1466          0          0  0.000e+00
  1026.3752     86.186     86.910    32.7347     4.1476          0          0  0.000e+00
  1026.3780     86.298     87.022    32.7378     4.1496          0          0  0.000e+00
  1026.3825     86.384     87.109    32.7433     4.1522          0          0  0.000e+00
  1026.3806     86.456     87.182    32.7410     4.1558          0          0  0.000e+00
  1026.3776     86.503     87.230    32.7372     4.1584          0          0  0.000e+00
  1026.3766     86.533     87.260    32.7360     4.1596          0          0  0.000e+00
  1026.3766     86.549     87.276    32.7360     4.1604          0          0  0.000e+00
  1026.3764     86.556     87.283    32.7356     4.1606          0          0  0.000e+00
  1026.3762     86.567     87.294    32.7354     4.1610          0          0  0.000e+00
  1026.3764     86.581     87.308    32.7356     4.1612          0          0  0.000e+00
  1026.3772     86.616     87.343    32.7365     4.1617          0          0  0.000e+00
  1026.3789     86.676     87.404    32.7383     4.1624          0          0  0.000e+00
  1026.3791     86.769     87.497    32.7383     4.1634          0          0  0.000e+00
  1026.3793     86.895     87.624    32.7378     4.1642          0          0  0.000e+00
  1026.3796     87.056     87.787    32.7373     4.1646          0          0  0.000e+00
  1026.3837     87.255     87.988    32.7413     4.1649          0          0  0.000e+00
  1026.3938     87.488     88.223    32.7528     4.1659          0          0  0.000e+00
  1026.4058     87.740     88.477    32.7670     4.1705          0          0  0.000e+00
  1026.4533     88.003     88.742    32.8266     4.1807          0          0  0.000e+00
  1026.5130     88.270     89.012    32.9037     4.2082          0          0  0.000e+00
  1026.5225     88.529     89.272    32.9210     4.2598          0          0  0.000e+00
  1026.4920     88.777     89.523    32.8884     4.3146          0          0  0.000e+00
  1026.4700     89.009     89.757    32.8645     4.3543          0          0  0.000e+00
  1026.4739     89.207     89.957    32.8717     4.3806          0          0  0.000e+00
  1026.4701     89.373     90.124    32.8691     4.4034          0          0  0.000e+00
  1026.4660     89.506     90.258    32.8657     4.4233          0          0  0.000e+00
  1026.4612     89.606     90.359    32.8614     4.4401          0          0  0.000e+00
  1026.4603     89.679     90.433    32.8616     4.4537          0          0  0.000e+00
  1026.4509     89.726     90.480    32.8511     4.4654          0          0  0.000e+00
  1026.4447     89.743     90.497    32.8441     4.4724          0          0  0.000e+00
  1026.4286     89.745     90.499    32.8242     4.4751          0          0  0.000e+00
  1026.4193     89.732     90.486    32.8120     4.4712          0          0  0.000e+00
  1026.4138     89.716     90.470    32.8040     4.4627          0          0  0.000e+00
  1026.4216     89.696     90.450    32.8127     4.4526          0          0  0.000e+00
  1026.4285     89.686     90.440    32.8204     4.4456          0          0  0.000e+00
  1026.4303     89.695     90.449    32.8222     4.4420          0          0  0.000e+00
  1026.4304     89.721     90.476    32.8219     4.4400          0          0  0.000e+00
  1026.4286     89.776     90.530    32.8190     4.4380          0          0  0.000e+00
  1026.4233     89.858     90.614    32.8115     4.4353          0          0  0.000e+00
  1026.4657     89.974     90.730    32.8636     4.4308          0          0  0.000e+00
  1026.5084     90.124     90.882    32.9180     4.4407          0          0  0.000e+00
  1026.4895     90.306     91.065    32.8970     4.4703          0          0  0.000e+00
  1026.4719     90.516     91.277    32.8768     4.4935          0          0  0.000e+00
  1026.4789     90.754     91.517    32.8860     4.5072          0          0  0.000e+00
  1026.4786     90.995     91.760    32.8860     4.5206          0          0  0.000e+00
  1026.4816     91.246     92.013    32.8901     4.5341          0          0  0.000e+00
  1026.4928     91.495     92.265    32.9047     4.5482          0          0  0.000e+00
  1026.4851     91.720     92.491    32.8960     4.5653          0          0  0.000e+00
  1026.4779     91.930     92.703    32.8875     4.5791          0          0  0.000e+00
  1026.4722     92.114     92.888    32.8806     4.5888          0          0  0.000e+00
  1026.4670     92.261     93.037    32.8739     4.5945          0          0  0.000e+00
  1026.4655     92.385     93.162    32.8717     4.5972          0          0  0.000e+00
  1026.4662     92.485     93.263    32.8721     4.5986          0          0  0.000e+00
  1026.4673     92.562     93.341    32.8733     4.5997          0          0  0.000e+00
  1026.4662     92.620     93.399    32.8717     4.6009          0          0  0.000e+00
  1026.4660     92.664     93.443    32.8713     4.6015          0          0  0.000e+00
  1026.4660     92.702     93.482    32.8712     4.6018          0          0  0.000e+00
  1026.4668     92.741     93.521    32.8719     4.6019          0          0  0.000e+00
  1026.4675     92.783     93.563    32.8725     4.6021          0          0  0.000e+00
  1026.4679     92.832     93.613    32.8728     4.6025          0          0  0.000e+00
  1026.4679     92.892     93.673    32.8726     4.6029          0          0  0.000e+00
  1026.4674     92.964     93.746    32.8716     4.6031          0          0  0.000e+00
  1026.4681     93.049     93.832    32.8719     4.6030          0          0  0.000e+00
  1026.4705     93.154     93.937    32.8742     4.6029          0          0  0.000e+00
  1026.4723     93.278     94.063    32.8758     4.6034          0          0  0.000e+00
  1026.4719     93.415     94.201    32.8746     4.6043          0          0  0.000e+00
  1026.4764     93.563     94.350    32.8796     4.6054          0          0  0.000e+00
  1026.4777     93.718     94.506    32.8807     4.6075          0          0  0.000e+00
  1026.4767     93.879     94.669    32.8787     4.6099          0          0  0.000e+00
  1026.4760     94.050     94.841    32.8771     4.6118          0          0  0.000e+00
  1026.4824     94.220     95.013    32.8843     4.6128          0          0  0.000e+00
  1026.4855     94.394     95.189    32.8875     4.6156          0          0  0.000e+00
  1026.4831     94.559     95.354    32.8841     4.6191          0          0  0.000e+00
  1026.4844     94.723     95.520    32.8851     4.6214          0          0  0.000e+00
  1026.4876     94.885     95.684    32.8884     4.6235          0          0  0.000e+00
  1026.4886     95.040     95.840    32.8892     4.6263          0          0  0.000e+00
  1026.4870     95.194     95.995    32.8867     4.6290          0          0  0.000e+00
  1026.4870     95.339     96.142    32.8860     4.6306          0          0  0.000e+00
  1026.4891     95.477     96.281    32.8879     4.6318          0          0  0.000e+00
  1026.4950     95.605     96.410    32.8948     4.6331          0          0  0.000e+00
  1026.4981     95.721     96.527    32.8984     4.6363          0          0  0.000e+00
  1026.5008     95.823     96.629    32.9019     4.6404          0          0  0.000e+00
  1026.5093     95.905     96.713    32.9127     4.6454          0          0  0.000e+00
  1026.5125     95.975     96.783    32.9174     4.6529          0          0  0.000e+00
  1026.5026     96.034     96.842    32.9057     4.6609          0          0  0.000e+00
  1026.5047     96.078     96.887    32.9086     4.6650          0          0  0.000e+00
  1026.5083     96.114     96.923    32.9136     4.6692          0          0  0.000e+00
  1026.5071     96.149     96.959    32.9126     4.6743          0          0  0.000e+00
  1026.5104     96.184     96.994    32.9171     4.6789          0          0  0.000e+00
  1026.5094     96.230     97.040    32.9164     4.6843          0          0  0.000e+00
  1026.5116     96.289     97.100    32.9194     4.6888          0          0  0.000e+00
  1026.5133     96.370     97.181    32.9218     4.6939          0          0  0.000e+00
  1026.5109     96.474     97.286    32.9189     4.6993          0          0  0.000e+00
  1026.5094     96.605     97.419    32.9168     4.7031          0          0  0.000e+00
  1026.5092     96.764     97.579    32.9159     4.7058          0          0  0.000e+00
  1026.5102     96.953     97.769    32.9163     4.7078          0          0  0.000e+00
  1026.5241     97.166     97.984    32.9329     4.7098          0          0  0.000e+00
  1026.5330     97.399     98.220    32.9438     4.7167          0          0  0.000e+00
  1026.5202     97.642     98.465    32.9276     4.7269          0          0  0.000e+00
  1026.5328     97.888     98.713    32.9428     4.7326          0          0  0.000e+00
  1026.5328     98.119     98.946    32.9424     4.7402          0          0  0.000e+00
  1026.5301     98.331     99.160    32.9390     4.7483          0          0  0.000e+00
  1026.5311     98.518     99.348    32.9400     4.7543          0          0  0.000e+00
  1026.5479     98.682     99.514    32.9611     4.7605          0          0  0.000e+00
  1026.5505     98.814     99.646    32.9652     4.7723          0          0  0.000e+00
  1026.5460     98.917     99.750    32.9608     4.7856          0          0  0.000e+00
  1026.5370     98.987     99.821    32.9505     4.7963          0          0  0.000e+00
  1026.5315     99.028     99.862    32.9441     4.8022          0          0  0.000e+00
  1026.5285     99.048     99.883    32.9406     4.8048          0          0  0.000e+00
  1026.5227     99.052     99.887    32.9334     4.8052          0          0  0.000e+00
  1026.5236     99.045     99.880    32.9343     4.8036          0          0  0.000e+00
  1026.5222     99.042     99.876    32.9323     4.8018          0          0  0.000e+00
  1026.5180     99.042     99.876    32.9267     4.7996          0          0  0.000e+00
  1026.5183     99.057     99.891    32.9265     4.7958          0          0  0.000e+00
  1026.5199     99.088     99.923    32.9278     4.7921          0          0  0.000e+00
  1026.5282     99.146     99.981    32.9375     4.7892          0          0  0.000e+00
  1026.5573     99.227    100.064    32.9739     4.7906          0          0  0.000e+00
  1026.5567     99.340    100.177    32.9741     4.8022          0          0  0.000e+00
  1026.5731     99.478    100.316    32.9960     4.8158          0          0  0.000e+00
  1026.5801     99.638    100.477    33.0065     4.8344          0          0  0.000e+00
  1026.5707     99.820    100.661    32.9964     4.8545          0          0  0.000e+00
  1026.5603    100.023    100.866    32.9843     4.8699          0          0  0.000e+00
  1026.5548    100.243    101.088    32.9773     4.8792          0          0  0.000e+00
  1026.5518    100.471    101.318    32.9729     4.8847          0          0  0.000e+00
  1026.5506    100.710    101.559    32.9704     4.8875          0          0  0.000e+00
  1026.5503    100.947    101.798    32.9689     4.8892          0          0  0.000e+00
  1026.5511    101.183    102.036    32.9685     4.8899          0          0  0.000e+00
