data/eDNA/PER-2021-171/171c025.ros
* Sea-Bird SBE19plus  Data File:
* FileName = C:\Users\RSG_field\Ryan_2021_Perley\CTD\171c025.hex
* Software version 2.3.0 SB_Terminal.dll
* Temperature SN = 7141
* Conductivity SN = 7141
* System UpLoad Time = Aug 18 2021 14:04:06
* <ApplicationData>
* <SeatermAF>
** Platform: M. Perley
** Cruise: Per2021171
** Station:  SAB_01
** Cast: 01 3
** Latitude: N  45 51.348
** Longitude: W 60 09.09
** Sounding: 14.2
** Chief Scientist: Ryan Stanley
** Comment: 171c025
# nquan = 9
# nvalues = 27                                    
# units = specified
# name 0 = density00: Density [density, kg/m^3]
# name 1 = depSM: Depth [salt water, m], lat = 45.00
# name 2 = prdM: Pressure, Strain Gauge [db]
# name 3 = sal00: Salinity, Practical [PSU]
# name 4 = tv290C: Temperature [ITS-90, deg C]
# name 5 = bpos: Bottle Position in Carousel
# name 6 = nbf: Bottles Fired
# name 7 = scan: Scan Count
# name 8 = flag:  0.000e+00
# interval = seconds: 0.25
# start_time = Aug 18 2021 16:53:56 [Instrument's time stamp, header]
# bad_flag = -9.990e-29
*END*
  1023.4120     13.770     13.884    30.3832    10.0043          1          1       1400  0.000e+00
  1023.4123     13.772     13.885    30.3835    10.0040          1          1       1401  0.000e+00
  1023.4103     13.772     13.885    30.3810    10.0040          1          1       1402  0.000e+00
  1023.4116     13.776     13.889    30.3824    10.0031          1          1       1403  0.000e+00
  1023.4123     13.780     13.893    30.3831    10.0021          1          1       1404  0.000e+00
  1023.4125     13.790     13.903    30.3831    10.0015          1          1       1405  0.000e+00
  1023.4121     13.799     13.912    30.3824    10.0008          1          1       1406  0.000e+00
  1023.4106     13.813     13.926    30.3802     9.9997          1          1       1407  0.000e+00
  1023.4128     13.825     13.938    30.3825     9.9973          1          1       1408  0.000e+00
  1021.7927      5.777      5.825    29.7009    15.5826          2          2       1713  0.000e+00
  1021.7674      5.663      5.709    29.6834    15.6355          2          2       1714  0.000e+00
  1021.7715      5.548      5.594    29.7007    15.6755          2          2       1715  0.000e+00
  1021.7714      5.437      5.482    29.7163    15.7290          2          2       1716  0.000e+00
  1021.7349      5.326      5.369    29.6866    15.7892          2          2       1717  0.000e+00
  1021.7148      5.217      5.259    29.6760    15.8423          2          2       1718  0.000e+00
  1021.7008      5.107      5.149    29.6697    15.8821          2          2       1719  0.000e+00
  1021.6976      4.999      5.040    29.6762    15.9172          2          2       1720  0.000e+00
  1021.7136      4.890      4.930    29.7085    15.9551          2          2       1721  0.000e+00
  1021.3901      2.852      2.875    29.7171    17.3769          3          3       1739  0.000e+00
  1021.3486      2.735      2.758    29.6937    17.4760          3          3       1740  0.000e+00
  1021.3128      2.618      2.639    29.6725    17.5578          3          3       1741  0.000e+00
  1021.2634      2.499      2.519    29.6306    17.6297          3          3       1742  0.000e+00
  1021.2387      2.382      2.402    29.6136    17.6772          3          3       1743  0.000e+00
  1021.2398      2.268      2.286    29.6253    17.7083          3          3       1744  0.000e+00
  1021.2232      2.150      2.168    29.6162    17.7472          3          3       1745  0.000e+00
  1021.2186      2.032      2.049    29.6218    17.7828          3          3       1746  0.000e+00
  1021.2220      1.918      1.934    29.6387    17.8207          3          3       1747  0.000e+00
