data/eDNA/PER-2021-171/171c019.cnv
* Sea-Bird SBE19plus  Data File:
* FileName = C:\Users\RSG_field\Ryan_2021_Perley\CTD\171c019.hex
* Software version 2.3.0 SB_Terminal.dll
* Temperature SN = 7141
* Conductivity SN = 7141
* System UpLoad Time = Aug 14 2021 14:03:59
* <ApplicationData>
* <SeatermAF>
** Platform: M. Perley
** Cruise: Per2021171
** Station:  ESI_01
** Cast: 01 3
** Latitude: N  44 54.418
** Longitude: W 62 13.850
** Sounding: 21.3
** Chief Scientist: Ryan Stanley
** Comment: 171c019
# nquan = 8
# nvalues = 1894                                  
# units = specified
# name 0 = density00: Density [density, kg/m^3]
# name 1 = depSM: Depth [salt water, m], lat = 45.00
# name 2 = prdM: Pressure, Strain Gauge [db]
# name 3 = sal00: Salinity, Practical [PSU]
# name 4 = tv290C: Temperature [ITS-90, deg C]
# name 5 = bpos: Bottle Position in Carousel
# name 6 = nbf: Bottles Fired
# name 7 = flag:  0.000e+00
# span 0 =   998.9555,  1023.5516                 
# span 1 =     -0.051,     21.056                 
# span 2 =     -0.052,     21.229                 
# span 3 =     0.0080,    30.7366                 
# span 4 =    10.4863,    17.6161                 
# span 5 =          0,          4                 
# span 6 =          0,          4                 
# span 7 = 0.0000e+00, 0.0000e+00                 
# interval = seconds: 0.25
# start_time = Aug 14 2021 16:53:20 [Instrument's time stamp, header]
# bad_flag = -9.990e-29
*END*
[from data line 180]
  1021.9281      1.470      1.482    30.2069    16.6394          0          0  0.000e+00
  1021.9331      1.553      1.566    30.2134    16.6409          0          0  0.000e+00
  1021.9446      1.643      1.657    30.2359    16.6680          0          0  0.000e+00
  1021.9346      1.728      1.742    30.2280    16.6871          0          0  0.000e+00
  1021.9246      1.802      1.817    30.2113    16.6763          0          0  0.000e+00
  1021.9286      1.862      1.877    30.2112    16.6593          0          0  0.000e+00
  1021.9410      1.903      1.919    30.2219    16.6418          0          0  0.000e+00
  1021.9565      1.925      1.941    30.2380    16.6281          0          0  0.000e+00
  1021.9702      1.934      1.950    30.2536    16.6207          0          0  0.000e+00
  1021.9839      1.931      1.947    30.2695    16.6137          0          0  0.000e+00
  1021.9897      1.923      1.939    30.2760    16.6098          0          0  0.000e+00
  1021.9833      1.904      1.920    30.2702    16.6183          0          0  0.000e+00
  1021.9713      1.883      1.898    30.2590    16.6332          0          0  0.000e+00
  1021.9617      1.855      1.871    30.2504    16.6455          0          0  0.000e+00
  1021.9553      1.822      1.836    30.2448    16.6545          0          0  0.000e+00
  1021.9513      1.774      1.788    30.2418    16.6610          0          0  0.000e+00
  1021.9498      1.716      1.730    30.2410    16.6639          0          0  0.000e+00
  1021.9463      1.648      1.661    30.2380    16.6677          0          0  0.000e+00
  1021.9381      1.569      1.582    30.2301    16.6754          0          0  0.000e+00
  1021.9312      1.489      1.501    30.2235    16.6824          0          0  0.000e+00
  1021.9253      1.413      1.425    30.2179    16.6877          0          0  0.000e+00
  1021.9187      1.349      1.360    30.2102    16.6896          0          0  0.000e+00
  1021.9058      1.310      1.320    30.1936    16.6897          0          0  0.000e+00
  1021.8975      1.302      1.313    30.1830    16.6899          0          0  0.000e+00
  1021.9036      1.325      1.336    30.1907    16.6896          0          0  0.000e+00
  1021.9085      1.359      1.371    30.1989    16.6963          0          0  0.000e+00
  1021.9032      1.402      1.413    30.2003    16.7257          0          0  0.000e+00
  1021.8829      1.443      1.455    30.1863    16.7683          0          0  0.000e+00
  1021.8573      1.484      1.497    30.1649    16.8096          0          0  0.000e+00
  1021.8380      1.533      1.546    30.1529    16.8548          0          0  0.000e+00
  1021.8384      1.595      1.608    30.1665    16.8999          0          0  0.000e+00
  1021.8306      1.673      1.687    30.1673    16.9381          0          0  0.000e+00
  1021.8255      1.761      1.776    30.1720    16.9779          0          0  0.000e+00
  1021.8291      1.859      1.874    30.2059    17.0773          0          0  0.000e+00
  1021.7801      1.959      1.975    30.1583    17.1338          0          0  0.000e+00
  1021.7728      2.043      2.060    30.1339    17.0858          0          0  0.000e+00
  1021.8174      2.091      2.108    30.1641    16.9935          0          0  0.000e+00
  1021.8297      2.101      2.119    30.1605    16.9281          0          0  0.000e+00
  1021.8329      2.077      2.094    30.1500    16.8782          0          0  0.000e+00
  1021.8396      2.009      2.026    30.1527    16.8563          0          0  0.000e+00
  1021.8576      1.912      1.927    30.1745    16.8490          0          0  0.000e+00
  1021.8758      1.794      1.809    30.1951    16.8361          0          0  0.000e+00
  1021.8820      1.675      1.689    30.2018    16.8287          0          0  0.000e+00
  1021.8772      1.583      1.596    30.1960    16.8288          0          0  0.000e+00
  1021.8747      1.522      1.534    30.1934    16.8297          0          0  0.000e+00
  1021.8706      1.495      1.507    30.1879    16.8285          0          0  0.000e+00
  1021.8695      1.484      1.497    30.1847    16.8227          0          0  0.000e+00
  1021.8701      1.475      1.487    30.1838    16.8167          0          0  0.000e+00
  1021.8666      1.461      1.473    30.1798    16.8187          0          0  0.000e+00
  1021.8651      1.441      1.453    30.1790    16.8217          0          0  0.000e+00
  1021.9007      1.410      1.422    30.2261    16.8233          0          0  0.000e+00
  1022.0480      1.375      1.387    30.4320    16.8687          0          0  0.000e+00
  1021.9253      1.339      1.350    30.3203    17.0298          0          0  0.000e+00
  1021.8062      1.309      1.319    30.2029    17.1555          0          0  0.000e+00
  1021.7806      1.298      1.309    30.1855    17.2084          0          0  0.000e+00
  1021.7541      1.315      1.326    30.1614    17.2437          0          0  0.000e+00
  1021.7557      1.377      1.389    30.1708    17.2689          0          0  0.000e+00
  1021.7377      1.484      1.497    30.1549    17.2964          0          0  0.000e+00
  1021.6618      1.619      1.632    30.0595    17.3112          0          0  0.000e+00
  1021.5638      1.755      1.769    29.9146    17.2583          0          0  0.000e+00
  1021.5541      1.875      1.890    29.8540    17.1018          0          0  0.000e+00
  1021.6671      1.974      1.990    29.9338    16.8771          0          0  0.000e+00
  1021.7777      2.050      2.067    30.0205    16.6843          0          0  0.000e+00
  1021.8688      2.095      2.112    30.0959    16.5374          0          0  0.000e+00
  1021.9473      2.110      2.127    30.1675    16.4328          0          0  0.000e+00
  1021.9959      2.096      2.113    30.2136    16.3736          0          0  0.000e+00
  1022.0710      2.055      2.072    30.3034    16.3448          0          0  0.000e+00
  1022.0924      1.992      2.009    30.3385    16.3685          0          0  0.000e+00
  1022.1338      1.914      1.929    30.4114    16.4316          0          0  0.000e+00
  1022.0530      1.825      1.840    30.3389    16.5413          0          0  0.000e+00
  1021.9859      1.738      1.752    30.2764    16.6244          0          0  0.000e+00
  1021.9909      1.647      1.660    30.2972    16.6710          0          0  0.000e+00
  1021.9901      1.558      1.570    30.3140    16.7295          0          0  0.000e+00
  1021.9617      1.475      1.487    30.3001    16.8059          0          0  0.000e+00
  1021.9235      1.408      1.420    30.2734    16.8823          0          0  0.000e+00
  1021.8810      1.356      1.367    30.2380    16.9483          0          0  0.000e+00
  1021.8540      1.324      1.335    30.2172    16.9961          0          0  0.000e+00
  1021.8350      1.311      1.321    30.2028    17.0303          0          0  0.000e+00
  1021.8374      1.314      1.325    30.2139    17.0571          0          0  0.000e+00
  1021.8199      1.332      1.343    30.2015    17.0922          0          0  0.000e+00
  1021.7986      1.360      1.372    30.1839    17.1265          0          0  0.000e+00
  1021.7917      1.391      1.403    30.1828    17.1536          0          0  0.000e+00
  1021.7727      1.425      1.437    30.1666    17.1829          0          0  0.000e+00
  1021.7568      1.466      1.478    30.1531    17.2075          0          0  0.000e+00
  1021.7176      1.518      1.531    30.1063    17.2231          0          0  0.000e+00
  1021.6988      1.583      1.596    30.0739    17.1987          0          0  0.000e+00
  1021.6837      1.668      1.682    30.0341    17.1335          0          0  0.000e+00
  1021.6312      1.770      1.784    29.9359    17.0371          0          0  0.000e+00
  1021.7206      1.879      1.894    30.0041    16.8765          0          0  0.000e+00
  1021.7808      1.978      1.995    30.0382    16.7290          0          0  0.000e+00
  1021.8409      2.064      2.081    30.0791    16.6033          0          0  0.000e+00
  1021.8959      2.120      2.138    30.1187    16.4950          0          0  0.000e+00
  1021.9552      2.138      2.156    30.1698    16.4061          0          0  0.000e+00
  1022.0224      2.120      2.138    30.2406    16.3481          0          0  0.000e+00
  1022.0681      2.064      2.081    30.2964    16.3337          0          0  0.000e+00
  1022.0950      1.973      1.989    30.3392    16.3584          0          0  0.000e+00
  1022.0823      1.857      1.872    30.3400    16.4158          0          0  0.000e+00
  1022.0247      1.728      1.742    30.2842    16.4791          0          0  0.000e+00
  1022.0392      1.601      1.614    30.3152    16.5178          0          0  0.000e+00
  1022.0449      1.491      1.503    30.3398    16.5737          0          0  0.000e+00
  1022.0086      1.400      1.411    30.3167    16.6538          0          0  0.000e+00
  1021.9781      1.333      1.344    30.2997    16.7299          0          0  0.000e+00
  1021.9377      1.289      1.300    30.2672    16.7970          0          0  0.000e+00
  1021.9097      1.265      1.275    30.2464    16.8494          0          0  0.000e+00
  1021.9184      1.262      1.272    30.2703    16.8914          0          0  0.000e+00
  1021.9202      1.276      1.286    30.2896    16.9483          0          0  0.000e+00
  1021.8655      1.312      1.322    30.2398    17.0209          0          0  0.000e+00
  1021.8091      1.370      1.381    30.1805    17.0699          0          0  0.000e+00
  1021.7557      1.444      1.456    30.1130    17.0790          0          0  0.000e+00
  1021.7187      1.532      1.545    30.0510    17.0351          0          0  0.000e+00
  1021.7211      1.611      1.624    30.0272    16.9467          0          0  0.000e+00
  1021.7650      1.680      1.693    30.0508    16.8349          0          0  0.000e+00
  1021.8586      1.737      1.751    30.1394    16.7232          0          0  0.000e+00
  1021.9057      1.783      1.798    30.1820    16.6603          0          0  0.000e+00
  1021.9156      1.826      1.841    30.1848    16.6266          0          0  0.000e+00
  1021.9216      1.867      1.882    30.1839    16.5977          0          0  0.000e+00
  1021.9076      1.917      1.933    30.1560    16.5660          0          0  0.000e+00
  1021.9086      1.974      1.990    30.1425    16.5170          0          0  0.000e+00
  1021.9323      2.032      2.049    30.1546    16.4537          0          0  0.000e+00
  1021.9675      2.067      2.084    30.1821    16.3920          0          0  0.000e+00
  1022.0122      2.080      2.097    30.2268    16.3455          0          0  0.000e+00
  1022.0347      2.054      2.070    30.2499    16.3233          0          0  0.000e+00
  1022.0773      1.989      2.005    30.3048    16.3202          0          0  0.000e+00
  1022.0901      1.893      1.908    30.3309    16.3504          0          0  0.000e+00
  1022.0411      1.764      1.779    30.2829    16.4021          0          0  0.000e+00
  1022.0258      1.628      1.641    30.2730    16.4338          0          0  0.000e+00
  1022.0262      1.492      1.504    30.2806    16.4553          0          0  0.000e+00
  1022.0309      1.376      1.388    30.2958    16.4838          0          0  0.000e+00
  1022.0142      1.285      1.296    30.2859    16.5224          0          0  0.000e+00
  1021.9891      1.227      1.237    30.2645    16.5601          0          0  0.000e+00
  1021.9728      1.197      1.207    30.2514    16.5872          0          0  0.000e+00
  1021.9639      1.207      1.217    30.2453    16.6058          0          0  0.000e+00
  1022.0495      1.248      1.258    30.3629    16.6267          0          0  0.000e+00
  1022.0480      1.321      1.332    30.3899    16.7262          0          0  0.000e+00
  1021.9132      1.409      1.421    30.2509    16.8520          0          0  0.000e+00
  1021.9353      1.502      1.515    30.2973    16.9127          0          0  0.000e+00
  1021.8137      1.584      1.597    30.1604    16.9873          0          0  0.000e+00
  1021.7561      1.652      1.665    30.0868    16.9939          0          0  0.000e+00
  1021.7844      1.707      1.721    30.1071    16.9392          0          0  0.000e+00
  1021.8438      1.754      1.768    30.1682    16.8850          0          0  0.000e+00
  1021.8449      1.793      1.808    30.1632    16.8643          0          0  0.000e+00
  1021.7966      1.833      1.848    30.0942    16.8453          0          0  0.000e+00
  1021.8322      1.876      1.891    30.1228    16.7859          0          0  0.000e+00
  1021.8486      1.922      1.938    30.1270    16.7290          0          0  0.000e+00
  1021.9051      1.963      1.979    30.1820    16.6664          0          0  0.000e+00
  1021.8745      1.994      2.011    30.1294    16.6242          0          0  0.000e+00
  1021.9417      2.012      2.029    30.1987    16.5623          0          0  0.000e+00
  1021.9776      2.006      2.022    30.2369    16.5327          0          0  0.000e+00
  1021.9738      1.979      1.996    30.2312    16.5298          0          0  0.000e+00
  1022.0495      1.931      1.947    30.3314    16.5334          0          0  0.000e+00
  1022.0353      1.863      1.878    30.3310    16.5936          0          0  0.000e+00
  1021.9630      1.782      1.797    30.2602    16.6717          0          0  0.000e+00
  1021.9232      1.689      1.703    30.2213    16.7137          0          0  0.000e+00
  1021.9096      1.594      1.607    30.2082    16.7276          0          0  0.000e+00
  1021.9044      1.502      1.515    30.2027    16.7303          0          0  0.000e+00
  1021.9077      1.420      1.431    30.2069    16.7282          0          0  0.000e+00
  1021.9196      1.356      1.367    30.2225    16.7270          0          0  0.000e+00
  1021.9302      1.314      1.325    30.2391    16.7356          0          0  0.000e+00
  1021.9304      1.294      1.304    30.2453    16.7555          0          0  0.000e+00
  1021.9706      1.295      1.305    30.3066    16.7851          0          0  0.000e+00
  1021.9476      1.314      1.325    30.2950    16.8476          0          0  0.000e+00
  1021.9018      1.347      1.358    30.2553    16.9154          0          0  0.000e+00
  1021.8710      1.394      1.406    30.2285    16.9609          0          0  0.000e+00
  1021.8329      1.452      1.464    30.1866    16.9885          0          0  0.000e+00
  1021.7850      1.525      1.537    30.1251    16.9931          0          0  0.000e+00
  1021.7058      1.613      1.626    30.0091    16.9529          0          0  0.000e+00
  1021.7581      1.712      1.726    30.0424    16.8376          0          0  0.000e+00
  1021.8231      1.805      1.819    30.0919    16.7204          0          0  0.000e+00
  1021.8477      1.884      1.900    30.0966    16.6288          0          0  0.000e+00
  1021.9084      1.937      1.953    30.1494    16.5405          0          0  0.000e+00
  1021.9506      1.965      1.981    30.1856    16.4771          0          0  0.000e+00
  1021.9898      1.966      1.982    30.2250    16.4367          0          0  0.000e+00
  1022.0151      1.948      1.964    30.2532    16.4202          0          0  0.000e+00
  1022.0244      1.912      1.927    30.2665    16.4237          0          0  0.000e+00
  1022.0304      1.869      1.885    30.2788    16.4379          0          0  0.000e+00
  1022.0381      1.833      1.848    30.2967    16.4642          0          0  0.000e+00
  1022.0331      1.807      1.822    30.3019    16.5036          0          0  0.000e+00
  1022.0086      1.786      1.800    30.2833    16.5486          0          0  0.000e+00
  1021.9803      1.762      1.777    30.2573    16.5851          0          0  0.000e+00
