data/eDNA/PER-2021-171/171c018.cnv
* Sea-Bird SBE19plus  Data File:
* FileName = C:\Users\RSG_field\Ryan_2021_Perley\CTD\171c018.hex
* Software version 2.3.0 SB_Terminal.dll
* Temperature SN = 7141
* Conductivity SN = 7141
* System UpLoad Time = Aug 13 2021 14:09:49
* <ApplicationData>
* <SeatermAF>
** Platform: M. Perley
** Cruise: Per2021171
** Station:  ESI_02
** Cast: 01 3
** Latitude: N  44 51.363
** Longitude: W 62 11.174
** Sounding: 51.8
** Chief Scientist: Ryan Stanley
** Comment: 171c018
# nquan = 8
# nvalues = 2363                                  
# units = specified
# name 0 = density00: Density [density, kg/m^3]
# name 1 = depSM: Depth [salt water, m], lat = 45.00
# name 2 = prdM: Pressure, Strain Gauge [db]
# name 3 = sal00: Salinity, Practical [PSU]
# name 4 = tv290C: Temperature [ITS-90, deg C]
# name 5 = bpos: Bottle Position in Carousel
# name 6 = nbf: Bottles Fired
# name 7 = flag:  0.000e+00
# span 0 =   999.0243,  1025.0180                 
# span 1 =     -0.075,     51.506                 
# span 2 =     -0.075,     51.935                 
# span 3 =     0.0083,    31.6567                 
# span 4 =     4.7493,    18.4148                 
# span 5 =          0,          5                 
# span 6 =          0,          5                 
# span 7 = 0.0000e+00, 0.0000e+00                 
# interval = seconds: 0.25
# start_time = Aug 13 2021 16:57:27 [Instrument's time stamp, header]
# bad_flag = -9.990e-29
*END*
[from data line 1439]
  1024.9944     50.583     51.003    31.2896     4.7937          0          0  0.000e+00
  1024.9903     50.365     50.783    31.2862     4.7972          0          0  0.000e+00
  1024.9866     50.159     50.576    31.2830     4.7995          0          0  0.000e+00
  1024.9851     49.978     50.393    31.2823     4.8006          0          0  0.000e+00
  1024.9840     49.843     50.257    31.2819     4.8014          0          0  0.000e+00
  1024.9836     49.758     50.172    31.2819     4.8023          0          0  0.000e+00
  1024.9860     49.731     50.144    31.2853     4.8034          0          0  0.000e+00
  1024.9883     49.765     50.178    31.2884     4.8071          0          0  0.000e+00
  1024.9915     49.863     50.277    31.2929     4.8139          0          0  0.000e+00
  1024.9817     50.030     50.445    31.2809     4.8244          0          0  0.000e+00
  1024.9751     50.233     50.650    31.2722     4.8304          0          0  0.000e+00
  1024.9691     50.466     50.886    31.2633     4.8311          0          0  0.000e+00
  1024.9662     50.696     51.118    31.2577     4.8261          0          0  0.000e+00
  1024.9713     50.910     51.333    31.2615     4.8164          0          0  0.000e+00
  1024.9781     51.073     51.497    31.2678     4.8065          0          0  0.000e+00
  1024.9835     51.178     51.603    31.2728     4.7985          0          0  0.000e+00
  1024.9883     51.218     51.644    31.2779     4.7920          0          0  0.000e+00
  1024.9951     51.193     51.618    31.2860     4.7878          0          0  0.000e+00
  1024.9999     51.107     51.531    31.2927     4.7885          0          0  0.000e+00
  1024.9974     50.968     51.391    31.2910     4.7934          0          0  0.000e+00
  1024.9931     50.800     51.222    31.2873     4.7984          0          0  0.000e+00
  1024.9915     50.618     51.039    31.2868     4.8019          0          0  0.000e+00
  1024.9891     50.444     50.863    31.2853     4.8054          0          0  0.000e+00
  1024.9863     50.294     50.711    31.2831     4.8088          0          0  0.000e+00
  1024.9837     50.176     50.593    31.2808     4.8114          0          0  0.000e+00
  1024.9816     50.097     50.514    31.2788     4.8131          0          0  0.000e+00
  1024.9802     50.056     50.472    31.2774     4.8140          0          0  0.000e+00
  1024.9806     50.048     50.463    31.2781     4.8142          0          0  0.000e+00
  1024.9811     50.080     50.497    31.2786     4.8150          0          0  0.000e+00
  1024.9844     50.140     50.556    31.2826     4.8166          0          0  0.000e+00
  1024.9821     50.225     50.642    31.2797     4.8206          0          0  0.000e+00
  1024.9769     50.335     50.753    31.2731     4.8243          0          0  0.000e+00
  1024.9715     50.456     50.875    31.2655     4.8243          0          0  0.000e+00
  1024.9710     50.586     51.006    31.2634     4.8192          0          0  0.000e+00
  1024.9763     50.716     51.137    31.2683     4.8120          0          0  0.000e+00
  1024.9789     50.832     51.255    31.2701     4.8058          0          0  0.000e+00
  1024.9828     50.928     51.351    31.2738     4.8003          0          0  0.000e+00
  1024.9864     50.999     51.422    31.2773     4.7958          0          0  0.000e+00
  1024.9899     51.039     51.463    31.2809     4.7923          0          0  0.000e+00
  1024.9912     51.048     51.473    31.2823     4.7904          0          0  0.000e+00
  1024.9941     51.025     51.449    31.2860     4.7897          0          0  0.000e+00
  1024.9939     50.975     51.399    31.2862     4.7910          0          0  0.000e+00
  1024.9927     50.901     51.324    31.2853     4.7929          0          0  0.000e+00
  1024.9934     50.808     51.230    31.2871     4.7946          0          0  0.000e+00
  1024.9924     50.698     51.119    31.2868     4.7970          0          0  0.000e+00
  1024.9899     50.576     50.996    31.2848     4.7997          0          0  0.000e+00
  1024.9880     50.447     50.866    31.2833     4.8019          0          0  0.000e+00
  1024.9864     50.320     50.738    31.2823     4.8034          0          0  0.000e+00
  1024.9853     50.203     50.621    31.2818     4.8046          0          0  0.000e+00
  1024.9848     50.104     50.520    31.2819     4.8056          0          0  0.000e+00
  1024.9842     50.030     50.445    31.2816     4.8066          0          0  0.000e+00
  1024.9836     49.986     50.401    31.2814     4.8083          0          0  0.000e+00
  1024.9832     49.980     50.395    31.2813     4.8104          0          0  0.000e+00
  1024.9831     50.004     50.420    31.2813     4.8127          0          0  0.000e+00
  1024.9842     50.062     50.478    31.2827     4.8157          0          0  0.000e+00
  1024.9821     50.153     50.569    31.2801     4.8202          0          0  0.000e+00
  1024.9770     50.265     50.683    31.2735     4.8246          0          0  0.000e+00
  1024.9728     50.393     50.812    31.2677     4.8257          0          0  0.000e+00
  1024.9730     50.531     50.951    31.2668     4.8232          0          0  0.000e+00
  1024.9729     50.668     51.089    31.2651     4.8180          0          0  0.000e+00
  1024.9768     50.799     51.221    31.2685     4.8116          0          0  0.000e+00
  1024.9794     50.914     51.337    31.2702     4.8056          0          0  0.000e+00
  1024.9815     51.005     51.429    31.2716     4.8001          0          0  0.000e+00
  1024.9870     51.064     51.489    31.2774     4.7944          0          0  0.000e+00
  1024.9900     51.096     51.521    31.2805     4.7906          0          0  0.000e+00
  1024.9927     51.092     51.516    31.2837     4.7886          0          0  0.000e+00
  1024.9942     51.060     51.484    31.2858     4.7885          0          0  0.000e+00
  1024.9937     50.996     51.420    31.2856     4.7897          0          0  0.000e+00
  1024.9938     50.915     51.338    31.2865     4.7910          0          0  0.000e+00
  1024.9952     50.810     51.232    31.2891     4.7929          0          0  0.000e+00
  1024.9932     50.690     51.111    31.2878     4.7963          0          0  0.000e+00
  1024.9906     50.554     50.974    31.2858     4.7996          0          0  0.000e+00
  1024.9880     50.405     50.824    31.2836     4.8023          0          0  0.000e+00
  1024.9865     50.250     50.668    31.2829     4.8042          0          0  0.000e+00
  1024.9845     50.096     50.513    31.2815     4.8058          0          0  0.000e+00
  1024.9837     49.955     50.370    31.2816     4.8074          0          0  0.000e+00
  1024.9830     49.845     50.259    31.2816     4.8089          0          0  0.000e+00
  1024.9821     49.774     50.188    31.2812     4.8108          0          0  0.000e+00
  1024.9818     49.756     50.169    31.2812     4.8130          0          0  0.000e+00
  1024.9833     49.802     50.215    31.2832     4.8162          0          0  0.000e+00
  1024.9862     49.909     50.323    31.2869     4.8220          0          0  0.000e+00
  1024.9765     50.076     50.492    31.2749     4.8304          0          0  0.000e+00
  1024.9707     50.286     50.704    31.2668     4.8341          0          0  0.000e+00
  1024.9650     50.506     50.925    31.2581     4.8321          0          0  0.000e+00
  1024.9688     50.715     51.136    31.2606     4.8244          0          0  0.000e+00
  1024.9733     50.884     51.307    31.2641     4.8155          0          0  0.000e+00
  1024.9768     51.005     51.429    31.2667     4.8072          0          0  0.000e+00
  1024.9825     51.077     51.502    31.2724     4.7995          0          0  0.000e+00
  1024.9883     51.099     51.524    31.2788     4.7934          0          0  0.000e+00
  1024.9938     51.083     51.508    31.2854     4.7906          0          0  0.000e+00
  1024.9991     51.041     51.465    31.2925     4.7918          0          0  0.000e+00
  1024.9962     50.983     51.406    31.2900     4.7973          0          0  0.000e+00
  1024.9903     50.930     51.353    31.2835     4.8028          0          0  0.000e+00
  1024.9880     50.888     51.311    31.2812     4.8053          0          0  0.000e+00
  1024.9863     50.853     51.276    31.2794     4.8062          0          0  0.000e+00
  1024.9843     50.818     51.241    31.2771     4.8061          0          0  0.000e+00
  1024.9857     50.773     51.195    31.2790     4.8051          0          0  0.000e+00
  1024.9855     50.709     51.131    31.2790     4.8047          0          0  0.000e+00
  1024.9856     50.627     51.047    31.2796     4.8043          0          0  0.000e+00
  1024.9878     50.517     50.937    31.2830     4.8042          0          0  0.000e+00
  1024.9882     50.388     50.807    31.2845     4.8060          0          0  0.000e+00
  1024.9858     50.247     50.664    31.2827     4.8087          0          0  0.000e+00
  1024.9838     50.106     50.522    31.2814     4.8109          0          0  0.000e+00
  1024.9817     49.976     50.391    31.2796     4.8126          0          0  0.000e+00
  1024.9805     49.865     50.280    31.2789     4.8137          0          0  0.000e+00
  1024.9795     49.788     50.202    31.2783     4.8148          0          0  0.000e+00
  1024.9786     49.741     50.154    31.2775     4.8158          0          0  0.000e+00
  1024.9799     49.732     50.145    31.2794     4.8169          0          0  0.000e+00
  1024.9794     49.763     50.176    31.2789     4.8195          0          0  0.000e+00
  1024.9838     49.842     50.256    31.2844     4.8226          0          0  0.000e+00
  1024.9785     49.967     50.382    31.2778     4.8289          0          0  0.000e+00
  1024.9726     50.121     50.537    31.2702     4.8339          0          0  0.000e+00
  1024.9672     50.305     50.723    31.2622     4.8340          0          0  0.000e+00
  1024.9673     50.511     50.931    31.2606     4.8295          0          0  0.000e+00
  1024.9697     50.717     51.138    31.2614     4.8223          0          0  0.000e+00
  1024.9733     50.924     51.348    31.2636     4.8139          0          0  0.000e+00
  1024.9775     51.111     51.536    31.2666     4.8054          0          0  0.000e+00
  1024.9791     51.271     51.697    31.2666     4.7971          0          0  0.000e+00
  1024.9768     51.400     51.828    31.2616     4.7868          0          0  0.000e+00
  1024.9817     51.481     51.909    31.2654     4.7729          0          0  0.000e+00
  1024.9943     51.506     51.935    31.2793     4.7584          0          0  0.000e+00
  1025.0079     51.462     51.890    31.2954     4.7493          0          0  0.000e+00
  1025.0180     51.346     51.773    31.3089     4.7493          0          0  0.000e+00
  1025.0143     51.162     51.587    31.3065     4.7581          0          0  0.000e+00
  1025.0093     50.930     51.353    31.3028     4.7678          0          0  0.000e+00
  1025.0058     50.663     51.084    31.3012     4.7767          0          0  0.000e+00
  1024.9984     50.382     50.800    31.2947     4.7858          0          0  0.000e+00
  1024.9919     50.118     50.534    31.2891     4.7931          0          0  0.000e+00
  1024.9872     49.883     50.298    31.2853     4.7982          0          0  0.000e+00
  1024.9840     49.704     50.117    31.2827     4.8019          0          0  0.000e+00
  1024.9824     49.582     49.994    31.2818     4.8043          0          0  0.000e+00
  1024.9827     49.528     49.940    31.2829     4.8070          0          0  0.000e+00
  1024.9799     49.538     49.949    31.2796     4.8104          0          0  0.000e+00
  1024.9815     49.597     50.009    31.2817     4.8134          0          0  0.000e+00
  1024.9885     49.718     50.131    31.2904     4.8179          0          0  0.000e+00
  1024.9817     49.868     50.282    31.2824     4.8280          0          0  0.000e+00
  1024.9734     50.049     50.465    31.2718     4.8359          0          0  0.000e+00
  1024.9648     50.230     50.647    31.2603     4.8382          0          0  0.000e+00
  1024.9645     50.402     50.821    31.2583     4.8339          0          0  0.000e+00
  1024.9667     50.563     50.983    31.2591     4.8261          0          0  0.000e+00
  1024.9722     50.703     51.124    31.2639     4.8171          0          0  0.000e+00
  1024.9765     50.813     51.235    31.2677     4.8091          0          0  0.000e+00
  1024.9806     50.906     51.329    31.2714     4.8025          0          0  0.000e+00
  1024.9843     50.978     51.401    31.2749     4.7971          0          0  0.000e+00
  1024.9879     51.028     51.452    31.2786     4.7931          0          0  0.000e+00
  1024.9910     51.058     51.482    31.2821     4.7906          0          0  0.000e+00
  1024.9921     51.065     51.490    31.2832     4.7898          0          0  0.000e+00
  1024.9925     51.047     51.472    31.2839     4.7899          0          0  0.000e+00
  1024.9921     51.000     51.424    31.2838     4.7903          0          0  0.000e+00
  1024.9918     50.921     51.344    31.2839     4.7906          0          0  0.000e+00
  1024.9928     50.810     51.232    31.2859     4.7912          0          0  0.000e+00
  1024.9934     50.683     51.104    31.2875     4.7928          0          0  0.000e+00
  1024.9916     50.539     50.958    31.2865     4.7955          0          0  0.000e+00
  1024.9884     50.393     50.812    31.2837     4.7981          0          0  0.000e+00
  1024.9867     50.261     50.678    31.2825     4.7997          0          0  0.000e+00
  1024.9846     50.146     50.563    31.2807     4.8010          0          0  0.000e+00
  1024.9839     50.062     50.477    31.2804     4.8014          0          0  0.000e+00
  1024.9838     50.009     50.424    31.2806     4.8017          0          0  0.000e+00
  1024.9838     49.990     50.406    31.2808     4.8022          0          0  0.000e+00
  1024.9846     50.006     50.422    31.2818     4.8032          0          0  0.000e+00
  1024.9868     50.062     50.477    31.2846     4.8051          0          0  0.000e+00
  1024.9857     50.148     50.565    31.2833     4.8093          1          1  0.000e+00
  1024.9801     50.253     50.671    31.2761     4.8136          1          1  0.000e+00
  1024.9777     50.368     50.786    31.2725     4.8148          1          1  0.000e+00
  1024.9746     50.487     50.906    31.2677     4.8132          1          1  0.000e+00
  1024.9767     50.587     51.008    31.2691     4.8081          1          1  0.000e+00
  1024.9806     50.663     51.084    31.2728     4.8025          1          1  0.000e+00
  1024.9846     50.706     51.127    31.2770     4.7983          1          1  0.000e+00
  1024.9865     50.722     51.143    31.2791     4.7963          1          1  0.000e+00
  1024.9879     50.705     51.126    31.2808     4.7954          1          1  0.000e+00
  1024.9883     50.665     51.086    31.2816     4.7953          1          1  0.000e+00
  1024.9889     50.612     51.032    31.2827     4.7958          1          1  0.000e+00
  1024.9885     50.558     50.978    31.2828     4.7970          1          1  0.000e+00
  1024.9877     50.513     50.933    31.2821     4.7984          1          1  0.000e+00
  1024.9874     50.485     50.904    31.2820     4.7995          1          1  0.000e+00
  1024.9860     50.471     50.890    31.2804     4.8004          1          1  0.000e+00
  1024.9848     50.470     50.889    31.2790     4.8009          1          1  0.000e+00
  1024.9852     50.479     50.899    31.2795     4.8008          1          1  0.000e+00
