data/eDNA/PER-2021-171/171d010.cnv
* Sea-Bird SBE19plus  Data File:
* FileName = C:\Users\RSG_field\Ryan_2021_Perley\CTD\171d010.hex
* Software version 2.3.0 SB_Terminal.dll
* Temperature SN = 7141
* Conductivity SN = 7141
* System UpLoad Time = Aug 11 2021 15:05:34
* <ApplicationData>
* <SeatermAF>
** Platform: M. Perley
** Cruise: Per2021171
** Station:  ESI_14
** Cast: 01 4
** Latitude: N  44 36.496
** Longitude: W 62 55.871
** Sounding: 25.7
** Chief Scientist: Ryan Stanley
** Comment: 171d010
** this cast was added after the eDNA sample from 171c010 was lost when steaming to ESI_13
# nquan = 8
# nvalues = 2640                                  
# units = specified
# name 0 = density00: Density [density, kg/m^3]
# name 1 = depSM: Depth [salt water, m], lat = 45.00
# name 2 = prdM: Pressure, Strain Gauge [db]
# name 3 = sal00: Salinity, Practical [PSU]
# name 4 = tv290C: Temperature [ITS-90, deg C]
# name 5 = bpos: Bottle Position in Carousel
# name 6 = nbf: Bottles Fired
# name 7 = flag:  0.000e+00
# span 0 =   998.4842,  1024.8211                 
# span 1 =     -0.050,     29.443                 
# span 2 =     -0.050,     29.686                 
# span 3 =     0.0000,    31.6042                 
# span 4 =     6.1304,    18.6537                 
# span 5 =          0,          4                 
# span 6 =          0,          4                 
# span 7 = 0.0000e+00, 0.0000e+00                 
# interval = seconds: 0.25
# start_time = Aug 11 2021 17:50:17 [Instrument's time stamp, header]
# bad_flag = -9.990e-29
*END*
[from data line 1439]
  1024.3466     22.995     23.184    30.9319     6.8149          0          0  0.000e+00
  1024.3301     23.097     23.288    30.9101     6.8145          0          0  0.000e+00
  1024.3352     23.237     23.429    30.9145     6.8061          0          0  0.000e+00
  1024.3232     23.406     23.599    30.8968     6.7973          0          0  0.000e+00
  1024.3301     23.600     23.794    30.9020     6.7819          0          0  0.000e+00
  1024.3421     23.807     24.003    30.9135     6.7669          0          0  0.000e+00
  1024.3407     24.023     24.221    30.9088     6.7568          0          0  0.000e+00
  1024.3412     24.251     24.451    30.9065     6.7471          0          0  0.000e+00
  1024.3262     24.477     24.678    30.8841     6.7345          0          0  0.000e+00
  1024.3315     24.698     24.902    30.8858     6.7110          0          0  0.000e+00
  1024.3448     24.907     25.112    30.8978     6.6885          0          0  0.000e+00
  1024.2603     25.101     25.308    30.7857     6.6661          0          0  0.000e+00
  1024.3213     25.275     25.483    30.8522     6.6036          0          0  0.000e+00
  1024.3581     25.431     25.640    30.8904     6.5556          0          0  0.000e+00
  1024.3922     25.566     25.777    30.9289     6.5308          0          0  0.000e+00
  1024.3939     25.688     25.900    30.9295     6.5253          0          0  0.000e+00
  1024.4014     25.793     26.006    30.9383     6.5239          0          0  0.000e+00
  1024.4079     25.881     26.095    30.9463     6.5264          0          0  0.000e+00
  1024.4002     25.961     26.175    30.9373     6.5338          0          0  0.000e+00
  1024.3835     26.026     26.241    30.9162     6.5373          0          0  0.000e+00
  1024.3776     26.086     26.301    30.9075     6.5315          0          0  0.000e+00
  1024.3880     26.139     26.354    30.9186     6.5208          0          0  0.000e+00
  1024.3885     26.191     26.407    30.9179     6.5143          0          0  0.000e+00
  1024.3876     26.244     26.460    30.9157     6.5092          0          0  0.000e+00
  1024.3943     26.303     26.520    30.9228     6.5027          0          0  0.000e+00
  1024.4123     26.365     26.583    30.9449     6.4998          0          0  0.000e+00
  1024.4046     26.437     26.655    30.9358     6.5070          0          0  0.000e+00
  1024.3944     26.510     26.728    30.9234     6.5132          0          0  0.000e+00
  1024.3833     26.598     26.817    30.9085     6.5119          0          0  0.000e+00
  1024.3923     26.694     26.914    30.9183     6.5051          0          0  0.000e+00
  1024.4064     26.806     27.028    30.9347     6.5000          0          0  0.000e+00
  1024.4164     26.941     27.163    30.9472     6.5034          0          0  0.000e+00
  1024.4329     27.089     27.313    30.9690     6.5148          0          0  0.000e+00
  1024.4172     27.258     27.483    30.9513     6.5348          0          0  0.000e+00
  1024.4315     27.445     27.671    30.9713     6.5538          0          0  0.000e+00
  1024.4102     27.642     27.870    30.9470     6.5778          0          0  0.000e+00
  1024.3836     27.843     28.073    30.9144     6.5930          0          0  0.000e+00
  1024.3913     28.051     28.282    30.9229     6.5928          0          0  0.000e+00
  1024.3850     28.252     28.486    30.9138     6.5935          0          0  0.000e+00
  1024.3707     28.441     28.676    30.8943     6.5916          0          0  0.000e+00
  1024.3388     28.615     28.851    30.8505     6.5771          0          0  0.000e+00
  1024.3227     28.704     28.941    30.8235     6.5395          0          0  0.000e+00
  1024.3787     28.751     28.988    30.8859     6.4859          0          0  0.000e+00
  1024.4355     28.738     28.975    30.9537     6.4577          0          0  0.000e+00
  1024.4644     28.729     28.967    30.9918     6.4671          0          0  0.000e+00
  1024.4570     28.707     28.944    30.9874     6.4976          0          0  0.000e+00
  1024.4351     28.664     28.900    30.9653     6.5320          0          0  0.000e+00
  1024.4082     28.623     28.860    30.9351     6.5559          0          0  0.000e+00
  1024.3951     28.580     28.816    30.9203     6.5658          0          0  0.000e+00
  1024.3841     28.532     28.768    30.9068     6.5667          0          0  0.000e+00
  1024.4004     28.491     28.726    30.9269     6.5616          0          0  0.000e+00
  1024.3883     28.446     28.681    30.9122     6.5633          0          0  0.000e+00
  1024.3740     28.405     28.639    30.8938     6.5605          0          0  0.000e+00
  1024.3861     28.365     28.599    30.9078     6.5504          0          0  0.000e+00
  1024.3923     28.328     28.561    30.9147     6.5432          0          0  0.000e+00
  1024.3845     28.298     28.531    30.9044     6.5398          0          0  0.000e+00
  1024.3912     28.275     28.508    30.9122     6.5346          0          0  0.000e+00
  1024.4003     28.260     28.493    30.9231     6.5299          0          0  0.000e+00
  1024.4018     28.254     28.488    30.9253     6.5311          0          0  0.000e+00
  1024.4097     28.259     28.492    30.9358     6.5346          0          0  0.000e+00
  1024.3975     28.270     28.504    30.9215     6.5419          0          0  0.000e+00
  1024.3583     28.297     28.530    30.8717     6.5427          0          0  0.000e+00
  1024.3759     28.332     28.566    30.8907     6.5229          0          0  0.000e+00
  1024.3430     28.386     28.620    30.8457     6.5048          0          0  0.000e+00
  1024.3103     28.448     28.683    30.7980     6.4675          0          0  0.000e+00
  1024.3456     28.525     28.760    30.8328     6.4066          0          0  0.000e+00
  1024.3803     28.610     28.846    30.8685     6.3568          0          0  0.000e+00
  1024.4082     28.698     28.934    30.8986     6.3255          0          0  0.000e+00
  1024.4201     28.781     29.019    30.9106     6.3092          0          0  0.000e+00
  1024.4299     28.854     29.093    30.9213     6.3010          0          0  0.000e+00
  1024.4384     28.912     29.150    30.9313     6.2983          0          0  0.000e+00
  1024.4449     28.947     29.186    30.9398     6.3005          0          0  0.000e+00
  1024.4416     28.958     29.197    30.9365     6.3073          0          0  0.000e+00
  1024.4421     28.946     29.185    30.9384     6.3143          0          0  0.000e+00
  1024.4335     28.913     29.151    30.9287     6.3215          0          0  0.000e+00
  1024.4462     28.862     29.100    30.9457     6.3255          0          0  0.000e+00
  1024.4657     28.800     29.038    30.9726     6.3365          0          0  0.000e+00
  1024.4660     28.721     28.958    30.9773     6.3612          0          0  0.000e+00
  1024.4674     28.628     28.864    30.9843     6.3915          0          0  0.000e+00
  1024.4479     28.524     28.759    30.9654     6.4245          0          0  0.000e+00
  1024.4367     28.410     28.645    30.9560     6.4514          0          0  0.000e+00
  1024.4287     28.299     28.533    30.9501     6.4734          0          0  0.000e+00
  1024.4219     28.194     28.427    30.9450     6.4926          0          0  0.000e+00
  1024.4183     28.109     28.341    30.9437     6.5096          0          0  0.000e+00
  1024.4087     28.056     28.288    30.9344     6.5261          0          0  0.000e+00
  1024.4087     28.036     28.267    30.9365     6.5388          0          0  0.000e+00
  1024.4171     28.048     28.279    30.9493     6.5522          0          0  0.000e+00
  1024.4088     28.097     28.328    30.9415     6.5717          0          0  0.000e+00
  1024.3991     28.175     28.407    30.9316     6.5894          0          0  0.000e+00
  1024.3735     28.279     28.512    30.9004     6.6017          0          0  0.000e+00
  1024.3682     28.401     28.635    30.8927     6.5999          0          0  0.000e+00
  1024.3756     28.539     28.774    30.9001     6.5923          0          0  0.000e+00
  1024.3777     28.683     28.919    30.9009     6.5866          0          0  0.000e+00
  1024.3726     28.826     29.064    30.8928     6.5814          0          0  0.000e+00
  1024.3828     28.955     29.194    30.9036     6.5730          0          0  0.000e+00
  1024.3796     29.062     29.302    30.8982     6.5682          0          0  0.000e+00
  1024.3838     29.141     29.381    30.9022     6.5625          0          0  0.000e+00
  1024.3873     29.187     29.428    30.9055     6.5575          0          0  0.000e+00
  1024.3908     29.196     29.437    30.9094     6.5545          0          0  0.000e+00
  1024.4038     29.167     29.408    30.9261     6.5541          0          0  0.000e+00
  1024.4082     29.096     29.336    30.9332     6.5610          0          0  0.000e+00
  1024.4031     28.996     29.236    30.9291     6.5723          0          0  0.000e+00
  1024.3923     28.872     29.111    30.9177     6.5824          0          0  0.000e+00
  1024.3867     28.735     28.972    30.9122     6.5874          0          0  0.000e+00
  1024.3824     28.593     28.829    30.9079     6.5892          0          0  0.000e+00
  1024.3792     28.462     28.697    30.9045     6.5889          0          0  0.000e+00
  1024.3798     28.344     28.577    30.9055     6.5864          0          0  0.000e+00
  1024.3799     28.246     28.479    30.9059     6.5842          0          0  0.000e+00
  1024.3816     28.172     28.404    30.9083     6.5826          0          0  0.000e+00
  1024.3830     28.120     28.352    30.9102     6.5817          0          0  0.000e+00
  1024.3845     28.091     28.323    30.9124     6.5822          0          0  0.000e+00
  1024.3838     28.085     28.317    30.9118     6.5836          0          0  0.000e+00
  1024.3838     28.102     28.334    30.9119     6.5850          0          0  0.000e+00
  1024.3830     28.147     28.380    30.9108     6.5864          0          0  0.000e+00
  1024.3831     28.217     28.450    30.9107     6.5872          0          0  0.000e+00
  1024.3653     28.311     28.544    30.8876     6.5876          0          0  0.000e+00
  1024.3447     28.418     28.652    30.8590     6.5763          0          0  0.000e+00
  1024.3787     28.540     28.775    30.8974     6.5505          0          0  0.000e+00
  1024.4128     28.664     28.900    30.9382     6.5398          0          0  0.000e+00
  1024.3992     28.784     29.022    30.9221     6.5521          0          0  0.000e+00
  1024.3730     28.896     29.134    30.8894     6.5595          0          0  0.000e+00
  1024.3681     28.990     29.229    30.8813     6.5512          0          0  0.000e+00
  1024.3783     29.066     29.306    30.8915     6.5367          0          0  0.000e+00
  1024.3867     29.114     29.354    30.9001     6.5257          0          0  0.000e+00
  1024.3848     29.141     29.381    30.8965     6.5190          0          0  0.000e+00
  1024.3970     29.140     29.380    30.9109     6.5118          0          0  0.000e+00
  1024.4081     29.113     29.353    30.9250     6.5111          0          0  0.000e+00
  1024.4103     29.063     29.303    30.9292     6.5177          0          0  0.000e+00
  1024.4019     28.989     29.228    30.9204     6.5267          0          0  0.000e+00
  1024.3916     28.895     29.133    30.9088     6.5323          0          0  0.000e+00
  1024.3954     28.784     29.022    30.9142     6.5329          0          0  0.000e+00
  1024.3969     28.666     28.902    30.9173     6.5349          0          0  0.000e+00
  1024.3970     28.549     28.785    30.9186     6.5386          0          0  0.000e+00
  1024.3963     28.441     28.676    30.9191     6.5431          0          0  0.000e+00
  1024.3914     28.347     28.581    30.9142     6.5484          0          0  0.000e+00
  1024.3880     28.277     28.510    30.9110     6.5518          0          0  0.000e+00
  1024.3864     28.228     28.461    30.9094     6.5535          0          0  0.000e+00
  1024.3866     28.196     28.429    30.9100     6.5541          0          0  0.000e+00
  1024.3848     28.189     28.421    30.9078     6.5545          0          0  0.000e+00
  1024.3827     28.201     28.434    30.9050     6.5541          0          0  0.000e+00
  1024.3828     28.232     28.465    30.9046     6.5521          0          0  0.000e+00
  1024.3867     28.287     28.521    30.9089     6.5499          0          0  0.000e+00
  1024.3944     28.362     28.596    30.9183     6.5500          0          0  0.000e+00
  1024.3890     28.447     28.682    30.9116     6.5545          0          0  0.000e+00
  1024.3864     28.543     28.778    30.9081     6.5568          0          0  0.000e+00
  1024.3774     28.646     28.882    30.8961     6.5571          0          0  0.000e+00
  1024.3643     28.746     28.984    30.8781     6.5523          0          0  0.000e+00
  1024.3934     28.843     29.081    30.9124     6.5394          0          0  0.000e+00
  1024.3746     28.929     29.167    30.8877     6.5371          0          0  0.000e+00
  1024.3295     28.996     29.236    30.8281     6.5248          0          0  0.000e+00
  1024.3700     29.049     29.289    30.8731     6.4856          0          0  0.000e+00
  1024.4001     29.076     29.316    30.9076     6.4630          0          0  0.000e+00
  1024.4083     29.080     29.320    30.9172     6.4587          0          0  0.000e+00
  1024.4246     29.049     29.289    30.9386     6.4616          0          0  0.000e+00
  1024.4235     28.993     29.233    30.9395     6.4747          0          0  0.000e+00
  1024.4111     28.916     29.155    30.9266     6.4897          0          0  0.000e+00
  1024.4025     28.818     29.056    30.9179     6.4999          0          0  0.000e+00
  1024.3978     28.713     28.950    30.9134     6.5052          0          0  0.000e+00
  1024.3963     28.603     28.839    30.9126     6.5080          0          0  0.000e+00
  1024.3943     28.501     28.737    30.9111     6.5103          0          0  0.000e+00
  1024.3909     28.409     28.644    30.9075     6.5120          0          0  0.000e+00
  1024.3886     28.337     28.571    30.9051     6.5121          0          0  0.000e+00
  1024.3895     28.291     28.524    30.9062     6.5107          0          0  0.000e+00
  1024.3868     28.268     28.502    30.9027     6.5094          0          0  0.000e+00
  1024.3853     28.270     28.504    30.9005     6.5070          0          0  0.000e+00
  1024.3816     28.298     28.531    30.8949     6.5027          0          0  0.000e+00
  1024.3727     28.340     28.574    30.8822     6.4951          0          0  0.000e+00
  1024.3655     28.402     28.636    30.8706     6.4820          0          0  0.000e+00
  1024.3834     28.469     28.704    30.8900     6.4635          0          0  0.000e+00
  1024.3794     28.541     28.776    30.8826     6.4518          0          0  0.000e+00
  1024.3666     28.613     28.849    30.8637     6.4377          0          0  0.000e+00
  1024.3685     28.688     28.925    30.8616     6.4118          0          0  0.000e+00
  1024.3651     28.757     28.994    30.8525     6.3835          0          0  0.000e+00
  1024.4142     28.826     29.064    30.9094     6.3513          0          0  0.000e+00
  1024.5067     28.888     29.127    31.0260     6.3483          0          0  0.000e+00
  1024.4189     28.942     29.181    30.9213     6.3938          0          0  0.000e+00
  1024.4079     28.984     29.223    30.9093     6.4080          0          0  0.000e+00
  1024.4162     29.012     29.252    30.9194     6.4059          0          0  0.000e+00
