data/eDNA/PER-2021-171/171d002.cnv
* Sea-Bird SBE19plus  Data File:
* FileName = C:\Users\RSG_field\Ryan_2021_Perley\CTD\171d002.hex
* Software version 2.3.0 SB_Terminal.dll
* Temperature SN = 7141
* Conductivity SN = 7141
* System UpLoad Time = Aug 09 2021 11:17:55
* <ApplicationData>
* <SeatermAF>
** Platform: M. Perley
** Cruise: Per2021171
** Station:  ESI-08
** Cast: 01 04
** Latitude: N  44 40.196
** Longitude: W 62 21.335
** Sounding: 112
** Chief Scientist: Ryan Stanley
** Comment: forth cast for water chemistry
** 5, 15, 25, 50, 80, bottom 171d002
# nquan = 8
# nvalues = 4092                                  
# units = specified
# name 0 = density00: Density [density, kg/m^3]
# name 1 = depSM: Depth [salt water, m], lat = 45.00
# name 2 = prdM: Pressure, Strain Gauge [db]
# name 3 = sal00: Salinity, Practical [PSU]
# name 4 = tv290C: Temperature [ITS-90, deg C]
# name 5 = bpos: Bottle Position in Carousel
# name 6 = nbf: Bottles Fired
# name 7 = flag:  0.000e+00
# span 0 =   998.8054,  1026.5388                 
# span 1 =      0.019,    100.333                 
# span 2 =      0.019,    101.179                 
# span 3 =     0.0000,    32.8907                 
# span 4 =     3.1657,    17.8566                 
# span 5 =          0,          6                 
# span 6 =          0,          6                 
# span 7 = 0.0000e+00, 0.0000e+00                 
# interval = seconds: 0.25
# start_time = Aug 09 2021 13:45:30 [Instrument's time stamp, header]
# bad_flag = -9.990e-29
*END*
[from data line 2517]
  1026.5026     98.135     98.962    32.8310     4.1984          1          1  0.000e+00
  1026.5029     98.093     98.919    32.8318     4.1990          1          1  0.000e+00
  1026.5022     98.021     98.847    32.8314     4.1999          1          1  0.000e+00
  1026.5010     97.923     98.748    32.8305     4.2008          1          1  0.000e+00
  1026.4988     97.813     98.637    32.8285     4.2012          1          1  0.000e+00
  1026.4978     97.685     98.508    32.8280     4.2009          1          1  0.000e+00
  1026.4976     97.552     98.374    32.8284     4.2003          1          1  0.000e+00
  1026.4968     97.419     98.239    32.8281     4.2000          1          1  0.000e+00
  1026.4962     97.293     98.113    32.8281     4.1994          1          1  0.000e+00
  1026.4958     97.181     98.000    32.8282     4.1990          1          1  0.000e+00
  1026.4954     97.086     97.903    32.8282     4.1985          1          1  0.000e+00
  1026.4953     97.009     97.826    32.8285     4.1982          1          1  0.000e+00
  1026.4948     96.952     97.769    32.8281     4.1980          1          1  0.000e+00
  1026.4946     96.918     97.734    32.8281     4.1977          1          1  0.000e+00
  1026.4940     96.904     97.721    32.8273     4.1974          1          1  0.000e+00
  1026.4937     96.921     97.738    32.8268     4.1969          1          1  0.000e+00
  1026.4941     96.970     97.787    32.8269     4.1963          1          1  0.000e+00
  1026.4944     97.050     97.867    32.8267     4.1956          1          1  0.000e+00
  1026.4949     97.155     97.973    32.8267     4.1948          1          1  0.000e+00
  1026.4957     97.287     98.107    32.8269     4.1942          1          1  0.000e+00
  1026.4960     97.427     98.248    32.8262     4.1935          1          1  0.000e+00
  1026.4970     97.568     98.390    32.8266     4.1929          1          1  0.000e+00
  1026.4978     97.697     98.520    32.8267     4.1921          1          1  0.000e+00
  1026.5001     97.801     98.625    32.8289     4.1916          1          1  0.000e+00
  1026.4996     97.878     98.702    32.8280     4.1920          1          1  0.000e+00
  1026.4997     97.931     98.756    32.8277     4.1922          1          1  0.000e+00
  1026.5004     97.966     98.791    32.8284     4.1922          1          1  0.000e+00
  1026.5006     97.983     98.808    32.8286     4.1925          1          1  0.000e+00
  1026.5004     97.993     98.819    32.8284     4.1929          1          1  0.000e+00
  1026.5004     98.005     98.831    32.8284     4.1934          1          1  0.000e+00
  1026.5001     98.015     98.840    32.8280     4.1935          1          1  0.000e+00
  1026.4999     98.010     98.836    32.8278     4.1935          1          1  0.000e+00
  1026.5003     97.988     98.814    32.8283     4.1935          1          1  0.000e+00
  1026.5002     97.932     98.757    32.8285     4.1937          1          1  0.000e+00
  1026.4998     97.830     98.654    32.8287     4.1941          1          1  0.000e+00
  1026.4993     97.685     98.508    32.8291     4.1945          1          1  0.000e+00
  1026.4983     97.501     98.323    32.8289     4.1949          1          1  0.000e+00
  1026.4964     97.295     98.114    32.8278     4.1955          1          1  0.000e+00
  1026.4952     97.086     97.904    32.8275     4.1954          1          1  0.000e+00
  1026.4947     96.896     97.712    32.8279     4.1951          1          1  0.000e+00
  1026.4938     96.744     97.559    32.8278     4.1951          1          1  0.000e+00
  1026.4936     96.654     97.468    32.8280     4.1949          1          1  0.000e+00
  1026.4933     96.633     97.447    32.8277     4.1948          1          1  0.000e+00
  1026.4933     96.673     97.488    32.8275     4.1947          1          1  0.000e+00
  1026.4928     96.792     97.607    32.8260     4.1943          1          1  0.000e+00
  1026.4958     96.964     97.781    32.8288     4.1937          1          1  0.000e+00
  1026.4987     97.161     97.980    32.8312     4.1937          1          1  0.000e+00
  1026.4977     97.369     98.189    32.8289     4.1946          1          1  0.000e+00
  1026.4973     97.566     98.388    32.8273     4.1949          1          1  0.000e+00
  1026.4975     97.726     98.550    32.8265     4.1947          1          1  0.000e+00
  1026.4979     97.837     98.661    32.8263     4.1941          1          1  0.000e+00
  1026.4991     97.892     98.717    32.8275     4.1934          1          1  0.000e+00
  1026.4998     97.893     98.718    32.8282     4.1931          1          1  0.000e+00
  1026.5004     97.854     98.678    32.8292     4.1933          1          1  0.000e+00
  1026.5001     97.786     98.610    32.8293     4.1937          1          1  0.000e+00
  1026.4988     97.701     98.524    32.8283     4.1943          1          1  0.000e+00
  1026.4980     97.619     98.442    32.8278     4.1946          1          1  0.000e+00
  1026.4977     97.541     98.363    32.8279     4.1945          1          1  0.000e+00
  1026.4976     97.478     98.299    32.8281     4.1944          1          1  0.000e+00
  1026.4977     97.422     98.243    32.8285     4.1945          1          1  0.000e+00
  1026.4979     97.381     98.201    32.8291     4.1946          1          1  0.000e+00
  1026.4971     97.349     98.169    32.8283     4.1949          1          1  0.000e+00
  1026.4970     97.326     98.145    32.8283     4.1950          1          1  0.000e+00
  1026.4966     97.310     98.129    32.8280     4.1951          1          1  0.000e+00
  1026.4962     97.303     98.123    32.8274     4.1949          1          1  0.000e+00
  1026.4965     97.298     98.118    32.8278     4.1947          1          1  0.000e+00
  1026.4972     97.294     98.113    32.8287     4.1946          1          1  0.000e+00
  1026.4969     97.283     98.103    32.8284     4.1949          1          1  0.000e+00
  1026.4971     97.267     98.087    32.8288     4.1949          1          1  0.000e+00
  1026.4971     97.242     98.061    32.8290     4.1952          1          1  0.000e+00
  1026.4966     97.212     98.031    32.8285     4.1957          1          1  0.000e+00
  1026.4961     97.177     97.996    32.8281     4.1959          1          1  0.000e+00
  1026.4958     97.148     97.966    32.8279     4.1959          1          1  0.000e+00
  1026.4951     97.129     97.948    32.8272     4.1959          1          1  0.000e+00
  1026.4948     97.127     97.945    32.8268     4.1957          1          1  0.000e+00
  1026.4948     97.152     97.970    32.8267     4.1953          1          1  0.000e+00
  1026.4952     97.196     98.015    32.8268     4.1949          1          1  0.000e+00
  1026.4960     97.264     98.083    32.8274     4.1945          1          1  0.000e+00
  1026.4977     97.346     98.166    32.8290     4.1942          1          1  0.000e+00
  1026.4979     97.435     98.256    32.8287     4.1945          1          1  0.000e+00
  1026.4972     97.521     98.342    32.8274     4.1946          1          1  0.000e+00
  1026.4983     97.602     98.425    32.8283     4.1944          1          1  0.000e+00
  1026.4987     97.667     98.490    32.8283     4.1943          1          1  0.000e+00
  1026.4991     97.717     98.540    32.8285     4.1945          1          1  0.000e+00
  1026.4991     97.747     98.570    32.8284     4.1947          1          1  0.000e+00
  1026.4995     97.757     98.581    32.8289     4.1948          1          1  0.000e+00
  1026.4991     97.740     98.564    32.8285     4.1953          1          1  0.000e+00
  1026.4979     97.705     98.528    32.8273     4.1956          1          1  0.000e+00
  1026.4980     97.647     98.470    32.8278     4.1956          1          1  0.000e+00
  1026.4986     97.573     98.395    32.8289     4.1954          1          1  0.000e+00
  1026.4983     97.487     98.308    32.8291     4.1959          1          1  0.000e+00
  1026.4972     97.399     98.219    32.8284     4.1966          1          1  0.000e+00
  1026.4959     97.315     98.135    32.8272     4.1970          1          1  0.000e+00
  1026.4950     97.248     98.068    32.8265     4.1969          1          1  0.000e+00
  1026.4940     97.197     98.016    32.8255     4.1964          1          1  0.000e+00
  1026.4936     97.168     97.986    32.8251     4.1957          1          1  0.000e+00
  1026.4942     97.164     97.982    32.8257     4.1947          1          1  0.000e+00
  1026.4937     97.175     97.994    32.8249     4.1938          1          1  0.000e+00
  1026.4940     97.203     98.022    32.8250     4.1928          1          1  0.000e+00
  1026.4938     97.234     98.053    32.8244     4.1917          1          1  0.000e+00
  1026.4936     97.266     98.086    32.8238     4.1906          1          1  0.000e+00
  1026.4940     97.293     98.112    32.8240     4.1894          1          1  0.000e+00
  1026.4948     97.317     98.137    32.8247     4.1885          1          1  0.000e+00
  1026.4952     97.343     98.163    32.8250     4.1878          1          1  0.000e+00
  1026.4954     97.375     98.195    32.8250     4.1873          1          1  0.000e+00
  1026.4961     97.421     98.242    32.8256     4.1869          1          1  0.000e+00
  1026.4961     97.485     98.306    32.8252     4.1868          1          1  0.000e+00
  1026.4966     97.562     98.384    32.8254     4.1866          1          1  0.000e+00
  1026.4977     97.643     98.465    32.8262     4.1864          1          1  0.000e+00
  1026.4977     97.717     98.540    32.8258     4.1864          1          1  0.000e+00
  1026.4981     97.779     98.602    32.8258     4.1864          1          1  0.000e+00
  1026.4979     97.813     98.637    32.8254     4.1864          1          1  0.000e+00
  1026.4988     97.824     98.648    32.8265     4.1863          1          1  0.000e+00
  1026.4996     97.802     98.626    32.8277     4.1866          1          1  0.000e+00
  1026.4995     97.756     98.580    32.8280     4.1874          1          1  0.000e+00
  1026.4993     97.692     98.515    32.8282     4.1883          1          1  0.000e+00
  1026.4986     97.612     98.434    32.8278     4.1892          1          1  0.000e+00
  1026.4975     97.524     98.346    32.8272     4.1902          1          1  0.000e+00
  1026.4961     97.435     98.256    32.8260     4.1907          1          1  0.000e+00
  1026.4957     97.351     98.171    32.8259     4.1908          1          1  0.000e+00
  1026.4951     97.276     98.095    32.8257     4.1908          1          1  0.000e+00
  1026.4947     97.210     98.029    32.8255     4.1907          1          1  0.000e+00
  1026.4944     97.167     97.985    32.8254     4.1905          1          1  0.000e+00
  1026.4941     97.136     97.954    32.8252     4.1903          1          1  0.000e+00
  1026.4938     97.126     97.944    32.8249     4.1899          1          1  0.000e+00
  1026.4938     97.133     97.951    32.8247     4.1894          1          1  0.000e+00
  1026.4944     97.156     97.975    32.8252     4.1886          1          1  0.000e+00
  1026.4943     97.194     98.013    32.8248     4.1881          1          1  0.000e+00
  1026.4936     97.244     98.063    32.8236     4.1876          1          1  0.000e+00
  1026.4923     97.301     98.120    32.8214     4.1865          1          1  0.000e+00
  1026.4938     97.363     98.183    32.8228     4.1849          1          1  0.000e+00
  1026.4957     97.431     98.252    32.8246     4.1839          1          1  0.000e+00
  1026.4967     97.500     98.321    32.8254     4.1835          1          1  0.000e+00
  1026.4975     97.569     98.391    32.8260     4.1836          1          1  0.000e+00
  1026.4974     97.642     98.465    32.8254     4.1837          1          1  0.000e+00
  1026.4976     97.717     98.540    32.8253     4.1839          1          1  0.000e+00
  1026.4984     97.796     98.620    32.8258     4.1839          1          1  0.000e+00
  1026.4987     97.871     98.696    32.8258     4.1841          1          1  0.000e+00
  1026.4992     97.931     98.757    32.8261     4.1842          1          1  0.000e+00
  1026.4995     97.974     98.799    32.8263     4.1844          1          1  0.000e+00
  1026.4998     97.980     98.806    32.8267     4.1848          1          1  0.000e+00
  1026.4995     97.947     98.773    32.8266     4.1854          1          1  0.000e+00
  1026.4994     97.877     98.702    32.8269     4.1860          1          1  0.000e+00
  1026.4985     97.770     98.594    32.8265     4.1867          1          1  0.000e+00
  1026.4974     97.640     98.462    32.8260     4.1873          1          1  0.000e+00
  1026.4960     97.496     98.317    32.8251     4.1876          1          1  0.000e+00
  1026.4950     97.356     98.176    32.8247     4.1876          1          1  0.000e+00
  1026.4948     97.221     98.040    32.8252     4.1872          1          1  0.000e+00
  1026.4944     97.112     97.930    32.8253     4.1871          1          1  0.000e+00
  1026.4941     97.033     97.851    32.8253     4.1869          1          1  0.000e+00
  1026.4934     96.988     97.805    32.8247     4.1868          1          1  0.000e+00
  1026.4932     96.980     97.797    32.8244     4.1866          1          1  0.000e+00
  1026.4919     97.005     97.822    32.8226     4.1861          1          1  0.000e+00
  1026.4917     97.064     97.882    32.8219     4.1852          1          1  0.000e+00
  1026.4907     97.143     97.961    32.8200     4.1839          1          1  0.000e+00
  1026.4932     97.232     98.051    32.8225     4.1822          1          1  0.000e+00
  1026.4963     97.329     98.149    32.8256     4.1812          1          1  0.000e+00
  1026.4964     97.426     98.246    32.8251     4.1815          1          1  0.000e+00
  1026.4971     97.529     98.350    32.8255     4.1818          1          1  0.000e+00
  1026.4971     97.632     98.454    32.8250     4.1820          1          1  0.000e+00
  1026.4971     97.731     98.555    32.8244     4.1822          1          1  0.000e+00
  1026.4982     97.819     98.643    32.8252     4.1821          1          1  0.000e+00
  1026.4990     97.887     98.712    32.8258     4.1822          1          1  0.000e+00
  1026.4998     97.926     98.751    32.8267     4.1827          1          1  0.000e+00
  1026.5003     97.932     98.757    32.8274     4.1834          1          1  0.000e+00
  1026.4991     97.899     98.724    32.8261     4.1843          1          1  0.000e+00
  1026.4982     97.832     98.656    32.8255     4.1849          1          1  0.000e+00
  1026.4982     97.737     98.560    32.8261     4.1853          1          1  0.000e+00
  1026.4975     97.621     98.443    32.8259     4.1857          1          1  0.000e+00
  1026.4965     97.503     98.325    32.8254     4.1861          1          1  0.000e+00
  1026.4959     97.394     98.214    32.8254     4.1864          1          1  0.000e+00
  1026.4957     97.303     98.123    32.8257     4.1864          1          1  0.000e+00
  1026.4957     97.239     98.058    32.8261     4.1864          1          1  0.000e+00
  1026.4956     97.203     98.022    32.8262     4.1866          1          1  0.000e+00
  1026.4951     97.194     98.012    32.8256     4.1870          1          1  0.000e+00
  1026.4944     97.206     98.025    32.8247     4.1869          1          1  0.000e+00
  1026.4944     97.234     98.053    32.8245     4.1866          1          1  0.000e+00
  1026.4958     97.269     98.088    32.8260     4.1861          1          1  0.000e+00
  1026.4954     97.300     98.119    32.8252     4.1860          1          1  0.000e+00
