data/eDNA/PER-2021-171/171d010.ros
* Sea-Bird SBE19plus  Data File:
* FileName = C:\Users\RSG_field\Ryan_2021_Perley\CTD\171d010.hex
* Software version 2.3.0 SB_Terminal.dll
* Temperature SN = 7141
* Conductivity SN = 7141
* System UpLoad Time = Aug 11 2021 15:05:34
* <ApplicationData>
* <SeatermAF>
** Platform: M. Perley
** Cruise: Per2021171
** Station:  ESI_14
** Cast: 01 4
** Latitude: N  44 36.496
** Longitude: W 62 55.871
** Sounding: 25.7
** Chief Scientist: Ryan Stanley
** Comment: 171d010
** this cast was added after the eDNA sample from 171c010 was lost when steaming to ESI_13
# nquan = 9
# nvalues = 36                                    
# units = specified
# name 0 = density00: Density [density, kg/m^3]
# name 1 = depSM: Depth [salt water, m], lat = 45.00
# name 2 = prdM: Pressure, Strain Gauge [db]
# name 3 = sal00: Salinity, Practical [PSU]
# name 4 = tv290C: Temperature [ITS-90, deg C]
# name 5 = bpos: Bottle Position in Carousel
# name 6 = nbf: Bottles Fired
# name 7 = scan: Scan Count
# name 8 = flag:  0.000e+00
# interval = seconds: 0.25
# start_time = Aug 11 2021 17:50:17 [Instrument's time stamp, header]
# bad_flag = -9.990e-29
*END*
  1024.4269     28.837     29.075    30.9217     6.3271          1          1       1881  0.000e+00
  1024.4258     28.796     29.034    30.9214     6.3333          1          1       1882  0.000e+00
  1024.4172     28.741     28.978    30.9120     6.3400          1          1       1883  0.000e+00
  1024.4125     28.681     28.918    30.9068     6.3424          1          1       1884  0.000e+00
  1024.4136     28.617     28.853    30.9084     6.3422          1          1       1885  0.000e+00
  1024.4135     28.555     28.790    30.9086     6.3420          1          1       1886  0.000e+00
  1024.4193     28.497     28.733    30.9165     6.3424          1          1       1887  0.000e+00
  1024.4108     28.453     28.688    30.9065     6.3455          1          1       1888  0.000e+00
  1024.4067     28.422     28.657    30.9015     6.3459          1          1       1889  0.000e+00
  1024.1354     15.658     15.787    31.0038     8.5142          2          2       2332  0.000e+00
  1024.1449     15.466     15.593    31.0309     8.5875          2          2       2333  0.000e+00
  1024.0854     15.295     15.420    30.9710     8.6676          2          2       2334  0.000e+00
  1024.1746     15.147     15.272    31.0972     8.7275          2          2       2335  0.000e+00
  1024.2087     15.032     15.155    31.1633     8.8410          2          2       2336  0.000e+00
  1024.2203     14.947     15.070    31.2087     8.9960          2          2       2337  0.000e+00
  1024.1579     14.897     15.020    31.1656     9.1817          2          2       2338  0.000e+00
  1024.1190     14.873     14.995    31.1495     9.3502          2          2       2339  0.000e+00
  1024.2753     14.880     15.002    31.3856     9.5288          2          2       2340  0.000e+00
  1022.4550      5.721      5.768    30.7989    16.4002          3          3       2412  0.000e+00
  1022.3838      5.574      5.619    30.7559    16.5664          3          3       2413  0.000e+00
  1022.3421      5.467      5.511    30.7421    16.7016          3          3       2414  0.000e+00
  1022.3480      5.395      5.439    30.7849    16.8178          3          3       2415  0.000e+00
  1022.3947      5.362      5.406    30.8864    16.9525          3          3       2416  0.000e+00
  1022.3997      5.370      5.414    30.9437    17.1205          3          3       2417  0.000e+00
  1022.4709      5.399      5.443    31.0962    17.3166          3          3       2418  0.000e+00
  1022.2743      5.440      5.485    30.9172    17.5708          3          3       2419  0.000e+00
  1022.1210      5.484      5.529    30.7692    17.7415          3          3       2420  0.000e+00
  1022.0604      2.753      2.776    30.7258    17.8054          4          4       2439  0.000e+00
  1022.0698      2.621      2.642    30.7473    17.8324          4          4       2440  0.000e+00
  1022.0619      2.510      2.531    30.7478    17.8654          4          4       2441  0.000e+00
  1022.0698      2.429      2.449    30.7691    17.8988          4          4       2442  0.000e+00
  1022.1559      2.374      2.393    30.8965    17.9451          4          4       2443  0.000e+00
  1022.0808      2.336      2.355    30.8275    18.0376          4          4       2444  0.000e+00
  1022.0024      2.311      2.330    30.7488    18.1130          4          4       2445  0.000e+00
  1022.0449      2.304      2.323    30.8152    18.1472          4          4       2446  0.000e+00
  1022.0341      2.315      2.334    30.8166    18.1966          4          4       2447  0.000e+00
