data/eDNA/PER-2021-171/171d028.cnv
* Sea-Bird SBE19plus  Data File:
* FileName = C:\Users\RSG_field\Ryan_2021_Perley\CTD\171d028.hex
* Software version 2.3.0 SB_Terminal.dll
* Temperature SN = 7141
* Conductivity SN = 7141
* System UpLoad Time = Aug 18 2021 08:25:02
* <ApplicationData>
* <SeatermAF>
** Platform: M. Perley
** Cruise: Per2021171
** Station:  GC-04
** Cast: 01 4
** Latitude: N
** Longitude: W
** Sounding:
** Chief Scientist: Ryan Stanley
** Comment: Test cast to see what depth we got to. We are fighting the tide
** 171D028
# nquan = 8
# nvalues = 2856                                  
# units = specified
# name 0 = density00: Density [density, kg/m^3]
# name 1 = depSM: Depth [salt water, m], lat = 45.00
# name 2 = prdM: Pressure, Strain Gauge [db]
# name 3 = sal00: Salinity, Practical [PSU]
# name 4 = tv290C: Temperature [ITS-90, deg C]
# name 5 = bpos: Bottle Position in Carousel
# name 6 = nbf: Bottles Fired
# name 7 = flag:  0.000e+00
# span 0 =   998.5547,  1042.0662                 
# span 1 =     -0.007,  17677.198                 
# span 2 =     -0.007,  18526.054                 
# span 3 =     0.0090,    30.1425                 
# span 4 =    13.7965,    80.2310                 
# span 5 =          0,          3                 
# span 6 =          0,          3                 
# span 7 = 0.0000e+00, 0.0000e+00                 
# interval = seconds: 0.25
# start_time = Aug 18 2021 11:11:17 [Instrument's time stamp, header]
# bad_flag = -9.990e-29
*END*
[from data line 2697]
   998.8019     -0.001     -0.001     0.3334    18.2742          3          3  0.000e+00
   998.7045     -0.002     -0.002     0.2064    18.2736          3          3  0.000e+00
   998.6788     -0.001     -0.001     0.1727    18.2725          3          3  0.000e+00
   998.6710     -0.001     -0.001     0.1622    18.2712          3          3  0.000e+00
   998.6631      0.001      0.001     0.1518    18.2705          3          3  0.000e+00
   998.6549     -0.000     -0.000     0.1409    18.2695          3          3  0.000e+00
   998.6460     -0.000     -0.000     0.1291    18.2686          3          3  0.000e+00
   998.6383     -0.002     -0.002     0.1187    18.2674          3          3  0.000e+00
   998.6316     -0.001     -0.001     0.1097    18.2663          3          3  0.000e+00
   998.6257     -0.002     -0.002     0.1019    18.2655          3          3  0.000e+00
   998.6206     -0.001     -0.001     0.0950    18.2645          3          3  0.000e+00
   998.6159     -0.002     -0.002     0.0886    18.2632          3          3  0.000e+00
   998.6098     -0.002     -0.002     0.0805    18.2622          3          3  0.000e+00
   998.6046     -0.000     -0.000     0.0734    18.2611          3          3  0.000e+00
   998.6009     -0.001     -0.001     0.0682    18.2597          3          3  0.000e+00
   998.5977     -0.000     -0.000     0.0638    18.2587          3          3  0.000e+00
   998.5956     -0.001     -0.001     0.0608    18.2574          3          3  0.000e+00
   998.5941     -0.001     -0.001     0.0587    18.2567          3          3  0.000e+00
   998.5930     -0.001     -0.001     0.0568    18.2553          3          3  0.000e+00
   998.5914     -0.000     -0.000     0.0546    18.2543          3          3  0.000e+00
   998.5890     -0.000     -0.000     0.0511    18.2530          3          3  0.000e+00
   998.5869      0.001      0.001     0.0481    18.2520          3          3  0.000e+00
   998.5861     -0.001     -0.001     0.0468    18.2507          3          3  0.000e+00
   998.5857     -0.001     -0.001     0.0460    18.2497          3          3  0.000e+00
   998.5854     -0.001     -0.001     0.0454    18.2487          3          3  0.000e+00
   998.5852     -0.002     -0.002     0.0448    18.2475          3          3  0.000e+00
   998.5851     -0.000     -0.000     0.0445    18.2465          3          3  0.000e+00
   998.5850     -0.003     -0.003     0.0441    18.2453          3          3  0.000e+00
   998.5848     -0.000     -0.000     0.0435    18.2442          3          3  0.000e+00
   998.5845     -0.000     -0.000     0.0428    18.2430          3          3  0.000e+00
   998.5840     -0.002     -0.002     0.0418    18.2416          3          3  0.000e+00
   998.5834     -0.000     -0.000     0.0407    18.2402          3          3  0.000e+00
   998.5829      0.001      0.001     0.0397    18.2389          3          3  0.000e+00
   998.5828     -0.001     -0.001     0.0393    18.2376          3          3  0.000e+00
   998.5830     -0.002     -0.002     0.0392    18.2362          3          3  0.000e+00
   998.5830     -0.003     -0.003     0.0390    18.2351          3          3  0.000e+00
   998.5830     -0.000     -0.000     0.0387    18.2340          3          3  0.000e+00
   998.5830     -0.001     -0.001     0.0385    18.2331          3          3  0.000e+00
   998.5831     -0.003     -0.003     0.0383    18.2318          3          3  0.000e+00
   998.5831     -0.002     -0.002     0.0381    18.2308          3          3  0.000e+00
   998.5831     -0.001     -0.001     0.0378    18.2298          3          3  0.000e+00
   998.5832     -0.001     -0.001     0.0376    18.2284          3          3  0.000e+00
   998.5833     -0.001     -0.001     0.0373    18.2267          3          3  0.000e+00
   998.5835     -0.000     -0.000     0.0372    18.2250          3          3  0.000e+00
   998.5836     -0.002     -0.002     0.0369    18.2237          3          3  0.000e+00
   998.5835     -0.001     -0.001     0.0366    18.2228          3          3  0.000e+00
   998.5836     -0.001     -0.001     0.0365    18.2216          3          3  0.000e+00
   998.5837     -0.000     -0.000     0.0363    18.2206          3          3  0.000e+00
   998.7412     -0.002     -0.002     0.2410    18.2196          3          3  0.000e+00
   998.9048     -0.002     -0.002     0.4539    18.2186          3          3  0.000e+00
   998.9915     -0.002     -0.002     0.5667    18.2176          3          3  0.000e+00
   998.8433     -0.002     -0.002     0.3733    18.2164          3          3  0.000e+00
   998.7097     -0.001     -0.001     0.1989    18.2153          3          3  0.000e+00
   998.6854     -0.001     -0.001     0.1671    18.2145          3          3  0.000e+00
   998.6694     -0.001     -0.001     0.1461    18.2135          3          3  0.000e+00
   998.6565     -0.001     -0.001     0.1290    18.2127          3          3  0.000e+00
   998.6468     -0.000     -0.000     0.1161    18.2116          3          3  0.000e+00
   998.6391     -0.000     -0.000     0.1059    18.2107          3          3  0.000e+00
   998.6329     -0.000     -0.000     0.0976    18.2098          3          3  0.000e+00
   998.6278     -0.000     -0.000     0.0908    18.2088          3          3  0.000e+00
   998.6232     -0.000     -0.000     0.0846    18.2078          3          3  0.000e+00
   998.6189     -0.001     -0.001     0.0787    18.2070          3          3  0.000e+00
   998.6142     -0.001     -0.001     0.0724    18.2060          3          3  0.000e+00
   998.6108     -0.002     -0.002     0.0677    18.2048          3          3  0.000e+00
   998.6084     -0.001     -0.001     0.0643    18.2036          3          3  0.000e+00
   998.6066     -0.000     -0.000     0.0617    18.2026          3          3  0.000e+00
   998.6051     -0.002     -0.002     0.0596    18.2017          3          3  0.000e+00
   998.6039     -0.001     -0.001     0.0577    18.2006          3          3  0.000e+00
   998.6026     -0.001     -0.001     0.0558    18.1995          3          3  0.000e+00
   998.6014     -0.001     -0.001     0.0539    18.1984          3          3  0.000e+00
   998.6011     -0.001     -0.001     0.0533    18.1973          3          3  0.000e+00
   998.8079     -0.002     -0.002     0.3220    18.1960          3          3  0.000e+00
   998.7928     -0.001     -0.001     0.3022    18.1951          3          3  0.000e+00
   998.8905     -0.001     -0.001     0.4293    18.1942          3          3  0.000e+00
   999.0019     -0.001     -0.001     0.5744    18.1931          3          3  0.000e+00
   998.9672     -0.001     -0.001     0.5288    18.1922          3          3  0.000e+00
   998.9359     -0.001     -0.001     0.4878    18.1911          3          3  0.000e+00
   998.9169     -0.001     -0.001     0.4627    18.1901          3          3  0.000e+00
   998.9041     -0.001     -0.001     0.4457    18.1888          3          3  0.000e+00
   998.8943     -0.002     -0.002     0.4326    18.1873          3          3  0.000e+00
   998.8878     -0.002     -0.002     0.4239    18.1867          3          3  0.000e+00
   998.8845     -0.001     -0.001     0.4194    18.1856          3          3  0.000e+00
   998.8809     -0.003     -0.003     0.4145    18.1849          3          3  0.000e+00
   998.8832     -0.001     -0.001     0.4172    18.1838          3          3  0.000e+00
   998.8880     -0.002     -0.002     0.4233    18.1830          3          3  0.000e+00
   998.8882     -0.003     -0.003     0.4233    18.1820          3          3  0.000e+00
   998.8880     -0.002     -0.002     0.4228    18.1809          3          3  0.000e+00
   998.8872     -0.000     -0.000     0.4215    18.1800          3          3  0.000e+00
   998.8860     -0.002     -0.002     0.4197    18.1789          3          3  0.000e+00
   998.8846     -0.000     -0.000     0.4176    18.1778          3          3  0.000e+00
   998.8837     -0.000     -0.000     0.4161    18.1765          3          3  0.000e+00
   998.8836     -0.001     -0.001     0.4157    18.1752          3          3  0.000e+00
   998.8837     -0.000     -0.000     0.4155    18.1742          3          3  0.000e+00
   998.8844     -0.003     -0.003     0.4162    18.1731          3          3  0.000e+00
   998.8855     -0.000     -0.000     0.4175    18.1724          3          3  0.000e+00
   998.8873     -0.002     -0.002     0.4194    18.1711          3          3  0.000e+00
   998.8878     -0.001     -0.001     0.4199    18.1703          3          3  0.000e+00
   998.8874     -0.001     -0.001     0.4191    18.1693          3          3  0.000e+00
   998.8861     -0.000     -0.000     0.4171    18.1682          3          3  0.000e+00
   998.8897     -0.001     -0.001     0.4216    18.1671          3          3  0.000e+00
   998.8903     -0.002     -0.002     0.4222    18.1660          3          3  0.000e+00
   998.8868     -0.004     -0.004     0.4173    18.1651          3          3  0.000e+00
   998.8855     -0.000     -0.000     0.4154    18.1641          3          3  0.000e+00
   998.8844     -0.000     -0.000     0.4138    18.1630          3          3  0.000e+00
   998.8827     -0.000     -0.000     0.4112    18.1619          3          3  0.000e+00
   998.8816     -0.002     -0.002     0.4096    18.1610          3          3  0.000e+00
   998.8805     -0.001     -0.001     0.4079    18.1600          3          3  0.000e+00
   998.8800     -0.002     -0.002     0.4070    18.1588          3          3  0.000e+00
   998.8804     -0.002     -0.002     0.4072    18.1580          3          3  0.000e+00
   998.8803     -0.001     -0.001     0.4069    18.1571          3          3  0.000e+00
   998.8794     -0.004     -0.004     0.4055    18.1559          3          3  0.000e+00
   998.8781     -0.002     -0.002     0.4036    18.1550          3          3  0.000e+00
   998.8757     -0.002     -0.002     0.4002    18.1539          3          3  0.000e+00
   998.8714     -0.002     -0.002     0.3942    18.1527          3          3  0.000e+00
   998.8656     -0.001     -0.001     0.3865    18.1519          3          3  0.000e+00
   998.8586     -0.002     -0.002     0.3771    18.1509          3          3  0.000e+00
   998.8502     -0.002     -0.002     0.3660    18.1501          3          3  0.000e+00
   998.8408     -0.002     -0.002     0.3535    18.1489          3          3  0.000e+00
   998.8309      0.001      0.001     0.3403    18.1479          3          3  0.000e+00
   998.8229     -0.001     -0.001     0.3297    18.1470          3          3  0.000e+00
   998.8161     -0.001     -0.001     0.3205    18.1460          3          3  0.000e+00
   998.8119     -0.002     -0.002     0.3149    18.1451          3          3  0.000e+00
   998.8103     -0.001     -0.001     0.3125    18.1440          3          3  0.000e+00
   998.8093     -0.001     -0.001     0.3110    18.1431          3          3  0.000e+00
   998.8084     -0.000     -0.000     0.3096    18.1422          3          3  0.000e+00
   998.8075     -0.003     -0.003     0.3081    18.1411          3          3  0.000e+00
   998.8052     -0.003     -0.003     0.3049    18.1401          3          3  0.000e+00
   998.8019     -0.001     -0.001     0.3004    18.1392          3          3  0.000e+00
   998.7964     -0.002     -0.002     0.2929    18.1381          3          3  0.000e+00
  1042.0662  17677.198  18526.054     0.0521    80.2310          3          3  0.000e+00
   998.6322     -0.003     -0.003     0.0598    18.0571          3          3  0.000e+00
   998.7711     -0.000     -0.000     0.2405    18.0576          3          3  0.000e+00
   998.8555     -0.001     -0.001     0.3505    18.0581          3          3  0.000e+00
   998.9305     -0.002     -0.002     0.4483    18.0585          3          3  0.000e+00
   998.9874     -0.001     -0.001     0.5227    18.0590          3          3  0.000e+00
   998.9639     -0.003     -0.003     0.4922    18.0595          3          3  0.000e+00
   998.9310     -0.001     -0.001     0.4493    18.0596          3          3  0.000e+00
   998.9067     -0.002     -0.002     0.4177    18.0599          3          3  0.000e+00
   998.8897     -0.002     -0.002     0.3956    18.0601          3          3  0.000e+00
   998.8789     -0.001     -0.001     0.3816    18.0605          3          3  0.000e+00
   998.8705     -0.001     -0.001     0.3707    18.0607          3          3  0.000e+00
   998.8666     -0.001     -0.001     0.3657    18.0611          3          3  0.000e+00
   998.8687     -0.003     -0.003     0.3687    18.0617          3          3  0.000e+00
   998.8718     -0.002     -0.002     0.3727    18.0621          3          3  0.000e+00
   998.8735     -0.003     -0.003     0.3751    18.0626          3          3  0.000e+00
   998.8756     -0.001     -0.001     0.3779    18.0632          3          3  0.000e+00
   998.8787     -0.002     -0.002     0.3820    18.0634          3          3  0.000e+00
   998.8817     -0.001     -0.001     0.3860    18.0635          3          3  0.000e+00
   998.8837     -0.003     -0.003     0.3886    18.0636          3          3  0.000e+00
   998.8851     -0.001     -0.001     0.3904    18.0636          3          3  0.000e+00
   998.8856     -0.003     -0.003     0.3911    18.0635          3          3  0.000e+00
   998.8863     -0.000     -0.000     0.3919    18.0633          3          3  0.000e+00
   998.8870     -0.003     -0.003     0.3929    18.0634          3          3  0.000e+00
   998.8880     -0.002     -0.002     0.3940    18.0631          3          3  0.000e+00
   998.8879     -0.002     -0.002     0.3939    18.0630          3          3  0.000e+00
   998.8890     -0.003     -0.003     0.3954    18.0629          3          3  0.000e+00
   998.9193     -0.001     -0.001     0.4347    18.0625          3          3  0.000e+00
   999.2761     -0.003     -0.003     0.9002    18.0624          3          3  0.000e+00
   999.4355     -0.002     -0.002     1.1083    18.0622          3          3  0.000e+00
