data/eDNA/PER-2021-171/171d020.cnv
* Sea-Bird SBE19plus  Data File:
* FileName = C:\Users\RSG_field\Ryan_2021_Perley\CTD\171d020.hex
* Software version 2.3.0 SB_Terminal.dll
* Temperature SN = 7141
* Conductivity SN = 7141
* System UpLoad Time = Aug 17 2021 11:09:09
* <ApplicationData>
* <SeatermAF>
** Platform: M. Perley
** Cruise: Per2021171
** Station:  SAB_05
** Cast: 01 NA
** Latitude: N  46 16.117
** Longitude: W 59 11.012
** Sounding: 110
** Chief Scientist: Ryan Stanley
** Comment: 171d020
** cast didn't close bottle 1 the cable caught on the trigger housing
# nquan = 8
# nvalues = 3642                                  
# units = specified
# name 0 = density00: Density [density, kg/m^3]
# name 1 = depSM: Depth [salt water, m], lat = 45.00
# name 2 = prdM: Pressure, Strain Gauge [db]
# name 3 = sal00: Salinity, Practical [PSU]
# name 4 = tv290C: Temperature [ITS-90, deg C]
# name 5 = bpos: Bottle Position in Carousel
# name 6 = nbf: Bottles Fired
# name 7 = flag:  0.000e+00
# span 0 =   998.1482,  1026.7840                 
# span 1 =     -0.034,    103.449                 
# span 2 =     -0.034,    104.322                 
# span 3 =     0.0088,    32.9634                 
# span 4 =     2.0353,    20.3123                 
# span 5 =          0,          5                 
# span 6 =          0,          5                 
# span 7 = 0.0000e+00, 0.0000e+00                 
# interval = seconds: 0.25
# start_time = Aug 17 2021 13:30:26 [Instrument's time stamp, header]
# bad_flag = -9.990e-29
*END*
[from data line 2158]
  1026.6918    102.751    103.618    32.8559     2.6352          0          0  0.000e+00
  1026.6998    102.686    103.552    32.8658     2.6306          0          0  0.000e+00
  1026.6975    102.643    103.509    32.8630     2.6290          0          0  0.000e+00
  1026.6996    102.615    103.480    32.8658     2.6283          0          0  0.000e+00
  1026.7037    102.601    103.466    32.8709     2.6281          0          0  0.000e+00
  1026.6967    102.609    103.475    32.8622     2.6291          0          0  0.000e+00
  1026.6871    102.634    103.500    32.8499     2.6282          0          0  0.000e+00
  1026.6701    102.678    103.544    32.8278     2.6227          0          0  0.000e+00
  1026.6801    102.734    103.601    32.8387     2.6110          0          0  0.000e+00
  1026.6851    102.800    103.667    32.8437     2.6022          0          0  0.000e+00
  1026.7045    102.873    103.741    32.8670     2.5972          0          0  0.000e+00
  1026.7113    102.952    103.820    32.8753     2.5989          0          0  0.000e+00
  1026.7256    103.027    103.896    32.8934     2.6052          0          0  0.000e+00
  1026.7269    103.106    103.976    32.8956     2.6156          0          0  0.000e+00
  1026.7214    103.173    104.044    32.8895     2.6265          0          0  0.000e+00
  1026.7191    103.239    104.110    32.8871     2.6347          0          0  0.000e+00
  1026.7132    103.296    104.168    32.8801     2.6406          0          0  0.000e+00
  1026.7156    103.342    104.214    32.8831     2.6439          0          0  0.000e+00
  1026.7460    103.375    104.247    32.9215     2.6477          0          0  0.000e+00
  1026.7481    103.388    104.260    32.9254     2.6613          0          0  0.000e+00
  1026.7191    103.379    104.252    32.8908     2.6769          0          0  0.000e+00
  1026.7047    103.342    104.214    32.8735     2.6815          0          0  0.000e+00
  1026.7061    103.290    104.162    32.8752     2.6788          0          0  0.000e+00
  1026.7023    103.220    104.091    32.8706     2.6756          0          0  0.000e+00
  1026.7062    103.145    104.015    32.8756     2.6721          0          0  0.000e+00
  1026.7087    103.073    103.942    32.8789     2.6703          0          0  0.000e+00
  1026.7073    103.010    103.879    32.8774     2.6702          0          0  0.000e+00
  1026.7030    102.960    103.829    32.8724     2.6693          0          0  0.000e+00
  1026.7014    102.921    103.790    32.8703     2.6670          0          0  0.000e+00
  1026.6994    102.889    103.757    32.8676     2.6638          0          0  0.000e+00
  1026.6926    102.862    103.730    32.8588     2.6601          0          0  0.000e+00
  1026.6907    102.833    103.701    32.8560     2.6543          0          0  0.000e+00
  1026.6875    102.806    103.673    32.8515     2.6474          0          0  0.000e+00
  1026.6868    102.773    103.640    32.8500     2.6402          0          0  0.000e+00
  1026.6827    102.740    103.607    32.8443     2.6329          0          0  0.000e+00
  1026.6847    102.715    103.582    32.8461     2.6251          0          0  0.000e+00
  1026.6870    102.700    103.566    32.8484     2.6179          0          0  0.000e+00
  1026.6842    102.703    103.569    32.8442     2.6122          0          0  0.000e+00
  1026.6825    102.728    103.595    32.8414     2.6064          0          0  0.000e+00
  1026.6819    102.774    103.641    32.8397     2.5999          0          0  0.000e+00
  1026.6827    102.838    103.706    32.8396     2.5936          0          0  0.000e+00
  1026.6905    102.915    103.783    32.8482     2.5878          1          1  0.000e+00
  1026.6929    102.992    103.861    32.8505     2.5849          1          1  0.000e+00
  1026.6986    103.072    103.941    32.8570     2.5838          1          1  0.000e+00
  1026.7013    103.135    104.006    32.8601     2.5847          1          1  0.000e+00
  1026.7093    103.185    104.056    32.8702     2.5872          1          1  0.000e+00
  1026.7154    103.222    104.093    32.8781     2.5923          1          1  0.000e+00
  1026.7103    103.252    104.123    32.8723     2.5994          1          1  0.000e+00
  1026.7046    103.268    104.139    32.8656     2.6046          1          1  0.000e+00
  1026.7092    103.278    104.149    32.8716     2.6074          1          1  0.000e+00
  1026.7117    103.281    104.152    32.8751     2.6110          1          1  0.000e+00
  1026.7163    103.279    104.150    32.8814     2.6158          1          1  0.000e+00
  1026.7125    103.276    104.148    32.8772     2.6216          1          1  0.000e+00
  1026.6995    103.274    104.146    32.8614     2.6259          1          1  0.000e+00
  1026.7039    103.274    104.146    32.8669     2.6255          1          1  0.000e+00
  1026.7067    103.272    104.144    32.8705     2.6255          1          1  0.000e+00
  1026.7060    103.268    104.139    32.8696     2.6267          1          1  0.000e+00
  1026.7065    103.260    104.131    32.8705     2.6279          1          1  0.000e+00
  1026.7056    103.238    104.109    32.8696     2.6292          1          1  0.000e+00
  1026.7070    103.200    104.071    32.8718     2.6301          1          1  0.000e+00
  1026.7064    103.144    104.014    32.8714     2.6314          1          1  0.000e+00
  1026.7033    103.078    103.948    32.8681     2.6327          1          1  0.000e+00
  1026.7014    103.008    103.877    32.8661     2.6328          1          1  0.000e+00
  1026.6994    102.943    103.811    32.8640     2.6322          1          1  0.000e+00
  1026.6958    102.894    103.762    32.8595     2.6309          1          1  0.000e+00
  1026.6975    102.863    103.731    32.8617     2.6288          1          1  0.000e+00
  1026.6975    102.848    103.716    32.8616     2.6273          1          1  0.000e+00
  1026.6910    102.847    103.715    32.8533     2.6261          1          1  0.000e+00
  1026.6860    102.854    103.721    32.8466     2.6222          1          1  0.000e+00
  1026.6840    102.860    103.728    32.8434     2.6161          1          1  0.000e+00
  1026.6883    102.860    103.728    32.8481     2.6092          1          1  0.000e+00
  1026.6905    102.857    103.725    32.8503     2.6043          1          1  0.000e+00
  1026.6886    102.854    103.721    32.8477     2.6011          1          1  0.000e+00
  1026.6875    102.861    103.729    32.8458     2.5977          1          1  0.000e+00
  1026.6852    102.880    103.748    32.8424     2.5938          1          1  0.000e+00
  1026.6896    102.914    103.782    32.8473     2.5893          1          1  0.000e+00
  1026.6905    102.968    103.837    32.8478     2.5863          1          1  0.000e+00
  1026.7042    103.038    103.907    32.8644     2.5841          1          1  0.000e+00
  1026.7102    103.113    103.983    32.8716     2.5865          1          1  0.000e+00
  1026.6975    103.199    104.070    32.8558     2.5919          1          1  0.000e+00
  1026.6961    103.272    104.144    32.8536     2.5928          1          1  0.000e+00
  1026.7013    103.330    104.202    32.8598     2.5920          1          1  0.000e+00
  1026.7220    103.364    104.236    32.8856     2.5937          1          1  0.000e+00
  1026.7314    103.372    104.244    32.8984     2.6029          1          1  0.000e+00
  1026.7089    103.354    104.226    32.8717     2.6156          1          1  0.000e+00
  1026.6948    103.308    104.180    32.8547     2.6201          1          1  0.000e+00
  1026.6875    103.245    104.116    32.8457     2.6177          1          1  0.000e+00
  1026.6932    103.174    104.044    32.8527     2.6128          1          1  0.000e+00
  1026.6970    103.105    103.975    32.8577     2.6098          1          1  0.000e+00
  1026.6936    103.038    103.908    32.8537     2.6091          1          1  0.000e+00
  1026.6937    102.995    103.864    32.8539     2.6076          1          1  0.000e+00
  1026.6935    102.961    103.829    32.8537     2.6056          1          1  0.000e+00
  1026.6937    102.942    103.810    32.8538     2.6041          1          1  0.000e+00
  1026.6889    102.933    103.802    32.8476     2.6025          1          1  0.000e+00
  1026.6865    102.932    103.801    32.8444     2.5993          1          1  0.000e+00
  1026.6890    102.935    103.804    32.8470     2.5951          1          1  0.000e+00
  1026.6869    102.934    103.803    32.8441     2.5917          1          1  0.000e+00
  1026.6884    102.933    103.802    32.8456     2.5879          1          1  0.000e+00
  1026.6904    102.925    103.793    32.8477     2.5849          1          1  0.000e+00
  1026.6922    102.915    103.784    32.8499     2.5831          1          1  0.000e+00
  1026.6938    102.906    103.774    32.8519     2.5821          1          1  0.000e+00
  1026.6967    102.905    103.773    32.8554     2.5820          1          1  0.000e+00
  1026.6997    102.915    103.784    32.8592     2.5830          1          1  0.000e+00
  1026.7082    102.942    103.810    32.8701     2.5853          1          1  0.000e+00
  1026.7165    102.994    103.863    32.8807     2.5906          1          1  0.000e+00
  1026.7204    103.060    103.930    32.8861     2.5992          1          1  0.000e+00
  1026.7091    103.140    104.010    32.8724     2.6085          1          1  0.000e+00
  1026.7002    103.221    104.092    32.8612     2.6130          1          1  0.000e+00
  1026.6885    103.297    104.169    32.8462     2.6133          1          1  0.000e+00
  1026.6943    103.361    104.233    32.8526     2.6083          1          1  0.000e+00
  1026.7509    103.406    104.279    32.9230     2.6064          1          1  0.000e+00
  1026.7802    103.427    104.300    32.9614     2.6236          1          1  0.000e+00
  1026.7470    103.434    104.307    32.9229     2.6528          1          1  0.000e+00
  1026.7232    103.418    104.291    32.8951     2.6711          1          1  0.000e+00
  1026.7084    103.388    104.261    32.8774     2.6775          1          1  0.000e+00
  1026.7046    103.338    104.210    32.8728     2.6765          1          1  0.000e+00
  1026.7031    103.277    104.148    32.8711     2.6735          1          1  0.000e+00
  1026.7095    103.209    104.080    32.8791     2.6696          1          1  0.000e+00
  1026.7051    103.133    104.003    32.8738     2.6684          1          1  0.000e+00
  1026.6886    103.062    103.931    32.8533     2.6663          1          1  0.000e+00
  1026.6913    102.999    103.868    32.8563     2.6584          1          1  0.000e+00
  1026.6863    102.949    103.818    32.8494     2.6505          1          1  0.000e+00
  1026.6762    102.922    103.790    32.8361     2.6418          1          1  0.000e+00
  1026.6634    102.920    103.788    32.8187     2.6296          1          1  0.000e+00
  1026.6718    102.935    103.804    32.8275     2.6137          1          1  0.000e+00
  1026.6794    102.973    103.841    32.8354     2.6008          1          1  0.000e+00
  1026.7188    103.021    103.891    32.8836     2.5933          1          1  0.000e+00
  1026.6979    103.072    103.942    32.8578     2.5988          1          1  0.000e+00
  1026.7185    103.109    103.979    32.8835     2.6006          1          1  0.000e+00
  1026.7027    103.133    104.003    32.8641     2.6055          1          1  0.000e+00
  1026.6830    103.133    104.003    32.8397     2.6078          1          1  0.000e+00
  1026.6826    103.110    103.981    32.8387     2.6016          1          1  0.000e+00
  1026.6871    103.070    103.940    32.8439     2.5947          1          1  0.000e+00
  1026.6899    103.019    103.889    32.8472     2.5902          1          1  0.000e+00
  1026.6909    102.968    103.837    32.8484     2.5874          1          1  0.000e+00
  1026.6911    102.931    103.800    32.8487     2.5854          1          1  0.000e+00
  1026.6909    102.912    103.781    32.8483     2.5837          1          1  0.000e+00
  1026.6899    102.919    103.787    32.8469     2.5823          1          1  0.000e+00
  1026.6902    102.948    103.817    32.8469     2.5804          1          1  0.000e+00
  1026.6932    102.997    103.866    32.8501     2.5787          1          1  0.000e+00
  1026.6944    103.058    103.927    32.8512     2.5779          1          1  0.000e+00
  1026.6971    103.116    103.986    32.8542     2.5777          1          1  0.000e+00
  1026.7009    103.162    104.033    32.8589     2.5785          1          1  0.000e+00
  1026.7360    103.190    104.061    32.9030     2.5818          1          1  0.000e+00
  1026.7389    103.203    104.074    32.9081     2.5963          1          1  0.000e+00
  1026.7186    103.195    104.066    32.8846     2.6140          1          1  0.000e+00
  1026.7133    103.178    104.049    32.8789     2.6225          1          1  0.000e+00
  1026.7148    103.160    104.031    32.8814     2.6269          1          1  0.000e+00
  1026.7293    103.146    104.016    32.9002     2.6326          1          1  0.000e+00
  1026.7320    103.148    104.018    32.9046     2.6422          1          1  0.000e+00
  1026.7164    103.166    104.036    32.8861     2.6528          1          1  0.000e+00
  1026.7121    103.200    104.070    32.8811     2.6575          1          1  0.000e+00
  1026.7105    103.237    104.108    32.8790     2.6591          1          1  0.000e+00
  1026.7112    103.277    104.149    32.8796     2.6595          1          1  0.000e+00
  1026.7129    103.310    104.182    32.8816     2.6603          1          1  0.000e+00
  1026.7151    103.327    104.199    32.8844     2.6612          1          1  0.000e+00
  1026.7235    103.329    104.201    32.8951     2.6632          1          1  0.000e+00
  1026.7185    103.310    104.182    32.8894     2.6674          1          1  0.000e+00
  1026.7228    103.277    104.149    32.8954     2.6706          1          1  0.000e+00
  1026.7205    103.239    104.110    32.8931     2.6747          1          1  0.000e+00
  1026.7008    103.195    104.066    32.8690     2.6776          1          1  0.000e+00
  1026.6979    103.164    104.034    32.8652     2.6739          1          1  0.000e+00
  1026.6938    103.146    104.016    32.8596     2.6677          1          1  0.000e+00
  1026.6941    103.141    104.012    32.8592     2.6607          1          1  0.000e+00
  1026.7060    103.149    104.019    32.8733     2.6540          1          1  0.000e+00
  1026.7112    103.164    104.034    32.8795     2.6518          1          1  0.000e+00
  1026.7220    103.182    104.052    32.8930     2.6531          1          1  0.000e+00
  1026.7392    103.188    104.059    32.9152     2.6584          1          1  0.000e+00
  1026.7122    103.183    104.053    32.8824     2.6686          1          1  0.000e+00
  1026.7053    103.163    104.033    32.8743     2.6714          1          1  0.000e+00
  1026.7062    103.129    103.999    32.8753     2.6690          1          1  0.000e+00
  1026.7090    103.085    103.955    32.8789     2.6669          1          1  0.000e+00
  1026.7094    103.040    103.909    32.8795     2.6658          1          1  0.000e+00
  1026.7081    103.002    103.871    32.8781     2.6655          1          1  0.000e+00
  1026.7036    102.976    103.845    32.8725     2.6648          1          1  0.000e+00
  1026.7030    102.970    103.839    32.8716     2.6626          1          1  0.000e+00
  1026.7035    102.977    103.846    32.8718     2.6598          1          1  0.000e+00
  1026.7075    103.008    103.877    32.8765     2.6576          1          1  0.000e+00
  1026.7100    103.046    103.916    32.8792     2.6568          1          1  0.000e+00
