data/eDNA/PER-2021-171/171d002.cnv
* Sea-Bird SBE19plus  Data File:
* FileName = C:\Users\RSG_field\Ryan_2021_Perley\CTD\171d002.hex
* Software version 2.3.0 SB_Terminal.dll
* Temperature SN = 7141
* Conductivity SN = 7141
* System UpLoad Time = Aug 09 2021 11:17:55
* <ApplicationData>
* <SeatermAF>
** Platform: M. Perley
** Cruise: Per2021171
** Station:  ESI-08
** Cast: 01 04
** Latitude: N  44 40.196
** Longitude: W 62 21.335
** Sounding: 112
** Chief Scientist: Ryan Stanley
** Comment: forth cast for water chemistry
** 5, 15, 25, 50, 80, bottom 171d002
# nquan = 8
# nvalues = 4092                                  
# units = specified
# name 0 = density00: Density [density, kg/m^3]
# name 1 = depSM: Depth [salt water, m], lat = 45.00
# name 2 = prdM: Pressure, Strain Gauge [db]
# name 3 = sal00: Salinity, Practical [PSU]
# name 4 = tv290C: Temperature [ITS-90, deg C]
# name 5 = bpos: Bottle Position in Carousel
# name 6 = nbf: Bottles Fired
# name 7 = flag:  0.000e+00
# span 0 =   998.8054,  1026.5388                 
# span 1 =      0.019,    100.333                 
# span 2 =      0.019,    101.179                 
# span 3 =     0.0000,    32.8907                 
# span 4 =     3.1657,    17.8566                 
# span 5 =          0,          6                 
# span 6 =          0,          6                 
# span 7 = 0.0000e+00, 0.0000e+00                 
# interval = seconds: 0.25
# start_time = Aug 09 2021 13:45:30 [Instrument's time stamp, header]
# bad_flag = -9.990e-29
*END*
[from data line 3057]
  1026.4687     93.000     93.782    32.8138     4.1610          1          1  0.000e+00
  1026.4685     92.865     93.646    32.8143     4.1599          1          1  0.000e+00
  1026.4684     92.722     93.502    32.8149     4.1590          1          1  0.000e+00
  1026.4656     92.564     93.343    32.8122     4.1584          1          1  0.000e+00
  1026.4648     92.390     93.167    32.8121     4.1572          1          1  0.000e+00
  1026.4647     92.199     92.975    32.8129     4.1558          1          1  0.000e+00
  1026.4629     91.994     92.767    32.8117     4.1547          1          1  0.000e+00
  1026.4613     91.784     92.556    32.8108     4.1536          1          1  0.000e+00
  1026.4588     91.575     92.345    32.8087     4.1521          1          1  0.000e+00
  1026.4577     91.383     92.151    32.8082     4.1502          1          1  0.000e+00
  1026.4560     91.212     91.979    32.8068     4.1482          1          1  0.000e+00
  1026.4552     91.066     91.832    32.8063     4.1460          1          1  0.000e+00
  1026.4545     90.951     91.716    32.8058     4.1439          1          1  0.000e+00
  1026.4531     90.854     91.618    32.8044     4.1418          1          1  0.000e+00
  1026.4535     90.768     91.531    32.8051     4.1394          1          1  0.000e+00
  1026.4530     90.681     91.443    32.8047     4.1372          1          1  0.000e+00
  1026.4533     90.586     91.347    32.8055     4.1354          1          1  0.000e+00
  1026.4548     90.481     91.241    32.8077     4.1338          1          1  0.000e+00
  1026.4517     90.364     91.124    32.8045     4.1334          1          1  0.000e+00
  1026.4441     90.234     90.992    32.7955     4.1320          1          1  0.000e+00
  1026.4468     90.098     90.855    32.7991     4.1282          1          1  0.000e+00
  1026.4470     89.963     90.719    32.7999     4.1255          1          1  0.000e+00
  1026.4451     89.840     90.595    32.7980     4.1233          1          1  0.000e+00
  1026.4430     89.731     90.485    32.7957     4.1211          1          1  0.000e+00
  1026.4413     89.643     90.396    32.7937     4.1182          1          1  0.000e+00
  1026.4406     89.571     90.324    32.7927     4.1147          1          1  0.000e+00
  1026.4408     89.514     90.266    32.7929     4.1115          1          1  0.000e+00
  1026.4386     89.458     90.209    32.7900     4.1084          1          1  0.000e+00
  1026.4359     89.393     90.144    32.7865     4.1047          1          1  0.000e+00
  1026.4362     89.312     90.063    32.7869     4.1002          1          1  0.000e+00
  1026.4393     89.212     89.961    32.7908     4.0960          1          1  0.000e+00
  1026.4438     89.083     89.832    32.7969     4.0938          1          1  0.000e+00
  1026.4275     88.926     89.674    32.7774     4.0934          1          1  0.000e+00
  1026.4255     88.754     89.499    32.7751     4.0880          1          1  0.000e+00
  1026.4171     88.565     89.309    32.7648     4.0814          1          1  0.000e+00
  1026.3943     88.365     89.108    32.7360     4.0718          1          1  0.000e+00
  1026.3895     88.160     88.900    32.7290     4.0550          1          1  0.000e+00
  1026.3919     87.970     88.709    32.7309     4.0364          1          1  0.000e+00
  1026.3923     87.789     88.526    32.7303     4.0201          1          1  0.000e+00
  1026.3970     87.625     88.361    32.7354     4.0056          1          1  0.000e+00
  1026.3939     87.494     88.229    32.7309     3.9941          1          1  0.000e+00
  1026.3815     87.391     88.125    32.7144     3.9831          1          1  0.000e+00
  1026.3833     87.316     88.049    32.7152     3.9682          1          1  0.000e+00
  1026.3784     87.266     87.999    32.7075     3.9534          1          1  0.000e+00
  1026.3791     87.228     87.960    32.7066     3.9381          1          1  0.000e+00
  1026.3788     87.196     87.928    32.7046     3.9229          1          1  0.000e+00
  1026.3868     87.151     87.883    32.7131     3.9093          1          1  0.000e+00
  1026.3942     87.086     87.817    32.7216     3.8994          1          1  0.000e+00
  1026.4073     87.002     87.733    32.7379     3.8940          1          1  0.000e+00
  1026.4092     86.895     87.625    32.7410     3.8946          1          1  0.000e+00
  1026.4084     86.768     87.496    32.7412     3.8978          1          1  0.000e+00
  1026.3995     86.634     87.362    32.7312     3.9008          1          1  0.000e+00
  1026.3877     86.499     87.226    32.7171     3.9008          1          1  0.000e+00
  1026.3767     86.368     87.093    32.7034     3.8955          1          1  0.000e+00
  1026.3776     86.241     86.965    32.7041     3.8865          1          1  0.000e+00
  1026.3804     86.125     86.848    32.7072     3.8777          1          1  0.000e+00
  1026.3849     86.015     86.737    32.7127     3.8711          1          1  0.000e+00
  1026.3876     85.913     86.634    32.7162     3.8667          1          1  0.000e+00
  1026.3866     85.811     86.532    32.7153     3.8644          1          1  0.000e+00
  1026.3842     85.707     86.427    32.7126     3.8620          1          1  0.000e+00
  1026.3831     85.602     86.321    32.7115     3.8595          1          1  0.000e+00
  1026.3817     85.490     86.208    32.7100     3.8566          1          1  0.000e+00
  1026.3640     85.372     86.089    32.6881     3.8538          1          1  0.000e+00
  1026.3325     85.252     85.967    32.6480     3.8448          1          1  0.000e+00
  1026.3310     85.126     85.841    32.6445     3.8250          1          1  0.000e+00
  1026.3419     85.001     85.715    32.6563     3.8042          1          1  0.000e+00
  1026.3530     84.874     85.586    32.6691     3.7889          1          1  0.000e+00
  1026.3579     84.739     85.451    32.6751     3.7807          1          1  0.000e+00
  1026.3534     84.592     85.302    32.6697     3.7753          1          1  0.000e+00
  1026.3468     84.434     85.143    32.6615     3.7688          1          1  0.000e+00
  1026.3499     84.264     84.972    32.6654     3.7612          1          1  0.000e+00
  1026.3463     84.093     84.798    32.6613     3.7554          1          1  0.000e+00
  1026.3435     83.933     84.637    32.6579     3.7498          1          1  0.000e+00
  1026.3373     83.787     84.490    32.6503     3.7434          1          1  0.000e+00
  1026.3343     83.667     84.369    32.6462     3.7356          1          1  0.000e+00
  1026.3290     83.574     84.275    32.6391     3.7272          1          1  0.000e+00
  1026.3301     83.507     84.208    32.6397     3.7177          1          1  0.000e+00
  1026.3354     83.461     84.161    32.6456     3.7085          1          1  0.000e+00
  1026.3290     83.424     84.124    32.6369     3.7020          1          1  0.000e+00
  1026.3274     83.396     84.096    32.6341     3.6944          1          1  0.000e+00
  1026.3301     83.355     84.054    32.6368     3.6871          1          1  0.000e+00
  1026.3343     83.288     83.987    32.6418     3.6814          1          1  0.000e+00
  1026.3409     83.186     83.884    32.6504     3.6783          1          1  0.000e+00
  1026.3449     83.043     83.740    32.6563     3.6784          1          1  0.000e+00
  1026.3397     82.865     83.560    32.6511     3.6807          1          1  0.000e+00
  1026.3315     82.662     83.356    32.6421     3.6817          1          1  0.000e+00
  1026.3217     82.450     83.142    32.6308     3.6801          1          1  0.000e+00
  1026.3169     82.247     82.937    32.6254     3.6753          1          1  0.000e+00
  1026.3156     82.063     82.752    32.6241     3.6691          1          1  0.000e+00
  1026.3185     81.912     82.599    32.6279     3.6632          1          1  0.000e+00
  1026.3195     81.797     82.483    32.6293     3.6591          1          1  0.000e+00
  1026.3117     81.715     82.400    32.6197     3.6558          1          1  0.000e+00
  1026.3148     81.649     82.333    32.6233     3.6505          1          1  0.000e+00
  1026.3141     81.589     82.274    32.6222     3.6455          1          1  0.000e+00
  1026.3144     81.522     82.205    32.6226     3.6418          1          1  0.000e+00
  1026.3163     81.441     82.124    32.6249     3.6385          1          1  0.000e+00
  1026.3189     81.341     82.023    32.6285     3.6366          1          1  0.000e+00
  1026.3207     81.214     81.895    32.6315     3.6360          1          1  0.000e+00
  1026.3158     81.076     81.756    32.6263     3.6369          1          1  0.000e+00
  1026.3111     80.932     81.611    32.6212     3.6366          1          1  0.000e+00
  1026.3103     80.795     81.473    32.6208     3.6349          1          1  0.000e+00
  1026.3099     80.684     81.360    32.6208     3.6336          1          1  0.000e+00
  1026.3033     80.593     81.268    32.6130     3.6322          1          1  0.000e+00
  1026.3017     80.526     81.201    32.6109     3.6290          1          1  0.000e+00
  1026.3001     80.472     81.146    32.6088     3.6252          1          1  0.000e+00
  1026.2984     80.425     81.099    32.6063     3.6208          1          1  0.000e+00
  1026.3004     80.369     81.043    32.6087     3.6163          1          1  0.000e+00
  1026.3003     80.302     80.975    32.6085     3.6129          1          1  0.000e+00
  1026.3001     80.204     80.876    32.6085     3.6101          2          2  0.000e+00
  1026.3045     80.082     80.753    32.6145     3.6081          2          2  0.000e+00
  1026.3026     79.927     80.597    32.6131     3.6080          2          2  0.000e+00
  1026.2961     79.746     80.414    32.6060     3.6076          2          2  0.000e+00
  1026.2963     79.542     80.209    32.6071     3.6057          2          2  0.000e+00
  1026.2946     79.325     79.989    32.6062     3.6044          2          2  0.000e+00
  1026.2901     79.096     79.758    32.6016     3.6028          2          2  0.000e+00
  1026.2870     78.885     79.546    32.5987     3.6005          2          2  0.000e+00
  1026.2872     78.701     79.361    32.5996     3.5974          2          2  0.000e+00
  1026.2866     78.554     79.212    32.5994     3.5947          2          2  0.000e+00
  1026.2844     78.453     79.110    32.5970     3.5923          2          2  0.000e+00
  1026.2846     78.408     79.064    32.5972     3.5894          2          2  0.000e+00
  1026.2770     78.399     79.056    32.5874     3.5865          2          2  0.000e+00
  1026.2715     78.422     79.079    32.5796     3.5810          2          2  0.000e+00
  1026.2749     78.460     79.117    32.5829     3.5739          2          2  0.000e+00
  1026.2788     78.487     79.145    32.5869     3.5685          2          2  0.000e+00
  1026.2826     78.494     79.151    32.5913     3.5651          2          2  0.000e+00
  1026.2845     78.465     79.122    32.5937     3.5638          2          2  0.000e+00
  1026.2863     78.398     79.055    32.5964     3.5638          2          2  0.000e+00
  1026.2886     78.292     78.948    32.5999     3.5648          2          2  0.000e+00
  1026.2848     78.155     78.810    32.5963     3.5669          2          2  0.000e+00
  1026.2808     77.994     78.647    32.5924     3.5681          2          2  0.000e+00
  1026.2775     77.814     78.466    32.5892     3.5681          2          2  0.000e+00
  1026.2747     77.625     78.275    32.5867     3.5670          2          2  0.000e+00
  1026.2731     77.432     78.081    32.5857     3.5654          2          2  0.000e+00
  1026.2695     77.245     77.891    32.5821     3.5638          2          2  0.000e+00
  1026.2664     77.065     77.711    32.5789     3.5615          2          2  0.000e+00
  1026.2642     76.892     77.535    32.5769     3.5584          2          2  0.000e+00
  1026.2638     76.732     77.375    32.5769     3.5552          2          2  0.000e+00
  1026.2618     76.579     77.220    32.5751     3.5527          2          2  0.000e+00
  1026.2623     76.434     77.073    32.5762     3.5503          2          2  0.000e+00
  1026.2579     76.296     76.934    32.5713     3.5484          2          2  0.000e+00
  1026.2590     76.168     76.806    32.5731     3.5455          2          2  0.000e+00
  1026.2565     76.047     76.683    32.5704     3.5434          2          2  0.000e+00
  1026.2585     75.928     76.563    32.5734     3.5414          2          2  0.000e+00
  1026.2573     75.823     76.457    32.5723     3.5400          2          2  0.000e+00
  1026.2541     75.731     76.364    32.5687     3.5389          2          2  0.000e+00
  1026.2465     75.654     76.287    32.5594     3.5367          2          2  0.000e+00
  1026.2455     75.593     76.225    32.5579     3.5326          2          2  0.000e+00
  1026.2507     75.538     76.170    32.5643     3.5283          2          2  0.000e+00
  1026.2510     75.482     76.114    32.5648     3.5263          2          2  0.000e+00
  1026.2497     75.426     76.058    32.5633     3.5250          2          2  0.000e+00
  1026.2512     75.362     75.992    32.5654     3.5234          2          2  0.000e+00
  1026.2492     75.295     75.925    32.5632     3.5227          2          2  0.000e+00
  1026.2483     75.233     75.863    32.5624     3.5215          2          2  0.000e+00
  1026.2502     75.156     75.785    32.5650     3.5204          2          2  0.000e+00
  1026.2490     75.073     75.702    32.5640     3.5202          2          2  0.000e+00
  1026.2446     74.994     75.621    32.5590     3.5202          2          2  0.000e+00
  1026.2398     74.908     75.535    32.5533     3.5188          2          2  0.000e+00
  1026.2435     74.807     75.433    32.5582     3.5165          2          2  0.000e+00
  1026.2406     74.714     75.339    32.5550     3.5157          2          2  0.000e+00
  1026.2388     74.614     75.239    32.5532     3.5148          2          2  0.000e+00
  1026.2394     74.508     75.132    32.5545     3.5134          2          2  0.000e+00
  1026.2363     74.403     75.026    32.5511     3.5124          2          2  0.000e+00
  1026.2318     74.284     74.906    32.5459     3.5108          2          2  0.000e+00
  1026.2355     74.167     74.787    32.5509     3.5081          2          2  0.000e+00
  1026.2318     74.031     74.650    32.5469     3.5067          2          2  0.000e+00
  1026.2296     73.882     74.500    32.5448     3.5050          2          2  0.000e+00
  1026.2290     73.721     74.338    32.5447     3.5024          2          2  0.000e+00
  1026.2256     73.527     74.143    32.5413     3.5001          2          2  0.000e+00
  1026.2138     73.325     73.938    32.5274     3.4974          2          2  0.000e+00
  1026.2125     73.105     73.717    32.5264     3.4914          2          2  0.000e+00
  1026.2164     72.887     73.497    32.5318     3.4851          2          2  0.000e+00
  1026.2126     72.667     73.274    32.5279     3.4811          2          2  0.000e+00
  1026.2088     72.457     73.063    32.5240     3.4771          2          2  0.000e+00
  1026.2084     72.270     72.874    32.5241     3.4727          2          2  0.000e+00
  1026.2064     72.124     72.727    32.5219     3.4683          2          2  0.000e+00
  1026.2042     71.999     72.601    32.5194     3.4640          2          2  0.000e+00
  1026.2018     71.926     72.528    32.5162     3.4601          2          2  0.000e+00
  1026.2021     71.881     72.482    32.5164     3.4557          2          2  0.000e+00
