data/eDNA/PER-2021-171/171d026.cnv
* Sea-Bird SBE19plus  Data File:
* FileName = C:\Users\RSG_field\Ryan_2021_Perley\CTD\171d026.hex
* Software version 2.3.0 SB_Terminal.dll
* Temperature SN = 7141
* Conductivity SN = 7141
* System UpLoad Time = Aug 18 2021 13:17:52
* <ApplicationData>
* <SeatermAF>
** Platform: M. Perley
** Cruise: Per2021171
** Station:  SAB_02
** Cast: 01 4
** Latitude: N  45 50.647
** Longitude: W 60 07.903
** Sounding: 24.5
** Chief Scientist: Ryan Stanley
** Comment: 171d026
# nquan = 8
# nvalues = 2342                                  
# units = specified
# name 0 = density00: Density [density, kg/m^3]
# name 1 = depSM: Depth [salt water, m], lat = 45.00
# name 2 = prdM: Pressure, Strain Gauge [db]
# name 3 = sal00: Salinity, Practical [PSU]
# name 4 = tv290C: Temperature [ITS-90, deg C]
# name 5 = bpos: Bottle Position in Carousel
# name 6 = nbf: Bottles Fired
# name 7 = flag:  0.000e+00
# span 0 =   998.9425,  1024.4235                 
# span 1 =     -0.016,     25.368                 
# span 2 =     -0.016,     25.577                 
# span 3 =     0.0082,    31.0284                 
# span 4 =     6.8323,    18.1330                 
# span 5 =          0,          3                 
# span 6 =          0,          3                 
# span 7 = 0.0000e+00, 0.0000e+00                 
# interval = seconds: 0.25
# start_time = Aug 18 2021 16:05:32 [Instrument's time stamp, header]
# bad_flag = -9.990e-29
*END*
[from data line 1618]
  1024.4017     25.327     25.535    30.9957     6.8617          0          0  0.000e+00
  1024.3958     25.316     25.525    30.9885     6.8637          0          0  0.000e+00
  1024.3972     25.304     25.513    30.9903     6.8628          0          0  0.000e+00
  1024.3990     25.294     25.502    30.9925     6.8623          0          0  0.000e+00
  1024.3991     25.282     25.490    30.9928     6.8630          0          0  0.000e+00
  1024.4003     25.274     25.482    30.9945     6.8637          0          0  0.000e+00
  1024.3996     25.263     25.471    30.9941     6.8659          0          0  0.000e+00
  1024.3947     25.256     25.464    30.9881     6.8678          0          0  0.000e+00
  1024.3982     25.250     25.458    30.9926     6.8673          0          0  0.000e+00
  1024.3929     25.247     25.455    30.9858     6.8670          0          0  0.000e+00
  1024.3928     25.247     25.455    30.9853     6.8648          0          0  0.000e+00
  1024.3925     25.249     25.457    30.9844     6.8617          0          0  0.000e+00
  1024.3948     25.250     25.458    30.9868     6.8585          0          0  0.000e+00
  1024.3964     25.254     25.463    30.9884     6.8558          0          0  0.000e+00
  1024.3989     25.261     25.469    30.9912     6.8539          0          0  0.000e+00
  1024.3984     25.271     25.480    30.9904     6.8531          0          0  0.000e+00
  1024.4005     25.280     25.488    30.9929     6.8523          0          0  0.000e+00
  1024.3999     25.289     25.498    30.9921     6.8527          0          0  0.000e+00
  1024.3983     25.301     25.510    30.9901     6.8527          0          0  0.000e+00
  1024.3966     25.313     25.521    30.9877     6.8515          0          0  0.000e+00
  1024.3994     25.322     25.531    30.9909     6.8498          0          0  0.000e+00
  1024.3995     25.336     25.545    30.9906     6.8482          0          0  0.000e+00
  1024.4015     25.343     25.552    30.9929     6.8467          0          0  0.000e+00
  1024.4003     25.353     25.562    30.9913     6.8463          0          0  0.000e+00
  1024.4015     25.359     25.569    30.9925     6.8451          0          0  0.000e+00
  1024.4041     25.366     25.575    30.9957     6.8442          0          0  0.000e+00
  1024.4078     25.366     25.575    31.0005     6.8451          0          0  0.000e+00
  1024.4052     25.365     25.574    30.9977     6.8484          0          0  0.000e+00
  1024.4077     25.358     25.567    31.0014     6.8516          0          0  0.000e+00
  1024.4034     25.353     25.562    30.9968     6.8560          0          0  0.000e+00
  1024.4029     25.341     25.550    30.9968     6.8597          0          0  0.000e+00
  1024.4001     25.329     25.537    30.9937     6.8624          0          0  0.000e+00
  1024.4012     25.314     25.523    30.9954     6.8639          0          0  0.000e+00
  1024.4045     25.297     25.505    31.0001     6.8659          0          0  0.000e+00
  1024.3995     25.282     25.490    30.9944     6.8693          0          0  0.000e+00
  1024.3953     25.265     25.473    30.9893     6.8707          0          0  0.000e+00
  1024.3941     25.251     25.459    30.9877     6.8698          0          0  0.000e+00
  1024.3942     25.239     25.447    30.9877     6.8677          0          0  0.000e+00
  1024.3957     25.230     25.438    30.9894     6.8664          0          0  0.000e+00
  1024.3935     25.223     25.431    30.9865     6.8658          0          0  0.000e+00
  1024.3953     25.222     25.430    30.9885     6.8638          0          0  0.000e+00
  1024.3963     25.222     25.430    30.9895     6.8614          0          0  0.000e+00
  1024.3945     25.224     25.432    30.9868     6.8591          0          0  0.000e+00
  1024.3944     25.233     25.441    30.9858     6.8543          0          0  0.000e+00
  1024.3981     25.242     25.450    30.9895     6.8488          0          0  0.000e+00
  1024.4007     25.254     25.463    30.9923     6.8462          0          0  0.000e+00
  1024.4011     25.266     25.474    30.9928     6.8461          0          0  0.000e+00
  1024.4017     25.280     25.488    30.9935     6.8462          0          0  0.000e+00
  1024.4019     25.290     25.499    30.9937     6.8468          0          0  0.000e+00
  1024.4038     25.304     25.513    30.9962     6.8478          0          0  0.000e+00
  1024.4018     25.316     25.525    30.9941     6.8505          0          0  0.000e+00
  1024.4016     25.322     25.531    30.9940     6.8522          0          0  0.000e+00
  1024.3998     25.331     25.540    30.9919     6.8534          0          0  0.000e+00
  1024.4016     25.333     25.542    30.9943     6.8541          0          0  0.000e+00
  1024.4000     25.334     25.543    30.9925     6.8556          0          0  0.000e+00
  1024.4016     25.334     25.543    30.9946     6.8565          0          0  0.000e+00
  1024.4003     25.335     25.544    30.9933     6.8582          0          0  0.000e+00
  1024.3956     25.334     25.543    30.9876     6.8600          0          0  0.000e+00
  1024.3984     25.331     25.540    30.9909     6.8589          0          0  0.000e+00
  1024.3975     25.326     25.535    30.9898     6.8589          0          0  0.000e+00
  1024.3979     25.324     25.533    30.9903     6.8584          0          0  0.000e+00
  1024.4039     25.322     25.531    30.9980     6.8584          0          0  0.000e+00
  1024.4003     25.320     25.529    30.9939     6.8614          0          0  0.000e+00
  1024.3974     25.317     25.526    30.9906     6.8634          0          0  0.000e+00
  1024.3967     25.310     25.518    30.9897     6.8633          0          0  0.000e+00
  1024.3969     25.306     25.515    30.9898     6.8625          0          0  0.000e+00
  1024.3977     25.302     25.511    30.9908     6.8619          0          0  0.000e+00
  1024.3999     25.299     25.508    30.9937     6.8621          0          0  0.000e+00
  1024.4000     25.290     25.499    30.9940     6.8631          0          0  0.000e+00
  1024.3970     25.286     25.495    30.9904     6.8643          0          0  0.000e+00
  1024.4016     25.280     25.488    30.9963     6.8643          0          0  0.000e+00
  1024.4007     25.275     25.483    30.9954     6.8664          0          0  0.000e+00
  1024.4001     25.271     25.480    30.9952     6.8688          0          0  0.000e+00
  1024.3910     25.269     25.478    30.9839     6.8706          0          0  0.000e+00
  1024.3990     25.271     25.480    30.9936     6.8677          0          0  0.000e+00
  1024.3927     25.273     25.482    30.9855     6.8679          0          0  0.000e+00
  1024.3917     25.279     25.487    30.9839     6.8657          0          0  0.000e+00
  1024.3974     25.284     25.493    30.9906     6.8623          0          0  0.000e+00
  1024.3925     25.293     25.501    30.9841     6.8611          0          0  0.000e+00
  1024.3916     25.300     25.509    30.9825     6.8586          0          0  0.000e+00
  1024.3929     25.307     25.516    30.9835     6.8550          0          0  0.000e+00
  1024.3986     25.314     25.522    30.9899     6.8495          0          0  0.000e+00
  1024.4060     25.318     25.527    30.9988     6.8465          0          0  0.000e+00
  1024.4046     25.320     25.529    30.9973     6.8486          0          0  0.000e+00
  1024.4000     25.318     25.527    30.9920     6.8520          0          0  0.000e+00
  1024.4011     25.314     25.522    30.9935     6.8527          0          0  0.000e+00
  1024.4008     25.307     25.516    30.9931     6.8525          0          0  0.000e+00
  1024.4016     25.300     25.509    30.9943     6.8527          0          0  0.000e+00
  1024.3997     25.294     25.502    30.9919     6.8528          0          0  0.000e+00
  1024.4012     25.285     25.494    30.9937     6.8521          0          0  0.000e+00
  1024.4043     25.279     25.487    30.9976     6.8514          0          0  0.000e+00
  1024.4037     25.275     25.483    30.9970     6.8522          0          0  0.000e+00
  1024.4011     25.270     25.479    30.9940     6.8545          0          0  0.000e+00
  1024.3966     25.267     25.475    30.9886     6.8558          0          0  0.000e+00
  1024.3944     25.266     25.474    30.9855     6.8541          0          0  0.000e+00
  1024.3946     25.268     25.477    30.9852     6.8503          0          0  0.000e+00
  1024.4014     25.269     25.478    30.9931     6.8459          0          0  0.000e+00
  1024.4033     25.273     25.482    30.9953     6.8450          0          0  0.000e+00
  1024.4059     25.277     25.485    30.9987     6.8452          0          0  0.000e+00
  1024.4015     25.284     25.493    30.9933     6.8467          0          0  0.000e+00
  1024.3984     25.290     25.499    30.9894     6.8474          0          0  0.000e+00
  1024.3990     25.299     25.508    30.9898     6.8457          0          0  0.000e+00
  1024.4007     25.304     25.513    30.9916     6.8439          0          0  0.000e+00
  1024.4029     25.312     25.520    30.9942     6.8431          0          0  0.000e+00
  1024.4044     25.316     25.525    30.9962     6.8434          0          0  0.000e+00
  1024.4042     25.321     25.530    30.9962     6.8449          0          0  0.000e+00
  1024.4031     25.324     25.533    30.9951     6.8472          0          0  0.000e+00
  1024.4027     25.326     25.535    30.9949     6.8493          0          0  0.000e+00
  1024.4031     25.324     25.533    30.9960     6.8521          0          0  0.000e+00
  1024.4014     25.322     25.531    30.9941     6.8546          0          0  0.000e+00
  1024.4004     25.318     25.527    30.9932     6.8562          0          0  0.000e+00
  1024.4004     25.313     25.521    30.9934     6.8575          0          0  0.000e+00
  1024.4041     25.305     25.514    30.9984     6.8589          0          0  0.000e+00
  1024.4030     25.299     25.508    30.9976     6.8618          0          0  0.000e+00
  1024.4021     25.295     25.503    30.9970     6.8656          0          0  0.000e+00
  1024.3947     25.291     25.500    30.9881     6.8686          0          0  0.000e+00
  1024.3932     25.284     25.493    30.9861     6.8678          0          0  0.000e+00
  1024.3957     25.283     25.492    30.9889     6.8651          0          0  0.000e+00
  1024.3940     25.281     25.489    30.9865     6.8636          0          0  0.000e+00
  1024.3926     25.278     25.486    30.9842     6.8607          0          0  0.000e+00
  1024.3969     25.281     25.489    30.9889     6.8562          0          0  0.000e+00
  1024.4045     25.284     25.493    30.9983     6.8539          0          0  0.000e+00
  1024.3991     25.287     25.496    30.9916     6.8558          0          0  0.000e+00
  1024.3922     25.291     25.500    30.9829     6.8560          0          0  0.000e+00
  1024.3962     25.296     25.504    30.9871     6.8514          0          0  0.000e+00
  1024.3987     25.301     25.510    30.9896     6.8471          0          0  0.000e+00
  1024.4010     25.310     25.518    30.9921     6.8448          0          0  0.000e+00
  1024.4005     25.315     25.524    30.9914     6.8443          0          0  0.000e+00
  1024.4007     25.322     25.531    30.9914     6.8434          0          0  0.000e+00
  1024.4039     25.330     25.539    30.9952     6.8421          0          0  0.000e+00
  1024.4070     25.333     25.542    30.9991     6.8414          0          0  0.000e+00
  1024.4027     25.337     25.546    30.9938     6.8429          0          0  0.000e+00
  1024.4065     25.336     25.545    30.9987     6.8434          0          0  0.000e+00
  1024.4030     25.336     25.545    30.9945     6.8446          0          0  0.000e+00
  1024.4048     25.335     25.544    30.9970     6.8458          0          0  0.000e+00
  1024.4016     25.331     25.540    30.9931     6.8468          0          0  0.000e+00
  1024.4092     25.320     25.529    31.0028     6.8469          0          0  0.000e+00
  1024.4108     25.311     25.519    31.0054     6.8500          0          0  0.000e+00
  1024.4085     25.299     25.508    31.0033     6.8549          0          0  0.000e+00
  1024.4104     25.285     25.494    31.0066     6.8599          0          0  0.000e+00
  1024.4056     25.273     25.482    31.0016     6.8656          0          0  0.000e+00
  1024.3995     25.261     25.469    30.9946     6.8697          0          0  0.000e+00
  1024.4012     25.249     25.457    30.9970     6.8706          0          0  0.000e+00
  1024.4029     25.241     25.449    30.9991     6.8703          0          0  0.000e+00
  1024.3953     25.232     25.440    30.9899     6.8730          0          0  0.000e+00
  1024.3979     25.228     25.436    30.9933     6.8730          0          0  0.000e+00
  1024.3980     25.227     25.435    30.9932     6.8714          0          0  0.000e+00
  1024.3916     25.227     25.435    30.9848     6.8697          0          0  0.000e+00
  1024.3868     25.234     25.442    30.9778     6.8650          0          0  0.000e+00
  1024.3900     25.241     25.449    30.9807     6.8575          0          0  0.000e+00
  1024.3949     25.250     25.458    30.9857     6.8507          0          0  0.000e+00
  1024.3966     25.263     25.471    30.9871     6.8464          0          0  0.000e+00
  1024.3991     25.272     25.481    30.9897     6.8436          0          0  0.000e+00
  1024.4021     25.285     25.494    30.9931     6.8417          0          0  0.000e+00
  1024.4046     25.299     25.508    30.9962     6.8418          0          0  0.000e+00
  1024.4017     25.314     25.523    30.9928     6.8433          0          0  0.000e+00
  1024.4004     25.324     25.533    30.9911     6.8439          0          0  0.000e+00
  1024.3980     25.334     25.543    30.9879     6.8431          0          0  0.000e+00
  1024.3976     25.343     25.552    30.9870     6.8410          0          0  0.000e+00
  1024.4013     25.349     25.558    30.9912     6.8380          0          0  0.000e+00
  1024.4044     25.354     25.563    30.9949     6.8366          0          0  0.000e+00
  1024.4044     25.356     25.565    30.9950     6.8371          0          0  0.000e+00
  1024.4058     25.356     25.565    30.9967     6.8377          0          0  0.000e+00
  1024.4080     25.356     25.565    30.9998     6.8394          0          0  0.000e+00
  1024.4061     25.352     25.561    30.9980     6.8427          0          0  0.000e+00
  1024.4046     25.348     25.557    30.9966     6.8455          0          0  0.000e+00
  1024.4031     25.342     25.551    30.9950     6.8475          0          0  0.000e+00
  1024.4077     25.335     25.544    31.0011     6.8486          0          0  0.000e+00
  1024.4040     25.326     25.535    30.9971     6.8521          0          0  0.000e+00
  1024.4016     25.318     25.527    30.9945     6.8545          0          0  0.000e+00
  1024.4038     25.311     25.519    30.9974     6.8553          0          0  0.000e+00
  1024.4009     25.300     25.509    30.9940     6.8570          0          0  0.000e+00
  1024.4008     25.290     25.499    30.9942     6.8580          0          0  0.000e+00
  1024.4003     25.284     25.493    30.9937     6.8588          0          0  0.000e+00
  1024.4016     25.276     25.484    30.9955     6.8592          0          0  0.000e+00
  1024.4027     25.270     25.479    30.9971     6.8604          0          0  0.000e+00
  1024.3990     25.267     25.475    30.9928     6.8624          0          0  0.000e+00
  1024.3968     25.264     25.472    30.9900     6.8622          0          0  0.000e+00
  1024.3976     25.263     25.471    30.9906     6.8605          0          0  0.000e+00
