data/eDNA/PER-2021-171/171d028.cnv
* Sea-Bird SBE19plus  Data File:
* FileName = C:\Users\RSG_field\Ryan_2021_Perley\CTD\171d028.hex
* Software version 2.3.0 SB_Terminal.dll
* Temperature SN = 7141
* Conductivity SN = 7141
* System UpLoad Time = Aug 18 2021 08:25:02
* <ApplicationData>
* <SeatermAF>
** Platform: M. Perley
** Cruise: Per2021171
** Station:  GC-04
** Cast: 01 4
** Latitude: N
** Longitude: W
** Sounding:
** Chief Scientist: Ryan Stanley
** Comment: Test cast to see what depth we got to. We are fighting the tide
** 171D028
# nquan = 8
# nvalues = 2856                                  
# units = specified
# name 0 = density00: Density [density, kg/m^3]
# name 1 = depSM: Depth [salt water, m], lat = 45.00
# name 2 = prdM: Pressure, Strain Gauge [db]
# name 3 = sal00: Salinity, Practical [PSU]
# name 4 = tv290C: Temperature [ITS-90, deg C]
# name 5 = bpos: Bottle Position in Carousel
# name 6 = nbf: Bottles Fired
# name 7 = flag:  0.000e+00
# span 0 =   998.5547,  1042.0662                 
# span 1 =     -0.007,  17677.198                 
# span 2 =     -0.007,  18526.054                 
# span 3 =     0.0090,    30.1425                 
# span 4 =    13.7965,    80.2310                 
# span 5 =          0,          3                 
# span 6 =          0,          3                 
# span 7 = 0.0000e+00, 0.0000e+00                 
# interval = seconds: 0.25
# start_time = Aug 18 2021 11:11:17 [Instrument's time stamp, header]
# bad_flag = -9.990e-29
*END*
   998.6461     -0.003     -0.003     0.0091    17.7697          0          0  0.000e+00
   998.6461     -0.003     -0.003     0.0091    17.7696          0          0  0.000e+00
   998.6461     -0.005     -0.005     0.0091    17.7694          0          0  0.000e+00
   998.6461     -0.003     -0.003     0.0091    17.7694          0          0  0.000e+00
   998.6461     -0.004     -0.004     0.0091    17.7695          0          0  0.000e+00
   998.6461     -0.006     -0.006     0.0091    17.7694          0          0  0.000e+00
   998.6462     -0.007     -0.007     0.0091    17.7688          0          0  0.000e+00
   998.6463     -0.004     -0.004     0.0091    17.7686          0          0  0.000e+00
   998.6463     -0.005     -0.005     0.0091    17.7682          0          0  0.000e+00
   998.6464     -0.003     -0.003     0.0091    17.7680          0          0  0.000e+00
   998.6464     -0.005     -0.005     0.0091    17.7677          0          0  0.000e+00
   998.6465     -0.004     -0.004     0.0091    17.7670          0          0  0.000e+00
   998.6468     -0.003     -0.003     0.0091    17.7658          0          0  0.000e+00
   998.6471     -0.007     -0.007     0.0091    17.7641          0          0  0.000e+00
   998.6475     -0.006     -0.006     0.0091    17.7615          0          0  0.000e+00
   998.6480     -0.006     -0.006     0.0091    17.7587          0          0  0.000e+00
   998.6487     -0.003     -0.003     0.0090    17.7550          0          0  0.000e+00
   998.6495     -0.004     -0.004     0.0090    17.7506          0          0  0.000e+00
   998.6504     -0.005     -0.005     0.0090    17.7459          0          0  0.000e+00
   998.6512     -0.006     -0.006     0.0091    17.7411          0          0  0.000e+00
   998.6520     -0.005     -0.005     0.0090    17.7367          0          0  0.000e+00
   998.6527     -0.005     -0.005     0.0090    17.7329          0          0  0.000e+00
   998.6532     -0.006     -0.006     0.0090    17.7303          0          0  0.000e+00
   998.6534     -0.006     -0.006     0.0090    17.7293          0          0  0.000e+00
   998.6533     -0.006     -0.006     0.0090    17.7298          0          0  0.000e+00
   998.6530     -0.003     -0.003     0.0090    17.7314          0          0  0.000e+00
   998.6526     -0.004     -0.004     0.0090    17.7336          0          0  0.000e+00
   998.6522     -0.007     -0.007     0.0090    17.7358          0          0  0.000e+00
   998.6519     -0.007     -0.007     0.0090    17.7374          0          0  0.000e+00
   998.6516     -0.006     -0.006     0.0090    17.7388          0          0  0.000e+00
   998.6514     -0.005     -0.005     0.0090    17.7405          0          0  0.000e+00
   998.6511     -0.006     -0.006     0.0090    17.7420          0          0  0.000e+00
   998.6510     -0.004     -0.004     0.0090    17.7426          0          0  0.000e+00
   998.6511     -0.005     -0.005     0.0090    17.7421          0          0  0.000e+00
   998.6513     -0.004     -0.004     0.0091    17.7410          0          0  0.000e+00
   998.6513     -0.005     -0.005     0.0090    17.7409          0          0  0.000e+00
   998.6511     -0.005     -0.005     0.0090    17.7416          0          0  0.000e+00
   998.6511     -0.005     -0.005     0.0090    17.7421          0          0  0.000e+00
  1012.7162      0.122      0.123    18.4787    17.7671          0          0  0.000e+00
  1020.9940      0.270      0.272    29.4233    18.0577          0          0  0.000e+00
  1020.5752      0.423      0.427    28.9725    18.3728          0          0  0.000e+00
  1020.5145      0.598      0.603    28.9542    18.5702          0          0  0.000e+00
  1020.6525      0.788      0.795    29.1693    18.6812          0          0  0.000e+00
  1020.6109      0.983      0.991    29.1343    18.7458          0          0  0.000e+00
  1020.5848      1.182      1.192    29.1110    18.7839          0          0  0.000e+00
  1020.5675      1.391      1.403    29.0946    18.8071          0          0  0.000e+00
  1020.5774      1.596      1.609    29.1105    18.8201          0          0  0.000e+00
  1020.5897      1.686      1.700    29.1276    18.8249          0          0  0.000e+00
  1020.5647      1.725      1.739    29.0886    18.8059          0          0  0.000e+00
  1020.4880      1.770      1.784    28.9780    18.7754          0          0  0.000e+00
  1020.6122      1.827      1.842    29.1339    18.7546          0          0  0.000e+00
  1020.6346      1.889      1.905    29.1612    18.7493          0          0  0.000e+00
  1020.6322      1.959      1.975    29.1619    18.7628          0          0  0.000e+00
  1020.6178      2.028      2.045    29.1478    18.7789          0          0  0.000e+00
  1020.6021      2.097      2.114    29.1308    18.7915          0          0  0.000e+00
  1020.5894      2.144      2.161    29.1164    18.7995          0          0  0.000e+00
  1020.5803      2.163      2.181    29.1055    18.8027          0          0  0.000e+00
  1020.5754      2.148      2.166    29.0993    18.8034          0          0  0.000e+00
  1020.5810      2.098      2.115    29.1070    18.8035          0          0  0.000e+00
  1020.5927      2.015      2.032    29.1234    18.8052          0          0  0.000e+00
  1020.6000      1.914      1.929    29.1344    18.8080          0          0  0.000e+00
  1020.6083      1.802      1.817    29.1460    18.8081          0          0  0.000e+00
  1020.6117      1.705      1.719    29.1510    18.8081          0          0  0.000e+00
  1020.6115      1.639      1.653    29.1517    18.8098          0          0  0.000e+00
  1020.6102      1.610      1.623    29.1509    18.8121          0          0  0.000e+00
  1020.6094      1.614      1.627    29.1506    18.8143          0          0  0.000e+00
  1020.6086      1.641      1.655    29.1500    18.8161          0          0  0.000e+00
  1020.6061      1.690      1.704    29.1467    18.8172          0          0  0.000e+00
  1020.6017      1.747      1.762    29.1408    18.8178          0          0  0.000e+00
  1020.5966      1.806      1.820    29.1336    18.8174          0          0  0.000e+00
  1020.5906      1.863      1.878    29.1252    18.8167          0          0  0.000e+00
  1020.5829      1.907      1.923    29.1146    18.8158          0          0  0.000e+00
  1020.5808      1.942      1.958    29.1112    18.8145          0          0  0.000e+00
  1020.5767      1.964      1.980    29.1052    18.8130          0          0  0.000e+00
  1020.5848      1.985      2.001    29.1155    18.8125          0          0  0.000e+00
  1020.5895      1.992      2.008    29.1217    18.8129          0          0  0.000e+00
  1020.5907      1.981      1.997    29.1235    18.8130          0          0  0.000e+00
  1020.5927      1.946      1.961    29.1259    18.8119          0          0  0.000e+00
  1020.5957      1.897      1.912    29.1296    18.8104          0          0  0.000e+00
  1020.5975      1.833      1.848    29.1320    18.8091          0          0  0.000e+00
  1020.5995      1.764      1.779    29.1347    18.8083          0          0  0.000e+00
  1020.6028      1.698      1.711    29.1393    18.8079          0          0  0.000e+00
  1020.6062      1.646      1.659    29.1439    18.8073          0          0  0.000e+00
  1020.6091      1.626      1.640    29.1476    18.8065          0          0  0.000e+00
  1020.6118      1.633      1.646    29.1509    18.8058          0          0  0.000e+00
  1020.6136      1.682      1.695    29.1530    18.8059          0          0  0.000e+00
  1020.6126      1.769      1.783    29.1517    18.8076          0          0  0.000e+00
  1020.6061      1.858      1.873    29.1435    18.8102          0          0  0.000e+00
  1020.5788      1.946      1.961    29.1078    18.8126          0          0  0.000e+00
  1020.5550      2.019      2.035    29.0763    18.8127          0          0  0.000e+00
  1020.5492      2.071      2.088    29.0683    18.8125          0          0  0.000e+00
  1020.5554      2.097      2.114    29.0720    18.7992          0          0  0.000e+00
  1020.5746      2.092      2.109    29.0882    18.7710          0          0  0.000e+00
  1020.5935      2.063      2.080    29.1050    18.7455          0          0  0.000e+00
  1020.6104      2.009      2.026    29.1223    18.7293          0          0  0.000e+00
  1020.6298      1.934      1.950    29.1450    18.7192          0          0  0.000e+00
  1020.6434      1.846      1.861    29.1614    18.7129          0          0  0.000e+00
  1020.6471      1.757      1.771    29.1694    18.7213          0          0  0.000e+00
  1020.6481      1.669      1.683    29.1782    18.7429          0          0  0.000e+00
  1020.6418      1.603      1.616    29.1767    18.7631          0          0  0.000e+00
  1020.6324      1.559      1.571    29.1699    18.7796          0          0  0.000e+00
  1020.6245      1.543      1.555    29.1638    18.7925          0          0  0.000e+00
  1020.6191      1.560      1.572    29.1597    18.8020          0          0  0.000e+00
  1020.6147      1.600      1.613    29.1560    18.8092          0          0  0.000e+00
  1020.6091      1.670      1.684    29.1498    18.8144          0          0  0.000e+00
  1020.6013      1.764      1.779    29.1400    18.8175          0          0  0.000e+00
  1020.5875      1.871      1.887    29.1217    18.8187          0          0  0.000e+00
  1020.5662      1.975      1.991    29.0929    18.8178          0          0  0.000e+00
  1020.5495      2.058      2.075    29.0706    18.8180          0          0  0.000e+00
  1020.5407      2.113      2.130    29.0589    18.8189          0          0  0.000e+00
  1020.5499      2.143      2.160    29.0668    18.8061          0          0  0.000e+00
  1020.5814      2.140      2.157    29.0959    18.7677          0          0  0.000e+00
  1020.6086      2.112      2.129    29.1213    18.7352          0          0  0.000e+00
  1020.6271      2.058      2.075    29.1386    18.7126          0          0  0.000e+00
  1020.6396      1.995      2.012    29.1500    18.6957          0          0  0.000e+00
  1020.6469      1.928      1.943    29.1560    18.6835          0          0  0.000e+00
  1020.6522      1.864      1.879    29.1605    18.6741          0          0  0.000e+00
  1020.6573      1.805      1.819    29.1660    18.6696          0          0  0.000e+00
  1020.6564      1.752      1.766    29.1648    18.6683          0          0  0.000e+00
  1020.6485      1.696      1.710    29.1547    18.6683          0          0  0.000e+00
  1020.6440      1.640      1.654    29.1493    18.6687          0          0  0.000e+00
  1020.6427      1.589      1.602    29.1480    18.6690          0          0  0.000e+00
  1020.6416      1.549      1.562    29.1468    18.6691          0          0  0.000e+00
  1020.6487      1.539      1.551    29.1555    18.6674          0          0  0.000e+00
  1020.6609      1.559      1.571    29.1710    18.6660          0          0  0.000e+00
  1020.6760      1.631      1.644    29.1910    18.6682          0          0  0.000e+00
  1020.6965      1.732      1.747    29.2252    18.6925          0          0  0.000e+00
  1020.6837      1.858      1.873    29.2198    18.7305          0          0  0.000e+00
  1020.6599      1.975      1.991    29.1989    18.7652          0          0  0.000e+00
  1020.6393      2.079      2.096    29.1793    18.7902          0          0  0.000e+00
  1020.6045      2.152      2.170    29.1381    18.8053          0          0  0.000e+00
  1020.5761      2.198      2.216    29.1029    18.8126          0          0  0.000e+00
  1020.5818      2.203      2.221    29.1101    18.8120          0          0  0.000e+00
  1020.5972      2.154      2.172    29.1225    18.7866          0          0  0.000e+00
  1020.6105      2.072      2.089    29.1313    18.7582          0          0  0.000e+00
  1020.6234      1.956      1.972    29.1421    18.7368          0          0  0.000e+00
  1020.6340      1.820      1.835    29.1509    18.7183          0          0  0.000e+00
  1020.6419      1.684      1.698    29.1577    18.7046          0          0  0.000e+00
  1020.6485      1.566      1.579    29.1641    18.6953          0          0  0.000e+00
  1020.6592      1.480      1.492    29.1771    18.6906          0          0  0.000e+00
  1020.6649      1.449      1.461    29.1845    18.6899          0          0  0.000e+00
  1020.6749      1.472      1.484    29.2003    18.6986          0          0  0.000e+00
  1020.6820      1.533      1.546    29.2182    18.7267          0          0  0.000e+00
  1020.6674      1.633      1.646    29.2092    18.7603          0          0  0.000e+00
  1020.6491      1.730      1.745    29.1933    18.7874          0          0  0.000e+00
  1020.6325      1.819      1.834    29.1768    18.8054          0          0  0.000e+00
  1020.5999      1.889      1.905    29.1370    18.8159          0          0  0.000e+00
  1020.5812      1.941      1.957    29.1136    18.8204          0          0  0.000e+00
  1020.5887      1.962      1.979    29.1222    18.8168          0          0  0.000e+00
  1020.6050      1.958      1.974    29.1361    18.7934          0          0  0.000e+00
  1020.6152      1.934      1.950    29.1423    18.7707          0          0  0.000e+00
  1020.6240      1.894      1.909    29.1490    18.7546          0          0  0.000e+00
  1020.6311      1.840      1.855    29.1541    18.7404          0          0  0.000e+00
  1020.6357      1.799      1.814    29.1571    18.7301          0          0  0.000e+00
  1020.6401      1.779      1.794    29.1607    18.7234          0          0  0.000e+00
  1020.6452      1.784      1.799    29.1662    18.7195          0          0  0.000e+00
  1020.6461      1.801      1.816    29.1667    18.7178          0          0  0.000e+00
  1020.6410      1.824      1.839    29.1600    18.7181          0          0  0.000e+00
  1020.6372      1.841      1.856    29.1552    18.7189          0          0  0.000e+00
  1020.6367      1.850      1.865    29.1546    18.7193          0          0  0.000e+00
  1020.6414      1.847      1.862    29.1586    18.7127          0          0  0.000e+00
  1020.6485      1.833      1.848    29.1646    18.7018          0          0  0.000e+00
  1020.6552      1.815      1.830    29.1702    18.6916          0          0  0.000e+00
  1020.6595      1.791      1.805    29.1737    18.6843          0          0  0.000e+00
  1020.6626      1.774      1.788    29.1761    18.6791          0          0  0.000e+00
  1020.6664      1.788      1.802    29.1793    18.6736          0          0  0.000e+00
  1020.6710      1.829      1.844    29.1837    18.6691          0          0  0.000e+00
  1020.6748      1.895      1.910    29.1877    18.6673          0          0  0.000e+00
  1020.6758      1.973      1.989    29.1885    18.6670          0          0  0.000e+00
  1020.6716      2.037      2.053    29.1825    18.6669          0          0  0.000e+00
  1020.6704      2.082      2.099    29.1806    18.6664          0          0  0.000e+00
  1020.6699      2.099      2.116    29.1795    18.6656          0          0  0.000e+00
  1020.6747      2.081      2.098    29.1839    18.6590          0          0  0.000e+00
  1020.6812      2.038      2.054    29.1897    18.6496          0          0  0.000e+00
  1020.6877      1.965      1.981    29.1955    18.6400          0          0  0.000e+00
  1020.6919      1.867      1.882    29.1995    18.6331          0          0  0.000e+00
  1020.6952      1.761      1.776    29.2027    18.6277          0          0  0.000e+00
  1020.6962      1.675      1.689    29.2037    18.6254          0          0  0.000e+00
  1020.6950      1.616      1.629    29.2025    18.6258          0          0  0.000e+00
