data/eDNA/PER-2021-171/171d002.ros
* Sea-Bird SBE19plus  Data File:
* FileName = C:\Users\RSG_field\Ryan_2021_Perley\CTD\171d002.hex
* Software version 2.3.0 SB_Terminal.dll
* Temperature SN = 7141
* Conductivity SN = 7141
* System UpLoad Time = Aug 09 2021 11:17:55
* <ApplicationData>
* <SeatermAF>
** Platform: M. Perley
** Cruise: Per2021171
** Station:  ESI-08
** Cast: 01 04
** Latitude: N  44 40.196
** Longitude: W 62 21.335
** Sounding: 112
** Chief Scientist: Ryan Stanley
** Comment: forth cast for water chemistry
** 5, 15, 25, 50, 80, bottom 171d002
# nquan = 9
# nvalues = 54                                    
# units = specified
# name 0 = density00: Density [density, kg/m^3]
# name 1 = depSM: Depth [salt water, m], lat = 45.00
# name 2 = prdM: Pressure, Strain Gauge [db]
# name 3 = sal00: Salinity, Practical [PSU]
# name 4 = tv290C: Temperature [ITS-90, deg C]
# name 5 = bpos: Bottle Position in Carousel
# name 6 = nbf: Bottles Fired
# name 7 = scan: Scan Count
# name 8 = flag:  0.000e+00
# interval = seconds: 0.25
# start_time = Aug 09 2021 13:45:30 [Instrument's time stamp, header]
# bad_flag = -9.990e-29
*END*
  1026.5026     97.490     98.311    32.8371     4.2155          1          1       2121  0.000e+00
  1026.5024     97.351     98.171    32.8377     4.2162          1          1       2122  0.000e+00
  1026.5008     97.198     98.017    32.8367     4.2170          1          1       2123  0.000e+00
  1026.4991     97.051     97.868    32.8356     4.2176          1          1       2124  0.000e+00
  1026.4983     96.917     97.733    32.8353     4.2176          1          1       2125  0.000e+00
  1026.4975     96.815     97.631    32.8349     4.2174          1          1       2126  0.000e+00
  1026.4977     96.757     97.572    32.8354     4.2171          1          1       2127  0.000e+00
  1026.4976     96.735     97.549    32.8355     4.2170          1          1       2128  0.000e+00
  1026.4983     96.764     97.579    32.8361     4.2167          1          1       2129  0.000e+00
  1026.3001     80.204     80.876    32.6085     3.6101          2          2       3166  0.000e+00
  1026.3045     80.082     80.753    32.6145     3.6081          2          2       3167  0.000e+00
  1026.3026     79.927     80.597    32.6131     3.6080          2          2       3168  0.000e+00
  1026.2961     79.746     80.414    32.6060     3.6076          2          2       3169  0.000e+00
  1026.2963     79.542     80.209    32.6071     3.6057          2          2       3170  0.000e+00
  1026.2946     79.325     79.989    32.6062     3.6044          2          2       3171  0.000e+00
  1026.2901     79.096     79.758    32.6016     3.6028          2          2       3172  0.000e+00
  1026.2870     78.885     79.546    32.5987     3.6005          2          2       3173  0.000e+00
  1026.2872     78.701     79.361    32.5996     3.5974          2          2       3174  0.000e+00
  1025.8719     50.371     50.790    32.2066     3.2565          3          3       3422  0.000e+00
  1025.8708     50.226     50.643    32.2058     3.2542          3          3       3423  0.000e+00
  1025.8644     50.084     50.500    32.1983     3.2517          3          3       3424  0.000e+00
  1025.8603     49.953     50.368    32.1936     3.2487          3          3       3425  0.000e+00
  1025.8604     49.836     50.250    32.1940     3.2452          3          3       3426  0.000e+00
  1025.8512     49.738     50.151    32.1827     3.2424          3          3       3427  0.000e+00
  1025.8353     49.669     50.082    32.1627     3.2380          3          3       3428  0.000e+00
  1025.8365     49.633     50.045    32.1636     3.2307          3          3       3429  0.000e+00
  1025.8298     49.622     50.034    32.1545     3.2243          3          3       3430  0.000e+00
  1025.0793     25.329     25.538    31.5983     5.1732          4          4       3643  0.000e+00
  1025.0866     25.149     25.356    31.6155     5.2222          4          4       3644  0.000e+00
  1025.0846     25.002     25.208    31.6217     5.2776          4          4       3645  0.000e+00
  1025.0573     24.886     25.091    31.5962     5.3370          4          4       3646  0.000e+00
  1025.0553     24.799     25.004    31.6014     5.3873          4          4       3647  0.000e+00
  1025.0425     24.731     24.935    31.5931     5.4393          4          4       3648  0.000e+00
  1025.0529     24.679     24.883    31.6141     5.4919          4          4       3649  0.000e+00
  1025.0110     24.638     24.841    31.5698     5.5504          4          4       3650  0.000e+00
  1024.9599     24.602     24.805    31.5117     5.5936          4          4       3651  0.000e+00
  1023.6704     15.580     15.708    31.6482    13.9909          5          5       3726  0.000e+00
  1023.6439     15.354     15.481    31.6503    14.1232          5          5       3727  0.000e+00
  1023.6530     15.135     15.259    31.7006    14.2626          5          5       3728  0.000e+00
  1023.6227     14.929     15.052    31.7105    14.4403          5          5       3729  0.000e+00
  1023.5731     14.744     14.865    31.7009    14.6374          5          5       3730  0.000e+00
  1023.4914     14.581     14.701    31.6497    14.8341          5          5       3731  0.000e+00
  1023.4191     14.436     14.555    31.6069    15.0158          5          5       3732  0.000e+00
  1023.2986     14.307     14.425    31.4964    15.1779          5          5       3733  0.000e+00
  1023.3081     14.191     14.308    31.5416    15.2927          5          5       3734  0.000e+00
  1022.1711      5.444      5.489    30.8444    17.7716          6          6       3808  0.000e+00
  1022.1711      5.127      5.169    30.8470    17.7740          6          6       3809  0.000e+00
  1022.1666      4.811      4.851    30.8443    17.7784          6          6       3810  0.000e+00
  1022.1677      4.519      4.556    30.8487    17.7822          6          6       3811  0.000e+00
  1022.1649      4.260      4.295    30.8483    17.7880          6          6       3812  0.000e+00
  1022.1621      4.041      4.074    30.8474    17.7927          6          6       3813  0.000e+00
  1022.1630      3.865      3.896    30.8509    17.7968          6          6       3814  0.000e+00
  1022.1594      3.721      3.751    30.8489    17.8028          6          6       3815  0.000e+00
  1022.1571      3.604      3.634    30.8478    17.8072          6          6       3816  0.000e+00
