data/eDNA/PER-2021-171/171d026.cnv
* Sea-Bird SBE19plus  Data File:
* FileName = C:\Users\RSG_field\Ryan_2021_Perley\CTD\171d026.hex
* Software version 2.3.0 SB_Terminal.dll
* Temperature SN = 7141
* Conductivity SN = 7141
* System UpLoad Time = Aug 18 2021 13:17:52
* <ApplicationData>
* <SeatermAF>
** Platform: M. Perley
** Cruise: Per2021171
** Station:  SAB_02
** Cast: 01 4
** Latitude: N  45 50.647
** Longitude: W 60 07.903
** Sounding: 24.5
** Chief Scientist: Ryan Stanley
** Comment: 171d026
# nquan = 8
# nvalues = 2342                                  
# units = specified
# name 0 = density00: Density [density, kg/m^3]
# name 1 = depSM: Depth [salt water, m], lat = 45.00
# name 2 = prdM: Pressure, Strain Gauge [db]
# name 3 = sal00: Salinity, Practical [PSU]
# name 4 = tv290C: Temperature [ITS-90, deg C]
# name 5 = bpos: Bottle Position in Carousel
# name 6 = nbf: Bottles Fired
# name 7 = flag:  0.000e+00
# span 0 =   998.9425,  1024.4235                 
# span 1 =     -0.016,     25.368                 
# span 2 =     -0.016,     25.577                 
# span 3 =     0.0082,    31.0284                 
# span 4 =     6.8323,    18.1330                 
# span 5 =          0,          3                 
# span 6 =          0,          3                 
# span 7 = 0.0000e+00, 0.0000e+00                 
# interval = seconds: 0.25
# start_time = Aug 18 2021 16:05:32 [Instrument's time stamp, header]
# bad_flag = -9.990e-29
*END*
[from data line 2158]
  1024.1509     19.054     19.210    30.8436     7.6309          1          1  0.000e+00
  1024.1362     18.934     19.090    30.8304     7.6586          1          1  0.000e+00
  1024.1382     18.818     18.973    30.8381     7.6840          1          1  0.000e+00
  1024.1275     18.703     18.857    30.8306     7.7153          1          1  0.000e+00
  1024.1336     18.585     18.738    30.8447     7.7472          1          1  0.000e+00
  1024.1145     18.464     18.616    30.8289     7.7912          1          1  0.000e+00
  1024.1033     18.347     18.498    30.8229     7.8342          1          1  0.000e+00
  1024.1242     18.227     18.377    30.8581     7.8785          1          1  0.000e+00
  1024.0749     18.106     18.255    30.8080     7.9458          1          1  0.000e+00
  1024.0434     17.983     18.131    30.7786     8.0024          1          1  0.000e+00
  1024.0200     17.862     18.009    30.7569     8.0439          1          1  0.000e+00
  1023.9869     17.739     17.885    30.7212     8.0753          1          1  0.000e+00
  1023.9977     17.613     17.758    30.7384     8.0909          1          1  0.000e+00
  1024.0177     17.490     17.634    30.7691     8.1147          1          1  0.000e+00
  1024.0042     17.365     17.508    30.7610     8.1611          1          1  0.000e+00
  1023.9968     17.239     17.381    30.7613     8.2109          1          1  0.000e+00
  1023.9755     17.115     17.256    30.7454     8.2679          1          1  0.000e+00
  1023.9342     16.989     17.128    30.7036     8.3237          1          1  0.000e+00
  1023.9635     16.864     17.002    30.7496     8.3660          1          1  0.000e+00
  1023.9093     16.736     16.874    30.6920     8.4252          1          1  0.000e+00
  1023.9231     16.612     16.749    30.7192     8.4723          1          1  0.000e+00
  1023.9426     16.488     16.624    30.7549     8.5268          1          1  0.000e+00
  1023.8689     16.362     16.497    30.6771     8.6097          1          1  0.000e+00
  1023.8920     16.239     16.373    30.7189     8.6706          1          1  0.000e+00
  1023.8537     16.118     16.251    30.6856     8.7496          1          1  0.000e+00
  1023.8844     15.994     16.126    30.7429     8.8401          1          1  0.000e+00
  1023.7790     15.875     16.005    30.6323     8.9625          1          1  0.000e+00
  1023.7331     15.755     15.884    30.5893     9.0395          1          1  0.000e+00
  1023.8165     15.638     15.767    30.7091     9.1036          1          1  0.000e+00
  1023.7440     15.522     15.649    30.6396     9.2191          1          1  0.000e+00
  1023.6628     15.403     15.530    30.5571     9.3239          1          1  0.000e+00
  1023.6614     15.290     15.415    30.5675     9.3824          1          1  0.000e+00
  1023.7446     15.174     15.299    30.6901     9.4592          1          1  0.000e+00
  1023.6404     15.054     15.178    30.5864     9.6037          1          1  0.000e+00
  1023.5867     14.939     15.061    30.5424     9.7228          1          1  0.000e+00
  1023.5353     14.821     14.943    30.4964     9.8164          1          1  0.000e+00
  1023.4654     14.699     14.820    30.4222     9.8882          1          1  0.000e+00
  1023.4450     14.580     14.700    30.4041     9.9237          1          1  0.000e+00
  1023.4854     14.460     14.578    30.4607     9.9432          1          1  0.000e+00
  1023.4797     14.340     14.458    30.4646     9.9945          1          1  0.000e+00
  1023.4887     14.218     14.335    30.4919    10.0666          1          1  0.000e+00
  1023.4586     14.099     14.215    30.4727    10.1559          1          1  0.000e+00
  1023.4230     13.977     14.092    30.4467    10.2461          1          1  0.000e+00
  1023.3681     13.853     13.967    30.3934    10.3242          1          1  0.000e+00
  1023.3311     13.733     13.846    30.3580    10.3776          1          1  0.000e+00
  1023.3685     13.609     13.721    30.4150    10.4170          1          1  0.000e+00
  1023.3708     13.488     13.598    30.4341    10.4891          1          1  0.000e+00
  1023.3763     13.366     13.475    30.4633    10.5884          1          1  0.000e+00
  1023.3684     13.241     13.349    30.4816    10.7164          1          1  0.000e+00
  1023.2303     13.123     13.231    30.3353    10.8565          1          1  0.000e+00
  1023.1989     13.001     13.108    30.3163    10.9503          1          1  0.000e+00
  1023.2867     12.879     12.985    30.4472    11.0286          1          1  0.000e+00
  1023.2001     12.761     12.866    30.3681    11.1706          1          1  0.000e+00
  1023.1739     12.649     12.753    30.3695    11.3239          1          1  0.000e+00
  1023.0705     12.531     12.634    30.2706    11.4721          1          1  0.000e+00
  1023.0624     12.416     12.518    30.2861    11.5825          1          1  0.000e+00
  1023.0311     12.304     12.405    30.2729    11.6983          1          1  0.000e+00
  1023.0394     12.192     12.292    30.3156    11.8335          1          1  0.000e+00
  1022.9138     12.079     12.178    30.1953    12.0088          1          1  0.000e+00
  1022.8323     11.965     12.064    30.1209    12.1367          1          1  0.000e+00
  1022.8166     11.854     11.951    30.1211    12.2208          1          1  0.000e+00
  1022.7952     11.743     11.839    30.1168    12.3158          1          1  0.000e+00
  1022.7774     11.630     11.726    30.1182    12.4150          1          1  0.000e+00
  1022.7636     11.520     11.615    30.1266    12.5215          1          1  0.000e+00
  1022.6799     11.406     11.499    30.0500    12.6487          1          1  0.000e+00
  1022.6519     11.289     11.382    30.0388    12.7485          1          1  0.000e+00
  1022.5995     11.177     11.269    29.9903    12.8244          1          1  0.000e+00
  1022.5897     11.059     11.150    29.9934    12.8859          1          1  0.000e+00
  1022.6140     10.944     11.033    30.0415    12.9509          1          1  0.000e+00
  1022.5964     10.830     10.919    30.0434    13.0478          1          1  0.000e+00
  1022.6219     10.717     10.805    30.1038    13.1547          2          2  0.000e+00
  1022.5350     10.599     10.686    30.0288    13.3015          2          2  0.000e+00
  1022.4705     10.482     10.568    29.9811    13.4404          2          2  0.000e+00
  1022.4337     10.368     10.453    29.9586    13.5373          2          2  0.000e+00
  1022.4334     10.251     10.336    29.9832    13.6322          2          2  0.000e+00
  1022.4322     10.133     10.216    30.0140    13.7560          2          2  0.000e+00
  1022.4103     10.018     10.100    30.0261    13.9096          2          2  0.000e+00
  1022.3286      9.901      9.982    29.9649    14.0783          2          2  0.000e+00
  1022.2430      9.780      9.860    29.8952    14.2330          2          2  0.000e+00
  1022.1644      9.663      9.742    29.8253    14.3516          2          2  0.000e+00
  1022.1080      9.544      9.623    29.7711    14.4210          2          2  0.000e+00
  1022.1447      9.427      9.504    29.8317    14.4669          2          2  0.000e+00
  1022.0925      9.311      9.388    29.7833    14.5370          2          2  0.000e+00
  1022.0955      9.199      9.274    29.8025    14.5913          2          2  0.000e+00
  1022.0546      9.088      9.162    29.7653    14.6490          2          2  0.000e+00
  1022.0334      8.974      9.048    29.7502    14.6925          2          2  0.000e+00
  1022.0450      8.864      8.937    29.7745    14.7242          2          2  0.000e+00
  1022.0402      8.756      8.828    29.7808    14.7683          2          2  0.000e+00
  1021.9956      8.643      8.714    29.7375    14.8197          2          2  0.000e+00
  1022.0009      8.536      8.606    29.7529    14.8491          2          2  0.000e+00
  1022.0061      8.429      8.498    29.7684    14.8789          2          2  0.000e+00
  1021.9926      8.317      8.385    29.7636    14.9233          2          2  0.000e+00
  1021.9717      8.203      8.271    29.7492    14.9676          2          2  0.000e+00
  1021.9668      8.094      8.161    29.7527    15.0016          2          2  0.000e+00
  1021.9529      7.979      8.044    29.7459    15.0401          2          2  0.000e+00
  1021.9329      7.864      7.929    29.7298    15.0740          2          2  0.000e+00
  1021.9477      7.752      7.816    29.7576    15.1025          2          2  0.000e+00
  1021.9279      7.636      7.699    29.7435    15.1425          2          2  0.000e+00
  1021.9279      7.522      7.584    29.7543    15.1790          2          2  0.000e+00
  1021.8869      7.406      7.467    29.7110    15.2131          2          2  0.000e+00
  1021.8696      7.291      7.351    29.6936    15.2291          2          2  0.000e+00
  1021.8956      7.176      7.235    29.7294    15.2341          2          2  0.000e+00
  1021.8937      7.064      7.122    29.7340    15.2571          2          2  0.000e+00
  1021.8693      6.951      7.008    29.7095    15.2806          2          2  0.000e+00
  1021.8868      6.838      6.894    29.7372    15.2963          2          2  0.000e+00
  1021.9215      6.726      6.781    29.7911    15.3253          2          2  0.000e+00
  1021.8761      6.614      6.668    29.7492    15.3847          2          2  0.000e+00
  1021.8551      6.498      6.551    29.7372    15.4373          2          2  0.000e+00
  1021.8393      6.382      6.435    29.7295    15.4815          2          2  0.000e+00
  1021.8183      6.264      6.315    29.7128    15.5165          2          2  0.000e+00
  1021.8265      6.144      6.194    29.7323    15.5453          2          2  0.000e+00
  1021.8054      6.025      6.075    29.7158    15.5822          2          2  0.000e+00
  1021.7709      5.907      5.955    29.6804    15.6137          2          2  0.000e+00
  1021.7824      5.786      5.833    29.7004    15.6291          2          2  0.000e+00
  1021.7871      5.669      5.716    29.7121    15.6463          2          2  0.000e+00
  1021.7951      5.556      5.601    29.7313    15.6753          2          2  0.000e+00
  1021.7996      5.438      5.483    29.7496    15.7171          2          2  0.000e+00
  1021.7603      5.322      5.366    29.7168    15.7792          2          2  0.000e+00
  1021.7370      5.206      5.249    29.6992    15.8220          2          2  0.000e+00
  1021.7789      5.087      5.129    29.7634    15.8534          2          2  0.000e+00
  1021.8094      4.971      5.011    29.8249    15.9269          2          2  0.000e+00
  1021.7489      4.856      4.896    29.7794    16.0414          2          2  0.000e+00
  1021.7138      4.741      4.779    29.7655    16.1498          2          2  0.000e+00
  1021.6524      4.630      4.668    29.7146    16.2487          2          2  0.000e+00
  1021.6214      4.518      4.555    29.6955    16.3196          2          2  0.000e+00
  1021.6097      4.409      4.445    29.6977    16.3778          2          2  0.000e+00
  1021.5790      4.297      4.333    29.6762    16.4391          2          2  0.000e+00
  1021.5628      4.188      4.223    29.6713    16.4924          2          2  0.000e+00
  1021.5336      4.079      4.113    29.6476    16.5395          2          2  0.000e+00
  1021.5049      3.970      4.002    29.6203    16.5721          2          2  0.000e+00
  1021.5088      3.862      3.893    29.6298    16.5848          2          2  0.000e+00
  1021.5010      3.752      3.782    29.6253    16.6019          2          2  0.000e+00
  1021.5302      3.641      3.671    29.6708    16.6253          2          2  0.000e+00
  1021.6014      3.530      3.559    29.7791    16.6752          2          2  0.000e+00
  1021.6166      3.419      3.447    29.8339    16.7911          2          2  0.000e+00
  1021.5547      3.309      3.336    29.8017    16.9522          2          2  0.000e+00
  1021.5020      3.200      3.227    29.7799    17.1074          2          2  0.000e+00
  1021.4821      3.086      3.111    29.7967    17.2473          2          2  0.000e+00
  1021.3807      2.971      2.996    29.7067    17.3856          2          2  0.000e+00
  1021.3275      2.856      2.879    29.6683    17.4856          3          3  0.000e+00
  1021.2988      2.733      2.755    29.6543    17.5602          3          3  0.000e+00
  1021.2391      2.608      2.629    29.5935    17.6144          3          3  0.000e+00
  1021.1780      2.484      2.504    29.5198    17.6321          3          3  0.000e+00
  1021.1972      2.358      2.377    29.5383    17.6082          3          3  0.000e+00
  1021.1990      2.235      2.253    29.5338    17.5834          3          3  0.000e+00
  1021.2675      2.112      2.129    29.6181    17.5639          3          3  0.000e+00
  1021.2714      1.994      2.011    29.6308    17.5864          3          3  0.000e+00
  1021.2658      1.880      1.895    29.6366    17.6271          3          3  0.000e+00
  1021.2359      1.764      1.779    29.6107    17.6680          3          3  0.000e+00
  1021.2164      1.648      1.661    29.5943    17.6955          3          3  0.000e+00
  1021.2240      1.528      1.540    29.6095    17.7102          3          3  0.000e+00
  1021.2451      1.405      1.416    29.6448    17.7328          3          3  0.000e+00
  1021.2262      1.280      1.290    29.6337    17.7747          3          3  0.000e+00
  1021.2037      1.160      1.170    29.6177    17.8159          3          3  0.000e+00
  1021.1966      1.044      1.053    29.6189    17.8478          3          3  0.000e+00
  1021.1853      0.934      0.942    29.6141    17.8780          3          3  0.000e+00
  1021.1595      0.818      0.824    29.5899    17.9067          3          3  0.000e+00
  1021.1528      0.703      0.709    29.5864    17.9218          3          3  0.000e+00
  1021.1635      0.594      0.599    29.6040    17.9312          3          3  0.000e+00
  1021.1629      0.485      0.489    29.6092    17.9483          3          3  0.000e+00
  1021.1612      0.362      0.365    29.6155    17.9731          3          3  0.000e+00
  1021.1204      0.227      0.229    29.5712    18.0001          3          3  0.000e+00
  1021.0863      0.094      0.094    29.5284    18.0037          3          3  0.000e+00
  1021.0893      0.021      0.021    29.5267    17.9843          3          3  0.000e+00
  1021.0643     -0.003     -0.003    29.4901    17.9711          3          3  0.000e+00
  1021.0738     -0.002     -0.002    29.4993    17.9608          3          3  0.000e+00
  1021.1206     -0.002     -0.002    29.5478    17.9198          3          3  0.000e+00
  1021.1554      0.000      0.000    29.5800    17.8764          3          3  0.000e+00
  1021.0925     -0.005     -0.005    29.4927    17.8605          3          3  0.000e+00
  1021.0691     -0.003     -0.003    29.4549    17.8375          3          3  0.000e+00
  1021.1112     -0.002     -0.002    29.4882    17.7665          3          3  0.000e+00
  1021.1381     -0.002     -0.002    29.5020    17.6970          3          3  0.000e+00
  1021.1582     -0.003     -0.003    29.5121    17.6442          3          3  0.000e+00
  1021.1777     -0.003     -0.003    29.5229    17.5964          3          3  0.000e+00
  1021.1911     -0.004     -0.004    29.5272    17.5527          3          3  0.000e+00
  1021.2027     -0.003     -0.003    29.5301    17.5126          3          3  0.000e+00
  1008.1477     -0.002     -0.002    12.3957    17.4755          3          3  0.000e+00
  1003.9845     -0.001     -0.001     6.9161    17.4363          3          3  0.000e+00
  1002.1964      0.000      0.000     4.5606    17.3985          3          3  0.000e+00
