data/eDNA/PER-2021-171/171d028.ros
* Sea-Bird SBE19plus  Data File:
* FileName = C:\Users\RSG_field\Ryan_2021_Perley\CTD\171d028.hex
* Software version 2.3.0 SB_Terminal.dll
* Temperature SN = 7141
* Conductivity SN = 7141
* System UpLoad Time = Aug 18 2021 08:25:02
* <ApplicationData>
* <SeatermAF>
** Platform: M. Perley
** Cruise: Per2021171
** Station:  GC-04
** Cast: 01 4
** Latitude: N
** Longitude: W
** Sounding:
** Chief Scientist: Ryan Stanley
** Comment: Test cast to see what depth we got to. We are fighting the tide
** 171D028
# nquan = 9
# nvalues = 27                                    
# units = specified
# name 0 = density00: Density [density, kg/m^3]
# name 1 = depSM: Depth [salt water, m], lat = 45.00
# name 2 = prdM: Pressure, Strain Gauge [db]
# name 3 = sal00: Salinity, Practical [PSU]
# name 4 = tv290C: Temperature [ITS-90, deg C]
# name 5 = bpos: Bottle Position in Carousel
# name 6 = nbf: Bottles Fired
# name 7 = scan: Scan Count
# name 8 = flag:  0.000e+00
# interval = seconds: 0.25
# start_time = Aug 18 2021 11:11:17 [Instrument's time stamp, header]
# bad_flag = -9.990e-29
*END*
  1022.3296     40.584     40.921    29.9130    14.5558          1          1       1321  0.000e+00
  1022.3257     40.511     40.847    29.9123    14.5707          1          1       1322  0.000e+00
  1022.3241     40.438     40.773    29.9146    14.5856          1          1       1323  0.000e+00
  1022.3205     40.378     40.712    29.9153    14.6038          1          1       1324  0.000e+00
  1022.3068     40.334     40.668    29.9031    14.6236          1          1       1325  0.000e+00
  1022.3031     40.314     40.648    29.9022    14.6377          1          1       1326  0.000e+00
  1022.3055     40.314     40.648    29.9091    14.6515          1          1       1327  0.000e+00
  1022.3026     40.336     40.671    29.9106    14.6721          1          1       1328  0.000e+00
  1022.2967     40.372     40.707    29.9096    14.6970          1          1       1329  0.000e+00
  1022.1936     37.993     38.307    29.8779    15.0215          2          2       1526  0.000e+00
  1022.1909     38.056     38.371    29.8794    15.0409          2          2       1527  0.000e+00
  1022.1765     38.136     38.451    29.8670    15.0658          2          2       1528  0.000e+00
  1022.1593     38.224     38.540    29.8492    15.0841          2          2       1529  0.000e+00
  1022.1529     38.319     38.636    29.8424    15.0915          2          2       1530  0.000e+00
  1022.1465     38.407     38.725    29.8340    15.0933          2          2       1531  0.000e+00
  1022.1389     38.493     38.812    29.8226    15.0893          2          2       1532  0.000e+00
  1022.1398     38.560     38.879    29.8201    15.0774          2          2       1533  0.000e+00
  1022.1634     38.588     38.908    29.8465    15.0625          2          2       1534  0.000e+00
  1020.6443      2.859      2.883    29.1896    18.8161          3          3       2414  0.000e+00
  1020.6439      2.765      2.788    29.1896    18.8163          3          3       2415  0.000e+00
  1020.6433      2.665      2.687    29.1896    18.8165          3          3       2416  0.000e+00
  1020.6435      2.564      2.585    29.1906    18.8170          3          3       2417  0.000e+00
  1020.6428      2.446      2.466    29.1907    18.8180          3          3       2418  0.000e+00
  1020.6420      2.326      2.345    29.1906    18.8188          3          3       2419  0.000e+00
  1020.6411      2.191      2.209    29.1904    18.8196          3          3       2420  0.000e+00
  1020.6385      2.042      2.059    29.1881    18.8203          3          3       2421  0.000e+00
  1020.6356      1.880      1.895    29.1851    18.8195          3          3       2422  0.000e+00
