data/eDNA/PER-2021-171/171d020.ros
* Sea-Bird SBE19plus  Data File:
* FileName = C:\Users\RSG_field\Ryan_2021_Perley\CTD\171d020.hex
* Software version 2.3.0 SB_Terminal.dll
* Temperature SN = 7141
* Conductivity SN = 7141
* System UpLoad Time = Aug 17 2021 11:09:09
* <ApplicationData>
* <SeatermAF>
** Platform: M. Perley
** Cruise: Per2021171
** Station:  SAB_05
** Cast: 01 NA
** Latitude: N  46 16.117
** Longitude: W 59 11.012
** Sounding: 110
** Chief Scientist: Ryan Stanley
** Comment: 171d020
** cast didn't close bottle 1 the cable caught on the trigger housing
# nquan = 9
# nvalues = 45                                    
# units = specified
# name 0 = density00: Density [density, kg/m^3]
# name 1 = depSM: Depth [salt water, m], lat = 45.00
# name 2 = prdM: Pressure, Strain Gauge [db]
# name 3 = sal00: Salinity, Practical [PSU]
# name 4 = tv290C: Temperature [ITS-90, deg C]
# name 5 = bpos: Bottle Position in Carousel
# name 6 = nbf: Bottles Fired
# name 7 = scan: Scan Count
# name 8 = flag:  0.000e+00
# interval = seconds: 0.25
# start_time = Aug 17 2021 13:30:26 [Instrument's time stamp, header]
# bad_flag = -9.990e-29
*END*
  1026.6905    102.915    103.783    32.8482     2.5878          1          1       2200  0.000e+00
  1026.6929    102.992    103.861    32.8505     2.5849          1          1       2201  0.000e+00
  1026.6986    103.072    103.941    32.8570     2.5838          1          1       2202  0.000e+00
  1026.7013    103.135    104.006    32.8601     2.5847          1          1       2203  0.000e+00
  1026.7093    103.185    104.056    32.8702     2.5872          1          1       2204  0.000e+00
  1026.7154    103.222    104.093    32.8781     2.5923          1          1       2205  0.000e+00
  1026.7103    103.252    104.123    32.8723     2.5994          1          1       2206  0.000e+00
  1026.7046    103.268    104.139    32.8656     2.6046          1          1       2207  0.000e+00
  1026.7092    103.278    104.149    32.8716     2.6074          1          1       2208  0.000e+00
  1026.2361     75.279     75.909    32.4119     2.2756          2          2       2737  0.000e+00
  1026.2351     75.222     75.852    32.4110     2.2756          2          2       2738  0.000e+00
  1026.2342     75.178     75.807    32.4102     2.2759          2          2       2739  0.000e+00
  1026.2339     75.143     75.772    32.4101     2.2770          2          2       2740  0.000e+00
  1026.2328     75.103     75.732    32.4092     2.2803          2          2       2741  0.000e+00
  1026.2304     75.052     75.680    32.4070     2.2847          2          2       2742  0.000e+00
  1026.2276     74.987     75.614    32.4044     2.2894          2          2       2743  0.000e+00
  1026.2250     74.895     75.521    32.4020     2.2931          2          2       2744  0.000e+00
  1026.2226     74.777     75.403    32.3999     2.2959          2          2       2745  0.000e+00
  1025.6495     50.437     50.856    31.9038     3.0444          3          3       2952  0.000e+00
  1025.6507     50.313     50.731    31.9060     3.0449          3          3       2953  0.000e+00
  1025.6521     50.181     50.598    31.9087     3.0468          3          3       2954  0.000e+00
  1025.6473     50.044     50.460    31.9041     3.0510          3          3       2955  0.000e+00
  1025.6456     49.900     50.315    31.9031     3.0541          3          3       2956  0.000e+00
  1025.6431     49.758     50.171    31.9011     3.0571          3          3       2957  0.000e+00
  1025.6405     49.626     50.038    31.8989     3.0600          3          3       2958  0.000e+00
  1025.6402     49.504     49.915    31.8995     3.0624          3          3       2959  0.000e+00
  1025.6373     49.407     49.818    31.8968     3.0652          3          3       2960  0.000e+00
  1024.3767     25.617     25.828    31.0331     7.2865          4          4       3179  0.000e+00
  1024.3379     25.493     25.703    30.9976     7.3637          4          4       3180  0.000e+00
  1024.3312     25.382     25.592    30.9998     7.4232          4          4       3181  0.000e+00
  1024.3043     25.272     25.481    30.9767     7.4839          4          4       3182  0.000e+00
  1024.2765     25.162     25.369    30.9515     7.5390          4          4       3183  0.000e+00
  1024.3005     25.043     25.250    30.9904     7.5824          4          4       3184  0.000e+00
  1024.2763     24.920     25.126    30.9699     7.6376          4          4       3185  0.000e+00
  1024.2612     24.786     24.990    30.9615     7.6956          4          4       3186  0.000e+00
  1024.2412     24.644     24.847    30.9465     7.7498          4          4       3187  0.000e+00
  1020.6183      2.736      2.758    29.2944    19.2437          5          5       3381  0.000e+00
  1020.6409      2.586      2.607    29.3172    19.2200          5          5       3382  0.000e+00
  1020.6561      2.431      2.451    29.3356    19.2124          5          5       3383  0.000e+00
  1020.6579      2.284      2.303    29.3413    19.2199          5          5       3384  0.000e+00
  1020.6602      2.176      2.194    29.3498    19.2349          5          5       3385  0.000e+00
  1020.6441      2.113      2.130    29.3365    19.2578          5          5       3386  0.000e+00
  1020.6382      2.074      2.091    29.3354    19.2775          5          5       3387  0.000e+00
  1020.6339      2.056      2.072    29.3357    19.2953          5          5       3388  0.000e+00
  1020.6233      2.034      2.051    29.3284    19.3153          5          5       3389  0.000e+00
