data/eDNA/PER-2021-171/171d002.cnv
* Sea-Bird SBE19plus  Data File:
* FileName = C:\Users\RSG_field\Ryan_2021_Perley\CTD\171d002.hex
* Software version 2.3.0 SB_Terminal.dll
* Temperature SN = 7141
* Conductivity SN = 7141
* System UpLoad Time = Aug 09 2021 11:17:55
* <ApplicationData>
* <SeatermAF>
** Platform: M. Perley
** Cruise: Per2021171
** Station:  ESI-08
** Cast: 01 04
** Latitude: N  44 40.196
** Longitude: W 62 21.335
** Sounding: 112
** Chief Scientist: Ryan Stanley
** Comment: forth cast for water chemistry
** 5, 15, 25, 50, 80, bottom 171d002
# nquan = 8
# nvalues = 4092                                  
# units = specified
# name 0 = density00: Density [density, kg/m^3]
# name 1 = depSM: Depth [salt water, m], lat = 45.00
# name 2 = prdM: Pressure, Strain Gauge [db]
# name 3 = sal00: Salinity, Practical [PSU]
# name 4 = tv290C: Temperature [ITS-90, deg C]
# name 5 = bpos: Bottle Position in Carousel
# name 6 = nbf: Bottles Fired
# name 7 = flag:  0.000e+00
# span 0 =   998.8054,  1026.5388                 
# span 1 =      0.019,    100.333                 
# span 2 =      0.019,    101.179                 
# span 3 =     0.0000,    32.8907                 
# span 4 =     3.1657,    17.8566                 
# span 5 =          0,          6                 
# span 6 =          0,          6                 
# span 7 = 0.0000e+00, 0.0000e+00                 
# interval = seconds: 0.25
# start_time = Aug 09 2021 13:45:30 [Instrument's time stamp, header]
# bad_flag = -9.990e-29
*END*
[from data line 2697]
  1026.4951     97.357     98.177    32.8246     4.1858          1          1  0.000e+00
  1026.4947     97.375     98.195    32.8239     4.1855          1          1  0.000e+00
  1026.4941     97.395     98.216    32.8230     4.1849          1          1  0.000e+00
  1026.4948     97.414     98.235    32.8236     4.1842          1          1  0.000e+00
  1026.4955     97.438     98.258    32.8243     4.1837          1          1  0.000e+00
  1026.4952     97.467     98.288    32.8237     4.1833          1          1  0.000e+00
  1026.4946     97.505     98.327    32.8226     4.1830          1          1  0.000e+00
  1026.4951     97.553     98.375    32.8229     4.1823          1          1  0.000e+00
  1026.4958     97.606     98.428    32.8235     4.1817          1          1  0.000e+00
  1026.4963     97.663     98.486    32.8236     4.1812          1          1  0.000e+00
  1026.4970     97.722     98.545    32.8241     4.1810          1          1  0.000e+00
  1026.4973     97.772     98.595    32.8242     4.1808          1          1  0.000e+00
  1026.4977     97.809     98.633    32.8245     4.1808          1          1  0.000e+00
  1026.4995     97.831     98.655    32.8266     4.1810          1          1  0.000e+00
  1026.4993     97.833     98.657    32.8265     4.1817          1          1  0.000e+00
  1026.4987     97.819     98.644    32.8259     4.1827          1          1  0.000e+00
  1026.4992     97.792     98.616    32.8268     4.1833          1          1  0.000e+00
  1026.4978     97.755     98.578    32.8254     4.1841          1          1  0.000e+00
  1026.4970     97.705     98.528    32.8247     4.1845          1          1  0.000e+00
  1026.4971     97.647     98.469    32.8252     4.1846          1          1  0.000e+00
  1026.4972     97.571     98.393    32.8257     4.1848          1          1  0.000e+00
  1026.4967     97.486     98.308    32.8257     4.1852          1          1  0.000e+00
  1026.4955     97.390     98.210    32.8248     4.1856          1          1  0.000e+00
  1026.4946     97.287     98.107    32.8243     4.1856          1          1  0.000e+00
  1026.4939     97.190     98.008    32.8240     4.1855          1          1  0.000e+00
  1026.4936     97.104     97.922    32.8240     4.1853          1          1  0.000e+00
  1026.4931     97.051     97.868    32.8237     4.1852          1          1  0.000e+00
  1026.4923     97.033     97.850    32.8228     4.1849          1          1  0.000e+00
  1026.4917     97.057     97.875    32.8218     4.1843          1          1  0.000e+00
  1026.4919     97.132     97.951    32.8216     4.1833          1          1  0.000e+00
  1026.4941     97.248     98.067    32.8235     4.1821          1          1  0.000e+00
  1026.4951     97.392     98.213    32.8237     4.1815          1          1  0.000e+00
  1026.4961     97.551     98.373    32.8241     4.1813          1          1  0.000e+00
  1026.4976     97.705     98.528    32.8250     4.1812          1          1  0.000e+00
  1026.4986     97.840     98.664    32.8256     4.1815          1          1  0.000e+00
  1026.4988     97.939     98.764    32.8253     4.1820          1          1  0.000e+00
  1026.4987     97.989     98.815    32.8248     4.1822          1          1  0.000e+00
  1026.4992     97.983     98.808    32.8255     4.1823          1          1  0.000e+00
  1026.4988     97.926     98.751    32.8254     4.1828          1          1  0.000e+00
  1026.4984     97.823     98.647    32.8255     4.1832          1          1  0.000e+00
  1026.4973     97.684     98.507    32.8251     4.1837          1          1  0.000e+00
  1026.4959     97.532     98.354    32.8243     4.1842          1          1  0.000e+00
  1026.4951     97.383     98.203    32.8242     4.1841          1          1  0.000e+00
  1026.4945     97.250     98.069    32.8242     4.1839          1          1  0.000e+00
  1026.4941     97.150     97.969    32.8243     4.1839          1          1  0.000e+00
  1026.4938     97.087     97.905    32.8243     4.1838          1          1  0.000e+00
  1026.4940     97.064     97.881    32.8246     4.1836          1          1  0.000e+00
  1026.4935     97.072     97.890    32.8239     4.1838          1          1  0.000e+00
  1026.4937     97.112     97.930    32.8240     4.1835          1          1  0.000e+00
  1026.4941     97.181     98.000    32.8240     4.1832          1          1  0.000e+00
  1026.4946     97.267     98.086    32.8240     4.1830          1          1  0.000e+00
  1026.4962     97.363     98.183    32.8255     4.1828          1          1  0.000e+00
  1026.4973     97.456     98.277    32.8264     4.1830          1          1  0.000e+00
  1026.4987     97.538     98.359    32.8278     4.1837          1          1  0.000e+00
  1026.4980     97.603     98.425    32.8265     4.1848          1          1  0.000e+00
  1026.4980     97.640     98.463    32.8265     4.1854          1          1  0.000e+00
  1026.4979     97.647     98.469    32.8264     4.1859          1          1  0.000e+00
  1026.4977     97.628     98.450    32.8263     4.1865          1          1  0.000e+00
  1026.4967     97.590     98.412    32.8253     4.1871          1          1  0.000e+00
  1026.4953     97.547     98.369    32.8239     4.1873          1          1  0.000e+00
  1026.4947     97.511     98.332    32.8233     4.1869          1          1  0.000e+00
  1026.4944     97.495     98.316    32.8229     4.1863          1          1  0.000e+00
  1026.4940     97.505     98.326    32.8223     4.1855          1          1  0.000e+00
  1026.4962     97.538     98.359    32.8247     4.1846          1          1  0.000e+00
  1026.4970     97.587     98.410    32.8254     4.1844          1          1  0.000e+00
  1026.4990     97.652     98.475    32.8275     4.1846          1          1  0.000e+00
  1026.4987     97.716     98.539    32.8269     4.1854          1          1  0.000e+00
  1026.4989     97.765     98.588    32.8269     4.1861          1          1  0.000e+00
  1026.4986     97.791     98.615    32.8265     4.1867          1          1  0.000e+00
  1026.4986     97.797     98.621    32.8265     4.1872          1          1  0.000e+00
  1026.4988     97.770     98.594    32.8270     4.1878          1          1  0.000e+00
  1026.4980     97.718     98.541    32.8264     4.1884          1          1  0.000e+00
  1026.4972     97.640     98.463    32.8258     4.1888          1          1  0.000e+00
  1026.4971     97.536     98.357    32.8264     4.1890          1          1  0.000e+00
  1026.4968     97.417     98.237    32.8268     4.1894          1          1  0.000e+00
  1026.4953     97.291     98.110    32.8257     4.1898          1          1  0.000e+00
  1026.4945     97.172     97.990    32.8255     4.1899          1          1  0.000e+00
  1026.4936     97.069     97.887    32.8249     4.1901          1          1  0.000e+00
  1026.4927     96.996     97.813    32.8241     4.1897          1          1  0.000e+00
  1026.4919     96.955     97.771    32.8233     4.1892          1          1  0.000e+00
  1026.4912     96.950     97.767    32.8224     4.1883          1          1  0.000e+00
  1026.4901     96.985     97.802    32.8206     4.1872          1          1  0.000e+00
  1026.4905     97.055     97.873    32.8204     4.1854          1          1  0.000e+00
  1026.4933     97.150     97.968    32.8232     4.1836          1          1  0.000e+00
  1026.4936     97.261     98.080    32.8229     4.1827          1          1  0.000e+00
  1026.4944     97.382     98.202    32.8230     4.1820          1          1  0.000e+00
  1026.4958     97.501     98.322    32.8240     4.1814          1          1  0.000e+00
  1026.4967     97.613     98.435    32.8244     4.1811          1          1  0.000e+00
  1026.4966     97.715     98.538    32.8238     4.1812          1          1  0.000e+00
  1026.4980     97.802     98.626    32.8249     4.1810          1          1  0.000e+00
  1026.4977     97.870     98.694    32.8241     4.1811          1          1  0.000e+00
  1026.4985     97.911     98.736    32.8250     4.1812          1          1  0.000e+00
  1026.4995     97.920     98.745    32.8261     4.1814          1          1  0.000e+00
  1026.4996     97.896     98.721    32.8265     4.1822          1          1  0.000e+00
  1026.4984     97.840     98.664    32.8254     4.1831          1          1  0.000e+00
  1026.4980     97.752     98.575    32.8256     4.1837          1          1  0.000e+00
  1026.4975     97.647     98.470    32.8256     4.1842          1          1  0.000e+00
  1026.4964     97.534     98.355    32.8249     4.1846          1          1  0.000e+00
  1026.4957     97.426     98.247    32.8248     4.1849          1          1  0.000e+00
  1026.4949     97.335     98.155    32.8242     4.1850          1          1  0.000e+00
  1026.4945     97.272     98.091    32.8241     4.1849          1          1  0.000e+00
  1026.4939     97.231     98.050    32.8236     4.1848          1          1  0.000e+00
  1026.4933     97.218     98.036    32.8229     4.1843          1          1  0.000e+00
  1026.4915     97.224     98.043    32.8206     4.1836          1          1  0.000e+00
  1026.4918     97.242     98.061    32.8206     4.1822          1          1  0.000e+00
  1026.4923     97.262     98.081    32.8209     4.1807          1          1  0.000e+00
  1026.4943     97.282     98.102    32.8232     4.1796          1          1  0.000e+00
  1026.4936     97.301     98.121    32.8221     4.1792          1          1  0.000e+00
  1026.4932     97.325     98.145    32.8214     4.1787          1          1  0.000e+00
  1026.4939     97.358     98.178    32.8220     4.1779          1          1  0.000e+00
  1026.4961     97.406     98.227    32.8244     4.1775          1          1  0.000e+00
  1026.4959     97.472     98.293    32.8238     4.1778          1          1  0.000e+00
  1026.4974     97.554     98.376    32.8252     4.1781          1          1  0.000e+00
  1026.4991     97.638     98.460    32.8270     4.1788          1          1  0.000e+00
  1026.4992     97.715     98.538    32.8269     4.1798          1          1  0.000e+00
  1026.4998     97.768     98.592    32.8274     4.1811          1          1  0.000e+00
  1026.4986     97.797     98.621    32.8259     4.1824          1          1  0.000e+00
  1026.4983     97.797     98.621    32.8257     4.1831          1          1  0.000e+00
  1026.4969     97.769     98.593    32.8241     4.1836          1          1  0.000e+00
  1026.4969     97.719     98.542    32.8244     4.1836          1          1  0.000e+00
  1026.4971     97.655     98.477    32.8249     4.1834          1          1  0.000e+00
  1026.4971     97.589     98.411    32.8254     4.1837          1          1  0.000e+00
  1026.4965     97.521     98.342    32.8251     4.1840          1          1  0.000e+00
  1026.4956     97.462     98.283    32.8243     4.1844          1          1  0.000e+00
  1026.4950     97.411     98.231    32.8239     4.1844          1          1  0.000e+00
  1026.4933     97.369     98.190    32.8220     4.1840          1          1  0.000e+00
  1026.4912     97.339     98.159    32.8194     4.1831          1          1  0.000e+00
  1026.4926     97.317     98.137    32.8210     4.1812          1          1  0.000e+00
  1026.4927     97.303     98.122    32.8211     4.1802          1          1  0.000e+00
  1026.4935     97.297     98.117    32.8220     4.1793          1          1  0.000e+00
  1026.4929     97.300     98.120    32.8212     4.1789          1          1  0.000e+00
  1026.4927     97.309     98.129    32.8208     4.1782          1          1  0.000e+00
  1026.4934     97.324     98.144    32.8215     4.1775          1          1  0.000e+00
  1026.4947     97.348     98.168    32.8229     4.1770          1          1  0.000e+00
  1026.4955     97.387     98.208    32.8237     4.1769          1          1  0.000e+00
  1026.4957     97.437     98.258    32.8237     4.1771          1          1  0.000e+00
  1026.4952     97.499     98.320    32.8228     4.1775          1          1  0.000e+00
  1026.4958     97.566     98.388    32.8231     4.1776          1          1  0.000e+00
  1026.4955     97.636     98.458    32.8223     4.1775          1          1  0.000e+00
  1026.4952     97.698     98.521    32.8216     4.1774          1          1  0.000e+00
  1026.4959     97.752     98.576    32.8220     4.1767          1          1  0.000e+00
  1026.4962     97.788     98.612    32.8222     4.1764          1          1  0.000e+00
  1026.4969     97.801     98.625    32.8230     4.1762          1          1  0.000e+00
  1026.4977     97.793     98.616    32.8240     4.1764          1          1  0.000e+00
  1026.4978     97.761     98.584    32.8243     4.1767          1          1  0.000e+00
  1026.4970     97.711     98.534    32.8237     4.1776          1          1  0.000e+00
  1026.4960     97.644     98.467    32.8230     4.1781          1          1  0.000e+00
  1026.4958     97.560     98.382    32.8233     4.1783          1          1  0.000e+00
  1026.4955     97.466     98.287    32.8234     4.1785          1          1  0.000e+00
  1026.4942     97.362     98.182    32.8225     4.1789          1          1  0.000e+00
  1026.4933     97.254     98.073    32.8221     4.1791          1          1  0.000e+00
  1026.4935     97.150     97.968    32.8228     4.1788          1          1  0.000e+00
  1026.4931     97.062     97.880    32.8229     4.1788          1          1  0.000e+00
  1026.4926     97.003     97.820    32.8226     4.1788          1          1  0.000e+00
  1026.4923     96.978     97.795    32.8223     4.1788          1          1  0.000e+00
  1026.4917     96.998     97.815    32.8214     4.1787          1          1  0.000e+00
  1026.4930     97.065     97.883    32.8227     4.1781          1          1  0.000e+00
  1026.4943     97.185     98.004    32.8235     4.1778          1          1  0.000e+00
  1026.4953     97.338     98.158    32.8238     4.1781          1          1  0.000e+00
  1026.4948     97.516     98.337    32.8223     4.1782          1          1  0.000e+00
  1026.4982     97.699     98.522    32.8254     4.1780          1          1  0.000e+00
  1026.4985     97.880     98.704    32.8249     4.1789          1          1  0.000e+00
  1026.4983     98.032     98.858    32.8238     4.1795          1          1  0.000e+00
  1026.4985     98.152     98.979    32.8233     4.1799          1          1  0.000e+00
  1026.4982     98.217     99.044    32.8225     4.1798          1          1  0.000e+00
  1026.4987     98.222     99.050    32.8231     4.1794          1          1  0.000e+00
  1026.4991     98.167     98.994    32.8240     4.1794          1          1  0.000e+00
  1026.4984     98.051     98.877    32.8238     4.1799          1          1  0.000e+00
  1026.4967     97.888     98.713    32.8226     4.1802          1          1  0.000e+00
  1026.4958     97.704     98.527    32.8225     4.1800          1          1  0.000e+00
  1026.4949     97.507     98.329    32.8226     4.1798          1          1  0.000e+00
  1026.4943     97.326     98.146    32.8228     4.1795          1          1  0.000e+00
  1026.4937     97.173     97.992    32.8230     4.1795          1          1  0.000e+00
  1026.4933     97.054     97.871    32.8233     4.1793          1          1  0.000e+00
  1026.4935     96.980     97.797    32.8239     4.1794          1          1  0.000e+00
  1026.4929     96.949     97.765    32.8234     4.1797          1          1  0.000e+00
  1026.4928     96.952     97.768    32.8232     4.1798          1          1  0.000e+00
  1026.4933     96.980     97.797    32.8236     4.1795          1          1  0.000e+00
  1026.4934     97.044     97.861    32.8234     4.1797          1          1  0.000e+00
