data/eDNA/PER-2021-171/171d020.cnv
* Sea-Bird SBE19plus  Data File:
* FileName = C:\Users\RSG_field\Ryan_2021_Perley\CTD\171d020.hex
* Software version 2.3.0 SB_Terminal.dll
* Temperature SN = 7141
* Conductivity SN = 7141
* System UpLoad Time = Aug 17 2021 11:09:09
* <ApplicationData>
* <SeatermAF>
** Platform: M. Perley
** Cruise: Per2021171
** Station:  SAB_05
** Cast: 01 NA
** Latitude: N  46 16.117
** Longitude: W 59 11.012
** Sounding: 110
** Chief Scientist: Ryan Stanley
** Comment: 171d020
** cast didn't close bottle 1 the cable caught on the trigger housing
# nquan = 8
# nvalues = 3642                                  
# units = specified
# name 0 = density00: Density [density, kg/m^3]
# name 1 = depSM: Depth [salt water, m], lat = 45.00
# name 2 = prdM: Pressure, Strain Gauge [db]
# name 3 = sal00: Salinity, Practical [PSU]
# name 4 = tv290C: Temperature [ITS-90, deg C]
# name 5 = bpos: Bottle Position in Carousel
# name 6 = nbf: Bottles Fired
# name 7 = flag:  0.000e+00
# span 0 =   998.1482,  1026.7840                 
# span 1 =     -0.034,    103.449                 
# span 2 =     -0.034,    104.322                 
# span 3 =     0.0088,    32.9634                 
# span 4 =     2.0353,    20.3123                 
# span 5 =          0,          5                 
# span 6 =          0,          5                 
# span 7 = 0.0000e+00, 0.0000e+00                 
# interval = seconds: 0.25
# start_time = Aug 17 2021 13:30:26 [Instrument's time stamp, header]
# bad_flag = -9.990e-29
*END*
[from data line 1618]
  1026.2980     81.960     82.647    32.4409     2.1866          0          0  0.000e+00
  1026.2990     82.065     82.753    32.4412     2.1829          0          0  0.000e+00
  1026.3026     82.186     82.875    32.4445     2.1788          0          0  0.000e+00
  1026.3030     82.321     83.011    32.4440     2.1755          0          0  0.000e+00
  1026.2950     82.467     83.159    32.4327     2.1718          0          0  0.000e+00
  1026.2845     82.613     83.306    32.4177     2.1622          0          0  0.000e+00
  1026.2944     82.758     83.453    32.4276     2.1453          0          0  0.000e+00
  1026.3042     82.906     83.601    32.4376     2.1301          0          0  0.000e+00
  1026.3082     83.049     83.746    32.4406     2.1179          0          0  0.000e+00
  1026.3138     83.197     83.895    32.4456     2.1067          0          0  0.000e+00
  1026.3185     83.339     84.039    32.4497     2.0967          0          0  0.000e+00
  1026.3247     83.480     84.181    32.4558     2.0888          0          0  0.000e+00
  1026.3285     83.614     84.316    32.4593     2.0833          0          0  0.000e+00
  1026.3313     83.744     84.447    32.4617     2.0794          0          0  0.000e+00
  1026.3346     83.872     84.575    32.4647     2.0764          0          0  0.000e+00
  1026.3366     84.004     84.709    32.4663     2.0742          0          0  0.000e+00
  1026.3355     84.140     84.846    32.4639     2.0726          0          0  0.000e+00
  1026.3319     84.282     84.989    32.4582     2.0698          0          0  0.000e+00
  1026.3282     84.423     85.131    32.4522     2.0635          0          0  0.000e+00
  1026.3366     84.560     85.269    32.4611     2.0548          0          0  0.000e+00
  1026.3501     84.687     85.398    32.4766     2.0487          0          0  0.000e+00
  1026.3704     84.794     85.506    32.5014     2.0489          0          0  0.000e+00
  1026.3897     84.882     85.594    32.5259     2.0580          0          0  0.000e+00
  1026.3962     84.952     85.665    32.5352     2.0753          0          0  0.000e+00
  1026.3868     85.006     85.720    32.5251     2.0955          0          0  0.000e+00
  1026.3762     85.052     85.766    32.5131     2.1110          0          0  0.000e+00
  1026.3693     85.093     85.807    32.5051     2.1210          0          0  0.000e+00
  1026.3657     85.140     85.854    32.5009     2.1271          0          0  0.000e+00
  1026.3629     85.202     85.917    32.4974     2.1307          0          0  0.000e+00
  1026.3616     85.286     86.002    32.4954     2.1321          0          0  0.000e+00
  1026.3607     85.396     86.113    32.4937     2.1322          0          0  0.000e+00
  1026.3597     85.524     86.241    32.4916     2.1315          0          0  0.000e+00
  1026.3577     85.678     86.398    32.4881     2.1300          0          0  0.000e+00
  1026.3571     85.843     86.563    32.4859     2.1267          0          0  0.000e+00
  1026.3527     86.011     86.733    32.4790     2.1222          0          0  0.000e+00
  1026.3547     86.179     86.902    32.4799     2.1153          0          0  0.000e+00
  1026.3599     86.334     87.058    32.4848     2.1083          0          0  0.000e+00
  1026.3644     86.473     87.200    32.4891     2.1032          0          0  0.000e+00
  1026.3683     86.594     87.322    32.4929     2.1002          0          0  0.000e+00
  1026.3725     86.698     87.426    32.4974     2.0988          0          0  0.000e+00
  1026.3755     86.800     87.529    32.5006     2.0989          0          0  0.000e+00
  1026.3798     86.901     87.631    32.5055     2.1003          0          0  0.000e+00
  1026.3854     87.015     87.746    32.5121     2.1031          0          0  0.000e+00
  1026.3848     87.149     87.881    32.5110     2.1076          0          0  0.000e+00
  1026.3844     87.304     88.037    32.5100     2.1117          0          0  0.000e+00
  1026.3945     87.480     88.214    32.5219     2.1153          0          0  0.000e+00
  1026.4100     87.663     88.399    32.5409     2.1225          0          0  0.000e+00
  1026.4043     87.846     88.584    32.5337     2.1339          0          0  0.000e+00
  1026.3985     88.020     88.760    32.5263     2.1427          0          0  0.000e+00
  1026.3952     88.172     88.913    32.5217     2.1478          0          0  0.000e+00
  1026.3938     88.297     89.039    32.5195     2.1501          0          0  0.000e+00
  1026.3931     88.395     89.137    32.5181     2.1510          0          0  0.000e+00
  1026.3937     88.465     89.208    32.5185     2.1510          0          0  0.000e+00
  1026.3942     88.513     89.257    32.5188     2.1507          0          0  0.000e+00
  1026.3955     88.553     89.297    32.5201     2.1501          0          0  0.000e+00
  1026.3970     88.593     89.337    32.5218     2.1495          0          0  0.000e+00
  1026.3968     88.642     89.386    32.5211     2.1497          0          0  0.000e+00
  1026.3962     88.712     89.457    32.5200     2.1492          0          0  0.000e+00
  1026.3931     88.796     89.543    32.5153     2.1472          0          0  0.000e+00
  1026.3863     88.904     89.651    32.5058     2.1424          0          0  0.000e+00
  1026.3750     89.022     89.770    32.4899     2.1324          0          0  0.000e+00
  1026.3797     89.157     89.906    32.4933     2.1142          0          0  0.000e+00
  1026.3920     89.285     90.036    32.5061     2.0949          0          0  0.000e+00
  1026.4015     89.415     90.166    32.5156     2.0792          0          0  0.000e+00
  1026.4101     89.537     90.289    32.5245     2.0670          0          0  0.000e+00
  1026.4187     89.654     90.408    32.5336     2.0571          0          0  0.000e+00
  1026.4249     89.767     90.521    32.5400     2.0497          0          0  0.000e+00
  1026.4315     89.878     90.633    32.5471     2.0439          0          0  0.000e+00
  1026.4362     89.990     90.747    32.5519     2.0404          0          0  0.000e+00
  1026.4399     90.120     90.877    32.5556     2.0379          0          0  0.000e+00
  1026.4446     90.256     91.015    32.5605     2.0362          0          0  0.000e+00
  1026.4502     90.409     91.169    32.5665     2.0353          0          0  0.000e+00
  1026.4555     90.569     91.331    32.5722     2.0362          0          0  0.000e+00
  1026.4560     90.734     91.496    32.5720     2.0377          0          0  0.000e+00
  1026.4620     90.896     91.660    32.5785     2.0373          0          0  0.000e+00
  1026.4749     91.051     91.816    32.5937     2.0369          0          0  0.000e+00
  1026.4875     91.195     91.962    32.6089     2.0395          0          0  0.000e+00
  1026.4938     91.319     92.087    32.6165     2.0453          0          0  0.000e+00
  1026.4950     91.425     92.194    32.6180     2.0520          0          0  0.000e+00
  1026.4927     91.516     92.286    32.6151     2.0581          0          0  0.000e+00
  1026.4970     91.598     92.368    32.6205     2.0627          0          0  0.000e+00
  1026.4991     91.671     92.442    32.6232     2.0676          0          0  0.000e+00
  1026.5009     91.747     92.519    32.6254     2.0721          0          0  0.000e+00
  1026.5014     91.820     92.592    32.6260     2.0760          0          0  0.000e+00
  1026.5010     91.902     92.675    32.6253     2.0795          0          0  0.000e+00
  1026.5002     91.987     92.760    32.6241     2.0821          0          0  0.000e+00
  1026.5001     92.084     92.859    32.6235     2.0836          0          0  0.000e+00
  1026.5014     92.189     92.965    32.6246     2.0845          0          0  0.000e+00
  1026.5038     92.306     93.082    32.6269     2.0853          0          0  0.000e+00
  1026.5066     92.438     93.216    32.6297     2.0862          0          0  0.000e+00
  1026.5116     92.578     93.357    32.6353     2.0873          0          0  0.000e+00
  1026.5168     92.722     93.502    32.6411     2.0888          0          0  0.000e+00
  1026.5244     92.874     93.655    32.6498     2.0907          0          0  0.000e+00
  1026.5349     93.022     93.804    32.6625     2.0942          0          0  0.000e+00
  1026.5404     93.173     93.957    32.6690     2.0998          0          0  0.000e+00
  1026.5441     93.324     94.109    32.6733     2.1056          0          0  0.000e+00
  1026.5417     93.474     94.261    32.6699     2.1112          0          0  0.000e+00
  1026.5478     93.620     94.407    32.6771     2.1153          0          0  0.000e+00
  1026.5494     93.762     94.551    32.6786     2.1194          0          0  0.000e+00
  1026.5522     93.894     94.684    32.6817     2.1235          0          0  0.000e+00
  1026.5521     94.017     94.808    32.6813     2.1275          0          0  0.000e+00
  1026.5508     94.131     94.923    32.6792     2.1305          0          0  0.000e+00
  1026.5511     94.236     95.029    32.6792     2.1325          0          0  0.000e+00
  1026.5532     94.326     95.120    32.6815     2.1340          0          0  0.000e+00
  1026.5577     94.412     95.206    32.6868     2.1358          0          0  0.000e+00
  1026.5588     94.489     95.284    32.6879     2.1384          0          0  0.000e+00
  1026.5581     94.566     95.362    32.6868     2.1407          0          0  0.000e+00
  1026.5574     94.640     95.436    32.6857     2.1425          0          0  0.000e+00
  1026.5578     94.717     95.514    32.6858     2.1437          0          0  0.000e+00
  1026.5580     94.804     95.602    32.6857     2.1446          0          0  0.000e+00
  1026.5601     94.895     95.694    32.6878     2.1454          0          0  0.000e+00
  1026.5608     95.002     95.802    32.6881     2.1468          0          0  0.000e+00
  1026.5603     95.119     95.919    32.6870     2.1478          0          0  0.000e+00
  1026.5615     95.248     96.050    32.6878     2.1486          0          0  0.000e+00
  1026.5717     95.386     96.189    32.6998     2.1496          0          0  0.000e+00
  1026.5762     95.524     96.328    32.7050     2.1537          0          0  0.000e+00
  1026.5786     95.658     96.464    32.7078     2.1595          0          0  0.000e+00
  1026.5801     95.787     96.593    32.7095     2.1653          0          0  0.000e+00
  1026.5828     95.905     96.713    32.7127     2.1712          0          0  0.000e+00
  1026.5870     96.018     96.826    32.7179     2.1773          0          0  0.000e+00
  1026.5897     96.124     96.933    32.7213     2.1839          0          0  0.000e+00
  1026.5904     96.235     97.046    32.7222     2.1909          0          0  0.000e+00
  1026.5900     96.356     97.168    32.7216     2.1973          0          0  0.000e+00
  1026.5895     96.487     97.299    32.7207     2.2025          0          0  0.000e+00
  1026.5897     96.635     97.449    32.7205     2.2067          0          0  0.000e+00
  1026.5981     96.799     97.615    32.7304     2.2105          0          0  0.000e+00
  1026.6003     96.976     97.793    32.7326     2.2162          0          0  0.000e+00
  1026.5972     97.154     97.973    32.7283     2.2225          0          0  0.000e+00
  1026.5969     97.323     98.143    32.7275     2.2271          0          0  0.000e+00
  1026.5986     97.479     98.300    32.7290     2.2305          0          0  0.000e+00
  1026.6008     97.616     98.438    32.7312     2.2340          0          0  0.000e+00
  1026.6045     97.721     98.544    32.7356     2.2375          0          0  0.000e+00
  1026.6027     97.802     98.626    32.7332     2.2410          0          0  0.000e+00
  1026.6041     97.869     98.694    32.7349     2.2434          0          0  0.000e+00
  1026.6039     97.921     98.746    32.7345     2.2457          0          0  0.000e+00
  1026.6040     97.971     98.796    32.7344     2.2476          0          0  0.000e+00
  1026.6036     98.025     98.851    32.7338     2.2488          0          0  0.000e+00
  1026.6033     98.091     98.917    32.7331     2.2497          0          0  0.000e+00
  1026.6039     98.170     98.997    32.7334     2.2501          0          0  0.000e+00
  1026.6054     98.269     99.097    32.7347     2.2501          0          0  0.000e+00
  1026.6075     98.381     99.210    32.7367     2.2501          0          0  0.000e+00
  1026.6105     98.513     99.343    32.7397     2.2505          0          0  0.000e+00
  1026.6132     98.658     99.489    32.7422     2.2513          0          0  0.000e+00
  1026.6163     98.810     99.642    32.7453     2.2524          0          0  0.000e+00
  1026.6320     98.968     99.802    32.7643     2.2546          0          0  0.000e+00
  1026.6383     99.129     99.964    32.7718     2.2607          0          0  0.000e+00
  1026.6450     99.287    100.124    32.7801     2.2692          0          0  0.000e+00
  1026.6682     99.440    100.279    32.8091     2.2787          0          0  0.000e+00
  1026.6790     99.588    100.427    32.8233     2.2944          0          0  0.000e+00
  1026.6772     99.722    100.563    32.8223     2.3141          0          0  0.000e+00
  1026.6775     99.848    100.689    32.8237     2.3313          0          0  0.000e+00
  1026.6778     99.962    100.805    32.8250     2.3473          0          0  0.000e+00
  1026.6738    100.069    100.913    32.8209     2.3622          0          0  0.000e+00
  1026.6799    100.170    101.014    32.8291     2.3744          0          0  0.000e+00
  1026.6814    100.274    101.119    32.8317     2.3875          0          0  0.000e+00
  1026.6765    100.386    101.233    32.8263     2.4006          0          0  0.000e+00
  1026.6715    100.510    101.358    32.8203     2.4109          0          0  0.000e+00
  1026.6699    100.647    101.496    32.8182     2.4178          0          0  0.000e+00
  1026.6733    100.798    101.648    32.8222     2.4233          0          0  0.000e+00
  1026.6750    100.955    101.806    32.8240     2.4294          0          0  0.000e+00
  1026.6754    101.106    101.959    32.8243     2.4358          0          0  0.000e+00
  1026.6739    101.248    102.102    32.8222     2.4418          0          0  0.000e+00
  1026.6725    101.338    102.193    32.8203     2.4467          0          0  0.000e+00
  1026.6692    101.349    102.204    32.8165     2.4504          0          0  0.000e+00
  1026.6695    101.316    102.171    32.8173     2.4528          0          0  0.000e+00
  1026.6678    101.266    102.120    32.8157     2.4550          0          0  0.000e+00
  1026.6578    101.206    102.059    32.8038     2.4567          0          0  0.000e+00
  1026.6530    101.135    101.988    32.7980     2.4545          0          0  0.000e+00
  1026.6601    101.065    101.917    32.8068     2.4497          0          0  0.000e+00
  1026.6581    101.003    101.855    32.8044     2.4475          0          0  0.000e+00
  1026.6592    100.957    101.808    32.8058     2.4452          0          0  0.000e+00
  1026.6574    100.936    101.787    32.8035     2.4432          0          0  0.000e+00
  1026.6581    100.932    101.783    32.8042     2.4408          0          0  0.000e+00
  1026.6586    100.950    101.802    32.8044     2.4384          0          0  0.000e+00
  1026.6613    100.985    101.837    32.8074     2.4363          0          0  0.000e+00
  1026.6634    101.026    101.878    32.8096     2.4352          0          0  0.000e+00
  1026.6638    101.060    101.912    32.8099     2.4351          0          0  0.000e+00
  1026.6657    101.083    101.935    32.8122     2.4352          0          0  0.000e+00
  1026.6669    101.102    101.955    32.8136     2.4360          0          0  0.000e+00
