data/eDNA/PER-2021-171/171d028.cnv
* Sea-Bird SBE19plus  Data File:
* FileName = C:\Users\RSG_field\Ryan_2021_Perley\CTD\171d028.hex
* Software version 2.3.0 SB_Terminal.dll
* Temperature SN = 7141
* Conductivity SN = 7141
* System UpLoad Time = Aug 18 2021 08:25:02
* <ApplicationData>
* <SeatermAF>
** Platform: M. Perley
** Cruise: Per2021171
** Station:  GC-04
** Cast: 01 4
** Latitude: N
** Longitude: W
** Sounding:
** Chief Scientist: Ryan Stanley
** Comment: Test cast to see what depth we got to. We are fighting the tide
** 171D028
# nquan = 8
# nvalues = 2856                                  
# units = specified
# name 0 = density00: Density [density, kg/m^3]
# name 1 = depSM: Depth [salt water, m], lat = 45.00
# name 2 = prdM: Pressure, Strain Gauge [db]
# name 3 = sal00: Salinity, Practical [PSU]
# name 4 = tv290C: Temperature [ITS-90, deg C]
# name 5 = bpos: Bottle Position in Carousel
# name 6 = nbf: Bottles Fired
# name 7 = flag:  0.000e+00
# span 0 =   998.5547,  1042.0662                 
# span 1 =     -0.007,  17677.198                 
# span 2 =     -0.007,  18526.054                 
# span 3 =     0.0090,    30.1425                 
# span 4 =    13.7965,    80.2310                 
# span 5 =          0,          3                 
# span 6 =          0,          3                 
# span 7 = 0.0000e+00, 0.0000e+00                 
# interval = seconds: 0.25
# start_time = Aug 18 2021 11:11:17 [Instrument's time stamp, header]
# bad_flag = -9.990e-29
*END*
[from data line 180]
  1020.6977      1.583      1.596    29.2064    18.6261          0          0  0.000e+00
  1020.6956      1.600      1.613    29.2051    18.6306          0          0  0.000e+00
  1020.6851      1.640      1.654    29.1980    18.6526          0          0  0.000e+00
  1020.6779      1.702      1.716    29.1979    18.6831          0          0  0.000e+00
  1020.6721      1.781      1.796    29.1982    18.7094          0          0  0.000e+00
  1020.6608      1.858      1.873    29.1913    18.7354          0          0  0.000e+00
  1020.6451      1.926      1.942    29.1771    18.7567          0          0  0.000e+00
  1020.6131      1.987      2.003    29.1397    18.7723          0          0  0.000e+00
  1020.5916      2.036      2.052    29.1137    18.7799          0          0  0.000e+00
  1020.5788      2.063      2.080    29.0975    18.7823          0          0  0.000e+00
  1020.5956      2.078      2.095    29.1116    18.7575          0          0  0.000e+00
  1020.6261      2.087      2.104    29.1393    18.7194          0          0  0.000e+00
  1020.6524      2.092      2.109    29.1634    18.6869          0          0  0.000e+00
  1020.6692      2.097      2.114    29.1785    18.6652          0          0  0.000e+00
  1020.6782      2.098      2.115    29.1863    18.6529          0          0  0.000e+00
  1020.6844      2.110      2.127    29.1919    18.6451          0          0  0.000e+00
  1020.6899      2.117      2.135    29.1970    18.6386          0          0  0.000e+00
  1020.6954      2.114      2.131    29.2023    18.6323          0          0  0.000e+00
  1020.6989      2.094      2.111    29.2057    18.6283          0          0  0.000e+00
  1020.7149      2.050      2.067    29.2257    18.6242          0          0  0.000e+00
  1020.7850      1.974      1.990    29.3210    18.6336          0          0  0.000e+00
  1020.7436      1.876      1.891    29.2883    18.6993          0          0  0.000e+00
  1020.6922      1.771      1.785    29.2427    18.7658          0          0  0.000e+00
  1020.6625      1.664      1.677    29.2169    18.8049          0          0  0.000e+00
  1020.6463      1.562      1.575    29.2030    18.8261          0          0  0.000e+00
  1020.6384      1.496      1.508    29.1963    18.8365          0          0  0.000e+00
  1020.6350      1.491      1.503    29.1938    18.8423          0          0  0.000e+00
  1020.6331      1.533      1.546    29.1923    18.8461          0          0  0.000e+00
  1020.6313      1.623      1.637    29.1902    18.8485          0          0  0.000e+00
  1020.6311      1.745      1.760    29.1896    18.8496          0          0  0.000e+00
  1020.6322      1.884      1.899    29.1903    18.8499          0          0  0.000e+00
  1020.6308      2.026      2.043    29.1879    18.8507          0          0  0.000e+00
  1020.6311      2.148      2.166    29.1875    18.8504          0          0  0.000e+00
  1020.6319      2.240      2.259    29.1875    18.8492          0          0  0.000e+00
  1020.6332      2.290      2.309    29.1886    18.8480          0          0  0.000e+00
  1020.6339      2.300      2.318    29.1892    18.8473          0          0  0.000e+00
  1020.6338      2.279      2.298    29.1892    18.8474          0          0  0.000e+00
  1020.6341      2.234      2.252    29.1897    18.8469          0          0  0.000e+00
  1020.6340      2.153      2.171    29.1900    18.8468          0          0  0.000e+00
  1020.6334      2.065      2.082    29.1897    18.8468          0          0  0.000e+00
  1020.6332      1.984      2.000    29.1900    18.8467          0          0  0.000e+00
  1020.6328      1.900      1.916    29.1900    18.8468          0          0  0.000e+00
  1020.6327      1.820      1.835    29.1902    18.8467          0          0  0.000e+00
  1020.6323      1.760      1.774    29.1902    18.8468          0          0  0.000e+00
  1020.6323      1.709      1.723    29.1905    18.8469          0          0  0.000e+00
  1020.6324      1.679      1.693    29.1908    18.8470          0          0  0.000e+00
  1020.6322      1.684      1.698    29.1906    18.8473          0          0  0.000e+00
  1020.6334      1.720      1.734    29.1920    18.8475          0          0  0.000e+00
  1020.6331      1.788      1.802    29.1916    18.8486          0          0  0.000e+00
  1020.6331      1.885      1.901    29.1914    18.8496          0          0  0.000e+00
  1020.6332      2.006      2.022    29.1910    18.8503          0          0  0.000e+00
  1020.6331      2.127      2.144    29.1903    18.8508          0          0  0.000e+00
  1020.6321      2.226      2.245    29.1884    18.8505          0          0  0.000e+00
  1020.6343      2.276      2.295    29.1907    18.8497          0          0  0.000e+00
  1020.6333      2.272      2.291    29.1893    18.8497          0          0  0.000e+00
  1020.6332      2.218      2.236    29.1894    18.8490          0          0  0.000e+00
  1020.6329      2.115      2.132    29.1894    18.8485          0          0  0.000e+00
  1020.6333      1.987      2.003    29.1905    18.8479          0          0  0.000e+00
  1020.6323      1.854      1.870    29.1900    18.8478          0          0  0.000e+00
  1020.6313      1.727      1.741    29.1892    18.8474          0          0  0.000e+00
  1020.6314      1.639      1.653    29.1896    18.8468          0          0  0.000e+00
  1020.6310      1.610      1.623    29.1890    18.8459          0          0  0.000e+00
  1020.6324      1.631      1.644    29.1905    18.8450          0          0  0.000e+00
  1020.6355      1.686      1.700    29.1942    18.8449          0          0  0.000e+00
  1020.6343      1.767      1.782    29.1927    18.8468          0          0  0.000e+00
  1020.6338      1.853      1.869    29.1920    18.8483          0          0  0.000e+00
  1020.6342      1.930      1.945    29.1924    18.8494          0          0  0.000e+00
  1020.6336      1.976      1.992    29.1918    18.8505          0          0  0.000e+00
  1020.6317      1.999      2.015    29.1895    18.8515          0          0  0.000e+00
  1020.6321      1.997      2.014    29.1897    18.8507          0          0  0.000e+00
  1020.6330      1.974      1.990    29.1908    18.8497          0          0  0.000e+00
  1020.6328      1.943      1.959    29.1906    18.8498          0          0  0.000e+00
  1020.6330      1.915      1.930    29.1912    18.8500          0          0  0.000e+00
  1020.6333      1.926      1.942    29.1916    18.8501          0          0  0.000e+00
  1020.6330      1.988      2.004    29.1909    18.8506          0          0  0.000e+00
  1020.6327      2.083      2.100    29.1901    18.8509          0          0  0.000e+00
  1020.6319      2.184      2.202    29.1883    18.8504          0          0  0.000e+00
  1020.6298      2.270      2.288    29.1844    18.8486          0          0  0.000e+00
  1020.6327      2.319      2.338    29.1868    18.8447          0          0  0.000e+00
  1020.6344      2.329      2.348    29.1879    18.8417          0          0  0.000e+00
  1020.6359      2.298      2.317    29.1894    18.8395          0          0  0.000e+00
  1020.6379      2.238      2.256    29.1920    18.8384          0          0  0.000e+00
  1020.6396      2.144      2.161    29.1949    18.8388          0          0  0.000e+00
  1020.6366      2.026      2.043    29.1924    18.8410          0          0  0.000e+00
  1020.6355      1.891      1.907    29.1921    18.8423          0          0  0.000e+00
  1020.6347      1.748      1.763    29.1921    18.8432          0          0  0.000e+00
  1020.6339      1.603      1.616    29.1923    18.8442          0          0  0.000e+00
  1020.6329      1.473      1.485    29.1920    18.8451          0          0  0.000e+00
  1020.6320      1.370      1.381    29.1918    18.8458          0          0  0.000e+00
  1020.6315      1.306      1.317    29.1916    18.8464          0          0  0.000e+00
  1020.6312      1.298      1.309    29.1914    18.8467          0          0  0.000e+00
  1020.6312      1.362      1.373    29.1911    18.8470          0          0  0.000e+00
  1020.6320      1.493      1.505    29.1915    18.8473          0          0  0.000e+00
  1020.6325      1.672      1.686    29.1911    18.8475          0          0  0.000e+00
  1020.6336      1.864      1.879    29.1914    18.8475          0          0  0.000e+00
  1020.6340      2.054      2.070    29.1909    18.8478          0          0  0.000e+00
  1020.6346      2.231      2.249    29.1907    18.8477          0          0  0.000e+00
  1020.6336      2.364      2.384    29.1885    18.8475          0          0  0.000e+00
  1020.6342      2.455      2.475    29.1882    18.8458          0          0  0.000e+00
  1020.6364      2.498      2.518    29.1904    18.8441          0          0  0.000e+00
  1020.6373      2.497      2.517    29.1914    18.8438          0          0  0.000e+00
  1020.6372      2.454      2.474    29.1916    18.8439          0          0  0.000e+00
  1020.6368      2.376      2.395    29.1916    18.8442          0          0  0.000e+00
  1020.6362      2.270      2.288    29.1916    18.8446          0          0  0.000e+00
  1020.6354      2.141      2.158    29.1913    18.8449          0          0  0.000e+00
  1020.6348      1.999      2.015    29.1914    18.8449          0          0  0.000e+00
  1020.6341      1.846      1.861    29.1915    18.8453          0          0  0.000e+00
  1020.6333      1.691      1.705    29.1915    18.8455          0          0  0.000e+00
  1020.6328      1.549      1.562    29.1917    18.8458          0          0  0.000e+00
  1020.6320      1.423      1.435    29.1916    18.8463          0          0  0.000e+00
  1020.6314      1.332      1.343    29.1914    18.8466          0          0  0.000e+00
  1020.6313      1.293      1.303    29.1916    18.8468          0          0  0.000e+00
  1020.6310      1.301      1.312    29.1913    18.8474          0          0  0.000e+00
  1020.6310      1.370      1.381    29.1909    18.8474          0          0  0.000e+00
  1020.6315      1.479      1.491    29.1910    18.8475          0          0  0.000e+00
  1020.6327      1.605      1.618    29.1917    18.8474          0          0  0.000e+00
  1020.6337      1.747      1.762    29.1923    18.8476          0          0  0.000e+00
  1020.6317      1.893      1.908    29.1890    18.8482          0          0  0.000e+00
  1020.6289      2.034      2.050    29.1843    18.8473          0          0  0.000e+00
  1020.6297      2.158      2.175    29.1831    18.8429          0          0  0.000e+00
  1020.6327      2.258      2.277    29.1848    18.8377          0          0  0.000e+00
  1020.6371      2.325      2.344    29.1888    18.8333          0          0  0.000e+00
  1020.6400      2.354      2.373    29.1918    18.8313          0          0  0.000e+00
  1020.6403      2.331      2.350    29.1923    18.8315          0          0  0.000e+00
  1020.6392      2.276      2.295    29.1915    18.8321          0          0  0.000e+00
  1020.6379      2.182      2.200    29.1902    18.8320          0          0  0.000e+00
  1020.6380      2.067      2.084    29.1909    18.8315          0          0  0.000e+00
  1020.6382      1.943      1.959    29.1919    18.8314          0          0  0.000e+00
  1020.6384      1.827      1.842    29.1929    18.8317          0          0  0.000e+00
  1020.6383      1.762      1.777    29.1934    18.8326          0          0  0.000e+00
  1020.6376      1.748      1.763    29.1930    18.8340          0          0  0.000e+00
  1020.6369      1.764      1.779    29.1924    18.8352          0          0  0.000e+00
  1020.6360      1.780      1.795    29.1914    18.8360          0          0  0.000e+00
  1020.6361      1.794      1.809    29.1916    18.8363          0          0  0.000e+00
  1020.6356      1.805      1.819    29.1909    18.8365          0          0  0.000e+00
  1020.6359      1.805      1.819    29.1914    18.8366          0          0  0.000e+00
  1020.6352      1.794      1.809    29.1905    18.8367          0          0  0.000e+00
  1020.6348      1.783      1.798    29.1899    18.8363          0          0  0.000e+00
  1020.6340      1.777      1.792    29.1886    18.8354          0          0  0.000e+00
  1020.6338      1.774      1.788    29.1879    18.8337          0          0  0.000e+00
  1020.6360      1.790      1.804    29.1899    18.8316          0          0  0.000e+00
  1020.6377      1.843      1.858    29.1916    18.8306          0          0  0.000e+00
  1020.6403      1.944      1.960    29.1944    18.8307          0          0  0.000e+00
  1020.6444      2.077      2.094    29.1997    18.8329          0          0  0.000e+00
  1020.6406      2.222      2.240    29.1955    18.8379          0          0  0.000e+00
  1020.6375      2.339      2.358    29.1917    18.8410          0          0  0.000e+00
  1020.6376      2.420      2.440    29.1915    18.8417          0          0  0.000e+00
  1020.6368      2.448      2.468    29.1905    18.8420          0          0  0.000e+00
  1020.6357      2.420      2.440    29.1891    18.8417          0          0  0.000e+00
  1020.6356      2.344      2.363    29.1890    18.8403          0          0  0.000e+00
  1020.6362      2.224      2.243    29.1900    18.8389          0          0  0.000e+00
  1020.6346      2.066      2.083    29.1885    18.8378          0          0  0.000e+00
  1020.6341      1.879      1.894    29.1884    18.8361          0          0  0.000e+00
  1020.6347      1.682      1.695    29.1898    18.8344          0          0  0.000e+00
  1020.6346      1.499      1.512    29.1903    18.8332          0          0  0.000e+00
  1020.6341      1.364      1.375    29.1904    18.8327          0          0  0.000e+00
  1020.6332      1.312      1.322    29.1892    18.8321          0          0  0.000e+00
  1020.6325      1.331      1.342    29.1879    18.8311          0          0  0.000e+00
  1020.6363      1.397      1.408    29.1919    18.8293          0          0  0.000e+00
  1020.6325      1.504      1.516    29.1862    18.8290          0          0  0.000e+00
  1020.6347      1.629      1.642    29.1876    18.8266          0          0  0.000e+00
  1020.6380      1.760      1.774    29.1903    18.8242          0          0  0.000e+00
  1020.6392      1.885      1.901    29.1910    18.8234          0          0  0.000e+00
  1020.6408      2.012      2.029    29.1922    18.8232          0          0  0.000e+00
  1020.6432      2.126      2.143    29.1950    18.8241          0          0  0.000e+00
  1020.6430      2.208      2.226    29.1949    18.8262          0          0  0.000e+00
  1020.6423      2.270      2.288    29.1945    18.8286          0          0  0.000e+00
  1020.6406      2.319      2.338    29.1925    18.8304          0          0  0.000e+00
  1020.6402      2.343      2.362    29.1922    18.8316          0          0  0.000e+00
  1020.6401      2.343      2.362    29.1923    18.8323          0          0  0.000e+00
  1020.6382      2.320      2.339    29.1901    18.8329          0          0  0.000e+00
  1020.6377      2.283      2.301    29.1895    18.8322          0          0  0.000e+00
  1020.6382      2.223      2.241    29.1902    18.8314          0          0  0.000e+00
  1020.6380      2.142      2.159    29.1902    18.8306          0          0  0.000e+00
  1020.6383      2.054      2.070    29.1909    18.8300          0          0  0.000e+00
  1020.6377      1.961      1.978    29.1906    18.8296          0          0  0.000e+00
  1020.6374      1.873      1.889    29.1906    18.8293          0          0  0.000e+00
  1020.6372      1.802      1.817    29.1905    18.8288          0          0  0.000e+00
  1020.6370      1.741      1.755    29.1906    18.8284          0          0  0.000e+00
