data/eDNA/PER-2021-171/171d010.cnv
* Sea-Bird SBE19plus  Data File:
* FileName = C:\Users\RSG_field\Ryan_2021_Perley\CTD\171d010.hex
* Software version 2.3.0 SB_Terminal.dll
* Temperature SN = 7141
* Conductivity SN = 7141
* System UpLoad Time = Aug 11 2021 15:05:34
* <ApplicationData>
* <SeatermAF>
** Platform: M. Perley
** Cruise: Per2021171
** Station:  ESI_14
** Cast: 01 4
** Latitude: N  44 36.496
** Longitude: W 62 55.871
** Sounding: 25.7
** Chief Scientist: Ryan Stanley
** Comment: 171d010
** this cast was added after the eDNA sample from 171c010 was lost when steaming to ESI_13
# nquan = 8
# nvalues = 2640                                  
# units = specified
# name 0 = density00: Density [density, kg/m^3]
# name 1 = depSM: Depth [salt water, m], lat = 45.00
# name 2 = prdM: Pressure, Strain Gauge [db]
# name 3 = sal00: Salinity, Practical [PSU]
# name 4 = tv290C: Temperature [ITS-90, deg C]
# name 5 = bpos: Bottle Position in Carousel
# name 6 = nbf: Bottles Fired
# name 7 = flag:  0.000e+00
# span 0 =   998.4842,  1024.8211                 
# span 1 =     -0.050,     29.443                 
# span 2 =     -0.050,     29.686                 
# span 3 =     0.0000,    31.6042                 
# span 4 =     6.1304,    18.6537                 
# span 5 =          0,          4                 
# span 6 =          0,          4                 
# span 7 = 0.0000e+00, 0.0000e+00                 
# interval = seconds: 0.25
# start_time = Aug 11 2021 17:50:17 [Instrument's time stamp, header]
# bad_flag = -9.990e-29
*END*
[from data line 180]
   998.5140     -0.047     -0.047     0.0094    18.4788          0          0  0.000e+00
   998.5140     -0.047     -0.047     0.0094    18.4789          0          0  0.000e+00
   998.5139     -0.045     -0.045     0.0094    18.4790          0          0  0.000e+00
   998.5140     -0.046     -0.046     0.0094    18.4790          0          0  0.000e+00
   998.5140     -0.047     -0.047     0.0094    18.4791          0          0  0.000e+00
   998.5139     -0.046     -0.046     0.0094    18.4793          0          0  0.000e+00
   998.5138     -0.047     -0.047     0.0094    18.4795          0          0  0.000e+00
   998.5139     -0.045     -0.045     0.0094    18.4795          0          0  0.000e+00
   998.5139     -0.045     -0.045     0.0094    18.4793          0          0  0.000e+00
   998.5139     -0.045     -0.045     0.0094    18.4795          0          0  0.000e+00
   998.5138     -0.046     -0.046     0.0094    18.4797          0          0  0.000e+00
   998.5138     -0.047     -0.047     0.0094    18.4798          0          0  0.000e+00
   998.5138     -0.047     -0.047     0.0094    18.4798          0          0  0.000e+00
   998.5138     -0.047     -0.047     0.0094    18.4800          0          0  0.000e+00
   998.5138     -0.047     -0.047     0.0094    18.4798          0          0  0.000e+00
   998.5138     -0.046     -0.046     0.0094    18.4800          0          0  0.000e+00
   998.5138     -0.048     -0.048     0.0094    18.4800          0          0  0.000e+00
   998.5137     -0.046     -0.046     0.0094    18.4801          0          0  0.000e+00
   998.5137     -0.047     -0.047     0.0094    18.4803          0          0  0.000e+00
   998.5137     -0.048     -0.048     0.0094    18.4805          0          0  0.000e+00
   998.5136     -0.047     -0.047     0.0094    18.4808          0          0  0.000e+00
   998.5136     -0.047     -0.047     0.0094    18.4810          0          0  0.000e+00
   998.5135     -0.047     -0.047     0.0094    18.4813          0          0  0.000e+00
   998.5135     -0.046     -0.046     0.0094    18.4816          0          0  0.000e+00
   998.5135     -0.047     -0.047     0.0094    18.4816          0          0  0.000e+00
   998.5134     -0.046     -0.046     0.0094    18.4819          0          0  0.000e+00
   998.5134     -0.046     -0.046     0.0094    18.4819          0          0  0.000e+00
   998.5134     -0.045     -0.045     0.0094    18.4820          0          0  0.000e+00
   998.5134     -0.043     -0.044     0.0094    18.4819          0          0  0.000e+00
   998.5134     -0.043     -0.044     0.0094    18.4822          0          0  0.000e+00
   998.5134     -0.043     -0.044     0.0094    18.4823          0          0  0.000e+00
   998.5133     -0.046     -0.046     0.0094    18.4826          0          0  0.000e+00
   998.5133     -0.045     -0.045     0.0094    18.4826          0          0  0.000e+00
   998.5133     -0.046     -0.046     0.0094    18.4824          0          0  0.000e+00
   998.5133     -0.046     -0.046     0.0094    18.4826          0          0  0.000e+00
   998.5132     -0.045     -0.045     0.0094    18.4829          0          0  0.000e+00
   998.5132     -0.047     -0.047     0.0094    18.4829          0          0  0.000e+00
   998.5132     -0.047     -0.047     0.0094    18.4832          0          0  0.000e+00
   998.5132     -0.048     -0.048     0.0094    18.4832          0          0  0.000e+00
   998.5132     -0.046     -0.046     0.0094    18.4833          0          0  0.000e+00
   998.5131     -0.047     -0.047     0.0094    18.4833          0          0  0.000e+00
   998.5131     -0.047     -0.047     0.0094    18.4833          0          0  0.000e+00
   998.5131     -0.047     -0.047     0.0094    18.4835          0          0  0.000e+00
   998.5131     -0.046     -0.046     0.0094    18.4836          0          0  0.000e+00
   998.5130     -0.046     -0.046     0.0094    18.4838          0          0  0.000e+00
   998.5130     -0.048     -0.048     0.0094    18.4840          0          0  0.000e+00
   998.5130     -0.046     -0.046     0.0094    18.4840          0          0  0.000e+00
   998.5129     -0.045     -0.045     0.0094    18.4844          0          0  0.000e+00
   998.5129     -0.046     -0.046     0.0094    18.4843          0          0  0.000e+00
   998.5129     -0.046     -0.046     0.0094    18.4846          0          0  0.000e+00
   998.5129     -0.047     -0.047     0.0094    18.4846          0          0  0.000e+00
   998.5129     -0.046     -0.046     0.0094    18.4847          0          0  0.000e+00
   998.5128     -0.047     -0.047     0.0094    18.4849          0          0  0.000e+00
   998.5128     -0.046     -0.046     0.0094    18.4850          0          0  0.000e+00
   998.5128     -0.045     -0.045     0.0094    18.4852          0          0  0.000e+00
   998.5127     -0.045     -0.045     0.0094    18.4855          0          0  0.000e+00
   998.5128     -0.047     -0.047     0.0094    18.4853          0          0  0.000e+00
   998.5127     -0.046     -0.046     0.0094    18.4856          0          0  0.000e+00
   998.5127     -0.046     -0.046     0.0094    18.4859          0          0  0.000e+00
   998.5127     -0.046     -0.046     0.0094    18.4858          0          0  0.000e+00
   998.5126     -0.047     -0.047     0.0094    18.4860          0          0  0.000e+00
   998.5126     -0.047     -0.047     0.0094    18.4862          0          0  0.000e+00
   998.5126     -0.047     -0.047     0.0094    18.4862          0          0  0.000e+00
   998.5126     -0.047     -0.047     0.0094    18.4863          0          0  0.000e+00
   998.5126     -0.046     -0.046     0.0094    18.4864          0          0  0.000e+00
   998.5126     -0.046     -0.046     0.0094    18.4866          0          0  0.000e+00
   998.5125     -0.046     -0.046     0.0094    18.4867          0          0  0.000e+00
   998.5125     -0.046     -0.046     0.0094    18.4867          0          0  0.000e+00
   998.5124     -0.047     -0.047     0.0094    18.4871          0          0  0.000e+00
   998.5124     -0.046     -0.046     0.0094    18.4871          0          0  0.000e+00
   998.5124     -0.045     -0.045     0.0094    18.4874          0          0  0.000e+00
   998.5123     -0.046     -0.046     0.0094    18.4875          0          0  0.000e+00
   998.5124     -0.046     -0.046     0.0094    18.4876          0          0  0.000e+00
   998.5123     -0.046     -0.046     0.0094    18.4878          0          0  0.000e+00
   998.5123     -0.047     -0.047     0.0094    18.4877          0          0  0.000e+00
   998.5123     -0.048     -0.048     0.0095    18.4879          0          0  0.000e+00
   998.5123     -0.050     -0.050     0.0094    18.4879          0          0  0.000e+00
   998.5122     -0.048     -0.048     0.0094    18.4882          0          0  0.000e+00
   998.5121     -0.046     -0.046     0.0094    18.4886          0          0  0.000e+00
   998.5122     -0.048     -0.048     0.0094    18.4885          0          0  0.000e+00
   998.5122     -0.047     -0.047     0.0094    18.4885          0          0  0.000e+00
   998.5121     -0.049     -0.049     0.0094    18.4887          0          0  0.000e+00
   998.5121     -0.047     -0.047     0.0094    18.4887          0          0  0.000e+00
   998.5122     -0.047     -0.047     0.0095    18.4888          0          0  0.000e+00
   998.5121     -0.047     -0.047     0.0095    18.4890          0          0  0.000e+00
   998.5121     -0.047     -0.047     0.0095    18.4891          0          0  0.000e+00
   998.5121     -0.047     -0.047     0.0095    18.4892          0          0  0.000e+00
   998.5121     -0.048     -0.048     0.0095    18.4892          0          0  0.000e+00
   998.5120     -0.046     -0.046     0.0095    18.4895          0          0  0.000e+00
   998.5120     -0.048     -0.048     0.0094    18.4895          0          0  0.000e+00
   998.5120     -0.046     -0.046     0.0094    18.4896          0          0  0.000e+00
   998.5118     -0.048     -0.048     0.0094    18.4901          0          0  0.000e+00
   998.5118     -0.047     -0.047     0.0094    18.4902          0          0  0.000e+00
   998.5118     -0.049     -0.049     0.0094    18.4905          0          0  0.000e+00
   998.5117     -0.048     -0.048     0.0094    18.4912          0          0  0.000e+00
   998.5115     -0.047     -0.047     0.0094    18.4917          0          0  0.000e+00
   998.5115     -0.047     -0.047     0.0094    18.4917          0          0  0.000e+00
   998.5115     -0.047     -0.047     0.0094    18.4920          0          0  0.000e+00
   998.5115     -0.047     -0.047     0.0094    18.4921          0          0  0.000e+00
   998.5115     -0.047     -0.047     0.0095    18.4924          0          0  0.000e+00
   998.5114     -0.047     -0.047     0.0094    18.4926          0          0  0.000e+00
   998.5113     -0.047     -0.047     0.0094    18.4930          0          0  0.000e+00
   998.5112     -0.047     -0.047     0.0094    18.4935          0          0  0.000e+00
   998.5112     -0.047     -0.047     0.0094    18.4936          0          0  0.000e+00
   998.5111     -0.047     -0.047     0.0094    18.4939          0          0  0.000e+00
   998.5111     -0.046     -0.046     0.0094    18.4942          0          0  0.000e+00
   998.5111     -0.049     -0.049     0.0094    18.4942          0          0  0.000e+00
   998.5111     -0.047     -0.047     0.0094    18.4943          0          0  0.000e+00
   998.5110     -0.047     -0.047     0.0094    18.4947          0          0  0.000e+00
   998.5110     -0.047     -0.047     0.0094    18.4945          0          0  0.000e+00
   998.5110     -0.045     -0.045     0.0094    18.4946          0          0  0.000e+00
   998.5110     -0.046     -0.046     0.0094    18.4944          0          0  0.000e+00
   998.5110     -0.046     -0.046     0.0094    18.4948          0          0  0.000e+00
   998.5109     -0.048     -0.048     0.0094    18.4951          0          0  0.000e+00
   998.5109     -0.047     -0.047     0.0094    18.4950          0          0  0.000e+00
   998.5109     -0.047     -0.047     0.0094    18.4951          0          0  0.000e+00
   998.5109     -0.047     -0.047     0.0094    18.4950          0          0  0.000e+00
   998.5109     -0.047     -0.047     0.0094    18.4949          0          0  0.000e+00
   998.5109     -0.046     -0.046     0.0094    18.4951          0          0  0.000e+00
   998.5109     -0.046     -0.046     0.0094    18.4952          0          0  0.000e+00
   998.5108     -0.047     -0.047     0.0094    18.4955          0          0  0.000e+00
   998.5108     -0.047     -0.047     0.0094    18.4956          0          0  0.000e+00
   998.5108     -0.046     -0.046     0.0094    18.4957          0          0  0.000e+00
   998.5108     -0.046     -0.046     0.0094    18.4958          0          0  0.000e+00
   998.5108     -0.046     -0.046     0.0094    18.4958          0          0  0.000e+00
   998.5107     -0.047     -0.047     0.0094    18.4960          0          0  0.000e+00
   998.5107     -0.047     -0.047     0.0094    18.4961          0          0  0.000e+00
   998.5107     -0.045     -0.045     0.0094    18.4963          0          0  0.000e+00
   998.5107     -0.047     -0.047     0.0094    18.4963          0          0  0.000e+00
   998.5106     -0.047     -0.047     0.0094    18.4964          0          0  0.000e+00
   998.5107     -0.048     -0.048     0.0094    18.4963          0          0  0.000e+00
   998.5106     -0.047     -0.047     0.0094    18.4965          0          0  0.000e+00
   998.5107     -0.047     -0.047     0.0094    18.4963          0          0  0.000e+00
   998.5107     -0.046     -0.046     0.0094    18.4964          0          0  0.000e+00
   998.5107     -0.047     -0.047     0.0094    18.4960          0          0  0.000e+00
   998.5107     -0.046     -0.046     0.0094    18.4962          0          0  0.000e+00
   998.5106     -0.045     -0.045     0.0094    18.4965          0          0  0.000e+00
   998.5106     -0.047     -0.047     0.0094    18.4968          0          0  0.000e+00
   998.5105     -0.046     -0.046     0.0094    18.4971          0          0  0.000e+00
   998.5105     -0.049     -0.049     0.0094    18.4973          0          0  0.000e+00
   998.5105     -0.046     -0.046     0.0094    18.4972          0          0  0.000e+00
   998.5104     -0.047     -0.047     0.0094    18.4975          0          0  0.000e+00
   998.5104     -0.047     -0.047     0.0094    18.4980          0          0  0.000e+00
   998.5104     -0.047     -0.047     0.0094    18.4976          0          0  0.000e+00
   998.5105     -0.046     -0.046     0.0094    18.4970          0          0  0.000e+00
   998.5107     -0.047     -0.047     0.0094    18.4964          0          0  0.000e+00
   998.5107     -0.047     -0.047     0.0094    18.4959          0          0  0.000e+00
   998.5108     -0.048     -0.048     0.0094    18.4958          0          0  0.000e+00
   998.5108     -0.045     -0.045     0.0094    18.4957          0          0  0.000e+00
   998.5108     -0.046     -0.046     0.0094    18.4956          0          0  0.000e+00
   998.5107     -0.045     -0.045     0.0094    18.4960          0          0  0.000e+00
   998.5107     -0.045     -0.045     0.0094    18.4964          0          0  0.000e+00
   998.5107     -0.049     -0.049     0.0094    18.4959          0          0  0.000e+00
   998.5108     -0.047     -0.047     0.0094    18.4958          0          0  0.000e+00
   998.5109     -0.046     -0.046     0.0094    18.4952          0          0  0.000e+00
   998.5110     -0.047     -0.047     0.0094    18.4948          0          0  0.000e+00
   998.5108     -0.047     -0.047     0.0094    18.4954          0          0  0.000e+00
   998.5106     -0.048     -0.048     0.0094    18.4965          0          0  0.000e+00
   998.5105     -0.047     -0.047     0.0094    18.4973          0          0  0.000e+00
   998.5104     -0.046     -0.046     0.0094    18.4975          0          0  0.000e+00
   998.5103     -0.049     -0.049     0.0094    18.4984          0          0  0.000e+00
   998.5101     -0.048     -0.048     0.0094    18.4991          0          0  0.000e+00
   998.5100     -0.047     -0.047     0.0094    18.4996          0          0  0.000e+00
   998.5098     -0.046     -0.046     0.0094    18.5010          0          0  0.000e+00
   998.5096     -0.046     -0.046     0.0094    18.5019          0          0  0.000e+00
   998.5095     -0.046     -0.046     0.0094    18.5023          0          0  0.000e+00
   998.5094     -0.048     -0.048     0.0094    18.5028          0          0  0.000e+00
   998.5093     -0.047     -0.047     0.0094    18.5035          0          0  0.000e+00
   998.5092     -0.046     -0.046     0.0094    18.5041          0          0  0.000e+00
   998.5091     -0.048     -0.048     0.0094    18.5045          0          0  0.000e+00
   998.5091     -0.046     -0.046     0.0094    18.5045          0          0  0.000e+00
   998.5091     -0.048     -0.048     0.0094    18.5046          0          0  0.000e+00
   998.5091     -0.048     -0.048     0.0094    18.5044          0          0  0.000e+00
   998.5091     -0.046     -0.046     0.0094    18.5043          0          0  0.000e+00
   998.5091     -0.046     -0.046     0.0094    18.5044          0          0  0.000e+00
   998.5091     -0.047     -0.047     0.0094    18.5046          0          0  0.000e+00
   998.5090     -0.047     -0.047     0.0094    18.5053          0          0  0.000e+00
   998.5087     -0.047     -0.047     0.0094    18.5069          0          0  0.000e+00
   998.5082     -0.047     -0.047     0.0094    18.5093          0          0  0.000e+00
