data/eDNA/PER-2021-171/171d020.cnv
* Sea-Bird SBE19plus  Data File:
* FileName = C:\Users\RSG_field\Ryan_2021_Perley\CTD\171d020.hex
* Software version 2.3.0 SB_Terminal.dll
* Temperature SN = 7141
* Conductivity SN = 7141
* System UpLoad Time = Aug 17 2021 11:09:09
* <ApplicationData>
* <SeatermAF>
** Platform: M. Perley
** Cruise: Per2021171
** Station:  SAB_05
** Cast: 01 NA
** Latitude: N  46 16.117
** Longitude: W 59 11.012
** Sounding: 110
** Chief Scientist: Ryan Stanley
** Comment: 171d020
** cast didn't close bottle 1 the cable caught on the trigger housing
# nquan = 8
# nvalues = 3642                                  
# units = specified
# name 0 = density00: Density [density, kg/m^3]
# name 1 = depSM: Depth [salt water, m], lat = 45.00
# name 2 = prdM: Pressure, Strain Gauge [db]
# name 3 = sal00: Salinity, Practical [PSU]
# name 4 = tv290C: Temperature [ITS-90, deg C]
# name 5 = bpos: Bottle Position in Carousel
# name 6 = nbf: Bottles Fired
# name 7 = flag:  0.000e+00
# span 0 =   998.1482,  1026.7840                 
# span 1 =     -0.034,    103.449                 
# span 2 =     -0.034,    104.322                 
# span 3 =     0.0088,    32.9634                 
# span 4 =     2.0353,    20.3123                 
# span 5 =          0,          5                 
# span 6 =          0,          5                 
# span 7 = 0.0000e+00, 0.0000e+00                 
# interval = seconds: 0.25
# start_time = Aug 17 2021 13:30:26 [Instrument's time stamp, header]
# bad_flag = -9.990e-29
*END*
[from data line 540]
  1020.7064      1.302      1.312    29.3826    19.1338          0          0  0.000e+00
  1020.7058      1.360      1.371    29.3815    19.1339          0          0  0.000e+00
  1020.7060      1.428      1.440    29.3812    19.1331          0          0  0.000e+00
  1020.7068      1.497      1.509    29.3816    19.1322          0          0  0.000e+00
  1020.7080      1.551      1.564    29.3825    19.1314          0          0  0.000e+00
  1020.7089      1.589      1.602    29.3835    19.1313          0          0  0.000e+00
  1020.7089      1.607      1.620    29.3834    19.1314          0          0  0.000e+00
  1020.7085      1.609      1.622    29.3830    19.1319          0          0  0.000e+00
  1020.7081      1.601      1.614    29.3825    19.1319          0          0  0.000e+00
  1020.7084      1.583      1.596    29.3830    19.1316          0          0  0.000e+00
  1020.7087      1.572      1.585    29.3835    19.1319          0          0  0.000e+00
  1020.7085      1.569      1.582    29.3834    19.1325          0          0  0.000e+00
  1020.7082      1.583      1.596    29.3831    19.1332          0          0  0.000e+00
  1020.7078      1.609      1.622    29.3827    19.1338          0          0  0.000e+00
  1020.7076      1.629      1.643    29.3824    19.1339          0          0  0.000e+00
  1020.7082      1.636      1.649    29.3832    19.1342          0          0  0.000e+00
  1020.7074      1.619      1.632    29.3824    19.1347          0          0  0.000e+00
  1020.7067      1.570      1.583    29.3819    19.1351          0          0  0.000e+00
  1020.7069      1.492      1.504    29.3827    19.1353          0          0  0.000e+00
  1020.7069      1.395      1.407    29.3834    19.1357          0          0  0.000e+00
  1020.7058      1.285      1.295    29.3828    19.1365          0          0  0.000e+00
  1020.7045      1.182      1.192    29.3820    19.1372          0          0  0.000e+00
  1020.7039      1.115      1.124    29.3817    19.1374          0          0  0.000e+00
  1020.7035      1.111      1.120    29.3812    19.1373          0          0  0.000e+00
  1020.7039      1.170      1.180    29.3813    19.1371          0          0  0.000e+00
  1020.7042      1.263      1.273    29.3810    19.1371          0          0  0.000e+00
  1020.7048      1.370      1.381    29.3811    19.1367          0          0  0.000e+00
  1020.7053      1.475      1.487    29.3810    19.1364          0          0  0.000e+00
  1020.7054      1.562      1.574    29.3804    19.1357          0          0  0.000e+00
  1020.7069      1.622      1.635    29.3817    19.1346          0          0  0.000e+00
  1020.7083      1.654      1.667    29.3831    19.1340          0          0  0.000e+00
  1020.7076      1.655      1.668    29.3824    19.1346          0          0  0.000e+00
  1020.7070      1.627      1.641    29.3820    19.1351          0          0  0.000e+00
  1020.7065      1.583      1.596    29.3817    19.1353          0          0  0.000e+00
  1020.7073      1.527      1.539    29.3829    19.1349          0          0  0.000e+00
  1020.7073      1.468      1.480    29.3833    19.1353          0          0  0.000e+00
  1020.7065      1.434      1.446    29.3827    19.1361          0          0  0.000e+00
  1020.7057      1.432      1.444    29.3819    19.1366          0          0  0.000e+00
  1020.7052      1.453      1.465    29.3811    19.1369          0          0  0.000e+00
  1020.7056      1.483      1.495    29.3814    19.1365          0          0  0.000e+00
  1020.7063      1.518      1.530    29.3820    19.1362          0          0  0.000e+00
  1020.7064      1.551      1.564    29.3820    19.1362          0          0  0.000e+00
  1020.7061      1.575      1.588    29.3816    19.1365          0          0  0.000e+00
  1020.7061      1.588      1.601    29.3815    19.1366          0          0  0.000e+00
  1020.7061      1.583      1.596    29.3815    19.1366          0          0  0.000e+00
  1020.7061      1.551      1.564    29.3816    19.1364          0          0  0.000e+00
  1020.7059      1.503      1.516    29.3818    19.1365          0          0  0.000e+00
  1020.7061      1.449      1.461    29.3823    19.1367          0          0  0.000e+00
  1020.7058      1.390      1.401    29.3824    19.1370          0          0  0.000e+00
  1020.7051      1.330      1.341    29.3820    19.1377          0          0  0.000e+00
  1020.7046      1.284      1.294    29.3818    19.1380          0          0  0.000e+00
  1020.7039      1.257      1.268    29.3812    19.1386          0          0  0.000e+00
  1020.7033      1.247      1.257    29.3804    19.1383          0          0  0.000e+00
  1020.7036      1.251      1.261    29.3806    19.1378          0          0  0.000e+00
  1020.7038      1.268      1.278    29.3805    19.1372          0          0  0.000e+00
  1020.7043      1.303      1.314    29.3809    19.1366          0          0  0.000e+00
  1020.7048      1.361      1.372    29.3809    19.1359          0          0  0.000e+00
  1020.7057      1.435      1.447    29.3816    19.1355          0          0  0.000e+00
  1020.7063      1.509      1.521    29.3819    19.1354          0          0  0.000e+00
  1020.7066      1.587      1.600    29.3817    19.1353          0          0  0.000e+00
  1020.7072      1.649      1.663    29.3820    19.1349          0          0  0.000e+00
  1020.7077      1.691      1.705    29.3824    19.1347          0          0  0.000e+00
  1020.7075      1.709      1.723    29.3820    19.1347          0          0  0.000e+00
  1020.7075      1.705      1.719    29.3821    19.1349          0          0  0.000e+00
  1020.7076      1.681      1.695    29.3824    19.1350          0          0  0.000e+00
  1020.7071      1.651      1.664    29.3820    19.1351          0          0  0.000e+00
  1020.7072      1.607      1.620    29.3824    19.1351          0          0  0.000e+00
  1020.7076      1.556      1.569    29.3832    19.1351          0          0  0.000e+00
  1020.7071      1.519      1.532    29.3830    19.1357          0          0  0.000e+00
  1020.7069      1.503      1.516    29.3828    19.1359          0          0  0.000e+00
  1020.7063      1.495      1.507    29.3822    19.1362          0          0  0.000e+00
  1020.7048      1.488      1.501    29.3803    19.1362          0          0  0.000e+00
  1020.7053      1.480      1.492    29.3805    19.1346          0          0  0.000e+00
  1020.7079      1.459      1.471    29.3834    19.1330          0          0  0.000e+00
  1020.7078      1.426      1.438    29.3836    19.1332          0          0  0.000e+00
  1020.7064      1.378      1.389    29.3822    19.1339          0          0  0.000e+00
  1020.7052      1.319      1.330    29.3809    19.1338          0          0  0.000e+00
  1020.7065      1.257      1.268    29.3827    19.1325          0          0  0.000e+00
  1020.7077      1.202      1.212    29.3844    19.1322          0          0  0.000e+00
  1020.7068      1.159      1.168    29.3838    19.1330          0          0  0.000e+00
  1020.7065      1.142      1.151    29.3837    19.1335          0          0  0.000e+00
  1020.7061      1.175      1.184    29.3831    19.1342          0          0  0.000e+00
  1020.7053      1.246      1.256    29.3818    19.1347          0          0  0.000e+00
  1020.7065      1.348      1.360    29.3827    19.1344          0          0  0.000e+00
  1020.7069      1.457      1.469    29.3826    19.1341          0          0  0.000e+00
  1020.7070      1.549      1.561    29.3821    19.1341          0          0  0.000e+00
  1020.7073      1.624      1.637    29.3820    19.1338          0          0  0.000e+00
  1020.7079      1.660      1.674    29.3825    19.1335          0          0  0.000e+00
  1020.7081      1.664      1.678    29.3826    19.1334          0          0  0.000e+00
  1020.7083      1.652      1.665    29.3830    19.1333          0          0  0.000e+00
  1020.7080      1.634      1.647    29.3828    19.1337          0          0  0.000e+00
  1020.7080      1.623      1.636    29.3829    19.1338          0          0  0.000e+00
  1020.7081      1.623      1.636    29.3830    19.1339          0          0  0.000e+00
  1020.7078      1.637      1.650    29.3826    19.1341          0          0  0.000e+00
  1020.7077      1.636      1.649    29.3825    19.1343          0          0  0.000e+00
  1020.7078      1.629      1.643    29.3828    19.1342          0          0  0.000e+00
  1020.7078      1.618      1.631    29.3828    19.1343          0          0  0.000e+00
  1020.7080      1.598      1.611    29.3832    19.1342          0          0  0.000e+00
  1020.7076      1.574      1.587    29.3830    19.1346          0          0  0.000e+00
  1020.7074      1.557      1.570    29.3828    19.1347          0          0  0.000e+00
  1020.7075      1.533      1.545    29.3830    19.1346          0          0  0.000e+00
  1020.7074      1.481      1.493    29.3832    19.1347          0          0  0.000e+00
  1020.7062      1.410      1.421    29.3821    19.1349          0          0  0.000e+00
  1020.7062      1.323      1.334    29.3825    19.1343          0          0  0.000e+00
  1020.7061      1.216      1.226    29.3827    19.1336          0          0  0.000e+00
  1020.7056      1.123      1.132    29.3825    19.1330          0          0  0.000e+00
  1020.7053      1.061      1.070    29.3821    19.1322          0          0  0.000e+00
  1020.7051      1.075      1.084    29.3814    19.1311          0          0  0.000e+00
  1020.7069      1.152      1.162    29.3828    19.1296          0          0  0.000e+00
  1020.7095      1.266      1.276    29.3853    19.1287          0          0  0.000e+00
  1020.7109      1.382      1.394    29.3868    19.1298          0          0  0.000e+00
  1020.7077      1.477      1.489    29.3830    19.1327          0          0  0.000e+00
  1020.7062      1.543      1.556    29.3809    19.1333          0          0  0.000e+00
  1020.7075      1.587      1.600    29.3819    19.1321          0          0  0.000e+00
  1020.7088      1.610      1.623    29.3831    19.1310          0          0  0.000e+00
  1020.7092      1.600      1.613    29.3836    19.1307          0          0  0.000e+00
  1020.7093      1.570      1.583    29.3838    19.1307          0          0  0.000e+00
  1020.7093      1.550      1.563    29.3843    19.1314          0          0  0.000e+00
  1020.7088      1.553      1.566    29.3839    19.1323          0          0  0.000e+00
  1020.7081      1.556      1.569    29.3832    19.1331          0          0  0.000e+00
  1020.7079      1.565      1.578    29.3830    19.1336          0          0  0.000e+00
  1020.7078      1.577      1.590    29.3829    19.1338          0          0  0.000e+00
  1020.7075      1.587      1.600    29.3824    19.1338          0          0  0.000e+00
  1020.7073      1.592      1.605    29.3821    19.1338          0          0  0.000e+00
  1020.7068      1.586      1.599    29.3814    19.1333          0          0  0.000e+00
  1020.7078      1.576      1.589    29.3824    19.1323          0          0  0.000e+00
  1020.7082      1.558      1.571    29.3829    19.1318          0          0  0.000e+00
  1020.7087      1.530      1.542    29.3836    19.1315          0          0  0.000e+00
  1020.7085      1.482      1.494    29.3838    19.1320          0          0  0.000e+00
  1020.7077      1.421      1.432    29.3833    19.1326          0          0  0.000e+00
  1020.7071      1.356      1.367    29.3829    19.1328          0          0  0.000e+00
  1020.7071      1.288      1.299    29.3834    19.1327          0          0  0.000e+00
  1020.7069      1.231      1.241    29.3834    19.1330          0          0  0.000e+00
  1020.7067      1.211      1.221    29.3834    19.1332          0          0  0.000e+00
  1020.7062      1.240      1.251    29.3828    19.1338          0          0  0.000e+00
  1020.7068      1.315      1.325    29.3831    19.1338          0          0  0.000e+00
  1020.7066      1.400      1.412    29.3825    19.1342          0          0  0.000e+00
  1020.7061      1.475      1.487    29.3814    19.1342          0          0  0.000e+00
  1020.7068      1.534      1.547    29.3817    19.1334          0          0  0.000e+00
  1020.7076      1.569      1.582    29.3823    19.1324          0          0  0.000e+00
  1020.7082      1.578      1.591    29.3828    19.1319          0          0  0.000e+00
  1020.7082      1.565      1.578    29.3828    19.1316          0          0  0.000e+00
  1020.7083      1.536      1.549    29.3831    19.1314          0          0  0.000e+00
  1020.7084      1.505      1.518    29.3834    19.1316          0          0  0.000e+00
  1020.7084      1.487      1.499    29.3836    19.1321          0          0  0.000e+00
  1020.7082      1.486      1.498    29.3836    19.1328          0          0  0.000e+00
  1020.7078      1.496      1.508    29.3833    19.1333          0          0  0.000e+00
  1020.7077      1.512      1.524    29.3830    19.1336          0          0  0.000e+00
  1020.7074      1.529      1.541    29.3827    19.1338          0          0  0.000e+00
  1020.7074      1.543      1.556    29.3825    19.1338          0          0  0.000e+00
  1020.7077      1.558      1.571    29.3828    19.1335          0          0  0.000e+00
  1020.7080      1.566      1.579    29.3831    19.1335          0          0  0.000e+00
  1020.7081      1.562      1.574    29.3833    19.1336          0          0  0.000e+00
  1020.7079      1.539      1.552    29.3832    19.1337          0          0  0.000e+00
  1020.7079      1.505      1.518    29.3834    19.1338          0          0  0.000e+00
  1020.7072      1.464      1.476    29.3829    19.1344          0          0  0.000e+00
  1020.7062      1.411      1.423    29.3819    19.1342          0          0  0.000e+00
  1020.7065      1.359      1.370    29.3820    19.1326          0          0  0.000e+00
  1020.7079      1.321      1.332    29.3835    19.1305          0          0  0.000e+00
  1020.7089      1.301      1.311    29.3843    19.1288          0          0  0.000e+00
  1020.7080      1.307      1.318    29.3827    19.1274          0          0  0.000e+00
  1020.7081      1.328      1.339    29.3818    19.1247          0          0  0.000e+00
  1020.7122      1.356      1.367    29.3854    19.1197          0          0  0.000e+00
  1020.7152      1.380      1.392    29.3881    19.1164          0          0  0.000e+00
  1020.7169      1.407      1.418    29.3898    19.1151          0          0  0.000e+00
  1020.7176      1.438      1.449    29.3907    19.1158          0          0  0.000e+00
  1020.7167      1.470      1.482    29.3900    19.1179          0          0  0.000e+00
  1020.7153      1.511      1.523    29.3886    19.1196          0          0  0.000e+00
  1020.7165      1.550      1.563    29.3904    19.1214          0          0  0.000e+00
  1020.7126      1.587      1.600    29.3866    19.1257          0          0  0.000e+00
  1020.7113      1.612      1.626    29.3854    19.1282          0          0  0.000e+00
  1020.7102      1.620      1.633    29.3843    19.1292          0          0  0.000e+00
  1020.7098      1.607      1.620    29.3838    19.1291          0          0  0.000e+00
  1020.7101      1.586      1.599    29.3841    19.1282          0          0  0.000e+00
  1020.7109      1.566      1.579    29.3849    19.1273          0          0  0.000e+00
  1020.7115      1.543      1.556    29.3857    19.1267          0          0  0.000e+00
  1020.7117      1.518      1.530    29.3859    19.1264          0          0  0.000e+00
  1020.7116      1.497      1.509    29.3859    19.1261          0          0  0.000e+00
  1020.7119      1.487      1.499    29.3862    19.1259          0          0  0.000e+00
