data/eDNA/PER-2021-171/171d026.ros
* Sea-Bird SBE19plus  Data File:
* FileName = C:\Users\RSG_field\Ryan_2021_Perley\CTD\171d026.hex
* Software version 2.3.0 SB_Terminal.dll
* Temperature SN = 7141
* Conductivity SN = 7141
* System UpLoad Time = Aug 18 2021 13:17:52
* <ApplicationData>
* <SeatermAF>
** Platform: M. Perley
** Cruise: Per2021171
** Station:  SAB_02
** Cast: 01 4
** Latitude: N  45 50.647
** Longitude: W 60 07.903
** Sounding: 24.5
** Chief Scientist: Ryan Stanley
** Comment: 171d026
# nquan = 9
# nvalues = 27                                    
# units = specified
# name 0 = density00: Density [density, kg/m^3]
# name 1 = depSM: Depth [salt water, m], lat = 45.00
# name 2 = prdM: Pressure, Strain Gauge [db]
# name 3 = sal00: Salinity, Practical [PSU]
# name 4 = tv290C: Temperature [ITS-90, deg C]
# name 5 = bpos: Bottle Position in Carousel
# name 6 = nbf: Bottles Fired
# name 7 = scan: Scan Count
# name 8 = flag:  0.000e+00
# interval = seconds: 0.25
# start_time = Aug 18 2021 16:05:32 [Instrument's time stamp, header]
# bad_flag = -9.990e-29
*END*
  1024.4073     25.327     25.535    30.9996     6.8417          1          1       1841  0.000e+00
  1024.4049     25.319     25.528    30.9970     6.8445          1          1       1842  0.000e+00
  1024.4044     25.309     25.517    30.9966     6.8458          1          1       1843  0.000e+00
  1024.4064     25.296     25.504    30.9994     6.8466          1          1       1844  0.000e+00
  1024.4032     25.286     25.495    30.9959     6.8494          1          1       1845  0.000e+00
  1024.4017     25.277     25.485    30.9943     6.8512          1          1       1846  0.000e+00
  1024.3999     25.270     25.479    30.9920     6.8513          1          1       1847  0.000e+00
  1024.4043     25.263     25.471    30.9975     6.8504          1          1       1848  0.000e+00
  1024.4020     25.259     25.467    30.9946     6.8506          1          1       1849  0.000e+00
  1022.6219     10.717     10.805    30.1038    13.1547          2          2       2229  0.000e+00
  1022.5350     10.599     10.686    30.0288    13.3015          2          2       2230  0.000e+00
  1022.4705     10.482     10.568    29.9811    13.4404          2          2       2231  0.000e+00
  1022.4337     10.368     10.453    29.9586    13.5373          2          2       2232  0.000e+00
  1022.4334     10.251     10.336    29.9832    13.6322          2          2       2233  0.000e+00
  1022.4322     10.133     10.216    30.0140    13.7560          2          2       2234  0.000e+00
  1022.4103     10.018     10.100    30.0261    13.9096          2          2       2235  0.000e+00
  1022.3286      9.901      9.982    29.9649    14.0783          2          2       2236  0.000e+00
  1022.2430      9.780      9.860    29.8952    14.2330          2          2       2237  0.000e+00
  1021.3275      2.856      2.879    29.6683    17.4856          3          3       2298  0.000e+00
  1021.2988      2.733      2.755    29.6543    17.5602          3          3       2299  0.000e+00
  1021.2391      2.608      2.629    29.5935    17.6144          3          3       2300  0.000e+00
  1021.1780      2.484      2.504    29.5198    17.6321          3          3       2301  0.000e+00
  1021.1972      2.358      2.377    29.5383    17.6082          3          3       2302  0.000e+00
  1021.1990      2.235      2.253    29.5338    17.5834          3          3       2303  0.000e+00
  1021.2675      2.112      2.129    29.6181    17.5639          3          3       2304  0.000e+00
  1021.2714      1.994      2.011    29.6308    17.5864          3          3       2305  0.000e+00
  1021.2658      1.880      1.895    29.6366    17.6271          3          3       2306  0.000e+00
