data/eDNA/PER-2021-171/171d028.cnv
* Sea-Bird SBE19plus  Data File:
* FileName = C:\Users\RSG_field\Ryan_2021_Perley\CTD\171d028.hex
* Software version 2.3.0 SB_Terminal.dll
* Temperature SN = 7141
* Conductivity SN = 7141
* System UpLoad Time = Aug 18 2021 08:25:02
* <ApplicationData>
* <SeatermAF>
** Platform: M. Perley
** Cruise: Per2021171
** Station:  GC-04
** Cast: 01 4
** Latitude: N
** Longitude: W
** Sounding:
** Chief Scientist: Ryan Stanley
** Comment: Test cast to see what depth we got to. We are fighting the tide
** 171D028
# nquan = 8
# nvalues = 2856                                  
# units = specified
# name 0 = density00: Density [density, kg/m^3]
# name 1 = depSM: Depth [salt water, m], lat = 45.00
# name 2 = prdM: Pressure, Strain Gauge [db]
# name 3 = sal00: Salinity, Practical [PSU]
# name 4 = tv290C: Temperature [ITS-90, deg C]
# name 5 = bpos: Bottle Position in Carousel
# name 6 = nbf: Bottles Fired
# name 7 = flag:  0.000e+00
# span 0 =   998.5547,  1042.0662                 
# span 1 =     -0.007,  17677.198                 
# span 2 =     -0.007,  18526.054                 
# span 3 =     0.0090,    30.1425                 
# span 4 =    13.7965,    80.2310                 
# span 5 =          0,          3                 
# span 6 =          0,          3                 
# span 7 = 0.0000e+00, 0.0000e+00                 
# interval = seconds: 0.25
# start_time = Aug 18 2021 11:11:17 [Instrument's time stamp, header]
# bad_flag = -9.990e-29
*END*
[from data line 720]
  1020.6358      1.710      1.724    29.1924    18.8387          0          0  0.000e+00
  1020.6356      1.712      1.726    29.1922    18.8388          0          0  0.000e+00
  1020.6359      1.738      1.752    29.1925    18.8390          0          0  0.000e+00
  1020.6359      1.783      1.798    29.1923    18.8393          0          0  0.000e+00
  1020.6364      1.842      1.857    29.1926    18.8393          0          0  0.000e+00
  1020.6359      1.911      1.926    29.1918    18.8399          0          0  0.000e+00
  1020.6365      1.989      2.005    29.1921    18.8397          0          0  0.000e+00
  1020.6371      2.067      2.084    29.1924    18.8398          0          0  0.000e+00
  1020.6373      2.121      2.139    29.1923    18.8399          0          0  0.000e+00
  1020.6373      2.148      2.166    29.1923    18.8402          0          0  0.000e+00
  1020.6372      2.161      2.178    29.1921    18.8402          0          0  0.000e+00
  1020.6368      2.141      2.158    29.1918    18.8403          0          0  0.000e+00
  1020.6367      2.095      2.112    29.1918    18.8402          0          0  0.000e+00
  1020.6367      2.039      2.056    29.1921    18.8400          0          0  0.000e+00
  1020.6362      1.973      1.989    29.1918    18.8401          0          0  0.000e+00
  1020.6360      1.906      1.922    29.1919    18.8398          0          0  0.000e+00
  1020.6359      1.860      1.875    29.1920    18.8398          0          0  0.000e+00
  1020.6360      1.838      1.854    29.1922    18.8396          0          0  0.000e+00
  1020.6358      1.846      1.861    29.1919    18.8395          0          0  0.000e+00
  1020.6330      1.873      1.889    29.1880    18.8392          0          0  0.000e+00
  1020.6342      1.912      1.927    29.1887    18.8371          0          0  0.000e+00
  1020.6367      1.952      1.968    29.1909    18.8347          0          0  0.000e+00
  1020.6380      1.985      2.001    29.1920    18.8337          0          0  0.000e+00
  1020.6384      2.002      2.018    29.1924    18.8334          0          0  0.000e+00
  1020.6383      2.009      2.026    29.1922    18.8334          0          0  0.000e+00
  1020.6381      2.009      2.026    29.1920    18.8334          0          0  0.000e+00
  1020.6384      2.010      2.027    29.1923    18.8332          0          0  0.000e+00
  1020.6385      2.022      2.038    29.1923    18.8332          0          0  0.000e+00
  1020.6384      2.043      2.060    29.1921    18.8332          0          0  0.000e+00
  1020.6385      2.063      2.080    29.1922    18.8331          0          0  0.000e+00
  1020.6386      2.077      2.094    29.1922    18.8333          0          0  0.000e+00
  1020.6389      2.083      2.100    29.1926    18.8333          0          0  0.000e+00
  1020.6387      2.079      2.096    29.1924    18.8337          0          0  0.000e+00
  1020.6385      2.062      2.079    29.1923    18.8336          0          0  0.000e+00
  1020.6384      2.047      2.064    29.1923    18.8338          0          0  0.000e+00
  1020.6384      2.025      2.042    29.1924    18.8339          0          0  0.000e+00
  1020.6380      2.010      2.027    29.1920    18.8340          0          0  0.000e+00
  1020.6381      1.996      2.013    29.1923    18.8339          0          0  0.000e+00
  1020.6379      1.992      2.008    29.1921    18.8339          0          0  0.000e+00
  1020.6381      1.994      2.011    29.1923    18.8338          0          0  0.000e+00
  1020.6383      1.991      2.007    29.1925    18.8338          0          0  0.000e+00
  1020.6379      1.979      1.996    29.1921    18.8341          0          0  0.000e+00
  1020.6367      1.954      1.970    29.1906    18.8340          0          0  0.000e+00
  1020.6376      1.914      1.929    29.1918    18.8332          0          0  0.000e+00
  1020.6384      1.857      1.872    29.1931    18.8328          0          0  0.000e+00
  1020.6380      1.796      1.811    29.1931    18.8333          0          0  0.000e+00
  1020.6372      1.741      1.755    29.1925    18.8339          0          0  0.000e+00
  1020.6365      1.691      1.705    29.1921    18.8344          0          0  0.000e+00
  1020.6366      1.673      1.687    29.1923    18.8343          0          0  0.000e+00
  1020.6368      1.693      1.707    29.1925    18.8344          0          0  0.000e+00
  1020.6369      1.761      1.776    29.1922    18.8346          0          0  0.000e+00
  1020.6373      1.880      1.895    29.1921    18.8344          0          0  0.000e+00
  1020.6385      2.035      2.051    29.1926    18.8343          0          0  0.000e+00
  1020.6393      2.188      2.206    29.1929    18.8344          0          0  0.000e+00
  1020.6395      2.294      2.313    29.1926    18.8346          0          0  0.000e+00
  1020.6392      2.356      2.375    29.1918    18.8349          0          0  0.000e+00
  1020.6396      2.374      2.393    29.1922    18.8345          0          0  0.000e+00
  1020.6398      2.376      2.395    29.1924    18.8344          0          0  0.000e+00
  1020.6399      2.371      2.390    29.1925    18.8344          0          0  0.000e+00
  1020.6396      2.357      2.376    29.1922    18.8345          0          0  0.000e+00
  1020.6394      2.333      2.353    29.1922    18.8344          0          0  0.000e+00
  1020.6396      2.327      2.346    29.1924    18.8343          0          0  0.000e+00
  1020.6397      2.357      2.376    29.1924    18.8344          0          0  0.000e+00
  1020.6404      2.426      2.446    29.1928    18.8343          0          0  0.000e+00
  1020.6416      2.539      2.560    29.1938    18.8346          0          0  0.000e+00
  1020.6420      2.671      2.692    29.1938    18.8352          0          0  0.000e+00
  1020.6420      2.811      2.835    29.1933    18.8360          0          0  0.000e+00
  1020.6424      2.942      2.966    29.1932    18.8366          0          0  0.000e+00
  1020.6427      3.070      3.095    29.1930    18.8371          0          0  0.000e+00
  1020.6431      3.198      3.225    29.1930    18.8376          0          0  0.000e+00
  1020.6431      3.329      3.356    29.1923    18.8380          0          0  0.000e+00
  1020.6448      3.464      3.493    29.1938    18.8380          0          0  0.000e+00
  1020.6449      3.608      3.637    29.1931    18.8384          0          0  0.000e+00
  1020.6468      3.762      3.793    29.1951    18.8392          0          0  0.000e+00
  1020.6477      3.941      3.974    29.1955    18.8402          0          0  0.000e+00
  1020.6474      4.146      4.180    29.1944    18.8419          0          0  0.000e+00
  1020.6471      4.370      4.405    29.1930    18.8430          0          0  0.000e+00
  1020.6480      4.597      4.635    29.1930    18.8434          0          0  0.000e+00
  1020.6448      4.811      4.850    29.1877    18.8436          0          0  0.000e+00
  1020.6050      5.008      5.049    29.1330    18.8397          0          0  0.000e+00
  1020.6056      5.186      5.228    29.1234    18.8102          0          0  0.000e+00
  1020.6295      5.346      5.390    29.1402    18.7680          0          0  0.000e+00
  1020.6435      5.487      5.532    29.1471    18.7345          0          0  0.000e+00
  1020.6561      5.605      5.651    29.1543    18.7074          0          0  0.000e+00
  1020.6700      5.699      5.745    29.1648    18.6851          0          0  0.000e+00
  1020.6810      5.779      5.827    29.1739    18.6697          0          0  0.000e+00
  1020.6852      5.857      5.905    29.1760    18.6604          0          0  0.000e+00
  1020.6882      5.933      5.982    29.1771    18.6527          0          0  0.000e+00
  1020.6924      6.005      6.054    29.1803    18.6469          0          0  0.000e+00
  1020.6883      6.081      6.131    29.1731    18.6426          0          0  0.000e+00
  1020.6892      6.156      6.206    29.1715    18.6351          0          0  0.000e+00
  1020.6942      6.239      6.290    29.1749    18.6267          0          0  0.000e+00
  1020.6928      6.330      6.382    29.1704    18.6199          0          0  0.000e+00
  1020.6766      6.430      6.483    29.1451    18.6096          0          0  0.000e+00
  1020.6882      6.550      6.604    29.1528    18.5880          0          0  0.000e+00
  1020.6956      6.685      6.739    29.1553    18.5675          0          0  0.000e+00
  1020.7004      6.843      6.900    29.1546    18.5486          0          0  0.000e+00
  1020.6882      7.017      7.075    29.1317    18.5300          0          0  0.000e+00
  1020.6823      7.222      7.281    29.1134    18.5001          0          0  0.000e+00
  1020.6807      7.454      7.515    29.0964    18.4577          0          0  0.000e+00
  1020.6964      7.709      7.773    29.0999    18.4082          0          0  0.000e+00
  1020.7171      7.963      8.028    29.1102    18.3594          0          0  0.000e+00
  1020.7241      8.198      8.265    29.1043    18.3158          0          0  0.000e+00
  1020.7347      8.409      8.478    29.1029    18.2711          0          0  0.000e+00
  1020.7565      8.583      8.653    29.1158    18.2244          0          0  0.000e+00
  1020.7777      8.713      8.785    29.1306    18.1852          0          0  0.000e+00
  1020.7917      8.798      8.870    29.1387    18.1543          0          0  0.000e+00
  1020.8065      8.840      8.913    29.1496    18.1279          0          0  0.000e+00
  1020.8293      8.856      8.929    29.1733    18.1082          0          0  0.000e+00
  1020.8349      8.851      8.924    29.1793    18.1039          0          0  0.000e+00
  1020.8369      8.845      8.917    29.1828    18.1065          0          0  0.000e+00
  1020.8320      8.847      8.919    29.1780    18.1118          0          0  0.000e+00
  1020.8236      8.866      8.939    29.1676    18.1145          0          0  0.000e+00
  1020.8177      8.913      8.986    29.1589    18.1118          0          0  0.000e+00
  1020.8148      8.985      9.058    29.1514    18.1015          0          0  0.000e+00
  1020.8219      9.087      9.162    29.1555    18.0864          0          0  0.000e+00
  1020.8134      9.222      9.298    29.1389    18.0714          0          0  0.000e+00
  1020.8123      9.398      9.475    29.1290    18.0477          0          0  0.000e+00
  1020.8165      9.597      9.676    29.1233    18.0153          0          0  0.000e+00
  1020.8303      9.815      9.895    29.1283    17.9775          0          0  0.000e+00
  1020.8493     10.052     10.134    29.1411    17.9431          0          0  0.000e+00
  1020.8616     10.290     10.375    29.1476    17.9161          0          0  0.000e+00
  1020.8632     10.520     10.607    29.1413    17.8935          0          0  0.000e+00
  1020.8696     10.737     10.825    29.1411    17.8699          0          0  0.000e+00
  1020.8778     10.927     11.017    29.1438    17.8477          0          0  0.000e+00
  1020.8679     11.084     11.175    29.1239    17.8278          0          0  0.000e+00
  1020.8772     11.210     11.303    29.1266    17.7995          0          0  0.000e+00
  1020.9001     11.298     11.391    29.1475    17.7715          0          0  0.000e+00
  1020.9043     11.364     11.458    29.1473    17.7544          0          0  0.000e+00
  1020.9079     11.408     11.501    29.1474    17.7404          0          0  0.000e+00
  1020.9146     11.446     11.540    29.1515    17.7258          0          0  0.000e+00
  1020.9191     11.487     11.581    29.1531    17.7127          0          0  0.000e+00
  1020.9231     11.542     11.637    29.1543    17.7006          0          0  0.000e+00
  1020.9265     11.612     11.708    29.1549    17.6893          0          0  0.000e+00
  1020.9274     11.692     11.788    29.1520    17.6777          0          0  0.000e+00
  1020.9325     11.780     11.876    29.1539    17.6638          0          0  0.000e+00
  1020.9423     11.885     11.982    29.1618    17.6497          0          0  0.000e+00
  1020.9496     12.002     12.101    29.1673    17.6389          0          0  0.000e+00
  1020.9534     12.131     12.230    29.1693    17.6312          0          0  0.000e+00
  1020.9520     12.273     12.373    29.1644    17.6240          0          0  0.000e+00
  1020.9536     12.431     12.533    29.1614    17.6101          0          0  0.000e+00
  1020.9603     12.592     12.695    29.1620    17.5866          0          0  0.000e+00
  1020.9644     12.756     12.861    29.1574    17.5575          0          0  0.000e+00
  1020.9625     12.917     13.023    29.1422    17.5184          0          0  0.000e+00
  1020.9860     13.070     13.177    29.1550    17.4625          0          0  0.000e+00
  1021.0168     13.215     13.323    29.1771    17.4056          0          0  0.000e+00
  1021.0511     13.356     13.466    29.2072    17.3594          0          0  0.000e+00
  1021.0666     13.484     13.595    29.2178    17.3297          0          0  0.000e+00
  1021.0590     13.607     13.719    29.1999    17.3062          0          0  0.000e+00
  1021.0317     13.726     13.839    29.1517    17.2669          0          0  0.000e+00
  1021.0311     13.841     13.955    29.1268    17.1889          0          0  0.000e+00
  1021.0739     13.948     14.063    29.1521    17.0887          0          0  0.000e+00
  1021.1219     14.048     14.163    29.1868    16.9965          0          0  0.000e+00
  1021.1664     14.134     14.250    29.2221    16.9217          0          0  0.000e+00
  1021.2008     14.209     14.326    29.2503    16.8669          0          0  0.000e+00
  1021.2254     14.264     14.381    29.2709    16.8287          0          0  0.000e+00
  1021.2428     14.310     14.427    29.2857    16.8029          0          0  0.000e+00
  1021.2574     14.343     14.461    29.2996    16.7862          0          0  0.000e+00
  1021.2604     14.368     14.486    29.3009    16.7782          0          0  0.000e+00
  1021.2551     14.400     14.518    29.2920    16.7716          0          0  0.000e+00
  1021.2586     14.440     14.559    29.2923    16.7584          0          0  0.000e+00
  1021.2638     14.497     14.617    29.2943    16.7431          0          0  0.000e+00
  1021.2689     14.586     14.706    29.2960    16.7281          0          0  0.000e+00
  1021.2750     14.704     14.825    29.2987    16.7127          0          0  0.000e+00
  1021.2849     14.858     14.980    29.3061    16.6972          0          0  0.000e+00
  1021.2887     15.042     15.166    29.3062    16.6841          0          0  0.000e+00
  1021.2954     15.243     15.368    29.3097    16.6701          0          0  0.000e+00
  1021.3031     15.457     15.584    29.3139    16.6543          0          0  0.000e+00
  1021.3100     15.670     15.799    29.3167    16.6377          0          0  0.000e+00
  1021.3196     15.876     16.007    29.3226    16.6189          0          0  0.000e+00
  1021.3320     16.057     16.189    29.3318    16.5989          0          0  0.000e+00
  1021.3432     16.220     16.353    29.3405    16.5817          0          0  0.000e+00
  1021.3534     16.348     16.483    29.3486    16.5668          0          0  0.000e+00
  1021.3636     16.444     16.579    29.3576    16.5541          0          0  0.000e+00
  1021.3689     16.509     16.645    29.3616    16.5452          0          0  0.000e+00
  1021.3739     16.548     16.685    29.3659    16.5386          0          0  0.000e+00
  1021.3816     16.568     16.704    29.3749    16.5351          0          0  0.000e+00
  1021.3783     16.576     16.712    29.3712    16.5374          0          0  0.000e+00
