data/eDNA/PER-2021-171/171d010.cnv
* Sea-Bird SBE19plus  Data File:
* FileName = C:\Users\RSG_field\Ryan_2021_Perley\CTD\171d010.hex
* Software version 2.3.0 SB_Terminal.dll
* Temperature SN = 7141
* Conductivity SN = 7141
* System UpLoad Time = Aug 11 2021 15:05:34
* <ApplicationData>
* <SeatermAF>
** Platform: M. Perley
** Cruise: Per2021171
** Station:  ESI_14
** Cast: 01 4
** Latitude: N  44 36.496
** Longitude: W 62 55.871
** Sounding: 25.7
** Chief Scientist: Ryan Stanley
** Comment: 171d010
** this cast was added after the eDNA sample from 171c010 was lost when steaming to ESI_13
# nquan = 8
# nvalues = 2640                                  
# units = specified
# name 0 = density00: Density [density, kg/m^3]
# name 1 = depSM: Depth [salt water, m], lat = 45.00
# name 2 = prdM: Pressure, Strain Gauge [db]
# name 3 = sal00: Salinity, Practical [PSU]
# name 4 = tv290C: Temperature [ITS-90, deg C]
# name 5 = bpos: Bottle Position in Carousel
# name 6 = nbf: Bottles Fired
# name 7 = flag:  0.000e+00
# span 0 =   998.4842,  1024.8211                 
# span 1 =     -0.050,     29.443                 
# span 2 =     -0.050,     29.686                 
# span 3 =     0.0000,    31.6042                 
# span 4 =     6.1304,    18.6537                 
# span 5 =          0,          4                 
# span 6 =          0,          4                 
# span 7 = 0.0000e+00, 0.0000e+00                 
# interval = seconds: 0.25
# start_time = Aug 11 2021 17:50:17 [Instrument's time stamp, header]
# bad_flag = -9.990e-29
*END*
   998.5218     -0.043     -0.044     0.0093    18.4378          0          0  0.000e+00
   998.5218     -0.044     -0.045     0.0093    18.4379          0          0  0.000e+00
   998.5217     -0.046     -0.046     0.0094    18.4381          0          0  0.000e+00
   998.5217     -0.046     -0.046     0.0093    18.4382          0          0  0.000e+00
   998.5217     -0.044     -0.045     0.0094    18.4382          0          0  0.000e+00
   998.5217     -0.042     -0.043     0.0093    18.4384          0          0  0.000e+00
   998.5216     -0.043     -0.044     0.0094    18.4386          0          0  0.000e+00
   998.5216     -0.046     -0.046     0.0093    18.4388          0          0  0.000e+00
   998.5216     -0.047     -0.047     0.0094    18.4386          0          0  0.000e+00
   998.5216     -0.044     -0.045     0.0094    18.4391          0          0  0.000e+00
   998.5215     -0.044     -0.045     0.0093    18.4394          0          0  0.000e+00
   998.5214     -0.044     -0.045     0.0094    18.4397          0          0  0.000e+00
   998.5214     -0.042     -0.043     0.0093    18.4398          0          0  0.000e+00
   998.5214     -0.044     -0.045     0.0094    18.4400          0          0  0.000e+00
   998.5213     -0.043     -0.044     0.0094    18.4405          0          0  0.000e+00
   998.5213     -0.046     -0.046     0.0094    18.4405          0          0  0.000e+00
   998.5213     -0.044     -0.045     0.0094    18.4406          0          0  0.000e+00
   998.5212     -0.046     -0.046     0.0094    18.4409          0          0  0.000e+00
   998.5212     -0.044     -0.045     0.0093    18.4410          0          0  0.000e+00
   998.5212     -0.043     -0.044     0.0094    18.4412          0          0  0.000e+00
   998.5210     -0.046     -0.046     0.0094    18.4417          0          0  0.000e+00
   998.5210     -0.047     -0.047     0.0094    18.4419          0          0  0.000e+00
   998.5210     -0.044     -0.045     0.0094    18.4420          0          0  0.000e+00
   998.5210     -0.044     -0.045     0.0094    18.4422          0          0  0.000e+00
   998.5209     -0.044     -0.045     0.0094    18.4424          0          0  0.000e+00
   998.5209     -0.047     -0.047     0.0093    18.4425          0          0  0.000e+00
   998.5208     -0.049     -0.049     0.0094    18.4427          0          0  0.000e+00
   998.5208     -0.047     -0.047     0.0093    18.4428          0          0  0.000e+00
   998.5208     -0.047     -0.047     0.0094    18.4430          0          0  0.000e+00
   998.5208     -0.044     -0.045     0.0093    18.4432          0          0  0.000e+00
   998.5206     -0.048     -0.048     0.0094    18.4437          0          0  0.000e+00
   998.5206     -0.047     -0.047     0.0094    18.4439          0          0  0.000e+00
   998.5205     -0.044     -0.045     0.0094    18.4445          0          0  0.000e+00
   998.5205     -0.044     -0.045     0.0094    18.4445          0          0  0.000e+00
   998.5205     -0.044     -0.045     0.0094    18.4445          0          0  0.000e+00
   998.5205     -0.044     -0.045     0.0093    18.4447          0          0  0.000e+00
   998.5205     -0.044     -0.045     0.0094    18.4447          0          0  0.000e+00
   998.5204     -0.047     -0.047     0.0094    18.4451          0          0  0.000e+00
   998.5204     -0.047     -0.047     0.0094    18.4452          0          0  0.000e+00
   998.5203     -0.046     -0.046     0.0093    18.4455          0          0  0.000e+00
   998.5203     -0.046     -0.046     0.0094    18.4459          0          0  0.000e+00
   998.5201     -0.046     -0.046     0.0094    18.4464          0          0  0.000e+00
   998.5200     -0.047     -0.047     0.0093    18.4470          0          0  0.000e+00
   998.5200     -0.047     -0.047     0.0094    18.4471          0          0  0.000e+00
   998.5200     -0.046     -0.046     0.0093    18.4473          0          0  0.000e+00
   998.5199     -0.044     -0.045     0.0094    18.4477          0          0  0.000e+00
   998.5199     -0.047     -0.047     0.0094    18.4477          0          0  0.000e+00
   998.5198     -0.048     -0.048     0.0094    18.4481          0          0  0.000e+00
   998.5198     -0.046     -0.046     0.0094    18.4483          0          0  0.000e+00
   998.5198     -0.047     -0.047     0.0094    18.4484          0          0  0.000e+00
   998.5198     -0.044     -0.045     0.0094    18.4487          0          0  0.000e+00
   998.5197     -0.044     -0.045     0.0094    18.4491          0          0  0.000e+00
   998.5195     -0.047     -0.047     0.0094    18.4497          0          0  0.000e+00
   998.5195     -0.047     -0.047     0.0094    18.4501          0          0  0.000e+00
   998.5195     -0.044     -0.045     0.0094    18.4503          0          0  0.000e+00
   998.5193     -0.046     -0.046     0.0094    18.4510          0          0  0.000e+00
   998.5191     -0.047     -0.047     0.0094    18.4518          0          0  0.000e+00
   998.5191     -0.047     -0.047     0.0094    18.4523          0          0  0.000e+00
   998.5189     -0.047     -0.047     0.0094    18.4529          0          0  0.000e+00
   998.5189     -0.048     -0.048     0.0094    18.4531          0          0  0.000e+00
   998.5188     -0.047     -0.047     0.0094    18.4536          0          0  0.000e+00
   998.5188     -0.049     -0.049     0.0094    18.4537          0          0  0.000e+00
   998.5187     -0.048     -0.048     0.0094    18.4542          0          0  0.000e+00
   998.5186     -0.047     -0.047     0.0094    18.4546          0          0  0.000e+00
   998.5185     -0.046     -0.046     0.0094    18.4552          0          0  0.000e+00
   998.5184     -0.048     -0.048     0.0094    18.4557          0          0  0.000e+00
   998.5183     -0.047     -0.047     0.0094    18.4563          0          0  0.000e+00
   998.5182     -0.046     -0.046     0.0094    18.4569          0          0  0.000e+00
   998.5181     -0.046     -0.046     0.0094    18.4574          0          0  0.000e+00
   998.5180     -0.044     -0.045     0.0094    18.4576          0          0  0.000e+00
   998.5180     -0.047     -0.047     0.0094    18.4579          0          0  0.000e+00
   998.5178     -0.046     -0.046     0.0094    18.4587          0          0  0.000e+00
   998.5178     -0.046     -0.046     0.0094    18.4588          0          0  0.000e+00
   998.5177     -0.047     -0.047     0.0094    18.4594          0          0  0.000e+00
   998.5175     -0.046     -0.046     0.0094    18.4605          0          0  0.000e+00
   998.5173     -0.047     -0.047     0.0094    18.4615          0          0  0.000e+00
   998.5170     -0.047     -0.047     0.0094    18.4628          0          0  0.000e+00
   998.5168     -0.048     -0.048     0.0094    18.4642          0          0  0.000e+00
   998.5166     -0.044     -0.045     0.0094    18.4653          0          0  0.000e+00
   998.5165     -0.047     -0.047     0.0094    18.4660          0          0  0.000e+00
   998.5164     -0.046     -0.046     0.0094    18.4661          0          0  0.000e+00
   998.5164     -0.046     -0.046     0.0094    18.4664          0          0  0.000e+00
   998.5163     -0.047     -0.047     0.0094    18.4671          0          0  0.000e+00
   998.5162     -0.046     -0.046     0.0094    18.4674          0          0  0.000e+00
   998.5160     -0.044     -0.045     0.0094    18.4684          0          0  0.000e+00
   998.5159     -0.046     -0.046     0.0094    18.4689          0          0  0.000e+00
   998.5157     -0.049     -0.049     0.0094    18.4696          0          0  0.000e+00
   998.5154     -0.047     -0.047     0.0094    18.4712          0          0  0.000e+00
   998.5153     -0.047     -0.047     0.0094    18.4723          0          0  0.000e+00
   998.5152     -0.046     -0.046     0.0094    18.4726          0          0  0.000e+00
   998.5152     -0.047     -0.047     0.0094    18.4727          0          0  0.000e+00
   998.5152     -0.046     -0.046     0.0094    18.4724          0          0  0.000e+00
   998.5152     -0.047     -0.047     0.0094    18.4721          0          0  0.000e+00
   998.5153     -0.047     -0.047     0.0094    18.4720          0          0  0.000e+00
   998.5153     -0.046     -0.046     0.0094    18.4721          0          0  0.000e+00
   998.5153     -0.047     -0.047     0.0094    18.4719          0          0  0.000e+00
   998.5153     -0.047     -0.047     0.0094    18.4720          0          0  0.000e+00
   998.5153     -0.046     -0.046     0.0094    18.4721          0          0  0.000e+00
   998.5152     -0.045     -0.045     0.0094    18.4723          0          0  0.000e+00
   998.5152     -0.046     -0.046     0.0094    18.4726          0          0  0.000e+00
   998.5151     -0.046     -0.046     0.0094    18.4728          0          0  0.000e+00
   998.5151     -0.047     -0.047     0.0094    18.4730          0          0  0.000e+00
   998.5151     -0.046     -0.046     0.0094    18.4734          0          0  0.000e+00
   998.5150     -0.045     -0.045     0.0094    18.4737          0          0  0.000e+00
   998.5148     -0.047     -0.047     0.0094    18.4743          0          0  0.000e+00
   998.5148     -0.047     -0.047     0.0094    18.4747          0          0  0.000e+00
   998.5148     -0.048     -0.048     0.0094    18.4747          0          0  0.000e+00
   998.5148     -0.046     -0.046     0.0094    18.4747          0          0  0.000e+00
   998.5148     -0.047     -0.047     0.0094    18.4747          0          0  0.000e+00
   998.5148     -0.046     -0.046     0.0094    18.4746          0          0  0.000e+00
   998.5148     -0.045     -0.045     0.0094    18.4746          0          0  0.000e+00
   998.5148     -0.048     -0.048     0.0094    18.4744          0          0  0.000e+00
   998.5148     -0.048     -0.048     0.0094    18.4743          0          0  0.000e+00
   998.5149     -0.046     -0.046     0.0094    18.4744          0          0  0.000e+00
   998.5149     -0.048     -0.048     0.0094    18.4743          0          0  0.000e+00
   998.5149     -0.046     -0.046     0.0094    18.4743          0          0  0.000e+00
   998.5148     -0.047     -0.047     0.0094    18.4743          0          0  0.000e+00
   998.5148     -0.047     -0.047     0.0094    18.4744          0          0  0.000e+00
   998.5148     -0.046     -0.046     0.0094    18.4745          0          0  0.000e+00
   998.5148     -0.046     -0.046     0.0094    18.4746          0          0  0.000e+00
   998.5148     -0.046     -0.046     0.0094    18.4747          0          0  0.000e+00
   998.5148     -0.047     -0.047     0.0094    18.4746          0          0  0.000e+00
   998.5148     -0.045     -0.045     0.0094    18.4746          0          0  0.000e+00
   998.5148     -0.047     -0.047     0.0094    18.4747          0          0  0.000e+00
   998.5148     -0.046     -0.046     0.0094    18.4745          0          0  0.000e+00
   998.5149     -0.045     -0.045     0.0094    18.4743          0          0  0.000e+00
   998.5148     -0.043     -0.044     0.0094    18.4745          0          0  0.000e+00
   998.5149     -0.046     -0.046     0.0094    18.4744          0          0  0.000e+00
   998.5148     -0.046     -0.046     0.0094    18.4746          0          0  0.000e+00
   998.5148     -0.047     -0.047     0.0094    18.4747          0          0  0.000e+00
   998.5148     -0.046     -0.046     0.0094    18.4747          0          0  0.000e+00
   998.5148     -0.047     -0.047     0.0094    18.4747          0          0  0.000e+00
   998.5147     -0.047     -0.047     0.0094    18.4750          0          0  0.000e+00
   998.5147     -0.047     -0.047     0.0094    18.4749          0          0  0.000e+00
   998.5148     -0.047     -0.047     0.0094    18.4748          0          0  0.000e+00
   998.5147     -0.048     -0.048     0.0094    18.4749          0          0  0.000e+00
   998.5147     -0.047     -0.047     0.0094    18.4750          0          0  0.000e+00
   998.5147     -0.047     -0.047     0.0094    18.4750          0          0  0.000e+00
   998.5147     -0.046     -0.046     0.0094    18.4752          0          0  0.000e+00
   998.5147     -0.047     -0.047     0.0094    18.4753          0          0  0.000e+00
   998.5146     -0.047     -0.047     0.0094    18.4753          0          0  0.000e+00
   998.5146     -0.048     -0.048     0.0094    18.4753          0          0  0.000e+00
   998.5147     -0.048     -0.048     0.0094    18.4753          0          0  0.000e+00
   998.5146     -0.047     -0.047     0.0094    18.4755          0          0  0.000e+00
   998.5146     -0.045     -0.045     0.0094    18.4756          0          0  0.000e+00
   998.5146     -0.047     -0.047     0.0094    18.4757          0          0  0.000e+00
   998.5146     -0.047     -0.047     0.0094    18.4757          0          0  0.000e+00
   998.5145     -0.047     -0.047     0.0094    18.4759          0          0  0.000e+00
   998.5146     -0.046     -0.046     0.0094    18.4759          0          0  0.000e+00
   998.5145     -0.046     -0.046     0.0094    18.4761          0          0  0.000e+00
   998.5145     -0.047     -0.047     0.0094    18.4761          0          0  0.000e+00
   998.5145     -0.048     -0.048     0.0094    18.4762          0          0  0.000e+00
   998.5145     -0.047     -0.047     0.0094    18.4763          0          0  0.000e+00
   998.5145     -0.047     -0.047     0.0094    18.4764          0          0  0.000e+00
   998.5145     -0.046     -0.046     0.0094    18.4763          0          0  0.000e+00
   998.5144     -0.046     -0.046     0.0094    18.4765          0          0  0.000e+00
   998.5144     -0.047     -0.047     0.0094    18.4766          0          0  0.000e+00
   998.5144     -0.046     -0.046     0.0094    18.4765          0          0  0.000e+00
   998.5145     -0.045     -0.045     0.0094    18.4765          0          0  0.000e+00
   998.5144     -0.046     -0.046     0.0094    18.4767          0          0  0.000e+00
   998.5144     -0.048     -0.048     0.0094    18.4767          0          0  0.000e+00
   998.5144     -0.047     -0.047     0.0094    18.4767          0          0  0.000e+00
   998.5144     -0.047     -0.047     0.0094    18.4768          0          0  0.000e+00
   998.5144     -0.047     -0.047     0.0094    18.4769          0          0  0.000e+00
   998.5143     -0.047     -0.047     0.0094    18.4772          0          0  0.000e+00
   998.5143     -0.047     -0.047     0.0094    18.4771          0          0  0.000e+00
   998.5143     -0.048     -0.048     0.0094    18.4773          0          0  0.000e+00
   998.5143     -0.050     -0.050     0.0094    18.4774          0          0  0.000e+00
   998.5142     -0.046     -0.046     0.0094    18.4775          0          0  0.000e+00
   998.5143     -0.046     -0.046     0.0094    18.4775          0          0  0.000e+00
   998.5142     -0.047     -0.047     0.0094    18.4776          0          0  0.000e+00
   998.5142     -0.047     -0.047     0.0094    18.4778          0          0  0.000e+00
   998.5142     -0.048     -0.048     0.0094    18.4780          0          0  0.000e+00
   998.5141     -0.047     -0.047     0.0094    18.4780          0          0  0.000e+00
   998.5141     -0.046     -0.046     0.0094    18.4781          0          0  0.000e+00
   998.5141     -0.047     -0.047     0.0094    18.4783          0          0  0.000e+00
   998.5141     -0.047     -0.047     0.0094    18.4782          0          0  0.000e+00
   998.5141     -0.048     -0.048     0.0094    18.4785          0          0  0.000e+00
   998.5141     -0.046     -0.046     0.0094    18.4786          0          0  0.000e+00
