data/eDNA/PER-2021-171/171d026.cnv
* Sea-Bird SBE19plus  Data File:
* FileName = C:\Users\RSG_field\Ryan_2021_Perley\CTD\171d026.hex
* Software version 2.3.0 SB_Terminal.dll
* Temperature SN = 7141
* Conductivity SN = 7141
* System UpLoad Time = Aug 18 2021 13:17:52
* <ApplicationData>
* <SeatermAF>
** Platform: M. Perley
** Cruise: Per2021171
** Station:  SAB_02
** Cast: 01 4
** Latitude: N  45 50.647
** Longitude: W 60 07.903
** Sounding: 24.5
** Chief Scientist: Ryan Stanley
** Comment: 171d026
# nquan = 8
# nvalues = 2342                                  
# units = specified
# name 0 = density00: Density [density, kg/m^3]
# name 1 = depSM: Depth [salt water, m], lat = 45.00
# name 2 = prdM: Pressure, Strain Gauge [db]
# name 3 = sal00: Salinity, Practical [PSU]
# name 4 = tv290C: Temperature [ITS-90, deg C]
# name 5 = bpos: Bottle Position in Carousel
# name 6 = nbf: Bottles Fired
# name 7 = flag:  0.000e+00
# span 0 =   998.9425,  1024.4235                 
# span 1 =     -0.016,     25.368                 
# span 2 =     -0.016,     25.577                 
# span 3 =     0.0082,    31.0284                 
# span 4 =     6.8323,    18.1330                 
# span 5 =          0,          3                 
# span 6 =          0,          3                 
# span 7 = 0.0000e+00, 0.0000e+00                 
# interval = seconds: 0.25
# start_time = Aug 18 2021 16:05:32 [Instrument's time stamp, header]
# bad_flag = -9.990e-29
*END*
[from data line 720]
  1021.1329      1.894      1.909    29.5877    18.0316          0          0  0.000e+00
  1021.1317      1.893      1.908    29.5854    18.0295          0          0  0.000e+00
  1021.1335      1.894      1.909    29.5869    18.0269          0          0  0.000e+00
  1021.1375      1.891      1.906    29.5910    18.0234          0          0  0.000e+00
  1021.1424      1.893      1.908    29.5972    18.0223          0          0  0.000e+00
  1021.1406      1.887      1.902    29.5955    18.0246          0          0  0.000e+00
  1021.1403      1.878      1.893    29.5958    18.0265          0          0  0.000e+00
  1021.1247      1.879      1.894    29.5757    18.0275          0          0  0.000e+00
  1021.1043      1.880      1.896    29.5457    18.0171          0          0  0.000e+00
  1021.1265      1.885      1.901    29.5663    17.9899          0          0  0.000e+00
  1021.1444      1.887      1.902    29.5836    17.9701          0          0  0.000e+00
  1021.1437      1.884      1.900    29.5801    17.9619          0          0  0.000e+00
  1021.1494      1.882      1.898    29.5854    17.9547          0          0  0.000e+00
  1021.1597      1.884      1.900    29.5973    17.9498          0          0  0.000e+00
  1021.1719      1.888      1.903    29.6133    17.9500          0          0  0.000e+00
  1021.1933      1.895      1.910    29.6438    17.9580          0          0  0.000e+00
  1021.1799      1.900      1.916    29.6345    17.9848          0          0  0.000e+00
  1021.1638      1.899      1.915    29.6219    18.0119          0          0  0.000e+00
  1021.1603      1.895      1.910    29.6238    18.0324          0          0  0.000e+00
  1021.1485      1.896      1.912    29.6143    18.0517          0          0  0.000e+00
  1021.1330      1.894      1.909    29.5982    18.0649          0          0  0.000e+00
  1021.1260      1.897      1.913    29.5897    18.0675          0          0  0.000e+00
  1021.1377      1.903      1.919    29.6045    18.0658          0          0  0.000e+00
  1021.1377      1.908      1.923    29.6052    18.0684          0          0  0.000e+00
  1021.1372      1.907      1.922    29.6062    18.0734          0          0  0.000e+00
  1021.1359      1.914      1.930    29.6062    18.0787          0          0  0.000e+00
  1021.1317      1.921      1.937    29.6023    18.0840          0          0  0.000e+00
  1021.1316      1.924      1.939    29.6035    18.0885          0          0  0.000e+00
  1021.1285      1.928      1.944    29.6010    18.0937          0          0  0.000e+00
  1021.1255      1.929      1.945    29.5984    18.0977          0          0  0.000e+00
  1021.1238      1.926      1.941    29.5967    18.0994          0          0  0.000e+00
  1021.1230      1.926      1.941    29.5959    18.1003          0          0  0.000e+00
  1021.1229      1.923      1.938    29.5958    18.1003          0          0  0.000e+00
  1021.1208      1.919      1.935    29.5931    18.1002          0          0  0.000e+00
  1021.1203      1.909      1.924    29.5920    18.0989          0          0  0.000e+00
  1021.1204      1.901      1.917    29.5914    18.0964          0          0  0.000e+00
  1021.1227      1.890      1.905    29.5933    18.0924          0          0  0.000e+00
  1021.1262      1.877      1.892    29.5971    18.0899          0          0  0.000e+00
  1021.1246      1.870      1.885    29.5954    18.0911          0          0  0.000e+00
  1021.1217      1.859      1.874    29.5922    18.0926          0          0  0.000e+00
  1021.1210      1.856      1.871    29.5910    18.0920          0          0  0.000e+00
  1021.1230      1.856      1.871    29.5931    18.0900          0          0  0.000e+00
  1021.1286      1.859      1.874    29.6000    18.0887          0          0  0.000e+00
  1021.1285      1.865      1.881    29.6009    18.0919          0          0  0.000e+00
  1021.1254      1.873      1.888    29.5979    18.0957          0          0  0.000e+00
  1021.1240      1.881      1.897    29.5966    18.0975          0          0  0.000e+00
  1021.1233      1.888      1.903    29.5960    18.0984          0          0  0.000e+00
  1021.1240      1.889      1.904    29.5970    18.0987          0          0  0.000e+00
  1021.1253      1.894      1.909    29.5987    18.0993          0          0  0.000e+00
  1021.1271      1.899      1.915    29.6017    18.1011          0          0  0.000e+00
  1021.1234      1.906      1.921    29.5980    18.1048          0          0  0.000e+00
  1021.1235      1.913      1.929    29.5987    18.1067          0          0  0.000e+00
  1021.1273      1.918      1.934    29.6042    18.1086          0          0  0.000e+00
  1021.1249      1.921      1.937    29.6024    18.1132          0          0  0.000e+00
  1021.1223      1.923      1.938    29.6004    18.1177          0          0  0.000e+00
  1021.1194      1.919      1.935    29.5976    18.1207          0          0  0.000e+00
  1021.1178      1.919      1.935    29.5959    18.1220          0          0  0.000e+00
  1021.1179      1.918      1.934    29.5961    18.1223          0          0  0.000e+00
  1021.1175      1.916      1.932    29.5957    18.1226          0          0  0.000e+00
  1021.1162      1.919      1.935    29.5940    18.1225          0          0  0.000e+00
  1021.1160      1.918      1.934    29.5934    18.1214          0          0  0.000e+00
  1021.1171      1.919      1.935    29.5943    18.1198          0          0  0.000e+00
  1021.1170      1.915      1.931    29.5938    18.1185          0          0  0.000e+00
  1021.1178      1.914      1.930    29.5944    18.1169          0          0  0.000e+00
  1021.1200      1.909      1.924    29.5970    18.1160          0          0  0.000e+00
  1021.1199      1.904      1.920    29.5969    18.1162          0          0  0.000e+00
  1021.1190      1.896      1.912    29.5960    18.1167          0          0  0.000e+00
  1021.1189      1.895      1.910    29.5958    18.1165          0          0  0.000e+00
  1021.1186      1.889      1.904    29.5953    18.1164          0          0  0.000e+00
  1021.1179      1.885      1.901    29.5944    18.1159          0          0  0.000e+00
  1021.1180      1.880      1.896    29.5943    18.1151          0          0  0.000e+00
  1021.1186      1.880      1.896    29.5947    18.1138          0          0  0.000e+00
  1021.1192      1.877      1.892    29.5951    18.1128          0          0  0.000e+00
  1021.1200      1.880      1.896    29.5960    18.1122          0          0  0.000e+00
  1021.1214      1.882      1.898    29.5978    18.1122          0          0  0.000e+00
  1021.1213      1.886      1.902    29.5978    18.1130          0          0  0.000e+00
  1021.1198      1.895      1.910    29.5962    18.1139          0          0  0.000e+00
  1021.1195      1.898      1.914    29.5959    18.1143          0          0  0.000e+00
  1021.1196      1.898      1.914    29.5960    18.1142          0          0  0.000e+00
  1021.1196      1.901      1.917    29.5960    18.1142          0          0  0.000e+00
  1021.1189      1.906      1.921    29.5949    18.1139          0          0  0.000e+00
  1021.1189      1.907      1.922    29.5947    18.1134          0          0  0.000e+00
  1021.1202      1.911      1.926    29.5961    18.1126          0          0  0.000e+00
  1021.1212      1.912      1.928    29.5974    18.1122          0          0  0.000e+00
  1021.1214      1.915      1.931    29.5978    18.1130          0          0  0.000e+00
  1021.1210      1.920      1.936    29.5976    18.1139          0          0  0.000e+00
  1021.1211      1.925      1.940    29.5979    18.1147          0          0  0.000e+00
  1021.1208      1.924      1.939    29.5979    18.1159          0          0  0.000e+00
  1021.1195      1.924      1.939    29.5965    18.1169          0          0  0.000e+00
  1021.1188      1.919      1.935    29.5957    18.1173          0          0  0.000e+00
  1021.1178      1.917      1.933    29.5944    18.1171          0          0  0.000e+00
  1021.1209      1.919      1.935    29.5982    18.1163          0          0  0.000e+00
  1021.1200      1.909      1.924    29.5971    18.1167          0          0  0.000e+00
  1021.1195      1.909      1.924    29.5968    18.1175          0          0  0.000e+00
  1021.1194      1.902      1.918    29.5967    18.1176          0          0  0.000e+00
  1021.1195      1.892      1.907    29.5969    18.1178          0          0  0.000e+00
  1021.1194      1.888      1.903    29.5971    18.1182          0          0  0.000e+00
  1021.1202      1.888      1.903    29.5982    18.1187          0          0  0.000e+00
  1021.1193      1.882      1.898    29.5974    18.1198          0          0  0.000e+00
  1021.1179      1.883      1.899    29.5956    18.1202          0          0  0.000e+00
  1021.1187      1.884      1.900    29.5968    18.1203          0          0  0.000e+00
  1021.1187      1.885      1.901    29.5969    18.1205          0          0  0.000e+00
  1021.1183      1.890      1.905    29.5963    18.1209          0          0  0.000e+00
  1021.1176      1.896      1.912    29.5955    18.1212          0          0  0.000e+00
  1021.1182      1.892      1.907    29.5962    18.1207          0          0  0.000e+00
  1021.1180      1.890      1.905    29.5959    18.1206          0          0  0.000e+00
  1021.1181      1.886      1.902    29.5960    18.1205          0          0  0.000e+00
  1021.1177      1.881      1.897    29.5954    18.1203          0          0  0.000e+00
  1021.1195      1.881      1.897    29.5977    18.1199          0          0  0.000e+00
  1021.1190      1.889      1.904    29.5972    18.1205          0          0  0.000e+00
  1021.1189      1.898      1.914    29.5972    18.1212          0          0  0.000e+00
  1021.1173      1.910      1.925    29.5953    18.1218          0          0  0.000e+00
  1021.1169      1.916      1.932    29.5944    18.1212          0          0  0.000e+00
  1021.1177      1.925      1.940    29.5951    18.1201          0          0  0.000e+00
  1021.1171      1.935      1.951    29.5940    18.1191          0          0  0.000e+00
  1021.1174      1.942      1.957    29.5939    18.1176          0          0  0.000e+00
  1021.1178      1.945      1.961    29.5939    18.1159          0          0  0.000e+00
  1021.1200      1.944      1.960    29.5962    18.1142          0          0  0.000e+00
  1021.1208      1.937      1.953    29.5972    18.1140          0          0  0.000e+00
  1021.1194      1.929      1.945    29.5956    18.1146          0          0  0.000e+00
  1021.1184      1.914      1.930    29.5943    18.1142          0          0  0.000e+00
  1021.1186      1.906      1.921    29.5942    18.1129          0          0  0.000e+00
  1021.1172      1.899      1.915    29.5921    18.1118          0          0  0.000e+00
  1021.1196      1.895      1.910    29.5944    18.1092          0          0  0.000e+00
  1021.1209      1.891      1.906    29.5956    18.1078          0          0  0.000e+00
  1021.1210      1.886      1.902    29.5957    18.1074          0          0  0.000e+00
  1021.1197      1.883      1.899    29.5939    18.1068          0          0  0.000e+00
  1021.1215      1.877      1.892    29.5958    18.1055          0          0  0.000e+00
  1021.1228      1.873      1.888    29.5973    18.1046          0          0  0.000e+00
  1021.1243      1.871      1.886    29.5994    18.1052          0          0  0.000e+00
  1021.1233      1.869      1.885    29.5986    18.1069          0          0  0.000e+00
  1021.1219      1.869      1.885    29.5973    18.1085          0          0  0.000e+00
  1021.1207      1.874      1.889    29.5959    18.1092          0          0  0.000e+00
  1021.1203      1.878      1.893    29.5954    18.1091          0          0  0.000e+00
  1021.1204      1.881      1.897    29.5954    18.1086          0          0  0.000e+00
  1021.1202      1.887      1.903    29.5948    18.1079          0          0  0.000e+00
  1021.1208      1.896      1.911    29.5953    18.1071          0          0  0.000e+00
  1021.1206      1.904      1.920    29.5948    18.1066          0          0  0.000e+00
  1021.1209      1.910      1.925    29.5950    18.1058          0          0  0.000e+00
  1021.1213      1.916      1.932    29.5952    18.1050          0          0  0.000e+00
  1021.1219      1.920      1.936    29.5956    18.1041          0          0  0.000e+00
  1021.1219      1.925      1.940    29.5955    18.1035          0          0  0.000e+00
  1021.1223      1.931      1.947    29.5958    18.1031          0          0  0.000e+00
  1021.1238      1.937      1.953    29.5977    18.1026          0          0  0.000e+00
  1021.1237      1.940      1.956    29.5976    18.1031          0          0  0.000e+00
  1021.1226      1.940      1.956    29.5964    18.1039          0          0  0.000e+00
  1021.1234      1.936      1.952    29.5977    18.1043          0          0  0.000e+00
  1021.1236      1.931      1.947    29.5981    18.1049          0          0  0.000e+00
  1021.1222      1.925      1.940    29.5966    18.1057          0          0  0.000e+00
  1021.1222      1.918      1.934    29.5966    18.1055          0          0  0.000e+00
  1021.1224      1.911      1.926    29.5969    18.1055          0          0  0.000e+00
  1021.1221      1.901      1.917    29.5965    18.1055          0          0  0.000e+00
  1021.1221      1.896      1.911    29.5965    18.1056          0          0  0.000e+00
  1021.1210      1.890      1.905    29.5952    18.1057          0          0  0.000e+00
  1021.1199      1.880      1.895    29.5936    18.1050          0          0  0.000e+00
  1021.1220      1.870      1.886    29.5957    18.1031          0          0  0.000e+00
  1021.1233      1.865      1.880    29.5972    18.1022          0          0  0.000e+00
  1021.1232      1.863      1.878    29.5973    18.1026          0          0  0.000e+00
  1021.1238      1.862      1.877    29.5982    18.1033          0          0  0.000e+00
  1021.1235      1.875      1.890    29.5981    18.1046          0          0  0.000e+00
  1021.1228      1.879      1.894    29.5977    18.1058          0          0  0.000e+00
  1021.1218      1.877      1.892    29.5965    18.1065          0          0  0.000e+00
  1021.1211      1.880      1.895    29.5957    18.1067          0          0  0.000e+00
  1021.1214      1.879      1.894    29.5959    18.1062          0          0  0.000e+00
  1021.1225      1.875      1.890    29.5972    18.1059          0          0  0.000e+00
  1021.1230      1.884      1.900    29.5979    18.1062          0          0  0.000e+00
  1021.1219      1.889      1.904    29.5967    18.1068          0          0  0.000e+00
  1021.1219      1.891      1.906    29.5968    18.1070          0          0  0.000e+00
  1021.1220      1.903      1.919    29.5968    18.1072          0          0  0.000e+00
  1021.1228      1.918      1.934    29.5978    18.1072          0          0  0.000e+00
  1021.1235      1.930      1.946    29.5990    18.1079          0          0  0.000e+00
  1021.1232      1.939      1.955    29.5988    18.1091          0          0  0.000e+00
  1021.1215      1.946      1.962    29.5970    18.1103          0          0  0.000e+00
  1021.1212      1.937      1.953    29.5968    18.1108          0          0  0.000e+00
  1021.1209      1.926      1.941    29.5965    18.1110          0          0  0.000e+00
  1021.1205      1.921      1.937    29.5961    18.1111          0          0  0.000e+00
  1021.1199      1.913      1.929    29.5953    18.1109          0          0  0.000e+00
  1021.1175      1.908      1.923    29.5919    18.1101          0          0  0.000e+00
