data/eDNA/PER-2021-171/171d020.cnv
* Sea-Bird SBE19plus  Data File:
* FileName = C:\Users\RSG_field\Ryan_2021_Perley\CTD\171d020.hex
* Software version 2.3.0 SB_Terminal.dll
* Temperature SN = 7141
* Conductivity SN = 7141
* System UpLoad Time = Aug 17 2021 11:09:09
* <ApplicationData>
* <SeatermAF>
** Platform: M. Perley
** Cruise: Per2021171
** Station:  SAB_05
** Cast: 01 NA
** Latitude: N  46 16.117
** Longitude: W 59 11.012
** Sounding: 110
** Chief Scientist: Ryan Stanley
** Comment: 171d020
** cast didn't close bottle 1 the cable caught on the trigger housing
# nquan = 8
# nvalues = 3642                                  
# units = specified
# name 0 = density00: Density [density, kg/m^3]
# name 1 = depSM: Depth [salt water, m], lat = 45.00
# name 2 = prdM: Pressure, Strain Gauge [db]
# name 3 = sal00: Salinity, Practical [PSU]
# name 4 = tv290C: Temperature [ITS-90, deg C]
# name 5 = bpos: Bottle Position in Carousel
# name 6 = nbf: Bottles Fired
# name 7 = flag:  0.000e+00
# span 0 =   998.1482,  1026.7840                 
# span 1 =     -0.034,    103.449                 
# span 2 =     -0.034,    104.322                 
# span 3 =     0.0088,    32.9634                 
# span 4 =     2.0353,    20.3123                 
# span 5 =          0,          5                 
# span 6 =          0,          5                 
# span 7 = 0.0000e+00, 0.0000e+00                 
# interval = seconds: 0.25
# start_time = Aug 17 2021 13:30:26 [Instrument's time stamp, header]
# bad_flag = -9.990e-29
*END*
[from data line 180]
   998.3485     -0.030     -0.031     0.2695    20.3021          0          0  0.000e+00
   998.4587     -0.032     -0.032     0.4134    20.3005          0          0  0.000e+00
   998.2994     -0.029     -0.030     0.2045    20.2998          0          0  0.000e+00
   998.2442     -0.029     -0.030     0.1329    20.3016          0          0  0.000e+00
   998.2316     -0.028     -0.029     0.1181    20.3077          0          0  0.000e+00
  1000.8857      0.002      0.002     3.6100    20.3123          0          0  0.000e+00
  1017.9505      0.157      0.158    26.1213    20.2170          0          0  0.000e+00
  1020.0379      0.352      0.355    28.7493    19.8620          0          0  0.000e+00
  1020.3090      0.560      0.564    29.0030    19.5551          0          0  0.000e+00
  1020.4827      0.736      0.742    29.1663    19.3611          0          0  0.000e+00
  1020.5835      0.879      0.886    29.2636    19.2562          0          0  0.000e+00
  1020.6361      1.012      1.021    29.3144    19.2025          0          0  0.000e+00
  1020.6663      1.139      1.148    29.3438    19.1733          0          0  0.000e+00
  1020.6844      1.265      1.275    29.3620    19.1585          0          0  0.000e+00
  1020.6407      1.315      1.325    29.3013    19.1490          0          0  0.000e+00
  1020.2947      1.292      1.303    28.8504    19.1587          0          0  0.000e+00
  1020.5099      1.249      1.259    29.1480    19.2043          0          0  0.000e+00
  1020.6879      1.223      1.233    29.3863    19.2184          0          0  0.000e+00
  1020.7055      1.223      1.233    29.4029    19.1982          0          0  0.000e+00
  1020.7253      1.241      1.252    29.4218    19.1767          0          0  0.000e+00
  1020.7415      1.273      1.284    29.4383    19.1625          0          0  0.000e+00
  1020.7562      1.312      1.323    29.4543    19.1531          0          0  0.000e+00
  1020.7718      1.350      1.361    29.4725    19.1468          0          0  0.000e+00
  1020.7832      1.390      1.401    29.4862    19.1441          0          0  0.000e+00
  1020.7772      1.422      1.433    29.4779    19.1431          0          0  0.000e+00
  1020.7676      1.448      1.460    29.4647    19.1415          0          0  0.000e+00
  1020.7614      1.469      1.481    29.4561    19.1410          0          0  0.000e+00
  1020.7546      1.485      1.497    29.4478    19.1429          0          0  0.000e+00
  1020.7491      1.500      1.512    29.4411    19.1447          0          0  0.000e+00
  1020.7468      1.510      1.522    29.4380    19.1444          0          0  0.000e+00
  1020.7454      1.515      1.527    29.4355    19.1426          0          0  0.000e+00
  1020.7455      1.519      1.532    29.4351    19.1412          0          0  0.000e+00
  1020.7461      1.530      1.542    29.4354    19.1401          0          0  0.000e+00
  1020.7448      1.547      1.559    29.4336    19.1399          0          0  0.000e+00
  1020.7462      1.570      1.583    29.4354    19.1401          0          0  0.000e+00
  1020.7532      1.594      1.607    29.4445    19.1404          0          0  0.000e+00
  1020.7620      1.623      1.636    29.4564    19.1418          0          0  0.000e+00
  1020.7725      1.652      1.665    29.4704    19.1432          0          0  0.000e+00
  1020.7808      1.668      1.681    29.4819    19.1450          0          0  0.000e+00
  1020.7880      1.664      1.678    29.4919    19.1470          0          0  0.000e+00
  1020.7881      1.640      1.653    29.4925    19.1478          0          0  0.000e+00
  1020.7683      1.599      1.612    29.4666    19.1473          0          0  0.000e+00
  1020.7634      1.546      1.558    29.4604    19.1469          0          0  0.000e+00
  1020.7589      1.483      1.495    29.4550    19.1476          0          0  0.000e+00
  1020.7542      1.422      1.433    29.4499    19.1501          0          0  0.000e+00
  1020.7514      1.368      1.379    29.4474    19.1525          0          0  0.000e+00
  1020.7502      1.332      1.342    29.4465    19.1539          0          0  0.000e+00
  1020.7501      1.312      1.323    29.4470    19.1555          0          0  0.000e+00
  1020.7516      1.304      1.315    29.4496    19.1572          0          0  0.000e+00
  1020.7558      1.304      1.315    29.4557    19.1590          0          0  0.000e+00
  1020.7640      1.308      1.319    29.4669    19.1606          0          0  0.000e+00
  1020.7690      1.305      1.316    29.4742    19.1626          0          0  0.000e+00
  1020.7749      1.302      1.312    29.4825    19.1644          0          0  0.000e+00
  1020.7619      1.306      1.317    29.4655    19.1647          0          0  0.000e+00
  1020.7525      1.308      1.319    29.4529    19.1637          0          0  0.000e+00
  1020.7497      1.318      1.329    29.4488    19.1628          0          0  0.000e+00
  1020.7440      1.336      1.347    29.4414    19.1633          0          0  0.000e+00
  1020.7367      1.381      1.393    29.4317    19.1638          0          0  0.000e+00
  1020.7317      1.465      1.477    29.4246    19.1635          0          0  0.000e+00
  1020.7322      1.582      1.595    29.4243    19.1626          0          0  0.000e+00
  1020.7434      1.694      1.708    29.4376    19.1604          0          0  0.000e+00
  1020.8096      1.787      1.802    29.5235    19.1590          0          0  0.000e+00
  1020.8459      1.846      1.861    29.5708    19.1591          0          0  0.000e+00
  1020.8365      1.852      1.867    29.5650    19.1793          0          0  0.000e+00
  1020.7759      1.807      1.822    29.5088    19.2500          0          0  0.000e+00
  1020.7186      1.712      1.726    29.4555    19.3155          0          0  0.000e+00
  1020.6682      1.577      1.590    29.4031    19.3553          0          0  0.000e+00
  1020.6483      1.440      1.451    29.3850    19.3774          0          0  0.000e+00
  1020.6413      1.316      1.326    29.3754    19.3739          0          0  0.000e+00
  1020.6402      1.223      1.233    29.3629    19.3382          0          0  0.000e+00
  1020.6630      1.175      1.184    29.3799    19.2978          0          0  0.000e+00
  1020.6878      1.164      1.174    29.4015    19.2644          0          0  0.000e+00
  1020.7056      1.188      1.198    29.4170    19.2403          0          0  0.000e+00
  1020.7172      1.237      1.247    29.4261    19.2226          0          0  0.000e+00
  1020.7347      1.316      1.326    29.4445    19.2101          0          0  0.000e+00
  1020.7759      1.406      1.417    29.4960    19.2035          0          0  0.000e+00
  1020.8012      1.491      1.503    29.5279    19.2012          0          0  0.000e+00
  1020.8212      1.554      1.567    29.5530    19.1991          0          0  0.000e+00
  1020.8079      1.580      1.592    29.5430    19.2221          0          0  0.000e+00
  1020.7648      1.562      1.574    29.5041    19.2759          0          0  0.000e+00
  1020.7181      1.505      1.518    29.4591    19.3249          0          0  0.000e+00
  1020.6741      1.421      1.432    29.4109    19.3526          0          0  0.000e+00
  1020.6564      1.322      1.333    29.3909    19.3606          0          0  0.000e+00
  1020.6455      1.249      1.259    29.3730    19.3485          0          0  0.000e+00
  1020.6379      1.239      1.249    29.3511    19.3119          0          0  0.000e+00
  1020.6496      1.306      1.317    29.3526    19.2704          0          0  0.000e+00
  1020.6683      1.427      1.439    29.3652    19.2359          0          0  0.000e+00
  1020.6891      1.563      1.575    29.3829    19.2092          0          0  0.000e+00
  1020.7080      1.684      1.698    29.4011    19.1908          0          0  0.000e+00
  1020.7434      1.779      1.793    29.4433    19.1797          0          0  0.000e+00
  1020.7824      1.833      1.848    29.4925    19.1744          0          0  0.000e+00
  1020.7892      1.837      1.852    29.5009    19.1729          0          0  0.000e+00
  1020.7688      1.795      1.809    29.4820    19.1964          0          0  0.000e+00
  1020.7389      1.710      1.724    29.4568    19.2378          0          0  0.000e+00
  1020.7204      1.589      1.602    29.4439    19.2707          0          0  0.000e+00
  1020.7087      1.449      1.461    29.4361    19.2913          0          0  0.000e+00
  1020.6962      1.311      1.322    29.4250    19.3053          0          0  0.000e+00
  1020.6749      1.198      1.208    29.4013    19.3160          0          0  0.000e+00
  1020.6622      1.123      1.132    29.3870    19.3218          0          0  0.000e+00
  1020.6629      1.081      1.090    29.3865    19.3168          0          0  0.000e+00
  1020.6575      1.088      1.097    29.3710    19.2913          0          0  0.000e+00
  1020.6610      1.134      1.144    29.3660    19.2627          0          0  0.000e+00
  1020.6710      1.215      1.225    29.3697    19.2352          0          0  0.000e+00
  1020.6855      1.315      1.325    29.3801    19.2104          0          0  0.000e+00
  1020.7008      1.415      1.427    29.3933    19.1911          0          0  0.000e+00
  1020.7185      1.495      1.507    29.4114    19.1770          0          0  0.000e+00
  1020.7599      1.562      1.574    29.4627    19.1689          0          0  0.000e+00
  1020.7932      1.601      1.614    29.5050    19.1652          0          0  0.000e+00
  1020.8060      1.615      1.628    29.5216    19.1649          0          0  0.000e+00
  1020.7894      1.607      1.620    29.5068    19.1859          0          0  0.000e+00
  1020.7570      1.589      1.602    29.4778    19.2272          0          0  0.000e+00
  1020.7328      1.562      1.574    29.4564    19.2583          0          0  0.000e+00
  1020.7179      1.539      1.552    29.4436    19.2788          0          0  0.000e+00
  1020.7045      1.529      1.541    29.4302    19.2913          0          0  0.000e+00
  1020.6878      1.538      1.551    29.4103    19.2981          0          0  0.000e+00
  1020.6737      1.568      1.581    29.3928    19.3014          0          0  0.000e+00
  1020.6729      1.609      1.622    29.3912    19.3003          0          0  0.000e+00
  1020.6755      1.657      1.670    29.3909    19.2900          0          0  0.000e+00
  1020.6979      1.690      1.704    29.4141    19.2715          0          0  0.000e+00
  1020.7316      1.690      1.704    29.4552    19.2620          0          0  0.000e+00
  1020.7371      1.656      1.669    29.4603    19.2552          0          0  0.000e+00
  1020.7298      1.594      1.607    29.4559    19.2697          0          0  0.000e+00
  1020.7094      1.510      1.522    29.4385    19.2969          0          0  0.000e+00
  1020.6823      1.408      1.419    29.4093    19.3146          0          0  0.000e+00
  1020.6736      1.316      1.326    29.4028    19.3279          0          0  0.000e+00
  1020.6660      1.257      1.268    29.3963    19.3376          0          0  0.000e+00
  1020.6625      1.232      1.242    29.3938    19.3432          0          0  0.000e+00
  1020.6637      1.229      1.239    29.3933    19.3371          0          0  0.000e+00
  1020.6716      1.248      1.258    29.3964    19.3151          0          0  0.000e+00
  1020.6808      1.293      1.304    29.4002    19.2908          0          0  0.000e+00
  1020.6942      1.341      1.352    29.4104    19.2689          0          0  0.000e+00
  1020.7158      1.378      1.389    29.4324    19.2499          0          0  0.000e+00
  1020.7391      1.413      1.425    29.4591    19.2387          0          0  0.000e+00
  1020.7535      1.447      1.459    29.4761    19.2335          0          0  0.000e+00
  1020.7635      1.483      1.495    29.4869    19.2273          0          0  0.000e+00
  1020.7683      1.520      1.533    29.4910    19.2209          0          0  0.000e+00
  1020.7657      1.567      1.580    29.4860    19.2170          0          0  0.000e+00
  1020.7604      1.619      1.632    29.4781    19.2150          0          0  0.000e+00
  1020.7627      1.665      1.679    29.4805    19.2139          0          0  0.000e+00
  1020.7740      1.696      1.710    29.4949    19.2134          0          0  0.000e+00
  1020.7870      1.708      1.722    29.5119    19.2134          0          0  0.000e+00
  1020.7905      1.709      1.723    29.5165    19.2132          0          0  0.000e+00
  1020.7877      1.696      1.710    29.5147    19.2189          0          0  0.000e+00
  1020.7619      1.662      1.676    29.4916    19.2511          0          0  0.000e+00
  1020.7312      1.612      1.626    29.4647    19.2912          0          0  0.000e+00
  1020.7093      1.556      1.569    29.4461    19.3211          0          0  0.000e+00
  1020.6934      1.506      1.519    29.4321    19.3414          0          0  0.000e+00
  1020.6799      1.465      1.477    29.4189    19.3544          0          0  0.000e+00
  1020.6679      1.440      1.451    29.4054    19.3610          0          0  0.000e+00
  1020.6608      1.430      1.442    29.3968    19.3631          0          0  0.000e+00
  1020.6572      1.424      1.435    29.3929    19.3655          0          0  0.000e+00
  1020.6605      1.407      1.418    29.3982    19.3679          0          0  0.000e+00
  1020.6702      1.372      1.383    29.4116    19.3695          0          0  0.000e+00
  1020.6739      1.333      1.343    29.4169    19.3700          0          0  0.000e+00
  1020.6767      1.304      1.315    29.4207    19.3698          0          0  0.000e+00
  1020.6717      1.277      1.288    29.4150    19.3721          0          0  0.000e+00
  1020.6580      1.271      1.282    29.3975    19.3735          0          0  0.000e+00
  1020.6461      1.303      1.314    29.3819    19.3741          0          0  0.000e+00
  1020.6394      1.360      1.371    29.3704    19.3668          0          0  0.000e+00
  1020.6394      1.439      1.450    29.3583    19.3313          0          0  0.000e+00
  1020.6605      1.509      1.521    29.3712    19.2872          0          0  0.000e+00
  1020.6961      1.563      1.575    29.4062    19.2526          0          0  0.000e+00
  1020.7488      1.599      1.612    29.4682    19.2310          0          0  0.000e+00
  1020.7791      1.611      1.625    29.5041    19.2191          0          0  0.000e+00
  1020.7978      1.606      1.619    29.5273    19.2149          0          0  0.000e+00
  1020.7786      1.588      1.601    29.5093    19.2366          0          0  0.000e+00
  1020.6642      1.573      1.586    29.3714    19.2739          0          0  0.000e+00
  1020.6075      1.567      1.580    29.2973    19.2749          0          0  0.000e+00
  1020.6430      1.565      1.578    29.3280    19.2264          0          0  0.000e+00
  1020.6737      1.566      1.579    29.3552    19.1863          0          0  0.000e+00
  1020.6911      1.565      1.578    29.3707    19.1635          0          0  0.000e+00
  1020.6994      1.564      1.576    29.3780    19.1523          0          0  0.000e+00
  1020.7035      1.560      1.573    29.3815    19.1465          0          0  0.000e+00
  1020.7048      1.553      1.566    29.3823    19.1435          0          0  0.000e+00
  1020.7052      1.546      1.558    29.3822    19.1416          0          0  0.000e+00
  1020.7068      1.539      1.552    29.3837    19.1397          0          0  0.000e+00
  1020.7076      1.531      1.543    29.3846    19.1391          0          0  0.000e+00
  1020.7083      1.530      1.542    29.3855    19.1388          0          0  0.000e+00
  1020.7073      1.527      1.539    29.3844    19.1395          0          0  0.000e+00
