data/eDNA/PER-2021-171/171d002.cnv
* Sea-Bird SBE19plus  Data File:
* FileName = C:\Users\RSG_field\Ryan_2021_Perley\CTD\171d002.hex
* Software version 2.3.0 SB_Terminal.dll
* Temperature SN = 7141
* Conductivity SN = 7141
* System UpLoad Time = Aug 09 2021 11:17:55
* <ApplicationData>
* <SeatermAF>
** Platform: M. Perley
** Cruise: Per2021171
** Station:  ESI-08
** Cast: 01 04
** Latitude: N  44 40.196
** Longitude: W 62 21.335
** Sounding: 112
** Chief Scientist: Ryan Stanley
** Comment: forth cast for water chemistry
** 5, 15, 25, 50, 80, bottom 171d002
# nquan = 8
# nvalues = 4092                                  
# units = specified
# name 0 = density00: Density [density, kg/m^3]
# name 1 = depSM: Depth [salt water, m], lat = 45.00
# name 2 = prdM: Pressure, Strain Gauge [db]
# name 3 = sal00: Salinity, Practical [PSU]
# name 4 = tv290C: Temperature [ITS-90, deg C]
# name 5 = bpos: Bottle Position in Carousel
# name 6 = nbf: Bottles Fired
# name 7 = flag:  0.000e+00
# span 0 =   998.8054,  1026.5388                 
# span 1 =      0.019,    100.333                 
# span 2 =      0.019,    101.179                 
# span 3 =     0.0000,    32.8907                 
# span 4 =     3.1657,    17.8566                 
# span 5 =          0,          6                 
# span 6 =          0,          6                 
# span 7 = 0.0000e+00, 0.0000e+00                 
# interval = seconds: 0.25
# start_time = Aug 09 2021 13:45:30 [Instrument's time stamp, header]
# bad_flag = -9.990e-29
*END*
[from data line 899]
  1022.1673      4.541      4.579    30.8625    17.8290          0          0  0.000e+00
  1022.1683      4.658      4.696    30.8631    17.8287          0          0  0.000e+00
  1022.1692      4.806      4.846    30.8632    17.8283          0          0  0.000e+00
  1022.1709      4.965      5.006    30.8645    17.8283          0          0  0.000e+00
  1022.1715      5.121      5.163    30.8646    17.8289          0          0  0.000e+00
  1022.1713      5.249      5.292    30.8638    17.8296          0          0  0.000e+00
  1022.1713      5.345      5.389    30.8634    17.8298          0          0  0.000e+00
  1022.1712      5.408      5.453    30.8629    17.8300          0          0  0.000e+00
  1022.1711      5.436      5.480    30.8626    17.8299          0          0  0.000e+00
  1022.1711      5.431      5.475    30.8626    17.8296          0          0  0.000e+00
  1022.1711      5.401      5.445    30.8626    17.8292          0          0  0.000e+00
  1022.1713      5.360      5.404    30.8629    17.8288          0          0  0.000e+00
  1022.1706      5.319      5.363    30.8622    17.8287          0          0  0.000e+00
  1022.1710      5.304      5.348    30.8627    17.8281          0          0  0.000e+00
  1022.1718      5.329      5.373    30.8635    17.8280          0          0  0.000e+00
  1022.1722      5.400      5.444    30.8636    17.8280          0          0  0.000e+00
  1022.1726      5.520      5.565    30.8635    17.8281          0          0  0.000e+00
  1022.1731      5.685      5.732    30.8632    17.8282          0          0  0.000e+00
  1022.1737      5.876      5.924    30.8629    17.8284          0          0  0.000e+00
  1022.1748      6.093      6.143    30.8630    17.8281          0          0  0.000e+00
  1022.1757      6.327      6.379    30.8628    17.8281          0          0  0.000e+00
  1022.1776      6.559      6.613    30.8639    17.8281          0          0  0.000e+00
  1022.1781      6.785      6.841    30.8634    17.8284          0          0  0.000e+00
  1022.1782      6.979      7.036    30.8624    17.8285          0          0  0.000e+00
  1022.1795      7.154      7.213    30.8630    17.8282          0          0  0.000e+00
  1022.1808      7.322      7.382    30.8637    17.8281          0          0  0.000e+00
  1022.1786      7.460      7.522    30.8601    17.8282          0          0  0.000e+00
  1022.1785      7.580      7.642    30.8588    17.8267          0          0  0.000e+00
  1022.1809      7.678      7.741    30.8605    17.8241          0          0  0.000e+00
  1022.1833      7.756      7.820    30.8626    17.8223          0          0  0.000e+00
  1022.1859      7.816      7.880    30.8655    17.8217          0          0  0.000e+00
  1022.1877      7.859      7.923    30.8680    17.8229          0          0  0.000e+00
  1022.1866      7.887      7.951    30.8672    17.8255          0          0  0.000e+00
  1022.1851      7.905      7.969    30.8659    17.8280          0          0  0.000e+00
  1022.1848      7.924      7.989    30.8659    17.8297          0          0  0.000e+00
  1022.1833      7.951      8.016    30.8643    17.8311          0          0  0.000e+00
  1022.1820      8.007      8.073    30.8625    17.8318          0          0  0.000e+00
  1022.1826      8.097      8.164    30.8626    17.8313          0          0  0.000e+00
  1022.1827      8.229      8.296    30.8617    17.8308          0          0  0.000e+00
  1022.1840      8.387      8.456    30.8622    17.8298          0          0  0.000e+00
  1022.1841      8.554      8.625    30.8612    17.8292          0          0  0.000e+00
  1022.1834      8.718      8.789    30.8589    17.8278          0          0  0.000e+00
  1022.1853      8.877      8.949    30.8597    17.8255          0          0  0.000e+00
  1022.1840      9.021      9.095    30.8564    17.8230          0          0  0.000e+00
  1022.1850      9.147      9.222    30.8557    17.8192          0          0  0.000e+00
  1022.1859      9.256      9.332    30.8549    17.8147          0          0  0.000e+00
  1022.1861      9.360      9.437    30.8531    17.8099          0          0  0.000e+00
  1022.1839      9.466      9.544    30.8477    17.8039          0          0  0.000e+00
  1022.1797      9.587      9.665    30.8385    17.7944          0          0  0.000e+00
  1022.1724      9.726      9.805    30.8234    17.7791          0          0  0.000e+00
  1022.1771      9.898      9.980    30.8216    17.7565          0          0  0.000e+00
  1022.1780     10.085     10.168    30.8131    17.7289          0          0  0.000e+00
  1022.1977     10.273     10.357    30.8274    17.6957          0          0  0.000e+00
  1022.2175     10.458     10.544    30.8435    17.6675          0          0  0.000e+00
  1022.2282     10.627     10.714    30.8505    17.6479          0          0  0.000e+00
  1022.2383     10.775     10.863    30.8580    17.6324          0          0  0.000e+00
  1022.2469     10.895     10.984    30.8648    17.6205          0          0  0.000e+00
  1022.2525     10.994     11.085    30.8690    17.6122          0          0  0.000e+00
  1022.2567     11.081     11.172    30.8722    17.6066          0          0  0.000e+00
  1022.2575     11.159     11.250    30.8718    17.6029          0          0  0.000e+00
  1022.2591     11.233     11.325    30.8721    17.5987          0          0  0.000e+00
  1022.2596     11.304     11.397    30.8709    17.5940          0          0  0.000e+00
  1022.2595     11.382     11.476    30.8684    17.5878          0          0  0.000e+00
  1022.2638     11.470     11.565    30.8708    17.5790          0          0  0.000e+00
  1022.2691     11.568     11.663    30.8746    17.5708          0          0  0.000e+00
  1022.2736     11.672     11.768    30.8779    17.5644          0          0  0.000e+00
  1022.2770     11.781     11.878    30.8802    17.5596          0          0  0.000e+00
  1022.2783     11.888     11.986    30.8803    17.5563          0          0  0.000e+00
  1022.2793     11.997     12.096    30.8799    17.5529          0          0  0.000e+00
  1022.2801     12.101     12.200    30.8791    17.5491          0          0  0.000e+00
  1022.2819     12.203     12.303    30.8794    17.5442          0          0  0.000e+00
  1022.2831     12.302     12.404    30.8787    17.5387          0          0  0.000e+00
  1022.2856     12.400     12.502    30.8795    17.5323          0          0  0.000e+00
  1022.2877     12.499     12.601    30.8795    17.5254          0          0  0.000e+00
  1022.2914     12.609     12.712    30.8809    17.5165          0          0  0.000e+00
  1022.2980     12.735     12.840    30.8852    17.5048          0          0  0.000e+00
  1022.3078     12.889     12.995    30.8931    17.4917          0          0  0.000e+00
  1022.3175     13.070     13.177    30.9006    17.4782          0          0  0.000e+00
  1022.3295     13.277     13.386    30.9106    17.4635          0          0  0.000e+00
  1022.3436     13.510     13.621    30.9225    17.4469          0          0  0.000e+00
  1022.3550     13.760     13.873    30.9291    17.4247          0          0  0.000e+00
  1022.3727     14.008     14.123    30.9391    17.3866          0          0  0.000e+00
  1022.3947     14.249     14.366    30.9490    17.3298          0          0  0.000e+00
  1022.4524     14.461     14.580    31.0004    17.2554          0          0  0.000e+00
  1022.4697     14.628     14.748    31.0007    17.1850          0          0  0.000e+00
  1022.5061     14.743     14.864    31.0224    17.1023          0          0  0.000e+00
  1022.5610     14.806     14.928    31.0680    17.0174          0          0  0.000e+00
  1022.6340     14.823     14.945    31.1440    16.9540          0          0  0.000e+00
  1022.6512     14.806     14.928    31.1612    16.9363          0          0  0.000e+00
  1022.6392     14.762     14.883    31.1466    16.9388          0          0  0.000e+00
  1022.6400     14.717     14.838    31.1473    16.9365          0          0  0.000e+00
  1022.6449     14.678     14.799    31.1537    16.9357          0          0  0.000e+00
  1022.6371     14.663     14.784    31.1441    16.9374          0          0  0.000e+00
  1022.6360     14.686     14.807    31.1409    16.9324          0          0  0.000e+00
  1022.6377     14.750     14.871    31.1389    16.9197          0          0  0.000e+00
  1022.6108     14.856     14.978    31.0979    16.9016          0          0  0.000e+00
  1022.6063     15.000     15.123    31.0776    16.8566          0          0  0.000e+00
  1022.6629     15.173     15.298    31.1281    16.7823          0          0  0.000e+00
  1022.6964     15.376     15.503    31.1412    16.6836          0          0  0.000e+00
  1022.6463     15.597     15.725    31.0377    16.5596          0          0  0.000e+00
  1022.4969     15.829     15.959    30.7806    16.3530          0          0  0.000e+00
  1022.5948     16.076     16.208    30.8032    15.9974          0          0  0.000e+00
  1022.7631     16.321     16.455    30.9091    15.6071          0          0  0.000e+00
  1022.9561     16.561     16.697    31.0602    15.2575          0          0  0.000e+00
  1023.1175     16.800     16.938    31.1922    14.9831          0          0  0.000e+00
  1023.2166     17.014     17.154    31.2639    14.7803          0          0  0.000e+00
  1023.2093     17.213     17.355    31.2077    14.6134          0          0  0.000e+00
  1023.2074     17.389     17.533    31.1500    14.4129          0          0  0.000e+00
  1023.2657     17.539     17.683    31.1566    14.1585          0          0  0.000e+00
  1023.3518     17.662     17.807    31.1961    13.8882          0          0  0.000e+00
  1023.4737     17.759     17.906    31.2878    13.6367          0          0  0.000e+00
  1023.6358     17.838     17.985    31.4446    13.4331          0          0  0.000e+00
  1023.6940     17.890     18.037    31.4871    13.3060          0          0  0.000e+00
  1023.7304     17.923     18.070    31.5113    13.2172          0          0  0.000e+00
  1023.7579     17.937     18.085    31.5291    13.1473          0          0  0.000e+00
  1023.7828     17.939     18.086    31.5473    13.0920          0          0  0.000e+00
  1023.7987     17.932     18.080    31.5569    13.0488          0          0  0.000e+00
  1023.8080     17.928     18.075    31.5590    13.0090          0          0  0.000e+00
  1023.8394     17.930     18.078    31.5908    12.9742          0          0  0.000e+00
  1023.8345     17.948     18.096    31.5796    12.9551          0          0  0.000e+00
  1023.7971     17.986     18.134    31.5257    12.9343          0          0  0.000e+00
  1023.7681     18.056     18.205    31.4768    12.8903          0          0  0.000e+00
  1023.7425     18.149     18.299    31.4256    12.8196          0          0  0.000e+00
  1023.6567     18.276     18.426    31.2886    12.7169          0          0  0.000e+00
  1023.5977     18.426     18.578    31.1722    12.5573          0          0  0.000e+00
  1023.4453     18.600     18.753    30.9200    12.3334          0          0  0.000e+00
  1023.4886     18.791     18.945    30.8954    12.0011          0          0  0.000e+00
  1023.4236     18.992     19.148    30.7260    11.6401          0          0  0.000e+00
  1023.1502     19.202     19.360    30.2737    11.2055          0          0  0.000e+00
  1023.1954     19.415     19.575    30.1976    10.5992          0          0  0.000e+00
  1023.5354     19.625     19.787    30.4935     9.9394          0          0  0.000e+00
  1023.6955     19.841     20.005    30.5915     9.4180          0          0  0.000e+00
  1023.8507     20.053     20.218    30.7026     8.9793          0          0  0.000e+00
  1024.0454     20.261     20.428    30.8771     8.5960          0          0  0.000e+00
  1024.2290     20.477     20.646    31.0562     8.3071          0          0  0.000e+00
  1024.2782     20.692     20.863    31.0828     8.1171          0          0  0.000e+00
  1024.2268     20.902     21.074    30.9865     7.9535          0          0  0.000e+00
  1024.1944     21.088     21.262    30.9066     7.7427          0          0  0.000e+00
  1024.3104     21.248     21.423    31.0073     7.4786          0          0  0.000e+00
  1024.4052     21.375     21.551    31.0869     7.2428          0          0  0.000e+00
  1024.4866     21.469     21.646    31.1565     7.0439          0          0  0.000e+00
  1024.6069     21.524     21.701    31.2818     6.8792          0          0  0.000e+00
  1024.7307     21.542     21.719    31.4216     6.7739          0          0  0.000e+00
  1024.8468     21.531     21.708    31.5648     6.7463          0          0  0.000e+00
  1024.8083     21.493     21.670    31.5241     6.7954          0          0  0.000e+00
  1024.8475     21.430     21.607    31.5821     6.8438          0          0  0.000e+00
  1024.7680     21.359     21.535    31.4927     6.9114          0          0  0.000e+00
  1024.7071     21.293     21.469    31.4228     6.9539          0          0  0.000e+00
  1024.6604     21.245     21.420    31.3638     6.9542          0          0  0.000e+00
  1024.6504     21.233     21.408    31.3460     6.9232          0          0  0.000e+00
  1024.6277     21.265     21.440    31.3103     6.8826          0          0  0.000e+00
  1024.6229     21.351     21.527    31.2944     6.8263          0          0  0.000e+00
  1024.6250     21.496     21.673    31.2854     6.7600          0          0  0.000e+00
  1024.6598     21.692     21.871    31.3168     6.6886          0          0  0.000e+00
  1024.6992     21.934     22.114    31.3558     6.6282          0          0  0.000e+00
  1024.7015     22.211     22.394    31.3500     6.5847          0          0  0.000e+00
  1024.6276     22.504     22.689    31.2469     6.5371          0          0  0.000e+00
  1024.6227     22.788     22.976    31.2230     6.4364          0          0  0.000e+00
  1024.7104     23.057     23.247    31.3102     6.2927          0          0  0.000e+00
  1024.8015     23.321     23.514    31.4043     6.1651          0          0  0.000e+00
  1024.8628     23.548     23.742    31.4668     6.0741          0          0  0.000e+00
  1024.8848     23.735     23.930    31.4840     6.0121          0          0  0.000e+00
  1024.9125     23.863     24.060    31.5100     5.9567          0          0  0.000e+00
  1024.9401     23.946     24.143    31.5378     5.9127          0          0  0.000e+00
  1024.9634     23.995     24.193    31.5629     5.8858          0          0  0.000e+00
  1024.9838     24.026     24.224    31.5865     5.8718          0          0  0.000e+00
  1024.9616     24.050     24.248    31.5577     5.8683          0          0  0.000e+00
  1024.9574     24.079     24.278    31.5503     5.8552          0          0  0.000e+00
  1024.9544     24.123     24.322    31.5436     5.8378          0          0  0.000e+00
  1024.9564     24.189     24.389    31.5428     5.8176          0          0  0.000e+00
  1024.9589     24.276     24.477    31.5423     5.7971          0          0  0.000e+00
  1024.9570     24.377     24.578    31.5362     5.7766          0          0  0.000e+00
  1024.9748     24.487     24.689    31.5550     5.7553          0          0  0.000e+00
  1024.9726     24.599     24.801    31.5493     5.7400          0          0  0.000e+00
  1024.9797     24.705     24.908    31.5555     5.7252          0          0  0.000e+00
  1024.9761     24.800     25.005    31.5483     5.7112          0          0  0.000e+00
  1024.9693     24.885     25.090    31.5367     5.6947          0          0  0.000e+00
  1024.9707     24.957     25.163    31.5349     5.6734          0          0  0.000e+00
  1024.9754     25.027     25.233    31.5371     5.6509          0          0  0.000e+00
