data/eDNA/PER-2021-171/171d026.cnv
* Sea-Bird SBE19plus  Data File:
* FileName = C:\Users\RSG_field\Ryan_2021_Perley\CTD\171d026.hex
* Software version 2.3.0 SB_Terminal.dll
* Temperature SN = 7141
* Conductivity SN = 7141
* System UpLoad Time = Aug 18 2021 13:17:52
* <ApplicationData>
* <SeatermAF>
** Platform: M. Perley
** Cruise: Per2021171
** Station:  SAB_02
** Cast: 01 4
** Latitude: N  45 50.647
** Longitude: W 60 07.903
** Sounding: 24.5
** Chief Scientist: Ryan Stanley
** Comment: 171d026
# nquan = 8
# nvalues = 2342                                  
# units = specified
# name 0 = density00: Density [density, kg/m^3]
# name 1 = depSM: Depth [salt water, m], lat = 45.00
# name 2 = prdM: Pressure, Strain Gauge [db]
# name 3 = sal00: Salinity, Practical [PSU]
# name 4 = tv290C: Temperature [ITS-90, deg C]
# name 5 = bpos: Bottle Position in Carousel
# name 6 = nbf: Bottles Fired
# name 7 = flag:  0.000e+00
# span 0 =   998.9425,  1024.4235                 
# span 1 =     -0.016,     25.368                 
# span 2 =     -0.016,     25.577                 
# span 3 =     0.0082,    31.0284                 
# span 4 =     6.8323,    18.1330                 
# span 5 =          0,          3                 
# span 6 =          0,          3                 
# span 7 = 0.0000e+00, 0.0000e+00                 
# interval = seconds: 0.25
# start_time = Aug 18 2021 16:05:32 [Instrument's time stamp, header]
# bad_flag = -9.990e-29
*END*
[from data line 1079]
  1021.1202      1.866      1.881    29.5950    18.1081          0          0  0.000e+00
  1021.1216      1.862      1.877    29.5965    18.1071          0          0  0.000e+00
  1021.1216      1.862      1.877    29.5966    18.1070          0          0  0.000e+00
  1021.1214      1.865      1.880    29.5963    18.1071          0          0  0.000e+00
  1021.1221      1.872      1.888    29.5971    18.1068          0          0  0.000e+00
  1021.1222      1.878      1.893    29.5974    18.1073          0          0  0.000e+00
  1021.1223      1.885      1.901    29.5975    18.1077          0          0  0.000e+00
  1021.1217      1.894      1.909    29.5969    18.1082          0          0  0.000e+00
  1021.1211      1.901      1.917    29.5961    18.1085          0          0  0.000e+00
  1021.1213      1.912      1.927    29.5962    18.1083          0          0  0.000e+00
  1021.1212      1.921      1.937    29.5961    18.1082          0          0  0.000e+00
  1021.1215      1.928      1.943    29.5963    18.1079          0          0  0.000e+00
  1021.1217      1.936      1.952    29.5965    18.1077          0          0  0.000e+00
  1021.1216      1.937      1.953    29.5964    18.1078          0          0  0.000e+00
  1021.1222      1.940      1.956    29.5971    18.1076          0          0  0.000e+00
  1021.1221      1.942      1.958    29.5971    18.1079          0          0  0.000e+00
  1021.1222      1.941      1.957    29.5973    18.1082          0          0  0.000e+00
  1021.1218      1.943      1.959    29.5968    18.1085          0          0  0.000e+00
  1021.1217      1.940      1.956    29.5968    18.1088          0          0  0.000e+00
  1021.1217      1.935      1.951    29.5967    18.1087          0          0  0.000e+00
  1021.1213      1.928      1.943    29.5964    18.1089          0          0  0.000e+00
  1021.1211      1.915      1.930    29.5961    18.1088          0          0  0.000e+00
  1021.1206      1.902      1.918    29.5955    18.1085          0          0  0.000e+00
  1021.1215      1.888      1.904    29.5964    18.1078          0          0  0.000e+00
  1021.1220      1.880      1.895    29.5971    18.1076          0          0  0.000e+00
  1021.1220      1.872      1.888    29.5972    18.1078          0          0  0.000e+00
  1021.1218      1.870      1.886    29.5972    18.1084          0          0  0.000e+00
  1021.1214      1.869      1.885    29.5967    18.1085          0          0  0.000e+00
  1021.1162      1.869      1.885    29.5898    18.1080          0          0  0.000e+00
  1021.1214      1.869      1.885    29.5966    18.1079          0          0  0.000e+00
  1021.1217      1.871      1.887    29.5968    18.1078          0          0  0.000e+00
  1021.1210      1.874      1.890    29.5960    18.1079          0          0  0.000e+00
  1021.1220      1.885      1.901    29.5970    18.1073          0          0  0.000e+00
  1021.1221      1.894      1.909    29.5971    18.1074          0          0  0.000e+00
  1021.1221      1.900      1.915    29.5972    18.1075          0          0  0.000e+00
  1021.1216      1.908      1.924    29.5966    18.1080          0          0  0.000e+00
  1021.1214      1.918      1.934    29.5964    18.1081          0          0  0.000e+00
  1021.1218      1.923      1.939    29.5967    18.1081          0          0  0.000e+00
  1021.1215      1.929      1.944    29.5964    18.1083          0          0  0.000e+00
  1021.1211      1.936      1.952    29.5958    18.1080          0          0  0.000e+00
  1021.1211      1.935      1.951    29.5956    18.1077          0          0  0.000e+00
  1021.1204      1.933      1.949    29.5946    18.1074          0          0  0.000e+00
  1021.1218      1.927      1.943    29.5964    18.1067          0          0  0.000e+00
  1021.1220      1.926      1.942    29.5966    18.1067          0          0  0.000e+00
  1021.1219      1.927      1.943    29.5965    18.1068          0          0  0.000e+00
  1021.1219      1.929      1.944    29.5965    18.1069          0          0  0.000e+00
  1021.1188      1.921      1.937    29.5925    18.1068          0          0  0.000e+00
  1021.1184      1.920      1.936    29.5912    18.1044          0          0  0.000e+00
  1021.1222      1.915      1.930    29.5950    18.1008          0          0  0.000e+00
  1021.1246      1.908      1.924    29.5978    18.0995          0          0  0.000e+00
  1021.1252      1.906      1.922    29.5988    18.1000          0          0  0.000e+00
  1021.1234      1.900      1.915    29.5968    18.1011          0          0  0.000e+00
  1021.1229      1.886      1.902    29.5963    18.1015          0          0  0.000e+00
  1021.1217      1.882      1.897    29.5949    18.1015          0          0  0.000e+00
  1021.1223      1.874      1.890    29.5953    18.1005          0          0  0.000e+00
  1021.1237      1.868      1.883    29.5970    18.0998          0          0  0.000e+00
  1021.1232      1.868      1.883    29.5965    18.1001          0          0  0.000e+00
  1021.1234      1.869      1.884    29.5966    18.1000          0          0  0.000e+00
  1021.1228      1.871      1.887    29.5959    18.1001          0          0  0.000e+00
  1021.1229      1.878      1.893    29.5959    18.0999          0          0  0.000e+00
  1021.1229      1.884      1.899    29.5957    18.0993          0          0  0.000e+00
  1021.1237      1.894      1.909    29.5967    18.0990          0          0  0.000e+00
  1021.1241      1.899      1.914    29.5971    18.0990          0          0  0.000e+00
  1021.1239      1.906      1.922    29.5970    18.0997          0          0  0.000e+00
  1021.1230      1.908      1.924    29.5960    18.1001          0          0  0.000e+00
  1021.1222      1.915      1.930    29.5949    18.1001          0          0  0.000e+00
  1021.1231      1.927      1.943    29.5958    18.0995          0          0  0.000e+00
  1021.1239      1.938      1.954    29.5965    18.0989          0          0  0.000e+00
  1021.1239      1.945      1.961    29.5966    18.0989          0          0  0.000e+00
  1021.1230      1.953      1.969    29.5954    18.0994          0          0  0.000e+00
  1021.1222      1.953      1.969    29.5942    18.0987          0          0  0.000e+00
  1021.1228      1.951      1.967    29.5945    18.0973          0          0  0.000e+00
  1021.1235      1.949      1.965    29.5950    18.0959          0          0  0.000e+00
  1021.1235      1.945      1.961    29.5948    18.0948          0          0  0.000e+00
  1021.1233      1.935      1.951    29.5941    18.0935          0          0  0.000e+00
  1021.1217      1.923      1.939    29.5916    18.0920          0          0  0.000e+00
  1021.1232      1.910      1.926    29.5927    18.0891          0          0  0.000e+00
  1021.1262      1.897      1.912    29.5960    18.0868          0          0  0.000e+00
  1021.1264      1.888      1.904    29.5961    18.0860          0          0  0.000e+00
  1021.1257      1.878      1.893    29.5951    18.0857          0          0  0.000e+00
  1021.1256      1.868      1.883    29.5949    18.0852          0          0  0.000e+00
  1021.1257      1.864      1.879    29.5948    18.0842          0          0  0.000e+00
  1021.1266      1.859      1.874    29.5957    18.0833          0          0  0.000e+00
  1021.1272      1.860      1.875    29.5963    18.0827          0          0  0.000e+00
  1021.1280      1.857      1.873    29.5972    18.0826          0          0  0.000e+00
  1021.1279      1.861      1.876    29.5974    18.0832          0          0  0.000e+00
  1021.1274      1.864      1.879    29.5968    18.0837          0          0  0.000e+00
  1021.1274      1.869      1.884    29.5968    18.0839          0          0  0.000e+00
  1021.1271      1.881      1.896    29.5967    18.0847          0          0  0.000e+00
  1021.1271      1.895      1.910    29.5967    18.0850          0          0  0.000e+00
  1021.1266      1.906      1.922    29.5961    18.0852          0          0  0.000e+00
  1021.1277      1.917      1.933    29.5974    18.0851          0          0  0.000e+00
  1021.1285      1.926      1.942    29.5986    18.0857          0          0  0.000e+00
  1021.1272      1.932      1.947    29.5972    18.0868          0          0  0.000e+00
  1021.1268      1.939      1.955    29.5967    18.0873          0          0  0.000e+00
  1021.1271      1.943      1.959    29.5971    18.0874          0          0  0.000e+00
  1021.1270      1.944      1.960    29.5971    18.0877          0          0  0.000e+00
  1021.1265      1.943      1.959    29.5966    18.0882          0          0  0.000e+00
  1021.1267      1.941      1.957    29.5971    18.0886          0          0  0.000e+00
  1021.1262      1.941      1.957    29.5965    18.0889          0          0  0.000e+00
  1021.1278      1.944      1.960    29.5986    18.0892          0          0  0.000e+00
  1021.1280      1.995      2.012    29.5990    18.0908          0          0  0.000e+00
  1021.1242      2.084      2.101    29.5942    18.0928          0          0  0.000e+00
  1021.1230      2.181      2.199    29.5921    18.0926          0          0  0.000e+00
  1021.1267      2.284      2.302    29.5955    18.0903          0          0  0.000e+00
  1021.1358      2.384      2.404    29.6067    18.0899          0          0  0.000e+00
  1021.1340      2.488      2.509    29.6054    18.0950          0          0  0.000e+00
  1021.1072      2.596      2.618    29.5710    18.0993          0          0  0.000e+00
  1021.1080      2.704      2.727    29.5678    18.0877          0          0  0.000e+00
  1021.1224      2.814      2.837    29.5804    18.0700          0          0  0.000e+00
  1021.1286      2.927      2.951    29.5844    18.0586          0          0  0.000e+00
  1021.1152      3.042      3.067    29.5637    18.0505          0          0  0.000e+00
  1021.1011      3.165      3.191    29.5386    18.0316          0          0  0.000e+00
  1021.1086      3.297      3.324    29.5370    17.9978          0          0  0.000e+00
  1021.1164      3.426      3.454    29.5351    17.9612          0          0  0.000e+00
  1021.1243      3.556      3.585    29.5328    17.9226          0          0  0.000e+00
  1021.1460      3.683      3.713    29.5487    17.8849          0          0  0.000e+00
  1021.1175      3.810      3.841    29.5006    17.8523          0          0  0.000e+00
  1021.1184      3.937      3.969    29.4847    17.7994          0          0  0.000e+00
  1021.1165      4.067      4.101    29.4613    17.7337          0          0  0.000e+00
  1021.1330      4.197      4.231    29.4580    17.6553          0          0  0.000e+00
  1021.1448      4.321      4.356    29.4466    17.5703          0          0  0.000e+00
  1021.1508      4.446      4.482    29.4259    17.4787          0          0  0.000e+00
  1021.1819      4.570      4.607    29.4336    17.3725          0          0  0.000e+00
  1021.2504      4.690      4.728    29.4901    17.2654          0          0  0.000e+00
  1021.2980      4.805      4.845    29.5267    17.1827          0          0  0.000e+00
  1021.3258      4.914      4.955    29.5439    17.1212          0          0  0.000e+00
  1021.3523      5.028      5.069    29.5626    17.0706          0          0  0.000e+00
  1021.3731      5.139      5.181    29.5772    17.0304          0          0  0.000e+00
  1021.3910      5.249      5.292    29.5904    16.9988          0          0  0.000e+00
  1021.4076      5.360      5.403    29.6043    16.9746          0          0  0.000e+00
  1021.4116      5.471      5.516    29.6041    16.9586          0          0  0.000e+00
  1021.4082      5.582      5.628    29.5947    16.9441          0          0  0.000e+00
  1021.3952      5.696      5.742    29.5710    16.9240          0          0  0.000e+00
  1021.3514      5.807      5.854    29.5026    16.8887          0          0  0.000e+00
  1021.3612      5.919      5.968    29.4929    16.8151          0          0  0.000e+00
  1021.4035      6.035      6.084    29.5210    16.7252          0          0  0.000e+00
  1021.4106      6.152      6.203    29.5061    16.6458          0          0  0.000e+00
  1021.3817      6.274      6.326    29.4413    16.5559          0          0  0.000e+00
  1021.4438      6.395      6.448    29.4825    16.4222          0          0  0.000e+00
  1021.5178      6.515      6.568    29.5405    16.2916          0          0  0.000e+00
  1021.5666      6.641      6.696    29.5740    16.1899          0          0  0.000e+00
  1021.5983      6.760      6.815    29.5911    16.1080          0          0  0.000e+00
  1021.6291      6.886      6.942    29.6098    16.0360          0          0  0.000e+00
  1021.6566      7.006      7.063    29.6271    15.9735          0          0  0.000e+00
  1021.6799      7.131      7.189    29.6414    15.9200          0          0  0.000e+00
  1021.6947      7.252      7.311    29.6472    15.8751          0          0  0.000e+00
  1021.6848      7.375      7.435    29.6216    15.8326          0          0  0.000e+00
  1021.6661      7.496      7.558    29.5796    15.7729          0          0  0.000e+00
  1021.6964      7.617      7.680    29.5934    15.6846          0          0  0.000e+00
  1021.7389      7.737      7.801    29.6230    15.5958          0          0  0.000e+00
  1021.7882      7.857      7.921    29.6663    15.5237          0          0  0.000e+00
  1021.8190      7.976      8.041    29.6923    15.4757          0          0  0.000e+00
  1021.8341      8.092      8.159    29.7028    15.4455          0          0  0.000e+00
  1021.8323      8.208      8.275    29.6934    15.4227          0          0  0.000e+00
  1021.8335      8.322      8.390    29.6856    15.3916          0          0  0.000e+00
  1021.8380      8.439      8.508    29.6793    15.3502          0          0  0.000e+00
  1021.8381      8.550      8.620    29.6656    15.3030          0          0  0.000e+00
  1021.8622      8.665      8.736    29.6814    15.2494          0          0  0.000e+00
  1021.8798      8.777      8.849    29.6910    15.2032          0          0  0.000e+00
  1021.8992      8.890      8.963    29.7051    15.1653          0          0  0.000e+00
  1021.9060      9.008      9.082    29.7052    15.1361          0          0  0.000e+00
  1021.9225      9.126      9.201    29.7191    15.1111          0          0  0.000e+00
  1021.9355      9.246      9.322    29.7307    15.0942          0          0  0.000e+00
  1021.9433      9.364      9.441    29.7374    15.0843          0          0  0.000e+00
  1021.9434      9.486      9.564    29.7354    15.0788          0          0  0.000e+00
  1021.9450      9.607      9.686    29.7353    15.0739          0          0  0.000e+00
  1021.9413      9.732      9.812    29.7285    15.0688          0          0  0.000e+00
  1021.8788      9.858      9.939    29.6438    15.0592          0          0  0.000e+00
  1021.7896      9.983     10.065    29.5129    15.0074          0          0  0.000e+00
  1021.8086     10.108     10.191    29.5000    14.8720          0          0  0.000e+00
  1021.8660     10.234     10.318    29.5273    14.6997          0          0  0.000e+00
  1021.9698     10.358     10.443    29.6153    14.5276          0          0  0.000e+00
  1022.0210     10.480     10.566    29.6452    14.3928          0          0  0.000e+00
  1021.9941     10.602     10.689    29.5778    14.2723          0          0  0.000e+00
  1021.9738     10.721     10.809    29.5048    14.0975          0          0  0.000e+00
  1022.0880     10.835     10.924    29.5892    13.8545          0          0  0.000e+00
  1022.2363     10.950     11.040    29.7257    13.6405          0          0  0.000e+00
  1022.3264     11.061     11.152    29.8059    13.4990          0          0  0.000e+00
