data/eDNA/PER-2021-171/171d010.cnv
* Sea-Bird SBE19plus  Data File:
* FileName = C:\Users\RSG_field\Ryan_2021_Perley\CTD\171d010.hex
* Software version 2.3.0 SB_Terminal.dll
* Temperature SN = 7141
* Conductivity SN = 7141
* System UpLoad Time = Aug 11 2021 15:05:34
* <ApplicationData>
* <SeatermAF>
** Platform: M. Perley
** Cruise: Per2021171
** Station:  ESI_14
** Cast: 01 4
** Latitude: N  44 36.496
** Longitude: W 62 55.871
** Sounding: 25.7
** Chief Scientist: Ryan Stanley
** Comment: 171d010
** this cast was added after the eDNA sample from 171c010 was lost when steaming to ESI_13
# nquan = 8
# nvalues = 2640                                  
# units = specified
# name 0 = density00: Density [density, kg/m^3]
# name 1 = depSM: Depth [salt water, m], lat = 45.00
# name 2 = prdM: Pressure, Strain Gauge [db]
# name 3 = sal00: Salinity, Practical [PSU]
# name 4 = tv290C: Temperature [ITS-90, deg C]
# name 5 = bpos: Bottle Position in Carousel
# name 6 = nbf: Bottles Fired
# name 7 = flag:  0.000e+00
# span 0 =   998.4842,  1024.8211                 
# span 1 =     -0.050,     29.443                 
# span 2 =     -0.050,     29.686                 
# span 3 =     0.0000,    31.6042                 
# span 4 =     6.1304,    18.6537                 
# span 5 =          0,          4                 
# span 6 =          0,          4                 
# span 7 = 0.0000e+00, 0.0000e+00                 
# interval = seconds: 0.25
# start_time = Aug 11 2021 17:50:17 [Instrument's time stamp, header]
# bad_flag = -9.990e-29
*END*
[from data line 1798]
  1024.4046     28.815     29.053    30.9091     6.4265          0          0  0.000e+00
  1024.4074     28.797     29.035    30.9128     6.4275          0          0  0.000e+00
  1024.4120     28.775     29.013    30.9193     6.4299          0          0  0.000e+00
  1024.4107     28.750     28.987    30.9187     6.4357          0          0  0.000e+00
  1024.3999     28.726     28.963    30.9058     6.4409          0          0  0.000e+00
  1024.4013     28.700     28.937    30.9078     6.4409          0          0  0.000e+00
  1024.4016     28.679     28.915    30.9083     6.4410          0          0  0.000e+00
  1024.3992     28.659     28.896    30.9053     6.4410          0          0  0.000e+00
  1024.3929     28.640     28.877    30.8972     6.4395          0          0  0.000e+00
  1024.3897     28.627     28.863    30.8925     6.4345          0          0  0.000e+00
  1024.3926     28.620     28.857    30.8949     6.4258          0          0  0.000e+00
  1024.3998     28.616     28.852    30.9029     6.4184          0          0  0.000e+00
  1024.3996     28.620     28.857    30.9019     6.4142          0          0  0.000e+00
  1024.3989     28.631     28.867    30.9005     6.4108          0          0  0.000e+00
  1024.3998     28.645     28.881    30.9008     6.4064          0          0  0.000e+00
  1024.4006     28.667     28.904    30.9010     6.4014          0          0  0.000e+00
  1024.3964     28.693     28.930    30.8948     6.3968          0          0  0.000e+00
  1024.3888     28.727     28.964    30.8838     6.3896          0          0  0.000e+00
  1024.3927     28.765     29.003    30.8861     6.3748          0          0  0.000e+00
  1024.4057     28.803     29.040    30.9003     6.3611          0          0  0.000e+00
  1024.4167     28.833     29.071    30.9129     6.3539          0          0  0.000e+00
  1024.4194     28.860     29.098    30.9162     6.3538          0          0  0.000e+00
  1024.4203     28.879     29.117    30.9175     6.3561          0          0  0.000e+00
  1024.4147     28.880     29.118    30.9109     6.3590          0          0  0.000e+00
  1024.4172     28.868     29.107    30.9143     6.3597          0          0  0.000e+00
  1024.4177     28.844     29.082    30.9153     6.3615          0          0  0.000e+00
  1024.4203     28.804     29.041    30.9193     6.3641          0          0  0.000e+00
  1024.4203     28.759     28.997    30.9202     6.3683          0          0  0.000e+00
  1024.4190     28.708     28.945    30.9197     6.3736          0          0  0.000e+00
  1024.4185     28.659     28.896    30.9201     6.3788          0          0  0.000e+00
  1024.4140     28.618     28.854    30.9155     6.3844          0          0  0.000e+00
  1024.4089     28.584     28.820    30.9098     6.3878          0          0  0.000e+00
  1024.4069     28.561     28.797    30.9075     6.3886          0          0  0.000e+00
  1024.4071     28.544     28.780    30.9077     6.3877          0          0  0.000e+00
  1024.4070     28.542     28.777    30.9074     6.3868          0          0  0.000e+00
  1024.4052     28.551     28.787    30.9050     6.3858          0          0  0.000e+00
  1024.4028     28.572     28.807    30.9015     6.3837          0          0  0.000e+00
  1024.4123     28.597     28.833    30.9130     6.3811          0          0  0.000e+00
  1024.4164     28.626     28.862    30.9181     6.3818          0          0  0.000e+00
  1024.4085     28.655     28.892    30.9086     6.3859          0          0  0.000e+00
  1024.4066     28.681     28.917    30.9060     6.3863          0          0  0.000e+00
  1024.4056     28.713     28.950    30.9044     6.3854          0          0  0.000e+00
  1024.3965     28.749     28.986    30.8925     6.3836          0          0  0.000e+00
  1024.3868     28.788     29.025    30.8788     6.3765          0          0  0.000e+00
  1024.3878     28.830     29.068    30.8777     6.3629          0          0  0.000e+00
  1024.3963     28.869     29.108    30.8857     6.3463          0          0  0.000e+00
  1024.4082     28.912     29.150    30.8984     6.3331          0          0  0.000e+00
  1024.4119     28.945     29.184    30.9019     6.3258          0          0  0.000e+00
  1024.4074     28.972     29.211    30.8952     6.3210          0          0  0.000e+00
  1024.4066     28.992     29.232    30.8929     6.3134          0          0  0.000e+00
  1024.4215     28.998     29.237    30.9106     6.3058          0          0  0.000e+00
  1024.4249     28.986     29.225    30.9148     6.3048          0          0  0.000e+00
  1024.4325     28.960     29.199    30.9249     6.3073          0          0  0.000e+00
  1024.4413     28.914     29.153    30.9376     6.3146          0          0  0.000e+00
  1024.4409     28.854     29.092    30.9394     6.3276          0          0  0.000e+00
  1024.4388     28.777     29.015    30.9396     6.3432          0          0  0.000e+00
  1024.4274     28.691     28.928    30.9281     6.3591          0          0  0.000e+00
  1024.4146     28.601     28.837    30.9141     6.3697          0          0  0.000e+00
  1024.4113     28.512     28.748    30.9111     6.3738          0          0  0.000e+00
  1024.4113     28.434     28.668    30.9119     6.3756          0          0  0.000e+00
  1024.4111     28.367     28.601    30.9123     6.3775          0          0  0.000e+00
  1024.4072     28.327     28.560    30.9079     6.3796          0          0  0.000e+00
  1024.4054     28.316     28.550    30.9058     6.3798          0          0  0.000e+00
  1024.4033     28.339     28.573    30.9027     6.3786          0          0  0.000e+00
  1024.3965     28.389     28.624    30.8933     6.3758          0          0  0.000e+00
  1024.3956     28.462     28.697    30.8907     6.3687          0          0  0.000e+00
  1024.3969     28.544     28.780    30.8903     6.3587          0          0  0.000e+00
  1024.4174     28.635     28.872    30.9144     6.3501          0          0  0.000e+00
  1024.3925     28.723     28.960    30.8824     6.3504          0          0  0.000e+00
  1024.4078     28.803     29.040    30.8995     6.3392          0          0  0.000e+00
  1024.4207     28.863     29.101    30.9145     6.3327          0          0  0.000e+00
  1024.4144     28.911     29.149    30.9065     6.3341          0          0  0.000e+00
  1024.4101     28.940     29.179    30.9008     6.3333          0          0  0.000e+00
  1024.4100     28.956     29.195    30.8999     6.3295          0          0  0.000e+00
  1024.4122     28.961     29.200    30.9020     6.3248          0          0  0.000e+00
  1024.4253     28.951     29.190    30.9180     6.3209          0          0  0.000e+00
  1024.4268     28.942     29.180    30.9204     6.3238          0          0  0.000e+00
  1024.4214     28.929     29.168    30.9145     6.3294          0          0  0.000e+00
  1024.4117     28.919     29.158    30.9027     6.3322          0          0  0.000e+00
  1024.4129     28.908     29.146    30.9039     6.3295          0          0  0.000e+00
  1024.4157     28.892     29.130    30.9070     6.3259          0          0  0.000e+00
  1024.4210     28.867     29.106    30.9136     6.3244          0          0  0.000e+00
  1024.4269     28.837     29.075    30.9217     6.3271          1          1  0.000e+00
  1024.4258     28.796     29.034    30.9214     6.3333          1          1  0.000e+00
  1024.4172     28.741     28.978    30.9120     6.3400          1          1  0.000e+00
  1024.4125     28.681     28.918    30.9068     6.3424          1          1  0.000e+00
  1024.4136     28.617     28.853    30.9084     6.3422          1          1  0.000e+00
  1024.4135     28.555     28.790    30.9086     6.3420          1          1  0.000e+00
  1024.4193     28.497     28.733    30.9165     6.3424          1          1  0.000e+00
  1024.4108     28.453     28.688    30.9065     6.3455          1          1  0.000e+00
  1024.4067     28.422     28.657    30.9015     6.3459          1          1  0.000e+00
  1024.4032     28.408     28.643    30.8966     6.3425          1          1  0.000e+00
  1024.4023     28.412     28.646    30.8944     6.3365          1          1  0.000e+00
  1024.3995     28.436     28.671    30.8897     6.3296          1          1  0.000e+00
  1024.3792     28.477     28.712    30.8621     6.3193          1          1  0.000e+00
  1024.3772     28.539     28.774    30.8556     6.2956          1          1  0.000e+00
  1024.4033     28.614     28.850    30.8840     6.2683          1          1  0.000e+00
  1024.4082     28.697     28.934    30.8869     6.2498          1          1  0.000e+00
  1024.4099     28.777     29.015    30.8863     6.2356          1          1  0.000e+00
  1024.3976     28.845     29.083    30.8681     6.2217          1          1  0.000e+00
  1024.4131     28.899     29.138    30.8843     6.2004          1          1  0.000e+00
  1024.4285     28.930     29.169    30.9011     6.1838          1          1  0.000e+00
  1024.4359     28.940     29.179    30.9091     6.1752          1          1  0.000e+00
  1024.4421     28.937     29.176    30.9164     6.1718          1          1  0.000e+00
  1024.4524     28.921     29.160    30.9296     6.1722          1          1  0.000e+00
  1024.4554     28.901     29.140    30.9348     6.1796          1          1  0.000e+00
  1024.4488     28.880     29.118    30.9282     6.1905          1          1  0.000e+00
  1024.4453     28.859     29.097    30.9252     6.1992          1          1  0.000e+00
  1024.4442     28.840     29.078    30.9249     6.2061          1          1  0.000e+00
  1024.4422     28.816     29.054    30.9237     6.2129          1          1  0.000e+00
  1024.4364     28.793     29.031    30.9173     6.2190          1          1  0.000e+00
  1024.4307     28.768     29.005    30.9107     6.2222          1          1  0.000e+00
  1024.4298     28.738     28.975    30.9098     6.2224          1          1  0.000e+00
  1024.4316     28.704     28.941    30.9122     6.2215          1          1  0.000e+00
  1024.4309     28.672     28.909    30.9115     6.2217          1          1  0.000e+00
  1024.4345     28.643     28.879    30.9162     6.2221          1          1  0.000e+00
  1024.4368     28.614     28.850    30.9196     6.2242          1          1  0.000e+00
  1024.4358     28.595     28.831    30.9192     6.2283          1          1  0.000e+00
  1024.4237     28.583     28.819    30.9046     6.2332          1          1  0.000e+00
  1024.4144     28.577     28.813    30.8926     6.2313          1          1  0.000e+00
  1024.4117     28.580     28.816    30.8878     6.2221          1          1  0.000e+00
  1024.4232     28.591     28.827    30.9005     6.2103          1          1  0.000e+00
  1024.4231     28.612     28.848    30.8991     6.2033          1          1  0.000e+00
  1024.4180     28.642     28.878    30.8915     6.1965          1          1  0.000e+00
  1024.4213     28.681     28.918    30.8938     6.1862          1          1  0.000e+00
  1024.4181     28.725     28.962    30.8878     6.1754          1          1  0.000e+00
  1024.4310     28.772     29.009    30.9020     6.1624          1          1  0.000e+00
  1024.4382     28.821     29.059    30.9096     6.1550          1          1  0.000e+00
  1024.4424     28.859     29.097    30.9143     6.1518          1          1  0.000e+00
  1024.4414     28.889     29.127    30.9127     6.1513          1          1  0.000e+00
  1024.4411     28.904     29.143    30.9122     6.1509          1          1  0.000e+00
  1024.4437     28.906     29.144    30.9154     6.1503          1          1  0.000e+00
  1024.4463     28.896     29.135    30.9189     6.1513          1          1  0.000e+00
  1024.4409     28.873     29.111    30.9125     6.1532          1          1  0.000e+00
  1024.4497     28.843     29.081    30.9238     6.1533          1          1  0.000e+00
  1024.4548     28.803     29.040    30.9312     6.1583          1          1  0.000e+00
  1024.4513     28.757     28.995    30.9285     6.1676          1          1  0.000e+00
  1024.4440     28.707     28.944    30.9209     6.1760          1          1  0.000e+00
  1024.4414     28.659     28.895    30.9186     6.1813          1          1  0.000e+00
  1024.4393     28.602     28.838    30.9169     6.1852          1          1  0.000e+00
  1024.4388     28.550     28.786    30.9170     6.1880          1          1  0.000e+00
  1024.4386     28.505     28.740    30.9175     6.1908          1          1  0.000e+00
  1024.4400     28.474     28.709    30.9200     6.1940          1          1  0.000e+00
  1024.4402     28.454     28.689    30.9209     6.1981          1          1  0.000e+00
  1024.4421     28.459     28.694    30.9241     6.2034          1          1  0.000e+00
  1024.4461     28.485     28.720    30.9303     6.2111          1          1  0.000e+00
  1024.4405     28.531     28.767    30.9241     6.2194          1          1  0.000e+00
  1024.4231     28.592     28.828    30.9027     6.2257          1          1  0.000e+00
  1024.4202     28.664     28.900    30.8984     6.2243          1          1  0.000e+00
  1024.4350     28.740     28.977    30.9157     6.2179          1          1  0.000e+00
  1024.4010     28.815     29.053    30.8722     6.2181          1          1  0.000e+00
  1024.3926     28.886     29.125    30.8585     6.2012          1          1  0.000e+00
  1024.4091     28.949     29.188    30.8749     6.1737          1          1  0.000e+00
  1024.4251     29.001     29.240    30.8916     6.1523          1          1  0.000e+00
  1024.4352     29.033     29.272    30.9022     6.1389          1          1  0.000e+00
  1024.4475     29.042     29.282    30.9165     6.1316          1          1  0.000e+00
  1024.4468     29.030     29.269    30.9156     6.1304          1          1  0.000e+00
  1024.4559     28.991     29.231    30.9274     6.1312          1          1  0.000e+00
  1024.4651     28.934     29.173    30.9404     6.1370          1          1  0.000e+00
  1024.4683     28.867     29.106    30.9468     6.1501          1          1  0.000e+00
  1024.4478     28.790     29.028    30.9237     6.1665          1          1  0.000e+00
  1024.4464     28.715     28.952    30.9236     6.1744          1          1  0.000e+00
  1024.4500     28.643     28.879    30.9295     6.1800          1          1  0.000e+00
  1024.4474     28.579     28.815    30.9279     6.1886          1          1  0.000e+00
  1024.4478     28.528     28.764    30.9300     6.1974          1          1  0.000e+00
  1024.4507     28.494     28.729    30.9354     6.2069          1          1  0.000e+00
  1024.4378     28.472     28.707    30.9211     6.2193          1          1  0.000e+00
  1024.4294     28.467     28.702    30.9115     6.2263          1          1  0.000e+00
  1024.4441     28.482     28.717    30.9303     6.2278          1          1  0.000e+00
  1024.4545     28.512     28.748    30.9445     6.2356          1          1  0.000e+00
  1024.4625     28.556     28.791    30.9569     6.2524          1          1  0.000e+00
  1024.4131     28.611     28.847    30.8972     6.2730          1          1  0.000e+00
  1024.3705     28.664     28.900    30.8417     6.2660          1          1  0.000e+00
  1024.3731     28.717     28.954    30.8396     6.2327          1          1  0.000e+00
  1024.3945     28.761     28.999    30.8607     6.1951          1          1  0.000e+00
  1024.4112     28.804     29.042    30.8772     6.1661          1          1  0.000e+00
  1024.4286     28.839     29.077    30.8959     6.1454          1          1  0.000e+00
  1024.4426     28.871     29.109    30.9117     6.1340          1          1  0.000e+00
  1024.4546     28.896     29.135    30.9263     6.1308          1          1  0.000e+00
