INSTRUMENT_TYPE=SBE43
SERIALNO=3758
OCALDATE=17-Mar-21
SOC= 3.963946e-001
VOFFSET=-5.068042e-001
A=-3.626683e-003
B= 1.753424e-004
C=-2.785776e-006
E= 3.600000e-002
Tau20= 1.560000e+000
