data/eDNA/PER-2022-473/473A002.cnv
* Sea-Bird SBE19plus  Data File:
* FileName = C:\Users\RSG_field\Ryan_Perley2022473\CTD\473A002.hex
* Software version 2.3.0 SB_Terminal.dll
* Temperature SN = 7141
* Conductivity SN = 7141
* System UpLoad Time = Aug 07 2022 13:11:55
* <ApplicationData>
* <SeatermAF>
** Platform: M. Perley
** Cruise: Per2021171
** Station:  ESI-00
** Cast: 01
** Latitude: N  44 51.3183
** Longitude: W 62 30.1652
** Sounding: 16.1
** Chief Scientist: Ryan Stanley
** Comment: Sheet Harbour approach extra station
** Ph bottle left on
# nquan = 8
# nvalues = 1934                                  
# units = specified
# name 0 = density00: Density [density, kg/m^3]
# name 1 = depSM: Depth [salt water, m], lat = 45.00
# name 2 = prdM: Pressure, Strain Gauge [db]
# name 3 = sal00: Salinity, Practical [PSU]
# name 4 = tv290C: Temperature [ITS-90, deg C]
# name 5 = bpos: Bottle Position in Carousel
# name 6 = nbf: Bottles Fired
# name 7 = flag:  0.000e+00
# span 0 =   998.6079,  1024.5391                 
# span 1 =     -0.068,     15.082                 
# span 2 =     -0.069,     15.206                 
# span 3 =     0.0126,    31.8167                 
# span 4 =     6.7625,    17.9916                 
# span 5 =          0,          6                 
# span 6 =          0,          2                 
# span 7 = 0.0000e+00, 0.0000e+00                 
# interval = seconds: 0.25
# start_time = Aug 07 2022 13:00:25 [Instrument's time stamp, header]
# bad_flag = -9.990e-29
*END*
[from data line 180]
  1022.9973      0.973      0.981    30.6897    13.3257          0          0  0.000e+00
  1023.0051      0.975      0.983    30.6999    13.3260          0          0  0.000e+00
  1023.0265      1.000      1.008    30.7280    13.3284          0          0  0.000e+00
  1023.1287      1.032      1.041    30.8607    13.3308          0          0  0.000e+00
  1023.2712      1.054      1.063    31.0469    13.3386          0          0  0.000e+00
  1023.2909      1.069      1.078    31.0741    13.3459          0          0  0.000e+00
  1023.1656      1.073      1.082    30.9116    13.3445          0          0  0.000e+00
  1023.0822      1.074      1.083    30.8029    13.3411          0          0  0.000e+00
  1023.0529      1.070      1.079    30.7630    13.3335          0          0  0.000e+00
  1023.0558      1.062      1.070    30.7639    13.3222          0          0  0.000e+00
  1023.0601      1.043      1.051    30.7667    13.3107          0          0  0.000e+00
  1023.0514      1.026      1.034    30.7516    13.2948          0          0  0.000e+00
  1023.0427      1.015      1.023    30.7358    13.2766          0          0  0.000e+00
  1023.0512      1.007      1.015    30.7428    13.2608          0          0  0.000e+00
  1023.0625      1.007      1.015    30.7552    13.2518          0          0  0.000e+00
  1023.0619      1.011      1.019    30.7537    13.2492          0          0  0.000e+00
  1023.0583      1.024      1.032    30.7498    13.2524          0          0  0.000e+00
  1023.0690      1.035      1.044    30.7644    13.2557          0          0  0.000e+00
  1023.0895      1.043      1.051    30.7913    13.2573          0          0  0.000e+00
  1023.1132      1.044      1.052    30.8224    13.2591          0          0  0.000e+00
  1023.1278      1.038      1.047    30.8415    13.2597          0          0  0.000e+00
  1023.1124      1.031      1.039    30.8204    13.2553          0          0  0.000e+00
  1023.1026      1.013      1.021    30.8051    13.2440          0          0  0.000e+00
  1023.0930      0.997      1.005    30.7896    13.2318          0          0  0.000e+00
  1023.0816      0.978      0.986    30.7716    13.2185          0          0  0.000e+00
  1023.0711      0.974      0.982    30.7522    13.1951          0          0  0.000e+00
  1023.0558      0.984      0.992    30.7261    13.1706          0          0  0.000e+00
  1023.0485      1.014      1.022    30.7120    13.1526          0          0  0.000e+00
  1023.0857      1.048      1.057    30.7568    13.1398          0          0  0.000e+00
  1023.3265      1.071      1.080    31.0664    13.1330          0          0  0.000e+00
  1023.4676      1.083      1.092    31.2493    13.1354          0          0  0.000e+00
  1023.5191      1.078      1.086    31.3166    13.1379          0          0  0.000e+00
  1023.3785      1.069      1.078    31.1482    13.1907          0          0  0.000e+00
  1023.2076      1.063      1.072    30.9373    13.2308          0          0  0.000e+00
  1023.1159      1.052      1.061    30.8224    13.2457          0          0  0.000e+00
  1023.1410      1.032      1.041    30.8429    13.1980          0          0  0.000e+00
  1023.2004      1.016      1.025    30.8962    13.1037          0          0  0.000e+00
  1023.2326      1.005      1.013    30.9090    12.9880          0          0  0.000e+00
  1023.2328      1.009      1.017    30.8821    12.8792          0          0  0.000e+00
  1023.2752      1.024      1.032    30.9165    12.7970          0          0  0.000e+00
  1023.4314      1.036      1.045    31.1052    12.7441          0          0  0.000e+00
  1023.6284      1.044      1.052    31.3546    12.7236          0          0  0.000e+00
  1023.6932      1.047      1.055    31.4357    12.7132          0          0  0.000e+00
  1023.6511      1.050      1.059    31.3755    12.6897          0          0  0.000e+00
  1023.5867      1.052      1.061    31.2866    12.6665          0          0  0.000e+00
  1023.6114      1.045      1.053    31.3150    12.6519          0          0  0.000e+00
  1023.6333      1.036      1.045    31.3416    12.6447          0          0  0.000e+00
  1023.6199      1.014      1.022    31.3239    12.6428          0          0  0.000e+00
  1023.6231      1.001      1.010    31.3275    12.6404          0          0  0.000e+00
  1023.6575      0.991      0.999    31.3694    12.6296          0          0  0.000e+00
  1023.7202      0.985      0.994    31.4472    12.6165          0          0  0.000e+00
  1023.7451      0.980      0.988    31.4780    12.6113          0          0  0.000e+00
  1023.7028      0.981      0.989    31.4240    12.6139          0          0  0.000e+00
  1023.6404      0.990      0.998    31.3431    12.6123          0          0  0.000e+00
  1023.5670      1.002      1.011    31.2442    12.5962          0          0  0.000e+00
  1023.5581      1.025      1.033    31.2270    12.5736          0          0  0.000e+00
  1023.7219      1.038      1.047    31.4340    12.5556          0          0  0.000e+00
  1023.8515      1.046      1.054    31.6012    12.5551          0          0  0.000e+00
  1023.8560      1.053      1.062    31.6092    12.5641          0          0  0.000e+00
  1023.7063      1.061      1.069    31.4153    12.5620          0          0  0.000e+00
  1023.6693      1.068      1.077    31.3645    12.5497          0          0  0.000e+00
  1023.7973      1.071      1.080    31.5256    12.5325          0          0  0.000e+00
  1023.9379      1.061      1.069    31.7067    12.5307          0          0  0.000e+00
  1023.9358      1.043      1.051    31.7085    12.5484          0          0  0.000e+00
  1023.7674      1.029      1.037    31.4938    12.5593          0          0  0.000e+00
  1023.6084      1.028      1.036    31.2884    12.5587          0          0  0.000e+00
  1023.5669      1.027      1.035    31.2194    12.4958          0          0  0.000e+00
  1023.6995      1.026      1.034    31.3614    12.3757          0          0  0.000e+00
  1023.8925      1.020      1.029    31.5989    12.3281          0          0  0.000e+00
  1023.9777      1.003      1.012    31.7139    12.3481          0          0  0.000e+00
  1023.9518      0.991      0.999    31.6797    12.3451          0          0  0.000e+00
  1023.8346      0.989      0.997    31.5242    12.3274          0          0  0.000e+00
  1023.7746      0.993      1.001    31.4476    12.3305          0          0  0.000e+00
  1023.7324      0.999      1.007    31.3991    12.3553          0          0  0.000e+00
  1023.7039      1.006      1.014    31.3675    12.3772          0          0  0.000e+00
  1023.6590      1.013      1.021    31.3116    12.3858          0          0  0.000e+00
  1023.6159      1.024      1.032    31.2543    12.3790          0          0  0.000e+00
  1023.6245      1.030      1.038    31.2635    12.3712          0          0  0.000e+00
  1023.7286      1.041      1.049    31.3967    12.3667          0          0  0.000e+00
  1023.8365      1.049      1.058    31.5367    12.3699          0          0  0.000e+00
  1023.8808      1.046      1.054    31.5962    12.3795          0          0  0.000e+00
  1023.9244      1.040      1.048    31.6537    12.3846          0          0  0.000e+00
  1023.9637      1.033      1.042    31.7045    12.3846          0          0  0.000e+00
  1024.0001      1.026      1.034    31.7511    12.3832          0          0  0.000e+00
  1024.0065      1.026      1.034    31.7602    12.3866          0          0  0.000e+00
  1023.8986      1.034      1.043    31.6229    12.3948          0          0  0.000e+00
  1023.7257      1.052      1.061    31.4022    12.4052          0          0  0.000e+00
  1023.6671      1.067      1.076    31.3266    12.4057          0          0  0.000e+00
  1023.8009      1.072      1.081    31.5020    12.4169          0          0  0.000e+00
  1023.9588      1.070      1.079    31.7158    12.4582          0          0  0.000e+00
  1024.0320      1.051      1.060    31.8167    12.4839          0          0  0.000e+00
  1023.9867      1.024      1.032    31.7846    12.5905          0          0  0.000e+00
  1023.7964      0.999      1.007    31.5855    12.7787          0          0  0.000e+00
  1023.5347      0.988      0.996    31.2933    12.9628          0          0  0.000e+00
  1023.3516      0.982      0.990    31.0844    13.0738          0          0  0.000e+00
  1023.2780      0.984      0.992    31.0000    13.1168          0          0  0.000e+00
  1023.2283      0.988      0.996    30.9355    13.1158          0          0  0.000e+00
  1023.2024      0.993      1.001    30.8918    13.0754          0          0  0.000e+00
  1023.1816      1.008      1.016    30.8506    13.0182          0          0  0.000e+00
  1023.1915      1.030      1.038    30.8398    12.9245          0          0  0.000e+00
  1023.2183      1.047      1.056    30.8529    12.8375          0          0  0.000e+00
  1023.2721      1.060      1.068    30.9068    12.7747          0          0  0.000e+00
  1023.3891      1.069      1.078    31.0489    12.7381          0          0  0.000e+00
  1023.5282      1.072      1.081    31.2264    12.7291          0          0  0.000e+00
  1023.6213      1.071      1.080    31.3468    12.7297          0          0  0.000e+00
  1023.6693      1.066      1.075    31.4049    12.7140          0          0  0.000e+00
  1023.7157      1.054      1.063    31.4590    12.6899          0          0  0.000e+00
  1023.7832      1.038      1.047    31.5414    12.6702          0          0  0.000e+00
  1023.8303      1.028      1.036    31.6069    12.6890          0          0  0.000e+00
  1023.7760      1.014      1.022    31.5565    12.7686          0          0  0.000e+00
  1023.6642      1.006      1.014    31.4301    12.8408          0          0  0.000e+00
  1023.5890      1.006      1.014    31.3408    12.8725          0          0  0.000e+00
  1023.5759      1.002      1.011    31.3250    12.8768          0          0  0.000e+00
  1023.6125      0.996      1.004    31.3714    12.8728          0          0  0.000e+00
  1023.6448      0.987      0.995    31.4155    12.8822          0          0  0.000e+00
  1023.6071      0.981      0.989    31.3746    12.9140          0          0  0.000e+00
  1023.4978      0.982      0.990    31.2399    12.9398          0          0  0.000e+00
  1023.3651      0.994      1.002    31.0654    12.9280          0          0  0.000e+00
  1023.2776      1.025      1.033    30.9408    12.8827          0          0  0.000e+00
  1023.2349      1.053      1.062    30.8710    12.8242          0          0  0.000e+00
  1023.2376      1.072      1.081    30.8639    12.7820          0          0  0.000e+00
  1023.2663      1.090      1.099    30.9008    12.7817          0          0  0.000e+00
  1023.3667      1.102      1.111    31.0348    12.7991          0          0  0.000e+00
  1023.4966      1.112      1.121    31.2059    12.8123          0          0  0.000e+00
  1023.5862      1.112      1.121    31.3193    12.8030          0          0  0.000e+00
  1023.6875      1.100      1.109    31.4447    12.7805          0          0  0.000e+00
  1023.7877      1.073      1.082    31.5770    12.7918          0          0  0.000e+00
  1023.7566      1.042      1.050    31.5603    12.8851          0          0  0.000e+00
  1023.5711      1.009      1.017    31.3690    13.0774          0          0  0.000e+00
  1022.8559      0.981      0.989    30.4926    13.2699          0          0  0.000e+00
  1022.5974      0.972      0.980    30.1655    13.2993          0          0  0.000e+00
  1022.7040      0.972      0.980    30.2603    13.1273          0          0  0.000e+00
  1022.8260      0.977      0.985    30.3809    12.9782          0          0  0.000e+00
  1022.9081      0.992      1.000    30.4670    12.8976          0          0  0.000e+00
  1022.9549      0.994      1.002    30.5215    12.8729          0          0  0.000e+00
  1022.9589      0.997      1.005    30.5257    12.8691          0          0  0.000e+00
  1022.9756      1.013      1.021    30.5498    12.8798          0          0  0.000e+00
  1023.0178      1.023      1.031    30.6079    12.8946          0          0  0.000e+00
  1022.9762      1.030      1.038    30.5697    12.9577          0          0  0.000e+00
  1022.9362      1.037      1.046    30.5332    13.0189          0          0  0.000e+00
  1022.9100      1.031      1.039    30.5096    13.0600          0          0  0.000e+00
  1022.8859      1.031      1.039    30.4851    13.0870          0          0  0.000e+00
  1022.8877      1.046      1.054    30.4903    13.0988          0          0  0.000e+00
  1022.8852      1.056      1.065    30.4919    13.1183          0          0  0.000e+00
  1022.8639      1.064      1.073    30.4701    13.1412          0          0  0.000e+00
  1022.8586      1.074      1.083    30.4656    13.1510          0          0  0.000e+00
  1022.8457      1.078      1.086    30.4506    13.1579          0          0  0.000e+00
  1022.8496      1.082      1.091    30.4547    13.1540          0          0  0.000e+00
  1022.8537      1.084      1.093    30.4583    13.1475          0          0  0.000e+00
  1022.8524      1.077      1.085    30.4561    13.1451          0          0  0.000e+00
  1022.8212      1.053      1.062    30.4147    13.1403          0          0  0.000e+00
  1022.8050      1.027      1.035    30.3870    13.1128          0          0  0.000e+00
  1022.8412      1.002      1.011    30.4217    13.0639          0          0  0.000e+00
  1022.8666      0.984      0.992    30.4460    13.0289          0          0  0.000e+00
  1022.8798      0.988      0.996    30.4578    13.0081          0          0  0.000e+00
  1022.8825      1.002      1.011    30.4579    12.9947          0          0  0.000e+00
  1022.8989      1.017      1.026    30.4757    12.9807          0          0  0.000e+00
  1022.9387      1.026      1.034    30.5261    12.9768          0          0  0.000e+00
  1022.9236      1.029      1.037    30.5117    12.9978          0          0  0.000e+00
  1022.8818      1.028      1.036    30.4630    13.0190          0          0  0.000e+00
  1022.8874      1.027      1.035    30.4694    13.0158          0          0  0.000e+00
  1022.8988      1.030      1.038    30.4827    13.0101          0          0  0.000e+00
  1022.8927      1.024      1.032    30.4751    13.0114          0          0  0.000e+00
  1022.8778      1.010      1.018    30.4556    13.0096          0          0  0.000e+00
  1022.8839      0.992      1.000    30.4604    12.9973          0          0  0.000e+00
  1022.9130      0.978      0.986    30.4954    12.9857          0          0  0.000e+00
  1022.9403      0.975      0.983    30.5322    12.9919          0          0  0.000e+00
  1022.9320      0.985      0.994    30.5290    13.0223          0          0  0.000e+00
  1022.9161      1.013      1.021    30.5170    13.0574          0          0  0.000e+00
  1022.8902      1.044      1.052    30.4915    13.0904          0          0  0.000e+00
  1022.8450      1.070      1.079    30.4375    13.1088          0          0  0.000e+00
  1022.8393      1.089      1.098    30.4260    13.0929          0          0  0.000e+00
  1022.8811      1.104      1.113    30.4716    13.0592          0          0  0.000e+00
  1022.9071      1.105      1.114    30.5028    13.0498          0          0  0.000e+00
  1022.8976      1.101      1.110    30.4946    13.0660          0          0  0.000e+00
  1022.8830      1.087      1.096    30.4801    13.0827          0          0  0.000e+00
  1022.8673      1.078      1.086    30.4618    13.0909          0          0  0.000e+00
  1022.8643      1.062      1.070    30.4572    13.0873          0          0  0.000e+00
  1022.8690      1.041      1.049    30.4614    13.0799          0          0  0.000e+00
