data/eDNA/PER-2022-473/473A030.cnv
* Sea-Bird SBE19plus  Data File:
* FileName = C:\Users\RSG_field\Ryan_Perley2022473\CTD\473A030.hex
* Software version 2.3.0 SB_Terminal.dll
* Temperature SN = 7141
* Conductivity SN = 7141
* System UpLoad Time = Aug 16 2022 19:16:42
* <ApplicationData>
* <SeatermAF>
** Platform: M. Perley
** Cruise: Per2022473
** Station:  SAB_Trans_07
** Cast: 01 473A030
** Latitude: N  46 16.8247
** Longitude: W 59 00.478
** Sounding: 183
** Chief Scientist: Ryan Stanley
** Comment: Bottles 493923-43938 - sounding based on plumb line cast 49
# nquan = 8
# nvalues = 5483                                  
# units = specified
# name 0 = density00: Density [density, kg/m^3]
# name 1 = depSM: Depth [salt water, m], lat = 45.00
# name 2 = prdM: Pressure, Strain Gauge [db]
# name 3 = sal00: Salinity, Practical [PSU]
# name 4 = tv290C: Temperature [ITS-90, deg C]
# name 5 = bpos: Bottle Position in Carousel
# name 6 = nbf: Bottles Fired
# name 7 = flag:  0.000e+00
# span 0 =   998.6495,  1027.6950                 
# span 1 =     -0.035,    169.792                 
# span 2 =     -0.036,    171.252                 
# span 3 =     0.1741,    34.3021                 
# span 4 =     2.2481,    19.6967                 
# span 5 =          0,          6                 
# span 6 =          0,          2                 
# span 7 = 0.0000e+00, 0.0000e+00                 
# interval = seconds: 0.25
# start_time = Aug 16 2022 18:49:14 [Instrument's time stamp, header]
# bad_flag = -9.990e-29
*END*
[from data line 2517]
  1027.6885    168.767    170.218    34.2957     6.6825          0          0  0.000e+00
  1027.6882    168.708    170.159    34.2957     6.6827          0          0  0.000e+00
  1027.6880    168.677    170.127    34.2957     6.6827          0          0  0.000e+00
  1027.6873    168.665    170.115    34.2949     6.6828          0          0  0.000e+00
  1027.6868    168.668    170.119    34.2942     6.6826          0          0  0.000e+00
  1027.6867    168.685    170.136    34.2939     6.6822          0          0  0.000e+00
  1027.6868    168.714    170.165    34.2937     6.6819          0          0  0.000e+00
  1027.6871    168.747    170.198    34.2939     6.6812          0          0  0.000e+00
  1027.6874    168.783    170.234    34.2939     6.6807          0          0  0.000e+00
  1027.6887    168.826    170.278    34.2952     6.6803          0          0  0.000e+00
  1027.6880    168.869    170.321    34.2942     6.6803          0          0  0.000e+00
  1027.6879    168.914    170.367    34.2936     6.6802          0          0  0.000e+00
  1027.6889    168.967    170.420    34.2945     6.6795          0          0  0.000e+00
  1027.6903    169.022    170.476    34.2959     6.6795          0          0  0.000e+00
  1027.6905    169.076    170.530    34.2960     6.6799          0          0  0.000e+00
  1027.6901    169.122    170.577    34.2953     6.6803          0          0  0.000e+00
  1027.6915    169.151    170.606    34.2970     6.6805          0          0  0.000e+00
  1027.6911    169.165    170.620    34.2964     6.6811          0          0  0.000e+00
  1027.6907    169.156    170.611    34.2960     6.6816          0          0  0.000e+00
  1027.6898    169.134    170.588    34.2951     6.6818          0          0  0.000e+00
  1027.6886    169.104    170.559    34.2938     6.6818          0          0  0.000e+00
  1027.6885    169.077    170.531    34.2937     6.6813          0          0  0.000e+00
  1027.6886    169.063    170.517    34.2938     6.6809          0          0  0.000e+00
  1027.6888    169.064    170.518    34.2940     6.6805          0          0  0.000e+00
  1027.6893    169.080    170.534    34.2944     6.6801          0          0  0.000e+00
  1027.6887    169.106    170.561    34.2935     6.6800          0          0  0.000e+00
  1027.6892    169.125    170.580    34.2940     6.6796          0          0  0.000e+00
  1027.6897    169.135    170.590    34.2946     6.6794          0          0  0.000e+00
  1027.6898    169.121    170.576    34.2948     6.6792          0          0  0.000e+00
  1027.6896    169.078    170.532    34.2947     6.6793          0          0  0.000e+00
  1027.6893    169.014    170.468    34.2947     6.6793          0          0  0.000e+00
  1027.6894    168.932    170.385    34.2953     6.6794          0          0  0.000e+00
  1027.6890    168.848    170.300    34.2954     6.6796          0          0  0.000e+00
  1027.6887    168.771    170.223    34.2955     6.6801          0          0  0.000e+00
  1027.6878    168.716    170.167    34.2948     6.6804          0          0  0.000e+00
  1027.6874    168.690    170.140    34.2945     6.6806          0          0  0.000e+00
  1027.6874    168.692    170.142    34.2944     6.6807          0          0  0.000e+00
  1027.6874    168.721    170.172    34.2943     6.6806          0          0  0.000e+00
  1027.6876    168.777    170.228    34.2942     6.6805          0          0  0.000e+00
  1027.6881    168.850    170.302    34.2944     6.6802          0          0  0.000e+00
  1027.6884    168.929    170.382    34.2942     6.6801          0          0  0.000e+00
  1027.6885    169.015    170.469    34.2938     6.6800          0          0  0.000e+00
  1027.6892    169.093    170.547    34.2941     6.6796          0          0  0.000e+00
  1027.6893    169.161    170.615    34.2939     6.6793          0          0  0.000e+00
  1027.6897    169.216    170.671    34.2940     6.6792          0          0  0.000e+00
  1027.6905    169.262    170.718    34.2948     6.6789          0          0  0.000e+00
  1027.6908    169.300    170.756    34.2949     6.6787          0          0  0.000e+00
  1027.6908    169.330    170.787    34.2947     6.6789          0          0  0.000e+00
  1027.6910    169.340    170.796    34.2949     6.6790          0          0  0.000e+00
  1027.6913    169.329    170.786    34.2953     6.6790          0          0  0.000e+00
  1027.6909    169.291    170.747    34.2951     6.6792          0          0  0.000e+00
  1027.6903    169.224    170.680    34.2947     6.6795          0          0  0.000e+00
  1027.6896    169.134    170.589    34.2944     6.6796          0          0  0.000e+00
  1027.6892    169.032    170.486    34.2946     6.6796          0          0  0.000e+00
  1027.6891    168.927    170.380    34.2951     6.6797          0          0  0.000e+00
  1027.6885    168.832    170.284    34.2949     6.6799          0          0  0.000e+00
  1027.6879    168.752    170.204    34.2947     6.6802          0          0  0.000e+00
  1027.6878    168.696    170.147    34.2949     6.6803          0          0  0.000e+00
  1027.6873    168.666    170.117    34.2944     6.6805          0          0  0.000e+00
  1027.6871    168.663    170.114    34.2941     6.6804          0          0  0.000e+00
  1027.6872    168.683    170.134    34.2942     6.6802          0          0  0.000e+00
  1027.6875    168.723    170.174    34.2943     6.6801          0          0  0.000e+00
  1027.6876    168.780    170.231    34.2941     6.6801          0          0  0.000e+00
  1027.6880    168.841    170.293    34.2942     6.6799          0          0  0.000e+00
  1027.6885    168.905    170.358    34.2944     6.6796          0          0  0.000e+00
  1027.6890    168.965    170.418    34.2946     6.6796          0          0  0.000e+00
  1027.6892    169.020    170.473    34.2947     6.6796          0          0  0.000e+00
  1027.6900    169.079    170.533    34.2953     6.6795          0          0  0.000e+00
  1027.6904    169.136    170.591    34.2955     6.6796          0          0  0.000e+00
  1027.6911    169.197    170.652    34.2961     6.6800          0          0  0.000e+00
  1027.6914    169.248    170.703    34.2961     6.6803          0          0  0.000e+00
  1027.6917    169.283    170.739    34.2964     6.6808          0          0  0.000e+00
  1027.6916    169.288    170.744    34.2964     6.6812          0          0  0.000e+00
  1027.6910    169.265    170.720    34.2958     6.6816          0          0  0.000e+00
  1027.6900    169.206    170.662    34.2950     6.6818          0          0  0.000e+00
  1027.6894    169.122    170.576    34.2946     6.6818          0          0  0.000e+00
  1027.6891    169.020    170.473    34.2949     6.6815          0          0  0.000e+00
  1027.6888    168.917    170.370    34.2950     6.6814          0          0  0.000e+00
  1027.6886    168.822    170.274    34.2954     6.6814          0          0  0.000e+00
  1027.6879    168.745    170.196    34.2950     6.6816          0          0  0.000e+00
  1027.6878    168.695    170.146    34.2951     6.6817          0          0  0.000e+00
  1027.6873    168.669    170.119    34.2947     6.6816          0          0  0.000e+00
  1027.6870    168.664    170.115    34.2942     6.6816          0          0  0.000e+00
  1027.6873    168.675    170.126    34.2945     6.6813          0          0  0.000e+00
  1027.6874    168.696    170.147    34.2945     6.6812          0          0  0.000e+00
  1027.6876    168.723    170.174    34.2945     6.6811          0          0  0.000e+00
  1027.6879    168.759    170.210    34.2948     6.6810          0          0  0.000e+00
  1027.6883    168.805    170.256    34.2949     6.6808          0          0  0.000e+00
  1027.6884    168.865    170.317    34.2948     6.6809          0          0  0.000e+00
  1027.6889    168.942    170.395    34.2949     6.6808          0          0  0.000e+00
  1027.6894    169.035    170.488    34.2950     6.6809          0          0  0.000e+00
  1027.6902    169.143    170.598    34.2953     6.6808          0          0  0.000e+00
  1027.6910    169.252    170.708    34.2957     6.6808          0          0  0.000e+00
  1027.6917    169.359    170.816    34.2960     6.6809          0          0  0.000e+00
  1027.6919    169.457    170.914    34.2958     6.6813          0          0  0.000e+00
  1027.6932    169.527    170.985    34.2970     6.6815          0          0  0.000e+00
  1027.6936    169.568    171.027    34.2974     6.6820          0          0  0.000e+00
  1027.6922    169.575    171.033    34.2956     6.6826          0          0  0.000e+00
  1027.6918    169.551    171.010    34.2954     6.6828          0          0  0.000e+00
  1027.6911    169.490    170.948    34.2948     6.6827          0          0  0.000e+00
  1027.6908    169.403    170.860    34.2949     6.6825          0          0  0.000e+00
  1027.6908    169.299    170.755    34.2955     6.6824          0          0  0.000e+00
  1027.6903    169.188    170.643    34.2955     6.6824          0          0  0.000e+00
  1027.6898    169.072    170.526    34.2955     6.6825          0          0  0.000e+00
  1027.6889    168.957    170.410    34.2951     6.6825          0          0  0.000e+00
  1027.6885    168.844    170.296    34.2952     6.6824          0          0  0.000e+00
  1027.6877    168.727    170.178    34.2949     6.6824          0          0  0.000e+00
  1027.6870    168.614    170.064    34.2947     6.6824          0          0  0.000e+00
  1027.6866    168.513    169.962    34.2947     6.6822          0          0  0.000e+00
  1027.6862    168.431    169.880    34.2946     6.6821          0          0  0.000e+00
  1027.6863    168.379    169.827    34.2950     6.6819          0          0  0.000e+00
  1027.6859    168.370    169.818    34.2946     6.6819          0          0  0.000e+00
  1027.6858    168.401    169.849    34.2943     6.6817          0          0  0.000e+00
  1027.6864    168.475    169.924    34.2945     6.6814          0          0  0.000e+00
  1027.6871    168.583    170.033    34.2949     6.6813          0          0  0.000e+00
  1027.6877    168.717    170.168    34.2947     6.6811          0          0  0.000e+00
  1027.6884    168.856    170.308    34.2947     6.6810          0          0  0.000e+00
  1027.6892    168.983    170.436    34.2950     6.6808          0          0  0.000e+00
  1027.6899    169.091    170.545    34.2953     6.6806          0          0  0.000e+00
  1027.6901    169.165    170.620    34.2951     6.6808          0          0  0.000e+00
  1027.6903    169.212    170.667    34.2951     6.6808          0          0  0.000e+00
  1027.6905    169.229    170.685    34.2952     6.6806          0          0  0.000e+00
  1027.6904    169.230    170.686    34.2951     6.6808          0          0  0.000e+00
  1027.6906    169.224    170.679    34.2953     6.6807          0          0  0.000e+00
  1027.6906    169.223    170.678    34.2954     6.6809          0          0  0.000e+00
  1027.6903    169.230    170.686    34.2950     6.6811          0          0  0.000e+00
  1027.6904    169.244    170.700    34.2950     6.6810          0          0  0.000e+00
  1027.6906    169.255    170.710    34.2952     6.6811          0          0  0.000e+00
  1027.6906    169.260    170.716    34.2952     6.6811          0          0  0.000e+00
  1027.6904    169.252    170.708    34.2951     6.6812          0          0  0.000e+00
  1027.6904    169.233    170.689    34.2951     6.6812          0          0  0.000e+00
  1027.6905    169.203    170.658    34.2954     6.6811          0          0  0.000e+00
  1027.6904    169.157    170.612    34.2956     6.6812          0          0  0.000e+00
  1027.6898    169.109    170.564    34.2952     6.6815          0          0  0.000e+00
  1027.6894    169.055    170.509    34.2950     6.6816          0          0  0.000e+00
  1027.6892    169.000    170.453    34.2950     6.6816          0          0  0.000e+00
  1027.6891    168.947    170.400    34.2953     6.6816          0          0  0.000e+00
  1027.6887    168.896    170.349    34.2951     6.6818          0          0  0.000e+00
  1027.6885    168.844    170.296    34.2951     6.6818          0          0  0.000e+00
  1027.6883    168.799    170.250    34.2951     6.6819          0          0  0.000e+00
  1027.6881    168.757    170.208    34.2951     6.6819          0          0  0.000e+00
  1027.6876    168.719    170.170    34.2948     6.6821          0          0  0.000e+00
  1027.6874    168.685    170.136    34.2948     6.6820          0          0  0.000e+00
  1027.6874    168.659    170.109    34.2949     6.6819          0          0  0.000e+00
  1027.6874    168.643    170.093    34.2949     6.6819          0          0  0.000e+00
  1027.6873    168.639    170.090    34.2948     6.6818          0          0  0.000e+00
  1027.6872    168.649    170.099    34.2946     6.6817          0          0  0.000e+00
  1027.6873    168.680    170.130    34.2945     6.6814          0          0  0.000e+00
  1027.6876    168.730    170.181    34.2946     6.6812          0          0  0.000e+00
  1027.6877    168.799    170.250    34.2942     6.6811          0          0  0.000e+00
  1027.6886    168.881    170.334    34.2948     6.6808          0          0  0.000e+00
  1027.6892    168.973    170.426    34.2951     6.6806          0          0  0.000e+00
  1027.6900    169.073    170.527    34.2955     6.6806          0          0  0.000e+00
  1027.6910    169.173    170.628    34.2962     6.6808          0          0  0.000e+00
  1027.6918    169.263    170.719    34.2968     6.6811          0          0  0.000e+00
  1027.6906    169.345    170.801    34.2948     6.6816          0          0  0.000e+00
  1027.6915    169.410    170.867    34.2957     6.6817          0          0  0.000e+00
  1027.6916    169.450    170.907    34.2955     6.6816          0          0  0.000e+00
  1027.6916    169.464    170.921    34.2954     6.6817          0          0  0.000e+00
  1027.6909    169.450    170.907    34.2946     6.6816          0          0  0.000e+00
  1027.6914    169.408    170.866    34.2955     6.6814          0          0  0.000e+00
  1027.6911    169.344    170.800    34.2955     6.6815          0          0  0.000e+00
  1027.6907    169.266    170.722    34.2954     6.6816          0          0  0.000e+00
  1027.6907    169.185    170.640    34.2959     6.6816          0          0  0.000e+00
  1027.6897    169.099    170.553    34.2952     6.6818          0          0  0.000e+00
  1027.6893    169.012    170.465    34.2952     6.6819          0          0  0.000e+00
  1027.6888    168.933    170.386    34.2950     6.6819          0          0  0.000e+00
  1027.6885    168.856    170.308    34.2951     6.6819          0          0  0.000e+00
  1027.6880    168.789    170.241    34.2948     6.6819          0          0  0.000e+00
  1027.6880    168.735    170.186    34.2952     6.6818          0          0  0.000e+00
  1027.6878    168.695    170.145    34.2952     6.6819          0          0  0.000e+00
  1027.6875    168.673    170.123    34.2948     6.6819          0          0  0.000e+00
  1027.6868    168.670    170.121    34.2940     6.6818          0          0  0.000e+00
  1027.6871    168.683    170.134    34.2942     6.6814          0          0  0.000e+00
  1027.6871    168.716    170.167    34.2940     6.6810          0          0  0.000e+00
  1027.6878    168.767    170.218    34.2945     6.6806          0          0  0.000e+00
  1027.6885    168.828    170.280    34.2949     6.6803          0          0  0.000e+00
  1027.6883    168.902    170.354    34.2943     6.6803          0          0  0.000e+00
  1027.6883    168.977    170.430    34.2939     6.6802          0          0  0.000e+00
