data/eDNA/PER-2022-473/473A013.cnv
* Sea-Bird SBE19plus  Data File:
* FileName = C:\Users\RSG_field\Ryan_Perley2022473\CTD\473A013.hex
* Software version 2.3.0 SB_Terminal.dll
* Temperature SN = 7141
* Conductivity SN = 7141
* System UpLoad Time = Aug 10 2022 15:29:52
* <ApplicationData>
* <SeatermAF>
** Platform: M. Perley
** Cruise: Per2022473
** Station:  ESI_16
** Cast: 01
** Latitude: N  44 30.3821
** Longitude: W 62 50.5517
** Sounding: 110
** Chief Scientist: Ryan Stanley
** Comment: CastID 473A013 Bottles 493828-493833 Cast 31
# nquan = 8
# nvalues = 3926                                  
# units = specified
# name 0 = density00: Density [density, kg/m^3]
# name 1 = depSM: Depth [salt water, m], lat = 45.00
# name 2 = prdM: Pressure, Strain Gauge [db]
# name 3 = sal00: Salinity, Practical [PSU]
# name 4 = tv290C: Temperature [ITS-90, deg C]
# name 5 = bpos: Bottle Position in Carousel
# name 6 = nbf: Bottles Fired
# name 7 = flag:  0.000e+00
# span 0 =   999.1712,  1026.6471                 
# span 1 =     -0.079,     99.023                 
# span 2 =     -0.079,     99.858                 
# span 3 =     0.0458,    33.4216                 
# span 4 =     3.5875,    15.0043                 
# span 5 =          0,          6                 
# span 6 =          0,          2                 
# span 7 = 0.0000e+00, 0.0000e+00                 
# interval = seconds: 0.25
# start_time = Aug 10 2022 15:09:09 [Instrument's time stamp, header]
# bad_flag = -9.990e-29
*END*
[from data line 3776]
  1001.5300     -0.049     -0.049     2.9060    13.7504          6          2  0.000e+00
  1001.4620     -0.050     -0.050     2.8166    13.7434          6          2  0.000e+00
  1001.2511     -0.051     -0.051     2.5419    13.7358          6          2  0.000e+00
  1001.0166     -0.050     -0.050     2.2368    13.7274          6          2  0.000e+00
  1000.8991     -0.051     -0.051     2.0832    13.7187          6          2  0.000e+00
  1000.8066     -0.050     -0.050     1.9619    13.7096          6          2  0.000e+00
  1000.7775     -0.049     -0.049     1.9226    13.7006          6          2  0.000e+00
  1000.7334     -0.050     -0.050     1.8639    13.6915          6          2  0.000e+00
  1000.6928     -0.052     -0.052     1.8098    13.6827          6          2  0.000e+00
  1000.6099     -0.052     -0.052     1.7010    13.6734          6          2  0.000e+00
  1000.5213     -0.053     -0.053     1.5847    13.6641          6          2  0.000e+00
  1000.4055     -0.052     -0.052     1.4335    13.6553          6          2  0.000e+00
  1000.3420     -0.052     -0.052     1.3500    13.6464          6          2  0.000e+00
  1000.2767     -0.053     -0.053     1.2641    13.6378          6          2  0.000e+00
  1000.1948     -0.050     -0.050     1.1568    13.6295          6          2  0.000e+00
  1000.1358     -0.051     -0.051     1.0793    13.6214          6          2  0.000e+00
  1000.0758     -0.052     -0.052     1.0005    13.6132          6          2  0.000e+00
   999.9792     -0.052     -0.052     0.8743    13.6050          6          2  0.000e+00
   999.9071     -0.051     -0.051     0.7800    13.5969          6          2  0.000e+00
   999.9510     -0.053     -0.053     0.8352    13.5891          6          2  0.000e+00
   999.9506     -0.052     -0.052     0.8334    13.5815          6          2  0.000e+00
   999.9253     -0.050     -0.050     0.7994    13.5736          6          2  0.000e+00
  1000.0081     -0.050     -0.050     0.9047    13.5652          6          2  0.000e+00
   999.9958     -0.050     -0.050     0.8873    13.5563          6          2  0.000e+00
   999.9818     -0.050     -0.050     0.8676    13.5467          6          2  0.000e+00
   999.9518     -0.051     -0.051     0.8272    13.5374          6          2  0.000e+00
   999.9274     -0.051     -0.051     0.7941    13.5279          6          2  0.000e+00
   999.9210     -0.051     -0.051     0.7843    13.5187          6          2  0.000e+00
   999.9799     -0.050     -0.050     0.8587    13.5101          6          2  0.000e+00
  1000.0793     -0.052     -0.052     0.9854    13.5012          6          2  0.000e+00
  1000.1961     -0.050     -0.050     1.1345    13.4925          6          2  0.000e+00
  1000.3347     -0.052     -0.052     1.3118    13.4838          6          2  0.000e+00
  1000.5259     -0.053     -0.053     1.5572    13.4752          6          2  0.000e+00
  1000.7377     -0.052     -0.052     1.8295    13.4677          6          2  0.000e+00
  1000.9735     -0.051     -0.051     2.1331    13.4604          6          2  0.000e+00
  1000.8220     -0.051     -0.051     1.9359    13.4531          6          2  0.000e+00
  1000.7405     -0.052     -0.052     1.8293    13.4463          6          2  0.000e+00
  1000.6542     -0.051     -0.051     1.7166    13.4392          6          2  0.000e+00
  1000.5994     -0.050     -0.050     1.6446    13.4325          6          2  0.000e+00
  1000.4447     -0.051     -0.051     1.4438    13.4262          6          2  0.000e+00
  1000.2833     -0.048     -0.049     1.2343    13.4199          6          2  0.000e+00
  1000.1385     -0.052     -0.052     1.0464    13.4138          6          2  0.000e+00
  1000.0261     -0.054     -0.054     0.9005    13.4075          6          2  0.000e+00
   999.9387     -0.052     -0.052     0.7868    13.4014          6          2  0.000e+00
   999.8940     -0.053     -0.053     0.7281    13.3952          6          2  0.000e+00
   999.9281     -0.051     -0.051     0.7710    13.3892          6          2  0.000e+00
   999.9200     -0.048     -0.049     0.7596    13.3830          6          2  0.000e+00
   999.8506     -0.051     -0.051     0.6691    13.3770          6          2  0.000e+00
   999.8350     -0.051     -0.051     0.6480    13.3707          6          2  0.000e+00
   999.8583     -0.051     -0.051     0.6769    13.3645          6          2  0.000e+00
   999.9437     -0.049     -0.050     0.7858    13.3582          6          2  0.000e+00
   999.9295     -0.049     -0.050     0.7664    13.3523          6          2  0.000e+00
   999.9179     -0.049     -0.050     0.7506    13.3464          6          2  0.000e+00
   999.8583     -0.049     -0.050     0.6728    13.3407          6          2  0.000e+00
   999.7784     -0.047     -0.048     0.5689    13.3350          6          2  0.000e+00
   999.7259     -0.046     -0.047     0.5005    13.3293          6          2  0.000e+00
   999.6843     -0.047     -0.048     0.4459    13.3235          6          2  0.000e+00
   999.6365     -0.045     -0.046     0.3836    13.3178          6          2  0.000e+00
   999.5987     -0.045     -0.046     0.3340    13.3121          6          2  0.000e+00
   999.5688     -0.046     -0.047     0.2946    13.3063          6          2  0.000e+00
   999.5623     -0.047     -0.048     0.2853    13.3004          6          2  0.000e+00
   999.5466     -0.047     -0.048     0.2641    13.2947          6          2  0.000e+00
   999.5408     -0.047     -0.048     0.2557    13.2892          6          2  0.000e+00
   999.5523     -0.047     -0.048     0.2695    13.2835          6          2  0.000e+00
   999.7492     -0.047     -0.048     0.5217    13.2779          6          2  0.000e+00
   999.6983     -0.048     -0.049     0.4554    13.2725          6          2  0.000e+00
   999.6667     -0.047     -0.048     0.4138    13.2670          6          2  0.000e+00
   999.6486     -0.047     -0.048     0.3896    13.2615          6          2  0.000e+00
   999.6443     -0.048     -0.049     0.3832    13.2562          6          2  0.000e+00
   999.6421     -0.047     -0.048     0.3795    13.2508          6          2  0.000e+00
   999.6298     -0.048     -0.049     0.3627    13.2458          6          2  0.000e+00
   999.6443     -0.048     -0.049     0.3805    13.2405          6          2  0.000e+00
   999.6397     -0.047     -0.048     0.3737    13.2354          6          2  0.000e+00
   999.6099     -0.047     -0.048     0.3346    13.2301          6          2  0.000e+00
   999.5812     -0.046     -0.047     0.2968    13.2253          6          2  0.000e+00
   999.5578     -0.048     -0.049     0.2661    13.2204          6          2  0.000e+00
   999.5650     -0.046     -0.047     0.2744    13.2154          6          2  0.000e+00
   999.6363     -0.047     -0.048     0.3654    13.2109          6          2  0.000e+00
   999.7115     -0.046     -0.047     0.4612    13.2062          6          2  0.000e+00
   999.7670     -0.046     -0.047     0.5317    13.2016          6          2  0.000e+00
   999.8086     -0.046     -0.047     0.5845    13.1973          6          2  0.000e+00
   999.8646     -0.046     -0.047     0.6559    13.1930          6          2  0.000e+00
   999.9929     -0.047     -0.048     0.8203    13.1887          6          2  0.000e+00
  1000.0820     -0.048     -0.049     0.9344    13.1847          6          2  0.000e+00
  1000.0575     -0.046     -0.047     0.9022    13.1807          6          2  0.000e+00
  1000.0018     -0.046     -0.047     0.8298    13.1767          6          2  0.000e+00
   999.9751     -0.046     -0.047     0.7947    13.1731          6          2  0.000e+00
   999.9643     -0.048     -0.049     0.7803    13.1694          6          2  0.000e+00
   999.9882     -0.047     -0.048     0.8104    13.1660          6          2  0.000e+00
  1000.0139     -0.047     -0.048     0.8430    13.1629          6          2  0.000e+00
   999.9867     -0.046     -0.047     0.8075    13.1600          6          2  0.000e+00
   999.9294     -0.045     -0.046     0.7334    13.1577          6          2  0.000e+00
   999.9104     -0.047     -0.048     0.7085    13.1555          6          2  0.000e+00
   999.9303     -0.047     -0.048     0.7337    13.1532          6          2  0.000e+00
   999.9746     -0.047     -0.048     0.7903    13.1505          6          2  0.000e+00
  1000.0030     -0.047     -0.048     0.8264    13.1478          6          2  0.000e+00
  1000.0055     -0.047     -0.048     0.8292    13.1451          6          2  0.000e+00
   999.9956     -0.048     -0.049     0.8160    13.1423          6          2  0.000e+00
   999.9903     -0.046     -0.047     0.8086    13.1393          6          2  0.000e+00
   999.9855     -0.048     -0.049     0.8020    13.1365          6          2  0.000e+00
   999.9807     -0.048     -0.049     0.7953    13.1333          6          2  0.000e+00
  1000.0109     -0.046     -0.047     0.8337    13.1303          6          2  0.000e+00
  1000.0394     -0.049     -0.050     0.8699    13.1275          6          2  0.000e+00
  1000.0823     -0.045     -0.046     0.9246    13.1244          6          2  0.000e+00
  1000.0839     -0.046     -0.047     0.9262    13.1215          6          2  0.000e+00
  1000.0818     -0.046     -0.047     0.9229    13.1184          6          2  0.000e+00
  1000.0760     -0.046     -0.047     0.9150    13.1155          6          2  0.000e+00
  1000.0636     -0.046     -0.047     0.8985    13.1125          6          2  0.000e+00
  1000.0748     -0.047     -0.048     0.9125    13.1096          6          2  0.000e+00
  1000.0882     -0.047     -0.048     0.9293    13.1067          6          2  0.000e+00
  1000.0691     -0.048     -0.049     0.9042    13.1039          6          2  0.000e+00
  1000.0293     -0.046     -0.047     0.8525    13.1014          6          2  0.000e+00
  1000.0294     -0.046     -0.047     0.8522    13.0990          6          2  0.000e+00
  1000.0932     -0.048     -0.049     0.9340    13.0967          6          2  0.000e+00
  1000.2885     -0.046     -0.047     1.1852    13.0944          6          2  0.000e+00
  1000.4909     -0.049     -0.050     1.4459    13.0924          6          2  0.000e+00
  1000.5337     -0.045     -0.046     1.5008    13.0911          6          2  0.000e+00
  1000.5976     -0.047     -0.048     1.5833    13.0909          6          2  0.000e+00
  1001.0732     -0.048     -0.049     2.1974    13.0917          6          2  0.000e+00
  1000.7472     -0.047     -0.048     1.7767    13.0931          6          2  0.000e+00
  1000.4434     -0.047     -0.048     1.3856    13.0984          6          2  0.000e+00
  1000.3738     -0.050     -0.051     1.2975    13.1079          6          2  0.000e+00
  1000.5695     -0.048     -0.049     1.5512    13.1154          6          2  0.000e+00
  1000.6812     -0.048     -0.049     1.6962    13.1211          6          2  0.000e+00
  1000.5602     -0.048     -0.049     1.5409    13.1257          6          2  0.000e+00
  1000.4719     -0.048     -0.049     1.4277    13.1296          6          2  0.000e+00
  1000.4193     -0.047     -0.048     1.3605    13.1335          6          2  0.000e+00
  1000.2563     -0.047     -0.048     1.1511    13.1381          6          2  0.000e+00
  1000.2097     -0.047     -0.048     1.0919    13.1428          6          2  0.000e+00
  1000.1748     -0.046     -0.047     1.0476    13.1473          6          2  0.000e+00
  1000.0631     -0.049     -0.050     0.9045    13.1516          6          2  0.000e+00
   999.9689     -0.048     -0.049     0.7838    13.1557          6          2  0.000e+00
   999.9046     -0.047     -0.048     0.7016    13.1590          6          2  0.000e+00
   999.8563     -0.047     -0.048     0.6400    13.1617          6          2  0.000e+00
   999.8285     -0.047     -0.048     0.6045    13.1636          6          2  0.000e+00
   999.8199     -0.048     -0.049     0.5938    13.1652          6          2  0.000e+00
   999.8064     -0.048     -0.049     0.5765    13.1664          6          2  0.000e+00
   999.7996     -0.047     -0.048     0.5679    13.1669          6          2  0.000e+00
   999.7986     -0.046     -0.047     0.5667    13.1675          6          2  0.000e+00
   999.7962     -0.046     -0.047     0.5636    13.1677          6          2  0.000e+00
   999.7871     -0.046     -0.047     0.5519    13.1678          6          2  0.000e+00
   999.7733     -0.047     -0.048     0.5343    13.1680          6          2  0.000e+00
   999.7595     -0.048     -0.049     0.5165    13.1681          6          2  0.000e+00
   999.7439     -0.047     -0.048     0.4965    13.1681          6          2  0.000e+00
   999.7248     -0.047     -0.048     0.4719    13.1683          6          2  0.000e+00
   999.7040     -0.046     -0.047     0.4451    13.1683          6          2  0.000e+00
   999.6847     -0.048     -0.049     0.4204    13.1680          6          2  0.000e+00
   999.6670     -0.048     -0.049     0.3977    13.1683          6          2  0.000e+00
   999.6502     -0.048     -0.049     0.3761    13.1686          6          2  0.000e+00
   999.6349     -0.048     -0.049     0.3564    13.1690          6          2  0.000e+00
