data/eDNA/PER-2022-473/473A004.cnv
* Sea-Bird SBE19plus  Data File:
* FileName = C:\Users\RSG_field\Ryan_Perley2022473\CTD\473A004.hex
* Software version 2.3.0 SB_Terminal.dll
* Temperature SN = 7141
* Conductivity SN = 7141
* System UpLoad Time = Aug 08 2022 12:53:55
* <ApplicationData>
* <SeatermAF>
** Platform: M. Perley
** Cruise: Per2022473
** Station:  ESI-03
** Cast: 01
** Latitude: N  44 48.1630
** Longitude: W -62 08.6192
** Sounding: 69.2
** Chief Scientist: Ryan Stanley
** Comment: cast 22
# nquan = 8
# nvalues = 2464                                  
# units = specified
# name 0 = density00: Density [density, kg/m^3]
# name 1 = depSM: Depth [salt water, m], lat = 45.00
# name 2 = prdM: Pressure, Strain Gauge [db]
# name 3 = sal00: Salinity, Practical [PSU]
# name 4 = tv290C: Temperature [ITS-90, deg C]
# name 5 = bpos: Bottle Position in Carousel
# name 6 = nbf: Bottles Fired
# name 7 = flag:  0.000e+00
# span 0 =   999.1700,  1026.1351                 
# span 1 =     -0.105,     67.035                 
# span 2 =     -0.106,     67.595                 
# span 3 =     0.0312,    32.5932                 
# span 4 =     3.3851,    15.3395                 
# span 5 =          0,          6                 
# span 6 =          0,          2                 
# span 7 = 0.0000e+00, 0.0000e+00                 
# interval = seconds: 0.25
# start_time = Aug 08 2022 12:39:49 [Instrument's time stamp, header]
# bad_flag = -9.990e-29
*END*
[from data line 540]
  1024.5995     15.794     15.924    31.0475     5.1649          0          0  0.000e+00
  1024.6206     15.857     15.988    31.0690     5.1306          0          0  0.000e+00
  1024.6384     15.905     16.036    31.0878     5.1054          0          0  0.000e+00
  1024.6452     15.947     16.078    31.0940     5.0900          0          0  0.000e+00
  1024.6607     15.989     16.120    31.1121     5.0804          0          0  0.000e+00
  1024.6679     16.039     16.171    31.1208     5.0802          0          0  0.000e+00
  1024.6518     16.095     16.227    31.1011     5.0869          0          0  0.000e+00
  1024.6174     16.166     16.299    31.0568     5.0843          0          0  0.000e+00
  1024.6180     16.247     16.380    31.0538     5.0601          0          0  0.000e+00
  1024.6059     16.337     16.471    31.0334     5.0261          0          0  0.000e+00
  1024.6171     16.439     16.575    31.0411     4.9822          0          0  0.000e+00
  1024.6146     16.545     16.682    31.0307     4.9333          0          0  0.000e+00
  1024.6330     16.661     16.798    31.0459     4.8784          0          0  0.000e+00
  1024.6544     16.783     16.921    31.0653     4.8261          0          0  0.000e+00
  1024.6779     16.910     17.049    31.0881     4.7803          0          0  0.000e+00
  1024.7005     17.050     17.190    31.1111     4.7440          0          0  0.000e+00
  1024.7209     17.196     17.338    31.1325     4.7176          0          0  0.000e+00
  1024.7183     17.352     17.495    31.1259     4.6991          0          0  0.000e+00
  1024.6996     17.513     17.657    31.0984     4.6768          0          0  0.000e+00
  1024.7142     17.678     17.823    31.1114     4.6422          0          0  0.000e+00
  1024.7389     17.842     17.989    31.1373     4.6099          0          0  0.000e+00
  1024.7676     17.996     18.144    31.1699     4.5888          0          0  0.000e+00
  1024.7776     18.139     18.288    31.1808     4.5823          0          0  0.000e+00
  1024.7565     18.269     18.419    31.1532     4.5804          0          0  0.000e+00
  1024.7596     18.380     18.532    31.1548     4.5676          0          0  0.000e+00
  1024.7667     18.473     18.625    31.1614     4.5530          0          0  0.000e+00
  1024.7741     18.548     18.700    31.1687     4.5414          0          0  0.000e+00
  1024.7804     18.607     18.760    31.1753     4.5339          0          0  0.000e+00
  1024.7817     18.661     18.815    31.1762     4.5297          0          0  0.000e+00
  1024.7869     18.709     18.863    31.1821     4.5276          0          0  0.000e+00
  1024.7854     18.762     18.916    31.1800     4.5278          0          0  0.000e+00
  1024.7820     18.821     18.976    31.1755     4.5292          0          0  0.000e+00
  1024.7799     18.898     19.053    31.1724     4.5289          0          0  0.000e+00
  1024.7772     18.986     19.142    31.1683     4.5270          0          0  0.000e+00
  1024.7734     19.092     19.249    31.1624     4.5240          0          0  0.000e+00
  1024.7722     19.207     19.365    31.1595     4.5186          0          0  0.000e+00
  1024.7723     19.329     19.488    31.1580     4.5110          0          0  0.000e+00
  1024.7777     19.451     19.611    31.1628     4.5017          0          0  0.000e+00
  1024.7805     19.580     19.741    31.1646     4.4939          0          0  0.000e+00
  1024.7858     19.703     19.865    31.1697     4.4874          0          0  0.000e+00
  1024.7891     19.827     19.991    31.1727     4.4838          0          0  0.000e+00
  1024.7907     19.951     20.116    31.1738     4.4819          0          0  0.000e+00
  1024.7915     20.071     20.236    31.1739     4.4808          0          0  0.000e+00
  1024.7929     20.194     20.360    31.1749     4.4803          0          0  0.000e+00
  1024.7930     20.322     20.490    31.1743     4.4800          0          0  0.000e+00
  1024.7929     20.451     20.619    31.1733     4.4798          0          0  0.000e+00
  1024.7936     20.586     20.756    31.1734     4.4794          0          0  0.000e+00
  1024.7937     20.726     20.897    31.1726     4.4792          0          0  0.000e+00
  1024.7938     20.872     21.044    31.1719     4.4794          0          0  0.000e+00
  1024.7941     21.022     21.195    31.1714     4.4794          0          0  0.000e+00
  1024.7945     21.168     21.343    31.1711     4.4794          0          0  0.000e+00
  1024.7949     21.310     21.486    31.1707     4.4793          0          0  0.000e+00
  1024.7951     21.458     21.634    31.1699     4.4786          0          0  0.000e+00
  1024.7961     21.599     21.776    31.1703     4.4778          0          0  0.000e+00
  1024.7955     21.732     21.911    31.1686     4.4769          0          0  0.000e+00
  1024.7954     21.861     22.042    31.1674     4.4752          0          0  0.000e+00
  1024.7960     21.979     22.160    31.1671     4.4723          0          0  0.000e+00
  1024.7956     22.081     22.263    31.1656     4.4689          0          0  0.000e+00
  1024.7955     22.159     22.342    31.1645     4.4642          0          0  0.000e+00
  1024.7989     22.217     22.400    31.1677     4.4589          0          0  0.000e+00
  1024.8025     22.253     22.436    31.1715     4.4546          0          0  0.000e+00
  1024.8041     22.269     22.452    31.1731     4.4520          0          0  0.000e+00
  1024.8081     22.274     22.457    31.1780     4.4513          0          0  0.000e+00
  1024.8118     22.272     22.455    31.1830     4.4537          0          0  0.000e+00
  1024.8082     22.272     22.455    31.1791     4.4588          0          0  0.000e+00
  1024.8049     22.284     22.468    31.1754     4.4631          0          0  0.000e+00
  1024.8006     22.316     22.500    31.1702     4.4666          0          0  0.000e+00
  1024.7969     22.373     22.558    31.1654     4.4681          0          0  0.000e+00
  1024.7838     22.474     22.659    31.1480     4.4661          0          0  0.000e+00
  1024.7838     22.608     22.794    31.1459     4.4555          0          0  0.000e+00
  1024.7915     22.778     22.966    31.1529     4.4421          0          0  0.000e+00
  1024.7981     22.994     23.183    31.1586     4.4316          0          0  0.000e+00
  1024.8029     23.231     23.423    31.1623     4.4238          0          0  0.000e+00
  1024.8053     23.494     23.688    31.1629     4.4174          0          0  0.000e+00
  1024.8023     23.764     23.960    31.1567     4.4110          0          0  0.000e+00
  1024.7976     24.022     24.220    31.1480     4.4006          0          0  0.000e+00
  1024.7953     24.271     24.471    31.1414     4.3837          0          0  0.000e+00
  1024.7864     24.498     24.700    31.1260     4.3602          0          0  0.000e+00
  1024.8045     24.691     24.894    31.1434     4.3265          0          0  0.000e+00
  1024.8244     24.855     25.060    31.1636     4.2949          0          0  0.000e+00
  1024.8404     24.984     25.190    31.1800     4.2708          0          0  0.000e+00
  1024.8508     25.085     25.292    31.1904     4.2539          0          0  0.000e+00
  1024.8596     25.153     25.360    31.1996     4.2421          0          0  0.000e+00
  1024.8658     25.192     25.400    31.2062     4.2346          0          0  0.000e+00
  1024.8695     25.202     25.410    31.2103     4.2303          0          0  0.000e+00
  1024.8788     25.190     25.398    31.2221     4.2295          0          0  0.000e+00
  1024.8978     25.160     25.368    31.2470     4.2365          0          0  0.000e+00
  1024.8986     25.121     25.328    31.2507     4.2562          0          0  0.000e+00
  1024.8819     25.086     25.293    31.2329     4.2810          0          0  0.000e+00
  1024.8643     25.060     25.266    31.2132     4.2998          0          0  0.000e+00
  1024.8626     25.059     25.265    31.2123     4.3097          0          0  0.000e+00
  1024.8532     25.091     25.298    31.2016     4.3194          0          0  0.000e+00
  1024.8355     25.166     25.373    31.1795     4.3257          0          0  0.000e+00
  1024.8265     25.286     25.495    31.1671     4.3227          0          0  0.000e+00
  1024.8022     25.456     25.666    31.1339     4.3098          0          0  0.000e+00
  1024.8217     25.668     25.880    31.1536     4.2804          0          0  0.000e+00
  1024.8432     25.918     26.132    31.1760     4.2545          0          0  0.000e+00
  1024.8567     26.193     26.409    31.1894     4.2389          0          0  0.000e+00
  1024.8631     26.472     26.690    31.1947     4.2303          0          0  0.000e+00
  1024.8625     26.743     26.964    31.1916     4.2246          0          0  0.000e+00
  1024.8538     26.994     27.217    31.1782     4.2162          0          0  0.000e+00
  1024.8487     27.221     27.446    31.1683     4.1994          0          0  0.000e+00
  1024.8634     27.412     27.638    31.1827     4.1748          0          0  0.000e+00
  1024.8820     27.570     27.797    31.2025     4.1530          0          0  0.000e+00
  1024.8939     27.697     27.926    31.2150     4.1392          0          0  0.000e+00
  1024.9001     27.786     28.015    31.2214     4.1318          0          0  0.000e+00
  1024.9028     27.847     28.076    31.2240     4.1279          0          0  0.000e+00
  1024.9045     27.875     28.105    31.2256     4.1256          0          0  0.000e+00
  1024.9068     27.885     28.115    31.2283     4.1244          0          0  0.000e+00
  1024.9090     27.884     28.114    31.2312     4.1249          0          0  0.000e+00
  1024.9186     27.884     28.114    31.2437     4.1285          0          0  0.000e+00
  1024.9201     27.901     28.131    31.2467     4.1380          0          0  0.000e+00
  1024.9142     27.933     28.164    31.2407     4.1515          0          0  0.000e+00
  1024.8982     27.994     28.225    31.2217     4.1640          0          0  0.000e+00
  1024.8714     28.086     28.318    31.1879     4.1674          0          0  0.000e+00
  1024.8752     28.208     28.441    31.1904     4.1549          0          0  0.000e+00
  1024.8869     28.353     28.587    31.2024     4.1393          0          0  0.000e+00
  1024.8949     28.525     28.760    31.2100     4.1281          0          0  0.000e+00
  1024.9012     28.707     28.944    31.2159     4.1199          0          0  0.000e+00
  1024.9056     28.893     29.131    31.2195     4.1139          0          0  0.000e+00
  1024.9092     29.078     29.318    31.2225     4.1098          0          0  0.000e+00
  1024.9125     29.239     29.481    31.2254     4.1069          0          0  0.000e+00
  1024.9155     29.388     29.630    31.2281     4.1053          0          0  0.000e+00
  1024.9169     29.513     29.757    31.2290     4.1048          0          0  0.000e+00
  1024.9177     29.619     29.864    31.2294     4.1047          0          0  0.000e+00
  1024.9190     29.707     29.952    31.2304     4.1046          0          0  0.000e+00
  1024.9194     29.780     30.026    31.2305     4.1043          0          0  0.000e+00
  1024.9194     29.854     30.101    31.2300     4.1041          0          0  0.000e+00
  1024.9189     29.937     30.184    31.2288     4.1037          0          0  0.000e+00
  1024.9186     30.036     30.284    31.2278     4.1026          0          0  0.000e+00
  1024.9175     30.165     30.414    31.2254     4.1008          0          0  0.000e+00
  1024.9155     30.316     30.567    31.2216     4.0970          0          0  0.000e+00
  1024.9203     30.491     30.743    31.2258     4.0901          0          0  0.000e+00
  1024.9267     30.681     30.935    31.2318     4.0837          0          0  0.000e+00
  1024.9303     30.878     31.133    31.2347     4.0794          0          0  0.000e+00
  1024.9325     31.076     31.332    31.2359     4.0764          0          0  0.000e+00
  1024.9342     31.259     31.517    31.2368     4.0741          0          0  0.000e+00
  1024.9361     31.421     31.681    31.2378     4.0719          0          0  0.000e+00
  1024.9375     31.561     31.822    31.2387     4.0703          0          0  0.000e+00
  1024.9386     31.669     31.931    31.2392     4.0689          0          0  0.000e+00
  1024.9389     31.751     32.013    31.2389     4.0675          0          0  0.000e+00
  1024.9401     31.807     32.070    31.2398     4.0661          0          0  0.000e+00
  1024.9407     31.838     32.101    31.2403     4.0649          0          0  0.000e+00
  1024.9426     31.855     32.118    31.2425     4.0643          0          0  0.000e+00
  1024.9449     31.866     32.130    31.2454     4.0647          0          0  0.000e+00
  1024.9462     31.881     32.145    31.2472     4.0665          0          0  0.000e+00
  1024.9447     31.911     32.175    31.2455     4.0696          0          0  0.000e+00
  1024.9413     31.961     32.225    31.2413     4.0724          0          0  0.000e+00
  1024.9336     32.042     32.307    31.2311     4.0729          0          0  0.000e+00
  1024.9331     32.163     32.429    31.2293     4.0693          0          0  0.000e+00
  1024.9353     32.321     32.588    31.2306     4.0636          0          0  0.000e+00
  1024.9422     32.513     32.782    31.2374     4.0581          0          0  0.000e+00
  1024.9542     32.726     32.997    31.2509     4.0547          0          0  0.000e+00
  1024.9627     32.957     33.230    31.2602     4.0554          0          0  0.000e+00
  1024.9690     33.190     33.465    31.2673     4.0594          0          0  0.000e+00
  1024.9914     33.411     33.687    31.2950     4.0662          0          0  0.000e+00
  1024.9902     33.615     33.893    31.2940     4.0808          0          0  0.000e+00
  1024.9824     33.794     34.073    31.2850     4.0961          0          0  0.000e+00
  1025.0659     33.941     34.222    31.3910     4.1110          0          0  0.000e+00
  1025.0541     34.062     34.343    31.3806     4.1522          0          0  0.000e+00
  1025.0192     34.152     34.434    31.3415     4.1961          0          0  0.000e+00
  1025.0049     34.214     34.497    31.3265     4.2227          0          0  0.000e+00
  1025.0145     34.259     34.542    31.3405     4.2410          0          0  0.000e+00
  1025.0005     34.283     34.567    31.3251     4.2600          0          0  0.000e+00
  1024.9830     34.300     34.584    31.3046     4.2730          0          0  0.000e+00
  1024.9505     34.312     34.596    31.2641     4.2771          0          0  0.000e+00
  1024.9318     34.333     34.617    31.2388     4.2649          0          0  0.000e+00
  1024.9309     34.369     34.653    31.2349     4.2437          0          0  0.000e+00
  1024.9547     34.429     34.713    31.2621     4.2235          0          0  0.000e+00
  1025.0351     34.522     34.807    31.3618     4.2155          0          0  0.000e+00
  1025.0378     34.650     34.937    31.3673     4.2393          0          0  0.000e+00
  1025.0147     34.815     35.103    31.3412     4.2711          0          0  0.000e+00
  1025.0493     35.006     35.296    31.3864     4.2932          0          0  0.000e+00
  1024.9864     35.212     35.503    31.3095     4.3211          0          0  0.000e+00
  1024.8988     35.430     35.723    31.1977     4.3204          0          0  0.000e+00
  1024.8949     35.641     35.936    31.1852     4.2696          0          0  0.000e+00
  1024.9304     35.840     36.136    31.2208     4.2060          0          0  0.000e+00
  1024.9623     36.024     36.322    31.2536     4.1545          0          0  0.000e+00
  1024.9893     36.187     36.487    31.2822     4.1180          0          0  0.000e+00
