data/eDNA/PER-2022-473/473A007.cnv
* Sea-Bird SBE19plus  Data File:
* FileName = C:\Users\RSG_field\Ryan_Perley2022473\CTD\473A007.hex
* Software version 2.3.0 SB_Terminal.dll
* Temperature SN = 7141
* Conductivity SN = 7141
* System UpLoad Time = Aug 08 2022 18:20:34
* <ApplicationData>
* <SeatermAF>
** Platform: M. Perley
** Cruise: Per2022473
** Station:  ESI-07
** Cast: 01
** Latitude: N  44 43.3394
** Longitude: W 62 23.4990
** Sounding: 72.6
** Chief Scientist: Ryan Stanley
** Comment:
# nquan = 8
# nvalues = 2782                                  
# units = specified
# name 0 = density00: Density [density, kg/m^3]
# name 1 = depSM: Depth [salt water, m], lat = 45.00
# name 2 = prdM: Pressure, Strain Gauge [db]
# name 3 = sal00: Salinity, Practical [PSU]
# name 4 = tv290C: Temperature [ITS-90, deg C]
# name 5 = bpos: Bottle Position in Carousel
# name 6 = nbf: Bottles Fired
# name 7 = flag:  0.000e+00
# span 0 =   998.5900,  1026.0506                 
# span 1 =     -0.095,     67.998                 
# span 2 =     -0.096,     68.566                 
# span 3 =     0.0350,    32.7666                 
# span 4 =     3.4733,    18.1991                 
# span 5 =          0,          6                 
# span 6 =          0,          2                 
# span 7 = 0.0000e+00, 0.0000e+00                 
# interval = seconds: 0.25
# start_time = Aug 08 2022 17:56:36 [Instrument's time stamp, header]
# bad_flag = -9.990e-29
*END*
[from data line 2338]
  1024.7246     17.755     17.901    31.7363     8.4743          1          1  0.000e+00
  1024.6638     17.713     17.859    31.6515     8.4355          1          1  0.000e+00
  1024.7410     17.661     17.807    31.7352     8.3549          1          1  0.000e+00
  1024.8246     17.589     17.734    31.8326     8.3028          1          1  0.000e+00
  1024.8192     17.492     17.636    31.8262     8.3029          1          1  0.000e+00
  1024.8511     17.368     17.511    31.8689     8.3095          1          1  0.000e+00
  1024.8638     17.212     17.354    31.8912     8.3371          1          1  0.000e+00
  1024.7998     17.029     17.169    31.8183     8.3778          1          1  0.000e+00
  1024.8014     16.816     16.954    31.8237     8.3890          1          1  0.000e+00
  1024.8646     16.580     16.717    31.9084     8.4030          1          1  0.000e+00
  1024.8334     16.320     16.455    31.8816     8.4639          1          1  0.000e+00
  1024.8324     16.054     16.186    31.8940     8.5276          1          1  0.000e+00
  1024.8120     15.782     15.912    31.8825     8.5956          1          1  0.000e+00
  1024.7967     15.512     15.639    31.8793     8.6728          1          1  0.000e+00
  1024.7498     15.259     15.385    31.8365     8.7538          1          1  0.000e+00
  1024.7295     15.027     15.151    31.8272     8.8322          1          1  0.000e+00
  1024.6955     14.825     14.947    31.8012     8.9153          1          1  0.000e+00
  1024.7567     14.665     14.785    31.8953     8.9919          1          1  0.000e+00
  1024.8120     14.557     14.676    31.9922     9.1205          1          1  0.000e+00
  1024.8083     14.512     14.631    32.0275     9.3187          1          1  0.000e+00
  1024.5244     14.530     14.650    31.7083     9.5366          1          1  0.000e+00
  1024.4340     14.599     14.719    31.6111     9.6299          1          1  0.000e+00
  1024.5488     14.711     14.832    31.7641     9.6612          1          1  0.000e+00
  1024.5633     14.855     14.977    31.8013     9.7559          1          1  0.000e+00
  1024.4646     15.026     15.150    31.6991     9.8767          1          1  0.000e+00
  1024.4397     15.193     15.318    31.6849     9.9659          1          1  0.000e+00
  1024.3842     15.321     15.447    31.6258    10.0269          1          1  0.000e+00
  1024.3258     15.389     15.515    31.5583    10.0638          1          1  0.000e+00
  1024.3034     15.384     15.510    31.5282    10.0569          1          1  0.000e+00
  1024.3638     15.283     15.408    31.6018    10.0362          1          1  0.000e+00
  1024.3240     15.087     15.211    31.5542    10.0470          1          1  0.000e+00
  1024.2586     14.803     14.924    31.4704    10.0391          1          1  0.000e+00
  1024.3003     14.451     14.569    31.5157     9.9908          1          1  0.000e+00
  1024.3431     14.056     14.172    31.5645     9.9505          1          1  0.000e+00
  1024.4074     13.643     13.755    31.6465     9.9370          1          1  0.000e+00
  1024.4299     13.232     13.340    31.6830     9.9618          1          1  0.000e+00
  1024.4023     12.848     12.954    31.6601    10.0108          1          1  0.000e+00
  1024.4236     12.499     12.602    31.6988    10.0546          1          1  0.000e+00
  1024.4066     12.198     12.298    31.6917    10.1158          1          1  0.000e+00
  1024.4121     11.945     12.043    31.7143    10.1822          1          1  0.000e+00
  1024.4307     11.754     11.851    31.7552    10.2561          1          1  0.000e+00
  1024.5087     11.613     11.708    31.8786    10.3608          1          1  0.000e+00
  1024.4497     11.533     11.627    31.8392    10.5260          1          1  0.000e+00
  1024.2323     11.520     11.614    31.5943    10.6819          1          1  0.000e+00
  1024.2734     11.537     11.632    31.6588    10.7352          1          1  0.000e+00
  1024.5164     11.595     11.690    31.9852    10.8010          1          1  0.000e+00
  1024.3780     11.703     11.799    31.8535    11.0100          1          1  0.000e+00
  1023.9696     11.833     11.930    31.3644    11.1734          1          1  0.000e+00
  1024.1351     11.971     12.070    31.5682    11.1371          1          1  0.000e+00
  1024.1788     12.135     12.234    31.6226    11.1331          1          1  0.000e+00
  1024.1675     12.295     12.396    31.6191    11.1856          1          1  0.000e+00
  1024.0126     12.414     12.516    31.4269    11.2205          1          1  0.000e+00
  1023.8358     12.480     12.583    31.1858    11.1620          1          1  0.000e+00
  1023.9614     12.492     12.594    31.3133    11.0102          1          1  0.000e+00
  1024.0693     12.434     12.536    31.4221    10.8747          1          1  0.000e+00
  1024.2627     12.289     12.390    31.6553    10.8015          1          1  0.000e+00
  1024.2421     12.068     12.167    31.6377    10.8359          1          1  0.000e+00
  1024.2273     11.777     11.874    31.6322    10.8889          1          1  0.000e+00
  1024.2412     11.433     11.527    31.6620    10.9329          1          1  0.000e+00
  1024.2527     11.048     11.139    31.6927    10.9939          1          1  0.000e+00
  1024.2132     10.654     10.741    31.6612    11.0697          1          1  0.000e+00
  1024.1582     10.270     10.354    31.6071    11.1335          1          1  0.000e+00
  1024.1326      9.912      9.993    31.5844    11.1691          1          1  0.000e+00
  1024.1486      9.592      9.670    31.6120    11.1917          1          1  0.000e+00
  1024.1239      9.304      9.381    31.5890    11.2227          1          1  0.000e+00
  1024.1222      9.074      9.149    31.5939    11.2482          1          1  0.000e+00
  1024.1302      8.894      8.967    31.6111    11.2738          1          1  0.000e+00
  1024.1758      8.767      8.839    31.6801    11.3159          1          1  0.000e+00
  1024.1659      8.691      8.762    31.6873    11.4008          1          1  0.000e+00
  1024.0967      8.666      8.737    31.6239    11.5111          1          1  0.000e+00
  1024.0110      8.682      8.754    31.5332    11.5966          1          1  0.000e+00
  1024.1039      8.736      8.808    31.6586    11.6226          1          1  0.000e+00
  1024.3505      8.816      8.888    32.0011    11.7310          1          1  0.000e+00
  1024.2992      8.934      9.007    32.0064    12.0345          1          1  0.000e+00
  1024.0323      9.077      9.151    31.7465    12.3874          1          1  0.000e+00
  1023.7817      9.222      9.298    31.4779    12.6151          1          1  0.000e+00
  1023.5093      9.366      9.443    31.1452    12.6960          1          1  0.000e+00
  1023.4101      9.495      9.573    30.9949    12.6088          1          1  0.000e+00
  1023.5107      9.579      9.658    31.0788    12.4218          1          1  0.000e+00
  1023.6689      9.614      9.693    31.2424    12.2547          1          1  0.000e+00
  1023.7884      9.592      9.670    31.3766    12.1710          1          1  0.000e+00
  1023.8754      9.495      9.573    31.4885    12.1676          1          1  0.000e+00
  1023.8626      9.330      9.407    31.4872    12.2266          1          1  0.000e+00
  1023.8286      9.097      9.171    31.4602    12.2911          1          1  0.000e+00
  1023.8670      8.813      8.885    31.5242    12.3435          1          1  0.000e+00
  1023.8643      8.486      8.556    31.5407    12.4186          1          1  0.000e+00
  1023.8749      8.140      8.206    31.5781    12.5071          1          1  0.000e+00
  1023.9318      7.781      7.845    31.6825    12.6243          1          1  0.000e+00
  1023.9274      7.433      7.494    31.7253    12.8118          1          1  0.000e+00
  1023.8704      7.098      7.156    31.7120    13.0446          1          1  0.000e+00
  1023.7512      6.784      6.839    31.6179    13.2742          1          1  0.000e+00
  1023.7148      6.504      6.557    31.6232    13.4721          1          1  0.000e+00
  1023.6918      6.263      6.315    31.6475    13.6754          1          1  0.000e+00
  1023.6319      6.066      6.116    31.6270    13.8891          1          1  0.000e+00
  1023.6395      5.932      5.980    31.6971    14.1133          1          1  0.000e+00
  1023.4894      5.868      5.916    31.5707    14.3669          1          1  0.000e+00
  1023.1394      5.856      5.904    31.1649    14.5455          1          1  0.000e+00
  1023.3948      5.894      5.942    31.5012    14.5643          1          1  0.000e+00
  1023.5422      6.008      6.057    31.7295    14.7022          1          1  0.000e+00
  1023.4365      6.155      6.206    31.6740    15.0020          1          1  0.000e+00
  1023.1926      6.325      6.377    31.4388    15.2978          1          1  0.000e+00
  1023.0269      6.508      6.562    31.2710    15.4704          1          1  0.000e+00
  1022.9349      6.687      6.742    31.1697    15.5395          1          1  0.000e+00
  1022.9071      6.834      6.890    31.1325    15.5382          1          1  0.000e+00
  1022.9219      6.934      6.991    31.1404    15.5003          1          1  0.000e+00
  1022.9397      6.976      7.033    31.1506    15.4554          1          1  0.000e+00
  1022.9802      6.947      7.004    31.1921    15.4155          1          1  0.000e+00
  1023.0200      6.853      6.909    31.2403    15.4008          1          1  0.000e+00
  1022.9897      6.688      6.742    31.2061    15.4158          1          1  0.000e+00
  1022.9945      6.457      6.510    31.2145    15.4185          1          1  0.000e+00
  1023.0007      6.172      6.223    31.2252    15.4222          1          1  0.000e+00
  1023.0008      5.855      5.903    31.2311    15.4361          1          1  0.000e+00
  1023.0260      5.522      5.567    31.2720    15.4579          1          1  0.000e+00
  1023.0261      5.182      5.225    31.2884    15.5082          1          1  0.000e+00
  1022.9934      4.854      4.894    31.2669    15.5756          1          1  0.000e+00
  1022.9525      4.546      4.584    31.2334    15.6385          1          1  0.000e+00
  1022.9405      4.263      4.298    31.2333    15.6876          1          1  0.000e+00
  1022.9607      4.009      4.042    31.2766    15.7420          1          1  0.000e+00
  1022.9009      3.793      3.824    31.2269    15.8352          1          1  0.000e+00
  1022.9011      3.620      3.650    31.2557    15.9310          1          1  0.000e+00
  1022.8354      3.492      3.520    31.2117    16.0719          1          1  0.000e+00
  1022.7272      3.410      3.438    31.1125    16.2136          1          1  0.000e+00
  1022.5849      3.378      3.406    30.9539    16.3049          1          1  0.000e+00
  1022.6157      3.387      3.414    30.9902    16.2917          1          1  0.000e+00
  1022.7537      3.466      3.495    31.1695    16.2916          1          1  0.000e+00
  1022.6372      3.590      3.620    31.0606    16.4402          1          1  0.000e+00
  1022.4479      3.749      3.780    30.8566    16.5887          1          1  0.000e+00
  1022.3968      3.944      3.977    30.8013    16.6308          1          1  0.000e+00
  1022.4815      4.174      4.209    30.9085    16.6239          1          1  0.000e+00
  1022.4950      4.427      4.463    30.9262    16.6292          1          1  0.000e+00
  1022.4649      4.656      4.694    30.8904    16.6456          1          1  0.000e+00
  1022.4669      4.840      4.880    30.8944    16.6538          1          1  0.000e+00
  1022.5132      5.003      5.044    30.9558    16.6602          1          1  0.000e+00
  1022.4565      5.094      5.136    30.8910    16.6928          1          1  0.000e+00
  1022.4089      5.105      5.147    30.8290    16.6936          1          1  0.000e+00
  1022.4989      5.032      5.073    30.9303    16.6381          1          1  0.000e+00
  1022.4778      4.867      4.906    30.9044    16.6400          1          1  0.000e+00
  1022.4477      4.632      4.670    30.8692    16.6492          1          1  0.000e+00
  1022.4599      4.340      4.375    30.8823    16.6338          1          1  0.000e+00
  1022.4660      4.020      4.053    30.8892    16.6243          1          1  0.000e+00
  1022.4620      3.697      3.728    30.8854    16.6223          1          1  0.000e+00
  1022.4568      3.391      3.419    30.8807    16.6235          1          1  0.000e+00
  1022.4518      3.126      3.152    30.8764    16.6254          1          1  0.000e+00
  1022.4510      2.915      2.939    30.8776    16.6292          1          1  0.000e+00
  1022.4559      2.766      2.788    30.8887    16.6421          6          2  0.000e+00
  1022.4351      2.674      2.696    30.8710    16.6720          6          2  0.000e+00
  1022.4010      2.647      2.669    30.8344    16.6981          6          2  0.000e+00
  1022.3786      2.685      2.707    30.8069    16.7045          6          2  0.000e+00
  1022.3645      2.772      2.795    30.7847    16.6933          6          2  0.000e+00
  1022.3845      2.912      2.936    30.8029    16.6700          6          2  0.000e+00
  1022.3924      3.110      3.136    30.8067    16.6513          6          2  0.000e+00
  1022.3739      3.358      3.386    30.7770    16.6379          6          2  0.000e+00
  1022.4633      3.637      3.667    30.8893    16.6285          6          2  0.000e+00
  1022.4362      3.925      3.957    30.8595    16.6530          6          2  0.000e+00
  1022.4822      4.207      4.242    30.9189    16.6566          6          2  0.000e+00
  1022.4854      4.479      4.515    30.9207    16.6543          6          2  0.000e+00
  1022.5103      4.733      4.772    30.9513    16.6523          6          2  0.000e+00
  1022.5202      4.928      4.968    30.9633    16.6534          6          2  0.000e+00
  1022.5459      5.032      5.073    30.9949    16.6489          6          2  0.000e+00
  1022.5416      5.061      5.102    30.9892    16.6495          6          2  0.000e+00
  1022.5204      5.036      5.077    30.9621    16.6509          6          2  0.000e+00
  1022.5056      4.949      4.990    30.9420    16.6465          6          2  0.000e+00
  1022.4974      4.784      4.823    30.9304    16.6401          6          2  0.000e+00
  1022.4860      4.569      4.606    30.9144    16.6319          6          2  0.000e+00
  1022.4783      4.323      4.358    30.9047    16.6283          6          2  0.000e+00
  1022.4732      4.066      4.100    30.9002    16.6301          6          2  0.000e+00
  1022.4682      3.811      3.842    30.8963    16.6341          6          2  0.000e+00
  1022.4626      3.569      3.598    30.8908    16.6358          6          2  0.000e+00
  1022.4574      3.349      3.376    30.8855    16.6362          6          2  0.000e+00
  1022.4463      3.161      3.187    30.8722    16.6366          6          2  0.000e+00
  1022.4494      3.013      3.037    30.8772    16.6368          6          2  0.000e+00
  1022.4472      2.900      2.924    30.8758    16.6393          6          2  0.000e+00
  1022.4122      2.826      2.849    30.8313    16.6420          6          2  0.000e+00
  1022.4298      2.796      2.819    30.8550    16.6438          6          2  0.000e+00
  1022.4157      2.811      2.834    30.8382    16.6498          6          2  0.000e+00
  1022.4145      2.898      2.922    30.8379    16.6557          6          2  0.000e+00
  1022.4036      3.046      3.071    30.8253    16.6639          6          2  0.000e+00
  1022.3920      3.250      3.277    30.8099    16.6672          6          2  0.000e+00
