data/eDNA/PER-2022-473/473A023.cnv
* Sea-Bird SBE19plus  Data File:
* FileName = C:\Users\RSG_field\Ryan_Perley2022473\CTD\473A023.hex
* Software version 2.3.0 SB_Terminal.dll
* Temperature SN = 7141
* Conductivity SN = 7141
* System UpLoad Time = Aug 14 2022 16:56:22
* <ApplicationData>
* <SeatermAF>
** Platform: M. Perley
** Cruise: Per2022473
** Station:  SAB_Trans_06
** Cast: 01
** Latitude: N  46 12.3838
** Longitude: W 59 3.85
** Sounding: 137
** Chief Scientist: Ryan Stanley
** Comment: CastID 473A023 SampleID 493890-493895
** Note that in the first cast bottles 1-3 were not attached the right trigger, and thus didn't fire at depth. The bad cast (41 on the CTD) will be named 473B023 and the cast associted with this AFM (Cast 41) will be 473A023. There was no afm file downloaded for the first mis-cast (Cast 41 and CastID 473B023)
# nquan = 8
# nvalues = 4363                                  
# units = specified
# name 0 = density00: Density [density, kg/m^3]
# name 1 = depSM: Depth [salt water, m], lat = 45.00
# name 2 = prdM: Pressure, Strain Gauge [db]
# name 3 = sal00: Salinity, Practical [PSU]
# name 4 = tv290C: Temperature [ITS-90, deg C]
# name 5 = bpos: Bottle Position in Carousel
# name 6 = nbf: Bottles Fired
# name 7 = flag:  0.000e+00
# span 0 =   998.5957,  1027.3836                 
# span 1 =     -0.126,    130.461                 
# span 2 =     -0.127,    131.570                 
# span 3 =     0.2013,    34.0125                 
# span 4 =     1.6171,    20.6066                 
# span 5 =          0,          6                 
# span 6 =          0,          2                 
# span 7 = 0.0000e+00, 0.0000e+00                 
# interval = seconds: 0.25
# start_time = Aug 14 2022 16:31:21 [Instrument's time stamp, header]
# bad_flag = -9.990e-29
*END*
[from data line 4315]
   998.7120     -0.101     -0.102     0.5605    19.6173          6          2  0.000e+00
   998.6737     -0.102     -0.103     0.5086    19.6105          6          2  0.000e+00
   998.6467     -0.099     -0.100     0.4712    19.6029          6          2  0.000e+00
   998.7214     -0.101     -0.102     0.5668    19.5950          6          2  0.000e+00
   998.7824     -0.102     -0.103     0.6444    19.5863          6          2  0.000e+00
   998.7910     -0.099     -0.100     0.6534    19.5776          6          2  0.000e+00
   998.9241     -0.101     -0.102     0.8255    19.5690          6          2  0.000e+00
   999.0009     -0.102     -0.103     0.9237    19.5601          6          2  0.000e+00
   999.0100     -0.100     -0.101     0.9333    19.5512          6          2  0.000e+00
   999.0383     -0.101     -0.102     0.9680    19.5425          6          2  0.000e+00
   998.9702     -0.100     -0.101     0.8765    19.5338          6          2  0.000e+00
   998.9064     -0.101     -0.102     0.7905    19.5249          6          2  0.000e+00
   998.9152     -0.099     -0.100     0.7998    19.5166          6          2  0.000e+00
   998.9270     -0.100     -0.101     0.8130    19.5083          6          2  0.000e+00
   998.9180     -0.100     -0.101     0.7992    19.5002          6          2  0.000e+00
   998.8913     -0.101     -0.102     0.7621    19.4924          6          2  0.000e+00
   998.8661     -0.100     -0.101     0.7271    19.4850          6          2  0.000e+00
   998.8552     -0.100     -0.101     0.7112    19.4788          6          2  0.000e+00
   998.9089     -0.100     -0.101     0.7801    19.4731          6          2  0.000e+00
   999.0617     -0.102     -0.103     0.9790    19.4682          6          2  0.000e+00
   999.2765     -0.102     -0.103     1.2596    19.4643          6          2  0.000e+00
   999.4277     -0.101     -0.102     1.4569    19.4605          6          2  0.000e+00
   999.3694     -0.102     -0.103     1.3794    19.4570          6          2  0.000e+00
   999.2738     -0.102     -0.103     1.2531    19.4532          6          2  0.000e+00
   999.1200     -0.102     -0.103     1.0502    19.4488          6          2  0.000e+00
   999.0024     -0.102     -0.103     0.8950    19.4446          6          2  0.000e+00
   998.8993     -0.104     -0.105     0.7591    19.4416          6          2  0.000e+00
   999.0948     -0.104     -0.105     1.0147    19.4393          6          2  0.000e+00
   999.0891     -0.101     -0.102     1.0067    19.4376          6          2  0.000e+00
   999.0679     -0.104     -0.105     0.9785    19.4359          6          2  0.000e+00
   999.0213     -0.101     -0.102     0.9169    19.4339          6          2  0.000e+00
   998.9699     -0.102     -0.103     0.8491    19.4321          6          2  0.000e+00
   998.9595     -0.102     -0.103     0.8347    19.4295          6          2  0.000e+00
   998.9108     -0.101     -0.102     0.7704    19.4272          6          2  0.000e+00
   998.8171     -0.103     -0.104     0.6472    19.4252          6          2  0.000e+00
   998.7785     -0.102     -0.103     0.5960    19.4229          6          2  0.000e+00
   998.7793     -0.102     -0.103     0.5966    19.4208          6          2  0.000e+00
   998.7667     -0.102     -0.103     0.5794    19.4184          6          2  0.000e+00
   998.7333     -0.102     -0.103     0.5352    19.4161          6          2  0.000e+00
   998.7121     -0.101     -0.102     0.5067    19.4137          6          2  0.000e+00
   998.6951     -0.102     -0.103     0.4838    19.4110          6          2  0.000e+00
   998.6735     -0.103     -0.104     0.4548    19.4078          6          2  0.000e+00
   998.6556     -0.103     -0.104     0.4304    19.4046          6          2  0.000e+00
   998.6389     -0.103     -0.104     0.4078    19.4014          6          2  0.000e+00
   998.6255     -0.103     -0.104     0.3894    19.3980          6          2  0.000e+00
   998.6157     -0.103     -0.104     0.3756    19.3944          6          2  0.000e+00
   998.6059     -0.103     -0.104     0.3619    19.3910          6          2  0.000e+00
   998.5957     -0.103     -0.104     0.3477    19.3875          6          2  0.000e+00
