data/eDNA/PER-2022-473/473A011.cnv
* Sea-Bird SBE19plus  Data File:
* FileName = C:\Users\RSG_field\Ryan_Perley2022473\CTD\473A011.hex
* Software version 2.3.0 SB_Terminal.dll
* Temperature SN = 7141
* Conductivity SN = 7141
* System UpLoad Time = Aug 10 2022 14:03:41
* <ApplicationData>
* <SeatermAF>
** Platform: M. Perley
** Cruise: Per2022473
** Station:  ESI_14
** Cast: 01
** Latitude: N  44 36.4309
** Longitude: W 62 55.9254
** Sounding: 34.5
** Chief Scientist: Ryan Stanley
** Comment: CTD cast 29  - we had to tape broken spigot but it worked
** high bottom releif in the area
** SampleIDs - 493816-493821
# nquan = 8
# nvalues = 2051                                  
# units = specified
# name 0 = density00: Density [density, kg/m^3]
# name 1 = depSM: Depth [salt water, m], lat = 45.00
# name 2 = prdM: Pressure, Strain Gauge [db]
# name 3 = sal00: Salinity, Practical [PSU]
# name 4 = tv290C: Temperature [ITS-90, deg C]
# name 5 = bpos: Bottle Position in Carousel
# name 6 = nbf: Bottles Fired
# name 7 = flag:  0.000e+00
# span 0 =   999.0900,  1024.9664                 
# span 1 =     -0.073,     34.959                 
# span 2 =     -0.074,     35.248                 
# span 3 =     0.0082,    31.6796                 
# span 4 =     4.7486,    15.5344                 
# span 5 =          0,          6                 
# span 6 =          0,          2                 
# span 7 = 0.0000e+00, 0.0000e+00                 
# interval = seconds: 0.25
# start_time = Aug 10 2022 13:50:49 [Instrument's time stamp, header]
# bad_flag = -9.990e-29
*END*
[from data line 720]
  1024.7589     27.331     27.557    31.1794     5.1576          0          0  0.000e+00
  1024.7558     27.439     27.666    31.1741     5.1516          0          0  0.000e+00
  1024.7560     27.576     27.804    31.1724     5.1434          0          0  0.000e+00
  1024.7628     27.737     27.966    31.1785     5.1328          0          0  0.000e+00
  1024.7672     27.926     28.156    31.1818     5.1241          0          0  0.000e+00
  1024.7695     28.139     28.371    31.1825     5.1172          0          0  0.000e+00
  1024.7921     28.367     28.601    31.2089     5.1117          0          0  0.000e+00
  1024.7820     28.608     28.844    31.1957     5.1195          0          0  0.000e+00
  1024.7703     28.849     29.087    31.1800     5.1230          0          0  0.000e+00
  1024.7636     29.095     29.335    31.1689     5.1137          0          0  0.000e+00
  1024.7782     29.329     29.572    31.1837     5.0971          0          0  0.000e+00
  1024.7865     29.549     29.793    31.1909     5.0829          0          0  0.000e+00
  1024.7959     29.737     29.982    31.2001     5.0715          0          0  0.000e+00
  1024.8036     29.882     30.129    31.2079     5.0639          0          0  0.000e+00
  1024.8056     29.982     30.230    31.2093     5.0600          0          0  0.000e+00
  1024.8041     30.045     30.293    31.2065     5.0567          0          0  0.000e+00
  1024.8074     30.080     30.328    31.2099     5.0515          0          0  0.000e+00
  1024.8124     30.093     30.341    31.2155     5.0469          0          0  0.000e+00
  1024.8171     30.087     30.336    31.2211     5.0448          0          0  0.000e+00
  1024.8256     30.060     30.308    31.2323     5.0467          0          0  0.000e+00
  1024.8206     30.032     30.280    31.2272     5.0542          0          0  0.000e+00
  1024.8125     30.004     30.251    31.2179     5.0606          0          0  0.000e+00
  1024.8112     29.990     30.238    31.2168     5.0630          0          0  0.000e+00
  1024.8004     29.999     30.247    31.2032     5.0641          0          0  0.000e+00
  1024.8000     30.039     30.287    31.2017     5.0588          0          0  0.000e+00
  1024.8082     30.111     30.359    31.2107     5.0513          0          0  0.000e+00
  1024.8106     30.217     30.466    31.2127     5.0484          0          0  0.000e+00
  1024.8092     30.348     30.599    31.2098     5.0467          0          0  0.000e+00
  1024.8115     30.506     30.758    31.2114     5.0437          0          0  0.000e+00
  1024.8157     30.690     30.943    31.2153     5.0411          0          0  0.000e+00
  1024.8171     30.894     31.149    31.2158     5.0404          0          0  0.000e+00
  1024.8157     31.108     31.365    31.2127     5.0403          0          0  0.000e+00
  1024.8122     31.338     31.597    31.2068     5.0390          0          0  0.000e+00
  1024.7960     31.566     31.827    31.1840     5.0325          0          0  0.000e+00
  1024.8099     31.792     32.055    31.1970     5.0088          0          0  0.000e+00
  1024.8252     32.008     32.273    31.2115     4.9825          0          0  0.000e+00
  1024.8419     32.211     32.477    31.2283     4.9591          0          0  0.000e+00
  1024.8503     32.391     32.659    31.2352     4.9404          0          0  0.000e+00
  1024.8655     32.547     32.816    31.2511     4.9230          0          0  0.000e+00
  1024.8772     32.673     32.943    31.2635     4.9107          0          0  0.000e+00
  1024.8797     32.769     33.040    31.2655     4.9057          0          0  0.000e+00
  1024.8747     32.845     33.116    31.2580     4.9004          0          0  0.000e+00
  1024.8933     32.902     33.174    31.2793     4.8876          0          0  0.000e+00
  1024.8984     32.941     33.213    31.2853     4.8855          0          0  0.000e+00
  1024.8917     32.962     33.235    31.2773     4.8897          0          0  0.000e+00
  1024.8957     32.974     33.247    31.2822     4.8897          0          0  0.000e+00
  1024.8976     32.972     33.244    31.2850     4.8919          0          0  0.000e+00
  1024.8971     32.971     33.243    31.2848     4.8954          0          0  0.000e+00
  1024.8934     32.974     33.247    31.2806     4.8985          0          0  0.000e+00
  1024.8872     32.993     33.266    31.2727     4.8994          0          0  0.000e+00
  1024.8864     33.036     33.309    31.2711     4.8963          0          0  0.000e+00
  1024.8891     33.100     33.374    31.2736     4.8924          0          0  0.000e+00
  1024.8911     33.186     33.460    31.2751     4.8893          0          0  0.000e+00
  1024.8723     33.301     33.576    31.2503     4.8856          0          0  0.000e+00
  1024.8724     33.432     33.708    31.2464     4.8617          0          0  0.000e+00
  1024.9023     33.593     33.871    31.2779     4.8227          0          0  0.000e+00
  1024.9363     33.767     34.046    31.3163     4.7958          0          0  0.000e+00
  1024.9248     33.960     34.241    31.2997     4.7886          0          0  0.000e+00
  1024.9381     34.159     34.442    31.3132     4.7728          0          0  0.000e+00
  1024.9529     34.369     34.653    31.3286     4.7582          0          0  0.000e+00
  1024.9577     34.554     34.839    31.3329     4.7522          0          0  0.000e+00
  1024.9634     34.686     34.973    31.3388     4.7490          0          0  0.000e+00
  1024.9664     34.786     35.073    31.3419     4.7486          0          0  0.000e+00
  1024.9636     34.868     35.157    31.3383     4.7514          0          0  0.000e+00
  1024.9642     34.902     35.191    31.3391     4.7532          0          0  0.000e+00
  1024.9638     34.938     35.227    31.3387     4.7559          0          0  0.000e+00
  1024.9616     34.959     35.248    31.3362     4.7592          0          0  0.000e+00
  1024.9612     34.951     35.240    31.3362     4.7616          0          0  0.000e+00
  1024.9612     34.921     35.210    31.3366     4.7637          0          0  0.000e+00
  1024.9594     34.864     35.152    31.3348     4.7655          0          0  0.000e+00
  1024.9617     34.787     35.074    31.3383     4.7660          0          0  0.000e+00
  1024.9646     34.695     34.981    31.3429     4.7683          0          0  0.000e+00
  1024.9592     34.591     34.877    31.3371     4.7727          0          0  0.000e+00
  1024.9558     34.488     34.773    31.3339     4.7757          0          0  0.000e+00
  1024.9535     34.388     34.673    31.3319     4.7775          0          0  0.000e+00
  1024.9514     34.295     34.578    31.3299     4.7789          0          0  0.000e+00
  1024.9500     34.214     34.497    31.3287     4.7798          0          0  0.000e+00
  1024.9488     34.152     34.434    31.3277     4.7804          0          0  0.000e+00
  1024.9456     34.104     34.386    31.3240     4.7805          0          0  0.000e+00
  1024.9489     34.078     34.359    31.3282     4.7799          0          0  0.000e+00
  1024.9461     34.073     34.355    31.3249     4.7819          0          0  0.000e+00
  1024.9425     34.087     34.369    31.3206     4.7846          0          0  0.000e+00
  1024.9405     34.121     34.403    31.3181     4.7859          0          0  0.000e+00
  1024.9404     34.172     34.454    31.3177     4.7860          0          0  0.000e+00
  1024.9407     34.236     34.519    31.3177     4.7860          0          0  0.000e+00
  1024.9401     34.303     34.587    31.3166     4.7861          0          0  0.000e+00
  1024.9388     34.359     34.643    31.3146     4.7859          0          0  0.000e+00
  1024.9423     34.422     34.707    31.3183     4.7833          0          0  0.000e+00
  1024.9465     34.465     34.750    31.3231     4.7818          0          0  0.000e+00
  1024.9461     34.494     34.779    31.3227     4.7839          0          0  0.000e+00
  1024.9436     34.480     34.766    31.3202     4.7877          0          0  0.000e+00
  1024.9424     34.469     34.754    31.3192     4.7907          0          0  0.000e+00
  1024.9416     34.461     34.746    31.3185     4.7935          0          0  0.000e+00
  1024.9404     34.445     34.730    31.3175     4.7963          0          0  0.000e+00
  1024.9389     34.428     34.713    31.3161     4.7995          0          0  0.000e+00
  1024.9377     34.408     34.693    31.3151     4.8021          0          0  0.000e+00
  1024.9354     34.439     34.724    31.3123     4.8043          0          0  0.000e+00
  1024.9308     34.490     34.775    31.3062     4.8044          0          0  0.000e+00
  1024.9371     34.515     34.801    31.3135     4.8007          0          0  0.000e+00
  1024.9437     34.330     34.614    31.3227     4.7992          0          0  0.000e+00
  1024.9384     34.192     34.475    31.3171     4.8013          0          0  0.000e+00
  1024.9351     34.056     34.338    31.3138     4.8015          0          0  0.000e+00
  1024.9322     34.011     34.292    31.3102     4.8004          0          0  0.000e+00
  1024.9314     33.992     34.273    31.3089     4.7973          0          0  0.000e+00
  1024.9356     33.942     34.223    31.3139     4.7930          0          0  0.000e+00
  1024.9382     33.872     34.152    31.3174     4.7910          0          0  0.000e+00
  1024.9375     33.791     34.071    31.3169     4.7908          0          0  0.000e+00
  1024.9372     33.686     33.965    31.3171     4.7906          0          0  0.000e+00
  1024.9349     33.556     33.833    31.3150     4.7903          0          0  0.000e+00
  1024.9362     33.435     33.712    31.3173     4.7897          0          0  0.000e+00
  1024.9370     33.323     33.598    31.3190     4.7898          0          0  0.000e+00
  1024.9323     33.215     33.489    31.3137     4.7903          0          0  0.000e+00
  1024.9312     33.098     33.372    31.3128     4.7878          0          0  0.000e+00
  1024.9379     32.987     33.259    31.3213     4.7840          0          0  0.000e+00
  1024.9378     32.908     33.180    31.3217     4.7848          0          0  0.000e+00
  1024.9382     32.838     33.110    31.3232     4.7891          0          0  0.000e+00
  1024.9375     32.711     32.982    31.3243     4.7970          0          0  0.000e+00
  1024.9323     32.600     32.869    31.3199     4.8090          0          0  0.000e+00
  1024.9258     32.503     32.772    31.3141     4.8233          0          0  0.000e+00
  1024.9156     32.428     32.696    31.3038     4.8395          0          0  0.000e+00
  1024.9072     32.343     32.611    31.2957     4.8535          0          0  0.000e+00
  1024.9016     32.263     32.529    31.2908     4.8661          0          0  0.000e+00
  1024.8956     32.224     32.490    31.2850     4.8782          0          0  0.000e+00
  1024.8874     32.227     32.493    31.2760     4.8887          0          0  0.000e+00
  1024.8813     32.272     32.539    31.2693     4.8975          0          0  0.000e+00
  1024.8772     32.304     32.571    31.2649     4.9047          0          0  0.000e+00
  1024.8747     32.356     32.623    31.2623     4.9109          0          0  0.000e+00
  1024.8681     32.401     32.668    31.2546     4.9173          0          0  0.000e+00
  1024.8650     32.441     32.709    31.2507     4.9202          0          0  0.000e+00
  1024.8643     32.476     32.744    31.2497     4.9203          0          0  0.000e+00
  1024.8654     32.500     32.769    31.2507     4.9189          0          0  0.000e+00
  1024.8651     32.518     32.787    31.2501     4.9177          0          0  0.000e+00
  1024.8663     32.523     32.791    31.2514     4.9161          0          0  0.000e+00
  1024.8692     32.507     32.775    31.2549     4.9148          0          0  0.000e+00
  1024.8704     32.449     32.718    31.2569     4.9150          0          0  0.000e+00
  1024.8718     32.367     32.634    31.2594     4.9171          0          0  0.000e+00
  1024.8724     32.267     32.534    31.2612     4.9213          0          0  0.000e+00
  1024.8679     32.161     32.427    31.2570     4.9264          0          0  0.000e+00
  1024.8656     32.053     32.318    31.2553     4.9308          0          0  0.000e+00
  1024.8627     31.950     32.214    31.2527     4.9343          0          0  0.000e+00
  1024.8599     31.860     32.123    31.2500     4.9368          0          0  0.000e+00
  1024.8586     31.779     32.042    31.2490     4.9383          0          0  0.000e+00
  1024.8580     31.747     32.009    31.2488     4.9398          0          0  0.000e+00
  1024.8575     31.725     31.987    31.2485     4.9424          0          0  0.000e+00
  1024.8559     31.744     32.007    31.2470     4.9471          0          0  0.000e+00
  1024.8524     31.776     32.039    31.2432     4.9528          0          0  0.000e+00
  1024.8503     31.822     32.085    31.2410     4.9581          0          0  0.000e+00
  1024.8501     31.886     32.150    31.2411     4.9634          0          0  0.000e+00
  1024.8470     31.959     32.223    31.2376     4.9704          0          0  0.000e+00
  1024.8419     32.037     32.302    31.2316     4.9770          0          0  0.000e+00
  1024.8368     32.121     32.386    31.2253     4.9807          0          0  0.000e+00
  1024.8331     32.210     32.476    31.2200     4.9803          0          0  0.000e+00
  1024.8335     32.294     32.560    31.2194     4.9760          0          0  0.000e+00
  1024.8374     32.367     32.634    31.2230     4.9688          0          0  0.000e+00
  1024.8425     32.430     32.698    31.2280     4.9620          0          0  0.000e+00
  1024.8476     32.476     32.744    31.2336     4.9572          0          0  0.000e+00
  1024.8525     32.507     32.775    31.2393     4.9550          0          0  0.000e+00
  1024.8521     32.514     32.783    31.2389     4.9565          0          0  0.000e+00
  1024.8516     32.501     32.770    31.2387     4.9588          0          0  0.000e+00
  1024.8534     32.468     32.737    31.2416     4.9615          0          0  0.000e+00
  1024.8502     32.419     32.687    31.2383     4.9650          0          0  0.000e+00
  1024.8489     32.356     32.624    31.2373     4.9679          0          0  0.000e+00
  1024.8489     32.288     32.555    31.2381     4.9704          0          0  0.000e+00
  1024.8474     32.216     32.482    31.2371     4.9735          0          0  0.000e+00
  1024.8450     32.152     32.417    31.2349     4.9763          0          0  0.000e+00
  1024.8403     32.094     32.359    31.2296     4.9786          0          0  0.000e+00
  1024.8371     32.048     32.312    31.2256     4.9780          0          0  0.000e+00
  1024.8377     32.023     32.288    31.2261     4.9742          0          0  0.000e+00
  1024.8403     32.014     32.278    31.2288     4.9701          0          0  0.000e+00
  1024.8421     32.034     32.299    31.2306     4.9668          0          0  0.000e+00
  1024.8440     32.072     32.337    31.2325     4.9647          0          0  0.000e+00
  1024.8422     32.132     32.398    31.2298     4.9641          0          0  0.000e+00
  1024.8476     32.203     32.470    31.2358     4.9619          0          0  0.000e+00
  1024.8488     32.286     32.553    31.2370     4.9627          0          0  0.000e+00
  1024.8463     32.376     32.644    31.2337     4.9656          0          0  0.000e+00
  1024.8395     32.466     32.735    31.2247     4.9669          0          0  0.000e+00
  1024.8430     32.544     32.813    31.2280     4.9619          0          0  0.000e+00
  1024.8480     32.614     32.883    31.2330     4.9555          0          0  0.000e+00
