data/eDNA/PER-2022-473/473A005.cnv
* Sea-Bird SBE19plus  Data File:
* FileName = C:\Users\RSG_field\Ryan_Perley2022473\CTD\473A005.hex
* Software version 2.3.0 SB_Terminal.dll
* Temperature SN = 7141
* Conductivity SN = 7141
* System UpLoad Time = Aug 08 2022 13:56:30
* <ApplicationData>
* <SeatermAF>
** Platform: M. Perley
** Cruise: Per2022473
** Station:  ESI_04
** Cast: 01
** Latitude: N  44 45.0861
** Longitude: W 62 06.0422
** Sounding: 99.1
** Chief Scientist: Ryan Stanley
** Comment:
** Had to connect with the junction because it was not returning data from the AFM connection. Downloaded the AFM without issue
# nquan = 8
# nvalues = 3155                                  
# units = specified
# name 0 = density00: Density [density, kg/m^3]
# name 1 = depSM: Depth [salt water, m], lat = 45.00
# name 2 = prdM: Pressure, Strain Gauge [db]
# name 3 = sal00: Salinity, Practical [PSU]
# name 4 = tv290C: Temperature [ITS-90, deg C]
# name 5 = bpos: Bottle Position in Carousel
# name 6 = nbf: Bottles Fired
# name 7 = flag:  0.000e+00
# span 0 =   998.9230,  1026.8912                 
# span 1 =     -0.100,     95.368                 
# span 2 =     -0.101,     96.171                 
# span 3 =     0.0311,    33.5060                 
# span 4 =     3.0015,    17.5731                 
# span 5 =          0,          6                 
# span 6 =          0,          2                 
# span 7 = 0.0000e+00, 0.0000e+00                 
# interval = seconds: 0.25
# start_time = Aug 08 2022 13:30:00 [Instrument's time stamp, header]
# bad_flag = -9.990e-29
*END*
[from data line 2697]
  1024.8280     19.701     19.863    31.2578     4.7564          1          1  0.000e+00
  1024.8245     19.539     19.700    31.2554     4.7640          1          1  0.000e+00
  1024.8282     19.370     19.530    31.2620     4.7712          1          1  0.000e+00
  1024.8358     19.194     19.352    31.2742     4.7833          1          1  0.000e+00
  1024.8261     19.015     19.172    31.2656     4.8029          1          1  0.000e+00
  1024.8191     18.843     18.998    31.2604     4.8221          1          1  0.000e+00
  1024.8185     18.675     18.829    31.2629     4.8395          1          1  0.000e+00
  1024.8111     18.525     18.677    31.2569     4.8576          1          1  0.000e+00
  1024.8328     18.398     18.550    31.2874     4.8748          1          1  0.000e+00
  1024.8559     18.300     18.450    31.3213     4.9065          1          1  0.000e+00
  1024.9423     18.238     18.388    31.4379     4.9595          1          1  0.000e+00
  1025.0054     18.201     18.351    31.5323     5.0655          1          1  0.000e+00
  1024.9807     18.186     18.336    31.5214     5.2115          1          1  0.000e+00
  1024.9528     18.188     18.338    31.5053     5.3477          1          1  0.000e+00
  1025.0468     18.200     18.350    31.6424     5.4759          1          1  0.000e+00
  1025.1104     18.204     18.354    31.7477     5.6465          1          1  0.000e+00
  1025.0642     18.196     18.346    31.7229     5.8721          1          1  0.000e+00
  1024.8424     18.160     18.309    31.4725     6.0729          1          1  0.000e+00
  1024.7642     18.089     18.238    31.3893     6.1729          1          1  0.000e+00
  1024.7974     17.980     18.128    31.4392     6.2200          1          1  0.000e+00
  1024.7600     17.829     17.976    31.4014     6.2761          1          1  0.000e+00
  1024.7216     17.644     17.789    31.3604     6.3189          1          1  0.000e+00
  1024.7250     17.427     17.571    31.3696     6.3412          1          1  0.000e+00
  1024.8220     17.195     17.337    31.4974     6.3629          1          1  0.000e+00
  1024.8783     16.956     17.095    31.5809     6.4303          1          1  0.000e+00
  1024.9139     16.724     16.861    31.6451     6.5414          1          1  0.000e+00
  1024.8820     16.508     16.644    31.6278     6.6768          1          1  0.000e+00
  1024.9326     16.325     16.459    31.7139     6.8043          1          1  0.000e+00
  1024.8574     16.173     16.306    31.6441     6.9541          1          1  0.000e+00
  1024.9661     16.063     16.195    31.8042     7.0812          1          1  0.000e+00
  1025.0152     15.986     16.117    31.8965     7.2536          1          1  0.000e+00
  1024.8923     15.939     16.070    31.7777     7.4690          1          1  0.000e+00
  1024.9488     15.914     16.045    31.8815     7.6487          1          1  0.000e+00
  1024.8711     15.906     16.037    31.8192     7.8538          1          1  0.000e+00
  1024.9346     15.899     16.030    31.9362     8.0509          1          1  0.000e+00
  1024.9270     15.885     16.016    31.9674     8.2717          1          1  0.000e+00
  1024.6785     15.848     15.978    31.6934     8.5002          1          1  0.000e+00
  1024.5630     15.782     15.912    31.5666     8.6062          1          1  0.000e+00
  1024.6306     15.683     15.812    31.6608     8.6447          1          1  0.000e+00
  1024.5860     15.554     15.682    31.6171     8.7100          1          1  0.000e+00
  1024.5580     15.398     15.524    31.5928     8.7649          1          1  0.000e+00
  1024.5327     15.216     15.341    31.5688     8.8023          1          1  0.000e+00
  1024.5768     15.021     15.145    31.6311     8.8267          1          1  0.000e+00
  1024.5858     14.822     14.944    31.6521     8.8698          1          1  0.000e+00
  1024.5870     14.616     14.736    31.6659     8.9264          1          1  0.000e+00
  1024.6056     14.423     14.542    31.7028     8.9875          1          1  0.000e+00
  1024.5820     14.236     14.353    31.6887     9.0640          1          1  0.000e+00
  1024.5327     14.065     14.181    31.6414     9.1384          1          1  0.000e+00
  1024.5192     13.912     14.027    31.6354     9.1905          1          1  0.000e+00
  1024.5158     13.782     13.895    31.6407     9.2351          1          1  0.000e+00
  1024.5227     13.677     13.789    31.6596     9.2818          1          1  0.000e+00
  1024.4981     13.594     13.706    31.6399     9.3386          1          1  0.000e+00
  1024.4633     13.534     13.645    31.6059     9.3892          1          1  0.000e+00
  1024.4330     13.495     13.606    31.5742     9.4227          1          1  0.000e+00
  1024.4325     13.467     13.578    31.5784     9.4460          1          1  0.000e+00
  1024.5109     13.447     13.558    31.6864     9.4828          1          1  0.000e+00
  1024.4441     13.425     13.535    31.6184     9.5681          1          1  0.000e+00
  1024.4139     13.387     13.497    31.5941     9.6370          1          1  0.000e+00
  1024.3856     13.326     13.436    31.5697     9.6929          1          1  0.000e+00
  1024.3710     13.237     13.346    31.5611     9.7391          1          1  0.000e+00
  1024.3295     13.113     13.221    31.5164     9.7772          1          1  0.000e+00
  1024.3007     12.956     13.063    31.4836     9.7923          1          1  0.000e+00
  1024.3432     12.775     12.880    31.5388     9.7905          1          1  0.000e+00
  1024.3589     12.574     12.677    31.5648     9.8133          1          1  0.000e+00
  1024.3658     12.365     12.466    31.5840     9.8573          1          1  0.000e+00
  1024.3596     12.159     12.259    31.5889     9.9128          1          1  0.000e+00
  1024.3220     11.967     12.066    31.5541     9.9714          1          1  0.000e+00
  1024.2999     11.793     11.890    31.5365    10.0173          1          1  0.000e+00
  1024.2990     11.645     11.741    31.5438    10.0536          1          1  0.000e+00
  1024.3001     11.519     11.614    31.5543    10.0934          1          1  0.000e+00
  1024.3510     11.414     11.508    31.6301    10.1401          1          1  0.000e+00
  1024.3922     11.325     11.418    31.7005    10.2200          1          1  0.000e+00
  1024.3469     11.247     11.339    31.6673    10.3338          1          1  0.000e+00
  1024.2660     11.173     11.265    31.5857    10.4348          1          1  0.000e+00
  1024.2404     11.107     11.198    31.5671    10.4987          1          1  0.000e+00
  1024.2196     11.043     11.134    31.5514    10.5476          1          1  0.000e+00
  1024.2380     10.984     11.074    31.5851    10.5924          1          1  0.000e+00
  1024.2203     10.927     11.017    31.5742    10.6447          1          1  0.000e+00
  1024.1437     10.877     10.966    31.4865    10.6924          1          1  0.000e+00
  1024.1340     10.833     10.922    31.4756    10.6978          1          1  0.000e+00
  1024.1365     10.792     10.880    31.4768    10.6879          1          1  0.000e+00
  1024.1655     10.753     10.841    31.5136    10.6846          1          1  0.000e+00
  1024.1374     10.709     10.797    31.4814    10.7010          1          1  0.000e+00
  1024.1353     10.654     10.741    31.4825    10.7170          1          1  0.000e+00
  1024.1173     10.570     10.657    31.4670    10.7494          1          1  0.000e+00
  1024.1035     10.454     10.539    31.4590    10.7902          1          1  0.000e+00
  1024.1029     10.297     10.381    31.4679    10.8299          1          1  0.000e+00
  1024.1289     10.094     10.177    31.5107    10.8671          1          1  0.000e+00
  1024.2045      9.852      9.932    31.6213    10.9205          1          1  0.000e+00
  1024.2017      9.574      9.652    31.6423    11.0231          1          1  0.000e+00
  1024.2038      9.279      9.355    31.6743    11.1451          1          1  0.000e+00
  1024.3126      8.981      9.055    31.8485    11.2878          1          1  0.000e+00
  1024.3155      8.700      8.772    31.9013    11.4935          1          1  0.000e+00
  1024.2898      8.459      8.528    31.9251    11.7313          1          1  0.000e+00
  1024.2962      8.260      8.328    31.9980    11.9990          1          1  0.000e+00
  1024.4941      8.116      8.183    32.3295    12.3115          1          1  0.000e+00
  1024.5738      8.029      8.095    32.5466    12.7714          1          1  0.000e+00
  1024.1456      7.990      8.056    32.1475    13.3778          1          1  0.000e+00
  1024.1669      7.991      8.057    32.3007    13.8587          1          1  0.000e+00
  1024.0056      8.029      8.095    32.2428    14.4236          1          1  0.000e+00
  1023.5668      8.082      8.149    31.8508    15.0694          1          1  0.000e+00
  1023.2009      8.138      8.204    31.5093    15.5465          1          1  0.000e+00
  1022.9706      8.184      8.251    31.2894    15.8262          1          1  0.000e+00
  1022.8513      8.211      8.278    31.1741    15.9658          1          1  0.000e+00
  1022.7959      8.212      8.279    31.1201    16.0285          1          1  0.000e+00
  1022.7445      8.188      8.256    31.0591    16.0484          1          1  0.000e+00
  1022.7628      8.138      8.204    31.0790    16.0338          1          1  0.000e+00
  1022.7840      8.059      8.125    31.1038    16.0225          1          1  0.000e+00
  1022.7771      7.950      8.015    31.0964    16.0258          1          1  0.000e+00
  1022.7580      7.814      7.878    31.0724    16.0262          1          1  0.000e+00
  1022.7555      7.657      7.720    31.0660    16.0122          1          1  0.000e+00
  1022.7723      7.479      7.541    31.0819    15.9882          1          1  0.000e+00
  1022.8039      7.285      7.345    31.1188    15.9693          1          1  0.000e+00
  1022.8441      7.081      7.139    31.1753    15.9794          1          1  0.000e+00
  1022.8347      6.873      6.929    31.1798    16.0333          1          1  0.000e+00
  1022.8211      6.672      6.726    31.1851    16.1082          1          1  0.000e+00
  1022.7543      6.479      6.532    31.1255    16.1989          1          1  0.000e+00
  1022.7143      6.302      6.353    31.0944    16.2670          1          1  0.000e+00
  1022.6831      6.138      6.189    31.0701    16.3194          1          1  0.000e+00
  1022.6669      5.988      6.037    31.0620    16.3608          1          1  0.000e+00
  1022.6700      5.847      5.895    31.0796    16.4044          1          1  0.000e+00
  1022.6396      5.708      5.755    31.0574    16.4607          1          1  0.000e+00
  1022.6182      5.579      5.624    31.0451    16.5109          1          1  0.000e+00
  1022.6993      5.453      5.497    31.1675    16.5647          1          1  0.000e+00
  1022.6085      5.329      5.372    31.0850    16.6833          1          1  0.000e+00
  1022.5116      5.218      5.261    30.9866    16.7748          1          1  0.000e+00
  1022.4866      5.122      5.164    30.9641    16.8069          1          1  0.000e+00
  1022.5225      5.043      5.085    31.0166    16.8242          1          1  0.000e+00
  1022.5396      4.985      5.026    31.0528    16.8692          1          1  0.000e+00
  1022.5278      4.957      4.997    31.0582    16.9380          1          1  0.000e+00
  1022.5176      4.957      4.997    31.0698    17.0207          1          1  0.000e+00
  1022.4611      4.977      5.017    31.0218    17.1061          1          1  0.000e+00
  1022.4340      5.003      5.044    31.0058    17.1705          1          1  0.000e+00
  1022.4391      5.036      5.077    31.0283    17.2236          1          1  0.000e+00
  1022.3923      5.061      5.103    30.9873    17.2899          1          1  0.000e+00
  1022.3480      5.069      5.110    30.9434    17.3356          1          1  0.000e+00
  1022.3067      5.050      5.091    30.8954    17.3546          1          1  0.000e+00
  1022.2850      4.993      5.034    30.8639    17.3433          1          1  0.000e+00
  1022.3163      4.893      4.933    30.8964    17.3143          1          1  0.000e+00
  1022.3209      4.747      4.786    30.8978    17.2962          1          1  0.000e+00
  1022.3198      4.555      4.592    30.8922    17.2789          1          1  0.000e+00
  1022.3569      4.327      4.362    30.9363    17.2604          1          1  0.000e+00
  1022.3596      4.075      4.108    30.9416    17.2609          1          1  0.000e+00
  1022.3708      3.814      3.845    30.9602    17.2692          1          1  0.000e+00
  1022.3713      3.557      3.587    30.9683    17.2884          1          1  0.000e+00
  1022.3555      3.317      3.344    30.9571    17.3150          1          1  0.000e+00
  1022.3438      3.097      3.123    30.9501    17.3379          1          1  0.000e+00
  1022.3390      2.900      2.924    30.9506    17.3564          1          1  0.000e+00
  1022.3369      2.732      2.754    30.9555    17.3780          6          2  0.000e+00
  1022.3216      2.599      2.620    30.9443    17.4046          6          2  0.000e+00
  1022.3214      2.495      2.516    30.9518    17.4278          6          2  0.000e+00
  1022.3129      2.421      2.441    30.9494    17.4545          6          2  0.000e+00
  1022.2926      2.372      2.392    30.9320    17.4834          6          2  0.000e+00
  1022.2775      2.357      2.377    30.9193    17.5058          6          2  0.000e+00
  1022.2672      2.367      2.386    30.9100    17.5196          6          2  0.000e+00
  1022.2616      2.392      2.412    30.9051    17.5283          6          2  0.000e+00
  1022.2638      2.422      2.442    30.9096    17.5337          6          2  0.000e+00
  1022.2628      2.449      2.469    30.9106    17.5416          6          2  0.000e+00
  1022.2517      2.455      2.475    30.8994    17.5526          6          2  0.000e+00
  1022.2395      2.442      2.462    30.8851    17.5577          6          2  0.000e+00
  1022.2293      2.403      2.423    30.8706    17.5531          6          2  0.000e+00
  1022.2343      2.332      2.351    30.8732    17.5393          6          2  0.000e+00
  1022.2497      2.238      2.256    30.8895    17.5250          6          2  0.000e+00
  1022.2470      2.129      2.146    30.8842    17.5174          6          2  0.000e+00
  1022.2517      2.017      2.034    30.8886    17.5095          6          2  0.000e+00
  1022.2551      1.913      1.929    30.8913    17.5017          6          2  0.000e+00
  1022.2611      1.818      1.833    30.8978    17.4954          6          2  0.000e+00
  1022.2640      1.724      1.738    30.9011    17.4922          6          2  0.000e+00
  1022.2654      1.623      1.636    30.9036    17.4922          6          2  0.000e+00
  1022.2676      1.505      1.518    30.9073    17.4930          6          2  0.000e+00
  1022.2702      1.352      1.363    30.9124    17.4956          6          2  0.000e+00
  1022.2666      1.159      1.168    30.9102    17.5001          6          2  0.000e+00
  1022.2543      0.930      0.937    30.8959    17.5014          6          2  0.000e+00
  1022.2501      0.687      0.693    30.8896    17.4943          6          2  0.000e+00
  1022.2729      0.467      0.470    30.9173    17.4833          6          2  0.000e+00
  1022.2870      0.350      0.353    30.9370    17.4852          6          2  0.000e+00
  1022.2901      0.297      0.299    30.9459    17.4999          6          2  0.000e+00
  1022.2748      0.288      0.291    30.9322    17.5200          6          2  0.000e+00
  1022.2649      0.299      0.302    30.9233    17.5337          6          2  0.000e+00
