data/eDNA/PER-2022-473/473A025.cnv
* Sea-Bird SBE19plus  Data File:
* FileName = C:\Users\RSG_field\Ryan_Perley2022473\CTD\473A025.hex
* Software version 2.3.0 SB_Terminal.dll
* Temperature SN = 7141
* Conductivity SN = 7141
* System UpLoad Time = Aug 16 2022 13:52:06
* <ApplicationData>
* <SeatermAF>
** Platform: M. Perley
** Cruise: Per2022473
** Station:  SAB_Trans_10
** Cast: 01 473A025
** Latitude: N  46 00.2538
** Longitude: W 59 11.2409
** Sounding: 58
** Chief Scientist: Ryan Stanley
** Comment: Bottles 493903-43908 - sounding based on plumb line Cast 44
** Plumb to ~ 58 deployment cable to ~52
# nquan = 8
# nvalues = 2302                                  
# units = specified
# name 0 = density00: Density [density, kg/m^3]
# name 1 = depSM: Depth [salt water, m], lat = 45.00
# name 2 = prdM: Pressure, Strain Gauge [db]
# name 3 = sal00: Salinity, Practical [PSU]
# name 4 = tv290C: Temperature [ITS-90, deg C]
# name 5 = bpos: Bottle Position in Carousel
# name 6 = nbf: Bottles Fired
# name 7 = flag:  0.000e+00
# span 0 =   998.7549,  1025.6510                 
# span 1 =     -0.037,     48.632                 
# span 2 =     -0.037,     49.035                 
# span 3 =     0.1507,    31.9411                 
# span 4 =     3.1797,    20.4965                 
# span 5 =          0,          6                 
# span 6 =          0,          2                 
# span 7 = 0.0000e+00, 0.0000e+00                 
# interval = seconds: 0.25
# start_time = Aug 16 2022 13:38:32 [Instrument's time stamp, header]
# bad_flag = -9.990e-29
*END*
[from data line 1978]
  1023.0729     23.036     23.226    30.1514    11.2040          1          1  0.000e+00
  1023.0745     22.962     23.151    30.1527    11.1986          1          1  0.000e+00
  1023.0822     22.894     23.083    30.1616    11.1927          1          1  0.000e+00
  1023.0949     22.826     23.014    30.1789    11.1951          1          1  0.000e+00
  1023.0837     22.771     22.959    30.1700    11.2179          1          1  0.000e+00
  1023.0777     22.711     22.898    30.1694    11.2481          1          1  0.000e+00
  1023.0474     22.650     22.837    30.1375    11.2785          1          1  0.000e+00
  1023.0294     22.590     22.776    30.1186    11.2956          1          1  0.000e+00
  1023.0260     22.523     22.709    30.1162    11.3031          1          1  0.000e+00
  1023.0224     22.453     22.638    30.1131    11.3075          1          1  0.000e+00
  1023.0192     22.378     22.562    30.1099    11.3102          1          1  0.000e+00
  1023.0069     22.301     22.484    30.0937    11.3062          1          1  0.000e+00
  1023.0128     22.217     22.400    30.0966    11.2832          1          1  0.000e+00
  1023.0319     22.128     22.310    30.1152    11.2545          1          1  0.000e+00
  1023.0462     22.035     22.216    30.1314    11.2421          1          1  0.000e+00
  1023.0589     21.935     22.116    30.1472    11.2368          1          1  0.000e+00
  1023.2157     21.820     22.000    30.3513    11.2438          1          1  0.000e+00
  1023.1753     21.700     21.878    30.3263    11.3602          1          1  0.000e+00
  1023.1267     21.562     21.739    30.3016    11.5235          1          1  0.000e+00
  1023.0638     21.414     21.591    30.2608    11.6952          1          1  0.000e+00
  1022.9973     21.264     21.439    30.2154    11.8657          1          1  0.000e+00
  1023.0118     21.108     21.282    30.2756    12.0384          1          1  0.000e+00
  1022.9516     20.958     21.130    30.2461    12.2385          1          1  0.000e+00
  1022.8443     20.817     20.988    30.1572    12.4424          1          1  0.000e+00
  1022.8045     20.692     20.862    30.1456    12.6041          1          1  0.000e+00
  1022.8219     20.589     20.758    30.2072    12.7622          1          1  0.000e+00
  1022.7466     20.505     20.674    30.1574    12.9530          1          1  0.000e+00
  1022.9476     20.450     20.618    30.4614    13.1281          1          1  0.000e+00
  1023.2422     20.418     20.586    30.9242    13.4489          1          1  0.000e+00
  1022.6749     20.401     20.569    30.3311    13.9969          1          1  0.000e+00
  1022.2921     20.405     20.573    29.9166    14.3085          1          1  0.000e+00
  1022.2739     20.415     20.583    29.9097    14.3719          1          1  0.000e+00
  1022.7062     20.430     20.598    30.4875    14.4346          1          1  0.000e+00
  1022.4926     20.447     20.615    30.2895    14.7291          1          1  0.000e+00
  1022.3894     20.457     20.626    30.2254    14.9858          1          1  0.000e+00
  1022.3551     20.450     20.618    30.2317    15.1703          1          1  0.000e+00
  1022.2736     20.429     20.597    30.1815    15.3702          1          1  0.000e+00
  1022.0887     20.385     20.553    29.9899    15.5444          1          1  0.000e+00
  1021.9877     20.324     20.491    29.8783    15.6137          1          1  0.000e+00
  1021.7688     20.230     20.397    29.5894    15.5980          1          1  0.000e+00
  1021.6785     20.114     20.280    29.4270    15.4355          1          1  0.000e+00
  1021.8871     19.979     20.144    29.6240    15.1641          1          1  0.000e+00
  1022.1245     19.822     19.986    29.8828    14.9786          1          1  0.000e+00
  1022.2439     19.654     19.816    30.0307    14.9481          1          1  0.000e+00
  1022.2602     19.476     19.636    30.0698    15.0098          1          1  0.000e+00
  1022.2768     19.296     19.454    30.1222    15.1179          1          1  0.000e+00
  1022.2227     19.116     19.274    30.0946    15.2686          1          1  0.000e+00
  1022.1510     18.940     19.096    30.0449    15.4212          1          1  0.000e+00
  1022.0968     18.775     18.930    30.0169    15.5693          1          1  0.000e+00
  1022.0345     18.621     18.775    29.9792    15.7199          1          1  0.000e+00
  1021.9715     18.485     18.637    29.9408    15.8704          1          1  0.000e+00
  1021.9845     18.364     18.515    30.0070    16.0401          1          1  0.000e+00
  1021.8443     18.256     18.406    29.9087    16.3300          1          1  0.000e+00
  1021.7121     18.168     18.317    29.8293    16.6458          1          1  0.000e+00
  1021.5817     18.097     18.246    29.7586    16.9795          1          1  0.000e+00
  1021.3017     18.047     18.195    29.4993    17.3327          1          1  0.000e+00
  1021.1337     18.017     18.165    29.3452    17.5476          1          1  0.000e+00
  1021.1020     18.003     18.152    29.3327    17.6419          1          1  0.000e+00
  1020.9909     18.012     18.160    29.2176    17.7410          1          1  0.000e+00
  1020.9838     18.034     18.183    29.2161    17.7667          1          1  0.000e+00
  1020.9967     18.068     18.217    29.2324    17.7653          1          1  0.000e+00
  1021.0021     18.114     18.263    29.2443    17.7819          1          1  0.000e+00
  1020.9757     18.152     18.301    29.2171    17.8067          1          1  0.000e+00
  1020.9611     18.184     18.333    29.2007    17.8157          1          1  0.000e+00
  1020.9525     18.200     18.349    29.1842    17.7994          1          1  0.000e+00
  1020.9469     18.186     18.335    29.1641    17.7573          1          1  0.000e+00
  1021.0030     18.141     18.291    29.2107    17.6692          1          1  0.000e+00
  1021.0694     18.058     18.206    29.2728    17.5871          1          1  0.000e+00
  1021.1241     17.934     18.081    29.3349    17.5535          1          1  0.000e+00
  1021.0761     17.775     17.921    29.2833    17.5869          1          1  0.000e+00
  1021.0338     17.581     17.725    29.2342    17.6036          1          1  0.000e+00
  1021.0786     17.357     17.500    29.2871    17.5807          1          1  0.000e+00
  1021.1071     17.117     17.258    29.3274    17.5862          1          1  0.000e+00
  1021.1158     16.868     17.007    29.3563    17.6387          1          1  0.000e+00
  1021.0894     16.632     16.769    29.3516    17.7315          1          1  0.000e+00
  1021.0538     16.410     16.545    29.3400    17.8405          1          1  0.000e+00
  1020.9867     16.220     16.353    29.2896    17.9581          1          1  0.000e+00
  1020.9116     16.064     16.196    29.2227    18.0560          1          1  0.000e+00
  1021.0530     15.945     16.076    29.4321    18.1314          1          1  0.000e+00
  1020.9944     15.862     15.993    29.4245    18.3502          1          1  0.000e+00
  1020.8203     15.817     15.947    29.2825    18.6213          1          1  0.000e+00
  1020.6523     15.799     15.929    29.1259    18.8203          1          1  0.000e+00
  1020.5613     15.808     15.938    29.0396    18.9236          1          1  0.000e+00
  1020.5330     15.825     15.955    29.0141    18.9598          1          1  0.000e+00
  1020.5606     15.842     15.972    29.0541    18.9720          1          1  0.000e+00
  1020.5076     15.863     15.994    28.9948    19.0044          1          1  0.000e+00
  1020.4754     15.875     16.006    28.9532    19.0064          1          1  0.000e+00
  1020.5624     15.879     16.010    29.0566    18.9732          1          1  0.000e+00
  1020.5553     15.878     16.009    29.0566    19.0020          1          1  0.000e+00
  1020.4781     15.868     15.998    28.9681    19.0418          1          1  0.000e+00
  1020.5024     15.849     15.979    28.9950    19.0255          1          1  0.000e+00
  1020.5238     15.833     15.963    29.0193    19.0138          1          1  0.000e+00
  1020.5442     15.808     15.938    29.0491    19.0227          1          1  0.000e+00
  1020.5183     15.779     15.908    29.0251    19.0530          1          1  0.000e+00
  1020.5140     15.732     15.861    29.0271    19.0758          1          1  0.000e+00
  1020.5051     15.673     15.801    29.0240    19.1014          1          1  0.000e+00
  1020.4542     15.589     15.717    28.9665    19.1287          1          1  0.000e+00
  1020.4283     15.480     15.607    28.9278    19.1120          1          1  0.000e+00
  1020.4585     15.337     15.463    28.9526    19.0638          1          1  0.000e+00
  1020.4938     15.172     15.297    28.9887    19.0287          1          1  0.000e+00
  1020.5183     14.986     15.109    29.0194    19.0212          1          1  0.000e+00
  1020.5411     14.790     14.911    29.0563    19.0391          1          1  0.000e+00
  1020.5377     14.588     14.708    29.0682    19.0858          1          1  0.000e+00
  1020.5168     14.391     14.509    29.0620    19.1480          1          1  0.000e+00
  1020.4932     14.209     14.326    29.0542    19.2160          1          1  0.000e+00
  1020.4455     14.044     14.160    29.0154    19.2864          1          1  0.000e+00
  1020.4137     13.913     14.027    28.9901    19.3345          1          1  0.000e+00
  1020.4336     13.807     13.920    29.0282    19.3689          1          1  0.000e+00
  1020.4325     13.738     13.851    29.0467    19.4287          1          1  0.000e+00
  1020.4029     13.707     13.820    29.0348    19.5103          1          1  0.000e+00
  1020.3421     13.711     13.823    28.9846    19.6007          1          1  0.000e+00
  1020.3158     13.748     13.861    28.9704    19.6628          1          1  0.000e+00
  1020.2866     13.814     13.928    28.9498    19.7178          1          1  0.000e+00
  1020.2614     13.897     14.011    28.9324    19.7666          1          1  0.000e+00
  1020.2002     13.979     14.094    28.8627    19.8007          1          1  0.000e+00
  1020.2127     14.053     14.168    28.8749    19.7890          1          1  0.000e+00
  1020.2635     14.104     14.220    28.9365    19.7743          1          1  0.000e+00
  1020.2379     14.124     14.240    28.9129    19.8049          1          1  0.000e+00
  1020.2131     14.102     14.218    28.8898    19.8332          1          1  0.000e+00
  1020.1935     14.040     14.156    28.8676    19.8426          1          1  0.000e+00
  1020.1823     13.944     14.058    28.8507    19.8348          1          1  0.000e+00
  1020.1861     13.805     13.918    28.8488    19.8112          1          1  0.000e+00
  1020.2165     13.635     13.747    28.8814    19.7862          1          1  0.000e+00
  1020.2398     13.442     13.553    28.9126    19.7845          1          1  0.000e+00
  1020.2320     13.233     13.341    28.9118    19.8093          1          1  0.000e+00
  1020.2120     13.015     13.122    28.8972    19.8407          1          1  0.000e+00
  1020.1975     12.803     12.908    28.8880    19.8665          1          1  0.000e+00
  1020.1848     12.597     12.700    28.8790    19.8860          1          1  0.000e+00
  1020.1743     12.413     12.515    28.8716    19.9022          1          1  0.000e+00
  1020.1620     12.255     12.356    28.8607    19.9149          1          1  0.000e+00
  1020.1884     12.124     12.223    28.9001    19.9270          1          1  0.000e+00
  1020.1876     12.032     12.130    28.9121    19.9644          1          1  0.000e+00
  1020.1626     11.976     12.075    28.8983    20.0206          1          1  0.000e+00
  1020.1298     11.958     12.057    28.8745    20.0779          1          1  0.000e+00
  1020.1072     11.979     12.077    28.8614    20.1274          1          1  0.000e+00
  1020.0747     12.024     12.123    28.8332    20.1717          1          1  0.000e+00
  1020.0678     12.090     12.189    28.8339    20.2021          1          1  0.000e+00
  1020.0491     12.175     12.275    28.8203    20.2360          1          1  0.000e+00
  1020.0287     12.255     12.356    28.8037    20.2679          1          1  0.000e+00
  1020.0132     12.332     12.433    28.7901    20.2892          1          1  0.000e+00
  1020.0102     12.387     12.488    28.7900    20.3014          1          1  0.000e+00
  1019.9999     12.405     12.507    28.7814    20.3165          1          1  0.000e+00
  1019.9804     12.388     12.490    28.7599    20.3287          1          1  0.000e+00
  1019.9675     12.323     12.424    28.7429    20.3277          1          1  0.000e+00
  1019.9711     12.210     12.310    28.7428    20.3113          1          1  0.000e+00
  1019.9859     12.055     12.154    28.7567    20.2921          1          1  0.000e+00
  1019.9970     11.874     11.971    28.7689    20.2818          1          1  0.000e+00
  1020.0006     11.678     11.774    28.7746    20.2815          1          1  0.000e+00
  1019.9999     11.478     11.573    28.7767    20.2869          1          1  0.000e+00
  1020.0001     11.293     11.386    28.7809    20.2952          1          1  0.000e+00
  1019.9918     11.127     11.219    28.7747    20.3063          1          1  0.000e+00
  1019.9857     10.988     11.078    28.7702    20.3141          1          1  0.000e+00
  1019.9893     10.870     10.959    28.7773    20.3191          1          1  0.000e+00
  1019.9880     10.767     10.855    28.7794    20.3287          1          1  0.000e+00
  1019.9814     10.675     10.763    28.7758    20.3420          1          1  0.000e+00
  1019.9750     10.591     10.678    28.7721    20.3546          1          1  0.000e+00
  1019.9681     10.517     10.603    28.7673    20.3661          1          1  0.000e+00
  1019.9607     10.448     10.534    28.7609    20.3749          1          1  0.000e+00
  1019.9584     10.382     10.468    28.7597    20.3790          1          1  0.000e+00
  1019.9559     10.328     10.413    28.7578    20.3824          1          1  0.000e+00
  1019.9542     10.281     10.365    28.7572    20.3859          1          1  0.000e+00
  1019.9543     10.241     10.325    28.7587    20.3895          1          1  0.000e+00
  1019.9506     10.215     10.299    28.7556    20.3941          1          1  0.000e+00
  1019.9490     10.199     10.283    28.7547    20.3975          1          1  0.000e+00
  1019.9468     10.192     10.275    28.7522    20.3987          1          1  0.000e+00
  1019.9500     10.193     10.276    28.7560    20.3974          1          1  0.000e+00
  1019.9478     10.195     10.278    28.7539    20.3999          1          1  0.000e+00
  1019.9439     10.192     10.275    28.7496    20.4023          1          1  0.000e+00
  1019.9412     10.183     10.267    28.7461    20.4025          1          1  0.000e+00
  1019.9336     10.158     10.241    28.7354    20.3999          1          1  0.000e+00
  1019.9346     10.120     10.203    28.7341    20.3913          1          1  0.000e+00
  1019.9376     10.054     10.136    28.7345    20.3796          1          1  0.000e+00
  1019.9452      9.968     10.050    28.7413    20.3687          1          1  0.000e+00
  1019.9462      9.858      9.939    28.7407    20.3612          1          1  0.000e+00
  1019.9514      9.729      9.809    28.7459    20.3542          1          1  0.000e+00
  1019.9558      9.585      9.664    28.7510    20.3499          1          1  0.000e+00
  1019.9584      9.431      9.508    28.7552    20.3492          1          1  0.000e+00
  1019.9574      9.273      9.349    28.7554    20.3512          1          1  0.000e+00
  1019.9557      9.109      9.184    28.7550    20.3538          1          1  0.000e+00
