data/eDNA/PER-2022-473/473A005.cnv
* Sea-Bird SBE19plus  Data File:
* FileName = C:\Users\RSG_field\Ryan_Perley2022473\CTD\473A005.hex
* Software version 2.3.0 SB_Terminal.dll
* Temperature SN = 7141
* Conductivity SN = 7141
* System UpLoad Time = Aug 08 2022 13:56:30
* <ApplicationData>
* <SeatermAF>
** Platform: M. Perley
** Cruise: Per2022473
** Station:  ESI_04
** Cast: 01
** Latitude: N  44 45.0861
** Longitude: W 62 06.0422
** Sounding: 99.1
** Chief Scientist: Ryan Stanley
** Comment:
** Had to connect with the junction because it was not returning data from the AFM connection. Downloaded the AFM without issue
# nquan = 8
# nvalues = 3155                                  
# units = specified
# name 0 = density00: Density [density, kg/m^3]
# name 1 = depSM: Depth [salt water, m], lat = 45.00
# name 2 = prdM: Pressure, Strain Gauge [db]
# name 3 = sal00: Salinity, Practical [PSU]
# name 4 = tv290C: Temperature [ITS-90, deg C]
# name 5 = bpos: Bottle Position in Carousel
# name 6 = nbf: Bottles Fired
# name 7 = flag:  0.000e+00
# span 0 =   998.9230,  1026.8912                 
# span 1 =     -0.100,     95.368                 
# span 2 =     -0.101,     96.171                 
# span 3 =     0.0311,    33.5060                 
# span 4 =     3.0015,    17.5731                 
# span 5 =          0,          6                 
# span 6 =          0,          2                 
# span 7 = 0.0000e+00, 0.0000e+00                 
# interval = seconds: 0.25
# start_time = Aug 08 2022 13:30:00 [Instrument's time stamp, header]
# bad_flag = -9.990e-29
*END*
   998.9328     -0.095     -0.096     0.0364    16.2397          0          0  0.000e+00
   998.9329     -0.094     -0.095     0.0366    16.2401          0          0  0.000e+00
   998.9329     -0.097     -0.097     0.0366    16.2402          0          0  0.000e+00
   998.9330     -0.093     -0.094     0.0367    16.2403          0          0  0.000e+00
   998.9330     -0.094     -0.095     0.0368    16.2405          0          0  0.000e+00
   998.9330     -0.094     -0.095     0.0368    16.2407          0          0  0.000e+00
   998.9330     -0.093     -0.094     0.0369    16.2410          0          0  0.000e+00
   998.9330     -0.094     -0.095     0.0369    16.2412          0          0  0.000e+00
   998.9329     -0.093     -0.094     0.0369    16.2415          0          0  0.000e+00
   998.9329     -0.092     -0.093     0.0369    16.2416          0          0  0.000e+00
   998.9328     -0.094     -0.095     0.0369    16.2419          0          0  0.000e+00
   998.9328     -0.093     -0.094     0.0369    16.2420          0          0  0.000e+00
   998.9327     -0.095     -0.096     0.0368    16.2422          0          0  0.000e+00
   998.9327     -0.095     -0.096     0.0368    16.2424          0          0  0.000e+00
   998.9327     -0.094     -0.095     0.0369    16.2428          0          0  0.000e+00
   998.9327     -0.093     -0.094     0.0369    16.2428          0          0  0.000e+00
   998.9327     -0.095     -0.096     0.0369    16.2431          0          0  0.000e+00
   998.9327     -0.094     -0.095     0.0370    16.2434          0          0  0.000e+00
   998.9327     -0.095     -0.096     0.0371    16.2434          0          0  0.000e+00
   998.9327     -0.093     -0.094     0.0371    16.2436          0          0  0.000e+00
   998.9326     -0.094     -0.095     0.0371    16.2440          0          0  0.000e+00
   998.9326     -0.094     -0.095     0.0371    16.2442          0          0  0.000e+00
   998.9326     -0.097     -0.097     0.0371    16.2443          0          0  0.000e+00
   998.9325     -0.095     -0.096     0.0370    16.2444          0          0  0.000e+00
   998.9324     -0.094     -0.095     0.0369    16.2447          0          0  0.000e+00
   998.9323     -0.095     -0.096     0.0368    16.2449          0          0  0.000e+00
   998.9321     -0.098     -0.098     0.0367    16.2452          0          0  0.000e+00
   998.9320     -0.095     -0.096     0.0366    16.2454          0          0  0.000e+00
   998.9319     -0.097     -0.097     0.0366    16.2457          0          0  0.000e+00
   998.9319     -0.095     -0.096     0.0366    16.2458          0          0  0.000e+00
   998.9318     -0.098     -0.098     0.0365    16.2463          0          0  0.000e+00
   998.9319     -0.098     -0.098     0.0366    16.2461          0          0  0.000e+00
   998.9318     -0.099     -0.099     0.0366    16.2463          0          0  0.000e+00
   998.9319     -0.096     -0.096     0.0367    16.2466          0          0  0.000e+00
   998.9319     -0.098     -0.098     0.0368    16.2469          0          0  0.000e+00
   998.9319     -0.098     -0.098     0.0368    16.2472          0          0  0.000e+00
   998.9319     -0.097     -0.097     0.0369    16.2473          0          0  0.000e+00
   998.9319     -0.097     -0.097     0.0369    16.2476          0          0  0.000e+00
   998.9319     -0.098     -0.098     0.0370    16.2478          0          0  0.000e+00
   998.9319     -0.094     -0.095     0.0370    16.2480          0          0  0.000e+00
   998.9319     -0.094     -0.095     0.0370    16.2482          0          0  0.000e+00
   998.9319     -0.094     -0.095     0.0370    16.2483          0          0  0.000e+00
   998.9317     -0.096     -0.096     0.0369    16.2486          0          0  0.000e+00
   998.9317     -0.098     -0.098     0.0370    16.2488          0          0  0.000e+00
   998.9317     -0.097     -0.097     0.0370    16.2490          0          0  0.000e+00
   998.9317     -0.097     -0.097     0.0369    16.2492          0          0  0.000e+00
   998.9316     -0.093     -0.094     0.0370    16.2495          0          0  0.000e+00
   998.9316     -0.096     -0.096     0.0370    16.2497          0          0  0.000e+00
   998.9316     -0.096     -0.096     0.0370    16.2498          0          0  0.000e+00
   998.9315     -0.097     -0.097     0.0369    16.2502          0          0  0.000e+00
   998.9314     -0.097     -0.097     0.0369    16.2503          0          0  0.000e+00
   998.9313     -0.097     -0.097     0.0368    16.2505          0          0  0.000e+00
   998.9313     -0.097     -0.097     0.0368    16.2506          0          0  0.000e+00
   998.9312     -0.098     -0.098     0.0367    16.2510          0          0  0.000e+00
   998.9311     -0.098     -0.098     0.0366    16.2511          0          0  0.000e+00
   998.9310     -0.097     -0.097     0.0365    16.2514          0          0  0.000e+00
   998.9309     -0.098     -0.098     0.0365    16.2515          0          0  0.000e+00
   998.9308     -0.098     -0.098     0.0364    16.2517          0          0  0.000e+00
   998.9307     -0.096     -0.096     0.0364    16.2520          0          0  0.000e+00
   998.9307     -0.096     -0.096     0.0364    16.2523          0          0  0.000e+00
   998.9307     -0.098     -0.098     0.0364    16.2523          0          0  0.000e+00
   998.9307     -0.098     -0.098     0.0365    16.2527          0          0  0.000e+00
   998.9308     -0.099     -0.100     0.0366    16.2528          0          0  0.000e+00
   998.9308     -0.096     -0.096     0.0367    16.2531          0          0  0.000e+00
   998.9308     -0.096     -0.096     0.0368    16.2532          0          0  0.000e+00
   998.9309     -0.096     -0.096     0.0369    16.2536          0          0  0.000e+00
   998.9309     -0.094     -0.095     0.0370    16.2538          0          0  0.000e+00
   998.9310     -0.096     -0.096     0.0371    16.2540          0          0  0.000e+00
   998.9311     -0.096     -0.096     0.0372    16.2541          0          0  0.000e+00
   998.9310     -0.096     -0.096     0.0373    16.2544          0          0  0.000e+00
   998.9311     -0.094     -0.095     0.0373    16.2546          0          0  0.000e+00
   998.9309     -0.096     -0.096     0.0372    16.2549          0          0  0.000e+00
   998.9309     -0.094     -0.095     0.0372    16.2552          0          0  0.000e+00
   998.9307     -0.096     -0.096     0.0370    16.2552          0          0  0.000e+00
   998.9305     -0.096     -0.096     0.0368    16.2554          0          0  0.000e+00
   998.9304     -0.096     -0.096     0.0366    16.2556          0          0  0.000e+00
   998.9302     -0.097     -0.097     0.0365    16.2559          0          0  0.000e+00
   998.9301     -0.099     -0.100     0.0364    16.2560          0          0  0.000e+00
   998.9299     -0.099     -0.100     0.0363    16.2564          0          0  0.000e+00
   998.9299     -0.097     -0.097     0.0363    16.2565          0          0  0.000e+00
   998.9299     -0.096     -0.096     0.0363    16.2566          0          0  0.000e+00
   998.9299     -0.099     -0.100     0.0363    16.2570          0          0  0.000e+00
   998.9300     -0.096     -0.096     0.0364    16.2571          0          0  0.000e+00
   998.9300     -0.097     -0.097     0.0365    16.2574          0          0  0.000e+00
   998.9300     -0.097     -0.097     0.0366    16.2576          0          0  0.000e+00
   998.9301     -0.097     -0.097     0.0368    16.2579          0          0  0.000e+00
   998.9302     -0.096     -0.096     0.0369    16.2580          0          0  0.000e+00
   998.9302     -0.096     -0.096     0.0370    16.2583          0          0  0.000e+00
   998.9302     -0.094     -0.095     0.0371    16.2585          0          0  0.000e+00
   998.9303     -0.094     -0.095     0.0372    16.2586          0          0  0.000e+00
   998.9302     -0.096     -0.096     0.0372    16.2590          0          0  0.000e+00
   998.9302     -0.098     -0.098     0.0372    16.2593          0          0  0.000e+00
   998.9301     -0.097     -0.097     0.0372    16.2593          0          0  0.000e+00
   998.9301     -0.095     -0.095     0.0371    16.2594          0          0  0.000e+00
   998.9299     -0.096     -0.096     0.0370    16.2598          0          0  0.000e+00
   998.9298     -0.098     -0.098     0.0369    16.2600          0          0  0.000e+00
   998.9297     -0.097     -0.097     0.0368    16.2601          0          0  0.000e+00
   998.9297     -0.097     -0.097     0.0367    16.2602          0          0  0.000e+00
   998.9296     -0.097     -0.097     0.0367    16.2607          0          0  0.000e+00
   998.9295     -0.097     -0.097     0.0367    16.2608          0          0  0.000e+00
   998.9294     -0.099     -0.100     0.0366    16.2612          0          0  0.000e+00
   998.9293     -0.098     -0.098     0.0365    16.2613          0          0  0.000e+00
   998.9293     -0.096     -0.096     0.0365    16.2614          0          0  0.000e+00
   998.9292     -0.097     -0.097     0.0365    16.2618          0          0  0.000e+00
   998.9292     -0.097     -0.097     0.0365    16.2619          0          0  0.000e+00
   998.9291     -0.098     -0.098     0.0365    16.2623          0          0  0.000e+00
   998.9292     -0.096     -0.096     0.0366    16.2625          0          0  0.000e+00
   998.9291     -0.098     -0.098     0.0366    16.2626          0          0  0.000e+00
   998.9291     -0.096     -0.096     0.0366    16.2628          0          0  0.000e+00
   998.9291     -0.098     -0.098     0.0366    16.2630          0          0  0.000e+00
   998.9291     -0.099     -0.100     0.0367    16.2633          0          0  0.000e+00
   998.9292     -0.096     -0.096     0.0367    16.2633          0          0  0.000e+00
   998.9291     -0.095     -0.095     0.0367    16.2635          0          0  0.000e+00
   998.9291     -0.098     -0.098     0.0368    16.2638          0          0  0.000e+00
   998.9288     -0.097     -0.097     0.0365    16.2642          0          0  0.000e+00
   998.9287     -0.096     -0.096     0.0363    16.2642          0          0  0.000e+00
   998.9284     -0.097     -0.097     0.0359    16.2643          0          0  0.000e+00
   998.9282     -0.097     -0.097     0.0357    16.2647          0          0  0.000e+00
   998.9280     -0.097     -0.097     0.0356    16.2649          0          0  0.000e+00
   998.9279     -0.097     -0.097     0.0355    16.2651          0          0  0.000e+00
   998.9276     -0.099     -0.100     0.0352    16.2654          0          0  0.000e+00
   998.9275     -0.098     -0.098     0.0351    16.2657          0          0  0.000e+00
   998.9274     -0.098     -0.098     0.0350    16.2659          0          0  0.000e+00
   998.9273     -0.098     -0.098     0.0349    16.2659          0          0  0.000e+00
   998.9272     -0.098     -0.098     0.0349    16.2663          0          0  0.000e+00
   998.9271     -0.098     -0.098     0.0348    16.2664          0          0  0.000e+00
   998.9270     -0.097     -0.097     0.0347    16.2668          0          0  0.000e+00
   998.9269     -0.098     -0.099     0.0347    16.2669          0          0  0.000e+00
   998.9268     -0.098     -0.099     0.0346    16.2672          0          0  0.000e+00
   998.9267     -0.097     -0.097     0.0345    16.2676          0          0  0.000e+00
   998.9266     -0.097     -0.097     0.0344    16.2677          0          0  0.000e+00
   998.9265     -0.096     -0.096     0.0342    16.2678          0          0  0.000e+00
   998.9263     -0.097     -0.097     0.0341    16.2681          0          0  0.000e+00
   998.9262     -0.097     -0.097     0.0340    16.2684          0          0  0.000e+00
   998.9262     -0.096     -0.096     0.0340    16.2684          0          0  0.000e+00
   998.9261     -0.097     -0.097     0.0339    16.2686          0          0  0.000e+00
   998.9258     -0.097     -0.097     0.0336    16.2691          0          0  0.000e+00
   998.9257     -0.098     -0.099     0.0336    16.2692          0          0  0.000e+00
   998.9256     -0.098     -0.099     0.0334    16.2693          0          0  0.000e+00
   998.9254     -0.097     -0.097     0.0333    16.2696          0          0  0.000e+00
   998.9253     -0.100     -0.101     0.0332    16.2699          0          0  0.000e+00
   998.9252     -0.098     -0.099     0.0331    16.2702          0          0  0.000e+00
   998.9252     -0.098     -0.099     0.0332    16.2704          0          0  0.000e+00
   998.9253     -0.097     -0.097     0.0334    16.2706          0          0  0.000e+00
   998.9253     -0.096     -0.096     0.0334    16.2709          0          0  0.000e+00
   998.9253     -0.098     -0.099     0.0334    16.2711          0          0  0.000e+00
   998.9252     -0.097     -0.097     0.0333    16.2713          0          0  0.000e+00
   998.9251     -0.096     -0.096     0.0333    16.2716          0          0  0.000e+00
   998.9249     -0.097     -0.097     0.0331    16.2719          0          0  0.000e+00
   998.9248     -0.097     -0.097     0.0331    16.2721          0          0  0.000e+00
   998.9247     -0.097     -0.097     0.0329    16.2725          0          0  0.000e+00
   998.9245     -0.098     -0.099     0.0328    16.2728          0          0  0.000e+00
   998.9244     -0.097     -0.097     0.0326    16.2729          0          0  0.000e+00
   998.9239     -0.096     -0.096     0.0321    16.2733          0          0  0.000e+00
   998.9235     -0.097     -0.097     0.0316    16.2734          0          0  0.000e+00
   998.9231     -0.096     -0.096     0.0312    16.2738          0          0  0.000e+00
   998.9230     -0.096     -0.096     0.0311    16.2739          0          0  0.000e+00
   998.9232     -0.097     -0.097     0.0315    16.2744          0          0  0.000e+00
   998.9237     -0.098     -0.099     0.0321    16.2745          0          0  0.000e+00
   998.9241     -0.100     -0.101     0.0326    16.2748          0          0  0.000e+00
   998.9243     -0.097     -0.097     0.0330    16.2751          0          0  0.000e+00
   998.9243     -0.097     -0.097     0.0331    16.2754          0          0  0.000e+00
   998.9244     -0.097     -0.097     0.0332    16.2756          0          0  0.000e+00
   998.9244     -0.098     -0.099     0.0332    16.2758          0          0  0.000e+00
   998.9243     -0.099     -0.100     0.0332    16.2762          0          0  0.000e+00
   998.9243     -0.097     -0.097     0.0333    16.2763          0          0  0.000e+00
   998.9243     -0.098     -0.099     0.0333    16.2767          0          0  0.000e+00
   998.9243     -0.099     -0.100     0.0333    16.2768          0          0  0.000e+00
   998.9243     -0.095     -0.095     0.0334    16.2773          0          0  0.000e+00
   998.9243     -0.100     -0.101     0.0335    16.2775          0          0  0.000e+00
   998.9243     -0.097     -0.097     0.0336    16.2779          0          0  0.000e+00
   998.9246     -0.100     -0.101     0.0340    16.2779          0          0  0.000e+00
   998.9246     -0.097     -0.097     0.0341    16.2783          0          0  0.000e+00
   998.9245     -0.099     -0.100     0.0341    16.2788          0          0  0.000e+00
   998.9247     -0.097     -0.097     0.0344    16.2789          0          0  0.000e+00
   998.9249     -0.097     -0.097     0.0346    16.2792          0          0  0.000e+00
   998.9248     -0.099     -0.100     0.0347    16.2796          0          0  0.000e+00
   998.9253     -0.098     -0.099     0.0353    16.2798          0          0  0.000e+00
   998.9257     -0.097     -0.097     0.0358    16.2800          0          0  0.000e+00
