data/eDNA/PER-2022-473/473A006.cnv
* Sea-Bird SBE19plus  Data File:
* FileName = C:\Users\RSG_field\Ryan_Perley2022473\CTD\473A006.hex
* Software version 2.3.0 SB_Terminal.dll
* Temperature SN = 7141
* Conductivity SN = 7141
* System UpLoad Time = Aug 08 2022 17:30:29
* <ApplicationData>
* <SeatermAF>
** Platform: M. Perley
** Cruise: Per2022473
** Station:  ESI_08
** Cast: 01
** Latitude: N  44 40.2376
** Longitude: W 62 20.9575
** Sounding: 110
** Chief Scientist: Ryan Stanley
** Comment:
# nquan = 8
# nvalues = 3104                                  
# units = specified
# name 0 = density00: Density [density, kg/m^3]
# name 1 = depSM: Depth [salt water, m], lat = 45.00
# name 2 = prdM: Pressure, Strain Gauge [db]
# name 3 = sal00: Salinity, Practical [PSU]
# name 4 = tv290C: Temperature [ITS-90, deg C]
# name 5 = bpos: Bottle Position in Carousel
# name 6 = nbf: Bottles Fired
# name 7 = flag:  0.000e+00
# span 0 =   998.3714,  1026.8591                 
# span 1 =     -0.094,    104.258                 
# span 2 =     -0.095,    105.138                 
# span 3 =     0.0248,    33.7627                 
# span 4 =     4.6387,    19.2819                 
# span 5 =          0,          6                 
# span 6 =          0,          2                 
# span 7 = 0.0000e+00, 0.0000e+00                 
# interval = seconds: 0.25
# start_time = Aug 08 2022 17:08:49 [Instrument's time stamp, header]
# bad_flag = -9.990e-29
*END*
[from data line 1079]
  1026.2894     78.178     78.833    32.7636     4.8146          0          0  0.000e+00
  1026.2926     78.435     79.092    32.7610     4.7771          0          0  0.000e+00
  1026.3190     78.660     79.319    32.7877     4.7400          0          0  0.000e+00
  1026.3411     78.835     79.495    32.8107     4.7126          0          0  0.000e+00
  1026.3550     78.963     79.625    32.8253     4.6962          0          0  0.000e+00
  1026.3625     79.038     79.700    32.8331     4.6873          0          0  0.000e+00
  1026.3667     79.068     79.730    32.8376     4.6827          0          0  0.000e+00
  1026.3726     79.055     79.718    32.8448     4.6809          0          0  0.000e+00
  1026.3860     79.017     79.679    32.8623     4.6832          0          0  0.000e+00
  1026.3895     78.967     79.629    32.8684     4.6930          0          0  0.000e+00
  1026.3804     78.922     79.583    32.8590     4.7064          0          0  0.000e+00
  1026.3777     78.893     79.554    32.8571     4.7165          0          0  0.000e+00
  1026.3688     78.894     79.555    32.8472     4.7250          0          0  0.000e+00
  1026.3523     78.926     79.587    32.8266     4.7291          0          0  0.000e+00
  1026.3359     78.984     79.646    32.8049     4.7240          0          0  0.000e+00
  1026.3394     79.075     79.738    32.8069     4.7105          0          0  0.000e+00
  1026.3498     79.191     79.854    32.8175     4.6964          0          0  0.000e+00
  1026.3574     79.324     79.989    32.8249     4.6866          0          0  0.000e+00
  1026.3620     79.480     80.146    32.8289     4.6807          0          0  0.000e+00
  1026.3666     79.652     80.320    32.8332     4.6765          0          0  0.000e+00
  1026.3700     79.842     80.511    32.8359     4.6737          0          0  0.000e+00
  1026.3828     80.045     80.716    32.8506     4.6719          0          0  0.000e+00
  1026.4067     80.268     80.941    32.8800     4.6760          0          0  0.000e+00
  1026.4055     80.511     81.186    32.8790     4.6900          0          0  0.000e+00
  1026.4266     80.758     81.435    32.9063     4.7051          0          0  0.000e+00
  1026.4249     81.011     81.690    32.9054     4.7253          0          0  0.000e+00
  1026.4265     81.250     81.931    32.9090     4.7464          0          0  0.000e+00
  1026.4265     81.458     82.141    32.9105     4.7663          0          0  0.000e+00
  1026.4221     81.620     82.304    32.9066     4.7850          0          0  0.000e+00
  1026.4748     81.731     82.417    32.9752     4.8043          0          0  0.000e+00
  1026.4521     81.795     82.481    32.9513     4.8404          0          0  0.000e+00
  1026.4234     81.808     82.493    32.9194     4.8727          0          0  0.000e+00
  1026.3639     81.787     82.473    32.8466     4.8880          0          0  0.000e+00
  1026.3428     81.742     82.427    32.8188     4.8775          0          0  0.000e+00
  1026.3625     81.689     82.374    32.8407     4.8545          0          0  0.000e+00
  1026.3720     81.650     82.334    32.8507     4.8391          0          0  0.000e+00
  1026.3723     81.636     82.320    32.8498     4.8295          0          0  0.000e+00
  1026.3785     81.656     82.341    32.8564     4.8210          0          0  0.000e+00
  1026.3950     81.725     82.410    32.8760     4.8154          0          0  0.000e+00
  1026.4786     81.834     82.520    32.9814     4.8186          0          0  0.000e+00
  1026.4925     81.992     82.680    33.0029     4.8533          0          0  0.000e+00
  1026.4944     82.173     82.862    33.0112     4.9031          0          0  0.000e+00
  1026.4601     82.383     83.074    32.9738     4.9530          0          0  0.000e+00
  1026.4515     82.618     83.310    32.9665     4.9878          0          0  0.000e+00
  1026.4316     82.850     83.545    32.9439     5.0150          0          0  0.000e+00
  1026.4605     83.072     83.769    32.9817     5.0334          0          0  0.000e+00
  1026.5475     83.282     83.981    33.0943     5.0606          0          0  0.000e+00
  1026.5824     83.464     84.164    33.1464     5.1228          0          0  0.000e+00
  1026.5758     83.623     84.324    33.1487     5.2023          0          0  0.000e+00
  1026.5679     83.758     84.461    33.1493     5.2796          0          0  0.000e+00
  1026.5784     83.874     84.578    33.1729     5.3538          0          0  0.000e+00
  1026.5731     83.970     84.675    33.1767     5.4273          0          0  0.000e+00
  1026.5165     84.051     84.756    33.1154     5.4987          0          0  0.000e+00
  1026.4736     84.117     84.823    33.0674     5.5429          0          0  0.000e+00
  1026.4565     84.172     84.878    33.0487     5.5642          0          0  0.000e+00
  1026.4479     84.220     84.926    33.0390     5.5737          0          0  0.000e+00
  1026.4370     84.257     84.964    33.0255     5.5768          0          0  0.000e+00
  1026.4440     84.286     84.994    33.0339     5.5748          0          0  0.000e+00
  1026.4533     84.312     85.019    33.0454     5.5747          0          0  0.000e+00
  1026.4537     84.345     85.052    33.0464     5.5786          0          0  0.000e+00
  1026.4577     84.389     85.097    33.0518     5.5829          0          0  0.000e+00
  1026.4588     84.456     85.165    33.0536     5.5885          0          0  0.000e+00
  1026.4537     84.552     85.262    33.0475     5.5945          0          0  0.000e+00
  1026.4561     84.691     85.402    33.0503     5.5980          0          0  0.000e+00
  1026.4592     84.868     85.581    33.0538     5.6019          0          0  0.000e+00
  1026.4654     85.072     85.786    33.0612     5.6069          0          0  0.000e+00
  1026.4758     85.307     86.023    33.0739     5.6135          0          0  0.000e+00
  1026.5383     85.562     86.280    33.1536     5.6270          0          0  0.000e+00
  1026.5358     85.819     86.540    33.1546     5.6643          0          0  0.000e+00
  1026.5126     86.087     86.809    33.1299     5.7040          0          0  0.000e+00
  1026.5259     86.333     87.057    33.1500     5.7345          0          0  0.000e+00
  1026.5312     86.572     87.299    33.1601     5.7654          0          0  0.000e+00
  1026.5228     86.777     87.506    33.1533     5.7978          0          0  0.000e+00
  1026.5379     86.951     87.681    33.1761     5.8276          0          0  0.000e+00
  1026.5412     87.078     87.809    33.1847     5.8611          0          0  0.000e+00
  1026.5365     87.154     87.886    33.1836     5.8946          0          0  0.000e+00
  1026.5082     87.179     87.911    33.1523     5.9245          0          0  0.000e+00
  1026.4702     87.155     87.887    33.1070     5.9413          0          0  0.000e+00
  1026.4278     87.092     87.823    33.0533     5.9393          0          0  0.000e+00
  1026.4367     87.018     87.748    33.0617     5.9182          0          0  0.000e+00
  1026.4431     86.946     87.677    33.0671     5.8979          0          0  0.000e+00
  1026.4403     86.900     87.630    33.0612     5.8813          0          0  0.000e+00
  1026.4452     86.897     87.626    33.0647     5.8642          0          0  0.000e+00
  1026.4871     86.944     87.675    33.1152     5.8499          0          0  0.000e+00
  1026.5225     87.046     87.777    33.1599     5.8525          0          0  0.000e+00
  1026.5433     87.204     87.937    33.1886     5.8741          0          0  0.000e+00
  1026.5481     87.397     88.131    33.1983     5.9038          0          0  0.000e+00
  1026.5866     87.625     88.361    33.2510     5.9373          0          0  0.000e+00
  1026.6346     87.851     88.589    33.3178     5.9835          0          0  0.000e+00
  1026.6512     88.086     88.826    33.3482     6.0503          0          0  0.000e+00
  1026.6316     88.297     89.039    33.3342     6.1254          0          0  0.000e+00
  1026.5924     88.479     89.222    33.2939     6.1901          0          0  0.000e+00
  1026.6142     88.640     89.384    33.3281     6.2363          0          0  0.000e+00
  1026.6240     88.780     89.526    33.3480     6.2865          0          0  0.000e+00
  1026.6478     88.896     89.643    33.3865     6.3414          0          0  0.000e+00
  1026.6324     89.000     89.748    33.3760     6.3996          0          0  0.000e+00
  1026.5888     89.096     89.844    33.3287     6.4518          0          0  0.000e+00
  1026.5719     89.186     89.935    33.3121     6.4834          0          0  0.000e+00
  1026.5559     89.276     90.026    33.2943     6.5020          0          0  0.000e+00
  1026.5566     89.377     90.128    33.2965     6.5129          0          0  0.000e+00
  1026.5597     89.484     90.236    33.3012     6.5213          0          0  0.000e+00
  1026.5633     89.599     90.352    33.3065     6.5296          0          0  0.000e+00
  1026.5611     89.721     90.475    33.3046     6.5388          0          0  0.000e+00
  1026.5589     89.843     90.598    33.3023     6.5467          0          0  0.000e+00
  1026.5659     89.966     90.722    33.3115     6.5529          0          0  0.000e+00
  1026.5604     90.080     90.837    33.3051     6.5605          0          0  0.000e+00
  1026.5583     90.175     90.933    33.3030     6.5667          0          0  0.000e+00
  1026.5563     90.248     91.007    33.3007     6.5707          0          0  0.000e+00
  1026.5586     90.304     91.063    33.3036     6.5730          0          0  0.000e+00
  1026.5637     90.348     91.107    33.3102     6.5756          0          0  0.000e+00
  1026.5618     90.384     91.144    33.3083     6.5794          0          0  0.000e+00
  1026.5646     90.420     91.180    33.3122     6.5827          0          0  0.000e+00
  1026.5644     90.470     91.230    33.3122     6.5861          0          0  0.000e+00
  1026.5649     90.537     91.298    33.3131     6.5894          0          0  0.000e+00
  1026.5661     90.628     91.390    33.3145     6.5923          0          0  0.000e+00
  1026.5677     90.740     91.503    33.3164     6.5953          0          0  0.000e+00
  1026.5804     90.891     91.655    33.3321     6.5985          0          0  0.000e+00
  1026.5826     91.062     91.828    33.3351     6.6059          0          0  0.000e+00
  1026.5770     91.251     92.018    33.3285     6.6147          0          0  0.000e+00
  1026.5873     91.450     92.219    33.3415     6.6210          0          0  0.000e+00
  1026.6113     91.658     92.429    33.3724     6.6308          0          0  0.000e+00
  1026.6261     91.855     92.628    33.3932     6.6501          0          0  0.000e+00
  1026.6415     92.051     92.825    33.4159     6.6754          0          0  0.000e+00
  1026.6630     92.228     93.003    33.4475     6.7067          0          0  0.000e+00
  1026.6498     92.383     93.161    33.4360     6.7431          0          0  0.000e+00
  1026.6347     92.532     93.310    33.4214     6.7741          0          0  0.000e+00
  1026.6221     92.664     93.444    33.4084     6.7970          0          0  0.000e+00
  1026.6333     92.789     93.569    33.4248     6.8129          0          0  0.000e+00
  1026.6451     92.892     93.674    33.4421     6.8306          0          0  0.000e+00
  1026.6433     92.984     93.766    33.4431     6.8528          0          0  0.000e+00
  1026.6262     93.056     93.839    33.4244     6.8730          0          0  0.000e+00
  1026.6169     93.119     93.903    33.4144     6.8852          0          0  0.000e+00
  1026.6255     93.185     93.969    33.4261     6.8918          0          0  0.000e+00
  1026.6297     93.256     94.041    33.4325     6.9001          0          0  0.000e+00
  1026.6314     93.342     94.127    33.4358     6.9098          0          0  0.000e+00
  1026.6267     93.442     94.228    33.4309     6.9197          0          0  0.000e+00
  1026.6241     93.561     94.349    33.4282     6.9272          0          0  0.000e+00
  1026.6250     93.691     94.479    33.4296     6.9328          0          0  0.000e+00
  1026.6238     93.832     94.621    33.4281     6.9376          0          0  0.000e+00
  1026.6221     93.972     94.763    33.4258     6.9411          0          0  0.000e+00
  1026.6230     94.105     94.897    33.4264     6.9432          0          0  0.000e+00
  1026.6332     94.230     95.024    33.4391     6.9458          0          0  0.000e+00
  1026.6284     94.347     95.141    33.4333     6.9511          0          0  0.000e+00
  1026.6267     94.455     95.250    33.4310     6.9544          0          0  0.000e+00
  1026.6313     94.553     95.349    33.4367     6.9563          0          0  0.000e+00
  1026.6284     94.651     95.448    33.4329     6.9590          0          0  0.000e+00
  1026.6276     94.752     95.550    33.4315     6.9608          0          0  0.000e+00
  1026.6270     94.862     95.661    33.4303     6.9615          0          0  0.000e+00
  1026.6430     94.985     95.785    33.4500     6.9618          0          0  0.000e+00
  1026.6506     95.121     95.922    33.4597     6.9668          0          0  0.000e+00
  1026.6502     95.272     96.074    33.4600     6.9764          0          0  0.000e+00
  1026.6465     95.441     96.245    33.4557     6.9849          0          0  0.000e+00
  1026.6446     95.622     96.427    33.4533     6.9910          0          0  0.000e+00
  1026.6509     95.808     96.615    33.4610     6.9956          0          0  0.000e+00
  1026.6613     96.000     96.808    33.4743     7.0023          0          0  0.000e+00
  1026.6586     96.192     97.002    33.4714     7.0118          0          0  0.000e+00
  1026.6549     96.385     97.197    33.4671     7.0201          0          0  0.000e+00
  1026.6532     96.555     97.368    33.4649     7.0261          0          0  0.000e+00
  1026.6565     96.717     97.531    33.4690     7.0306          0          0  0.000e+00
  1026.6574     96.860     97.676    33.4701     7.0353          0          0  0.000e+00
  1026.6581     96.985     97.802    33.4711     7.0399          0          0  0.000e+00
  1026.6559     97.092     97.910    33.4683     7.0439          0          0  0.000e+00
  1026.6542     97.183     98.002    33.4661     7.0468          0          0  0.000e+00
  1026.6533     97.251     98.070    33.4648     7.0483          0          0  0.000e+00
  1026.6530     97.305     98.125    33.4643     7.0491          0          0  0.000e+00
  1026.6535     97.354     98.174    33.4647     7.0493          0          0  0.000e+00
  1026.6535     97.399     98.219    33.4645     7.0496          0          0  0.000e+00
  1026.6544     97.448     98.269    33.4654     7.0496          0          0  0.000e+00
  1026.6550     97.508     98.329    33.4657     7.0497          0          0  0.000e+00
  1026.6571     97.586     98.408    33.4680     7.0501          0          0  0.000e+00
  1026.6574     97.683     98.506    33.4680     7.0510          0          0  0.000e+00
  1026.6578     97.800     98.624    33.4679     7.0517          0          0  0.000e+00
  1026.6584     97.941     98.767    33.4680     7.0524          0          0  0.000e+00
  1026.6593     98.103     98.929    33.4682     7.0527          0          0  0.000e+00
  1026.6595     98.272     99.100    33.4676     7.0533          0          0  0.000e+00
  1026.6605     98.458     99.287    33.4678     7.0535          0          0  0.000e+00
  1026.6615     98.646     99.477    33.4680     7.0536          0          0  0.000e+00
  1026.6624     98.844     99.677    33.4680     7.0537          0          0  0.000e+00
  1026.6644     99.043     99.878    33.4694     7.0541          0          0  0.000e+00
