data/eDNA/PER-2022-473/473A026.cnv
* Sea-Bird SBE19plus  Data File:
* FileName = C:\Users\RSG_field\Ryan_Perley2022473\CTD\473A026.hex
* Software version 2.3.0 SB_Terminal.dll
* Temperature SN = 7141
* Conductivity SN = 7141
* System UpLoad Time = Aug 16 2022 14:37:42
* <ApplicationData>
* <SeatermAF>
** Platform: M. Perley
** Cruise: Per2022473
** Station:  SAB_Trans_11
** Cast: 01 473A026
** Latitude: N  46 02.3968
** Longitude: W 59 07.3092
** Sounding: 93.5
** Chief Scientist: Ryan Stanley
** Comment: Bottles 493909-43914 - sounding based on plumb line cast 45
# nquan = 8
# nvalues = 3191                                  
# units = specified
# name 0 = density00: Density [density, kg/m^3]
# name 1 = depSM: Depth [salt water, m], lat = 45.00
# name 2 = prdM: Pressure, Strain Gauge [db]
# name 3 = sal00: Salinity, Practical [PSU]
# name 4 = tv290C: Temperature [ITS-90, deg C]
# name 5 = bpos: Bottle Position in Carousel
# name 6 = nbf: Bottles Fired
# name 7 = flag:  0.000e+00
# span 0 =   998.4357,  1026.2319                 
# span 1 =     -0.041,     81.121                 
# span 2 =     -0.042,     81.801                 
# span 3 =     0.1235,    32.3935                 
# span 4 =     2.0868,    20.4955                 
# span 5 =          0,          6                 
# span 6 =          0,          2                 
# span 7 = 0.0000e+00, 0.0000e+00                 
# interval = seconds: 0.25
# start_time = Aug 16 2022 14:21:00 [Instrument's time stamp, header]
# bad_flag = -9.990e-29
*END*
[from data line 1259]
  1026.1679     74.233     74.854    32.3455     2.4053          0          0  0.000e+00
  1026.1681     74.244     74.865    32.3457     2.4043          0          0  0.000e+00
  1026.1695     74.258     74.880    32.3472     2.4036          0          0  0.000e+00
  1026.1677     74.283     74.904    32.3449     2.4032          0          0  0.000e+00
  1026.1609     74.322     74.944    32.3360     2.4023          0          0  0.000e+00
  1026.1624     74.378     75.000    32.3373     2.3994          0          0  0.000e+00
  1026.1742     74.453     75.076    32.3512     2.3964          0          0  0.000e+00
  1026.1814     74.547     75.171    32.3598     2.3973          0          0  0.000e+00
  1026.1807     74.667     75.291    32.3585     2.4008          0          0  0.000e+00
  1026.1851     74.802     75.428    32.3636     2.4036          0          0  0.000e+00
  1026.1788     74.951     75.578    32.3551     2.4066          0          0  0.000e+00
  1026.1784     75.110     75.738    32.3538     2.4077          0          0  0.000e+00
  1026.1816     75.273     75.903    32.3568     2.4080          0          0  0.000e+00
  1026.1822     75.429     76.060    32.3566     2.4087          0          0  0.000e+00
  1026.1786     75.560     76.193    32.3515     2.4093          0          0  0.000e+00
  1026.1818     75.667     76.301    32.3548     2.4088          0          0  0.000e+00
  1026.1832     75.739     76.373    32.3561     2.4087          0          0  0.000e+00
  1026.1830     75.786     76.421    32.3556     2.4090          0          0  0.000e+00
  1026.1876     75.812     76.446    32.3613     2.4096          0          0  0.000e+00
  1026.1877     75.821     76.456    32.3616     2.4113          0          0  0.000e+00
  1026.1872     75.824     76.459    32.3611     2.4131          0          0  0.000e+00
  1026.1855     75.831     76.465    32.3590     2.4148          0          0  0.000e+00
  1026.1848     75.844     76.479    32.3582     2.4157          0          0  0.000e+00
  1026.1826     75.875     76.510    32.3552     2.4162          0          0  0.000e+00
  1026.1815     75.929     76.565    32.3535     2.4156          0          0  0.000e+00
  1026.1831     76.005     76.641    32.3549     2.4145          0          0  0.000e+00
  1026.1955     76.098     76.735    32.3699     2.4137          0          0  0.000e+00
  1026.2042     76.209     76.847    32.3804     2.4165          0          0  0.000e+00
  1026.2009     76.333     76.972    32.3761     2.4217          0          0  0.000e+00
  1026.1973     76.462     77.102    32.3711     2.4256          0          0  0.000e+00
  1026.1940     76.590     77.231    32.3664     2.4274          0          0  0.000e+00
  1026.1959     76.713     77.355    32.3681     2.4277          0          0  0.000e+00
  1026.1977     76.826     77.470    32.3697     2.4279          0          0  0.000e+00
  1026.1957     76.924     77.568    32.3667     2.4285          0          0  0.000e+00
  1026.1951     77.005     77.650    32.3655     2.4284          0          0  0.000e+00
  1026.1960     77.068     77.713    32.3662     2.4279          0          0  0.000e+00
  1026.1980     77.122     77.768    32.3684     2.4277          0          0  0.000e+00
  1026.1979     77.171     77.817    32.3679     2.4280          0          0  0.000e+00
  1026.1969     77.216     77.863    32.3665     2.4284          0          0  0.000e+00
  1026.1955     77.263     77.910    32.3644     2.4283          0          0  0.000e+00
  1026.1955     77.310     77.957    32.3640     2.4277          0          0  0.000e+00
  1026.1946     77.364     78.012    32.3626     2.4271          0          0  0.000e+00
  1026.1929     77.425     78.074    32.3600     2.4261          0          0  0.000e+00
  1026.1958     77.501     78.150    32.3630     2.4245          0          0  0.000e+00
  1026.1997     77.579     78.229    32.3674     2.4239          0          0  0.000e+00
  1026.1996     77.679     78.329    32.3667     2.4245          0          0  0.000e+00
  1026.1997     77.789     78.440    32.3662     2.4250          0          0  0.000e+00
  1026.1968     77.909     78.561    32.3619     2.4252          0          0  0.000e+00
  1026.1972     78.038     78.692    32.3615     2.4242          0          0  0.000e+00
  1026.2113     78.170     78.824    32.3783     2.4236          0          0  0.000e+00
  1026.2107     78.298     78.954    32.3772     2.4267          0          0  0.000e+00
  1026.2128     78.417     79.074    32.3793     2.4299          0          0  0.000e+00
  1026.2124     78.518     79.176    32.3785     2.4328          0          0  0.000e+00
  1026.2113     78.598     79.256    32.3769     2.4351          0          0  0.000e+00
  1026.2100     78.653     79.312    32.3751     2.4365          0          0  0.000e+00
  1026.2090     78.688     79.347    32.3737     2.4372          0          0  0.000e+00
  1026.2095     78.703     79.362    32.3743     2.4375          0          0  0.000e+00
  1026.2099     78.697     79.356    32.3749     2.4380          0          0  0.000e+00
  1026.2094     78.681     79.340    32.3745     2.4390          0          0  0.000e+00
  1026.2113     78.657     79.316    32.3770     2.4399          0          0  0.000e+00
  1026.2105     78.640     79.299    32.3764     2.4422          0          0  0.000e+00
  1026.2055     78.628     79.286    32.3705     2.4444          0          0  0.000e+00
  1026.2047     78.632     79.291    32.3694     2.4441          0          0  0.000e+00
  1026.2034     78.658     79.317    32.3675     2.4429          0          0  0.000e+00
  1026.2039     78.708     79.368    32.3676     2.4414          0          0  0.000e+00
  1026.2053     78.782     79.442    32.3687     2.4397          0          0  0.000e+00
  1026.2086     78.877     79.538    32.3722     2.4380          0          0  0.000e+00
  1026.2187     78.993     79.655    32.3841     2.4379          0          0  0.000e+00
  1026.2182     79.123     79.786    32.3829     2.4400          0          0  0.000e+00
  1026.2186     79.253     79.917    32.3829     2.4424          0          0  0.000e+00
  1026.2166     79.346     80.011    32.3800     2.4441          0          0  0.000e+00
  1026.2169     79.455     80.120    32.3798     2.4448          0          0  0.000e+00
  1026.2178     79.535     80.202    32.3806     2.4454          0          0  0.000e+00
  1026.2191     79.620     80.287    32.3817     2.4461          0          0  0.000e+00
  1026.2191     79.696     80.364    32.3814     2.4468          0          0  0.000e+00
  1026.2183     79.763     80.432    32.3800     2.4474          0          0  0.000e+00
  1026.2186     79.811     80.480    32.3802     2.4476          0          0  0.000e+00
  1026.2189     79.844     80.513    32.3803     2.4478          0          0  0.000e+00
  1026.2176     79.853     80.522    32.3787     2.4478          0          0  0.000e+00
  1026.2191     79.832     80.501    32.3806     2.4477          0          0  0.000e+00
  1026.2225     79.788     80.456    32.3852     2.4483          0          0  0.000e+00
  1026.2196     79.717     80.385    32.3822     2.4507          0          0  0.000e+00
  1026.2173     79.625     80.293    32.3801     2.4521          0          0  0.000e+00
  1026.2186     79.518     80.185    32.3824     2.4529          0          0  0.000e+00
  1026.2191     79.404     80.069    32.3838     2.4546          0          0  0.000e+00
  1026.2159     79.289     79.954    32.3808     2.4570          0          0  0.000e+00
  1026.2145     79.183     79.847    32.3798     2.4585          0          0  0.000e+00
  1026.2123     79.092     79.755    32.3777     2.4594          0          0  0.000e+00
  1026.2095     79.023     79.685    32.3746     2.4594          0          0  0.000e+00
  1026.2077     78.980     79.641    32.3724     2.4582          0          0  0.000e+00
  1026.2052     78.960     79.621    32.3692     2.4557          0          0  0.000e+00
  1026.2049     78.954     79.616    32.3685     2.4522          0          0  0.000e+00
  1026.2067     78.965     79.626    32.3703     2.4485          0          0  0.000e+00
  1026.2090     78.987     79.649    32.3728     2.4455          0          0  0.000e+00
  1026.2105     78.993     79.655    32.3743     2.4435          0          0  0.000e+00
  1026.2119     78.992     79.654    32.3760     2.4423          0          0  0.000e+00
  1026.2130     79.027     79.690    32.3772     2.4421          0          0  0.000e+00
  1026.2085     79.097     79.760    32.3712     2.4425          0          0  0.000e+00
  1026.2104     79.168     79.832    32.3731     2.4415          0          0  0.000e+00
  1026.2130     79.242     79.906    32.3757     2.4405          0          0  0.000e+00
  1026.2132     79.277     79.941    32.3758     2.4401          0          0  0.000e+00
  1026.2128     79.284     79.948    32.3752     2.4400          0          0  0.000e+00
  1026.2168     79.270     79.934    32.3804     2.4401          0          0  0.000e+00
  1026.2165     79.260     79.924    32.3802     2.4419          0          0  0.000e+00
  1026.2143     79.265     79.929    32.3776     2.4440          0          0  0.000e+00
  1026.2119     79.253     79.917    32.3747     2.4453          0          0  0.000e+00
  1026.2111     79.228     79.892    32.3740     2.4451          0          0  0.000e+00
  1026.2130     79.181     79.845    32.3765     2.4444          0          0  0.000e+00
  1026.2146     79.124     79.787    32.3789     2.4447          0          0  0.000e+00
  1026.2146     79.069     79.731    32.3793     2.4462          0          0  0.000e+00
  1026.2122     79.024     79.686    32.3768     2.4478          0          0  0.000e+00
  1026.2115     78.988     79.650    32.3762     2.4488          0          0  0.000e+00
  1026.2115     78.933     79.594    32.3766     2.4491          0          0  0.000e+00
  1026.2095     78.843     79.504    32.3748     2.4501          0          0  0.000e+00
  1026.2083     78.720     79.380    32.3739     2.4501          0          0  0.000e+00
  1026.2089     78.596     79.254    32.3754     2.4497          0          0  0.000e+00
  1026.2099     78.498     79.156    32.3772     2.4496          0          0  0.000e+00
  1026.2073     78.466     79.123    32.3741     2.4500          0          0  0.000e+00
  1026.2052     78.468     79.125    32.3715     2.4495          0          0  0.000e+00
  1026.2041     78.497     79.155    32.3698     2.4478          0          0  0.000e+00
  1026.2042     78.537     79.195    32.3695     2.4453          0          0  0.000e+00
  1026.2066     78.572     79.230    32.3719     2.4428          0          0  0.000e+00
  1026.2073     78.602     79.261    32.3724     2.4409          0          0  0.000e+00
  1026.2080     78.632     79.291    32.3730     2.4398          0          0  0.000e+00
  1026.2093     78.667     79.326    32.3744     2.4390          0          0  0.000e+00
  1026.2104     78.689     79.349    32.3756     2.4386          0          0  0.000e+00
  1026.2107     78.700     79.359    32.3759     2.4387          0          0  0.000e+00
  1026.2112     78.688     79.347    32.3766     2.4390          0          0  0.000e+00
  1026.2135     78.677     79.336    32.3796     2.4397          0          0  0.000e+00
  1026.2136     78.688     79.347    32.3799     2.4416          0          0  0.000e+00
  1026.2099     78.719     79.379    32.3754     2.4437          0          0  0.000e+00
  1026.2068     78.756     79.416    32.3713     2.4442          0          0  0.000e+00
  1026.2075     78.772     79.432    32.3719     2.4427          0          0  0.000e+00
  1026.2098     78.781     79.441    32.3745     2.4412          0          0  0.000e+00
  1026.2123     78.772     79.432    32.3777     2.4408          0          0  0.000e+00
  1026.2118     78.764     79.423    32.3773     2.4414          0          0  0.000e+00
  1026.2113     78.748     79.407    32.3767     2.4423          0          0  0.000e+00
  1026.2110     78.734     79.394    32.3765     2.4429          0          0  0.000e+00
  1026.2113     78.721     79.381    32.3770     2.4435          0          0  0.000e+00
  1026.2095     78.708     79.368    32.3749     2.4442          0          0  0.000e+00
  1026.2110     78.708     79.368    32.3768     2.4443          0          0  0.000e+00
  1026.2095     78.716     79.375    32.3749     2.4449          0          0  0.000e+00
  1026.2079     78.734     79.394    32.3728     2.4450          0          0  0.000e+00
  1026.2083     78.759     79.419    32.3731     2.4440          0          0  0.000e+00
  1026.2100     78.793     79.453    32.3749     2.4428          0          0  0.000e+00
  1026.2112     78.826     79.487    32.3761     2.4421          0          0  0.000e+00
  1026.2118     78.860     79.521    32.3767     2.4418          0          0  0.000e+00
  1026.2114     78.886     79.546    32.3760     2.4417          0          0  0.000e+00
  1026.2115     78.899     79.560    32.3760     2.4414          0          0  0.000e+00
  1026.2123     78.897     79.558    32.3770     2.4414          0          0  0.000e+00
  1026.2129     78.879     79.540    32.3779     2.4417          0          0  0.000e+00
  1026.2153     78.841     79.502    32.3812     2.4424          0          0  0.000e+00
  1026.2161     78.792     79.452    32.3827     2.4449          0          0  0.000e+00
  1026.2136     78.738     79.398    32.3802     2.4479          0          0  0.000e+00
  1026.2130     78.684     79.343    32.3801     2.4501          0          0  0.000e+00
  1026.2119     78.639     79.297    32.3791     2.4522          0          0  0.000e+00
  1026.2104     78.609     79.267    32.3776     2.4536          0          0  0.000e+00
  1026.2093     78.600     79.259    32.3763     2.4546          0          0  0.000e+00
  1026.2040     78.613     79.272    32.3697     2.4548          0          0  0.000e+00
  1026.2034     78.647     79.306    32.3685     2.4524          0          0  0.000e+00
  1026.2068     78.700     79.359    32.3721     2.4488          0          0  0.000e+00
  1026.2096     78.757     79.417    32.3749     2.4462          0          0  0.000e+00
  1026.2114     78.821     79.481    32.3766     2.4447          0          0  0.000e+00
  1026.2127     78.887     79.548    32.3779     2.4439          0          0  0.000e+00
  1026.2128     78.941     79.602    32.3776     2.4436          0          0  0.000e+00
  1026.2131     78.981     79.643    32.3778     2.4435          0          0  0.000e+00
  1026.2137     79.000     79.662    32.3784     2.4435          0          0  0.000e+00
  1026.2165     78.999     79.661    32.3819     2.4437          0          0  0.000e+00
  1026.2161     78.981     79.643    32.3817     2.4451          0          0  0.000e+00
  1026.2152     78.947     79.609    32.3810     2.4469          0          0  0.000e+00
  1026.2140     78.909     79.570    32.3798     2.4483          0          0  0.000e+00
  1026.2121     78.869     79.529    32.3778     2.4494          0          0  0.000e+00
  1026.2137     78.835     79.495    32.3800     2.4495          0          0  0.000e+00
  1026.2145     78.811     79.472    32.3812     2.4506          0          0  0.000e+00
  1026.2127     78.804     79.464    32.3792     2.4523          0          0  0.000e+00
  1026.2090     78.806     79.466    32.3747     2.4532          0          0  0.000e+00
  1026.2089     78.820     79.480    32.3743     2.4522          0          0  0.000e+00
  1026.2092     78.837     79.497    32.3745     2.4506          0          0  0.000e+00
  1026.2107     78.852     79.512    32.3760     2.4489          0          0  0.000e+00
