data/eDNA/PER-2022-473/473A022.cnv
* Sea-Bird SBE19plus  Data File:
* FileName = C:\Users\RSG_field\Ryan_Perley2022473\CTD\473A022.hex
* Software version 2.3.0 SB_Terminal.dll
* Temperature SN = 7141
* Conductivity SN = 7141
* System UpLoad Time = Aug 14 2022 15:44:16
* <ApplicationData>
* <SeatermAF>
** Platform: M. Perley
** Cruise: Per2022473
** Station:  SAB_Trans_05
** Cast: 01
** Latitude: N  46 08.1727
** Longitude: W 59 06.8801
** Sounding: 93.4
** Chief Scientist: Ryan Stanley
** Comment: CastID 473A022 SampleID 493884-493889
** Cast 40
# nquan = 8
# nvalues = 3463                                  
# units = specified
# name 0 = density00: Density [density, kg/m^3]
# name 1 = depSM: Depth [salt water, m], lat = 45.00
# name 2 = prdM: Pressure, Strain Gauge [db]
# name 3 = sal00: Salinity, Practical [PSU]
# name 4 = tv290C: Temperature [ITS-90, deg C]
# name 5 = bpos: Bottle Position in Carousel
# name 6 = nbf: Bottles Fired
# name 7 = flag:  0.000e+00
# span 0 =   998.2894,  1026.6900                 
# span 1 =     -0.124,     88.631                 
# span 2 =     -0.125,     89.376                 
# span 3 =     0.0525,    33.0367                 
# span 4 =     1.7382,    20.6697                 
# span 5 =          0,          6                 
# span 6 =          0,          2                 
# span 7 = 0.0000e+00, 0.0000e+00                 
# interval = seconds: 0.25
# start_time = Aug 14 2022 15:24:56 [Instrument's time stamp, header]
# bad_flag = -9.990e-29
*END*
[from data line 1798]
  1026.6641     87.747     88.484    33.0052     3.4768          0          0  0.000e+00
  1026.6652     87.619     88.355    33.0072     3.4745          0          0  0.000e+00
  1026.6641     87.517     88.252    33.0061     3.4730          0          0  0.000e+00
  1026.6629     87.437     88.171    33.0050     3.4714          0          0  0.000e+00
  1026.6616     87.381     88.115    33.0034     3.4696          0          0  0.000e+00
  1026.6610     87.349     88.083    33.0026     3.4673          0          0  0.000e+00
  1026.6604     87.330     88.063    33.0017     3.4650          0          0  0.000e+00
  1026.6604     87.323     88.056    33.0015     3.4625          0          0  0.000e+00
  1026.6620     87.327     88.060    33.0031     3.4600          0          0  0.000e+00
  1026.6618     87.337     88.071    33.0026     3.4583          0          0  0.000e+00
  1026.6634     87.350     88.084    33.0043     3.4569          0          0  0.000e+00
  1026.6668     87.363     88.097    33.0084     3.4561          0          0  0.000e+00
  1026.6700     87.377     88.111    33.0124     3.4565          0          0  0.000e+00
  1026.6709     87.392     88.126    33.0137     3.4582          0          0  0.000e+00
  1026.6700     87.414     88.148    33.0127     3.4604          0          0  0.000e+00
  1026.6670     87.445     88.179    33.0090     3.4622          0          0  0.000e+00
  1026.6649     87.489     88.224    33.0061     3.4626          0          0  0.000e+00
  1026.6678     87.551     88.286    33.0093     3.4620          0          0  0.000e+00
  1026.6703     87.628     88.364    33.0120     3.4621          0          0  0.000e+00
  1026.6700     87.716     88.453    33.0112     3.4630          0          0  0.000e+00
  1026.6689     87.809     88.547    33.0094     3.4639          0          0  0.000e+00
  1026.6695     87.902     88.640    33.0096     3.4641          0          0  0.000e+00
  1026.6714     87.984     88.723    33.0116     3.4644          0          0  0.000e+00
  1026.6716     88.048     88.788    33.0116     3.4653          0          0  0.000e+00
  1026.6720     88.086     88.826    33.0119     3.4659          0          0  0.000e+00
  1026.6719     88.099     88.839    33.0117     3.4665          0          0  0.000e+00
  1026.6722     88.086     88.826    33.0123     3.4671          0          0  0.000e+00
  1026.6710     88.047     88.786    33.0110     3.4679          0          0  0.000e+00
  1026.6709     87.989     88.728    33.0114     3.4686          0          0  0.000e+00
  1026.6694     87.912     88.651    33.0100     3.4694          0          0  0.000e+00
  1026.6682     87.826     88.564    33.0092     3.4701          0          0  0.000e+00
  1026.6687     87.737     88.474    33.0103     3.4702          0          0  0.000e+00
  1026.6673     87.650     88.387    33.0091     3.4707          0          0  0.000e+00
  1026.6661     87.573     88.309    33.0081     3.4708          0          0  0.000e+00
  1026.6652     87.503     88.238    33.0074     3.4708          0          0  0.000e+00
  1026.6648     87.448     88.182    33.0071     3.4705          0          0  0.000e+00
  1026.6641     87.404     88.138    33.0065     3.4701          0          0  0.000e+00
  1026.6620     87.370     88.104    33.0040     3.4696          0          0  0.000e+00
  1026.6607     87.346     88.080    33.0023     3.4681          0          0  0.000e+00
  1026.6600     87.326     88.059    33.0013     3.4661          0          0  0.000e+00
  1026.6612     87.309     88.042    33.0026     3.4639          0          0  0.000e+00
  1026.6625     87.302     88.035    33.0041     3.4620          0          0  0.000e+00
  1026.6629     87.301     88.034    33.0045     3.4609          0          0  0.000e+00
  1026.6630     87.314     88.048    33.0044     3.4599          0          0  0.000e+00
  1026.6628     87.341     88.074    33.0039     3.4587          0          0  0.000e+00
  1026.6660     87.386     88.120    33.0075     3.4576          0          0  0.000e+00
  1026.6664     87.445     88.179    33.0077     3.4577          0          0  0.000e+00
  1026.6663     87.521     88.256    33.0072     3.4581          0          0  0.000e+00
  1026.6665     87.603     88.339    33.0069     3.4582          0          0  0.000e+00
  1026.6680     87.689     88.425    33.0082     3.4582          0          0  0.000e+00
  1026.6709     87.776     88.513    33.0115     3.4586          0          0  0.000e+00
  1026.6703     87.854     88.592    33.0104     3.4599          0          0  0.000e+00
  1026.6693     87.918     88.656    33.0089     3.4609          0          0  0.000e+00
  1026.6710     87.964     88.703    33.0108     3.4613          0          0  0.000e+00
  1026.6710     87.998     88.737    33.0107     3.4621          0          0  0.000e+00
  1026.6713     88.014     88.754    33.0110     3.4629          0          0  0.000e+00
  1026.6709     88.013     88.752    33.0106     3.4635          0          0  0.000e+00
  1026.6704     87.996     88.735    33.0102     3.4641          0          0  0.000e+00
  1026.6702     87.963     88.702    33.0102     3.4647          0          0  0.000e+00
  1026.6697     87.919     88.657    33.0100     3.4653          0          0  0.000e+00
  1026.6692     87.865     88.603    33.0098     3.4662          0          0  0.000e+00
  1026.6675     87.806     88.544    33.0080     3.4673          0          0  0.000e+00
  1026.6671     87.744     88.481    33.0079     3.4673          0          0  0.000e+00
  1026.6669     87.686     88.422    33.0081     3.4673          0          0  0.000e+00
  1026.6666     87.636     88.372    33.0080     3.4674          0          0  0.000e+00
  1026.6659     87.592     88.328    33.0073     3.4674          0          0  0.000e+00
  1026.6648     87.561     88.297    33.0061     3.4673          0          0  0.000e+00
  1026.6642     87.542     88.278    33.0054     3.4668          0          0  0.000e+00
  1026.6634     87.537     88.272    33.0043     3.4660          0          0  0.000e+00
  1026.6639     87.538     88.273    33.0048     3.4646          0          0  0.000e+00
  1026.6628     87.554     88.289    33.0032     3.4634          0          0  0.000e+00
  1026.6620     87.573     88.309    33.0019     3.4619          0          0  0.000e+00
  1026.6638     87.598     88.333    33.0037     3.4599          0          0  0.000e+00
  1026.6644     87.622     88.358    33.0042     3.4585          0          0  0.000e+00
  1026.6660     87.645     88.381    33.0059     3.4575          0          0  0.000e+00
  1026.6675     87.657     88.393    33.0077     3.4571          0          0  0.000e+00
  1026.6694     87.668     88.404    33.0100     3.4573          0          0  0.000e+00
  1026.6692     87.674     88.410    33.0098     3.4580          0          0  0.000e+00
  1026.6687     87.675     88.411    33.0093     3.4587          0          0  0.000e+00
  1026.6684     87.675     88.411    33.0090     3.4595          0          0  0.000e+00
  1026.6676     87.672     88.408    33.0081     3.4599          0          0  0.000e+00
  1026.6674     87.670     88.406    33.0079     3.4601          1          1  0.000e+00
  1026.6671     87.664     88.401    33.0076     3.4603          1          1  0.000e+00
  1026.6667     87.662     88.399    33.0070     3.4603          1          1  0.000e+00
  1026.6661     87.657     88.393    33.0064     3.4602          1          1  0.000e+00
  1026.6661     87.650     88.386    33.0064     3.4600          1          1  0.000e+00
  1026.6669     87.640     88.376    33.0073     3.4598          1          1  0.000e+00
  1026.6668     87.621     88.357    33.0074     3.4599          1          1  0.000e+00
  1026.6662     87.615     88.351    33.0067     3.4602          1          1  0.000e+00
  1026.6674     87.596     88.331    33.0083     3.4602          1          1  0.000e+00
  1026.6670     87.574     88.310    33.0080     3.4608          1          1  0.000e+00
  1026.6672     87.548     88.283    33.0085     3.4614          1          1  0.000e+00
  1026.6679     87.517     88.252    33.0096     3.4625          1          1  0.000e+00
  1026.6657     87.484     88.219    33.0073     3.4638          1          1  0.000e+00
  1026.6639     87.458     88.192    33.0053     3.4646          1          1  0.000e+00
  1026.6639     87.431     88.166    33.0054     3.4640          1          1  0.000e+00
  1026.6642     87.419     88.153    33.0057     3.4636          1          1  0.000e+00
  1026.6649     87.424     88.158    33.0066     3.4633          1          1  0.000e+00
  1026.6632     87.438     88.172    33.0044     3.4635          1          1  0.000e+00
  1026.6621     87.469     88.204    33.0027     3.4626          1          1  0.000e+00
  1026.6635     87.517     88.252    33.0040     3.4609          1          1  0.000e+00
  1026.6649     87.577     88.312    33.0053     3.4593          1          1  0.000e+00
  1026.6692     87.651     88.387    33.0100     3.4585          1          1  0.000e+00
  1026.6808     87.732     88.469    33.0242     3.4595          1          1  0.000e+00
  1026.6851     87.817     88.555    33.0297     3.4644          1          1  0.000e+00
  1026.6819     87.903     88.642    33.0261     3.4712          1          1  0.000e+00
  1026.6783     87.985     88.724    33.0218     3.4768          1          1  0.000e+00
  1026.6761     88.054     88.793    33.0190     3.4802          1          1  0.000e+00
  1026.6756     88.109     88.849    33.0182     3.4820          1          1  0.000e+00
  1026.6745     88.144     88.884    33.0168     3.4833          1          1  0.000e+00
  1026.6741     88.160     88.900    33.0162     3.4840          1          1  0.000e+00
  1026.6738     88.150     88.891    33.0160     3.4844          1          1  0.000e+00
  1026.6738     88.119     88.860    33.0162     3.4847          1          1  0.000e+00
  1026.6718     88.066     88.806    33.0140     3.4848          1          1  0.000e+00
  1026.6720     87.992     88.731    33.0147     3.4848          1          1  0.000e+00
  1026.6719     87.891     88.630    33.0152     3.4848          1          1  0.000e+00
  1026.6700     87.776     88.513    33.0135     3.4850          1          1  0.000e+00
  1026.6687     87.648     88.384    33.0126     3.4846          1          1  0.000e+00
  1026.6668     87.518     88.253    33.0109     3.4840          1          1  0.000e+00
  1026.6645     87.389     88.123    33.0087     3.4832          1          1  0.000e+00
  1026.6609     87.268     88.001    33.0047     3.4819          1          1  0.000e+00
  1026.6608     87.168     87.901    33.0049     3.4797          1          1  0.000e+00
  1026.6618     87.094     87.826    33.0063     3.4774          1          1  0.000e+00
  1026.6591     87.050     87.781    33.0029     3.4757          1          1  0.000e+00
  1026.6567     87.036     87.767    32.9997     3.4731          1          1  0.000e+00
  1026.6569     87.059     87.790    32.9993     3.4693          1          1  0.000e+00
  1026.6628     87.118     87.849    33.0060     3.4653          1          1  0.000e+00
  1026.6655     87.200     87.933    33.0087     3.4640          1          1  0.000e+00
  1026.6712     87.308     88.042    33.0152     3.4637          1          1  0.000e+00
  1026.6691     87.424     88.158    33.0121     3.4651          1          1  0.000e+00
  1026.6744     87.557     88.292    33.0181     3.4665          1          1  0.000e+00
  1026.6746     87.670     88.406    33.0180     3.4690          1          1  0.000e+00
  1026.6696     87.769     88.506    33.0114     3.4716          1          1  0.000e+00
  1026.6803     87.847     88.585    33.0245     3.4725          1          1  0.000e+00
  1026.6774     87.905     88.644    33.0210     3.4764          1          1  0.000e+00
  1026.6757     87.946     88.684    33.0190     3.4793          1          1  0.000e+00
  1026.6772     87.965     88.704    33.0210     3.4814          1          1  0.000e+00
  1026.6751     87.969     88.708    33.0186     3.4838          1          1  0.000e+00
  1026.6733     87.958     88.697    33.0165     3.4849          1          1  0.000e+00
  1026.6711     87.937     88.676    33.0139     3.4854          1          1  0.000e+00
  1026.6705     87.905     88.644    33.0134     3.4851          1          1  0.000e+00
  1026.6712     87.864     88.602    33.0145     3.4847          1          1  0.000e+00
  1026.6712     87.818     88.556    33.0147     3.4847          1          1  0.000e+00
  1026.6706     87.771     88.508    33.0143     3.4847          1          1  0.000e+00
  1026.6704     87.720     88.457    33.0143     3.4847          1          1  0.000e+00
  1026.6697     87.672     88.409    33.0137     3.4848          1          1  0.000e+00
  1026.6672     87.627     88.363    33.0109     3.4847          1          1  0.000e+00
  1026.6675     87.588     88.324    33.0113     3.4838          1          1  0.000e+00
  1026.6680     87.563     88.298    33.0120     3.4829          1          1  0.000e+00
  1026.6673     87.548     88.284    33.0112     3.4824          1          1  0.000e+00
  1026.6674     87.547     88.282    33.0112     3.4819          1          1  0.000e+00
  1026.6659     87.556     88.291    33.0092     3.4813          1          1  0.000e+00
  1026.6659     87.583     88.319    33.0089     3.4801          1          1  0.000e+00
  1026.6679     87.627     88.363    33.0110     3.4786          1          1  0.000e+00
  1026.6692     87.680     88.416    33.0122     3.4777          1          1  0.000e+00
  1026.6709     87.734     88.471    33.0140     3.4773          1          1  0.000e+00
  1026.6724     87.778     88.516    33.0155     3.4775          1          1  0.000e+00
  1026.6719     87.809     88.547    33.0148     3.4783          1          1  0.000e+00
  1026.6716     87.818     88.555    33.0145     3.4789          1          1  0.000e+00
  1026.6719     87.796     88.534    33.0151     3.4795          1          1  0.000e+00
  1026.6721     87.741     88.478    33.0158     3.4800          1          1  0.000e+00
  1026.6721     87.660     88.396    33.0164     3.4810          1          1  0.000e+00
  1026.6713     87.552     88.288    33.0161     3.4823          1          1  0.000e+00
  1026.6697     87.436     88.170    33.0150     3.4837          1          1  0.000e+00
  1026.6687     87.317     88.050    33.0145     3.4844          1          1  0.000e+00
  1026.6674     87.208     87.940    33.0136     3.4850          1          1  0.000e+00
  1026.6661     87.119     87.851    33.0125     3.4851          1          1  0.000e+00
  1026.6659     87.068     87.799    33.0125     3.4847          1          1  0.000e+00
  1026.6646     87.055     87.786    33.0109     3.4843          1          1  0.000e+00
  1026.6638     87.089     87.821    33.0096     3.4834          1          1  0.000e+00
  1026.6634     87.162     87.894    33.0084     3.4818          1          1  0.000e+00
  1026.6640     87.273     88.006    33.0084     3.4799          1          1  0.000e+00
  1026.6678     87.409     88.144    33.0121     3.4783          1          1  0.000e+00
  1026.6694     87.564     88.300    33.0131     3.4776          1          1  0.000e+00
  1026.6699     87.724     88.461    33.0128     3.4774          1          1  0.000e+00
  1026.6698     87.873     88.611    33.0118     3.4773          1          1  0.000e+00
  1026.6704     88.001     88.740    33.0118     3.4769          1          1  0.000e+00
  1026.6713     88.087     88.827    33.0122     3.4766          1          1  0.000e+00
  1026.6722     88.131     88.872    33.0131     3.4765          1          1  0.000e+00
