data/eDNA/PER-2022-473/473A015.cnv
* Sea-Bird SBE19plus  Data File:
* FileName = C:\Users\RSG_field\Ryan_Perley2022473\CTD\473A015.hex
* Software version 2.3.0 SB_Terminal.dll
* Temperature SN = 7141
* Conductivity SN = 7141
* System UpLoad Time = Aug 10 2022 18:02:24
* <ApplicationData>
* <SeatermAF>
** Platform: M. Perley
** Cruise: Per2022473
** Station:  ESI_11
** Cast: 01
** Latitude: N  44 38.2809
** Longitude: W 62 38.3299
** Sounding: 78.9
** Chief Scientist: Ryan Stanley
** Comment: CastID 473A015 SampleIDs 493841-493846 Cast 33
# nquan = 8
# nvalues = 3171                                  
# units = specified
# name 0 = density00: Density [density, kg/m^3]
# name 1 = depSM: Depth [salt water, m], lat = 45.00
# name 2 = prdM: Pressure, Strain Gauge [db]
# name 3 = sal00: Salinity, Practical [PSU]
# name 4 = tv290C: Temperature [ITS-90, deg C]
# name 5 = bpos: Bottle Position in Carousel
# name 6 = nbf: Bottles Fired
# name 7 = flag:  0.000e+00
# span 0 =   998.8405,  1025.8131                 
# span 1 =     -0.080,     72.173                 
# span 2 =     -0.080,     72.777                 
# span 3 =     0.0404,    32.2687                 
# span 4 =     3.5574,    16.8798                 
# span 5 =          0,          6                 
# span 6 =          0,          2                 
# span 7 = 0.0000e+00, 0.0000e+00                 
# interval = seconds: 0.25
# start_time = Aug 10 2022 17:45:06 [Instrument's time stamp, header]
# bad_flag = -9.990e-29
*END*
[from data line 1798]
  1025.7791     71.835     72.436    32.0615     4.0887          1          1  0.000e+00
  1025.7831     71.756     72.356    32.0667     4.0866          1          1  0.000e+00
  1025.7888     71.675     72.274    32.0744     4.0867          1          1  0.000e+00
  1025.7869     71.592     72.191    32.0728     4.0888          1          1  0.000e+00
  1025.7850     71.518     72.116    32.0711     4.0908          1          1  0.000e+00
  1025.7865     71.453     72.050    32.0735     4.0919          1          1  0.000e+00
  1025.7920     71.393     71.990    32.0810     4.0938          1          1  0.000e+00
  1025.7939     71.352     71.948    32.0841     4.0971          1          1  0.000e+00
  1025.7907     71.323     71.919    32.0807     4.1011          1          1  0.000e+00
  1025.7907     71.310     71.907    32.0811     4.1037          1          1  0.000e+00
  1025.7904     71.316     71.912    32.0810     4.1059          1          1  0.000e+00
  1025.7875     71.334     71.930    32.0774     4.1074          1          1  0.000e+00
  1025.7842     71.370     71.966    32.0730     4.1077          1          1  0.000e+00
  1025.7852     71.417     72.014    32.0740     4.1067          1          1  0.000e+00
  1025.7873     71.468     72.066    32.0762     4.1058          1          1  0.000e+00
  1025.7881     71.526     72.124    32.0768     4.1058          1          1  0.000e+00
  1025.7878     71.580     72.178    32.0762     4.1060          1          1  0.000e+00
  1025.7884     71.633     72.232    32.0766     4.1060          1          1  0.000e+00
  1025.7882     71.681     72.280    32.0760     4.1061          1          1  0.000e+00
  1025.7885     71.721     72.320    32.0763     4.1061          1          1  0.000e+00
  1025.7887     71.757     72.357    32.0763     4.1061          1          1  0.000e+00
  1025.7889     71.788     72.388    32.0763     4.1063          1          1  0.000e+00
  1025.7891     71.817     72.418    32.0765     4.1063          1          1  0.000e+00
  1025.7897     71.846     72.447    32.0770     4.1065          1          1  0.000e+00
  1025.7902     71.876     72.477    32.0776     4.1070          1          1  0.000e+00
  1025.7901     71.901     72.502    32.0773     4.1073          1          1  0.000e+00
  1025.7905     71.916     72.517    32.0778     4.1076          1          1  0.000e+00
  1025.7912     71.914     72.515    32.0788     4.1081          1          1  0.000e+00
  1025.7915     71.896     72.497    32.0793     4.1090          1          1  0.000e+00
  1025.7928     71.860     72.461    32.0813     4.1099          1          1  0.000e+00
  1025.7942     71.801     72.402    32.0836     4.1114          1          1  0.000e+00
  1025.7916     71.735     72.334    32.0810     4.1133          1          1  0.000e+00
  1025.7894     71.664     72.263    32.0787     4.1143          1          1  0.000e+00
  1025.7884     71.599     72.198    32.0779     4.1145          1          1  0.000e+00
  1025.7886     71.544     72.142    32.0784     4.1142          1          1  0.000e+00
  1025.7881     71.507     72.105    32.0780     4.1142          1          1  0.000e+00
  1025.7884     71.485     72.082    32.0785     4.1139          1          1  0.000e+00
  1025.7873     71.483     72.081    32.0770     4.1136          1          1  0.000e+00
  1025.7852     71.498     72.096    32.0743     4.1129          1          1  0.000e+00
  1025.7868     71.530     72.128    32.0759     4.1114          1          1  0.000e+00
  1025.7956     71.573     72.171    32.0865     4.1105          1          1  0.000e+00
  1025.8047     71.628     72.227    32.0980     4.1130          1          1  0.000e+00
  1025.8041     71.687     72.286    32.0977     4.1187          1          1  0.000e+00
  1025.8019     71.742     72.342    32.0952     4.1242          1          1  0.000e+00
  1025.8010     71.789     72.389    32.0943     4.1282          1          1  0.000e+00
  1025.7976     71.817     72.418    32.0902     4.1313          1          1  0.000e+00
  1025.7953     71.828     72.429    32.0875     4.1327          1          1  0.000e+00
  1025.7940     71.815     72.416    32.0859     4.1329          1          1  0.000e+00
  1025.7914     71.780     72.381    32.0829     4.1326          1          1  0.000e+00
  1025.7922     71.732     72.331    32.0840     4.1315          1          1  0.000e+00
  1025.7933     71.673     72.273    32.0856     4.1307          1          1  0.000e+00
  1025.7929     71.614     72.213    32.0854     4.1305          1          1  0.000e+00
  1025.7918     71.557     72.155    32.0844     4.1304          1          1  0.000e+00
  1025.7914     71.505     72.103    32.0842     4.1301          1          1  0.000e+00
  1025.7898     71.464     72.062    32.0823     4.1296          1          1  0.000e+00
  1025.7897     71.442     72.039    32.0823     4.1287          1          1  0.000e+00
  1025.7887     71.437     72.034    32.0809     4.1278          1          1  0.000e+00
  1025.7903     71.451     72.048    32.0826     4.1265          1          1  0.000e+00
  1025.7905     71.490     72.088    32.0826     4.1257          1          1  0.000e+00
  1025.7908     71.544     72.142    32.0825     4.1251          1          1  0.000e+00
  1025.7890     71.610     72.208    32.0798     4.1244          1          1  0.000e+00
  1025.7882     71.686     72.285    32.0782     4.1229          1          1  0.000e+00
  1025.7881     71.765     72.365    32.0774     4.1214          1          1  0.000e+00
  1025.7900     71.843     72.444    32.0790     4.1195          1          1  0.000e+00
  1025.7932     71.908     72.509    32.0825     4.1181          1          1  0.000e+00
  1025.7907     71.962     72.563    32.0791     4.1184          1          1  0.000e+00
  1025.7889     71.994     72.596    32.0766     4.1177          1          1  0.000e+00
  1025.7905     71.989     72.591    32.0784     4.1163          1          1  0.000e+00
  1025.7943     71.945     72.546    32.0834     4.1157          1          1  0.000e+00
  1025.7947     71.865     72.466    32.0845     4.1167          1          1  0.000e+00
  1025.7930     71.758     72.358    32.0832     4.1181          1          1  0.000e+00
  1025.7910     71.637     72.236    32.0816     4.1191          1          1  0.000e+00
  1025.7900     71.513     72.111    32.0810     4.1195          1          1  0.000e+00
  1025.7890     71.399     71.996    32.0805     4.1196          1          1  0.000e+00
  1025.7874     71.308     71.904    32.0789     4.1197          1          1  0.000e+00
  1025.7850     71.245     71.841    32.0763     4.1193          1          1  0.000e+00
  1025.7827     71.220     71.815    32.0734     4.1178          1          1  0.000e+00
  1025.7809     71.226     71.821    32.0708     4.1156          1          1  0.000e+00
  1025.7782     71.267     71.863    32.0668     4.1127          1          1  0.000e+00
  1025.7874     71.331     71.927    32.0775     4.1092          1          1  0.000e+00
  1025.7917     71.401     71.998    32.0825     4.1087          1          1  0.000e+00
  1025.7877     71.490     72.088    32.0771     4.1102          1          1  0.000e+00
  1025.7865     71.573     72.171    32.0752     4.1103          1          1  0.000e+00
  1025.7859     71.648     72.247    32.0738     4.1094          1          1  0.000e+00
  1025.7858     71.712     72.311    32.0731     4.1082          1          1  0.000e+00
  1025.7911     71.756     72.356    32.0794     4.1070          1          1  0.000e+00
  1025.7961     71.782     72.382    32.0857     4.1078          1          1  0.000e+00
  1025.7936     71.789     72.389    32.0828     4.1105          1          1  0.000e+00
  1025.7892     71.782     72.382    32.0775     4.1124          1          1  0.000e+00
  1025.7866     71.767     72.367    32.0744     4.1128          1          1  0.000e+00
  1025.7863     71.745     72.344    32.0741     4.1120          1          1  0.000e+00
  1025.7876     71.724     72.324    32.0757     4.1111          1          1  0.000e+00
  1025.7872     71.701     72.301    32.0753     4.1106          1          1  0.000e+00
  1025.7899     71.674     72.273    32.0788     4.1103          1          1  0.000e+00
  1025.7913     71.650     72.249    32.0807     4.1107          1          1  0.000e+00
  1025.7905     71.628     72.227    32.0801     4.1118          1          1  0.000e+00
  1025.7894     71.608     72.207    32.0788     4.1128          1          1  0.000e+00
  1025.7887     71.590     72.188    32.0781     4.1131          1          1  0.000e+00
  1025.7914     71.574     72.172    32.0816     4.1131          1          1  0.000e+00
  1025.7936     71.564     72.163    32.0845     4.1138          1          1  0.000e+00
  1025.7958     71.556     72.154    32.0876     4.1158          1          1  0.000e+00
  1025.7916     71.550     72.148    32.0826     4.1183          1          1  0.000e+00
  1025.7917     71.546     72.145    32.0829     4.1194          1          1  0.000e+00
  1025.7907     71.544     72.142    32.0818     4.1198          1          1  0.000e+00
  1025.7878     71.544     72.142    32.0782     4.1200          1          1  0.000e+00
  1025.7870     71.550     72.148    32.0770     4.1194          1          1  0.000e+00
  1025.7864     71.563     72.162    32.0761     4.1182          1          1  0.000e+00
  1025.7857     71.584     72.182    32.0749     4.1169          1          1  0.000e+00
  1025.7874     71.607     72.205    32.0767     4.1153          1          1  0.000e+00
  1025.7886     71.634     72.233    32.0779     4.1144          1          1  0.000e+00
  1025.7877     71.660     72.259    32.0765     4.1140          1          1  0.000e+00
  1025.7874     71.681     72.280    32.0761     4.1136          1          1  0.000e+00
  1025.7874     71.699     72.299    32.0758     4.1126          1          1  0.000e+00
  1025.7880     71.704     72.304    32.0764     4.1120          1          1  0.000e+00
  1025.7875     71.707     72.306    32.0757     4.1115          1          1  0.000e+00
  1025.7880     71.698     72.297    32.0764     4.1111          1          1  0.000e+00
  1025.7882     71.692     72.291    32.0767     4.1110          1          1  0.000e+00
  1025.7842     71.684     72.284    32.0717     4.1112          1          1  0.000e+00
  1025.7822     71.682     72.281    32.0690     4.1099          1          1  0.000e+00
  1025.7823     71.684     72.284    32.0688     4.1074          1          1  0.000e+00
  1025.7826     71.695     72.294    32.0688     4.1051          1          1  0.000e+00
  1025.7835     71.710     72.309    32.0696     4.1032          1          1  0.000e+00
  1025.7857     71.726     72.325    32.0721     4.1017          1          1  0.000e+00
  1025.7862     71.736     72.336    32.0726     4.1011          1          1  0.000e+00
  1025.7858     71.735     72.335    32.0720     4.1007          1          1  0.000e+00
  1025.7846     71.721     72.321    32.0706     4.1004          1          1  0.000e+00
  1025.7844     71.689     72.288    32.0705     4.0999          1          1  0.000e+00
  1025.7840     71.643     72.242    32.0702     4.0993          1          1  0.000e+00
  1025.7839     71.586     72.184    32.0703     4.0989          1          1  0.000e+00
  1025.7844     71.522     72.120    32.0712     4.0983          1          1  0.000e+00
  1025.7845     71.464     72.061    32.0718     4.0985          1          1  0.000e+00
  1025.7821     71.417     72.014    32.0691     4.0987          1          1  0.000e+00
  1025.7796     71.390     71.986    32.0660     4.0984          1          1  0.000e+00
  1025.7789     71.385     71.982    32.0649     4.0969          1          1  0.000e+00
  1025.7774     71.406     72.002    32.0627     4.0949          1          1  0.000e+00
  1025.7799     71.442     72.039    32.0654     4.0925          1          1  0.000e+00
  1025.7808     71.494     72.091    32.0659     4.0908          1          1  0.000e+00
  1025.7818     71.558     72.156    32.0666     4.0897          1          1  0.000e+00
  1025.7865     71.630     72.229    32.0721     4.0893          1          1  0.000e+00
  1025.7921     71.701     72.301    32.0789     4.0904          1          1  0.000e+00
  1025.7938     71.770     72.370    32.0810     4.0932          1          1  0.000e+00
  1025.7972     71.828     72.428    32.0853     4.0970          1          1  0.000e+00
  1025.7938     71.870     72.471    32.0814     4.1012          1          1  0.000e+00
  1025.7903     71.904     72.505    32.0771     4.1040          1          1  0.000e+00
  1025.7867     71.925     72.526    32.0726     4.1049          1          1  0.000e+00
  1025.7883     71.942     72.544    32.0744     4.1044          1          1  0.000e+00
  1025.7878     71.944     72.546    32.0738     4.1041          1          1  0.000e+00
  1025.7859     71.939     72.540    32.0713     4.1040          1          1  0.000e+00
  1025.7840     71.926     72.528    32.0690     4.1032          1          1  0.000e+00
  1025.7845     71.904     72.505    32.0696     4.1017          1          1  0.000e+00
  1025.7862     71.868     72.469    32.0717     4.1007          1          1  0.000e+00
  1025.7856     71.815     72.415    32.0713     4.1004          1          1  0.000e+00
  1025.7843     71.752     72.352    32.0700     4.1003          1          1  0.000e+00
  1025.7839     71.683     72.283    32.0698     4.0999          1          1  0.000e+00
  1025.7819     71.608     72.207    32.0678     4.0993          1          1  0.000e+00
  1025.7814     71.529     72.127    32.0674     4.0983          1          1  0.000e+00
  1025.7824     71.462     72.059    32.0690     4.0972          1          1  0.000e+00
  1025.7835     71.401     71.998    32.0706     4.0967          1          1  0.000e+00
  1025.7843     71.357     71.953    32.0719     4.0968          1          1  0.000e+00
  1025.7883     71.330     71.927    32.0772     4.0973          1          1  0.000e+00
  1025.7890     71.312     71.909    32.0784     4.0990          1          1  0.000e+00
  1025.7872     71.316     71.912    32.0764     4.1011          1          1  0.000e+00
  1025.7805     71.337     71.933    32.0679     4.1020          1          1  0.000e+00
  1025.7828     71.374     71.971    32.0704     4.1006          1          1  0.000e+00
  1025.7853     71.422     72.019    32.0731     4.0997          1          1  0.000e+00
  1025.7826     71.484     72.082    32.0693     4.0996          1          1  0.000e+00
  1025.7790     71.556     72.154    32.0643     4.0985          1          1  0.000e+00
  1025.7789     71.635     72.234    32.0633     4.0961          1          1  0.000e+00
  1025.7812     71.720     72.319    32.0654     4.0935          1          1  0.000e+00
  1025.7849     71.798     72.398    32.0695     4.0921          1          1  0.000e+00
  1025.7781     71.880     72.481    32.0604     4.0916          1          1  0.000e+00
  1025.7792     71.945     72.547    32.0610     4.0891          1          1  0.000e+00
  1025.7807     71.996     72.598    32.0624     4.0867          1          1  0.000e+00
  1025.7837     72.031     72.634    32.0657     4.0853          1          1  0.000e+00
  1025.7866     72.043     72.645    32.0693     4.0850          1          1  0.000e+00
  1025.7855     72.032     72.635    32.0680     4.0858          1          1  0.000e+00
  1025.7863     72.002     72.604    32.0693     4.0865          1          1  0.000e+00
  1025.7862     71.946     72.548    32.0697     4.0876          1          1  0.000e+00
  1025.7855     71.866     72.467    32.0694     4.0889          1          1  0.000e+00
