data/eDNA/PER-2022-473/473A022.cnv
* Sea-Bird SBE19plus  Data File:
* FileName = C:\Users\RSG_field\Ryan_Perley2022473\CTD\473A022.hex
* Software version 2.3.0 SB_Terminal.dll
* Temperature SN = 7141
* Conductivity SN = 7141
* System UpLoad Time = Aug 14 2022 15:44:16
* <ApplicationData>
* <SeatermAF>
** Platform: M. Perley
** Cruise: Per2022473
** Station:  SAB_Trans_05
** Cast: 01
** Latitude: N  46 08.1727
** Longitude: W 59 06.8801
** Sounding: 93.4
** Chief Scientist: Ryan Stanley
** Comment: CastID 473A022 SampleID 493884-493889
** Cast 40
# nquan = 8
# nvalues = 3463                                  
# units = specified
# name 0 = density00: Density [density, kg/m^3]
# name 1 = depSM: Depth [salt water, m], lat = 45.00
# name 2 = prdM: Pressure, Strain Gauge [db]
# name 3 = sal00: Salinity, Practical [PSU]
# name 4 = tv290C: Temperature [ITS-90, deg C]
# name 5 = bpos: Bottle Position in Carousel
# name 6 = nbf: Bottles Fired
# name 7 = flag:  0.000e+00
# span 0 =   998.2894,  1026.6900                 
# span 1 =     -0.124,     88.631                 
# span 2 =     -0.125,     89.376                 
# span 3 =     0.0525,    33.0367                 
# span 4 =     1.7382,    20.6697                 
# span 5 =          0,          6                 
# span 6 =          0,          2                 
# span 7 = 0.0000e+00, 0.0000e+00                 
# interval = seconds: 0.25
# start_time = Aug 14 2022 15:24:56 [Instrument's time stamp, header]
# bad_flag = -9.990e-29
*END*
[from data line 899]
  1025.5269     43.463     43.823    31.7661     2.8025          0          0  0.000e+00
  1025.5244     43.530     43.891    31.7630     2.8082          0          0  0.000e+00
  1025.5233     43.606     43.968    31.7617     2.8123          0          0  0.000e+00
  1025.5215     43.686     44.048    31.7593     2.8156          0          0  0.000e+00
  1025.5202     43.771     44.134    31.7573     2.8174          0          0  0.000e+00
  1025.5201     43.862     44.225    31.7567     2.8181          0          0  0.000e+00
  1025.5187     43.954     44.318    31.7545     2.8185          0          0  0.000e+00
  1025.5158     44.049     44.414    31.7503     2.8184          0          0  0.000e+00
  1025.5142     44.142     44.508    31.7474     2.8158          0          0  0.000e+00
  1025.5206     44.237     44.604    31.7545     2.8120          0          0  0.000e+00
  1025.5199     44.328     44.696    31.7529     2.8106          0          0  0.000e+00
  1025.5198     44.413     44.781    31.7522     2.8094          0          0  0.000e+00
  1025.5218     44.492     44.861    31.7540     2.8079          0          0  0.000e+00
  1025.5182     44.565     44.935    31.7490     2.8067          0          0  0.000e+00
  1025.5209     44.637     45.008    31.7517     2.8042          0          0  0.000e+00
  1025.5145     44.701     45.072    31.7431     2.8024          0          0  0.000e+00
  1025.5144     44.760     45.132    31.7420     2.7964          0          0  0.000e+00
  1025.5169     44.823     45.195    31.7440     2.7883          0          0  0.000e+00
  1025.5183     44.899     45.272    31.7445     2.7814          0          0  0.000e+00
  1025.5246     44.990     45.364    31.7512     2.7748          0          0  0.000e+00
  1025.5210     45.090     45.464    31.7457     2.7705          0          0  0.000e+00
  1025.5190     45.205     45.580    31.7419     2.7652          0          0  0.000e+00
  1025.4840     45.325     45.701    31.6963     2.7550          0          0  0.000e+00
  1025.4843     45.449     45.827    31.6930     2.7259          0          0  0.000e+00
  1025.5033     45.570     45.948    31.7123     2.6881          0          0  0.000e+00
  1025.5266     45.680     46.058    31.7375     2.6559          0          0  0.000e+00
  1025.5426     45.781     46.161    31.7547     2.6339          0          0  0.000e+00
  1025.5408     45.867     46.248    31.7505     2.6197          0          0  0.000e+00
  1025.5535     45.940     46.321    31.7646     2.6052          0          0  0.000e+00
  1025.5576     45.996     46.378    31.7683     2.5947          0          0  0.000e+00
  1025.5616     46.034     46.416    31.7723     2.5865          0          0  0.000e+00
  1025.5660     46.061     46.443    31.7769     2.5796          0          0  0.000e+00
  1025.5736     46.071     46.453    31.7860     2.5753          0          0  0.000e+00
  1025.5814     46.075     46.457    31.7957     2.5752          0          0  0.000e+00
  1025.5762     46.074     46.456    31.7897     2.5802          0          0  0.000e+00
  1025.5729     46.075     46.457    31.7861     2.5853          0          0  0.000e+00
  1025.5680     46.080     46.463    31.7801     2.5877          0          0  0.000e+00
  1025.5631     46.099     46.482    31.7740     2.5878          0          0  0.000e+00
  1025.5811     46.128     46.511    31.7961     2.5854          0          0  0.000e+00
  1025.6005     46.175     46.558    31.8209     2.5934          0          0  0.000e+00
  1025.5684     46.238     46.622    31.7822     2.6126          0          0  0.000e+00
  1025.5687     46.324     46.708    31.7829     2.6215          0          0  0.000e+00
  1025.5226     46.427     46.812    31.7250     2.6247          0          0  0.000e+00
  1025.5270     46.547     46.933    31.7276     2.6044          0          0  0.000e+00
  1025.5400     46.679     47.067    31.7406     2.5784          0          0  0.000e+00
  1025.5520     46.822     47.211    31.7526     2.5571          0          0  0.000e+00
  1025.5619     46.971     47.361    31.7624     2.5393          0          0  0.000e+00
  1025.5699     47.115     47.506    31.7697     2.5205          0          0  0.000e+00
  1025.5797     47.257     47.649    31.7791     2.5003          0          0  0.000e+00
  1025.5820     47.389     47.783    31.7794     2.4812          0          0  0.000e+00
  1025.5873     47.510     47.905    31.7833     2.4612          0          0  0.000e+00
  1025.5963     47.618     48.014    31.7919     2.4409          0          0  0.000e+00
  1025.6000     47.714     48.110    31.7943     2.4238          0          0  0.000e+00
  1025.5973     47.792     48.189    31.7888     2.4058          0          0  0.000e+00
  1025.6034     47.855     48.252    31.7938     2.3826          0          0  0.000e+00
  1025.6179     47.907     48.304    31.8093     2.3582          0          0  0.000e+00
  1025.6297     47.947     48.345    31.8220     2.3393          0          0  0.000e+00
  1025.6395     47.981     48.379    31.8328     2.3261          0          0  0.000e+00
  1025.6464     48.013     48.411    31.8405     2.3180          0          0  0.000e+00
  1025.6505     48.041     48.440    31.8450     2.3136          0          0  0.000e+00
  1025.6543     48.074     48.473    31.8494     2.3121          0          0  0.000e+00
  1025.6536     48.117     48.516    31.8483     2.3129          0          0  0.000e+00
  1025.6444     48.171     48.571    31.8365     2.3135          0          0  0.000e+00
  1025.6430     48.245     48.645    31.8340     2.3093          0          0  0.000e+00
  1025.6469     48.342     48.744    31.8377     2.3022          0          0  0.000e+00
  1025.6519     48.462     48.865    31.8424     2.2951          0          0  0.000e+00
  1025.6484     48.605     49.009    31.8367     2.2891          0          0  0.000e+00
  1025.6500     48.766     49.171    31.8369     2.2806          0          0  0.000e+00
  1025.6553     48.940     49.347    31.8416     2.2709          0          0  0.000e+00
  1025.6565     49.114     49.522    31.8413     2.2630          0          0  0.000e+00
  1025.6510     49.285     49.694    31.8326     2.2547          0          0  0.000e+00
  1025.6517     49.434     49.845    31.8311     2.2387          0          0  0.000e+00
  1025.6683     49.563     49.974    31.8486     2.2125          0          0  0.000e+00
  1025.6871     49.658     50.070    31.8693     2.1885          0          0  0.000e+00
  1025.7024     49.728     50.141    31.8865     2.1716          0          0  0.000e+00
  1025.7146     49.766     50.180    31.9002     2.1587          0          0  0.000e+00
  1025.7300     49.782     50.196    31.9186     2.1496          0          0  0.000e+00
  1025.7415     49.782     50.196    31.9329     2.1490          0          0  0.000e+00
  1025.7327     49.774     50.187    31.9229     2.1590          0          0  0.000e+00
  1025.7281     49.762     50.175    31.9181     2.1688          0          0  0.000e+00
  1025.7200     49.747     50.160    31.9090     2.1781          0          0  0.000e+00
  1025.7109     49.746     50.159    31.8982     2.1848          0          0  0.000e+00
  1025.7070     49.757     50.170    31.8934     2.1859          0          0  0.000e+00
  1025.7079     49.786     50.200    31.8941     2.1834          0          0  0.000e+00
  1025.7064     49.839     50.253    31.8917     2.1819          0          0  0.000e+00
  1025.7001     49.909     50.324    31.8835     2.1819          0          0  0.000e+00
  1025.7042     49.997     50.413    31.8879     2.1794          0          0  0.000e+00
  1025.7059     50.104     50.521    31.8890     2.1760          0          0  0.000e+00
  1025.6965     50.223     50.640    31.8761     2.1706          0          0  0.000e+00
  1025.6992     50.349     50.767    31.8767     2.1498          0          0  0.000e+00
  1025.7125     50.486     50.905    31.8900     2.1222          0          0  0.000e+00
  1025.7232     50.626     51.047    31.9003     2.0973          0          0  0.000e+00
  1025.7341     50.767     51.189    31.9109     2.0752          0          0  0.000e+00
  1025.7433     50.905     51.328    31.9199     2.0567          0          0  0.000e+00
  1025.7526     51.037     51.461    31.9294     2.0417          0          0  0.000e+00
  1025.7599     51.171     51.596    31.9367     2.0299          0          0  0.000e+00
  1025.7641     51.300     51.726    31.9404     2.0215          0          0  0.000e+00
  1025.7624     51.430     51.858    31.9369     2.0149          0          0  0.000e+00
  1025.7641     51.570     51.999    31.9373     2.0060          0          0  0.000e+00
  1025.7684     51.718     52.148    31.9409     1.9955          0          0  0.000e+00
  1025.7716     51.875     52.306    31.9431     1.9857          0          0  0.000e+00
  1025.7747     52.037     52.469    31.9451     1.9757          0          0  0.000e+00
  1025.7767     52.200     52.634    31.9457     1.9654          0          0  0.000e+00
  1025.7794     52.352     52.787    31.9472     1.9545          0          0  0.000e+00
  1025.7877     52.481     52.917    31.9557     1.9428          0          0  0.000e+00
  1025.7928     52.585     53.022    31.9606     1.9338          0          0  0.000e+00
  1025.7976     52.655     53.093    31.9655     1.9266          0          0  0.000e+00
  1025.8034     52.687     53.125    31.9722     1.9210          0          0  0.000e+00
  1025.8118     52.684     53.122    31.9824     1.9181          0          0  0.000e+00
  1025.8223     52.650     53.087    31.9959     1.9208          0          0  0.000e+00
  1025.8236     52.599     53.036    31.9988     1.9308          0          0  0.000e+00
  1025.8154     52.541     52.978    31.9900     1.9435          0          0  0.000e+00
  1025.8061     52.484     52.921    31.9796     1.9534          0          0  0.000e+00
  1025.8022     52.442     52.878    31.9754     1.9587          0          0  0.000e+00
  1025.7999     52.422     52.857    31.9730     1.9620          0          0  0.000e+00
  1025.7956     52.426     52.862    31.9679     1.9649          0          0  0.000e+00
  1025.7990     52.460     52.896    31.9721     1.9660          0          0  0.000e+00
  1025.7982     52.526     52.962    31.9709     1.9689          0          0  0.000e+00
  1025.7809     52.614     53.051    31.9491     1.9731          0          0  0.000e+00
  1025.7700     52.726     53.164    31.9345     1.9683          0          0  0.000e+00
  1025.7781     52.856     53.296    31.9424     1.9532          0          0  0.000e+00
  1025.7890     53.006     53.447    31.9539     1.9394          0          0  0.000e+00
  1025.7933     53.169     53.611    31.9575     1.9302          0          0  0.000e+00
  1025.7921     53.341     53.784    31.9543     1.9219          0          0  0.000e+00
  1025.7968     53.518     53.963    31.9582     1.9117          0          0  0.000e+00
  1025.8003     53.707     54.153    31.9605     1.9021          0          0  0.000e+00
  1025.8051     53.891     54.339    31.9645     1.8924          0          0  0.000e+00
  1025.8130     54.079     54.528    31.9724     1.8828          0          0  0.000e+00
  1025.8170     54.261     54.712    31.9758     1.8763          0          0  0.000e+00
  1025.8184     54.438     54.891    31.9760     1.8713          0          0  0.000e+00
  1025.8199     54.607     55.061    31.9764     1.8655          0          0  0.000e+00
  1025.8250     54.765     55.220    31.9811     1.8583          0          0  0.000e+00
  1025.8303     54.899     55.356    31.9864     1.8515          0          0  0.000e+00
  1025.8342     55.014     55.471    31.9901     1.8462          0          0  0.000e+00
  1025.8368     55.107     55.565    31.9924     1.8422          0          0  0.000e+00
  1025.8380     55.172     55.631    31.9932     1.8388          0          0  0.000e+00
  1025.8415     55.213     55.672    31.9970     1.8355          0          0  0.000e+00
  1025.8500     55.234     55.694    32.0074     1.8337          0          0  0.000e+00
  1025.8528     55.238     55.698    32.0111     1.8367          0          0  0.000e+00
  1025.8480     55.235     55.695    32.0057     1.8423          0          0  0.000e+00
  1025.8473     55.220     55.680    32.0052     1.8469          0          0  0.000e+00
  1025.8455     55.208     55.667    32.0034     1.8506          0          0  0.000e+00
  1025.8450     55.199     55.658    32.0032     1.8544          0          0  0.000e+00
  1025.8428     55.194     55.653    32.0009     1.8584          0          0  0.000e+00
  1025.8361     55.204     55.664    31.9927     1.8613          0          0  0.000e+00
  1025.8349     55.218     55.678    31.9911     1.8614          0          0  0.000e+00
  1025.8303     55.250     55.710    31.9850     1.8595          0          0  0.000e+00
  1025.8308     55.298     55.758    31.9850     1.8551          0          0  0.000e+00
  1025.8333     55.362     55.823    31.9872     1.8504          0          0  0.000e+00
  1025.8343     55.442     55.903    31.9877     1.8462          0          0  0.000e+00
  1025.8373     55.537     55.999    31.9905     1.8424          0          0  0.000e+00
  1025.8363     55.653     56.116    31.9883     1.8392          0          0  0.000e+00
  1025.8385     55.789     56.253    31.9898     1.8341          0          0  0.000e+00
  1025.8440     55.942     56.408    31.9952     1.8281          0          0  0.000e+00
  1025.8484     56.111     56.578    31.9993     1.8235          0          0  0.000e+00
  1025.8528     56.293     56.762    32.0034     1.8205          0          0  0.000e+00
  1025.8541     56.483     56.953    32.0037     1.8182          0          0  0.000e+00
  1025.8560     56.674     57.146    32.0047     1.8148          0          0  0.000e+00
  1025.8574     56.860     57.334    32.0048     1.8094          0          0  0.000e+00
  1025.8610     57.028     57.503    32.0078     1.8027          0          0  0.000e+00
  1025.8647     57.174     57.650    32.0109     1.7963          0          0  0.000e+00
  1025.8698     57.289     57.766    32.0161     1.7904          0          0  0.000e+00
  1025.8764     57.373     57.851    32.0234     1.7852          0          0  0.000e+00
  1025.8813     57.426     57.905    32.0288     1.7805          0          0  0.000e+00
  1025.8847     57.455     57.933    32.0325     1.7771          0          0  0.000e+00
  1025.8930     57.464     57.942    32.0427     1.7758          0          0  0.000e+00
  1025.8911     57.458     57.937    32.0406     1.7785          0          0  0.000e+00
  1025.8881     57.450     57.928    32.0374     1.7826          0          0  0.000e+00
  1025.8859     57.449     57.927    32.0349     1.7862          0          0  0.000e+00
  1025.8831     57.458     57.937    32.0316     1.7887          0          0  0.000e+00
  1025.8762     57.493     57.972    32.0227     1.7895          0          0  0.000e+00
  1025.8762     57.554     58.033    32.0221     1.7860          0          0  0.000e+00
  1025.8794     57.643     58.123    32.0252     1.7822          0          0  0.000e+00
  1025.8807     57.758     58.239    32.0261     1.7805          0          0  0.000e+00
  1025.8896     57.895     58.377    32.0358     1.7749          0          0  0.000e+00
  1025.9018     58.049     58.532    32.0496     1.7682          0          0  0.000e+00
  1025.9102     58.215     58.700    32.0586     1.7630          0          0  0.000e+00
  1025.9133     58.381     58.867    32.0610     1.7582          0          0  0.000e+00
  1025.9184     58.541     59.028    32.0660     1.7525          0          0  0.000e+00
