data/eDNA/PER-2022-473/473A029.cnv
* Sea-Bird SBE19plus  Data File:
* FileName = C:\Users\RSG_field\Ryan_Perley2022473\CTD\473A029.hex
* Software version 2.3.0 SB_Terminal.dll
* Temperature SN = 7141
* Conductivity SN = 7141
* System UpLoad Time = Aug 16 2022 17:54:34
* <ApplicationData>
* <SeatermAF>
** Platform: M. Perley
** Cruise: Per2022473
** Station:  SAB_Trans_14
** Cast: 01 473A029
** Latitude: N  46 11.6974
** Longitude: W 58 51.1420
** Sounding: 236
** Chief Scientist: Ryan Stanley
** Comment: Bottles 493927-43932 - sounding based on plumb line cast 48
# nquan = 8
# nvalues = 6865                                  
# units = specified
# name 0 = density00: Density [density, kg/m^3]
# name 1 = depSM: Depth [salt water, m], lat = 45.00
# name 2 = prdM: Pressure, Strain Gauge [db]
# name 3 = sal00: Salinity, Practical [PSU]
# name 4 = tv290C: Temperature [ITS-90, deg C]
# name 5 = bpos: Bottle Position in Carousel
# name 6 = nbf: Bottles Fired
# name 7 = flag:  0.000e+00
# span 0 =   998.6288,  1027.9960                 
# span 1 =     -0.045,    207.070                 
# span 2 =     -0.045,    208.870                 
# span 3 =     0.1030,    34.6316                 
# span 4 =     1.7588,    20.1287                 
# span 5 =          0,          6                 
# span 6 =          0,          2                 
# span 7 = 0.0000e+00, 0.0000e+00                 
# interval = seconds: 0.25
# start_time = Aug 16 2022 17:20:25 [Instrument's time stamp, header]
# bad_flag = -9.990e-29
*END*
[from data line 6293]
  1025.1304     33.154     33.428    31.2473     1.9137          1          1  0.000e+00
  1025.1291     33.063     33.336    31.2463     1.9163          1          1  0.000e+00
  1025.1360     32.987     33.260    31.2557     1.9191          1          1  0.000e+00
  1025.1331     32.927     33.199    31.2530     1.9264          1          1  0.000e+00
  1025.1466     32.887     33.158    31.2708     1.9353          1          1  0.000e+00
  1025.1391     32.857     33.128    31.2636     1.9571          1          1  0.000e+00
  1025.1235     32.837     33.108    31.2469     1.9882          1          1  0.000e+00
  1025.1116     32.820     33.091    31.2348     2.0180          1          1  0.000e+00
  1025.0909     32.803     33.074    31.2113     2.0449          1          1  0.000e+00
  1025.0865     32.781     33.051    31.2076     2.0625          1          1  0.000e+00
  1025.0754     32.755     33.026    31.1950     2.0760          1          1  0.000e+00
  1025.0760     32.713     32.983    31.1967     2.0844          1          1  0.000e+00
  1025.0833     32.665     32.935    31.2068     2.0923          1          1  0.000e+00
  1025.0811     32.598     32.868    31.2058     2.1063          1          1  0.000e+00
  1025.0724     32.520     32.789    31.1968     2.1224          1          1  0.000e+00
  1025.0641     32.433     32.701    31.1881     2.1352          1          1  0.000e+00
  1025.0603     32.334     32.602    31.1849     2.1459          1          1  0.000e+00
  1025.0534     32.234     32.500    31.1777     2.1557          1          1  0.000e+00
  1025.0573     32.130     32.395    31.1840     2.1638          1          1  0.000e+00
  1025.0547     32.027     32.292    31.1824     2.1756          1          1  0.000e+00
  1025.0506     31.930     32.194    31.1792     2.1903          1          1  0.000e+00
  1025.0370     31.835     32.098    31.1640     2.2041          1          1  0.000e+00
  1025.0342     31.749     32.011    31.1618     2.2131          1          1  0.000e+00
  1025.0268     31.662     31.924    31.1537     2.2206          1          1  0.000e+00
  1025.0149     31.578     31.839    31.1397     2.2241          1          1  0.000e+00
  1025.0381     31.492     31.752    31.1691     2.2228          1          1  0.000e+00
  1025.0356     31.399     31.659    31.1675     2.2336          1          1  0.000e+00
  1025.0238     31.304     31.562    31.1547     2.2486          1          1  0.000e+00
  1025.0128     31.206     31.464    31.1424     2.2583          1          1  0.000e+00
  1024.9956     31.099     31.356    31.1217     2.2600          1          1  0.000e+00
  1025.0238     30.992     31.248    31.1569     2.2524          1          1  0.000e+00
  1025.0269     30.889     31.145    31.1620     2.2585          1          1  0.000e+00
  1025.0160     30.791     31.045    31.1502     2.2732          1          1  0.000e+00
  1025.0043     30.705     30.959    31.1372     2.2846          1          1  0.000e+00
  1025.0011     30.639     30.892    31.1338     2.2884          1          1  0.000e+00
  1025.0018     30.589     30.842    31.1349     2.2860          1          1  0.000e+00
  1025.0409     30.560     30.812    31.1842     2.2886          1          1  0.000e+00
  1025.0391     30.547     30.799    31.1851     2.3216          1          1  0.000e+00
  1025.0242     30.543     30.795    31.1705     2.3656          1          1  0.000e+00
  1024.9961     30.549     30.801    31.1395     2.4109          1          1  0.000e+00
  1024.9722     30.545     30.797    31.1129     2.4461          1          1  0.000e+00
  1024.9551     30.529     30.781    31.0941     2.4716          1          1  0.000e+00
  1024.9372     30.494     30.746    31.0733     2.4878          1          1  0.000e+00
  1024.9257     30.435     30.686    31.0599     2.4931          1          1  0.000e+00
  1024.9357     30.353     30.604    31.0727     2.4916          1          1  0.000e+00
  1024.9319     30.253     30.503    31.0690     2.4955          1          1  0.000e+00
  1024.9327     30.138     30.387    31.0710     2.4997          1          1  0.000e+00
  1024.9282     30.007     30.255    31.0666     2.5045          1          1  0.000e+00
  1024.9328     29.869     30.115    31.0735     2.5082          1          1  0.000e+00
  1024.9298     29.730     29.975    31.0713     2.5147          1          1  0.000e+00
  1024.9314     29.591     29.835    31.0748     2.5228          1          1  0.000e+00
  1024.9250     29.455     29.698    31.0688     2.5346          1          1  0.000e+00
  1024.9128     29.327     29.569    31.0552     2.5441          1          1  0.000e+00
  1024.9061     29.209     29.450    31.0478     2.5473          1          1  0.000e+00
  1024.9046     29.102     29.342    31.0463     2.5444          1          1  0.000e+00
  1024.9157     29.005     29.244    31.0603     2.5394          1          1  0.000e+00
  1024.9265     28.924     29.163    31.0745     2.5417          1          1  0.000e+00
  1024.9269     28.851     29.089    31.0765     2.5535          1          1  0.000e+00
  1024.9318     28.780     29.017    31.0847     2.5700          1          1  0.000e+00
  1024.9133     28.723     28.960    31.0641     2.5924          1          1  0.000e+00
  1024.9033     28.666     28.903    31.0534     2.6079          1          1  0.000e+00
  1024.9036     28.619     28.855    31.0550     2.6183          1          1  0.000e+00
  1024.8947     28.577     28.813    31.0452     2.6291          1          1  0.000e+00
  1024.8928     28.543     28.779    31.0437     2.6367          1          1  0.000e+00
  1024.8940     28.517     28.752    31.0460     2.6431          1          1  0.000e+00
  1024.8963     28.497     28.732    31.0499     2.6514          1          1  0.000e+00
  1024.9005     28.482     28.717    31.0563     2.6630          1          1  0.000e+00
  1024.8887     28.470     28.705    31.0432     2.6791          1          1  0.000e+00
  1024.8801     28.463     28.698    31.0336     2.6909          1          1  0.000e+00
  1024.8769     28.448     28.683    31.0303     2.6971          1          1  0.000e+00
  1024.8768     28.426     28.660    31.0306     2.7012          1          1  0.000e+00
  1024.8753     28.386     28.620    31.0295     2.7053          1          1  0.000e+00
  1024.8746     28.326     28.560    31.0294     2.7095          1          1  0.000e+00
  1024.8746     28.245     28.478    31.0302     2.7132          1          1  0.000e+00
  1024.8741     28.137     28.370    31.0306     2.7177          1          1  0.000e+00
  1024.8706     28.008     28.239    31.0275     2.7225          1          1  0.000e+00
  1024.8665     27.862     28.092    31.0236     2.7259          1          1  0.000e+00
  1024.8744     27.704     27.933    31.0347     2.7281          1          1  0.000e+00
  1024.8715     27.546     27.773    31.0326     2.7340          1          1  0.000e+00
  1024.8714     27.391     27.617    31.0339     2.7406          1          1  0.000e+00
  1024.8696     27.253     27.478    31.0332     2.7477          1          1  0.000e+00
  1024.8690     27.129     27.353    31.0340     2.7549          1          1  0.000e+00
  1024.8780     27.023     27.246    31.0467     2.7630          1          1  0.000e+00
  1024.8807     26.927     27.149    31.0519     2.7763          1          1  0.000e+00
  1024.8788     26.839     27.060    31.0518     2.7934          1          1  0.000e+00
  1024.8875     26.758     26.979    31.0651     2.8130          1          1  0.000e+00
  1024.9265     26.686     26.906    31.1174     2.8421          1          1  0.000e+00
  1024.9473     26.625     26.844    31.1494     2.8973          1          1  0.000e+00
  1024.8948     26.570     26.789    31.0918     2.9738          1          1  0.000e+00
  1024.8598     26.526     26.745    31.0543     3.0339          1          1  0.000e+00
  1024.8371     26.500     26.718    31.0305     3.0777          1          1  0.000e+00
  1024.8279     26.480     26.698    31.0229     3.1142          1          1  0.000e+00
  1024.8240     26.468     26.686    31.0215     3.1463          1          1  0.000e+00
  1024.8059     26.460     26.679    31.0026     3.1818          1          1  0.000e+00
  1024.7782     26.447     26.665    30.9711     3.2120          1          1  0.000e+00
  1024.7692     26.428     26.646    30.9617     3.2290          1          1  0.000e+00
  1024.7428     26.392     26.609    30.9298     3.2388          1          1  0.000e+00
  1024.7535     26.335     26.553    30.9431     3.2340          1          1  0.000e+00
  1024.7585     26.258     26.475    30.9497     3.2323          1          1  0.000e+00
  1024.7527     26.155     26.371    30.9433     3.2355          1          1  0.000e+00
  1024.7522     26.034     26.249    30.9435     3.2369          1          1  0.000e+00
  1024.7517     25.901     26.114    30.9438     3.2376          1          1  0.000e+00
  1024.7644     25.752     25.965    30.9607     3.2388          1          1  0.000e+00
  1024.7572     25.603     25.814    30.9535     3.2469          1          1  0.000e+00
  1024.7557     25.447     25.657    30.9533     3.2547          1          1  0.000e+00
  1024.7552     25.308     25.517    30.9544     3.2626          1          1  0.000e+00
  1024.7499     25.165     25.373    30.9495     3.2719          1          1  0.000e+00
  1024.7465     25.039     25.245    30.9469     3.2800          1          1  0.000e+00
  1024.7437     24.920     25.126    30.9448     3.2869          1          1  0.000e+00
  1024.7402     24.817     25.022    30.9419     3.2946          1          1  0.000e+00
  1024.7387     24.726     24.930    30.9415     3.3032          1          1  0.000e+00
  1024.7455     24.648     24.851    30.9517     3.3138          1          1  0.000e+00
  1024.7486     24.583     24.786    30.9579     3.3319          1          1  0.000e+00
  1024.7583     24.531     24.733    30.9729     3.3559          1          1  0.000e+00
  1024.8252     24.489     24.691    31.0616     3.3954          1          1  0.000e+00
  1024.8331     24.463     24.665    31.0804     3.4747          1          1  0.000e+00
  1024.7980     24.439     24.640    31.0472     3.5715          1          1  0.000e+00
  1024.7992     24.433     24.634    31.0590     3.6628          1          1  0.000e+00
  1024.7635     24.422     24.623    31.0256     3.7616          1          1  0.000e+00
  1024.7242     24.418     24.619    30.9871     3.8565          1          1  0.000e+00
  1024.6823     24.411     24.613    30.9437     3.9350          1          1  0.000e+00
  1024.6889     24.397     24.598    30.9590     3.9930          1          1  0.000e+00
  1024.5817     24.371     24.572    30.8310     4.0506          1          1  0.000e+00
  1024.6153     24.332     24.532    30.8749     4.0621          1          1  0.000e+00
  1024.6232     24.278     24.478    30.8876     4.0825          1          1  0.000e+00
  1024.6054     24.212     24.412    30.8692     4.1128          1          1  0.000e+00
  1024.5660     24.139     24.338    30.8225     4.1330          1          1  0.000e+00
  1024.6119     24.048     24.246    30.8814     4.1367          1          1  0.000e+00
  1024.5476     23.951     24.149    30.8030     4.1543          1          1  0.000e+00
  1024.5825     23.840     24.036    30.8469     4.1483          1          1  0.000e+00
  1024.5867     23.720     23.916    30.8528     4.1480          1          1  0.000e+00
  1024.5997     23.585     23.779    30.8716     4.1610          1          1  0.000e+00
  1024.6162     23.438     23.631    30.8956     4.1809          1          1  0.000e+00
  1024.6322     23.277     23.469    30.9213     4.2177          1          1  0.000e+00
  1024.6018     23.103     23.294    30.8896     4.2631          1          1  0.000e+00
  1024.6006     22.923     23.112    30.8940     4.3020          1          1  0.000e+00
  1024.5784     22.743     22.930    30.8718     4.3405          1          1  0.000e+00
  1024.5899     22.572     22.758    30.8913     4.3727          1          1  0.000e+00
  1024.5881     22.415     22.600    30.8952     4.4147          1          1  0.000e+00
  1024.5668     22.280     22.463    30.8748     4.4599          1          1  0.000e+00
  1024.5253     22.165     22.348    30.8276     4.4944          1          1  0.000e+00
  1024.6887     22.089     22.271    31.0371     4.5181          1          1  0.000e+00
  1024.9033     22.039     22.220    31.3253     4.6525          1          1  0.000e+00
  1024.8021     22.013     22.195    31.2348     4.9324          1          1  0.000e+00
  1024.8378     22.017     22.198    31.3189     5.2170          1          1  0.000e+00
  1024.7199     22.034     22.215    31.2149     5.5366          1          1  0.000e+00
  1024.5516     22.068     22.249    31.0444     5.8290          1          1  0.000e+00
  1024.3705     22.095     22.277    30.8471     6.0454          1          1  0.000e+00
  1024.3346     22.128     22.310    30.8201     6.1697          1          1  0.000e+00
  1024.2956     22.146     22.328    30.7851     6.2642          1          1  0.000e+00
  1024.2562     22.156     22.338    30.7472     6.3429          1          1  0.000e+00
  1024.2022     22.145     22.327    30.6873     6.3989          1          1  0.000e+00
  1024.1563     22.112     22.294    30.6336     6.4264          1          1  0.000e+00
  1024.1603     22.053     22.234    30.6384     6.4221          1          1  0.000e+00
  1024.2497     21.966     22.147    30.7520     6.4199          1          1  0.000e+00
  1024.2188     21.852     22.032    30.7199     6.4617          1          1  0.000e+00
  1024.1811     21.704     21.883    30.6785     6.4967          1          1  0.000e+00
  1024.1951     21.535     21.713    30.6997     6.5118          1          1  0.000e+00
  1024.2680     21.342     21.518    30.7962     6.5300          1          1  0.000e+00
  1024.3055     21.135     21.309    30.8543     6.5892          1          1  0.000e+00
  1024.2323     20.921     21.093    30.7762     6.6738          1          1  0.000e+00
  1024.2613     20.702     20.873    30.8241     6.7344          1          1  0.000e+00
  1024.2849     20.497     20.665    30.8668     6.8065          1          1  0.000e+00
  1024.3536     20.299     20.467    30.9706     6.9006          1          1  0.000e+00
  1024.3623     20.130     20.295    31.0058     7.0404          1          1  0.000e+00
  1024.3234     19.988     20.152    30.9843     7.2024          1          1  0.000e+00
  1024.2534     19.887     20.051    30.9214     7.3539          1          1  0.000e+00
  1024.2846     19.820     19.983    30.9824     7.4759          1          1  0.000e+00
  1024.2611     19.786     19.949    30.9759     7.6093          1          1  0.000e+00
  1024.2899     19.787     19.950    31.0354     7.7395          1          1  0.000e+00
  1024.5712     19.818     19.981    31.4212     7.8935          1          1  0.000e+00
  1024.8174     19.873     20.037    31.7936     8.2150          1          1  0.000e+00
  1024.2047     19.938     20.102    31.0980     8.6779          1          1  0.000e+00
  1024.2116     20.014     20.179    31.1513     8.9114          1          1  0.000e+00
  1023.9871     20.075     20.240    30.8997     9.0957          1          1  0.000e+00
  1023.8641     20.127     20.292    30.7572     9.1731          1          1  0.000e+00
  1023.7191     20.154     20.320    30.5665     9.1480          1          1  0.000e+00
  1023.7981     20.152     20.318    30.6463     9.0390          1          1  0.000e+00
