data/eDNA/PER-2022-473/473A019.cnv
* Sea-Bird SBE19plus  Data File:
* FileName = C:\Users\RSG_field\Ryan_Perley2022473\CTD\473A019.hex
* Software version 2.3.0 SB_Terminal.dll
* Temperature SN = 7141
* Conductivity SN = 7141
* System UpLoad Time = Aug 14 2022 13:34:44
* <ApplicationData>
* <SeatermAF>
** Platform: M. Perley
** Cruise: Per2022473
** Station:  SAB_Trans_02
** Cast: 01
** Latitude: N  45 59.8379
** Longitude: W 59 12.4093
** Sounding: 34.8
** Chief Scientist: Ryan Stanley
** Comment: CastID 473A018 SampleID 493866-493871
** CAST 37 - note that the depth changed while rosette was stationary at 34 m - dropped to 40 on the sounder
# nquan = 8
# nvalues = 1959                                  
# units = specified
# name 0 = density00: Density [density, kg/m^3]
# name 1 = depSM: Depth [salt water, m], lat = 45.00
# name 2 = prdM: Pressure, Strain Gauge [db]
# name 3 = sal00: Salinity, Practical [PSU]
# name 4 = tv290C: Temperature [ITS-90, deg C]
# name 5 = bpos: Bottle Position in Carousel
# name 6 = nbf: Bottles Fired
# name 7 = flag:  0.000e+00
# span 0 =   998.6184,  1025.1613                 
# span 1 =     -0.107,     32.202                 
# span 2 =     -0.108,     32.468                 
# span 3 =     0.4216,    31.6115                 
# span 4 =     4.0609,    19.5894                 
# span 5 =          0,          6                 
# span 6 =          0,          2                 
# span 7 = 0.0000e+00, 0.0000e+00                 
# interval = seconds: 0.25
# start_time = Aug 14 2022 13:22:42 [Instrument's time stamp, header]
# bad_flag = -9.990e-29
*END*
[from data line 1079]
  1025.0903     31.849     32.112    31.4374     4.1364          0          0  0.000e+00
  1025.0899     31.810     32.073    31.4381     4.1445          0          0  0.000e+00
  1025.0786     31.754     32.016    31.4253     4.1530          1          1  0.000e+00
  1025.0829     31.690     31.952    31.4315     4.1572          1          1  0.000e+00
  1025.0886     31.618     31.879    31.4399     4.1635          1          1  0.000e+00
  1025.0834     31.547     31.808    31.4351     4.1737          1          1  0.000e+00
  1025.0793     31.477     31.737    31.4314     4.1829          1          1  0.000e+00
  1025.0740     31.407     31.666    31.4261     4.1901          1          1  0.000e+00
  1025.0661     31.339     31.598    31.4171     4.1949          1          1  0.000e+00
  1025.0652     31.266     31.524    31.4165     4.1958          1          1  0.000e+00
  1025.0651     31.199     31.457    31.4168     4.1958          1          1  0.000e+00
  1025.0629     31.139     31.396    31.4144     4.1956          1          1  0.000e+00
  1025.0617     31.087     31.344    31.4130     4.1945          1          1  0.000e+00
  1025.0618     31.050     31.306    31.4132     4.1929          1          1  0.000e+00
  1025.0587     31.030     31.286    31.4092     4.1909          1          1  0.000e+00
  1025.0750     31.026     31.283    31.4298     4.1912          1          1  0.000e+00
  1025.0766     31.047     31.303    31.4323     4.1964          1          1  0.000e+00
  1025.0750     31.096     31.353    31.4309     4.2037          1          1  0.000e+00
  1025.0732     31.166     31.424    31.4291     4.2106          1          1  0.000e+00
  1025.0801     31.251     31.509    31.4381     4.2174          1          1  0.000e+00
  1025.0467     31.350     31.609    31.3966     4.2266          1          1  0.000e+00
  1025.0157     31.470     31.730    31.3558     4.2189          1          1  0.000e+00
  1025.0267     31.591     31.852    31.3657     4.1920          1          1  0.000e+00
  1025.0311     31.704     31.966    31.3672     4.1651          1          1  0.000e+00
  1025.0417     31.805     32.067    31.3768     4.1395          1          1  0.000e+00
  1025.0605     31.878     32.141    31.3976     4.1187          1          1  0.000e+00
  1025.0706     31.925     32.189    31.4085     4.1070          1          1  0.000e+00
  1025.0793     31.947     32.211    31.4186     4.1015          1          1  0.000e+00
  1025.0825     31.935     32.199    31.4227     4.1010          1          1  0.000e+00
  1025.1009     31.893     32.156    31.4464     4.1040          1          1  0.000e+00
  1025.0831     31.827     32.090    31.4258     4.1149          1          1  0.000e+00
  1025.0856     31.739     32.001    31.4301     4.1206          1          1  0.000e+00
  1025.1002     31.647     31.908    31.4500     4.1276          1          1  0.000e+00
  1025.0988     31.552     31.813    31.4506     4.1426          1          1  0.000e+00
  1025.0866     31.466     31.726    31.4379     4.1599          1          1  0.000e+00
  1025.0825     31.396     31.656    31.4347     4.1726          1          1  0.000e+00
  1025.0602     31.341     31.600    31.4081     4.1821          1          1  0.000e+00
  1025.0386     31.299     31.557    31.3809     4.1798          1          1  0.000e+00
  1025.0409     31.271     31.530    31.3821     4.1650          1          1  0.000e+00
  1025.0425     31.260     31.518    31.3821     4.1486          1          1  0.000e+00
  1025.0638     31.258     31.516    31.4071     4.1324          1          1  0.000e+00
  1025.0698     31.267     31.525    31.4137     4.1255          1          1  0.000e+00
  1025.0772     31.287     31.546    31.4227     4.1239          1          1  0.000e+00
  1025.0797     31.318     31.577    31.4258     4.1258          1          1  0.000e+00
  1025.0794     31.360     31.619    31.4257     4.1296          1          1  0.000e+00
  1025.0743     31.417     31.676    31.4195     4.1338          1          1  0.000e+00
  1025.0603     31.490     31.750    31.4016     4.1348          1          1  0.000e+00
  1025.0580     31.578     31.839    31.3974     4.1285          1          1  0.000e+00
  1025.0499     31.669     31.931    31.3855     4.1189          1          1  0.000e+00
  1025.0534     31.766     32.029    31.3875     4.1049          1          1  0.000e+00
  1025.0605     31.865     32.128    31.3941     4.0906          1          1  0.000e+00
  1025.0660     31.948     32.212    31.3993     4.0795          1          1  0.000e+00
  1025.0722     32.012     32.277    31.4056     4.0709          1          1  0.000e+00
  1025.0779     32.048     32.313    31.4119     4.0652          1          1  0.000e+00
  1025.0850     32.055     32.320    31.4204     4.0627          1          1  0.000e+00
  1025.1024     32.014     32.279    31.4428     4.0649          1          1  0.000e+00
  1025.0966     31.937     32.201    31.4373     4.0758          1          1  0.000e+00
  1025.0875     31.831     32.094    31.4278     4.0866          1          1  0.000e+00
  1025.0818     31.707     31.969    31.4222     4.0930          1          1  0.000e+00
  1025.0829     31.578     31.839    31.4248     4.0968          1          1  0.000e+00
  1025.0850     31.454     31.714    31.4287     4.1014          1          1  0.000e+00
  1025.0806     31.349     31.608    31.4246     4.1078          1          1  0.000e+00
  1025.0728     31.267     31.525    31.4158     4.1122          1          1  0.000e+00
  1025.0621     31.209     31.467    31.4028     4.1126          1          1  0.000e+00
  1025.0608     31.179     31.437    31.4007     4.1076          1          1  0.000e+00
  1025.0642     31.176     31.434    31.4041     4.1004          1          1  0.000e+00
  1025.0737     31.198     31.456    31.4153     4.0950          1          1  0.000e+00
  1025.0826     31.245     31.503    31.4260     4.0941          1          1  0.000e+00
  1025.0783     31.308     31.567    31.4208     4.0982          1          1  0.000e+00
  1025.0816     31.388     31.647    31.4248     4.1011          1          1  0.000e+00
  1025.0748     31.475     31.735    31.4162     4.1054          1          1  0.000e+00
  1025.0529     31.571     31.832    31.3881     4.1053          1          1  0.000e+00
  1025.0556     31.670     31.932    31.3895     4.0932          1          1  0.000e+00
  1025.0653     31.767     32.030    31.3995     4.0803          1          1  0.000e+00
  1025.0717     31.845     32.108    31.4060     4.0714          1          1  0.000e+00
  1025.0762     31.914     32.177    31.4105     4.0657          1          1  0.000e+00
  1025.0803     31.975     32.239    31.4150     4.0625          1          1  0.000e+00
  1025.0815     32.021     32.285    31.4161     4.0612          1          1  0.000e+00
  1025.0830     32.049     32.314    31.4177     4.0609          1          1  0.000e+00
  1025.0852     32.059     32.324    31.4205     4.0612          1          1  0.000e+00
  1025.0922     32.052     32.316    31.4297     4.0635          1          1  0.000e+00
  1025.0899     32.026     32.291    31.4275     4.0690          1          1  0.000e+00
  1025.0849     31.983     32.247    31.4223     4.0747          1          1  0.000e+00
  1025.0821     31.922     32.186    31.4195     4.0781          1          1  0.000e+00
  1025.0813     31.849     32.112    31.4192     4.0803          1          1  0.000e+00
  1025.0817     31.773     32.035    31.4203     4.0820          1          1  0.000e+00
  1025.0795     31.689     31.951    31.4183     4.0845          1          1  0.000e+00
  1025.0755     31.603     31.864    31.4140     4.0859          1          1  0.000e+00
  1025.0722     31.522     31.782    31.4102     4.0850          1          1  0.000e+00
  1025.0723     31.447     31.707    31.4105     4.0825          1          1  0.000e+00
  1025.0751     31.381     31.640    31.4140     4.0799          1          1  0.000e+00
  1025.0757     31.331     31.590    31.4149     4.0786          1          1  0.000e+00
  1025.0744     31.297     31.555    31.4135     4.0778          1          1  0.000e+00
  1025.0799     31.281     31.539    31.4203     4.0767          1          1  0.000e+00
  1025.0873     31.288     31.547    31.4299     4.0788          1          1  0.000e+00
  1025.0856     31.315     31.574    31.4283     4.0854          1          1  0.000e+00
  1025.0786     31.358     31.617    31.4201     4.0917          1          1  0.000e+00
  1025.0716     31.417     31.676    31.4113     4.0944          1          1  0.000e+00
  1025.0794     31.480     31.740    31.4206     4.0939          1          1  0.000e+00
  1025.0759     31.554     31.815    31.4160     4.0959          1          1  0.000e+00
  1025.0707     31.630     31.891    31.4091     4.0963          1          1  0.000e+00
  1025.0653     31.708     31.970    31.4015     4.0936          1          1  0.000e+00
  1025.0657     31.791     32.053    31.4007     4.0874          1          1  0.000e+00
  1025.0696     31.868     32.132    31.4042     4.0797          1          1  0.000e+00
  1025.0732     31.945     32.208    31.4076     4.0740          1          1  0.000e+00
  1025.0754     32.021     32.285    31.4094     4.0697          1          1  0.000e+00
  1025.0788     32.080     32.345    31.4129     4.0662          1          1  0.000e+00
  1025.0818     32.133     32.399    31.4161     4.0644          1          1  0.000e+00
  1025.0836     32.168     32.434    31.4183     4.0645          1          1  0.000e+00
  1025.0851     32.181     32.447    31.4202     4.0655          1          1  0.000e+00
  1025.0895     32.166     32.432    31.4261     4.0677          1          1  0.000e+00
  1025.0927     32.130     32.396    31.4309     4.0726          1          1  0.000e+00
  1025.0866     32.069     32.334    31.4244     4.0794          1          1  0.000e+00
  1025.0824     31.985     32.249    31.4202     4.0842          1          1  0.000e+00
  1025.0799     31.888     32.152    31.4180     4.0869          1          1  0.000e+00
  1025.0811     31.782     32.045    31.4203     4.0885          1          1  0.000e+00
  1025.0786     31.673     31.935    31.4181     4.0909          1          1  0.000e+00
  1025.0752     31.568     31.829    31.4146     4.0923          1          1  0.000e+00
  1025.0722     31.475     31.735    31.4114     4.0922          1          1  0.000e+00
  1025.0714     31.399     31.658    31.4106     4.0905          1          1  0.000e+00
  1025.0695     31.342     31.601    31.4082     4.0881          1          1  0.000e+00
  1025.0708     31.313     31.571    31.4096     4.0849          1          1  0.000e+00
  1025.0739     31.305     31.564    31.4133     4.0822          1          1  0.000e+00
  1025.0794     31.318     31.577    31.4200     4.0807          1          1  0.000e+00
  1025.0923     31.349     31.608    31.4363     4.0827          1          1  0.000e+00
  1025.0843     31.408     31.668    31.4269     4.0917          1          1  0.000e+00
  1025.0736     31.472     31.732    31.4139     4.0981          1          1  0.000e+00
  1025.0709     31.542     31.802    31.4100     4.0984          1          1  0.000e+00
  1025.0678     31.622     31.884    31.4055     4.0964          1          1  0.000e+00
  1025.0674     31.702     31.964    31.4040     4.0919          1          1  0.000e+00
  1025.0743     31.783     32.046    31.4115     4.0870          1          1  0.000e+00
  1025.0753     31.854     32.118    31.4120     4.0845          1          1  0.000e+00
  1025.0753     31.919     32.183    31.4115     4.0828          1          1  0.000e+00
  1025.0769     31.973     32.237    31.4129     4.0808          1          1  0.000e+00
  1025.0773     32.011     32.276    31.4131     4.0795          1          1  0.000e+00
  1025.0795     32.037     32.301    31.4155     4.0783          1          1  0.000e+00
  1025.0774     32.044     32.309    31.4129     4.0785          1          1  0.000e+00
  1025.0868     32.038     32.303    31.4250     4.0813          1          1  0.000e+00
  1025.0876     32.017     32.281    31.4269     4.0863          1          1  0.000e+00
  1025.0834     31.984     32.248    31.4225     4.0922          1          1  0.000e+00
  1025.0785     31.945     32.209    31.4169     4.0958          1          1  0.000e+00
  1025.0772     31.906     32.170    31.4157     4.0974          1          1  0.000e+00
  1025.0771     31.872     32.136    31.4159     4.0979          1          1  0.000e+00
  1025.0734     31.851     32.114    31.4113     4.0983          1          1  0.000e+00
  1025.0712     31.840     32.103    31.4085     4.0964          1          1  0.000e+00
  1025.0688     31.839     32.102    31.4051     4.0930          1          1  0.000e+00
  1025.0723     31.848     32.111    31.4088     4.0886          1          1  0.000e+00
  1025.0743     31.860     32.123    31.4109     4.0850          1          1  0.000e+00
  1025.0762     31.875     32.138    31.4129     4.0829          1          1  0.000e+00
  1025.0780     31.877     32.140    31.4150     4.0817          1          1  0.000e+00
  1025.0788     31.872     32.136    31.4160     4.0814          1          1  0.000e+00
  1025.0812     31.852     32.116    31.4192     4.0818          1          1  0.000e+00
  1025.0846     31.819     32.082    31.4239     4.0835          1          1  0.000e+00
  1025.0842     31.776     32.039    31.4241     4.0875          1          1  0.000e+00
  1025.0792     31.720     31.982    31.4187     4.0916          1          1  0.000e+00
  1025.0784     31.665     31.926    31.4183     4.0939          1          1  0.000e+00
  1025.0772     31.613     31.874    31.4172     4.0955          1          1  0.000e+00
  1025.0764     31.569     31.830    31.4167     4.0965          1          1  0.000e+00
  1025.0739     31.541     31.801    31.4137     4.0972          1          1  0.000e+00
  1025.0719     31.530     31.791    31.4112     4.0969          1          1  0.000e+00
  1025.0709     31.543     31.803    31.4097     4.0951          1          1  0.000e+00
  1025.0726     31.568     31.829    31.4114     4.0926          1          1  0.000e+00
  1025.0756     31.614     31.875    31.4147     4.0905          1          1  0.000e+00
  1025.0772     31.667     31.928    31.4162     4.0900          1          1  0.000e+00
  1025.0754     31.726     31.988    31.4137     4.0901          1          1  0.000e+00
  1025.0702     31.791     32.054    31.4066     4.0894          1          1  0.000e+00
  1025.0725     31.857     32.120    31.4087     4.0857          1          1  0.000e+00
  1025.0768     31.924     32.188    31.4133     4.0825          1          1  0.000e+00
  1025.0747     31.988     32.252    31.4101     4.0810          1          1  0.000e+00
  1025.0731     32.043     32.308    31.4075     4.0786          1          1  0.000e+00
  1025.0753     32.086     32.351    31.4096     4.0749          1          1  0.000e+00
  1025.0783     32.122     32.387    31.4128     4.0721          1          1  0.000e+00
  1025.0798     32.142     32.407    31.4143     4.0707          1          1  0.000e+00
  1025.0816     32.148     32.414    31.4165     4.0700          1          1  0.000e+00
  1025.0839     32.140     32.405    31.4195     4.0704          1          1  0.000e+00
  1025.0896     32.111     32.376    31.4271     4.0724          1          1  0.000e+00
  1025.0888     32.064     32.329    31.4269     4.0775          1          1  0.000e+00
  1025.0855     32.006     32.271    31.4238     4.0833          1          1  0.000e+00
  1025.0827     31.935     32.199    31.4213     4.0878          1          1  0.000e+00
