data/eDNA/PER-2022-473/473A012.cnv
* Sea-Bird SBE19plus  Data File:
* FileName = C:\Users\RSG_field\Ryan_Perley2022473\CTD\473A012.hex
* Software version 2.3.0 SB_Terminal.dll
* Temperature SN = 7141
* Conductivity SN = 7141
* System UpLoad Time = Aug 10 2022 14:45:59
* <ApplicationData>
* <SeatermAF>
** Platform: M. Perley
** Cruise: Per2022473
** Station:  ESI_15
** Cast: 01
** Latitude: N  44 33.4180
** Longitude: W 62 53.2643
** Sounding: 68.9
** Chief Scientist: Ryan Stanley
** Comment: CastID 473A012 Bottles 493822-493827
** Cast 30
# nquan = 8
# nvalues = 2828                                  
# units = specified
# name 0 = density00: Density [density, kg/m^3]
# name 1 = depSM: Depth [salt water, m], lat = 45.00
# name 2 = prdM: Pressure, Strain Gauge [db]
# name 3 = sal00: Salinity, Practical [PSU]
# name 4 = tv290C: Temperature [ITS-90, deg C]
# name 5 = bpos: Bottle Position in Carousel
# name 6 = nbf: Bottles Fired
# name 7 = flag:  0.000e+00
# span 0 =   999.0971,  1025.8322                 
# span 1 =     -0.077,     65.151                 
# span 2 =     -0.078,     65.695                 
# span 3 =     0.0081,    32.2047                 
# span 4 =     3.9067,    15.0657                 
# span 5 =          0,          6                 
# span 6 =          0,          2                 
# span 7 = 0.0000e+00, 0.0000e+00                 
# interval = seconds: 0.25
# start_time = Aug 10 2022 14:29:28 [Instrument's time stamp, header]
# bad_flag = -9.990e-29
*END*
[from data line 899]
  1025.3833     41.319     41.662    31.7477     4.1166          0          0  0.000e+00
  1025.4005     41.449     41.792    31.7648     4.0866          0          0  0.000e+00
  1025.4181     41.556     41.900    31.7834     4.0620          0          0  0.000e+00
  1025.4317     41.638     41.983    31.7978     4.0450          0          0  0.000e+00
  1025.4415     41.703     42.049    31.8084     4.0340          0          0  0.000e+00
  1025.4512     41.752     42.098    31.8197     4.0279          0          0  0.000e+00
  1025.4580     41.780     42.127    31.8278     4.0265          0          0  0.000e+00
  1025.4559     41.794     42.141    31.8254     4.0288          0          0  0.000e+00
  1025.4543     41.796     42.143    31.8237     4.0323          0          0  0.000e+00
  1025.4550     41.790     42.136    31.8251     4.0353          0          0  0.000e+00
  1025.4537     41.784     42.130    31.8239     4.0391          0          0  0.000e+00
  1025.4502     41.783     42.129    31.8201     4.0435          0          0  0.000e+00
  1025.4467     41.785     42.131    31.8160     4.0466          0          0  0.000e+00
  1025.4479     41.794     42.141    31.8177     4.0485          0          0  0.000e+00
  1025.4505     41.817     42.163    31.8212     4.0512          0          0  0.000e+00
  1025.4479     41.845     42.192    31.8185     4.0569          0          0  0.000e+00
  1025.4434     41.885     42.233    31.8133     4.0629          0          0  0.000e+00
  1025.4418     41.940     42.287    31.8113     4.0659          0          0  0.000e+00
  1025.4419     42.007     42.356    31.8110     4.0651          0          0  0.000e+00
  1025.4438     42.083     42.431    31.8124     4.0614          0          0  0.000e+00
  1025.4489     42.176     42.525    31.8177     4.0558          0          0  0.000e+00
  1025.4632     42.283     42.633    31.8345     4.0516          0          0  0.000e+00
  1025.4757     42.405     42.756    31.8495     4.0518          0          0  0.000e+00
  1025.4827     42.541     42.893    31.8581     4.0565          0          0  0.000e+00
  1025.4881     42.686     43.040    31.8649     4.0633          0          0  0.000e+00
  1025.4866     42.836     43.191    31.8629     4.0702          0          0  0.000e+00
  1025.4690     42.994     43.351    31.8405     4.0753          0          0  0.000e+00
  1025.4620     43.151     43.509    31.8302     4.0717          0          0  0.000e+00
  1025.4649     43.304     43.663    31.8318     4.0615          0          0  0.000e+00
  1025.4680     43.444     43.804    31.8334     4.0498          0          0  0.000e+00
  1025.4765     43.572     43.933    31.8419     4.0381          0          0  0.000e+00
  1025.4820     43.679     44.041    31.8470     4.0294          0          0  0.000e+00
  1025.4766     43.768     44.131    31.8389     4.0226          0          0  0.000e+00
  1025.4680     43.838     44.202    31.8265     4.0131          0          0  0.000e+00
  1025.4635     43.888     44.252    31.8188     3.9981          0          0  0.000e+00
  1025.4776     43.919     44.283    31.8342     3.9806          0          0  0.000e+00
  1025.4998     43.929     44.294    31.8606     3.9692          0          0  0.000e+00
  1025.5189     43.925     44.289    31.8847     3.9690          0          0  0.000e+00
  1025.5185     43.914     44.278    31.8855     3.9797          0          0  0.000e+00
  1025.5132     43.901     44.265    31.8805     3.9927          0          0  0.000e+00
  1025.5017     43.891     44.255    31.8674     4.0031          0          0  0.000e+00
  1025.4916     43.902     44.266    31.8553     4.0084          0          0  0.000e+00
  1025.4838     43.932     44.296    31.8452     4.0080          0          0  0.000e+00
  1025.4842     43.985     44.349    31.8450     4.0037          0          0  0.000e+00
  1025.4903     44.056     44.421    31.8516     3.9994          0          0  0.000e+00
  1025.4810     44.151     44.517    31.8391     3.9968          0          0  0.000e+00
  1025.4672     44.272     44.639    31.8201     3.9901          0          0  0.000e+00
  1025.4628     44.408     44.776    31.8120     3.9748          0          0  0.000e+00
  1025.4685     44.558     44.928    31.8159     3.9554          0          0  0.000e+00
  1025.4806     44.716     45.087    31.8280     3.9375          0          0  0.000e+00
  1025.4903     44.875     45.247    31.8376     3.9243          0          0  0.000e+00
  1025.4952     45.025     45.398    31.8418     3.9162          0          0  0.000e+00
  1025.5020     45.155     45.530    31.8490     3.9106          0          0  0.000e+00
  1025.5044     45.261     45.636    31.8511     3.9077          0          0  0.000e+00
  1025.5064     45.343     45.719    31.8529     3.9067          0          0  0.000e+00
  1025.5121     45.405     45.782    31.8598     3.9068          0          0  0.000e+00
  1025.5118     45.446     45.824    31.8594     3.9086          0          0  0.000e+00
  1025.5099     45.473     45.850    31.8571     3.9107          0          0  0.000e+00
  1025.5086     45.488     45.865    31.8555     3.9123          0          0  0.000e+00
  1025.5073     45.498     45.876    31.8540     3.9134          0          0  0.000e+00
  1025.5079     45.507     45.884    31.8547     3.9141          0          0  0.000e+00
  1025.5074     45.527     45.905    31.8542     3.9148          0          0  0.000e+00
  1025.5069     45.562     45.940    31.8533     3.9155          0          0  0.000e+00
  1025.5096     45.616     45.995    31.8565     3.9157          0          0  0.000e+00
  1025.5100     45.684     46.063    31.8567     3.9172          0          0  0.000e+00
  1025.5053     45.769     46.149    31.8505     3.9189          0          0  0.000e+00
  1025.5089     45.876     46.256    31.8544     3.9182          0          0  0.000e+00
  1025.5219     45.996     46.377    31.8700     3.9184          0          0  0.000e+00
  1025.5358     46.129     46.512    31.8874     3.9241          0          0  0.000e+00
  1025.5664     46.273     46.657    31.9264     3.9356          0          0  0.000e+00
  1025.5654     46.422     46.807    31.9270     3.9574          0          0  0.000e+00
  1025.5494     46.576     46.962    31.9088     3.9809          0          0  0.000e+00
  1025.5514     46.718     47.105    31.9125     3.9974          0          0  0.000e+00
  1025.5507     46.854     47.243    31.9125     4.0116          0          0  0.000e+00
  1025.5492     46.982     47.372    31.9116     4.0248          0          0  0.000e+00
  1025.5476     47.087     47.477    31.9103     4.0356          0          0  0.000e+00
  1025.5667     47.177     47.568    31.9350     4.0456          0          0  0.000e+00
  1025.5672     47.250     47.642    31.9371     4.0611          0          0  0.000e+00
  1025.5590     47.311     47.704    31.9284     4.0767          0          0  0.000e+00
  1025.5534     47.356     47.749    31.9224     4.0877          0          0  0.000e+00
  1025.5436     47.391     47.784    31.9107     4.0946          0          0  0.000e+00
  1025.5358     47.415     47.809    31.9011     4.0975          0          0  0.000e+00
  1025.5298     47.436     47.830    31.8934     4.0967          0          0  0.000e+00
  1025.5319     47.461     47.855    31.8954     4.0934          0          0  0.000e+00
  1025.5364     47.485     47.879    31.9006     4.0906          0          0  0.000e+00
  1025.5400     47.530     47.924    31.9047     4.0896          0          0  0.000e+00
  1025.5384     47.581     47.976    31.9025     4.0900          0          0  0.000e+00
  1025.5409     47.650     48.045    31.9052     4.0900          0          0  0.000e+00
  1025.5641     47.728     48.124    31.9339     4.0898          0          0  0.000e+00
  1025.5789     47.820     48.217    31.9528     4.0964          0          0  0.000e+00
  1025.5774     47.921     48.319    31.9517     4.1077          0          0  0.000e+00
  1025.5699     48.035     48.434    31.9428     4.1177          0          0  0.000e+00
  1025.5682     48.148     48.548    31.9409     4.1238          0          0  0.000e+00
  1025.5686     48.260     48.661    31.9412     4.1276          0          0  0.000e+00
  1025.5689     48.374     48.775    31.9412     4.1307          0          0  0.000e+00
  1025.5695     48.483     48.885    31.9417     4.1332          0          0  0.000e+00
  1025.5691     48.582     48.986    31.9409     4.1354          0          0  0.000e+00
  1025.5687     48.683     49.087    31.9399     4.1368          0          0  0.000e+00
  1025.5693     48.776     49.181    31.9402     4.1379          0          0  0.000e+00
  1025.5698     48.872     49.278    31.9404     4.1386          0          0  0.000e+00
  1025.5701     48.965     49.372    31.9404     4.1393          0          0  0.000e+00
  1025.5708     49.056     49.464    31.9407     4.1398          0          0  0.000e+00
  1025.5714     49.153     49.561    31.9409     4.1402          0          0  0.000e+00
  1025.5715     49.254     49.663    31.9405     4.1408          0          0  0.000e+00
  1025.5712     49.352     49.762    31.9396     4.1410          0          0  0.000e+00
  1025.5719     49.445     49.856    31.9400     4.1410          0          0  0.000e+00
  1025.5726     49.530     49.942    31.9403     4.1409          0          0  0.000e+00
  1025.5735     49.614     50.026    31.9410     4.1410          0          0  0.000e+00
  1025.5737     49.683     50.096    31.9409     4.1414          0          0  0.000e+00
  1025.5736     49.742     50.155    31.9404     4.1416          0          0  0.000e+00
  1025.5738     49.788     50.201    31.9404     4.1418          0          0  0.000e+00
  1025.5740     49.818     50.231    31.9404     4.1418          0          0  0.000e+00
  1025.5738     49.840     50.254    31.9401     4.1418          0          0  0.000e+00
  1025.5742     49.853     50.267    31.9405     4.1421          0          0  0.000e+00
  1025.5749     49.863     50.277    31.9414     4.1423          0          0  0.000e+00
  1025.5749     49.878     50.292    31.9415     4.1430          0          0  0.000e+00
  1025.5747     49.907     50.321    31.9410     4.1437          0          0  0.000e+00
  1025.5743     49.950     50.365    31.9404     4.1443          0          0  0.000e+00
  1025.5714     50.015     50.430    31.9363     4.1445          0          0  0.000e+00
  1025.5728     50.101     50.517    31.9375     4.1432          0          0  0.000e+00
  1025.5763     50.205     50.622    31.9412     4.1420          0          0  0.000e+00
  1025.5781     50.332     50.750    31.9426     4.1416          0          0  0.000e+00
  1025.5792     50.475     50.894    31.9431     4.1419          0          0  0.000e+00
  1025.5798     50.633     51.054    31.9430     4.1424          0          0  0.000e+00
  1025.5806     50.793     51.215    31.9431     4.1427          0          0  0.000e+00
  1025.5811     50.959     51.383    31.9428     4.1429          0          0  0.000e+00
  1025.5827     51.121     51.545    31.9438     4.1432          0          0  0.000e+00
  1025.5831     51.269     51.695    31.9436     4.1433          0          0  0.000e+00
  1025.5834     51.401     51.829    31.9431     4.1435          0          0  0.000e+00
  1025.5843     51.510     51.938    31.9436     4.1437          0          0  0.000e+00
  1025.5845     51.600     52.029    31.9434     4.1438          0          0  0.000e+00
  1025.5851     51.664     52.094    31.9437     4.1439          0          0  0.000e+00
  1025.5854     51.712     52.142    31.9439     4.1442          0          0  0.000e+00
  1025.5856     51.744     52.174    31.9440     4.1446          0          0  0.000e+00
  1025.5848     51.760     52.190    31.9430     4.1449          0          0  0.000e+00
  1025.5852     51.764     52.194    31.9434     4.1449          0          0  0.000e+00
  1025.5877     51.760     52.190    31.9466     4.1453          0          0  0.000e+00
  1025.5873     51.759     52.189    31.9463     4.1466          0          0  0.000e+00
  1025.5872     51.764     52.194    31.9463     4.1482          0          0  0.000e+00
  1025.5852     51.780     52.210    31.9439     4.1497          0          0  0.000e+00
  1025.5818     51.817     52.248    31.9395     4.1505          0          0  0.000e+00
  1025.5814     51.872     52.303    31.9386     4.1493          0          0  0.000e+00
  1025.5829     51.938     52.370    31.9398     4.1474          0          0  0.000e+00
  1025.5859     52.021     52.453    31.9430     4.1459          0          0  0.000e+00
  1025.5874     52.111     52.544    31.9442     4.1452          0          0  0.000e+00
  1025.5881     52.215     52.649    31.9444     4.1452          0          0  0.000e+00
  1025.5887     52.325     52.760    31.9445     4.1450          0          0  0.000e+00
  1025.5891     52.435     52.871    31.9444     4.1451          0          0  0.000e+00
  1025.5896     52.546     52.983    31.9443     4.1451          0          0  0.000e+00
  1025.5903     52.660     53.098    31.9446     4.1451          0          0  0.000e+00
  1025.5909     52.762     53.200    31.9447     4.1451          0          0  0.000e+00
  1025.5912     52.862     53.302    31.9445     4.1452          0          0  0.000e+00
  1025.5915     52.961     53.401    31.9443     4.1456          0          0  0.000e+00
  1025.5920     53.052     53.493    31.9445     4.1457          0          0  0.000e+00
  1025.5926     53.149     53.591    31.9446     4.1459          0          0  0.000e+00
  1025.5934     53.243     53.686    31.9452     4.1460          0          0  0.000e+00
  1025.5937     53.329     53.772    31.9451     4.1463          0          0  0.000e+00
  1025.5937     53.415     53.859    31.9446     4.1463          0          0  0.000e+00
  1025.5938     53.496     53.941    31.9441     4.1461          0          0  0.000e+00
  1025.5943     53.572     54.017    31.9443     4.1456          0          0  0.000e+00
  1025.5949     53.645     54.091    31.9445     4.1449          0          0  0.000e+00
  1025.5958     53.716     54.163    31.9452     4.1444          0          0  0.000e+00
  1025.5968     53.784     54.231    31.9459     4.1440          0          0  0.000e+00
  1025.5965     53.851     54.298    31.9452     4.1440          0          0  0.000e+00
  1025.5970     53.919     54.368    31.9453     4.1437          0          0  0.000e+00
  1025.5973     53.989     54.438    31.9452     4.1433          0          0  0.000e+00
  1025.5974     54.059     54.509    31.9449     4.1428          0          0  0.000e+00
  1025.5978     54.128     54.578    31.9450     4.1423          0          0  0.000e+00
  1025.5987     54.196     54.647    31.9457     4.1420          0          0  0.000e+00
  1025.5994     54.263     54.714    31.9461     4.1417          0          0  0.000e+00
  1025.5991     54.329     54.781    31.9453     4.1416          0          0  0.000e+00
  1025.6000     54.393     54.846    31.9461     4.1415          0          0  0.000e+00
  1025.6002     54.456     54.909    31.9459     4.1416          0          0  0.000e+00
  1025.6003     54.520     54.973    31.9456     4.1416          0          0  0.000e+00
  1025.6002     54.581     55.035    31.9452     4.1415          0          0  0.000e+00
  1025.6006     54.651     55.106    31.9452     4.1413          0          0  0.000e+00
  1025.6020     54.724     55.179    31.9465     4.1411          0          0  0.000e+00
  1025.6021     54.809     55.265    31.9461     4.1412          0          0  0.000e+00
  1025.6016     54.906     55.363    31.9450     4.1412          0          0  0.000e+00
