data/eDNA/PER-2022-473/473A027.cnv
* Sea-Bird SBE19plus  Data File:
* FileName = C:\Users\RSG_field\Ryan_Perley2022473\CTD\473A027.hex
* Software version 2.3.0 SB_Terminal.dll
* Temperature SN = 7141
* Conductivity SN = 7141
* System UpLoad Time = Aug 16 2022 15:44:44
* <ApplicationData>
* <SeatermAF>
** Platform: M. Perley
** Cruise: Per2022473
** Station:  SAB_Trans_12
** Cast: 01 473A027
** Latitude: N  46 5.3473
** Longitude: W 59 1.8902
** Sounding: 104.8
** Chief Scientist: Ryan Stanley
** Comment: Bottles 493915-43920 - sounding based on plumb line cast 46
# nquan = 8
# nvalues = 3501                                  
# units = specified
# name 0 = density00: Density [density, kg/m^3]
# name 1 = depSM: Depth [salt water, m], lat = 45.00
# name 2 = prdM: Pressure, Strain Gauge [db]
# name 3 = sal00: Salinity, Practical [PSU]
# name 4 = tv290C: Temperature [ITS-90, deg C]
# name 5 = bpos: Bottle Position in Carousel
# name 6 = nbf: Bottles Fired
# name 7 = flag:  0.000e+00
# span 0 =   998.5363,  1026.5585                 
# span 1 =     -0.041,     88.597                 
# span 2 =     -0.041,     89.342                 
# span 3 =     0.0763,    32.8354                 
# span 4 =     1.9282,    20.3640                 
# span 5 =          0,          6                 
# span 6 =          0,          2                 
# span 7 = 0.0000e+00, 0.0000e+00                 
# interval = seconds: 0.25
# start_time = Aug 16 2022 15:26:27 [Instrument's time stamp, header]
# bad_flag = -9.990e-29
*END*
[from data line 3416]
   998.9039     -0.007     -0.007     0.6581    19.0341          6          2  0.000e+00
   998.9601     -0.004     -0.004     0.7278    19.0196          6          2  0.000e+00
   999.0144     -0.005     -0.005     0.7951    19.0052          6          2  0.000e+00
   999.0255     -0.006     -0.006     0.8059    18.9907          6          2  0.000e+00
   999.0272     -0.004     -0.004     0.8045    18.9763          6          2  0.000e+00
   999.0219     -0.004     -0.004     0.7940    18.9624          6          2  0.000e+00
   999.0691     -0.004     -0.004     0.8524    18.9492          6          2  0.000e+00
   999.1667     -0.004     -0.004     0.9766    18.9361          6          2  0.000e+00
   999.2773     -0.004     -0.004     1.1182    18.9237          6          2  0.000e+00
   999.3500     -0.005     -0.005     1.2105    18.9119          6          2  0.000e+00
   999.3489     -0.005     -0.005     1.2061    18.9004          6          2  0.000e+00
   999.2971     -0.005     -0.005     1.1352    18.8887          6          2  0.000e+00
   999.2184     -0.005     -0.005     1.0289    18.8763          6          2  0.000e+00
   999.1216     -0.005     -0.005     0.8992    18.8644          6          2  0.000e+00
   999.1119     -0.008     -0.008     0.8835    18.8526          6          2  0.000e+00
   999.0706     -0.006     -0.006     0.8265    18.8410          6          2  0.000e+00
   999.0452     -0.005     -0.005     0.7904    18.8294          6          2  0.000e+00
   999.0660     -0.006     -0.006     0.8147    18.8183          6          2  0.000e+00
   999.0871     -0.005     -0.005     0.8395    18.8072          6          2  0.000e+00
   999.0608     -0.003     -0.003     0.8024    18.7968          6          2  0.000e+00
   999.0510     -0.006     -0.006     0.7870    18.7868          6          2  0.000e+00
   999.0654     -0.004     -0.004     0.8033    18.7769          6          2  0.000e+00
   999.0765     -0.005     -0.005     0.8155    18.7674          6          2  0.000e+00
   999.0373     -0.005     -0.005     0.7618    18.7579          6          2  0.000e+00
   998.9592     -0.003     -0.003     0.6571    18.7480          6          2  0.000e+00
   998.9454     -0.003     -0.003     0.6365    18.7381          6          2  0.000e+00
   998.9348     -0.006     -0.006     0.6203    18.7285          6          2  0.000e+00
   998.9448     -0.004     -0.004     0.6309    18.7189          6          2  0.000e+00
   998.9268     -0.005     -0.005     0.6051    18.7096          6          2  0.000e+00
   998.8931     -0.004     -0.004     0.5586    18.7003          6          2  0.000e+00
   998.8575     -0.005     -0.005     0.5099    18.6912          6          2  0.000e+00
   998.8511     -0.007     -0.007     0.4993    18.6822          6          2  0.000e+00
   998.8566     -0.005     -0.005     0.5042    18.6732          6          2  0.000e+00
   998.8485     -0.006     -0.006     0.4914    18.6642          6          2  0.000e+00
   998.8266     -0.006     -0.006     0.4604    18.6550          6          2  0.000e+00
   998.8122     -0.007     -0.007     0.4394    18.6460          6          2  0.000e+00
   998.8280     -0.007     -0.007     0.4577    18.6367          6          2  0.000e+00
   998.8354     -0.006     -0.006     0.4652    18.6282          6          2  0.000e+00
   998.8356     -0.006     -0.006     0.4634    18.6198          6          2  0.000e+00
   998.8245     -0.005     -0.005     0.4467    18.6110          6          2  0.000e+00
   998.8139     -0.004     -0.004     0.4307    18.6026          6          2  0.000e+00
   998.8156     -0.005     -0.005     0.4308    18.5941          6          2  0.000e+00
   998.8044     -0.006     -0.006     0.4140    18.5856          6          2  0.000e+00
   998.7809     -0.005     -0.005     0.3812    18.5771          6          2  0.000e+00
   998.7628     -0.005     -0.005     0.3555    18.5688          6          2  0.000e+00
   998.7496     -0.005     -0.005     0.3362    18.5605          6          2  0.000e+00
   998.7370     -0.004     -0.004     0.3177    18.5522          6          2  0.000e+00
   998.7315     -0.006     -0.006     0.3087    18.5446          6          2  0.000e+00
   998.7214     -0.004     -0.004     0.2936    18.5369          6          2  0.000e+00
   998.7092     -0.002     -0.002     0.2758    18.5298          6          2  0.000e+00
   998.7039     -0.003     -0.003     0.2672    18.5224          6          2  0.000e+00
   998.7029     -0.006     -0.006     0.2640    18.5149          6          2  0.000e+00
   998.7036     -0.003     -0.003     0.2630    18.5074          6          2  0.000e+00
   998.7014     -0.005     -0.005     0.2584    18.5000          6          2  0.000e+00
   998.6966     -0.004     -0.004     0.2502    18.4925          6          2  0.000e+00
   998.6935     -0.004     -0.004     0.2444    18.4853          6          2  0.000e+00
   998.6969     -0.006     -0.006     0.2470    18.4780          6          2  0.000e+00
   998.6980     -0.006     -0.006     0.2467    18.4710          6          2  0.000e+00
   998.7079     -0.004     -0.004     0.2578    18.4637          6          2  0.000e+00
   998.7188     -0.006     -0.006     0.2702    18.4565          6          2  0.000e+00
   998.7460     -0.005     -0.005     0.3040    18.4498          6          2  0.000e+00
   998.7599     -0.004     -0.004     0.3206    18.4438          6          2  0.000e+00
   998.7827     -0.004     -0.004     0.3490    18.4381          6          2  0.000e+00
   998.8023     -0.004     -0.004     0.3731    18.4323          6          2  0.000e+00
   998.8172     -0.005     -0.005     0.3910    18.4264          6          2  0.000e+00
   998.8298     -0.004     -0.004     0.4059    18.4204          6          2  0.000e+00
   998.8306     -0.005     -0.005     0.4056    18.4147          6          2  0.000e+00
   998.8248     -0.003     -0.003     0.3965    18.4087          6          2  0.000e+00
   998.8202     -0.005     -0.005     0.3891    18.4028          6          2  0.000e+00
   998.7924     -0.006     -0.006     0.3514    18.3970          6          2  0.000e+00
   998.7724     -0.005     -0.005     0.3239    18.3911          6          2  0.000e+00
   998.7722     -0.005     -0.005     0.3221    18.3852          6          2  0.000e+00
   998.7655     -0.005     -0.005     0.3120    18.3796          6          2  0.000e+00
   998.7530     -0.004     -0.004     0.2942    18.3736          6          2  0.000e+00
   998.7503     -0.004     -0.004     0.2895    18.3686          6          2  0.000e+00
   998.7463     -0.005     -0.005     0.2832    18.3641          6          2  0.000e+00
   998.7428     -0.003     -0.003     0.2775    18.3597          6          2  0.000e+00
   998.7435     -0.005     -0.005     0.2773    18.3552          6          2  0.000e+00
   998.7457     -0.004     -0.004     0.2791    18.3510          6          2  0.000e+00
   998.7493     -0.004     -0.004     0.2828    18.3469          6          2  0.000e+00
   998.7554     -0.004     -0.004     0.2897    18.3427          6          2  0.000e+00
   998.7607     -0.004     -0.004     0.2955    18.3382          6          2  0.000e+00
   998.7668     -0.004     -0.004     0.3024    18.3338          6          2  0.000e+00
   998.7757     -0.003     -0.003     0.3129    18.3293          6          2  0.000e+00
   998.7844     -0.004     -0.004     0.3231    18.3249          6          2  0.000e+00
