data/eDNA/PER-2022-473/473A003.cnv
* Sea-Bird SBE19plus  Data File:
* FileName = C:\Users\RSG_field\Ryan_Perley2022473\CTD\473A003.hex
* Software version 2.3.0 SB_Terminal.dll
* Temperature SN = 7141
* Conductivity SN = 7141
* System UpLoad Time = Aug 08 2022 13:28:01
* <ApplicationData>
* <SeatermAF>
** Platform: M. Perley
** Cruise: Per2022473
** Station:  ESI-02
** Cast: 01
** Latitude: N  44 48.1630
** Longitude: W -62 08.6192
** Sounding: 69.2
** Chief Scientist: Ryan Stanley
** Comment: cast 22
# nquan = 8
# nvalues = 3009                                  
# units = specified
# name 0 = density00: Density [density, kg/m^3]
# name 1 = depSM: Depth [salt water, m], lat = 45.00
# name 2 = prdM: Pressure, Strain Gauge [db]
# name 3 = sal00: Salinity, Practical [PSU]
# name 4 = tv290C: Temperature [ITS-90, deg C]
# name 5 = bpos: Bottle Position in Carousel
# name 6 = nbf: Bottles Fired
# name 7 = flag:  0.000e+00
# span 0 =   999.1782,  1025.3495                 
# span 1 =     -0.094,     51.263                 
# span 2 =     -0.094,     51.689                 
# span 3 =     0.0147,    31.6098                 
# span 4 =     3.7690,    14.5559                 
# span 5 =          0,          6                 
# span 6 =          0,          2                 
# span 7 = 0.0000e+00, 0.0000e+00                 
# interval = seconds: 0.25
# start_time = Aug 08 2022 11:46:04 [Instrument's time stamp, header]
# bad_flag = -9.990e-29
*END*
[from data line 2158]
  1000.2430     -0.062     -0.063     0.7158    10.2366          6          2  0.000e+00
  1000.2064     -0.060     -0.061     0.6678    10.2255          6          2  0.000e+00
  1000.1573     -0.060     -0.061     0.6039    10.2146          6          2  0.000e+00
  1000.1002     -0.061     -0.062     0.5299    10.2040          6          2  0.000e+00
  1000.0930     -0.062     -0.063     0.5195    10.1936          6          2  0.000e+00
  1000.0728     -0.061     -0.062     0.4926    10.1830          6          2  0.000e+00
  1000.0588     -0.061     -0.062     0.4736    10.1726          6          2  0.000e+00
  1000.0300     -0.063     -0.064     0.4357    10.1622          6          2  0.000e+00
  1000.0096     -0.064     -0.065     0.4085    10.1518          6          2  0.000e+00
   999.9915     -0.061     -0.062     0.3842    10.1415          6          2  0.000e+00
   999.9853     -0.063     -0.064     0.3752    10.1314          6          2  0.000e+00
   999.9820     -0.062     -0.063     0.3698    10.1213          6          2  0.000e+00
   999.9774     -0.063     -0.064     0.3628    10.1111          6          2  0.000e+00
   999.9750     -0.065     -0.066     0.3587    10.1012          6          2  0.000e+00
   999.9717     -0.064     -0.065     0.3533    10.0912          6          2  0.000e+00
   999.9649     -0.064     -0.065     0.3435    10.0812          6          2  0.000e+00
   999.9506     -0.062     -0.063     0.3242    10.0715          6          2  0.000e+00
   999.9342     -0.062     -0.063     0.3023    10.0621          6          2  0.000e+00
   999.9229     -0.060     -0.061     0.2869    10.0527          6          2  0.000e+00
   999.9084     -0.063     -0.064     0.2674    10.0435          6          2  0.000e+00
   999.9017     -0.062     -0.063     0.2579    10.0345          6          2  0.000e+00
   999.9019     -0.062     -0.063     0.2571    10.0256          6          2  0.000e+00
   999.9015     -0.060     -0.061     0.2555    10.0167          6          2  0.000e+00
   999.9042     -0.061     -0.062     0.2579    10.0080          6          2  0.000e+00
   999.9037     -0.061     -0.062     0.2564     9.9991          6          2  0.000e+00
   999.8916     -0.061     -0.062     0.2400     9.9902          6          2  0.000e+00
   999.8900     -0.061     -0.062     0.2369     9.9815          6          2  0.000e+00
   999.8918     -0.061     -0.062     0.2383     9.9725          6          2  0.000e+00
   999.8947     -0.062     -0.063     0.2409     9.9636          6          2  0.000e+00
   999.8971     -0.063     -0.064     0.2430     9.9547          6          2  0.000e+00
   999.8977     -0.061     -0.062     0.2428     9.9459          6          2  0.000e+00
   999.9021     -0.061     -0.062     0.2474     9.9373          6          2  0.000e+00
   999.9028     -0.059     -0.060     0.2473     9.9288          6          2  0.000e+00
   999.9066     -0.061     -0.062     0.2512     9.9202          6          2  0.000e+00
   999.9059     -0.062     -0.063     0.2494     9.9120          6          2  0.000e+00
   999.8992     -0.062     -0.063     0.2400     9.9041          6          2  0.000e+00
   999.8905     -0.059     -0.060     0.2281     9.8965          6          2  0.000e+00
   999.8836     -0.060     -0.061     0.2185     9.8891          6          2  0.000e+00
   999.8776     -0.062     -0.063     0.2102     9.8822          6          2  0.000e+00
   999.8726     -0.064     -0.065     0.2030     9.8750          6          2  0.000e+00
   999.8652     -0.062     -0.063     0.1929     9.8682          6          2  0.000e+00
   999.8576     -0.062     -0.063     0.1825     9.8611          6          2  0.000e+00
   999.8524     -0.061     -0.062     0.1751     9.8541          6          2  0.000e+00
   999.8488     -0.062     -0.063     0.1697     9.8469          6          2  0.000e+00
   999.8453     -0.061     -0.062     0.1645     9.8396          6          2  0.000e+00
   999.8412     -0.061     -0.062     0.1585     9.8323          6          2  0.000e+00
   999.8380     -0.063     -0.064     0.1536     9.8249          6          2  0.000e+00
   999.8363     -0.062     -0.063     0.1506     9.8177          6          2  0.000e+00
   999.8335     -0.060     -0.061     0.1463     9.8106          6          2  0.000e+00
   999.8305     -0.061     -0.062     0.1417     9.8032          6          2  0.000e+00
   999.8280     -0.060     -0.061     0.1377     9.7961          6          2  0.000e+00
   999.8217     -0.061     -0.062     0.1290     9.7890          6          2  0.000e+00
   999.8166     -0.062     -0.063     0.1217     9.7820          6          2  0.000e+00
   999.8094     -0.060     -0.061     0.1119     9.7751          6          2  0.000e+00
   999.8047     -0.061     -0.062     0.1052     9.7682          6          2  0.000e+00
   999.8048     -0.060     -0.061     0.1046     9.7613          6          2  0.000e+00
   999.8008     -0.060     -0.061     0.0988     9.7546          6          2  0.000e+00
   999.7981     -0.062     -0.063     0.0947     9.7480          6          2  0.000e+00
   999.7965     -0.062     -0.063     0.0919     9.7416          6          2  0.000e+00
   999.7961     -0.063     -0.064     0.0907     9.7353          6          2  0.000e+00
   999.7961     -0.062     -0.063     0.0901     9.7289          6          2  0.000e+00
   999.7957     -0.061     -0.062     0.0889     9.7229          6          2  0.000e+00
   999.7958     -0.060     -0.060     0.0884     9.7170          6          2  0.000e+00
   999.7951     -0.060     -0.060     0.0869     9.7109          6          2  0.000e+00
   999.7958     -0.060     -0.060     0.0871     9.7052          6          2  0.000e+00
   999.7966     -0.060     -0.060     0.0875     9.6996          6          2  0.000e+00
   999.7974     -0.060     -0.060     0.0880     9.6939          6          2  0.000e+00
   999.7975     -0.061     -0.062     0.0875     9.6883          6          2  0.000e+00
   999.7974     -0.062     -0.063     0.0868     9.6827          6          2  0.000e+00
   999.7971     -0.062     -0.063     0.0858     9.6775          6          2  0.000e+00
   999.7965     -0.062     -0.063     0.0845     9.6721          6          2  0.000e+00
   999.7958     -0.063     -0.064     0.0831     9.6668          6          2  0.000e+00
   999.7951     -0.063     -0.064     0.0817     9.6615          6          2  0.000e+00
   999.7948     -0.060     -0.060     0.0807     9.6565          6          2  0.000e+00
   999.7945     -0.064     -0.065     0.0797     9.6513          6          2  0.000e+00
   999.7943     -0.063     -0.064     0.0791     9.6464          6          2  0.000e+00
   999.7942     -0.062     -0.063     0.0784     9.6415          6          2  0.000e+00
   999.7941     -0.063     -0.064     0.0777     9.6366          6          2  0.000e+00
   999.7945     -0.060     -0.060     0.0776     9.6316          6          2  0.000e+00
   999.7948     -0.061     -0.062     0.0776     9.6270          6          2  0.000e+00
   999.7953     -0.061     -0.062     0.0777     9.6223          6          2  0.000e+00
   999.7960     -0.060     -0.060     0.0781     9.6176          6          2  0.000e+00
   999.7961     -0.063     -0.064     0.0777     9.6132          6          2  0.000e+00
   999.7963     -0.062     -0.063     0.0776     9.6086          6          2  0.000e+00
   999.7962     -0.061     -0.061     0.0770     9.6042          6          2  0.000e+00
   999.7961     -0.061     -0.061     0.0763     9.6001          6          2  0.000e+00
   999.7959     -0.061     -0.061     0.0756     9.5956          6          2  0.000e+00
   999.7956     -0.060     -0.060     0.0748     9.5915          6          2  0.000e+00
   999.7952     -0.061     -0.061     0.0738     9.5874          6          2  0.000e+00
   999.7946     -0.062     -0.063     0.0727     9.5834          6          2  0.000e+00
   999.7938     -0.060     -0.060     0.0713     9.5794          6          2  0.000e+00
   999.7930     -0.061     -0.061     0.0698     9.5752          6          2  0.000e+00
   999.7920     -0.062     -0.063     0.0682     9.5716          6          2  0.000e+00
   999.7915     -0.061     -0.061     0.0671     9.5676          6          2  0.000e+00
   999.7908     -0.063     -0.064     0.0659     9.5639          6          2  0.000e+00
   999.7901     -0.062     -0.063     0.0647     9.5602          6          2  0.000e+00
   999.7899     -0.062     -0.063     0.0639     9.5566          6          2  0.000e+00
   999.7896     -0.061     -0.061     0.0632     9.5531          6          2  0.000e+00
   999.7904     -0.061     -0.061     0.0639     9.5496          6          2  0.000e+00
   999.7917     -0.062     -0.063     0.0651     9.5460          6          2  0.000e+00
   999.7932     -0.062     -0.063     0.0666     9.5425          6          2  0.000e+00
   999.7955     -0.064     -0.065     0.0693     9.5394          6          2  0.000e+00
   999.7985     -0.062     -0.063     0.0728     9.5360          6          2  0.000e+00
   999.8012     -0.062     -0.063     0.0758     9.5328          6          2  0.000e+00
   999.8031     -0.062     -0.063     0.0780     9.5299          6          2  0.000e+00
  1000.4318     -0.061     -0.061     0.8760     9.5268          6          2  0.000e+00
  1001.8593     -0.062     -0.062     2.6971     9.5242          6          2  0.000e+00
  1001.5131     -0.060     -0.060     2.2543     9.5217          6          2  0.000e+00
  1002.9635     -0.061     -0.061     4.1094     9.5210          6          2  0.000e+00
  1001.8623     -0.062     -0.062     2.7011     9.5263          6          2  0.000e+00
  1001.1995     -0.063     -0.064     1.8557     9.5374          6          2  0.000e+00
  1000.8749     -0.061     -0.061     1.4432     9.5514          6          2  0.000e+00
  1000.5963     -0.061     -0.061     1.0897     9.5653          6          2  0.000e+00
  1000.6772     -0.062     -0.062     1.1942     9.5776          6          2  0.000e+00
  1000.5801     -0.060     -0.060     1.0715     9.5875          6          2  0.000e+00
  1000.5535     -0.059     -0.059     1.0384     9.5954          6          2  0.000e+00
  1000.4524     -0.060     -0.060     0.9104     9.6012          6          2  0.000e+00
  1000.3957     -0.062     -0.062     0.8386     9.6054          6          2  0.000e+00
  1000.4135     -0.061     -0.061     0.8616     9.6087          6          2  0.000e+00
  1000.4143     -0.059     -0.059     0.8629     9.6116          6          2  0.000e+00
  1000.4012     -0.059     -0.059     0.8465     9.6140          6          2  0.000e+00
  1000.3542     -0.061     -0.061     0.7869     9.6161          6          2  0.000e+00
  1000.2899     -0.063     -0.064     0.7053     9.6178          6          2  0.000e+00
  1000.2350     -0.061     -0.061     0.6357     9.6193          6          2  0.000e+00
  1000.1883     -0.062     -0.062     0.5765     9.6206          6          2  0.000e+00
  1000.1466     -0.061     -0.061     0.5234     9.6216          6          2  0.000e+00
  1000.1113     -0.062     -0.062     0.4788     9.6225          6          2  0.000e+00
  1000.0842     -0.062     -0.062     0.4444     9.6235          6          2  0.000e+00
  1000.0636     -0.062     -0.062     0.4184     9.6244          6          2  0.000e+00
  1000.0451     -0.062     -0.062     0.3949     9.6252          6          2  0.000e+00
  1000.0239     -0.062     -0.062     0.3681     9.6260          6          2  0.000e+00
  1000.0106     -0.063     -0.063     0.3513     9.6267          6          2  0.000e+00
  1000.0011     -0.062     -0.062     0.3393     9.6274          6          2  0.000e+00
   999.9904     -0.061     -0.061     0.3258     9.6281          6          2  0.000e+00
   999.9818     -0.062     -0.062     0.3150     9.6289          6          2  0.000e+00
   999.9737     -0.060     -0.060     0.3048     9.6298          6          2  0.000e+00
   999.9683     -0.061     -0.061     0.2980     9.6306          6          2  0.000e+00
   999.9727     -0.060     -0.060     0.3036     9.6315          6          2  0.000e+00
   999.9913     -0.063     -0.063     0.3274     9.6325          6          2  0.000e+00
  1000.0088     -0.063     -0.063     0.3497     9.6333          6          2  0.000e+00
  1000.0234     -0.062     -0.062     0.3683     9.6341          6          2  0.000e+00
  1000.0341     -0.063     -0.063     0.3819     9.6348          6          2  0.000e+00
  1000.0447     -0.061     -0.061     0.3954     9.6352          6          2  0.000e+00
  1000.0486     -0.061     -0.061     0.4005     9.6356          6          2  0.000e+00
  1000.0528     -0.062     -0.062     0.4058     9.6361          6          2  0.000e+00
  1000.0545     -0.062     -0.062     0.4081     9.6361          6          2  0.000e+00
  1000.0538     -0.062     -0.062     0.4072     9.6362          6          2  0.000e+00
  1000.0508     -0.062     -0.062     0.4033     9.6362          6          2  0.000e+00
  1000.0454     -0.061     -0.061     0.3964     9.6363          6          2  0.000e+00
  1000.0382     -0.062     -0.062     0.3873     9.6362          6          2  0.000e+00
  1000.0303     -0.062     -0.062     0.3773     9.6362          6          2  0.000e+00
  1000.0208     -0.063     -0.063     0.3653     9.6363          6          2  0.000e+00
  1000.0109     -0.063     -0.063     0.3527     9.6364          6          2  0.000e+00
   999.9997     -0.061     -0.061     0.3385     9.6366          6          2  0.000e+00
   999.9883     -0.063     -0.063     0.3241     9.6370          6          2  0.000e+00
   999.9758     -0.063     -0.063     0.3083     9.6375          6          2  0.000e+00
   999.9637     -0.062     -0.062     0.2930     9.6383          6          2  0.000e+00
   999.9538     -0.064     -0.064     0.2803     9.6375          6          2  0.000e+00
   999.9446     -0.067     -0.068     0.2689     9.6391          6          2  0.000e+00
   999.9370     -0.068     -0.069     0.2592     9.6396          6          2  0.000e+00
   999.9306     -0.068     -0.069     0.2511     9.6397          6          2  0.000e+00
   999.9248     -0.069     -0.070     0.2438     9.6401          6          2  0.000e+00
   999.9281     -0.069     -0.070     0.2481     9.6409          6          2  0.000e+00
   999.9271     -0.068     -0.069     0.2469     9.6413          6          2  0.000e+00
   999.9213     -0.068     -0.069     0.2396     9.6413          6          2  0.000e+00
   999.9106     -0.064     -0.065     0.2259     9.6416          6          2  0.000e+00
   999.9067     -0.063     -0.063     0.2210     9.6416          6          2  0.000e+00
   999.9035     -0.065     -0.066     0.2169     9.6416          6          2  0.000e+00
   999.9025     -0.064     -0.065     0.2156     9.6416          6          2  0.000e+00
   999.9011     -0.063     -0.063     0.2139     9.6416          6          2  0.000e+00
   999.8936     -0.063     -0.063     0.2043     9.6418          6          2  0.000e+00
   999.8845     -0.062     -0.062     0.1929     9.6418          6          2  0.000e+00
   999.8770     -0.064     -0.065     0.1834     9.6419          6          2  0.000e+00
   999.8709     -0.063     -0.063     0.1756     9.6419          6          2  0.000e+00
   999.8654     -0.063     -0.063     0.1686     9.6418          6          2  0.000e+00
   999.8615     -0.062     -0.062     0.1636     9.6419          6          2  0.000e+00
   999.8576     -0.061     -0.061     0.1587     9.6419          6          2  0.000e+00
   999.8550     -0.063     -0.063     0.1557     9.6437          6          2  0.000e+00
   999.8540     -0.064     -0.064     0.1541     9.6414          6          2  0.000e+00
