data/eDNA/PER-2022-473/473A020.cnv
* Sea-Bird SBE19plus  Data File:
* FileName = C:\Users\RSG_field\Ryan_Perley2022473\CTD\473A020.hex
* Software version 2.3.0 SB_Terminal.dll
* Temperature SN = 7141
* Conductivity SN = 7141
* System UpLoad Time = Aug 14 2022 13:57:07
* <ApplicationData>
* <SeatermAF>
** Platform: M. Perley
** Cruise: Per2022473
** Station:  SAB_Trans_03
** Cast: 01
** Latitude: N  46 00.5696
** Longitude: W 59 11.9240
** Sounding: 61.8
** Chief Scientist: Ryan Stanley
** Comment: CastID 473A019 SampleID 493872-493877
** Cast 38
# nquan = 8
# nvalues = 2748                                  
# units = specified
# name 0 = density00: Density [density, kg/m^3]
# name 1 = depSM: Depth [salt water, m], lat = 45.00
# name 2 = prdM: Pressure, Strain Gauge [db]
# name 3 = sal00: Salinity, Practical [PSU]
# name 4 = tv290C: Temperature [ITS-90, deg C]
# name 5 = bpos: Bottle Position in Carousel
# name 6 = nbf: Bottles Fired
# name 7 = flag:  0.000e+00
# span 0 =   998.6101,  1025.7447                 
# span 1 =     -0.115,     58.355                 
# span 2 =     -0.116,     58.841                 
# span 3 =     0.0569,    31.9504                 
# span 4 =     2.7629,    19.9593                 
# span 5 =          0,          6                 
# span 6 =          0,          2                 
# span 7 = 0.0000e+00, 0.0000e+00                 
# interval = seconds: 0.25
# start_time = Aug 14 2022 13:42:30 [Instrument's time stamp, header]
# bad_flag = -9.990e-29
*END*
   998.6106     -0.110     -0.111     0.0569    18.1587          0          0  0.000e+00
   998.6107     -0.110     -0.111     0.0570    18.1588          0          0  0.000e+00
   998.6106     -0.110     -0.111     0.0571    18.1593          0          0  0.000e+00
   998.6107     -0.111     -0.112     0.0571    18.1593          0          0  0.000e+00
   998.6106     -0.110     -0.111     0.0572    18.1598          0          0  0.000e+00
   998.6106     -0.110     -0.111     0.0572    18.1600          0          0  0.000e+00
   998.6106     -0.110     -0.111     0.0573    18.1603          0          0  0.000e+00
   998.6106     -0.112     -0.113     0.0574    18.1607          0          0  0.000e+00
   998.6106     -0.109     -0.110     0.0575    18.1610          0          0  0.000e+00
   998.6106     -0.110     -0.111     0.0575    18.1612          0          0  0.000e+00
   998.6107     -0.111     -0.112     0.0577    18.1614          0          0  0.000e+00
   998.6107     -0.110     -0.111     0.0578    18.1619          0          0  0.000e+00
   998.6107     -0.111     -0.112     0.0579    18.1620          0          0  0.000e+00
   998.6108     -0.110     -0.111     0.0580    18.1623          0          0  0.000e+00
   998.6108     -0.111     -0.112     0.0581    18.1625          0          0  0.000e+00
   998.6107     -0.110     -0.111     0.0582    18.1633          0          0  0.000e+00
   998.6108     -0.113     -0.114     0.0582    18.1634          0          0  0.000e+00
   998.6107     -0.113     -0.114     0.0583    18.1636          0          0  0.000e+00
   998.6108     -0.112     -0.113     0.0584    18.1639          0          0  0.000e+00
   998.6108     -0.111     -0.112     0.0585    18.1642          0          0  0.000e+00
   998.6109     -0.111     -0.112     0.0586    18.1645          0          0  0.000e+00
   998.6109     -0.111     -0.112     0.0588    18.1648          0          0  0.000e+00
   998.6110     -0.113     -0.114     0.0590    18.1650          0          0  0.000e+00
   998.6110     -0.111     -0.112     0.0591    18.1654          0          0  0.000e+00
   998.6111     -0.110     -0.111     0.0592    18.1657          0          0  0.000e+00
   998.6111     -0.111     -0.112     0.0593    18.1660          0          0  0.000e+00
   998.6111     -0.110     -0.111     0.0594    18.1663          0          0  0.000e+00
   998.6111     -0.112     -0.113     0.0594    18.1666          0          0  0.000e+00
   998.6110     -0.113     -0.114     0.0595    18.1668          0          0  0.000e+00
   998.6110     -0.112     -0.113     0.0595    18.1671          0          0  0.000e+00
   998.6110     -0.111     -0.112     0.0595    18.1675          0          0  0.000e+00
   998.6109     -0.112     -0.113     0.0596    18.1679          0          0  0.000e+00
   998.6109     -0.115     -0.116     0.0596    18.1680          0          0  0.000e+00
   998.6109     -0.112     -0.113     0.0596    18.1684          0          0  0.000e+00
   998.6108     -0.112     -0.113     0.0596    18.1688          0          0  0.000e+00
   998.6108     -0.113     -0.114     0.0597    18.1691          0          0  0.000e+00
   998.6107     -0.114     -0.115     0.0597    18.1694          0          0  0.000e+00
   998.6107     -0.112     -0.113     0.0598    18.1697          0          0  0.000e+00
   998.6107     -0.112     -0.113     0.0598    18.1702          0          0  0.000e+00
   998.6106     -0.112     -0.113     0.0598    18.1703          0          0  0.000e+00
   998.6106     -0.111     -0.112     0.0598    18.1706          0          0  0.000e+00
   998.6105     -0.112     -0.113     0.0598    18.1709          0          0  0.000e+00
   998.6105     -0.112     -0.113     0.0598    18.1714          0          0  0.000e+00
   998.6104     -0.112     -0.113     0.0598    18.1716          0          0  0.000e+00
   998.6104     -0.112     -0.113     0.0599    18.1719          0          0  0.000e+00
   998.6103     -0.113     -0.114     0.0599    18.1724          0          0  0.000e+00
   998.6102     -0.113     -0.114     0.0598    18.1727          0          0  0.000e+00
   998.6101     -0.112     -0.113     0.0597    18.1728          0          0  0.000e+00
   998.6104     -0.113     -0.114     0.0601    18.1732          0          0  0.000e+00
   998.6137     -0.112     -0.113     0.0646    18.1737          0          0  0.000e+00
   998.6196     -0.112     -0.113     0.0722    18.1739          0          0  0.000e+00
   998.6285     -0.112     -0.113     0.0840    18.1744          0          0  0.000e+00
   998.6362     -0.112     -0.113     0.0941    18.1747          0          0  0.000e+00
   998.6420     -0.113     -0.114     0.1017    18.1749          0          0  0.000e+00
   998.6472     -0.112     -0.113     0.1086    18.1755          0          0  0.000e+00
   998.6559     -0.111     -0.112     0.1200    18.1759          0          0  0.000e+00
   998.6697     -0.110     -0.111     0.1381    18.1763          0          0  0.000e+00
   998.7074     -0.113     -0.114     0.1871    18.1765          0          0  0.000e+00
   998.7992     -0.112     -0.113     0.3067    18.1769          0          0  0.000e+00
   998.9458     -0.111     -0.112     0.4979    18.1773          0          0  0.000e+00
   998.9230     -0.112     -0.113     0.4683    18.1776          0          0  0.000e+00
   998.8767     -0.114     -0.115     0.4081    18.1781          0          0  0.000e+00
   998.8559     -0.114     -0.115     0.3809    18.1783          0          0  0.000e+00
   998.8463     -0.113     -0.114     0.3686    18.1788          0          0  0.000e+00
   998.8383     -0.112     -0.113     0.3583    18.1791          0          0  0.000e+00
   998.8342     -0.111     -0.112     0.3529    18.1795          0          0  0.000e+00
   998.8344     -0.113     -0.114     0.3533    18.1799          0          0  0.000e+00
   998.8572     -0.111     -0.112     0.3832    18.1803          0          0  0.000e+00
   998.9130     -0.112     -0.113     0.4560    18.1806          0          0  0.000e+00
   998.9651     -0.111     -0.112     0.5240    18.1808          0          0  0.000e+00
   998.9533     -0.111     -0.112     0.5087    18.1813          0          0  0.000e+00
   998.9255     -0.112     -0.113     0.4726    18.1818          0          0  0.000e+00
   998.8892     -0.114     -0.115     0.4253    18.1819          0          0  0.000e+00
   998.8632     -0.114     -0.115     0.3916    18.1824          0          0  0.000e+00
   998.8366     -0.113     -0.114     0.3569    18.1827          0          0  0.000e+00
   998.8241     -0.112     -0.113     0.3407    18.1832          0          0  0.000e+00
   998.8150     -0.111     -0.112     0.3291    18.1838          0          0  0.000e+00
   998.8096     -0.113     -0.114     0.3221    18.1843          0          0  0.000e+00
   998.8110     -0.114     -0.115     0.3240    18.1846          0          0  0.000e+00
   998.8155     -0.111     -0.112     0.3300    18.1852          0          0  0.000e+00
   998.8025     -0.113     -0.114     0.3131    18.1856          0          0  0.000e+00
   998.7868     -0.112     -0.113     0.2929    18.1862          0          0  0.000e+00
   998.7713     -0.113     -0.114     0.2729    18.1871          0          0  0.000e+00
   998.7624     -0.113     -0.114     0.2615    18.1879          0          0  0.000e+00
   998.7620     -0.112     -0.113     0.2611    18.1885          0          0  0.000e+00
   998.7702     -0.111     -0.112     0.2720    18.1893          0          0  0.000e+00
   998.8111     -0.113     -0.114     0.3255    18.1900          0          0  0.000e+00
   998.8665     -0.112     -0.113     0.3979    18.1910          0          0  0.000e+00
   998.9361     -0.114     -0.115     0.4888    18.1916          0          0  0.000e+00
   999.2278     -0.114     -0.115     0.8696    18.1919          0          0  0.000e+00
  1000.3190     -0.113     -0.114     2.2975    18.1929          0          0  0.000e+00
  1000.2716     -0.113     -0.114     2.2356    18.1934          0          0  0.000e+00
   999.8733     -0.113     -0.114     1.7142    18.1940          0          0  0.000e+00
   999.7834     -0.111     -0.112     1.5973    18.1972          0          0  0.000e+00
   999.7178     -0.113     -0.114     1.5139    18.2072          0          0  0.000e+00
   999.5177     -0.112     -0.113     1.2562    18.2232          0          0  0.000e+00
   999.3223     -0.111     -0.112     1.0059    18.2440          0          0  0.000e+00
   999.2481     -0.112     -0.113     0.9149    18.2683          0          0  0.000e+00
   999.1942     -0.112     -0.113     0.8504    18.2918          0          0  0.000e+00
   999.1428     -0.112     -0.113     0.7883    18.3120          0          0  0.000e+00
   999.0893     -0.114     -0.115     0.7224    18.3282          0          0  0.000e+00
   999.0482     -0.113     -0.114     0.6719    18.3408          0          0  0.000e+00
   999.0182     -0.112     -0.113     0.6350    18.3499          0          0  0.000e+00
   999.0012     -0.114     -0.115     0.6143    18.3561          0          0  0.000e+00
   998.9852     -0.112     -0.113     0.5946    18.3609          0          0  0.000e+00
   998.9628     -0.115     -0.116     0.5663    18.3645          0          0  0.000e+00
   998.9352     -0.113     -0.114     0.5310    18.3675          0          0  0.000e+00
   998.9073     -0.111     -0.112     0.4954    18.3706          0          0  0.000e+00
   998.8864     -0.112     -0.113     0.4691    18.3745          0          0  0.000e+00
   998.8514     -0.112     -0.113     0.4243    18.3783          0          0  0.000e+00
   998.8302     -0.113     -0.114     0.3972    18.3802          0          0  0.000e+00
   998.8150     -0.113     -0.114     0.3780    18.3828          0          0  0.000e+00
   998.8010     -0.111     -0.112     0.3607    18.3870          0          0  0.000e+00
   998.7914     -0.113     -0.114     0.3497    18.3926          0          0  0.000e+00
   998.7781     -0.111     -0.112     0.3345    18.4015          0          0  0.000e+00
   998.7652     -0.111     -0.112     0.3202    18.4119          0          0  0.000e+00
   998.7582     -0.111     -0.112     0.3132    18.4200          0          0  0.000e+00
  1002.0257     -0.055     -0.055     4.5959    18.4221          0          0  0.000e+00
  1019.5699      0.083      0.084    27.7184    18.5702          0          0  0.000e+00
  1020.9294      0.224      0.226    29.6574    19.0594          0          0  0.000e+00
  1020.7458      0.360      0.363    29.5411    19.4437          0          0  0.000e+00
  1020.5607      0.491      0.495    29.3744    19.6777          0          0  0.000e+00
  1020.4525      0.594      0.599    29.2743    19.8060          0          0  0.000e+00
  1020.3902      0.680      0.685    29.2138    19.8716          0          0  0.000e+00
  1020.3616      0.757      0.763    29.1861    19.9027          0          0  0.000e+00
  1020.3471      0.837      0.843    29.1714    19.9171          0          0  0.000e+00
  1020.3305      0.905      0.913    29.1505    19.9213          0          0  0.000e+00
  1020.2979      0.929      0.936    29.1069    19.9194          0          0  0.000e+00
  1020.3006      0.915      0.922    29.1060    19.9059          0          0  0.000e+00
  1020.2718      0.906      0.914    29.0619    19.8868          0          0  0.000e+00
  1020.3613      0.885      0.893    29.1777    19.8812          0          0  0.000e+00
  1020.3670      0.862      0.869    29.1875    19.8876          0          0  0.000e+00
  1020.3567      0.833      0.840    29.1764    19.8943          0          0  0.000e+00
  1020.3483      0.804      0.810    29.1669    19.8984          0          0  0.000e+00
  1020.3450      0.787      0.793    29.1637    19.9017          0          0  0.000e+00
  1020.3467      0.792      0.798    29.1669    19.9045          0          0  0.000e+00
  1020.3522      0.826      0.833    29.1741    19.9052          0          0  0.000e+00
  1020.3610      0.891      0.898    29.1852    19.9050          0          0  0.000e+00
  1020.3660      0.974      0.982    29.1923    19.9076          0          0  0.000e+00
  1020.3665      1.076      1.085    29.1944    19.9138          0          0  0.000e+00
  1020.3611      1.166      1.176    29.1889    19.9201          0          0  0.000e+00
  1020.3519      1.231      1.241    29.1777    19.9239          0          0  0.000e+00
  1020.3328      1.256      1.267    29.1525    19.9242          0          0  0.000e+00
  1020.3178      1.239      1.249    29.1324    19.9225          0          0  0.000e+00
  1020.3260      1.184      1.194    29.1431    19.9217          0          0  0.000e+00
  1020.3421      1.095      1.104    29.1649    19.9217          0          0  0.000e+00
  1020.3519      0.991      0.999    29.1786    19.9224          0          0  0.000e+00
  1020.3565      0.886      0.894    29.1841    19.9192          0          0  0.000e+00
  1020.3560      0.806      0.812    29.1826    19.9151          0          0  0.000e+00
  1020.3531      0.759      0.765    29.1783    19.9129          0          0  0.000e+00
  1020.3501      0.743      0.749    29.1743    19.9126          0          0  0.000e+00
  1020.3443      0.745      0.751    29.1670    19.9137          0          0  0.000e+00
  1020.3393      0.766      0.772    29.1606    19.9142          0          0  0.000e+00
  1020.3475      0.804      0.810    29.1715    19.9153          0          0  0.000e+00
  1020.3494      0.855      0.862    29.1742    19.9168          0          0  0.000e+00
  1020.3478      0.906      0.914    29.1718    19.9167          0          0  0.000e+00
  1020.3436      0.954      0.962    29.1659    19.9165          0          0  0.000e+00
  1020.3379      0.993      1.002    29.1583    19.9169          0          0  0.000e+00
  1020.3375      1.024      1.033    29.1583    19.9190          0          0  0.000e+00
  1020.3369      1.052      1.060    29.1585    19.9225          0          0  0.000e+00
  1020.3346      1.068      1.076    29.1562    19.9248          0          0  0.000e+00
  1020.3328      1.072      1.081    29.1539    19.9254          0          0  0.000e+00
  1020.3333      1.073      1.082    29.1548    19.9261          0          0  0.000e+00
  1020.3367      1.069      1.077    29.1597    19.9270          0          0  0.000e+00
  1020.3408      1.067      1.075    29.1651    19.9272          0          0  0.000e+00
  1020.3462      1.069      1.077    29.1711    19.9239          0          0  0.000e+00
  1020.3518      1.077      1.086    29.1761    19.9170          0          0  0.000e+00
  1020.3556      1.096      1.105    29.1788    19.9106          0          0  0.000e+00
  1020.3568      1.118      1.128    29.1787    19.9059          0          0  0.000e+00
  1020.3511      1.134      1.144    29.1700    19.9025          0          0  0.000e+00
  1020.3301      1.138      1.147    29.1413    19.8990          0          0  0.000e+00
  1020.3194      1.124      1.133    29.1258    19.8945          0          0  0.000e+00
  1020.3211      1.090      1.099    29.1276    19.8928          0          0  0.000e+00
  1020.3395      1.041      1.050    29.1521    19.8929          0          0  0.000e+00
  1020.3448      0.980      0.988    29.1595    19.8928          0          0  0.000e+00
  1020.3497      0.905      0.913    29.1664    19.8934          0          0  0.000e+00
  1020.3502      0.821      0.827    29.1679    19.8943          0          0  0.000e+00
  1020.3539      0.733      0.739    29.1730    19.8935          0          0  0.000e+00
  1020.3627      0.664      0.669    29.1849    19.8931          0          0  0.000e+00
