data/eDNA/PER-2022-473/473A013.cnv
* Sea-Bird SBE19plus  Data File:
* FileName = C:\Users\RSG_field\Ryan_Perley2022473\CTD\473A013.hex
* Software version 2.3.0 SB_Terminal.dll
* Temperature SN = 7141
* Conductivity SN = 7141
* System UpLoad Time = Aug 10 2022 15:29:52
* <ApplicationData>
* <SeatermAF>
** Platform: M. Perley
** Cruise: Per2022473
** Station:  ESI_16
** Cast: 01
** Latitude: N  44 30.3821
** Longitude: W 62 50.5517
** Sounding: 110
** Chief Scientist: Ryan Stanley
** Comment: CastID 473A013 Bottles 493828-493833 Cast 31
# nquan = 8
# nvalues = 3926                                  
# units = specified
# name 0 = density00: Density [density, kg/m^3]
# name 1 = depSM: Depth [salt water, m], lat = 45.00
# name 2 = prdM: Pressure, Strain Gauge [db]
# name 3 = sal00: Salinity, Practical [PSU]
# name 4 = tv290C: Temperature [ITS-90, deg C]
# name 5 = bpos: Bottle Position in Carousel
# name 6 = nbf: Bottles Fired
# name 7 = flag:  0.000e+00
# span 0 =   999.1712,  1026.6471                 
# span 1 =     -0.079,     99.023                 
# span 2 =     -0.079,     99.858                 
# span 3 =     0.0458,    33.4216                 
# span 4 =     3.5875,    15.0043                 
# span 5 =          0,          6                 
# span 6 =          0,          2                 
# span 7 = 0.0000e+00, 0.0000e+00                 
# interval = seconds: 0.25
# start_time = Aug 10 2022 15:09:09 [Instrument's time stamp, header]
# bad_flag = -9.990e-29
*END*
[from data line 540]
  1023.0332      1.510      1.522    30.8685    13.8530          0          0  0.000e+00
  1023.0208      1.653      1.667    30.8558    13.8689          0          0  0.000e+00
  1022.9983      1.798      1.813    30.8280    13.8774          0          0  0.000e+00
  1022.9890      1.944      1.960    30.8135    13.8712          0          0  0.000e+00
  1022.9932      2.082      2.100    30.8140    13.8551          0          0  0.000e+00
  1022.9960      2.217      2.235    30.8127    13.8395          0          0  0.000e+00
  1023.0012      2.345      2.365    30.8139    13.8211          0          0  0.000e+00
  1023.0177      2.467      2.487    30.8300    13.8037          0          0  0.000e+00
  1023.0310      2.587      2.608    30.8439    13.7933          0          0  0.000e+00
  1023.0474      2.693      2.715    30.8641    13.7915          0          0  0.000e+00
  1023.0361      2.786      2.809    30.8512    13.8003          0          0  0.000e+00
  1023.0405      2.871      2.895    30.8581    13.8068          0          0  0.000e+00
  1023.0510      2.957      2.981    30.8731    13.8147          0          0  0.000e+00
  1023.0419      3.039      3.063    30.8650    13.8303          0          0  0.000e+00
  1023.0197      3.112      3.137    30.8392    13.8437          0          0  0.000e+00
  1023.0057      3.168      3.194    30.8204    13.8423          0          0  0.000e+00
  1023.0100      3.206      3.232    30.8225    13.8297          0          0  0.000e+00
  1023.0193      3.223      3.249    30.8314    13.8180          0          0  0.000e+00
  1023.0404      3.225      3.252    30.8556    13.8058          0          0  0.000e+00
  1023.0506      3.218      3.244    30.8693    13.8075          0          0  0.000e+00
  1023.0401      3.207      3.233    30.8589    13.8196          0          0  0.000e+00
  1023.0317      3.198      3.224    30.8506    13.8295          0          0  0.000e+00
  1023.0312      3.197      3.223    30.8512    13.8341          0          0  0.000e+00
  1023.0261      3.218      3.244    30.8455    13.8383          0          0  0.000e+00
  1023.0170      3.260      3.287    30.8340    13.8400          0          0  0.000e+00
  1022.9952      3.332      3.359    30.8039    13.8348          0          0  0.000e+00
  1023.0250      3.433      3.461    30.8373    13.8168          0          0  0.000e+00
  1022.9941      3.562      3.591    30.7940    13.8070          0          0  0.000e+00
  1022.9875      3.717      3.747    30.7778    13.7812          0          0  0.000e+00
  1023.0073      3.890      3.922    30.7924    13.7425          0          0  0.000e+00
  1023.0281      4.076      4.110    30.8094    13.7083          0          0  0.000e+00
  1023.0461      4.278      4.313    30.8253    13.6843          0          0  0.000e+00
  1023.0474      4.468      4.505    30.8219    13.6686          0          0  0.000e+00
  1022.9992      4.658      4.696    30.7535    13.6503          0          0  0.000e+00
  1022.9781      4.843      4.882    30.7114    13.5971          0          0  0.000e+00
  1022.9983      5.011      5.052    30.7153    13.5142          0          0  0.000e+00
  1023.0741      5.166      5.208    30.7901    13.4267          0          0  0.000e+00
  1023.1395      5.295      5.339    30.8609    13.3751          0          0  0.000e+00
  1023.0938      5.393      5.437    30.7980    13.3628          0          0  0.000e+00
  1023.1336      5.469      5.514    30.8393    13.3240          0          0  0.000e+00
  1023.1544      5.514      5.559    30.8574    13.2904          0          0  0.000e+00
  1023.1694      5.528      5.574    30.8722    13.2727          0          0  0.000e+00
  1023.1731      5.515      5.560    30.8754    13.2657          0          0  0.000e+00
  1023.1925      5.470      5.515    30.9005    13.2649          0          0  0.000e+00
  1023.1975      5.399      5.443    30.9098    13.2746          0          0  0.000e+00
  1023.1893      5.310      5.354    30.9049    13.2948          0          0  0.000e+00
  1023.2089      5.207      5.250    30.9362    13.3158          0          0  0.000e+00
  1023.2005      5.103      5.145    30.9351    13.3517          0          0  0.000e+00
  1023.1932      5.012      5.053    30.9369    13.3938          0          0  0.000e+00
  1023.1769      4.953      4.993    30.9271    13.4368          0          0  0.000e+00
  1023.1636      4.927      4.968    30.9205    13.4780          0          0  0.000e+00
  1023.1463      4.952      4.992    30.9075    13.5151          0          0  0.000e+00
  1023.1166      5.034      5.076    30.8767    13.5468          0          0  0.000e+00
  1023.0781      5.167      5.209    30.8304    13.5637          0          0  0.000e+00
  1023.1042      5.356      5.400    30.8616    13.5578          0          0  0.000e+00
  1023.1239      5.594      5.640    30.8860    13.5588          0          0  0.000e+00
  1023.0818      5.851      5.899    30.8346    13.5772          0          0  0.000e+00
  1022.9989      6.126      6.177    30.7227    13.5654          0          0  0.000e+00
  1022.6525      6.405      6.458    30.2444    13.4556          0          0  0.000e+00
  1022.8102      6.668      6.723    30.3598    13.1095          0          0  0.000e+00
  1022.9688      6.927      6.983    30.4738    12.7480          0          0  0.000e+00
  1023.0905      7.141      7.199    30.5540    12.4365          0          0  0.000e+00
  1023.3072      7.259      7.319    30.7687    12.1677          0          0  0.000e+00
  1023.4636      7.284      7.344    30.9319    12.0061          0          0  0.000e+00
  1023.5326      7.225      7.285    31.0042    11.9339          0          0  0.000e+00
  1023.6584      7.125      7.183    31.1637    11.9197          0          0  0.000e+00
  1023.6186      6.999      7.056    31.1309    11.9953          0          0  0.000e+00
  1023.6096      6.859      6.915    31.1443    12.0969          0          0  0.000e+00
  1023.6877      6.712      6.767    31.2698    12.1969          0          0  0.000e+00
  1023.5641      6.562      6.616    31.1492    12.3548          0          0  0.000e+00
  1023.4407      6.424      6.477    31.0219    12.4836          0          0  0.000e+00
  1023.3931      6.305      6.357    30.9749    12.5403          0          0  0.000e+00
  1023.3899      6.221      6.272    30.9770    12.5640          0          0  0.000e+00
  1023.3743      6.172      6.222    30.9629    12.5874          0          0  0.000e+00
  1023.4027      6.150      6.200    31.0048    12.6082          0          0  0.000e+00
  1023.4439      6.167      6.217    31.0680    12.6494          0          0  0.000e+00
  1023.4099      6.218      6.269    31.0448    12.7351          0          0  0.000e+00
  1023.4237      6.320      6.372    31.0824    12.8178          0          0  0.000e+00
  1023.4289      6.467      6.520    31.1134    12.9188          0          0  0.000e+00
  1023.3353      6.659      6.714    31.0237    13.0482          0          0  0.000e+00
  1023.2453      6.888      6.945    30.9295    13.1421          0          0  0.000e+00
  1023.1740      7.147      7.206    30.8469    13.1863          0          0  0.000e+00
  1022.8443      7.407      7.467    30.4101    13.1511          0          0  0.000e+00
  1022.9628      7.696      7.759    30.5028    12.9151          0          0  0.000e+00
  1023.0782      7.961      8.026    30.5809    12.6324          0          0  0.000e+00
  1023.3560      8.224      8.291    30.8716    12.3579          0          0  0.000e+00
  1023.5209      8.473      8.543    31.0459    12.2040          0          0  0.000e+00
  1023.5970      8.686      8.757    31.1287    12.1448          0          0  0.000e+00
  1023.6056      8.846      8.919    31.1355    12.1308          0          0  0.000e+00
  1023.6043      8.953      9.027    31.1319    12.1255          0          0  0.000e+00
  1023.6205      9.019      9.093    31.1516    12.1218          0          0  0.000e+00
  1023.6134      9.041      9.115    31.1429    12.1248          0          0  0.000e+00
  1023.6084      9.037      9.111    31.1370    12.1262          0          0  0.000e+00
  1023.6028      9.011      9.084    31.1297    12.1258          0          0  0.000e+00
  1023.6086      8.956      9.030    31.1372    12.1246          0          0  0.000e+00
  1023.6113      8.876      8.949    31.1418    12.1267          0          0  0.000e+00
  1023.6071      8.784      8.856    31.1382    12.1326          0          0  0.000e+00
  1023.5960      8.686      8.757    31.1274    12.1451          0          0  0.000e+00
  1023.5808      8.597      8.668    31.1129    12.1640          0          0  0.000e+00
  1023.5661      8.514      8.584    31.1013    12.1928          0          0  0.000e+00
  1023.5442      8.443      8.513    31.0802    12.2209          0          0  0.000e+00
  1023.5278      8.398      8.467    31.0636    12.2390          0          0  0.000e+00
  1023.5164      8.383      8.452    31.0514    12.2490          0          0  0.000e+00
  1023.5025      8.414      8.483    31.0354    12.2579          0          0  0.000e+00
  1023.4715      8.492      8.562    30.9966    12.2645          0          0  0.000e+00
  1023.5087      8.626      8.697    31.0382    12.2414          0          0  0.000e+00
  1023.5325      8.797      8.870    31.0631    12.2209          0          0  0.000e+00
  1023.5529      9.016      9.090    31.0820    12.1955          0          0  0.000e+00
  1023.5738      9.261      9.337    31.1011    12.1687          0          0  0.000e+00
  1023.5496      9.530      9.608    31.0632    12.1474          0          0  0.000e+00
  1023.5787      9.794      9.874    31.0930    12.1215          0          0  0.000e+00
  1023.8074     10.060     10.142    31.3838    12.1103          0          0  0.000e+00
  1023.8472     10.322     10.406    31.4457    12.1609          0          0  0.000e+00
  1023.8090     10.580     10.667    31.4100    12.2238          0          0  0.000e+00
  1023.7703     10.807     10.896    31.3649    12.2492          0          0  0.000e+00
  1023.7429     10.975     11.065    31.3232    12.2269          0          0  0.000e+00
  1023.7845     11.074     11.165    31.3613    12.1647          0          0  0.000e+00
  1023.8409     11.111     11.203    31.4184    12.1006          0          0  0.000e+00
  1023.8765     11.101     11.192    31.4558    12.0644          0          0  0.000e+00
  1023.9037     11.065     11.156    31.4893    12.0565          0          0  0.000e+00
  1023.8855     11.012     11.102    31.4718    12.0804          0          0  0.000e+00
  1023.8571     10.950     11.040    31.4423    12.1090          0          0  0.000e+00
  1023.8476     10.886     10.975    31.4352    12.1291          0          0  0.000e+00
  1023.8334     10.825     10.914    31.4220    12.1488          0          0  0.000e+00
  1023.8209     10.781     10.869    31.4092    12.1610          0          0  0.000e+00
  1023.7868     10.760     10.848    31.3666    12.1665          0          0  0.000e+00
  1023.7588     10.766     10.854    31.3320    12.1735          0          0  0.000e+00
  1023.6789     10.791     10.880    31.2301    12.1786          0          0  0.000e+00
  1023.6568     10.843     10.932    31.2011    12.1781          0          0  0.000e+00
  1023.7165     10.915     11.005    31.2772    12.1754          0          0  0.000e+00
  1023.7662     11.009     11.099    31.3380    12.1640          0          0  0.000e+00
  1023.8157     11.121     11.212    31.3901    12.1182          0          0  0.000e+00
  1023.8654     11.250     11.343    31.4423    12.0710          0          0  0.000e+00
  1023.8458     11.391     11.485    31.4094    12.0429          0          0  0.000e+00
  1023.7038     11.543     11.638    31.2135    11.9928          0          0  0.000e+00
  1023.7356     11.703     11.799    31.2200    11.8503          0          0  0.000e+00
  1023.7807     11.868     11.966    31.2375    11.6814          0          0  0.000e+00
  1023.8106     12.034     12.132    31.2375    11.5192          0          0  0.000e+00
  1023.6729     12.196     12.296    31.0205    11.3497          0          0  0.000e+00
  1023.5418     12.356     12.457    30.7880    11.0712          0          0  0.000e+00
  1023.7020     12.500     12.603    30.9013    10.6551          0          0  0.000e+00
  1023.8799     12.629     12.733    31.0463    10.2707          0          0  0.000e+00
  1024.0530     12.743     12.847    31.2026     9.9618          0          0  0.000e+00
  1024.1320     12.841     12.947    31.2558     9.7325          0          0  0.000e+00
  1024.2565     12.930     13.037    31.3766     9.5467          0          0  0.000e+00
  1024.3130     13.004     13.110    31.4222     9.4162          0          0  0.000e+00
  1024.3103     13.066     13.173    31.3984     9.3174          0          0  0.000e+00
  1024.3223     13.115     13.223    31.3923     9.2110          0          0  0.000e+00
  1024.4615     13.153     13.261    31.5491     9.1050          0          0  0.000e+00
  1024.4338     13.182     13.290    31.5043     9.0581          0          0  0.000e+00
  1024.4128     13.200     13.308    31.4675     9.0083          0          0  0.000e+00
  1024.4788     13.211     13.320    31.5385     8.9401          0          0  0.000e+00
  1024.5613     13.211     13.320    31.6369     8.9036          0          0  0.000e+00
  1024.6517     13.204     13.312    31.7553     8.9182          0          0  0.000e+00
  1024.6096     13.187     13.295    31.7148     8.9856          0          0  0.000e+00
  1024.5522     13.169     13.277    31.6541     9.0498          0          0  0.000e+00
  1024.5612     13.157     13.265    31.6732     9.0879          0          0  0.000e+00
  1024.4995     13.159     13.267    31.6024     9.1291          0          0  0.000e+00
  1024.5067     13.185     13.293    31.6154     9.1487          0          0  0.000e+00
  1024.3826     13.240     13.349    31.4588     9.1614          0          0  0.000e+00
  1024.5192     13.327     13.436    31.6265     9.1280          0          0  0.000e+00
  1024.2773     13.443     13.554    31.3146     9.1190          0          0  0.000e+00
  1024.3246     13.583     13.695    31.3518     9.0045          0          0  0.000e+00
  1024.4392     13.751     13.864    31.4716     8.8730          0          0  0.000e+00
  1024.5218     13.941     14.055    31.5615     8.7975          0          0  0.000e+00
  1024.5666     14.145     14.261    31.6115     8.7668          0          0  0.000e+00
  1024.5992     14.360     14.478    31.6518     8.7659          0          0  0.000e+00
  1024.6052     14.571     14.691    31.6617     8.7836          0          0  0.000e+00
  1024.7428     14.780     14.902    31.8411     8.8089          0          0  0.000e+00
  1024.8083     14.964     15.087    31.9392     8.8881          0          0  0.000e+00
  1024.7287     15.117     15.241    31.8589     9.0020          0          0  0.000e+00
  1024.6162     15.237     15.362    31.7301     9.0814          0          0  0.000e+00
  1024.5574     15.325     15.451    31.6581     9.1006          0          0  0.000e+00
  1024.5711     15.383     15.510    31.6714     9.0805          0          0  0.000e+00
  1024.5793     15.416     15.543    31.6774     9.0592          0          0  0.000e+00
  1024.5973     15.425     15.551    31.6971     9.0425          0          0  0.000e+00
  1024.6115     15.417     15.544    31.7138     9.0352          0          0  0.000e+00
  1024.6269     15.391     15.517    31.7342     9.0383          0          0  0.000e+00
  1024.6276     15.354     15.480    31.7382     9.0523          0          0  0.000e+00
