data/eDNA/PER-2022-473/473A016.cnv
* Sea-Bird SBE19plus  Data File:
* FileName = C:\Users\RSG_field\Ryan_Perley2022473\CTD\473A016.hex
* Software version 2.3.0 SB_Terminal.dll
* Temperature SN = 7141
* Conductivity SN = 7141
* System UpLoad Time = Aug 10 2022 18:39:09
* <ApplicationData>
* <SeatermAF>
** Platform: M. Perley
** Cruise: Per2022473
** Station:  ESI_10
** Cast: 01
** Latitude: N  44 41.3158
** Longitude: W 62 40.9958
** Sounding: 29.7
** Chief Scientist: Ryan Stanley
** Comment: CastID 473A016 SampleIDs 493847-493852 Cast 34
# nquan = 8
# nvalues = 1977                                  
# units = specified
# name 0 = density00: Density [density, kg/m^3]
# name 1 = depSM: Depth [salt water, m], lat = 45.00
# name 2 = prdM: Pressure, Strain Gauge [db]
# name 3 = sal00: Salinity, Practical [PSU]
# name 4 = tv290C: Temperature [ITS-90, deg C]
# name 5 = bpos: Bottle Position in Carousel
# name 6 = nbf: Bottles Fired
# name 7 = flag:  0.000e+00
# span 0 =   999.1027,  1024.9655                 
# span 1 =     -0.081,     30.208                 
# span 2 =     -0.081,     30.457                 
# span 3 =     0.0894,    31.7850                 
# span 4 =     5.2399,    15.6030                 
# span 5 =          0,          6                 
# span 6 =          0,          2                 
# span 7 = 0.0000e+00, 0.0000e+00                 
# interval = seconds: 0.25
# start_time = Aug 10 2022 18:26:43 [Instrument's time stamp, header]
# bad_flag = -9.990e-29
*END*
[from data line 720]
  1024.8533     29.244     29.486    31.3807     5.8079          0          0  0.000e+00
  1024.8274     29.179     29.419    31.3493     5.8140          0          0  0.000e+00
  1024.8237     29.136     29.377    31.3442     5.8094          0          0  0.000e+00
  1024.8213     29.112     29.352    31.3392     5.7956          0          0  0.000e+00
  1024.8483     29.112     29.352    31.3705     5.7760          0          0  0.000e+00
  1024.8665     29.134     29.375    31.3926     5.7703          0          0  0.000e+00
  1024.8588     29.179     29.419    31.3836     5.7771          0          0  0.000e+00
  1024.8613     29.241     29.482    31.3871     5.7821          0          0  0.000e+00
  1024.8696     29.325     29.567    31.3980     5.7883          0          0  0.000e+00
  1024.8547     29.430     29.673    31.3803     5.8003          0          0  0.000e+00
  1024.8449     29.544     29.788    31.3681     5.8059          0          0  0.000e+00
  1024.7920     29.668     29.913    31.2999     5.8031          0          0  0.000e+00
  1024.7389     29.795     30.042    31.2270     5.7695          0          0  0.000e+00
  1024.7690     29.913     30.160    31.2530     5.6923          0          0  0.000e+00
  1024.8537     30.020     30.268    31.3486     5.6172          0          0  0.000e+00
  1024.8690     30.105     30.354    31.3622     5.5807          0          0  0.000e+00
  1024.8898     30.167     30.416    31.3848     5.5582          0          0  0.000e+00
  1024.9089     30.203     30.452    31.4069     5.5447          0          0  0.000e+00
  1024.9181     30.208     30.457    31.4184     5.5441          0          0  0.000e+00
  1024.9277     30.167     30.416    31.4317     5.5507          0          0  0.000e+00
  1024.9346     30.074     30.323    31.4430     5.5649          0          0  0.000e+00
  1024.9379     29.932     30.179    31.4512     5.5864          0          0  0.000e+00
  1024.9379     29.741     29.987    31.4565     5.6149          0          0  0.000e+00
  1024.9283     29.521     29.765    31.4507     5.6490          0          0  0.000e+00
  1024.9189     29.287     29.528    31.4452     5.6835          0          0  0.000e+00
  1024.8983     29.052     29.292    31.4256     5.7182          0          0  0.000e+00
  1024.8757     28.839     29.077    31.4022     5.7454          0          0  0.000e+00
  1024.8646     28.662     28.899    31.3920     5.7635          0          0  0.000e+00
  1024.8563     28.532     28.767    31.3838     5.7742          0          0  0.000e+00
  1024.8503     28.452     28.687    31.3776     5.7802          0          0  0.000e+00
  1024.8494     28.435     28.670    31.3770     5.7838          0          0  0.000e+00
  1024.8484     28.468     28.703    31.3760     5.7866          0          0  0.000e+00
  1024.8636     28.536     28.772    31.3954     5.7899          0          0  0.000e+00
  1024.8769     28.653     28.889    31.4135     5.8034          0          0  0.000e+00
  1024.8359     28.808     29.045    31.3643     5.8276          0          0  0.000e+00
  1024.8389     28.980     29.220    31.3679     5.8333          0          0  0.000e+00
  1024.8190     29.167     29.408    31.3413     5.8319          0          0  0.000e+00
  1024.8642     29.363     29.605    31.3963     5.8238          0          0  0.000e+00
  1024.8298     29.555     29.799    31.3535     5.8361          0          0  0.000e+00
  1024.8601     29.721     29.967    31.3910     5.8381          0          0  0.000e+00
  1024.8486     29.839     30.085    31.3778     5.8512          0          0  0.000e+00
  1024.8450     29.899     30.146    31.3747     5.8638          0          0  0.000e+00
  1024.8419     29.917     30.164    31.3722     5.8734          0          0  0.000e+00
  1024.8327     29.895     30.142    31.3619     5.8824          0          0  0.000e+00
  1024.8274     29.846     30.093    31.3561     5.8866          0          0  0.000e+00
  1024.8283     29.780     30.026    31.3578     5.8874          0          0  0.000e+00
  1024.8322     29.698     29.943    31.3634     5.8886          0          0  0.000e+00
  1024.8339     29.612     29.857    31.3668     5.8931          0          0  0.000e+00
  1024.8295     29.528     29.772    31.3628     5.9006          0          0  0.000e+00
  1024.8249     29.441     29.685    31.3585     5.9067          0          0  0.000e+00
  1024.8216     29.355     29.597    31.3553     5.9109          0          0  0.000e+00
  1024.8186     29.259     29.501    31.3525     5.9135          0          0  0.000e+00
  1024.8170     29.150     29.391    31.3514     5.9145          0          0  0.000e+00
  1024.8136     29.029     29.269    31.3478     5.9149          0          0  0.000e+00
  1024.8137     28.898     29.136    31.3484     5.9131          0          0  0.000e+00
  1024.8171     28.761     28.998    31.3532     5.9111          0          0  0.000e+00
  1024.8176     28.627     28.864    31.3546     5.9113          0          0  0.000e+00
  1024.8166     28.514     28.749    31.3543     5.9122          0          0  0.000e+00
  1024.8143     28.425     28.659    31.3520     5.9131          0          0  0.000e+00
  1024.8127     28.376     28.610    31.3503     5.9133          0          0  0.000e+00
  1024.8202     28.372     28.606    31.3598     5.9133          0          0  0.000e+00
  1024.8319     28.421     28.655    31.3753     5.9200          0          0  0.000e+00
  1024.8189     28.519     28.755    31.3609     5.9374          0          0  0.000e+00
  1024.8107     28.659     28.896    31.3520     5.9523          0          0  0.000e+00
  1024.8004     28.828     29.066    31.3394     5.9621          0          0  0.000e+00
  1024.7873     29.023     29.262    31.3220     5.9651          0          0  0.000e+00
  1024.7984     29.228     29.470    31.3340     5.9588          0          0  0.000e+00
  1024.7992     29.436     29.679    31.3330     5.9538          0          0  0.000e+00
  1024.8001     29.631     29.876    31.3322     5.9485          0          0  0.000e+00
  1024.7731     29.781     30.027    31.2958     5.9399          0          0  0.000e+00
  1024.7951     29.863     30.110    31.3195     5.9159          0          0  0.000e+00
  1024.8126     29.878     30.125    31.3385     5.8951          0          0  0.000e+00
  1024.8304     29.825     30.071    31.3598     5.8844          0          0  0.000e+00
  1024.8348     29.726     29.971    31.3661     5.8854          0          0  0.000e+00
  1024.8279     29.598     29.843    31.3590     5.8916          0          0  0.000e+00
  1024.8324     29.450     29.693    31.3661     5.8951          0          0  0.000e+00
  1024.8310     29.289     29.531    31.3664     5.9022          0          0  0.000e+00
  1024.8272     29.122     29.363    31.3640     5.9115          0          0  0.000e+00
  1024.8229     28.960     29.199    31.3609     5.9208          0          0  0.000e+00
  1024.8173     28.805     29.043    31.3560     5.9290          0          0  0.000e+00
  1024.8130     28.662     28.899    31.3524     5.9359          0          0  0.000e+00
  1024.8087     28.535     28.771    31.3485     5.9412          0          0  0.000e+00
  1024.8049     28.426     28.661    31.3449     5.9451          0          0  0.000e+00
  1024.8046     28.345     28.579    31.3453     5.9475          0          0  0.000e+00
  1024.8033     28.290     28.524    31.3444     5.9501          0          0  0.000e+00
  1024.8027     28.274     28.508    31.3442     5.9527          0          0  0.000e+00
  1024.8034     28.293     28.527    31.3454     5.9554          0          0  0.000e+00
  1024.8052     28.356     28.590    31.3479     5.9594          0          0  0.000e+00
  1024.8045     28.457     28.692    31.3473     5.9655          0          0  0.000e+00
  1024.8095     28.590     28.826    31.3541     5.9738          0          0  0.000e+00
  1024.8144     28.752     28.990    31.3614     5.9875          0          0  0.000e+00
  1024.7776     28.929     29.168    31.3164     6.0052          0          0  0.000e+00
  1024.7699     29.118     29.359    31.3051     6.0020          0          0  0.000e+00
  1024.7819     29.302     29.543    31.3168     5.9858          0          0  0.000e+00
  1024.7916     29.461     29.704    31.3261     5.9732          0          0  0.000e+00
  1024.7956     29.575     29.819    31.3293     5.9649          0          0  0.000e+00
  1024.8004     29.642     29.887    31.3339     5.9578          0          0  0.000e+00
  1024.8063     29.657     29.902    31.3405     5.9525          0          0  0.000e+00
  1024.8102     29.623     29.867    31.3453     5.9505          0          0  0.000e+00
  1024.8127     29.550     29.794    31.3490     5.9513          0          0  0.000e+00
  1024.8108     29.446     29.689    31.3477     5.9543          0          0  0.000e+00
  1024.8132     29.313     29.555    31.3520     5.9574          0          0  0.000e+00
  1024.8118     29.165     29.406    31.3520     5.9632          0          0  0.000e+00
  1024.8067     29.004     29.243    31.3476     5.9704          0          0  0.000e+00
  1024.8050     28.845     29.083    31.3473     5.9762          0          0  0.000e+00
  1024.8043     28.689     28.926    31.3483     5.9829          0          0  0.000e+00
  1024.7968     28.547     28.782    31.3408     5.9913          0          0  0.000e+00
  1024.7934     28.429     28.664    31.3382     5.9972          0          0  0.000e+00
  1024.7961     28.336     28.570    31.3429     6.0020          0          0  0.000e+00
  1024.7928     28.275     28.509    31.3403     6.0105          0          0  0.000e+00
  1024.7927     28.254     28.487    31.3419     6.0210          0          0  0.000e+00
  1024.7845     28.268     28.501    31.3334     6.0333          0          0  0.000e+00
  1024.7761     28.322     28.556    31.3239     6.0434          0          0  0.000e+00
  1024.7760     28.408     28.642    31.3242     6.0496          0          0  0.000e+00
  1024.7888     28.529     28.764    31.3410     6.0575          0          0  0.000e+00
  1024.7849     28.676     28.913    31.3379     6.0759          0          0  0.000e+00
  1024.7332     28.835     29.073    31.2744     6.0951          0          0  0.000e+00
  1024.7122     29.005     29.244    31.2447     6.0815          0          0  0.000e+00
  1024.7501     29.172     29.413    31.2855     6.0402          0          0  0.000e+00
  1024.7727     29.321     29.563    31.3090     6.0128          0          0  0.000e+00
  1024.7845     29.440     29.684    31.3211     5.9986          0          0  0.000e+00
  1024.7889     29.519     29.763    31.3251     5.9916          0          0  0.000e+00
  1024.7583     29.556     29.800    31.2852     5.9856          0          0  0.000e+00
  1024.7729     29.552     29.796    31.3001     5.9608          0          0  0.000e+00
  1024.8017     29.513     29.756    31.3331     5.9367          0          0  0.000e+00
  1024.8346     29.443     29.686    31.3746     5.9320          0          0  0.000e+00
  1024.8287     29.344     29.586    31.3700     5.9476          0          0  0.000e+00
  1024.8216     29.227     29.469    31.3646     5.9671          0          0  0.000e+00
  1024.8092     29.099     29.339    31.3526     5.9866          0          0  0.000e+00
  1024.8014     28.962     29.201    31.3460     6.0022          0          0  0.000e+00
  1024.7929     28.827     29.065    31.3379     6.0151          0          0  0.000e+00
  1024.7885     28.701     28.937    31.3346     6.0248          0          0  0.000e+00
  1024.7829     28.588     28.824    31.3294     6.0332          0          0  0.000e+00
  1024.7740     28.496     28.731    31.3195     6.0387          0          0  0.000e+00
  1024.7679     28.430     28.665    31.3123     6.0400          0          0  0.000e+00
  1024.7627     28.394     28.629    31.3055     6.0370          0          0  0.000e+00
  1024.7727     28.390     28.624    31.3171     6.0298          0          0  0.000e+00
  1024.7800     28.416     28.651    31.3259     6.0275          0          0  0.000e+00
  1024.7799     28.464     28.699    31.3261     6.0316          0          0  0.000e+00
  1024.7897     28.533     28.769    31.3390     6.0379          0          0  0.000e+00
  1024.8021     28.614     28.850    31.3567     6.0539          0          0  0.000e+00
  1024.7356     28.705     28.942    31.2761     6.0813          0          0  0.000e+00
  1024.7251     28.801     29.039    31.2605     6.0704          0          0  0.000e+00
  1024.7474     28.900     29.138    31.2837     6.0406          0          0  0.000e+00
  1024.7509     29.001     29.240    31.2840     6.0169          0          0  0.000e+00
  1024.7566     29.103     29.344    31.2867     5.9917          0          0  0.000e+00
  1024.8001     29.211     29.453    31.3378     5.9689          0          0  0.000e+00
  1024.8205     29.319     29.561    31.3635     5.9720          0          0  0.000e+00
  1024.7417     29.422     29.665    31.2655     5.9887          0          0  0.000e+00
  1024.7178     29.520     29.764    31.2301     5.9583          0          0  0.000e+00
  1024.7775     29.604     29.848    31.2960     5.8976          0          0  0.000e+00
  1024.8317     29.664     29.909    31.3590     5.8623          0          0  0.000e+00
  1024.8548     29.679     29.924    31.3882     5.8619          0          0  0.000e+00
  1024.8478     29.643     29.888    31.3823     5.8805          0          0  0.000e+00
  1024.8251     29.546     29.790    31.3570     5.8997          0          0  0.000e+00
  1024.8251     29.400     29.643    31.3592     5.9084          0          0  0.000e+00
  1024.8358     29.205     29.446    31.3754     5.9187          0          0  0.000e+00
  1024.8233     28.978     29.218    31.3639     5.9385          0          0  0.000e+00
  1024.8107     28.749     28.987    31.3521     5.9568          0          0  0.000e+00
  1024.8009     28.526     28.761    31.3429     5.9693          0          0  0.000e+00
  1024.7962     28.328     28.562    31.3394     5.9775          0          0  0.000e+00
  1024.7915     28.171     28.403    31.3352     5.9835          0          0  0.000e+00
  1024.7880     28.062     28.294    31.3321     5.9877          0          0  0.000e+00
  1024.7903     28.006     28.237    31.3357     5.9899          0          0  0.000e+00
  1024.7896     28.010     28.242    31.3352     5.9933          0          0  0.000e+00
  1024.7981     28.062     28.294    31.3462     5.9970          0          0  0.000e+00
  1024.7884     28.160     28.392    31.3348     6.0060          0          0  0.000e+00
  1024.7779     28.285     28.518    31.3216     6.0117          0          0  0.000e+00
  1024.7770     28.442     28.677    31.3191     6.0085          0          0  0.000e+00
  1024.7818     28.624     28.861    31.3231     6.0024          0          0  0.000e+00
  1024.7880     28.817     29.055    31.3291     5.9975          0          0  0.000e+00
  1024.7888     29.011     29.251    31.3286     5.9953          0          0  0.000e+00
  1024.7918     29.191     29.432    31.3309     5.9925          0          0  0.000e+00
  1024.7913     29.343     29.585    31.3290     5.9904          0          0  0.000e+00
  1024.7948     29.461     29.704    31.3323     5.9868          0          0  0.000e+00
  1024.7979     29.543     29.787    31.3354     5.9844          0          0  0.000e+00
  1024.7898     29.602     29.846    31.3245     5.9829          0          0  0.000e+00
  1024.7923     29.637     29.881    31.3263     5.9753          0          0  0.000e+00
