data/eDNA/PER-2022-473/473A014.cnv
* Sea-Bird SBE19plus  Data File:
* FileName = C:\Users\RSG_field\Ryan_Perley2022473\CTD\473A014.hex
* Software version 2.3.0 SB_Terminal.dll
* Temperature SN = 7141
* Conductivity SN = 7141
* System UpLoad Time = Aug 10 2022 17:21:04
* <ApplicationData>
* <SeatermAF>
** Platform: M. Perley
** Cruise: Per2022473
** Station:  ESI_12
** Cast: 01
** Latitude: N  44 35.2670
** Longitude: W 62 35.8511
** Sounding: 116
** Chief Scientist: Ryan Stanley
** Comment: CastID 473A014 SampleIDs 493834-493840 (blank included)
** Cast 32
# nquan = 8
# nvalues = 3774                                  
# units = specified
# name 0 = density00: Density [density, kg/m^3]
# name 1 = depSM: Depth [salt water, m], lat = 45.00
# name 2 = prdM: Pressure, Strain Gauge [db]
# name 3 = sal00: Salinity, Practical [PSU]
# name 4 = tv290C: Temperature [ITS-90, deg C]
# name 5 = bpos: Bottle Position in Carousel
# name 6 = nbf: Bottles Fired
# name 7 = flag:  0.000e+00
# span 0 =   998.5543,  1026.4042                 
# span 1 =     -0.070,     93.518                 
# span 2 =     -0.071,     94.305                 
# span 3 =     0.0934,    32.9740                 
# span 4 =     3.7260,    19.1996                 
# span 5 =          0,          6                 
# span 6 =          0,          2                 
# span 7 = 0.0000e+00, 0.0000e+00                 
# interval = seconds: 0.25
# start_time = Aug 10 2022 17:00:49 [Instrument's time stamp, header]
# bad_flag = -9.990e-29
*END*
[from data line 720]
  1025.6702     30.671     30.924    32.1269     3.7477          0          0  0.000e+00
  1025.6717     30.746     31.000    32.1282     3.7467          0          0  0.000e+00
  1025.6727     30.820     31.075    32.1289     3.7459          0          0  0.000e+00
  1025.6745     30.888     31.143    32.1309     3.7463          0          0  0.000e+00
  1025.6735     30.951     31.206    32.1295     3.7476          0          0  0.000e+00
  1025.6724     31.008     31.264    32.1279     3.7488          0          0  0.000e+00
  1025.6714     31.057     31.313    32.1264     3.7493          0          0  0.000e+00
  1025.6714     31.098     31.355    32.1261     3.7492          0          0  0.000e+00
  1025.6724     31.137     31.394    32.1271     3.7486          0          0  0.000e+00
  1025.6759     31.170     31.428    32.1313     3.7487          0          0  0.000e+00
  1025.6745     31.203     31.461    32.1295     3.7507          0          0  0.000e+00
  1025.6748     31.239     31.497    32.1300     3.7528          0          0  0.000e+00
  1025.6670     31.288     31.546    32.1200     3.7541          0          0  0.000e+00
  1025.6685     31.350     31.609    32.1213     3.7519          0          0  0.000e+00
  1025.6679     31.431     31.690    32.1198     3.7494          0          0  0.000e+00
  1025.6651     31.527     31.788    32.1153     3.7468          0          0  0.000e+00
  1025.6673     31.648     31.910    32.1169     3.7419          0          0  0.000e+00
  1025.6724     31.784     32.046    32.1219     3.7370          0          0  0.000e+00
  1025.6822     31.942     32.206    32.1328     3.7336          0          0  0.000e+00
  1025.6893     32.111     32.377    32.1409     3.7344          0          0  0.000e+00
  1025.6914     32.294     32.561    32.1428     3.7380          0          0  0.000e+00
  1025.6901     32.482     32.751    32.1406     3.7420          0          0  0.000e+00
  1025.6903     32.677     32.947    32.1400     3.7446          0          0  0.000e+00
  1025.6943     32.878     33.149    32.1440     3.7465          0          0  0.000e+00
  1025.6964     33.072     33.345    32.1457     3.7485          0          0  0.000e+00
  1025.6971     33.258     33.533    32.1458     3.7504          0          0  0.000e+00
  1025.6988     33.423     33.699    32.1470     3.7519          0          0  0.000e+00
  1025.7012     33.550     33.827    32.1495     3.7530          0          0  0.000e+00
  1025.7018     33.637     33.915    32.1499     3.7541          0          0  0.000e+00
  1025.7041     33.678     33.956    32.1527     3.7554          0          0  0.000e+00
  1025.7072     33.681     33.960    32.1569     3.7583          0          0  0.000e+00
  1025.7019     33.630     33.908    32.1511     3.7626          0          0  0.000e+00
  1025.7013     33.550     33.827    32.1512     3.7662          0          0  0.000e+00
  1025.6990     33.437     33.714    32.1494     3.7696          0          0  0.000e+00
  1025.7007     33.311     33.587    32.1527     3.7731          0          0  0.000e+00
  1025.6930     33.178     33.452    32.1445     3.7783          0          0  0.000e+00
  1025.6940     33.058     33.331    32.1468     3.7816          0          0  0.000e+00
  1025.6859     32.960     33.233    32.1375     3.7851          0          0  0.000e+00
  1025.6787     32.902     33.174    32.1289     3.7857          0          0  0.000e+00
  1025.6756     32.883     33.155    32.1248     3.7827          0          0  0.000e+00
  1025.6769     32.913     33.185    32.1256     3.7774          0          0  0.000e+00
  1025.6795     32.990     33.263    32.1277     3.7708          0          0  0.000e+00
  1025.6856     33.112     33.386    32.1339     3.7647          0          0  0.000e+00
  1025.6879     33.269     33.544    32.1353     3.7608          0          0  0.000e+00
  1025.6903     33.459     33.735    32.1369     3.7584          0          0  0.000e+00
  1025.6944     33.677     33.955    32.1406     3.7564          0          0  0.000e+00
  1025.6965     33.908     34.188    32.1418     3.7557          0          0  0.000e+00
  1025.7014     34.149     34.431    32.1465     3.7557          0          0  0.000e+00
  1025.7040     34.381     34.665    32.1485     3.7568          0          0  0.000e+00
  1025.7076     34.618     34.905    32.1518     3.7582          0          0  0.000e+00
  1025.7159     34.863     35.152    32.1610     3.7596          0          0  0.000e+00
  1025.7179     35.119     35.409    32.1622     3.7616          0          0  0.000e+00
  1025.7216     35.382     35.674    32.1655     3.7631          0          0  0.000e+00
  1025.7248     35.626     35.921    32.1683     3.7649          0          0  0.000e+00
  1025.7252     35.810     36.106    32.1679     3.7668          0          0  0.000e+00
  1025.7266     35.920     36.217    32.1692     3.7678          0          0  0.000e+00
  1025.7307     35.964     36.261    32.1741     3.7685          0          0  0.000e+00
  1025.7292     35.957     36.255    32.1726     3.7714          0          0  0.000e+00
  1025.7270     35.920     36.217    32.1704     3.7746          0          0  0.000e+00
  1025.7270     35.853     36.150    32.1712     3.7773          0          0  0.000e+00
  1025.7258     35.743     36.039    32.1707     3.7804          0          0  0.000e+00
  1025.7214     35.594     35.888    32.1664     3.7839          0          0  0.000e+00
  1025.7169     35.420     35.713    32.1621     3.7869          0          0  0.000e+00
  1025.7121     35.242     35.533    32.1575     3.7894          0          0  0.000e+00
  1025.7051     35.078     35.369    32.1499     3.7910          0          0  0.000e+00
  1025.6981     34.954     35.243    32.1418     3.7903          0          0  0.000e+00
  1025.6937     34.882     35.171    32.1362     3.7870          0          0  0.000e+00
  1025.6921     34.862     35.150    32.1337     3.7819          0          0  0.000e+00
  1025.6940     34.913     35.202    32.1351     3.7763          0          0  0.000e+00
  1025.7050     35.021     35.311    32.1476     3.7709          0          0  0.000e+00
  1025.7130     35.192     35.483    32.1564     3.7682          0          0  0.000e+00
  1025.7171     35.395     35.688    32.1603     3.7678          0          0  0.000e+00
  1025.7192     35.590     35.885    32.1619     3.7684          0          0  0.000e+00
  1025.7208     35.810     36.106    32.1626     3.7687          0          0  0.000e+00
  1025.7244     36.012     36.310    32.1659     3.7685          0          0  0.000e+00
  1025.7222     36.208     36.508    32.1621     3.7693          0          0  0.000e+00
  1025.7186     36.407     36.708    32.1563     3.7697          0          0  0.000e+00
  1025.7315     36.620     36.923    32.1713     3.7694          0          0  0.000e+00
  1025.7347     36.864     37.169    32.1741     3.7715          0          0  0.000e+00
  1025.7826     37.144     37.452    32.2335     3.7775          0          0  0.000e+00
  1025.7998     37.442     37.752    32.2559     3.7994          0          0  0.000e+00
  1025.7829     37.685     37.997    32.2366     3.8277          0          0  0.000e+00
  1025.7683     37.822     38.135    32.2199     3.8472          0          0  0.000e+00
  1025.7561     37.839     38.152    32.2058     3.8581          0          0  0.000e+00
  1025.7474     37.793     38.106    32.1957     3.8636          0          0  0.000e+00
  1025.7481     37.734     38.046    32.1971     3.8648          0          0  0.000e+00
  1025.7436     37.685     37.997    32.1919     3.8665          0          0  0.000e+00
  1025.7295     37.644     37.955    32.1746     3.8674          0          0  0.000e+00
  1025.7137     37.595     37.906    32.1544     3.8625          0          0  0.000e+00
  1025.7063     37.531     37.842    32.1440     3.8513          0          0  0.000e+00
  1025.7221     37.465     37.775    32.1628     3.8383          0          0  0.000e+00
  1025.7335     37.405     37.715    32.1766     3.8317          0          0  0.000e+00
  1025.7285     37.364     37.673    32.1705     3.8310          0          0  0.000e+00
  1025.7209     37.345     37.654    32.1609     3.8295          0          0  0.000e+00
  1025.7454     37.351     37.660    32.1912     3.8255          0          0  0.000e+00
  1025.7681     37.403     37.713    32.2197     3.8284          0          0  0.000e+00
  1025.7646     37.492     37.802    32.2163     3.8402          0          0  0.000e+00
  1025.7592     37.612     37.923    32.2100     3.8506          0          0  0.000e+00
  1025.7572     37.767     38.079    32.2075     3.8577          0          0  0.000e+00
  1025.7548     37.947     38.261    32.2040     3.8628          0          0  0.000e+00
  1025.7512     38.154     38.469    32.1986     3.8658          0          0  0.000e+00
  1025.7517     38.375     38.693    32.1980     3.8663          0          0  0.000e+00
  1025.7641     38.607     38.927    32.2122     3.8659          0          0  0.000e+00
  1025.7748     38.839     39.161    32.2247     3.8691          0          0  0.000e+00
  1025.7741     39.070     39.393    32.2233     3.8764          0          0  0.000e+00
  1025.7702     39.277     39.603    32.2179     3.8831          0          0  0.000e+00
  1025.7677     39.429     39.755    32.2144     3.8870          0          0  0.000e+00
  1025.7668     39.514     39.841    32.2130     3.8888          0          0  0.000e+00
  1025.7705     39.531     39.858    32.2177     3.8900          0          0  0.000e+00
  1025.7678     39.491     39.818    32.2148     3.8927          0          0  0.000e+00
  1025.7684     39.419     39.746    32.2163     3.8951          0          0  0.000e+00
  1025.7670     39.332     39.658    32.2154     3.8982          0          0  0.000e+00
  1025.7618     39.241     39.566    32.2097     3.9010          0          0  0.000e+00
  1025.7600     39.167     39.491    32.2081     3.9020          0          0  0.000e+00
  1025.7565     39.124     39.448    32.2039     3.9021          0          0  0.000e+00
  1025.7532     39.123     39.446    32.1997     3.9013          0          0  0.000e+00
  1025.7517     39.168     39.492    32.1972     3.8987          0          0  0.000e+00
  1025.7560     39.259     39.584    32.2017     3.8948          0          0  0.000e+00
  1025.7611     39.385     39.712    32.2069     3.8919          0          0  0.000e+00
  1025.7619     39.535     39.862    32.2069     3.8907          0          0  0.000e+00
  1025.7622     39.715     40.044    32.2062     3.8897          0          0  0.000e+00
  1025.7480     39.906     40.236    32.1869     3.8875          0          0  0.000e+00
  1025.7507     40.109     40.442    32.1879     3.8781          0          0  0.000e+00
  1025.7713     40.306     40.639    32.2114     3.8675          0          0  0.000e+00
  1025.7810     40.487     40.822    32.2221     3.8651          0          0  0.000e+00
  1025.7916     40.637     40.974    32.2350     3.8688          0          0  0.000e+00
  1025.7931     40.750     41.087    32.2372     3.8767          0          0  0.000e+00
  1025.7874     40.830     41.169    32.2307     3.8858          0          0  0.000e+00
  1025.7841     40.890     41.228    32.2270     3.8923          0          0  0.000e+00
  1025.7822     40.924     41.263    32.2250     3.8972          0          0  0.000e+00
  1025.7781     40.949     41.288    32.2201     3.9006          0          0  0.000e+00
  1025.7771     40.956     41.296    32.2190     3.9025          0          0  0.000e+00
  1025.7771     40.952     41.291    32.2193     3.9036          0          0  0.000e+00
  1025.7737     40.948     41.287    32.2152     3.9052          0          0  0.000e+00
  1025.7726     40.947     41.286    32.2138     3.9055          0          0  0.000e+00
  1025.7741     40.959     41.298    32.2155     3.9048          0          0  0.000e+00
  1025.7774     40.984     41.324    32.2195     3.9047          0          0  0.000e+00
  1025.7778     41.034     41.374    32.2199     3.9055          0          0  0.000e+00
  1025.7734     41.108     41.449    32.2140     3.9065          0          0  0.000e+00
  1025.7743     41.197     41.538    32.2144     3.9056          0          0  0.000e+00
  1025.7765     41.306     41.648    32.2164     3.9042          0          0  0.000e+00
  1025.7711     41.431     41.775    32.2087     3.9029          0          0  0.000e+00
  1025.7713     41.574     41.919    32.2076     3.8987          0          0  0.000e+00
  1025.7713     41.726     42.072    32.2060     3.8935          0          0  0.000e+00
  1025.7805     41.884     42.231    32.2161     3.8878          0          0  0.000e+00
  1025.7859     42.037     42.385    32.2216     3.8852          0          0  0.000e+00
  1025.7848     42.173     42.523    32.2194     3.8852          0          0  0.000e+00
  1025.7761     42.292     42.643    32.2077     3.8841          0          0  0.000e+00
  1025.7712     42.391     42.742    32.2003     3.8792          0          0  0.000e+00
  1025.7718     42.472     42.824    32.1995     3.8710          0          0  0.000e+00
  1025.7762     42.535     42.887    32.2035     3.8616          0          0  0.000e+00
  1025.7848     42.590     42.943    32.2132     3.8543          0          0  0.000e+00
  1025.7909     42.637     42.990    32.2202     3.8511          0          0  0.000e+00
  1025.7990     42.680     43.034    32.2302     3.8512          0          0  0.000e+00
  1025.7982     42.724     43.078    32.2294     3.8556          0          0  0.000e+00
  1025.7946     42.765     43.119    32.2252     3.8605          0          0  0.000e+00
  1025.7897     42.812     43.166    32.2192     3.8638          0          0  0.000e+00
  1025.7890     42.865     43.220    32.2181     3.8647          0          0  0.000e+00
  1025.7856     42.921     43.277    32.2134     3.8641          0          0  0.000e+00
  1025.7775     42.988     43.344    32.2025     3.8619          0          0  0.000e+00
  1025.7697     43.062     43.419    32.1914     3.8553          0          0  0.000e+00
  1025.7793     43.138     43.496    32.2017     3.8441          0          0  0.000e+00
  1025.7854     43.225     43.583    32.2079     3.8362          0          0  0.000e+00
  1025.7920     43.317     43.676    32.2151     3.8314          0          0  0.000e+00
  1025.7889     43.420     43.780    32.2104     3.8294          0          0  0.000e+00
  1025.7897     43.535     43.895    32.2104     3.8267          0          0  0.000e+00
  1025.7976     43.651     44.013    32.2193     3.8240          0          0  0.000e+00
  1025.7997     43.772     44.135    32.2213     3.8240          0          0  0.000e+00
  1025.8010     43.899     44.263    32.2223     3.8255          0          0  0.000e+00
  1025.7987     44.016     44.381    32.2188     3.8270          0          0  0.000e+00
  1025.8021     44.133     44.499    32.2226     3.8276          0          0  0.000e+00
  1025.8117     44.243     44.610    32.2341     3.8294          0          0  0.000e+00
  1025.8083     44.339     44.707    32.2301     3.8353          0          0  0.000e+00
  1025.8049     44.425     44.793    32.2258     3.8401          0          0  0.000e+00
  1025.8105     44.492     44.861    32.2329     3.8431          0          0  0.000e+00
  1025.8163     44.544     44.913    32.2405     3.8483          0          0  0.000e+00
  1025.8106     44.585     44.955    32.2339     3.8558          0          0  0.000e+00
  1025.8073     44.617     44.987    32.2303     3.8613          0          0  0.000e+00
