data/eDNA/PER-2022-473/473A003.cnv
* Sea-Bird SBE19plus  Data File:
* FileName = C:\Users\RSG_field\Ryan_Perley2022473\CTD\473A003.hex
* Software version 2.3.0 SB_Terminal.dll
* Temperature SN = 7141
* Conductivity SN = 7141
* System UpLoad Time = Aug 08 2022 13:28:01
* <ApplicationData>
* <SeatermAF>
** Platform: M. Perley
** Cruise: Per2022473
** Station:  ESI-02
** Cast: 01
** Latitude: N  44 48.1630
** Longitude: W -62 08.6192
** Sounding: 69.2
** Chief Scientist: Ryan Stanley
** Comment: cast 22
# nquan = 8
# nvalues = 3009                                  
# units = specified
# name 0 = density00: Density [density, kg/m^3]
# name 1 = depSM: Depth [salt water, m], lat = 45.00
# name 2 = prdM: Pressure, Strain Gauge [db]
# name 3 = sal00: Salinity, Practical [PSU]
# name 4 = tv290C: Temperature [ITS-90, deg C]
# name 5 = bpos: Bottle Position in Carousel
# name 6 = nbf: Bottles Fired
# name 7 = flag:  0.000e+00
# span 0 =   999.1782,  1025.3495                 
# span 1 =     -0.094,     51.263                 
# span 2 =     -0.094,     51.689                 
# span 3 =     0.0147,    31.6098                 
# span 4 =     3.7690,    14.5559                 
# span 5 =          0,          6                 
# span 6 =          0,          2                 
# span 7 = 0.0000e+00, 0.0000e+00                 
# interval = seconds: 0.25
# start_time = Aug 08 2022 11:46:04 [Instrument's time stamp, header]
# bad_flag = -9.990e-29
*END*
[from data line 1618]
  1025.3346     50.049     50.465    31.5963     3.8015          6          2  0.000e+00
  1025.3335     49.903     50.317    31.5957     3.8010          6          2  0.000e+00
  1025.3331     49.779     50.192    31.5958     3.8002          6          2  0.000e+00
  1025.3331     49.682     50.095    31.5963     3.7995          6          2  0.000e+00
  1025.3328     49.629     50.042    31.5962     3.7990          6          2  0.000e+00
  1025.3325     49.619     50.031    31.5958     3.7985          6          2  0.000e+00
  1025.3326     49.655     50.067    31.5956     3.7977          6          2  0.000e+00
  1025.3341     49.726     50.139    31.5970     3.7968          6          2  0.000e+00
  1025.3336     49.831     50.245    31.5957     3.7964          6          2  0.000e+00
  1025.3328     49.947     50.362    31.5939     3.7957          6          2  0.000e+00
  1025.3342     50.076     50.492    31.5947     3.7943          6          2  0.000e+00
  1025.3374     50.201     50.618    31.5980     3.7934          6          2  0.000e+00
  1025.3390     50.308     50.726    31.5993     3.7936          6          2  0.000e+00
  1025.3377     50.393     50.811    31.5972     3.7943          6          2  0.000e+00
  1025.3398     50.455     50.875    31.5995     3.7945          6          2  0.000e+00
  1025.3388     50.491     50.911    31.5981     3.7952          6          2  0.000e+00
  1025.3378     50.501     50.920    31.5969     3.7957          6          2  0.000e+00
  1025.3376     50.484     50.903    31.5967     3.7955          6          2  0.000e+00
  1025.3374     50.450     50.869    31.5966     3.7953          6          2  0.000e+00
  1025.3385     50.401     50.820    31.5983     3.7952          6          2  0.000e+00
  1025.3387     50.346     50.764    31.5990     3.7959          6          2  0.000e+00
  1025.3375     50.290     50.708    31.5979     3.7969          6          2  0.000e+00
  1025.3361     50.244     50.662    31.5965     3.7975          6          2  0.000e+00
  1025.3360     50.205     50.622    31.5965     3.7975          6          2  0.000e+00
  1025.3351     50.178     50.594    31.5956     3.7975          6          2  0.000e+00
  1025.3350     50.164     50.581    31.5955     3.7971          6          2  0.000e+00
  1025.3351     50.157     50.574    31.5957     3.7965          6          2  0.000e+00
  1025.3349     50.155     50.572    31.5954     3.7961          6          2  0.000e+00
  1025.3339     50.160     50.576    31.5940     3.7957          6          2  0.000e+00
  1025.3339     50.164     50.581    31.5938     3.7947          6          2  0.000e+00
  1025.3329     50.161     50.577    31.5925     3.7934          6          2  0.000e+00
  1025.3353     50.153     50.570    31.5953     3.7920          6          2  0.000e+00
  1025.3364     50.138     50.555    31.5967     3.7915          6          2  0.000e+00
  1025.3363     50.119     50.536    31.5967     3.7917          6          2  0.000e+00
  1025.3374     50.092     50.508    31.5984     3.7921          6          2  0.000e+00
  1025.3366     50.057     50.473    31.5977     3.7929          6          2  0.000e+00
  1025.3360     50.020     50.435    31.5973     3.7937          6          2  0.000e+00
  1025.3362     49.982     50.397    31.5978     3.7942          6          2  0.000e+00
  1025.3362     49.945     50.360    31.5981     3.7948          6          2  0.000e+00
  1025.3361     49.915     50.329    31.5982     3.7956          6          2  0.000e+00
  1025.3337     49.901     50.315    31.5954     3.7965          6          2  0.000e+00
  1025.3339     49.911     50.325    31.5956     3.7965          6          2  0.000e+00
  1025.3331     49.909     50.324    31.5946     3.7962          6          2  0.000e+00
  1025.3335     49.871     50.286    31.5952     3.7953          6          2  0.000e+00
  1025.3353     49.827     50.241    31.5976     3.7946          6          2  0.000e+00
  1025.3348     49.796     50.210    31.5973     3.7950          6          2  0.000e+00
  1025.3345     49.791     50.204    31.5969     3.7954          6          2  0.000e+00
  1025.3339     49.780     50.194    31.5963     3.7956          6          2  0.000e+00
  1025.3326     49.780     50.194    31.5946     3.7955          6          2  0.000e+00
  1025.3333     49.767     50.181    31.5954     3.7949          6          2  0.000e+00
  1025.3337     49.738     50.151    31.5961     3.7942          6          2  0.000e+00
  1025.3342     49.689     50.102    31.5970     3.7938          6          2  0.000e+00
  1025.3344     49.613     50.025    31.5977     3.7940          6          2  0.000e+00
  1025.3349     49.508     49.919    31.5990     3.7945          6          2  0.000e+00
  1025.3341     49.372     49.782    31.5989     3.7956          6          2  0.000e+00
  1025.3328     49.206     49.614    31.5984     3.7967          6          2  0.000e+00
  1025.3316     49.015     49.422    31.5981     3.7978          6          2  0.000e+00
  1025.3290     48.801     49.206    31.5963     3.7987          6          2  0.000e+00
  1025.3265     48.579     48.982    31.5945     3.7988          6          2  0.000e+00
  1025.3250     48.351     48.753    31.5938     3.7982          6          2  0.000e+00
  1025.3238     48.130     48.529    31.5936     3.7973          6          2  0.000e+00
  1025.3225     47.923     48.321    31.5930     3.7961          6          2  0.000e+00
  1025.3220     47.736     48.133    31.5933     3.7947          6          2  0.000e+00
  1025.3217     47.573     47.968    31.5938     3.7936          6          2  0.000e+00
  1025.3212     47.435     47.829    31.5939     3.7926          6          2  0.000e+00
  1025.3198     47.317     47.710    31.5927     3.7918          6          2  0.000e+00
  1025.3167     47.224     47.616    31.5892     3.7905          6          2  0.000e+00
  1025.3184     47.152     47.543    31.5914     3.7880          6          2  0.000e+00
  1025.3185     47.099     47.490    31.5917     3.7862          6          2  0.000e+00
  1025.3188     47.061     47.452    31.5921     3.7845          6          2  0.000e+00
  1025.3187     47.036     47.426    31.5920     3.7833          6          2  0.000e+00
  1025.3207     47.016     47.407    31.5945     3.7821          6          2  0.000e+00
  1025.3178     46.995     47.385    31.5909     3.7817          6          2  0.000e+00
  1025.3167     46.968     47.358    31.5895     3.7803          6          2  0.000e+00
  1025.3161     46.932     47.321    31.5888     3.7784          6          2  0.000e+00
  1025.3175     46.882     47.271    31.5905     3.7763          6          2  0.000e+00
  1025.3191     46.815     47.204    31.5928     3.7750          6          2  0.000e+00
  1025.3185     46.739     47.127    31.5924     3.7745          6          2  0.000e+00
  1025.3186     46.646     47.034    31.5931     3.7741          6          2  0.000e+00
  1025.3192     46.545     46.931    31.5944     3.7739          6          2  0.000e+00
  1025.3205     46.429     46.814    31.5968     3.7745          6          2  0.000e+00
  1025.3209     46.296     46.680    31.5983     3.7758          6          2  0.000e+00
  1025.3189     46.149     46.532    31.5969     3.7778          6          2  0.000e+00
  1025.3170     45.989     46.371    31.5956     3.7793          6          2  0.000e+00
  1025.3154     45.816     46.197    31.5948     3.7804          6          2  0.000e+00
  1025.3129     45.632     46.011    31.5927     3.7810          6          2  0.000e+00
  1025.3098     45.439     45.816    31.5900     3.7809          6          2  0.000e+00
  1025.3089     45.244     45.619    31.5899     3.7799          6          2  0.000e+00
  1025.3080     45.049     45.423    31.5898     3.7785          6          2  0.000e+00
  1025.3083     44.859     45.231    31.5912     3.7778          6          2  0.000e+00
  1025.3067     44.682     45.053    31.5903     3.7777          6          2  0.000e+00
  1025.3059     44.518     44.887    31.5902     3.7779          6          2  0.000e+00
  1025.3046     44.372     44.739    31.5895     3.7785          6          2  0.000e+00
  1025.3034     44.247     44.614    31.5888     3.7791          6          2  0.000e+00
  1025.3017     44.149     44.515    31.5874     3.7799          6          2  0.000e+00
  1025.3002     44.074     44.439    31.5861     3.7813          6          2  0.000e+00
  1025.2969     44.016     44.381    31.5826     3.7838          6          2  0.000e+00
  1025.2960     43.977     44.342    31.5817     3.7845          6          2  0.000e+00
  1025.2954     43.945     44.310    31.5811     3.7846          6          2  0.000e+00
  1025.2970     43.913     44.277    31.5834     3.7844          6          2  0.000e+00
  1025.2966     43.873     44.237    31.5833     3.7861          6          2  0.000e+00
  1025.2935     43.822     44.186    31.5802     3.7902          6          2  0.000e+00
  1025.2893     43.749     44.112    31.5758     3.7940          6          2  0.000e+00
  1025.2883     43.649     44.010    31.5753     3.7954          6          2  0.000e+00
  1025.2856     43.519     43.880    31.5729     3.7968          6          2  0.000e+00
  1025.2846     43.363     43.723    31.5725     3.7962          6          2  0.000e+00
  1025.2877     43.180     43.538    31.5770     3.7934          6          2  0.000e+00
  1025.2903     42.976     43.333    31.5814     3.7926          6          2  0.000e+00
  1025.2880     42.758     43.112    31.5803     3.7964          6          2  0.000e+00
  1025.2834     42.538     42.890    31.5766     3.8024          6          2  0.000e+00
  1025.2779     42.316     42.667    31.5718     3.8094          6          2  0.000e+00
  1025.2711     42.111     42.460    31.5653     3.8163          6          2  0.000e+00
  1025.2672     41.923     42.270    31.5621     3.8207          6          2  0.000e+00
  1025.2638     41.758     42.104    31.5592     3.8248          6          2  0.000e+00
  1025.2606     41.618     41.963    31.5565     3.8290          6          2  0.000e+00
  1025.2577     41.504     41.848    31.5541     3.8339          6          2  0.000e+00
  1025.2521     41.413     41.756    31.5484     3.8407          6          2  0.000e+00
  1025.2456     41.347     41.690    31.5414     3.8469          6          2  0.000e+00
  1025.2442     41.304     41.646    31.5401     3.8492          6          2  0.000e+00
  1025.2439     41.275     41.617    31.5401     3.8506          6          2  0.000e+00
  1025.2418     41.252     41.593    31.5380     3.8546          6          2  0.000e+00
  1025.2368     41.230     41.572    31.5326     3.8605          6          2  0.000e+00
  1025.2344     41.206     41.548    31.5303     3.8651          6          2  0.000e+00
  1025.2312     41.173     41.514    31.5270     3.8704          6          2  0.000e+00
  1025.2263     41.117     41.458    31.5218     3.8750          6          2  0.000e+00
  1025.2249     41.044     41.384    31.5207     3.8768          6          2  0.000e+00
  1025.2223     40.939     41.278    31.5182     3.8778          6          2  0.000e+00
  1025.2216     40.806     41.145    31.5179     3.8763          6          2  0.000e+00
  1025.2246     40.637     40.973    31.5222     3.8729          6          2  0.000e+00
  1025.2274     40.442     40.777    31.5267     3.8707          6          2  0.000e+00
  1025.2268     40.229     40.562    31.5273     3.8715          6          2  0.000e+00
  1025.2248     39.996     40.327    31.5265     3.8737          6          2  0.000e+00
  1025.2224     39.759     40.088    31.5252     3.8765          6          2  0.000e+00
  1025.2192     39.529     39.856    31.5229     3.8799          6          2  0.000e+00
  1025.2157     39.317     39.643    31.5202     3.8832          6          2  0.000e+00
  1025.2136     39.125     39.449    31.5189     3.8855          6          2  0.000e+00
  1025.2109     38.961     39.283    31.5168     3.8879          6          2  0.000e+00
  1025.2090     38.822     39.143    31.5155     3.8898          6          2  0.000e+00
  1025.2084     38.711     39.031    31.5155     3.8915          6          2  0.000e+00
  1025.2060     38.621     38.940    31.5133     3.8940          6          2  0.000e+00
  1025.2037     38.551     38.870    31.5111     3.8961          6          2  0.000e+00
  1025.2026     38.499     38.817    31.5101     3.8972          6          2  0.000e+00
  1025.2018     38.446     38.764    31.5096     3.8978          6          2  0.000e+00
  1025.2022     38.400     38.718    31.5104     3.8981          6          2  0.000e+00
  1025.2029     38.345     38.662    31.5117     3.8987          6          2  0.000e+00
  1025.2018     38.286     38.603    31.5108     3.9001          6          2  0.000e+00
  1025.2007     38.214     38.530    31.5100     3.9014          6          2  0.000e+00
  1025.1980     38.129     38.444    31.5073     3.9024          6          2  0.000e+00
  1025.1989     38.036     38.351    31.5090     3.9032          6          2  0.000e+00
  1025.1973     37.934     38.248    31.5077     3.9036          6          2  0.000e+00
  1025.1976     37.822     38.135    31.5087     3.9033          6          2  0.000e+00
  1025.1994     37.706     38.018    31.5116     3.9035          6          2  0.000e+00
  1025.1978     37.580     37.891    31.5105     3.9053          6          2  0.000e+00
  1025.1970     37.446     37.756    31.5105     3.9068          6          2  0.000e+00
  1025.1972     37.305     37.614    31.5118     3.9083          6          2  0.000e+00
  1025.1997     37.156     37.463    31.5163     3.9111          6          2  0.000e+00
  1025.1987     37.001     37.307    31.5166     3.9176          6          2  0.000e+00
  1025.1953     36.846     37.151    31.5145     3.9277          6          2  0.000e+00
  1025.1865     36.698     37.001    31.5058     3.9409          6          2  0.000e+00
  1025.1797     36.556     36.858    31.4997     3.9538          6          2  0.000e+00
  1025.1683     36.421     36.722    31.4878     3.9679          6          2  0.000e+00
  1025.1599     36.288     36.589    31.4794     3.9789          6          2  0.000e+00
  1025.1544     36.162     36.461    31.4743     3.9878          6          2  0.000e+00
  1025.1471     36.032     36.330    31.4669     3.9960          6          2  0.000e+00
  1025.1454     35.905     36.202    31.4662     4.0014          6          2  0.000e+00
  1025.1417     35.776     36.072    31.4631     4.0087          6          2  0.000e+00
  1025.1360     35.651     35.946    31.4578     4.0178          6          2  0.000e+00
  1025.1278     35.527     35.821    31.4495     4.0287          6          2  0.000e+00
  1025.1201     35.403     35.696    31.4417     4.0378          6          2  0.000e+00
  1025.1150     35.277     35.569    31.4368     4.0446          6          2  0.000e+00
  1025.1125     35.156     35.447    31.4351     4.0497          6          2  0.000e+00
  1025.1092     35.034     35.324    31.4323     4.0557          6          2  0.000e+00
  1025.1023     34.910     35.199    31.4253     4.0634          6          2  0.000e+00
  1025.0996     34.796     35.084    31.4233     4.0690          6          2  0.000e+00
  1025.0949     34.682     34.969    31.4188     4.0751          6          2  0.000e+00
  1025.0904     34.577     34.863    31.4143     4.0797          6          2  0.000e+00
  1025.0867     34.472     34.758    31.4107     4.0829          6          2  0.000e+00
  1025.0870     34.372     34.656    31.4117     4.0836          6          2  0.000e+00
  1025.0871     34.273     34.557    31.4127     4.0851          6          2  0.000e+00
