data/eDNA/PER-2022-473/473A005.cnv
* Sea-Bird SBE19plus  Data File:
* FileName = C:\Users\RSG_field\Ryan_Perley2022473\CTD\473A005.hex
* Software version 2.3.0 SB_Terminal.dll
* Temperature SN = 7141
* Conductivity SN = 7141
* System UpLoad Time = Aug 08 2022 13:56:30
* <ApplicationData>
* <SeatermAF>
** Platform: M. Perley
** Cruise: Per2022473
** Station:  ESI_04
** Cast: 01
** Latitude: N  44 45.0861
** Longitude: W 62 06.0422
** Sounding: 99.1
** Chief Scientist: Ryan Stanley
** Comment:
** Had to connect with the junction because it was not returning data from the AFM connection. Downloaded the AFM without issue
# nquan = 8
# nvalues = 3155                                  
# units = specified
# name 0 = density00: Density [density, kg/m^3]
# name 1 = depSM: Depth [salt water, m], lat = 45.00
# name 2 = prdM: Pressure, Strain Gauge [db]
# name 3 = sal00: Salinity, Practical [PSU]
# name 4 = tv290C: Temperature [ITS-90, deg C]
# name 5 = bpos: Bottle Position in Carousel
# name 6 = nbf: Bottles Fired
# name 7 = flag:  0.000e+00
# span 0 =   998.9230,  1026.8912                 
# span 1 =     -0.100,     95.368                 
# span 2 =     -0.101,     96.171                 
# span 3 =     0.0311,    33.5060                 
# span 4 =     3.0015,    17.5731                 
# span 5 =          0,          6                 
# span 6 =          0,          2                 
# span 7 = 0.0000e+00, 0.0000e+00                 
# interval = seconds: 0.25
# start_time = Aug 08 2022 13:30:00 [Instrument's time stamp, header]
# bad_flag = -9.990e-29
*END*
[from data line 180]
   998.9266     -0.097     -0.097     0.0372    16.2808          0          0  0.000e+00
   998.9274     -0.096     -0.096     0.0382    16.2808          0          0  0.000e+00
   998.9278     -0.096     -0.096     0.0387    16.2808          0          0  0.000e+00
  1001.1205     -0.053     -0.054     2.8913    16.2818          0          0  0.000e+00
  1022.0524      0.100      0.101    30.3145    16.4268          0          0  0.000e+00
  1022.7080      0.255      0.257    31.2885    16.8309          0          0  0.000e+00
  1022.5199      0.352      0.355    31.1325    17.1291          0          0  0.000e+00
  1022.3729      0.418      0.422    30.9917    17.2985          0          0  0.000e+00
  1022.2931      0.469      0.473    30.9146    17.3882          0          0  0.000e+00
  1022.2519      0.501      0.505    30.8755    17.4371          0          0  0.000e+00
  1022.2280      0.541      0.546    30.8522    17.4640          0          0  0.000e+00
  1022.2134      0.592      0.597    30.8377    17.4797          0          0  0.000e+00
  1022.2013      0.656      0.661    30.8245    17.4894          0          0  0.000e+00
  1022.1746      0.701      0.707    30.7911    17.4948          0          0  0.000e+00
  1022.1437      0.733      0.739    30.7503    17.4943          0          0  0.000e+00
  1022.1532      0.765      0.771    30.7623    17.4936          0          0  0.000e+00
  1022.1839      0.796      0.802    30.8031    17.4962          0          0  0.000e+00
  1022.1826      0.811      0.817    30.8020    17.4985          0          0  0.000e+00
  1022.2134      0.824      0.831    30.8419    17.4976          0          0  0.000e+00
  1022.2173      0.870      0.877    30.8476    17.5005          0          0  0.000e+00
  1022.2066      0.934      0.941    30.8340    17.5029          0          0  0.000e+00
  1022.1966      0.992      1.000    30.8212    17.5049          0          0  0.000e+00
  1022.1899      1.037      1.046    30.8126    17.5061          0          0  0.000e+00
  1022.2023      1.093      1.102    30.8290    17.5078          0          0  0.000e+00
  1022.2066      1.143      1.153    30.8349    17.5097          0          0  0.000e+00
  1022.1868      1.166      1.175    30.8090    17.5099          0          0  0.000e+00
  1022.2049      1.164      1.173    30.8324    17.5093          0          0  0.000e+00
  1022.2160      1.160      1.170    30.8472    17.5103          0          0  0.000e+00
  1022.2184      1.168      1.177    30.8504    17.5105          0          0  0.000e+00
  1022.2183      1.178      1.188    30.8502    17.5105          0          0  0.000e+00
  1022.2167      1.199      1.208    30.8477    17.5096          0          0  0.000e+00
  1022.2142      1.214      1.224    30.8440    17.5087          0          0  0.000e+00
  1022.2112      1.224      1.234    30.8400    17.5082          0          0  0.000e+00
  1022.2058      1.220      1.230    30.8329    17.5081          0          0  0.000e+00
  1022.1999      1.209      1.219    30.8251    17.5078          0          0  0.000e+00
  1022.2004      1.196      1.206    30.8260    17.5082          0          0  0.000e+00
  1022.2032      1.183      1.192    30.8300    17.5090          0          0  0.000e+00
  1022.2023      1.176      1.186    30.8290    17.5097          0          0  0.000e+00
  1022.2021      1.181      1.190    30.8286    17.5090          0          0  0.000e+00
  1022.2012      1.184      1.193    30.8269    17.5075          0          0  0.000e+00
  1022.1993      1.187      1.197    30.8239    17.5058          0          0  0.000e+00
  1022.1964      1.186      1.196    30.8198    17.5046          0          0  0.000e+00
  1022.1929      1.179      1.189    30.8150    17.5041          0          0  0.000e+00
  1022.1955      1.160      1.170    30.8186    17.5043          0          0  0.000e+00
  1022.2012      1.139      1.149    30.8263    17.5048          0          0  0.000e+00
  1022.2037      1.113      1.122    30.8299    17.5053          0          0  0.000e+00
  1022.2073      1.096      1.105    30.8344    17.5045          0          0  0.000e+00
  1022.2108      1.089      1.098    30.8387    17.5031          0          0  0.000e+00
  1022.2133      1.089      1.098    30.8415    17.5018          0          0  0.000e+00
  1022.2134      1.097      1.106    30.8414    17.5012          0          0  0.000e+00
  1022.2118      1.110      1.119    30.8392    17.5009          0          0  0.000e+00
  1022.2098      1.124      1.134    30.8363    17.5006          0          0  0.000e+00
  1022.2067      1.140      1.150    30.8323    17.5010          0          0  0.000e+00
  1022.2025      1.154      1.163    30.8270    17.5016          0          0  0.000e+00
  1022.1980      1.168      1.177    30.8211    17.5022          0          0  0.000e+00
  1022.1947      1.179      1.189    30.8168    17.5022          0          0  0.000e+00
  1022.1976      1.192      1.202    30.8205    17.5024          0          0  0.000e+00
  1022.2032      1.206      1.216    30.8281    17.5036          0          0  0.000e+00
  1022.2039      1.219      1.229    30.8294    17.5046          0          0  0.000e+00
  1022.2024      1.226      1.236    30.8273    17.5044          0          0  0.000e+00
  1022.2009      1.232      1.243    30.8248    17.5029          0          0  0.000e+00
  1022.1993      1.230      1.240    30.8221    17.5009          0          0  0.000e+00
  1022.2002      1.223      1.233    30.8226    17.4987          0          0  0.000e+00
  1022.2060      1.208      1.218    30.8301    17.4978          0          0  0.000e+00
  1022.2105      1.189      1.199    30.8360    17.4977          0          0  0.000e+00
  1022.2132      1.170      1.180    30.8396    17.4974          0          0  0.000e+00
  1022.2158      1.152      1.161    30.8426    17.4959          0          0  0.000e+00
  1022.2166      1.143      1.153    30.8432    17.4941          0          0  0.000e+00
  1022.2157      1.142      1.152    30.8415    17.4925          0          0  0.000e+00
  1022.2144      1.151      1.160    30.8392    17.4908          0          0  0.000e+00
  1022.2121      1.173      1.183    30.8358    17.4901          0          0  0.000e+00
  1022.2101      1.208      1.218    30.8329    17.4896          0          0  0.000e+00
  1022.2072      1.253      1.263    30.8287    17.4891          0          0  0.000e+00
  1022.1884      1.292      1.302    30.8038    17.4885          0          0  0.000e+00
  1022.1673      1.314      1.325    30.7755    17.4870          0          0  0.000e+00
  1022.1602      1.314      1.325    30.7654    17.4844          0          0  0.000e+00
  1022.1647      1.285      1.296    30.7685    17.4744          0          0  0.000e+00
  1022.1877      1.232      1.243    30.7903    17.4468          0          0  0.000e+00
  1022.2133      1.159      1.169    30.8165    17.4217          0          0  0.000e+00
  1022.2321      1.078      1.087    30.8390    17.4133          0          0  0.000e+00
  1022.2445      0.998      1.006    30.8560    17.4145          0          0  0.000e+00
  1022.2511      0.937      0.944    30.8662    17.4181          0          0  0.000e+00
  1022.2524      0.903      0.910    30.8722    17.4318          0          0  0.000e+00
  1022.2516      0.908      0.916    30.8758    17.4472          0          0  0.000e+00
  1022.2504      0.946      0.954    30.8780    17.4599          0          0  0.000e+00
  1022.2478      1.002      1.011    30.8774    17.4701          0          0  0.000e+00
  1022.2416      1.064      1.073    30.8713    17.4776          0          0  0.000e+00
  1022.2238      1.123      1.132    30.8493    17.4829          0          0  0.000e+00
  1022.1851      1.167      1.176    30.7992    17.4853          0          0  0.000e+00
  1022.1734      1.191      1.201    30.7838    17.4859          0          0  0.000e+00
  1022.1746      1.201      1.211    30.7845    17.4829          0          0  0.000e+00
  1022.1957      1.200      1.209    30.8093    17.4739          0          0  0.000e+00
  1022.2167      1.197      1.207    30.8338    17.4642          0          0  0.000e+00
  1022.2288      1.202      1.212    30.8483    17.4601          0          0  0.000e+00
  1022.2277      1.222      1.232    30.8475    17.4625          0          0  0.000e+00
  1022.2226      1.248      1.259    30.8427    17.4691          0          0  0.000e+00
  1022.2153      1.270      1.280    30.8350    17.4755          0          0  0.000e+00
  1022.2068      1.285      1.296    30.8248    17.4791          0          0  0.000e+00
  1022.1923      1.292      1.302    30.8062    17.4800          0          0  0.000e+00
  1022.1802      1.294      1.305    30.7896    17.4776          0          0  0.000e+00
  1022.1784      1.290      1.300    30.7865    17.4750          0          0  0.000e+00
  1022.1711      1.279      1.290    30.7771    17.4753          0          0  0.000e+00
  1022.1748      1.260      1.270    30.7795    17.4668          0          0  0.000e+00
  1022.1951      1.231      1.241    30.7983    17.4413          0          0  0.000e+00
  1022.2194      1.195      1.205    30.8213    17.4120          0          0  0.000e+00
  1022.2366      1.151      1.160    30.8378    17.3914          0          0  0.000e+00
  1022.2456      1.099      1.108    30.8462    17.3797          0          0  0.000e+00
  1022.2503      1.053      1.062    30.8508    17.3741          0          0  0.000e+00
  1022.2595      1.020      1.029    30.8619    17.3703          0          0  0.000e+00
  1022.2676      0.996      1.004    30.8714    17.3659          0          0  0.000e+00
  1022.2705      0.974      0.982    30.8739    17.3614          0          0  0.000e+00
  1022.2702      0.956      0.964    30.8736    17.3611          0          0  0.000e+00
  1022.2652      0.937      0.944    30.8689    17.3667          0          0  0.000e+00
  1022.2525      0.928      0.936    30.8566    17.3810          0          0  0.000e+00
  1022.2382      0.926      0.934    30.8430    17.3974          0          0  0.000e+00
  1022.2353      0.930      0.938    30.8439    17.4128          0          0  0.000e+00
  1022.2552      0.966      0.974    30.8741    17.4271          0          0  0.000e+00
  1022.2709      1.030      1.038    30.8993    17.4438          0          0  0.000e+00
  1022.2705      1.146      1.155    30.9041    17.4633          0          0  0.000e+00
  1022.2607      1.289      1.299    30.8969    17.4846          0          0  0.000e+00
  1022.2495      1.426      1.438    30.8866    17.5009          0          0  0.000e+00
  1022.2377      1.543      1.556    30.8733    17.5103          0          0  0.000e+00
  1022.2041      1.612      1.625    30.8306    17.5152          0          0  0.000e+00
  1022.1953      1.637      1.651    30.8194    17.5169          0          0  0.000e+00
  1022.2014      1.610      1.623    30.8262    17.5125          0          0  0.000e+00
  1022.2143      1.527      1.540    30.8367    17.4903          0          0  0.000e+00
  1022.2218      1.411      1.422    30.8416    17.4723          0          0  0.000e+00
  1022.2277      1.279      1.290    30.8471    17.4620          0          0  0.000e+00
  1022.2392      1.161      1.171    30.8606    17.4552          0          0  0.000e+00
  1022.2474      1.070      1.079    30.8706    17.4514          0          0  0.000e+00
  1022.2517      1.007      1.015    30.8770    17.4524          0          0  0.000e+00
  1022.2544      0.961      0.969    30.8841    17.4630          0          0  0.000e+00
  1022.2485      0.926      0.934    30.8807    17.4766          0          0  0.000e+00
  1022.2374      0.890      0.897    30.8700    17.4881          0          0  0.000e+00
  1022.2243      0.858      0.865    30.8554    17.4962          0          0  0.000e+00
  1022.2185      0.825      0.832    30.8492    17.4998          0          0  0.000e+00
  1022.2176      0.796      0.802    30.8489    17.5020          0          0  0.000e+00
  1022.2223      0.779      0.785    30.8561    17.5053          0          0  0.000e+00
  1022.2243      0.780      0.786    30.8601    17.5095          0          0  0.000e+00
  1022.2259      0.808      0.815    30.8630    17.5131          0          0  0.000e+00
  1022.2289      0.860      0.867    30.8678    17.5165          0          0  0.000e+00
  1022.2321      0.932      0.940    30.8725    17.5194          0          0  0.000e+00
  1022.2335      1.015      1.023    30.8748    17.5230          0          0  0.000e+00
  1022.2320      1.104      1.113    30.8738    17.5275          0          0  0.000e+00
  1022.2300      1.196      1.206    30.8718    17.5314          0          0  0.000e+00
  1022.2280      1.287      1.297    30.8696    17.5346          0          0  0.000e+00
  1022.2268      1.373      1.385    30.8682    17.5369          0          0  0.000e+00
  1022.2263      1.457      1.469    30.8675    17.5383          0          0  0.000e+00
  1022.2253      1.528      1.541    30.8659    17.5385          0          0  0.000e+00
  1022.2209      1.590      1.603    30.8598    17.5381          0          0  0.000e+00
  1022.2003      1.626      1.639    30.8323    17.5374          0          0  0.000e+00
  1022.1864      1.635      1.649    30.8136    17.5359          0          0  0.000e+00
  1022.1758      1.613      1.626    30.7992    17.5336          0          0  0.000e+00
  1022.1896      1.560      1.573    30.8131    17.5192          0          0  0.000e+00
  1022.2138      1.473      1.485    30.8389    17.4985          0          0  0.000e+00
  1022.2306      1.358      1.369    30.8559    17.4802          0          0  0.000e+00
  1022.2379      1.223      1.233    30.8629    17.4696          0          0  0.000e+00
  1022.2411      1.081      1.090    30.8659    17.4630          0          0  0.000e+00
  1022.2435      0.939      0.947    30.8686    17.4588          0          0  0.000e+00
  1022.2501      0.802      0.809    30.8765    17.4540          0          0  0.000e+00
  1022.2506      0.688      0.693    30.8771    17.4514          0          0  0.000e+00
  1022.2578      0.616      0.621    30.8891    17.4583          0          0  0.000e+00
  1022.2631      0.580      0.584    30.9009    17.4737          0          0  0.000e+00
  1022.2563      0.570      0.575    30.8977    17.4917          0          0  0.000e+00
  1022.2580      0.578      0.583    30.9047    17.5074          0          0  0.000e+00
  1022.2081      0.607      0.612    30.8436    17.5216          0          0  0.000e+00
  1022.2734      0.672      0.677    30.9323    17.5336          0          0  0.000e+00
  1022.2789      0.757      0.763    30.9409    17.5400          0          0  0.000e+00
  1022.2784      0.858      0.865    30.9406    17.5427          0          0  0.000e+00
  1022.2785      0.960      0.968    30.9406    17.5444          0          0  0.000e+00
  1022.2798      1.065      1.074    30.9422    17.5459          0          0  0.000e+00
  1022.2808      1.168      1.177    30.9433    17.5474          0          0  0.000e+00
  1022.2796      1.274      1.284    30.9415    17.5487          0          0  0.000e+00
  1022.2804      1.379      1.390    30.9421    17.5492          0          0  0.000e+00
  1022.2804      1.476      1.488    30.9416    17.5497          0          0  0.000e+00
  1022.2807      1.568      1.581    30.9416    17.5500          0          0  0.000e+00
  1022.2810      1.651      1.665    30.9416    17.5500          0          0  0.000e+00
  1022.2811      1.713      1.727    30.9413    17.5501          0          0  0.000e+00
  1022.2805      1.751      1.765    30.9402    17.5496          0          0  0.000e+00
