data/eDNA/PER-2022-473/473A020.cnv
* Sea-Bird SBE19plus  Data File:
* FileName = C:\Users\RSG_field\Ryan_Perley2022473\CTD\473A020.hex
* Software version 2.3.0 SB_Terminal.dll
* Temperature SN = 7141
* Conductivity SN = 7141
* System UpLoad Time = Aug 14 2022 13:57:07
* <ApplicationData>
* <SeatermAF>
** Platform: M. Perley
** Cruise: Per2022473
** Station:  SAB_Trans_03
** Cast: 01
** Latitude: N  46 00.5696
** Longitude: W 59 11.9240
** Sounding: 61.8
** Chief Scientist: Ryan Stanley
** Comment: CastID 473A019 SampleID 493872-493877
** Cast 38
# nquan = 8
# nvalues = 2748                                  
# units = specified
# name 0 = density00: Density [density, kg/m^3]
# name 1 = depSM: Depth [salt water, m], lat = 45.00
# name 2 = prdM: Pressure, Strain Gauge [db]
# name 3 = sal00: Salinity, Practical [PSU]
# name 4 = tv290C: Temperature [ITS-90, deg C]
# name 5 = bpos: Bottle Position in Carousel
# name 6 = nbf: Bottles Fired
# name 7 = flag:  0.000e+00
# span 0 =   998.6101,  1025.7447                 
# span 1 =     -0.115,     58.355                 
# span 2 =     -0.116,     58.841                 
# span 3 =     0.0569,    31.9504                 
# span 4 =     2.7629,    19.9593                 
# span 5 =          0,          6                 
# span 6 =          0,          2                 
# span 7 = 0.0000e+00, 0.0000e+00                 
# interval = seconds: 0.25
# start_time = Aug 14 2022 13:42:30 [Instrument's time stamp, header]
# bad_flag = -9.990e-29
*END*
[from data line 2517]
  1020.8294      8.098      8.165    29.5403    19.2438          1          1  0.000e+00
  1020.8256      8.019      8.085    29.5360    19.2448          1          1  0.000e+00
  1020.8228      7.931      7.996    29.5322    19.2428          1          1  0.000e+00
  1020.8220      7.828      7.892    29.5301    19.2374          1          1  0.000e+00
  1020.8228      7.712      7.775    29.5296    19.2308          1          1  0.000e+00
  1020.8242      7.589      7.651    29.5298    19.2237          1          1  0.000e+00
  1020.8207      7.451      7.512    29.5238    19.2169          1          1  0.000e+00
  1020.8239      7.311      7.371    29.5256    19.2069          1          1  0.000e+00
  1020.8345      7.173      7.232    29.5372    19.1976          1          1  0.000e+00
  1020.8362      7.035      7.093    29.5394    19.1946          1          1  0.000e+00
  1020.8443      6.907      6.964    29.5506    19.1942          1          1  0.000e+00
  1020.8415      6.791      6.847    29.5494    19.2000          1          1  0.000e+00
  1020.8370      6.691      6.746    29.5463    19.2067          1          1  0.000e+00
  1020.8439      6.604      6.658    29.5574    19.2112          1          1  0.000e+00
  1020.8452      6.542      6.596    29.5628    19.2215          1          1  0.000e+00
  1020.8360      6.499      6.552    29.5558    19.2363          1          1  0.000e+00
  1020.8322      6.472      6.526    29.5549    19.2483          1          1  0.000e+00
  1020.8297      6.462      6.515    29.5552    19.2591          1          1  0.000e+00
  1020.8213      6.457      6.509    29.5477    19.2699          1          1  0.000e+00
  1020.8163      6.452      6.505    29.5434    19.2767          1          1  0.000e+00
  1020.8136      6.441      6.493    29.5412    19.2802          1          1  0.000e+00
  1020.8140      6.422      6.474    29.5425    19.2825          1          1  0.000e+00
  1020.8117      6.382      6.435    29.5407    19.2855          1          1  0.000e+00
  1020.8079      6.322      6.374    29.5368    19.2878          1          1  0.000e+00
  1020.8047      6.239      6.290    29.5333    19.2885          1          1  0.000e+00
  1020.8020      6.135      6.186    29.5296    19.2864          1          1  0.000e+00
  1020.8024      6.014      6.063    29.5292    19.2815          1          1  0.000e+00
  1020.7971      5.873      5.921    29.5211    19.2751          1          1  0.000e+00
  1020.7989      5.725      5.772    29.5208    19.2642          1          1  0.000e+00
  1020.8082      5.578      5.624    29.5301    19.2530          1          1  0.000e+00
  1020.8126      5.437      5.481    29.5348    19.2471          1          1  0.000e+00
  1020.8142      5.304      5.348    29.5370    19.2451          1          1  0.000e+00
  1020.8148      5.186      5.228    29.5386    19.2452          1          1  0.000e+00
  1020.8143      5.083      5.125    29.5391    19.2472          1          1  0.000e+00
  1020.8147      4.999      5.040    29.5411    19.2502          1          1  0.000e+00
  1020.8129      4.934      4.975    29.5407    19.2550          1          1  0.000e+00
  1020.8084      4.883      4.923    29.5380    19.2637          1          1  0.000e+00
  1020.8023      4.842      4.882    29.5352    19.2788          1          1  0.000e+00
  1020.7950      4.801      4.840    29.5291    19.2891          1          1  0.000e+00
  1020.7887      4.759      4.798    29.5230    19.2950          1          1  0.000e+00
  1020.7785      4.709      4.747    29.5130    19.3043          1          1  0.000e+00
  1020.7672      4.648      4.686    29.5024    19.3159          1          1  0.000e+00
  1020.7546      4.576      4.614    29.4899    19.3272          1          1  0.000e+00
  1020.7474      4.492      4.529    29.4845    19.3381          1          1  0.000e+00
  1020.7436      4.400      4.436    29.4808    19.3405          1          1  0.000e+00
  1020.7471      4.304      4.339    29.4828    19.3307          1          1  0.000e+00
  1020.7553      4.204      4.239    29.4896    19.3169          1          1  0.000e+00
  1020.7570      4.109      4.142    29.4896    19.3082          1          1  0.000e+00
  1020.7590      4.017      4.049    29.4907    19.3023          1          1  0.000e+00
  1020.7611      3.931      3.963    29.4926    19.2980          1          1  0.000e+00
  1020.7598      3.853      3.885    29.4907    19.2959          1          1  0.000e+00
  1020.7570      3.767      3.798    29.4875    19.2957          1          1  0.000e+00
  1020.7492      3.681      3.711    29.4806    19.3044          1          1  0.000e+00
  1020.7428      3.595      3.624    29.4748    19.3111          1          1  0.000e+00
  1020.7340      3.506      3.534    29.4669    19.3204          1          1  0.000e+00
  1020.7253      3.416      3.444    29.4596    19.3316          1          1  0.000e+00
  1020.7103      3.330      3.357    29.4453    19.3465          1          1  0.000e+00
  1020.7075      3.240      3.266    29.4435    19.3506          1          1  0.000e+00
  1020.7025      3.146      3.172    29.4390    19.3553          1          1  0.000e+00
  1020.6975      3.054      3.079    29.4346    19.3604          1          1  0.000e+00
  1020.6922      2.960      2.984    29.4307    19.3677          1          1  0.000e+00
  1020.6758      2.863      2.887    29.4162    19.3874          6          2  0.000e+00
  1020.6572      2.770      2.793    29.3987    19.4070          6          2  0.000e+00
  1020.6454      2.671      2.693    29.3875    19.4185          6          2  0.000e+00
  1020.6361      2.572      2.593    29.3797    19.4300          6          2  0.000e+00
  1020.6301      2.470      2.490    29.3760    19.4411          6          2  0.000e+00
  1020.6159      2.366      2.386    29.3636    19.4581          6          2  0.000e+00
  1020.6059      2.268      2.286    29.3553    19.4713          6          2  0.000e+00
  1020.5992      2.178      2.195    29.3497    19.4793          6          2  0.000e+00
  1020.5954      2.096      2.113    29.3473    19.4854          6          2  0.000e+00
  1020.5907      2.025      2.042    29.3438    19.4927          6          2  0.000e+00
  1020.5860      1.963      1.980    29.3423    19.5057          6          2  0.000e+00
  1020.5732      1.902      1.918    29.3338    19.5300          6          2  0.000e+00
  1020.5498      1.844      1.859    29.3155    19.5666          6          2  0.000e+00
  1020.5153      1.784      1.799    29.2850    19.6103          6          2  0.000e+00
  1020.4816      1.722      1.736    29.2544    19.6506          6          2  0.000e+00
  1020.4623      1.652      1.665    29.2371    19.6737          6          2  0.000e+00
  1020.4558      1.587      1.600    29.2322    19.6834          6          2  0.000e+00
  1020.4504      1.516      1.529    29.2284    19.6922          6          2  0.000e+00
  1020.4376      1.449      1.461    29.2158    19.7036          6          2  0.000e+00
  1020.4305      1.380      1.392    29.2072    19.7048          6          2  0.000e+00
  1020.4381      1.315      1.326    29.2147    19.6961          6          2  0.000e+00
  1020.4470      1.246      1.256    29.2242    19.6882          6          2  0.000e+00
  1020.4518      1.170      1.179    29.2283    19.6802          6          2  0.000e+00
  1020.4621      1.081      1.089    29.2377    19.6662          6          2  0.000e+00
  1020.4681      0.978      0.986    29.2437    19.6587          6          2  0.000e+00
  1020.4576      0.859      0.866    29.2341    19.6693          6          2  0.000e+00
  1020.4485      0.730      0.736    29.2267    19.6810          6          2  0.000e+00
  1020.4391      0.604      0.608    29.2194    19.6939          6          2  0.000e+00
  1020.4250      0.480      0.483    29.2069    19.7096          6          2  0.000e+00
  1020.4093      0.368      0.371    29.1904    19.7201          6          2  0.000e+00
  1020.4103      0.269      0.271    29.1916    19.7183          6          2  0.000e+00
  1020.4257      0.181      0.182    29.2126    19.7192          6          2  0.000e+00
  1020.4097      0.103      0.104    29.2008    19.7456          6          2  0.000e+00
  1020.3838      0.061      0.061    29.1769    19.7751          6          2  0.000e+00
  1020.3733      0.059      0.059    29.1682    19.7908          6          2  0.000e+00
  1020.3669      0.061      0.061    29.1622    19.7979          6          2  0.000e+00
  1020.3683      0.075      0.075    29.1650    19.8010          6          2  0.000e+00
  1020.3763      0.112      0.113    29.1786    19.8110          6          2  0.000e+00
  1020.3648      0.148      0.149    29.1717    19.8362          6          2  0.000e+00
  1020.3458      0.162      0.163    29.1552    19.8621          6          2  0.000e+00
  1020.3324      0.141      0.143    29.1433    19.8788          6          2  0.000e+00
  1020.3189      0.079      0.080    29.1279    19.8845          6          2  0.000e+00
  1020.3119     -0.014     -0.014    29.1176    19.8795          6          2  0.000e+00
  1020.3176     -0.079     -0.080    29.1233    19.8731          6          2  0.000e+00
  1020.3195     -0.077     -0.078    29.1221    19.8623          6          2  0.000e+00
  1020.3263     -0.077     -0.078    29.1264    19.8480          6          2  0.000e+00
  1020.3054     -0.077     -0.078    29.0940    19.8334          6          2  0.000e+00
  1020.3037     -0.077     -0.078    29.0843    19.8109          6          2  0.000e+00
  1020.3406     -0.078     -0.079    29.1164    19.7616          6          2  0.000e+00
  1020.3711     -0.079     -0.080    29.1419    19.7174          6          2  0.000e+00
  1020.3893     -0.077     -0.078    29.1568    19.6903          6          2  0.000e+00
  1020.3990     -0.077     -0.077    29.1632    19.6715          6          2  0.000e+00
  1020.4078     -0.078     -0.079    29.1692    19.6545          6          2  0.000e+00
  1020.4141     -0.080     -0.081    29.1718    19.6372          6          2  0.000e+00
  1020.4194     -0.077     -0.077    29.1733    19.6206          6          2  0.000e+00
  1012.9038     -0.077     -0.077    19.2735    19.6048          6          2  0.000e+00
  1001.2184     -0.076     -0.076     3.8474    19.5924          6          2  0.000e+00
  1001.0042     -0.078     -0.079     3.5626    19.5826          6          2  0.000e+00
  1000.9931     -0.077     -0.077     3.5464    19.5767          6          2  0.000e+00
  1001.1249     -0.078     -0.079     3.7189    19.5729          6          2  0.000e+00
  1000.6517     -0.079     -0.080     3.0951    19.5698          6          2  0.000e+00
  1000.1799     -0.078     -0.079     2.4735    19.5669          6          2  0.000e+00
  1000.2888     -0.076     -0.076     2.6160    19.5640          6          2  0.000e+00
   999.6541     -0.075     -0.075     1.7807    19.5605          6          2  0.000e+00
   999.4542     -0.075     -0.075     1.5171    19.5560          6          2  0.000e+00
   999.8289     -0.074     -0.074     2.0078    19.5510          6          2  0.000e+00
   999.6110     -0.073     -0.073     1.7201    19.5457          6          2  0.000e+00
   999.4444     -0.075     -0.075     1.4999    19.5398          6          2  0.000e+00
   999.2980     -0.075     -0.075     1.3062    19.5338          6          2  0.000e+00
   999.1766     -0.074     -0.074     1.1452    19.5274          6          2  0.000e+00
   999.0262     -0.075     -0.075     0.9462    19.5207          6          2  0.000e+00
   998.8748     -0.076     -0.076     0.7460    19.5139          6          2  0.000e+00
   998.7989     -0.074     -0.074     0.6447    19.5068          6          2  0.000e+00
   998.7750     -0.074     -0.074     0.6115    19.4997          6          2  0.000e+00
   998.7590     -0.074     -0.074     0.5887    19.4924          6          2  0.000e+00
   998.7981     -0.076     -0.076     0.6381    19.4852          6          2  0.000e+00
   999.1476     -0.077     -0.077     1.0939    19.4777          6          2  0.000e+00
   999.2789     -0.075     -0.075     1.2640    19.4701          6          2  0.000e+00
   999.2508     -0.075     -0.075     1.2253    19.4627          6          2  0.000e+00
   999.2377     -0.076     -0.076     1.2060    19.4551          6          2  0.000e+00
   999.3783     -0.075     -0.075     1.3884    19.4472          6          2  0.000e+00
  1000.7331     -0.074     -0.074     3.1666    19.4393          6          2  0.000e+00
  1003.4427     -0.075     -0.075     6.7349    19.4313          6          2  0.000e+00
  1003.3410     -0.074     -0.074     6.5985    19.4231          6          2  0.000e+00
  1002.0601     -0.075     -0.075     4.9060    19.4099          6          2  0.000e+00
  1000.6532     -0.073     -0.073     3.0491    19.3934          6          2  0.000e+00
  1000.2994     -0.075     -0.075     2.5813    19.3845          6          2  0.000e+00
  1000.3000     -0.074     -0.074     2.5804    19.3777          6          2  0.000e+00
  1000.2927     -0.074     -0.074     2.5687    19.3701          6          2  0.000e+00
  1000.0404     -0.073     -0.073     2.2352    19.3630          6          2  0.000e+00
   999.8290     -0.074     -0.074     1.9557    19.3563          6          2  0.000e+00
   999.7162     -0.074     -0.074     1.8060    19.3499          6          2  0.000e+00
   999.6489     -0.075     -0.075     1.7159    19.3435          6          2  0.000e+00
   999.5651     -0.074     -0.074     1.6041    19.3365          6          2  0.000e+00
   999.4813     -0.077     -0.077     1.4924    19.3300          6          2  0.000e+00
   999.4502     -0.074     -0.074     1.4497    19.3230          6          2  0.000e+00
   999.4158     -0.077     -0.077     1.4027    19.3159          6          2  0.000e+00
   999.4213     -0.076     -0.076     1.4079    19.3083          6          2  0.000e+00
   999.3373     -0.077     -0.077     1.2959    19.3012          6          2  0.000e+00
   999.2669     -0.075     -0.075     1.2016    19.2938          6          2  0.000e+00
   999.2119     -0.076     -0.076     1.1276    19.2867          6          2  0.000e+00
   999.2048     -0.078     -0.078     1.1165    19.2794          6          2  0.000e+00
   999.2277     -0.079     -0.080     1.1445    19.2719          6          2  0.000e+00
   999.2348     -0.077     -0.077     1.1518    19.2646          6          2  0.000e+00
   999.3633     -0.076     -0.076     1.3183    19.2570          6          2  0.000e+00
   999.3666     -0.076     -0.076     1.3205    19.2492          6          2  0.000e+00
   999.4404     -0.077     -0.077     1.4154    19.2416          6          2  0.000e+00
   999.3771     -0.076     -0.076     1.3304    19.2343          6          2  0.000e+00
   999.3091     -0.075     -0.075     1.2393    19.2269          6          2  0.000e+00
   999.2372     -0.072     -0.073     1.1431    19.2194          6          2  0.000e+00
   999.1890     -0.075     -0.075     1.0779    19.2119          6          2  0.000e+00
   999.1442     -0.074     -0.074     1.0173    19.2041          6          2  0.000e+00
   999.1341     -0.075     -0.075     1.0021    19.1968          6          2  0.000e+00
   999.1100     -0.074     -0.074     0.9686    19.1893          6          2  0.000e+00
   999.1023     -0.074     -0.074     0.9566    19.1820          6          2  0.000e+00
   999.0889     -0.074     -0.074     0.9371    19.1746          6          2  0.000e+00
   999.0693     -0.075     -0.075     0.9096    19.1675          6          2  0.000e+00
   999.0822     -0.074     -0.074     0.9246    19.1602          6          2  0.000e+00
