data/eDNA/PER-2022-473/473A021.cnv
* Sea-Bird SBE19plus  Data File:
* FileName = C:\Users\RSG_field\Ryan_Perley2022473\CTD\473A021.hex
* Software version 2.3.0 SB_Terminal.dll
* Temperature SN = 7141
* Conductivity SN = 7141
* System UpLoad Time = Aug 14 2022 14:35:25
* <ApplicationData>
* <SeatermAF>
** Platform: M. Perley
** Cruise: Per2022473
** Station:  SAB_Trans_04
** Cast: 01
** Latitude: N  46 03.5750
** Longitude: W 59 09.8696
** Sounding: 81,6
** Chief Scientist: Ryan Stanley
** Comment: CastID 473A021 SampleID 493878-493883
** Cast 39
# nquan = 8
# nvalues = 3055                                  
# units = specified
# name 0 = density00: Density [density, kg/m^3]
# name 1 = depSM: Depth [salt water, m], lat = 45.00
# name 2 = prdM: Pressure, Strain Gauge [db]
# name 3 = sal00: Salinity, Practical [PSU]
# name 4 = tv290C: Temperature [ITS-90, deg C]
# name 5 = bpos: Bottle Position in Carousel
# name 6 = nbf: Bottles Fired
# name 7 = flag:  0.000e+00
# span 0 =   998.5543,  1026.4125                 
# span 1 =     -0.121,     79.074                 
# span 2 =     -0.122,     79.736                 
# span 3 =     0.0673,    32.6613                 
# span 4 =     2.1459,    20.3724                 
# span 5 =          0,          6                 
# span 6 =          0,          2                 
# span 7 = 0.0000e+00, 0.0000e+00                 
# interval = seconds: 0.25
# start_time = Aug 14 2022 14:18:04 [Instrument's time stamp, header]
# bad_flag = -9.990e-29
*END*
[from data line 899]
  1025.6777     47.071     47.462    31.8913     2.3805          0          0  0.000e+00
  1025.6810     47.147     47.538    31.8948     2.3798          0          0  0.000e+00
  1025.6851     47.235     47.627    31.8994     2.3793          0          0  0.000e+00
  1025.6830     47.330     47.723    31.8960     2.3768          0          0  0.000e+00
  1025.6751     47.430     47.823    31.8848     2.3696          0          0  0.000e+00
  1025.6580     47.536     47.930    31.8612     2.3535          0          0  0.000e+00
  1025.6794     47.630     48.025    31.8848     2.3257          0          0  0.000e+00
  1025.6999     47.715     48.111    31.9076     2.3011          0          0  0.000e+00
  1025.7163     47.779     48.176    31.9260     2.2833          0          0  0.000e+00
  1025.7264     47.825     48.222    31.9372     2.2719          0          0  0.000e+00
  1025.7322     47.856     48.253    31.9437     2.2653          0          0  0.000e+00
  1025.7377     47.870     48.267    31.9501     2.2613          0          0  0.000e+00
  1025.7397     47.877     48.274    31.9525     2.2607          0          0  0.000e+00
  1025.7418     47.881     48.279    31.9553     2.2622          0          0  0.000e+00
  1025.7412     47.892     48.289    31.9546     2.2637          0          0  0.000e+00
  1025.7362     47.919     48.317    31.9483     2.2654          0          0  0.000e+00
  1025.7313     47.967     48.365    31.9419     2.2650          0          0  0.000e+00
  1025.7377     48.046     48.444    31.9491     2.2612          0          0  0.000e+00
  1025.7425     48.148     48.548    31.9544     2.2604          0          0  0.000e+00
  1025.7401     48.282     48.683    31.9508     2.2622          0          0  0.000e+00
  1025.7517     48.439     48.841    31.9639     2.2574          0          0  0.000e+00
  1025.7662     48.621     49.025    31.9806     2.2539          0          0  0.000e+00
  1025.7683     48.813     49.218    31.9820     2.2534          0          0  0.000e+00
  1025.7743     49.012     49.419    31.9884     2.2539          0          0  0.000e+00
  1025.7772     49.205     49.614    31.9911     2.2564          0          0  0.000e+00
  1025.7801     49.389     49.799    31.9941     2.2603          0          0  0.000e+00
  1025.7815     49.557     49.969    31.9952     2.2649          0          0  0.000e+00
  1025.7791     49.691     50.104    31.9919     2.2695          0          0  0.000e+00
  1025.7776     49.806     50.220    31.9896     2.2727          0          0  0.000e+00
  1025.7758     49.891     50.306    31.9870     2.2748          0          0  0.000e+00
  1025.7733     49.957     50.372    31.9836     2.2758          0          0  0.000e+00
  1025.7759     50.000     50.416    31.9866     2.2754          0          0  0.000e+00
  1025.7768     50.027     50.442    31.9875     2.2756          0          0  0.000e+00
  1025.7790     50.040     50.455    31.9903     2.2767          0          0  0.000e+00
  1025.7797     50.044     50.460    31.9914     2.2791          0          0  0.000e+00
  1025.7768     50.041     50.456    31.9881     2.2827          0          0  0.000e+00
  1025.7788     50.039     50.454    31.9910     2.2852          0          0  0.000e+00
  1025.7780     50.040     50.455    31.9902     2.2885          0          0  0.000e+00
  1025.7744     50.045     50.461    31.9859     2.2915          0          0  0.000e+00
  1025.7729     50.063     50.479    31.9841     2.2934          0          0  0.000e+00
  1025.7691     50.087     50.503    31.9794     2.2946          0          0  0.000e+00
  1025.7690     50.120     50.536    31.9790     2.2940          0          0  0.000e+00
  1025.7689     50.166     50.582    31.9784     2.2923          0          0  0.000e+00
  1025.7642     50.221     50.638    31.9720     2.2901          0          0  0.000e+00
  1025.7685     50.291     50.709    31.9766     2.2859          0          0  0.000e+00
  1025.7739     50.370     50.789    31.9825     2.2824          0          0  0.000e+00
  1025.7812     50.463     50.882    31.9910     2.2815          0          0  0.000e+00
  1025.7847     50.565     50.985    31.9950     2.2835          0          0  0.000e+00
  1025.7901     50.685     51.106    32.0014     2.2870          0          0  0.000e+00
  1025.7899     50.817     51.239    32.0008     2.2919          0          0  0.000e+00
  1025.7908     50.965     51.389    32.0014     2.2961          0          0  0.000e+00
  1025.7935     51.127     51.552    32.0042     2.2987          0          0  0.000e+00
  1025.7964     51.291     51.717    32.0064     2.2960          0          0  0.000e+00
  1025.8063     51.464     51.892    32.0165     2.2822          0          0  0.000e+00
  1025.8224     51.635     52.064    32.0340     2.2644          0          0  0.000e+00
  1025.8359     51.796     52.227    32.0486     2.2504          0          0  0.000e+00
  1025.8515     51.949     52.381    32.0656     2.2337          0          0  0.000e+00
  1025.8700     52.081     52.514    32.0863     2.2160          0          0  0.000e+00
  1025.8942     52.192     52.625    32.1141     2.1971          0          0  0.000e+00
  1025.9176     52.281     52.715    32.1407     2.1753          0          0  0.000e+00
  1025.9331     52.347     52.783    32.1582     2.1600          0          0  0.000e+00
  1025.9427     52.393     52.829    32.1692     2.1519          0          0  0.000e+00
  1025.9447     52.429     52.865    32.1712     2.1486          0          0  0.000e+00
  1025.9468     52.461     52.897    32.1735     2.1469          0          0  0.000e+00
  1025.9469     52.493     52.929    32.1734     2.1463          0          0  0.000e+00
  1025.9510     52.524     52.961    32.1783     2.1459          0          0  0.000e+00
  1025.9514     52.568     53.005    32.1786     2.1466          0          0  0.000e+00
  1025.9467     52.619     53.056    32.1724     2.1476          0          0  0.000e+00
  1025.9472     52.679     53.117    32.1726     2.1471          0          0  0.000e+00
  1025.9509     52.749     53.188    32.1768     2.1461          0          0  0.000e+00
  1025.9628     52.824     53.264    32.1912     2.1461          0          0  0.000e+00
  1025.9752     52.901     53.341    32.2065     2.1479          0          0  0.000e+00
  1025.9755     52.973     53.413    32.2066     2.1505          0          0  0.000e+00
  1025.9752     53.038     53.479    32.2060     2.1519          0          0  0.000e+00
  1025.9770     53.095     53.536    32.2080     2.1521          0          0  0.000e+00
  1025.9817     53.145     53.587    32.2136     2.1524          0          0  0.000e+00
  1025.9854     53.188     53.630    32.2181     2.1537          0          0  0.000e+00
  1025.9899     53.233     53.675    32.2236     2.1562          0          0  0.000e+00
  1025.9894     53.288     53.731    32.2230     2.1596          0          0  0.000e+00
  1025.9861     53.353     53.797    32.2188     2.1626          0          0  0.000e+00
  1025.9945     53.444     53.888    32.2289     2.1643          0          0  0.000e+00
  1026.0010     53.554     53.999    32.2367     2.1677          0          0  0.000e+00
  1026.0017     53.685     54.132    32.2374     2.1737          0          0  0.000e+00
  1025.9994     53.837     54.285    32.2341     2.1797          0          0  0.000e+00
  1025.9982     54.001     54.450    32.2321     2.1844          0          0  0.000e+00
  1026.0102     54.169     54.619    32.2465     2.1884          0          0  0.000e+00
  1026.0125     54.332     54.784    32.2491     2.1962          0          0  0.000e+00
  1026.0156     54.479     54.933    32.2531     2.2052          0          0  0.000e+00
  1026.0198     54.599     55.053    32.2585     2.2147          0          0  0.000e+00
  1026.0159     54.691     55.146    32.2540     2.2251          0          0  0.000e+00
  1026.0128     54.754     55.209    32.2505     2.2333          0          0  0.000e+00
  1026.0085     54.792     55.248    32.2454     2.2387          0          0  0.000e+00
  1026.0110     54.809     55.265    32.2488     2.2418          0          0  0.000e+00
  1026.0079     54.824     55.280    32.2453     2.2464          0          0  0.000e+00
  1026.0033     54.845     55.301    32.2398     2.2509          0          0  0.000e+00
  1026.0019     54.882     55.339    32.2380     2.2524          0          0  0.000e+00
  1025.9987     54.948     55.405    32.2335     2.2515          0          0  0.000e+00
  1026.0011     55.041     55.499    32.2357     2.2485          0          0  0.000e+00
  1026.0057     55.169     55.628    32.2403     2.2457          0          0  0.000e+00
  1026.0085     55.319     55.779    32.2428     2.2434          0          0  0.000e+00
  1026.0123     55.486     55.948    32.2464     2.2417          0          0  0.000e+00
  1026.0166     55.653     56.116    32.2507     2.2407          0          0  0.000e+00
  1026.0196     55.814     56.279    32.2535     2.2409          0          0  0.000e+00
  1026.0210     55.962     56.428    32.2544     2.2419          0          0  0.000e+00
  1026.0242     56.082     56.549    32.2578     2.2432          0          0  0.000e+00
  1026.0269     56.167     56.635    32.2609     2.2452          0          0  0.000e+00
  1026.0270     56.220     56.688    32.2610     2.2481          0          0  0.000e+00
  1026.0257     56.247     56.715    32.2595     2.2505          0          0  0.000e+00
  1026.0298     56.251     56.719    32.2648     2.2528          0          0  0.000e+00
  1026.0234     56.249     56.717    32.2572     2.2569          0          0  0.000e+00
  1026.0196     56.242     56.710    32.2527     2.2596          0          0  0.000e+00
  1026.0225     56.241     56.709    32.2564     2.2604          0          0  0.000e+00
  1026.0224     56.257     56.725    32.2563     2.2618          0          0  0.000e+00
  1026.0197     56.293     56.762    32.2530     2.2635          0          0  0.000e+00
  1026.0147     56.354     56.823    32.2463     2.2634          0          0  0.000e+00
  1026.0091     56.442     56.911    32.2384     2.2595          0          0  0.000e+00
  1026.0210     56.554     57.025    32.2521     2.2538          0          0  0.000e+00
  1026.0324     56.688     57.159    32.2653     2.2518          0          0  0.000e+00
  1026.0443     56.835     57.308    32.2796     2.2540          0          0  0.000e+00
  1026.0476     56.996     57.471    32.2832     2.2597          0          0  0.000e+00
  1026.0436     57.157     57.633    32.2780     2.2662          0          0  0.000e+00
  1026.0434     57.322     57.799    32.2772     2.2708          0          0  0.000e+00
  1026.0387     57.480     57.958    32.2707     2.2738          0          0  0.000e+00
  1026.0473     57.628     58.108    32.2806     2.2748          0          0  0.000e+00
  1026.0476     57.764     58.245    32.2805     2.2777          0          0  0.000e+00
  1026.0468     57.884     58.366    32.2790     2.2806          0          0  0.000e+00
  1026.0483     57.991     58.473    32.2804     2.2830          0          0  0.000e+00
  1026.0510     58.090     58.574    32.2835     2.2853          0          0  0.000e+00
  1026.0592     58.177     58.662    32.2936     2.2887          0          0  0.000e+00
  1026.0466     58.254     58.740    32.2778     2.2937          0          0  0.000e+00
  1026.0440     58.323     58.809    32.2743     2.2949          0          0  0.000e+00
  1026.0482     58.384     58.870    32.2791     2.2940          0          0  0.000e+00
  1026.0477     58.435     58.921    32.2781     2.2940          0          0  0.000e+00
  1026.0494     58.479     58.966    32.2801     2.2944          0          0  0.000e+00
  1026.0461     58.515     59.003    32.2758     2.2951          0          0  0.000e+00
  1026.0458     58.546     59.034    32.2752     2.2950          0          0  0.000e+00
  1026.0454     58.576     59.064    32.2744     2.2942          0          0  0.000e+00
  1026.0470     58.602     59.090    32.2762     2.2933          0          0  0.000e+00
  1026.0529     58.632     59.120    32.2834     2.2929          0          0  0.000e+00
  1026.0546     58.672     59.161    32.2854     2.2948          0          0  0.000e+00
  1026.0548     58.721     59.210    32.2857     2.2973          0          0  0.000e+00
  1026.0609     58.781     59.271    32.2931     2.2998          0          0  0.000e+00
  1026.0613     58.855     59.345    32.2936     2.3038          0          0  0.000e+00
  1026.0620     58.940     59.431    32.2944     2.3076          0          0  0.000e+00
  1026.0619     59.039     59.531    32.2940     2.3113          0          0  0.000e+00
  1026.0624     59.145     59.638    32.2943     2.3144          0          0  0.000e+00
  1026.0583     59.257     59.751    32.2887     2.3169          0          0  0.000e+00
  1026.0621     59.372     59.866    32.2930     2.3178          0          0  0.000e+00
  1026.0694     59.487     59.983    32.3015     2.3193          0          0  0.000e+00
  1026.0673     59.598     60.094    32.2986     2.3228          0          0  0.000e+00
  1026.0670     59.697     60.195    32.2979     2.3253          0          0  0.000e+00
  1026.0759     59.791     60.289    32.3086     2.3274          0          0  0.000e+00
  1026.0766     59.875     60.374    32.3094     2.3312          0          0  0.000e+00
  1026.0763     59.951     60.450    32.3090     2.3350          0          0  0.000e+00
  1026.0764     60.028     60.528    32.3089     2.3382          0          0  0.000e+00
  1026.0836     60.101     60.602    32.3178     2.3410          0          0  0.000e+00
  1026.0782     60.181     60.682    32.3110     2.3450          0          0  0.000e+00
  1026.0734     60.263     60.766    32.3047     2.3474          0          0  0.000e+00
  1026.0852     60.351     60.854    32.3190     2.3478          0          0  0.000e+00
  1026.0899     60.445     60.948    32.3245     2.3505          0          0  0.000e+00
  1026.0903     60.538     61.043    32.3249     2.3551          0          0  0.000e+00
  1026.0919     60.630     61.136    32.3267     2.3591          0          0  0.000e+00
  1026.0934     60.714     61.220    32.3286     2.3630          0          0  0.000e+00
  1026.0921     60.788     61.295    32.3268     2.3670          0          0  0.000e+00
  1026.0910     60.853     61.360    32.3253     2.3697          0          0  0.000e+00
  1026.0907     60.910     61.418    32.3249     2.3716          0          0  0.000e+00
  1026.0916     60.957     61.465    32.3258     2.3730          0          0  0.000e+00
  1026.0899     61.001     61.510    32.3235     2.3742          0          0  0.000e+00
  1026.0907     61.047     61.556    32.3244     2.3748          0          0  0.000e+00
  1026.0913     61.101     61.610    32.3249     2.3754          0          0  0.000e+00
  1026.0924     61.168     61.678    32.3259     2.3760          0          0  0.000e+00
  1026.0925     61.247     61.758    32.3256     2.3767          0          0  0.000e+00
  1026.0925     61.338     61.850    32.3251     2.3774          0          0  0.000e+00
  1026.0952     61.450     61.962    32.3279     2.3779          0          0  0.000e+00
  1026.0975     61.576     62.089    32.3300     2.3785          0          0  0.000e+00
  1026.0998     61.714     62.228    32.3323     2.3797          0          0  0.000e+00
  1026.1027     61.858     62.374    32.3352     2.3814          0          0  0.000e+00
  1026.1036     61.999     62.516    32.3357     2.3836          0          0  0.000e+00
  1026.1038     62.131     62.649    32.3353     2.3855          0          0  0.000e+00
