data/eDNA/PER-2022-473/473A008.cnv
* Sea-Bird SBE19plus  Data File:
* FileName = C:\Users\RSG_field\Ryan_Perley2022473\CTD\473A008.hex
* Software version 2.3.0 SB_Terminal.dll
* Temperature SN = 7141
* Conductivity SN = 7141
* System UpLoad Time = Aug 08 2022 18:54:57
* <ApplicationData>
* <SeatermAF>
** Platform: M. Perley
** Cruise: Per2022473
** Station:  ESI-06
** Cast: 01
** Latitude: N  44 46.3308
** Longitude: W 62 26.1203
** Sounding: 40.3
** Chief Scientist: Ryan Stanley
** Comment:
# nquan = 8
# nvalues = 2117                                  
# units = specified
# name 0 = density00: Density [density, kg/m^3]
# name 1 = depSM: Depth [salt water, m], lat = 45.00
# name 2 = prdM: Pressure, Strain Gauge [db]
# name 3 = sal00: Salinity, Practical [PSU]
# name 4 = tv290C: Temperature [ITS-90, deg C]
# name 5 = bpos: Bottle Position in Carousel
# name 6 = nbf: Bottles Fired
# name 7 = flag:  0.000e+00
# span 0 =   998.8335,  1025.2110                 
# span 1 =     -0.101,     38.871                 
# span 2 =     -0.102,     39.193                 
# span 3 =     0.0435,    31.5841                 
# span 4 =     4.4062,    16.8636                 
# span 5 =          0,          6                 
# span 6 =          0,          2                 
# span 7 = 0.0000e+00, 0.0000e+00                 
# interval = seconds: 0.25
# start_time = Aug 08 2022 18:39:55 [Instrument's time stamp, header]
# bad_flag = -9.990e-29
*END*
[from data line 360]
  1023.2082      1.678      1.691    30.7586    12.5211          0          0  0.000e+00
  1023.2142      1.647      1.660    30.7655    12.5172          0          0  0.000e+00
  1023.2173      1.629      1.642    30.7701    12.5189          0          0  0.000e+00
  1023.2171      1.625      1.638    30.7709    12.5231          0          0  0.000e+00
  1023.2233      1.627      1.640    30.7802    12.5287          0          0  0.000e+00
  1023.2335      1.627      1.640    30.7961    12.5398          0          0  0.000e+00
  1023.2370      1.617      1.630    30.8057    12.5606          0          0  0.000e+00
  1023.2348      1.597      1.610    30.8097    12.5883          0          0  0.000e+00
  1023.2305      1.558      1.570    30.8122    12.6200          0          0  0.000e+00
  1023.2019      1.502      1.514    30.7835    12.6522          0          0  0.000e+00
  1023.2174      1.435      1.447    30.8091    12.6737          0          0  0.000e+00
  1023.2297      1.363      1.374    30.8332    12.7054          0          0  0.000e+00
  1023.2021      1.302      1.313    30.8092    12.7517          0          0  0.000e+00
  1023.1834      1.252      1.263    30.7951    12.7911          0          0  0.000e+00
  1023.1863      1.221      1.231    30.8067    12.8221          0          0  0.000e+00
  1023.2063      1.205      1.215    30.8420    12.8600          0          0  0.000e+00
  1023.1486      1.212      1.222    30.7806    12.9134          0          0  0.000e+00
  1023.1368      1.251      1.262    30.7722    12.9424          0          0  0.000e+00
  1023.1396      1.320      1.331    30.7804    12.9619          0          0  0.000e+00
  1023.1056      1.420      1.432    30.7414    12.9843          0          0  0.000e+00
  1023.0138      1.532      1.545    30.6219    12.9838          0          0  0.000e+00
  1023.0594      1.645      1.658    30.6671    12.9311          0          0  0.000e+00
  1023.0586      1.750      1.764    30.6532    12.8813          0          0  0.000e+00
  1023.0898      1.833      1.848    30.6801    12.8293          0          0  0.000e+00
  1023.0840      1.900      1.916    30.6610    12.7836          0          0  0.000e+00
  1023.0900      1.949      1.965    30.6558    12.7321          0          0  0.000e+00
  1023.1120      1.977      1.994    30.6704    12.6761          0          0  0.000e+00
  1023.1217      1.987      2.003    30.6702    12.6242          0          0  0.000e+00
  1023.1577      1.985      2.001    30.7051    12.5766          0          0  0.000e+00
  1023.1855      1.971      1.987    30.7332    12.5444          0          0  0.000e+00
  1023.1882      1.941      1.957    30.7327    12.5273          0          0  0.000e+00
  1023.2042      1.894      1.909    30.7505    12.5140          0          0  0.000e+00
  1023.1982      1.826      1.841    30.7417    12.5083          0          0  0.000e+00
  1023.2102      1.737      1.751    30.7561    12.5018          0          0  0.000e+00
  1023.2105      1.622      1.636    30.7565    12.4989          0          0  0.000e+00
  1023.2392      1.490      1.502    30.7946    12.5000          0          0  0.000e+00
  1023.2511      1.357      1.369    30.8154    12.5192          0          0  0.000e+00
  1023.2559      1.230      1.240    30.8307    12.5534          0          0  0.000e+00
  1023.2577      1.120      1.129    30.8444    12.5974          0          0  0.000e+00
  1023.2527      1.047      1.055    30.8514    12.6510          0          0  0.000e+00
  1023.3486      1.028      1.036    30.9916    12.7174          0          0  0.000e+00
  1023.2699      1.061      1.069    30.9209    12.8436          0          0  0.000e+00
  1023.1563      1.143      1.153    30.8051    12.9703          0          0  0.000e+00
  1023.0842      1.249      1.260    30.7224    13.0150          0          0  0.000e+00
  1023.0546      1.372      1.383    30.6803    13.0024          0          0  0.000e+00
  1022.9834      1.499      1.512    30.5808    12.9759          0          0  0.000e+00
  1022.9892      1.613      1.626    30.5679    12.8960          0          0  0.000e+00
  1023.0507      1.721      1.735    30.6206    12.7904          0          0  0.000e+00
  1023.0201      1.807      1.822    30.5600    12.7062          0          0  0.000e+00
  1023.0712      1.878      1.893    30.6008    12.6046          0          0  0.000e+00
  1023.1395      1.938      1.954    30.6674    12.5172          0          0  0.000e+00
  1023.1757      1.979      1.995    30.6998    12.4593          0          0  0.000e+00
  1023.1816      2.005      2.021    30.6980    12.4206          0          0  0.000e+00
  1023.2281      2.010      2.027    30.7496    12.3856          0          0  0.000e+00
  1023.2635      1.992      2.009    30.7930    12.3756          0          0  0.000e+00
  1023.2510      1.950      1.966    30.7808    12.3910          0          0  0.000e+00
  1023.2562      1.877      1.892    30.7915    12.4060          0          0  0.000e+00
  1023.2612      1.773      1.787    30.8034    12.4258          0          0  0.000e+00
  1023.2434      1.650      1.663    30.7878    12.4532          0          0  0.000e+00
  1023.2555      1.517      1.530    30.8095    12.4750          0          0  0.000e+00
  1023.2704      1.401      1.412    30.8370    12.5068          0          0  0.000e+00
  1023.2616      1.310      1.320    30.8373    12.5523          0          0  0.000e+00
  1023.2174      1.250      1.261    30.7920    12.5996          0          0  0.000e+00
  1023.2368      1.225      1.235    30.8256    12.6335          0          0  0.000e+00
  1023.2812      1.226      1.236    30.8944    12.6806          0          0  0.000e+00
  1023.1642      1.244      1.254    30.7613    12.7543          0          0  0.000e+00
  1023.1321      1.275      1.285    30.7276    12.7866          0          0  0.000e+00
  1023.2547      1.316      1.327    30.8849    12.7834          0          0  0.000e+00
  1023.2426      1.356      1.367    30.8862    12.8527          0          0  0.000e+00
  1023.1696      1.396      1.407    30.8135    12.9411          0          0  0.000e+00
  1023.1429      1.434      1.445    30.7919    12.9942          0          0  0.000e+00
  1023.1163      1.470      1.482    30.7665    13.0306          0          0  0.000e+00
  1023.0875      1.505      1.517    30.7346    13.0529          0          0  0.000e+00
  1023.0821      1.541      1.553    30.7284    13.0569          0          0  0.000e+00
  1023.0821      1.585      1.598    30.7278    13.0553          0          0  0.000e+00
  1023.0513      1.640      1.654    30.6866    13.0513          0          0  0.000e+00
  1022.9989      1.696      1.709    30.6118    13.0246          0          0  0.000e+00
  1022.9461      1.749      1.763    30.5263    12.9561          0          0  0.000e+00
  1022.9445      1.793      1.808    30.4936    12.8334          0          0  0.000e+00
  1023.0518      1.825      1.840    30.5967    12.6892          0          0  0.000e+00
  1023.1119      1.846      1.861    30.6499    12.5897          0          0  0.000e+00
  1023.2011      1.858      1.873    30.7498    12.5269          0          0  0.000e+00
  1023.2134      1.859      1.874    30.7621    12.5123          0          0  0.000e+00
  1023.2155      1.858      1.873    30.7658    12.5165          0          0  0.000e+00
  1023.2210      1.857      1.872    30.7740    12.5208          0          0  0.000e+00
  1023.2051      1.853      1.869    30.7554    12.5290          0          0  0.000e+00
  1023.1989      1.842      1.857    30.7480    12.5307          0          0  0.000e+00
  1023.2230      1.821      1.835    30.7787    12.5285          0          0  0.000e+00
  1023.1885      1.778      1.793    30.7374    12.5410          0          0  0.000e+00
  1023.1723      1.711      1.725    30.7155    12.5356          0          0  0.000e+00
  1023.2080      1.619      1.632    30.7576    12.5164          0          0  0.000e+00
  1023.2558      1.502      1.514    30.8204    12.5184          0          0  0.000e+00
  1023.2909      1.376      1.388    30.8756    12.5556          0          0  0.000e+00
  1023.2933      1.252      1.263    30.8971    12.6281          0          0  0.000e+00
  1023.2607      1.143      1.153    30.8775    12.7174          0          0  0.000e+00
  1023.2031      1.074      1.083    30.8231    12.7972          0          0  0.000e+00
  1023.2329      1.054      1.063    30.8757    12.8535          0          0  0.000e+00
  1023.2257      1.080      1.089    30.8857    12.9325          0          0  0.000e+00
  1023.1414      1.149      1.158    30.7982    13.0201          0          0  0.000e+00
  1023.0944      1.243      1.253    30.7481    13.0649          0          0  0.000e+00
  1023.1110      1.360      1.371    30.7732    13.0821          0          0  0.000e+00
  1023.0911      1.488      1.500    30.7519    13.1027          0          0  0.000e+00
  1022.9334      1.608      1.621    30.5493    13.1110          0          0  0.000e+00
  1022.9904      1.706      1.720    30.6025    13.0315          0          0  0.000e+00
  1023.0594      1.787      1.801    30.6717    12.9525          0          0  0.000e+00
  1022.9401      1.847      1.862    30.5023    12.8929          0          0  0.000e+00
  1023.1065      1.894      1.909    30.6872    12.7721          0          0  0.000e+00
  1023.1409      1.923      1.939    30.7190    12.7208          0          0  0.000e+00
  1023.1125      1.941      1.957    30.6773    12.7013          0          0  0.000e+00
  1023.1877      1.944      1.959    30.7672    12.6717          0          0  0.000e+00
  1023.1639      1.929      1.945    30.7371    12.6737          0          0  0.000e+00
  1023.1614      1.900      1.916    30.7335    12.6717          0          0  0.000e+00
  1023.2032      1.860      1.875    30.7861    12.6645          0          0  0.000e+00
  1023.1745      1.810      1.825    30.7539    12.6835          0          0  0.000e+00
  1023.1380      1.759      1.774    30.7085    12.6898          0          0  0.000e+00
  1023.1277      1.707      1.721    30.6898    12.6663          0          0  0.000e+00
  1023.1342      1.650      1.663    30.6903    12.6325          0          0  0.000e+00
  1023.1566      1.587      1.600    30.7108    12.5966          0          0  0.000e+00
  1023.1960      1.515      1.528    30.7563    12.5727          0          0  0.000e+00
  1023.2059      1.434      1.445    30.7695    12.5723          0          0  0.000e+00
  1023.2278      1.345      1.356    30.8011    12.5838          0          0  0.000e+00
  1023.2632      1.258      1.268    30.8547    12.6141          0          0  0.000e+00
  1023.2664      1.172      1.181    30.8738    12.6728          0          0  0.000e+00
  1023.2256      1.102      1.111    30.8387    12.7431          0          0  0.000e+00
  1023.2253      1.051      1.060    30.8538    12.8045          0          0  0.000e+00
  1023.1969      1.027      1.035    30.8329    12.8681          0          0  0.000e+00
  1023.1734      1.033      1.041    30.8172    12.9279          0          0  0.000e+00
  1023.1660      1.083      1.092    30.8188    12.9737          0          0  0.000e+00
  1023.1408      1.186      1.195    30.7983    13.0244          0          0  0.000e+00
  1023.0645      1.328      1.339    30.7108    13.0725          0          0  0.000e+00
  1023.2060      1.495      1.507    30.8956    13.0838          0          0  0.000e+00
  1023.1779      1.698      1.712    30.8772    13.1600          0          0  0.000e+00
  1023.0433      1.918      1.934    30.7242    13.2484          0          0  0.000e+00
  1023.0509      2.114      2.132    30.7361    13.2618          0          0  0.000e+00
  1023.0675      2.282      2.300    30.7582    13.2681          0          0  0.000e+00
  1022.9616      2.408      2.428    30.6258    13.2888          0          0  0.000e+00
  1022.5645      2.492      2.512    30.0939    13.2196          0          0  0.000e+00
  1022.8992      2.533      2.554    30.4496    12.9102          0          0  0.000e+00
  1023.2335      2.536      2.557    30.8319    12.7086          0          0  0.000e+00
  1023.2310      2.496      2.516    30.8320    12.7209          0          0  0.000e+00
  1023.2061      2.435      2.455    30.8118    12.7681          0          0  0.000e+00
  1023.1617      2.364      2.384    30.7645    12.8076          0          0  0.000e+00
  1023.1137      2.292      2.311    30.7056    12.8186          0          0  0.000e+00
  1023.1309      2.232      2.250    30.7229    12.7967          0          0  0.000e+00
  1023.0800      2.184      2.202    30.6532    12.7797          0          0  0.000e+00
  1023.0810      2.150      2.168    30.6425    12.7300          0          0  0.000e+00
  1023.0087      2.134      2.152    30.5321    12.6603          0          0  0.000e+00
  1023.0257      2.139      2.156    30.5248    12.5402          0          0  0.000e+00
  1023.0973      2.162      2.180    30.5838    12.4023          0          0  0.000e+00
  1023.1506      2.212      2.230    30.6261    12.2927          0          0  0.000e+00
  1023.2022      2.293      2.312    30.6713    12.2057          0          0  0.000e+00
  1023.2439      2.406      2.425    30.7093    12.1416          0          0  0.000e+00
  1023.2684      2.536      2.557    30.7302    12.0996          0          0  0.000e+00
  1023.2878      2.688      2.710    30.7477    12.0717          0          0  0.000e+00
  1023.2930      2.865      2.888    30.7488    12.0525          0          0  0.000e+00
  1023.3014      3.066      3.091    30.7544    12.0356          0          0  0.000e+00
  1023.2658      3.289      3.316    30.7030    12.0177          0          0  0.000e+00
  1023.2817      3.530      3.559    30.7129    11.9785          0          0  0.000e+00
  1023.3094      3.780      3.811    30.7371    11.9358          0          0  0.000e+00
  1023.3460      4.035      4.068    30.7738    11.8976          0          0  0.000e+00
  1023.3456      4.270      4.305    30.7652    11.8688          0          0  0.000e+00
  1023.3254      4.484      4.521    30.7291    11.8314          0          0  0.000e+00
  1023.3022      4.659      4.697    30.6833    11.7672          0          0  0.000e+00
  1023.3353      4.791      4.830    30.6972    11.6467          0          0  0.000e+00
  1023.4301      4.883      4.923    30.7849    11.4994          0          0  0.000e+00
  1023.5187      4.925      4.966    30.8736    11.3893          0          0  0.000e+00
  1023.5909      4.924      4.964    30.9528    11.3288          0          0  0.000e+00
  1023.6955      4.880      4.920    31.0863    11.3225          0          0  0.000e+00
  1023.6692      4.805      4.845    31.0728    11.4095          0          0  0.000e+00
  1023.5777      4.718      4.757    30.9805    11.5190          0          0  0.000e+00
  1023.5365      4.636      4.674    30.9434    11.5863          0          0  0.000e+00
  1023.5009      4.575      4.613    30.9090    11.6343          0          0  0.000e+00
  1023.4841      4.547      4.584    30.8953    11.6679          0          0  0.000e+00
  1023.4430      4.565      4.602    30.8486    11.6953          0          0  0.000e+00
  1023.3359      4.631      4.668    30.7084    11.6878          0          0  0.000e+00
  1023.3822      4.748      4.787    30.7428    11.5812          0          0  0.000e+00
  1023.4535      4.912      4.953    30.8055    11.4585          0          0  0.000e+00
  1023.5100      5.127      5.169    30.8558    11.3657          0          0  0.000e+00
  1023.5186      5.366      5.410    30.8496    11.2955          0          0  0.000e+00
