data/eDNA/PER-2022-473/473A021.cnv
* Sea-Bird SBE19plus  Data File:
* FileName = C:\Users\RSG_field\Ryan_Perley2022473\CTD\473A021.hex
* Software version 2.3.0 SB_Terminal.dll
* Temperature SN = 7141
* Conductivity SN = 7141
* System UpLoad Time = Aug 14 2022 14:35:25
* <ApplicationData>
* <SeatermAF>
** Platform: M. Perley
** Cruise: Per2022473
** Station:  SAB_Trans_04
** Cast: 01
** Latitude: N  46 03.5750
** Longitude: W 59 09.8696
** Sounding: 81,6
** Chief Scientist: Ryan Stanley
** Comment: CastID 473A021 SampleID 493878-493883
** Cast 39
# nquan = 8
# nvalues = 3055                                  
# units = specified
# name 0 = density00: Density [density, kg/m^3]
# name 1 = depSM: Depth [salt water, m], lat = 45.00
# name 2 = prdM: Pressure, Strain Gauge [db]
# name 3 = sal00: Salinity, Practical [PSU]
# name 4 = tv290C: Temperature [ITS-90, deg C]
# name 5 = bpos: Bottle Position in Carousel
# name 6 = nbf: Bottles Fired
# name 7 = flag:  0.000e+00
# span 0 =   998.5543,  1026.4125                 
# span 1 =     -0.121,     79.074                 
# span 2 =     -0.122,     79.736                 
# span 3 =     0.0673,    32.6613                 
# span 4 =     2.1459,    20.3724                 
# span 5 =          0,          6                 
# span 6 =          0,          2                 
# span 7 = 0.0000e+00, 0.0000e+00                 
# interval = seconds: 0.25
# start_time = Aug 14 2022 14:18:04 [Instrument's time stamp, header]
# bad_flag = -9.990e-29
*END*
[from data line 2158]
  1026.1933     66.985     67.544    32.4331     2.5309          1          1  0.000e+00
  1026.1918     66.910     67.469    32.4312     2.5262          1          1  0.000e+00
  1026.1787     66.843     67.401    32.4147     2.5212          1          1  0.000e+00
  1026.1761     66.789     67.347    32.4110     2.5141          1          1  0.000e+00
  1026.1777     66.748     67.305    32.4127     2.5074          1          1  0.000e+00
  1026.1699     66.716     67.273    32.4024     2.5019          1          1  0.000e+00
  1026.1705     66.697     67.254    32.4027     2.4958          1          1  0.000e+00
  1026.1703     66.682     67.239    32.4020     2.4905          1          1  0.000e+00
  1026.1703     66.665     67.222    32.4017     2.4858          1          1  0.000e+00
  1026.1708     66.643     67.199    32.4020     2.4819          1          1  0.000e+00
  1026.1733     66.607     67.163    32.4050     2.4790          1          1  0.000e+00
  1026.1790     66.554     67.109    32.4124     2.4776          1          1  0.000e+00
  1026.1876     66.478     67.033    32.4237     2.4787          1          1  0.000e+00
  1026.1835     66.382     66.936    32.4195     2.4826          1          1  0.000e+00
  1026.1789     66.268     66.821    32.4148     2.4858          1          1  0.000e+00
  1026.1764     66.142     66.694    32.4126     2.4877          1          1  0.000e+00
  1026.1716     66.012     66.563    32.4075     2.4886          1          1  0.000e+00
  1026.1667     65.879     66.429    32.4020     2.4880          1          1  0.000e+00
  1026.1654     65.760     66.309    32.4009     2.4859          1          1  0.000e+00
  1026.1654     65.656     66.204    32.4013     2.4836          1          1  0.000e+00
  1026.1621     65.572     66.119    32.3975     2.4816          1          1  0.000e+00
  1026.1589     65.507     66.054    32.3936     2.4791          1          1  0.000e+00
  1026.1540     65.456     66.003    32.3873     2.4754          1          1  0.000e+00
  1026.1470     65.427     65.973    32.3783     2.4706          1          1  0.000e+00
  1026.1518     65.401     65.947    32.3840     2.4651          1          1  0.000e+00
  1026.1471     65.373     65.918    32.3777     2.4607          1          1  0.000e+00
  1026.1456     65.342     65.887    32.3757     2.4571          1          1  0.000e+00
  1026.1462     65.302     65.847    32.3763     2.4535          1          1  0.000e+00
  1026.1478     65.247     65.791    32.3784     2.4511          1          1  0.000e+00
  1026.1549     65.183     65.727    32.3876     2.4502          1          1  0.000e+00
  1026.1576     65.102     65.646    32.3916     2.4516          1          1  0.000e+00
  1026.1530     65.021     65.563    32.3865     2.4540          1          1  0.000e+00
  1026.1504     64.937     65.479    32.3840     2.4556          1          1  0.000e+00
  1026.1473     64.855     65.397    32.3806     2.4563          1          1  0.000e+00
  1026.1440     64.780     65.321    32.3770     2.4561          1          1  0.000e+00
  1026.1447     64.708     65.248    32.3781     2.4551          1          1  0.000e+00
  1026.1422     64.640     65.180    32.3753     2.4542          1          1  0.000e+00
  1026.1392     64.578     65.116    32.3718     2.4530          1          1  0.000e+00
  1026.1362     64.509     65.047    32.3682     2.4511          1          1  0.000e+00
  1026.1347     64.438     64.975    32.3666     2.4487          1          1  0.000e+00
  1026.1337     64.357     64.894    32.3656     2.4462          1          1  0.000e+00
  1026.1414     64.272     64.809    32.3755     2.4440          1          1  0.000e+00
  1026.1413     64.175     64.710    32.3759     2.4438          1          1  0.000e+00
  1026.1350     64.072     64.606    32.3688     2.4446          1          1  0.000e+00
  1026.1384     63.967     64.501    32.3736     2.4440          1          1  0.000e+00
  1026.1412     63.865     64.398    32.3777     2.4445          1          1  0.000e+00
  1026.1347     63.769     64.301    32.3704     2.4469          1          1  0.000e+00
  1026.1322     63.683     64.214    32.3679     2.4479          1          1  0.000e+00
  1026.1308     63.611     64.141    32.3664     2.4464          1          1  0.000e+00
  1026.1365     63.544     64.074    32.3737     2.4448          1          1  0.000e+00
  1026.1326     63.488     64.017    32.3691     2.4443          1          1  0.000e+00
  1026.1212     63.439     63.968    32.3550     2.4428          1          1  0.000e+00
  1026.1142     63.397     63.925    32.3460     2.4375          1          1  0.000e+00
  1026.1089     63.349     63.877    32.3390     2.4312          1          1  0.000e+00
  1026.1130     63.297     63.825    32.3438     2.4245          1          1  0.000e+00
  1026.1160     63.237     63.764    32.3474     2.4198          1          1  0.000e+00
  1026.1255     63.169     63.696    32.3595     2.4177          1          1  0.000e+00
  1026.1242     63.090     63.616    32.3585     2.4188          1          1  0.000e+00
  1026.1270     63.010     63.535    32.3627     2.4208          1          1  0.000e+00
  1026.1262     62.922     63.446    32.3624     2.4232          1          1  0.000e+00
  1026.1255     62.841     63.365    32.3623     2.4254          1          1  0.000e+00
  1026.1223     62.765     63.288    32.3589     2.4276          1          1  0.000e+00
  1026.1189     62.701     63.224    32.3552     2.4290          1          1  0.000e+00
  1026.1161     62.647     63.170    32.3519     2.4285          1          1  0.000e+00
  1026.1151     62.604     63.126    32.3508     2.4270          1          1  0.000e+00
  1026.1084     62.568     63.089    32.3424     2.4246          1          1  0.000e+00
  1026.0898     62.532     63.053    32.3189     2.4203          1          1  0.000e+00
  1026.0899     62.491     63.012    32.3183     2.4117          1          1  0.000e+00
  1026.0932     62.433     62.954    32.3220     2.4034          1          1  0.000e+00
  1026.1080     62.359     62.879    32.3405     2.3977          1          1  0.000e+00
  1026.1190     62.265     62.784    32.3548     2.3979          1          1  0.000e+00
  1026.1125     62.155     62.674    32.3477     2.4019          1          1  0.000e+00
  1026.1090     62.032     62.549    32.3443     2.4051          1          1  0.000e+00
  1026.0983     61.903     62.419    32.3319     2.4064          1          1  0.000e+00
  1026.0995     61.766     62.281    32.3341     2.4050          1          1  0.000e+00
  1026.1004     61.630     62.143    32.3359     2.4037          1          1  0.000e+00
  1026.0953     61.512     62.025    32.3301     2.4032          1          1  0.000e+00
  1026.0931     61.408     61.920    32.3279     2.4017          1          1  0.000e+00
  1026.0896     61.321     61.832    32.3237     2.3991          1          1  0.000e+00
  1026.0885     61.250     61.760    32.3225     2.3956          1          1  0.000e+00
  1026.0857     61.198     61.708    32.3189     2.3920          1          1  0.000e+00
  1026.0753     61.166     61.676    32.3056     2.3875          1          1  0.000e+00
  1026.0812     61.149     61.659    32.3125     2.3807          1          1  0.000e+00
  1026.0805     61.144     61.654    32.3111     2.3756          1          1  0.000e+00
  1026.0725     61.147     61.657    32.3006     2.3713          1          1  0.000e+00
  1026.0778     61.151     61.661    32.3066     2.3652          1          1  0.000e+00
  1026.0799     61.147     61.657    32.3090     2.3614          1          1  0.000e+00
  1026.0803     61.129     61.639    32.3093     2.3594          1          1  0.000e+00
  1026.0821     61.102     61.611    32.3116     2.3581          1          1  0.000e+00
  1026.0863     61.049     61.557    32.3172     2.3580          1          1  0.000e+00
  1026.0859     60.980     61.488    32.3172     2.3597          1          1  0.000e+00
  1026.0833     60.887     61.395    32.3147     2.3616          1          1  0.000e+00
  1026.0821     60.786     61.292    32.3139     2.3627          1          1  0.000e+00
  1026.0818     60.672     61.178    32.3144     2.3637          1          1  0.000e+00
  1026.0780     60.554     61.058    32.3104     2.3647          1          1  0.000e+00
  1026.0756     60.434     60.937    32.3080     2.3646          1          1  0.000e+00
  1026.0752     60.319     60.822    32.3081     2.3637          1          1  0.000e+00
  1026.0742     60.211     60.713    32.3074     2.3627          1          1  0.000e+00
  1026.0715     60.107     60.608    32.3046     2.3618          1          1  0.000e+00
  1026.0701     60.007     60.507    32.3033     2.3603          1          1  0.000e+00
  1026.0713     59.911     60.410    32.3052     2.3584          1          1  0.000e+00
  1026.0706     59.816     60.314    32.3047     2.3572          1          1  0.000e+00
  1026.0684     59.725     60.222    32.3025     2.3563          1          1  0.000e+00
  1026.0668     59.632     60.129    32.3008     2.3547          1          1  0.000e+00
  1026.0628     59.546     60.042    32.2962     2.3526          1          1  0.000e+00
  1026.0594     59.462     59.957    32.2921     2.3497          1          1  0.000e+00
  1026.0632     59.380     59.875    32.2970     2.3463          1          1  0.000e+00
  1026.0666     59.304     59.798    32.3016     2.3443          1          1  0.000e+00
  1026.0662     59.233     59.726    32.3014     2.3442          1          1  0.000e+00
  1026.0654     59.165     59.658    32.3008     2.3444          1          1  0.000e+00
  1026.0595     59.098     59.590    32.2940     2.3444          1          1  0.000e+00
  1026.0584     59.032     59.524    32.2928     2.3430          1          1  0.000e+00
  1026.0611     58.970     59.461    32.2964     2.3410          1          1  0.000e+00
  1026.0597     58.903     59.394    32.2950     2.3402          1          1  0.000e+00
  1026.0592     58.838     59.328    32.2946     2.3397          1          1  0.000e+00
  1026.0573     58.782     59.272    32.2925     2.3390          1          1  0.000e+00
  1026.0573     58.722     59.211    32.2927     2.3378          1          1  0.000e+00
  1026.0606     58.674     59.163    32.2971     2.3371          1          1  0.000e+00
  1026.0583     58.622     59.110    32.2946     2.3375          1          1  0.000e+00
  1026.0574     58.580     59.067    32.2937     2.3380          1          1  0.000e+00
  1026.0558     58.531     59.018    32.2920     2.3380          1          1  0.000e+00
  1026.0535     58.485     58.972    32.2894     2.3372          1          1  0.000e+00
  1026.0401     58.435     58.922    32.2727     2.3351          1          1  0.000e+00
  1026.0509     58.378     58.864    32.2862     2.3308          1          1  0.000e+00
  1026.0544     58.310     58.796    32.2908     2.3291          1          1  0.000e+00
  1026.0514     58.232     58.717    32.2875     2.3300          1          1  0.000e+00
  1026.0476     58.136     58.621    32.2833     2.3300          1          1  0.000e+00
  1026.0492     58.030     58.514    32.2859     2.3286          1          1  0.000e+00
  1026.0456     57.915     58.397    32.2819     2.3280          1          1  0.000e+00
  1026.0499     57.786     58.267    32.2880     2.3273          1          1  0.000e+00
  1026.0475     57.662     58.142    32.2858     2.3277          1          1  0.000e+00
  1026.0443     57.540     58.019    32.2825     2.3281          1          1  0.000e+00
  1026.0426     57.429     57.908    32.2810     2.3274          1          1  0.000e+00
  1026.0394     57.335     57.812    32.2775     2.3263          1          1  0.000e+00
  1026.0353     57.259     57.735    32.2725     2.3240          1          1  0.000e+00
  1026.0375     57.200     57.677    32.2754     2.3206          1          1  0.000e+00
  1026.0385     57.153     57.628    32.2766     2.3174          1          1  0.000e+00
  1026.0320     57.115     57.590    32.2683     2.3143          1          1  0.000e+00
  1026.0314     57.082     57.557    32.2673     2.3094          1          1  0.000e+00
  1026.0336     57.053     57.528    32.2697     2.3045          1          1  0.000e+00
  1026.0334     57.020     57.495    32.2694     2.3009          1          1  0.000e+00
  1026.0324     56.976     57.450    32.2680     2.2978          1          1  0.000e+00
  1026.0308     56.922     57.395    32.2661     2.2948          1          1  0.000e+00
  1026.0173     56.855     57.328    32.2493     2.2914          1          1  0.000e+00
  1026.0342     56.777     57.250    32.2703     2.2856          1          1  0.000e+00
  1026.0428     56.689     57.161    32.2815     2.2840          1          1  0.000e+00
  1026.0402     56.599     57.070    32.2791     2.2870          1          1  0.000e+00
  1026.0403     56.507     56.977    32.2801     2.2903          1          1  0.000e+00
  1026.0371     56.419     56.889    32.2768     2.2936          1          1  0.000e+00
  1026.0287     56.333     56.802    32.2670     2.2957          1          1  0.000e+00
  1026.0267     56.258     56.726    32.2649     2.2949          1          1  0.000e+00
  1026.0229     56.184     56.651    32.2605     2.2935          1          1  0.000e+00
  1026.0180     56.112     56.579    32.2546     2.2913          1          1  0.000e+00
  1026.0168     56.042     56.508    32.2530     2.2871          1          1  0.000e+00
  1026.0205     55.962     56.428    32.2577     2.2827          1          1  0.000e+00
  1026.0227     55.872     56.337    32.2607     2.2800          1          1  0.000e+00
  1026.0259     55.770     56.234    32.2652     2.2784          1          1  0.000e+00
  1026.0273     55.658     56.121    32.2677     2.2786          1          1  0.000e+00
  1026.0144     55.533     55.995    32.2524     2.2802          1          1  0.000e+00
  1026.0102     55.407     55.868    32.2477     2.2777          1          1  0.000e+00
  1026.0142     55.280     55.739    32.2531     2.2745          1          1  0.000e+00
  1026.0160     55.159     55.618    32.2560     2.2730          1          1  0.000e+00
  1026.0088     55.053     55.511    32.2475     2.2720          1          1  0.000e+00
  1026.0075     54.967     55.424    32.2461     2.2695          1          1  0.000e+00
  1026.0105     54.906     55.363    32.2499     2.2662          1          1  0.000e+00
  1026.0124     54.869     55.326    32.2524     2.2638          1          1  0.000e+00
  1026.0117     54.853     55.310    32.2514     2.2630          1          1  0.000e+00
  1026.0058     54.860     55.316    32.2438     2.2612          1          1  0.000e+00
  1025.9945     54.870     55.327    32.2293     2.2581          1          1  0.000e+00
  1025.9892     54.886     55.343    32.2220     2.2512          1          1  0.000e+00
  1025.9797     54.893     55.349    32.2093     2.2437          1          1  0.000e+00
  1025.9824     54.884     55.341    32.2118     2.2343          1          1  0.000e+00
  1025.9915     54.851     55.308    32.2227     2.2262          1          1  0.000e+00
  1025.9993     54.794     55.250    32.2324     2.2226          1          1  0.000e+00
  1026.0129     54.710     55.165    32.2500     2.2234          1          1  0.000e+00
  1026.0145     54.604     55.059    32.2531     2.2285          1          1  0.000e+00
  1026.0047     54.487     54.940    32.2420     2.2342          1          1  0.000e+00
  1025.9974     54.357     54.809    32.2340     2.2366          1          1  0.000e+00
  1025.9905     54.228     54.679    32.2261     2.2366          1          1  0.000e+00
