data/eDNA/PER-2022-473/473A028.cnv
* Sea-Bird SBE19plus  Data File:
* FileName = C:\Users\RSG_field\Ryan_Perley2022473\CTD\473A028.hex
* Software version 2.3.0 SB_Terminal.dll
* Temperature SN = 7141
* Conductivity SN = 7141
* System UpLoad Time = Aug 16 2022 16:44:53
* <ApplicationData>
* <SeatermAF>
** Platform: M. Perley
** Cruise: Per2022473
** Station:  SAB_Trans_13
** Cast: 01 473A028
** Latitude: N  46 08.6786
** Longitude: W 58 56.3792
** Sounding: 104.8
** Chief Scientist: Ryan Stanley
** Comment: Bottles 493921-43926 - sounding based on plumb line cast 47
# nquan = 8
# nvalues = 4144                                  
# units = specified
# name 0 = density00: Density [density, kg/m^3]
# name 1 = depSM: Depth [salt water, m], lat = 45.00
# name 2 = prdM: Pressure, Strain Gauge [db]
# name 3 = sal00: Salinity, Practical [PSU]
# name 4 = tv290C: Temperature [ITS-90, deg C]
# name 5 = bpos: Bottle Position in Carousel
# name 6 = nbf: Bottles Fired
# name 7 = flag:  0.000e+00
# span 0 =   998.5555,  1027.0802                 
# span 1 =     -0.041,    110.136                 
# span 2 =     -0.041,    111.067                 
# span 3 =     0.1567,    33.5927                 
# span 4 =     1.9692,    20.4120                 
# span 5 =          0,          6                 
# span 6 =          0,          2                 
# span 7 = 0.0000e+00, 0.0000e+00                 
# interval = seconds: 0.25
# start_time = Aug 16 2022 16:23:35 [Instrument's time stamp, header]
# bad_flag = -9.990e-29
*END*
[from data line 360]
  1020.1949      5.100      5.142    29.0946    20.3578          0          0  0.000e+00
  1020.1961      5.157      5.200    29.0952    20.3560          0          0  0.000e+00
  1020.1897      5.228      5.271    29.0857    20.3540          0          0  0.000e+00
  1020.1944      5.310      5.354    29.0883    20.3448          0          0  0.000e+00
  1020.1981      5.402      5.446    29.0886    20.3330          0          0  0.000e+00
  1020.1940      5.499      5.544    29.0784    20.3202          0          0  0.000e+00
  1020.2121      5.605      5.651    29.0925    20.2936          0          0  0.000e+00
  1020.2362      5.712      5.759    29.1153    20.2690          0          0  0.000e+00
  1020.2389      5.823      5.871    29.1158    20.2618          0          0  0.000e+00
  1020.2390      5.932      5.981    29.1131    20.2555          0          0  0.000e+00
  1020.2496      6.038      6.088    29.1223    20.2431          0          0  0.000e+00
  1020.2559      6.138      6.188    29.1275    20.2358          0          0  0.000e+00
  1020.2535      6.231      6.282    29.1226    20.2322          0          0  0.000e+00
  1020.2520      6.325      6.377    29.1166    20.2219          0          0  0.000e+00
  1020.2667      6.417      6.469    29.1271    20.1974          0          0  0.000e+00
  1020.2834      6.501      6.555    29.1401    20.1723          0          0  0.000e+00
  1020.2971      6.585      6.639    29.1507    20.1519          0          0  0.000e+00
  1020.3058      6.669      6.724    29.1563    20.1356          0          0  0.000e+00
  1020.3126      6.748      6.804    29.1594    20.1198          0          0  0.000e+00
  1020.3222      6.820      6.876    29.1662    20.1035          0          0  0.000e+00
  1020.3327      6.891      6.948    29.1743    20.0880          0          0  0.000e+00
  1020.3384      6.954      7.011    29.1773    20.0758          0          0  0.000e+00
  1020.3462      7.007      7.064    29.1832    20.0636          0          0  0.000e+00
  1020.3538      7.056      7.114    29.1893    20.0527          0          0  0.000e+00
  1020.3597      7.102      7.161    29.1940    20.0442          0          0  0.000e+00
  1020.3648      7.148      7.207    29.1979    20.0366          0          0  0.000e+00
  1020.3699      7.197      7.256    29.2023    20.0308          0          0  0.000e+00
  1020.3713      7.253      7.312    29.2029    20.0281          0          0  0.000e+00
  1020.3733      7.319      7.379    29.2041    20.0251          0          0  0.000e+00
  1020.3765      7.396      7.457    29.2066    20.0213          0          0  0.000e+00
  1020.3810      7.484      7.545    29.2106    20.0171          0          0  0.000e+00
  1020.3872      7.576      7.638    29.2168    20.0129          0          0  0.000e+00
  1020.3936      7.678      7.741    29.2229    20.0079          0          0  0.000e+00
  1020.4028      7.785      7.849    29.2330    20.0037          0          0  0.000e+00
  1020.4157      7.896      7.961    29.2481    20.0001          0          0  0.000e+00
  1020.4242      8.003      8.069    29.2578    19.9975          0          0  0.000e+00
  1020.4269      8.106      8.173    29.2593    19.9930          0          0  0.000e+00
  1020.4438      8.202      8.269    29.2780    19.9843          0          0  0.000e+00
  1020.4607      8.295      8.363    29.2967    19.9755          0          0  0.000e+00
  1020.4673      8.384      8.453    29.3032    19.9704          0          0  0.000e+00
  1020.4791      8.474      8.543    29.3169    19.9667          0          0  0.000e+00
  1020.4833      8.560      8.630    29.3199    19.9605          0          0  0.000e+00
  1020.4695      8.662      8.733    29.2970    19.9480          0          0  0.000e+00
  1020.4739      8.766      8.838    29.2920    19.9176          0          0  0.000e+00
  1020.4882      8.857      8.929    29.2957    19.8740          0          0  0.000e+00
  1020.4908      8.910      8.983    29.2835    19.8281          0          0  0.000e+00
  1020.5132      8.933      9.006    29.2954    19.7761          0          0  0.000e+00
  1020.5452      8.946      9.019    29.3213    19.7276          0          0  0.000e+00
  1020.5750      8.957      9.031    29.3502    19.6968          0          0  0.000e+00
  1020.5820      8.966      9.039    29.3554    19.6847          0          0  0.000e+00
  1020.5972      8.972      9.046    29.3735    19.6795          0          0  0.000e+00
  1020.6165      8.980      9.053    29.4012    19.6864          0          0  0.000e+00
  1020.6132      8.986      9.060    29.4051    19.7116          0          0  0.000e+00
  1020.5912      9.001      9.075    29.3873    19.7451          0          0  0.000e+00
  1020.5713      9.028      9.102    29.3699    19.7722          0          0  0.000e+00
  1020.5343      9.073      9.147    29.3261    19.7872          0          0  0.000e+00
  1020.4748      9.135      9.210    29.2434    19.7748          0          0  0.000e+00
  1020.4639      9.214      9.289    29.2075    19.7111          0          0  0.000e+00
  1020.4850      9.308      9.384    29.2037    19.6177          0          0  0.000e+00
  1020.5215      9.420      9.498    29.2179    19.5172          0          0  0.000e+00
  1020.5685      9.540      9.619    29.2480    19.4235          0          0  0.000e+00
  1020.6161      9.665      9.745    29.2834    19.3427          0          0  0.000e+00
  1020.6490      9.789      9.870    29.3049    19.2786          0          0  0.000e+00
  1020.6343      9.915      9.997    29.2665    19.2225          0          0  0.000e+00
  1020.5337     10.038     10.121    29.1072    19.1409          0          0  0.000e+00
  1020.4816     10.160     10.244    28.9844    18.9745          0          0  0.000e+00
  1020.6011     10.282     10.367    29.0646    18.7379          0          0  0.000e+00
  1020.7368     10.402     10.487    29.1745    18.5264          0          0  0.000e+00
  1020.8001     10.526     10.612    29.2100    18.3783          0          0  0.000e+00
  1020.8299     10.652     10.740    29.2114    18.2610          0          0  0.000e+00
  1020.8700     10.779     10.868    29.2250    18.1393          0          0  0.000e+00
  1020.8581     10.900     10.990    29.1683    18.0094          0          0  0.000e+00
  1020.8483     11.019     11.109    29.1045    17.8470          0          0  0.000e+00
  1020.9055     11.122     11.213    29.1194    17.6538          0          0  0.000e+00
  1021.0059     11.209     11.301    29.1947    17.4717          0          0  0.000e+00
  1021.0754     11.276     11.369    29.2432    17.3332          0          0  0.000e+00
  1021.1197     11.325     11.418    29.2690    17.2278          0          0  0.000e+00
  1021.1770     11.357     11.450    29.3192    17.1461          0          0  0.000e+00
  1021.2101     11.378     11.472    29.3470    17.0947          0          0  0.000e+00
  1021.2606     11.387     11.480    29.4042    17.0659          0          0  0.000e+00
  1021.2966     11.392     11.486    29.4532    17.0726          0          0  0.000e+00
  1021.2774     11.395     11.489    29.4395    17.1103          0          0  0.000e+00
  1021.2708     11.408     11.502    29.4407    17.1436          0          0  0.000e+00
  1021.2686     11.433     11.527    29.4471    17.1749          0          0  0.000e+00
  1021.2538     11.477     11.571    29.4385    17.2113          0          0  0.000e+00
  1021.2166     11.534     11.629    29.3991    17.2433          0          0  0.000e+00
  1021.1509     11.614     11.709    29.3171    17.2579          0          0  0.000e+00
  1021.0454     11.714     11.810    29.1678    17.2219          0          0  0.000e+00
  1021.0452     11.832     11.929    29.1310    17.1024          0          0  0.000e+00
  1021.1209     11.955     12.053    29.1857    16.9565          0          0  0.000e+00
  1021.1698     12.083     12.182    29.2130    16.8357          0          0  0.000e+00
  1021.1967     12.209     12.309    29.2178    16.7352          0          0  0.000e+00
  1021.2282     12.326     12.427    29.2310    16.6427          0          0  0.000e+00
  1021.2631     12.432     12.534    29.2506    16.5560          0          0  0.000e+00
  1021.3081     12.525     12.628    29.2855    16.4764          0          0  0.000e+00
  1021.3391     12.601     12.705    29.3066    16.4114          0          0  0.000e+00
  1021.3712     12.673     12.778    29.3323    16.3574          0          0  0.000e+00
  1021.3918     12.744     12.849    29.3472    16.3176          0          0  0.000e+00
  1021.4015     12.814     12.920    29.3512    16.2890          0          0  0.000e+00
  1021.4024     12.887     12.992    29.3452    16.2654          0          0  0.000e+00
  1021.4017     12.961     13.067    29.3365    16.2403          0          0  0.000e+00
  1021.4060     13.036     13.143    29.3334    16.2113          0          0  0.000e+00
  1021.4091     13.112     13.220    29.3276    16.1792          0          0  0.000e+00
  1021.4151     13.191     13.299    29.3251    16.1445          0          0  0.000e+00
  1021.4247     13.262     13.371    29.3262    16.1064          0          0  0.000e+00
  1021.4337     13.330     13.439    29.3257    16.0649          0          0  0.000e+00
  1021.4437     13.390     13.500    29.3255    16.0198          0          0  0.000e+00
  1021.4661     13.446     13.557    29.3413    15.9742          0          0  0.000e+00
  1021.4816     13.497     13.608    29.3506    15.9369          0          0  0.000e+00
  1021.4874     13.547     13.658    29.3491    15.9059          0          0  0.000e+00
  1021.4899     13.594     13.705    29.3433    15.8756          0          0  0.000e+00
  1021.4905     13.642     13.754    29.3349    15.8439          0          0  0.000e+00
  1021.4993     13.695     13.808    29.3357    15.8074          0          0  0.000e+00
  1021.4926     13.756     13.869    29.3157    15.7689          0          0  0.000e+00
  1021.5086     13.820     13.934    29.3219    15.7184          0          0  0.000e+00
  1021.5311     13.891     14.006    29.3349    15.6618          0          0  0.000e+00
  1021.5670     13.971     14.086    29.3652    15.6048          0          0  0.000e+00
  1021.5966     14.055     14.170    29.3900    15.5579          0          0  0.000e+00
  1021.6372     14.150     14.266    29.4289    15.5097          0          0  0.000e+00
  1021.6742     14.249     14.366    29.4635    15.4633          0          0  0.000e+00
  1021.7023     14.354     14.471    29.4888    15.4247          0          0  0.000e+00
  1021.7265     14.460     14.578    29.5103    15.3908          0          0  0.000e+00
  1021.7433     14.567     14.686    29.5243    15.3649          0          0  0.000e+00
  1021.7554     14.679     14.800    29.5335    15.3442          0          0  0.000e+00
  1021.7658     14.784     14.905    29.5410    15.3245          0          0  0.000e+00
  1021.7770     14.888     15.010    29.5493    15.3041          0          0  0.000e+00
  1021.7828     14.981     15.104    29.5511    15.2851          0          0  0.000e+00
  1021.7876     15.066     15.190    29.5508    15.2633          0          0  0.000e+00
  1021.7963     15.138     15.262    29.5546    15.2375          0          0  0.000e+00
  1021.7988     15.200     15.325    29.5500    15.2106          0          0  0.000e+00
  1021.8220     15.250     15.376    29.5717    15.1807          0          0  0.000e+00
  1021.8370     15.295     15.421    29.5847    15.1583          0          0  0.000e+00
  1021.8518     15.330     15.456    29.6002    15.1451          0          0  0.000e+00
  1021.8734     15.364     15.490    29.6274    15.1426          0          0  0.000e+00
  1021.8795     15.395     15.522    29.6398    15.1595          0          0  0.000e+00
  1021.8598     15.437     15.564    29.6219    15.1886          0          0  0.000e+00
  1021.8451     15.483     15.611    29.6090    15.2117          0          0  0.000e+00
  1021.8179     15.541     15.668    29.5770    15.2256          0          0  0.000e+00
  1021.7971     15.611     15.739    29.5474    15.2174          0          0  0.000e+00
  1021.8174     15.689     15.818    29.5629    15.1799          0          0  0.000e+00
  1021.8516     15.778     15.908    29.5955    15.1388          0          0  0.000e+00
  1021.8785     15.875     16.005    29.6215    15.1078          0          0  0.000e+00
  1021.8972     15.977     16.109    29.6394    15.0866          0          0  0.000e+00
  1021.9118     16.081     16.214    29.6537    15.0718          0          0  0.000e+00
  1021.9206     16.185     16.318    29.6622    15.0635          0          0  0.000e+00
  1021.9437     16.285     16.419    29.6907    15.0600          0          0  0.000e+00
  1021.9828     16.381     16.516    29.7409    15.0595          0          0  0.000e+00
  1022.0151     16.473     16.609    29.7827    15.0606          0          0  0.000e+00
  1022.0336     16.561     16.698    29.8058    15.0595          0          0  0.000e+00
  1022.0397     16.650     16.787    29.8122    15.0555          0          0  0.000e+00
  1022.0486     16.733     16.871    29.8211    15.0475          0          0  0.000e+00
  1022.0615     16.819     16.957    29.8329    15.0312          0          0  0.000e+00
  1022.0809     16.903     17.042    29.8510    15.0072          0          0  0.000e+00
  1022.0951     16.978     17.118    29.8637    14.9876          0          0  0.000e+00
  1022.1120     17.052     17.192    29.8795    14.9664          0          0  0.000e+00
  1022.1340     17.115     17.256    29.9014    14.9434          0          0  0.000e+00
  1022.1536     17.172     17.313    29.9197    14.9186          0          0  0.000e+00
  1022.1758     17.222     17.363    29.9426    14.8982          0          0  0.000e+00
  1022.2006     17.266     17.408    29.9689    14.8769          0          0  0.000e+00
  1022.2209     17.309     17.451    29.9886    14.8535          0          0  0.000e+00
  1022.2331     17.353     17.496    30.0001    14.8381          0          0  0.000e+00
  1022.2372     17.392     17.536    30.0035    14.8321          0          0  0.000e+00
  1022.2332     17.442     17.586    29.9991    14.8359          0          0  0.000e+00
  1022.2302     17.490     17.634    29.9969    14.8430          0          0  0.000e+00
  1022.2204     17.542     17.686    29.9855    14.8494          0          0  0.000e+00
  1022.2183     17.607     17.751    29.9804    14.8420          0          0  0.000e+00
  1022.2336     17.677     17.822    29.9935    14.8189          0          0  0.000e+00
  1022.2518     17.751     17.897    30.0103    14.7950          0          0  0.000e+00
  1022.2610     17.842     17.989    30.0167    14.7764          0          0  0.000e+00
  1022.2655     17.935     18.083    30.0171    14.7581          0          0  0.000e+00
  1022.2779     18.042     18.191    30.0265    14.7363          0          0  0.000e+00
  1022.2774     18.158     18.307    30.0202    14.7176          0          0  0.000e+00
  1022.2988     18.274     18.425    30.0408    14.6934          0          0  0.000e+00
  1022.3692     18.398     18.550    30.1231    14.6625          0          0  0.000e+00
  1022.4453     18.525     18.677    30.2093    14.6180          0          0  0.000e+00
  1022.5298     18.652     18.805    30.3036    14.5639          0          0  0.000e+00
  1022.6155     18.777     18.931    30.4012    14.5154          0          0  0.000e+00
  1022.6238     18.902     19.057    30.3972    14.4633          0          0  0.000e+00
  1022.6626     19.016     19.173    30.4210    14.3667          0          0  0.000e+00
