data/eDNA/PER-2022-473/473A024.cnv
* Sea-Bird SBE19plus  Data File:
* FileName = C:\Users\RSG_field\Ryan_Perley2022473\CTD\473A024.hex
* Software version 2.3.0 SB_Terminal.dll
* Temperature SN = 7141
* Conductivity SN = 7141
* System UpLoad Time = Aug 16 2022 13:19:48
* <ApplicationData>
* <SeatermAF>
** Platform: M. Perley
** Cruise: Per2022473
** Station:  SAB_Trans_09
** Cast: 01 473A024
** Latitude: N  45 59.6423
** Longitude: W 59 12.1980
** Sounding: 38
** Chief Scientist: Ryan Stanley
** Comment: Bottles 493896-43902 - sounding based on plumb line
# nquan = 8
# nvalues = 2612                                  
# units = specified
# name 0 = density00: Density [density, kg/m^3]
# name 1 = depSM: Depth [salt water, m], lat = 45.00
# name 2 = prdM: Pressure, Strain Gauge [db]
# name 3 = sal00: Salinity, Practical [PSU]
# name 4 = tv290C: Temperature [ITS-90, deg C]
# name 5 = bpos: Bottle Position in Carousel
# name 6 = nbf: Bottles Fired
# name 7 = flag:  0.000e+00
# span 0 =   998.1194,  1025.0829                 
# span 1 =     -0.037,     33.429                 
# span 2 =     -0.037,     33.706                 
# span 3 =     0.0139,    31.7465                 
# span 4 =     5.3642,    20.4984                 
# span 5 =          0,          6                 
# span 6 =          0,          2                 
# span 7 = 0.0000e+00, 0.0000e+00                 
# interval = seconds: 0.25
# start_time = Aug 16 2022 13:05:01 [Instrument's time stamp, header]
# bad_flag = -9.990e-29
*END*
[from data line 1618]
  1024.7799     29.837     30.084    31.2744     5.7403          1          1  0.000e+00
  1024.7535     29.927     30.175    31.2409     5.7439          1          1  0.000e+00
  1024.7599     30.051     30.300    31.2461     5.7288          1          1  0.000e+00
  1024.7718     30.196     30.445    31.2577     5.7116          1          1  0.000e+00
  1024.7965     30.345     30.596    31.2865     5.7008          1          1  0.000e+00
  1024.7841     30.489     30.741    31.2703     5.7029          1          1  0.000e+00
  1024.7930     30.622     30.875    31.2804     5.7004          1          1  0.000e+00
  1024.8044     30.729     30.983    31.2944     5.7023          1          1  0.000e+00
  1024.8071     30.807     31.062    31.2991     5.7142          1          1  0.000e+00
  1024.7912     30.853     31.108    31.2817     5.7339          1          1  0.000e+00
  1024.7551     30.872     31.127    31.2377     5.7464          1          1  0.000e+00
  1024.7751     30.869     31.124    31.2640     5.7527          1          1  0.000e+00
  1024.7616     30.849     31.103    31.2473     5.7549          1          1  0.000e+00
  1024.7632     30.814     31.068    31.2484     5.7470          1          1  0.000e+00
  1024.7761     30.768     31.022    31.2634     5.7358          1          1  0.000e+00
  1024.7849     30.715     30.969    31.2741     5.7314          1          1  0.000e+00
  1024.7850     30.657     30.910    31.2750     5.7337          1          1  0.000e+00
  1024.7833     30.588     30.840    31.2739     5.7381          1          1  0.000e+00
  1024.7832     30.510     30.762    31.2750     5.7430          1          1  0.000e+00
  1024.7862     30.427     30.678    31.2802     5.7498          1          1  0.000e+00
  1024.7772     30.338     30.588    31.2709     5.7606          1          1  0.000e+00
  1024.7701     30.253     30.503    31.2637     5.7687          1          1  0.000e+00
  1024.7673     30.172     30.421    31.2613     5.7728          1          1  0.000e+00
  1024.7659     30.102     30.351    31.2602     5.7757          1          1  0.000e+00
  1024.7637     30.048     30.296    31.2582     5.7783          1          1  0.000e+00
  1024.7626     30.011     30.259    31.2573     5.7800          1          1  0.000e+00
  1024.7642     29.993     30.241    31.2596     5.7813          1          1  0.000e+00
  1024.7640     30.002     30.249    31.2598     5.7845          1          1  0.000e+00
  1024.7631     30.031     30.279    31.2591     5.7891          1          1  0.000e+00
  1024.7563     30.086     30.335    31.2508     5.7934          1          1  0.000e+00
  1024.7496     30.163     30.412    31.2421     5.7949          1          1  0.000e+00
  1024.7994     30.260     30.510    31.3045     5.7938          1          1  0.000e+00
  1024.7838     30.374     30.625    31.2888     5.8257          1          1  0.000e+00
  1024.7564     30.495     30.746    31.2587     5.8623          1          1  0.000e+00
  1024.7296     30.612     30.865    31.2275     5.8846          1          1  0.000e+00
  1024.7260     30.717     30.971    31.2232     5.8906          1          1  0.000e+00
  1024.7095     30.804     31.059    31.2018     5.8907          1          1  0.000e+00
  1024.7018     30.858     31.113    31.1898     5.8780          1          1  0.000e+00
  1024.7057     30.880     31.136    31.1909     5.8531          1          1  0.000e+00
  1024.7401     30.866     31.121    31.2304     5.8252          1          1  0.000e+00
  1024.7731     30.815     31.069    31.2711     5.8154          1          1  0.000e+00
  1024.7672     30.734     30.988    31.2663     5.8299          1          1  0.000e+00
  1024.7459     30.633     30.886    31.2426     5.8484          1          1  0.000e+00
  1024.7344     30.524     30.776    31.2296     5.8548          1          1  0.000e+00
  1024.7382     30.414     30.665    31.2347     5.8525          1          1  0.000e+00
  1024.7410     30.315     30.566    31.2387     5.8511          1          1  0.000e+00
  1024.7411     30.233     30.482    31.2395     5.8527          1          1  0.000e+00
  1024.7385     30.173     30.423    31.2370     5.8554          1          1  0.000e+00
  1024.7372     30.136     30.385    31.2359     5.8571          1          1  0.000e+00
  1024.7373     30.118     30.367    31.2362     5.8580          1          1  0.000e+00
  1024.7424     30.123     30.371    31.2430     5.8604          1          1  0.000e+00
  1024.7376     30.141     30.389    31.2377     5.8671          1          1  0.000e+00
  1024.7284     30.171     30.420    31.2267     5.8721          1          1  0.000e+00
  1024.7286     30.208     30.458    31.2266     5.8716          1          1  0.000e+00
  1024.7224     30.250     30.500    31.2183     5.8702          1          1  0.000e+00
  1024.7188     30.293     30.543    31.2126     5.8637          1          1  0.000e+00
  1024.7292     30.333     30.584    31.2236     5.8511          1          1  0.000e+00
  1024.7466     30.371     30.621    31.2440     5.8421          1          1  0.000e+00
  1024.7572     30.402     30.653    31.2579     5.8458          1          1  0.000e+00
  1024.7467     30.433     30.684    31.2464     5.8593          1          1  0.000e+00
  1024.7348     30.464     30.715    31.2326     5.8691          1          1  0.000e+00
  1024.7287     30.500     30.752    31.2251     5.8720          1          1  0.000e+00
  1024.7316     30.541     30.794    31.2283     5.8704          1          1  0.000e+00
  1024.7219     30.588     30.841    31.2156     5.8693          1          1  0.000e+00
  1024.7037     30.635     30.888    31.1906     5.8583          1          1  0.000e+00
  1024.7055     30.681     30.935    31.1881     5.8283          1          1  0.000e+00
  1024.7330     30.717     30.971    31.2173     5.7916          1          1  0.000e+00
  1024.7508     30.737     30.991    31.2355     5.7631          1          1  0.000e+00
  1024.7737     30.736     30.990    31.2616     5.7432          1          1  0.000e+00
  1024.7937     30.715     30.969    31.2862     5.7377          1          1  0.000e+00
  1024.7988     30.665     30.919    31.2944     5.7474          1          1  0.000e+00
  1024.8045     30.595     30.848    31.3051     5.7680          1          1  0.000e+00
  1024.7831     30.506     30.758    31.2831     5.7989          1          1  0.000e+00
  1024.7599     30.406     30.657    31.2579     5.8226          1          1  0.000e+00
  1024.7498     30.302     30.552    31.2473     5.8332          1          1  0.000e+00
  1024.7453     30.200     30.449    31.2426     5.8368          1          1  0.000e+00
  1024.7452     30.109     30.357    31.2432     5.8379          1          1  0.000e+00
  1024.7470     30.038     30.286    31.2462     5.8396          1          1  0.000e+00
  1024.7494     29.996     30.244    31.2502     5.8437          1          1  0.000e+00
  1024.7493     29.992     30.240    31.2511     5.8506          1          1  0.000e+00
  1024.7424     30.020     30.268    31.2435     5.8595          1          1  0.000e+00
  1024.7440     30.081     30.330    31.2462     5.8669          1          1  0.000e+00
  1024.7325     30.171     30.421    31.2325     5.8761          1          1  0.000e+00
  1024.7210     30.282     30.532    31.2178     5.8795          1          1  0.000e+00
  1024.7242     30.400     30.651    31.2201     5.8733          1          1  0.000e+00
  1024.7277     30.515     30.767    31.2229     5.8664          1          1  0.000e+00
  1024.7291     30.621     30.874    31.2232     5.8602          1          1  0.000e+00
  1024.7302     30.710     30.964    31.2230     5.8533          1          1  0.000e+00
  1024.7229     30.771     31.026    31.2120     5.8441          1          1  0.000e+00
  1024.7288     30.807     31.062    31.2168     5.8279          1          1  0.000e+00
  1024.7340     30.814     31.068    31.2207     5.8099          1          1  0.000e+00
  1024.7567     30.794     31.048    31.2467     5.7908          1          1  0.000e+00
  1024.7887     30.749     31.003    31.2871     5.7876          1          1  0.000e+00
  1024.7785     30.687     30.940    31.2773     5.8070          1          1  0.000e+00
  1024.7613     30.606     30.859    31.2591     5.8273          1          1  0.000e+00
  1024.7492     30.514     30.766    31.2461     5.8394          1          1  0.000e+00
  1024.7473     30.417     30.669    31.2451     5.8446          1          1  0.000e+00
  1024.7494     30.321     30.571    31.2489     5.8489          1          1  0.000e+00
  1024.7470     30.231     30.480    31.2475     5.8564          1          1  0.000e+00
  1024.7428     30.154     30.403    31.2439     5.8649          1          1  0.000e+00
  1024.7385     30.098     30.347    31.2399     5.8722          1          1  0.000e+00
  1024.7360     30.064     30.313    31.2379     5.8789          1          1  0.000e+00
  1024.7364     30.056     30.304    31.2395     5.8854          1          1  0.000e+00
  1024.7322     30.071     30.319    31.2353     5.8935          1          1  0.000e+00
  1024.7413     30.109     30.358    31.2476     5.9004          1          1  0.000e+00
  1024.7344     30.170     30.419    31.2406     5.9147          1          1  0.000e+00
  1024.7335     30.263     30.512    31.2415     5.9319          1          1  0.000e+00
  1024.7150     30.365     30.616    31.2201     5.9495          1          1  0.000e+00
  1024.7032     30.477     30.728    31.2058     5.9577          1          1  0.000e+00
  1024.7034     30.590     30.843    31.2053     5.9573          1          1  0.000e+00
  1024.7073     30.684     30.938    31.2093     5.9546          1          1  0.000e+00
  1024.6992     30.761     31.015    31.1985     5.9542          1          1  0.000e+00
  1024.7027     30.804     31.059    31.2022     5.9505          1          1  0.000e+00
  1024.6934     30.813     31.067    31.1896     5.9451          1          1  0.000e+00
  1024.7131     30.784     31.038    31.2130     5.9344          1          1  0.000e+00
  1024.7250     30.722     30.975    31.2281     5.9318          1          1  0.000e+00
  1024.7178     30.635     30.888    31.2205     5.9391          1          1  0.000e+00
  1024.7105     30.529     30.781    31.2127     5.9440          1          1  0.000e+00
  1024.7110     30.421     30.672    31.2140     5.9444          1          1  0.000e+00
  1024.7106     30.313     30.564    31.2142     5.9445          1          1  0.000e+00
  1024.7116     30.229     30.478    31.2160     5.9451          1          1  0.000e+00
  1024.7098     30.166     30.415    31.2144     5.9467          1          1  0.000e+00
  1024.7100     30.129     30.378    31.2150     5.9480          1          1  0.000e+00
  1024.7064     30.122     30.370    31.2106     5.9491          1          1  0.000e+00
  1024.7068     30.141     30.390    31.2109     5.9484          1          1  0.000e+00
  1024.7018     30.177     30.426    31.2042     5.9469          1          1  0.000e+00
  1024.7112     30.227     30.476    31.2151     5.9420          1          1  0.000e+00
  1024.7143     30.284     30.534    31.2184     5.9399          1          1  0.000e+00
  1024.7141     30.338     30.588    31.2182     5.9433          1          1  0.000e+00
  1024.7130     30.386     30.637    31.2171     5.9468          1          1  0.000e+00
  1024.6975     30.423     30.674    31.1977     5.9497          1          1  0.000e+00
  1024.6989     30.444     30.695    31.1984     5.9435          1          1  0.000e+00
  1024.7000     30.456     30.707    31.1981     5.9329          1          1  0.000e+00
  1024.6970     30.451     30.703    31.1921     5.9181          1          1  0.000e+00
  1024.7250     30.439     30.690    31.2250     5.9002          1          1  0.000e+00
  1024.7339     30.418     30.670    31.2360     5.8976          1          1  0.000e+00
  1024.7375     30.399     30.650    31.2418     5.9046          1          1  0.000e+00
  1024.7357     30.382     30.633    31.2413     5.9167          1          1  0.000e+00
  1024.7231     30.374     30.625    31.2275     5.9303          1          1  0.000e+00
  1024.7074     30.375     30.626    31.2088     5.9378          1          1  0.000e+00
  1024.6900     30.386     30.637    31.1858     5.9323          1          1  0.000e+00
  1024.7091     30.403     30.654    31.2070     5.9127          1          1  0.000e+00
  1024.7093     30.426     30.677    31.2052     5.9005          1          1  0.000e+00
  1024.7142     30.452     30.704    31.2096     5.8888          1          1  0.000e+00
  1024.7213     30.477     30.728    31.2167     5.8772          1          1  0.000e+00
  1024.7245     30.494     30.746    31.2192     5.8678          1          1  0.000e+00
  1024.7290     30.500     30.752    31.2237     5.8593          1          1  0.000e+00
  1024.7365     30.502     30.754    31.2320     5.8524          1          1  0.000e+00
  1024.7420     30.488     30.740    31.2387     5.8497          1          1  0.000e+00
  1024.7471     30.466     30.718    31.2455     5.8510          1          1  0.000e+00
  1024.7483     30.439     30.690    31.2480     5.8561          1          1  0.000e+00
  1024.7473     30.408     30.659    31.2481     5.8639          1          1  0.000e+00
  1024.7432     30.382     30.633    31.2443     5.8735          1          1  0.000e+00
  1024.7393     30.364     30.615    31.2409     5.8827          1          1  0.000e+00
  1024.7358     30.358     30.609    31.2377     5.8907          1          1  0.000e+00
  1024.7313     30.362     30.613    31.2331     5.8973          1          1  0.000e+00
  1024.7220     30.374     30.625    31.2218     5.9017          1          1  0.000e+00
  1024.7109     30.389     30.640    31.2074     5.9002          1          1  0.000e+00
  1024.7149     30.410     30.661    31.2109     5.8898          1          1  0.000e+00
  1024.7236     30.432     30.684    31.2199     5.8776          1          1  0.000e+00
  1024.7297     30.453     30.705    31.2263     5.8701          1          1  0.000e+00
  1024.7349     30.470     30.722    31.2323     5.8665          1          1  0.000e+00
  1024.7331     30.478     30.730    31.2300     5.8666          1          1  0.000e+00
  1024.7310     30.476     30.727    31.2273     5.8663          1          1  0.000e+00
  1024.7336     30.456     30.707    31.2303     5.8635          1          1  0.000e+00
  1024.7406     30.425     30.676    31.2391     5.8619          1          1  0.000e+00
  1024.7457     30.384     30.634    31.2463     5.8652          1          1  0.000e+00
  1024.7414     30.349     30.599    31.2422     5.8726          1          1  0.000e+00
  1024.7372     30.323     30.574    31.2380     5.8794          1          1  0.000e+00
  1024.7321     30.303     30.553    31.2324     5.8846          1          1  0.000e+00
  1024.7287     30.297     30.547    31.2286     5.8870          1          1  0.000e+00
  1024.7257     30.300     30.550    31.2248     5.8869          1          1  0.000e+00
  1024.7298     30.324     30.575    31.2294     5.8840          1          1  0.000e+00
  1024.7233     30.356     30.607    31.2208     5.8830          1          1  0.000e+00
  1024.7177     30.404     30.655    31.2127     5.8782          1          1  0.000e+00
  1024.7162     30.454     30.705    31.2089     5.8675          1          1  0.000e+00
  1024.7173     30.501     30.753    31.2076     5.8510          1          1  0.000e+00
  1024.7259     30.541     30.794    31.2154     5.8320          1          1  0.000e+00
  1024.7280     30.570     30.823    31.2150     5.8129          1          1  0.000e+00
