data/eDNA/PER-2022-473/473A016.cnv
* Sea-Bird SBE19plus  Data File:
* FileName = C:\Users\RSG_field\Ryan_Perley2022473\CTD\473A016.hex
* Software version 2.3.0 SB_Terminal.dll
* Temperature SN = 7141
* Conductivity SN = 7141
* System UpLoad Time = Aug 10 2022 18:39:09
* <ApplicationData>
* <SeatermAF>
** Platform: M. Perley
** Cruise: Per2022473
** Station:  ESI_10
** Cast: 01
** Latitude: N  44 41.3158
** Longitude: W 62 40.9958
** Sounding: 29.7
** Chief Scientist: Ryan Stanley
** Comment: CastID 473A016 SampleIDs 493847-493852 Cast 34
# nquan = 8
# nvalues = 1977                                  
# units = specified
# name 0 = density00: Density [density, kg/m^3]
# name 1 = depSM: Depth [salt water, m], lat = 45.00
# name 2 = prdM: Pressure, Strain Gauge [db]
# name 3 = sal00: Salinity, Practical [PSU]
# name 4 = tv290C: Temperature [ITS-90, deg C]
# name 5 = bpos: Bottle Position in Carousel
# name 6 = nbf: Bottles Fired
# name 7 = flag:  0.000e+00
# span 0 =   999.1027,  1024.9655                 
# span 1 =     -0.081,     30.208                 
# span 2 =     -0.081,     30.457                 
# span 3 =     0.0894,    31.7850                 
# span 4 =     5.2399,    15.6030                 
# span 5 =          0,          6                 
# span 6 =          0,          2                 
# span 7 = 0.0000e+00, 0.0000e+00                 
# interval = seconds: 0.25
# start_time = Aug 10 2022 18:26:43 [Instrument's time stamp, header]
# bad_flag = -9.990e-29
*END*
[from data line 180]
  1022.8741      2.572      2.593    31.0113    15.1713          0          0  0.000e+00
  1022.8612      2.559      2.579    30.9991    15.1873          0          0  0.000e+00
  1022.8326      2.516      2.537    30.9714    15.2207          0          0  0.000e+00
  1022.8039      2.445      2.465    30.9425    15.2492          0          0  0.000e+00
  1022.7791      2.350      2.369    30.9157    15.2665          0          0  0.000e+00
  1022.7644      2.238      2.257    30.8992    15.2739          0          0  0.000e+00
  1022.7611      2.131      2.149    30.8958    15.2746          0          0  0.000e+00
  1022.7663      2.034      2.050    30.9016    15.2691          0          0  0.000e+00
  1022.7764      1.954      1.970    30.9118    15.2572          0          0  0.000e+00
  1022.7846      1.894      1.909    30.9197    15.2457          0          0  0.000e+00
  1022.7877      1.857      1.872    30.9215    15.2368          0          0  0.000e+00
  1022.7893      1.842      1.857    30.9211    15.2281          0          0  0.000e+00
  1022.7899      1.851      1.867    30.9188    15.2169          0          0  0.000e+00
  1022.7829      1.894      1.909    30.9059    15.2041          0          0  0.000e+00
  1022.7772      1.970      1.986    30.8952    15.1938          0          0  0.000e+00
  1022.8164      2.089      2.106    30.9505    15.2120          0          0  0.000e+00
  1022.7932      2.251      2.270    30.9317    15.2561          0          0  0.000e+00
  1022.7466      2.424      2.444    30.8744    15.2718          0          0  0.000e+00
  1022.7356      2.604      2.625    30.8552    15.2579          0          0  0.000e+00
  1022.7443      2.762      2.785    30.8587    15.2330          0          0  0.000e+00
  1022.7618      2.882      2.905    30.8734    15.2068          0          0  0.000e+00
  1022.8058      2.953      2.977    30.9242    15.1852          0          0  0.000e+00
  1022.8375      2.968      2.992    30.9616    15.1718          0          0  0.000e+00
  1022.8416      2.929      2.953    30.9660    15.1675          0          0  0.000e+00
  1022.8261      2.849      2.872    30.9516    15.1866          0          0  0.000e+00
  1022.8111      2.748      2.771    30.9388    15.2087          0          0  0.000e+00
  1022.7978      2.634      2.655    30.9266    15.2243          0          0  0.000e+00
  1022.7802      2.529      2.550    30.9068    15.2334          0          0  0.000e+00
  1022.7654      2.440      2.460    30.8897    15.2392          0          0  0.000e+00
  1022.7609      2.374      2.393    30.8851    15.2422          0          0  0.000e+00
  1022.7663      2.323      2.342    30.8911    15.2375          0          0  0.000e+00
  1022.7719      2.286      2.305    30.8965    15.2297          0          0  0.000e+00
  1022.7759      2.254      2.273    30.9002    15.2236          0          0  0.000e+00
  1022.7768      2.230      2.248    30.9005    15.2201          0          0  0.000e+00
  1022.7768      2.212      2.230    30.8999    15.2180          0          0  0.000e+00
  1022.7747      2.199      2.217    30.8975    15.2185          0          0  0.000e+00
  1022.7720      2.197      2.215    30.8945    15.2206          0          0  0.000e+00
  1022.7697      2.192      2.210    30.8925    15.2242          0          0  0.000e+00
  1022.7675      2.191      2.209    30.8909    15.2285          0          0  0.000e+00
  1022.7645      2.187      2.205    30.8887    15.2345          0          0  0.000e+00
  1022.7617      2.179      2.197    30.8867    15.2403          0          0  0.000e+00
  1022.7584      2.176      2.194    30.8838    15.2453          0          0  0.000e+00
  1022.7555      2.183      2.201    30.8813    15.2498          0          0  0.000e+00
  1022.7517      2.202      2.220    30.8775    15.2544          0          0  0.000e+00
  1022.7505      2.243      2.261    30.8780    15.2624          0          0  0.000e+00
  1022.7644      2.318      2.337    30.9017    15.2842          0          0  0.000e+00
  1022.7693      2.428      2.448    30.9164    15.3164          0          0  0.000e+00
  1022.7547      2.573      2.594    30.9040    15.3427          0          0  0.000e+00
  1022.7363      2.726      2.748    30.8839    15.3599          0          0  0.000e+00
  1022.7188      2.875      2.899    30.8608    15.3612          0          0  0.000e+00
  1022.7194      3.002      3.026    30.8555    15.3426          0          0  0.000e+00
  1022.7367      3.091      3.116    30.8708    15.3186          0          0  0.000e+00
  1022.7619      3.125      3.150    30.8984    15.3009          0          0  0.000e+00
  1022.7826      3.103      3.129    30.9224    15.2902          0          0  0.000e+00
  1022.7903      3.020      3.044    30.9318    15.2860          0          0  0.000e+00
  1022.7798      2.886      2.910    30.9221    15.2977          0          0  0.000e+00
  1022.7653      2.712      2.734    30.9088    15.3134          0          0  0.000e+00
  1022.7517      2.514      2.535    30.8954    15.3246          0          0  0.000e+00
  1022.7352      2.305      2.324    30.8770    15.3314          0          0  0.000e+00
  1022.7281      2.101      2.118    30.8697    15.3339          0          0  0.000e+00
  1022.7294      1.920      1.936    30.8723    15.3334          0          0  0.000e+00
  1022.7253      1.775      1.790    30.8656    15.3253          0          0  0.000e+00
  1022.7285      1.676      1.689    30.8676    15.3161          0          0  0.000e+00
  1022.7353      1.636      1.650    30.8751    15.3101          0          0  0.000e+00
  1022.7432      1.659      1.672    30.8847    15.3079          0          0  0.000e+00
  1022.7516      1.747      1.761    30.8970    15.3149          0          0  0.000e+00
  1022.7448      1.885      1.901    30.8903    15.3257          0          0  0.000e+00
  1022.7412      2.051      2.068    30.8871    15.3342          0          0  0.000e+00
  1022.7407      2.237      2.256    30.8868    15.3398          0          0  0.000e+00
  1022.7557      2.415      2.435    30.9094    15.3538          0          0  0.000e+00
  1022.7434      2.564      2.585    30.8989    15.3770          0          0  0.000e+00
  1022.7317      2.685      2.707    30.8889    15.3977          0          0  0.000e+00
  1022.7261      2.782      2.805    30.8831    15.4053          0          0  0.000e+00
  1022.7251      2.858      2.882    30.8806    15.4022          0          0  0.000e+00
  1022.6837      2.911      2.935    30.8252    15.3979          0          0  0.000e+00
  1022.6450      2.953      2.977    30.7661    15.3677          0          0  0.000e+00
  1022.6922      2.993      3.018    30.8103    15.3075          0          0  0.000e+00
  1022.7244      3.022      3.046    30.8387    15.2598          0          0  0.000e+00
  1022.7552      3.031      3.056    30.8715    15.2337          0          0  0.000e+00
  1022.7553      3.011      3.036    30.8695    15.2257          0          0  0.000e+00
  1022.7687      2.949      2.973    30.8856    15.2197          0          0  0.000e+00
  1022.7981      2.843      2.866    30.9250    15.2219          0          0  0.000e+00
  1022.7779      2.697      2.719    30.9056    15.2432          0          0  0.000e+00
  1022.7690      2.525      2.545    30.8996    15.2598          0          0  0.000e+00
  1022.7727      2.338      2.357    30.9088    15.2717          0          0  0.000e+00
  1022.7649      2.143      2.160    30.9044    15.2878          0          0  0.000e+00
  1022.7546      1.945      1.961    30.8963    15.3026          0          0  0.000e+00
  1022.7550      1.759      1.774    30.9007    15.3126          0          0  0.000e+00
  1022.7540      1.610      1.623    30.9036    15.3246          0          0  0.000e+00
  1022.7499      1.522      1.534    30.9028    15.3386          0          0  0.000e+00
  1022.7359      1.508      1.520    30.8883    15.3517          0          0  0.000e+00
  1022.7047      1.573      1.586    30.8486    15.3563          0          0  0.000e+00
  1022.7191      1.718      1.732    30.8628    15.3434          0          0  0.000e+00
  1022.7580      1.929      1.945    30.9089    15.3314          0          0  0.000e+00
  1022.7032      2.151      2.169    30.8379    15.3374          0          0  0.000e+00
  1022.7372      2.375      2.395    30.8770    15.3237          0          0  0.000e+00
  1022.7046      2.598      2.619    30.8302    15.3124          0          0  0.000e+00
  1022.7122      2.800      2.823    30.8328    15.2906          0          0  0.000e+00
  1022.7322      2.940      2.964    30.8502    15.2628          0          0  0.000e+00
  1022.6558      3.022      3.046    30.7426    15.2345          0          0  0.000e+00
  1022.6987      3.031      3.056    30.7782    15.1625          0          0  0.000e+00
  1022.8006      2.974      2.998    30.8954    15.1065          0          0  0.000e+00
  1022.8440      2.876      2.900    30.9523    15.1060          0          0  0.000e+00
  1022.8092      2.768      2.791    30.9173    15.1406          0          0  0.000e+00
  1022.8046      2.668      2.689    30.9186    15.1648          0          0  0.000e+00
  1022.7972      2.592      2.614    30.9153    15.1860          0          0  0.000e+00
  1022.7862      2.540      2.561    30.9070    15.2061          0          0  0.000e+00
  1022.7765      2.511      2.531    30.8989    15.2218          0          0  0.000e+00
  1022.7782      2.493      2.513    30.9044    15.2332          0          0  0.000e+00
  1022.7706      2.474      2.494    30.8980    15.2455          0          0  0.000e+00
  1022.7610      2.438      2.458    30.8887    15.2562          0          0  0.000e+00
  1022.7637      2.385      2.404    30.8942    15.2622          0          0  0.000e+00
  1022.7584      2.319      2.338    30.8899    15.2696          0          0  0.000e+00
  1022.7472      2.234      2.252    30.8772    15.2751          0          0  0.000e+00
  1022.7454      2.140      2.157    30.8753    15.2745          0          0  0.000e+00
  1022.7451      2.053      2.070    30.8746    15.2715          0          0  0.000e+00
  1022.7523      1.984      2.000    30.8835    15.2681          0          0  0.000e+00
  1022.7506      1.948      1.964    30.8817    15.2689          0          0  0.000e+00
  1022.7515      1.952      1.968    30.8830    15.2696          0          0  0.000e+00
  1022.7558      1.989      2.006    30.8887    15.2705          0          0  0.000e+00
  1022.7657      2.061      2.078    30.9024    15.2752          0          0  0.000e+00
  1022.7687      2.162      2.180    30.9090    15.2871          0          0  0.000e+00
  1022.7575      2.275      2.294    30.8984    15.3033          0          0  0.000e+00
  1022.7465      2.402      2.421    30.8866    15.3150          0          0  0.000e+00
  1022.7531      2.526      2.546    30.8959    15.3202          0          0  0.000e+00
  1022.7287      2.644      2.666    30.8658    15.3286          0          0  0.000e+00
  1022.7406      2.742      2.764    30.8794    15.3239          0          0  0.000e+00
  1022.7685      2.817      2.840    30.9148    15.3227          0          0  0.000e+00
  1022.7591      2.865      2.888    30.9074    15.3407          0          0  0.000e+00
  1022.7409      2.885      2.909    30.8884    15.3574          0          0  0.000e+00
  1022.7353      2.876      2.900    30.8830    15.3645          0          0  0.000e+00
  1022.7243      2.832      2.855    30.8695    15.3663          0          0  0.000e+00
  1022.7200      2.758      2.780    30.8630    15.3616          0          0  0.000e+00
  1022.7277      2.653      2.674    30.8712    15.3529          0          0  0.000e+00
  1022.7320      2.535      2.556    30.8759    15.3470          0          0  0.000e+00
  1022.7299      2.413      2.433    30.8731    15.3441          0          0  0.000e+00
  1022.7291      2.291      2.310    30.8716    15.3402          0          0  0.000e+00
  1022.7309      2.186      2.204    30.8731    15.3351          0          0  0.000e+00
  1022.7336      2.105      2.122    30.8758    15.3306          0          0  0.000e+00
  1022.7326      2.059      2.076    30.8739    15.3274          0          0  0.000e+00
  1022.7287      2.049      2.065    30.8678    15.3234          0          0  0.000e+00
  1022.7327      2.066      2.082    30.8710    15.3164          0          0  0.000e+00
  1022.7378      2.108      2.125    30.8755    15.3099          0          0  0.000e+00
  1022.7439      2.167      2.185    30.8821    15.3060          0          0  0.000e+00
  1022.7567      2.233      2.251    30.8984    15.3068          0          0  0.000e+00
  1022.7544      2.296      2.314    30.8975    15.3154          0          0  0.000e+00
  1022.7582      2.349      2.368    30.9051    15.3258          0          0  0.000e+00
  1022.7439      2.389      2.408    30.8899    15.3389          0          0  0.000e+00
  1022.7450      2.413      2.433    30.8936    15.3472          0          0  0.000e+00
  1022.7463      2.421      2.440    30.8975    15.3552          0          0  0.000e+00
  1022.7359      2.422      2.442    30.8866    15.3648          0          0  0.000e+00
  1022.7333      2.425      2.445    30.8845    15.3694          0          0  0.000e+00
  1022.7309      2.443      2.463    30.8820    15.3720          0          0  0.000e+00
  1022.7316      2.480      2.500    30.8830    15.3734          0          0  0.000e+00
  1022.7331      2.537      2.558    30.8851    15.3751          0          0  0.000e+00
  1022.7291      2.604      2.625    30.8803    15.3774          0          0  0.000e+00
  1022.7265      2.677      2.699    30.8766    15.3780          0          0  0.000e+00
  1022.7212      2.740      2.762    30.8687    15.3759          0          0  0.000e+00
  1022.6942      2.781      2.804    30.8316    15.3695          0          0  0.000e+00
  1022.7040      2.786      2.809    30.8372    15.3441          0          0  0.000e+00
  1022.7277      2.759      2.781    30.8604    15.3164          0          0  0.000e+00
  1022.7606      2.695      2.717    30.8999    15.3033          0          0  0.000e+00
  1022.7687      2.605      2.626    30.9132    15.3111          0          0  0.000e+00
  1022.7509      2.495      2.515    30.8956    15.3288          0          0  0.000e+00
  1022.7380      2.378      2.398    30.8823    15.3388          0          0  0.000e+00
  1022.7367      2.263      2.281    30.8818    15.3409          0          0  0.000e+00
  1022.7385      2.162      2.180    30.8850    15.3417          0          0  0.000e+00
  1022.7367      2.084      2.101    30.8838    15.3438          0          0  0.000e+00
  1022.7347      2.029      2.046    30.8820    15.3456          0          0  0.000e+00
  1022.7325      2.007      2.024    30.8794    15.3463          0          0  0.000e+00
  1022.7325      2.010      2.027    30.8792    15.3456          0          0  0.000e+00
  1022.7306      2.040      2.057    30.8763    15.3445          0          0  0.000e+00
  1022.7325      2.094      2.111    30.8779    15.3425          0          0  0.000e+00
  1022.7364      2.170      2.188    30.8820    15.3407          0          0  0.000e+00
  1022.7389      2.281      2.299    30.8847    15.3412          0          0  0.000e+00
  1022.7352      2.404      2.423    30.8798    15.3434          0          0  0.000e+00
  1022.7230      2.533      2.554    30.8628    15.3420          0          0  0.000e+00
  1022.7216      2.651      2.672    30.8575    15.3323          0          0  0.000e+00
  1022.6961      2.748      2.771    30.8198    15.3178          0          0  0.000e+00
