data/eDNA/PER-2022-473/473A017.cnv
* Sea-Bird SBE19plus  Data File:
* FileName = C:\Users\RSG_field\Ryan_Perley2022473\CTD\473A017.hex
* Software version 2.3.0 SB_Terminal.dll
* Temperature SN = 7141
* Conductivity SN = 7141
* System UpLoad Time = Aug 10 2022 19:14:27
* <ApplicationData>
* <SeatermAF>
** Platform: M. Perley
** Cruise: Per2022473
** Station:  ESI_09
** Cast: 01
** Latitude: N  44 44.3742
** Longitude: W 62 43.6238
** Sounding: 16.9
** Chief Scientist: Ryan Stanley
** Comment: CastID 473A017 SampleIDs 493853-493858 Cast 35
# nquan = 8
# nvalues = 1767                                  
# units = specified
# name 0 = density00: Density [density, kg/m^3]
# name 1 = depSM: Depth [salt water, m], lat = 45.00
# name 2 = prdM: Pressure, Strain Gauge [db]
# name 3 = sal00: Salinity, Practical [PSU]
# name 4 = tv290C: Temperature [ITS-90, deg C]
# name 5 = bpos: Bottle Position in Carousel
# name 6 = nbf: Bottles Fired
# name 7 = flag:  0.000e+00
# span 0 =   999.1475,  1024.3244                 
# span 1 =     -0.079,     16.666                 
# span 2 =     -0.079,     16.803                 
# span 3 =     0.0559,    31.1997                 
# span 4 =     7.1688,    15.1036                 
# span 5 =          0,          6                 
# span 6 =          0,          2                 
# span 7 = 0.0000e+00, 0.0000e+00                 
# interval = seconds: 0.25
# start_time = Aug 10 2022 19:03:30 [Instrument's time stamp, header]
# bad_flag = -9.990e-29
*END*
[from data line 1439]
  1024.2989     16.320     16.454    30.9715     7.1836          1          1  0.000e+00
  1024.2957     16.330     16.464    30.9672     7.1823          1          1  0.000e+00
  1024.3007     16.330     16.464    30.9734     7.1813          1          1  0.000e+00
  1024.3016     16.323     16.457    30.9746     7.1809          1          1  0.000e+00
  1024.3020     16.314     16.448    30.9752     7.1812          1          1  0.000e+00
  1024.3018     16.298     16.432    30.9751     7.1819          1          1  0.000e+00
  1024.3018     16.285     16.419    30.9754     7.1826          1          1  0.000e+00
  1024.3018     16.272     16.406    30.9755     7.1834          1          1  0.000e+00
  1024.3011     16.260     16.393    30.9749     7.1845          1          1  0.000e+00
  1024.3006     16.248     16.382    30.9744     7.1853          1          1  0.000e+00
  1024.3008     16.236     16.370    30.9749     7.1859          1          1  0.000e+00
  1024.3002     16.227     16.360    30.9744     7.1867          1          1  0.000e+00
  1024.2999     16.210     16.343    30.9741     7.1873          1          1  0.000e+00
  1024.3001     16.195     16.328    30.9746     7.1879          1          1  0.000e+00
  1024.3000     16.179     16.312    30.9747     7.1886          1          1  0.000e+00
  1024.3000     16.163     16.296    30.9749     7.1894          1          1  0.000e+00
  1024.3006     16.150     16.283    30.9759     7.1904          1          1  0.000e+00
  1024.2998     16.136     16.268    30.9752     7.1922          1          1  0.000e+00
  1024.2991     16.123     16.256    30.9746     7.1936          1          1  0.000e+00
  1024.2977     16.110     16.243    30.9731     7.1945          1          1  0.000e+00
  1024.2971     16.108     16.241    30.9725     7.1950          1          1  0.000e+00
  1024.2965     16.109     16.242    30.9716     7.1948          1          1  0.000e+00
  1024.2956     16.122     16.254    30.9703     7.1940          1          1  0.000e+00
  1024.2960     16.137     16.269    30.9706     7.1929          1          1  0.000e+00
  1024.2966     16.160     16.293    30.9710     7.1918          1          1  0.000e+00
  1024.2984     16.171     16.304    30.9731     7.1906          1          1  0.000e+00
  1024.2993     16.182     16.315    30.9740     7.1905          1          1  0.000e+00
  1024.2989     16.166     16.299    30.9737     7.1911          1          1  0.000e+00
  1024.2989     16.145     16.278    30.9740     7.1917          1          1  0.000e+00
  1024.2987     16.101     16.233    30.9740     7.1923          1          1  0.000e+00
  1024.2997     16.024     16.156    30.9760     7.1932          1          1  0.000e+00
  1024.2995     15.912     16.043    30.9766     7.1949          1          1  0.000e+00
  1024.2985     15.774     15.904    30.9765     7.1970          1          1  0.000e+00
  1024.2969     15.625     15.753    30.9758     7.1990          1          1  0.000e+00
  1024.2956     15.469     15.596    30.9754     7.2010          1          1  0.000e+00
  1024.2946     15.308     15.434    30.9753     7.2026          1          1  0.000e+00
  1024.2943     15.158     15.283    30.9761     7.2043          1          1  0.000e+00
  1024.2929     15.027     15.150    30.9755     7.2063          1          1  0.000e+00
  1024.2937     14.920     15.042    30.9775     7.2086          1          1  0.000e+00
  1024.2900     14.841     14.963    30.9736     7.2113          1          1  0.000e+00
  1024.2901     14.777     14.898    30.9745     7.2129          1          1  0.000e+00
  1024.3051     14.725     14.846    30.9942     7.2150          1          1  0.000e+00
  1024.3155     14.682     14.803    31.0096     7.2262          1          1  0.000e+00
  1024.3011     14.632     14.752    30.9948     7.2459          1          1  0.000e+00
  1024.2938     14.575     14.695    30.9885     7.2616          1          1  0.000e+00
  1024.2860     14.507     14.627    30.9810     7.2732          1          1  0.000e+00
  1024.2715     14.417     14.536    30.9645     7.2816          1          1  0.000e+00
  1024.2647     14.308     14.426    30.9566     7.2820          1          1  0.000e+00
  1024.2704     14.185     14.302    30.9637     7.2774          1          1  0.000e+00
  1024.2785     14.058     14.174    30.9745     7.2752          1          1  0.000e+00
  1024.2803     13.933     14.047    30.9781     7.2786          1          1  0.000e+00
  1024.2747     13.818     13.932    30.9727     7.2848          1          1  0.000e+00
  1024.2734     13.721     13.834    30.9722     7.2887          1          1  0.000e+00
  1024.2749     13.649     13.761    30.9751     7.2921          1          1  0.000e+00
  1024.2698     13.599     13.711    30.9696     7.2964          1          1  0.000e+00
  1024.2766     13.576     13.687    30.9789     7.2990          1          1  0.000e+00
  1024.2838     13.561     13.672    30.9893     7.3055          1          1  0.000e+00
  1024.2784     13.553     13.665    30.9848     7.3187          1          1  0.000e+00
  1024.2693     13.541     13.652    30.9753     7.3306          1          1  0.000e+00
  1024.2640     13.517     13.629    30.9699     7.3381          1          1  0.000e+00
  1024.2606     13.476     13.587    30.9665     7.3424          1          1  0.000e+00
  1024.2580     13.410     13.521    30.9641     7.3451          1          1  0.000e+00
  1024.2524     13.316     13.425    30.9576     7.3459          1          1  0.000e+00
  1024.2532     13.193     13.302    30.9591     7.3443          1          1  0.000e+00
  1024.2564     13.049     13.156    30.9637     7.3425          1          1  0.000e+00
  1024.2560     12.890     12.996    30.9642     7.3426          1          1  0.000e+00
  1024.2553     12.726     12.830    30.9643     7.3432          1          1  0.000e+00
  1024.2554     12.567     12.670    30.9655     7.3440          1          1  0.000e+00
  1024.2546     12.421     12.523    30.9656     7.3452          1          1  0.000e+00
  1024.2548     12.297     12.398    30.9669     7.3467          1          1  0.000e+00
  1024.2561     12.199     12.299    30.9695     7.3486          1          1  0.000e+00
  1024.2595     12.123     12.222    30.9748     7.3522          1          1  0.000e+00
  1024.2634     12.065     12.164    30.9813     7.3588          1          1  0.000e+00
  1024.2764     12.022     12.121    30.9998     7.3692          1          1  0.000e+00
  1024.2791     11.986     12.084    31.0069     7.3891          1          1  0.000e+00
  1024.2681     11.952     12.050    30.9974     7.4143          1          1  0.000e+00
  1024.2593     11.914     12.012    30.9903     7.4369          1          1  0.000e+00
  1024.2469     11.870     11.968    30.9780     7.4554          1          1  0.000e+00
  1024.2395     11.818     11.915    30.9710     7.4682          1          1  0.000e+00
  1024.2323     11.750     11.847    30.9637     7.4773          1          1  0.000e+00
  1024.2130     11.680     11.776    30.9404     7.4820          1          1  0.000e+00
  1024.2230     11.607     11.703    30.9529     7.4775          1          1  0.000e+00
  1024.2257     11.529     11.624    30.9563     7.4746          1          1  0.000e+00
  1024.2315     11.454     11.548    30.9642     7.4753          1          1  0.000e+00
  1024.2285     11.382     11.475    30.9615     7.4793          1          1  0.000e+00
  1024.2313     11.312     11.405    30.9661     7.4829          1          1  0.000e+00
  1024.2509     11.246     11.338    30.9926     7.4897          1          1  0.000e+00
  1024.2533     11.177     11.269    30.9991     7.5075          1          1  0.000e+00
  1024.2399     11.107     11.198    30.9866     7.5315          1          1  0.000e+00
  1024.2239     11.023     11.114    30.9703     7.5515          1          1  0.000e+00
  1024.2690     10.928     11.018    31.0304     7.5644          1          1  0.000e+00
  1024.3011     10.823     10.912    31.0785     7.6021          1          1  0.000e+00
  1024.2520     10.705     10.793    31.0291     7.6729          1          1  0.000e+00
  1024.2065     10.580     10.667    30.9814     7.7278          1          1  0.000e+00
  1024.1827     10.449     10.535    30.9570     7.7567          1          1  0.000e+00
  1024.1677     10.319     10.404    30.9412     7.7712          1          1  0.000e+00
  1024.1832     10.198     10.281    30.9631     7.7791          1          1  0.000e+00
  1024.1760     10.088     10.171    30.9565     7.7900          1          1  0.000e+00
  1024.1887     10.009     10.091    30.9755     7.8034          1          1  0.000e+00
  1024.1714      9.943     10.025    30.9579     7.8266          1          1  0.000e+00
  1024.1399      9.892      9.974    30.9213     7.8451          1          1  0.000e+00
  1024.1295      9.855      9.936    30.9078     7.8415          1          1  0.000e+00
  1024.1556      9.826      9.906    30.9389     7.8292          1          1  0.000e+00
  1024.1606      9.794      9.874    30.9455     7.8293          1          1  0.000e+00
  1024.2193      9.763      9.843    31.0223     7.8394          1          1  0.000e+00
  1024.2349      9.726      9.806    31.0501     7.8821          1          1  0.000e+00
  1024.1915      9.676      9.755    31.0062     7.9453          1          1  0.000e+00
  1024.1477      9.621      9.700    30.9596     7.9947          1          1  0.000e+00
  1024.1106      9.550      9.628    30.9173     8.0197          1          1  0.000e+00
  1024.0735      9.473      9.550    30.8706     8.0209          1          1  0.000e+00
  1024.0822      9.387      9.464    30.8783     7.9991          1          1  0.000e+00
  1024.1096      9.304      9.380    30.9092     7.9742          1          1  0.000e+00
  1024.1155      9.218      9.294    30.9157     7.9649          1          1  0.000e+00
  1024.1200      9.130      9.205    30.9208     7.9588          1          1  0.000e+00
  1024.1233      9.041      9.115    30.9249     7.9554          1          1  0.000e+00
  1024.1258      8.951      9.025    30.9283     7.9540          1          1  0.000e+00
  1024.1300      8.862      8.935    30.9343     7.9541          1          1  0.000e+00
  1024.1255      8.768      8.840    30.9297     7.9573          1          1  0.000e+00
  1024.1281      8.669      8.740    30.9341     7.9606          1          1  0.000e+00
  1024.1407      8.566      8.637    30.9517     7.9653          1          1  0.000e+00
  1024.1468      8.455      8.524    30.9620     7.9762          1          1  0.000e+00
  1024.1476      8.346      8.414    30.9670     7.9946          1          1  0.000e+00
  1024.1435      8.237      8.304    30.9665     8.0172          1          1  0.000e+00
  1024.1437      8.133      8.199    30.9717     8.0411          1          1  0.000e+00
  1024.1266      8.036      8.102    30.9553     8.0676          1          1  0.000e+00
  1024.1175      7.951      8.017    30.9481     8.0895          1          1  0.000e+00
  1024.1081      7.877      7.942    30.9394     8.1052          1          1  0.000e+00
  1024.1249      7.814      7.878    30.9637     8.1191          1          1  0.000e+00
  1024.1826      7.759      7.822    31.0431     8.1495          1          1  0.000e+00
  1024.1332      7.715      7.778    30.9917     8.2111          1          1  0.000e+00
  1024.1569      7.679      7.742    31.0328     8.2692          1          1  0.000e+00
  1024.1579      7.644      7.707    31.0479     8.3432          1          1  0.000e+00
  1024.0913      7.611      7.674    30.9780     8.4238          1          1  0.000e+00
  1024.0780      7.576      7.638    30.9711     8.4763          1          1  0.000e+00
  1024.0568      7.540      7.602    30.9523     8.5197          1          1  0.000e+00
  1024.0107      7.501      7.563    30.9002     8.5546          1          1  0.000e+00
  1024.0093      7.451      7.512    30.9009     8.5663          1          1  0.000e+00
  1024.0276      7.391      7.451    30.9261     8.5739          1          1  0.000e+00
  1024.0240      7.314      7.374    30.9253     8.5916          1          1  0.000e+00
  1024.0208      7.221      7.280    30.9261     8.6152          1          1  0.000e+00
  1023.9469      7.110      7.168    30.8359     8.6338          1          1  0.000e+00
  1023.9274      6.985      7.042    30.8078     8.6126          1          1  0.000e+00
  1023.9575      6.849      6.905    30.8392     8.5713          1          1  0.000e+00
  1024.0132      6.707      6.762    30.9056     8.5413          1          1  0.000e+00
  1024.0580      6.561      6.615    30.9641     8.5437          1          1  0.000e+00
  1024.0511      6.411      6.464    30.9623     8.5760          1          1  0.000e+00
  1024.0582      6.267      6.319    30.9797     8.6158          1          1  0.000e+00
  1024.1107      6.129      6.180    31.0568     8.6649          1          1  0.000e+00
  1024.0650      6.009      6.058    31.0154     8.7502          1          1  0.000e+00
  1024.0701      5.903      5.951    31.0377     8.8291          1          1  0.000e+00
  1024.0255      5.815      5.862    30.9975     8.9143          1          1  0.000e+00
  1024.0193      5.743      5.790    31.0047     8.9898          1          1  0.000e+00
  1024.0147      5.690      5.736    31.0138     9.0649          1          1  0.000e+00
  1024.1380      5.649      5.696    31.1898     9.1568          1          1  0.000e+00
  1024.0487      5.615      5.661    31.1070     9.3152          1          1  0.000e+00
  1024.0297      5.582      5.628    31.1140     9.4698          1          1  0.000e+00
  1023.8744      5.550      5.595    30.9465     9.6250          1          1  0.000e+00
  1023.8046      5.517      5.562    30.8741     9.7075          1          1  0.000e+00
  1023.7491      5.473      5.518    30.8095     9.7380          1          1  0.000e+00
  1023.7852      5.423      5.468    30.8553     9.7344          1          1  0.000e+00
  1023.7970      5.363      5.407    30.8725     9.7424          1          1  0.000e+00
  1023.7788      5.292      5.335    30.8541     9.7648          1          1  0.000e+00
  1023.7699      5.211      5.254    30.8470     9.7828          1          1  0.000e+00
  1023.7309      5.128      5.170    30.7999     9.7951          1          1  0.000e+00
  1023.7350      5.036      5.077    30.8041     9.7871          1          1  0.000e+00
  1023.7317      4.932      4.972    30.7981     9.7759          1          1  0.000e+00
  1023.7833      4.822      4.862    30.8630     9.7665          1          1  0.000e+00
  1023.8021      4.708      4.747    30.8908     9.7812          1          1  0.000e+00
  1023.7541      4.590      4.628    30.8369     9.8149          1          1  0.000e+00
  1023.7741      4.472      4.508    30.8659     9.8277          1          1  0.000e+00
  1023.7784      4.353      4.389    30.8765     9.8489          1          1  0.000e+00
  1023.7828      4.235      4.270    30.8888     9.8784          1          1  0.000e+00
  1023.7895      4.109      4.143    30.9058     9.9156          1          1  0.000e+00
  1023.7635      3.985      4.018    30.8831     9.9633          1          1  0.000e+00
  1023.7421      3.862      3.894    30.8645    10.0021          1          1  0.000e+00
  1023.7455      3.743      3.774    30.8753    10.0299          1          1  0.000e+00
  1023.7888      3.627      3.657    30.9402    10.0712          1          1  0.000e+00
  1023.7296      3.514      3.543    30.8792    10.1388          1          1  0.000e+00
