data/eDNA/PER-2022-473/473A030.cnv
* Sea-Bird SBE19plus  Data File:
* FileName = C:\Users\RSG_field\Ryan_Perley2022473\CTD\473A030.hex
* Software version 2.3.0 SB_Terminal.dll
* Temperature SN = 7141
* Conductivity SN = 7141
* System UpLoad Time = Aug 16 2022 19:16:42
* <ApplicationData>
* <SeatermAF>
** Platform: M. Perley
** Cruise: Per2022473
** Station:  SAB_Trans_07
** Cast: 01 473A030
** Latitude: N  46 16.8247
** Longitude: W 59 00.478
** Sounding: 183
** Chief Scientist: Ryan Stanley
** Comment: Bottles 493923-43938 - sounding based on plumb line cast 49
# nquan = 8
# nvalues = 5483                                  
# units = specified
# name 0 = density00: Density [density, kg/m^3]
# name 1 = depSM: Depth [salt water, m], lat = 45.00
# name 2 = prdM: Pressure, Strain Gauge [db]
# name 3 = sal00: Salinity, Practical [PSU]
# name 4 = tv290C: Temperature [ITS-90, deg C]
# name 5 = bpos: Bottle Position in Carousel
# name 6 = nbf: Bottles Fired
# name 7 = flag:  0.000e+00
# span 0 =   998.6495,  1027.6950                 
# span 1 =     -0.035,    169.792                 
# span 2 =     -0.036,    171.252                 
# span 3 =     0.1741,    34.3021                 
# span 4 =     2.2481,    19.6967                 
# span 5 =          0,          6                 
# span 6 =          0,          2                 
# span 7 = 0.0000e+00, 0.0000e+00                 
# interval = seconds: 0.25
# start_time = Aug 16 2022 18:49:14 [Instrument's time stamp, header]
# bad_flag = -9.990e-29
*END*
[from data line 2877]
  1027.6889    169.019    170.473    34.2938     6.6773          1          1  0.000e+00
  1027.6888    169.024    170.477    34.2937     6.6773          1          1  0.000e+00
  1027.6888    169.024    170.477    34.2937     6.6773          1          1  0.000e+00
  1027.6888    169.023    170.476    34.2937     6.6773          1          1  0.000e+00
  1027.6887    169.018    170.472    34.2935     6.6772          1          1  0.000e+00
  1027.6886    169.016    170.470    34.2934     6.6772          1          1  0.000e+00
  1027.6886    169.022    170.475    34.2934     6.6771          1          1  0.000e+00
  1027.6890    169.033    170.487    34.2939     6.6771          1          1  0.000e+00
  1027.6892    169.042    170.496    34.2940     6.6770          1          1  0.000e+00
  1027.6893    169.051    170.505    34.2941     6.6770          1          1  0.000e+00
  1027.6894    169.052    170.506    34.2942     6.6770          1          1  0.000e+00
  1027.6892    169.050    170.504    34.2940     6.6772          1          1  0.000e+00
  1027.6892    169.048    170.502    34.2940     6.6772          1          1  0.000e+00
  1027.6893    169.045    170.499    34.2942     6.6773          1          1  0.000e+00
  1027.6892    169.047    170.501    34.2940     6.6773          1          1  0.000e+00
  1027.6892    169.056    170.510    34.2939     6.6772          1          1  0.000e+00
  1027.6891    169.063    170.517    34.2938     6.6773          1          1  0.000e+00
  1027.6892    169.073    170.527    34.2940     6.6774          1          1  0.000e+00
  1027.6892    169.084    170.538    34.2939     6.6774          1          1  0.000e+00
  1027.6892    169.094    170.548    34.2938     6.6773          1          1  0.000e+00
  1027.6894    169.103    170.558    34.2939     6.6772          1          1  0.000e+00
  1027.6894    169.113    170.567    34.2938     6.6771          1          1  0.000e+00
  1027.6895    169.122    170.577    34.2939     6.6771          1          1  0.000e+00
  1027.6895    169.132    170.587    34.2939     6.6770          1          1  0.000e+00
  1027.6896    169.141    170.595    34.2939     6.6770          1          1  0.000e+00
  1027.6897    169.143    170.597    34.2941     6.6770          1          1  0.000e+00
  1027.6897    169.139    170.594    34.2941     6.6770          1          1  0.000e+00
  1027.6897    169.130    170.585    34.2941     6.6770          1          1  0.000e+00
  1027.6896    169.116    170.571    34.2941     6.6770          1          1  0.000e+00
  1027.6895    169.101    170.556    34.2941     6.6772          1          1  0.000e+00
  1027.6899    169.083    170.537    34.2947     6.6772          1          1  0.000e+00
  1027.6901    169.066    170.520    34.2952     6.6776          1          1  0.000e+00
  1027.6902    169.046    170.500    34.2955     6.6782          1          1  0.000e+00
  1027.6895    169.025    170.479    34.2949     6.6791          1          1  0.000e+00
  1027.6889    169.009    170.463    34.2942     6.6795          1          1  0.000e+00
  1027.6889    168.991    170.444    34.2944     6.6798          1          1  0.000e+00
  1027.6888    168.980    170.434    34.2945     6.6802          1          1  0.000e+00
  1027.6882    168.973    170.426    34.2938     6.6809          1          1  0.000e+00
  1027.6875    168.974    170.427    34.2930     6.6812          1          1  0.000e+00
  1027.6873    168.980    170.434    34.2927     6.6811          1          1  0.000e+00
  1027.6875    168.994    170.448    34.2927     6.6804          1          1  0.000e+00
  1027.6870    169.014    170.468    34.2919     6.6798          1          1  0.000e+00
  1027.6873    169.038    170.492    34.2920     6.6790          1          1  0.000e+00
  1027.6878    169.061    170.515    34.2923     6.6783          1          1  0.000e+00
  1027.6887    169.090    170.544    34.2932     6.6777          1          1  0.000e+00
  1027.6891    169.120    170.575    34.2934     6.6772          1          1  0.000e+00
  1027.6894    169.154    170.609    34.2937     6.6770          1          1  0.000e+00
  1027.6899    169.187    170.642    34.2940     6.6769          1          1  0.000e+00
  1027.6902    169.214    170.669    34.2942     6.6769          1          1  0.000e+00
  1027.6900    169.234    170.690    34.2939     6.6770          1          1  0.000e+00
  1027.6900    169.240    170.696    34.2938     6.6770          1          1  0.000e+00
  1027.6902    169.228    170.683    34.2942     6.6769          1          1  0.000e+00
  1027.6903    169.195    170.650    34.2944     6.6769          1          1  0.000e+00
  1027.6905    169.143    170.598    34.2951     6.6772          1          1  0.000e+00
  1027.6902    169.079    170.533    34.2952     6.6776          1          1  0.000e+00
  1027.6897    169.010    170.464    34.2951     6.6784          1          1  0.000e+00
  1027.6895    168.946    170.398    34.2953     6.6790          1          1  0.000e+00
  1027.6885    168.891    170.344    34.2945     6.6796          1          1  0.000e+00
  1027.6884    168.846    170.298    34.2947     6.6799          1          1  0.000e+00
  1027.6881    168.823    170.274    34.2945     6.6803          1          1  0.000e+00
  1027.6866    168.808    170.259    34.2927     6.6807          1          1  0.000e+00
  1027.6868    168.807    170.258    34.2930     6.6804          1          1  0.000e+00
  1027.6871    168.810    170.262    34.2932     6.6802          1          1  0.000e+00
  1027.6866    168.813    170.265    34.2926     6.6799          1          1  0.000e+00
  1027.6864    168.819    170.271    34.2922     6.6795          1          1  0.000e+00
  1027.6868    168.828    170.280    34.2926     6.6789          1          1  0.000e+00
  1027.6872    168.843    170.295    34.2929     6.6783          1          1  0.000e+00
  1027.6878    168.868    170.320    34.2934     6.6779          1          1  0.000e+00
  1027.6882    168.911    170.363    34.2937     6.6776          1          1  0.000e+00
  1027.6882    168.965    170.418    34.2933     6.6774          1          1  0.000e+00
  1027.6884    169.034    170.487    34.2932     6.6773          1          1  0.000e+00
  1027.6892    169.110    170.564    34.2936     6.6770          1          1  0.000e+00
  1027.6899    169.187    170.643    34.2940     6.6769          1          1  0.000e+00
  1027.6902    169.266    170.722    34.2940     6.6770          1          1  0.000e+00
  1027.6906    169.337    170.793    34.2941     6.6771          1          1  0.000e+00
  1027.6909    169.395    170.852    34.2941     6.6771          1          1  0.000e+00
  1027.6912    169.441    170.898    34.2943     6.6773          1          1  0.000e+00
  1027.6930    169.468    170.925    34.2964     6.6774          1          1  0.000e+00
  1027.6925    169.472    170.929    34.2959     6.6779          1          1  0.000e+00
  1027.6915    169.449    170.907    34.2948     6.6786          1          1  0.000e+00
  1027.6905    169.405    170.862    34.2939     6.6787          1          1  0.000e+00
  1027.6901    169.337    170.794    34.2938     6.6787          1          1  0.000e+00
  1027.6902    169.250    170.706    34.2944     6.6786          1          1  0.000e+00
  1027.6900    169.153    170.607    34.2947     6.6787          1          1  0.000e+00
  1027.6891    169.049    170.502    34.2942     6.6790          1          1  0.000e+00
  1027.6884    168.943    170.395    34.2939     6.6792          1          1  0.000e+00
  1027.6880    168.842    170.294    34.2940     6.6792          1          1  0.000e+00
  1027.6872    168.754    170.205    34.2936     6.6792          1          1  0.000e+00
  1027.6869    168.680    170.130    34.2936     6.6790          1          1  0.000e+00
  1027.6869    168.624    170.074    34.2939     6.6789          1          1  0.000e+00
  1027.6862    168.593    170.042    34.2932     6.6789          1          1  0.000e+00
  1027.6862    168.589    170.039    34.2932     6.6789          1          1  0.000e+00
  1027.6862    168.612    170.062    34.2931     6.6785          1          1  0.000e+00
  1027.6866    168.658    170.109    34.2931     6.6782          1          1  0.000e+00
  1027.6871    168.730    170.181    34.2933     6.6780          1          1  0.000e+00
  1027.6875    168.822    170.274    34.2933     6.6778          1          1  0.000e+00
  1027.6883    168.929    170.382    34.2936     6.6777          1          1  0.000e+00
  1027.6888    169.042    170.496    34.2937     6.6775          1          1  0.000e+00
  1027.6897    169.162    170.617    34.2940     6.6773          1          1  0.000e+00
  1027.6903    169.274    170.729    34.2941     6.6774          1          1  0.000e+00
  1027.6907    169.379    170.835    34.2940     6.6774          1          1  0.000e+00
  1027.6914    169.470    170.927    34.2944     6.6775          1          1  0.000e+00
  1027.6919    169.546    171.004    34.2946     6.6775          1          1  0.000e+00
  1027.6918    169.603    171.062    34.2942     6.6777          1          1  0.000e+00
  1027.6923    169.643    171.102    34.2946     6.6777          1          1  0.000e+00
  1027.6922    169.656    171.116    34.2943     6.6777          1          1  0.000e+00
  1027.6922    169.644    171.103    34.2945     6.6778          1          1  0.000e+00
  1027.6916    169.601    171.060    34.2939     6.6779          1          1  0.000e+00
  1027.6916    169.527    170.985    34.2944     6.6779          1          1  0.000e+00
  1027.6912    169.428    170.886    34.2944     6.6782          1          1  0.000e+00
  1027.6905    169.305    170.762    34.2943     6.6783          1          1  0.000e+00
  1027.6898    169.170    170.625    34.2944     6.6786          1          1  0.000e+00
  1027.6890    169.027    170.480    34.2941     6.6787          1          1  0.000e+00
  1027.6883    168.883    170.336    34.2941     6.6786          1          1  0.000e+00
  1027.6875    168.750    170.201    34.2938     6.6786          1          1  0.000e+00
  1027.6868    168.630    170.080    34.2937     6.6786          1          1  0.000e+00
  1027.6863    168.527    169.976    34.2936     6.6785          1          1  0.000e+00
  1027.6859    168.447    169.896    34.2936     6.6785          1          1  0.000e+00
  1027.6856    168.392    169.840    34.2935     6.6785          1          1  0.000e+00
  1027.6852    168.362    169.809    34.2932     6.6783          1          1  0.000e+00
  1027.6852    168.363    169.810    34.2931     6.6779          1          1  0.000e+00
  1027.6856    168.389    169.837    34.2935     6.6776          1          1  0.000e+00
  1027.6860    168.453    169.901    34.2935     6.6775          1          1  0.000e+00
  1027.6866    168.544    169.993    34.2937     6.6773          1          1  0.000e+00
  1027.6867    168.665    170.115    34.2931     6.6773          1          1  0.000e+00
  1027.6877    168.803    170.254    34.2936     6.6770          1          1  0.000e+00
  1027.6887    168.958    170.411    34.2938     6.6769          1          1  0.000e+00
  1027.6894    169.120    170.574    34.2938     6.6769          1          1  0.000e+00
  1027.6903    169.271    170.726    34.2940     6.6769          1          1  0.000e+00
  1027.6911    169.399    170.856    34.2943     6.6769          1          1  0.000e+00
  1027.6911    169.494    170.952    34.2938     6.6770          1          1  0.000e+00
  1027.6913    169.552    171.010    34.2937     6.6772          1          1  0.000e+00
  1027.6917    169.572    171.030    34.2942     6.6772          1          1  0.000e+00
  1027.6916    169.556    171.014    34.2940     6.6771          1          1  0.000e+00
  1027.6912    169.510    170.968    34.2939     6.6773          1          1  0.000e+00
  1027.6912    169.436    170.893    34.2943     6.6774          1          1  0.000e+00
  1027.6909    169.343    170.799    34.2945     6.6774          1          1  0.000e+00
  1027.6900    169.240    170.695    34.2940     6.6777          1          1  0.000e+00
  1027.6895    169.139    170.594    34.2940     6.6777          1          1  0.000e+00
  1027.6889    169.044    170.497    34.2938     6.6778          1          1  0.000e+00
  1027.6885    168.961    170.414    34.2938     6.6779          1          1  0.000e+00
  1027.6882    168.890    170.342    34.2938     6.6779          1          1  0.000e+00
  1027.6880    168.835    170.287    34.2939     6.6779          1          1  0.000e+00
  1027.6877    168.789    170.241    34.2937     6.6778          1          1  0.000e+00
  1027.6870    168.759    170.211    34.2930     6.6778          1          1  0.000e+00
  1027.6868    168.744    170.195    34.2928     6.6773          1          1  0.000e+00
  1027.6872    168.747    170.198    34.2932     6.6770          1          1  0.000e+00
  1027.6872    168.767    170.218    34.2931     6.6768          1          1  0.000e+00
  1027.6872    168.802    170.254    34.2928     6.6766          1          1  0.000e+00
  1027.6871    168.846    170.298    34.2924     6.6765          1          1  0.000e+00
  1027.6872    168.909    170.362    34.2921     6.6760          1          1  0.000e+00
  1027.6873    168.978    170.431    34.2918     6.6756          1          1  0.000e+00
  1027.6877    169.051    170.505    34.2917     6.6751          1          1  0.000e+00
  1027.6885    169.128    170.582    34.2921     6.6745          1          1  0.000e+00
  1027.6893    169.202    170.657    34.2927     6.6741          1          1  0.000e+00
  1027.6903    169.280    170.736    34.2935     6.6740          1          1  0.000e+00
  1027.6919    169.350    170.807    34.2952     6.6742          1          1  0.000e+00
  1027.6920    169.410    170.867    34.2950     6.6748          1          1  0.000e+00
  1027.6923    169.454    170.912    34.2953     6.6754          1          1  0.000e+00
  1027.6927    169.472    170.930    34.2958     6.6761          1          1  0.000e+00
  1027.6915    169.462    170.919    34.2945     6.6769          1          1  0.000e+00
  1027.6898    169.420    170.877    34.2926     6.6772          1          1  0.000e+00
  1027.6894    169.356    170.812    34.2925     6.6769          1          1  0.000e+00
  1027.6892    169.270    170.726    34.2926     6.6765          1          1  0.000e+00
  1027.6893    169.174    170.629    34.2933     6.6762          1          1  0.000e+00
  1027.6888    169.079    170.533    34.2932     6.6763          1          1  0.000e+00
  1027.6881    168.982    170.436    34.2929     6.6762          1          1  0.000e+00
  1027.6875    168.893    170.346    34.2926     6.6760          1          1  0.000e+00
  1027.6872    168.815    170.266    34.2926     6.6758          1          1  0.000e+00
  1027.6871    168.749    170.200    34.2928     6.6757          1          1  0.000e+00
  1027.6870    168.699    170.150    34.2929     6.6756          1          1  0.000e+00
  1027.6864    168.666    170.117    34.2925     6.6756          1          1  0.000e+00
  1027.6862    168.653    170.103    34.2922     6.6753          1          1  0.000e+00
  1027.6858    168.654    170.104    34.2916     6.6750          1          1  0.000e+00
  1027.6861    168.674    170.124    34.2919     6.6747          1          1  0.000e+00
  1027.6864    168.711    170.162    34.2919     6.6742          1          1  0.000e+00
  1027.6866    168.760    170.211    34.2918     6.6738          1          1  0.000e+00
  1027.6864    168.818    170.270    34.2911     6.6735          1          1  0.000e+00
  1027.6871    168.894    170.347    34.2916     6.6731          1          1  0.000e+00
