data/eDNA/PER-2022-473/473A021.cnv
* Sea-Bird SBE19plus  Data File:
* FileName = C:\Users\RSG_field\Ryan_Perley2022473\CTD\473A021.hex
* Software version 2.3.0 SB_Terminal.dll
* Temperature SN = 7141
* Conductivity SN = 7141
* System UpLoad Time = Aug 14 2022 14:35:25
* <ApplicationData>
* <SeatermAF>
** Platform: M. Perley
** Cruise: Per2022473
** Station:  SAB_Trans_04
** Cast: 01
** Latitude: N  46 03.5750
** Longitude: W 59 09.8696
** Sounding: 81,6
** Chief Scientist: Ryan Stanley
** Comment: CastID 473A021 SampleID 493878-493883
** Cast 39
# nquan = 8
# nvalues = 3055                                  
# units = specified
# name 0 = density00: Density [density, kg/m^3]
# name 1 = depSM: Depth [salt water, m], lat = 45.00
# name 2 = prdM: Pressure, Strain Gauge [db]
# name 3 = sal00: Salinity, Practical [PSU]
# name 4 = tv290C: Temperature [ITS-90, deg C]
# name 5 = bpos: Bottle Position in Carousel
# name 6 = nbf: Bottles Fired
# name 7 = flag:  0.000e+00
# span 0 =   998.5543,  1026.4125                 
# span 1 =     -0.121,     79.074                 
# span 2 =     -0.122,     79.736                 
# span 3 =     0.0673,    32.6613                 
# span 4 =     2.1459,    20.3724                 
# span 5 =          0,          6                 
# span 6 =          0,          2                 
# span 7 = 0.0000e+00, 0.0000e+00                 
# interval = seconds: 0.25
# start_time = Aug 14 2022 14:18:04 [Instrument's time stamp, header]
# bad_flag = -9.990e-29
*END*
[from data line 1618]
  1026.3959     78.053     78.707    32.6456     2.7657          0          0  0.000e+00
  1026.3979     78.089     78.743    32.6478     2.7639          0          0  0.000e+00
  1026.3992     78.122     78.776    32.6491     2.7628          0          0  0.000e+00
  1026.4009     78.144     78.799    32.6511     2.7624          0          0  0.000e+00
  1026.4023     78.159     78.814    32.6527     2.7623          0          0  0.000e+00
  1026.4010     78.163     78.818    32.6511     2.7630          0          0  0.000e+00
  1026.4001     78.165     78.820    32.6500     2.7632          0          0  0.000e+00
  1026.4001     78.172     78.827    32.6500     2.7632          0          0  0.000e+00
  1026.3997     78.186     78.840    32.6493     2.7632          0          0  0.000e+00
  1026.3989     78.213     78.868    32.6482     2.7631          0          0  0.000e+00
  1026.3996     78.260     78.915    32.6487     2.7626          0          0  0.000e+00
  1026.4017     78.321     78.977    32.6510     2.7621          0          0  0.000e+00
  1026.4034     78.394     79.051    32.6526     2.7623          0          0  0.000e+00
  1026.4033     78.474     79.131    32.6521     2.7629          0          0  0.000e+00
  1026.4007     78.543     79.201    32.6485     2.7631          0          0  0.000e+00
  1026.4011     78.597     79.255    32.6486     2.7626          0          0  0.000e+00
  1026.4026     78.629     79.287    32.6502     2.7621          0          0  0.000e+00
  1026.4031     78.626     79.284    32.6508     2.7619          0          0  0.000e+00
  1026.4039     78.595     79.253    32.6521     2.7621          0          0  0.000e+00
  1026.4054     78.534     79.192    32.6544     2.7629          0          0  0.000e+00
  1026.4033     78.461     79.119    32.6524     2.7647          0          0  0.000e+00
  1026.4023     78.371     79.028    32.6518     2.7661          0          0  0.000e+00
  1026.4012     78.285     78.941    32.6511     2.7668          0          0  0.000e+00
  1026.4010     78.205     78.860    32.6513     2.7674          0          0  0.000e+00
  1026.4008     78.142     78.797    32.6515     2.7681          0          0  0.000e+00
  1026.4000     78.098     78.752    32.6509     2.7687          0          0  0.000e+00
  1026.3991     78.071     78.725    32.6499     2.7692          0          0  0.000e+00
  1026.3980     78.063     78.716    32.6486     2.7692          0          0  0.000e+00
  1026.3973     78.066     78.720    32.6477     2.7687          0          0  0.000e+00
  1026.3971     78.081     78.735    32.6472     2.7674          0          0  0.000e+00
  1026.3982     78.101     78.755    32.6483     2.7658          0          0  0.000e+00
  1026.3992     78.125     78.780    32.6493     2.7646          0          0  0.000e+00
  1026.4001     78.149     78.803    32.6502     2.7639          0          0  0.000e+00
  1026.4009     78.173     78.828    32.6510     2.7636          0          0  0.000e+00
  1026.4018     78.194     78.849    32.6520     2.7635          0          0  0.000e+00
  1026.4017     78.217     78.873    32.6517     2.7636          0          0  0.000e+00
  1026.4030     78.230     78.885    32.6533     2.7638          0          0  0.000e+00
  1026.4035     78.244     78.899    32.6539     2.7642          0          0  0.000e+00
  1026.4038     78.246     78.902    32.6543     2.7648          0          0  0.000e+00
  1026.4030     78.244     78.899    32.6535     2.7656          0          0  0.000e+00
  1026.4024     78.237     78.892    32.6528     2.7661          0          0  0.000e+00
  1026.4022     78.224     78.879    32.6526     2.7663          0          0  0.000e+00
  1026.4028     78.208     78.863    32.6534     2.7666          0          0  0.000e+00
  1026.4024     78.195     78.850    32.6531     2.7671          0          0  0.000e+00
  1026.4021     78.184     78.838    32.6529     2.7676          0          0  0.000e+00
  1026.4016     78.180     78.835    32.6523     2.7679          0          0  0.000e+00
  1026.4013     78.185     78.840    32.6519     2.7680          0          0  0.000e+00
  1026.4013     78.201     78.856    32.6517     2.7678          0          0  0.000e+00
  1026.4011     78.225     78.880    32.6513     2.7675          0          0  0.000e+00
  1026.4011     78.262     78.918    32.6511     2.7672          0          0  0.000e+00
  1026.4004     78.307     78.963    32.6499     2.7666          0          0  0.000e+00
  1026.3994     78.364     79.020    32.6482     2.7658          0          0  0.000e+00
  1026.3997     78.423     79.080    32.6481     2.7645          0          0  0.000e+00
  1026.4008     78.488     79.145    32.6489     2.7634          0          0  0.000e+00
  1026.4018     78.552     79.210    32.6498     2.7627          0          0  0.000e+00
  1026.4025     78.609     79.267    32.6502     2.7623          0          0  0.000e+00
  1026.4030     78.653     79.312    32.6506     2.7621          0          0  0.000e+00
  1026.4039     78.687     79.346    32.6515     2.7621          0          0  0.000e+00
  1026.4044     78.697     79.356    32.6521     2.7622          0          0  0.000e+00
  1026.4046     78.681     79.340    32.6526     2.7629          0          0  0.000e+00
  1026.4057     78.642     79.300    32.6542     2.7636          0          0  0.000e+00
  1026.4066     78.570     79.228    32.6560     2.7652          0          0  0.000e+00
  1026.4036     78.472     79.129    32.6529     2.7673          0          0  0.000e+00
  1026.4016     78.356     79.013    32.6513     2.7686          0          0  0.000e+00
  1026.4023     78.232     78.888    32.6530     2.7691          0          0  0.000e+00
  1026.4024     78.108     78.763    32.6539     2.7700          0          0  0.000e+00
  1026.4014     77.998     78.651    32.6535     2.7714          0          0  0.000e+00
  1026.3994     77.906     78.558    32.6516     2.7726          0          0  0.000e+00
  1026.3981     77.847     78.499    32.6504     2.7731          0          0  0.000e+00
  1026.3969     77.816     78.468    32.6491     2.7729          0          0  0.000e+00
  1026.3959     77.816     78.468    32.6477     2.7720          0          0  0.000e+00
  1026.3956     77.843     78.495    32.6470     2.7704          0          0  0.000e+00
  1026.3977     77.891     78.543    32.6492     2.7684          0          0  0.000e+00
  1026.3988     77.958     78.611    32.6500     2.7672          0          0  0.000e+00
  1026.3996     78.029     78.683    32.6504     2.7662          0          0  0.000e+00
  1026.4001     78.102     78.756    32.6506     2.7658          0          0  0.000e+00
  1026.4012     78.170     78.825    32.6516     2.7653          0          0  0.000e+00
  1026.4036     78.233     78.888    32.6542     2.7651          0          0  0.000e+00
  1026.4041     78.287     78.942    32.6545     2.7655          0          0  0.000e+00
  1026.4027     78.329     78.985    32.6526     2.7658          0          0  0.000e+00
  1026.4038     78.365     79.021    32.6537     2.7658          0          0  0.000e+00
  1026.4053     78.390     79.047    32.6554     2.7659          0          0  0.000e+00
  1026.4041     78.407     79.064    32.6540     2.7666          0          0  0.000e+00
  1026.4037     78.417     79.074    32.6534     2.7670          0          0  0.000e+00
  1026.4045     78.417     79.074    32.6544     2.7671          0          0  0.000e+00
  1026.4048     78.412     79.069    32.6548     2.7674          0          0  0.000e+00
  1026.4044     78.398     79.055    32.6545     2.7679          0          0  0.000e+00
  1026.4042     78.387     79.044    32.6543     2.7686          0          0  0.000e+00
  1026.4035     78.376     79.032    32.6536     2.7693          0          0  0.000e+00
  1026.4039     78.370     79.027    32.6542     2.7698          0          0  0.000e+00
  1026.4030     78.376     79.032    32.6531     2.7704          0          0  0.000e+00
  1026.4022     78.387     79.044    32.6521     2.7707          0          0  0.000e+00
  1026.4018     78.412     79.069    32.6514     2.7705          0          0  0.000e+00
  1026.4011     78.440     79.097    32.6503     2.7700          0          0  0.000e+00
  1026.4014     78.472     79.130    32.6504     2.7689          0          0  0.000e+00
  1026.4025     78.499     79.156    32.6515     2.7679          0          0  0.000e+00
  1026.4041     78.514     79.171    32.6533     2.7672          0          0  0.000e+00
  1026.4052     78.523     79.181    32.6546     2.7670          0          0  0.000e+00
  1026.4052     78.520     79.178    32.6547     2.7672          0          0  0.000e+00
  1026.4061     78.499     79.156    32.6559     2.7676          0          0  0.000e+00
  1026.4064     78.462     79.119    32.6567     2.7684          0          0  0.000e+00
  1026.4059     78.414     79.071    32.6565     2.7696          0          0  0.000e+00
  1026.4048     78.351     79.008    32.6556     2.7710          1          1  0.000e+00
  1026.4033     78.282     78.938    32.6542     2.7721          1          1  0.000e+00
  1026.4041     78.200     78.855    32.6559     2.7729          1          1  0.000e+00
  1026.4046     78.113     78.767    32.6571     2.7741          1          1  0.000e+00
  1026.4029     78.020     78.673    32.6558     2.7760          1          1  0.000e+00
  1026.4017     77.923     78.576    32.6549     2.7775          1          1  0.000e+00
  1026.3989     77.845     78.497    32.6520     2.7784          1          1  0.000e+00
  1026.3986     77.753     78.405    32.6521     2.7781          1          1  0.000e+00
  1026.3987     77.691     78.342    32.6526     2.7776          1          1  0.000e+00
  1026.3957     77.650     78.300    32.6490     2.7774          1          1  0.000e+00
  1026.3961     77.644     78.295    32.6494     2.7758          1          1  0.000e+00
  1026.3936     77.672     78.322    32.6459     2.7738          1          1  0.000e+00
  1026.3939     77.733     78.384    32.6456     2.7711          1          1  0.000e+00
  1026.3982     77.836     78.488    32.6501     2.7682          1          1  0.000e+00
  1026.4014     77.974     78.627    32.6532     2.7669          1          1  0.000e+00
  1026.4022     78.137     78.792    32.6532     2.7668          1          1  0.000e+00
  1026.4033     78.315     78.971    32.6535     2.7669          1          1  0.000e+00
  1026.4047     78.504     79.162    32.6542     2.7670          1          1  0.000e+00
  1026.4069     78.688     79.347    32.6558     2.7674          1          1  0.000e+00
  1026.4111     78.854     79.515    32.6601     2.7679          1          1  0.000e+00
  1026.4125     78.981     79.643    32.6613     2.7693          1          1  0.000e+00
  1026.4114     79.057     79.719    32.6597     2.7709          1          1  0.000e+00
  1026.4111     79.074     79.736    32.6593     2.7719          1          1  0.000e+00
  1026.4096     79.028     79.690    32.6577     2.7728          1          1  0.000e+00
  1026.4083     78.924     79.585    32.6568     2.7731          1          1  0.000e+00
  1026.4085     78.771     79.431    32.6580     2.7736          1          1  0.000e+00
  1026.4063     78.578     79.237    32.6565     2.7744          1          1  0.000e+00
  1026.4035     78.362     79.019    32.6544     2.7750          1          1  0.000e+00
  1026.4022     78.134     78.789    32.6541     2.7750          1          1  0.000e+00
  1026.4002     77.908     78.561    32.6529     2.7750          1          1  0.000e+00
  1026.3990     77.709     78.360    32.6526     2.7745          1          1  0.000e+00
  1026.3967     77.538     78.188    32.6506     2.7738          1          1  0.000e+00
  1026.3953     77.416     78.065    32.6495     2.7727          1          1  0.000e+00
  1026.3950     77.345     77.993    32.6493     2.7713          1          1  0.000e+00
  1026.3956     77.323     77.971    32.6500     2.7700          1          1  0.000e+00
  1026.3963     77.346     77.994    32.6506     2.7687          1          1  0.000e+00
  1026.3968     77.422     78.070    32.6507     2.7677          1          1  0.000e+00
  1026.3980     77.537     78.187    32.6514     2.7669          1          1  0.000e+00
  1026.3990     77.679     78.330    32.6518     2.7664          1          1  0.000e+00
  1026.4001     77.860     78.512    32.6521     2.7661          1          1  0.000e+00
  1026.4022     78.045     78.699    32.6536     2.7658          1          1  0.000e+00
  1026.4041     78.222     78.877    32.6549     2.7660          1          1  0.000e+00
  1026.4062     78.390     79.046    32.6566     2.7667          1          1  0.000e+00
  1026.4070     78.535     79.193    32.6570     2.7675          1          1  0.000e+00
  1026.4074     78.638     79.297    32.6569     2.7684          1          1  0.000e+00
  1026.4067     78.703     79.362    32.6557     2.7689          1          1  0.000e+00
  1026.4085     78.723     79.382    32.6578     2.7693          1          1  0.000e+00
  1026.4089     78.709     79.368    32.6585     2.7702          1          1  0.000e+00
  1026.4065     78.659     79.318    32.6560     2.7713          1          1  0.000e+00
  1026.4065     78.586     79.244    32.6563     2.7717          1          1  0.000e+00
  1026.4051     78.496     79.153    32.6553     2.7723          1          1  0.000e+00
  1026.4046     78.398     79.055    32.6552     2.7726          1          1  0.000e+00
  1026.4041     78.305     78.961    32.6552     2.7731          1          1  0.000e+00
  1026.4029     78.222     78.878    32.6542     2.7735          1          1  0.000e+00
  1026.4024     78.152     78.807    32.6541     2.7739          1          1  0.000e+00
  1026.4012     78.096     78.750    32.6529     2.7739          1          1  0.000e+00
  1026.3973     78.053     78.706    32.6482     2.7736          1          1  0.000e+00
  1026.3986     78.020     78.673    32.6499     2.7719          1          1  0.000e+00
  1026.3996     77.991     78.644    32.6511     2.7705          1          1  0.000e+00
  1026.3997     77.974     78.627    32.6513     2.7697          1          1  0.000e+00
  1026.3990     77.955     78.608    32.6505     2.7689          1          1  0.000e+00
  1026.3996     77.939     78.592    32.6512     2.7680          1          1  0.000e+00
  1026.4000     77.924     78.577    32.6518     2.7673          1          1  0.000e+00
  1026.3987     77.912     78.564    32.6501     2.7669          1          1  0.000e+00
  1026.3992     77.905     78.558    32.6508     2.7664          1          1  0.000e+00
  1026.3978     77.903     78.556    32.6489     2.7659          1          1  0.000e+00
  1026.3980     77.910     78.562    32.6490     2.7651          1          1  0.000e+00
  1026.3988     77.928     78.580    32.6500     2.7645          1          1  0.000e+00
  1026.3994     77.958     78.611    32.6504     2.7641          1          1  0.000e+00
  1026.3997     78.005     78.658    32.6505     2.7640          1          1  0.000e+00
  1026.4010     78.064     78.718    32.6517     2.7636          1          1  0.000e+00
  1026.4008     78.137     78.791    32.6511     2.7637          1          1  0.000e+00
  1026.4027     78.216     78.871    32.6529     2.7637          1          1  0.000e+00
  1026.4034     78.299     78.955    32.6534     2.7640          1          1  0.000e+00
  1026.4032     78.374     79.031    32.6528     2.7646          1          1  0.000e+00
  1026.4036     78.434     79.092    32.6530     2.7649          1          1  0.000e+00
  1026.4050     78.477     79.134    32.6545     2.7651          1          1  0.000e+00
