data/eDNA/PER-2022-473/473A020.cnv
* Sea-Bird SBE19plus  Data File:
* FileName = C:\Users\RSG_field\Ryan_Perley2022473\CTD\473A020.hex
* Software version 2.3.0 SB_Terminal.dll
* Temperature SN = 7141
* Conductivity SN = 7141
* System UpLoad Time = Aug 14 2022 13:57:07
* <ApplicationData>
* <SeatermAF>
** Platform: M. Perley
** Cruise: Per2022473
** Station:  SAB_Trans_03
** Cast: 01
** Latitude: N  46 00.5696
** Longitude: W 59 11.9240
** Sounding: 61.8
** Chief Scientist: Ryan Stanley
** Comment: CastID 473A019 SampleID 493872-493877
** Cast 38
# nquan = 8
# nvalues = 2748                                  
# units = specified
# name 0 = density00: Density [density, kg/m^3]
# name 1 = depSM: Depth [salt water, m], lat = 45.00
# name 2 = prdM: Pressure, Strain Gauge [db]
# name 3 = sal00: Salinity, Practical [PSU]
# name 4 = tv290C: Temperature [ITS-90, deg C]
# name 5 = bpos: Bottle Position in Carousel
# name 6 = nbf: Bottles Fired
# name 7 = flag:  0.000e+00
# span 0 =   998.6101,  1025.7447                 
# span 1 =     -0.115,     58.355                 
# span 2 =     -0.116,     58.841                 
# span 3 =     0.0569,    31.9504                 
# span 4 =     2.7629,    19.9593                 
# span 5 =          0,          6                 
# span 6 =          0,          2                 
# span 7 = 0.0000e+00, 0.0000e+00                 
# interval = seconds: 0.25
# start_time = Aug 14 2022 13:42:30 [Instrument's time stamp, header]
# bad_flag = -9.990e-29
*END*
[from data line 2697]
   999.1511     -0.075     -0.075     1.0111    19.1463          6          2  0.000e+00
   999.1032     -0.076     -0.076     0.9466    19.1393          6          2  0.000e+00
   999.0502     -0.075     -0.075     0.8754    19.1322          6          2  0.000e+00
   999.0495     -0.075     -0.075     0.8727    19.1256          6          2  0.000e+00
   999.0288     -0.077     -0.077     0.8439    19.1189          6          2  0.000e+00
   998.9690     -0.076     -0.076     0.7638    19.1120          6          2  0.000e+00
   998.9805     -0.076     -0.076     0.7771    19.1053          6          2  0.000e+00
   999.1060     -0.076     -0.076     0.9396    19.0982          6          2  0.000e+00
   999.1157     -0.076     -0.076     0.9506    19.0917          6          2  0.000e+00
   999.0647     -0.076     -0.076     0.8822    19.0857          6          2  0.000e+00
   999.0895     -0.077     -0.077     0.9130    19.0791          6          2  0.000e+00
   999.1376     -0.079     -0.079     0.9743    19.0727          6          2  0.000e+00
   999.1874     -0.076     -0.076     1.0379    19.0662          6          2  0.000e+00
   999.1782     -0.077     -0.077     1.0241    19.0595          6          2  0.000e+00
   999.1383     -0.076     -0.076     0.9703    19.0533          6          2  0.000e+00
   999.0863     -0.076     -0.076     0.9006    19.0474          6          2  0.000e+00
   999.0458     -0.077     -0.077     0.8460    19.0409          6          2  0.000e+00
   998.9852     -0.075     -0.075     0.7651    19.0351          6          2  0.000e+00
   998.9692     -0.073     -0.074     0.7427    19.0290          6          2  0.000e+00
   998.9791     -0.073     -0.074     0.7541    19.0232          6          2  0.000e+00
   999.0139     -0.076     -0.076     0.7982    19.0176          6          2  0.000e+00
   999.0455     -0.077     -0.077     0.8381    19.0119          6          2  0.000e+00
   999.1006     -0.075     -0.075     0.9087    19.0060          6          2  0.000e+00
   999.0114     -0.075     -0.075     0.7905    19.0008          6          2  0.000e+00
   998.9484     -0.076     -0.076     0.7068    18.9953          6          2  0.000e+00
   998.8984     -0.072     -0.073     0.6399    18.9897          6          2  0.000e+00
   999.0593     -0.075     -0.075     0.8489    18.9842          6          2  0.000e+00
   999.2556     -0.076     -0.076     1.1045    18.9789          6          2  0.000e+00
   999.3630     -0.073     -0.074     1.2438    18.9736          6          2  0.000e+00
   999.2890     -0.075     -0.075     1.1456    18.9684          6          2  0.000e+00
   999.1970     -0.077     -0.077     1.0237    18.9631          6          2  0.000e+00
   999.1440     -0.078     -0.078     0.9530    18.9579          6          2  0.000e+00
   999.0801     -0.075     -0.075     0.8680    18.9525          6          2  0.000e+00
   999.0314     -0.076     -0.076     0.8030    18.9473          6          2  0.000e+00
   998.9514     -0.077     -0.077     0.6970    18.9422          6          2  0.000e+00
   998.9875     -0.076     -0.076     0.7428    18.9370          6          2  0.000e+00
   998.9723     -0.079     -0.079     0.7218    18.9323          6          2  0.000e+00
   998.9663     -0.076     -0.076     0.7127    18.9273          6          2  0.000e+00
   998.9485     -0.079     -0.079     0.6881    18.9225          6          2  0.000e+00
   998.9171     -0.077     -0.077     0.6458    18.9174          6          2  0.000e+00
   998.8889     -0.077     -0.077     0.6075    18.9122          6          2  0.000e+00
   998.8616     -0.078     -0.078     0.5707    18.9072          6          2  0.000e+00
   998.8394     -0.078     -0.078     0.5403    18.9020          6          2  0.000e+00
   998.8256     -0.076     -0.076     0.5210    18.8968          6          2  0.000e+00
   998.8219     -0.078     -0.078     0.5148    18.8916          6          2  0.000e+00
   998.8193     -0.077     -0.077     0.5100    18.8862          6          2  0.000e+00
   998.8136     -0.078     -0.078     0.5013    18.8814          6          2  0.000e+00
   998.8038     -0.076     -0.076     0.4871    18.8762          6          2  0.000e+00
   998.7967     -0.077     -0.077     0.4767    18.8715          6          2  0.000e+00
   998.7892     -0.077     -0.077     0.4657    18.8666          6          2  0.000e+00
   998.7813     -0.077     -0.077     0.4541    18.8617          6          2  0.000e+00
