data/eDNA/PER-2022-473/473A018.cnv
* Sea-Bird SBE19plus  Data File:
* FileName = C:\Users\RSG_field\Ryan_Perley2022473\CTD\473A018.hex
* Software version 2.3.0 SB_Terminal.dll
* Temperature SN = 7141
* Conductivity SN = 7141
* System UpLoad Time = Aug 14 2022 13:16:59
* <ApplicationData>
* <SeatermAF>
** Platform: M. Perley
** Cruise: Per2022473
** Station:  SAB_Trans_01
** Cast: 01
** Latitude: N  45 59.3684
** Longitude: W 59 12.6352
** Sounding: 24.5
** Chief Scientist: Ryan Stanley
** Comment: CAST 473A018 SampleID 493859-493865 (buffer)
** CAST 36 - pH readings may be off because buffer bottle fell off in transit form ESI to SAB
# nquan = 8
# nvalues = 1801                                  
# units = specified
# name 0 = density00: Density [density, kg/m^3]
# name 1 = depSM: Depth [salt water, m], lat = 45.00
# name 2 = prdM: Pressure, Strain Gauge [db]
# name 3 = sal00: Salinity, Practical [PSU]
# name 4 = tv290C: Temperature [ITS-90, deg C]
# name 5 = bpos: Bottle Position in Carousel
# name 6 = nbf: Bottles Fired
# name 7 = flag:  0.000e+00
# span 0 =   998.1733,  1020.9957                 
# span 1 =     -0.119,     23.018                 
# span 2 =     -0.120,     23.208                 
# span 3 =     0.0184,    29.6205                 
# span 4 =    19.0806,    20.2204                 
# span 5 =          0,          6                 
# span 6 =          0,          2                 
# span 7 = 0.0000e+00, 0.0000e+00                 
# interval = seconds: 0.25
# start_time = Aug 14 2022 13:05:24 [Instrument's time stamp, header]
# bad_flag = -9.990e-29
*END*
   998.1737     -0.113     -0.114     0.0184    20.2179          0          0  0.000e+00
   998.1737     -0.114     -0.115     0.0184    20.2179          0          0  0.000e+00
   998.1737     -0.112     -0.113     0.0184    20.2179          0          0  0.000e+00
   998.1737     -0.113     -0.114     0.0184    20.2179          0          0  0.000e+00
   998.1736     -0.114     -0.115     0.0184    20.2180          0          0  0.000e+00
   998.1737     -0.114     -0.115     0.0184    20.2179          0          0  0.000e+00
   998.1737     -0.113     -0.114     0.0184    20.2178          0          0  0.000e+00
   998.1737     -0.114     -0.115     0.0184    20.2180          0          0  0.000e+00
   998.1736     -0.115     -0.116     0.0184    20.2181          0          0  0.000e+00
   998.1736     -0.116     -0.117     0.0184    20.2180          0          0  0.000e+00
   998.1736     -0.117     -0.118     0.0184    20.2182          0          0  0.000e+00
   998.1736     -0.114     -0.115     0.0184    20.2182          0          0  0.000e+00
   998.1736     -0.115     -0.116     0.0184    20.2180          0          0  0.000e+00
   998.1736     -0.117     -0.118     0.0184    20.2180          0          0  0.000e+00
   998.1736     -0.118     -0.119     0.0184    20.2181          0          0  0.000e+00
   998.1737     -0.116     -0.117     0.0184    20.2179          0          0  0.000e+00
   998.1737     -0.117     -0.118     0.0184    20.2179          0          0  0.000e+00
   998.1736     -0.117     -0.118     0.0184    20.2182          0          0  0.000e+00
   998.1736     -0.117     -0.118     0.0184    20.2182          0          0  0.000e+00
   998.1736     -0.117     -0.118     0.0184    20.2181          0          0  0.000e+00
   998.1737     -0.116     -0.117     0.0184    20.2179          0          0  0.000e+00
   998.1736     -0.116     -0.117     0.0184    20.2182          0          0  0.000e+00
   998.1736     -0.118     -0.119     0.0184    20.2181          0          0  0.000e+00
   998.1736     -0.116     -0.117     0.0184    20.2182          0          0  0.000e+00
   998.1736     -0.115     -0.116     0.0184    20.2184          0          0  0.000e+00
   998.1736     -0.117     -0.118     0.0184    20.2181          0          0  0.000e+00
   998.1736     -0.116     -0.117     0.0184    20.2183          0          0  0.000e+00
   998.1736     -0.117     -0.118     0.0184    20.2184          0          0  0.000e+00
   998.1736     -0.116     -0.117     0.0184    20.2182          0          0  0.000e+00
   998.1736     -0.116     -0.117     0.0184    20.2183          0          0  0.000e+00
   998.1736     -0.116     -0.117     0.0184    20.2183          0          0  0.000e+00
   998.1736     -0.116     -0.117     0.0184    20.2183          0          0  0.000e+00
   998.1736     -0.115     -0.116     0.0184    20.2184          0          0  0.000e+00
   998.1735     -0.116     -0.117     0.0184    20.2185          0          0  0.000e+00
   998.1736     -0.115     -0.116     0.0184    20.2185          0          0  0.000e+00
   998.1736     -0.115     -0.116     0.0184    20.2185          0          0  0.000e+00
   998.1736     -0.115     -0.116     0.0184    20.2185          0          0  0.000e+00
   998.1735     -0.116     -0.117     0.0184    20.2185          0          0  0.000e+00
   998.1736     -0.115     -0.116     0.0184    20.2185          0          0  0.000e+00
   998.1735     -0.115     -0.116     0.0184    20.2186          0          0  0.000e+00
   998.1735     -0.116     -0.117     0.0184    20.2187          0          0  0.000e+00
   998.1735     -0.116     -0.117     0.0184    20.2185          0          0  0.000e+00
   998.1736     -0.116     -0.117     0.0184    20.2184          0          0  0.000e+00
   998.1735     -0.117     -0.118     0.0184    20.2186          0          0  0.000e+00
   998.1735     -0.118     -0.119     0.0184    20.2186          0          0  0.000e+00
   998.1736     -0.115     -0.116     0.0184    20.2185          0          0  0.000e+00
   998.1736     -0.118     -0.119     0.0184    20.2185          0          0  0.000e+00
   998.1735     -0.117     -0.118     0.0184    20.2184          0          0  0.000e+00
   998.1735     -0.119     -0.120     0.0184    20.2185          0          0  0.000e+00
   998.1735     -0.117     -0.118     0.0184    20.2185          0          0  0.000e+00
   998.1735     -0.117     -0.118     0.0184    20.2185          0          0  0.000e+00
   998.1735     -0.117     -0.118     0.0184    20.2185          0          0  0.000e+00
   998.1735     -0.117     -0.118     0.0184    20.2185          0          0  0.000e+00
   998.1736     -0.118     -0.119     0.0184    20.2185          0          0  0.000e+00
   998.1735     -0.117     -0.118     0.0184    20.2185          0          0  0.000e+00
   998.1736     -0.116     -0.117     0.0184    20.2184          0          0  0.000e+00
   998.1735     -0.115     -0.116     0.0184    20.2187          0          0  0.000e+00
   998.1735     -0.114     -0.115     0.0184    20.2187          0          0  0.000e+00
   998.1735     -0.114     -0.115     0.0184    20.2188          0          0  0.000e+00
   998.1735     -0.116     -0.117     0.0184    20.2188          0          0  0.000e+00
   998.1735     -0.116     -0.117     0.0184    20.2187          0          0  0.000e+00
   998.1735     -0.116     -0.117     0.0184    20.2189          0          0  0.000e+00
   998.1735     -0.115     -0.116     0.0184    20.2187          0          0  0.000e+00
   998.1735     -0.116     -0.117     0.0184    20.2187          0          0  0.000e+00
   998.1735     -0.115     -0.116     0.0184    20.2188          0          0  0.000e+00
   998.1735     -0.115     -0.116     0.0184    20.2188          0          0  0.000e+00
   998.1735     -0.116     -0.117     0.0184    20.2188          0          0  0.000e+00
   998.1735     -0.116     -0.117     0.0184    20.2188          0          0  0.000e+00
   998.1735     -0.117     -0.118     0.0184    20.2187          0          0  0.000e+00
   998.1735     -0.117     -0.118     0.0184    20.2189          0          0  0.000e+00
   998.1735     -0.118     -0.119     0.0184    20.2189          0          0  0.000e+00
   998.1735     -0.117     -0.118     0.0184    20.2187          0          0  0.000e+00
   998.1735     -0.118     -0.119     0.0184    20.2189          0          0  0.000e+00
   998.1735     -0.117     -0.118     0.0184    20.2190          0          0  0.000e+00
   998.1735     -0.117     -0.118     0.0184    20.2189          0          0  0.000e+00
   998.1735     -0.117     -0.118     0.0184    20.2190          0          0  0.000e+00
   998.1735     -0.118     -0.119     0.0184    20.2188          0          0  0.000e+00
   998.1735     -0.118     -0.119     0.0184    20.2189          0          0  0.000e+00
   998.1734     -0.117     -0.118     0.0184    20.2191          0          0  0.000e+00
   998.1735     -0.117     -0.118     0.0184    20.2190          0          0  0.000e+00
   998.1735     -0.117     -0.118     0.0184    20.2190          0          0  0.000e+00
   998.1734     -0.118     -0.119     0.0184    20.2191          0          0  0.000e+00
   998.1734     -0.118     -0.119     0.0184    20.2191          0          0  0.000e+00
   998.1735     -0.117     -0.118     0.0184    20.2189          0          0  0.000e+00
   998.1735     -0.117     -0.118     0.0184    20.2190          0          0  0.000e+00
   998.1735     -0.117     -0.118     0.0184    20.2191          0          0  0.000e+00
   998.1735     -0.118     -0.119     0.0184    20.2191          0          0  0.000e+00
   998.1735     -0.116     -0.117     0.0184    20.2191          0          0  0.000e+00
   998.1734     -0.117     -0.118     0.0184    20.2191          0          0  0.000e+00
   998.1735     -0.117     -0.118     0.0184    20.2191          0          0  0.000e+00
   998.1734     -0.116     -0.117     0.0185    20.2192          0          0  0.000e+00
   998.1734     -0.117     -0.118     0.0184    20.2193          0          0  0.000e+00
   998.1734     -0.118     -0.119     0.0184    20.2192          0          0  0.000e+00
   998.1734     -0.117     -0.118     0.0184    20.2193          0          0  0.000e+00
   998.1734     -0.116     -0.117     0.0184    20.2191          0          0  0.000e+00
   998.1734     -0.117     -0.118     0.0184    20.2194          0          0  0.000e+00
   998.1734     -0.116     -0.117     0.0184    20.2193          0          0  0.000e+00
   998.1734     -0.115     -0.116     0.0184    20.2192          0          0  0.000e+00
   998.1734     -0.118     -0.119     0.0184    20.2192          0          0  0.000e+00
   998.1734     -0.116     -0.117     0.0184    20.2192          0          0  0.000e+00
   998.1734     -0.118     -0.119     0.0184    20.2192          0          0  0.000e+00
   998.1734     -0.115     -0.116     0.0184    20.2193          0          0  0.000e+00
   998.1734     -0.116     -0.117     0.0185    20.2193          0          0  0.000e+00
   998.1734     -0.118     -0.119     0.0184    20.2194          0          0  0.000e+00
   998.1734     -0.116     -0.117     0.0184    20.2193          0          0  0.000e+00
   998.1735     -0.117     -0.118     0.0185    20.2191          0          0  0.000e+00
   998.1734     -0.117     -0.118     0.0185    20.2192          0          0  0.000e+00
   998.1734     -0.119     -0.120     0.0185    20.2191          0          0  0.000e+00
   998.1734     -0.118     -0.119     0.0185    20.2193          0          0  0.000e+00
   998.1735     -0.118     -0.119     0.0184    20.2190          0          0  0.000e+00
   998.1734     -0.118     -0.119     0.0185    20.2193          0          0  0.000e+00
   998.1735     -0.118     -0.119     0.0185    20.2192          0          0  0.000e+00
   998.1734     -0.116     -0.117     0.0185    20.2195          0          0  0.000e+00
   998.1734     -0.117     -0.118     0.0185    20.2195          0          0  0.000e+00
   998.1734     -0.117     -0.118     0.0185    20.2193          0          0  0.000e+00
   998.1734     -0.114     -0.115     0.0185    20.2194          0          0  0.000e+00
   998.1734     -0.117     -0.118     0.0184    20.2195          0          0  0.000e+00
   998.1734     -0.118     -0.119     0.0185    20.2196          0          0  0.000e+00
   998.1734     -0.117     -0.118     0.0185    20.2195          0          0  0.000e+00
   998.1734     -0.117     -0.118     0.0184    20.2193          0          0  0.000e+00
   998.1734     -0.117     -0.118     0.0185    20.2195          0          0  0.000e+00
   998.1734     -0.116     -0.117     0.0185    20.2195          0          0  0.000e+00
   998.1734     -0.117     -0.118     0.0184    20.2194          0          0  0.000e+00
   998.1733     -0.118     -0.119     0.0185    20.2198          0          0  0.000e+00
   998.1733     -0.117     -0.118     0.0184    20.2198          0          0  0.000e+00
   998.1733     -0.118     -0.119     0.0184    20.2198          0          0  0.000e+00
   998.1734     -0.116     -0.117     0.0185    20.2197          0          0  0.000e+00
   998.1733     -0.118     -0.119     0.0185    20.2200          0          0  0.000e+00
   998.1734     -0.115     -0.116     0.0185    20.2197          0          0  0.000e+00
   998.1734     -0.117     -0.118     0.0186    20.2200          0          0  0.000e+00
   998.1734     -0.117     -0.118     0.0187    20.2201          0          0  0.000e+00
   998.1734     -0.118     -0.119     0.0187    20.2203          0          0  0.000e+00
   998.1734     -0.119     -0.120     0.0187    20.2203          0          0  0.000e+00
   998.1734     -0.117     -0.118     0.0188    20.2203          0          0  0.000e+00
   998.1734     -0.117     -0.118     0.0187    20.2204          0          0  0.000e+00
   998.1734     -0.117     -0.118     0.0187    20.2203          0          0  0.000e+00
   998.1735     -0.117     -0.118     0.0187    20.2198          0          0  0.000e+00
   998.1737     -0.119     -0.120     0.0187    20.2189          0          0  0.000e+00
   998.1740     -0.117     -0.118     0.0187    20.2173          0          0  0.000e+00
   998.1745     -0.116     -0.117     0.0187    20.2150          0          0  0.000e+00
   998.1752     -0.117     -0.118     0.0190    20.2127          0          0  0.000e+00
   998.1754     -0.119     -0.120     0.0188    20.2111          0          0  0.000e+00
   998.1754     -0.118     -0.119     0.0189    20.2117          0          0  0.000e+00
   998.1754     -0.118     -0.119     0.0192    20.2124          0          0  0.000e+00
   998.1754     -0.119     -0.120     0.0194    20.2131          0          0  0.000e+00
   998.1754     -0.118     -0.119     0.0196    20.2136          0          0  0.000e+00
   998.1756     -0.119     -0.120     0.0198    20.2137          0          0  0.000e+00
   998.1757     -0.117     -0.118     0.0199    20.2136          0          0  0.000e+00
   998.1759     -0.119     -0.120     0.0201    20.2134          0          0  0.000e+00
   998.1762     -0.117     -0.118     0.0204    20.2132          0          0  0.000e+00
   998.1766     -0.117     -0.118     0.0208    20.2129          0          0  0.000e+00
   998.1772     -0.117     -0.118     0.0216    20.2126          0          0  0.000e+00
   998.1791     -0.118     -0.119     0.0239    20.2124          0          0  0.000e+00
   998.1855     -0.118     -0.119     0.0323    20.2124          0          0  0.000e+00
   999.8827     -0.098     -0.099     2.2602    20.2112          0          0  0.000e+00
  1007.0509     -0.003     -0.003    11.6926    20.0940          0          0  0.000e+00
  1020.3470      0.104      0.105    29.1545    19.8539          0          0  0.000e+00
  1020.4541      0.214      0.216    29.2372    19.6814          0          0  0.000e+00
  1020.4579      0.357      0.360    29.1999    19.5558          0          0  0.000e+00
  1020.6165      0.545      0.550    29.3797    19.4726          0          0  0.000e+00
  1020.6578      0.780      0.787    29.4161    19.4224          0          0  0.000e+00
  1020.6796      1.075      1.084    29.4330    19.3919          0          0  0.000e+00
  1020.6977      1.410      1.421    29.4476    19.3699          0          0  0.000e+00
  1020.7141      1.768      1.783    29.4621    19.3549          0          0  0.000e+00
  1020.7305      1.989      2.005    29.4797    19.3469          0          0  0.000e+00
  1020.7411      2.200      2.218    29.4931    19.3490          0          0  0.000e+00
  1020.7210      2.354      2.374    29.4704    19.3629          0          0  0.000e+00
  1020.7042      2.461      2.482    29.4538    19.3814          0          0  0.000e+00
  1020.7006      2.523      2.544    29.4536    19.3965          0          0  0.000e+00
  1020.7072      2.547      2.568    29.4658    19.4076          0          0  0.000e+00
  1020.7005      2.539      2.560    29.4594    19.4146          0          0  0.000e+00
  1020.6990      2.490      2.510    29.4589    19.4182          0          0  0.000e+00
  1020.6968      2.409      2.429    29.4549    19.4134          0          0  0.000e+00
  1020.7008      2.315      2.334    29.4568    19.4015          0          0  0.000e+00
  1020.7089      2.221      2.239    29.4641    19.3896          0          0  0.000e+00
  1020.7173      2.137      2.155    29.4723    19.3797          0          0  0.000e+00
  1020.7238      2.073      2.090    29.4790    19.3728          0          0  0.000e+00
  1020.7054      2.019      2.036    29.4536    19.3682          0          0  0.000e+00
  1020.6548      1.976      1.992    29.3866    19.3655          0          0  0.000e+00
