data/eDNA/PER-2022-473/473A026.cnv
* Sea-Bird SBE19plus  Data File:
* FileName = C:\Users\RSG_field\Ryan_Perley2022473\CTD\473A026.hex
* Software version 2.3.0 SB_Terminal.dll
* Temperature SN = 7141
* Conductivity SN = 7141
* System UpLoad Time = Aug 16 2022 14:37:42
* <ApplicationData>
* <SeatermAF>
** Platform: M. Perley
** Cruise: Per2022473
** Station:  SAB_Trans_11
** Cast: 01 473A026
** Latitude: N  46 02.3968
** Longitude: W 59 07.3092
** Sounding: 93.5
** Chief Scientist: Ryan Stanley
** Comment: Bottles 493909-43914 - sounding based on plumb line cast 45
# nquan = 8
# nvalues = 3191                                  
# units = specified
# name 0 = density00: Density [density, kg/m^3]
# name 1 = depSM: Depth [salt water, m], lat = 45.00
# name 2 = prdM: Pressure, Strain Gauge [db]
# name 3 = sal00: Salinity, Practical [PSU]
# name 4 = tv290C: Temperature [ITS-90, deg C]
# name 5 = bpos: Bottle Position in Carousel
# name 6 = nbf: Bottles Fired
# name 7 = flag:  0.000e+00
# span 0 =   998.4357,  1026.2319                 
# span 1 =     -0.041,     81.121                 
# span 2 =     -0.042,     81.801                 
# span 3 =     0.1235,    32.3935                 
# span 4 =     2.0868,    20.4955                 
# span 5 =          0,          6                 
# span 6 =          0,          2                 
# span 7 = 0.0000e+00, 0.0000e+00                 
# interval = seconds: 0.25
# start_time = Aug 16 2022 14:21:00 [Instrument's time stamp, header]
# bad_flag = -9.990e-29
*END*
[from data line 3057]
  1019.8385      0.031      0.032    28.6989    20.4867          6          2  0.000e+00
  1019.8434     -0.004     -0.004    28.7035    20.4807          6          2  0.000e+00
  1019.8483     -0.000     -0.000    28.7069    20.4719          6          2  0.000e+00
  1019.8530     -0.002     -0.002    28.7094    20.4610          6          2  0.000e+00
  1019.8265      0.001      0.001    28.6722    20.4539          6          2  0.000e+00
  1019.8261     -0.000     -0.000    28.6672    20.4409          6          2  0.000e+00
  1019.8491     -0.002     -0.002    28.6868    20.4097          6          2  0.000e+00
  1019.8621     -0.000     -0.000    28.6953    20.3842          6          2  0.000e+00
  1019.8678      0.001      0.001    28.6975    20.3686          6          2  0.000e+00
  1019.8739      0.001      0.001    28.7013    20.3558          6          2  0.000e+00
  1019.8775     -0.000     -0.000    28.7022    20.3445          6          2  0.000e+00
  1019.8762     -0.000     -0.000    28.6970    20.3344          6          2  0.000e+00
  1018.9377     -0.002     -0.002    27.4578    20.3231          6          2  0.000e+00
  1001.7712     -0.003     -0.003     4.7778    20.3089          6          2  0.000e+00
  1002.3515     -0.003     -0.003     5.5409    20.2977          6          2  0.000e+00
  1001.9874      0.001      0.001     5.0585    20.2923          6          2  0.000e+00
  1000.9034     -0.003     -0.003     3.6262    20.2869          6          2  0.000e+00
  1000.4782     -0.003     -0.003     3.0640    20.2813          6          2  0.000e+00
  1000.3002     -0.004     -0.004     2.8280    20.2767          6          2  0.000e+00
  1000.5857     -0.003     -0.003     3.2029    20.2717          6          2  0.000e+00
  1000.9267     -0.003     -0.003     3.6508    20.2657          6          2  0.000e+00
  1000.5840     -0.002     -0.002     3.1970    20.2590          6          2  0.000e+00
  1000.2774     -0.002     -0.002     2.7907    20.2511          6          2  0.000e+00
   999.9594     -0.002     -0.002     2.3695    20.2427          6          2  0.000e+00
   999.7178     -0.002     -0.002     2.0490    20.2343          6          2  0.000e+00
   999.5983     -0.001     -0.002     1.8893    20.2256          6          2  0.000e+00
   999.5045     -0.003     -0.003     1.7636    20.2170          6          2  0.000e+00
   999.4381     -0.003     -0.003     1.6737    20.2079          6          2  0.000e+00
  1001.5260     -0.001     -0.002     4.4224    20.1987          6          2  0.000e+00
  1000.8020     -0.001     -0.002     3.4648    20.1894          6          2  0.000e+00
   999.9336     -0.003     -0.003     2.3179    20.1796          6          2  0.000e+00
   999.5775     -0.004     -0.004     1.8466    20.1702          6          2  0.000e+00
   999.3778     -0.003     -0.003     1.5817    20.1620          6          2  0.000e+00
   999.2490     -0.005     -0.005     1.4102    20.1542          6          2  0.000e+00
   999.1455     -0.004     -0.004     1.2719    20.1461          6          2  0.000e+00
   999.0717     -0.005     -0.005     1.1727    20.1379          6          2  0.000e+00
   999.0016     -0.005     -0.005     1.0783    20.1296          6          2  0.000e+00
   999.0084     -0.005     -0.005     1.0851    20.1215          6          2  0.000e+00
   999.0433     -0.004     -0.004     1.1287    20.1136          6          2  0.000e+00
   999.1499     -0.005     -0.005     1.2666    20.1056          6          2  0.000e+00
   999.1852     -0.003     -0.003     1.3108    20.0977          6          2  0.000e+00
   999.2021     -0.007     -0.007     1.3307    20.0898          6          2  0.000e+00
   999.1386     -0.004     -0.004     1.2452    20.0818          6          2  0.000e+00
   999.0656     -0.005     -0.005     1.1470    20.0735          6          2  0.000e+00
   999.0231     -0.004     -0.004     1.0890    20.0655          6          2  0.000e+00
   998.9779     -0.004     -0.004     1.0272    20.0565          6          2  0.000e+00
   998.9539     -0.001     -0.001     0.9933    20.0476          6          2  0.000e+00
   999.1167     -0.004     -0.004     1.2044    20.0384          6          2  0.000e+00
   999.6172     -0.002     -0.003     1.8595    20.0287          6          2  0.000e+00
   999.6559     -0.005     -0.005     1.9078    20.0194          6          2  0.000e+00
   999.5189     -0.005     -0.005     1.7252    20.0101          6          2  0.000e+00
   999.5069     -0.005     -0.005     1.7068    20.0005          6          2  0.000e+00
   999.3877     -0.005     -0.005     1.5474    19.9909          6          2  0.000e+00
   999.2406     -0.005     -0.005     1.3514    19.9812          6          2  0.000e+00
   999.1300     -0.004     -0.004     1.2036    19.9719          6          2  0.000e+00
   999.0557     -0.001     -0.001     1.1037    19.9632          6          2  0.000e+00
   998.9957     -0.005     -0.005     1.0228    19.9550          6          2  0.000e+00
   998.9385     -0.005     -0.005     0.9457    19.9472          6          2  0.000e+00
   998.8987     -0.004     -0.004     0.8914    19.9401          6          2  0.000e+00
   998.8686     -0.004     -0.004     0.8500    19.9330          6          2  0.000e+00
   998.8407     -0.005     -0.005     0.8116    19.9262          6          2  0.000e+00
   998.7807     -0.005     -0.005     0.7312    19.9196          6          2  0.000e+00
   998.7715     -0.005     -0.005     0.7173    19.9133          6          2  0.000e+00
   998.7609     -0.002     -0.002     0.7018    19.9070          6          2  0.000e+00
   998.8150     -0.004     -0.004     0.7711    19.9011          6          2  0.000e+00
   998.8597     -0.004     -0.004     0.8281    19.8955          6          2  0.000e+00
   998.8464     -0.006     -0.006     0.8092    19.8897          6          2  0.000e+00
   998.8809     -0.003     -0.004     0.8530    19.8844          6          2  0.000e+00
   998.8988     -0.003     -0.004     0.8749    19.8788          6          2  0.000e+00
   998.9148     -0.005     -0.005     0.8944    19.8730          6          2  0.000e+00
   998.9223     -0.001     -0.001     0.9026    19.8672          6          2  0.000e+00
   998.9288     -0.003     -0.004     0.9096    19.8615          6          2  0.000e+00
   998.9251     -0.003     -0.004     0.9032    19.8555          6          2  0.000e+00
   998.9033     -0.002     -0.002     0.8729    19.8497          6          2  0.000e+00
   998.8607     -0.002     -0.002     0.8155    19.8437          6          2  0.000e+00
   998.8334     -0.005     -0.005     0.7781    19.8379          6          2  0.000e+00
   998.7955     -0.002     -0.002     0.7268    19.8319          6          2  0.000e+00
   998.7712     -0.001     -0.001     0.6933    19.8258          6          2  0.000e+00
   998.7494     -0.001     -0.001     0.6630    19.8195          6          2  0.000e+00
   998.7406     -0.001     -0.001     0.6498    19.8130          6          2  0.000e+00
   998.7273     -0.002     -0.002     0.6307    19.8067          6          2  0.000e+00
   998.7107     -0.001     -0.001     0.6073    19.8005          6          2  0.000e+00
   998.7081     -0.002     -0.002     0.6021    19.7941          6          2  0.000e+00
   998.7258     -0.003     -0.003     0.6237    19.7880          6          2  0.000e+00
   998.6965     -0.001     -0.001     0.5836    19.7820          6          2  0.000e+00
   998.6771     -0.002     -0.002     0.5567    19.7761          6          2  0.000e+00
   998.6795     -0.002     -0.002     0.5583    19.7702          6          2  0.000e+00
   998.6729     -0.002     -0.002     0.5481    19.7646          6          2  0.000e+00
   998.6659     -0.002     -0.002     0.5375    19.7593          6          2  0.000e+00
   998.6521     -0.006     -0.006     0.5180    19.7541          6          2  0.000e+00
   998.6400     -0.003     -0.003     0.5008    19.7485          6          2  0.000e+00
   998.6099     -0.003     -0.003     0.4598    19.7432          6          2  0.000e+00
   998.5892     -0.003     -0.003     0.4315    19.7383          6          2  0.000e+00
   998.5810     -0.007     -0.007     0.4193    19.7330          6          2  0.000e+00
   998.5669     -0.007     -0.007     0.3996    19.7280          6          2  0.000e+00
   998.5576     -0.003     -0.003     0.3860    19.7228          6          2  0.000e+00
   998.5453     -0.006     -0.006     0.3685    19.7175          6          2  0.000e+00
   998.5384     -0.004     -0.005     0.3581    19.7123          6          2  0.000e+00
   998.5292     -0.003     -0.003     0.3446    19.7069          6          2  0.000e+00
   998.5188     -0.001     -0.001     0.3296    19.7018          6          2  0.000e+00
   998.5110     -0.004     -0.005     0.3180    19.6968          6          2  0.000e+00
   998.5041     -0.001     -0.001     0.3078    19.6921          6          2  0.000e+00
   998.4981     -0.002     -0.002     0.2987    19.6874          6          2  0.000e+00
   998.4937     -0.002     -0.002     0.2918    19.6831          6          2  0.000e+00
   998.4882     -0.002     -0.002     0.2835    19.6789          6          2  0.000e+00
   998.4810     -0.000     -0.000     0.2728    19.6742          6          2  0.000e+00
   998.4760     -0.001     -0.001     0.2650    19.6694          6          2  0.000e+00
   998.4705     -0.000     -0.000     0.2564    19.6640          6          2  0.000e+00
   998.4612     -0.000     -0.000     0.2428    19.6589          6          2  0.000e+00
   998.4531     -0.002     -0.002     0.2308    19.6532          6          2  0.000e+00
   998.4431     -0.000     -0.000     0.2163    19.6480          6          2  0.000e+00
   998.4357     -0.001     -0.001     0.2054    19.6428          6          2  0.000e+00
   998.4399     -0.003     -0.003     0.2094    19.6373          6          2  0.000e+00
   998.4468     -0.002     -0.002     0.2168    19.6316          6          2  0.000e+00
   998.4549     -0.001     -0.001     0.2261    19.6269          6          2  0.000e+00
   998.4737     -0.000     -0.000     0.2495    19.6222          6          2  0.000e+00
   998.4980     -0.003     -0.003     0.2801    19.6177          6          2  0.000e+00
   998.5264     -0.004     -0.004     0.3160    19.6133          6          2  0.000e+00
   998.5345     -0.003     -0.003     0.3256    19.6092          6          2  0.000e+00
   998.5184     -0.002     -0.002     0.3034    19.6050          6          2  0.000e+00
   998.5204     -0.001     -0.001     0.3049    19.6010          6          2  0.000e+00
   998.5322     -0.001     -0.001     0.3194    19.5974          6          2  0.000e+00
   998.5387     -0.002     -0.002     0.3269    19.5935          6          2  0.000e+00
   998.5501     -0.001     -0.001     0.3407    19.5895          6          2  0.000e+00
   998.5659     -0.000     -0.000     0.3603    19.5855          6          2  0.000e+00
   998.5691     -0.000     -0.000     0.3634    19.5816          6          2  0.000e+00
   998.5545      0.001      0.001     0.3433    19.5778          6          2  0.000e+00
   998.5745     -0.001     -0.001     0.3685    19.5739          6          2  0.000e+00
   999.7425     -0.002     -0.002     1.8991    19.5700          6          2  0.000e+00
  1000.1263     -0.000     -0.000     2.4025    19.5663          6          2  0.000e+00
   999.9689     -0.000     -0.000     2.1944    19.5622          6          2  0.000e+00
   999.7698     -0.000     -0.000     1.9318    19.5586          6          2  0.000e+00
   999.5863      0.002      0.002     1.6906    19.5582          6          2  0.000e+00
   999.4292      0.001      0.001     1.4851    19.5610          6          2  0.000e+00
