data/eDNA/PER-2022-473/473A021.cnv
* Sea-Bird SBE19plus  Data File:
* FileName = C:\Users\RSG_field\Ryan_Perley2022473\CTD\473A021.hex
* Software version 2.3.0 SB_Terminal.dll
* Temperature SN = 7141
* Conductivity SN = 7141
* System UpLoad Time = Aug 14 2022 14:35:25
* <ApplicationData>
* <SeatermAF>
** Platform: M. Perley
** Cruise: Per2022473
** Station:  SAB_Trans_04
** Cast: 01
** Latitude: N  46 03.5750
** Longitude: W 59 09.8696
** Sounding: 81,6
** Chief Scientist: Ryan Stanley
** Comment: CastID 473A021 SampleID 493878-493883
** Cast 39
# nquan = 8
# nvalues = 3055                                  
# units = specified
# name 0 = density00: Density [density, kg/m^3]
# name 1 = depSM: Depth [salt water, m], lat = 45.00
# name 2 = prdM: Pressure, Strain Gauge [db]
# name 3 = sal00: Salinity, Practical [PSU]
# name 4 = tv290C: Temperature [ITS-90, deg C]
# name 5 = bpos: Bottle Position in Carousel
# name 6 = nbf: Bottles Fired
# name 7 = flag:  0.000e+00
# span 0 =   998.5543,  1026.4125                 
# span 1 =     -0.121,     79.074                 
# span 2 =     -0.122,     79.736                 
# span 3 =     0.0673,    32.6613                 
# span 4 =     2.1459,    20.3724                 
# span 5 =          0,          6                 
# span 6 =          0,          2                 
# span 7 = 0.0000e+00, 0.0000e+00                 
# interval = seconds: 0.25
# start_time = Aug 14 2022 14:18:04 [Instrument's time stamp, header]
# bad_flag = -9.990e-29
*END*
[from data line 720]
  1025.1238     32.766     33.036    31.5152     4.4630          0          0  0.000e+00
  1025.1283     32.828     33.100    31.5185     4.4478          0          0  0.000e+00
  1025.1270     32.899     33.171    31.5145     4.4317          0          0  0.000e+00
  1025.1270     32.977     33.249    31.5117     4.4137          0          0  0.000e+00
  1025.1336     33.061     33.335    31.5169     4.3930          0          0  0.000e+00
  1025.1433     33.153     33.427    31.5260     4.3734          0          0  0.000e+00
  1025.1474     33.246     33.521    31.5286     4.3573          0          0  0.000e+00
  1025.1504     33.347     33.622    31.5298     4.3418          0          0  0.000e+00
  1025.1465     33.443     33.720    31.5224     4.3267          0          0  0.000e+00
  1025.1466     33.547     33.824    31.5194     4.3074          0          0  0.000e+00
  1025.1307     33.652     33.930    31.4955     4.2811          0          0  0.000e+00
  1025.1182     33.755     34.034    31.4734     4.2345          0          0  0.000e+00
  1025.1620     33.858     34.137    31.5197     4.1683          0          0  0.000e+00
  1025.2034     33.959     34.240    31.5645     4.1142          0          0  0.000e+00
  1025.2229     34.059     34.341    31.5844     4.0809          0          0  0.000e+00
  1025.2342     34.156     34.439    31.5953     4.0587          0          0  0.000e+00
  1025.2333     34.248     34.531    31.5915     4.0408          0          0  0.000e+00
  1025.2193     34.331     34.615    31.5706     4.0188          0          0  0.000e+00
  1025.2438     34.409     34.693    31.5969     3.9849          0          0  0.000e+00
  1025.2503     34.476     34.761    31.6014     3.9574          0          0  0.000e+00
  1025.2636     34.538     34.824    31.6147     3.9328          0          0  0.000e+00
  1025.2741     34.586     34.872    31.6252     3.9125          0          0  0.000e+00
  1025.2828     34.623     34.909    31.6339     3.8954          0          0  0.000e+00
  1025.2954     34.647     34.934    31.6480     3.8818          0          0  0.000e+00
  1025.3104     34.658     34.944    31.6660     3.8752          0          0  0.000e+00
  1025.3200     34.656     34.942    31.6785     3.8790          0          0  0.000e+00
  1025.3328     34.649     34.936    31.6962     3.8922          0          0  0.000e+00
  1025.3454     34.643     34.929    31.7152     3.9170          0          0  0.000e+00
  1025.2992     34.643     34.929    31.6615     3.9539          0          0  0.000e+00
  1025.2808     34.658     34.944    31.6402     3.9699          0          0  0.000e+00
  1025.2557     34.693     34.980    31.6085     3.9709          0          0  0.000e+00
  1025.2597     34.753     35.041    31.6115     3.9569          0          0  0.000e+00
  1025.2796     34.840     35.128    31.6340     3.9409          0          0  0.000e+00
  1025.2973     34.955     35.244    31.6550     3.9351          0          0  0.000e+00
  1025.2249     35.092     35.383    31.5637     3.9410          0          0  0.000e+00
  1025.1989     35.255     35.546    31.5262     3.9091          0          0  0.000e+00
  1025.2079     35.430     35.723    31.5288     3.8437          0          0  0.000e+00
  1025.2476     35.619     35.914    31.5691     3.7722          0          0  0.000e+00
  1025.2504     35.820     36.116    31.5642     3.7111          0          0  0.000e+00
  1025.2640     36.010     36.308    31.5725     3.6446          0          0  0.000e+00
  1025.2897     36.196     36.495    31.5951     3.5703          0          0  0.000e+00
  1025.3449     36.365     36.665    31.6551     3.4969          0          0  0.000e+00
  1025.3789     36.503     36.805    31.6910     3.4443          0          0  0.000e+00
  1025.3977     36.618     36.921    31.7100     3.4088          0          0  0.000e+00
  1025.4198     36.707     37.011    31.7341     3.3814          0          0  0.000e+00
  1025.4355     36.776     37.080    31.7514     3.3634          0          0  0.000e+00
  1025.4422     36.827     37.131    31.7585     3.3537          0          0  0.000e+00
  1025.4452     36.862     37.167    31.7615     3.3486          0          0  0.000e+00
  1025.4481     36.894     37.199    31.7646     3.3463          0          0  0.000e+00
  1025.4534     36.919     37.224    31.7712     3.3468          0          0  0.000e+00
  1025.4480     36.947     37.252    31.7646     3.3497          0          0  0.000e+00
  1025.4486     36.975     37.281    31.7653     3.3512          0          0  0.000e+00
  1025.4431     37.013     37.320    31.7584     3.3532          0          0  0.000e+00
  1025.4421     37.055     37.361    31.7568     3.3527          0          0  0.000e+00
  1025.4697     37.095     37.402    31.7916     3.3551          0          0  0.000e+00
  1025.4669     37.143     37.450    31.7898     3.3741          0          0  0.000e+00
  1025.4264     37.187     37.495    31.7412     3.3962          0          0  0.000e+00
  1025.4131     37.232     37.540    31.7244     3.3972          0          0  0.000e+00
  1025.4257     37.281     37.590    31.7386     3.3863          0          0  0.000e+00
  1025.4156     37.332     37.641    31.7248     3.3788          0          0  0.000e+00
  1025.4212     37.391     37.700    31.7301     3.3663          0          0  0.000e+00
  1025.4255     37.459     37.769    31.7335     3.3523          0          0  0.000e+00
  1025.4223     37.531     37.841    31.7277     3.3396          0          0  0.000e+00
  1025.4236     37.613     37.925    31.7271     3.3243          0          0  0.000e+00
  1025.4352     37.703     38.015    31.7393     3.3082          0          0  0.000e+00
  1025.4446     37.799     38.112    31.7492     3.2962          0          0  0.000e+00
  1025.4496     37.898     38.212    31.7541     3.2889          0          0  0.000e+00
  1025.4576     38.002     38.317    31.7631     3.2850          0          0  0.000e+00
  1025.4576     38.114     38.429    31.7624     3.2844          0          0  0.000e+00
  1025.4427     38.224     38.540    31.7430     3.2839          0          0  0.000e+00
  1025.4447     38.342     38.659    31.7439     3.2760          0          0  0.000e+00
  1025.4454     38.462     38.781    31.7430     3.2664          0          0  0.000e+00
  1025.4465     38.580     38.899    31.7427     3.2564          0          0  0.000e+00
  1025.4483     38.699     39.019    31.7429     3.2450          0          0  0.000e+00
  1025.4553     38.815     39.137    31.7497     3.2326          0          0  0.000e+00
  1025.4619     38.930     39.252    31.7560     3.2218          0          0  0.000e+00
  1025.4605     39.038     39.361    31.7526     3.2122          0          0  0.000e+00
  1025.4467     39.138     39.462    31.7334     3.1996          0          0  0.000e+00
  1025.4404     39.232     39.557    31.7225     3.1787          0          0  0.000e+00
  1025.4548     39.321     39.647    31.7371     3.1513          0          0  0.000e+00
  1025.4746     39.406     39.732    31.7589     3.1272          0          0  0.000e+00
  1025.4868     39.487     39.814    31.7720     3.1121          0          0  0.000e+00
  1025.4945     39.564     39.891    31.7804     3.1036          0          0  0.000e+00
  1025.4896     39.634     39.962    31.7734     3.0996          0          0  0.000e+00
  1025.4905     39.697     40.026    31.7734     3.0933          0          0  0.000e+00
  1025.4934     39.747     40.076    31.7759     3.0857          0          0  0.000e+00
  1025.4956     39.791     40.120    31.7778     3.0791          0          0  0.000e+00
  1025.5018     39.816     40.146    31.7848     3.0738          0          0  0.000e+00
  1025.5078     39.833     40.163    31.7919     3.0714          0          0  0.000e+00
  1025.5076     39.835     40.165    31.7919     3.0726          0          0  0.000e+00
  1025.5206     39.832     40.162    31.8085     3.0757          0          0  0.000e+00
  1025.5181     39.832     40.162    31.8064     3.0854          0          0  0.000e+00
  1025.5143     39.840     40.170    31.8027     3.0962          0          0  0.000e+00
  1025.5020     39.865     40.195    31.7882     3.1057          0          0  0.000e+00
  1025.4912     39.914     40.244    31.7747     3.1099          0          0  0.000e+00
  1025.4820     39.990     40.321    31.7625     3.1077          0          0  0.000e+00
  1025.4881     40.094     40.426    31.7687     3.0995          0          0  0.000e+00
  1025.4562     40.226     40.560    31.7269     3.0907          0          0  0.000e+00
  1025.4633     40.378     40.712    31.7324     3.0672          0          0  0.000e+00
  1025.4661     40.546     40.882    31.7321     3.0400          0          0  0.000e+00
  1025.4760     40.720     41.058    31.7405     3.0123          0          0  0.000e+00
  1025.4955     40.892     41.231    31.7612     2.9866          0          0  0.000e+00
  1025.5105     41.055     41.395    31.7771     2.9692          0          0  0.000e+00
  1025.4976     41.192     41.533    31.7589     2.9576          0          0  0.000e+00
  1025.5009     41.303     41.646    31.7605     2.9390          0          0  0.000e+00
  1025.5028     41.383     41.726    31.7601     2.9170          0          0  0.000e+00
  1025.5193     41.435     41.778    31.7781     2.8949          0          0  0.000e+00
  1025.5270     41.466     41.809    31.7861     2.8798          0          0  0.000e+00
  1025.5426     41.488     41.832    31.8050     2.8753          0          0  0.000e+00
  1025.5421     41.503     41.847    31.8042     2.8752          0          0  0.000e+00
  1025.5475     41.522     41.866    31.8110     2.8756          0          0  0.000e+00
  1025.5445     41.555     41.899    31.8073     2.8789          0          0  0.000e+00
  1025.5316     41.597     41.942    31.7912     2.8809          0          0  0.000e+00
  1025.5509     41.664     42.009    31.8145     2.8776          0          0  0.000e+00
  1025.5651     41.739     42.085    31.8324     2.8824          0          0  0.000e+00
  1025.5440     41.834     42.181    31.8069     2.8965          0          0  0.000e+00
  1025.5185     41.936     42.284    31.7748     2.9009          0          0  0.000e+00
  1025.4822     42.042     42.391    31.7271     2.8861          0          0  0.000e+00
  1025.5052     42.150     42.500    31.7512     2.8475          0          0  0.000e+00
  1025.5250     42.248     42.598    31.7718     2.8114          0          0  0.000e+00
  1025.5335     42.333     42.684    31.7791     2.7839          0          0  0.000e+00
  1025.5487     42.409     42.761    31.7951     2.7591          0          0  0.000e+00
  1025.5611     42.468     42.820    31.8085     2.7413          0          0  0.000e+00
  1025.5672     42.520     42.873    31.8147     2.7299          0          0  0.000e+00
  1025.5693     42.566     42.919    31.8163     2.7217          0          0  0.000e+00
  1025.5706     42.614     42.967    31.8168     2.7139          0          0  0.000e+00
  1025.5775     42.666     43.019    31.8242     2.7058          0          0  0.000e+00
  1025.5827     42.725     43.079    31.8298     2.7001          0          0  0.000e+00
  1025.5868     42.800     43.155    31.8341     2.6966          0          0  0.000e+00
  1025.5897     42.887     43.243    31.8371     2.6947          0          0  0.000e+00
  1025.5914     42.990     43.346    31.8384     2.6931          0          0  0.000e+00
  1025.5941     43.102     43.460    31.8410     2.6910          0          0  0.000e+00
  1025.5835     43.224     43.583    31.8267     2.6881          0          0  0.000e+00
  1025.5618     43.347     43.707    31.7974     2.6751          0          0  0.000e+00
  1025.5644     43.471     43.832    31.7971     2.6469          0          0  0.000e+00
  1025.5738     43.588     43.949    31.8050     2.6150          0          0  0.000e+00
  1025.5834     43.694     44.056    31.8134     2.5856          0          0  0.000e+00
  1025.5986     43.788     44.151    31.8293     2.5593          0          0  0.000e+00
  1025.6106     43.869     44.233    31.8418     2.5389          0          0  0.000e+00
  1025.6144     43.938     44.302    31.8447     2.5234          0          0  0.000e+00
  1025.6231     44.000     44.365    31.8538     2.5099          0          0  0.000e+00
  1025.6247     44.057     44.423    31.8547     2.5014          0          0  0.000e+00
  1025.6324     44.114     44.479    31.8633     2.4947          0          0  0.000e+00
  1025.6183     44.169     44.535    31.8448     2.4898          0          0  0.000e+00
  1025.6238     44.223     44.590    31.8503     2.4777          0          0  0.000e+00
  1025.6321     44.274     44.641    31.8591     2.4650          0          0  0.000e+00
  1025.6416     44.329     44.696    31.8698     2.4567          0          0  0.000e+00
  1025.6520     44.388     44.756    31.8820     2.4530          0          0  0.000e+00
  1025.6582     44.450     44.818    31.8895     2.4527          0          0  0.000e+00
  1025.6742     44.518     44.887    31.9093     2.4554          0          0  0.000e+00
  1025.6735     44.592     44.962    31.9088     2.4629          0          0  0.000e+00
  1025.6570     44.675     45.046    31.8882     2.4685          0          0  0.000e+00
  1025.6522     44.773     45.144    31.8812     2.4651          0          0  0.000e+00
  1025.6518     44.882     45.254    31.8793     2.4566          0          0  0.000e+00
  1025.6376     45.005     45.378    31.8597     2.4464          0          0  0.000e+00
  1025.6430     45.130     45.505    31.8642     2.4297          0          0  0.000e+00
  1025.6690     45.259     45.634    31.8944     2.4138          0          0  0.000e+00
  1025.6659     45.383     45.759    31.8893     2.4091          0          0  0.000e+00
  1025.6622     45.494     45.871    31.8837     2.4059          0          0  0.000e+00
  1025.6639     45.588     45.966    31.8847     2.3996          0          0  0.000e+00
  1025.6687     45.668     46.047    31.8896     2.3937          0          0  0.000e+00
  1025.6724     45.730     46.110    31.8935     2.3900          0          0  0.000e+00
  1025.6745     45.790     46.170    31.8956     2.3881          0          0  0.000e+00
  1025.6759     45.842     46.222    31.8970     2.3876          0          0  0.000e+00
  1025.6741     45.898     46.279    31.8944     2.3879          0          0  0.000e+00
  1025.6727     45.963     46.345    31.8922     2.3874          0          0  0.000e+00
  1025.6734     46.038     46.420    31.8926     2.3865          0          0  0.000e+00
  1025.6734     46.118     46.501    31.8920     2.3855          0          0  0.000e+00
  1025.6740     46.210     46.594    31.8921     2.3844          0          0  0.000e+00
  1025.6747     46.311     46.695    31.8923     2.3837          0          0  0.000e+00
  1025.6762     46.412     46.797    31.8935     2.3831          0          0  0.000e+00
  1025.6766     46.516     46.902    31.8934     2.3829          0          0  0.000e+00
  1025.6771     46.611     46.998    31.8935     2.3830          0          0  0.000e+00
  1025.6758     46.699     47.087    31.8914     2.3832          0          0  0.000e+00
  1025.6772     46.772     47.161    31.8926     2.3827          0          0  0.000e+00
  1025.6770     46.835     47.224    31.8919     2.3825          0          0  0.000e+00
  1025.6768     46.893     47.282    31.8913     2.3819          0          0  0.000e+00
  1025.6768     46.949     47.339    31.8909     2.3814          0          0  0.000e+00
