data/eDNA/PER-2022-473/473A025.cnv
* Sea-Bird SBE19plus  Data File:
* FileName = C:\Users\RSG_field\Ryan_Perley2022473\CTD\473A025.hex
* Software version 2.3.0 SB_Terminal.dll
* Temperature SN = 7141
* Conductivity SN = 7141
* System UpLoad Time = Aug 16 2022 13:52:06
* <ApplicationData>
* <SeatermAF>
** Platform: M. Perley
** Cruise: Per2022473
** Station:  SAB_Trans_10
** Cast: 01 473A025
** Latitude: N  46 00.2538
** Longitude: W 59 11.2409
** Sounding: 58
** Chief Scientist: Ryan Stanley
** Comment: Bottles 493903-43908 - sounding based on plumb line Cast 44
** Plumb to ~ 58 deployment cable to ~52
# nquan = 8
# nvalues = 2302                                  
# units = specified
# name 0 = density00: Density [density, kg/m^3]
# name 1 = depSM: Depth [salt water, m], lat = 45.00
# name 2 = prdM: Pressure, Strain Gauge [db]
# name 3 = sal00: Salinity, Practical [PSU]
# name 4 = tv290C: Temperature [ITS-90, deg C]
# name 5 = bpos: Bottle Position in Carousel
# name 6 = nbf: Bottles Fired
# name 7 = flag:  0.000e+00
# span 0 =   998.7549,  1025.6510                 
# span 1 =     -0.037,     48.632                 
# span 2 =     -0.037,     49.035                 
# span 3 =     0.1507,    31.9411                 
# span 4 =     3.1797,    20.4965                 
# span 5 =          0,          6                 
# span 6 =          0,          2                 
# span 7 = 0.0000e+00, 0.0000e+00                 
# interval = seconds: 0.25
# start_time = Aug 16 2022 13:38:32 [Instrument's time stamp, header]
# bad_flag = -9.990e-29
*END*
[from data line 899]
  1025.3107     45.585     45.963    31.6184     4.0153          0          0  0.000e+00
  1025.3028     45.832     46.212    31.6072     4.0168          0          0  0.000e+00
  1025.2998     46.098     46.480    31.6013     4.0124          0          0  0.000e+00
  1025.2978     46.381     46.766    31.5958     4.0022          0          0  0.000e+00
  1025.2807     46.648     47.035    31.5707     3.9855          0          0  0.000e+00
  1025.2726     46.883     47.272    31.5549     3.9504          0          0  0.000e+00
  1025.2435     47.091     47.482    31.5105     3.8956          0          0  0.000e+00
  1025.1941     47.248     47.640    31.4360     3.7998          0          0  0.000e+00
  1025.2934     47.359     47.752    31.5426     3.6491          0          0  0.000e+00
  1025.4026     47.425     47.819    31.6655     3.5288          0          0  0.000e+00
  1025.4612     47.457     47.851    31.7317     3.4648          0          0  0.000e+00
  1025.5001     47.469     47.863    31.7773     3.4369          0          0  0.000e+00
  1025.5170     47.465     47.859    31.7980     3.4327          0          0  0.000e+00
  1025.5430     47.449     47.843    31.8323     3.4458          0          0  0.000e+00
  1025.5300     47.430     47.824    31.8197     3.4777          0          0  0.000e+00
  1025.5184     47.414     47.808    31.8093     3.5128          0          0  0.000e+00
  1025.4937     47.403     47.796    31.7819     3.5445          0          0  0.000e+00
  1025.4439     47.410     47.804    31.7217     3.5657          0          0  0.000e+00
  1025.3985     47.431     47.825    31.6639     3.5595          0          0  0.000e+00
  1025.4076     47.472     47.866    31.6702     3.5172          0          0  0.000e+00
  1025.4401     47.530     47.925    31.7051     3.4686          0          0  0.000e+00
  1025.4685     47.606     48.002    31.7364     3.4336          0          0  0.000e+00
  1025.5095     47.703     48.099    31.7851     3.4140          0          0  0.000e+00
  1025.5155     47.819     48.216    31.7921     3.4152          0          0  0.000e+00
  1025.4967     47.937     48.335    31.7684     3.4206          0          0  0.000e+00
  1025.4885     48.067     48.467    31.7555     3.4050          0          0  0.000e+00
  1025.5218     48.169     48.569    31.7918     3.3614          0          0  0.000e+00
  1025.5567     48.243     48.644    31.8304     3.3187          0          0  0.000e+00
  1025.5864     48.281     48.681    31.8640     3.2881          0          0  0.000e+00
  1025.5930     48.324     48.725    31.8701     3.2696          0          0  0.000e+00
  1025.6150     48.324     48.725    31.8958     3.2529          0          0  0.000e+00
  1025.6401     48.312     48.714    31.9268     3.2480          0          0  0.000e+00
  1025.6405     48.275     48.676    31.9292     3.2626          0          0  0.000e+00
  1025.6271     48.231     48.631    31.9159     3.2918          0          0  0.000e+00
  1025.6058     48.207     48.608    31.8930     3.3245          0          0  0.000e+00
  1025.5858     48.177     48.577    31.8706     3.3477          0          0  0.000e+00
  1025.5707     48.146     48.546    31.8535     3.3618          0          0  0.000e+00
  1025.5669     48.142     48.541    31.8492     3.3660          0          0  0.000e+00
  1025.5444     48.180     48.580    31.8207     3.3662          0          0  0.000e+00
  1025.5356     48.220     48.620    31.8072     3.3466          0          0  0.000e+00
  1025.5502     48.249     48.649    31.8218     3.3145          0          0  0.000e+00
  1025.5802     48.257     48.658    31.8556     3.2799          0          0  0.000e+00
  1025.6054     48.249     48.649    31.8842     3.2525          0          0  0.000e+00
  1025.6372     48.225     48.626    31.9227     3.2389          0          0  0.000e+00
  1025.6437     48.189     48.589    31.9321     3.2479          0          0  0.000e+00
  1025.6488     48.128     48.527    31.9411     3.2684          0          0  0.000e+00
  1025.6331     48.051     48.449    31.9256     3.3013          0          0  0.000e+00
  1025.6112     47.960     48.359    31.9026     3.3372          0          0  0.000e+00
  1025.6014     47.871     48.269    31.8947     3.3712          0          0  0.000e+00
  1025.5794     47.789     48.185    31.8713     3.4041          0          0  0.000e+00
  1025.5525     47.730     48.127    31.8410     3.4318          0          0  0.000e+00
  1025.5333     47.691     48.087    31.8185     3.4449          0          0  0.000e+00
  1025.4963     47.688     48.084    31.7721     3.4457          0          0  0.000e+00
  1025.4742     47.716     48.112    31.7412     3.4185          0          0  0.000e+00
  1025.5094     47.770     48.166    31.7784     3.3596          0          0  0.000e+00
  1025.5697     47.847     48.244    31.8477     3.3059          0          0  0.000e+00
  1025.5701     47.940     48.338    31.8448     3.2814          0          0  0.000e+00
  1025.5923     48.041     48.440    31.8696     3.2586          0          0  0.000e+00
  1025.5965     48.137     48.537    31.8724     3.2414          0          0  0.000e+00
  1025.6111     48.215     48.615    31.8884     3.2237          0          0  0.000e+00
  1025.6237     48.273     48.674    31.9023     3.2099          0          0  0.000e+00
  1025.6288     48.305     48.706    31.9077     3.2028          0          0  0.000e+00
  1025.6357     48.311     48.712    31.9159     3.1984          0          0  0.000e+00
  1025.6437     48.296     48.697    31.9260     3.1982          0          0  0.000e+00
  1025.6438     48.266     48.666    31.9268     3.2031          0          0  0.000e+00
  1025.6510     48.218     48.618    31.9370     3.2106          0          0  0.000e+00
  1025.6442     48.162     48.562    31.9303     3.2242          0          0  0.000e+00
  1025.6316     48.105     48.504    31.9160     3.2355          0          0  0.000e+00
  1025.6262     48.049     48.448    31.9102     3.2410          0          0  0.000e+00
  1025.6245     48.004     48.402    31.9086     3.2431          0          0  0.000e+00
  1025.6205     47.968     48.366    31.9038     3.2434          0          0  0.000e+00
  1025.6176     47.942     48.340    31.9001     3.2419          0          0  0.000e+00
  1025.6182     47.929     48.327    31.9006     3.2386          0          0  0.000e+00
  1025.6222     47.921     48.319    31.9053     3.2357          0          0  0.000e+00
  1025.6179     47.915     48.313    31.9002     3.2368          0          0  0.000e+00
  1025.6064     47.918     48.316    31.8857     3.2374          0          0  0.000e+00
  1025.6171     47.924     48.322    31.8986     3.2326          0          0  0.000e+00
  1025.6148     47.935     48.333    31.8962     3.2374          0          0  0.000e+00
  1025.6064     47.950     48.348    31.8863     3.2443          0          0  0.000e+00
  1025.6031     47.965     48.363    31.8822     3.2455          0          0  0.000e+00
  1025.6061     47.984     48.382    31.8856     3.2425          0          0  0.000e+00
  1025.6086     48.005     48.403    31.8884     3.2414          0          0  0.000e+00
  1025.6092     48.026     48.425    31.8893     3.2433          0          0  0.000e+00
  1025.6087     48.047     48.446    31.8891     3.2478          0          0  0.000e+00
  1025.5967     48.064     48.463    31.8746     3.2549          0          0  0.000e+00
  1025.5906     48.079     48.478    31.8669     3.2549          0          0  0.000e+00
  1025.5910     48.089     48.488    31.8663     3.2462          0          0  0.000e+00
  1025.5993     48.090     48.489    31.8752     3.2324          0          0  0.000e+00
  1025.6156     48.079     48.478    31.8945     3.2207          0          0  0.000e+00
  1025.6301     48.057     48.456    31.9129     3.2215          0          0  0.000e+00
  1025.6186     48.034     48.432    31.9004     3.2370          0          0  0.000e+00
  1025.6117     48.008     48.407    31.8934     3.2519          0          0  0.000e+00
  1025.6095     47.975     48.374    31.8921     3.2635          0          0  0.000e+00
  1025.5972     47.949     48.347    31.8780     3.2729          0          0  0.000e+00
  1025.5950     47.932     48.330    31.8758     3.2770          0          0  0.000e+00
  1025.5928     47.926     48.324    31.8732     3.2790          0          0  0.000e+00
  1025.5903     47.940     48.338    31.8701     3.2801          0          0  0.000e+00
  1025.5846     47.966     48.364    31.8628     3.2797          0          0  0.000e+00
  1025.5852     48.002     48.400    31.8629     3.2766          0          0  0.000e+00
  1025.5925     48.042     48.441    31.8716     3.2740          0          0  0.000e+00
  1025.5978     48.080     48.479    31.8785     3.2783          0          0  0.000e+00
  1025.5883     48.110     48.509    31.8677     3.2899          0          0  0.000e+00
  1025.5807     48.130     48.530    31.8593     3.3010          0          0  0.000e+00
  1025.5735     48.136     48.536    31.8514     3.3111          0          0  0.000e+00
  1025.5674     48.123     48.522    31.8448     3.3203          0          0  0.000e+00
  1025.5717     48.088     48.487    31.8512     3.3282          0          0  0.000e+00
  1025.5674     48.030     48.429    31.8471     3.3358          0          0  0.000e+00
  1025.5668     47.956     48.354    31.8471     3.3390          0          0  0.000e+00
  1025.5734     47.885     48.283    31.8560     3.3406          0          0  0.000e+00
  1025.5707     47.812     48.209    31.8535     3.3452          0          0  0.000e+00
  1025.5699     47.730     48.127    31.8534     3.3489          0          0  0.000e+00
  1025.5572     47.657     48.053    31.8382     3.3514          0          0  0.000e+00
  1025.5618     47.636     48.031    31.8438     3.3481          0          0  0.000e+00
  1025.5600     47.665     48.060    31.8409     3.3444          0          0  0.000e+00
  1025.5547     47.730     48.127    31.8334     3.3405          0          0  0.000e+00
  1025.5587     47.815     48.212    31.8370     3.3321          0          0  0.000e+00
  1025.5678     47.920     48.318    31.8468     3.3234          0          0  0.000e+00
  1025.5739     48.004     48.402    31.8537     3.3205          0          0  0.000e+00
  1025.5724     48.071     48.470    31.8521     3.3264          0          0  0.000e+00
  1025.5665     48.099     48.499    31.8457     3.3374          0          0  0.000e+00
  1025.5543     48.110     48.509    31.8317     3.3499          0          0  0.000e+00
  1025.5452     48.092     48.491    31.8211     3.3563          0          0  0.000e+00
  1025.5499     48.047     48.446    31.8271     3.3543          0          0  0.000e+00
  1025.5569     47.987     48.385    31.8356     3.3498          0          0  0.000e+00
  1025.5617     47.907     48.305    31.8421     3.3492          0          0  0.000e+00
  1025.5670     47.828     48.225    31.8497     3.3528          0          0  0.000e+00
  1025.5638     47.746     48.143    31.8469     3.3599          0          0  0.000e+00
  1025.5592     47.679     48.075    31.8424     3.3671          0          0  0.000e+00
  1025.5509     47.630     48.025    31.8328     3.3727          0          0  0.000e+00
  1025.5459     47.606     48.002    31.8269     3.3746          0          0  0.000e+00
  1025.5424     47.610     48.005    31.8224     3.3739          0          0  0.000e+00
  1025.5458     47.630     48.025    31.8263     3.3712          0          0  0.000e+00
  1025.5448     47.674     48.070    31.8250     3.3738          0          0  0.000e+00
  1025.5268     47.731     48.128    31.8027     3.3791          0          0  0.000e+00
  1025.5205     47.799     48.196    31.7932     3.3687          0          0  0.000e+00
  1025.5473     47.868     48.266    31.8240     3.3469          0          0  0.000e+00
  1025.5370     47.933     48.331    31.8095     3.3365          0          0  0.000e+00
  1025.5545     47.990     48.389    31.8288     3.3158          0          0  0.000e+00
  1025.5597     48.030     48.429    31.8332     3.2981          0          0  0.000e+00
  1025.5614     48.056     48.455    31.8329     3.2779          0          0  0.000e+00
  1025.5794     48.069     48.468    31.8526     3.2524          0          0  0.000e+00
  1025.5968     48.070     48.469    31.8720     3.2308          0          0  0.000e+00
  1025.6078     48.059     48.458    31.8844     3.2168          0          0  0.000e+00
  1025.6252     48.044     48.443    31.9055     3.2089          0          0  0.000e+00
  1025.6247     48.030     48.429    31.9053     3.2127          0          0  0.000e+00
  1025.6197     48.012     48.411    31.8999     3.2201          0          0  0.000e+00
  1025.6244     48.000     48.398    31.9066     3.2257          0          0  0.000e+00
  1025.6136     47.990     48.389    31.8940     3.2348          0          0  0.000e+00
  1025.6077     47.987     48.385    31.8873     3.2403          0          0  0.000e+00
  1025.5949     47.991     48.390    31.8714     3.2432          0          0  0.000e+00
  1025.5977     48.002     48.400    31.8743     3.2377          0          0  0.000e+00
  1025.6066     48.016     48.414    31.8844     3.2288          0          0  0.000e+00
  1025.6096     48.029     48.428    31.8876     3.2242          0          0  0.000e+00
  1025.6098     48.044     48.443    31.8875     3.2221          0          0  0.000e+00
  1025.6113     48.052     48.451    31.8891     3.2199          0          0  0.000e+00
  1025.6071     48.052     48.451    31.8835     3.2171          0          0  0.000e+00
  1025.6135     48.039     48.438    31.8909     3.2110          0          0  0.000e+00
  1025.6204     48.016     48.414    31.8992     3.2054          0          0  0.000e+00
  1025.6284     47.984     48.382    31.9092     3.2037          0          0  0.000e+00
  1025.6347     47.942     48.340    31.9178     3.2078          0          0  0.000e+00
  1025.6378     47.896     48.293    31.9231     3.2184          0          0  0.000e+00
  1025.6244     47.847     48.244    31.9083     3.2341          0          0  0.000e+00
  1025.6178     47.802     48.199    31.9017     3.2461          0          0  0.000e+00
  1025.6159     47.763     48.160    31.9006     3.2563          0          0  0.000e+00
  1025.6094     47.729     48.126    31.8938     3.2662          0          0  0.000e+00
  1025.6060     47.701     48.097    31.8906     3.2742          0          0  0.000e+00
  1025.5912     47.683     48.078    31.8727     3.2799          0          0  0.000e+00
  1025.5798     47.671     48.067    31.8583     3.2778          0          0  0.000e+00
  1025.5871     47.667     48.062    31.8663     3.2674          0          0  0.000e+00
  1025.5843     47.674     48.070    31.8616     3.2571          0          0  0.000e+00
  1025.5908     47.693     48.089    31.8682     3.2440          0          0  0.000e+00
  1025.6006     47.727     48.123    31.8789     3.2320          0          0  0.000e+00
  1025.6113     47.777     48.174    31.8913     3.2246          0          0  0.000e+00
  1025.6096     47.841     48.238    31.8887     3.2236          0          0  0.000e+00
  1025.6069     47.912     48.309    31.8845     3.2213          0          0  0.000e+00
  1025.6048     47.986     48.384    31.8808     3.2143          0          0  0.000e+00
  1025.6148     48.057     48.456    31.8916     3.2020          0          0  0.000e+00
  1025.6236     48.123     48.522    31.9011     3.1921          0          0  0.000e+00
  1025.6282     48.168     48.568    31.9059     3.1862          0          0  0.000e+00
