data/eDNA/PER-2022-473/473A020.cnv
* Sea-Bird SBE19plus  Data File:
* FileName = C:\Users\RSG_field\Ryan_Perley2022473\CTD\473A020.hex
* Software version 2.3.0 SB_Terminal.dll
* Temperature SN = 7141
* Conductivity SN = 7141
* System UpLoad Time = Aug 14 2022 13:57:07
* <ApplicationData>
* <SeatermAF>
** Platform: M. Perley
** Cruise: Per2022473
** Station:  SAB_Trans_03
** Cast: 01
** Latitude: N  46 00.5696
** Longitude: W 59 11.9240
** Sounding: 61.8
** Chief Scientist: Ryan Stanley
** Comment: CastID 473A019 SampleID 493872-493877
** Cast 38
# nquan = 8
# nvalues = 2748                                  
# units = specified
# name 0 = density00: Density [density, kg/m^3]
# name 1 = depSM: Depth [salt water, m], lat = 45.00
# name 2 = prdM: Pressure, Strain Gauge [db]
# name 3 = sal00: Salinity, Practical [PSU]
# name 4 = tv290C: Temperature [ITS-90, deg C]
# name 5 = bpos: Bottle Position in Carousel
# name 6 = nbf: Bottles Fired
# name 7 = flag:  0.000e+00
# span 0 =   998.6101,  1025.7447                 
# span 1 =     -0.115,     58.355                 
# span 2 =     -0.116,     58.841                 
# span 3 =     0.0569,    31.9504                 
# span 4 =     2.7629,    19.9593                 
# span 5 =          0,          6                 
# span 6 =          0,          2                 
# span 7 = 0.0000e+00, 0.0000e+00                 
# interval = seconds: 0.25
# start_time = Aug 14 2022 13:42:30 [Instrument's time stamp, header]
# bad_flag = -9.990e-29
*END*
[from data line 360]
  1020.3646      0.598      0.603    29.2066    19.9497          0          0  0.000e+00
  1020.3652      0.507      0.511    29.2077    19.9490          0          0  0.000e+00
  1020.3653      0.456      0.460    29.2082    19.9490          0          0  0.000e+00
  1020.3663      0.449      0.452    29.2095    19.9489          0          0  0.000e+00
  1020.3659      0.484      0.487    29.2091    19.9499          0          0  0.000e+00
  1020.3654      0.562      0.567    29.2083    19.9510          0          0  0.000e+00
  1020.3658      0.688      0.694    29.2085    19.9522          0          0  0.000e+00
  1020.3658      0.825      0.832    29.2082    19.9536          0          0  0.000e+00
  1020.3648      0.951      0.959    29.2063    19.9543          0          0  0.000e+00
  1020.3651      1.055      1.063    29.2059    19.9533          0          0  0.000e+00
  1020.3686      1.128      1.137    29.2092    19.9507          0          0  0.000e+00
  1020.3682      1.170      1.180    29.2081    19.9500          0          0  0.000e+00
  1020.3695      1.186      1.196    29.2092    19.9481          0          0  0.000e+00
  1020.3707      1.185      1.195    29.2102    19.9468          0          0  0.000e+00
  1020.3711      1.177      1.186    29.2107    19.9462          0          0  0.000e+00
  1020.3698      1.170      1.180    29.2093    19.9470          0          0  0.000e+00
  1020.3686      1.167      1.177    29.2079    19.9476          0          0  0.000e+00
  1020.3692      1.172      1.182    29.2085    19.9470          0          0  0.000e+00
  1020.3695      1.183      1.193    29.2088    19.9471          0          0  0.000e+00
  1020.3690      1.194      1.203    29.2081    19.9472          0          0  0.000e+00
  1020.3700      1.200      1.210    29.2091    19.9463          0          0  0.000e+00
  1020.3693      1.205      1.215    29.2080    19.9459          0          0  0.000e+00
  1020.3697      1.212      1.222    29.2078    19.9437          0          0  0.000e+00
  1020.3714      1.206      1.216    29.2089    19.9402          0          0  0.000e+00
  1020.3724      1.183      1.193    29.2095    19.9375          0          0  0.000e+00
  1020.3753      1.140      1.149    29.2128    19.9354          0          0  0.000e+00
  1020.3776      1.087      1.096    29.2161    19.9355          0          0  0.000e+00
  1020.3745      1.032      1.040    29.2139    19.9403          0          0  0.000e+00
  1020.3706      0.987      0.995    29.2106    19.9448          0          0  0.000e+00
  1020.3677      0.952      0.960    29.2079    19.9474          0          0  0.000e+00
  1020.3669      0.932      0.939    29.2073    19.9485          0          0  0.000e+00
  1020.3677      0.932      0.939    29.2084    19.9488          0          0  0.000e+00
  1020.3683      0.958      0.966    29.2095    19.9500          0          0  0.000e+00
  1020.3673      1.021      1.029    29.2085    19.9522          0          0  0.000e+00
  1020.3667      1.125      1.134    29.2078    19.9541          0          0  0.000e+00
  1020.3669      1.269      1.279    29.2078    19.9557          0          0  0.000e+00
  1020.3654      1.446      1.458    29.2054    19.9576          0          0  0.000e+00
  1020.3626      1.634      1.647    29.2007    19.9578          0          0  0.000e+00
  1020.3675      1.816      1.831    29.2048    19.9537          0          0  0.000e+00
  1020.3690      1.979      1.995    29.2043    19.9494          0          0  0.000e+00
  1020.3682      2.123      2.141    29.1984    19.9376          0          0  0.000e+00
  1020.3937      2.261      2.280    29.2195    19.9028          0          0  0.000e+00
  1020.4298      2.372      2.392    29.2504    19.8552          0          0  0.000e+00
  1020.4657      2.461      2.482    29.2822    19.8103          0          0  0.000e+00
  1020.4969      2.531      2.552    29.3101    19.7722          0          0  0.000e+00
  1020.5205      2.578      2.599    29.3311    19.7427          0          0  0.000e+00
  1020.5371      2.600      2.622    29.3461    19.7227          0          0  0.000e+00
  1020.5467      2.594      2.615    29.3545    19.7098          0          0  0.000e+00
  1020.5424      2.568      2.589    29.3515    19.7175          0          0  0.000e+00
  1020.5188      2.524      2.545    29.3313    19.7494          0          0  0.000e+00
  1020.4915      2.470      2.490    29.3070    19.7831          0          0  0.000e+00
  1020.4854      2.410      2.430    29.3014    19.7896          0          0  0.000e+00
  1020.4923      2.361      2.380    29.3085    19.7826          0          0  0.000e+00
  1020.4870      2.336      2.355    29.3041    19.7898          0          0  0.000e+00
  1020.4769      2.351      2.370    29.2956    19.8042          0          0  0.000e+00
  1020.4663      2.413      2.432    29.2867    19.8207          0          0  0.000e+00
  1020.4564      2.519      2.539    29.2794    19.8395          0          0  0.000e+00
  1020.4311      2.687      2.709    29.2559    19.8719          0          0  0.000e+00
  1020.4185      2.902      2.926    29.2434    19.8877          0          0  0.000e+00
  1020.4197      3.135      3.161    29.2396    19.8760          0          0  0.000e+00
  1020.4765      3.393      3.421    29.2892    19.8052          0          0  0.000e+00
  1020.5255      3.676      3.706    29.3271    19.7303          0          0  0.000e+00
  1020.5600      3.953      3.985    29.3523    19.6746          0          0  0.000e+00
  1020.5865      4.213      4.248    29.3731    19.6365          0          0  0.000e+00
  1020.5959      4.440      4.477    29.3761    19.6128          0          0  0.000e+00
  1020.6086      4.634      4.672    29.3835    19.5880          0          0  0.000e+00
  1020.6174      4.787      4.826    29.3852    19.5604          0          0  0.000e+00
  1020.6347      4.884      4.924    29.3969    19.5287          0          0  0.000e+00
  1020.6555      4.935      4.976    29.4138    19.4981          0          0  0.000e+00
  1020.6824      4.947      4.987    29.4417    19.4756          0          0  0.000e+00
  1020.6987      4.918      4.959    29.4631    19.4754          0          0  0.000e+00
  1020.6815      4.860      4.900    29.4482    19.4977          0          0  0.000e+00
  1020.6650      4.776      4.815    29.4332    19.5165          0          0  0.000e+00
  1020.6558      4.673      4.712    29.4244    19.5247          0          0  0.000e+00
  1020.6572      4.563      4.601    29.4277    19.5269          0          0  0.000e+00
  1020.6548      4.455      4.492    29.4276    19.5346          0          0  0.000e+00
  1020.6517      4.367      4.403    29.4290    19.5494          0          0  0.000e+00
  1020.6366      4.306      4.341    29.4182    19.5757          0          0  0.000e+00
  1020.6172      4.273      4.308    29.4027    19.6054          0          0  0.000e+00
  1020.5999      4.280      4.315    29.3887    19.6321          0          0  0.000e+00
  1020.5890      4.322      4.357    29.3807    19.6518          0          0  0.000e+00
  1020.5763      4.413      4.449    29.3712    19.6749          0          0  0.000e+00
  1020.5542      4.556      4.593    29.3497    19.7001          0          0  0.000e+00
  1020.5474      4.744      4.783    29.3415    19.7058          0          0  0.000e+00
  1020.5538      4.981      5.022    29.3454    19.6964          0          0  0.000e+00
  1020.5516      5.244      5.287    29.3355    19.6798          0          0  0.000e+00
  1020.5612      5.533      5.578    29.3351    19.6457          0          0  0.000e+00
  1020.5945      5.819      5.867    29.3571    19.5847          0          0  0.000e+00
  1020.6548      6.092      6.142    29.4096    19.5087          0          0  0.000e+00
  1020.6997      6.351      6.403    29.4475    19.4495          0          0  0.000e+00
  1020.7325      6.578      6.632    29.4755    19.4076          0          0  0.000e+00
  1020.7533      6.771      6.827    29.4930    19.3808          0          0  0.000e+00
  1020.7680      6.925      6.982    29.5054    19.3627          0          0  0.000e+00
  1020.7775      7.036      7.094    29.5130    19.3498          0          0  0.000e+00
  1020.7867      7.106      7.164    29.5209    19.3383          0          0  0.000e+00
  1020.7932      7.137      7.195    29.5266    19.3303          0          0  0.000e+00
  1020.7967      7.144      7.203    29.5301    19.3269          0          0  0.000e+00
  1020.7977      7.123      7.181    29.5318    19.3276          0          0  0.000e+00
  1020.7950      7.081      7.139    29.5301    19.3327          0          0  0.000e+00
  1020.7881      7.019      7.077    29.5239    19.3401          0          0  0.000e+00
  1020.7855      6.957      7.014    29.5225    19.3456          0          0  0.000e+00
  1020.7800      6.891      6.947    29.5189    19.3553          0          0  0.000e+00
  1020.7677      6.833      6.889    29.5083    19.3714          0          0  0.000e+00
  1020.7583      6.780      6.835    29.5009    19.3850          0          0  0.000e+00
  1020.7491      6.739      6.795    29.4936    19.3993          0          0  0.000e+00
  1020.7366      6.719      6.774    29.4826    19.4151          0          0  0.000e+00
  1020.7307      6.718      6.773    29.4778    19.4240          0          0  0.000e+00
  1020.7250      6.740      6.796    29.4729    19.4324          0          0  0.000e+00
  1020.7156      6.791      6.847    29.4639    19.4436          0          0  0.000e+00
  1020.7071      6.868      6.924    29.4542    19.4490          0          0  0.000e+00
  1020.7134      6.974      7.031    29.4592    19.4412          0          0  0.000e+00
  1020.7205      7.113      7.172    29.4642    19.4306          0          0  0.000e+00
  1020.7291      7.290      7.350    29.4700    19.4173          0          0  0.000e+00
  1020.7428      7.506      7.567    29.4809    19.3991          0          0  0.000e+00
  1020.7572      7.740      7.803    29.4917    19.3786          0          0  0.000e+00
  1020.7768      7.994      8.060    29.5079    19.3539          0          0  0.000e+00
  1020.7924      8.270      8.338    29.5202    19.3340          0          0  0.000e+00
  1020.8011      8.544      8.615    29.5256    19.3206          0          0  0.000e+00
  1020.8093      8.816      8.888    29.5310    19.3089          0          0  0.000e+00
  1020.8127      9.052      9.126    29.5310    19.2995          0          0  0.000e+00
  1020.8146      9.248      9.324    29.5294    19.2907          0          0  0.000e+00
  1020.8171      9.390      9.467    29.5291    19.2819          0          0  0.000e+00
  1020.8218      9.482      9.560    29.5320    19.2738          0          0  0.000e+00
  1020.8262      9.515      9.593    29.5357    19.2680          0          0  0.000e+00
  1020.8322      9.498      9.576    29.5425    19.2644          0          0  0.000e+00
  1020.8375      9.440      9.518    29.5501    19.2652          0          0  0.000e+00
  1020.8332      9.353      9.430    29.5464    19.2697          0          0  0.000e+00
  1020.8285      9.246      9.322    29.5421    19.2733          0          0  0.000e+00
  1020.8271      9.131      9.205    29.5412    19.2744          0          0  0.000e+00
  1020.8304      9.024      9.098    29.5465    19.2753          0          0  0.000e+00
  1020.8280      8.929      9.002    29.5454    19.2801          0          0  0.000e+00
  1020.8251      8.859      8.932    29.5439    19.2859          0          0  0.000e+00
  1020.8209      8.818      8.890    29.5407    19.2922          0          0  0.000e+00
  1020.8193      8.805      8.877    29.5403    19.2972          0          0  0.000e+00
  1020.8180      8.824      8.897    29.5406    19.3034          0          0  0.000e+00
  1020.8119      8.875      8.948    29.5350    19.3120          0          0  0.000e+00
  1020.8075      8.959      9.032    29.5306    19.3178          0          0  0.000e+00
  1020.8065      9.075      9.150    29.5294    19.3202          0          0  0.000e+00
  1020.8052      9.228      9.304    29.5272    19.3212          0          0  0.000e+00
  1020.8075      9.403      9.480    29.5286    19.3195          0          0  0.000e+00
  1020.8091      9.597      9.676    29.5292    19.3181          0          0  0.000e+00
  1020.8060      9.805      9.885    29.5232    19.3161          0          0  0.000e+00
  1020.8125     10.024     10.106    29.5284    19.3101          0          0  0.000e+00
  1020.8081     10.235     10.319    29.5196    19.3045          0          0  0.000e+00
  1020.8101     10.435     10.521    29.5175    19.2936          0          0  0.000e+00
  1020.8228     10.616     10.703    29.5282    19.2786          0          0  0.000e+00
  1020.8347     10.771     10.860    29.5396    19.2684          0          0  0.000e+00
  1020.8449     10.901     10.990    29.5510    19.2645          0          0  0.000e+00
  1020.8465     10.999     11.090    29.5530    19.2661          0          0  0.000e+00
  1020.8462     11.069     11.160    29.5531    19.2686          0          0  0.000e+00
  1020.8446     11.104     11.195    29.5515    19.2709          0          0  0.000e+00
  1020.8425     11.110     11.201    29.5490    19.2718          0          0  0.000e+00
  1020.8410     11.089     11.180    29.5473    19.2719          0          0  0.000e+00
  1020.8392     11.050     11.141    29.5450    19.2717          0          0  0.000e+00
  1020.8393     10.998     11.089    29.5454    19.2715          0          0  0.000e+00
  1020.8385     10.938     11.028    29.5445    19.2709          0          0  0.000e+00
  1020.8388     10.883     10.972    29.5451    19.2705          0          0  0.000e+00
  1020.8391     10.838     10.927    29.5458    19.2709          0          0  0.000e+00
  1020.8382     10.814     10.903    29.5453    19.2724          0          0  0.000e+00
  1020.8362     10.814     10.903    29.5434    19.2744          0          0  0.000e+00
  1020.8359     10.841     10.930    29.5433    19.2761          0          0  0.000e+00
  1020.8352     10.894     10.984    29.5429    19.2785          0          0  0.000e+00
  1020.8340     10.975     11.065    29.5418    19.2816          0          0  0.000e+00
  1020.8308     11.080     11.171    29.5380    19.2843          0          0  0.000e+00
  1020.8316     11.206     11.298    29.5378    19.2827          0          0  0.000e+00
  1020.8362     11.361     11.454    29.5418    19.2794          0          0  0.000e+00
  1020.8414     11.526     11.621    29.5467    19.2768          0          0  0.000e+00
  1020.8445     11.701     11.797    29.5494    19.2757          0          0  0.000e+00
  1020.8531     11.875     11.972    29.5598    19.2756          0          0  0.000e+00
  1020.8608     12.047     12.145    29.5699    19.2787          0          0  0.000e+00
  1020.8602     12.212     12.312    29.5700    19.2848          0          0  0.000e+00
  1020.8580     12.370     12.471    29.5680    19.2902          0          0  0.000e+00
  1020.8576     12.517     12.620    29.5676    19.2932          0          0  0.000e+00
  1020.8567     12.656     12.760    29.5660    19.2944          0          0  0.000e+00
  1020.8544     12.778     12.883    29.5619    19.2933          0          0  0.000e+00
  1020.8493     12.888     12.994    29.5535    19.2899          0          0  0.000e+00
  1020.8494     12.984     13.090    29.5507    19.2827          0          0  0.000e+00
  1020.8527     13.061     13.168    29.5516    19.2736          0          0  0.000e+00
  1020.8571     13.118     13.226    29.5544    19.2655          0          0  0.000e+00
