data/eDNA/PER-2022-473/473A008.cnv
* Sea-Bird SBE19plus  Data File:
* FileName = C:\Users\RSG_field\Ryan_Perley2022473\CTD\473A008.hex
* Software version 2.3.0 SB_Terminal.dll
* Temperature SN = 7141
* Conductivity SN = 7141
* System UpLoad Time = Aug 08 2022 18:54:57
* <ApplicationData>
* <SeatermAF>
** Platform: M. Perley
** Cruise: Per2022473
** Station:  ESI-06
** Cast: 01
** Latitude: N  44 46.3308
** Longitude: W 62 26.1203
** Sounding: 40.3
** Chief Scientist: Ryan Stanley
** Comment:
# nquan = 8
# nvalues = 2117                                  
# units = specified
# name 0 = density00: Density [density, kg/m^3]
# name 1 = depSM: Depth [salt water, m], lat = 45.00
# name 2 = prdM: Pressure, Strain Gauge [db]
# name 3 = sal00: Salinity, Practical [PSU]
# name 4 = tv290C: Temperature [ITS-90, deg C]
# name 5 = bpos: Bottle Position in Carousel
# name 6 = nbf: Bottles Fired
# name 7 = flag:  0.000e+00
# span 0 =   998.8335,  1025.2110                 
# span 1 =     -0.101,     38.871                 
# span 2 =     -0.102,     39.193                 
# span 3 =     0.0435,    31.5841                 
# span 4 =     4.4062,    16.8636                 
# span 5 =          0,          6                 
# span 6 =          0,          2                 
# span 7 = 0.0000e+00, 0.0000e+00                 
# interval = seconds: 0.25
# start_time = Aug 08 2022 18:39:55 [Instrument's time stamp, header]
# bad_flag = -9.990e-29
*END*
[from data line 1978]
  1004.2320     -0.061     -0.062     6.0976    12.0070          6          2  0.000e+00
  1004.4327     -0.062     -0.063     6.3566    12.0041          6          2  0.000e+00
  1004.9423     -0.061     -0.062     7.0152    12.0011          6          2  0.000e+00
  1004.6454     -0.061     -0.062     6.6307    11.9979          6          2  0.000e+00
  1003.4122     -0.062     -0.063     5.0359    11.9944          6          2  0.000e+00
  1001.8603     -0.063     -0.064     3.0322    11.9892          6          2  0.000e+00
  1001.7558     -0.062     -0.063     2.8957    11.9785          6          2  0.000e+00
  1003.5617     -0.061     -0.062     5.2251    11.9695          6          2  0.000e+00
  1003.2918     -0.066     -0.066     4.8757    11.9651          6          2  0.000e+00
  1003.0354     -0.063     -0.064     4.5439    11.9614          6          2  0.000e+00
  1005.2626     -0.063     -0.064     7.4220    11.9572          6          2  0.000e+00
  1004.7780     -0.062     -0.063     6.7945    11.9526          6          2  0.000e+00
  1003.6693     -0.063     -0.064     5.3605    11.9476          6          2  0.000e+00
  1003.6021     -0.062     -0.063     5.2728    11.9423          6          2  0.000e+00
  1002.1159     -0.062     -0.063     3.3535    11.9369          6          2  0.000e+00
  1001.5020     -0.062     -0.063     2.5615    11.9321          6          2  0.000e+00
  1005.1534     -0.062     -0.063     7.2758    11.9277          6          2  0.000e+00
  1004.9108     -0.062     -0.063     6.9613    11.9230          6          2  0.000e+00
  1004.7660     -0.061     -0.062     6.7731    11.9177          6          2  0.000e+00
  1003.9945     -0.062     -0.063     5.7748    11.9112          6          2  0.000e+00
  1003.8788     -0.064     -0.065     5.6243    11.9054          6          2  0.000e+00
  1003.0847     -0.064     -0.065     4.5978    11.9000          6          2  0.000e+00
  1002.7008     -0.063     -0.064     4.1016    11.8959          6          2  0.000e+00
  1001.9714     -0.061     -0.062     3.1602    11.8921          6          2  0.000e+00
  1001.4098     -0.063     -0.064     2.4357    11.8862          6          2  0.000e+00
  1002.0029     -0.064     -0.065     3.1980    11.8743          6          2  0.000e+00
  1002.0604     -0.064     -0.065     3.2708    11.8657          6          2  0.000e+00
  1001.6277     -0.064     -0.065     2.7121    11.8584          6          2  0.000e+00
  1002.3375     -0.062     -0.063     3.6262    11.8533          6          2  0.000e+00
  1002.6643     -0.066     -0.066     4.0472    11.8497          6          2  0.000e+00
  1002.2342     -0.064     -0.065     3.4918    11.8461          6          2  0.000e+00
  1001.2070     -0.064     -0.065     2.1681    11.8425          6          2  0.000e+00
  1000.9013     -0.064     -0.065     1.7740    11.8374          6          2  0.000e+00
  1002.9388     -0.066     -0.066     4.3990    11.8343          6          2  0.000e+00
  1002.4032     -0.067     -0.067     3.7076    11.8322          6          2  0.000e+00
  1001.7053     -0.068     -0.068     2.8076    11.8290          6          2  0.000e+00
  1001.1238     -0.066     -0.066     2.0585    11.8256          6          2  0.000e+00
  1000.8958     -0.064     -0.065     1.7648    11.8225          6          2  0.000e+00
  1001.7524     -0.067     -0.067     2.8668    11.8193          6          2  0.000e+00
  1002.0139     -0.067     -0.067     3.2033    11.8164          6          2  0.000e+00
  1002.1016     -0.064     -0.065     3.3158    11.8136          6          2  0.000e+00
  1002.0789     -0.063     -0.064     3.2861    11.8107          6          2  0.000e+00
  1002.0240     -0.062     -0.063     3.2150    11.8076          6          2  0.000e+00
  1001.8512     -0.062     -0.063     2.9919    11.8048          6          2  0.000e+00
  1001.7538     -0.063     -0.064     2.8658    11.8017          6          2  0.000e+00
  1001.3506     -0.062     -0.063     2.3462    11.7988          6          2  0.000e+00
  1001.3478     -0.062     -0.063     2.3421    11.7954          6          2  0.000e+00
  1000.6581     -0.063     -0.064     1.4547    11.7914          6          2  0.000e+00
  1000.0883     -0.062     -0.063     0.7229    11.7868          6          2  0.000e+00
  1000.9868     -0.063     -0.064     1.8758    11.7823          6          2  0.000e+00
  1003.3376     -0.062     -0.063     4.9049    11.7786          6          2  0.000e+00
  1003.6624     -0.064     -0.065     5.3237    11.7754          6          2  0.000e+00
  1003.3516     -0.063     -0.064     4.9218    11.7716          6          2  0.000e+00
  1003.6275     -0.063     -0.064     5.2774    11.7679          6          2  0.000e+00
  1003.4940     -0.062     -0.063     5.1046    11.7647          6          2  0.000e+00
  1003.0920     -0.063     -0.064     4.5853    11.7624          6          2  0.000e+00
  1002.7282     -0.061     -0.062     4.1156    11.7607          6          2  0.000e+00
  1001.5217     -0.063     -0.064     2.5606    11.7593          6          2  0.000e+00
  1001.5083     -0.062     -0.063     2.5431    11.7581          6          2  0.000e+00
  1001.0352     -0.063     -0.064     1.9342    11.7571          6          2  0.000e+00
  1000.2751     -0.063     -0.064     0.9578    11.7562          6          2  0.000e+00
  1000.9826     -0.063     -0.064     1.8665    11.7564          6          2  0.000e+00
  1002.9289     -0.063     -0.064     4.3751    11.7650          6          2  0.000e+00
  1003.6234     -0.062     -0.063     5.2756    11.7894          6          2  0.000e+00
  1003.0462     -0.063     -0.064     4.5328    11.8050          6          2  0.000e+00
  1002.2170     -0.063     -0.064     3.4637    11.8074          6          2  0.000e+00
  1001.7514     -0.062     -0.063     2.8632    11.8046          6          2  0.000e+00
  1001.1969     -0.061     -0.062     2.1488    11.8010          6          2  0.000e+00
  1000.8801     -0.062     -0.063     1.7407    11.7966          6          2  0.000e+00
  1000.9097     -0.062     -0.063     1.7782    11.7924          6          2  0.000e+00
  1001.1468     -0.061     -0.062     2.0825    11.7881          6          2  0.000e+00
  1001.3322     -0.061     -0.062     2.3203    11.7840          6          2  0.000e+00
  1001.3426     -0.062     -0.063     2.3331    11.7798          6          2  0.000e+00
  1001.4845     -0.062     -0.063     2.5151    11.7757          6          2  0.000e+00
  1001.6396     -0.060     -0.061     2.7142    11.7714          6          2  0.000e+00
  1001.6252     -0.061     -0.062     2.6950    11.7674          6          2  0.000e+00
  1001.5916     -0.060     -0.061     2.6511    11.7631          6          2  0.000e+00
  1001.3983     -0.062     -0.063     2.4016    11.7590          6          2  0.000e+00
  1001.0316     -0.059     -0.060     1.9293    11.7552          6          2  0.000e+00
  1000.8894     -0.062     -0.063     1.7460    11.7511          6          2  0.000e+00
  1000.5984     -0.063     -0.064     1.3716    11.7482          6          2  0.000e+00
  1000.5691     -0.063     -0.064     1.3337    11.7456          6          2  0.000e+00
  1001.8787     -0.062     -0.063     3.0180    11.7440          6          2  0.000e+00
  1001.5791     -0.060     -0.061     2.6323    11.7454          6          2  0.000e+00
  1001.3810     -0.060     -0.061     2.3776    11.7476          6          2  0.000e+00
  1001.0542     -0.063     -0.064     1.9574    11.7489          6          2  0.000e+00
  1000.9322     -0.062     -0.063     1.8010    11.7516          6          2  0.000e+00
  1000.7650     -0.065     -0.066     1.5868    11.7560          6          2  0.000e+00
  1000.5320     -0.061     -0.062     1.2878    11.7585          6          2  0.000e+00
  1000.4976     -0.065     -0.066     1.2436    11.7576          6          2  0.000e+00
  1000.4076     -0.061     -0.062     1.1283    11.7591          6          2  0.000e+00
  1000.3756     -0.064     -0.065     1.0879    11.7636          6          2  0.000e+00
  1000.4205     -0.061     -0.062     1.1455    11.7633          6          2  0.000e+00
  1000.3746     -0.060     -0.061     1.0863    11.7615          6          2  0.000e+00
  1000.3370     -0.062     -0.063     1.0377    11.7586          6          2  0.000e+00
  1000.3161     -0.063     -0.064     1.0104    11.7554          6          2  0.000e+00
  1000.3214     -0.063     -0.064     1.0167    11.7522          6          2  0.000e+00
  1000.3907     -0.063     -0.064     1.1051    11.7486          6          2  0.000e+00
  1000.4060     -0.062     -0.063     1.1243    11.7453          6          2  0.000e+00
  1000.3934     -0.062     -0.063     1.1076    11.7420          6          2  0.000e+00
  1000.3616     -0.062     -0.063     1.0663    11.7386          6          2  0.000e+00
  1000.3292     -0.062     -0.063     1.0242    11.7354          6          2  0.000e+00
  1000.2898     -0.063     -0.064     0.9733    11.7322          6          2  0.000e+00
  1000.2477     -0.062     -0.063     0.9188    11.7289          6          2  0.000e+00
  1000.2061     -0.063     -0.064     0.8650    11.7257          6          2  0.000e+00
  1000.1679     -0.064     -0.065     0.8156    11.7226          6          2  0.000e+00
  1000.1454     -0.063     -0.064     0.7863    11.7196          6          2  0.000e+00
  1000.1991     -0.063     -0.064     0.8547    11.7168          6          2  0.000e+00
  1000.2235     -0.062     -0.063     0.8857    11.7145          6          2  0.000e+00
  1000.2379     -0.062     -0.063     0.9039    11.7129          6          2  0.000e+00
  1000.3220     -0.063     -0.064     1.0115    11.7112          6          2  0.000e+00
  1000.2560     -0.061     -0.062     0.9267    11.7100          6          2  0.000e+00
  1000.2244     -0.063     -0.064     0.8859    11.7081          6          2  0.000e+00
  1000.1954     -0.063     -0.064     0.8485    11.7065          6          2  0.000e+00
  1000.1322     -0.063     -0.064     0.7673    11.7054          6          2  0.000e+00
  1000.1356     -0.063     -0.064     0.7715    11.7040          6          2  0.000e+00
  1000.0899     -0.062     -0.063     0.7127    11.7023          6          2  0.000e+00
  1000.0732     -0.061     -0.062     0.6909    11.7003          6          2  0.000e+00
  1000.0935     -0.063     -0.064     0.7168    11.6987          6          2  0.000e+00
  1000.0854     -0.063     -0.064     0.7062    11.6969          6          2  0.000e+00
  1000.1105     -0.062     -0.063     0.7381    11.6954          6          2  0.000e+00
  1000.2589     -0.063     -0.064     0.9281    11.6940          6          2  0.000e+00
  1000.2637     -0.061     -0.062     0.9339    11.6921          6          2  0.000e+00
  1000.2188     -0.060     -0.060     0.8761    11.6905          6          2  0.000e+00
  1000.1439     -0.061     -0.061     0.7799    11.6887          6          2  0.000e+00
  1000.0769     -0.060     -0.060     0.6937    11.6870          6          2  0.000e+00
  1000.0175     -0.062     -0.063     0.6174    11.6850          6          2  0.000e+00
   999.9770     -0.062     -0.063     0.5654    11.6836          6          2  0.000e+00
   999.9359     -0.061     -0.061     0.5131    11.6865          6          2  0.000e+00
   999.9438     -0.062     -0.063     0.5240    11.6914          6          2  0.000e+00
   999.9540     -0.060     -0.060     0.5371    11.6919          6          2  0.000e+00
   999.9464     -0.061     -0.061     0.5274    11.6915          6          2  0.000e+00
   999.9403     -0.062     -0.063     0.5194    11.6906          6          2  0.000e+00
   999.9314     -0.061     -0.061     0.5079    11.6895          6          2  0.000e+00
   999.9193     -0.062     -0.063     0.4923    11.6883          6          2  0.000e+00
   999.9038     -0.063     -0.064     0.4723    11.6872          6          2  0.000e+00
   999.8873     -0.061     -0.061     0.4510    11.6867          6          2  0.000e+00
   999.8719     -0.063     -0.064     0.4313    11.6863          6          2  0.000e+00
   999.8584     -0.063     -0.064     0.4139    11.6855          6          2  0.000e+00
