data/eDNA/PER-2022-473/473A004.cnv
* Sea-Bird SBE19plus  Data File:
* FileName = C:\Users\RSG_field\Ryan_Perley2022473\CTD\473A004.hex
* Software version 2.3.0 SB_Terminal.dll
* Temperature SN = 7141
* Conductivity SN = 7141
* System UpLoad Time = Aug 08 2022 12:53:55
* <ApplicationData>
* <SeatermAF>
** Platform: M. Perley
** Cruise: Per2022473
** Station:  ESI-03
** Cast: 01
** Latitude: N  44 48.1630
** Longitude: W -62 08.6192
** Sounding: 69.2
** Chief Scientist: Ryan Stanley
** Comment: cast 22
# nquan = 8
# nvalues = 2464                                  
# units = specified
# name 0 = density00: Density [density, kg/m^3]
# name 1 = depSM: Depth [salt water, m], lat = 45.00
# name 2 = prdM: Pressure, Strain Gauge [db]
# name 3 = sal00: Salinity, Practical [PSU]
# name 4 = tv290C: Temperature [ITS-90, deg C]
# name 5 = bpos: Bottle Position in Carousel
# name 6 = nbf: Bottles Fired
# name 7 = flag:  0.000e+00
# span 0 =   999.1700,  1026.1351                 
# span 1 =     -0.105,     67.035                 
# span 2 =     -0.106,     67.595                 
# span 3 =     0.0312,    32.5932                 
# span 4 =     3.3851,    15.3395                 
# span 5 =          0,          6                 
# span 6 =          0,          2                 
# span 7 = 0.0000e+00, 0.0000e+00                 
# interval = seconds: 0.25
# start_time = Aug 08 2022 12:39:49 [Instrument's time stamp, header]
# bad_flag = -9.990e-29
*END*
[from data line 1978]
  1024.9485     33.643     33.921    31.2539     4.1839          6          2  0.000e+00
  1024.9382     33.424     33.700    31.2410     4.1733          6          2  0.000e+00
  1024.9444     33.215     33.490    31.2482     4.1589          6          2  0.000e+00
  1024.9291     33.027     33.300    31.2286     4.1465          6          2  0.000e+00
  1024.9360     32.872     33.143    31.2365     4.1320          6          2  0.000e+00
  1024.9296     32.747     33.017    31.2277     4.1209          6          2  0.000e+00
  1024.9280     32.662     32.932    31.2248     4.1092          6          2  0.000e+00
  1024.9220     32.612     32.881    31.2161     4.0972          6          2  0.000e+00
  1024.9277     32.604     32.874    31.2219     4.0850          6          2  0.000e+00
  1024.9379     32.621     32.891    31.2335     4.0756          6          2  0.000e+00
  1024.9418     32.663     32.933    31.2376     4.0711          6          2  0.000e+00
  1024.9506     32.713     32.983    31.2481     4.0692          6          2  0.000e+00
  1024.9467     32.760     33.031    31.2431     4.0707          6          2  0.000e+00
  1024.9431     32.787     33.058    31.2386     4.0718          6          2  0.000e+00
  1024.9385     32.792     33.063    31.2326     4.0706          6          2  0.000e+00
  1024.9323     32.759     33.030    31.2247     4.0680          6          2  0.000e+00
  1024.9375     32.687     32.957    31.2311     4.0640          6          2  0.000e+00
  1024.9461     32.565     32.834    31.2425     4.0622          6          2  0.000e+00
  1024.9463     32.400     32.668    31.2439     4.0639          6          2  0.000e+00
  1024.9429     32.195     32.461    31.2411     4.0658          6          2  0.000e+00
  1024.9390     31.963     32.227    31.2377     4.0669          6          2  0.000e+00
  1024.9380     31.708     31.970    31.2380     4.0670          6          2  0.000e+00
  1024.9364     31.454     31.714    31.2375     4.0672          6          2  0.000e+00
  1024.9336     31.215     31.473    31.2354     4.0671          6          2  0.000e+00
  1024.9315     30.995     31.251    31.2340     4.0669          6          2  0.000e+00
  1024.9303     30.807     31.061    31.2336     4.0667          6          2  0.000e+00
  1024.9294     30.645     30.899    31.2334     4.0665          6          2  0.000e+00
  1024.9280     30.511     30.763    31.2325     4.0667          6          2  0.000e+00
  1024.9264     30.390     30.641    31.2312     4.0670          6          2  0.000e+00
  1024.9256     30.280     30.530    31.2309     4.0675          6          2  0.000e+00
  1024.9241     30.165     30.414    31.2298     4.0685          6          2  0.000e+00
  1024.9229     30.051     30.299    31.2291     4.0694          6          2  0.000e+00
  1024.9220     29.931     30.178    31.2286     4.0696          6          2  0.000e+00
  1024.9213     29.810     30.056    31.2285     4.0700          6          2  0.000e+00
  1024.9204     29.690     29.936    31.2282     4.0704          6          2  0.000e+00
  1024.9198     29.575     29.819    31.2281     4.0704          6          2  0.000e+00
  1024.9194     29.468     29.711    31.2282     4.0705          6          2  0.000e+00
  1024.9188     29.376     29.618    31.2280     4.0706          6          2  0.000e+00
  1024.9185     29.296     29.538    31.2282     4.0708          6          2  0.000e+00
  1024.9167     29.232     29.474    31.2263     4.0715          6          2  0.000e+00
  1024.9171     29.184     29.425    31.2272     4.0717          6          2  0.000e+00
  1024.9163     29.153     29.394    31.2265     4.0725          6          2  0.000e+00
  1024.9152     29.129     29.369    31.2254     4.0739          6          2  0.000e+00
  1024.9148     29.111     29.351    31.2251     4.0747          6          2  0.000e+00
  1024.9150     29.083     29.323    31.2256     4.0755          6          2  0.000e+00
  1024.9150     29.050     29.290    31.2261     4.0771          6          2  0.000e+00
  1024.9133     29.000     29.240    31.2246     4.0803          6          2  0.000e+00
  1024.9102     28.938     29.177    31.2214     4.0835          6          2  0.000e+00
  1024.9086     28.855     29.093    31.2201     4.0853          6          2  0.000e+00
  1024.9071     28.749     28.986    31.2190     4.0866          6          2  0.000e+00
  1024.9052     28.613     28.850    31.2175     4.0869          6          2  0.000e+00
  1024.9052     28.454     28.689    31.2183     4.0854          6          2  0.000e+00
  1024.9063     28.266     28.499    31.2206     4.0840          6          2  0.000e+00
  1024.9066     28.053     28.284    31.2222     4.0838          6          2  0.000e+00
  1024.9096     27.816     28.046    31.2275     4.0851          6          2  0.000e+00
  1024.9180     27.563     27.790    31.2403     4.0910          6          2  0.000e+00
  1024.9088     27.297     27.522    31.2320     4.1049          6          2  0.000e+00
  1024.8969     27.020     27.243    31.2204     4.1187          6          2  0.000e+00
  1024.8932     26.749     26.969    31.2184     4.1274          6          2  0.000e+00
  1024.8904     26.487     26.705    31.2173     4.1347          6          2  0.000e+00
  1024.8876     26.247     26.464    31.2162     4.1430          6          2  0.000e+00
  1024.8828     26.047     26.262    31.2124     4.1519          6          2  0.000e+00
  1024.8756     25.887     26.100    31.2054     4.1605          6          2  0.000e+00
  1024.8778     25.783     25.996    31.2097     4.1687          6          2  0.000e+00
  1024.8856     25.731     25.943    31.2211     4.1786          6          2  0.000e+00
  1024.8677     25.729     25.941    31.2004     4.1941          6          2  0.000e+00
  1024.8626     25.779     25.991    31.1949     4.2033          6          2  0.000e+00
  1024.8515     25.860     26.074    31.1809     4.2072          6          2  0.000e+00
  1024.8494     25.958     26.172    31.1774     4.2054          6          2  0.000e+00
  1024.8635     26.059     26.274    31.1939     4.1994          6          2  0.000e+00
  1024.8551     26.154     26.370    31.1827     4.1995          6          2  0.000e+00
  1024.8543     26.219     26.435    31.1810     4.1971          6          2  0.000e+00
  1024.8590     26.242     26.459    31.1862     4.1919          6          2  0.000e+00
  1024.8622     26.215     26.431    31.1900     4.1886          6          2  0.000e+00
  1024.8632     26.135     26.351    31.1915     4.1870          6          2  0.000e+00
  1024.8631     25.998     26.213    31.1922     4.1866          6          2  0.000e+00
  1024.8661     25.809     26.021    31.1970     4.1867          6          2  0.000e+00
  1024.8663     25.573     25.784    31.1990     4.1894          6          2  0.000e+00
  1024.8673     25.299     25.507    31.2025     4.1942          6          2  0.000e+00
  1024.8647     24.995     25.202    31.2019     4.2013          6          2  0.000e+00
  1024.8616     24.677     24.881    31.2009     4.2090          6          2  0.000e+00
  1024.8649     24.358     24.559    31.2080     4.2176          6          2  0.000e+00
  1024.8640     24.048     24.246    31.2103     4.2307          6          2  0.000e+00
  1024.8643     23.754     23.950    31.2145     4.2474          6          2  0.000e+00
  1024.8484     23.500     23.693    31.1985     4.2676          6          2  0.000e+00
  1024.8373     23.279     23.471    31.1877     4.2834          6          2  0.000e+00
  1024.8408     23.101     23.291    31.1946     4.2944          6          2  0.000e+00
  1024.8364     22.968     23.157    31.1914     4.3074          6          2  0.000e+00
  1024.8277     22.884     23.072    31.1828     4.3214          6          2  0.000e+00
  1024.8145     22.839     23.027    31.1676     4.3318          6          2  0.000e+00
  1024.8100     22.832     23.020    31.1624     4.3349          6          2  0.000e+00
  1024.8148     22.852     23.040    31.1683     4.3344          6          2  0.000e+00
  1024.8659     22.880     23.068    31.2334     4.3416          6          2  0.000e+00
  1024.8104     22.925     23.114    31.1677     4.3771          6          2  0.000e+00
  1024.7824     22.965     23.155    31.1339     4.3910          6          2  0.000e+00
  1024.7937     22.994     23.184    31.1467     4.3811          6          2  0.000e+00
  1024.8137     23.008     23.197    31.1712     4.3761          6          2  0.000e+00
  1024.8142     23.005     23.194    31.1726     4.3823          6          2  0.000e+00
  1024.8101     22.978     23.168    31.1688     4.3921          6          2  0.000e+00
  1024.8001     22.922     23.111    31.1578     4.4015          6          2  0.000e+00
  1024.7934     22.830     23.018    31.1504     4.4056          6          2  0.000e+00
  1024.7839     22.710     22.897    31.1392     4.4062          6          2  0.000e+00
  1024.7839     22.559     22.745    31.1394     4.4002          6          2  0.000e+00
  1024.7974     22.389     22.573    31.1565     4.3934          6          2  0.000e+00
  1024.7994     22.203     22.386    31.1602     4.3937          6          2  0.000e+00
  1024.8043     22.009     22.191    31.1681     4.3979          6          2  0.000e+00
  1024.7993     21.809     21.989    31.1640     4.4063          6          2  0.000e+00
  1024.7921     21.612     21.790    31.1571     4.4143          6          2  0.000e+00
  1024.7847     21.410     21.587    31.1495     4.4190          6          2  0.000e+00
  1024.7838     21.207     21.381    31.1497     4.4200          6          2  0.000e+00
  1024.7880     21.003     21.176    31.1563     4.4202          6          2  0.000e+00
  1024.7862     20.801     20.972    31.1557     4.4237          6          2  0.000e+00
  1024.7833     20.607     20.777    31.1537     4.4279          6          2  0.000e+00
  1024.7818     20.426     20.594    31.1533     4.4318          6          2  0.000e+00
  1024.7767     20.270     20.437    31.1483     4.4353          6          2  0.000e+00
  1024.7772     20.135     20.301    31.1499     4.4365          6          2  0.000e+00
  1024.7794     20.033     20.198    31.1535     4.4384          6          2  0.000e+00
  1024.7741     19.956     20.120    31.1478     4.4421          6          2  0.000e+00
  1024.7752     19.910     20.074    31.1495     4.4435          6          2  0.000e+00
  1024.7752     19.893     20.057    31.1499     4.4456          6          2  0.000e+00
  1024.7742     19.891     20.055    31.1490     4.4483          6          2  0.000e+00
  1024.7768     19.895     20.058    31.1527     4.4512          6          2  0.000e+00
  1024.7751     19.899     20.063    31.1510     4.4559          6          2  0.000e+00
  1024.7754     19.889     20.053    31.1521     4.4604          6          2  0.000e+00
  1024.7720     19.866     20.029    31.1485     4.4653          6          2  0.000e+00
  1024.7722     19.817     19.980    31.1496     4.4693          6          2  0.000e+00
  1024.7678     19.742     19.904    31.1451     4.4736          6          2  0.000e+00
  1024.7619     19.635     19.796    31.1386     4.4762          6          2  0.000e+00
  1024.7621     19.498     19.659    31.1397     4.4763          6          2  0.000e+00
  1024.7592     19.331     19.490    31.1369     4.4756          6          2  0.000e+00
  1024.7626     19.148     19.306    31.1420     4.4733          6          2  0.000e+00
  1024.7628     18.954     19.110    31.1433     4.4729          6          2  0.000e+00
  1024.7658     18.761     18.916    31.1484     4.4739          6          2  0.000e+00
  1024.7657     18.581     18.734    31.1498     4.4773          6          2  0.000e+00
  1024.7647     18.415     18.566    31.1501     4.4818          6          2  0.000e+00
  1024.7651     18.261     18.411    31.1522     4.4870          6          2  0.000e+00
  1024.7666     18.126     18.276    31.1556     4.4930          6          2  0.000e+00
  1024.7579     18.009     18.157    31.1463     4.5003          6          2  0.000e+00
  1024.7644     17.898     18.046    31.1556     4.5045          6          2  0.000e+00
  1024.7610     17.799     17.945    31.1530     4.5125          6          2  0.000e+00
  1024.7500     17.710     17.855    31.1407     4.5205          6          2  0.000e+00
  1024.7498     17.626     17.771    31.1412     4.5227          6          2  0.000e+00
  1024.7485     17.551     17.695    31.1403     4.5243          6          2  0.000e+00
  1024.7527     17.478     17.621    31.1462     4.5263          6          2  0.000e+00
  1024.7552     17.406     17.549    31.1505     4.5319          6          2  0.000e+00
  1024.7428     17.332     17.475    31.1363     4.5402          6          2  0.000e+00
  1024.7398     17.256     17.398    31.1332     4.5419          6          2  0.000e+00
  1024.7487     17.172     17.314    31.1450     4.5420          6          2  0.000e+00
  1024.7423     17.078     17.219    31.1380     4.5469          6          2  0.000e+00
  1024.7397     16.975     17.115    31.1358     4.5496          6          2  0.000e+00
  1024.7384     16.862     17.000    31.1349     4.5503          6          2  0.000e+00
  1024.7362     16.745     16.883    31.1330     4.5511          6          2  0.000e+00
  1024.7586     16.619     16.756    31.1620     4.5518          6          2  0.000e+00
  1024.7729     16.491     16.626    31.1827     4.5666          6          2  0.000e+00
  1024.7489     16.361     16.496    31.1570     4.5968          6          2  0.000e+00
  1024.7366     16.234     16.368    31.1452     4.6193          6          2  0.000e+00
  1024.7248     16.106     16.238    31.1330     4.6336          6          2  0.000e+00
  1024.7315     15.983     16.114    31.1438     4.6466          6          2  0.000e+00
  1024.7273     15.858     15.988    31.1413     4.6628          6          2  0.000e+00
  1024.7277     15.732     15.861    31.1447     4.6785          6          2  0.000e+00
  1024.7298     15.605     15.733    31.1509     4.7001          6          2  0.000e+00
  1024.7282     15.472     15.599    31.1530     4.7255          6          2  0.000e+00
  1024.7126     15.339     15.465    31.1381     4.7569          6          2  0.000e+00
  1024.6971     15.205     15.330    31.1227     4.7821          6          2  0.000e+00
  1024.6799     15.077     15.201    31.1043     4.8019          6          2  0.000e+00
  1024.6728     14.946     15.069    31.0975     4.8123          6          2  0.000e+00
  1024.6902     14.831     14.953    31.1209     4.8175          6          2  0.000e+00
  1024.6922     14.725     14.846    31.1259     4.8319          6          2  0.000e+00
  1024.6918     14.629     14.750    31.1291     4.8549          6          2  0.000e+00
  1024.6888     14.552     14.672    31.1291     4.8803          6          2  0.000e+00
  1024.6792     14.486     14.605    31.1208     4.9059          6          2  0.000e+00
  1024.6896     14.435     14.554    31.1381     4.9345          6          2  0.000e+00
  1024.6428     14.383     14.502    31.0839     4.9685          6          2  0.000e+00
  1024.6380     14.332     14.449    31.0796     4.9802          6          2  0.000e+00
  1024.6611     14.267     14.384    31.1106     4.9904          6          2  0.000e+00
  1024.6557     14.190     14.306    31.1070     5.0110          6          2  0.000e+00
  1024.6121     14.084     14.199    31.0556     5.0334          6          2  0.000e+00
  1024.5978     13.950     14.065    31.0385     5.0342          6          2  0.000e+00
  1024.6580     13.796     13.910    31.1141     5.0250          6          2  0.000e+00
