data/eDNA/PER-2022-473/473A010.cnv
* Sea-Bird SBE19plus  Data File:
* FileName = C:\Users\RSG_field\Ryan_Perley2022473\CTD\473A010.hex
* Software version 2.3.0 SB_Terminal.dll
* Temperature SN = 7141
* Conductivity SN = 7141
* System UpLoad Time = Aug 10 2022 13:25:44
* <ApplicationData>
* <SeatermAF>
** Platform: M. Perley
** Cruise: Per2022473
** Station:  ESI_13
** Cast: 01
** Latitude: N  44 39.4750
** Longitude: W 62 58.5421
** Sounding: 29.6
** Chief Scientist: Ryan Stanley
** Comment: CTD was banged off the door when being pulled up. Spigot broke off
** Cast 28
# nquan = 8
# nvalues = 1773                                  
# units = specified
# name 0 = density00: Density [density, kg/m^3]
# name 1 = depSM: Depth [salt water, m], lat = 45.00
# name 2 = prdM: Pressure, Strain Gauge [db]
# name 3 = sal00: Salinity, Practical [PSU]
# name 4 = tv290C: Temperature [ITS-90, deg C]
# name 5 = bpos: Bottle Position in Carousel
# name 6 = nbf: Bottles Fired
# name 7 = flag:  0.000e+00
# span 0 =   998.8740,  1024.7444                 
# span 1 =     -0.072,     27.574                 
# span 2 =     -0.072,     27.801                 
# span 3 =     0.0086,    31.5508                 
# span 4 =     5.7147,    16.4654                 
# span 5 =          0,          6                 
# span 6 =          0,          2                 
# span 7 = 0.0000e+00, 0.0000e+00                 
# interval = seconds: 0.25
# start_time = Aug 10 2022 13:13:56 [Instrument's time stamp, header]
# bad_flag = -9.990e-29
*END*
[from data line 1439]
  1024.4778     12.774     12.879    31.1479     6.7465          1          1  0.000e+00
  1024.4707     12.582     12.685    31.1441     6.7720          1          1  0.000e+00
  1024.4512     12.407     12.509    31.1243     6.7961          1          1  0.000e+00
  1024.4608     12.260     12.361    31.1402     6.8135          1          1  0.000e+00
  1024.4528     12.139     12.239    31.1348     6.8379          1          1  0.000e+00
  1024.4445     12.052     12.151    31.1293     6.8662          1          1  0.000e+00
  1024.4453     11.987     12.085    31.1350     6.8921          1          1  0.000e+00
  1024.4389     11.951     12.049    31.1319     6.9216          1          1  0.000e+00
  1024.4169     11.939     12.037    31.1088     6.9506          1          1  0.000e+00
  1024.3789     11.935     12.033    31.0637     6.9707          1          1  0.000e+00
  1024.3650     11.935     12.033    31.0456     6.9674          1          1  0.000e+00
  1024.3850     11.934     12.032    31.0685     6.9517          1          1  0.000e+00
  1024.3877     11.917     12.015    31.0704     6.9423          1          1  0.000e+00
  1024.4044     11.877     11.974    31.0909     6.9367          1          1  0.000e+00
  1024.4060     11.811     11.908    31.0939     6.9396          1          1  0.000e+00
  1024.4002     11.710     11.806    31.0880     6.9451          1          1  0.000e+00
  1024.3880     11.581     11.676    31.0739     6.9488          1          1  0.000e+00
  1024.3863     11.414     11.508    31.0721     6.9451          1          1  0.000e+00
  1024.3966     11.221     11.313    31.0854     6.9397          1          1  0.000e+00
  1024.3999     11.002     11.092    31.0910     6.9403          1          1  0.000e+00
  1024.4138     10.771     10.860    31.1108     6.9454          1          1  0.000e+00
  1024.4235     10.530     10.617    31.1271     6.9605          1          1  0.000e+00
  1024.4202     10.293     10.378    31.1286     6.9865          1          1  0.000e+00
  1024.4151     10.057     10.139    31.1284     7.0163          1          1  0.000e+00
  1024.3964      9.833      9.914    31.1112     7.0475          1          1  0.000e+00
  1024.3918      9.624      9.703    31.1115     7.0771          1          1  0.000e+00
  1024.3746      9.437      9.514    31.0949     7.1023          1          1  0.000e+00
  1024.3737      9.268      9.344    31.0979     7.1211          1          1  0.000e+00
  1024.3963      9.120      9.194    31.1308     7.1408          1          1  0.000e+00
  1024.3972      9.000      9.074    31.1388     7.1768          1          1  0.000e+00
  1024.3803      8.907      8.980    31.1252     7.2203          1          1  0.000e+00
  1024.4046      8.832      8.905    31.1639     7.2641          1          1  0.000e+00
  1024.3353      8.770      8.842    31.0857     7.3207          1          1  0.000e+00
  1024.2855      8.723      8.795    31.0272     7.3473          1          1  0.000e+00
  1024.3262      8.684      8.755    31.0786     7.3440          1          1  0.000e+00
  1024.3235      8.646      8.717    31.0781     7.3594          1          1  0.000e+00
  1024.3319      8.605      8.675    31.0923     7.3792          1          1  0.000e+00
  1024.2701      8.559      8.629    31.0178     7.4021          1          1  0.000e+00
  1024.3593      8.503      8.573    31.1311     7.3985          1          1  0.000e+00
  1024.4141      8.431      8.500    31.2074     7.4340          1          1  0.000e+00
  1024.3470      8.343      8.411    31.1375     7.5207          1          1  0.000e+00
  1024.2641      8.238      8.305    31.0431     7.5816          1          1  0.000e+00
  1024.1834      8.115      8.181    30.9429     7.5917          1          1  0.000e+00
  1024.1857      7.974      8.039    30.9394     7.5500          1          1  0.000e+00
  1024.2276      7.815      7.879    30.9844     7.4965          1          1  0.000e+00
  1024.2857      7.641      7.704    31.0538     7.4643          1          1  0.000e+00
  1024.3102      7.457      7.518    31.0863     7.4650          1          1  0.000e+00
  1024.3376      7.271      7.331    31.1261     7.4874          1          1  0.000e+00
  1024.4062      7.085      7.143    31.2224     7.5328          1          1  0.000e+00
  1024.5587      6.900      6.957    31.4357     7.6360          1          1  0.000e+00
  1024.4444      6.725      6.780    31.3259     7.8328          1          1  0.000e+00
  1024.3703      6.565      6.619    31.2648     8.0130          1          1  0.000e+00
  1024.2470      6.414      6.466    31.1331     8.1482          1          1  0.000e+00
  1024.3014      6.280      6.332    31.2159     8.2176          1          1  0.000e+00
  1024.3725      6.149      6.199    31.3275     8.3263          1          1  0.000e+00
  1024.5165      6.027      6.076    31.5442     8.4985          1          1  0.000e+00
  1024.4136      5.912      5.961    31.4636     8.7617          1          1  0.000e+00
  1024.2672      5.800      5.847    31.3287     9.0272          1          1  0.000e+00
  1024.1683      5.695      5.742    31.2394     9.2132          1          1  0.000e+00
  1024.1477      5.587      5.633    31.2460     9.3757          1          1  0.000e+00
  1024.0153      5.480      5.525    31.1105     9.5408          1          1  0.000e+00
  1023.9634      5.374      5.418    31.0632     9.6325          1          1  0.000e+00
  1023.9144      5.270      5.313    31.0150     9.7010          1          1  0.000e+00
  1023.9140      5.166      5.208    31.0262     9.7548          1          1  0.000e+00
  1023.9028      5.061      5.103    31.0219     9.8011          1          1  0.000e+00
  1023.9324      4.960      5.001    31.0696     9.8453          1          1  0.000e+00
  1023.9303      4.862      4.902    31.0807     9.9091          1          1  0.000e+00
  1023.9957      4.762      4.801    31.1791     9.9764          1          1  0.000e+00
  1023.8996      4.663      4.701    31.0828    10.1025          1          1  0.000e+00
  1023.7964      4.562      4.599    30.9705    10.1948          1          1  0.000e+00
  1023.7526      4.457      4.493    30.9203    10.2202          1          1  0.000e+00
  1023.7755      4.353      4.389    30.9493    10.2152          1          1  0.000e+00
  1023.7620      4.239      4.273    30.9324    10.2144          1          1  0.000e+00
  1023.7072      4.117      4.150    30.8619    10.2099          1          1  0.000e+00
  1023.5918      3.986      4.019    30.7038    10.1594          1          1  0.000e+00
  1023.7705      3.843      3.875    30.9097    10.0434          1          1  0.000e+00
  1024.2742      3.689      3.720    31.5508    10.0156          1          1  0.000e+00
  1024.1825      3.524      3.553    31.4957    10.3059          1          1  0.000e+00
  1023.9198      3.346      3.373    31.2293    10.6290          1          1  0.000e+00
  1023.7465      3.165      3.191    31.0495    10.8204          1          1  0.000e+00
  1023.6457      2.977      3.002    30.9401    10.9062          1          1  0.000e+00
  1023.7441      2.789      2.811    31.0739    10.9340          1          1  0.000e+00
  1023.8013      2.603      2.624    31.1680    11.0218          6          2  0.000e+00
  1023.7083      2.427      2.447    31.0786    11.1519          6          2  0.000e+00
  1023.7328      2.262      2.280    31.1335    11.2512          6          2  0.000e+00
  1023.7039      2.117      2.134    31.1232    11.3657          6          2  0.000e+00
  1023.6916      1.992      2.009    31.1364    11.4895          6          2  0.000e+00
  1023.7629      1.890      1.905    31.2606    11.6274          6          2  0.000e+00
  1023.6638      1.806      1.821    31.1751    11.8059          6          2  0.000e+00
  1023.6060      1.737      1.751    31.1395    11.9701          6          2  0.000e+00
  1023.5081      1.679      1.693    31.0471    12.1113          6          2  0.000e+00
  1023.5012      1.623      1.636    31.0625    12.2115          6          2  0.000e+00
  1023.4991      1.563      1.576    31.0845    12.3134          6          2  0.000e+00
  1023.4066      1.491      1.503    30.9915    12.4205          6          2  0.000e+00
  1023.4002      1.401      1.413    31.0012    12.4927          6          2  0.000e+00
  1023.3211      1.293      1.304    30.9138    12.5508          6          2  0.000e+00
  1023.2172      1.163      1.172    30.7842    12.5662          6          2  0.000e+00
  1023.2160      1.017      1.026    30.7711    12.5151          6          2  0.000e+00
  1023.2900      0.856      0.863    30.8510    12.4466          6          2  0.000e+00
  1023.3652      0.685      0.690    30.9421    12.4178          6          2  0.000e+00
  1023.4027      0.512      0.516    30.9959    12.4362          6          2  0.000e+00
  1023.3891      0.329      0.332    30.9920    12.4877          6          2  0.000e+00
  1023.3803      0.158      0.159    30.9946    12.5411          6          2  0.000e+00
  1023.3462      0.011      0.012    30.9643    12.5938          6          2  0.000e+00
  1023.1849     -0.048     -0.048    30.7676    12.6401          6          2  0.000e+00
  1008.2987     -0.042     -0.042    11.4919    12.7015          6          2  0.000e+00
  1002.8892     -0.042     -0.042     4.4865    12.7479          6          2  0.000e+00
  1002.9436     -0.044     -0.044     4.5600    12.7655          6          2  0.000e+00
  1001.5740     -0.043     -0.043     2.7905    12.7754          6          2  0.000e+00
  1000.3616     -0.043     -0.043     1.2276    12.7822          6          2  0.000e+00
  1000.9432     -0.043     -0.043     1.9783    12.7888          6          2  0.000e+00
  1012.7774     -0.043     -0.043    17.3218    12.7854          6          2  0.000e+00
  1022.1464     -0.044     -0.044    29.4541    12.7577          6          2  0.000e+00
  1022.2903     -0.045     -0.045    29.6050    12.6123          6          2  0.000e+00
  1022.4394     -0.043     -0.043    29.7615    12.4622          6          2  0.000e+00
  1022.7155     -0.044     -0.044    30.0904    12.3463          6          2  0.000e+00
  1022.7966     -0.044     -0.044    30.1730    12.2533          6          2  0.000e+00
  1022.7932     -0.045     -0.045    30.1557    12.1993          6          2  0.000e+00
  1020.7122     -0.046     -0.046    27.4642    12.1803          6          2  0.000e+00
  1005.8600     -0.045     -0.045     8.2339    12.1808          6          2  0.000e+00
  1004.9528     -0.045     -0.045     7.0593    12.1801          6          2  0.000e+00
  1002.3916     -0.045     -0.045     3.7473    12.1766          6          2  0.000e+00
  1003.7158     -0.048     -0.048     5.4549    12.1559          6          2  0.000e+00
  1001.3086     -0.047     -0.047     2.3420    12.1230          6          2  0.000e+00
  1003.6655     -0.046     -0.046     5.3820    12.1084          6          2  0.000e+00
  1009.9346     -0.046     -0.046    13.4965    12.0945          6          2  0.000e+00
  1004.9618     -0.047     -0.047     7.0532    12.0764          6          2  0.000e+00
  1003.4092     -0.047     -0.047     5.0417    12.0533          6          2  0.000e+00
  1003.5172     -0.046     -0.046     5.1772    12.0292          6          2  0.000e+00
  1002.8051     -0.046     -0.046     4.2541    12.0091          6          2  0.000e+00
  1003.8081     -0.045     -0.045     5.5477    11.9960          6          2  0.000e+00
  1002.8388     -0.046     -0.046     4.2930    11.9800          6          2  0.000e+00
  1001.3945     -0.046     -0.046     2.4269    11.9577          6          2  0.000e+00
  1000.9606     -0.045     -0.045     1.8644    11.9316          6          2  0.000e+00
  1000.6243     -0.044     -0.044     1.4280    11.9045          6          2  0.000e+00
  1000.4306     -0.046     -0.046     1.1751    11.8767          6          2  0.000e+00
  1000.2716     -0.045     -0.045     0.9668    11.8492          6          2  0.000e+00
  1000.1442     -0.045     -0.045     0.7995    11.8225          6          2  0.000e+00
  1000.1364     -0.045     -0.045     0.7857    11.7963          6          2  0.000e+00
  1000.1370     -0.045     -0.045     0.7828    11.7707          6          2  0.000e+00
  1000.1774     -0.044     -0.044     0.8308    11.7451          6          2  0.000e+00
  1000.1594     -0.047     -0.047     0.8041    11.7194          6          2  0.000e+00
  1000.3651     -0.045     -0.045     1.0643    11.6943          6          2  0.000e+00
  1000.8484     -0.045     -0.045     1.6809    11.6683          6          2  0.000e+00
  1001.1066     -0.046     -0.046     2.0088    11.6415          6          2  0.000e+00
  1002.0278     -0.047     -0.047     3.1902    11.6140          6          2  0.000e+00
  1003.3481     -0.046     -0.046     4.8878    11.5859          6          2  0.000e+00
  1002.1414     -0.046     -0.046     3.3279    11.5571          6          2  0.000e+00
  1001.7574     -0.045     -0.045     2.8289    11.5263          6          2  0.000e+00
  1001.4715     -0.046     -0.046     2.4562    11.4931          6          2  0.000e+00
  1001.3887     -0.045     -0.045     2.3461    11.4684          6          2  0.000e+00
  1001.9177     -0.046     -0.046     3.0248    11.4562          6          2  0.000e+00
  1001.8500     -0.047     -0.047     2.9372    11.4524          6          2  0.000e+00
  1001.5205     -0.045     -0.045     2.5130    11.4509          6          2  0.000e+00
  1001.1924     -0.045     -0.045     2.0913    11.4513          6          2  0.000e+00
  1000.9993     -0.044     -0.044     1.8432    11.4504          6          2  0.000e+00
  1000.9242     -0.045     -0.045     1.7455    11.4425          6          2  0.000e+00
  1000.9242     -0.044     -0.044     1.7434    11.4275          6          2  0.000e+00
  1000.8575     -0.046     -0.046     1.6549    11.4078          6          2  0.000e+00
  1000.7551     -0.044     -0.044     1.5204    11.3853          6          2  0.000e+00
  1000.5984     -0.044     -0.044     1.3159    11.3608          6          2  0.000e+00
  1000.4863     -0.042     -0.043     1.1686    11.3350          6          2  0.000e+00
  1000.4471     -0.040     -0.041     1.1146    11.3092          6          2  0.000e+00
  1000.3835     -0.041     -0.042     1.0297    11.2837          6          2  0.000e+00
  1000.2870     -0.040     -0.041     0.9028    11.2588          6          2  0.000e+00
  1000.2962     -0.040     -0.041     0.9110    11.2340          6          2  0.000e+00
  1000.2782     -0.039     -0.040     0.8850    11.2117          6          2  0.000e+00
  1000.2801     -0.041     -0.042     0.8849    11.1930          6          2  0.000e+00
  1000.2716     -0.044     -0.044     0.8720    11.1780          6          2  0.000e+00
  1000.2808     -0.040     -0.041     0.8822    11.1667          6          2  0.000e+00
  1000.2970     -0.040     -0.041     0.9021    11.1603          6          2  0.000e+00
  1000.2916     -0.042     -0.043     0.8954    11.1621          6          2  0.000e+00
  1000.3174     -0.041     -0.042     0.9294    11.1695          6          2  0.000e+00
  1000.3307     -0.041     -0.042     0.9480    11.1801          6          2  0.000e+00
  1000.3624     -0.044     -0.044     0.9906    11.1952          6          2  0.000e+00
  1000.4098     -0.044     -0.044     1.0533    11.2097          6          2  0.000e+00
  1000.3085     -0.041     -0.042     0.9249    11.2201          6          2  0.000e+00
  1000.2301     -0.045     -0.045     0.8252    11.2252          6          2  0.000e+00
