data/eDNA/PER-2022-473/473A003.cnv
* Sea-Bird SBE19plus  Data File:
* FileName = C:\Users\RSG_field\Ryan_Perley2022473\CTD\473A003.hex
* Software version 2.3.0 SB_Terminal.dll
* Temperature SN = 7141
* Conductivity SN = 7141
* System UpLoad Time = Aug 08 2022 13:28:01
* <ApplicationData>
* <SeatermAF>
** Platform: M. Perley
** Cruise: Per2022473
** Station:  ESI-02
** Cast: 01
** Latitude: N  44 48.1630
** Longitude: W -62 08.6192
** Sounding: 69.2
** Chief Scientist: Ryan Stanley
** Comment: cast 22
# nquan = 8
# nvalues = 3009                                  
# units = specified
# name 0 = density00: Density [density, kg/m^3]
# name 1 = depSM: Depth [salt water, m], lat = 45.00
# name 2 = prdM: Pressure, Strain Gauge [db]
# name 3 = sal00: Salinity, Practical [PSU]
# name 4 = tv290C: Temperature [ITS-90, deg C]
# name 5 = bpos: Bottle Position in Carousel
# name 6 = nbf: Bottles Fired
# name 7 = flag:  0.000e+00
# span 0 =   999.1782,  1025.3495                 
# span 1 =     -0.094,     51.263                 
# span 2 =     -0.094,     51.689                 
# span 3 =     0.0147,    31.6098                 
# span 4 =     3.7690,    14.5559                 
# span 5 =          0,          6                 
# span 6 =          0,          2                 
# span 7 = 0.0000e+00, 0.0000e+00                 
# interval = seconds: 0.25
# start_time = Aug 08 2022 11:46:04 [Instrument's time stamp, header]
# bad_flag = -9.990e-29
*END*
[from data line 2877]
   999.8266     -0.069     -0.069     0.1479     9.9038          6          2  0.000e+00
   999.8250     -0.068     -0.068     0.1457     9.9031          6          2  0.000e+00
   999.8235     -0.069     -0.069     0.1438     9.9027          6          2  0.000e+00
   999.8221     -0.070     -0.071     0.1420     9.9021          6          2  0.000e+00
   999.8209     -0.071     -0.072     0.1404     9.9014          6          2  0.000e+00
   999.8198     -0.069     -0.069     0.1390     9.9008          6          2  0.000e+00
   999.8191     -0.068     -0.068     0.1380     9.9000          6          2  0.000e+00
   999.8186     -0.068     -0.068     0.1372     9.8993          6          2  0.000e+00
   999.8182     -0.071     -0.072     0.1367     9.8986          6          2  0.000e+00
   999.8181     -0.069     -0.069     0.1365     9.8980          6          2  0.000e+00
   999.8183     -0.067     -0.067     0.1366     9.8971          6          2  0.000e+00
   999.8186     -0.068     -0.068     0.1369     9.8963          6          2  0.000e+00
   999.8189     -0.068     -0.068     0.1372     9.8958          6          2  0.000e+00
   999.8191     -0.068     -0.068     0.1374     9.8954          6          2  0.000e+00
   999.8190     -0.068     -0.068     0.1372     9.8946          6          2  0.000e+00
   999.8188     -0.068     -0.068     0.1369     9.8938          6          2  0.000e+00
   999.8183     -0.067     -0.067     0.1362     9.8935          6          2  0.000e+00
   999.8176     -0.068     -0.068     0.1352     9.8929          6          2  0.000e+00
   999.8167     -0.067     -0.067     0.1340     9.8923          6          2  0.000e+00
   999.8156     -0.068     -0.068     0.1325     9.8919          6          2  0.000e+00
   999.8142     -0.068     -0.068     0.1308     9.8918          6          2  0.000e+00
   999.8132     -0.069     -0.069     0.1294     9.8908          6          2  0.000e+00
   999.8122     -0.070     -0.070     0.1282     9.8903          6          2  0.000e+00
   999.8113     -0.070     -0.071     0.1270     9.8900          6          2  0.000e+00
   999.8107     -0.068     -0.068     0.1261     9.8893          6          2  0.000e+00
   999.8102     -0.068     -0.068     0.1253     9.8888          6          2  0.000e+00
   999.8095     -0.068     -0.068     0.1244     9.8883          6          2  0.000e+00
   999.8091     -0.072     -0.073     0.1239     9.8875          6          2  0.000e+00
   999.8087     -0.070     -0.070     0.1234     9.8873          6          2  0.000e+00
   999.8084     -0.069     -0.069     0.1228     9.8870          6          2  0.000e+00
   999.8081     -0.070     -0.070     0.1224     9.8862          6          2  0.000e+00
   999.8078     -0.068     -0.068     0.1220     9.8858          6          2  0.000e+00
   999.8075     -0.069     -0.069     0.1215     9.8853          6          2  0.000e+00
   999.8071     -0.070     -0.070     0.1210     9.8847          6          2  0.000e+00
   999.8066     -0.071     -0.072     0.1203     9.8844          6          2  0.000e+00
   999.8061     -0.070     -0.070     0.1196     9.8837          6          2  0.000e+00
   999.8056     -0.069     -0.069     0.1190     9.8836          6          2  0.000e+00
   999.8053     -0.068     -0.068     0.1185     9.8829          6          2  0.000e+00
   999.8051     -0.069     -0.069     0.1182     9.8824          6          2  0.000e+00
   999.8049     -0.068     -0.068     0.1179     9.8821          6          2  0.000e+00
   999.8048     -0.070     -0.070     0.1177     9.8815          6          2  0.000e+00
   999.8049     -0.070     -0.070     0.1178     9.8812          6          2  0.000e+00
   999.8050     -0.070     -0.070     0.1179     9.8807          6          2  0.000e+00
   999.8051     -0.067     -0.067     0.1179     9.8805          6          2  0.000e+00
   999.8050     -0.070     -0.070     0.1178     9.8801          6          2  0.000e+00
   999.8047     -0.071     -0.072     0.1174     9.8796          6          2  0.000e+00
   999.8042     -0.070     -0.070     0.1167     9.8792          6          2  0.000e+00
   999.8036     -0.070     -0.070     0.1159     9.8789          6          2  0.000e+00
   999.8030     -0.069     -0.069     0.1151     9.8786          6          2  0.000e+00
   999.8022     -0.070     -0.070     0.1141     9.8782          6          2  0.000e+00
   999.8016     -0.069     -0.069     0.1133     9.8778          6          2  0.000e+00
   999.8009     -0.071     -0.072     0.1124     9.8776          6          2  0.000e+00
   999.8005     -0.070     -0.070     0.1118     9.8771          6          2  0.000e+00
   999.8001     -0.069     -0.069     0.1113     9.8769          6          2  0.000e+00
   999.8000     -0.071     -0.072     0.1111     9.8766          6          2  0.000e+00
   999.8000     -0.070     -0.070     0.1111     9.8763          6          2  0.000e+00
   999.8001     -0.069     -0.069     0.1112     9.8761          6          2  0.000e+00
   999.8002     -0.070     -0.070     0.1113     9.8758          6          2  0.000e+00
   999.8004     -0.071     -0.071     0.1115     9.8752          6          2  0.000e+00
   999.8006     -0.069     -0.069     0.1117     9.8750          6          2  0.000e+00
   999.8006     -0.070     -0.070     0.1116     9.8748          6          2  0.000e+00
   999.8002     -0.071     -0.071     0.1111     9.8746          6          2  0.000e+00
   999.7997     -0.070     -0.070     0.1104     9.8742          6          2  0.000e+00
   999.7988     -0.070     -0.070     0.1093     9.8741          6          2  0.000e+00
   999.7968     -0.070     -0.070     0.1068     9.8737          6          2  0.000e+00
   999.7953     -0.071     -0.071     0.1048     9.8735          6          2  0.000e+00
   999.7945     -0.070     -0.070     0.1037     9.8734          6          2  0.000e+00
   999.7939     -0.071     -0.071     0.1030     9.8731          6          2  0.000e+00
   999.7936     -0.071     -0.071     0.1026     9.8728          6          2  0.000e+00
   999.7935     -0.070     -0.070     0.1025     9.8727          6          2  0.000e+00
   999.7936     -0.070     -0.070     0.1025     9.8724          6          2  0.000e+00
   999.7938     -0.070     -0.070     0.1027     9.8722          6          2  0.000e+00
   999.7940     -0.071     -0.071     0.1030     9.8720          6          2  0.000e+00
   999.7944     -0.069     -0.069     0.1035     9.8718          6          2  0.000e+00
   999.7947     -0.070     -0.070     0.1039     9.8718          6          2  0.000e+00
   999.7951     -0.069     -0.069     0.1044     9.8715          6          2  0.000e+00
   999.7953     -0.070     -0.070     0.1046     9.8714          6          2  0.000e+00
   999.7952     -0.068     -0.068     0.1045     9.8712          6          2  0.000e+00
   999.7950     -0.070     -0.070     0.1042     9.8711          6          2  0.000e+00
   999.7946     -0.071     -0.071     0.1037     9.8710          6          2  0.000e+00
   999.7942     -0.072     -0.073     0.1031     9.8708          6          2  0.000e+00
   999.7937     -0.071     -0.071     0.1025     9.8708          6          2  0.000e+00
   999.7933     -0.070     -0.070     0.1019     9.8707          6          2  0.000e+00
   999.7928     -0.069     -0.069     0.1013     9.8707          6          2  0.000e+00
   999.7923     -0.070     -0.070     0.1007     9.8705          6          2  0.000e+00
   999.7918     -0.070     -0.070     0.1000     9.8705          6          2  0.000e+00
   999.7912     -0.072     -0.073     0.0993     9.8703          6          2  0.000e+00
   999.7907     -0.071     -0.071     0.0986     9.8703          6          2  0.000e+00
   999.7902     -0.071     -0.071     0.0980     9.8701          6          2  0.000e+00
   999.7897     -0.069     -0.069     0.0973     9.8700          6          2  0.000e+00
   999.7893     -0.070     -0.070     0.0968     9.8699          6          2  0.000e+00
   999.7890     -0.072     -0.073     0.0964     9.8698          6          2  0.000e+00
   999.7887     -0.072     -0.073     0.0961     9.8697          6          2  0.000e+00
   999.7886     -0.072     -0.073     0.0959     9.8698          6          2  0.000e+00
   999.7886     -0.071     -0.071     0.0959     9.8698          6          2  0.000e+00
   999.7886     -0.070     -0.070     0.0959     9.8697          6          2  0.000e+00
   999.7886     -0.071     -0.071     0.0960     9.8697          6          2  0.000e+00
   999.7888     -0.070     -0.070     0.0961     9.8697          6          2  0.000e+00
   999.7888     -0.070     -0.070     0.0962     9.8695          6          2  0.000e+00
   999.7890     -0.071     -0.071     0.0964     9.8696          6          2  0.000e+00
   999.7891     -0.071     -0.071     0.0965     9.8696          6          2  0.000e+00
   999.7891     -0.070     -0.070     0.0965     9.8698          6          2  0.000e+00
   999.7890     -0.069     -0.069     0.0964     9.8698          6          2  0.000e+00
   999.7887     -0.070     -0.070     0.0960     9.8696          6          2  0.000e+00
   999.7881     -0.071     -0.071     0.0953     9.8698          6          2  0.000e+00
   999.7877     -0.071     -0.071     0.0947     9.8698          6          2  0.000e+00
   999.7871     -0.071     -0.071     0.0941     9.8699          6          2  0.000e+00
   999.7868     -0.071     -0.071     0.0936     9.8699          6          2  0.000e+00
   999.7864     -0.070     -0.070     0.0932     9.8701          6          2  0.000e+00
   999.7861     -0.071     -0.071     0.0928     9.8700          6          2  0.000e+00
   999.7859     -0.072     -0.073     0.0925     9.8701          6          2  0.000e+00
   999.7856     -0.071     -0.071     0.0922     9.8702          6          2  0.000e+00
   999.7855     -0.071     -0.071     0.0920     9.8703          6          2  0.000e+00
   999.7853     -0.071     -0.071     0.0918     9.8703          6          2  0.000e+00
   999.7852     -0.071     -0.071     0.0917     9.8705          6          2  0.000e+00
   999.7851     -0.071     -0.071     0.0916     9.8705          6          2  0.000e+00
   999.7851     -0.071     -0.071     0.0915     9.8706          6          2  0.000e+00
   999.7850     -0.071     -0.071     0.0915     9.8708          6          2  0.000e+00
   999.7848     -0.070     -0.070     0.0912     9.8708          6          2  0.000e+00
   999.7846     -0.070     -0.070     0.0909     9.8709          6          2  0.000e+00
   999.7842     -0.071     -0.071     0.0905     9.8710          6          2  0.000e+00
   999.7837     -0.069     -0.069     0.0898     9.8712          6          2  0.000e+00
   999.7830     -0.072     -0.072     0.0889     9.8714          6          2  0.000e+00
   999.7822     -0.071     -0.071     0.0880     9.8715          6          2  0.000e+00
   999.7815     -0.073     -0.074     0.0872     9.8716          6          2  0.000e+00
   999.7810     -0.071     -0.071     0.0865     9.8717          6          2  0.000e+00
   999.7807     -0.073     -0.074     0.0861     9.8720          6          2  0.000e+00
   999.7805     -0.071     -0.071     0.0859     9.8721          6          2  0.000e+00
   999.7803     -0.072     -0.072     0.0857     9.8722          6          2  0.000e+00
   999.7802     -0.073     -0.074     0.0855     9.8724          6          2  0.000e+00
   999.7801     -0.072     -0.072     0.0855     9.8726          6          2  0.000e+00
   999.7803     -0.072     -0.072     0.0857     9.8728          6          2  0.000e+00
