data/eDNA/PER-2022-473/473A004.cnv
* Sea-Bird SBE19plus  Data File:
* FileName = C:\Users\RSG_field\Ryan_Perley2022473\CTD\473A004.hex
* Software version 2.3.0 SB_Terminal.dll
* Temperature SN = 7141
* Conductivity SN = 7141
* System UpLoad Time = Aug 08 2022 12:53:55
* <ApplicationData>
* <SeatermAF>
** Platform: M. Perley
** Cruise: Per2022473
** Station:  ESI-03
** Cast: 01
** Latitude: N  44 48.1630
** Longitude: W -62 08.6192
** Sounding: 69.2
** Chief Scientist: Ryan Stanley
** Comment: cast 22
# nquan = 8
# nvalues = 2464                                  
# units = specified
# name 0 = density00: Density [density, kg/m^3]
# name 1 = depSM: Depth [salt water, m], lat = 45.00
# name 2 = prdM: Pressure, Strain Gauge [db]
# name 3 = sal00: Salinity, Practical [PSU]
# name 4 = tv290C: Temperature [ITS-90, deg C]
# name 5 = bpos: Bottle Position in Carousel
# name 6 = nbf: Bottles Fired
# name 7 = flag:  0.000e+00
# span 0 =   999.1700,  1026.1351                 
# span 1 =     -0.105,     67.035                 
# span 2 =     -0.106,     67.595                 
# span 3 =     0.0312,    32.5932                 
# span 4 =     3.3851,    15.3395                 
# span 5 =          0,          6                 
# span 6 =          0,          2                 
# span 7 = 0.0000e+00, 0.0000e+00                 
# interval = seconds: 0.25
# start_time = Aug 08 2022 12:39:49 [Instrument's time stamp, header]
# bad_flag = -9.990e-29
*END*
[from data line 899]
  1025.5430     56.033     56.499    31.8042     3.6435          0          0  0.000e+00
  1025.5439     56.086     56.553    31.8051     3.6445          0          0  0.000e+00
  1025.5453     56.116     56.583    31.8068     3.6457          0          0  0.000e+00
  1025.5458     56.122     56.589    31.8076     3.6472          0          0  0.000e+00
  1025.5452     56.117     56.584    31.8070     3.6487          0          0  0.000e+00
  1025.5444     56.111     56.578    31.8062     3.6500          0          0  0.000e+00
  1025.5448     56.110     56.577    31.8068     3.6507          0          0  0.000e+00
  1025.5452     56.125     56.592    31.8073     3.6516          0          0  0.000e+00
  1025.5457     56.163     56.631    31.8078     3.6523          0          0  0.000e+00
  1025.5476     56.233     56.701    31.8097     3.6525          0          0  0.000e+00
  1025.5501     56.338     56.807    31.8124     3.6528          0          0  0.000e+00
  1025.5567     56.473     56.943    31.8199     3.6533          0          0  0.000e+00
  1025.5625     56.643     57.114    31.8264     3.6557          0          0  0.000e+00
  1025.5657     56.832     57.305    31.8299     3.6599          0          0  0.000e+00
  1025.5690     57.036     57.511    31.8332     3.6642          0          0  0.000e+00
  1025.5777     57.245     57.721    31.8434     3.6681          0          0  0.000e+00
  1025.5872     57.456     57.934    31.8546     3.6713          0          0  0.000e+00
  1025.6250     57.658     58.138    31.9013     3.6744          0          0  0.000e+00
  1025.6381     57.857     58.338    31.9175     3.6832          0          0  0.000e+00
  1025.6597     58.036     58.519    31.9451     3.6956          0          0  0.000e+00
  1025.6604     58.197     58.681    31.9470     3.7115          0          0  0.000e+00
  1025.6600     58.330     58.816    31.9473     3.7260          0          0  0.000e+00
  1025.6629     58.444     58.931    31.9516     3.7372          0          0  0.000e+00
  1025.6593     58.535     59.023    31.9477     3.7467          0          0  0.000e+00
  1025.6587     58.607     59.095    31.9474     3.7534          0          0  0.000e+00
  1025.6610     58.663     59.152    31.9505     3.7581          0          0  0.000e+00
  1025.6635     58.711     59.200    31.9539     3.7627          0          0  0.000e+00
  1025.6630     58.751     59.241    31.9536     3.7675          0          0  0.000e+00
  1025.6615     58.786     59.276    31.9520     3.7714          0          0  0.000e+00
  1025.6629     58.827     59.317    31.9538     3.7742          0          0  0.000e+00
  1025.6641     58.874     59.365    31.9553     3.7768          0          0  0.000e+00
  1025.6693     58.934     59.425    31.9619     3.7790          0          0  0.000e+00
  1025.6755     59.004     59.495    31.9696     3.7822          0          0  0.000e+00
  1025.6767     59.087     59.580    31.9711     3.7862          0          0  0.000e+00
  1025.6824     59.185     59.678    31.9781     3.7894          0          0  0.000e+00
  1025.6897     59.296     59.790    31.9869     3.7925          0          0  0.000e+00
  1025.6916     59.421     59.916    31.9890     3.7964          0          0  0.000e+00
  1025.6952     59.556     60.052    31.9932     3.8003          0          0  0.000e+00
  1025.7005     59.713     60.210    31.9995     3.8042          0          0  0.000e+00
  1025.7110     59.878     60.377    32.0123     3.8090          0          0  0.000e+00
  1025.7145     60.059     60.559    32.0164     3.8154          0          0  0.000e+00
  1025.7368     60.245     60.747    32.0440     3.8215          0          0  0.000e+00
  1025.7510     60.435     60.938    32.0619     3.8307          0          0  0.000e+00
  1025.7709     60.627     61.132    32.0873     3.8429          0          0  0.000e+00
  1025.7712     60.814     61.321    32.0883     3.8572          0          0  0.000e+00
  1025.7711     60.997     61.505    32.0885     3.8683          0          0  0.000e+00
  1025.7712     61.163     61.673    32.0885     3.8767          0          0  0.000e+00
  1025.7653     61.312     61.823    32.0809     3.8825          0          0  0.000e+00
  1025.7634     61.440     61.952    32.0782     3.8855          0          0  0.000e+00
  1025.7643     61.544     62.057    32.0789     3.8868          0          0  0.000e+00
  1025.7640     61.624     62.138    32.0782     3.8877          0          0  0.000e+00
  1025.7645     61.682     62.196    32.0786     3.8884          0          0  0.000e+00
  1025.7660     61.725     62.240    32.0803     3.8892          0          0  0.000e+00
  1025.7658     61.756     62.271    32.0800     3.8904          0          0  0.000e+00
  1025.7660     61.783     62.298    32.0802     3.8914          0          0  0.000e+00
  1025.7669     61.811     62.326    32.0812     3.8922          0          0  0.000e+00
  1025.7703     61.849     62.365    32.0854     3.8932          0          0  0.000e+00
  1025.7750     61.900     62.416    32.0913     3.8952          0          0  0.000e+00
  1025.7778     61.970     62.487    32.0947     3.8981          0          0  0.000e+00
  1025.7827     62.049     62.566    32.1008     3.9012          0          0  0.000e+00
  1025.7922     62.143     62.661    32.1127     3.9052          0          0  0.000e+00
  1025.8027     62.247     62.766    32.1260     3.9111          0          0  0.000e+00
  1025.8106     62.361     62.881    32.1362     3.9191          0          0  0.000e+00
  1025.8050     62.489     63.010    32.1296     3.9280          0          0  0.000e+00
  1025.8153     62.623     63.145    32.1424     3.9342          0          0  0.000e+00
  1025.8248     62.772     63.295    32.1545     3.9418          0          0  0.000e+00
  1025.8328     62.924     63.449    32.1649     3.9511          0          0  0.000e+00
  1025.8379     63.092     63.618    32.1715     3.9608          0          0  0.000e+00
  1025.8338     63.266     63.793    32.1664     3.9707          0          0  0.000e+00
  1025.8332     63.432     63.961    32.1655     3.9775          0          0  0.000e+00
  1025.8362     63.593     64.124    32.1691     3.9827          0          0  0.000e+00
  1025.8666     63.744     64.275    32.2070     3.9880          0          0  0.000e+00
  1025.9078     63.878     64.411    32.2599     4.0022          0          0  0.000e+00
  1025.9039     63.948     64.482    32.2577     4.0276          0          0  0.000e+00
  1025.8704     64.002     64.536    32.2178     4.0479          0          0  0.000e+00
  1025.8742     64.014     64.548    32.2236     4.0571          0          0  0.000e+00
  1025.8701     64.033     64.567    32.2192     4.0633          0          0  0.000e+00
  1025.8682     64.022     64.556    32.2173     4.0675          0          0  0.000e+00
  1025.8657     63.997     64.531    32.2146     4.0698          0          0  0.000e+00
  1025.8738     63.953     64.486    32.2253     4.0715          0          0  0.000e+00
  1025.8704     63.892     64.425    32.2218     4.0746          0          0  0.000e+00
  1025.8663     63.815     64.347    32.2174     4.0770          0          0  0.000e+00
  1025.8610     63.728     64.259    32.2112     4.0774          0          0  0.000e+00
  1025.8557     63.636     64.166    32.2050     4.0760          0          0  0.000e+00
  1025.8589     63.548     64.078    32.2092     4.0732          0          0  0.000e+00
  1025.8572     63.467     63.996    32.2073     4.0715          0          0  0.000e+00
  1025.8546     63.402     63.931    32.2042     4.0698          0          0  0.000e+00
  1025.8506     63.350     63.879    32.1992     4.0677          0          0  0.000e+00
  1025.8396     63.319     63.847    32.1851     4.0641          0          0  0.000e+00
  1025.8334     63.311     63.839    32.1766     4.0580          0          0  0.000e+00
  1025.8135     63.322     63.850    32.1504     4.0501          0          0  0.000e+00
  1025.8080     63.356     63.884    32.1418     4.0380          0          0  0.000e+00
  1025.8054     63.412     63.941    32.1366     4.0246          0          0  0.000e+00
  1025.8120     63.485     64.015    32.1429     4.0119          0          0  0.000e+00
  1025.8195     63.575     64.105    32.1506     4.0030          0          0  0.000e+00
  1025.8339     63.670     64.201    32.1677     3.9982          0          0  0.000e+00
  1025.8689     63.774     64.305    32.2110     3.9985          0          0  0.000e+00
  1025.8897     63.876     64.409    32.2379     4.0090          0          0  0.000e+00
  1025.9040     63.973     64.506    32.2575     4.0260          0          0  0.000e+00
  1025.9058     64.068     64.603    32.2617     4.0456          0          0  0.000e+00
  1025.9126     64.149     64.684    32.2721     4.0643          0          0  0.000e+00
  1025.9089     64.221     64.757    32.2692     4.0818          0          0  0.000e+00
  1025.9075     64.270     64.806    32.2689     4.0957          0          0  0.000e+00
  1025.9144     64.291     64.827    32.2788     4.1066          0          0  0.000e+00
  1025.9116     64.280     64.817    32.2768     4.1176          0          0  0.000e+00
  1025.9116     64.232     64.767    32.2783     4.1267          0          0  0.000e+00
  1025.8991     64.149     64.684    32.2638     4.1336          0          0  0.000e+00
  1025.8900     64.036     64.571    32.2534     4.1366          0          0  0.000e+00
  1025.8832     63.900     64.433    32.2456     4.1360          0          0  0.000e+00
  1025.8700     63.747     64.279    32.2296     4.1331          0          0  0.000e+00
  1025.8588     63.599     64.129    32.2156     4.1267          0          0  0.000e+00
  1025.8570     63.461     63.990    32.2129     4.1177          0          0  0.000e+00
  1025.8324     63.345     63.874    32.1813     4.1076          0          0  0.000e+00
  1025.8326     63.261     63.789    32.1803     4.0928          0          0  0.000e+00
  1025.8178     63.214     63.741    32.1601     4.0783          0          0  0.000e+00
  1025.8295     63.201     63.728    32.1729     4.0632          0          0  0.000e+00
  1025.8049     63.229     63.756    32.1404     4.0519          0          0  0.000e+00
  1025.8057     63.293     63.821    32.1392     4.0371          0          0  0.000e+00
  1025.8128     63.384     63.913    32.1458     4.0223          0          0  0.000e+00
  1025.8171     63.495     64.024    32.1492     4.0117          0          0  0.000e+00
  1025.8236     63.616     64.146    32.1557     4.0043          0          0  0.000e+00
  1025.8349     63.744     64.276    32.1687     3.9999          0          0  0.000e+00
  1025.8601     63.867     64.400    32.1996     3.9997          0          0  0.000e+00
  1025.8754     63.987     64.520    32.2191     4.0070          0          0  0.000e+00
  1025.8980     64.091     64.625    32.2484     4.0196          0          0  0.000e+00
  1025.9077     64.180     64.715    32.2624     4.0371          0          0  0.000e+00
  1025.9114     64.248     64.783    32.2690     4.0565          0          0  0.000e+00
  1025.8958     64.289     64.825    32.2513     4.0737          0          0  0.000e+00
  1025.9102     64.303     64.839    32.2709     4.0852          0          0  0.000e+00
  1025.9043     64.283     64.819    32.2650     4.0974          0          0  0.000e+00
  1025.8982     64.240     64.776    32.2589     4.1076          0          0  0.000e+00
  1025.8907     64.169     64.704    32.2506     4.1137          0          0  0.000e+00
  1025.8841     64.077     64.611    32.2432     4.1166          0          0  0.000e+00
  1025.8744     63.967     64.500    32.2317     4.1168          0          0  0.000e+00
  1025.8675     63.851     64.384    32.2234     4.1142          0          0  0.000e+00
  1025.8637     63.730     64.262    32.2187     4.1095          0          0  0.000e+00
  1025.8540     63.620     64.151    32.2065     4.1041          0          0  0.000e+00
  1025.8441     63.526     64.055    32.1936     4.0963          0          0  0.000e+00
  1025.8293     63.458     63.987    32.1740     4.0859          0          0  0.000e+00
  1025.8320     63.421     63.950    32.1760     4.0727          0          0  0.000e+00
  1025.8341     63.417     63.946    32.1772     4.0610          0          0  0.000e+00
  1025.8033     63.455     63.984    32.1370     4.0512          0          0  0.000e+00
  1025.8081     63.540     64.070    32.1404     4.0346          0          0  0.000e+00
  1025.8202     63.653     64.184    32.1531     4.0197          0          0  0.000e+00
  1025.8404     63.791     64.323    32.1767     4.0112          0          0  0.000e+00
  1025.8640     63.926     64.460    32.2055     4.0106          0          0  0.000e+00
  1025.8852     64.056     64.590    32.2325     4.0190          0          0  0.000e+00
  1025.8909     64.166     64.701    32.2407     4.0328          0          0  0.000e+00
  1025.9080     64.250     64.786    32.2635     4.0471          0          0  0.000e+00
  1025.8970     64.296     64.833    32.2515     4.0637          0          0  0.000e+00
  1025.8969     64.302     64.838    32.2530     4.0764          0          0  0.000e+00
  1025.8908     64.267     64.803    32.2467     4.0860          0          0  0.000e+00
  1025.8860     64.195     64.730    32.2420     4.0928          0          0  0.000e+00
  1025.8779     64.096     64.631    32.2327     4.0966          0          0  0.000e+00
  1025.8714     63.989     64.523    32.2254     4.0976          0          0  0.000e+00
  1025.8655     63.879     64.411    32.2184     4.0964          0          0  0.000e+00
  1025.8606     63.782     64.314    32.2125     4.0934          0          0  0.000e+00
  1025.8470     63.709     64.240    32.1952     4.0890          0          0  0.000e+00
  1025.8427     63.670     64.201    32.1891     4.0809          0          0  0.000e+00
  1025.8474     63.662     64.193    32.1938     4.0717          0          0  0.000e+00
  1025.8227     63.690     64.221    32.1616     4.0646          0          0  0.000e+00
  1025.8089     63.751     64.283    32.1424     4.0518          0          0  0.000e+00
  1025.8196     63.836     64.369    32.1532     4.0347          0          0  0.000e+00
  1025.8559     63.937     64.470    32.1968     4.0236          0          0  0.000e+00
  1025.8859     64.040     64.574    32.2342     4.0250          0          0  0.000e+00
  1025.8975     64.144     64.679    32.2498     4.0376          0          0  0.000e+00
  1025.9006     64.226     64.762    32.2550     4.0527          0          0  0.000e+00
  1025.9037     64.295     64.832    32.2605     4.0681          0          0  0.000e+00
  1025.8975     64.335     64.871    32.2542     4.0815          0          0  0.000e+00
  1025.9067     64.347     64.884    32.2669     4.0913          0          0  0.000e+00
  1025.9014     64.323     64.859    32.2617     4.1015          0          0  0.000e+00
  1025.8967     64.272     64.808    32.2571     4.1094          0          0  0.000e+00
  1025.8896     64.191     64.727    32.2492     4.1144          0          0  0.000e+00
  1025.8831     64.089     64.623    32.2419     4.1166          0          0  0.000e+00
  1025.8778     63.976     64.510    32.2359     4.1165          0          0  0.000e+00
  1025.8711     63.860     64.392    32.2279     4.1147          0          0  0.000e+00
  1025.8619     63.755     64.286    32.2165     4.1110          0          0  0.000e+00
  1025.8548     63.666     64.197    32.2073     4.1046          0          0  0.000e+00
  1025.8481     63.605     64.136    32.1982     4.0967          0          0  0.000e+00
