data/eDNA/PER-2022-473/473A026.cnv
* Sea-Bird SBE19plus  Data File:
* FileName = C:\Users\RSG_field\Ryan_Perley2022473\CTD\473A026.hex
* Software version 2.3.0 SB_Terminal.dll
* Temperature SN = 7141
* Conductivity SN = 7141
* System UpLoad Time = Aug 16 2022 14:37:42
* <ApplicationData>
* <SeatermAF>
** Platform: M. Perley
** Cruise: Per2022473
** Station:  SAB_Trans_11
** Cast: 01 473A026
** Latitude: N  46 02.3968
** Longitude: W 59 07.3092
** Sounding: 93.5
** Chief Scientist: Ryan Stanley
** Comment: Bottles 493909-43914 - sounding based on plumb line cast 45
# nquan = 8
# nvalues = 3191                                  
# units = specified
# name 0 = density00: Density [density, kg/m^3]
# name 1 = depSM: Depth [salt water, m], lat = 45.00
# name 2 = prdM: Pressure, Strain Gauge [db]
# name 3 = sal00: Salinity, Practical [PSU]
# name 4 = tv290C: Temperature [ITS-90, deg C]
# name 5 = bpos: Bottle Position in Carousel
# name 6 = nbf: Bottles Fired
# name 7 = flag:  0.000e+00
# span 0 =   998.4357,  1026.2319                 
# span 1 =     -0.041,     81.121                 
# span 2 =     -0.042,     81.801                 
# span 3 =     0.1235,    32.3935                 
# span 4 =     2.0868,    20.4955                 
# span 5 =          0,          6                 
# span 6 =          0,          2                 
# span 7 = 0.0000e+00, 0.0000e+00                 
# interval = seconds: 0.25
# start_time = Aug 16 2022 14:21:00 [Instrument's time stamp, header]
# bad_flag = -9.990e-29
*END*
[from data line 2517]
  1025.4060     41.818     42.165    31.6654     3.1920          1          1  0.000e+00
  1025.3974     41.769     42.116    31.6558     3.1999          1          1  0.000e+00
  1025.3894     41.713     42.059    31.6466     3.2048          1          1  0.000e+00
  1025.3867     41.656     42.001    31.6433     3.2027          1          1  0.000e+00
  1025.3960     41.581     41.925    31.6549     3.1975          1          1  0.000e+00
  1025.3964     41.496     41.840    31.6558     3.1965          1          1  0.000e+00
  1025.4032     41.394     41.737    31.6652     3.1985          1          1  0.000e+00
  1025.3970     41.278     41.620    31.6594     3.2106          1          1  0.000e+00
  1025.3852     41.151     41.492    31.6469     3.2247          1          1  0.000e+00
  1025.3791     41.016     41.356    31.6410     3.2341          1          1  0.000e+00
  1025.3725     40.877     41.216    31.6343     3.2408          1          1  0.000e+00
  1025.3738     40.734     41.071    31.6373     3.2450          1          1  0.000e+00
  1025.3701     40.598     40.934    31.6343     3.2523          1          1  0.000e+00
  1025.3632     40.470     40.805    31.6275     3.2626          1          1  0.000e+00
  1025.3551     40.353     40.688    31.6191     3.2723          1          1  0.000e+00
  1025.3523     40.258     40.591    31.6170     3.2794          1          1  0.000e+00
  1025.3484     40.173     40.506    31.6133     3.2867          1          1  0.000e+00
  1025.3446     40.108     40.441    31.6097     3.2940          1          1  0.000e+00
  1025.3391     40.054     40.386    31.6043     3.3047          1          1  0.000e+00
  1025.3233     40.014     40.345    31.5870     3.3260          1          1  0.000e+00
  1025.3017     39.975     40.306    31.5632     3.3528          1          1  0.000e+00
  1025.2801     39.936     40.266    31.5390     3.3775          1          1  0.000e+00
  1025.2633     39.884     40.214    31.5201     3.3937          1          1  0.000e+00
  1025.2599     39.823     40.153    31.5165     3.3974          1          1  0.000e+00
  1025.2594     39.749     40.078    31.5163     3.3970          1          1  0.000e+00
  1025.2602     39.658     39.986    31.5177     3.3955          1          1  0.000e+00
  1025.2645     39.554     39.882    31.5233     3.3922          1          1  0.000e+00
  1025.2621     39.441     39.767    31.5214     3.3952          1          1  0.000e+00
  1025.2567     39.319     39.644    31.5159     3.4008          1          1  0.000e+00
  1025.2546     39.193     39.517    31.5145     3.4045          1          1  0.000e+00
  1025.2518     39.071     39.394    31.5122     3.4087          1          1  0.000e+00
  1025.2502     38.957     39.280    31.5113     3.4142          1          1  0.000e+00
  1025.2458     38.857     39.178    31.5074     3.4222          1          1  0.000e+00
  1025.2429     38.767     39.088    31.5054     3.4322          1          1  0.000e+00
  1025.2393     38.693     39.014    31.5025     3.4433          1          1  0.000e+00
  1025.2374     38.632     38.952    31.5022     3.4578          1          1  0.000e+00
  1025.2456     38.588     38.908    31.5154     3.4824          1          1  0.000e+00
  1025.2178     38.555     38.875    31.4853     3.5224          1          1  0.000e+00
  1025.1934     38.531     38.850    31.4587     3.5575          1          1  0.000e+00
  1025.1802     38.501     38.820    31.4451     3.5825          1          1  0.000e+00
  1025.1753     38.476     38.794    31.4417     3.6047          1          1  0.000e+00
  1025.1594     38.447     38.766    31.4249     3.6307          1          1  0.000e+00
  1025.1371     38.407     38.725    31.3997     3.6528          1          1  0.000e+00
  1025.1188     38.358     38.676    31.3780     3.6617          1          1  0.000e+00
  1025.1203     38.298     38.615    31.3796     3.6566          1          1  0.000e+00
  1025.1303     38.220     38.537    31.3918     3.6495          1          1  0.000e+00
  1025.1316     38.142     38.458    31.3938     3.6486          1          1  0.000e+00
  1025.1321     38.049     38.364    31.3951     3.6492          1          1  0.000e+00
  1025.1296     37.952     38.266    31.3928     3.6516          1          1  0.000e+00
  1025.1345     37.851     38.164    31.3996     3.6517          1          1  0.000e+00
  1025.1322     37.750     38.062    31.3976     3.6552          1          1  0.000e+00
  1025.1296     37.646     37.958    31.3956     3.6607          1          1  0.000e+00
  1025.1278     37.544     37.855    31.3947     3.6664          1          1  0.000e+00
  1025.1266     37.443     37.753    31.3946     3.6736          1          1  0.000e+00
  1025.1207     37.333     37.642    31.3888     3.6825          1          1  0.000e+00
  1025.1121     37.224     37.532    31.3796     3.6907          1          1  0.000e+00
  1025.1088     37.101     37.408    31.3767     3.6949          1          1  0.000e+00
  1025.1102     36.975     37.281    31.3795     3.6970          1          1  0.000e+00
  1025.1012     36.842     37.147    31.3697     3.7037          1          1  0.000e+00
  1025.0749     36.700     37.004    31.3387     3.7142          1          1  0.000e+00
  1025.0543     36.556     36.859    31.3141     3.7187          1          1  0.000e+00
  1025.0316     36.410     36.711    31.2861     3.7147          1          1  0.000e+00
  1025.0121     36.270     36.570    31.2606     3.7006          1          1  0.000e+00
  1025.0394     36.139     36.437    31.2936     3.6811          1          1  0.000e+00
  1025.0395     36.027     36.325    31.2933     3.6725          1          1  0.000e+00
  1025.0899     35.935     36.232    31.3571     3.6707          1          1  0.000e+00
  1025.0699     35.859     36.155    31.3337     3.6824          1          1  0.000e+00
  1024.8565     35.812     36.108    31.0654     3.6801          1          1  0.000e+00
  1024.8800     35.780     36.076    31.0860     3.5999          1          1  0.000e+00
  1024.7195     35.770     36.066    30.8737     3.5049          1          1  0.000e+00
  1024.7532     35.764     36.060    30.9003     3.3623          1          1  0.000e+00
  1024.8105     35.766     36.062    30.9575     3.2255          1          1  0.000e+00
  1024.8171     35.768     36.063    30.9549     3.1230          1          1  0.000e+00
  1024.8553     35.760     36.056    30.9933     3.0303          1          1  0.000e+00
  1024.9102     35.741     36.037    31.0548     2.9581          1          1  0.000e+00
  1024.9907     35.701     35.996    31.1520     2.9193          1          1  0.000e+00
  1025.0538     35.642     35.937    31.2315     2.9195          1          1  0.000e+00
  1025.0039     35.559     35.853    31.1724     2.9486          1          1  0.000e+00
  1024.9584     35.450     35.743    31.1175     2.9626          1          1  0.000e+00
  1024.9712     35.328     35.620    31.1336     2.9564          1          1  0.000e+00
  1024.9600     35.194     35.485    31.1200     2.9529          1          1  0.000e+00
  1024.9344     35.056     35.346    31.0879     2.9458          1          1  0.000e+00
  1024.9292     34.923     35.211    31.0806     2.9290          1          1  0.000e+00
  1024.9422     34.798     35.085    31.0955     2.9094          1          1  0.000e+00
  1024.9342     34.677     34.963    31.0848     2.8959          1          1  0.000e+00
  1024.9083     34.573     34.859    31.0514     2.8805          1          1  0.000e+00
  1024.9115     34.481     34.766    31.0536     2.8563          1          1  0.000e+00
  1024.8957     34.389     34.674    31.0316     2.8307          1          1  0.000e+00
  1024.9109     34.308     34.592    31.0483     2.8014          1          1  0.000e+00
  1024.9595     34.229     34.512    31.1086     2.7913          1          1  0.000e+00
  1024.9814     34.153     34.435    31.1396     2.8207          1          1  0.000e+00
  1024.9878     34.074     34.355    31.1535     2.8740          1          1  0.000e+00
  1024.9614     33.991     34.272    31.1275     2.9390          1          1  0.000e+00
  1024.9092     33.907     34.187    31.0681     2.9934          1          1  0.000e+00
  1024.8831     33.822     34.102    31.0384     3.0181          1          1  0.000e+00
  1024.8484     33.737     34.015    30.9960     3.0245          1          1  0.000e+00
  1024.8893     33.651     33.929    31.0469     3.0143          1          1  0.000e+00
  1024.8949     33.571     33.849    31.0547     3.0184          1          1  0.000e+00
  1024.8728     33.490     33.766    31.0282     3.0241          1          1  0.000e+00
  1024.8754     33.416     33.693    31.0323     3.0282          1          1  0.000e+00
  1024.8676     33.354     33.630    31.0241     3.0403          1          1  0.000e+00
  1024.9169     33.290     33.565    31.0869     3.0462          1          1  0.000e+00
  1025.1631     33.234     33.509    31.3997     3.0809          1          1  0.000e+00
  1025.3475     33.181     33.455    31.6502     3.2537          1          1  0.000e+00
  1025.0492     33.131     33.405    31.3072     3.5353          1          1  0.000e+00
  1025.1410     33.089     33.362    31.4449     3.7287          1          1  0.000e+00
  1024.9680     33.045     33.319    31.2516     3.9331          1          1  0.000e+00
  1024.8362     33.006     33.279    31.1044     4.0863          1          1  0.000e+00
  1024.8701     32.960     33.232    31.1599     4.1887          1          1  0.000e+00
  1024.8325     32.915     33.187    31.1261     4.2972          1          1  0.000e+00
  1024.7228     32.857     33.128    30.9995     4.3868          1          1  0.000e+00
  1024.6221     32.787     33.058    30.8745     4.3990          1          1  0.000e+00
  1024.8591     32.705     32.975    31.1706     4.3744          1          1  0.000e+00
  1024.6384     32.617     32.887    30.9039     4.4617          1          1  0.000e+00
  1024.6571     32.524     32.793    30.9299     4.4758          1          1  0.000e+00
  1024.7888     32.431     32.699    31.0968     4.4782          1          1  0.000e+00
  1024.9352     32.335     32.602    31.2937     4.5699          1          1  0.000e+00
  1024.8228     32.250     32.517    31.1766     4.7552          1          1  0.000e+00
  1024.8162     32.171     32.437    31.1916     4.9261          1          1  0.000e+00
  1024.7592     32.101     32.366    31.1407     5.0793          1          1  0.000e+00
  1024.7211     32.038     32.303    31.1150     5.2391          1          1  0.000e+00
  1024.6774     31.977     32.241    31.0850     5.4154          1          1  0.000e+00
  1024.6611     31.908     32.172    31.0876     5.5756          1          1  0.000e+00
  1024.5026     31.838     32.101    30.9093     5.7257          1          1  0.000e+00
  1024.5438     31.750     32.012    30.9755     5.8183          1          1  0.000e+00
  1024.4672     31.651     31.913    30.8968     5.9378          1          1  0.000e+00
  1024.2114     31.538     31.799    30.5866     6.0264          1          1  0.000e+00
  1024.3042     31.411     31.670    30.6960     5.9670          1          1  0.000e+00
  1024.4455     31.275     31.534    30.8693     5.9229          1          1  0.000e+00
  1024.4365     31.136     31.393    30.8668     5.9771          1          1  0.000e+00
  1024.4762     30.992     31.248    30.9296     6.0534          1          1  0.000e+00
  1024.3281     30.854     31.109    30.7591     6.1624          1          1  0.000e+00
  1024.3990     30.731     30.985    30.8578     6.2150          1          1  0.000e+00
  1024.3190     30.618     30.871    30.7687     6.2915          1          1  0.000e+00
  1024.1980     30.526     30.778    30.6242     6.3459          1          1  0.000e+00
  1024.2267     30.447     30.699    30.6564     6.3155          1          1  0.000e+00
  1024.4042     30.392     30.643    30.8755     6.2736          1          1  0.000e+00
  1024.7472     30.349     30.599    31.3229     6.3511          1          1  0.000e+00
  1024.6027     30.323     30.574    31.1890     6.6617          1          1  0.000e+00
  1024.3427     30.304     30.554    30.9115     6.9852          1          1  0.000e+00
  1024.6619     30.288     30.538    31.3489     7.1725          1          1  0.000e+00
  1024.8190     30.266     30.516    31.6161     7.5619          1          1  0.000e+00
  1024.3710     30.246     30.496    31.1475     8.1313          1          1  0.000e+00
  1024.1045     30.208     30.457    30.8828     8.5371          1          1  0.000e+00
  1023.8444     30.167     30.417    30.5978     8.7865          1          1  0.000e+00
  1023.5419     30.102     30.350    30.2282     8.8741          1          1  0.000e+00
  1023.4774     30.029     30.276    30.1255     8.7661          1          1  0.000e+00
  1023.7164     29.939     30.187    30.3956     8.5749          1          1  0.000e+00
  1023.8610     29.849     30.096    30.5655     8.4923          1          1  0.000e+00
  1023.8177     29.749     29.994    30.5132     8.5054          1          1  0.000e+00
  1023.8006     29.645     29.890    30.4928     8.5103          1          1  0.000e+00
  1023.8677     29.543     29.787    30.5785     8.5069          1          1  0.000e+00
  1023.8858     29.440     29.683    30.6069     8.5319          1          1  0.000e+00
  1023.9061     29.338     29.581    30.6427     8.5810          1          1  0.000e+00
  1023.8569     29.240     29.481    30.5933     8.6494          1          1  0.000e+00
  1023.8586     29.141     29.382    30.6059     8.7017          1          1  0.000e+00
  1023.8496     29.051     29.291    30.6057     8.7578          1          1  0.000e+00
  1023.8077     28.962     29.201    30.5638     8.8164          1          1  0.000e+00
  1023.7996     28.884     29.122    30.5627     8.8626          1          1  0.000e+00
  1023.8311     28.804     29.042    30.6122     8.9084          1          1  0.000e+00
  1023.8322     28.733     28.970    30.6272     8.9762          1          1  0.000e+00
  1023.8661     28.660     28.897    30.6873     9.0604          1          1  0.000e+00
  1023.8231     28.592     28.828    30.6535     9.1667          1          1  0.000e+00
  1023.7371     28.517     28.752    30.5633     9.2657          1          1  0.000e+00
  1023.6966     28.441     28.675    30.5232     9.3222          1          1  0.000e+00
  1023.6361     28.362     28.596    30.4519     9.3511          1          1  0.000e+00
  1023.5919     28.285     28.518    30.3938     9.3413          1          1  0.000e+00
  1023.6122     28.209     28.441    30.4121     9.2997          1          1  0.000e+00
  1023.6200     28.136     28.369    30.4139     9.2567          1          1  0.000e+00
  1023.6855     28.074     28.306    30.4905     9.2181          1          1  0.000e+00
  1023.7195     28.020     28.251    30.5334     9.2128          1          1  0.000e+00
  1023.7692     27.974     28.205    30.6019     9.2360          1          1  0.000e+00
  1023.8979     27.931     28.161    30.7832     9.3187          1          1  0.000e+00
  1023.8969     27.892     28.122    30.8144     9.4793          1          1  0.000e+00
  1023.7319     27.844     28.074    30.6385     9.6538          1          1  0.000e+00
  1023.5620     27.797     28.027    30.4407     9.7505          1          1  0.000e+00
  1023.6096     27.735     27.964    30.5016     9.7477          1          1  0.000e+00
  1023.5955     27.670     27.898    30.4834     9.7458          1          1  0.000e+00
  1023.6542     27.599     27.827    30.5611     9.7553          1          1  0.000e+00
