data/eDNA/PER-2022-473/473A022.cnv
* Sea-Bird SBE19plus  Data File:
* FileName = C:\Users\RSG_field\Ryan_Perley2022473\CTD\473A022.hex
* Software version 2.3.0 SB_Terminal.dll
* Temperature SN = 7141
* Conductivity SN = 7141
* System UpLoad Time = Aug 14 2022 15:44:16
* <ApplicationData>
* <SeatermAF>
** Platform: M. Perley
** Cruise: Per2022473
** Station:  SAB_Trans_05
** Cast: 01
** Latitude: N  46 08.1727
** Longitude: W 59 06.8801
** Sounding: 93.4
** Chief Scientist: Ryan Stanley
** Comment: CastID 473A022 SampleID 493884-493889
** Cast 40
# nquan = 8
# nvalues = 3463                                  
# units = specified
# name 0 = density00: Density [density, kg/m^3]
# name 1 = depSM: Depth [salt water, m], lat = 45.00
# name 2 = prdM: Pressure, Strain Gauge [db]
# name 3 = sal00: Salinity, Practical [PSU]
# name 4 = tv290C: Temperature [ITS-90, deg C]
# name 5 = bpos: Bottle Position in Carousel
# name 6 = nbf: Bottles Fired
# name 7 = flag:  0.000e+00
# span 0 =   998.2894,  1026.6900                 
# span 1 =     -0.124,     88.631                 
# span 2 =     -0.125,     89.376                 
# span 3 =     0.0525,    33.0367                 
# span 4 =     1.7382,    20.6697                 
# span 5 =          0,          6                 
# span 6 =          0,          2                 
# span 7 = 0.0000e+00, 0.0000e+00                 
# interval = seconds: 0.25
# start_time = Aug 14 2022 15:24:56 [Instrument's time stamp, header]
# bad_flag = -9.990e-29
*END*
[from data line 3236]
  1019.7832      4.059      4.093    28.5584    20.3566          1          1  0.000e+00
  1019.7774      4.038      4.071    28.5561    20.3719          1          1  0.000e+00
  1019.7696      4.050      4.083    28.5511    20.3875          1          1  0.000e+00
  1019.7655      4.088      4.122    28.5503    20.4019          1          1  0.000e+00
  1019.7557      4.142      4.176    28.5419    20.4162          1          1  0.000e+00
  1019.7540      4.200      4.235    28.5428    20.4262          1          1  0.000e+00
  1019.7516      4.256      4.290    28.5425    20.4357          1          1  0.000e+00
  1019.7433      4.284      4.319    28.5350    20.4464          1          1  0.000e+00
  1019.7322      4.286      4.321    28.5223    20.4522          1          1  0.000e+00
  1019.7241      4.249      4.284    28.5108    20.4490          1          1  0.000e+00
  1019.7275      4.168      4.202    28.5121    20.4383          1          1  0.000e+00
  1019.7373      4.038      4.071    28.5220    20.4272          1          1  0.000e+00
  1019.7409      3.876      3.908    28.5258    20.4212          1          1  0.000e+00
  1019.7442      3.678      3.708    28.5304    20.4187          1          1  0.000e+00
  1019.7427      3.461      3.489    28.5297    20.4190          1          1  0.000e+00
  1019.7492      3.237      3.263    28.5399    20.4199          1          1  0.000e+00
  1019.7484      3.018      3.042    28.5420    20.4253          1          1  0.000e+00
  1019.7422      2.814      2.837    28.5375    20.4329          1          1  0.000e+00
  1019.7447      2.637      2.659    28.5438    20.4384          6          2  0.000e+00
  1019.7469      2.485      2.506    28.5502    20.4464          6          2  0.000e+00
  1019.7478      2.359      2.379    28.5567    20.4599          6          2  0.000e+00
  1019.7396      2.264      2.282    28.5521    20.4763          6          2  0.000e+00
  1019.7413      2.207      2.225    28.5604    20.4933          6          2  0.000e+00
  1019.7319      2.177      2.195    28.5556    20.5150          6          2  0.000e+00
  1019.7184      2.176      2.194    28.5448    20.5355          6          2  0.000e+00
  1019.7143      2.191      2.209    28.5439    20.5491          6          2  0.000e+00
  1019.7109      2.218      2.236    28.5435    20.5614          6          2  0.000e+00
  1019.7047      2.251      2.270    28.5392    20.5734          6          2  0.000e+00
  1019.7023      2.293      2.311    28.5392    20.5836          6          2  0.000e+00
  1019.6989      2.328      2.347    28.5376    20.5926          6          2  0.000e+00
  1019.6933      2.351      2.370    28.5330    20.6009          6          2  0.000e+00
  1019.6857      2.357      2.377    28.5247    20.6061          6          2  0.000e+00
  1019.6756      2.338      2.357    28.5113    20.6054          6          2  0.000e+00
  1019.6777      2.298      2.317    28.5115    20.5970          6          2  0.000e+00
  1019.6853      2.229      2.247    28.5183    20.5866          6          2  0.000e+00
  1019.6930      2.140      2.157    28.5268    20.5802          6          2  0.000e+00
  1019.6899      2.034      2.051    28.5231    20.5795          6          2  0.000e+00
  1019.6864      1.914      1.930    28.5184    20.5771          6          2  0.000e+00
  1019.6893      1.789      1.804    28.5208    20.5709          6          2  0.000e+00
  1019.6953      1.658      1.671    28.5278    20.5662          6          2  0.000e+00
  1019.6908      1.518      1.530    28.5224    20.5652          6          2  0.000e+00
  1019.6959      1.364      1.375    28.5289    20.5619          6          2  0.000e+00
  1019.6994      1.191      1.201    28.5342    20.5613          6          2  0.000e+00
  1019.7006      1.002      1.010    28.5384    20.5653          6          2  0.000e+00
  1019.6939      0.799      0.806    28.5329    20.5717          6          2  0.000e+00
  1019.6907      0.599      0.604    28.5312    20.5755          6          2  0.000e+00
  1019.6884      0.425      0.428    28.5298    20.5775          6          2  0.000e+00
  1019.6996      0.286      0.288    28.5460    20.5793          6          2  0.000e+00
  1019.6972      0.196      0.198    28.5465    20.5888          6          2  0.000e+00
  1019.6935      0.151      0.153    28.5462    20.6012          6          2  0.000e+00
  1019.6875      0.121      0.122    28.5430    20.6147          6          2  0.000e+00
  1019.6795      0.083      0.083    28.5370    20.6271          6          2  0.000e+00
  1019.6716      0.083      0.083    28.5298    20.6364          6          2  0.000e+00
  1019.6677      0.146      0.147    28.5265    20.6431          6          2  0.000e+00
  1019.6698      0.241      0.242    28.5304    20.6479          6          2  0.000e+00
  1019.6726      0.345      0.348    28.5356    20.6541          6          2  0.000e+00
  1019.6662      0.449      0.453    28.5293    20.6620          6          2  0.000e+00
  1019.6643      0.528      0.532    28.5278    20.6663          6          2  0.000e+00
  1019.6621      0.570      0.575    28.5254    20.6686          6          2  0.000e+00
  1019.6605      0.564      0.568    28.5238    20.6697          6          2  0.000e+00
  1019.6589      0.510      0.514    28.5219    20.6697          6          2  0.000e+00
  1019.6560      0.403      0.406    28.5181    20.6680          6          2  0.000e+00
  1019.6476      0.249      0.251    28.5064    20.6633          6          2  0.000e+00
  1019.6481      0.072      0.073    28.5039    20.6512          6          2  0.000e+00
  1019.6415     -0.068     -0.068    28.4922    20.6399          6          2  0.000e+00
  1019.6503     -0.083     -0.083    28.5014    20.6328          6          2  0.000e+00
  1019.6700     -0.082     -0.082    28.5213    20.6147          6          2  0.000e+00
  1019.6802     -0.085     -0.086    28.5279    20.5952          6          2  0.000e+00
  1019.6460     -0.085     -0.086    28.4804    20.5877          6          2  0.000e+00
  1019.6516     -0.084     -0.084    28.4821    20.5711          6          2  0.000e+00
  1019.6764     -0.082     -0.082    28.5022    20.5340          6          2  0.000e+00
  1019.6888     -0.084     -0.084    28.5089    20.5057          6          2  0.000e+00
  1019.7001     -0.084     -0.084    28.5174    20.4871          6          2  0.000e+00
  1019.7044     -0.084     -0.084    28.5181    20.4722          6          2  0.000e+00
  1019.7033     -0.083     -0.083    28.5113    20.4565          6          2  0.000e+00
  1019.7074     -0.084     -0.084    28.5111    20.4401          6          2  0.000e+00
  1019.2092     -0.086     -0.087    27.8491    20.4220          6          2  0.000e+00
  1003.2092     -0.086     -0.087     6.7057    20.4037          6          2  0.000e+00
  1001.3745     -0.084     -0.084     4.2765    20.3850          6          2  0.000e+00
  1001.1339     -0.084     -0.084     3.9551    20.3723          6          2  0.000e+00
  1002.3587     -0.084     -0.084     5.5704    20.3653          6          2  0.000e+00
  1003.6489     -0.084     -0.084     7.2741    20.3602          6          2  0.000e+00
  1001.6039     -0.085     -0.086     4.5708    20.3555          6          2  0.000e+00
  1001.6902     -0.084     -0.084     4.6833    20.3507          6          2  0.000e+00
  1000.5378     -0.085     -0.086     3.1609    20.3444          6          2  0.000e+00
   999.9622     -0.085     -0.086     2.3995    20.3346          6          2  0.000e+00
  1000.4299     -0.085     -0.085     3.0125    20.3230          6          2  0.000e+00
  1000.3573     -0.084     -0.084     2.9137    20.3118          6          2  0.000e+00
  1000.1294     -0.085     -0.085     2.6101    20.3004          6          2  0.000e+00
   999.9562     -0.084     -0.084     2.3788    20.2891          6          2  0.000e+00
   999.7509     -0.084     -0.084     2.1052    20.2774          6          2  0.000e+00
   999.5353     -0.086     -0.087     1.8181    20.2657          6          2  0.000e+00
   999.5069     -0.085     -0.085     1.7776    20.2542          6          2  0.000e+00
   999.6216     -0.087     -0.088     1.9251    20.2423          6          2  0.000e+00
   999.6771     -0.087     -0.088     1.9945    20.2291          6          2  0.000e+00
   999.5326     -0.088     -0.089     1.7991    20.2099          6          2  0.000e+00
   999.3371     -0.086     -0.087     1.5358    20.1876          6          2  0.000e+00
   999.2054     -0.085     -0.085     1.3563    20.1648          6          2  0.000e+00
   999.1203     -0.086     -0.087     1.2384    20.1430          6          2  0.000e+00
   999.0066     -0.086     -0.087     1.0834    20.1221          6          2  0.000e+00
   998.9481     -0.087     -0.088     1.0014    20.1032          6          2  0.000e+00
   998.8768     -0.085     -0.085     0.9027    20.0846          6          2  0.000e+00
   998.8504     -0.085     -0.085     0.8628    20.0653          6          2  0.000e+00
   998.9049     -0.085     -0.085     0.9289    20.0457          6          2  0.000e+00
   998.9201     -0.086     -0.087     0.9435    20.0264          6          2  0.000e+00
   998.9333     -0.086     -0.087     0.9557    20.0071          6          2  0.000e+00
   998.9901     -0.086     -0.087     1.0250    19.9882          6          2  0.000e+00
   998.9524     -0.085     -0.085     0.9706    19.9703          6          2  0.000e+00
   998.9324     -0.086     -0.087     0.9395    19.9523          6          2  0.000e+00
   998.9005     -0.084     -0.084     0.8929    19.9349          6          2  0.000e+00
   998.8364     -0.084     -0.084     0.8040    19.9172          6          2  0.000e+00
   998.7854     -0.086     -0.086     0.7329    19.9015          6          2  0.000e+00
   998.7489     -0.086     -0.086     0.6812    19.8874          6          2  0.000e+00
   998.7082     -0.086     -0.086     0.6239    19.8725          6          2  0.000e+00
   998.6552     -0.085     -0.085     0.5499    19.8558          6          2  0.000e+00
   998.6136     -0.087     -0.088     0.4910    19.8392          6          2  0.000e+00
   998.6420     -0.085     -0.085     0.5241    19.8240          6          2  0.000e+00
   998.6189     -0.084     -0.084     0.4900    19.8096          6          2  0.000e+00
   998.5986     -0.085     -0.085     0.4594    19.7947          6          2  0.000e+00
   998.6430     -0.084     -0.084     0.5132    19.7783          6          2  0.000e+00
   998.7446     -0.084     -0.084     0.6418    19.7623          6          2  0.000e+00
   998.9701     -0.086     -0.086     0.9338    19.7486          6          2  0.000e+00
   999.1633     -0.084     -0.084     1.1840    19.7369          6          2  0.000e+00
   999.2194     -0.085     -0.085     1.2547    19.7259          6          2  0.000e+00
   999.1721     -0.083     -0.083     1.1895    19.7145          6          2  0.000e+00
   999.1555     -0.084     -0.084     1.1646    19.7029          6          2  0.000e+00
   999.6436     -0.086     -0.086     1.8025    19.6915          6          2  0.000e+00
   999.6990     -0.085     -0.085     1.8721    19.6798          6          2  0.000e+00
   999.7310     -0.084     -0.084     1.9109    19.6678          6          2  0.000e+00
   999.7276     -0.084     -0.084     1.9031    19.6557          6          2  0.000e+00
   999.7215     -0.086     -0.086     1.8917    19.6434          6          2  0.000e+00
   999.6106     -0.085     -0.085     1.7428    19.6313          6          2  0.000e+00
   999.4888     -0.087     -0.087     1.5796    19.6194          6          2  0.000e+00
   999.3867     -0.087     -0.087     1.4424    19.6074          6          2  0.000e+00
   999.2594     -0.086     -0.086     1.2721    19.5958          6          2  0.000e+00
   999.1571     -0.085     -0.085     1.1348    19.5841          6          2  0.000e+00
   999.0502     -0.084     -0.084     0.9916    19.5728          6          2  0.000e+00
   998.9819     -0.083     -0.083     0.8990    19.5612          6          2  0.000e+00
   998.9517     -0.083     -0.083     0.8565    19.5504          6          2  0.000e+00
   998.9217     -0.081     -0.082     0.8143    19.5396          6          2  0.000e+00
   998.9100     -0.084     -0.084     0.7961    19.5285          6          2  0.000e+00
   998.8810     -0.084     -0.084     0.7552    19.5177          6          2  0.000e+00
   998.8887     -0.083     -0.083     0.7624    19.5069          6          2  0.000e+00
   998.8650     -0.082     -0.083     0.7285    19.4961          6          2  0.000e+00
   998.8554     -0.080     -0.081     0.7132    19.4855          6          2  0.000e+00
   998.8624     -0.082     -0.083     0.7195    19.4750          6          2  0.000e+00
   998.8714     -0.084     -0.084     0.7285    19.4644          6          2  0.000e+00
   998.8799     -0.085     -0.085     0.7368    19.4539          6          2  0.000e+00
   998.8736     -0.082     -0.083     0.7259    19.4436          6          2  0.000e+00
   998.8714     -0.082     -0.083     0.7204    19.4334          6          2  0.000e+00
   998.8560     -0.081     -0.082     0.6975    19.4234          6          2  0.000e+00
   998.8542     -0.082     -0.083     0.6925    19.4135          6          2  0.000e+00
   998.8469     -0.082     -0.083     0.6804    19.4037          6          2  0.000e+00
   998.8321     -0.082     -0.083     0.6585    19.3941          6          2  0.000e+00
   998.8257     -0.081     -0.082     0.6475    19.3842          6          2  0.000e+00
   998.8121     -0.081     -0.082     0.6271    19.3745          6          2  0.000e+00
   998.7815     -0.081     -0.082     0.5847    19.3650          6          2  0.000e+00
   998.7479     -0.080     -0.081     0.5382    19.3554          6          2  0.000e+00
   998.7382     -0.082     -0.083     0.5231    19.3461          6          2  0.000e+00
   998.7243     -0.081     -0.082     0.5024    19.3369          6          2  0.000e+00
   998.7236     -0.082     -0.083     0.4990    19.3275          6          2  0.000e+00
   998.7038     -0.079     -0.080     0.4708    19.3184          6          2  0.000e+00
   998.6850     -0.081     -0.082     0.4439    19.3095          6          2  0.000e+00
   998.6678     -0.081     -0.082     0.4190    19.3006          6          2  0.000e+00
   998.6526     -0.082     -0.083     0.3969    19.2917          6          2  0.000e+00
   998.6333     -0.084     -0.084     0.3694    19.2831          6          2  0.000e+00
   998.6128     -0.079     -0.080     0.3403    19.2744          6          2  0.000e+00
   998.5881     -0.081     -0.082     0.3059    19.2661          6          2  0.000e+00
   998.5661     -0.079     -0.080     0.2749    19.2574          6          2  0.000e+00
   998.5385     -0.079     -0.080     0.2367    19.2493          6          2  0.000e+00
   998.5363     -0.078     -0.079     0.2316    19.2409          6          2  0.000e+00
   998.5473     -0.079     -0.080     0.2439    19.2327          6          2  0.000e+00
   998.5552     -0.078     -0.079     0.2521    19.2245          6          2  0.000e+00
   998.5811     -0.080     -0.081     0.2839    19.2167          6          2  0.000e+00
   998.6446     -0.080     -0.081     0.3647    19.2085          6          2  0.000e+00
   998.6844     -0.079     -0.080     0.4147    19.2005          6          2  0.000e+00
   998.6851     -0.079     -0.080     0.4135    19.1926          6          2  0.000e+00
   998.6695     -0.082     -0.083     0.3912    19.1848          6          2  0.000e+00
   998.6211     -0.081     -0.082     0.3260    19.1772          6          2  0.000e+00
