data/eDNA/PER-2022-473/473A015.cnv
* Sea-Bird SBE19plus  Data File:
* FileName = C:\Users\RSG_field\Ryan_Perley2022473\CTD\473A015.hex
* Software version 2.3.0 SB_Terminal.dll
* Temperature SN = 7141
* Conductivity SN = 7141
* System UpLoad Time = Aug 10 2022 18:02:24
* <ApplicationData>
* <SeatermAF>
** Platform: M. Perley
** Cruise: Per2022473
** Station:  ESI_11
** Cast: 01
** Latitude: N  44 38.2809
** Longitude: W 62 38.3299
** Sounding: 78.9
** Chief Scientist: Ryan Stanley
** Comment: CastID 473A015 SampleIDs 493841-493846 Cast 33
# nquan = 8
# nvalues = 3171                                  
# units = specified
# name 0 = density00: Density [density, kg/m^3]
# name 1 = depSM: Depth [salt water, m], lat = 45.00
# name 2 = prdM: Pressure, Strain Gauge [db]
# name 3 = sal00: Salinity, Practical [PSU]
# name 4 = tv290C: Temperature [ITS-90, deg C]
# name 5 = bpos: Bottle Position in Carousel
# name 6 = nbf: Bottles Fired
# name 7 = flag:  0.000e+00
# span 0 =   998.8405,  1025.8131                 
# span 1 =     -0.080,     72.173                 
# span 2 =     -0.080,     72.777                 
# span 3 =     0.0404,    32.2687                 
# span 4 =     3.5574,    16.8798                 
# span 5 =          0,          6                 
# span 6 =          0,          2                 
# span 7 = 0.0000e+00, 0.0000e+00                 
# interval = seconds: 0.25
# start_time = Aug 10 2022 17:45:06 [Instrument's time stamp, header]
# bad_flag = -9.990e-29
*END*
[from data line 1079]
  1025.6105     56.115     56.582    31.8826     3.5927          0          0  0.000e+00
  1025.6088     56.415     56.885    31.8802     3.6055          0          0  0.000e+00
  1025.6038     56.690     57.161    31.8735     3.6164          0          0  0.000e+00
  1025.5999     56.860     57.334    31.8685     3.6236          0          0  0.000e+00
  1025.5961     56.849     57.322    31.8642     3.6277          0          0  0.000e+00
  1025.5926     56.694     57.166    31.8609     3.6298          0          0  0.000e+00
  1025.5885     56.504     56.974    31.8570     3.6310          0          0  0.000e+00
  1025.5821     56.303     56.771    31.8502     3.6309          0          0  0.000e+00
  1025.5780     56.111     56.578    31.8459     3.6287          0          0  0.000e+00
  1025.5763     55.936     56.401    31.8444     3.6252          0          0  0.000e+00
  1025.5776     55.794     56.258    31.8464     3.6215          0          0  0.000e+00
  1025.5768     55.698     56.162    31.8457     3.6186          0          0  0.000e+00
  1025.5759     55.655     56.118    31.8445     3.6159          0          0  0.000e+00
  1025.5702     55.666     56.129    31.8370     3.6130          0          0  0.000e+00
  1025.5652     55.723     56.186    31.8298     3.6083          0          0  0.000e+00
  1025.5688     55.821     56.286    31.8329     3.6018          0          0  0.000e+00
  1025.5799     55.963     56.429    31.8454     3.5967          0          0  0.000e+00
  1025.6090     56.139     56.607    31.8811     3.5971          0          0  0.000e+00
  1025.6067     56.342     56.811    31.8782     3.6069          0          0  0.000e+00
  1025.6004     56.566     57.036    31.8700     3.6167          0          0  0.000e+00
  1025.5982     56.807     57.280    31.8664     3.6221          0          0  0.000e+00
  1025.5993     57.051     57.526    31.8667     3.6251          0          0  0.000e+00
  1025.6055     57.301     57.778    31.8733     3.6275          0          0  0.000e+00
  1025.6147     57.544     58.023    31.8839     3.6309          0          0  0.000e+00
  1025.6165     57.781     58.262    31.8853     3.6365          0          0  0.000e+00
  1025.6264     58.000     58.483    31.8970     3.6411          0          0  0.000e+00
  1025.6533     58.164     58.649    31.9308     3.6494          0          0  0.000e+00
  1025.6452     58.271     58.757    31.9219     3.6656          0          0  0.000e+00
  1025.6334     58.324     58.810    31.9083     3.6785          0          0  0.000e+00
  1025.6266     58.332     58.818    31.9006     3.6855          0          0  0.000e+00
  1025.6169     58.301     58.787    31.8889     3.6887          0          0  0.000e+00
  1025.6110     58.247     58.732    31.8818     3.6882          0          0  0.000e+00
  1025.6036     58.167     58.651    31.8725     3.6846          0          0  0.000e+00
  1025.6036     58.073     58.557    31.8724     3.6790          0          0  0.000e+00
  1025.6028     57.981     58.464    31.8714     3.6740          0          0  0.000e+00
  1025.6000     57.898     58.380    31.8678     3.6697          0          0  0.000e+00
  1025.6010     57.838     58.319    31.8689     3.6654          0          0  0.000e+00
  1025.6035     57.803     58.284    31.8719     3.6621          0          0  0.000e+00
  1025.6057     57.797     58.278    31.8744     3.6601          0          0  0.000e+00
  1025.6159     57.827     58.309    31.8870     3.6590          0          0  0.000e+00
  1025.6173     57.895     58.377    31.8884     3.6602          0          0  0.000e+00
  1025.6258     57.992     58.474    31.8988     3.6625          0          0  0.000e+00
  1025.6336     58.116     58.600    31.9085     3.6672          0          0  0.000e+00
  1025.6370     58.268     58.754    31.9127     3.6742          0          0  0.000e+00
  1025.6359     58.444     58.931    31.9111     3.6821          0          0  0.000e+00
  1025.6290     58.639     59.128    31.9021     3.6886          0          0  0.000e+00
  1025.6226     58.845     59.335    31.8930     3.6905          0          0  0.000e+00
  1025.6258     59.054     59.546    31.8955     3.6875          0          0  0.000e+00
  1025.6472     59.261     59.754    31.9210     3.6854          0          0  0.000e+00
  1025.6577     59.456     59.951    31.9337     3.6912          0          0  0.000e+00
  1025.6615     59.630     60.126    31.9388     3.7022          0          0  0.000e+00
  1025.6556     59.773     60.271    31.9317     3.7131          0          0  0.000e+00
  1025.6528     59.885     60.384    31.9284     3.7205          0          0  0.000e+00
  1025.6510     59.969     60.468    31.9262     3.7250          0          0  0.000e+00
  1025.6494     60.020     60.520    31.9242     3.7277          0          0  0.000e+00
  1025.6488     60.049     60.550    31.9235     3.7294          0          0  0.000e+00
  1025.6467     60.048     60.549    31.9209     3.7306          0          0  0.000e+00
  1025.6457     60.024     60.524    31.9199     3.7312          0          0  0.000e+00
  1025.6458     59.984     60.483    31.9204     3.7318          0          0  0.000e+00
  1025.6423     59.938     60.437    31.9163     3.7326          0          0  0.000e+00
  1025.6409     59.896     60.395    31.9147     3.7320          0          0  0.000e+00
  1025.6417     59.863     60.362    31.9158     3.7309          0          0  0.000e+00
  1025.6408     59.849     60.348    31.9148     3.7304          0          0  0.000e+00
  1025.6418     59.855     60.354    31.9158     3.7295          0          0  0.000e+00
  1025.6395     59.889     60.388    31.9126     3.7282          0          0  0.000e+00
  1025.6402     59.944     60.444    31.9129     3.7264          0          0  0.000e+00
  1025.6440     60.020     60.520    31.9171     3.7247          0          0  0.000e+00
  1025.6488     60.115     60.616    31.9225     3.7243          0          0  0.000e+00
  1025.6513     60.235     60.737    31.9251     3.7256          0          0  0.000e+00
  1025.6619     60.364     60.867    31.9379     3.7279          0          0  0.000e+00
  1025.6705     60.508     61.013    31.9485     3.7327          0          0  0.000e+00
  1025.6763     60.663     61.169    31.9556     3.7398          0          0  0.000e+00
  1025.6838     60.821     61.328    31.9651     3.7484          0          0  0.000e+00
  1025.6764     60.980     61.488    31.9562     3.7591          0          0  0.000e+00
  1025.6716     61.135     61.645    31.9502     3.7666          0          0  0.000e+00
  1025.6693     61.278     61.789    31.9469     3.7709          0          0  0.000e+00
  1025.6684     61.412     61.924    31.9453     3.7735          0          0  0.000e+00
  1025.6679     61.536     62.049    31.9441     3.7751          0          0  0.000e+00
  1025.6670     61.643     62.157    31.9425     3.7758          0          0  0.000e+00
  1025.6683     61.738     62.253    31.9436     3.7759          0          0  0.000e+00
  1025.6756     61.834     62.349    31.9522     3.7770          0          0  0.000e+00
  1025.6715     61.915     62.432    31.9471     3.7803          0          0  0.000e+00
  1025.6706     61.989     62.505    31.9457     3.7826          0          0  0.000e+00
  1025.6740     62.048     62.565    31.9499     3.7841          0          0  0.000e+00
  1025.6725     62.095     62.612    31.9480     3.7865          0          0  0.000e+00
  1025.6718     62.128     62.646    31.9471     3.7883          0          0  0.000e+00
  1025.6697     62.152     62.670    31.9445     3.7894          0          0  0.000e+00
  1025.6687     62.170     62.688    31.9431     3.7896          0          0  0.000e+00
  1025.6680     62.180     62.699    31.9422     3.7894          0          0  0.000e+00
  1025.6685     62.191     62.710    31.9426     3.7889          0          0  0.000e+00
  1025.6693     62.208     62.727    31.9435     3.7885          0          0  0.000e+00
  1025.6677     62.233     62.752    31.9413     3.7884          0          0  0.000e+00
  1025.6653     62.267     62.787    31.9381     3.7876          0          0  0.000e+00
  1025.6664     62.315     62.835    31.9388     3.7856          0          0  0.000e+00
  1025.6684     62.383     62.903    31.9408     3.7836          0          0  0.000e+00
  1025.6731     62.465     62.985    31.9461     3.7827          0          0  0.000e+00
  1025.6733     62.566     63.088    31.9458     3.7836          0          0  0.000e+00
  1025.6772     62.680     63.202    31.9502     3.7850          0          0  0.000e+00
  1025.6840     62.809     63.333    31.9582     3.7872          0          0  0.000e+00
  1025.6935     62.942     63.467    31.9700     3.7918          0          0  0.000e+00
  1025.7114     63.079     63.606    31.9927     3.8001          0          0  0.000e+00
  1025.7114     63.210     63.737    31.9937     3.8143          0          0  0.000e+00
  1025.7011     63.337     63.865    31.9816     3.8279          0          0  0.000e+00
  1025.6967     63.448     63.978    31.9764     3.8364          0          0  0.000e+00
  1025.6955     63.542     64.072    31.9750     3.8417          0          0  0.000e+00
  1025.6965     63.626     64.156    31.9762     3.8458          0          0  0.000e+00
  1025.6946     63.692     64.224    31.9739     3.8492          0          0  0.000e+00
  1025.6930     63.742     64.274    31.9719     3.8517          0          0  0.000e+00
  1025.6943     63.788     64.320    31.9734     3.8536          0          0  0.000e+00
  1025.6885     63.814     64.347    31.9662     3.8552          0          0  0.000e+00
  1025.6858     63.828     64.360    31.9626     3.8547          0          0  0.000e+00
  1025.6871     63.842     64.374    31.9640     3.8528          0          0  0.000e+00
  1025.6895     63.852     64.385    31.9668     3.8516          0          0  0.000e+00
  1025.6887     63.867     64.400    31.9656     3.8514          0          0  0.000e+00
  1025.6866     63.893     64.426    31.9629     3.8511          0          0  0.000e+00
  1025.6842     63.937     64.471    31.9594     3.8501          0          0  0.000e+00
  1025.6851     64.003     64.537    31.9600     3.8479          0          0  0.000e+00
  1025.6957     64.087     64.621    31.9726     3.8460          0          0  0.000e+00
  1025.6978     64.190     64.725    31.9748     3.8476          0          0  0.000e+00
  1025.6992     64.315     64.851    31.9761     3.8506          0          0  0.000e+00
  1025.7013     64.455     64.992    31.9783     3.8536          0          0  0.000e+00
  1025.7004     64.606     65.145    31.9767     3.8568          0          0  0.000e+00
  1025.6962     64.772     65.312    31.9707     3.8592          0          0  0.000e+00
  1025.6933     64.935     65.477    31.9661     3.8595          0          0  0.000e+00
  1025.7012     65.101     65.645    31.9749     3.8586          0          0  0.000e+00
  1025.6926     65.258     65.803    31.9632     3.8591          0          0  0.000e+00
  1025.6995     65.390     65.935    31.9709     3.8572          0          0  0.000e+00
  1025.7018     65.496     66.042    31.9731     3.8571          0          0  0.000e+00
  1025.7007     65.574     66.121    31.9715     3.8581          0          0  0.000e+00
  1025.7028     65.618     66.165    31.9739     3.8588          0          0  0.000e+00
  1025.7043     65.639     66.187    31.9758     3.8601          0          0  0.000e+00
  1025.7043     65.633     66.180    31.9761     3.8619          0          0  0.000e+00
  1025.7013     65.616     66.163    31.9727     3.8638          0          0  0.000e+00
  1025.7004     65.595     66.143    31.9717     3.8646          0          0  0.000e+00
  1025.6999     65.574     66.121    31.9713     3.8650          0          0  0.000e+00
  1025.7001     65.568     66.115    31.9716     3.8651          0          0  0.000e+00
  1025.7000     65.575     66.123    31.9715     3.8653          0          0  0.000e+00
  1025.7001     65.606     66.154    31.9713     3.8652          0          0  0.000e+00
  1025.6998     65.652     66.200    31.9708     3.8650          0          0  0.000e+00
  1025.6989     65.718     66.267    31.9690     3.8644          0          0  0.000e+00
  1025.6985     65.795     66.344    31.9680     3.8635          0          0  0.000e+00
  1025.7002     65.882     66.432    31.9695     3.8620          0          0  0.000e+00
  1025.7057     65.972     66.522    31.9757     3.8612          0          0  0.000e+00
  1025.7075     66.063     66.614    31.9776     3.8620          0          0  0.000e+00
  1025.7084     66.149     66.701    31.9784     3.8635          0          0  0.000e+00
  1025.7102     66.233     66.785    31.9804     3.8651          0          0  0.000e+00
  1025.7129     66.314     66.868    31.9835     3.8674          0          0  0.000e+00
  1025.7132     66.394     66.948    31.9838     3.8703          0          0  0.000e+00
  1025.7094     66.478     67.032    31.9788     3.8730          0          0  0.000e+00
  1025.7106     66.569     67.124    31.9800     3.8741          0          0  0.000e+00
  1025.7119     66.669     67.226    31.9811     3.8750          0          0  0.000e+00
  1025.7139     66.787     67.345    31.9830     3.8762          0          0  0.000e+00
  1025.7138     66.923     67.482    31.9824     3.8777          0          0  0.000e+00
  1025.7248     67.065     67.625    31.9955     3.8792          0          0  0.000e+00
  1025.7335     67.223     67.784    32.0062     3.8845          0          0  0.000e+00
  1025.7254     67.381     67.943    31.9961     3.8928          0          0  0.000e+00
  1025.7172     67.539     68.103    31.9854     3.8981          0          0  0.000e+00
  1025.7141     67.679     68.244    31.9808     3.8991          0          0  0.000e+00
  1025.7181     67.801     68.367    31.9851     3.8983          0          0  0.000e+00
  1025.7179     67.894     68.461    31.9842     3.8982          0          0  0.000e+00
  1025.7239     67.947     68.514    31.9915     3.8982          0          0  0.000e+00
  1025.7274     67.970     68.538    31.9960     3.9008          0          0  0.000e+00
  1025.7237     67.964     68.532    31.9920     3.9048          0          0  0.000e+00
  1025.7169     67.935     68.503    31.9837     3.9066          0          0  0.000e+00
  1025.7126     67.895     68.462    31.9785     3.9062          0          0  0.000e+00
  1025.7118     67.848     68.415    31.9774     3.9038          0          0  0.000e+00
  1025.7142     67.813     68.380    31.9804     3.9010          0          0  0.000e+00
  1025.7155     67.796     68.363    31.9819     3.8995          0          0  0.000e+00
  1025.7136     67.802     68.368    31.9794     3.8985          0          0  0.000e+00
  1025.7166     67.835     68.401    31.9828     3.8972          0          0  0.000e+00
  1025.7204     67.892     68.459    31.9871     3.8964          0          0  0.000e+00
  1025.7236     67.976     68.543    31.9908     3.8973          0          0  0.000e+00
  1025.7311     68.072     68.641    31.9999     3.8994          0          0  0.000e+00
  1025.7398     68.193     68.763    32.0108     3.9045          0          0  0.000e+00
  1025.7417     68.323     68.894    32.0133     3.9126          0          0  0.000e+00
  1025.7438     68.467     69.038    32.0162     3.9210          0          0  0.000e+00
  1025.7445     68.619     69.192    32.0172     3.9289          0          0  0.000e+00
  1025.7400     68.763     69.338    32.0116     3.9367          0          0  0.000e+00
  1025.7393     68.902     69.478    32.0105     3.9419          0          0  0.000e+00
