data/eDNA/PER-2022-473/473A002.cnv
* Sea-Bird SBE19plus  Data File:
* FileName = C:\Users\RSG_field\Ryan_Perley2022473\CTD\473A002.hex
* Software version 2.3.0 SB_Terminal.dll
* Temperature SN = 7141
* Conductivity SN = 7141
* System UpLoad Time = Aug 07 2022 13:11:55
* <ApplicationData>
* <SeatermAF>
** Platform: M. Perley
** Cruise: Per2021171
** Station:  ESI-00
** Cast: 01
** Latitude: N  44 51.3183
** Longitude: W 62 30.1652
** Sounding: 16.1
** Chief Scientist: Ryan Stanley
** Comment: Sheet Harbour approach extra station
** Ph bottle left on
# nquan = 8
# nvalues = 1934                                  
# units = specified
# name 0 = density00: Density [density, kg/m^3]
# name 1 = depSM: Depth [salt water, m], lat = 45.00
# name 2 = prdM: Pressure, Strain Gauge [db]
# name 3 = sal00: Salinity, Practical [PSU]
# name 4 = tv290C: Temperature [ITS-90, deg C]
# name 5 = bpos: Bottle Position in Carousel
# name 6 = nbf: Bottles Fired
# name 7 = flag:  0.000e+00
# span 0 =   998.6079,  1024.5391                 
# span 1 =     -0.068,     15.082                 
# span 2 =     -0.069,     15.206                 
# span 3 =     0.0126,    31.8167                 
# span 4 =     6.7625,    17.9916                 
# span 5 =          0,          6                 
# span 6 =          0,          2                 
# span 7 = 0.0000e+00, 0.0000e+00                 
# interval = seconds: 0.25
# start_time = Aug 07 2022 13:00:25 [Instrument's time stamp, header]
# bad_flag = -9.990e-29
*END*
[from data line 720]
  1024.5365     15.060     15.183    31.2409     6.9417          0          0  0.000e+00
  1024.5381     15.059     15.182    31.2445     6.9515          0          0  0.000e+00
  1024.5391     15.055     15.179    31.2474     6.9614          0          0  0.000e+00
  1024.5391     15.059     15.182    31.2491     6.9713          0          0  0.000e+00
  1024.5376     15.054     15.178    31.2488     6.9815          0          0  0.000e+00
  1024.5365     15.055     15.179    31.2491     6.9917          0          0  0.000e+00
  1024.5352     15.055     15.179    31.2492     7.0019          0          0  0.000e+00
  1024.5333     15.055     15.179    31.2484     7.0121          0          0  0.000e+00
  1024.5291     15.056     15.180    31.2448     7.0224          0          0  0.000e+00
  1024.5254     15.056     15.180    31.2419     7.0328          0          0  0.000e+00
  1024.5218     15.054     15.178    31.2391     7.0432          0          0  0.000e+00
  1024.5164     15.055     15.179    31.2339     7.0536          0          0  0.000e+00
  1024.5103     15.055     15.179    31.2280     7.0642          0          0  0.000e+00
  1024.5051     15.056     15.180    31.2230     7.0747          0          0  0.000e+00
  1024.5001     15.057     15.181    31.2184     7.0850          0          0  0.000e+00
  1024.4937     15.054     15.178    31.2120     7.0954          0          0  0.000e+00
  1024.4871     15.056     15.180    31.2054     7.1059          0          0  0.000e+00
  1024.4792     15.056     15.180    31.1970     7.1164          0          0  0.000e+00
  1024.4718     15.055     15.179    31.1895     7.1268          0          0  0.000e+00
  1024.4655     15.056     15.180    31.1832     7.1371          0          0  0.000e+00
  1024.4598     15.056     15.180    31.1776     7.1474          0          0  0.000e+00
  1024.4527     15.055     15.179    31.1703     7.1575          0          0  0.000e+00
  1024.4456     15.053     15.177    31.1629     7.1677          0          0  0.000e+00
  1024.4391     15.056     15.180    31.1564     7.1778          0          0  0.000e+00
  1024.4320     15.054     15.178    31.1490     7.1880          0          0  0.000e+00
  1024.4257     15.053     15.177    31.1428     7.1980          0          0  0.000e+00
  1024.4190     15.053     15.177    31.1359     7.2079          0          0  0.000e+00
  1024.4127     15.050     15.174    31.1296     7.2178          0          0  0.000e+00
  1024.4054     15.049     15.173    31.1220     7.2277          0          0  0.000e+00
  1024.3986     15.045     15.168    31.1151     7.2375          0          0  0.000e+00
  1024.3940     15.043     15.166    31.1108     7.2472          0          0  0.000e+00
  1024.3890     15.043     15.166    31.1062     7.2569          0          0  0.000e+00
  1024.3830     15.038     15.162    31.1002     7.2666          0          0  0.000e+00
  1024.3787     15.037     15.161    31.0963     7.2761          0          0  0.000e+00
  1024.3744     15.035     15.159    31.0924     7.2855          0          0  0.000e+00
  1024.3709     15.033     15.157    31.0897     7.2948          0          0  0.000e+00
  1024.3666     15.032     15.156    31.0857     7.3041          0          0  0.000e+00
  1024.3629     15.030     15.153    31.0825     7.3134          0          0  0.000e+00
  1024.3601     15.031     15.155    31.0805     7.3225          0          0  0.000e+00
  1024.3590     15.022     15.146    31.0808     7.3317          0          0  0.000e+00
  1024.3620     14.998     15.121    31.0862     7.3406          0          0  0.000e+00
  1024.3725     14.963     15.086    31.1014     7.3495          0          0  0.000e+00
  1024.3819     14.921     15.043    31.1151     7.3585          0          0  0.000e+00
  1024.3563     14.911     15.034    31.0841     7.3674          0          0  0.000e+00
  1024.3332     14.929     15.052    31.0561     7.3758          0          0  0.000e+00
  1024.3193     14.909     15.032    31.0398     7.3840          0          0  0.000e+00
  1024.3010     14.880     15.003    31.0182     7.3922          0          0  0.000e+00
  1024.2772     14.855     14.977    30.9894     7.4005          0          0  0.000e+00
  1024.2508     14.831     14.953    30.9574     7.4089          0          0  0.000e+00
  1024.2188     14.808     14.930    30.9183     7.4172          0          0  0.000e+00
  1024.1832     14.794     14.915    30.8745     7.4256          0          0  0.000e+00
  1024.1437     14.785     14.907    30.8257     7.4342          0          0  0.000e+00
  1024.1109     14.787     14.909    30.7853     7.4423          0          0  0.000e+00
  1024.0712     14.788     14.910    30.7362     7.4505          0          0  0.000e+00
  1024.0345     14.792     14.914    30.6908     7.4586          0          0  0.000e+00
  1023.9985     14.799     14.920    30.6462     7.4663          0          0  0.000e+00
  1023.9603     14.799     14.920    30.5990     7.4741          0          0  0.000e+00
  1023.9263     14.802     14.924    30.5570     7.4816          0          0  0.000e+00
  1023.8906     14.804     14.926    30.5127     7.4891          0          0  0.000e+00
  1023.8592     14.805     14.927    30.4740     7.4966          0          0  0.000e+00
  1023.8247     14.808     14.930    30.4313     7.5040          0          0  0.000e+00
  1023.7953     14.808     14.930    30.3951     7.5113          0          0  0.000e+00
  1023.7676     14.808     14.930    30.3611     7.5186          0          0  0.000e+00
  1023.7337     14.807     14.929    30.3192     7.5259          0          0  0.000e+00
  1023.7066     14.805     14.927    30.2859     7.5331          0          0  0.000e+00
  1023.6804     14.801     14.923    30.2538     7.5402          0          0  0.000e+00
  1023.6563     14.795     14.916    30.2243     7.5473          0          0  0.000e+00
  1023.6396     14.788     14.910    30.2043     7.5543          0          0  0.000e+00
  1023.6262     14.788     14.910    30.1885     7.5613          0          0  0.000e+00
  1023.6094     14.787     14.909    30.1682     7.5681          0          0  0.000e+00
  1023.5908     14.786     14.908    30.1457     7.5750          0          0  0.000e+00
  1023.5769     14.791     14.913    30.1292     7.5818          0          0  0.000e+00
  1023.5659     14.797     14.918    30.1163     7.5886          0          0  0.000e+00
  1023.5499     14.805     14.927    30.0969     7.5951          0          0  0.000e+00
  1023.5293     14.813     14.934    30.0718     7.6016          0          0  0.000e+00
  1023.5094     14.817     14.939    30.0474     7.6078          0          0  0.000e+00
  1023.4885     14.817     14.939    30.0219     7.6141          0          0  0.000e+00
  1023.4695     14.819     14.941    29.9988     7.6200          0          0  0.000e+00
  1023.4510     14.822     14.944    29.9761     7.6261          0          0  0.000e+00
  1023.4328     14.824     14.946    29.9540     7.6318          0          0  0.000e+00
  1023.4127     14.827     14.949    29.9293     7.6376          0          0  0.000e+00
  1023.3932     14.826     14.948    29.9054     7.6431          0          0  0.000e+00
  1023.3763     14.826     14.948    29.8849     7.6487          0          0  0.000e+00
  1023.3592     14.825     14.947    29.8640     7.6542          0          0  0.000e+00
  1023.3428     14.821     14.943    29.8440     7.6596          0          0  0.000e+00
  1023.3303     14.814     14.935    29.8290     7.6648          0          0  0.000e+00
  1023.3212     14.804     14.926    29.8184     7.6701          0          0  0.000e+00
  1023.3108     14.793     14.914    29.8061     7.6753          0          0  0.000e+00
  1023.2987     14.781     14.902    29.7917     7.6803          0          0  0.000e+00
  1023.2859     14.770     14.892    29.7763     7.6854          0          0  0.000e+00
  1023.2759     14.760     14.881    29.7644     7.6904          0          0  0.000e+00
  1023.2658     14.752     14.874    29.7525     7.6952          0          0  0.000e+00
  1023.2546     14.750     14.871    29.7390     7.7001          0          0  0.000e+00
  1023.2423     14.750     14.871    29.7241     7.7048          0          0  0.000e+00
  1023.2311     14.759     14.880    29.7106     7.7095          0          0  0.000e+00
  1023.2217     14.768     14.890    29.6994     7.7142          0          0  0.000e+00
  1023.2112     14.783     14.905    29.6867     7.7187          0          0  0.000e+00
  1023.2016     14.794     14.915    29.6752     7.7233          0          0  0.000e+00
  1023.1933     14.802     14.924    29.6653     7.7277          0          0  0.000e+00
  1023.1836     14.807     14.929    29.6537     7.7320          0          0  0.000e+00
  1023.1745     14.816     14.938    29.6428     7.7362          0          0  0.000e+00
  1023.1613     14.819     14.941    29.6266     7.7405          0          0  0.000e+00
  1023.1485     14.816     14.938    29.6111     7.7447          0          0  0.000e+00
  1023.1392     14.812     14.933    29.5999     7.7489          0          0  0.000e+00
  1023.1278     14.806     14.928    29.5861     7.7528          0          0  0.000e+00
  1023.1196     14.803     14.925    29.5763     7.7567          0          0  0.000e+00
  1023.1126     14.797     14.918    29.5681     7.7606          0          0  0.000e+00
  1023.1043     14.790     14.912    29.5583     7.7646          0          0  0.000e+00
  1023.0960     14.782     14.903    29.5484     7.7683          0          0  0.000e+00
  1023.0868     14.779     14.900    29.5374     7.7720          0          0  0.000e+00
  1023.0770     14.781     14.902    29.5255     7.7756          0          0  0.000e+00
  1023.0688     14.784     14.906    29.5156     7.7791          0          0  0.000e+00
  1023.0594     14.783     14.905    29.5042     7.7827          0          0  0.000e+00
  1023.0517     14.787     14.909    29.4950     7.7860          0          0  0.000e+00
  1023.0419     14.791     14.913    29.4831     7.7895          0          0  0.000e+00
  1023.0328     14.796     14.917    29.4720     7.7929          0          0  0.000e+00
  1023.0234     14.797     14.918    29.4606     7.7964          0          0  0.000e+00
  1023.0160     14.797     14.918    29.4517     7.7996          0          0  0.000e+00
  1023.0101     14.797     14.918    29.4447     7.8027          0          0  0.000e+00
  1023.0006     14.800     14.922    29.4332     7.8060          0          0  0.000e+00
  1022.9951     14.802     14.924    29.4267     7.8092          0          0  0.000e+00
  1022.9885     14.801     14.923    29.4187     7.8122          0          0  0.000e+00
  1022.9828     14.799     14.921    29.4120     7.8151          0          0  0.000e+00
  1022.9770     14.794     14.915    29.4052     7.8181          0          0  0.000e+00
  1022.9706     14.793     14.914    29.3975     7.8211          0          0  0.000e+00
  1022.9629     14.790     14.912    29.3883     7.8241          0          0  0.000e+00
  1022.9573     14.782     14.903    29.3816     7.8268          0          0  0.000e+00
  1022.9511     14.773     14.895    29.3743     7.8297          0          0  0.000e+00
  1022.9453     14.770     14.892    29.3674     7.8323          0          0  0.000e+00
  1022.9377     14.771     14.893    29.3582     7.8351          0          0  0.000e+00
  1022.9312     14.769     14.891    29.3503     7.8378          0          0  0.000e+00
  1022.9246     14.776     14.897    29.3424     7.8407          0          0  0.000e+00
  1022.9196     14.783     14.905    29.3363     7.8430          0          0  0.000e+00
  1022.9126     14.785     14.907    29.3279     7.8454          0          0  0.000e+00
  1022.9058     14.790     14.912    29.3196     7.8481          0          0  0.000e+00
  1022.9003     14.794     14.915    29.3130     7.8505          0          0  0.000e+00
  1022.8944     14.798     14.919    29.3058     7.8529          0          0  0.000e+00
  1022.8886     14.800     14.922    29.2989     7.8553          0          0  0.000e+00
  1022.8837     14.804     14.926    29.2929     7.8577          0          0  0.000e+00
  1022.8777     14.803     14.925    29.2858     7.8601          0          0  0.000e+00
  1022.8725     14.803     14.925    29.2795     7.8623          0          0  0.000e+00
  1022.8663     14.804     14.926    29.2720     7.8646          0          0  0.000e+00
  1022.8597     14.803     14.925    29.2639     7.8669          0          0  0.000e+00
  1022.8539     14.801     14.923    29.2569     7.8690          0          0  0.000e+00
  1022.8487     14.798     14.920    29.2507     7.8711          0          0  0.000e+00
  1022.8432     14.794     14.915    29.2441     7.8732          0          0  0.000e+00
  1022.8375     14.792     14.913    29.2372     7.8753          0          0  0.000e+00
  1022.8328     14.790     14.912    29.2315     7.8773          0          0  0.000e+00
  1022.8278     14.793     14.914    29.2255     7.8793          0          0  0.000e+00
  1022.8231     14.796     14.917    29.2198     7.8813          0          0  0.000e+00
  1022.8189     14.796     14.917    29.2148     7.8832          0          0  0.000e+00
  1022.8150     14.797     14.918    29.2101     7.8851          0          0  0.000e+00
  1022.8103     14.795     14.916    29.2045     7.8870          0          0  0.000e+00
  1022.8058     14.790     14.912    29.1991     7.8888          0          0  0.000e+00
  1022.8001     14.792     14.913    29.1921     7.8907          0          0  0.000e+00
  1022.7959     14.789     14.911    29.1871     7.8924          0          0  0.000e+00
  1022.7897     14.789     14.911    29.1795     7.8942          0          0  0.000e+00
  1022.7845     14.790     14.912    29.1731     7.8959          0          0  0.000e+00
  1022.7806     14.792     14.913    29.1685     7.8974          0          0  0.000e+00
  1022.7767     14.794     14.915    29.1637     7.8992          0          0  0.000e+00
  1022.7733     14.796     14.917    29.1597     7.9007          0          0  0.000e+00
  1022.7700     14.797     14.918    29.1558     7.9025          0          0  0.000e+00
  1022.7666     14.798     14.920    29.1517     7.9038          0          0  0.000e+00
  1022.7635     14.803     14.925    29.1479     7.9055          0          0  0.000e+00
  1022.7603     14.804     14.926    29.1442     7.9070          0          0  0.000e+00
  1022.7572     14.803     14.925    29.1404     7.9085          0          0  0.000e+00
  1022.7539     14.800     14.922    29.1365     7.9100          0          0  0.000e+00
  1022.7511     14.799     14.921    29.1332     7.9115          0          0  0.000e+00
  1022.7468     14.798     14.920    29.1279     7.9128          0          0  0.000e+00
  1022.7441     14.795     14.916    29.1248     7.9142          0          0  0.000e+00
  1022.7406     14.789     14.911    29.1205     7.9155          0          0  0.000e+00
  1022.7375     14.781     14.902    29.1169     7.9169          0          0  0.000e+00
  1022.7344     14.768     14.890    29.1133     7.9182          0          0  0.000e+00
  1022.7320     14.758     14.879    29.1105     7.9194          0          0  0.000e+00
  1022.7296     14.745     14.866    29.1076     7.9206          0          0  0.000e+00
  1022.7273     14.729     14.850    29.1050     7.9219          0          0  0.000e+00
  1022.7251     14.719     14.840    29.1026     7.9232          0          0  0.000e+00
  1022.7235     14.717     14.838    29.1008     7.9245          0          0  0.000e+00
