data/eDNA/PER-2022-473/473A027.cnv
* Sea-Bird SBE19plus  Data File:
* FileName = C:\Users\RSG_field\Ryan_Perley2022473\CTD\473A027.hex
* Software version 2.3.0 SB_Terminal.dll
* Temperature SN = 7141
* Conductivity SN = 7141
* System UpLoad Time = Aug 16 2022 15:44:44
* <ApplicationData>
* <SeatermAF>
** Platform: M. Perley
** Cruise: Per2022473
** Station:  SAB_Trans_12
** Cast: 01 473A027
** Latitude: N  46 5.3473
** Longitude: W 59 1.8902
** Sounding: 104.8
** Chief Scientist: Ryan Stanley
** Comment: Bottles 493915-43920 - sounding based on plumb line cast 46
# nquan = 8
# nvalues = 3501                                  
# units = specified
# name 0 = density00: Density [density, kg/m^3]
# name 1 = depSM: Depth [salt water, m], lat = 45.00
# name 2 = prdM: Pressure, Strain Gauge [db]
# name 3 = sal00: Salinity, Practical [PSU]
# name 4 = tv290C: Temperature [ITS-90, deg C]
# name 5 = bpos: Bottle Position in Carousel
# name 6 = nbf: Bottles Fired
# name 7 = flag:  0.000e+00
# span 0 =   998.5363,  1026.5585                 
# span 1 =     -0.041,     88.597                 
# span 2 =     -0.041,     89.342                 
# span 3 =     0.0763,    32.8354                 
# span 4 =     1.9282,    20.3640                 
# span 5 =          0,          6                 
# span 6 =          0,          2                 
# span 7 = 0.0000e+00, 0.0000e+00                 
# interval = seconds: 0.25
# start_time = Aug 16 2022 15:26:27 [Instrument's time stamp, header]
# bad_flag = -9.990e-29
*END*
[from data line 2877]
  1024.4001     36.510     36.812    30.7949     6.0172          1          1  0.000e+00
  1024.3816     36.455     36.757    30.7802     6.0729          1          1  0.000e+00
  1024.3697     36.398     36.699    30.7731     6.1236          1          1  0.000e+00
  1024.3503     36.330     36.630    30.7567     6.1747          1          1  0.000e+00
  1024.3087     36.256     36.556    30.7109     6.2173          1          1  0.000e+00
  1024.2467     36.169     36.468    30.6354     6.2348          1          1  0.000e+00
  1024.3747     36.068     36.366    30.7972     6.2274          1          1  0.000e+00
  1024.3107     35.960     36.257    30.7244     6.2776          1          1  0.000e+00
  1024.2988     35.838     36.135    30.7158     6.3148          1          1  0.000e+00
  1024.2540     35.716     36.012    30.6635     6.3397          1          1  0.000e+00
  1024.2889     35.591     35.885    30.7096     6.3467          1          1  0.000e+00
  1024.2266     35.470     35.764    30.6334     6.3600          1          1  0.000e+00
  1024.2489     35.356     35.648    30.6603     6.3470          1          1  0.000e+00
  1024.2736     35.256     35.548    30.6908     6.3377          1          1  0.000e+00
  1024.2741     35.165     35.456    30.6937     6.3485          1          1  0.000e+00
  1024.2827     35.089     35.379    30.7071     6.3613          1          1  0.000e+00
  1024.3381     35.021     35.310    30.7822     6.3902          1          1  0.000e+00
  1024.3022     34.966     35.255    30.7466     6.4519          1          1  0.000e+00
  1024.2764     34.916     35.205    30.7224     6.5038          1          1  0.000e+00
  1024.3763     34.876     35.164    30.8575     6.5551          1          1  0.000e+00
  1024.3138     34.834     35.122    30.7959     6.6647          1          1  0.000e+00
  1024.2365     34.802     35.090    30.7142     6.7665          1          1  0.000e+00
  1024.1756     34.763     35.051    30.6471     6.8283          1          1  0.000e+00
  1024.1609     34.724     35.011    30.6328     6.8540          1          1  0.000e+00
  1024.1214     34.676     34.963    30.5855     6.8699          1          1  0.000e+00
  1024.1375     34.618     34.904    30.6056     6.8657          1          1  0.000e+00
  1024.1480     34.544     34.829    30.6188     6.8628          1          1  0.000e+00
  1024.1488     34.459     34.744    30.6219     6.8721          1          1  0.000e+00
  1024.1436     34.362     34.647    30.6182     6.8859          1          1  0.000e+00
  1024.1295     34.259     34.542    30.6025     6.8967          1          1  0.000e+00
  1024.1547     34.144     34.426    30.6364     6.9032          1          1  0.000e+00
  1024.1361     34.029     34.310    30.6170     6.9254          1          1  0.000e+00
  1024.1856     33.916     34.197    30.6836     6.9433          1          1  0.000e+00
  1024.1428     33.813     34.093    30.6372     6.9883          1          1  0.000e+00
  1024.1334     33.721     34.000    30.6316     7.0236          1          1  0.000e+00
  1024.1396     33.646     33.924    30.6449     7.0538          1          1  0.000e+00
  1024.1615     33.584     33.862    30.6800     7.0954          1          1  0.000e+00
  1024.1441     33.536     33.813    30.6686     7.1583          1          1  0.000e+00
  1024.1556     33.496     33.773    30.6939     7.2205          1          1  0.000e+00
  1024.2866     33.465     33.741    30.8761     7.3105          1          1  0.000e+00
  1024.2108     33.426     33.703    30.8087     7.4794          1          1  0.000e+00
  1024.0807     33.392     33.668    30.6692     7.6298          1          1  0.000e+00
  1023.9929     33.340     33.615    30.5720     7.7116          1          1  0.000e+00
  1023.9782     33.274     33.549    30.5586     7.7403          1          1  0.000e+00
  1023.9761     33.192     33.467    30.5598     7.7590          1          1  0.000e+00
  1023.9558     33.097     33.370    30.5377     7.7772          1          1  0.000e+00
  1023.8847     32.992     33.265    30.4484     7.7816          1          1  0.000e+00
  1023.9528     32.873     33.145    30.5302     7.7493          1          1  0.000e+00
  1023.9481     32.753     33.024    30.5234     7.7405          1          1  0.000e+00
  1023.9541     32.635     32.904    30.5311     7.7369          1          1  0.000e+00
  1023.9740     32.523     32.792    30.5568     7.7349          1          1  0.000e+00
  1023.9977     32.425     32.693    30.5898     7.7472          1          1  0.000e+00
  1024.0119     32.335     32.602    30.6140     7.7797          1          1  0.000e+00
  1023.9976     32.265     32.531    30.6047     7.8272          1          1  0.000e+00
  1023.9189     32.198     32.464    30.5109     7.8622          1          1  0.000e+00
  1024.0255     32.147     32.413    30.6469     7.8608          1          1  0.000e+00
  1024.0330     32.100     32.366    30.6666     7.9163          1          1  0.000e+00
  1024.0099     32.057     32.322    30.6515     7.9952          1          1  0.000e+00
  1023.9623     32.012     32.277    30.6050     8.0731          1          1  0.000e+00
  1023.9198     31.966     32.230    30.5622     8.1341          1          1  0.000e+00
  1023.8876     31.909     32.172    30.5280     8.1706          1          1  0.000e+00
  1023.8664     31.845     32.108    30.5045     8.1881          1          1  0.000e+00
  1023.8777     31.768     32.030    30.5201     8.1916          1          1  0.000e+00
  1023.8587     31.692     31.954    30.4977     8.1994          1          1  0.000e+00
  1023.8817     31.607     31.869    30.5283     8.2039          1          1  0.000e+00
  1023.8508     31.531     31.792    30.4913     8.2147          1          1  0.000e+00
  1023.8834     31.446     31.706    30.5335     8.2151          1          1  0.000e+00
  1023.8428     31.377     31.637    30.4845     8.2281          1          1  0.000e+00
  1023.8570     31.312     31.570    30.5018     8.2223          1          1  0.000e+00
  1023.9040     31.254     31.513    30.5611     8.2165          1          1  0.000e+00
  1023.9467     31.205     31.462    30.6207     8.2422          1          1  0.000e+00
  1023.9131     31.155     31.412    30.5893     8.3034          1          1  0.000e+00
  1023.8667     31.106     31.363    30.5405     8.3584          1          1  0.000e+00
  1023.8549     31.057     31.314    30.5310     8.3867          1          1  0.000e+00
  1023.8565     31.002     31.258    30.5365     8.4044          1          1  0.000e+00
  1023.8754     30.939     31.194    30.5656     8.4284          1          1  0.000e+00
  1023.8394     30.861     31.116    30.5268     8.4649          1          1  0.000e+00
  1023.8489     30.777     31.032    30.5438     8.4883          1          1  0.000e+00
  1023.8728     30.670     30.924    30.5799     8.5151          1          1  0.000e+00
  1023.8362     30.556     30.808    30.5426     8.5620          1          1  0.000e+00
  1023.7740     30.430     30.681    30.4697     8.5929          1          1  0.000e+00
  1023.7949     30.294     30.544    30.4962     8.5878          1          1  0.000e+00
  1023.7868     30.154     30.403    30.4860     8.5838          1          1  0.000e+00
  1023.7909     30.015     30.263    30.4924     8.5854          1          1  0.000e+00
  1023.8243     29.878     30.124    30.5358     8.5856          1          1  0.000e+00
  1023.8278     29.753     29.999    30.5448     8.6061          1          1  0.000e+00
  1023.8504     29.635     29.879    30.5803     8.6365          1          1  0.000e+00
  1023.8602     29.532     29.776    30.6027     8.6855          1          1  0.000e+00
  1023.8383     29.442     29.685    30.5874     8.7498          1          1  0.000e+00
  1023.8459     29.374     29.617    30.6107     8.8187          1          1  0.000e+00
  1023.8539     29.314     29.556    30.6373     8.9022          1          1  0.000e+00
  1023.8078     29.280     29.521    30.5978     9.0020          1          1  0.000e+00
  1023.7406     29.256     29.498    30.5281     9.0854          1          1  0.000e+00
  1023.7135     29.246     29.487    30.5033     9.1358          1          1  0.000e+00
  1023.6941     29.240     29.482    30.4850     9.1688          1          1  0.000e+00
  1023.6804     29.239     29.481    30.4719     9.1910          1          1  0.000e+00
  1023.6688     29.235     29.477    30.4597     9.2047          1          1  0.000e+00
  1023.6633     29.224     29.465    30.4541     9.2116          1          1  0.000e+00
  1023.6568     29.196     29.437    30.4465     9.2149          1          1  0.000e+00
  1023.6448     29.151     29.392    30.4314     9.2144          1          1  0.000e+00
  1023.6423     29.085     29.325    30.4270     9.2066          1          1  0.000e+00
  1023.6558     29.002     29.241    30.4425     9.1948          1          1  0.000e+00
  1023.6469     28.900     29.139    30.4306     9.1893          1          1  0.000e+00
  1023.6594     28.780     29.018    30.4457     9.1814          1          1  0.000e+00
  1023.6659     28.649     28.885    30.4539     9.1766          1          1  0.000e+00
  1023.6759     28.505     28.740    30.4679     9.1778          1          1  0.000e+00
  1023.6716     28.353     28.587    30.4648     9.1858          1          1  0.000e+00
  1023.6683     28.200     28.432    30.4630     9.1938          1          1  0.000e+00
  1023.6672     28.046     28.277    30.4641     9.2017          1          1  0.000e+00
  1023.6620     27.897     28.128    30.4598     9.2099          1          1  0.000e+00
  1023.6614     27.755     27.984    30.4612     9.2162          1          1  0.000e+00
  1023.6635     27.620     27.848    30.4661     9.2233          1          1  0.000e+00
  1023.6566     27.498     27.725    30.4600     9.2334          1          1  0.000e+00
  1023.6507     27.383     27.609    30.4547     9.2415          1          1  0.000e+00
  1023.6513     27.285     27.510    30.4570     9.2467          1          1  0.000e+00
  1023.6524     27.199     27.423    30.4601     9.2520          1          1  0.000e+00
  1023.6524     27.129     27.353    30.4622     9.2605          1          1  0.000e+00
  1023.6454     27.071     27.294    30.4559     9.2727          1          1  0.000e+00
  1023.6380     27.024     27.247    30.4487     9.2831          1          1  0.000e+00
  1023.6356     26.993     27.216    30.4471     9.2897          1          1  0.000e+00
  1023.6306     26.971     27.193    30.4421     9.2959          1          1  0.000e+00
  1023.6286     26.956     27.179    30.4406     9.3004          1          1  0.000e+00
  1023.6252     26.951     27.173    30.4369     9.3037          1          1  0.000e+00
  1023.6223     26.947     27.169    30.4336     9.3061          1          1  0.000e+00
  1023.6191     26.946     27.168    30.4297     9.3066          1          1  0.000e+00
  1023.6169     26.933     27.155    30.4267     9.3056          1          1  0.000e+00
  1023.6114     26.914     27.136    30.4192     9.3025          1          1  0.000e+00
  1023.6201     26.879     27.101    30.4292     9.2959          1          1  0.000e+00
  1023.6255     26.823     27.044    30.4359     9.2929          1          1  0.000e+00
  1023.6170     26.751     26.971    30.4256     9.2934          1          1  0.000e+00
  1023.6174     26.654     26.874    30.4260     9.2903          1          1  0.000e+00
  1023.6189     26.533     26.752    30.4278     9.2865          1          1  0.000e+00
  1023.6185     26.395     26.613    30.4274     9.2831          1          1  0.000e+00
  1023.6232     26.237     26.454    30.4337     9.2797          1          1  0.000e+00
  1023.6260     26.067     26.282    30.4382     9.2791          1          1  0.000e+00
  1023.6272     25.888     26.101    30.4413     9.2812          1          1  0.000e+00
  1023.6250     25.703     25.915    30.4402     9.2849          1          1  0.000e+00
  1023.6227     25.526     25.737    30.4390     9.2884          1          1  0.000e+00
  1023.6174     25.348     25.557    30.4338     9.2908          1          1  0.000e+00
  1023.6201     25.185     25.392    30.4383     9.2913          1          1  0.000e+00
  1023.6204     25.032     25.239    30.4398     9.2926          1          1  0.000e+00
  1023.6208     24.900     25.105    30.4417     9.2955          1          1  0.000e+00
  1023.6199     24.787     24.992    30.4419     9.2988          1          1  0.000e+00
  1023.6194     24.698     24.902    30.4425     9.3028          1          1  0.000e+00
  1023.6224     24.628     24.831    30.4477     9.3075          1          1  0.000e+00
  1023.6252     24.581     24.783    30.4532     9.3152          1          1  0.000e+00
  1023.6188     24.541     24.744    30.4474     9.3266          1          1  0.000e+00
  1023.6140     24.521     24.723    30.4435     9.3372          1          1  0.000e+00
  1023.6077     24.506     24.708    30.4371     9.3457          1          1  0.000e+00
  1023.6040     24.494     24.696    30.4336     9.3510          1          1  0.000e+00
  1023.6014     24.483     24.685    30.4310     9.3544          1          1  0.000e+00
  1023.6016     24.465     24.667    30.4318     9.3564          1          1  0.000e+00
  1023.6000     24.444     24.645    30.4303     9.3584          1          1  0.000e+00
  1023.5942     24.409     24.610    30.4232     9.3594          1          1  0.000e+00
  1023.5985     24.368     24.568    30.4285     9.3571          1          1  0.000e+00
  1023.6057     24.319     24.519    30.4380     9.3567          1          1  0.000e+00
  1023.6055     24.261     24.461    30.4390     9.3614          1          1  0.000e+00
  1023.6135     24.190     24.389    30.4509     9.3682          1          1  0.000e+00
  1023.6103     24.112     24.311    30.4496     9.3799          1          1  0.000e+00
  1023.6412     24.015     24.213    30.4930     9.3959          1          1  0.000e+00
  1023.6093     23.910     24.107    30.4590     9.4274          1          1  0.000e+00
  1023.6100     23.784     23.980    30.4654     9.4508          1          1  0.000e+00
  1023.6034     23.648     23.843    30.4620     9.4727          1          1  0.000e+00
  1023.6024     23.503     23.696    30.4660     9.4943          1          1  0.000e+00
  1023.6070     23.348     23.540    30.4780     9.5204          1          1  0.000e+00
  1023.5994     23.195     23.386    30.4751     9.5503          1          1  0.000e+00
  1023.5835     23.048     23.238    30.4620     9.5813          1          1  0.000e+00
  1023.5865     22.906     23.095    30.4719     9.6076          1          1  0.000e+00
  1023.5687     22.781     22.968    30.4558     9.6374          1          1  0.000e+00
  1023.5640     22.661     22.848    30.4555     9.6615          1          1  0.000e+00
  1023.5655     22.562     22.748    30.4631     9.6872          1          1  0.000e+00
  1023.5728     22.470     22.655    30.4787     9.7152          1          1  0.000e+00
  1023.5582     22.395     22.579    30.4685     9.7547          1          1  0.000e+00
  1023.5661     22.330     22.514    30.4870     9.7940          1          1  0.000e+00
  1023.5660     22.273     22.456    30.4959     9.8361          1          1  0.000e+00
  1023.5425     22.225     22.408    30.4764     9.8859          1          1  0.000e+00
  1023.5214     22.179     22.361    30.4585     9.9294          1          1  0.000e+00
  1023.4967     22.139     22.322    30.4339     9.9625          1          1  0.000e+00
  1023.4873     22.103     22.285    30.4262     9.9828          1          1  0.000e+00
