data/eDNA/PER-2022-473/473A006.cnv
* Sea-Bird SBE19plus  Data File:
* FileName = C:\Users\RSG_field\Ryan_Perley2022473\CTD\473A006.hex
* Software version 2.3.0 SB_Terminal.dll
* Temperature SN = 7141
* Conductivity SN = 7141
* System UpLoad Time = Aug 08 2022 17:30:29
* <ApplicationData>
* <SeatermAF>
** Platform: M. Perley
** Cruise: Per2022473
** Station:  ESI_08
** Cast: 01
** Latitude: N  44 40.2376
** Longitude: W 62 20.9575
** Sounding: 110
** Chief Scientist: Ryan Stanley
** Comment:
# nquan = 8
# nvalues = 3104                                  
# units = specified
# name 0 = density00: Density [density, kg/m^3]
# name 1 = depSM: Depth [salt water, m], lat = 45.00
# name 2 = prdM: Pressure, Strain Gauge [db]
# name 3 = sal00: Salinity, Practical [PSU]
# name 4 = tv290C: Temperature [ITS-90, deg C]
# name 5 = bpos: Bottle Position in Carousel
# name 6 = nbf: Bottles Fired
# name 7 = flag:  0.000e+00
# span 0 =   998.3714,  1026.8591                 
# span 1 =     -0.094,    104.258                 
# span 2 =     -0.095,    105.138                 
# span 3 =     0.0248,    33.7627                 
# span 4 =     4.6387,    19.2819                 
# span 5 =          0,          6                 
# span 6 =          0,          2                 
# span 7 = 0.0000e+00, 0.0000e+00                 
# interval = seconds: 0.25
# start_time = Aug 08 2022 17:08:49 [Instrument's time stamp, header]
# bad_flag = -9.990e-29
*END*
[from data line 3057]
   999.0580     -0.058     -0.059     0.1174    15.8578          6          2  0.000e+00
   999.0583     -0.058     -0.059     0.1162    15.8505          6          2  0.000e+00
   999.0583     -0.057     -0.058     0.1148    15.8433          6          2  0.000e+00
   999.0587     -0.058     -0.059     0.1139    15.8362          6          2  0.000e+00
   999.0592     -0.059     -0.060     0.1130    15.8293          6          2  0.000e+00
   999.0596     -0.057     -0.058     0.1121    15.8223          6          2  0.000e+00
   999.0611     -0.056     -0.057     0.1126    15.8153          6          2  0.000e+00
   999.0612     -0.057     -0.058     0.1113    15.8085          6          2  0.000e+00
   999.0625     -0.058     -0.059     0.1116    15.8017          6          2  0.000e+00
   999.0623     -0.058     -0.059     0.1099    15.7950          6          2  0.000e+00
   999.0618     -0.058     -0.059     0.1079    15.7887          6          2  0.000e+00
   999.0614     -0.057     -0.058     0.1060    15.7819          6          2  0.000e+00
   999.0633     -0.057     -0.058     0.1072    15.7756          6          2  0.000e+00
   999.0672     -0.057     -0.058     0.1110    15.7693          6          2  0.000e+00
   999.0663     -0.057     -0.058     0.1085    15.7630          6          2  0.000e+00
   999.0670     -0.057     -0.058     0.1081    15.7570          6          2  0.000e+00
   999.0686     -0.059     -0.060     0.1090    15.7509          6          2  0.000e+00
   999.0701     -0.058     -0.059     0.1097    15.7448          6          2  0.000e+00
   999.0719     -0.057     -0.058     0.1107    15.7390          6          2  0.000e+00
   999.0745     -0.058     -0.059     0.1129    15.7332          6          2  0.000e+00
   999.0754     -0.058     -0.059     0.1130    15.7276          6          2  0.000e+00
   999.0759     -0.057     -0.058     0.1124    15.7221          6          2  0.000e+00
   999.0753     -0.060     -0.061     0.1106    15.7170          6          2  0.000e+00
   999.0747     -0.057     -0.058     0.1087    15.7116          6          2  0.000e+00
   999.0740     -0.059     -0.060     0.1068    15.7065          6          2  0.000e+00
   999.1250     -0.058     -0.059     0.1717    15.7016          6          2  0.000e+00
  1002.7297     -0.057     -0.058     4.8618    15.6966          6          2  0.000e+00
  1002.1905     -0.058     -0.059     4.1570    15.6921          6          2  0.000e+00
  1001.4360     -0.057     -0.058     3.1728    15.6908          6          2  0.000e+00
  1001.7696     -0.057     -0.058     3.6095    15.6989          6          2  0.000e+00
  1001.7228     -0.057     -0.058     3.5512    15.7115          6          2  0.000e+00
  1000.8017     -0.058     -0.059     2.3536    15.7235          6          2  0.000e+00
  1000.4051     -0.058     -0.059     1.8397    15.7340          6          2  0.000e+00
  1000.1853     -0.058     -0.059     1.5555    15.7424          6          2  0.000e+00
  1000.0531     -0.059     -0.060     1.3851    15.7490          6          2  0.000e+00
   999.9249     -0.056     -0.057     1.2196    15.7541          6          2  0.000e+00
   999.7839     -0.058     -0.059     1.0374    15.7582          6          2  0.000e+00
   999.7330     -0.057     -0.058     0.9720    15.7616          6          2  0.000e+00
   999.6861     -0.057     -0.058     0.9117    15.7643          6          2  0.000e+00
   999.6511     -0.058     -0.059     0.8668    15.7663          6          2  0.000e+00
   999.6078     -0.058     -0.059     0.8108    15.7677          6          2  0.000e+00
   999.5463     -0.058     -0.059     0.7312    15.7685          6          2  0.000e+00
   999.5033     -0.059     -0.060     0.6756    15.7690          6          2  0.000e+00
   999.4624     -0.057     -0.058     0.6225    15.7693          6          2  0.000e+00
   999.4221     -0.057     -0.058     0.5703    15.7695          6          2  0.000e+00
   999.3914     -0.057     -0.058     0.5306    15.7693          6          2  0.000e+00
   999.3654     -0.058     -0.059     0.4969    15.7692          6          2  0.000e+00
