data/eDNA/PER-2022-473/473A007.cnv
* Sea-Bird SBE19plus  Data File:
* FileName = C:\Users\RSG_field\Ryan_Perley2022473\CTD\473A007.hex
* Software version 2.3.0 SB_Terminal.dll
* Temperature SN = 7141
* Conductivity SN = 7141
* System UpLoad Time = Aug 08 2022 18:20:34
* <ApplicationData>
* <SeatermAF>
** Platform: M. Perley
** Cruise: Per2022473
** Station:  ESI-07
** Cast: 01
** Latitude: N  44 43.3394
** Longitude: W 62 23.4990
** Sounding: 72.6
** Chief Scientist: Ryan Stanley
** Comment:
# nquan = 8
# nvalues = 2782                                  
# units = specified
# name 0 = density00: Density [density, kg/m^3]
# name 1 = depSM: Depth [salt water, m], lat = 45.00
# name 2 = prdM: Pressure, Strain Gauge [db]
# name 3 = sal00: Salinity, Practical [PSU]
# name 4 = tv290C: Temperature [ITS-90, deg C]
# name 5 = bpos: Bottle Position in Carousel
# name 6 = nbf: Bottles Fired
# name 7 = flag:  0.000e+00
# span 0 =   998.5900,  1026.0506                 
# span 1 =     -0.095,     67.998                 
# span 2 =     -0.096,     68.566                 
# span 3 =     0.0350,    32.7666                 
# span 4 =     3.4733,    18.1991                 
# span 5 =          0,          6                 
# span 6 =          0,          2                 
# span 7 = 0.0000e+00, 0.0000e+00                 
# interval = seconds: 0.25
# start_time = Aug 08 2022 17:56:36 [Instrument's time stamp, header]
# bad_flag = -9.990e-29
*END*
[from data line 1439]
  1025.9406     66.269     66.822    32.3096     4.1808          0          0  0.000e+00
  1025.9414     66.171     66.724    32.3111     4.1800          0          0  0.000e+00
  1025.9397     66.077     66.628    32.3095     4.1800          0          0  0.000e+00
  1025.9367     66.003     66.554    32.3061     4.1796          0          0  0.000e+00
  1025.9365     65.951     66.501    32.3059     4.1777          0          0  0.000e+00
  1025.9375     65.932     66.482    32.3070     4.1759          0          0  0.000e+00
  1025.9365     65.942     66.493    32.3055     4.1742          0          0  0.000e+00
  1025.9343     65.987     66.538    32.3022     4.1721          0          0  0.000e+00
  1025.9378     66.070     66.621    32.3058     4.1691          0          0  0.000e+00
  1025.9450     66.181     66.733    32.3139     4.1673          0          0  0.000e+00
  1025.9395     66.310     66.864    32.3064     4.1684          0          0  0.000e+00
  1025.9356     66.458     67.012    32.3004     4.1673          0          0  0.000e+00
  1025.9353     66.602     67.158    32.2987     4.1634          0          0  0.000e+00
  1025.9397     66.740     67.297    32.3029     4.1593          0          0  0.000e+00
  1025.9433     66.857     67.415    32.3065     4.1566          0          0  0.000e+00
  1025.9426     66.946     67.505    32.3048     4.1554          0          0  0.000e+00
  1025.9511     67.004     67.563    32.3151     4.1543          0          0  0.000e+00
  1025.9609     67.022     67.581    32.3276     4.1569          0          0  0.000e+00
  1025.9531     67.005     67.564    32.3187     4.1638          0          0  0.000e+00
  1025.9503     66.944     67.503    32.3163     4.1687          0          0  0.000e+00
  1025.9491     66.848     67.406    32.3156     4.1717          0          0  0.000e+00
  1025.9497     66.728     67.285    32.3175     4.1743          0          0  0.000e+00
  1025.9467     66.583     67.139    32.3150     4.1774          0          0  0.000e+00
  1025.9431     66.433     66.988    32.3116     4.1796          0          0  0.000e+00
  1025.9394     66.282     66.835    32.3080     4.1803          0          0  0.000e+00
  1025.9377     66.142     66.694    32.3065     4.1793          0          0  0.000e+00
  1025.9353     66.024     66.575    32.3040     4.1777          0          0  0.000e+00
  1025.9361     65.935     66.485    32.3052     4.1754          0          0  0.000e+00
  1025.9336     65.877     66.427    32.3021     4.1732          0          0  0.000e+00
  1025.9316     65.848     66.398    32.2994     4.1703          0          0  0.000e+00
  1025.9307     65.845     66.394    32.2978     4.1662          0          0  0.000e+00
  1025.9299     65.876     66.425    32.2960     4.1615          0          0  0.000e+00
  1025.9362     65.933     66.483    32.3030     4.1565          0          0  0.000e+00
  1025.9406     66.010     66.561    32.3077     4.1541          0          0  0.000e+00
  1025.9324     66.104     66.655    32.2967     4.1532          0          0  0.000e+00
  1025.9271     66.207     66.760    32.2889     4.1494          0          0  0.000e+00
  1025.9316     66.319     66.872    32.2931     4.1426          0          0  0.000e+00
  1025.9424     66.425     66.979    32.3054     4.1374          0          0  0.000e+00
  1025.9469     66.530     67.085    32.3103     4.1368          0          0  0.000e+00
  1025.9452     66.615     67.171    32.3079     4.1385          0          0  0.000e+00
  1025.9402     66.682     67.239    32.3014     4.1397          0          0  0.000e+00
  1025.9372     66.735     67.293    32.2971     4.1384          0          0  0.000e+00
  1025.9390     66.761     67.318    32.2989     4.1354          0          0  0.000e+00
  1025.9420     66.767     67.325    32.3024     4.1331          0          0  0.000e+00
  1025.9461     66.759     67.316    32.3073     4.1322          0          0  0.000e+00
  1025.9467     66.729     67.286    32.3084     4.1334          0          0  0.000e+00
  1025.9447     66.689     67.246    32.3064     4.1353          0          0  0.000e+00
  1025.9441     66.645     67.202    32.3061     4.1365          0          0  0.000e+00
  1025.9439     66.595     67.150    32.3063     4.1376          0          0  0.000e+00
  1025.9442     66.545     67.100    32.3071     4.1387          0          0  0.000e+00
  1025.9427     66.494     67.049    32.3057     4.1401          0          0  0.000e+00
  1025.9416     66.449     67.004    32.3047     4.1409          0          0  0.000e+00
  1025.9406     66.408     66.962    32.3037     4.1412          0          0  0.000e+00
  1025.9393     66.371     66.925    32.3023     4.1409          0          0  0.000e+00
  1025.9375     66.338     66.892    32.3000     4.1404          0          0  0.000e+00
  1025.9394     66.308     66.862    32.3025     4.1388          0          0  0.000e+00
  1025.9390     66.279     66.832    32.3021     4.1381          0          0  0.000e+00
  1025.9382     66.249     66.802    32.3012     4.1374          0          0  0.000e+00
  1025.9388     66.227     66.779    32.3020     4.1368          0          0  0.000e+00
  1025.9380     66.214     66.767    32.3010     4.1362          0          0  0.000e+00
  1025.9336     66.215     66.768    32.2952     4.1350          0          0  0.000e+00
  1025.9334     66.232     66.785    32.2945     4.1323          0          0  0.000e+00
  1025.9384     66.269     66.822    32.3002     4.1289          0          0  0.000e+00
  1025.9417     66.324     66.878    32.3038     4.1277          0          0  0.000e+00
  1025.9478     66.396     66.951    32.3112     4.1280          0          0  0.000e+00
  1025.9522     66.472     67.026    32.3167     4.1311          0          0  0.000e+00
  1025.9432     66.553     67.109    32.3055     4.1359          0          0  0.000e+00
  1025.9353     66.624     67.180    32.2953     4.1373          0          0  0.000e+00
  1025.9432     66.691     67.248    32.3045     4.1346          0          0  0.000e+00
  1025.9464     66.736     67.293    32.3082     4.1342          0          0  0.000e+00
  1025.9434     66.762     67.319    32.3045     4.1359          0          0  0.000e+00
  1025.9419     66.768     67.326    32.3025     4.1364          0          0  0.000e+00
  1025.9373     66.749     67.307    32.2968     4.1359          0          0  0.000e+00
  1025.9369     66.711     67.268    32.2963     4.1335          0          0  0.000e+00
  1025.9399     66.654     67.210    32.3001     4.1308          0          0  0.000e+00
  1025.9416     66.582     67.138    32.3024     4.1296          0          0  0.000e+00
  1025.9403     66.502     67.058    32.3012     4.1295          0          0  0.000e+00
  1025.9381     66.418     66.972    32.2990     4.1292          0          0  0.000e+00
  1025.9365     66.337     66.891    32.2973     4.1282          0          0  0.000e+00
  1025.9348     66.268     66.821    32.2953     4.1264          0          0  0.000e+00
  1025.9362     66.213     66.766    32.2972     4.1240          0          0  0.000e+00
  1025.9361     66.178     66.730    32.2970     4.1221          0          0  0.000e+00
  1025.9378     66.171     66.723    32.2989     4.1204          0          0  0.000e+00
  1025.9364     66.188     66.740    32.2970     4.1195          0          0  0.000e+00
  1025.9379     66.231     66.784    32.2984     4.1181          0          0  0.000e+00
  1025.9406     66.297     66.850    32.3013     4.1171          0          0  0.000e+00
  1025.9424     66.373     66.927    32.3031     4.1172          0          0  0.000e+00
  1025.9393     66.464     67.019    32.2988     4.1182          0          0  0.000e+00
  1025.9385     66.547     67.102    32.2973     4.1176          0          0  0.000e+00
  1025.9874     66.628     67.184    32.3584     4.1182          0          0  0.000e+00
  1025.9821     66.693     67.250    32.3537     4.1369          0          0  0.000e+00
  1025.9599     66.749     67.307    32.3282     4.1579          0          0  0.000e+00
  1025.9511     66.788     67.345    32.3181     4.1682          0          0  0.000e+00
  1025.9480     66.811     67.369    32.3147     4.1729          0          0  0.000e+00
  1025.9456     66.817     67.375    32.3119     4.1754          0          0  0.000e+00
  1025.9468     66.808     67.365    32.3136     4.1766          0          0  0.000e+00
  1025.9478     66.787     67.344    32.3152     4.1783          0          0  0.000e+00
  1025.9534     66.755     67.312    32.3228     4.1806          0          0  0.000e+00
  1025.9478     66.719     67.276    32.3165     4.1851          0          0  0.000e+00
  1025.9380     66.677     67.234    32.3048     4.1879          0          0  0.000e+00
  1025.9369     66.637     67.193    32.3034     4.1861          0          0  0.000e+00
  1025.9421     66.599     67.155    32.3098     4.1832          0          0  0.000e+00
  1025.9410     66.567     67.123    32.3085     4.1822          0          0  0.000e+00
  1025.9389     66.536     67.092    32.3059     4.1816          0          0  0.000e+00
  1025.9377     66.513     67.068    32.3043     4.1798          0          0  0.000e+00
  1025.9416     66.493     67.048    32.3090     4.1775          0          0  0.000e+00
  1025.9498     66.476     67.031    32.3195     4.1771          0          0  0.000e+00
  1025.9418     66.461     67.016    32.3098     4.1801          0          0  0.000e+00
  1025.9344     66.452     67.006    32.3006     4.1805          0          0  0.000e+00
  1025.9394     66.446     67.001    32.3065     4.1770          0          0  0.000e+00
  1025.9407     66.446     67.001    32.3080     4.1751          0          0  0.000e+00
  1025.9514     66.455     67.010    32.3214     4.1750          0          0  0.000e+00
  1025.9635     66.469     67.023    32.3371     4.1795          0          0  0.000e+00
  1025.9664     66.488     67.043    32.3419     4.1895          0          0  0.000e+00
  1025.9619     66.513     67.068    32.3376     4.2014          0          0  0.000e+00
  1025.9537     66.546     67.101    32.3283     4.2113          0          0  0.000e+00
  1025.9465     66.583     67.139    32.3198     4.2171          0          0  0.000e+00
  1025.9345     66.616     67.172    32.3047     4.2187          0          0  0.000e+00
  1025.9424     66.653     67.209    32.3140     4.2153          0          0  0.000e+00
  1025.9546     66.684     67.241    32.3290     4.2139          0          0  0.000e+00
  1025.9633     66.711     67.268    32.3404     4.2182          0          0  0.000e+00
  1025.9690     66.726     67.283    32.3486     4.2274          0          0  0.000e+00
  1025.9592     66.742     67.299    32.3377     4.2389          0          0  0.000e+00
  1025.9495     66.744     67.301    32.3264     4.2467          0          0  0.000e+00
  1025.9479     66.746     67.304    32.3248     4.2495          0          0  0.000e+00
  1025.9465     66.756     67.313    32.3231     4.2508          0          0  0.000e+00
  1025.9464     66.770     67.327    32.3229     4.2511          0          0  0.000e+00
  1025.9527     66.785     67.342    32.3309     4.2519          0          0  0.000e+00
  1025.9464     66.810     67.368    32.3231     4.2542          0          0  0.000e+00
  1025.9578     66.841     67.399    32.3373     4.2551          0          0  0.000e+00
  1025.9578     66.874     67.432    32.3378     4.2598          0          0  0.000e+00
  1025.9531     66.903     67.462    32.3324     4.2652          0          0  0.000e+00
  1025.9543     66.922     67.481    32.3342     4.2685          0          0  0.000e+00
  1025.9502     66.935     67.494    32.3295     4.2718          0          0  0.000e+00
  1025.9448     66.931     67.490    32.3229     4.2735          0          0  0.000e+00
  1025.9442     66.913     67.472    32.3221     4.2724          0          0  0.000e+00
  1025.9453     66.880     67.438    32.3234     4.2707          0          0  0.000e+00
  1025.9458     66.833     67.391    32.3242     4.2696          0          0  0.000e+00
  1025.9458     66.779     67.337    32.3245     4.2690          0          0  0.000e+00
  1025.9459     66.726     67.283    32.3248     4.2686          0          0  0.000e+00
  1025.9446     66.671     67.228    32.3235     4.2683          0          0  0.000e+00
  1025.9432     66.625     67.181    32.3219     4.2677          0          0  0.000e+00
  1025.9428     66.587     67.143    32.3214     4.2663          0          0  0.000e+00
  1025.9436     66.565     67.121    32.3224     4.2648          0          0  0.000e+00
  1025.9431     66.559     67.114    32.3216     4.2636          0          0  0.000e+00
  1025.9421     66.566     67.122    32.3202     4.2624          0          0  0.000e+00
  1025.9470     66.589     67.144    32.3260     4.2608          0          0  0.000e+00
  1025.9505     66.631     67.187    32.3302     4.2608          0          0  0.000e+00
  1025.9530     66.689     67.246    32.3332     4.2626          0          0  0.000e+00
  1025.9580     66.756     67.313    32.3396     4.2658          0          0  0.000e+00
  1025.9521     66.832     67.390    32.3323     4.2706          0          0  0.000e+00
  1025.9478     66.910     67.468    32.3267     4.2734          0          0  0.000e+00
  1025.9463     66.991     67.551    32.3244     4.2733          0          0  0.000e+00
  1025.9460     67.070     67.630    32.3234     4.2724          0          0  0.000e+00
  1025.9468     67.137     67.697    32.3239     4.2712          0          0  0.000e+00
  1025.9471     67.197     67.758    32.3237     4.2699          0          0  0.000e+00
  1025.9476     67.238     67.800    32.3240     4.2688          0          0  0.000e+00
  1025.9486     67.269     67.831    32.3249     4.2678          0          0  0.000e+00
  1025.9460     67.277     67.838    32.3215     4.2672          0          0  0.000e+00
  1025.9464     67.262     67.823    32.3219     4.2655          0          0  0.000e+00
  1025.9485     67.230     67.791    32.3245     4.2640          0          0  0.000e+00
  1025.9502     67.177     67.738    32.3269     4.2635          1          1  0.000e+00
  1025.9505     67.106     67.666    32.3277     4.2641          1          1  0.000e+00
  1025.9479     67.031     67.590    32.3251     4.2651          1          1  0.000e+00
  1025.9478     66.950     67.509    32.3255     4.2653          1          1  0.000e+00
  1025.9483     66.866     67.425    32.3266     4.2654          1          1  0.000e+00
  1025.9473     66.790     67.348    32.3259     4.2658          1          1  0.000e+00
  1025.9470     66.770     67.327    32.3256     4.2662          1          1  0.000e+00
  1025.9452     66.677     67.233    32.3239     4.2663          1          1  0.000e+00
  1025.9415     66.649     67.205    32.3193     4.2656          1          1  0.000e+00
  1025.9323     66.644     67.200    32.3075     4.2632          1          1  0.000e+00
  1025.9332     66.662     67.218    32.3077     4.2569          1          1  0.000e+00
  1025.9293     66.709     67.266    32.3017     4.2502          1          1  0.000e+00
  1025.9375     66.783     67.340    32.3105     4.2421          1          1  0.000e+00
  1025.9518     66.881     67.440    32.3273     4.2373          1          1  0.000e+00
  1025.9571     66.989     67.549    32.3335     4.2386          1          1  0.000e+00
  1025.9569     67.116     67.676    32.3330     4.2427          1          1  0.000e+00
  1025.9585     67.236     67.798    32.3350     4.2475          1          1  0.000e+00
