data/eDNA/PER-2022-473/473A018.cnv
* Sea-Bird SBE19plus  Data File:
* FileName = C:\Users\RSG_field\Ryan_Perley2022473\CTD\473A018.hex
* Software version 2.3.0 SB_Terminal.dll
* Temperature SN = 7141
* Conductivity SN = 7141
* System UpLoad Time = Aug 14 2022 13:16:59
* <ApplicationData>
* <SeatermAF>
** Platform: M. Perley
** Cruise: Per2022473
** Station:  SAB_Trans_01
** Cast: 01
** Latitude: N  45 59.3684
** Longitude: W 59 12.6352
** Sounding: 24.5
** Chief Scientist: Ryan Stanley
** Comment: CAST 473A018 SampleID 493859-493865 (buffer)
** CAST 36 - pH readings may be off because buffer bottle fell off in transit form ESI to SAB
# nquan = 8
# nvalues = 1801                                  
# units = specified
# name 0 = density00: Density [density, kg/m^3]
# name 1 = depSM: Depth [salt water, m], lat = 45.00
# name 2 = prdM: Pressure, Strain Gauge [db]
# name 3 = sal00: Salinity, Practical [PSU]
# name 4 = tv290C: Temperature [ITS-90, deg C]
# name 5 = bpos: Bottle Position in Carousel
# name 6 = nbf: Bottles Fired
# name 7 = flag:  0.000e+00
# span 0 =   998.1733,  1020.9957                 
# span 1 =     -0.119,     23.018                 
# span 2 =     -0.120,     23.208                 
# span 3 =     0.0184,    29.6205                 
# span 4 =    19.0806,    20.2204                 
# span 5 =          0,          6                 
# span 6 =          0,          2                 
# span 7 = 0.0000e+00, 0.0000e+00                 
# interval = seconds: 0.25
# start_time = Aug 14 2022 13:05:24 [Instrument's time stamp, header]
# bad_flag = -9.990e-29
*END*
[from data line 1079]
  1020.9566     22.664     22.851    29.5810    19.1172          0          0  0.000e+00
  1020.9561     22.585     22.772    29.5808    19.1174          0          0  0.000e+00
  1020.9558     22.502     22.687    29.5809    19.1174          0          0  0.000e+00
  1020.9554     22.423     22.608    29.5809    19.1175          1          1  0.000e+00
  1020.9550     22.350     22.534    29.5808    19.1175          1          1  0.000e+00
  1020.9548     22.290     22.473    29.5809    19.1178          1          1  0.000e+00
  1020.9543     22.243     22.426    29.5806    19.1179          1          1  0.000e+00
  1020.9543     22.213     22.396    29.5807    19.1178          1          1  0.000e+00
  1020.9540     22.200     22.383    29.5804    19.1179          1          1  0.000e+00
  1020.9543     22.204     22.387    29.5807    19.1176          1          1  0.000e+00
  1020.9540     22.224     22.407    29.5802    19.1177          1          1  0.000e+00
  1020.9541     22.260     22.443    29.5802    19.1176          1          1  0.000e+00
  1020.9544     22.306     22.489    29.5802    19.1176          1          1  0.000e+00
  1020.9549     22.364     22.548    29.5806    19.1173          1          1  0.000e+00
  1020.9557     22.422     22.607    29.5811    19.1170          1          1  0.000e+00
  1020.9561     22.490     22.675    29.5811    19.1167          1          1  0.000e+00
  1020.9566     22.555     22.741    29.5813    19.1165          1          1  0.000e+00
  1020.9572     22.615     22.802    29.5819    19.1165          1          1  0.000e+00
  1020.9591     22.672     22.859    29.5839    19.1162          1          1  0.000e+00
  1020.9654     22.722     22.909    29.5911    19.1138          1          1  0.000e+00
  1020.9720     22.754     22.942    29.5975    19.1075          1          1  0.000e+00
  1020.9778     22.771     22.959    29.6029    19.1007          1          1  0.000e+00
  1020.9811     22.773     22.961    29.6057    19.0964          1          1  0.000e+00
  1020.9812     22.758     22.946    29.6053    19.0943          1          1  0.000e+00
  1020.9792     22.724     22.912    29.6032    19.0954          1          1  0.000e+00
  1020.9751     22.680     22.867    29.5989    19.0982          1          1  0.000e+00
  1020.9709     22.625     22.811    29.5950    19.1019          1          1  0.000e+00
  1020.9681     22.565     22.751    29.5928    19.1056          1          1  0.000e+00
  1020.9663     22.504     22.689    29.5914    19.1075          1          1  0.000e+00
  1020.9650     22.447     22.632    29.5904    19.1085          1          1  0.000e+00
  1020.9639     22.392     22.576    29.5895    19.1093          1          1  0.000e+00
  1020.9628     22.346     22.530    29.5887    19.1100          1          1  0.000e+00
  1020.9616     22.307     22.490    29.5876    19.1108          1          1  0.000e+00
  1020.9605     22.273     22.456    29.5866    19.1116          1          1  0.000e+00
  1020.9592     22.242     22.425    29.5853    19.1124          1          1  0.000e+00
  1020.9579     22.217     22.400    29.5841    19.1135          1          1  0.000e+00
  1020.9573     22.195     22.378    29.5838    19.1146          1          1  0.000e+00
  1020.9572     22.185     22.368    29.5838    19.1148          1          1  0.000e+00
  1020.9567     22.178     22.361    29.5831    19.1148          1          1  0.000e+00
  1020.9560     22.182     22.364    29.5824    19.1151          1          1  0.000e+00
  1020.9559     22.201     22.384    29.5822    19.1156          1          1  0.000e+00
  1020.9561     22.236     22.419    29.5825    19.1161          1          1  0.000e+00
  1020.9568     22.289     22.472    29.5830    19.1159          1          1  0.000e+00
  1020.9600     22.362     22.546    29.5864    19.1148          1          1  0.000e+00
  1020.9645     22.449     22.634    29.5909    19.1120          1          1  0.000e+00
  1020.9693     22.551     22.736    29.5951    19.1077          1          1  0.000e+00
  1020.9721     22.655     22.842    29.5969    19.1035          1          1  0.000e+00
  1020.9732     22.761     22.949    29.5974    19.1022          1          1  0.000e+00
  1020.9732     22.859     23.047    29.5968    19.1024          1          1  0.000e+00
  1020.9739     22.937     23.126    29.5975    19.1033          1          1  0.000e+00
  1020.9748     22.993     23.182    29.5982    19.1024          1          1  0.000e+00
  1020.9761     23.018     23.208    29.5994    19.1016          1          1  0.000e+00
  1020.9764     23.012     23.201    29.5997    19.1011          1          1  0.000e+00
  1020.9759     22.971     23.161    29.5992    19.1007          1          1  0.000e+00
  1020.9750     22.902     23.091    29.5986    19.1015          1          1  0.000e+00
  1020.9736     22.807     22.995    29.5977    19.1026          1          1  0.000e+00
  1020.9722     22.701     22.888    29.5967    19.1037          1          1  0.000e+00
  1020.9709     22.589     22.775    29.5960    19.1043          1          1  0.000e+00
  1020.9700     22.476     22.661    29.5956    19.1048          1          1  0.000e+00
  1020.9689     22.375     22.559    29.5949    19.1053          1          1  0.000e+00
  1020.9679     22.288     22.471    29.5942    19.1057          1          1  0.000e+00
  1020.9676     22.223     22.406    29.5943    19.1060          1          1  0.000e+00
  1020.9669     22.180     22.362    29.5938    19.1061          1          1  0.000e+00
  1020.9664     22.159     22.342    29.5932    19.1061          1          1  0.000e+00
  1020.9660     22.158     22.341    29.5928    19.1064          1          1  0.000e+00
  1020.9656     22.170     22.353    29.5923    19.1069          1          1  0.000e+00
  1020.9655     22.196     22.379    29.5921    19.1071          1          1  0.000e+00
  1020.9654     22.227     22.410    29.5919    19.1076          1          1  0.000e+00
  1020.9655     22.259     22.442    29.5919    19.1075          1          1  0.000e+00
  1020.9655     22.294     22.478    29.5916    19.1075          1          1  0.000e+00
  1020.9632     22.323     22.507    29.5886    19.1080          1          1  0.000e+00
  1020.9608     22.347     22.531    29.5860    19.1102          1          1  0.000e+00
  1020.9587     22.370     22.555    29.5841    19.1130          1          1  0.000e+00
  1020.9585     22.393     22.577    29.5841    19.1146          1          1  0.000e+00
  1020.9586     22.423     22.608    29.5841    19.1146          1          1  0.000e+00
  1020.9589     22.457     22.642    29.5842    19.1144          1          1  0.000e+00
  1020.9589     22.504     22.689    29.5840    19.1144          1          1  0.000e+00
  1020.9587     22.561     22.747    29.5836    19.1149          1          1  0.000e+00
  1020.9585     22.620     22.807    29.5830    19.1149          1          1  0.000e+00
  1020.9583     22.691     22.878    29.5825    19.1156          1          1  0.000e+00
  1020.9591     22.755     22.943    29.5832    19.1157          1          1  0.000e+00
  1020.9601     22.817     23.005    29.5840    19.1151          1          1  0.000e+00
  1020.9647     22.861     23.049    29.5893    19.1138          1          1  0.000e+00
  1020.9694     22.888     23.076    29.5942    19.1100          1          1  0.000e+00
  1020.9755     22.891     23.079    29.6004    19.1047          1          1  0.000e+00
  1020.9785     22.869     23.057    29.6026    19.0990          1          1  0.000e+00
  1020.9774     22.819     23.007    29.6008    19.0969          1          1  0.000e+00
  1020.9731     22.743     22.931    29.5966    19.0998          1          1  0.000e+00
  1020.9695     22.648     22.835    29.5938    19.1045          1          1  0.000e+00
  1020.9676     22.537     22.722    29.5929    19.1072          1          1  0.000e+00
  1020.9665     22.420     22.605    29.5923    19.1078          1          1  0.000e+00
  1020.9652     22.306     22.489    29.5914    19.1081          1          1  0.000e+00
  1020.9641     22.203     22.386    29.5907    19.1086          1          1  0.000e+00
  1020.9627     22.113     22.295    29.5896    19.1094          1          1  0.000e+00
  1020.9615     22.050     22.232    29.5887    19.1102          1          1  0.000e+00
  1020.9601     22.015     22.197    29.5874    19.1112          1          1  0.000e+00
  1020.9592     22.007     22.188    29.5865    19.1122          1          1  0.000e+00
  1020.9584     22.030     22.212    29.5856    19.1129          1          1  0.000e+00
  1020.9583     22.086     22.268    29.5853    19.1133          1          1  0.000e+00
  1020.9599     22.165     22.347    29.5869    19.1134          1          1  0.000e+00
  1020.9618     22.267     22.451    29.5884    19.1120          1          1  0.000e+00
  1020.9643     22.383     22.567    29.5905    19.1104          1          1  0.000e+00
  1020.9690     22.508     22.694    29.5952    19.1082          1          1  0.000e+00
  1020.9723     22.631     22.818    29.5976    19.1044          1          1  0.000e+00
  1020.9749     22.742     22.930    29.5995    19.1015          1          1  0.000e+00
  1020.9773     22.834     23.022    29.6015    19.1001          1          1  0.000e+00
  1020.9802     22.896     23.085    29.6043    19.0979          1          1  0.000e+00
  1020.9812     22.927     23.116    29.6047    19.0958          1          1  0.000e+00
  1020.9813     22.926     23.115    29.6047    19.0953          1          1  0.000e+00
  1020.9810     22.895     23.084    29.6048    19.0960          1          1  0.000e+00
  1020.9797     22.839     23.027    29.6036    19.0966          1          1  0.000e+00
  1020.9782     22.769     22.956    29.6024    19.0980          1          1  0.000e+00
  1020.9771     22.690     22.877    29.6018    19.0992          1          1  0.000e+00
  1020.9763     22.609     22.795    29.6015    19.0998          1          1  0.000e+00
  1020.9754     22.536     22.721    29.6009    19.1002          1          1  0.000e+00
  1020.9743     22.478     22.664    29.5999    19.1007          1          1  0.000e+00
  1020.9734     22.435     22.620    29.5992    19.1013          1          1  0.000e+00
  1020.9727     22.402     22.587    29.5985    19.1018          1          1  0.000e+00
  1020.9718     22.383     22.567    29.5978    19.1026          1          1  0.000e+00
  1020.9712     22.370     22.555    29.5971    19.1028          1          1  0.000e+00
  1020.9706     22.363     22.547    29.5965    19.1031          1          1  0.000e+00
  1020.9702     22.353     22.538    29.5962    19.1036          1          1  0.000e+00
  1020.9683     22.342     22.526    29.5939    19.1040          1          1  0.000e+00
  1020.9660     22.333     22.517    29.5916    19.1058          1          1  0.000e+00
  1020.9641     22.320     22.504    29.5899    19.1084          1          1  0.000e+00
  1020.9630     22.313     22.497    29.5890    19.1097          1          1  0.000e+00
  1020.9618     22.312     22.496    29.5876    19.1105          1          1  0.000e+00
  1020.9606     22.314     22.498    29.5864    19.1114          1          1  0.000e+00
  1020.9597     22.326     22.510    29.5856    19.1128          1          1  0.000e+00
  1020.9591     22.354     22.539    29.5848    19.1136          1          1  0.000e+00
  1020.9584     22.397     22.581    29.5839    19.1142          1          1  0.000e+00
  1020.9566     22.452     22.637    29.5815    19.1150          1          1  0.000e+00
  1020.9552     22.520     22.705    29.5798    19.1169          1          1  0.000e+00
  1020.9555     22.591     22.777    29.5802    19.1183          1          1  0.000e+00
  1020.9570     22.662     22.849    29.5818    19.1182          1          1  0.000e+00
  1020.9615     22.731     22.918    29.5867    19.1164          1          1  0.000e+00
  1020.9666     22.786     22.974    29.5917    19.1119          1          1  0.000e+00
  1020.9684     22.819     23.007    29.5924    19.1073          1          1  0.000e+00
  1020.9688     22.834     23.022    29.5924    19.1062          1          1  0.000e+00
  1020.9680     22.825     23.013    29.5918    19.1075          1          1  0.000e+00
  1020.9666     22.790     22.978    29.5906    19.1087          1          1  0.000e+00
  1020.9649     22.735     22.922    29.5890    19.1097          1          1  0.000e+00
  1020.9636     22.657     22.843    29.5881    19.1108          1          1  0.000e+00
  1020.9627     22.565     22.751    29.5878    19.1120          1          1  0.000e+00
  1020.9618     22.468     22.653    29.5874    19.1124          1          1  0.000e+00
  1020.9611     22.370     22.555    29.5871    19.1126          1          1  0.000e+00
  1020.9598     22.275     22.458    29.5860    19.1131          1          1  0.000e+00
  1020.9585     22.198     22.380    29.5851    19.1138          1          1  0.000e+00
  1020.9576     22.134     22.316    29.5844    19.1145          1          1  0.000e+00
  1020.9570     22.095     22.277    29.5841    19.1149          1          1  0.000e+00
  1020.9566     22.080     22.262    29.5836    19.1151          1          1  0.000e+00
  1020.9562     22.090     22.272    29.5832    19.1154          1          1  0.000e+00
  1020.9561     22.122     22.305    29.5830    19.1157          1          1  0.000e+00
  1020.9566     22.178     22.361    29.5833    19.1158          1          1  0.000e+00
  1020.9565     22.251     22.434    29.5828    19.1157          1          1  0.000e+00
  1020.9568     22.339     22.523    29.5828    19.1160          1          1  0.000e+00
  1020.9578     22.433     22.618    29.5835    19.1160          1          1  0.000e+00
  1020.9615     22.526     22.712    29.5877    19.1155          1          1  0.000e+00
  1020.9690     22.618     22.805    29.5953    19.1106          1          1  0.000e+00
  1020.9759     22.698     22.885    29.6016    19.1031          1          1  0.000e+00
  1020.9825     22.764     22.951    29.6077    19.0967          1          1  0.000e+00
  1020.9855     22.804     22.992    29.6098    19.0918          1          1  0.000e+00
  1020.9876     22.823     23.011    29.6119    19.0899          1          1  0.000e+00
  1020.9884     22.823     23.011    29.6124    19.0884          1          1  0.000e+00
  1020.9885     22.803     22.991    29.6128    19.0887          1          1  0.000e+00
  1020.9871     22.771     22.959    29.6113    19.0892          1          1  0.000e+00
  1020.9848     22.732     22.919    29.6090    19.0905          1          1  0.000e+00
  1020.9827     22.687     22.874    29.6073    19.0934          1          1  0.000e+00
  1020.9817     22.644     22.830    29.6067    19.0948          1          1  0.000e+00
  1020.9814     22.608     22.794    29.6066    19.0950          1          1  0.000e+00
  1020.9809     22.578     22.764    29.6062    19.0952          1          1  0.000e+00
  1020.9799     22.559     22.745    29.6052    19.0959          1          1  0.000e+00
  1020.9786     22.544     22.730    29.6038    19.0965          1          1  0.000e+00
  1020.9782     22.540     22.726    29.6036    19.0976          1          1  0.000e+00
  1020.9787     22.532     22.718    29.6043    19.0976          1          1  0.000e+00
  1020.9791     22.522     22.707    29.6046    19.0967          1          1  0.000e+00
  1020.9793     22.504     22.689    29.6047    19.0958          1          1  0.000e+00
  1020.9791     22.475     22.660    29.6047    19.0958          1          1  0.000e+00
  1020.9774     22.436     22.621    29.6029    19.0965          1          1  0.000e+00
