data/eDNA/PER-2022-473/473A017.cnv
* Sea-Bird SBE19plus  Data File:
* FileName = C:\Users\RSG_field\Ryan_Perley2022473\CTD\473A017.hex
* Software version 2.3.0 SB_Terminal.dll
* Temperature SN = 7141
* Conductivity SN = 7141
* System UpLoad Time = Aug 10 2022 19:14:27
* <ApplicationData>
* <SeatermAF>
** Platform: M. Perley
** Cruise: Per2022473
** Station:  ESI_09
** Cast: 01
** Latitude: N  44 44.3742
** Longitude: W 62 43.6238
** Sounding: 16.9
** Chief Scientist: Ryan Stanley
** Comment: CastID 473A017 SampleIDs 493853-493858 Cast 35
# nquan = 8
# nvalues = 1767                                  
# units = specified
# name 0 = density00: Density [density, kg/m^3]
# name 1 = depSM: Depth [salt water, m], lat = 45.00
# name 2 = prdM: Pressure, Strain Gauge [db]
# name 3 = sal00: Salinity, Practical [PSU]
# name 4 = tv290C: Temperature [ITS-90, deg C]
# name 5 = bpos: Bottle Position in Carousel
# name 6 = nbf: Bottles Fired
# name 7 = flag:  0.000e+00
# span 0 =   999.1475,  1024.3244                 
# span 1 =     -0.079,     16.666                 
# span 2 =     -0.079,     16.803                 
# span 3 =     0.0559,    31.1997                 
# span 4 =     7.1688,    15.1036                 
# span 5 =          0,          6                 
# span 6 =          0,          2                 
# span 7 = 0.0000e+00, 0.0000e+00                 
# interval = seconds: 0.25
# start_time = Aug 10 2022 19:03:30 [Instrument's time stamp, header]
# bad_flag = -9.990e-29
*END*
[from data line 1259]
  1024.2958     16.229     16.362    30.9709     7.1992          1          1  0.000e+00
  1024.2960     16.252     16.386    30.9707     7.1981          1          1  0.000e+00
  1024.2957     16.270     16.404    30.9701     7.1971          1          1  0.000e+00
  1024.2981     16.278     16.412    30.9729     7.1959          1          1  0.000e+00
  1024.2991     16.278     16.412    30.9742     7.1959          1          1  0.000e+00
  1024.2992     16.273     16.407    30.9745     7.1966          1          1  0.000e+00
  1024.3011     16.259     16.393    30.9771     7.1975          1          1  0.000e+00
  1024.3015     16.240     16.374    30.9781     7.1998          1          1  0.000e+00
  1024.3011     16.213     16.346    30.9783     7.2028          1          1  0.000e+00
  1024.2985     16.185     16.318    30.9757     7.2061          1          1  0.000e+00
  1024.2974     16.155     16.288    30.9748     7.2084          1          1  0.000e+00
  1024.2960     16.129     16.262    30.9735     7.2101          1          1  0.000e+00
  1024.2957     16.101     16.234    30.9735     7.2111          1          1  0.000e+00
  1024.2949     16.080     16.212    30.9727     7.2119          1          1  0.000e+00
  1024.2934     16.063     16.195    30.9710     7.2125          1          1  0.000e+00
  1024.2924     16.053     16.185    30.9698     7.2122          1          1  0.000e+00
  1024.2920     16.049     16.181    30.9690     7.2113          1          1  0.000e+00
  1024.2925     16.054     16.186    30.9694     7.2099          1          1  0.000e+00
  1024.2943     16.061     16.193    30.9715     7.2089          1          1  0.000e+00
  1024.2944     16.078     16.210    30.9715     7.2084          1          1  0.000e+00
  1024.2934     16.097     16.230    30.9701     7.2083          1          1  0.000e+00
  1024.2939     16.120     16.253    30.9705     7.2074          1          1  0.000e+00
  1024.2939     16.139     16.271    30.9702     7.2065          1          1  0.000e+00
  1024.2944     16.157     16.289    30.9706     7.2055          1          1  0.000e+00
  1024.2948     16.168     16.301    30.9708     7.2046          1          1  0.000e+00
  1024.2950     16.177     16.310    30.9709     7.2039          1          1  0.000e+00
  1024.2956     16.181     16.314    30.9715     7.2031          1          1  0.000e+00
  1024.2955     16.184     16.317    30.9713     7.2027          1          1  0.000e+00
  1024.2965     16.187     16.320    30.9724     7.2021          1          1  0.000e+00
  1024.2965     16.188     16.321    30.9724     7.2020          1          1  0.000e+00
  1024.2969     16.190     16.324    30.9729     7.2022          1          1  0.000e+00
  1024.2971     16.200     16.333    30.9732     7.2025          1          1  0.000e+00
  1024.2969     16.212     16.345    30.9730     7.2030          1          1  0.000e+00
  1024.2965     16.228     16.361    30.9724     7.2035          1          1  0.000e+00
  1024.2970     16.243     16.377    30.9730     7.2037          1          1  0.000e+00
  1024.2968     16.261     16.395    30.9727     7.2039          1          1  0.000e+00
  1024.2954     16.271     16.405    30.9709     7.2043          1          1  0.000e+00
  1024.2945     16.275     16.409    30.9696     7.2038          1          1  0.000e+00
  1024.2945     16.270     16.404    30.9695     7.2025          1          1  0.000e+00
  1024.2950     16.255     16.389    30.9699     7.2006          1          1  0.000e+00
  1024.2973     16.230     16.363    30.9727     7.1992          1          1  0.000e+00
  1024.2998     16.198     16.331    30.9761     7.1991          1          1  0.000e+00
  1024.3004     16.158     16.290    30.9773     7.2007          1          1  0.000e+00
  1024.2999     16.117     16.250    30.9774     7.2031          1          1  0.000e+00
  1024.2980     16.086     16.218    30.9755     7.2057          1          1  0.000e+00
  1024.2970     16.057     16.189    30.9747     7.2075          1          1  0.000e+00
  1024.2959     16.044     16.176    30.9736     7.2088          1          1  0.000e+00
  1024.2945     16.042     16.174    30.9720     7.2097          1          1  0.000e+00
  1024.2928     16.055     16.187    30.9699     7.2099          1          1  0.000e+00
  1024.2920     16.078     16.210    30.9685     7.2089          1          1  0.000e+00
  1024.2931     16.107     16.239    30.9694     7.2072          1          1  0.000e+00
  1024.2943     16.142     16.274    30.9705     7.2056          1          1  0.000e+00
  1024.2952     16.177     16.310    30.9713     7.2046          1          1  0.000e+00
  1024.2958     16.204     16.338    30.9718     7.2040          1          1  0.000e+00
  1024.2961     16.220     16.354    30.9720     7.2036          1          1  0.000e+00
  1024.2955     16.223     16.357    30.9712     7.2034          1          1  0.000e+00
  1024.2954     16.215     16.348    30.9710     7.2028          1          1  0.000e+00
  1024.2957     16.198     16.331    30.9713     7.2020          1          1  0.000e+00
  1024.2966     16.182     16.315    30.9725     7.2016          1          1  0.000e+00
  1024.2980     16.164     16.297    30.9744     7.2016          1          1  0.000e+00
  1024.2974     16.150     16.283    30.9739     7.2025          1          1  0.000e+00
  1024.2971     16.145     16.278    30.9736     7.2032          1          1  0.000e+00
  1024.2963     16.145     16.278    30.9727     7.2039          1          1  0.000e+00
  1024.2961     16.157     16.289    30.9725     7.2043          1          1  0.000e+00
  1024.2957     16.174     16.307    30.9719     7.2045          1          1  0.000e+00
  1024.2958     16.194     16.327    30.9719     7.2045          1          1  0.000e+00
  1024.2945     16.215     16.348    30.9701     7.2043          1          1  0.000e+00
  1024.2943     16.235     16.369    30.9696     7.2034          1          1  0.000e+00
  1024.2953     16.248     16.381    30.9705     7.2019          1          1  0.000e+00
  1024.2958     16.252     16.386    30.9709     7.2009          1          1  0.000e+00
  1024.2970     16.249     16.382    30.9724     7.1998          1          1  0.000e+00
  1024.2983     16.239     16.373    30.9740     7.1997          1          1  0.000e+00
  1024.2991     16.224     16.358    30.9752     7.2004          1          1  0.000e+00
  1024.3007     16.206     16.340    30.9776     7.2016          1          1  0.000e+00
  1024.2999     16.189     16.323    30.9770     7.2040          1          1  0.000e+00
  1024.2974     16.175     16.308    30.9744     7.2063          1          1  0.000e+00
  1024.2966     16.165     16.298    30.9737     7.2077          1          1  0.000e+00
  1024.2958     16.158     16.291    30.9728     7.2087          1          1  0.000e+00
  1024.2950     16.156     16.288    30.9720     7.2092          1          1  0.000e+00
  1024.2949     16.158     16.291    30.9717     7.2090          1          1  0.000e+00
  1024.2951     16.161     16.294    30.9720     7.2089          1          1  0.000e+00
  1024.2941     16.165     16.298    30.9706     7.2086          1          1  0.000e+00
  1024.2942     16.166     16.299    30.9706     7.2079          1          1  0.000e+00
  1024.2936     16.165     16.298    30.9698     7.2073          1          1  0.000e+00
  1024.2954     16.161     16.294    30.9719     7.2062          1          1  0.000e+00
  1024.2959     16.153     16.286    30.9725     7.2058          1          1  0.000e+00
  1024.2950     16.143     16.276    30.9714     7.2060          1          1  0.000e+00
  1024.2950     16.131     16.264    30.9715     7.2058          1          1  0.000e+00
  1024.2942     16.117     16.250    30.9705     7.2055          1          1  0.000e+00
  1024.2960     16.108     16.240    30.9727     7.2046          1          1  0.000e+00
  1024.2955     16.100     16.233    30.9721     7.2047          1          1  0.000e+00
  1024.2950     16.100     16.233    30.9714     7.2045          1          1  0.000e+00
  1024.2946     16.110     16.242    30.9709     7.2041          1          1  0.000e+00
  1024.2935     16.128     16.261    30.9691     7.2031          1          1  0.000e+00
  1024.2948     16.163     16.296    30.9703     7.2016          1          1  0.000e+00
  1024.2952     16.202     16.335    30.9704     7.2004          1          1  0.000e+00
  1024.2938     16.252     16.386    30.9681     7.1993          1          1  0.000e+00
  1024.2935     16.304     16.438    30.9671     7.1969          1          1  0.000e+00
  1024.2938     16.360     16.495    30.9666     7.1939          1          1  0.000e+00
  1024.2954     16.400     16.535    30.9678     7.1905          1          1  0.000e+00
  1024.2977     16.433     16.568    30.9700     7.1873          1          1  0.000e+00
  1024.2989     16.440     16.575    30.9712     7.1853          1          1  0.000e+00
  1024.2999     16.428     16.563    30.9722     7.1838          1          1  0.000e+00
  1024.3052     16.395     16.530    30.9790     7.1829          1          1  0.000e+00
  1024.3063     16.339     16.473    30.9811     7.1849          1          1  0.000e+00
  1024.3019     16.271     16.405    30.9765     7.1885          1          1  0.000e+00
  1024.3008     16.194     16.327    30.9759     7.1905          1          1  0.000e+00
  1024.3004     16.112     16.245    30.9761     7.1920          1          1  0.000e+00
  1024.3003     16.037     16.169    30.9767     7.1935          1          1  0.000e+00
  1024.2993     15.973     16.105    30.9761     7.1953          1          1  0.000e+00
  1024.2984     15.929     16.060    30.9755     7.1969          1          1  0.000e+00
  1024.2970     15.908     16.038    30.9741     7.1983          1          1  0.000e+00
  1024.2978     15.905     16.036    30.9753     7.1993          1          1  0.000e+00
  1024.2982     15.925     16.055    30.9760     7.2009          1          1  0.000e+00
  1024.2965     15.965     16.096    30.9738     7.2025          1          1  0.000e+00
  1024.2916     16.017     16.148    30.9674     7.2031          1          1  0.000e+00
  1024.2923     16.076     16.208    30.9676     7.2013          1          1  0.000e+00
  1024.2943     16.139     16.271    30.9694     7.1988          1          1  0.000e+00
  1024.2938     16.197     16.330    30.9681     7.1969          1          1  0.000e+00
  1024.2931     16.248     16.381    30.9665     7.1944          1          1  0.000e+00
  1024.2955     16.286     16.420    30.9687     7.1910          1          1  0.000e+00
  1024.2961     16.310     16.445    30.9689     7.1885          1          1  0.000e+00
  1024.2975     16.326     16.461    30.9701     7.1859          1          1  0.000e+00
  1024.3000     16.332     16.466    30.9730     7.1840          1          1  0.000e+00
  1024.2998     16.327     16.462    30.9726     7.1834          1          1  0.000e+00
  1024.3006     16.323     16.457    30.9736     7.1830          1          1  0.000e+00
  1024.3018     16.317     16.451    30.9751     7.1828          1          1  0.000e+00
  1024.3028     16.305     16.439    30.9767     7.1834          1          1  0.000e+00
  1024.3029     16.297     16.431    30.9770     7.1848          1          1  0.000e+00
  1024.3024     16.282     16.416    30.9768     7.1864          1          1  0.000e+00
  1024.3014     16.269     16.403    30.9758     7.1882          1          1  0.000e+00
  1024.3009     16.252     16.386    30.9756     7.1896          1          1  0.000e+00
  1024.3005     16.235     16.369    30.9754     7.1908          1          1  0.000e+00
  1024.3014     16.210     16.343    30.9769     7.1922          1          1  0.000e+00
  1024.3006     16.183     16.316    30.9763     7.1944          1          1  0.000e+00
  1024.2998     16.154     16.286    30.9758     7.1963          1          1  0.000e+00
  1024.2988     16.122     16.254    30.9751     7.1980          1          1  0.000e+00
  1024.2983     16.088     16.220    30.9749     7.1992          1          1  0.000e+00
  1024.2971     16.055     16.187    30.9737     7.2003          1          1  0.000e+00
  1024.2966     16.027     16.159    30.9733     7.2008          1          1  0.000e+00
  1024.2962     16.008     16.140    30.9729     7.2010          1          1  0.000e+00
  1024.2951     15.997     16.128    30.9716     7.2012          1          1  0.000e+00
  1024.2939     15.997     16.128    30.9700     7.2008          1          1  0.000e+00
  1024.2935     16.007     16.139    30.9692     7.1995          1          1  0.000e+00
  1024.2948     16.032     16.163    30.9705     7.1977          1          1  0.000e+00
  1024.2963     16.065     16.197    30.9720     7.1965          1          1  0.000e+00
  1024.2964     16.106     16.238    30.9718     7.1959          1          1  0.000e+00
  1024.2957     16.150     16.283    30.9706     7.1956          1          1  0.000e+00
  1024.2950     16.202     16.336    30.9692     7.1947          1          1  0.000e+00
  1024.2951     16.256     16.390    30.9687     7.1928          1          1  0.000e+00
  1024.2952     16.301     16.435    30.9682     7.1904          1          1  0.000e+00
  1024.2969     16.339     16.473    30.9696     7.1878          1          1  0.000e+00
  1024.2982     16.371     16.506    30.9708     7.1856          1          1  0.000e+00
  1024.2989     16.393     16.528    30.9712     7.1839          1          1  0.000e+00
  1024.2999     16.405     16.540    30.9722     7.1826          1          1  0.000e+00
  1024.3011     16.407     16.542    30.9736     7.1815          1          1  0.000e+00
  1024.3023     16.394     16.529    30.9750     7.1812          1          1  0.000e+00
  1024.3033     16.369     16.503    30.9765     7.1816          1          1  0.000e+00
  1024.3047     16.331     16.465    30.9787     7.1828          1          1  0.000e+00
  1024.3040     16.286     16.420    30.9785     7.1852          1          1  0.000e+00
  1024.3017     16.236     16.370    30.9764     7.1878          1          1  0.000e+00
  1024.3002     16.186     16.320    30.9751     7.1896          1          1  0.000e+00
  1024.2998     16.143     16.276    30.9750     7.1908          1          1  0.000e+00
  1024.2994     16.105     16.237    30.9749     7.1918          1          1  0.000e+00
  1024.2990     16.080     16.213    30.9746     7.1927          1          1  0.000e+00
  1024.2982     16.062     16.195    30.9739     7.1937          1          1  0.000e+00
  1024.2969     16.054     16.186    30.9725     7.1942          1          1  0.000e+00
  1024.2970     16.051     16.183    30.9725     7.1941          1          1  0.000e+00
  1024.2964     16.052     16.184    30.9717     7.1939          1          1  0.000e+00
  1024.2971     16.056     16.188    30.9724     7.1932          1          1  0.000e+00
  1024.2969     16.069     16.201    30.9721     7.1930          1          1  0.000e+00
  1024.2970     16.083     16.215    30.9721     7.1927          1          1  0.000e+00
  1024.2971     16.101     16.233    30.9720     7.1921          1          1  0.000e+00
  1024.2963     16.124     16.257    30.9708     7.1917          1          1  0.000e+00
  1024.2965     16.150     16.283    30.9708     7.1907          1          1  0.000e+00
  1024.2969     16.186     16.320    30.9709     7.1896          1          1  0.000e+00
  1024.2970     16.220     16.354    30.9705     7.1882          1          1  0.000e+00
  1024.2980     16.252     16.386    30.9714     7.1866          1          1  0.000e+00
  1024.2989     16.282     16.416    30.9721     7.1855          1          1  0.000e+00
