data/eDNA/PER-2022-473/473A018.cnv
* Sea-Bird SBE19plus  Data File:
* FileName = C:\Users\RSG_field\Ryan_Perley2022473\CTD\473A018.hex
* Software version 2.3.0 SB_Terminal.dll
* Temperature SN = 7141
* Conductivity SN = 7141
* System UpLoad Time = Aug 14 2022 13:16:59
* <ApplicationData>
* <SeatermAF>
** Platform: M. Perley
** Cruise: Per2022473
** Station:  SAB_Trans_01
** Cast: 01
** Latitude: N  45 59.3684
** Longitude: W 59 12.6352
** Sounding: 24.5
** Chief Scientist: Ryan Stanley
** Comment: CAST 473A018 SampleID 493859-493865 (buffer)
** CAST 36 - pH readings may be off because buffer bottle fell off in transit form ESI to SAB
# nquan = 8
# nvalues = 1801                                  
# units = specified
# name 0 = density00: Density [density, kg/m^3]
# name 1 = depSM: Depth [salt water, m], lat = 45.00
# name 2 = prdM: Pressure, Strain Gauge [db]
# name 3 = sal00: Salinity, Practical [PSU]
# name 4 = tv290C: Temperature [ITS-90, deg C]
# name 5 = bpos: Bottle Position in Carousel
# name 6 = nbf: Bottles Fired
# name 7 = flag:  0.000e+00
# span 0 =   998.1733,  1020.9957                 
# span 1 =     -0.119,     23.018                 
# span 2 =     -0.120,     23.208                 
# span 3 =     0.0184,    29.6205                 
# span 4 =    19.0806,    20.2204                 
# span 5 =          0,          6                 
# span 6 =          0,          2                 
# span 7 = 0.0000e+00, 0.0000e+00                 
# interval = seconds: 0.25
# start_time = Aug 14 2022 13:05:24 [Instrument's time stamp, header]
# bad_flag = -9.990e-29
*END*
[from data line 720]
  1020.9778     22.078     22.260    29.6049    19.0951          0          0  0.000e+00
  1020.9767     22.053     22.235    29.6038    19.0954          0          0  0.000e+00
  1020.9755     22.057     22.238    29.6025    19.0962          0          0  0.000e+00
  1020.9744     22.087     22.269    29.6011    19.0970          0          0  0.000e+00
  1020.9736     22.143     22.326    29.6001    19.0983          0          0  0.000e+00
  1020.9736     22.222     22.405    29.5999    19.0990          0          0  0.000e+00
  1020.9738     22.316     22.500    29.5997    19.0991          0          0  0.000e+00
  1020.9745     22.419     22.604    29.6000    19.0992          0          0  0.000e+00
  1020.9760     22.518     22.703    29.6013    19.0987          0          0  0.000e+00
  1020.9777     22.609     22.795    29.6025    19.0973          0          0  0.000e+00
  1020.9788     22.675     22.861    29.6031    19.0960          0          0  0.000e+00
  1020.9790     22.718     22.905    29.6031    19.0956          0          0  0.000e+00
  1020.9788     22.737     22.924    29.6026    19.0957          0          0  0.000e+00
  1020.9786     22.723     22.911    29.6025    19.0960          0          0  0.000e+00
  1020.9783     22.683     22.870    29.6025    19.0962          0          0  0.000e+00
  1020.9775     22.625     22.811    29.6021    19.0970          0          0  0.000e+00
  1020.9765     22.555     22.741    29.6015    19.0979          0          0  0.000e+00
  1020.9759     22.477     22.663    29.6013    19.0986          0          0  0.000e+00
  1020.9755     22.404     22.589    29.6013    19.0988          0          0  0.000e+00
  1020.9746     22.335     22.519    29.6007    19.0992          0          0  0.000e+00
  1020.9739     22.282     22.466    29.6002    19.0996          0          0  0.000e+00
  1020.9737     22.248     22.432    29.6001    19.0995          0          0  0.000e+00
  1020.9738     22.232     22.416    29.6002    19.0995          0          0  0.000e+00
  1020.9735     22.235     22.418    29.5999    19.0995          0          0  0.000e+00
  1020.9733     22.257     22.440    29.5996    19.0997          0          0  0.000e+00
  1020.9728     22.296     22.480    29.5987    19.0996          0          0  0.000e+00
  1020.9733     22.352     22.536    29.5990    19.0998          0          0  0.000e+00
  1020.9741     22.422     22.607    29.5996    19.0993          0          0  0.000e+00
  1020.9747     22.502     22.687    29.5997    19.0988          0          0  0.000e+00
  1020.9762     22.580     22.766    29.6011    19.0987          0          0  0.000e+00
  1020.9778     22.648     22.835    29.6023    19.0972          0          0  0.000e+00
  1020.9783     22.702     22.889    29.6023    19.0957          0          0  0.000e+00
  1020.9780     22.733     22.920    29.6017    19.0961          0          0  0.000e+00
  1020.9767     22.739     22.927    29.6004    19.0969          0          0  0.000e+00
  1020.9762     22.709     22.897    29.6002    19.0978          0          0  0.000e+00
  1020.9767     22.655     22.842    29.6012    19.0983          0          0  0.000e+00
  1020.9771     22.579     22.765    29.6021    19.0981          0          0  0.000e+00
  1020.9772     22.491     22.676    29.6026    19.0976          0          0  0.000e+00
  1020.9765     22.403     22.588    29.6022    19.0976          0          0  0.000e+00
  1020.9757     22.326     22.510    29.6017    19.0980          0          0  0.000e+00
  1020.9750     22.270     22.453    29.6013    19.0983          0          0  0.000e+00
  1020.9744     22.235     22.418    29.6009    19.0989          0          0  0.000e+00
  1020.9738     22.234     22.417    29.6002    19.0991          0          0  0.000e+00
  1020.9736     22.258     22.441    29.5997    19.0991          0          0  0.000e+00
  1020.9735     22.302     22.486    29.5994    19.0990          0          0  0.000e+00
  1020.9728     22.360     22.544    29.5983    19.0995          0          0  0.000e+00
  1020.9726     22.423     22.608    29.5979    19.1003          0          0  0.000e+00
  1020.9722     22.486     22.671    29.5970    19.1006          0          0  0.000e+00
  1020.9719     22.536     22.721    29.5965    19.1008          0          0  0.000e+00
  1020.9714     22.566     22.752    29.5959    19.1016          0          0  0.000e+00
  1020.9704     22.576     22.762    29.5947    19.1021          0          0  0.000e+00
  1020.9687     22.563     22.749    29.5929    19.1030          0          0  0.000e+00
  1020.9680     22.536     22.721    29.5925    19.1046          0          0  0.000e+00
  1020.9679     22.495     22.681    29.5929    19.1053          0          0  0.000e+00
  1020.9674     22.456     22.641    29.5926    19.1054          0          0  0.000e+00
  1020.9670     22.418     22.603    29.5923    19.1057          0          0  0.000e+00
  1020.9662     22.391     22.576    29.5916    19.1063          0          0  0.000e+00
  1020.9654     22.385     22.570    29.5908    19.1070          0          0  0.000e+00
  1020.9644     22.394     22.578    29.5896    19.1077          0          0  0.000e+00
  1020.9632     22.420     22.605    29.5880    19.1079          0          0  0.000e+00
  1020.9619     22.461     22.647    29.5865    19.1091          0          0  0.000e+00
  1020.9630     22.516     22.701    29.5879    19.1098          0          0  0.000e+00
  1020.9660     22.570     22.756    29.5911    19.1087          0          0  0.000e+00
  1020.9696     22.624     22.810    29.5945    19.1058          0          0  0.000e+00
  1020.9719     22.663     22.850    29.5965    19.1030          0          0  0.000e+00
  1020.9738     22.693     22.880    29.5981    19.1012          0          0  0.000e+00
  1020.9750     22.700     22.887    29.5993    19.1001          0          0  0.000e+00
  1020.9752     22.683     22.870    29.5995    19.0993          0          0  0.000e+00
  1020.9749     22.647     22.834    29.5991    19.0990          0          0  0.000e+00
  1020.9733     22.594     22.780    29.5977    19.1000          0          0  0.000e+00
  1020.9723     22.525     22.711    29.5972    19.1014          0          0  0.000e+00
  1020.9715     22.453     22.638    29.5970    19.1024          0          0  0.000e+00
  1020.9706     22.378     22.562    29.5964    19.1029          0          0  0.000e+00
  1020.9696     22.311     22.495    29.5956    19.1033          0          0  0.000e+00
  1020.9687     22.257     22.440    29.5949    19.1040          0          0  0.000e+00
  1020.9677     22.223     22.406    29.5940    19.1046          0          0  0.000e+00
  1020.9672     22.209     22.392    29.5936    19.1051          0          0  0.000e+00
  1020.9664     22.221     22.404    29.5925    19.1053          0          0  0.000e+00
  1020.9668     22.252     22.435    29.5929    19.1055          0          0  0.000e+00
  1020.9657     22.302     22.486    29.5913    19.1059          0          0  0.000e+00
  1020.9662     22.367     22.551    29.5917    19.1061          0          0  0.000e+00
  1020.9671     22.442     22.627    29.5925    19.1061          0          0  0.000e+00
  1020.9682     22.524     22.710    29.5932    19.1054          0          0  0.000e+00
  1020.9702     22.602     22.789    29.5949    19.1044          0          0  0.000e+00
  1020.9711     22.675     22.861    29.5954    19.1034          0          0  0.000e+00
  1020.9712     22.731     22.918    29.5950    19.1026          0          0  0.000e+00
  1020.9711     22.772     22.960    29.5948    19.1034          0          0  0.000e+00
  1020.9729     22.787     22.975    29.5971    19.1032          0          0  0.000e+00
  1020.9754     22.784     22.971    29.5998    19.1014          0          0  0.000e+00
  1020.9763     22.758     22.946    29.6004    19.0991          0          0  0.000e+00
  1020.9757     22.711     22.898    29.5996    19.0983          0          0  0.000e+00
  1020.9741     22.650     22.837    29.5985    19.0999          0          0  0.000e+00
  1020.9730     22.572     22.758    29.5979    19.1015          0          0  0.000e+00
  1020.9719     22.487     22.672    29.5972    19.1023          0          0  0.000e+00
  1020.9707     22.400     22.585    29.5964    19.1029          0          0  0.000e+00
  1020.9699     22.316     22.500    29.5960    19.1035          0          0  0.000e+00
  1020.9690     22.242     22.425    29.5954    19.1038          0          0  0.000e+00
  1020.9683     22.186     22.369    29.5948    19.1042          0          0  0.000e+00
  1020.9678     22.148     22.330    29.5945    19.1045          0          0  0.000e+00
  1020.9673     22.133     22.315    29.5940    19.1048          0          0  0.000e+00
  1020.9668     22.137     22.319    29.5935    19.1050          0          0  0.000e+00
  1020.9665     22.167     22.349    29.5930    19.1053          0          0  0.000e+00
  1020.9668     22.217     22.400    29.5931    19.1053          0          0  0.000e+00
  1020.9669     22.284     22.468    29.5929    19.1056          0          0  0.000e+00
  1020.9675     22.371     22.556    29.5931    19.1053          0          0  0.000e+00
  1020.9684     22.463     22.648    29.5936    19.1051          0          0  0.000e+00
  1020.9695     22.558     22.744    29.5943    19.1045          0          0  0.000e+00
  1020.9707     22.651     22.838    29.5953    19.1041          0          0  0.000e+00
  1020.9728     22.740     22.928    29.5971    19.1029          0          0  0.000e+00
  1020.9746     22.817     23.005    29.5985    19.1012          0          0  0.000e+00
  1020.9759     22.875     23.063    29.5994    19.0999          0          0  0.000e+00
  1020.9768     22.913     23.102    29.6001    19.0993          0          0  0.000e+00
  1020.9775     22.927     23.116    29.6007    19.0983          0          0  0.000e+00
  1020.9770     22.917     23.106    29.6000    19.0982          0          0  0.000e+00
  1020.9765     22.885     23.074    29.5999    19.0990          0          0  0.000e+00
  1020.9759     22.829     23.017    29.5996    19.0997          0          0  0.000e+00
  1020.9752     22.753     22.940    29.5993    19.1003          0          0  0.000e+00
  1020.9749     22.661     22.847    29.5996    19.1006          0          0  0.000e+00
  1020.9741     22.557     22.743    29.5992    19.1007          0          0  0.000e+00
  1020.9734     22.448     22.633    29.5989    19.1010          0          0  0.000e+00
  1020.9724     22.341     22.525    29.5984    19.1013          0          0  0.000e+00
  1020.9715     22.241     22.424    29.5980    19.1016          0          0  0.000e+00
  1020.9707     22.157     22.340    29.5974    19.1019          0          0  0.000e+00
  1020.9701     22.092     22.274    29.5971    19.1023          0          0  0.000e+00
  1020.9696     22.049     22.231    29.5968    19.1025          0          0  0.000e+00
  1020.9684     22.033     22.215    29.5955    19.1030          0          0  0.000e+00
  1020.9672     22.045     22.226    29.5940    19.1036          0          0  0.000e+00
  1020.9664     22.079     22.261    29.5931    19.1045          0          0  0.000e+00
  1020.9665     22.138     22.321    29.5930    19.1051          0          0  0.000e+00
  1020.9664     22.211     22.394    29.5926    19.1054          0          0  0.000e+00
  1020.9671     22.297     22.481    29.5930    19.1053          0          0  0.000e+00
  1020.9683     22.389     22.574    29.5939    19.1047          0          0  0.000e+00
  1020.9692     22.481     22.666    29.5944    19.1044          0          0  0.000e+00
  1020.9720     22.565     22.751    29.5973    19.1036          0          0  0.000e+00
  1020.9770     22.643     22.829    29.6026    19.1009          0          0  0.000e+00
  1020.9813     22.702     22.889    29.6063    19.0961          0          0  0.000e+00
  1020.9837     22.749     22.936    29.6081    19.0927          0          0  0.000e+00
  1020.9842     22.777     22.965    29.6080    19.0911          0          0  0.000e+00
  1020.9856     22.786     22.974    29.6096    19.0906          0          0  0.000e+00
  1020.9856     22.776     22.964    29.6097    19.0904          0          0  0.000e+00
  1020.9857     22.750     22.937    29.6100    19.0904          0          0  0.000e+00
  1020.9850     22.708     22.896    29.6093    19.0906          0          0  0.000e+00
  1020.9836     22.659     22.845    29.6080    19.0913          0          0  0.000e+00
  1020.9826     22.603     22.790    29.6075    19.0928          0          0  0.000e+00
  1020.9819     22.552     22.737    29.6072    19.0939          0          0  0.000e+00
  1020.9815     22.502     22.687    29.6070    19.0942          0          0  0.000e+00
  1020.9806     22.458     22.643    29.6063    19.0944          0          0  0.000e+00
  1020.9800     22.425     22.610    29.6057    19.0949          0          0  0.000e+00
  1020.9792     22.399     22.583    29.6051    19.0952          0          0  0.000e+00
  1020.9788     22.382     22.566    29.6047    19.0956          0          0  0.000e+00
  1020.9786     22.373     22.558    29.6045    19.0958          0          0  0.000e+00
  1020.9783     22.367     22.551    29.6043    19.0959          0          0  0.000e+00
  1020.9773     22.367     22.551    29.6029    19.0958          0          0  0.000e+00
  1020.9761     22.368     22.552    29.6015    19.0963          0          0  0.000e+00
  1020.9754     22.376     22.560    29.6009    19.0974          0          0  0.000e+00
  1020.9748     22.383     22.567    29.6004    19.0984          0          0  0.000e+00
  1020.9750     22.397     22.581    29.6006    19.0984          0          0  0.000e+00
  1020.9759     22.417     22.602    29.6016    19.0984          0          0  0.000e+00
  1020.9770     22.447     22.632    29.6026    19.0974          0          0  0.000e+00
  1020.9780     22.479     22.665    29.6034    19.0965          0          0  0.000e+00
  1020.9784     22.520     22.705    29.6035    19.0959          0          0  0.000e+00
  1020.9786     22.566     22.752    29.6034    19.0957          0          0  0.000e+00
  1020.9779     22.610     22.796    29.6024    19.0961          0          0  0.000e+00
  1020.9773     22.652     22.839    29.6016    19.0971          0          0  0.000e+00
  1020.9763     22.683     22.870    29.6005    19.0979          0          0  0.000e+00
  1020.9751     22.698     22.885    29.5991    19.0990          0          0  0.000e+00
  1020.9746     22.696     22.883    29.5988    19.0998          0          0  0.000e+00
  1020.9744     22.673     22.860    29.5989    19.1005          0          0  0.000e+00
  1020.9744     22.634     22.821    29.5991    19.1006          0          0  0.000e+00
  1020.9745     22.582     22.768    29.5995    19.1007          0          0  0.000e+00
  1020.9742     22.520     22.705    29.5994    19.1005          0          0  0.000e+00
  1020.9736     22.449     22.634    29.5991    19.1007          0          0  0.000e+00
  1020.9732     22.381     22.565    29.5992    19.1012          0          0  0.000e+00
  1020.9728     22.315     22.499    29.5991    19.1012          0          0  0.000e+00
  1020.9725     22.260     22.443    29.5990    19.1012          0          0  0.000e+00
  1020.9724     22.219     22.402    29.5991    19.1011          0          0  0.000e+00
  1020.9720     22.199     22.381    29.5987    19.1012          0          0  0.000e+00
  1020.9722     22.196     22.379    29.5989    19.1009          0          0  0.000e+00
