data/eDNA/PER-2022-473/473A005.cnv
* Sea-Bird SBE19plus  Data File:
* FileName = C:\Users\RSG_field\Ryan_Perley2022473\CTD\473A005.hex
* Software version 2.3.0 SB_Terminal.dll
* Temperature SN = 7141
* Conductivity SN = 7141
* System UpLoad Time = Aug 08 2022 13:56:30
* <ApplicationData>
* <SeatermAF>
** Platform: M. Perley
** Cruise: Per2022473
** Station:  ESI_04
** Cast: 01
** Latitude: N  44 45.0861
** Longitude: W 62 06.0422
** Sounding: 99.1
** Chief Scientist: Ryan Stanley
** Comment:
** Had to connect with the junction because it was not returning data from the AFM connection. Downloaded the AFM without issue
# nquan = 8
# nvalues = 3155                                  
# units = specified
# name 0 = density00: Density [density, kg/m^3]
# name 1 = depSM: Depth [salt water, m], lat = 45.00
# name 2 = prdM: Pressure, Strain Gauge [db]
# name 3 = sal00: Salinity, Practical [PSU]
# name 4 = tv290C: Temperature [ITS-90, deg C]
# name 5 = bpos: Bottle Position in Carousel
# name 6 = nbf: Bottles Fired
# name 7 = flag:  0.000e+00
# span 0 =   998.9230,  1026.8912                 
# span 1 =     -0.100,     95.368                 
# span 2 =     -0.101,     96.171                 
# span 3 =     0.0311,    33.5060                 
# span 4 =     3.0015,    17.5731                 
# span 5 =          0,          6                 
# span 6 =          0,          2                 
# span 7 = 0.0000e+00, 0.0000e+00                 
# interval = seconds: 0.25
# start_time = Aug 08 2022 13:30:00 [Instrument's time stamp, header]
# bad_flag = -9.990e-29
*END*
[from data line 2158]
  1026.3141     80.597     81.272    32.7509     4.6004          1          1  0.000e+00
  1026.3159     80.802     81.480    32.7518     4.5995          1          1  0.000e+00
  1026.3205     80.975     81.654    32.7566     4.5989          1          1  0.000e+00
  1026.3172     81.108     81.788    32.7516     4.5990          1          1  0.000e+00
  1026.3155     81.199     81.880    32.7488     4.5983          1          1  0.000e+00
  1026.3158     81.225     81.906    32.7490     4.5972          1          1  0.000e+00
  1026.3172     81.197     81.877    32.7507     4.5962          1          1  0.000e+00
  1026.3188     81.109     81.789    32.7532     4.5959          1          1  0.000e+00
  1026.3206     80.969     81.648    32.7564     4.5965          1          1  0.000e+00
  1026.3189     80.769     81.447    32.7556     4.5978          1          1  0.000e+00
  1026.3175     80.522     81.197    32.7555     4.5994          1          1  0.000e+00
  1026.3157     80.227     80.899    32.7551     4.6005          1          1  0.000e+00
  1026.3135     79.898     80.568    32.7544     4.6012          1          1  0.000e+00
  1026.3106     79.553     80.220    32.7529     4.6018          1          1  0.000e+00
  1026.3083     79.213     79.877    32.7519     4.6017          1          1  0.000e+00
  1026.3052     78.883     79.544    32.7500     4.6015          1          1  0.000e+00
  1026.3037     78.583     79.242    32.7498     4.6007          1          1  0.000e+00
  1026.3023     78.320     78.976    32.7495     4.6001          1          1  0.000e+00
  1026.3007     78.092     78.746    32.7487     4.5996          1          1  0.000e+00
  1026.2998     77.917     78.570    32.7485     4.5989          1          1  0.000e+00
  1026.2988     77.791     78.443    32.7479     4.5984          1          1  0.000e+00
  1026.2988     77.717     78.368    32.7483     4.5978          1          1  0.000e+00
  1026.2988     77.684     78.335    32.7484     4.5973          1          1  0.000e+00
  1026.2990     77.687     78.338    32.7486     4.5969          1          1  0.000e+00
  1026.2997     77.721     78.372    32.7492     4.5967          1          1  0.000e+00
  1026.3001     77.774     78.426    32.7495     4.5966          1          1  0.000e+00
  1026.2995     77.846     78.498    32.7484     4.5970          1          1  0.000e+00
  1026.2994     77.925     78.578    32.7477     4.5973          1          1  0.000e+00
  1026.2991     77.991     78.644    32.7471     4.5977          1          1  0.000e+00
  1026.2994     78.046     78.699    32.7471     4.5977          1          1  0.000e+00
  1026.3002     78.074     78.728    32.7479     4.5978          1          1  0.000e+00
  1026.2991     78.070     78.724    32.7466     4.5980          1          1  0.000e+00
  1026.2993     78.027     78.680    32.7471     4.5980          1          1  0.000e+00
  1026.2999     77.952     78.605    32.7483     4.5980          1          1  0.000e+00
  1026.3003     77.839     78.491    32.7496     4.5986          1          1  0.000e+00
  1026.2994     77.686     78.337    32.7495     4.5997          1          1  0.000e+00
  1026.2978     77.503     78.152    32.7487     4.6006          1          1  0.000e+00
  1026.2961     77.293     77.940    32.7479     4.6013          1          1  0.000e+00
  1026.2945     77.064     77.709    32.7473     4.6016          1          1  0.000e+00
  1026.2933     76.822     77.466    32.7471     4.6015          1          1  0.000e+00
  1026.2921     76.568     77.209    32.7471     4.6013          1          1  0.000e+00
  1026.2908     76.313     76.952    32.7470     4.6011          1          1  0.000e+00
  1026.2899     76.059     76.696    32.7473     4.6009          1          1  0.000e+00
  1026.2887     75.813     76.448    32.7472     4.6008          1          1  0.000e+00
  1026.2878     75.573     76.206    32.7475     4.6007          1          1  0.000e+00
  1026.2860     75.350     75.980    32.7466     4.6010          1          1  0.000e+00
  1026.2848     75.143     75.772    32.7463     4.6011          1          1  0.000e+00
  1026.2835     74.962     75.589    32.7458     4.6011          1          1  0.000e+00
  1026.2826     74.805     75.431    32.7455     4.6010          1          1  0.000e+00
  1026.2799     74.666     75.291    32.7429     4.6006          1          1  0.000e+00
  1026.2794     74.559     75.183    32.7427     4.5997          1          1  0.000e+00
  1026.2794     74.471     75.094    32.7431     4.5986          1          1  0.000e+00
  1026.2808     74.413     75.036    32.7452     4.5980          1          1  0.000e+00
  1026.2809     74.383     75.005    32.7454     4.5977          1          1  0.000e+00
  1026.2784     74.369     74.991    32.7423     4.5976          1          1  0.000e+00
  1026.2725     74.372     74.994    32.7348     4.5967          1          1  0.000e+00
  1026.2702     74.391     75.014    32.7313     4.5938          1          1  0.000e+00
  1026.2690     74.416     75.038    32.7291     4.5899          1          1  0.000e+00
  1026.2759     74.439     75.062    32.7372     4.5859          1          1  0.000e+00
  1026.2876     74.446     75.069    32.7518     4.5844          1          1  0.000e+00
  1026.2887     74.441     75.064    32.7535     4.5872          1          1  0.000e+00
  1026.2840     74.406     75.029    32.7483     4.5911          1          1  0.000e+00
  1026.2812     74.353     74.975    32.7454     4.5931          1          1  0.000e+00
  1026.2780     74.266     74.888    32.7419     4.5939          1          1  0.000e+00
  1026.2720     74.154     74.774    32.7349     4.5931          1          1  0.000e+00
  1026.2731     74.011     74.630    32.7369     4.5908          1          1  0.000e+00
  1026.2774     73.841     74.459    32.7431     4.5894          1          1  0.000e+00
  1026.2774     73.660     74.276    32.7443     4.5901          1          1  0.000e+00
  1026.2743     73.454     74.068    32.7418     4.5913          1          1  0.000e+00
  1026.2683     73.237     73.849    32.7355     4.5916          1          1  0.000e+00
  1026.2678     73.010     73.620    32.7360     4.5901          1          1  0.000e+00
  1026.2663     72.771     73.380    32.7353     4.5885          1          1  0.000e+00
  1026.2656     72.535     73.141    32.7356     4.5872          1          1  0.000e+00
  1026.2650     72.301     72.905    32.7360     4.5859          1          1  0.000e+00
  1026.2641     72.082     72.685    32.7361     4.5850          1          1  0.000e+00
  1026.2616     71.870     72.471    32.7341     4.5841          1          1  0.000e+00
  1026.2600     71.687     72.286    32.7331     4.5828          1          1  0.000e+00
  1026.2558     71.540     72.138    32.7283     4.5811          1          1  0.000e+00
  1026.2542     71.422     72.019    32.7267     4.5784          1          1  0.000e+00
  1026.2462     71.338     71.934    32.7165     4.5748          1          1  0.000e+00
  1026.2438     71.290     71.886    32.7131     4.5694          1          1  0.000e+00
  1026.2523     71.280     71.875    32.7230     4.5635          1          1  0.000e+00
  1026.2612     71.291     71.887    32.7339     4.5610          1          1  0.000e+00
  1026.2590     71.317     71.913    32.7312     4.5620          1          1  0.000e+00
  1026.2518     71.357     71.953    32.7218     4.5626          1          1  0.000e+00
  1026.2513     71.396     71.993    32.7208     4.5608          1          1  0.000e+00
  1026.2483     71.426     72.023    32.7165     4.5582          1          1  0.000e+00
  1026.2443     71.440     72.037    32.7109     4.5552          1          1  0.000e+00
  1026.2388     71.426     72.023    32.7036     4.5516          1          1  0.000e+00
  1026.2379     71.376     71.973    32.7021     4.5466          1          1  0.000e+00
  1026.2510     71.289     71.885    32.7185     4.5417          1          1  0.000e+00
  1026.2569     71.175     71.770    32.7265     4.5415          1          1  0.000e+00
  1026.2562     71.018     71.611    32.7270     4.5446          1          1  0.000e+00
  1026.2497     70.838     71.430    32.7203     4.5477          1          1  0.000e+00
  1026.2431     70.630     71.220    32.7134     4.5489          1          1  0.000e+00
  1026.2359     70.409     70.998    32.7054     4.5479          1          1  0.000e+00
  1026.2253     70.177     70.763    32.6931     4.5447          1          1  0.000e+00
  1026.2218     69.940     70.524    32.6892     4.5387          1          1  0.000e+00
  1026.2156     69.706     70.289    32.6819     4.5318          1          1  0.000e+00
  1026.2099     69.479     70.060    32.6750     4.5243          1          1  0.000e+00
  1026.2129     69.260     69.839    32.6790     4.5163          1          1  0.000e+00
  1026.2092     69.061     69.638    32.6746     4.5099          1          1  0.000e+00
  1026.2050     68.873     69.448    32.6697     4.5039          1          1  0.000e+00
  1026.2036     68.708     69.281    32.6680     4.4974          1          1  0.000e+00
  1026.1987     68.569     69.141    32.6617     4.4909          1          1  0.000e+00
  1026.1863     68.452     69.024    32.6459     4.4838          1          1  0.000e+00
  1026.1808     68.365     68.936    32.6382     4.4742          1          1  0.000e+00
  1026.1739     68.299     68.870    32.6283     4.4631          1          1  0.000e+00
  1026.1971     68.260     68.830    32.6563     4.4508          1          1  0.000e+00
  1026.2198     68.237     68.807    32.6845     4.4470          1          1  0.000e+00
  1026.1959     68.233     68.802    32.6550     4.4517          1          1  0.000e+00
  1026.1769     68.234     68.804    32.6307     4.4494          1          1  0.000e+00
  1026.1705     68.241     68.811    32.6214     4.4400          1          1  0.000e+00
  1026.1691     68.250     68.820    32.6180     4.4285          1          1  0.000e+00
  1026.1793     68.246     68.816    32.6296     4.4182          1          1  0.000e+00
  1026.1834     68.235     68.805    32.6340     4.4126          1          1  0.000e+00
  1026.1845     68.200     68.769    32.6353     4.4098          1          1  0.000e+00
  1026.1825     68.137     68.706    32.6331     4.4093          1          1  0.000e+00
  1026.1879     68.043     68.611    32.6404     4.4095          1          1  0.000e+00
  1026.1903     67.918     68.485    32.6445     4.4112          1          1  0.000e+00
  1026.1910     67.756     68.321    32.6466     4.4143          1          1  0.000e+00
  1026.1876     67.560     68.125    32.6439     4.4176          1          1  0.000e+00
  1026.1830     67.351     67.913    32.6397     4.4199          1          1  0.000e+00
  1026.1781     67.123     67.683    32.6350     4.4207          1          1  0.000e+00
  1026.1750     66.894     67.452    32.6325     4.4204          1          1  0.000e+00
  1026.1750     66.664     67.220    32.6337     4.4197          1          1  0.000e+00
  1026.1720     66.461     67.016    32.6310     4.4191          1          1  0.000e+00
  1026.1703     66.265     66.818    32.6299     4.4184          1          1  0.000e+00
  1026.1671     66.100     66.651    32.6267     4.4173          1          1  0.000e+00
  1026.1667     65.943     66.493    32.6270     4.4159          1          1  0.000e+00
  1026.1640     65.812     66.361    32.6242     4.4146          1          1  0.000e+00
  1026.1573     65.702     66.250    32.6162     4.4131          1          1  0.000e+00
  1026.1601     65.610     66.157    32.6200     4.4105          1          1  0.000e+00
  1026.1616     65.538     66.085    32.6221     4.4088          1          1  0.000e+00
  1026.1606     65.485     66.031    32.6210     4.4082          1          1  0.000e+00
  1026.1609     65.446     65.993    32.6216     4.4075          1          1  0.000e+00
  1026.1607     65.426     65.972    32.6213     4.4069          1          1  0.000e+00
  1026.1621     65.416     65.962    32.6230     4.4065          1          1  0.000e+00
  1026.1592     65.415     65.961    32.6194     4.4063          1          1  0.000e+00
  1026.1539     65.405     65.951    32.6126     4.4053          1          1  0.000e+00
  1026.1542     65.391     65.937    32.6128     4.4033          1          1  0.000e+00
  1026.1562     65.355     65.901    32.6153     4.4015          1          1  0.000e+00
  1026.1583     65.297     65.842    32.6182     4.4007          1          1  0.000e+00
  1026.1586     65.203     65.747    32.6192     4.4010          1          1  0.000e+00
  1026.1600     65.078     65.621    32.6218     4.4018          1          1  0.000e+00
  1026.1601     64.915     65.457    32.6231     4.4034          1          1  0.000e+00
  1026.1575     64.716     65.256    32.6213     4.4052          1          1  0.000e+00
  1026.1551     64.515     65.053    32.6196     4.4064          1          1  0.000e+00
  1026.1532     64.263     64.799    32.6188     4.4070          1          1  0.000e+00
  1026.1506     64.044     64.578    32.6168     4.4072          1          1  0.000e+00
  1026.1481     63.810     64.342    32.6149     4.4069          1          1  0.000e+00
  1026.1473     63.610     64.141    32.6150     4.4063          1          1  0.000e+00
  1026.1475     63.406     63.934    32.6165     4.4058          1          1  0.000e+00
  1026.1477     63.256     63.784    32.6176     4.4061          1          1  0.000e+00
  1026.1521     63.140     63.666    32.6240     4.4072          1          1  0.000e+00
  1026.1547     63.059     63.585    32.6285     4.4128          1          1  0.000e+00
  1026.1403     63.014     63.540    32.6118     4.4217          1          1  0.000e+00
  1026.1387     63.004     63.529    32.6101     4.4235          1          1  0.000e+00
  1026.1417     63.016     63.541    32.6139     4.4240          1          1  0.000e+00
  1026.1595     63.042     63.568    32.6367     4.4277          1          1  0.000e+00
  1026.1496     63.063     63.589    32.6260     4.4423          1          1  0.000e+00
  1026.1425     63.073     63.599    32.6188     4.4557          1          1  0.000e+00
  1026.1392     63.047     63.573    32.6157     4.4627          1          1  0.000e+00
  1026.1400     62.992     63.517    32.6181     4.4708          1          1  0.000e+00
  1026.1297     62.904     63.429    32.6069     4.4804          1          1  0.000e+00
  1026.1195     62.777     63.300    32.5956     4.4866          1          1  0.000e+00
  1026.1114     62.621     63.143    32.5864     4.4866          1          1  0.000e+00
  1026.1144     62.436     62.956    32.5906     4.4813          1          1  0.000e+00
  1026.1197     62.230     62.749    32.5977     4.4767          1          1  0.000e+00
  1026.1276     62.009     62.526    32.6089     4.4754          1          1  0.000e+00
  1026.1316     61.793     62.308    32.6159     4.4802          1          1  0.000e+00
  1026.1272     61.579     62.092    32.6129     4.4899          1          1  0.000e+00
  1026.1213     61.380     61.891    32.6082     4.5012          1          1  0.000e+00
  1026.1172     61.201     61.711    32.6055     4.5119          1          1  0.000e+00
  1026.1062     61.040     61.549    32.5939     4.5221          1          1  0.000e+00
  1026.1030     60.903     61.410    32.5916     4.5290          1          1  0.000e+00
  1026.0991     60.773     61.280    32.5883     4.5353          1          1  0.000e+00
  1026.0998     60.655     61.160    32.5907     4.5409          1          1  0.000e+00
  1026.0991     60.541     61.046    32.5915     4.5486          1          1  0.000e+00
