data/eDNA/PER-2022-473/473A024.cnv
* Sea-Bird SBE19plus  Data File:
* FileName = C:\Users\RSG_field\Ryan_Perley2022473\CTD\473A024.hex
* Software version 2.3.0 SB_Terminal.dll
* Temperature SN = 7141
* Conductivity SN = 7141
* System UpLoad Time = Aug 16 2022 13:19:48
* <ApplicationData>
* <SeatermAF>
** Platform: M. Perley
** Cruise: Per2022473
** Station:  SAB_Trans_09
** Cast: 01 473A024
** Latitude: N  45 59.6423
** Longitude: W 59 12.1980
** Sounding: 38
** Chief Scientist: Ryan Stanley
** Comment: Bottles 493896-43902 - sounding based on plumb line
# nquan = 8
# nvalues = 2612                                  
# units = specified
# name 0 = density00: Density [density, kg/m^3]
# name 1 = depSM: Depth [salt water, m], lat = 45.00
# name 2 = prdM: Pressure, Strain Gauge [db]
# name 3 = sal00: Salinity, Practical [PSU]
# name 4 = tv290C: Temperature [ITS-90, deg C]
# name 5 = bpos: Bottle Position in Carousel
# name 6 = nbf: Bottles Fired
# name 7 = flag:  0.000e+00
# span 0 =   998.1194,  1025.0829                 
# span 1 =     -0.037,     33.429                 
# span 2 =     -0.037,     33.706                 
# span 3 =     0.0139,    31.7465                 
# span 4 =     5.3642,    20.4984                 
# span 5 =          0,          6                 
# span 6 =          0,          2                 
# span 7 = 0.0000e+00, 0.0000e+00                 
# interval = seconds: 0.25
# start_time = Aug 16 2022 13:05:01 [Instrument's time stamp, header]
# bad_flag = -9.990e-29
*END*
[from data line 720]
  1024.6050     29.371     29.614    31.2910     7.2256          0          0  0.000e+00
  1024.5323     29.340     29.582    31.2253     7.3815          0          0  0.000e+00
  1024.4486     29.314     29.556    31.1392     7.4993          0          0  0.000e+00
  1024.4592     29.300     29.542    31.1668     7.5798          0          0  0.000e+00
  1024.3955     29.297     29.539    31.1048     7.6887          0          0  0.000e+00
  1024.2780     29.315     29.557    30.9716     7.7829          0          0  0.000e+00
  1024.1459     29.365     29.608    30.8069     7.8052          0          0  0.000e+00
  1024.0285     29.443     29.686    30.6446     7.7359          0          0  0.000e+00
  1024.2090     29.555     29.799    30.8416     7.5512          0          0  0.000e+00
  1024.2111     29.695     29.940    30.8199     7.4138          0          0  0.000e+00
  1024.1757     29.862     30.109    30.7546     7.3013          0          0  0.000e+00
  1024.0631     30.057     30.306    30.5834     7.1415          0          0  0.000e+00
  1024.0795     30.262     30.512    30.5571     6.8624          0          0  0.000e+00
  1024.3280     30.471     30.722    30.8149     6.5080          0          0  0.000e+00
  1024.5041     30.682     30.935    30.9966     6.2486          0          0  0.000e+00
  1024.6427     30.884     31.139    31.1453     6.0797          0          0  0.000e+00
  1024.7058     31.072     31.328    31.2096     5.9844          0          0  0.000e+00
  1024.7055     31.237     31.495    31.1994     5.9256          0          0  0.000e+00
  1024.6853     31.377     31.636    31.1619     5.8511          0          0  0.000e+00
  1024.7713     31.488     31.748    31.2533     5.7380          0          0  0.000e+00
  1024.8301     31.574     31.835    31.3153     5.6561          0          0  0.000e+00
  1024.8728     31.629     31.891    31.3616     5.6065          0          0  0.000e+00
  1024.8916     31.662     31.924    31.3815     5.5807          0          0  0.000e+00
  1024.9145     31.671     31.932    31.4088     5.5698          0          0  0.000e+00
  1024.9423     31.657     31.918    31.4448     5.5744          0          0  0.000e+00
  1024.9720     31.627     31.888    31.4867     5.6027          0          0  0.000e+00
  1024.9390     31.586     31.847    31.4536     5.6601          0          0  0.000e+00
  1024.8898     31.539     31.800    31.3991     5.7110          0          0  0.000e+00
  1024.8815     31.493     31.753    31.3926     5.7364          0          0  0.000e+00
  1024.8925     31.459     31.719    31.4103     5.7604          0          0  0.000e+00
  1024.8771     31.443     31.703    31.3962     5.7964          0          0  0.000e+00
  1024.8637     31.453     31.713    31.3850     5.8349          0          0  0.000e+00
  1024.8098     31.493     31.753    31.3222     5.8736          0          0  0.000e+00
  1024.8401     31.563     31.823    31.3629     5.8923          0          0  0.000e+00
  1024.8125     31.665     31.927    31.3340     5.9362          0          0  0.000e+00
  1024.6289     31.797     32.059    31.1054     5.9680          0          0  0.000e+00
  1024.6721     31.952     32.216    31.1452     5.8752          0          0  0.000e+00
  1024.7228     32.128     32.393    31.1924     5.7671          0          0  0.000e+00
  1024.7998     32.312     32.579    31.2750     5.6727          0          0  0.000e+00
  1024.8393     32.504     32.772    31.3158     5.6176          0          0  0.000e+00
  1024.8697     32.695     32.965    31.3483     5.5850          0          0  0.000e+00
  1024.8680     32.880     33.152    31.3428     5.5692          0          0  0.000e+00
  1024.8632     33.048     33.321    31.3331     5.5514          0          0  0.000e+00
  1024.8718     33.200     33.475    31.3395     5.5261          0          0  0.000e+00
  1024.8851     33.283     33.558    31.3515     5.4967          0          0  0.000e+00
  1024.9067     33.334     33.609    31.3746     5.4686          0          0  0.000e+00
  1024.9229     33.356     33.632    31.3922     5.4504          0          0  0.000e+00
  1024.9372     33.360     33.636    31.4094     5.4438          0          0  0.000e+00
  1024.9468     33.366     33.641    31.4222     5.4485          0          0  0.000e+00
  1024.9364     33.368     33.644    31.4111     5.4628          0          0  0.000e+00
  1024.9325     33.367     33.642    31.4078     5.4740          0          0  0.000e+00
  1024.9312     33.371     33.647    31.4072     5.4821          0          0  0.000e+00
  1024.9278     33.373     33.649    31.4045     5.4922          0          0  0.000e+00
  1024.9169     33.371     33.647    31.3921     5.5026          0          0  0.000e+00
  1024.9145     33.354     33.630    31.3898     5.5065          0          0  0.000e+00
  1024.9512     33.314     33.589    31.4372     5.5123          0          0  0.000e+00
  1024.9514     33.266     33.541    31.4426     5.5456          0          0  0.000e+00
  1024.9203     33.212     33.486    31.4103     5.5918          0          0  0.000e+00
  1024.8942     33.151     33.425    31.3828     5.6269          0          0  0.000e+00
  1024.8788     33.089     33.362    31.3670     5.6506          0          0  0.000e+00
  1024.8780     33.031     33.304    31.3687     5.6660          0          0  0.000e+00
  1024.8749     32.985     33.258    31.3669     5.6789          0          0  0.000e+00
  1024.8607     32.950     33.222    31.3510     5.6912          0          0  0.000e+00
  1024.8433     32.930     33.202    31.3299     5.6965          0          0  0.000e+00
  1024.8379     32.930     33.202    31.3225     5.6935          0          0  0.000e+00
  1024.8336     32.950     33.222    31.3157     5.6847          0          0  0.000e+00
  1024.8328     32.996     33.268    31.3124     5.6714          0          0  0.000e+00
  1024.8393     33.065     33.338    31.3181     5.6562          0          0  0.000e+00
  1024.8464     33.151     33.425    31.3245     5.6425          0          0  0.000e+00
  1024.8674     33.250     33.525    31.3489     5.6311          0          0  0.000e+00
  1024.8634     33.360     33.636    31.3435     5.6333          0          0  0.000e+00
  1024.8453     33.402     33.678    31.3207     5.6364          0          0  0.000e+00
  1024.8492     33.429     33.706    31.3239     5.6252          0          0  0.000e+00
  1024.8780     33.425     33.701    31.3589     5.6149          0          0  0.000e+00
  1024.8691     33.421     33.697    31.3484     5.6203          0          0  0.000e+00
  1024.8655     33.413     33.690    31.3445     5.6238          0          0  0.000e+00
  1024.8650     33.409     33.685    31.3440     5.6250          0          0  0.000e+00
  1024.8675     33.405     33.681    31.3473     5.6258          0          0  0.000e+00
  1024.8723     33.397     33.673    31.3542     5.6308          0          0  0.000e+00
  1024.8664     33.392     33.668    31.3480     5.6394          0          0  0.000e+00
  1024.8608     33.386     33.662    31.3418     5.6456          0          0  0.000e+00
  1024.8615     33.362     33.638    31.3435     5.6500          0          0  0.000e+00
  1024.8632     33.292     33.568    31.3466     5.6537          0          0  0.000e+00
  1024.8807     33.180     33.454    31.3700     5.6584          0          0  0.000e+00
  1024.8808     33.090     33.364    31.3733     5.6755          0          0  0.000e+00
  1024.8452     33.005     33.278    31.3314     5.6934          0          0  0.000e+00
  1024.8440     32.949     33.221    31.3303     5.6941          0          0  0.000e+00
  1024.8379     32.919     33.191    31.3224     5.6921          0          0  0.000e+00
  1024.8166     32.914     33.186    31.2947     5.6864          0          0  0.000e+00
  1024.8230     32.943     33.215    31.2999     5.6680          0          0  0.000e+00
  1024.8325     33.001     33.274    31.3089     5.6494          0          0  0.000e+00
  1024.8476     33.084     33.357    31.3253     5.6352          0          0  0.000e+00
  1024.8267     33.186     33.461    31.2975     5.6294          0          0  0.000e+00
  1024.8045     33.237     33.512    31.2662     5.6096          0          0  0.000e+00
  1024.8343     33.271     33.546    31.2971     5.5644          0          0  0.000e+00
  1024.8764     33.262     33.537    31.3453     5.5289          0          0  0.000e+00
  1024.8969     33.257     33.532    31.3697     5.5176          0          0  0.000e+00
  1024.9101     33.256     33.531    31.3873     5.5245          0          0  0.000e+00
  1024.9049     33.255     33.530    31.3835     5.5434          0          0  0.000e+00
  1024.8906     33.259     33.533    31.3682     5.5629          0          0  0.000e+00
  1024.8869     33.264     33.539    31.3654     5.5761          0          0  0.000e+00
  1024.8823     33.268     33.543    31.3612     5.5875          0          0  0.000e+00
  1024.8714     33.271     33.546    31.3489     5.5981          0          0  0.000e+00
  1024.8679     33.276     33.551    31.3455     5.6047          0          0  0.000e+00
  1024.8610     33.287     33.562    31.3372     5.6083          0          0  0.000e+00
  1024.8546     33.288     33.563    31.3291     5.6081          0          0  0.000e+00
  1024.8491     33.260     33.535    31.3213     5.6017          0          0  0.000e+00
  1024.8903     33.209     33.483    31.3727     5.5937          0          0  0.000e+00
  1024.8992     33.161     33.435    31.3863     5.6085          0          0  0.000e+00
  1024.8879     33.130     33.404    31.3760     5.6346          0          0  0.000e+00
  1024.8506     33.124     33.398    31.3321     5.6565          0          0  0.000e+00
  1024.8363     33.140     33.414    31.3143     5.6595          0          0  0.000e+00
  1024.8365     33.160     33.434    31.3130     5.6495          0          0  0.000e+00
  1024.8462     33.176     33.450    31.3236     5.6382          0          0  0.000e+00
  1024.8347     33.184     33.459    31.3076     5.6296          0          0  0.000e+00
  1024.8144     33.189     33.463    31.2796     5.6136          0          0  0.000e+00
  1024.8357     33.188     33.462    31.3020     5.5825          0          0  0.000e+00
  1024.8745     33.180     33.454    31.3476     5.5584          0          0  0.000e+00
  1024.8736     33.166     33.440    31.3460     5.5544          0          0  0.000e+00
  1024.8559     33.147     33.421    31.3236     5.5527          0          0  0.000e+00
  1024.8784     33.131     33.405    31.3507     5.5428          0          0  0.000e+00
  1024.8797     33.129     33.403    31.3521     5.5412          0          0  0.000e+00
  1024.8706     33.144     33.418    31.3408     5.5438          0          0  0.000e+00
  1024.8632     33.178     33.452    31.3306     5.5392          0          0  0.000e+00
  1024.8677     33.226     33.500    31.3347     5.5302          0          0  0.000e+00
  1024.8625     33.286     33.561    31.3268     5.5230          0          0  0.000e+00
  1024.8732     33.313     33.588    31.3386     5.5124          0          0  0.000e+00
  1024.8890     33.324     33.600    31.3574     5.5042          0          0  0.000e+00
  1024.8818     33.309     33.585    31.3491     5.5091          0          0  0.000e+00
  1024.8817     33.295     33.570    31.3491     5.5101          0          0  0.000e+00
  1024.8877     33.283     33.558    31.3567     5.5097          0          0  0.000e+00
  1024.8899     33.273     33.548    31.3601     5.5139          0          0  0.000e+00
  1024.8902     33.267     33.542    31.3616     5.5205          0          0  0.000e+00
  1024.8910     33.264     33.539    31.3638     5.5292          0          0  0.000e+00
  1024.8798     33.256     33.531    31.3512     5.5402          0          0  0.000e+00
  1024.8710     33.247     33.522    31.3413     5.5471          0          0  0.000e+00
  1024.8683     33.234     33.509    31.3379     5.5476          0          0  0.000e+00
  1024.8713     33.220     33.495    31.3414     5.5452          0          0  0.000e+00
  1024.8724     33.203     33.478    31.3427     5.5434          0          0  0.000e+00
  1024.8722     33.192     33.466    31.3426     5.5433          0          0  0.000e+00
  1024.8758     33.186     33.461    31.3471     5.5428          0          0  0.000e+00
  1024.8732     33.184     33.459    31.3438     5.5436          0          0  0.000e+00
  1024.8716     33.190     33.464    31.3417     5.5431          0          0  0.000e+00
  1024.8699     33.204     33.479    31.3390     5.5400          0          0  0.000e+00
  1024.8630     33.215     33.490    31.3298     5.5367          0          0  0.000e+00
  1024.8657     33.230     33.505    31.3319     5.5287          0          0  0.000e+00
  1024.8776     33.245     33.520    31.3456     5.5195          0          0  0.000e+00
  1024.8709     33.251     33.526    31.3366     5.5165          0          0  0.000e+00
  1024.8778     33.250     33.525    31.3446     5.5110          0          0  0.000e+00
  1024.8873     33.233     33.508    31.3562     5.5075          0          0  0.000e+00
  1024.9032     33.220     33.495    31.3769     5.5111          0          0  0.000e+00
  1024.9050     33.227     33.501    31.3811     5.5246          0          0  0.000e+00
  1024.8852     33.228     33.502    31.3587     5.5429          0          0  0.000e+00
  1024.8858     33.220     33.495    31.3610     5.5536          0          0  0.000e+00
  1024.8865     33.221     33.496    31.3632     5.5627          0          0  0.000e+00
  1024.8634     33.230     33.505    31.3354     5.5729          0          0  0.000e+00
  1024.8680     33.226     33.500    31.3414     5.5737          0          0  0.000e+00
  1024.8661     33.218     33.493    31.3388     5.5721          0          0  0.000e+00
  1024.8694     33.199     33.474    31.3428     5.5703          0          0  0.000e+00
  1024.8802     33.174     33.448    31.3568     5.5710          0          0  0.000e+00
  1024.8744     33.149     33.423    31.3503     5.5763          0          0  0.000e+00
  1024.8693     33.124     33.398    31.3446     5.5804          0          0  0.000e+00
  1024.8660     33.105     33.378    31.3406     5.5804          0          0  0.000e+00
  1024.8620     33.090     33.364    31.3353     5.5779          0          0  0.000e+00
  1024.8407     33.086     33.359    31.3074     5.5716          0          0  0.000e+00
  1024.8290     33.089     33.362    31.2895     5.5509          0          0  0.000e+00
  1024.8400     33.105     33.378    31.2988     5.5188          0          0  0.000e+00
  1024.8494     33.132     33.406    31.3058     5.4862          0          0  0.000e+00
  1024.8672     33.170     33.444    31.3235     5.4544          0          0  0.000e+00
  1024.8856     33.218     33.493    31.3428     5.4293          0          0  0.000e+00
  1024.8982     33.251     33.526    31.3563     5.4134          0          0  0.000e+00
  1024.9087     33.272     33.547    31.3683     5.4049          0          0  0.000e+00
  1024.9107     33.272     33.547    31.3705     5.4023          0          0  0.000e+00
  1024.9118     33.269     33.544    31.3719     5.4023          0          0  0.000e+00
  1024.9100     33.285     33.560    31.3697     5.4032          0          0  0.000e+00
  1024.9139     33.280     33.555    31.3747     5.4036          0          0  0.000e+00
  1024.9150     33.283     33.558    31.3764     5.4058          0          0  0.000e+00
  1024.9125     33.285     33.560    31.3737     5.4095          0          0  0.000e+00
