data/eDNA/PER-2022-473/473A025.cnv
* Sea-Bird SBE19plus  Data File:
* FileName = C:\Users\RSG_field\Ryan_Perley2022473\CTD\473A025.hex
* Software version 2.3.0 SB_Terminal.dll
* Temperature SN = 7141
* Conductivity SN = 7141
* System UpLoad Time = Aug 16 2022 13:52:06
* <ApplicationData>
* <SeatermAF>
** Platform: M. Perley
** Cruise: Per2022473
** Station:  SAB_Trans_10
** Cast: 01 473A025
** Latitude: N  46 00.2538
** Longitude: W 59 11.2409
** Sounding: 58
** Chief Scientist: Ryan Stanley
** Comment: Bottles 493903-43908 - sounding based on plumb line Cast 44
** Plumb to ~ 58 deployment cable to ~52
# nquan = 8
# nvalues = 2302                                  
# units = specified
# name 0 = density00: Density [density, kg/m^3]
# name 1 = depSM: Depth [salt water, m], lat = 45.00
# name 2 = prdM: Pressure, Strain Gauge [db]
# name 3 = sal00: Salinity, Practical [PSU]
# name 4 = tv290C: Temperature [ITS-90, deg C]
# name 5 = bpos: Bottle Position in Carousel
# name 6 = nbf: Bottles Fired
# name 7 = flag:  0.000e+00
# span 0 =   998.7549,  1025.6510                 
# span 1 =     -0.037,     48.632                 
# span 2 =     -0.037,     49.035                 
# span 3 =     0.1507,    31.9411                 
# span 4 =     3.1797,    20.4965                 
# span 5 =          0,          6                 
# span 6 =          0,          2                 
# span 7 = 0.0000e+00, 0.0000e+00                 
# interval = seconds: 0.25
# start_time = Aug 16 2022 13:38:32 [Instrument's time stamp, header]
# bad_flag = -9.990e-29
*END*
[from data line 180]
  1019.8220      2.694      2.716    28.6570    20.4732          0          0  0.000e+00
  1019.8324      2.724      2.747    28.6696    20.4705          0          0  0.000e+00
  1019.8476      2.710      2.732    28.6835    20.4522          0          0  0.000e+00
  1019.8680      2.647      2.669    28.7023    20.4273          0          0  0.000e+00
  1019.8778      2.536      2.556    28.7090    20.4073          0          0  0.000e+00
  1019.8763      2.378      2.397    28.7024    20.3910          0          0  0.000e+00
  1019.8745      2.181      2.198    28.6971    20.3787          0          0  0.000e+00
  1019.8740      1.962      1.978    28.6944    20.3692          0          0  0.000e+00
  1019.8844      1.738      1.752    28.7073    20.3629          0          0  0.000e+00
  1019.8913      1.523      1.536    28.7169    20.3609          0          0  0.000e+00
  1019.8965      1.336      1.347    28.7273    20.3681          0          0  0.000e+00
  1019.9043      1.185      1.195    28.7433    20.3824          0          0  0.000e+00
  1019.9056      1.080      1.089    28.7517    20.4001          0          0  0.000e+00
  1019.9016      1.022      1.030    28.7525    20.4170          0          0  0.000e+00
  1019.8959      1.014      1.022    28.7502    20.4324          0          0  0.000e+00
  1019.8915      1.057      1.066    28.7488    20.4460          0          0  0.000e+00
  1019.8884      1.159      1.168    28.7479    20.4572          0          0  0.000e+00
  1019.8865      1.299      1.309    28.7476    20.4660          0          0  0.000e+00
  1019.8850      1.475      1.487    28.7469    20.4729          0          0  0.000e+00
  1019.8824      1.670      1.683    28.7442    20.4783          0          0  0.000e+00
  1019.8812      1.866      1.881    28.7426    20.4817          0          0  0.000e+00
  1019.8773      2.036      2.053    28.7374    20.4842          0          0  0.000e+00
  1019.8725      2.182      2.200    28.7305    20.4852          0          0  0.000e+00
  1019.8611      2.275      2.294    28.7147    20.4843          0          0  0.000e+00
  1019.8522      2.322      2.341    28.7021    20.4826          0          0  0.000e+00
  1019.8602      2.313      2.332    28.7116    20.4792          0          0  0.000e+00
  1019.8671      2.259      2.278    28.7169    20.4671          0          0  0.000e+00
  1019.8724      2.177      2.195    28.7202    20.4552          0          0  0.000e+00
  1019.8719      2.084      2.101    28.7178    20.4483          0          0  0.000e+00
  1019.8669      1.996      2.013    28.7099    20.4429          0          0  0.000e+00
  1019.8666      1.926      1.942    28.7082    20.4379          0          0  0.000e+00
  1019.8732      1.881      1.896    28.7159    20.4342          0          0  0.000e+00
  1019.8784      1.858      1.874    28.7220    20.4318          0          0  0.000e+00
  1019.8832      1.857      1.873    28.7291    20.4339          0          0  0.000e+00
  1019.8837      1.862      1.877    28.7311    20.4378          0          0  0.000e+00
  1019.8786      1.866      1.881    28.7257    20.4420          0          0  0.000e+00
  1019.8635      1.859      1.875    28.7073    20.4458          0          0  0.000e+00
  1019.8537      1.838      1.853    28.6947    20.4467          0          0  0.000e+00
  1019.8565      1.794      1.808    28.6988    20.4473          0          0  0.000e+00
  1019.8642      1.734      1.749    28.7063    20.4383          0          0  0.000e+00
  1019.8761      1.658      1.672    28.7165    20.4210          0          0  0.000e+00
  1019.8841      1.577      1.590    28.7225    20.4062          0          0  0.000e+00
  1019.8857      1.513      1.525    28.7218    20.3966          0          0  0.000e+00
  1019.8881      1.473      1.485    28.7237    20.3922          0          0  0.000e+00
  1019.8931      1.470      1.482    28.7300    20.3914          0          0  0.000e+00
  1019.9016      1.504      1.517    28.7415    20.3930          0          0  0.000e+00
  1019.9129      1.571      1.584    28.7594    20.4029          0          0  0.000e+00
  1019.9117      1.665      1.679    28.7625    20.4187          0          0  0.000e+00
  1019.9017      1.771      1.786    28.7543    20.4352          0          0  0.000e+00
  1019.8941      1.882      1.897    28.7482    20.4483          0          0  0.000e+00
  1019.8880      1.985      2.001    28.7428    20.4578          0          0  0.000e+00
  1019.8818      2.067      2.084    28.7362    20.4639          0          0  0.000e+00
  1019.8705      2.125      2.143    28.7222    20.4674          0          0  0.000e+00
  1019.8461      2.156      2.174    28.6900    20.4678          0          0  0.000e+00
  1019.8408      2.160      2.178    28.6829    20.4676          0          0  0.000e+00
  1019.8411      2.140      2.158    28.6825    20.4645          0          0  0.000e+00
  1019.8583      2.097      2.114    28.6988    20.4452          0          0  0.000e+00
  1019.8767      2.031      2.048    28.7156    20.4224          0          0  0.000e+00
  1019.8859      1.954      1.970    28.7233    20.4079          0          0  0.000e+00
  1019.9095      1.863      1.878    28.7520    20.3996          0          0  0.000e+00
  1019.9453      1.771      1.786    28.7999    20.4001          0          0  0.000e+00
  1019.9306      1.690      1.704    28.7892    20.4241          0          0  0.000e+00
  1019.9131      1.626      1.640    28.7743    20.4471          0          0  0.000e+00
  1019.9036      1.587      1.600    28.7667    20.4606          0          0  0.000e+00
  1019.8992      1.573      1.586    28.7635    20.4685          0          0  0.000e+00
  1019.8969      1.575      1.588    28.7622    20.4736          0          0  0.000e+00
  1019.8941      1.596      1.609    28.7599    20.4780          0          0  0.000e+00
  1019.8920      1.621      1.634    28.7580    20.4807          0          0  0.000e+00
  1019.8915      1.651      1.664    28.7577    20.4824          0          0  0.000e+00
  1019.8904      1.681      1.695    28.7564    20.4834          0          0  0.000e+00
  1019.8905      1.706      1.720    28.7564    20.4836          0          0  0.000e+00
  1019.8908      1.738      1.752    28.7567    20.4835          0          0  0.000e+00
  1019.8942      1.774      1.788    28.7610    20.4837          0          0  0.000e+00
  1019.8958      1.822      1.837    28.7636    20.4860          0          0  0.000e+00
  1019.8929      1.879      1.894    28.7608    20.4901          0          0  0.000e+00
  1019.8911      1.936      1.952    28.7592    20.4930          0          0  0.000e+00
  1019.8904      1.989      2.005    28.7584    20.4944          0          0  0.000e+00
  1019.8900      2.032      2.049    28.7579    20.4953          0          0  0.000e+00
  1019.8897      2.060      2.077    28.7575    20.4959          0          0  0.000e+00
  1019.8894      2.075      2.092    28.7572    20.4964          0          0  0.000e+00
  1019.8886      2.078      2.095    28.7562    20.4965          0          0  0.000e+00
  1019.8868      2.069      2.086    28.7536    20.4957          0          0  0.000e+00
  1019.8887      2.047      2.064    28.7554    20.4934          0          0  0.000e+00
  1019.8893      2.025      2.041    28.7559    20.4918          0          0  0.000e+00
  1019.8901      1.998      2.015    28.7566    20.4905          0          0  0.000e+00
  1019.8904      1.972      1.988    28.7568    20.4896          0          0  0.000e+00
  1019.8900      1.944      1.960    28.7563    20.4890          0          0  0.000e+00
  1019.8903      1.920      1.936    28.7565    20.4883          0          0  0.000e+00
  1019.8912      1.894      1.910    28.7576    20.4874          0          0  0.000e+00
  1019.8911      1.873      1.889    28.7576    20.4874          0          0  0.000e+00
  1019.8912      1.847      1.862    28.7578    20.4872          0          0  0.000e+00
  1019.8908      1.817      1.832    28.7574    20.4870          0          0  0.000e+00
  1019.8908      1.787      1.802    28.7573    20.4865          0          0  0.000e+00
  1019.8914      1.759      1.773    28.7581    20.4860          0          0  0.000e+00
  1019.8914      1.734      1.749    28.7582    20.4859          0          0  0.000e+00
  1019.8912      1.721      1.735    28.7581    20.4862          0          0  0.000e+00
  1019.8917      1.722      1.736    28.7590    20.4865          0          0  0.000e+00
  1019.8920      1.735      1.750    28.7594    20.4870          0          0  0.000e+00
  1019.8910      1.763      1.777    28.7582    20.4879          0          0  0.000e+00
  1019.8897      1.805      1.820    28.7565    20.4883          0          0  0.000e+00
  1019.8920      1.851      1.866    28.7589    20.4874          0          0  0.000e+00
  1019.8928      1.889      1.905    28.7598    20.4877          0          0  0.000e+00
  1019.8918      1.923      1.939    28.7587    20.4887          0          0  0.000e+00
  1019.8918      1.951      1.967    28.7587    20.4894          0          0  0.000e+00
  1019.8915      1.970      1.986    28.7583    20.4897          0          0  0.000e+00
  1019.8914      1.990      2.006    28.7581    20.4899          0          0  0.000e+00
  1019.8913      2.013      2.030    28.7579    20.4899          0          0  0.000e+00
  1019.8910      2.035      2.052    28.7574    20.4898          0          0  0.000e+00
  1019.8908      2.062      2.079    28.7567    20.4894          0          0  0.000e+00
  1019.8910      2.081      2.098    28.7566    20.4885          0          0  0.000e+00
  1019.8911      2.092      2.109    28.7563    20.4876          0          0  0.000e+00
  1019.8909      2.089      2.107    28.7556    20.4861          0          0  0.000e+00
  1019.8918      2.070      2.087    28.7563    20.4843          0          0  0.000e+00
  1019.8918      2.034      2.051    28.7559    20.4828          0          0  0.000e+00
  1019.8921      1.978      1.994    28.7562    20.4812          0          0  0.000e+00
  1019.8924      1.919      1.934    28.7564    20.4797          0          0  0.000e+00
  1019.8930      1.857      1.873    28.7571    20.4785          0          0  0.000e+00
  1019.8932      1.805      1.820    28.7574    20.4776          0          0  0.000e+00
  1019.8932      1.760      1.774    28.7575    20.4769          0          0  0.000e+00
  1019.8943      1.725      1.739    28.7589    20.4762          0          0  0.000e+00
  1019.8940      1.706      1.720    28.7587    20.4765          0          0  0.000e+00
  1019.8947      1.699      1.713    28.7597    20.4766          0          0  0.000e+00
  1019.8951      1.703      1.716    28.7605    20.4775          0          0  0.000e+00
  1019.8952      1.717      1.731    28.7609    20.4787          0          0  0.000e+00
  1019.8959      1.739      1.753    28.7623    20.4805          0          0  0.000e+00
  1019.8958      1.766      1.781    28.7628    20.4828          0          0  0.000e+00
  1019.8934      1.797      1.812    28.7605    20.4858          0          0  0.000e+00
  1019.8926      1.835      1.850    28.7597    20.4871          0          0  0.000e+00
  1019.8915      1.874      1.890    28.7582    20.4878          0          0  0.000e+00
  1019.8910      1.923      1.939    28.7574    20.4880          0          0  0.000e+00
  1019.8915      1.976      1.992    28.7576    20.4874          0          0  0.000e+00
  1019.8923      2.027      2.043    28.7581    20.4868          0          0  0.000e+00
  1019.8924      2.072      2.089    28.7578    20.4865          0          0  0.000e+00
  1019.8937      2.106      2.124    28.7592    20.4862          0          0  0.000e+00
  1019.8955      2.122      2.140    28.7616    20.4866          0          0  0.000e+00
  1019.8935      2.125      2.143    28.7597    20.4885          0          0  0.000e+00
  1019.8912      2.106      2.124    28.7570    20.4895          0          0  0.000e+00
  1019.8887      2.074      2.090    28.7536    20.4885          0          0  0.000e+00
  1019.8907      2.035      2.052    28.7555    20.4857          0          0  0.000e+00
  1019.8926      1.993      2.009    28.7575    20.4834          0          0  0.000e+00
  1019.8926      1.957      1.973    28.7573    20.4825          0          0  0.000e+00
  1019.8930      1.919      1.934    28.7578    20.4816          0          0  0.000e+00
  1019.8930      1.883      1.898    28.7578    20.4810          0          0  0.000e+00
  1019.8932      1.852      1.867    28.7581    20.4805          0          0  0.000e+00
  1019.8933      1.821      1.836    28.7583    20.4803          0          0  0.000e+00
  1019.8932      1.796      1.811    28.7583    20.4801          0          0  0.000e+00
  1019.8928      1.774      1.788    28.7578    20.4798          0          0  0.000e+00
  1019.8949      1.760      1.774    28.7604    20.4791          0          0  0.000e+00
  1019.8952      1.751      1.766    28.7612    20.4801          0          0  0.000e+00
  1019.8942      1.752      1.767    28.7605    20.4818          0          0  0.000e+00
  1019.8943      1.759      1.773    28.7609    20.4829          0          0  0.000e+00
  1019.8931      1.776      1.790    28.7598    20.4843          0          0  0.000e+00
  1019.8925      1.803      1.818    28.7592    20.4854          0          0  0.000e+00
  1019.8931      1.836      1.851    28.7599    20.4857          0          0  0.000e+00
  1019.8935      1.876      1.892    28.7604    20.4863          0          0  0.000e+00
  1019.8927      1.918      1.933    28.7595    20.4876          0          0  0.000e+00
  1019.8930      1.961      1.977    28.7598    20.4881          0          0  0.000e+00
  1019.8929      2.000      2.017    28.7597    20.4889          0          0  0.000e+00
  1019.8927      2.033      2.050    28.7596    20.4897          0          0  0.000e+00
  1019.8927      2.057      2.073    28.7596    20.4902          0          0  0.000e+00
  1019.8924      2.075      2.092    28.7593    20.4909          0          0  0.000e+00
  1019.8921      2.083      2.100    28.7589    20.4912          0          0  0.000e+00
  1019.8918      2.082      2.099    28.7587    20.4914          0          0  0.000e+00
  1019.8911      2.083      2.100    28.7577    20.4913          0          0  0.000e+00
  1019.8911      2.096      2.113    28.7575    20.4909          0          0  0.000e+00
  1019.8912      2.116      2.133    28.7571    20.4899          0          0  0.000e+00
  1019.8925      2.134      2.151    28.7584    20.4889          0          0  0.000e+00
  1019.8932      2.154      2.172    28.7590    20.4884          0          0  0.000e+00
  1019.8934      2.175      2.193    28.7593    20.4886          0          0  0.000e+00
  1019.8933      2.193      2.211    28.7592    20.4891          0          0  0.000e+00
  1019.8931      2.207      2.225    28.7590    20.4894          0          0  0.000e+00
  1019.8930      2.209      2.227    28.7589    20.4896          0          0  0.000e+00
  1019.8929      2.209      2.227    28.7587    20.4895          0          0  0.000e+00
  1019.8924      2.202      2.220    28.7580    20.4894          0          0  0.000e+00
  1019.8905      2.192      2.210    28.7555    20.4888          0          0  0.000e+00
  1019.8929      2.188      2.206    28.7580    20.4870          0          0  0.000e+00
  1019.8933      2.192      2.210    28.7580    20.4857          0          0  0.000e+00
  1019.8935      2.213      2.232    28.7580    20.4853          0          0  0.000e+00
  1019.8940      2.252      2.270    28.7581    20.4843          0          0  0.000e+00
