data/eDNA/PER-2022-473/473A002.cnv
* Sea-Bird SBE19plus  Data File:
* FileName = C:\Users\RSG_field\Ryan_Perley2022473\CTD\473A002.hex
* Software version 2.3.0 SB_Terminal.dll
* Temperature SN = 7141
* Conductivity SN = 7141
* System UpLoad Time = Aug 07 2022 13:11:55
* <ApplicationData>
* <SeatermAF>
** Platform: M. Perley
** Cruise: Per2021171
** Station:  ESI-00
** Cast: 01
** Latitude: N  44 51.3183
** Longitude: W 62 30.1652
** Sounding: 16.1
** Chief Scientist: Ryan Stanley
** Comment: Sheet Harbour approach extra station
** Ph bottle left on
# nquan = 8
# nvalues = 1934                                  
# units = specified
# name 0 = density00: Density [density, kg/m^3]
# name 1 = depSM: Depth [salt water, m], lat = 45.00
# name 2 = prdM: Pressure, Strain Gauge [db]
# name 3 = sal00: Salinity, Practical [PSU]
# name 4 = tv290C: Temperature [ITS-90, deg C]
# name 5 = bpos: Bottle Position in Carousel
# name 6 = nbf: Bottles Fired
# name 7 = flag:  0.000e+00
# span 0 =   998.6079,  1024.5391                 
# span 1 =     -0.068,     15.082                 
# span 2 =     -0.069,     15.206                 
# span 3 =     0.0126,    31.8167                 
# span 4 =     6.7625,    17.9916                 
# span 5 =          0,          6                 
# span 6 =          0,          2                 
# span 7 = 0.0000e+00, 0.0000e+00                 
# interval = seconds: 0.25
# start_time = Aug 07 2022 13:00:25 [Instrument's time stamp, header]
# bad_flag = -9.990e-29
*END*
[from data line 899]
  1022.7196     14.734     14.855    29.0961     7.9268          0          0  0.000e+00
  1022.7175     14.757     14.878    29.0934     7.9280          0          0  0.000e+00
  1022.7158     14.793     14.914    29.0912     7.9291          0          0  0.000e+00
  1022.7134     14.823     14.945    29.0882     7.9304          0          0  0.000e+00
  1022.7112     14.838     14.960    29.0855     7.9313          0          0  0.000e+00
  1022.7086     14.843     14.965    29.0823     7.9324          0          0  0.000e+00
  1022.7060     14.852     14.974    29.0792     7.9334          0          0  0.000e+00
  1022.7035     14.861     14.984    29.0760     7.9345          0          0  0.000e+00
  1022.7012     14.863     14.985    29.0733     7.9355          0          0  0.000e+00
  1022.6989     14.859     14.982    29.0705     7.9365          0          0  0.000e+00
  1022.6959     14.856     14.978    29.0669     7.9375          0          0  0.000e+00
  1022.6935     14.848     14.970    29.0642     7.9384          0          0  0.000e+00
  1022.6914     14.835     14.957    29.0617     7.9394          0          0  0.000e+00
  1022.6892     14.820     14.942    29.0591     7.9403          0          0  0.000e+00
  1022.6871     14.804     14.926    29.0567     7.9412          0          0  0.000e+00
  1022.6849     14.788     14.910    29.0541     7.9421          0          0  0.000e+00
  1022.6832     14.774     14.895    29.0521     7.9429          0          0  0.000e+00
  1022.6810     14.765     14.886    29.0495     7.9439          0          0  0.000e+00
  1022.6792     14.763     14.884    29.0475     7.9446          0          0  0.000e+00
  1022.6774     14.766     14.887    29.0452     7.9454          0          0  0.000e+00
  1022.6754     14.769     14.891    29.0429     7.9462          0          0  0.000e+00
  1022.6734     14.776     14.897    29.0403     7.9470          0          0  0.000e+00
  1022.6715     14.784     14.906    29.0381     7.9478          0          0  0.000e+00
  1022.6699     14.794     14.915    29.0361     7.9485          0          0  0.000e+00
  1022.6684     14.803     14.925    29.0342     7.9492          0          0  0.000e+00
  1022.6663     14.804     14.926    29.0317     7.9500          0          0  0.000e+00
  1022.6649     14.801     14.923    29.0300     7.9505          0          0  0.000e+00
  1022.6627     14.789     14.911    29.0273     7.9513          0          0  0.000e+00
  1022.6612     14.784     14.906    29.0256     7.9518          0          0  0.000e+00
  1022.6595     14.772     14.894    29.0236     7.9525          0          0  0.000e+00
  1022.6582     14.762     14.883    29.0221     7.9532          0          0  0.000e+00
  1022.6562     14.759     14.880    29.0197     7.9537          0          0  0.000e+00
  1022.6546     14.760     14.881    29.0178     7.9542          0          0  0.000e+00
  1022.6532     14.769     14.891    29.0160     7.9548          0          0  0.000e+00
  1022.6515     14.786     14.908    29.0138     7.9554          0          0  0.000e+00
  1022.6498     14.803     14.925    29.0117     7.9560          0          0  0.000e+00
  1022.6483     14.814     14.936    29.0098     7.9563          0          0  0.000e+00
  1022.6467     14.819     14.941    29.0077     7.9568          0          0  0.000e+00
  1022.6446     14.833     14.955    29.0050     7.9572          0          0  0.000e+00
  1022.6429     14.836     14.958    29.0030     7.9578          0          0  0.000e+00
  1022.6416     14.842     14.964    29.0013     7.9580          0          0  0.000e+00
  1022.6400     14.841     14.963    28.9993     7.9585          0          0  0.000e+00
  1022.6382     14.837     14.959    28.9972     7.9591          0          0  0.000e+00
  1022.6365     14.831     14.953    28.9951     7.9594          0          0  0.000e+00
  1022.6346     14.821     14.943    28.9928     7.9599          0          0  0.000e+00
  1022.6325     14.811     14.932    28.9902     7.9600          0          0  0.000e+00
  1022.6308     14.795     14.916    28.9882     7.9603          0          0  0.000e+00
  1022.6294     14.782     14.904    28.9866     7.9607          0          0  0.000e+00
  1022.6281     14.772     14.894    28.9850     7.9610          0          0  0.000e+00
  1022.6266     14.775     14.896    28.9831     7.9614          0          0  0.000e+00
  1022.6253     14.782     14.904    28.9815     7.9617          0          0  0.000e+00
  1022.6240     14.798     14.920    28.9798     7.9620          0          0  0.000e+00
  1022.6227     14.807     14.929    28.9781     7.9622          0          0  0.000e+00
  1022.6211     14.817     14.939    28.9761     7.9625          0          0  0.000e+00
  1022.6202     14.829     14.951    28.9749     7.9625          0          0  0.000e+00
  1022.6186     14.845     14.967    28.9728     7.9629          0          0  0.000e+00
  1022.6171     14.856     14.978    28.9708     7.9631          0          0  0.000e+00
  1022.6157     14.865     14.987    28.9690     7.9633          0          0  0.000e+00
  1022.6143     14.860     14.983    28.9673     7.9634          0          0  0.000e+00
  1022.6130     14.856     14.978    28.9657     7.9636          0          0  0.000e+00
  1022.6117     14.854     14.976    28.9640     7.9636          0          0  0.000e+00
  1022.6106     14.856     14.978    28.9627     7.9638          0          0  0.000e+00
  1022.6090     14.860     14.983    28.9606     7.9639          0          0  0.000e+00
  1022.6078     14.862     14.984    28.9591     7.9641          0          0  0.000e+00
  1022.6063     14.862     14.984    28.9572     7.9642          0          0  0.000e+00
  1022.6049     14.860     14.983    28.9555     7.9642          0          0  0.000e+00
  1022.6038     14.860     14.983    28.9541     7.9642          0          0  0.000e+00
  1022.6023     14.859     14.982    28.9522     7.9643          0          0  0.000e+00
  1022.6013     14.860     14.983    28.9509     7.9644          0          0  0.000e+00
  1022.5999     14.859     14.982    28.9491     7.9644          0          0  0.000e+00
  1022.5985     14.859     14.982    28.9473     7.9644          0          0  0.000e+00
  1022.5971     14.858     14.981    28.9455     7.9644          0          0  0.000e+00
  1022.5957     14.856     14.978    28.9438     7.9645          0          0  0.000e+00
  1022.5946     14.854     14.976    28.9424     7.9644          0          0  0.000e+00
  1022.5932     14.851     14.973    28.9407     7.9646          0          0  0.000e+00
  1022.5919     14.842     14.964    28.9390     7.9644          0          0  0.000e+00
  1022.5904     14.833     14.955    28.9372     7.9643          0          0  0.000e+00
  1022.5892     14.824     14.946    28.9357     7.9642          0          0  0.000e+00
  1022.5880     14.814     14.936    28.9342     7.9641          0          0  0.000e+00
  1022.5864     14.809     14.930    28.9322     7.9642          0          0  0.000e+00
  1022.5854     14.813     14.935    28.9308     7.9641          0          0  0.000e+00
  1022.5838     14.828     14.950    28.9287     7.9639          0          0  0.000e+00
  1022.5828     14.848     14.970    28.9272     7.9638          0          0  0.000e+00
  1022.5815     14.870     14.992    28.9254     7.9637          0          0  0.000e+00
  1022.5803     14.889     15.012    28.9238     7.9634          0          0  0.000e+00
  1022.5791     14.907     15.030    28.9221     7.9634          0          0  0.000e+00
  1022.5778     14.921     15.044    28.9204     7.9631          0          0  0.000e+00
  1022.5762     14.930     15.053    28.9182     7.9631          0          0  0.000e+00
  1022.5748     14.940     15.063    28.9163     7.9628          0          0  0.000e+00
  1022.5732     14.942     15.065    28.9143     7.9626          0          0  0.000e+00
  1022.5719     14.942     15.065    28.9125     7.9624          0          0  0.000e+00
  1022.5704     14.940     15.063    28.9106     7.9622          0          0  0.000e+00
  1022.5686     14.938     15.061    28.9083     7.9620          0          0  0.000e+00
  1022.5673     14.938     15.061    28.9066     7.9616          0          0  0.000e+00
  1022.5657     14.934     15.056    28.9045     7.9614          0          0  0.000e+00
  1022.5640     14.934     15.056    28.9023     7.9611          0          0  0.000e+00
  1022.5627     14.933     15.055    28.9006     7.9609          0          0  0.000e+00
  1022.5613     14.934     15.056    28.8988     7.9607          0          0  0.000e+00
  1022.5601     14.936     15.059    28.8971     7.9602          0          0  0.000e+00
  1022.5589     14.937     15.060    28.8955     7.9599          0          0  0.000e+00
  1022.5578     14.937     15.060    28.8941     7.9596          0          0  0.000e+00
  1022.5570     14.944     15.067    28.8930     7.9593          0          0  0.000e+00
  1022.5557     14.953     15.076    28.8913     7.9589          0          0  0.000e+00
  1022.5546     14.959     15.082    28.8897     7.9586          0          0  0.000e+00
  1022.5535     14.967     15.090    28.8882     7.9582          0          0  0.000e+00
  1022.5521     14.975     15.098    28.8863     7.9578          0          0  0.000e+00
  1022.5507     14.982     15.106    28.8844     7.9574          0          0  0.000e+00
  1022.5496     14.987     15.110    28.8829     7.9570          0          0  0.000e+00
  1022.5482     14.986     15.109    28.8810     7.9566          0          0  0.000e+00
  1022.5469     14.986     15.109    28.8793     7.9562          0          0  0.000e+00
  1022.5454     14.981     15.105    28.8774     7.9558          0          0  0.000e+00
  1022.5442     14.977     15.100    28.8759     7.9554          0          0  0.000e+00
  1022.5432     14.973     15.096    28.8744     7.9550          0          0  0.000e+00
  1022.5422     14.970     15.093    28.8731     7.9545          0          0  0.000e+00
  1022.5411     14.965     15.088    28.8716     7.9541          0          0  0.000e+00
  1022.5404     14.963     15.086    28.8707     7.9535          0          0  0.000e+00
  1022.5392     14.962     15.085    28.8691     7.9531          0          0  0.000e+00
  1022.5380     14.961     15.084    28.8675     7.9527          0          0  0.000e+00
  1022.5372     14.964     15.087    28.8663     7.9521          0          0  0.000e+00
  1022.5362     14.965     15.088    28.8650     7.9517          0          0  0.000e+00
  1022.5350     14.968     15.091    28.8633     7.9513          0          0  0.000e+00
  1022.5342     14.971     15.094    28.8622     7.9506          0          0  0.000e+00
  1022.5329     14.974     15.097    28.8605     7.9502          0          0  0.000e+00
  1022.5318     14.980     15.103    28.8590     7.9496          0          0  0.000e+00
  1022.5308     14.982     15.106    28.8576     7.9490          0          0  0.000e+00
  1022.5300     14.986     15.109    28.8564     7.9485          0          0  0.000e+00
  1022.5290     14.988     15.111    28.8550     7.9479          0          0  0.000e+00
  1022.5279     14.989     15.112    28.8536     7.9474          0          0  0.000e+00
  1022.5270     14.989     15.112    28.8523     7.9468          0          0  0.000e+00
  1022.5258     14.989     15.112    28.8507     7.9463          0          0  0.000e+00
  1022.5249     14.986     15.109    28.8494     7.9458          0          0  0.000e+00
  1022.5236     14.985     15.108    28.8477     7.9452          0          0  0.000e+00
  1022.5230     14.982     15.106    28.8468     7.9446          0          0  0.000e+00
  1022.5220     14.978     15.101    28.8454     7.9439          0          0  0.000e+00
  1022.5208     14.977     15.100    28.8438     7.9435          0          0  0.000e+00
  1022.5197     14.973     15.096    28.8424     7.9429          0          0  0.000e+00
  1022.5188     14.972     15.095    28.8411     7.9423          0          0  0.000e+00
  1022.5180     14.971     15.094    28.8401     7.9416          0          0  0.000e+00
  1022.5171     14.970     15.093    28.8387     7.9409          0          0  0.000e+00
  1022.5162     14.970     15.093    28.8375     7.9403          0          0  0.000e+00
  1022.5151     14.972     15.095    28.8359     7.9396          0          0  0.000e+00
  1022.5141     14.974     15.097    28.8345     7.9391          0          0  0.000e+00
  1022.5132     14.976     15.099    28.8333     7.9383          0          0  0.000e+00
  1022.5120     14.981     15.105    28.8316     7.9377          0          0  0.000e+00
  1022.5114     14.984     15.107    28.8307     7.9371          0          0  0.000e+00
  1022.5105     14.986     15.109    28.8294     7.9364          0          0  0.000e+00
  1022.5097     14.988     15.111    28.8283     7.9358          0          0  0.000e+00
  1022.5089     14.988     15.111    28.8271     7.9350          0          0  0.000e+00
  1022.5079     14.989     15.112    28.8258     7.9344          0          0  0.000e+00
  1022.5072     14.989     15.112    28.8248     7.9336          0          0  0.000e+00
  1022.5061     14.989     15.112    28.8232     7.9330          0          0  0.000e+00
  1022.5053     14.987     15.110    28.8221     7.9321          0          0  0.000e+00
  1022.5046     14.986     15.109    28.8211     7.9315          0          0  0.000e+00
  1022.5034     14.985     15.108    28.8194     7.9309          0          0  0.000e+00
  1022.5027     14.980     15.103    28.8184     7.9299          0          0  0.000e+00
  1022.5018     14.979     15.102    28.8172     7.9294          0          0  0.000e+00
  1022.5009     14.978     15.101    28.8159     7.9286          0          0  0.000e+00
  1022.5000     14.976     15.099    28.8147     7.9278          0          0  0.000e+00
  1022.4992     14.976     15.099    28.8135     7.9270          0          0  0.000e+00
  1022.4985     14.978     15.101    28.8124     7.9263          0          0  0.000e+00
  1022.4976     14.978     15.101    28.8112     7.9256          0          0  0.000e+00
  1022.4967     14.978     15.101    28.8099     7.9249          0          0  0.000e+00
  1022.4960     14.980     15.104    28.8088     7.9240          0          0  0.000e+00
  1022.4954     14.982     15.106    28.8079     7.9232          0          0  0.000e+00
  1022.4946     14.982     15.106    28.8068     7.9225          0          0  0.000e+00
  1022.4937     14.985     15.108    28.8054     7.9217          0          0  0.000e+00
  1022.4927     14.986     15.109    28.8041     7.9209          0          0  0.000e+00
  1022.4920     14.987     15.110    28.8031     7.9201          0          0  0.000e+00
  1022.4913     14.987     15.110    28.8019     7.9192          0          0  0.000e+00
  1022.4904     14.986     15.109    28.8007     7.9185          0          0  0.000e+00
  1022.4898     14.989     15.112    28.7998     7.9176          0          0  0.000e+00
  1022.4890     14.987     15.110    28.7987     7.9168          0          0  0.000e+00
  1022.4884     14.986     15.109    28.7977     7.9160          0          0  0.000e+00
  1022.4876     14.985     15.108    28.7966     7.9151          0          0  0.000e+00
  1022.4868     14.984     15.107    28.7954     7.9143          0          0  0.000e+00
  1022.4861     14.984     15.107    28.7944     7.9136          0          0  0.000e+00
  1022.4854     14.985     15.108    28.7934     7.9127          0          0  0.000e+00
  1022.4848     14.982     15.106    28.7924     7.9117          0          0  0.000e+00
  1022.4842     14.982     15.106    28.7915     7.9109          0          0  0.000e+00
