data/eDNA/PER-2022-473/473A013.cnv
* Sea-Bird SBE19plus  Data File:
* FileName = C:\Users\RSG_field\Ryan_Perley2022473\CTD\473A013.hex
* Software version 2.3.0 SB_Terminal.dll
* Temperature SN = 7141
* Conductivity SN = 7141
* System UpLoad Time = Aug 10 2022 15:29:52
* <ApplicationData>
* <SeatermAF>
** Platform: M. Perley
** Cruise: Per2022473
** Station:  ESI_16
** Cast: 01
** Latitude: N  44 30.3821
** Longitude: W 62 50.5517
** Sounding: 110
** Chief Scientist: Ryan Stanley
** Comment: CastID 473A013 Bottles 493828-493833 Cast 31
# nquan = 8
# nvalues = 3926                                  
# units = specified
# name 0 = density00: Density [density, kg/m^3]
# name 1 = depSM: Depth [salt water, m], lat = 45.00
# name 2 = prdM: Pressure, Strain Gauge [db]
# name 3 = sal00: Salinity, Practical [PSU]
# name 4 = tv290C: Temperature [ITS-90, deg C]
# name 5 = bpos: Bottle Position in Carousel
# name 6 = nbf: Bottles Fired
# name 7 = flag:  0.000e+00
# span 0 =   999.1712,  1026.6471                 
# span 1 =     -0.079,     99.023                 
# span 2 =     -0.079,     99.858                 
# span 3 =     0.0458,    33.4216                 
# span 4 =     3.5875,    15.0043                 
# span 5 =          0,          6                 
# span 6 =          0,          2                 
# span 7 = 0.0000e+00, 0.0000e+00                 
# interval = seconds: 0.25
# start_time = Aug 10 2022 15:09:09 [Instrument's time stamp, header]
# bad_flag = -9.990e-29
*END*
[from data line 2158]
  1026.5711     98.078     98.904    33.3314     6.9101          0          0  0.000e+00
  1026.5680     98.058     98.885    33.3276     6.9109          0          0  0.000e+00
  1026.5632     98.039     98.865    33.3216     6.9103          0          0  0.000e+00
  1026.5634     98.032     98.858    33.3215     6.9076          0          0  0.000e+00
  1026.5612     98.037     98.863    33.3181     6.9049          0          0  0.000e+00
  1026.5597     98.058     98.885    33.3156     6.9018          0          0  0.000e+00
  1026.5652     98.089     98.916    33.3217     6.8980          0          0  0.000e+00
  1026.5702     98.128     98.955    33.3275     6.8961          0          0  0.000e+00
  1026.5582     98.170     98.997    33.3120     6.8961          0          0  0.000e+00
  1026.5575     98.212     99.040    33.3102     6.8920          0          0  0.000e+00
  1026.5691     98.247     99.075    33.3239     6.8873          0          0  0.000e+00
  1026.5629     98.274     99.102    33.3157     6.8865          0          0  0.000e+00
  1026.5588     98.291     99.119    33.3101     6.8845          0          0  0.000e+00
  1026.5595     98.299     99.127    33.3102     6.8804          0          0  0.000e+00
  1026.5651     98.297     99.125    33.3167     6.8768          0          0  0.000e+00
  1026.5617     98.293     99.121    33.3120     6.8752          0          0  0.000e+00
  1026.5598     98.278     99.106    33.3094     6.8734          0          0  0.000e+00
  1026.5577     98.259     99.087    33.3064     6.8704          0          0  0.000e+00
  1026.5570     98.241     99.069    33.3051     6.8671          0          0  0.000e+00
  1026.5584     98.222     99.049    33.3063     6.8634          0          0  0.000e+00
  1026.5602     98.201     99.028    33.3082     6.8606          0          0  0.000e+00
  1026.5599     98.187     99.014    33.3076     6.8587          0          0  0.000e+00
  1026.5625     98.175     99.002    33.3107     6.8571          0          0  0.000e+00
  1026.5645     98.166     98.993    33.3131     6.8563          0          0  0.000e+00
  1026.5710     98.160     98.987    33.3215     6.8568          0          0  0.000e+00
  1026.5743     98.166     98.993    33.3262     6.8597          0          0  0.000e+00
  1026.5740     98.180     99.008    33.3265     6.8637          0          0  0.000e+00
  1026.5740     98.203     99.030    33.3270     6.8676          0          0  0.000e+00
  1026.5759     98.237     99.064    33.3299     6.8715          0          0  0.000e+00
  1026.5744     98.279     99.107    33.3285     6.8758          0          0  0.000e+00
  1026.5794     98.329     99.157    33.3351     6.8795          0          0  0.000e+00
  1026.5830     98.379     99.208    33.3404     6.8851          0          0  0.000e+00
  1026.5786     98.425     99.255    33.3357     6.8916          0          0  0.000e+00
  1026.5782     98.468     99.298    33.3357     6.8965          0          0  0.000e+00
  1026.5805     98.500     99.330    33.3392     6.9006          0          0  0.000e+00
  1026.5814     98.519     99.349    33.3411     6.9055          0          0  0.000e+00
  1026.5753     98.521     99.351    33.3341     6.9106          0          0  0.000e+00
  1026.5669     98.508     99.338    33.3240     6.9130          0          0  0.000e+00
  1026.5577     98.478     99.308    33.3122     6.9116          0          0  0.000e+00
  1026.5601     98.432     99.261    33.3146     6.9063          0          0  0.000e+00
  1026.5664     98.375     99.204    33.3221     6.9015          0          0  0.000e+00
  1026.5671     98.310     99.138    33.3231     6.8996          0          0  0.000e+00
  1026.5658     98.239     99.067    33.3217     6.8987          0          0  0.000e+00
  1026.5650     98.167     98.994    33.3209     6.8975          0          0  0.000e+00
  1026.5650     98.101     98.928    33.3211     6.8961          1          1  0.000e+00
  1026.5698     98.047     98.873    33.3273     6.8952          1          1  0.000e+00
  1026.5705     98.010     98.836    33.3286     6.8960          1          1  0.000e+00
  1026.5708     98.001     98.827    33.3293     6.8977          1          1  0.000e+00
  1026.5709     98.014     98.840    33.3296     6.8992          1          1  0.000e+00
  1026.5691     98.053     98.879    33.3273     6.9005          1          1  0.000e+00
  1026.5707     98.106     98.933    33.3292     6.9013          1          1  0.000e+00
  1026.5683     98.186     99.013    33.3258     6.9021          1          1  0.000e+00
  1026.5772     98.281     99.109    33.3366     6.9027          1          1  0.000e+00
  1026.5786     98.389     99.219    33.3383     6.9058          1          1  0.000e+00
  1026.5771     98.502     99.332    33.3364     6.9099          1          1  0.000e+00
  1026.5764     98.603     99.434    33.3356     6.9133          1          1  0.000e+00
  1026.5725     98.681     99.513    33.3306     6.9158          1          1  0.000e+00
  1026.5773     98.738     99.570    33.3366     6.9170          1          1  0.000e+00
  1026.5773     98.761     99.593    33.3369     6.9192          1          1  0.000e+00
  1026.5723     98.744     99.576    33.3310     6.9217          1          1  0.000e+00
  1026.5707     98.687     99.519    33.3293     6.9221          1          1  0.000e+00
  1026.5687     98.602     99.432    33.3272     6.9215          1          1  0.000e+00
  1026.5678     98.496     99.326    33.3265     6.9201          1          1  0.000e+00
  1026.5627     98.375     99.204    33.3204     6.9184          1          1  0.000e+00
  1026.5580     98.254     99.082    33.3145     6.9149          1          1  0.000e+00
  1026.5629     98.142     98.969    33.3205     6.9099          1          1  0.000e+00
  1026.5655     98.042     98.868    33.3240     6.9069          1          1  0.000e+00
  1026.5662     97.958     98.783    33.3250     6.9057          1          1  0.000e+00
  1026.5655     97.889     98.714    33.3244     6.9049          1          1  0.000e+00
  1026.5662     97.843     98.668    33.3255     6.9040          1          1  0.000e+00
  1026.5634     97.818     98.642    33.3220     6.9036          1          1  0.000e+00
  1026.5538     97.815     98.639    33.3095     6.9019          1          1  0.000e+00
  1026.5483     97.835     98.659    33.3014     6.8963          1          1  0.000e+00
  1026.5652     97.887     98.712    33.3213     6.8885          1          1  0.000e+00
  1026.5640     97.969     98.794    33.3189     6.8864          1          1  0.000e+00
  1026.5725     98.069     98.896    33.3290     6.8859          1          1  0.000e+00
  1026.5812     98.190     99.018    33.3398     6.8884          1          1  0.000e+00
  1026.5736     98.328     99.157    33.3303     6.8939          1          1  0.000e+00
  1026.5745     98.463     99.292    33.3312     6.8971          1          1  0.000e+00
  1026.5850     98.594     99.425    33.3441     6.8998          1          1  0.000e+00
  1026.5841     98.708     99.540    33.3435     6.9058          1          1  0.000e+00
  1026.5774     98.801     99.634    33.3356     6.9125          1          1  0.000e+00
  1026.5746     98.858     99.691    33.3322     6.9159          1          1  0.000e+00
  1026.5731     98.885     99.718    33.3303     6.9172          1          1  0.000e+00
  1026.5716     98.878     99.712    33.3286     6.9175          1          1  0.000e+00
  1026.5681     98.834     99.667    33.3244     6.9172          1          1  0.000e+00
  1026.5686     98.755     99.588    33.3252     6.9157          1          1  0.000e+00
  1026.5686     98.643     99.474    33.3255     6.9140          1          1  0.000e+00
  1026.5669     98.507     99.337    33.3239     6.9127          1          1  0.000e+00
  1026.5631     98.355     99.183    33.3198     6.9111          1          1  0.000e+00
  1026.5600     98.196     99.023    33.3163     6.9082          1          1  0.000e+00
  1026.5610     98.035     98.861    33.3178     6.9043          1          1  0.000e+00
  1026.5621     97.886     98.711    33.3196     6.9014          1          1  0.000e+00
  1026.5670     97.757     98.580    33.3263     6.8995          1          1  0.000e+00
  1026.5666     97.653     98.475    33.3264     6.8995          1          1  0.000e+00
  1026.5670     97.577     98.399    33.3274     6.9001          1          1  0.000e+00
  1026.5672     97.547     98.368    33.3279     6.9009          1          1  0.000e+00
  1026.5408     97.554     98.376    33.2943     6.9011          1          1  0.000e+00
  1026.5243     97.593     98.415    33.2714     6.8911          1          1  0.000e+00
  1026.5254     97.667     98.489    33.2693     6.8736          1          1  0.000e+00
  1026.5218     97.766     98.590    33.2613     6.8562          1          1  0.000e+00
  1026.5803     97.886     98.711    33.3319     6.8393          1          1  0.000e+00
  1026.6055     98.017     98.843    33.3641     6.8445          1          1  0.000e+00
  1026.5943     98.151     98.978    33.3524     6.8638          1          1  0.000e+00
  1026.5875     98.282     99.110    33.3455     6.8784          1          1  0.000e+00
  1026.5890     98.402     99.232    33.3486     6.8892          1          1  0.000e+00
  1026.5816     98.511     99.341    33.3402     6.8992          1          1  0.000e+00
  1026.5816     98.594     99.425    33.3410     6.9061          1          1  0.000e+00
  1026.5748     98.656     99.487    33.3329     6.9116          1          1  0.000e+00
  1026.5792     98.699     99.531    33.3387     6.9143          1          1  0.000e+00
  1026.5776     98.721     99.552    33.3371     6.9179          1          1  0.000e+00
  1026.5651     98.717     99.549    33.3218     6.9209          1          1  0.000e+00
  1026.5613     98.689     99.520    33.3168     6.9187          1          1  0.000e+00
  1026.5631     98.633     99.464    33.3186     6.9141          1          1  0.000e+00
  1026.5637     98.550     99.380    33.3192     6.9101          1          1  0.000e+00
  1026.5640     98.443     99.272    33.3197     6.9071          1          1  0.000e+00
  1026.5654     98.317     99.145    33.3218     6.9043          1          1  0.000e+00
  1026.5673     98.173     99.001    33.3247     6.9027          1          1  0.000e+00
  1026.5678     98.024     98.850    33.3261     6.9024          1          1  0.000e+00
  1026.5663     97.874     98.699    33.3252     6.9024          1          1  0.000e+00
  1026.5651     97.736     98.559    33.3244     6.9023          1          1  0.000e+00
  1026.5640     97.619     98.441    33.3237     6.9022          1          1  0.000e+00
  1026.5651     97.531     98.353    33.3256     6.9017          1          1  0.000e+00
  1026.5640     97.480     98.301    33.3244     6.9015          1          1  0.000e+00
  1026.5495     97.473     98.294    33.3058     6.9007          1          1  0.000e+00
  1026.5342     97.511     98.332    33.2851     6.8942          1          1  0.000e+00
  1026.5360     97.590     98.412    33.2847     6.8816          1          1  0.000e+00
  1026.5593     97.701     98.524    33.3115     6.8696          1          1  0.000e+00
  1026.5835     97.839     98.664    33.3409     6.8660          1          1  0.000e+00
  1026.5878     97.992     98.818    33.3468     6.8737          1          1  0.000e+00
  1026.5839     98.153     98.980    33.3428     6.8844          1          1  0.000e+00
  1026.5821     98.309     99.138    33.3410     6.8932          1          1  0.000e+00
  1026.5883     98.453     99.283    33.3494     6.9008          1          1  0.000e+00
  1026.5844     98.568     99.399    33.3454     6.9099          1          1  0.000e+00
  1026.5770     98.643     99.474    33.3367     6.9171          1          1  0.000e+00
  1026.5733     98.682     99.514    33.3325     6.9207          1          1  0.000e+00
  1026.5712     98.679     99.511    33.3300     6.9220          1          1  0.000e+00
  1026.5679     98.646     99.478    33.3261     6.9222          1          1  0.000e+00
  1026.5675     98.574     99.405    33.3258     6.9209          1          1  0.000e+00
  1026.5672     98.471     99.301    33.3256     6.9192          1          1  0.000e+00
  1026.5673     98.340     99.169    33.3263     6.9178          1          1  0.000e+00
  1026.5659     98.196     99.023    33.3252     6.9166          1          1  0.000e+00
  1026.5604     98.044     98.870    33.3189     6.9153          1          1  0.000e+00
  1026.5592     97.894     98.718    33.3176     6.9121          1          1  0.000e+00
  1026.5596     97.756     98.579    33.3184     6.9086          1          1  0.000e+00
  1026.5650     97.632     98.454    33.3255     6.9054          1          1  0.000e+00
  1026.5680     97.535     98.357    33.3297     6.9044          1          1  0.000e+00
  1026.5681     97.471     98.292    33.3303     6.9054          1          1  0.000e+00
  1026.5606     97.437     98.257    33.3212     6.9068          1          1  0.000e+00
  1026.5522     97.443     98.264    33.3102     6.9049          1          1  0.000e+00
  1026.5505     97.475     98.296    33.3068     6.8992          1          1  0.000e+00
  1026.5465     97.544     98.365    33.3001     6.8921          1          1  0.000e+00
  1026.5585     97.636     98.458    33.3135     6.8842          1          1  0.000e+00
  1026.5696     97.757     98.580    33.3262     6.8802          1          1  0.000e+00
  1026.5742     97.890     98.715    33.3315     6.8815          1          1  0.000e+00
  1026.5751     98.035     98.861    33.3325     6.8854          1          1  0.000e+00
  1026.5788     98.181     99.008    33.3370     6.8899          1          1  0.000e+00
  1026.5763     98.325     99.154    33.3339     6.8949          1          1  0.000e+00
  1026.5753     98.455     99.284    33.3325     6.8990          1          1  0.000e+00
  1026.5711     98.561     99.391    33.3272     6.9021          1          1  0.000e+00
  1026.5698     98.636     99.467    33.3252     6.9030          1          1  0.000e+00
  1026.5710     98.676     99.508    33.3265     6.9030          1          1  0.000e+00
  1026.5845     98.679     99.511    33.3437     6.9037          1          1  0.000e+00
  1026.5746     98.642     99.474    33.3324     6.9090          1          1  0.000e+00
  1026.5631     98.557     99.388    33.3188     6.9120          1          1  0.000e+00
  1026.5642     98.437     99.266    33.3204     6.9092          1          1  0.000e+00
  1026.5664     98.291     99.120    33.3235     6.9065          1          1  0.000e+00
  1026.5665     98.135     98.962    33.3244     6.9053          1          1  0.000e+00
  1026.5639     97.985     98.810    33.3218     6.9045          1          1  0.000e+00
  1026.5645     97.845     98.669    33.3232     6.9032          1          1  0.000e+00
  1026.5611     97.728     98.552    33.3193     6.9020          1          1  0.000e+00
  1026.5668     97.633     98.455    33.3268     6.9002          1          1  0.000e+00
  1026.5719     97.565     98.387    33.3338     6.9008          1          1  0.000e+00
  1026.5699     97.524     98.345    33.3321     6.9042          1          1  0.000e+00
  1026.5646     97.509     98.330    33.3258     6.9067          1          1  0.000e+00
  1026.5620     97.523     98.344    33.3225     6.9068          1          1  0.000e+00
  1026.5619     97.554     98.376    33.3220     6.9057          1          1  0.000e+00
  1026.5579     97.610     98.432    33.3163     6.9040          1          1  0.000e+00
  1026.5576     97.680     98.502    33.3149     6.9007          1          1  0.000e+00
