data/eDNA/PER-2022-473/473A001.cnv
* Sea-Bird SBE19plus  Data File:
* FileName = C:\Users\RSG_field\Ryan_Perley2022473\CTD\473A001.hex
* Software version 2.3.0 SB_Terminal.dll
* Temperature SN = 7141
* Conductivity SN = 7141
* System UpLoad Time = Aug 06 2022 23:00:42
* <ApplicationData>
* <SeatermAF>
** Platform: M. Perley
** Cruise: Per2021171
** Station:  ESI_01
** Cast: 01
** Latitude: N
** Longitude: W
** Sounding:
** Chief Scientist: Ryan Stanley
** Comment: Connection to AF failed after this cast.
# nquan = 10
# nvalues = 1513                                  
# units = specified
# name 0 = density00: Density [density, kg/m^3]
# name 1 = depSM: Depth [salt water, m], lat = 45.00
# name 2 = prdM: Pressure, Strain Gauge [db]
# name 3 = sal00: Salinity, Practical [PSU]
# name 4 = tv290C: Temperature [ITS-90, deg C]
# name 5 = bpos: Bottle Position in Carousel
# name 6 = nbf: Bottles Fired
# name 7 = wetStar: Fluorescence, WET Labs WETstar [mg/m^3]
# name 8 = upoly0: Upoly 0, Ares turbidity
# name 9 = flag:  0.000e+00
# span 0 =   998.4722,  1024.2488                 
# span 1 =     -0.018,     20.254                 
# span 2 =     -0.018,     20.421                 
# span 3 =     0.0116,    31.2541                 
# span 4 =     7.4374,    18.7073                 
# span 5 =          0,          6                 
# span 6 =          0,          2                 
# span 7 =     2.9435,    16.4302                 
# span 8 =  0.0195315,  4.9870298                 
# span 9 = 0.0000e+00, 0.0000e+00                 
# interval = seconds: 0.25
# start_time = Aug 06 2022 12:34:57 [Instrument's time stamp, header]
# bad_flag = -9.990e-29
*END*
[from data line 145]
  1022.8599      0.699      0.705    30.7624    14.2843          0          0     3.5829  0.1993591  0.000e+00
  1022.8328      0.612      0.617    30.7274    14.2830          0          0     3.4205  0.2003510  0.000e+00
  1022.8118      0.536      0.540    30.7001    14.2814          0          0     3.3690  0.2011902  0.000e+00
  1022.7981      0.488      0.492    30.6812    14.2758          0          0     3.4754  0.2046235  0.000e+00
  1022.7890      0.486      0.490    30.6641    14.2563          0          0     3.7022  0.2069886  0.000e+00
  1022.8055      0.530      0.535    30.6774    14.2264          0          0     3.3959  0.2014954  0.000e+00
  1022.8455      0.613      0.618    30.7215    14.1991          0          0     3.1352  0.1984436  0.000e+00
  1022.8880      0.721      0.727    30.7687    14.1717          0          0     2.9540  0.2157626  0.000e+00
  1022.9322      0.836      0.843    30.8178    14.1430          0          0     3.0160  0.2042420  0.000e+00
  1022.9652      0.944      0.952    30.8534    14.1181          0          0     3.0803  0.2025635  0.000e+00
  1023.0127      1.037      1.046    30.9084    14.0956          0          0     3.1224  0.2063783  0.000e+00
  1023.0876      1.112      1.121    31.0012    14.0810          0          0     3.1843  0.2064546  0.000e+00
  1023.1165      1.154      1.163    31.0383    14.0803          0          0     3.1960  0.2010376  0.000e+00
  1023.0788      1.163      1.173    30.9909    14.0861          0          0     3.3433  0.2010376  0.000e+00
  1023.0337      1.141      1.150    30.9310    14.0805          0          0     3.6227  0.2047761  0.000e+00
  1022.9805      1.089      1.098    30.8555    14.0540          0          0     3.4228  0.2027924  0.000e+00
  1022.9585      1.020      1.028    30.8196    14.0247          0          0     3.5327  0.2143893  0.000e+00
  1022.9450      0.936      0.944    30.8000    14.0152          0          0     3.5023  0.2026398  0.000e+00
  1022.9345      0.849      0.856    30.7874    14.0167          0          0     3.4076  0.2010376  0.000e+00
  1022.9311      0.771      0.777    30.7831    14.0154          0          0     3.5327  0.2042420  0.000e+00
  1022.9208      0.704      0.710    30.7682    14.0079          0          0     3.6227  0.1966888  0.000e+00
  1022.9151      0.654      0.660    30.7585    13.9984          0          0     3.7197  0.2018006  0.000e+00
  1022.9144      0.631      0.636    30.7561    13.9920          0          0     3.5888  0.1975280  0.000e+00
  1022.9235      0.626      0.631    30.7670    13.9884          0          0     3.6145  0.2039368  0.000e+00
  1022.9394      0.634      0.639    30.7868    13.9857          0          0     3.5467  0.2104982  0.000e+00
  1022.9589      0.651      0.657    30.8115    13.9836          0          0     3.4707  0.2023346  0.000e+00
  1022.9793      0.680      0.685    30.8373    13.9817          0          0     3.3375  0.1971466  0.000e+00
  1022.9908      0.713      0.719    30.8514    13.9796          0          0     3.2895  0.2116426  0.000e+00
  1022.9880      0.742      0.748    30.8469    13.9770          0          0     3.3421  0.2046235  0.000e+00
  1022.9901      0.770      0.776    30.8492    13.9757          0          0     3.2802  0.2100404  0.000e+00
  1022.9909      0.795      0.802    30.8505    13.9775          0          0     3.2697  0.2037842  0.000e+00
  1022.9876      0.814      0.821    30.8467    13.9796          0          0     3.3550  0.2000458  0.000e+00
  1022.9768      0.827      0.834    30.8354    13.9902          0          0     3.3655  0.2130159  0.000e+00
  1022.9611      0.835      0.841    30.8184    14.0032          0          0     3.4964  0.2067597  0.000e+00
  1022.9448      0.839      0.846    30.7997    14.0123          0          0     3.5619  0.2039368  0.000e+00
  1022.9273      0.840      0.847    30.7794    14.0213          0          0     3.5070  0.2038605  0.000e+00
  1022.9078      0.846      0.853    30.7583    14.0377          0          0     3.6262  0.2015717  0.000e+00
  1022.8873      0.860      0.867    30.7382    14.0626          0          0     3.4859  0.1965362  0.000e+00
  1022.8743      0.884      0.892    30.7274    14.0859          0          0     3.4918  0.2005798  0.000e+00
  1022.8752      0.916      0.924    30.7340    14.1074          0          0     3.5338  0.1982147  0.000e+00
  1022.9263      0.943      0.950    30.8043    14.1235          0          0     3.6613  0.2055390  0.000e+00
  1023.0354      0.963      0.971    30.9499    14.1395          0          0     3.7139  0.2016480  0.000e+00
  1023.0823      0.970      0.978    31.0144    14.1536          0          0     3.6975  0.2142367  0.000e+00
  1023.0445      0.973      0.981    30.9670    14.1595          0          0     3.6800  0.2106508  0.000e+00
  1022.9561      0.963      0.971    30.8534    14.1631          0          0     3.5584  0.1983673  0.000e+00
  1022.9467      0.943      0.950    30.8426    14.1683          0          0     3.6776  0.2039368  0.000e+00
  1022.9453      0.908      0.915    30.8423    14.1731          0          0     3.7431  0.2021820  0.000e+00
  1022.9516      0.862      0.869    30.8519    14.1771          0          0     3.6285  0.2080568  0.000e+00
  1022.9536      0.802      0.808    30.8559    14.1812          0          0     3.6391  0.2047761  0.000e+00
  1022.9547      0.741      0.747    30.8586    14.1850          0          0     3.5818  0.2114900  0.000e+00
  1022.9465      0.678      0.683    30.8494    14.1888          0          0     3.5935  0.1938659  0.000e+00
  1022.9182      0.627      0.632    30.8138    14.1919          0          0     3.8448  0.2034791  0.000e+00
  1022.8755      0.592      0.597    30.7592    14.1941          0          0     3.7431  0.2015717  0.000e+00
  1022.8531      0.584      0.589    30.7305    14.1952          0          0     3.6975  0.1999695  0.000e+00
  1022.8512      0.606      0.611    30.7278    14.1949          0          0     3.7653  0.2571908  0.000e+00
  1022.8539      0.658      0.663    30.7308    14.1942          0          0     3.4894  0.1985199  0.000e+00
  1022.8436      0.729      0.735    30.7165    14.1922          0          0     3.2778  0.1976043  0.000e+00
  1022.8336      0.812      0.819    30.7003    14.1817          0          0     3.4146  0.2022583  0.000e+00
  1022.8473      0.899      0.907    30.7132    14.1650          0          0     3.3433  0.2059205  0.000e+00
  1022.9406      0.962      0.970    30.8305    14.1527          0          0     3.4310  0.1998932  0.000e+00
  1023.1214      0.999      1.007    31.0643    14.1512          0          0     3.4929  0.2038605  0.000e+00
  1023.2021      1.005      1.014    31.1692    14.1522          0          0     3.3912  0.2027924  0.000e+00
  1023.2650      0.982      0.990    31.2541    14.1641          0          0     3.6858  0.2002747  0.000e+00
  1023.2289      0.932      0.940    31.2241    14.2263          0          0     3.4836  0.2020294  0.000e+00
  1023.1337      0.861      0.868    31.1309    14.3381          0          0     3.5596  0.2046235  0.000e+00
  1022.9983      0.786      0.792    30.9835    14.4418          0          0     3.6040  0.2034791  0.000e+00
  1022.8820      0.720      0.726    30.8466    14.4925          0          0     3.5993  0.2031739  0.000e+00
  1022.7693      0.678      0.683    30.7021    14.4984          0          0     3.5748  0.1969177  0.000e+00
  1022.6734      0.677      0.682    30.5686    14.4645          0          0     3.7361  0.2108797  0.000e+00
  1022.5945      0.719      0.725    30.4495    14.4030          0          0     3.6472  0.2056153  0.000e+00
  1022.6109      0.794      0.801    30.4523    14.3353          0          0     3.5736  0.1979095  0.000e+00
  1022.6549      0.873      0.880    30.4930    14.2754          0          0     3.5748  0.1955444  0.000e+00
  1022.7051      0.937      0.945    30.5461    14.2314          0          0     3.6706  0.2023346  0.000e+00
  1022.8035      0.973      0.981    30.6662    14.2040          0          0     3.8390  0.1972992  0.000e+00
  1022.9382      0.982      0.990    30.8380    14.1931          0          0     3.7197  0.2021820  0.000e+00
  1022.9807      0.955      0.963    30.8920    14.1886          0          0     3.6203  0.2046235  0.000e+00
  1022.9580      0.894      0.901    30.8692    14.2122          0          0     3.7349  0.2002747  0.000e+00
  1022.8975      0.822      0.829    30.8118    14.2896          0          0     3.7139  0.2059205  0.000e+00
  1022.8381      0.752      0.758    30.7544    14.3617          0          0     3.6320  0.2034791  0.000e+00
  1022.7611      0.710      0.715    30.6669    14.4074          0          0     3.6624  0.2024872  0.000e+00
  1022.7015      0.705      0.711    30.5958    14.4304          0          0     3.6730  0.2073701  0.000e+00
  1022.6764      0.728      0.734    30.5650    14.4375          0          0     3.7408  0.2082856  0.000e+00
  1022.6503      0.761      0.768    30.5237    14.4107          0          0     3.6320  0.1976806  0.000e+00
  1022.6594      0.799      0.805    30.5224    14.3625          0          0     3.5631  0.1996643  0.000e+00
  1022.7036      0.828      0.835    30.5686    14.3210          0          0     3.6075  0.2092012  0.000e+00
  1022.7945      0.840      0.847    30.6793    14.2941          0          0     3.5596  0.2038605  0.000e+00
  1022.8839      0.837      0.844    30.7922    14.2826          0          0     3.7758  0.2013428  0.000e+00
  1022.9150      0.825      0.832    30.8300    14.2729          0          0     3.6730  0.1973754  0.000e+00
  1022.9454      0.808      0.815    30.8666    14.2622          0          0     3.7828  0.1963073  0.000e+00
  1022.9456      0.799      0.805    30.8697    14.2723          0          0     3.9547  0.2005035  0.000e+00
  1022.9110      0.796      0.803    30.8306    14.2941          0          0     3.7688  0.2071412  0.000e+00
  1022.8778      0.807      0.814    30.7896    14.3017          0          0     3.7185  0.2070649  0.000e+00
  1022.8414      0.822      0.829    30.7407    14.2962          0          0     3.7922  0.2032502  0.000e+00
  1022.8245      0.842      0.849    30.7168    14.2891          0          0     3.7022  0.1999695  0.000e+00
  1022.8416      0.854      0.861    30.7365    14.2800          0          0     3.7817  0.1995880  0.000e+00
  1022.8907      0.859      0.866    30.7988    14.2745          0          0     3.7630  0.2032502  0.000e+00
  1022.9317      0.859      0.866    30.8529    14.2781          0          0     3.6928  0.2067597  0.000e+00
  1022.9348      0.858      0.865    30.8586    14.2846          0          0     3.6917  0.1962310  0.000e+00
  1022.8989      0.865      0.872    30.8127    14.2870          0          0     3.6753  0.2041657  0.000e+00
  1022.8734      0.878      0.885    30.7790    14.2853          0          0     3.7513  0.2034791  0.000e+00
  1022.8896      0.884      0.892    30.7988    14.2803          0          0     3.8775  0.2027924  0.000e+00
  1022.9460      0.889      0.896    30.8706    14.2758          0          0     3.7010  0.2068360  0.000e+00
  1022.9959      0.886      0.893    30.9355    14.2765          0          0     3.6987  0.2143130  0.000e+00
  1023.0097      0.874      0.881    30.9546    14.2803          0          0     3.7022  0.1946288  0.000e+00
  1023.0202      0.859      0.866    30.9687    14.2823          0          0     4.0131  0.2177462  0.000e+00
  1023.0247      0.842      0.849    30.9779    14.2944          0          0     3.9266  0.2031739  0.000e+00
  1023.0028      0.824      0.831    30.9606    14.3355          0          0     3.7513  0.2064546  0.000e+00
  1022.9686      0.804      0.810    30.9300    14.3864          0          0     4.0155  0.2021820  0.000e+00
  1022.9348      0.789      0.796    30.8984    14.4318          0          0     4.7625  0.2000458  0.000e+00
  1022.9067      0.776      0.783    30.8705    14.4631          0          0     4.6070  0.2095064  0.000e+00
  1022.8944      0.765      0.771    30.8590    14.4799          0          0     4.5275  0.1966125  0.000e+00
  1022.8976      0.753      0.759    30.8652    14.4872          0          0     3.9734  0.2090486  0.000e+00
  1022.9039      0.736      0.742    30.8755    14.4945          0          0     3.8869  0.2013428  0.000e+00
  1022.8944      0.719      0.725    30.8681    14.5127          0          0     3.8845  0.1990539  0.000e+00
  1022.8745      0.703      0.709    30.8492    14.5379          0          0     3.7828  0.2076753  0.000e+00
  1022.8500      0.692      0.697    30.8222    14.5556          0          0     3.7934  0.1978332  0.000e+00
  1022.8115      0.692      0.697    30.7729    14.5582          0          0     3.9675  0.2095064  0.000e+00
  1022.7532      0.710      0.715    30.6943    14.5475          0          0     3.7969  0.2019532  0.000e+00
  1022.6804      0.751      0.757    30.5917    14.5186          0          0     3.9594  0.2043183  0.000e+00
  1022.6142      0.814      0.821    30.4915    14.4665          0          0     3.8647  0.2060731  0.000e+00
  1022.6039      0.898      0.906    30.4656    14.4215          0          0     3.7828  0.2003510  0.000e+00
  1022.6250      0.979      0.987    30.4837    14.3883          0          0     3.6940  0.2005035  0.000e+00
  1022.6809      1.046      1.054    30.5405    14.3312          0          0     3.7735  0.2066072  0.000e+00
  1022.8136      1.083      1.092    30.6929    14.2574          0          0     3.8600  0.2018769  0.000e+00
  1022.9736      1.091      1.100    30.8903    14.2195          0          0     3.8775  0.2024872  0.000e+00
  1023.0901      1.063      1.071    31.0336    14.1900          0          0     3.7875  0.2128634  0.000e+00
  1023.0996      1.001      1.009    31.0547    14.2214          0          0     3.7828  0.1958495  0.000e+00
  1023.0056      0.922      0.929    30.9657    14.3432          0          0     3.7489  0.1958495  0.000e+00
  1022.9019      0.836      0.843    30.8647    14.4665          0          0     3.8378  0.2015717  0.000e+00
  1022.7947      0.759      0.766    30.7514    14.5607          0          0     3.9979  0.1903563  0.000e+00
  1022.6872      0.700      0.706    30.6275    14.6173          0          0     4.0085  0.2141604  0.000e+00
  1022.6205      0.662      0.667    30.5464    14.6369          0          0     4.0295  0.2050050  0.000e+00
  1022.4371      0.642      0.647    30.3099    14.6427          0          0     3.8308  0.2069886  0.000e+00
  1022.3925      0.634      0.639    30.2280    14.5531          0          0     3.7957  0.1972229  0.000e+00
  1022.5120      0.641      0.646    30.3426    14.4020          0          0     3.8822  0.1985199  0.000e+00
  1022.5887      0.662      0.667    30.4141    14.2971          0          0     3.8974  0.1963836  0.000e+00
  1022.6171      0.692      0.697    30.4337    14.2328          0          0     3.8997  0.2101167  0.000e+00
  1022.6516      0.734      0.740    30.4649    14.1823          0          0     3.7957  0.2054627  0.000e+00
  1022.6821      0.785      0.791    30.4947    14.1462          0          0     3.7782  0.2031739  0.000e+00
  1022.7028      0.835      0.841    30.5166    14.1287          0          0     3.8027  0.1992065  0.000e+00
  1022.7006      0.879      0.886    30.5106    14.1180          0          0     3.8670  0.2026398  0.000e+00
  1022.7023      0.916      0.924    30.5092    14.1048          0          0     3.8541  0.2053864  0.000e+00
  1022.7148      0.943      0.950    30.5207    14.0880          0          0     3.9547  0.1994354  0.000e+00
