data/eDNA/PER-2022-473/473A008.cnv
* Sea-Bird SBE19plus  Data File:
* FileName = C:\Users\RSG_field\Ryan_Perley2022473\CTD\473A008.hex
* Software version 2.3.0 SB_Terminal.dll
* Temperature SN = 7141
* Conductivity SN = 7141
* System UpLoad Time = Aug 08 2022 18:54:57
* <ApplicationData>
* <SeatermAF>
** Platform: M. Perley
** Cruise: Per2022473
** Station:  ESI-06
** Cast: 01
** Latitude: N  44 46.3308
** Longitude: W 62 26.1203
** Sounding: 40.3
** Chief Scientist: Ryan Stanley
** Comment:
# nquan = 8
# nvalues = 2117                                  
# units = specified
# name 0 = density00: Density [density, kg/m^3]
# name 1 = depSM: Depth [salt water, m], lat = 45.00
# name 2 = prdM: Pressure, Strain Gauge [db]
# name 3 = sal00: Salinity, Practical [PSU]
# name 4 = tv290C: Temperature [ITS-90, deg C]
# name 5 = bpos: Bottle Position in Carousel
# name 6 = nbf: Bottles Fired
# name 7 = flag:  0.000e+00
# span 0 =   998.8335,  1025.2110                 
# span 1 =     -0.101,     38.871                 
# span 2 =     -0.102,     39.193                 
# span 3 =     0.0435,    31.5841                 
# span 4 =     4.4062,    16.8636                 
# span 5 =          0,          6                 
# span 6 =          0,          2                 
# span 7 = 0.0000e+00, 0.0000e+00                 
# interval = seconds: 0.25
# start_time = Aug 08 2022 18:39:55 [Instrument's time stamp, header]
# bad_flag = -9.990e-29
*END*
[from data line 540]
  1023.4644      5.895      5.943    30.7295    11.0849          0          0  0.000e+00
  1023.4706      6.149      6.200    30.6991    10.9187          0          0  0.000e+00
  1023.4328      6.386      6.438    30.6054    10.7197          0          0  0.000e+00
  1023.5200      6.590      6.644    30.6651    10.4832          0          0  0.000e+00
  1023.4552      6.751      6.807    30.5339    10.2619          0          0  0.000e+00
  1023.3955      6.876      6.932    30.4027    10.0048          0          0  0.000e+00
  1023.5410      6.968      7.025    30.5264     9.7008          0          0  0.000e+00
  1023.7543      7.032      7.090    30.7477     9.4451          0          0  0.000e+00
  1023.8579      7.068      7.126    30.8512     9.2996          0          0  0.000e+00
  1023.9649      7.092      7.150    30.9738     9.2281          0          0  0.000e+00
  1024.0971      7.114      7.172    31.1410     9.2189          0          0  0.000e+00
  1024.0768      7.153      7.212    31.1294     9.2917          0          0  0.000e+00
  1023.9462      7.224      7.283    30.9769     9.3679          0          0  0.000e+00
  1023.6705      7.324      7.384    30.6230     9.3658          0          0  0.000e+00
  1023.4980      7.456      7.518    30.3712     9.2131          0          0  0.000e+00
  1023.5551      7.619      7.681    30.3902     8.9393          0          0  0.000e+00
  1023.6706      7.800      7.864    30.4858     8.6703          0          0  0.000e+00
  1023.7599      7.982      8.048    30.5570     8.4465          0          0  0.000e+00
  1023.8034      8.159      8.226    30.5779     8.2643          0          0  0.000e+00
  1023.9036      8.334      8.402    30.6745     8.0976          0          0  0.000e+00
  1023.9550      8.488      8.557    30.7164     7.9710          0          0  0.000e+00
  1023.9792      8.616      8.687    30.7280     7.8667          0          0  0.000e+00
  1024.0469      8.728      8.800    30.7961     7.7677          0          0  0.000e+00
  1024.1001      8.821      8.893    30.8514     7.7000          0          0  0.000e+00
  1024.1283      8.892      8.965    30.8806     7.6640          0          0  0.000e+00
  1024.1456      8.951      9.024    30.8990     7.6450          0          0  0.000e+00
  1024.1546      9.011      9.085    30.9090     7.6381          0          0  0.000e+00
  1024.1518      9.076      9.150    30.9051     7.6386          0          0  0.000e+00
  1024.1427      9.155      9.231    30.8932     7.6398          0          0  0.000e+00
  1024.1315      9.250      9.326    30.8778     7.6364          0          0  0.000e+00
  1024.1324      9.367      9.444    30.8766     7.6271          0          0  0.000e+00
  1024.1273      9.507      9.585    30.8673     7.6157          0          0  0.000e+00
  1024.1232      9.657      9.736    30.8585     7.6004          0          0  0.000e+00
  1024.1401      9.824      9.905    30.8753     7.5787          0          0  0.000e+00
  1024.1623     10.009     10.091    30.8995     7.5611          0          0  0.000e+00
  1024.1710     10.200     10.283    30.9082     7.5541          0          0  0.000e+00
  1024.1208     10.394     10.479    30.8423     7.5494          0          0  0.000e+00
  1024.0552     10.585     10.672    30.7514     7.5136          0          0  0.000e+00
  1024.0707     10.769     10.857    30.7561     7.4315          0          0  0.000e+00
  1024.1200     10.940     11.030    30.8028     7.3438          0          0  0.000e+00
  1024.1365     11.098     11.190    30.8111     7.2737          0          0  0.000e+00
  1024.1538     11.251     11.343    30.8210     7.2073          0          0  0.000e+00
  1024.2047     11.389     11.482    30.8737     7.1403          0          0  0.000e+00
  1024.2409     11.520     11.615    30.9117     7.0965          0          0  0.000e+00
  1024.2550     11.648     11.743    30.9249     7.0730          0          0  0.000e+00
  1024.2675     11.769     11.866    30.9379     7.0599          0          0  0.000e+00
  1024.2676     11.890     11.988    30.9362     7.0531          0          0  0.000e+00
  1024.2711     12.006     12.104    30.9389     7.0466          0          0  0.000e+00
  1024.2741     12.115     12.214    30.9413     7.0417          0          0  0.000e+00
  1024.2727     12.221     12.321    30.9383     7.0383          0          0  0.000e+00
  1024.2768     12.316     12.418    30.9424     7.0347          0          0  0.000e+00
  1024.2813     12.396     12.498    30.9472     7.0325          0          0  0.000e+00
  1024.2844     12.463     12.565    30.9509     7.0328          0          0  0.000e+00
  1024.2821     12.514     12.616    30.9481     7.0353          0          0  0.000e+00
  1024.2809     12.554     12.657    30.9467     7.0381          0          0  0.000e+00
  1024.2832     12.586     12.689    30.9499     7.0407          0          0  0.000e+00
  1024.2799     12.620     12.723    30.9461     7.0447          0          0  0.000e+00
  1024.2740     12.660     12.764    30.9390     7.0479          0          0  0.000e+00
  1024.2707     12.720     12.825    30.9344     7.0479          0          0  0.000e+00
  1024.2659     12.813     12.919    30.9274     7.0460          0          0  0.000e+00
  1024.2676     12.928     13.034    30.9282     7.0418          0          0  0.000e+00
  1024.2709     13.088     13.196    30.9307     7.0377          0          0  0.000e+00
  1024.2744     13.280     13.389    30.9336     7.0352          0          0  0.000e+00
  1024.2760     13.505     13.616    30.9342     7.0343          0          0  0.000e+00
  1024.2703     13.740     13.853    30.9255     7.0341          0          0  0.000e+00
  1024.2694     13.982     14.096    30.9224     7.0307          0          0  0.000e+00
  1024.2736     14.221     14.338    30.9256     7.0259          0          0  0.000e+00
  1024.2787     14.444     14.562    30.9301     7.0224          0          0  0.000e+00
  1024.2795     14.642     14.762    30.9296     7.0207          0          0  0.000e+00
  1024.2820     14.816     14.938    30.9316     7.0194          0          0  0.000e+00
  1024.2831     14.958     15.081    30.9321     7.0187          0          0  0.000e+00
  1024.2827     15.068     15.192    30.9309     7.0183          0          0  0.000e+00
  1024.2821     15.143     15.268    30.9295     7.0175          0          0  0.000e+00
  1024.2848     15.184     15.308    30.9325     7.0160          0          0  0.000e+00
  1024.2884     15.198     15.323    30.9369     7.0160          0          0  0.000e+00
  1024.2895     15.188     15.313    30.9388     7.0184          0          0  0.000e+00
  1024.2912     15.170     15.295    30.9417     7.0220          0          0  0.000e+00
  1024.2993     15.148     15.272    30.9530     7.0280          0          0  0.000e+00
  1024.2883     15.131     15.255    30.9410     7.0390          0          0  0.000e+00
  1024.2765     15.133     15.257    30.9273     7.0466          0          0  0.000e+00
  1024.2695     15.159     15.284    30.9183     7.0473          0          0  0.000e+00
  1024.2641     15.212     15.337    30.9104     7.0429          0          0  0.000e+00
  1024.2656     15.301     15.427    30.9105     7.0349          0          0  0.000e+00
  1024.2739     15.420     15.547    30.9190     7.0267          0          0  0.000e+00
  1024.2779     15.567     15.695    30.9224     7.0219          0          0  0.000e+00
  1024.2723     15.732     15.861    30.9138     7.0192          0          0  0.000e+00
  1024.2796     15.908     16.038    30.9213     7.0143          0          0  0.000e+00
  1024.2849     16.087     16.219    30.9265     7.0109          0          0  0.000e+00
  1024.2902     16.269     16.403    30.9321     7.0114          0          0  0.000e+00
  1024.2852     16.447     16.582    30.9252     7.0143          0          0  0.000e+00
  1024.2857     16.611     16.748    30.9250     7.0152          0          0  0.000e+00
  1024.2808     16.770     16.908    30.9178     7.0147          0          0  0.000e+00
  1024.2812     16.916     17.055    30.9170     7.0119          0          0  0.000e+00
  1024.2856     17.045     17.185    30.9212     7.0078          0          0  0.000e+00
  1024.2873     17.164     17.305    30.9222     7.0056          0          0  0.000e+00
  1024.2887     17.268     17.410    30.9231     7.0040          0          0  0.000e+00
  1024.2945     17.363     17.506    30.9298     7.0029          0          0  0.000e+00
  1024.2935     17.451     17.595    30.9283     7.0053          0          0  0.000e+00
  1024.2699     17.538     17.682    30.8982     7.0075          0          0  0.000e+00
  1024.2913     17.625     17.770    30.9251     7.0087          0          0  0.000e+00
  1024.2896     17.717     17.863    30.9224     7.0094          0          0  0.000e+00
  1024.2889     17.816     17.962    30.9210     7.0093          0          0  0.000e+00
  1024.2896     17.918     18.066    30.9211     7.0084          0          0  0.000e+00
  1024.2900     18.024     18.173    30.9209     7.0076          0          0  0.000e+00
  1024.2912     18.133     18.282    30.9216     7.0068          0          0  0.000e+00
  1024.2911     18.236     18.387    30.9208     7.0062          0          0  0.000e+00
  1024.2907     18.330     18.481    30.9196     7.0054          0          0  0.000e+00
  1024.2904     18.422     18.574    30.9185     7.0039          0          0  0.000e+00
  1024.2899     18.512     18.664    30.9169     7.0017          0          0  0.000e+00
  1024.2923     18.602     18.755    30.9189     6.9987          0          0  0.000e+00
  1024.2910     18.701     18.855    30.9162     6.9962          0          0  0.000e+00
  1024.2927     18.808     18.963    30.9173     6.9930          0          0  0.000e+00
  1024.2963     18.924     19.080    30.9206     6.9894          0          0  0.000e+00
  1024.2992     19.052     19.208    30.9233     6.9877          0          0  0.000e+00
  1024.2998     19.189     19.347    30.9232     6.9877          0          0  0.000e+00
  1024.3007     19.323     19.482    30.9235     6.9873          0          0  0.000e+00
  1024.3017     19.448     19.608    30.9238     6.9869          0          0  0.000e+00
  1024.3020     19.568     19.729    30.9233     6.9857          0          0  0.000e+00
  1024.3029     19.672     19.834    30.9237     6.9847          0          0  0.000e+00
  1024.3040     19.759     19.921    30.9245     6.9842          0          0  0.000e+00
  1024.3049     19.834     19.997    30.9252     6.9837          0          0  0.000e+00
  1024.3073     19.905     20.069    30.9278     6.9839          0          0  0.000e+00
  1024.3035     19.978     20.143    30.9227     6.9848          0          0  0.000e+00
  1024.3022     20.060     20.225    30.9203     6.9834          0          0  0.000e+00
  1024.3051     20.153     20.319    30.9228     6.9791          0          0  0.000e+00
  1024.3092     20.272     20.439    30.9266     6.9750          0          0  0.000e+00
  1024.3085     20.417     20.585    30.9244     6.9722          0          0  0.000e+00
  1024.3094     20.588     20.757    30.9238     6.9682          0          0  0.000e+00
  1024.3113     20.783     20.954    30.9243     6.9631          0          0  0.000e+00
  1024.3067     20.994     21.166    30.9162     6.9570          0          0  0.000e+00
  1024.2995     21.214     21.389    30.9037     6.9443          0          0  0.000e+00
  1024.3160     21.423     21.599    30.9197     6.9220          0          0  0.000e+00
  1024.3267     21.625     21.803    30.9291     6.9029          0          0  0.000e+00
  1024.3315     21.803     21.983    30.9316     6.8875          0          0  0.000e+00
  1024.3397     21.950     22.130    30.9387     6.8730          0          0  0.000e+00
  1024.3354     22.061     22.243    30.9301     6.8577          0          0  0.000e+00
  1024.3472     22.133     22.315    30.9413     6.8367          0          0  0.000e+00
  1024.3622     22.170     22.353    30.9571     6.8184          0          0  0.000e+00
  1024.3814     22.180     22.362    30.9797     6.8080          0          0  0.000e+00
  1024.3825     22.168     22.351    30.9816     6.8101          0          0  0.000e+00
  1024.3735     22.151     22.334    30.9710     6.8154          0          0  0.000e+00
  1024.3782     22.137     22.320    30.9773     6.8163          0          0  0.000e+00
  1024.3722     22.145     22.327    30.9701     6.8190          0          0  0.000e+00
  1024.3646     22.177     22.359    30.9602     6.8189          0          0  0.000e+00
  1024.3577     22.246     22.430    30.9499     6.8121          0          0  0.000e+00
  1024.3677     22.346     22.530    30.9600     6.8001          0          0  0.000e+00
  1024.3691     22.481     22.666    30.9595     6.7907          0          0  0.000e+00
  1024.3395     22.640     22.826    30.9193     6.7799          0          0  0.000e+00
  1024.3536     22.817     23.005    30.9312     6.7493          0          0  0.000e+00
  1024.3668     23.011     23.200    30.9416     6.7174          0          0  0.000e+00
  1024.3742     23.210     23.401    30.9453     6.6896          0          0  0.000e+00
  1024.3874     23.417     23.610    30.9567     6.6631          0          0  0.000e+00
  1024.3923     23.617     23.812    30.9581     6.6405          0          0  0.000e+00
  1024.3855     23.817     24.014    30.9447     6.6184          0          0  0.000e+00
  1024.2953     24.016     24.214    30.8239     6.5868          0          0  0.000e+00
  1024.2353     24.214     24.414    30.7313     6.4898          0          0  0.000e+00
  1024.2984     24.403     24.604    30.7842     6.3219          0          0  0.000e+00
  1024.3605     24.579     24.781    30.8353     6.1486          0          0  0.000e+00
  1024.4721     24.745     24.949    30.9508     5.9837          0          0  0.000e+00
  1024.5134     24.888     25.093    30.9838     5.8593          0          0  0.000e+00
  1024.5627     25.007     25.213    31.0293     5.7497          0          0  0.000e+00
  1024.6400     25.100     25.307    31.1120     5.6493          0          0  0.000e+00
  1024.6930     25.167     25.374    31.1692     5.5840          0          0  0.000e+00
  1024.7274     25.211     25.419    31.2077     5.5511          0          0  0.000e+00
  1024.7462     25.234     25.442    31.2296     5.5394          0          0  0.000e+00
  1024.7424     25.243     25.451    31.2252     5.5416          0          0  0.000e+00
  1024.7333     25.251     25.459    31.2141     5.5449          0          0  0.000e+00
  1024.7315     25.260     25.468    31.2116     5.5436          0          0  0.000e+00
  1024.7296     25.282     25.491    31.2085     5.5405          0          0  0.000e+00
  1024.7259     25.320     25.528    31.2029     5.5354          0          0  0.000e+00
  1024.7270     25.378     25.587    31.2028     5.5277          0          0  0.000e+00
  1024.7280     25.453     25.663    31.2025     5.5196          0          0  0.000e+00
  1024.7296     25.555     25.766    31.2028     5.5114          0          0  0.000e+00
  1024.7308     25.680     25.892    31.2023     5.5031          0          0  0.000e+00
  1024.7272     25.834     26.047    31.1956     5.4938          0          0  0.000e+00
  1024.7325     26.012     26.226    31.1993     5.4807          0          0  0.000e+00
  1024.7390     26.218     26.435    31.2044     5.4669          0          0  0.000e+00
  1024.7392     26.445     26.663    31.2016     5.4551          0          0  0.000e+00
  1024.7352     26.699     26.919    31.1929     5.4407          0          0  0.000e+00
