data/eDNA/PER-2022-473/473A012.cnv
* Sea-Bird SBE19plus  Data File:
* FileName = C:\Users\RSG_field\Ryan_Perley2022473\CTD\473A012.hex
* Software version 2.3.0 SB_Terminal.dll
* Temperature SN = 7141
* Conductivity SN = 7141
* System UpLoad Time = Aug 10 2022 14:45:59
* <ApplicationData>
* <SeatermAF>
** Platform: M. Perley
** Cruise: Per2022473
** Station:  ESI_15
** Cast: 01
** Latitude: N  44 33.4180
** Longitude: W 62 53.2643
** Sounding: 68.9
** Chief Scientist: Ryan Stanley
** Comment: CastID 473A012 Bottles 493822-493827
** Cast 30
# nquan = 8
# nvalues = 2828                                  
# units = specified
# name 0 = density00: Density [density, kg/m^3]
# name 1 = depSM: Depth [salt water, m], lat = 45.00
# name 2 = prdM: Pressure, Strain Gauge [db]
# name 3 = sal00: Salinity, Practical [PSU]
# name 4 = tv290C: Temperature [ITS-90, deg C]
# name 5 = bpos: Bottle Position in Carousel
# name 6 = nbf: Bottles Fired
# name 7 = flag:  0.000e+00
# span 0 =   999.0971,  1025.8322                 
# span 1 =     -0.077,     65.151                 
# span 2 =     -0.078,     65.695                 
# span 3 =     0.0081,    32.2047                 
# span 4 =     3.9067,    15.0657                 
# span 5 =          0,          6                 
# span 6 =          0,          2                 
# span 7 = 0.0000e+00, 0.0000e+00                 
# interval = seconds: 0.25
# start_time = Aug 10 2022 14:29:28 [Instrument's time stamp, header]
# bad_flag = -9.990e-29
*END*
[from data line 720]
  1024.8494     27.807     28.037    31.2325     4.7244          0          0  0.000e+00
  1024.8520     27.892     28.122    31.2344     4.7174          0          0  0.000e+00
  1024.8547     27.999     28.230    31.2366     4.7129          0          0  0.000e+00
  1024.8602     28.125     28.357    31.2415     4.7034          0          0  0.000e+00
  1024.8674     28.268     28.502    31.2478     4.6889          0          0  0.000e+00
  1024.8792     28.424     28.659    31.2593     4.6698          0          0  0.000e+00
  1024.8973     28.587     28.823    31.2783     4.6475          0          0  0.000e+00
  1024.9123     28.752     28.989    31.2940     4.6301          0          0  0.000e+00
  1024.9194     28.913     29.152    31.3004     4.6191          0          0  0.000e+00
  1024.9272     29.064     29.304    31.3083     4.6110          0          0  0.000e+00
  1024.9327     29.201     29.442    31.3136     4.6042          0          0  0.000e+00
  1024.9407     29.324     29.566    31.3222     4.5983          0          0  0.000e+00
  1024.9491     29.428     29.671    31.3315     4.5927          0          0  0.000e+00
  1024.9557     29.521     29.765    31.3386     4.5878          0          0  0.000e+00
  1024.9625     29.604     29.849    31.3462     4.5839          0          0  0.000e+00
  1024.9680     29.676     29.921    31.3523     4.5803          0          0  0.000e+00
  1024.9718     29.741     29.986    31.3563     4.5774          0          0  0.000e+00
  1024.9747     29.798     30.044    31.3594     4.5758          0          0  0.000e+00
  1024.9781     29.850     30.096    31.3633     4.5749          0          0  0.000e+00
  1024.9753     29.898     30.145    31.3592     4.5731          0          0  0.000e+00
  1024.9813     29.942     30.189    31.3664     4.5720          0          0  0.000e+00
  1024.9875     29.986     30.233    31.3737     4.5699          0          0  0.000e+00
  1024.9957     30.027     30.275    31.3829     4.5639          0          0  0.000e+00
  1025.0067     30.067     30.316    31.3955     4.5556          0          0  0.000e+00
  1025.0172     30.103     30.352    31.4072     4.5460          0          0  0.000e+00
  1025.0260     30.143     30.392    31.4171     4.5375          0          0  0.000e+00
  1025.0322     30.175     30.425    31.4240     4.5318          0          0  0.000e+00
  1025.0384     30.207     30.457    31.4309     4.5260          0          0  0.000e+00
  1025.0445     30.241     30.491    31.4376     4.5203          0          0  0.000e+00
  1025.0494     30.274     30.524    31.4429     4.5154          0          0  0.000e+00
  1025.0524     30.318     30.568    31.4460     4.5123          0          0  0.000e+00
  1025.0541     30.364     30.615    31.4478     4.5112          0          0  0.000e+00
  1025.0570     30.420     30.672    31.4509     4.5088          0          0  0.000e+00
  1025.0604     30.488     30.740    31.4543     4.5057          0          0  0.000e+00
  1025.0651     30.570     30.822    31.4593     4.5024          0          0  0.000e+00
  1025.0721     30.665     30.918    31.4671     4.4985          0          0  0.000e+00
  1025.0775     30.775     31.030    31.4727     4.4944          0          0  0.000e+00
  1025.0614     30.904     31.159    31.4509     4.4894          0          0  0.000e+00
  1025.0639     31.049     31.305    31.4513     4.4747          0          0  0.000e+00
  1025.0700     31.202     31.459    31.4554     4.4530          0          0  0.000e+00
  1025.0886     31.363     31.622    31.4748     4.4293          0          0  0.000e+00
  1025.1038     31.526     31.786    31.4907     4.4112          0          0  0.000e+00
  1025.1121     31.691     31.953    31.4987     4.3994          0          0  0.000e+00
  1025.1168     31.843     32.106    31.5028     4.3920          0          0  0.000e+00
  1025.1194     31.981     32.245    31.5045     4.3864          0          0  0.000e+00
  1025.1222     32.098     32.364    31.5067     4.3813          0          0  0.000e+00
  1025.1232     32.192     32.458    31.5069     4.3771          0          0  0.000e+00
  1025.1236     32.264     32.530    31.5064     4.3727          0          0  0.000e+00
  1025.1292     32.314     32.581    31.5125     4.3679          0          0  0.000e+00
  1025.1309     32.348     32.615    31.5142     4.3654          0          0  0.000e+00
  1025.1325     32.359     32.627    31.5160     4.3640          0          0  0.000e+00
  1025.1384     32.349     32.616    31.5234     4.3638          0          0  0.000e+00
  1025.1422     32.321     32.588    31.5288     4.3670          0          0  0.000e+00
  1025.1402     32.280     32.546    31.5273     4.3734          0          0  0.000e+00
  1025.1321     32.231     32.497    31.5182     4.3798          0          0  0.000e+00
  1025.1299     32.181     32.447    31.5160     4.3827          0          0  0.000e+00
  1025.1300     32.134     32.400    31.5167     4.3844          0          0  0.000e+00
  1025.1257     32.107     32.372    31.5117     4.3863          0          0  0.000e+00
  1025.1220     32.095     32.360    31.5071     4.3864          0          0  0.000e+00
  1025.1229     32.111     32.377    31.5079     4.3842          0          0  0.000e+00
  1025.1213     32.155     32.420    31.5053     4.3825          0          0  0.000e+00
  1025.1203     32.235     32.502    31.5035     4.3820          0          0  0.000e+00
  1025.1176     32.338     32.605    31.4995     4.3813          0          0  0.000e+00
  1025.1150     32.473     32.741    31.4949     4.3774          0          0  0.000e+00
  1025.1192     32.632     32.901    31.4982     4.3692          0          0  0.000e+00
  1025.1228     32.812     33.083    31.5005     4.3602          0          0  0.000e+00
  1025.1223     33.010     33.283    31.4975     4.3506          0          0  0.000e+00
  1025.1309     33.213     33.487    31.5052     4.3357          0          0  0.000e+00
  1025.2087     33.417     33.693    31.5998     4.3181          0          0  0.000e+00
  1025.2370     33.608     33.886    31.6345     4.3192          0          0  0.000e+00
  1025.2166     33.782     34.061    31.6093     4.3309          0          0  0.000e+00
  1025.2314     33.926     34.207    31.6273     4.3326          0          0  0.000e+00
  1025.2458     34.037     34.319    31.6452     4.3360          0          0  0.000e+00
  1025.2378     34.113     34.395    31.6357     4.3444          0          0  0.000e+00
  1025.2338     34.167     34.449    31.6312     4.3505          0          0  0.000e+00
  1025.2339     34.193     34.476    31.6315     4.3541          0          0  0.000e+00
  1025.2318     34.194     34.477    31.6293     4.3566          0          0  0.000e+00
  1025.2306     34.182     34.464    31.6281     4.3591          0          0  0.000e+00
  1025.2239     34.154     34.436    31.6201     4.3609          0          0  0.000e+00
  1025.2211     34.119     34.401    31.6168     4.3615          0          0  0.000e+00
  1025.2177     34.078     34.359    31.6128     4.3615          0          0  0.000e+00
  1025.2173     34.038     34.320    31.6123     4.3602          0          0  0.000e+00
  1025.2149     34.008     34.289    31.6093     4.3587          0          0  0.000e+00
  1025.2127     33.985     34.266    31.6065     4.3566          0          0  0.000e+00
  1025.2134     33.975     34.256    31.6070     4.3539          0          0  0.000e+00
  1025.2096     33.984     34.265    31.6019     4.3518          0          0  0.000e+00
  1025.2122     34.014     34.295    31.6046     4.3486          0          0  0.000e+00
  1025.2153     34.070     34.352    31.6078     4.3462          0          0  0.000e+00
  1025.2199     34.147     34.429    31.6131     4.3454          0          0  0.000e+00
  1025.2260     34.256     34.539    31.6202     4.3452          0          0  0.000e+00
  1025.2368     34.387     34.672    31.6331     4.3459          0          0  0.000e+00
  1025.2395     34.545     34.831    31.6359     4.3492          0          0  0.000e+00
  1025.2366     34.725     35.013    31.6317     4.3534          0          0  0.000e+00
  1025.2367     34.928     35.217    31.6308     4.3551          0          0  0.000e+00
  1025.2368     35.143     35.434    31.6296     4.3544          0          0  0.000e+00
  1025.2390     35.364     35.656    31.6308     4.3519          0          0  0.000e+00
  1025.2428     35.580     35.874    31.6338     4.3486          0          0  0.000e+00
  1025.2484     35.783     36.079    31.6395     4.3462          0          0  0.000e+00
  1025.2410     35.963     36.260    31.6289     4.3450          0          0  0.000e+00
  1025.2331     36.101     36.400    31.6173     4.3388          0          0  0.000e+00
  1025.2430     36.194     36.493    31.6276     4.3259          0          0  0.000e+00
  1025.2497     36.245     36.544    31.6344     4.3158          0          0  0.000e+00
  1025.2581     36.256     36.556    31.6441     4.3085          0          0  0.000e+00
  1025.2680     36.226     36.526    31.6564     4.3060          0          0  0.000e+00
  1025.2712     36.169     36.468    31.6612     4.3094          0          0  0.000e+00
  1025.2653     36.080     36.379    31.6551     4.3160          0          0  0.000e+00
  1025.2648     35.981     36.278    31.6558     4.3216          0          0  0.000e+00
  1025.2613     35.877     36.173    31.6528     4.3278          0          0  0.000e+00
  1025.2567     35.780     36.076    31.6482     4.3335          0          0  0.000e+00
  1025.2557     35.701     35.996    31.6480     4.3380          0          0  0.000e+00
  1025.2509     35.649     35.944    31.6429     4.3422          0          0  0.000e+00
  1025.2475     35.623     35.918    31.6389     4.3445          0          0  0.000e+00
  1025.2444     35.643     35.938    31.6350     4.3446          0          0  0.000e+00
  1025.2453     35.705     36.000    31.6355     4.3426          0          0  0.000e+00
  1025.2406     35.806     36.102    31.6286     4.3396          0          0  0.000e+00
  1025.2439     35.939     36.237    31.6312     4.3337          0          0  0.000e+00
  1025.2442     36.104     36.402    31.6299     4.3278          0          0  0.000e+00
  1025.2475     36.291     36.591    31.6321     4.3208          0          0  0.000e+00
  1025.2530     36.505     36.807    31.6368     4.3141          0          0  0.000e+00
  1025.2514     36.726     37.030    31.6329     4.3094          0          0  0.000e+00
  1025.2560     36.949     37.255    31.6364     4.3021          0          0  0.000e+00
  1025.2724     37.173     37.481    31.6543     4.2902          0          0  0.000e+00
  1025.2819     37.377     37.686    31.6638     4.2806          0          0  0.000e+00
  1025.2857     37.552     37.862    31.6666     4.2734          0          0  0.000e+00
  1025.2906     37.686     37.998    31.6712     4.2665          0          0  0.000e+00
  1025.2907     37.773     38.086    31.6700     4.2605          0          0  0.000e+00
  1025.2976     37.825     38.138    31.6776     4.2533          0          0  0.000e+00
  1025.3039     37.848     38.162    31.6847     4.2485          0          0  0.000e+00
  1025.3081     37.842     38.155    31.6899     4.2477          0          0  0.000e+00
  1025.3112     37.815     38.128    31.6943     4.2499          0          0  0.000e+00
  1025.3088     37.771     38.084    31.6923     4.2555          0          0  0.000e+00
  1025.3030     37.721     38.033    31.6860     4.2616          0          0  0.000e+00
  1025.3023     37.670     37.982    31.6858     4.2655          0          0  0.000e+00
  1025.2996     37.627     37.938    31.6833     4.2694          0          0  0.000e+00
  1025.2956     37.598     37.909    31.6789     4.2732          0          0  0.000e+00
  1025.2907     37.583     37.895    31.6732     4.2757          0          0  0.000e+00
  1025.2885     37.582     37.893    31.6702     4.2751          0          0  0.000e+00
  1025.2887     37.604     37.915    31.6700     4.2723          0          0  0.000e+00
  1025.2901     37.640     37.951    31.6711     4.2685          0          0  0.000e+00
  1025.2923     37.696     38.008    31.6731     4.2650          0          0  0.000e+00
  1025.2952     37.769     38.082    31.6759     4.2625          0          0  0.000e+00
  1025.2964     37.857     38.170    31.6767     4.2603          0          0  0.000e+00
  1025.2968     37.964     38.278    31.6763     4.2578          0          0  0.000e+00
  1025.2942     38.084     38.399    31.6718     4.2545          0          0  0.000e+00
  1025.2972     38.217     38.534    31.6741     4.2483          0          0  0.000e+00
  1025.3035     38.363     38.680    31.6804     4.2417          0          0  0.000e+00
  1025.3116     38.514     38.833    31.6890     4.2371          0          0  0.000e+00
  1025.3235     38.666     38.986    31.7029     4.2359          0          0  0.000e+00
  1025.3228     38.822     39.143    31.7017     4.2401          0          0  0.000e+00
  1025.3247     38.974     39.297    31.7038     4.2448          0          0  0.000e+00
  1025.3283     39.122     39.446    31.7080     4.2495          0          0  0.000e+00
  1025.3200     39.264     39.589    31.6973     4.2541          0          0  0.000e+00
  1025.3183     39.393     39.719    31.6943     4.2533          0          0  0.000e+00
  1025.3224     39.504     39.832    31.6982     4.2489          0          0  0.000e+00
  1025.3243     39.605     39.933    31.6996     4.2454          0          0  0.000e+00
  1025.3257     39.688     40.016    31.7004     4.2421          0          0  0.000e+00
  1025.3239     39.755     40.084    31.6973     4.2390          0          0  0.000e+00
  1025.3280     39.801     40.131    31.7017     4.2349          0          0  0.000e+00
  1025.3305     39.833     40.163    31.7044     4.2321          0          0  0.000e+00
  1025.3369     39.845     40.175    31.7122     4.2312          0          0  0.000e+00
  1025.3367     39.840     40.170    31.7123     4.2335          0          0  0.000e+00
  1025.3363     39.822     40.152    31.7124     4.2368          0          0  0.000e+00
  1025.3379     39.794     40.123    31.7151     4.2406          0          0  0.000e+00
  1025.3326     39.760     40.089    31.7092     4.2458          0          0  0.000e+00
  1025.3284     39.729     40.058    31.7045     4.2488          0          0  0.000e+00
  1025.3247     39.709     40.038    31.7001     4.2497          0          0  0.000e+00
  1025.3245     39.702     40.030    31.6997     4.2491          0          0  0.000e+00
  1025.3228     39.713     40.042    31.6973     4.2475          0          0  0.000e+00
  1025.3177     39.748     40.077    31.6904     4.2446          0          0  0.000e+00
  1025.3186     39.811     40.140    31.6903     4.2388          0          0  0.000e+00
  1025.3168     39.895     40.225    31.6868     4.2318          0          0  0.000e+00
  1025.3139     40.005     40.336    31.6811     4.2217          0          0  0.000e+00
  1025.3229     40.138     40.471    31.6897     4.2064          0          0  0.000e+00
  1025.3176     40.288     40.622    31.6801     4.1894          0          0  0.000e+00
  1025.3362     40.453     40.788    31.6995     4.1650          0          0  0.000e+00
  1025.3841     40.630     40.967    31.7560     4.1430          0          0  0.000e+00
  1025.4279     40.814     41.152    31.8095     4.1382          0          0  0.000e+00
  1025.3800     40.994     41.333    31.7493     4.1478          0          0  0.000e+00
