data/eDNA/PER-2022-473/473A028.cnv
* Sea-Bird SBE19plus  Data File:
* FileName = C:\Users\RSG_field\Ryan_Perley2022473\CTD\473A028.hex
* Software version 2.3.0 SB_Terminal.dll
* Temperature SN = 7141
* Conductivity SN = 7141
* System UpLoad Time = Aug 16 2022 16:44:53
* <ApplicationData>
* <SeatermAF>
** Platform: M. Perley
** Cruise: Per2022473
** Station:  SAB_Trans_13
** Cast: 01 473A028
** Latitude: N  46 08.6786
** Longitude: W 58 56.3792
** Sounding: 104.8
** Chief Scientist: Ryan Stanley
** Comment: Bottles 493921-43926 - sounding based on plumb line cast 47
# nquan = 8
# nvalues = 4144                                  
# units = specified
# name 0 = density00: Density [density, kg/m^3]
# name 1 = depSM: Depth [salt water, m], lat = 45.00
# name 2 = prdM: Pressure, Strain Gauge [db]
# name 3 = sal00: Salinity, Practical [PSU]
# name 4 = tv290C: Temperature [ITS-90, deg C]
# name 5 = bpos: Bottle Position in Carousel
# name 6 = nbf: Bottles Fired
# name 7 = flag:  0.000e+00
# span 0 =   998.5555,  1027.0802                 
# span 1 =     -0.041,    110.136                 
# span 2 =     -0.041,    111.067                 
# span 3 =     0.1567,    33.5927                 
# span 4 =     1.9692,    20.4120                 
# span 5 =          0,          6                 
# span 6 =          0,          2                 
# span 7 = 0.0000e+00, 0.0000e+00                 
# interval = seconds: 0.25
# start_time = Aug 16 2022 16:23:35 [Instrument's time stamp, header]
# bad_flag = -9.990e-29
*END*
[from data line 1079]
  1025.9448     61.678     62.192    32.1119     2.1029          0          0  0.000e+00
  1025.9458     61.763     62.278    32.1126     2.1024          0          0  0.000e+00
  1025.9470     61.862     62.378    32.1136     2.1018          0          0  0.000e+00
  1025.9486     61.969     62.486    32.1148     2.1010          0          0  0.000e+00
  1025.9498     62.081     62.598    32.1156     2.1003          0          0  0.000e+00
  1025.9529     62.197     62.716    32.1186     2.0994          0          0  0.000e+00
  1025.9558     62.316     62.836    32.1215     2.0982          0          0  0.000e+00
  1025.9597     62.428     62.949    32.1255     2.0965          0          0  0.000e+00
  1025.9616     62.533     63.055    32.1272     2.0953          0          0  0.000e+00
  1025.9648     62.631     63.153    32.1305     2.0943          0          0  0.000e+00
  1025.9665     62.722     63.245    32.1320     2.0935          0          0  0.000e+00
  1025.9678     62.804     63.327    32.1331     2.0927          0          0  0.000e+00
  1025.9691     62.880     63.404    32.1342     2.0922          0          0  0.000e+00
  1025.9700     62.952     63.477    32.1349     2.0920          0          0  0.000e+00
  1025.9710     63.025     63.551    32.1357     2.0920          0          0  0.000e+00
  1025.9723     63.095     63.621    32.1369     2.0920          0          0  0.000e+00
  1025.9727     63.173     63.700    32.1369     2.0919          0          0  0.000e+00
  1025.9732     63.244     63.771    32.1372     2.0920          0          0  0.000e+00
  1025.9739     63.319     63.847    32.1375     2.0920          0          0  0.000e+00
  1025.9744     63.399     63.927    32.1377     2.0919          0          0  0.000e+00
  1025.9747     63.474     64.003    32.1376     2.0918          0          0  0.000e+00
  1025.9754     63.555     64.086    32.1379     2.0911          0          0  0.000e+00
  1025.9761     63.637     64.168    32.1382     2.0901          0          0  0.000e+00
  1025.9766     63.720     64.251    32.1383     2.0885          0          0  0.000e+00
  1025.9778     63.807     64.339    32.1390     2.0863          0          0  0.000e+00
  1025.9800     63.895     64.428    32.1410     2.0838          0          0  0.000e+00
  1025.9815     63.981     64.514    32.1421     2.0815          0          0  0.000e+00
  1025.9822     64.066     64.601    32.1422     2.0790          0          0  0.000e+00
  1025.9849     64.150     64.685    32.1448     2.0761          0          0  0.000e+00
  1025.9866     64.235     64.771    32.1463     2.0736          0          0  0.000e+00
  1025.9868     64.321     64.857    32.1458     2.0712          0          0  0.000e+00
  1025.9894     64.415     64.953    32.1482     2.0677          0          0  0.000e+00
  1025.9921     64.523     65.062    32.1506     2.0646          0          0  0.000e+00
  1025.9943     64.634     65.173    32.1524     2.0618          0          0  0.000e+00
  1025.9931     64.765     65.305    32.1499     2.0593          0          0  0.000e+00
  1025.9975     64.900     65.441    32.1541     2.0546          0          0  0.000e+00
  1025.9998     65.038     65.580    32.1558     2.0505          0          0  0.000e+00
  1026.0029     65.179     65.722    32.1585     2.0466          0          0  0.000e+00
  1026.0032     65.311     65.856    32.1578     2.0429          0          0  0.000e+00
  1026.0067     65.435     65.981    32.1609     2.0378          0          0  0.000e+00
  1026.0093     65.540     66.087    32.1630     2.0320          0          0  0.000e+00
  1026.0134     65.626     66.174    32.1671     2.0263          0          0  0.000e+00
  1026.0151     65.691     66.239    32.1684     2.0217          0          0  0.000e+00
  1026.0211     65.733     66.282    32.1752     2.0170          0          0  0.000e+00
  1026.0221     65.760     66.308    32.1762     2.0150          0          0  0.000e+00
  1026.0229     65.768     66.317    32.1770     2.0139          0          0  0.000e+00
  1026.0251     65.762     66.311    32.1797     2.0127          0          0  0.000e+00
  1026.0317     65.740     66.289    32.1880     2.0132          0          0  0.000e+00
  1026.0357     65.720     66.269    32.1936     2.0184          0          0  0.000e+00
  1026.0279     65.707     66.255    32.1847     2.0264          0          0  0.000e+00
  1026.0197     65.710     66.258    32.1750     2.0321          0          0  0.000e+00
  1026.0168     65.734     66.283    32.1714     2.0336          0          0  0.000e+00
  1026.0139     65.789     66.338    32.1674     2.0328          0          0  0.000e+00
  1026.0126     65.876     66.426    32.1650     2.0305          0          0  0.000e+00
  1026.0118     65.999     66.550    32.1629     2.0266          0          0  0.000e+00
  1026.0121     66.148     66.700    32.1617     2.0198          0          0  0.000e+00
  1026.0195     66.329     66.883    32.1689     2.0091          0          0  0.000e+00
  1026.0295     66.538     67.093    32.1792     1.9990          0          0  0.000e+00
  1026.0419     66.760     67.318    32.1927     1.9909          0          0  0.000e+00
  1026.0501     66.993     67.552    32.2010     1.9850          0          0  0.000e+00
  1026.0646     67.230     67.791    32.2173     1.9797          0          0  0.000e+00
  1026.0892     67.456     68.019    32.2463     1.9755          0          0  0.000e+00
  1026.1077     67.657     68.222    32.2680     1.9737          0          0  0.000e+00
  1026.1224     67.821     68.387    32.2857     1.9765          0          0  0.000e+00
  1026.1226     67.938     68.506    32.2859     1.9833          0          0  0.000e+00
  1026.1187     68.012     68.580    32.2812     1.9903          0          0  0.000e+00
  1026.1165     68.047     68.616    32.2787     1.9950          0          0  0.000e+00
  1026.1141     68.053     68.621    32.2760     1.9983          0          0  0.000e+00
  1026.1058     68.029     68.598    32.2658     2.0007          0          0  0.000e+00
  1026.1048     67.979     68.546    32.2650     2.0011          0          0  0.000e+00
  1026.1043     67.908     68.475    32.2648     2.0012          0          0  0.000e+00
  1026.0943     67.824     68.390    32.2528     2.0010          0          0  0.000e+00
  1026.0895     67.740     68.306    32.2472     2.0001          0          0  0.000e+00
  1026.0847     67.669     68.234    32.2416     2.0009          0          0  0.000e+00
  1026.0792     67.615     68.180    32.2353     2.0019          0          0  0.000e+00
  1026.0772     67.589     68.154    32.2329     2.0024          0          0  0.000e+00
  1026.0752     67.596     68.160    32.2303     2.0014          0          0  0.000e+00
  1026.0894     67.638     68.203    32.2475     1.9978          0          0  0.000e+00
  1026.1058     67.720     68.285    32.2672     1.9949          0          0  0.000e+00
  1026.1081     67.827     68.393    32.2695     1.9950          0          0  0.000e+00
  1026.1138     67.969     68.537    32.2759     1.9964          0          0  0.000e+00
  1026.1148     68.134     68.703    32.2763     1.9983          0          0  0.000e+00
  1026.1255     68.323     68.894    32.2886     1.9997          0          0  0.000e+00
  1026.1358     68.526     69.098    32.3005     2.0011          0          0  0.000e+00
  1026.1410     68.740     69.314    32.3060     2.0043          0          0  0.000e+00
  1026.1409     68.956     69.532    32.3048     2.0073          0          0  0.000e+00
  1026.1340     69.162     69.740    32.2949     2.0063          0          0  0.000e+00
  1026.1512     69.354     69.933    32.3140     1.9932          0          0  0.000e+00
  1026.1731     69.517     70.098    32.3390     1.9777          0          0  0.000e+00
  1026.2044     69.654     70.236    32.3766     1.9692          0          0  0.000e+00
  1026.2255     69.755     70.338    32.4027     1.9728          0          0  0.000e+00
  1026.2215     69.832     70.415    32.3983     1.9842          0          0  0.000e+00
  1026.2139     69.881     70.464    32.3893     1.9936          0          0  0.000e+00
  1026.2082     69.906     70.490    32.3825     1.9993          0          0  0.000e+00
  1026.2060     69.913     70.498    32.3800     2.0023          0          0  0.000e+00
  1026.2028     69.907     70.491    32.3763     2.0039          0          0  0.000e+00
  1026.1923     69.894     70.478    32.3633     2.0045          0          0  0.000e+00
  1026.1880     69.871     70.455    32.3580     2.0039          0          0  0.000e+00
  1026.1887     69.848     70.431    32.3588     2.0025          0          0  0.000e+00
  1026.1881     69.834     70.417    32.3580     2.0010          0          0  0.000e+00
  1026.1891     69.822     70.406    32.3592     1.9989          0          0  0.000e+00
  1026.1989     69.819     70.402    32.3714     1.9976          0          0  0.000e+00
  1026.1958     69.827     70.410    32.3675     1.9988          0          0  0.000e+00
  1026.1927     69.838     70.422    32.3636     1.9993          0          0  0.000e+00
  1026.1902     69.856     70.440    32.3604     1.9985          0          0  0.000e+00
  1026.1942     69.880     70.463    32.3650     1.9972          0          0  0.000e+00
  1026.1991     69.917     70.501    32.3710     1.9972          0          0  0.000e+00
  1026.2077     69.963     70.548    32.3816     1.9984          0          0  0.000e+00
  1026.2189     70.031     70.616    32.3954     2.0014          0          0  0.000e+00
  1026.2239     70.114     70.700    32.4017     2.0071          0          0  0.000e+00
  1026.2294     70.219     70.806    32.4086     2.0139          0          0  0.000e+00
  1026.2302     70.341     70.929    32.4096     2.0220          0          0  0.000e+00
  1026.2507     70.487     71.076    32.4352     2.0309          0          0  0.000e+00
  1026.2959     70.646     71.237    32.4922     2.0467          0          0  0.000e+00
  1026.2953     70.825     71.417    32.4931     2.0752          0          0  0.000e+00
  1026.3143     71.015     71.609    32.5184     2.1031          0          0  0.000e+00
  1026.3586     71.208     71.803    32.5754     2.1325          0          0  0.000e+00
  1026.3971     71.404     72.001    32.6262     2.1718          0          0  0.000e+00
  1026.4268     71.588     72.186    32.6669     2.2195          0          0  0.000e+00
  1026.4058     71.758     72.358    32.6449     2.2729          0          0  0.000e+00
  1026.3851     71.915     72.516    32.6222     2.3158          0          0  0.000e+00
  1026.3605     72.050     72.652    32.5936     2.3451          0          0  0.000e+00
  1026.3503     72.157     72.760    32.5819     2.3613          0          0  0.000e+00
  1026.3497     72.235     72.839    32.5815     2.3704          0          0  0.000e+00
  1026.3478     72.293     72.897    32.5794     2.3771          0          0  0.000e+00
  1026.3498     72.319     72.924    32.5823     2.3826          0          0  0.000e+00
  1026.3476     72.331     72.936    32.5800     2.3874          0          0  0.000e+00
  1026.3416     72.317     72.922    32.5729     2.3911          0          0  0.000e+00
  1026.3271     72.290     72.895    32.5551     2.3919          0          0  0.000e+00
  1026.3247     72.262     72.866    32.5518     2.3882          0          0  0.000e+00
  1026.3301     72.214     72.818    32.5584     2.3831          0          0  0.000e+00
  1026.3344     72.171     72.774    32.5637     2.3800          0          0  0.000e+00
  1026.3363     72.122     72.725    32.5662     2.3790          0          0  0.000e+00
  1026.3343     72.079     72.682    32.5641     2.3790          0          0  0.000e+00
  1026.3307     72.038     72.640    32.5597     2.3788          0          0  0.000e+00
  1026.3279     72.004     72.606    32.5563     2.3776          0          0  0.000e+00
  1026.3239     71.984     72.586    32.5512     2.3753          0          0  0.000e+00
  1026.3252     71.988     72.590    32.5524     2.3716          0          0  0.000e+00
  1026.3202     72.017     72.619    32.5457     2.3683          0          0  0.000e+00
  1026.3227     72.080     72.682    32.5480     2.3641          0          0  0.000e+00
  1026.3439     72.180     72.784    32.5735     2.3604          0          0  0.000e+00
  1026.3694     72.311     72.915    32.6051     2.3643          0          0  0.000e+00
  1026.3644     72.476     73.082    32.5990     2.3765          0          0  0.000e+00
  1026.3607     72.666     73.274    32.5944     2.3872          0          0  0.000e+00
  1026.3621     72.873     73.482    32.5957     2.3948          0          0  0.000e+00
  1026.3709     73.091     73.702    32.6061     2.4013          0          0  0.000e+00
  1026.3893     73.306     73.919    32.6287     2.4097          0          0  0.000e+00
  1026.3908     73.510     74.125    32.6306     2.4228          0          0  0.000e+00
  1026.3845     73.696     74.313    32.6229     2.4354          0          0  0.000e+00
  1026.3793     73.851     74.469    32.6163     2.4440          0          0  0.000e+00
  1026.3759     73.972     74.591    32.6119     2.4492          0          0  0.000e+00
  1026.3741     74.057     74.676    32.6095     2.4521          0          0  0.000e+00
  1026.3732     74.116     74.736    32.6081     2.4536          0          0  0.000e+00
  1026.3730     74.149     74.769    32.6077     2.4545          0          0  0.000e+00
  1026.3735     74.165     74.785    32.6083     2.4549          0          0  0.000e+00
  1026.3731     74.167     74.788    32.6078     2.4555          0          0  0.000e+00
  1026.3732     74.147     74.767    32.6082     2.4560          0          0  0.000e+00
  1026.3738     74.114     74.734    32.6092     2.4569          0          0  0.000e+00
  1026.3710     74.073     74.692    32.6060     2.4582          0          0  0.000e+00
  1026.3692     74.028     74.648    32.6041     2.4585          0          0  0.000e+00
  1026.3706     73.992     74.611    32.6060     2.4577          0          0  0.000e+00
  1026.3697     73.964     74.582    32.6051     2.4576          0          0  0.000e+00
  1026.3696     73.954     74.573    32.6049     2.4575          0          0  0.000e+00
  1026.3694     73.968     74.587    32.6046     2.4571          0          0  0.000e+00
  1026.3640     74.013     74.633    32.5975     2.4563          0          0  0.000e+00
  1026.3646     74.080     74.700    32.5976     2.4535          0          0  0.000e+00
  1026.3726     74.172     74.793    32.6067     2.4508          0          0  0.000e+00
  1026.3783     74.302     74.923    32.6131     2.4507          0          0  0.000e+00
  1026.3782     74.447     75.070    32.6124     2.4527          0          0  0.000e+00
  1026.3820     74.605     75.229    32.6164     2.4545          0          0  0.000e+00
  1026.3929     74.782     75.408    32.6292     2.4575          0          0  0.000e+00
  1026.3948     74.961     75.589    32.6310     2.4632          0          0  0.000e+00
  1026.3917     75.139     75.768    32.6268     2.4693          0          0  0.000e+00
  1026.3924     75.306     75.936    32.6270     2.4732          0          0  0.000e+00
  1026.4026     75.460     76.091    32.6393     2.4767          0          0  0.000e+00
  1026.4037     75.598     76.231    32.6405     2.4826          0          0  0.000e+00
  1026.4005     75.716     76.350    32.6364     2.4890          0          0  0.000e+00
  1026.4052     75.821     76.456    32.6421     2.4940          0          0  0.000e+00
  1026.4039     75.908     76.543    32.6405     2.4987          0          0  0.000e+00
