data/eDNA/PER-2022-473/473A011.cnv
* Sea-Bird SBE19plus  Data File:
* FileName = C:\Users\RSG_field\Ryan_Perley2022473\CTD\473A011.hex
* Software version 2.3.0 SB_Terminal.dll
* Temperature SN = 7141
* Conductivity SN = 7141
* System UpLoad Time = Aug 10 2022 14:03:41
* <ApplicationData>
* <SeatermAF>
** Platform: M. Perley
** Cruise: Per2022473
** Station:  ESI_14
** Cast: 01
** Latitude: N  44 36.4309
** Longitude: W 62 55.9254
** Sounding: 34.5
** Chief Scientist: Ryan Stanley
** Comment: CTD cast 29  - we had to tape broken spigot but it worked
** high bottom releif in the area
** SampleIDs - 493816-493821
# nquan = 8
# nvalues = 2051                                  
# units = specified
# name 0 = density00: Density [density, kg/m^3]
# name 1 = depSM: Depth [salt water, m], lat = 45.00
# name 2 = prdM: Pressure, Strain Gauge [db]
# name 3 = sal00: Salinity, Practical [PSU]
# name 4 = tv290C: Temperature [ITS-90, deg C]
# name 5 = bpos: Bottle Position in Carousel
# name 6 = nbf: Bottles Fired
# name 7 = flag:  0.000e+00
# span 0 =   999.0900,  1024.9664                 
# span 1 =     -0.073,     34.959                 
# span 2 =     -0.074,     35.248                 
# span 3 =     0.0082,    31.6796                 
# span 4 =     4.7486,    15.5344                 
# span 5 =          0,          6                 
# span 6 =          0,          2                 
# span 7 = 0.0000e+00, 0.0000e+00                 
# interval = seconds: 0.25
# start_time = Aug 10 2022 13:50:49 [Instrument's time stamp, header]
# bad_flag = -9.990e-29
*END*
[from data line 180]
   999.0989     -0.070     -0.070     0.0083    15.0547          0          0  0.000e+00
   999.0990     -0.069     -0.069     0.0083    15.0541          0          0  0.000e+00
   999.0989     -0.070     -0.070     0.0083    15.0548          0          0  0.000e+00
   999.0985     -0.069     -0.069     0.0083    15.0573          0          0  0.000e+00
   999.0979     -0.067     -0.067     0.0083    15.0614          0          0  0.000e+00
   999.0971     -0.071     -0.072     0.0083    15.0667          0          0  0.000e+00
   999.0962     -0.069     -0.069     0.0083    15.0729          0          0  0.000e+00
   999.0953     -0.071     -0.072     0.0083    15.0786          0          0  0.000e+00
   999.0948     -0.070     -0.070     0.0083    15.0819          0          0  0.000e+00
   999.0948     -0.070     -0.070     0.0083    15.0816          0          0  0.000e+00
   999.0950     -0.070     -0.070     0.0082    15.0802          0          0  0.000e+00
   999.0953     -0.071     -0.072     0.0083    15.0786          0          0  0.000e+00
   999.0954     -0.072     -0.073     0.0083    15.0774          0          0  0.000e+00
   999.0955     -0.073     -0.074     0.0083    15.0767          0          0  0.000e+00
   999.0955     -0.072     -0.073     0.0083    15.0773          0          0  0.000e+00
   999.0953     -0.072     -0.073     0.0083    15.0785          0          0  0.000e+00
   999.0949     -0.072     -0.073     0.0083    15.0810          0          0  0.000e+00
   999.0943     -0.072     -0.073     0.0083    15.0850          0          0  0.000e+00
   999.0934     -0.073     -0.074     0.0083    15.0906          0          0  0.000e+00
   999.0927     -0.071     -0.072     0.0083    15.0956          0          0  0.000e+00
   999.0920     -0.072     -0.073     0.0083    15.1005          0          0  0.000e+00
   999.0912     -0.072     -0.073     0.0083    15.1055          0          0  0.000e+00
   999.0905     -0.070     -0.071     0.0083    15.1101          0          0  0.000e+00
   999.0900     -0.070     -0.071     0.0083    15.1130          0          0  0.000e+00
  1006.1460      0.002      0.002     9.1934    15.1144          0          0  0.000e+00
  1022.2729      0.186      0.187    30.2518    15.2005          0          0  0.000e+00
  1022.7821      0.347      0.349    30.9546    15.3498          0          0  0.000e+00
  1022.7077      0.507      0.511    30.8777    15.4238          0          0  0.000e+00
  1022.6978      0.664      0.669    30.8728    15.4554          0          0  0.000e+00
  1022.6810      0.809      0.815    30.8580    15.4833          0          0  0.000e+00
  1022.6622      0.936      0.944    30.8370    15.4981          0          0  0.000e+00
  1022.6612      1.040      1.048    30.8346    15.4966          0          0  0.000e+00
  1022.6691      1.107      1.116    30.8430    15.4914          0          0  0.000e+00
  1022.6740      1.084      1.093    30.8485    15.4881          0          0  0.000e+00
  1022.5232      0.965      0.972    30.6541    15.4917          0          0  0.000e+00
  1022.6464      0.816      0.823    30.8172    15.4983          0          0  0.000e+00
  1022.6811      0.657      0.663    30.8634    15.4990          0          0  0.000e+00
  1022.6717      0.495      0.499    30.8502    15.4923          0          0  0.000e+00
  1022.6695      0.356      0.359    30.8454    15.4826          0          0  0.000e+00
  1022.6841      0.251      0.253    30.8628    15.4745          0          0  0.000e+00
  1022.7009      0.182      0.184    30.8833    15.4685          0          0  0.000e+00
  1022.7254      0.141      0.142    30.9143    15.4645          0          0  0.000e+00
  1022.7297      0.137      0.138    30.9203    15.4656          0          0  0.000e+00
  1022.7224      0.176      0.177    30.9153    15.4827          0          0  0.000e+00
  1022.6912      0.269      0.271    30.8790    15.4994          0          0  0.000e+00
  1022.6828      0.412      0.416    30.8701    15.5101          0          0  0.000e+00
  1022.6817      0.595      0.600    30.8693    15.5160          0          0  0.000e+00
  1022.6000      0.839      0.846    30.7588    15.5057          0          0  0.000e+00
  1022.6780      1.086      1.095    30.8473    15.4655          0          0  0.000e+00
  1022.6985      1.331      1.342    30.8758    15.4767          0          0  0.000e+00
  1022.6739      1.561      1.574    30.8502    15.5045          0          0  0.000e+00
  1022.6429      1.750      1.764    30.8137    15.5216          0          0  0.000e+00
  1022.6231      1.890      1.905    30.7908    15.5344          0          0  0.000e+00
  1022.6297      1.957      1.973    30.7980    15.5312          0          0  0.000e+00
  1022.6590      1.959      1.975    30.8293    15.5069          0          0  0.000e+00
  1022.6846      1.923      1.939    30.8567    15.4854          0          0  0.000e+00
  1022.6911      1.844      1.859    30.8280    15.3513          0          0  0.000e+00
  1022.6718      1.727      1.741    30.7365    15.1108          0          0  0.000e+00
  1022.7026      1.583      1.595    30.6990    14.8258          0          0  0.000e+00
  1022.7926      1.424      1.435    30.7474    14.5699          0          0  0.000e+00
  1022.8993      1.256      1.266    30.8373    14.3857          0          0  0.000e+00
  1022.9902      1.091      1.100    30.9303    14.2889          0          0  0.000e+00
  1023.0468      0.936      0.944    30.9969    14.2603          0          0  0.000e+00
  1023.0768      0.799      0.806    31.0377    14.2644          0          0  0.000e+00
  1023.0794      0.691      0.697    31.0502    14.2959          0          0  0.000e+00
  1023.0722      0.617      0.622    31.0522    14.3370          0          0  0.000e+00
  1023.0572      0.570      0.575    31.0436    14.3765          0          0  0.000e+00
  1023.0395      0.553      0.558    31.0314    14.4162          0          0  0.000e+00
  1023.0172      0.564      0.569    31.0149    14.4627          0          0  0.000e+00
  1023.0001      0.602      0.607    31.0035    14.5034          0          0  0.000e+00
  1022.9780      0.666      0.671    30.9847    14.5415          0          0  0.000e+00
  1022.9882      0.761      0.767    31.0149    14.6059          0          0  0.000e+00
  1022.9913      0.882      0.889    31.0437    14.7000          0          0  0.000e+00
  1022.9502      1.023      1.031    31.0106    14.7773          0          0  0.000e+00
  1022.9056      1.174      1.184    30.9674    14.8346          0          0  0.000e+00
  1022.8797      1.332      1.343    30.9444    14.8764          0          0  0.000e+00
  1022.8865      1.482      1.494    30.9531    14.8792          0          0  0.000e+00
  1022.9156      1.609      1.622    30.9864    14.8653          0          0  0.000e+00
  1022.9444      1.715      1.729    31.0216    14.8599          0          0  0.000e+00
  1022.9558      1.792      1.807    31.0361    14.8603          0          0  0.000e+00
  1022.9562      1.837      1.852    31.0378    14.8656          0          0  0.000e+00
  1022.9359      1.844      1.859    31.0164    14.8837          0          0  0.000e+00
  1022.9034      1.815      1.830    30.9802    14.9053          0          0  0.000e+00
  1022.8730      1.752      1.766    30.9444    14.9170          0          0  0.000e+00
  1022.8493      1.659      1.672    30.9152    14.9209          0          0  0.000e+00
  1022.8663      1.543      1.556    30.9115    14.8242          0          0  0.000e+00
  1022.8927      1.414      1.426    30.8763    14.5663          0          0  0.000e+00
  1022.9487      1.280      1.291    30.8802    14.3075          0          0  0.000e+00
  1023.0447      1.144      1.153    30.9519    14.1052          0          0  0.000e+00
  1023.1372      1.009      1.017    31.0341    13.9594          0          0  0.000e+00
  1023.2091      0.882      0.889    31.1009    13.8558          0          0  0.000e+00
  1023.2604      0.762      0.768    31.1494    13.7845          0          0  0.000e+00
  1023.2910      0.657      0.663    31.1774    13.7372          0          0  0.000e+00
  1023.3005      0.562      0.566    31.1818    13.7043          0          0  0.000e+00
  1023.2947      0.484      0.488    31.1710    13.6902          0          0  0.000e+00
  1023.2653      0.439      0.442    31.1368    13.7044          0          0  0.000e+00
  1023.2418      0.441      0.445    31.1124    13.7273          0          0  0.000e+00
  1023.2258      0.503      0.508    31.1062    13.7848          0          0  0.000e+00
  1023.2158      0.611      0.616    31.1248    13.9078          0          0  0.000e+00
  1023.1485      0.763      0.769    31.0631    14.0082          0          0  0.000e+00
  1023.1095      0.956      0.964    31.0298    14.0782          0          0  0.000e+00
  1023.1140      1.179      1.188    31.0511    14.1414          0          0  0.000e+00
  1023.0807      1.415      1.427    31.0180    14.1845          0          0  0.000e+00
  1023.0049      1.652      1.666    30.9104    14.1551          0          0  0.000e+00
  1023.0055      1.864      1.880    30.8798    14.0406          0          0  0.000e+00
  1023.2708      2.040      2.057    31.1843    13.8949          0          0  0.000e+00
  1023.5276      2.152      2.169    31.4889    13.7901          0          0  0.000e+00
  1023.5073      2.180      2.198    31.4626    13.7907          0          0  0.000e+00
  1023.3935      2.151      2.168    31.3505    13.9252          0          0  0.000e+00
  1023.2608      2.085      2.102    31.2207    14.0834          0          0  0.000e+00
  1023.1565      2.001      2.018    31.1167    14.1990          0          0  0.000e+00
  1023.0880      1.905      1.920    31.0448    14.2604          0          0  0.000e+00
  1023.0564      1.789      1.804    31.0121    14.2891          0          0  0.000e+00
  1023.0553      1.663      1.677    31.0106    14.2859          0          0  0.000e+00
  1023.1337      1.533      1.545    31.0875    14.1902          0          0  0.000e+00
  1023.2275      1.407      1.418    31.1844    14.0945          0          0  0.000e+00
  1023.3019      1.284      1.294    31.2683    14.0439          0          0  0.000e+00
  1023.3348      1.162      1.171    31.3075    14.0285          0          0  0.000e+00
  1023.3672      1.044      1.053    31.3413    13.9945          0          0  0.000e+00
  1023.4029      0.939      0.947    31.3767    13.9514          0          0  0.000e+00
  1023.4059      0.848      0.855    31.3739    13.9238          0          0  0.000e+00
  1023.3559      0.788      0.794    31.3068    13.9135          0          0  0.000e+00
  1023.2355      0.773      0.779    31.1441    13.8877          0          0  0.000e+00
  1023.1344      0.816      0.823    30.9959    13.8226          0          0  0.000e+00
  1023.1395      0.903      0.910    30.9935    13.7900          0          0  0.000e+00
  1023.1906      1.030      1.039    31.0683    13.8259          0          0  0.000e+00
  1023.1952      1.199      1.209    31.0928    13.9008          0          0  0.000e+00
  1023.1517      1.393      1.404    31.0562    13.9804          0          0  0.000e+00
  1023.0977      1.590      1.603    31.0000    14.0374          0          0  0.000e+00
  1023.0616      1.781      1.795    30.9575    14.0573          0          0  0.000e+00
  1023.0813      1.932      1.948    30.9714    14.0173          0          0  0.000e+00
  1023.2477      2.044      2.060    31.1669    13.9425          0          0  0.000e+00
  1023.3601      2.101      2.118    31.2964    13.8824          0          0  0.000e+00
  1023.3961      2.116      2.133    31.3374    13.8614          0          0  0.000e+00
  1023.3379      2.089      2.106    31.2805    13.9310          0          0  0.000e+00
  1023.2790      2.033      2.050    31.2223    13.9988          0          0  0.000e+00
  1023.2427      1.948      1.964    31.1812    14.0197          0          0  0.000e+00
  1023.2058      1.846      1.862    31.1331    14.0162          0          0  0.000e+00
  1023.1850      1.734      1.748    31.1047    14.0082          0          0  0.000e+00
  1023.1763      1.623      1.636    31.0921    14.0008          0          0  0.000e+00
  1023.1972      1.516      1.528    31.1182    13.9946          0          0  0.000e+00
  1023.2404      1.413      1.424    31.1729    13.9876          0          0  0.000e+00
  1023.2646      1.316      1.327    31.2041    13.9846          0          0  0.000e+00
  1023.2742      1.227      1.237    31.2164    13.9824          0          0  0.000e+00
  1023.2745      1.149      1.158    31.2168    13.9804          0          0  0.000e+00
  1023.2558      1.084      1.093    31.1925    13.9790          0          0  0.000e+00
  1023.2278      1.041      1.049    31.1561    13.9776          0          0  0.000e+00
  1023.2056      1.021      1.029    31.1264    13.9735          0          0  0.000e+00
  1023.1841      1.026      1.034    31.0929    13.9524          0          0  0.000e+00
  1023.1627      1.057      1.065    31.0519    13.9020          0          0  0.000e+00
  1023.1191      1.107      1.116    30.9800    13.8442          0          0  0.000e+00
  1023.1163      1.180      1.189    30.9750    13.8404          0          0  0.000e+00
  1023.1094      1.271      1.281    30.9624    13.8288          0          0  0.000e+00
  1023.0447      1.384      1.396    30.8428    13.6934          0          0  0.000e+00
  1023.0907      1.503      1.515    30.8651    13.5514          0          0  0.000e+00
  1023.1632      1.615      1.629    30.9297    13.4402          0          0  0.000e+00
  1023.2176      1.718      1.732    30.9817    13.3704          0          0  0.000e+00
  1023.2618      1.808      1.823    31.0315    13.3435          0          0  0.000e+00
  1023.3106      1.878      1.894    31.0932    13.3392          0          0  0.000e+00
  1023.4678      1.925      1.941    31.2968    13.3409          0          0  0.000e+00
  1023.5744      1.943      1.959    31.4345    13.3409          0          0  0.000e+00
  1023.6593      1.935      1.951    31.5464    13.3487          0          0  0.000e+00
  1023.6240      1.906      1.921    31.5161    13.4079          0          0  0.000e+00
  1023.4971      1.859      1.874    31.3916    13.5612          0          0  0.000e+00
  1023.3844      1.793      1.808    31.2779    13.6841          0          0  0.000e+00
  1023.3100      1.719      1.733    31.2021    13.7617          0          0  0.000e+00
  1023.2450      1.640      1.653    31.1365    13.8308          0          0  0.000e+00
  1023.1823      1.555      1.568    31.0745    13.9029          0          0  0.000e+00
  1023.1401      1.465      1.477    31.0351    13.9588          0          0  0.000e+00
  1023.1183      1.375      1.386    31.0159    13.9914          0          0  0.000e+00
  1023.1044      1.288      1.298    31.0037    14.0117          0          0  0.000e+00
  1023.0945      1.202      1.212    30.9947    14.0241          0          0  0.000e+00
  1023.0777      1.125      1.134    30.9751    14.0311          0          0  0.000e+00
  1023.0374      1.060      1.069    30.9245    14.0356          0          0  0.000e+00
  1023.0079      1.014      1.023    30.8861    14.0339          0          0  0.000e+00
  1023.0163      0.992      1.000    30.8936    14.0209          0          0  0.000e+00
  1023.0084      1.005      1.013    30.8648    13.9498          0          0  0.000e+00
  1022.9836      1.049      1.058    30.7985    13.8204          0          0  0.000e+00
  1023.0341      1.131      1.140    30.8351    13.7110          0          0  0.000e+00
