data/eDNA/PER-2022-473/473A014.cnv
* Sea-Bird SBE19plus  Data File:
* FileName = C:\Users\RSG_field\Ryan_Perley2022473\CTD\473A014.hex
* Software version 2.3.0 SB_Terminal.dll
* Temperature SN = 7141
* Conductivity SN = 7141
* System UpLoad Time = Aug 10 2022 17:21:04
* <ApplicationData>
* <SeatermAF>
** Platform: M. Perley
** Cruise: Per2022473
** Station:  ESI_12
** Cast: 01
** Latitude: N  44 35.2670
** Longitude: W 62 35.8511
** Sounding: 116
** Chief Scientist: Ryan Stanley
** Comment: CastID 473A014 SampleIDs 493834-493840 (blank included)
** Cast 32
# nquan = 8
# nvalues = 3774                                  
# units = specified
# name 0 = density00: Density [density, kg/m^3]
# name 1 = depSM: Depth [salt water, m], lat = 45.00
# name 2 = prdM: Pressure, Strain Gauge [db]
# name 3 = sal00: Salinity, Practical [PSU]
# name 4 = tv290C: Temperature [ITS-90, deg C]
# name 5 = bpos: Bottle Position in Carousel
# name 6 = nbf: Bottles Fired
# name 7 = flag:  0.000e+00
# span 0 =   998.5543,  1026.4042                 
# span 1 =     -0.070,     93.518                 
# span 2 =     -0.071,     94.305                 
# span 3 =     0.0934,    32.9740                 
# span 4 =     3.7260,    19.1996                 
# span 5 =          0,          6                 
# span 6 =          0,          2                 
# span 7 = 0.0000e+00, 0.0000e+00                 
# interval = seconds: 0.25
# start_time = Aug 10 2022 17:00:49 [Instrument's time stamp, header]
# bad_flag = -9.990e-29
*END*
[from data line 1798]
  1026.3233     91.961     92.734    32.8623     5.7474          0          0  0.000e+00
  1026.3099     91.764     92.536    32.8460     5.7446          0          0  0.000e+00
  1026.3061     91.525     92.294    32.8415     5.7373          0          0  0.000e+00
  1026.3059     91.260     92.027    32.8416     5.7291          0          0  0.000e+00
  1026.3028     90.984     91.749    32.8380     5.7216          0          0  0.000e+00
  1026.3036     90.725     91.488    32.8394     5.7139          0          0  0.000e+00
  1026.3062     90.492     91.253    32.8431     5.7074          0          0  0.000e+00
  1026.3044     90.309     91.068    32.8412     5.7027          0          0  0.000e+00
  1026.3043     90.167     90.925    32.8412     5.6984          0          0  0.000e+00
  1026.2892     90.074     90.831    32.8220     5.6939          0          0  0.000e+00
  1026.2921     90.040     90.797    32.8244     5.6850          0          0  0.000e+00
  1026.2955     90.042     90.798    32.8275     5.6766          0          0  0.000e+00
  1026.2818     90.084     90.841    32.8089     5.6699          0          0  0.000e+00
  1026.2710     90.170     90.928    32.7930     5.6584          0          0  0.000e+00
  1026.2846     90.273     91.032    32.8074     5.6437          0          0  0.000e+00
  1026.2700     90.408     91.168    32.7864     5.6332          0          0  0.000e+00
  1026.2776     90.565     91.327    32.7931     5.6195          0          0  0.000e+00
  1026.2836     90.733     91.496    32.7978     5.6076          0          0  0.000e+00
  1026.3033     90.909     91.673    32.8205     5.5996          0          0  0.000e+00
  1026.3234     91.084     91.850    32.8449     5.5998          0          0  0.000e+00
  1026.3279     91.253     92.021    32.8510     5.6087          0          0  0.000e+00
  1026.3511     91.404     92.173    32.8811     5.6199          0          0  0.000e+00
  1026.3644     91.530     92.300    32.8999     5.6378          0          0  0.000e+00
  1026.3595     91.627     92.397    32.8967     5.6611          0          0  0.000e+00
  1026.3513     91.682     92.453    32.8893     5.6822          0          0  0.000e+00
  1026.3312     91.696     92.467    32.8661     5.6973          0          0  0.000e+00
  1026.3056     91.653     92.424    32.8350     5.7036          0          0  0.000e+00
  1026.2993     91.555     92.325    32.8268     5.6989          0          0  0.000e+00
  1026.2908     91.401     92.169    32.8156     5.6901          0          0  0.000e+00
  1026.2894     91.196     91.963    32.8133     5.6790          0          0  0.000e+00
  1026.2893     90.952     91.717    32.8129     5.6676          0          0  0.000e+00
  1026.3034     90.669     91.432    32.8310     5.6584          0          0  0.000e+00
  1026.3034     90.367     91.127    32.8322     5.6552          0          0  0.000e+00
  1026.2900     90.064     90.821    32.8169     5.6537          0          0  0.000e+00
  1026.2825     89.778     90.532    32.8083     5.6484          0          0  0.000e+00
  1026.2818     89.530     90.282    32.8075     5.6402          0          0  0.000e+00
  1026.2799     89.341     90.092    32.8050     5.6319          0          0  0.000e+00
  1026.2611     89.217     89.966    32.7807     5.6237          0          0  0.000e+00
  1026.2539     89.176     89.926    32.7699     5.6101          0          0  0.000e+00
  1026.2697     89.210     89.960    32.7870     5.5934          0          0  0.000e+00
  1026.2615     89.295     90.046    32.7744     5.5822          0          0  0.000e+00
  1026.2746     89.436     90.188    32.7885     5.5708          0          0  0.000e+00
  1026.2772     89.591     90.344    32.7898     5.5634          0          0  0.000e+00
  1026.2604     89.769     90.524    32.7667     5.5583          0          0  0.000e+00
  1026.2851     89.962     90.718    32.7952     5.5480          0          0  0.000e+00
  1026.3287     90.159     90.917    32.8490     5.5461          0          0  0.000e+00
  1026.3419     90.366     91.126    32.8668     5.5621          0          0  0.000e+00
  1026.3315     90.605     91.366    32.8557     5.5843          0          0  0.000e+00
  1026.3247     90.866     91.629    32.8480     5.6008          0          0  0.000e+00
  1026.3361     91.114     91.880    32.8628     5.6130          0          0  0.000e+00
  1026.3300     91.283     92.051    32.8562     5.6271          0          0  0.000e+00
  1026.3255     91.329     92.097    32.8520     5.6385          0          0  0.000e+00
  1026.3059     91.235     92.002    32.8289     5.6458          0          0  0.000e+00
  1026.3048     91.074     91.840    32.8285     5.6460          0          0  0.000e+00
  1026.2944     90.864     91.628    32.8164     5.6446          0          0  0.000e+00
  1026.2795     90.609     91.371    32.7983     5.6397          0          0  0.000e+00
  1026.2792     90.316     91.076    32.7981     5.6297          0          0  0.000e+00
  1026.2749     90.014     90.771    32.7930     5.6199          0          0  0.000e+00
  1026.2776     89.716     90.470    32.7966     5.6101          0          0  0.000e+00
  1026.2757     89.450     90.202    32.7944     5.6018          0          0  0.000e+00
  1026.2731     89.223     89.973    32.7915     5.5946          0          0  0.000e+00
  1026.2776     89.040     89.788    32.7971     5.5873          0          0  0.000e+00
  1026.2922     88.898     89.645    32.8157     5.5822          0          0  0.000e+00
  1026.3048     88.802     89.549    32.8324     5.5839          0          0  0.000e+00
  1026.3072     88.737     89.482    32.8370     5.5909          0          0  0.000e+00
  1026.2964     88.711     89.457    32.8246     5.5988          0          0  0.000e+00
  1026.2864     88.720     89.465    32.8125     5.6027          0          0  0.000e+00
  1026.2778     88.763     89.509    32.8013     5.6021          0          0  0.000e+00
  1026.2584     88.850     89.597    32.7754     5.5971          0          0  0.000e+00
  1026.2526     88.972     89.720    32.7653     5.5833          0          0  0.000e+00
  1026.2820     89.125     89.874    32.7992     5.5681          0          0  0.000e+00
  1026.2953     89.291     90.042    32.8146     5.5644          0          0  0.000e+00
  1026.3257     89.477     90.229    32.8526     5.5684          0          0  0.000e+00
  1026.3397     89.669     90.422    32.8713     5.5823          0          0  0.000e+00
  1026.3350     89.865     90.620    32.8672     5.6029          0          0  0.000e+00
  1026.3277     90.055     90.812    32.8596     5.6207          0          0  0.000e+00
  1026.3275     90.223     90.982    32.8604     5.6337          0          0  0.000e+00
  1026.3246     90.353     91.112    32.8577     5.6448          0          0  0.000e+00
  1026.3188     90.451     91.212    32.8511     5.6539          0          0  0.000e+00
  1026.3116     90.514     91.275    32.8425     5.6597          0          0  0.000e+00
  1026.3068     90.544     91.306    32.8366     5.6620          0          0  0.000e+00
  1026.3067     90.542     91.303    32.8365     5.6618          0          0  0.000e+00
  1026.3069     90.500     91.261    32.8369     5.6614          0          0  0.000e+00
  1026.3034     90.415     91.175    32.8328     5.6608          0          0  0.000e+00
  1026.3004     90.283     91.042    32.8297     5.6593          0          0  0.000e+00
  1026.2978     90.113     90.870    32.8270     5.6569          0          0  0.000e+00
  1026.2936     89.911     90.667    32.8224     5.6539          0          0  0.000e+00
  1026.2974     89.694     90.448    32.8278     5.6499          0          0  0.000e+00
  1026.3006     89.464     90.216    32.8330     5.6478          0          0  0.000e+00
  1026.3028     89.242     89.992    32.8370     5.6477          0          0  0.000e+00
  1026.3005     89.047     89.796    32.8355     5.6489          0          0  0.000e+00
  1026.2992     88.894     89.641    32.8348     5.6498          0          0  0.000e+00
  1026.2981     88.787     89.533    32.8341     5.6502          0          0  0.000e+00
  1026.2860     88.734     89.479    32.8192     5.6502          0          0  0.000e+00
  1026.2685     88.734     89.479    32.7963     5.6457          0          0  0.000e+00
  1026.2187     88.781     89.527    32.7310     5.6326          0          0  0.000e+00
  1026.2007     88.888     89.635    32.7032     5.6033          0          0  0.000e+00
  1026.2262     89.019     89.767    32.7289     5.5653          0          0  0.000e+00
  1026.2461     89.183     89.933    32.7489     5.5372          0          0  0.000e+00
  1026.2911     89.368     90.119    32.8024     5.5215          0          0  0.000e+00
  1026.3195     89.563     90.315    32.8374     5.5237          0          0  0.000e+00
  1026.3790     89.758     90.512    32.9143     5.5414          0          0  0.000e+00
  1026.3728     89.944     90.700    32.9108     5.5780          0          0  0.000e+00
  1026.3486     90.094     90.851    32.8847     5.6134          0          0  0.000e+00
  1026.3272     90.201     90.959    32.8606     5.6367          0          0  0.000e+00
  1026.3213     90.255     91.014    32.8547     5.6493          0          0  0.000e+00
  1026.3127     90.248     91.006    32.8451     5.6570          0          0  0.000e+00
  1026.2993     90.190     90.949    32.8289     5.6603          0          0  0.000e+00
  1026.2985     90.092     90.849    32.8281     5.6583          0          0  0.000e+00
  1026.2791     89.960     90.717    32.8039     5.6549          0          0  0.000e+00
  1026.2674     89.813     90.568    32.7886     5.6455          0          0  0.000e+00
  1026.2708     89.658     90.412    32.7916     5.6313          0          0  0.000e+00
  1026.2837     89.513     90.265    32.8069     5.6196          0          0  0.000e+00
  1026.2861     89.385     90.136    32.8098     5.6134          0          0  0.000e+00
  1026.2838     89.269     90.019    32.8071     5.6099          0          0  0.000e+00
  1026.2823     89.174     89.923    32.8050     5.6056          0          0  0.000e+00
  1026.2939     89.097     89.846    32.8196     5.6013          0          0  0.000e+00
  1026.2760     89.043     89.792    32.7972     5.6013          0          0  0.000e+00
  1026.2608     89.016     89.764    32.7774     5.5961          0          0  0.000e+00
  1026.2464     89.019     89.767    32.7573     5.5838          0          0  0.000e+00
  1026.2428     89.055     89.803    32.7499     5.5666          0          0  0.000e+00
  1026.2534     89.118     89.866    32.7602     5.5485          0          0  0.000e+00
  1026.2703     89.213     89.963    32.7791     5.5354          0          0  0.000e+00
  1026.2718     89.325     90.076    32.7794     5.5297          0          0  0.000e+00
  1026.2832     89.459     90.211    32.7925     5.5261          0          0  0.000e+00
  1026.2883     89.604     90.357    32.7981     5.5267          0          0  0.000e+00
  1026.3011     89.749     90.504    32.8139     5.5298          0          0  0.000e+00
  1026.3434     89.884     90.640    32.8680     5.5385          0          0  0.000e+00
  1026.3513     90.009     90.766    32.8806     5.5610          0          0  0.000e+00
  1026.3331     90.110     90.867    32.8612     5.5878          0          0  0.000e+00
  1026.3178     90.185     90.943    32.8442     5.6064          0          0  0.000e+00
  1026.3049     90.226     90.984    32.8291     5.6164          0          0  0.000e+00
  1026.2943     90.231     90.989    32.8163     5.6201          0          0  0.000e+00
  1026.2878     90.201     90.959    32.8080     5.6187          0          0  0.000e+00
  1026.2845     90.140     90.897    32.8035     5.6142          0          0  0.000e+00
  1026.2822     90.054     90.811    32.8002     5.6087          0          0  0.000e+00
  1026.2830     89.962     90.718    32.8009     5.6027          0          0  0.000e+00
  1026.2792     89.867     90.623    32.7958     5.5973          0          0  0.000e+00
  1026.2779     89.786     90.540    32.7937     5.5915          0          0  0.000e+00
  1026.2809     89.723     90.477    32.7971     5.5856          0          0  0.000e+00
  1026.2854     89.683     90.437    32.8023     5.5814          0          0  0.000e+00
  1026.2865     89.672     90.426    32.8034     5.5793          0          0  0.000e+00
  1026.2824     89.688     90.442    32.7980     5.5780          0          0  0.000e+00
  1026.2874     89.730     90.485    32.8036     5.5754          0          0  0.000e+00
  1026.2916     89.788     90.542    32.8084     5.5740          0          0  0.000e+00
  1026.2922     89.860     90.615    32.8088     5.5748          0          0  0.000e+00
  1026.2980     89.936     90.692    32.8158     5.5757          0          0  0.000e+00
  1026.3037     90.010     90.767    32.8232     5.5788          0          0  0.000e+00
  1026.3072     90.076     90.833    32.8280     5.5840          0          0  0.000e+00
  1026.3058     90.130     90.888    32.8268     5.5902          0          0  0.000e+00
  1026.3003     90.166     90.924    32.8204     5.5955          0          0  0.000e+00
  1026.2917     90.184     90.942    32.8098     5.5981          0          0  0.000e+00
  1026.2846     90.185     90.943    32.8008     5.5973          0          0  0.000e+00
  1026.2832     90.173     90.931    32.7985     5.5934          0          0  0.000e+00
  1026.2894     90.149     90.907    32.8058     5.5890          0          0  0.000e+00
  1026.2953     90.129     90.887    32.8130     5.5870          0          0  0.000e+00
  1026.2950     90.113     90.871    32.8128     5.5879          0          0  0.000e+00
  1026.2890     90.114     90.872    32.8055     5.5889          0          0  0.000e+00
  1026.2866     90.138     90.895    32.8021     5.5877          0          0  0.000e+00
  1026.2891     90.180     90.938    32.8046     5.5850          0          0  0.000e+00
  1026.2929     90.241     90.999    32.8089     5.5833          0          0  0.000e+00
  1026.3029     90.317     91.076    32.8210     5.5833          1          1  0.000e+00
  1026.3049     90.405     91.165    32.8235     5.5867          1          1  0.000e+00
  1026.3051     90.494     91.255    32.8239     5.5913          1          1  0.000e+00
  1026.3026     90.576     91.337    32.8209     5.5953          1          1  0.000e+00
  1026.3052     90.647     91.409    32.8242     5.5982          1          1  0.000e+00
  1026.3080     90.700     91.462    32.8280     5.6017          1          1  0.000e+00
  1026.3014     90.727     91.490    32.8201     5.6056          1          1  0.000e+00
  1026.3006     90.718     91.480    32.8194     5.6074          1          1  0.000e+00
  1026.2898     90.685     91.447    32.8060     5.6078          1          1  0.000e+00
  1026.2919     90.631     91.393    32.8085     5.6046          1          1  0.000e+00
  1026.2959     90.564     91.325    32.8135     5.6019          1          1  0.000e+00
  1026.2947     90.491     91.252    32.8122     5.6011          1          1  0.000e+00
  1026.2938     90.422     91.182    32.8114     5.6002          1          1  0.000e+00
  1026.2966     90.367     91.126    32.8151     5.5992          1          1  0.000e+00
  1026.2952     90.333     91.092    32.8136     5.5994          1          1  0.000e+00
  1026.3010     90.324     91.084    32.8210     5.5992          1          1  0.000e+00
  1026.3248     90.351     91.110    32.8512     5.6012          1          1  0.000e+00
  1026.3228     90.406     91.166    32.8499     5.6118          1          1  0.000e+00
