data/eDNA/PER-2022-473/473A018.cnv
* Sea-Bird SBE19plus  Data File:
* FileName = C:\Users\RSG_field\Ryan_Perley2022473\CTD\473A018.hex
* Software version 2.3.0 SB_Terminal.dll
* Temperature SN = 7141
* Conductivity SN = 7141
* System UpLoad Time = Aug 14 2022 13:16:59
* <ApplicationData>
* <SeatermAF>
** Platform: M. Perley
** Cruise: Per2022473
** Station:  SAB_Trans_01
** Cast: 01
** Latitude: N  45 59.3684
** Longitude: W 59 12.6352
** Sounding: 24.5
** Chief Scientist: Ryan Stanley
** Comment: CAST 473A018 SampleID 493859-493865 (buffer)
** CAST 36 - pH readings may be off because buffer bottle fell off in transit form ESI to SAB
# nquan = 8
# nvalues = 1801                                  
# units = specified
# name 0 = density00: Density [density, kg/m^3]
# name 1 = depSM: Depth [salt water, m], lat = 45.00
# name 2 = prdM: Pressure, Strain Gauge [db]
# name 3 = sal00: Salinity, Practical [PSU]
# name 4 = tv290C: Temperature [ITS-90, deg C]
# name 5 = bpos: Bottle Position in Carousel
# name 6 = nbf: Bottles Fired
# name 7 = flag:  0.000e+00
# span 0 =   998.1733,  1020.9957                 
# span 1 =     -0.119,     23.018                 
# span 2 =     -0.120,     23.208                 
# span 3 =     0.0184,    29.6205                 
# span 4 =    19.0806,    20.2204                 
# span 5 =          0,          6                 
# span 6 =          0,          2                 
# span 7 = 0.0000e+00, 0.0000e+00                 
# interval = seconds: 0.25
# start_time = Aug 14 2022 13:05:24 [Instrument's time stamp, header]
# bad_flag = -9.990e-29
*END*
[from data line 360]
  1020.7127      2.084      2.101    29.4536    19.3400          0          0  0.000e+00
  1020.7125      2.040      2.056    29.4537    19.3405          0          0  0.000e+00
  1020.7121      1.996      2.012    29.4537    19.3409          0          0  0.000e+00
  1020.7120      1.958      1.974    29.4538    19.3412          0          0  0.000e+00
  1020.7117      1.929      1.945    29.4537    19.3417          0          0  0.000e+00
  1020.7111      1.911      1.927    29.4532    19.3420          0          0  0.000e+00
  1020.7107      1.913      1.929    29.4528    19.3423          0          0  0.000e+00
  1020.7105      1.937      1.953    29.4523    19.3420          0          0  0.000e+00
  1020.7105      1.979      1.995    29.4518    19.3416          0          0  0.000e+00
  1020.7115      2.036      2.053    29.4525    19.3406          0          0  0.000e+00
  1020.7123      2.101      2.118    29.4532    19.3406          0          0  0.000e+00
  1020.7123      2.162      2.180    29.4529    19.3411          0          0  0.000e+00
  1020.7118      2.215      2.234    29.4521    19.3416          0          0  0.000e+00
  1020.7118      2.253      2.271    29.4519    19.3416          0          0  0.000e+00
  1020.7120      2.274      2.292    29.4520    19.3412          0          0  0.000e+00
  1020.7124      2.278      2.297    29.4522    19.3404          0          0  0.000e+00
  1020.7128      2.265      2.284    29.4527    19.3402          0          0  0.000e+00
  1020.7131      2.243      2.261    29.4533    19.3404          0          0  0.000e+00
  1020.7127      2.209      2.227    29.4532    19.3409          0          0  0.000e+00
  1020.7122      2.166      2.183    29.4530    19.3415          0          0  0.000e+00
  1020.7123      2.119      2.136    29.4536    19.3420          0          0  0.000e+00
  1020.7121      2.068      2.085    29.4537    19.3424          0          0  0.000e+00
  1020.7114      2.016      2.033    29.4533    19.3432          0          0  0.000e+00
  1020.7109      1.970      1.986    29.4530    19.3436          0          0  0.000e+00
  1020.7103      1.926      1.942    29.4526    19.3437          0          0  0.000e+00
  1020.7101      1.887      1.902    29.4526    19.3440          0          0  0.000e+00
  1020.7099      1.858      1.874    29.4525    19.3437          0          0  0.000e+00
  1020.7100      1.837      1.852    29.4527    19.3434          0          0  0.000e+00
  1020.7096      1.832      1.847    29.4520    19.3433          0          0  0.000e+00
  1020.7086      1.838      1.853    29.4505    19.3426          0          0  0.000e+00
  1020.7098      1.857      1.872    29.4515    19.3415          0          0  0.000e+00
  1020.7105      1.892      1.908    29.4519    19.3401          0          0  0.000e+00
  1020.7119      1.942      1.958    29.4531    19.3392          0          0  0.000e+00
  1020.7125      2.003      2.020    29.4534    19.3390          0          0  0.000e+00
  1020.7123      2.068      2.085    29.4530    19.3393          0          0  0.000e+00
  1020.7119      2.133      2.150    29.4521    19.3394          0          0  0.000e+00
  1020.7122      2.188      2.206    29.4520    19.3391          0          0  0.000e+00
  1020.7128      2.233      2.252    29.4523    19.3383          0          0  0.000e+00
  1020.7129      2.261      2.280    29.4521    19.3378          0          0  0.000e+00
  1020.7132      2.277      2.296    29.4522    19.3373          0          0  0.000e+00
  1020.7143      2.282      2.301    29.4535    19.3368          0          0  0.000e+00
  1020.7148      2.279      2.298    29.4543    19.3369          0          0  0.000e+00
  1020.7144      2.273      2.291    29.4539    19.3376          0          0  0.000e+00
  1020.7143      2.257      2.275    29.4541    19.3384          0          0  0.000e+00
  1020.7140      2.230      2.249    29.4541    19.3391          0          0  0.000e+00
  1020.7136      2.195      2.213    29.4541    19.3399          0          0  0.000e+00
  1020.7134      2.152      2.170    29.4544    19.3406          0          0  0.000e+00
  1020.7127      2.102      2.119    29.4539    19.3414          0          0  0.000e+00
  1020.7117      2.050      2.067    29.4532    19.3423          0          0  0.000e+00
  1020.7111      1.996      2.012    29.4528    19.3425          0          0  0.000e+00
  1020.7110      1.952      1.968    29.4529    19.3425          0          0  0.000e+00
  1020.7108      1.917      1.932    29.4529    19.3424          0          0  0.000e+00
  1020.7105      1.899      1.914    29.4525    19.3425          0          0  0.000e+00
  1020.7104      1.894      1.910    29.4524    19.3422          0          0  0.000e+00
  1020.7102      1.906      1.922    29.4519    19.3416          0          0  0.000e+00
  1020.7107      1.927      1.943    29.4522    19.3408          0          0  0.000e+00
  1020.7110      1.948      1.964    29.4523    19.3401          0          0  0.000e+00
  1020.7114      1.966      1.983    29.4525    19.3398          0          0  0.000e+00
  1020.7117      1.975      1.991    29.4527    19.3392          0          0  0.000e+00
  1020.7111      1.975      1.991    29.4519    19.3391          0          0  0.000e+00
  1020.7114      1.965      1.981    29.4521    19.3384          0          0  0.000e+00
  1020.7121      1.949      1.965    29.4528    19.3377          0          0  0.000e+00
  1020.7128      1.952      1.968    29.4536    19.3374          0          0  0.000e+00
  1020.7124      1.980      1.996    29.4531    19.3378          0          0  0.000e+00
  1020.7120      2.049      2.066    29.4523    19.3379          0          0  0.000e+00
  1020.7125      2.149      2.166    29.4522    19.3377          0          0  0.000e+00
  1020.7135      2.285      2.304    29.4525    19.3370          0          0  0.000e+00
  1020.7140      2.439      2.459    29.4522    19.3370          0          0  0.000e+00
  1020.7146      2.613      2.634    29.4519    19.3365          0          0  0.000e+00
  1020.7151      2.785      2.807    29.4512    19.3356          0          0  0.000e+00
  1020.7123      2.943      2.967    29.4461    19.3340          0          0  0.000e+00
  1020.7157      3.075      3.100    29.4480    19.3286          0          0  0.000e+00
  1020.7213      3.166      3.192    29.4530    19.3230          0          0  0.000e+00
  1020.7236      3.221      3.248    29.4550    19.3207          0          0  0.000e+00
  1020.7246      3.243      3.269    29.4560    19.3200          0          0  0.000e+00
  1020.7242      3.232      3.258    29.4555    19.3203          0          0  0.000e+00
  1020.7243      3.199      3.225    29.4558    19.3202          0          0  0.000e+00
  1020.7261      3.156      3.181    29.4586    19.3207          0          0  0.000e+00
  1020.7255      3.113      3.139    29.4587    19.3227          0          0  0.000e+00
  1020.7233      3.087      3.112    29.4568    19.3253          0          0  0.000e+00
  1020.7217      3.078      3.103    29.4555    19.3272          0          0  0.000e+00
  1020.7212      3.095      3.121    29.4549    19.3280          0          0  0.000e+00
  1020.7208      3.133      3.159    29.4543    19.3282          0          0  0.000e+00
  1020.7213      3.199      3.225    29.4545    19.3282          0          0  0.000e+00
  1020.7203      3.279      3.305    29.4528    19.3283          0          0  0.000e+00
  1020.7205      3.379      3.407    29.4522    19.3276          0          0  0.000e+00
  1020.7204      3.497      3.526    29.4508    19.3260          0          0  0.000e+00
  1020.7226      3.625      3.655    29.4521    19.3231          0          0  0.000e+00
  1020.7248      3.754      3.785    29.4534    19.3205          0          0  0.000e+00
  1020.7259      3.895      3.927    29.4535    19.3188          0          0  0.000e+00
  1020.7265      4.040      4.073    29.4529    19.3172          0          0  0.000e+00
  1020.7190      4.182      4.216    29.4411    19.3139          0          0  0.000e+00
  1020.7205      4.323      4.358    29.4384    19.3021          0          0  0.000e+00
  1020.7295      4.462      4.499    29.4438    19.2851          0          0  0.000e+00
  1020.7338      4.598      4.636    29.4437    19.2698          0          0  0.000e+00
  1020.7425      4.731      4.769    29.4491    19.2537          0          0  0.000e+00
  1020.7527      4.863      4.903    29.4570    19.2392          0          0  0.000e+00
  1020.7620      4.991      5.032    29.4650    19.2288          0          0  0.000e+00
  1020.7668      5.124      5.166    29.4688    19.2233          0          0  0.000e+00
  1020.7696      5.252      5.295    29.4708    19.2208          0          0  0.000e+00
  1020.7702      5.374      5.418    29.4706    19.2197          0          0  0.000e+00
  1020.7712      5.491      5.536    29.4710    19.2192          0          0  0.000e+00
  1020.7712      5.592      5.638    29.4703    19.2186          0          0  0.000e+00
  1020.7719      5.674      5.720    29.4705    19.2178          0          0  0.000e+00
  1020.7728      5.735      5.782    29.4711    19.2174          0          0  0.000e+00
  1020.7731      5.770      5.818    29.4712    19.2170          0          0  0.000e+00
  1020.7730      5.787      5.835    29.4710    19.2172          0          0  0.000e+00
  1020.7734      5.786      5.834    29.4714    19.2170          0          0  0.000e+00
  1020.7737      5.769      5.817    29.4720    19.2172          0          0  0.000e+00
  1020.7745      5.739      5.786    29.4735    19.2178          0          0  0.000e+00
  1020.7758      5.710      5.757    29.4760    19.2197          0          0  0.000e+00
  1020.7731      5.691      5.738    29.4736    19.2231          0          0  0.000e+00
  1020.7713      5.688      5.734    29.4721    19.2257          0          0  0.000e+00
  1020.7712      5.707      5.754    29.4724    19.2274          0          0  0.000e+00
  1020.7686      5.757      5.804    29.4694    19.2295          0          0  0.000e+00
  1020.7653      5.843      5.890    29.4645    19.2294          0          0  0.000e+00
  1020.7686      5.963      6.012    29.4672    19.2263          0          0  0.000e+00
  1020.7705      6.117      6.167    29.4681    19.2242          0          0  0.000e+00
  1020.7730      6.297      6.349    29.4697    19.2221          0          0  0.000e+00
  1020.7735      6.503      6.556    29.4687    19.2208          0          0  0.000e+00
  1020.7745      6.719      6.774    29.4682    19.2190          0          0  0.000e+00
  1020.7755      6.932      6.989    29.4676    19.2171          0          0  0.000e+00
  1020.7762      7.147      7.206    29.4665    19.2147          0          0  0.000e+00
  1020.7748      7.340      7.400    29.4625    19.2115          0          0  0.000e+00
  1020.7774      7.512      7.573    29.4634    19.2068          0          0  0.000e+00
  1020.7811      7.657      7.720    29.4659    19.2022          0          0  0.000e+00
  1020.7849      7.772      7.835    29.4692    19.1990          0          0  0.000e+00
  1020.7851      7.864      7.928    29.4685    19.1980          0          0  0.000e+00
  1020.7858      7.940      8.005    29.4687    19.1972          0          0  0.000e+00
  1020.7862      8.008      8.074    29.4685    19.1963          0          0  0.000e+00
  1020.7875      8.067      8.133    29.4697    19.1955          0          0  0.000e+00
  1020.7876      8.127      8.193    29.4695    19.1955          0          0  0.000e+00
  1020.7873      8.183      8.250    29.4688    19.1954          0          0  0.000e+00
  1020.7887      8.235      8.302    29.4702    19.1950          0          0  0.000e+00
  1020.7889      8.286      8.354    29.4701    19.1951          0          0  0.000e+00
  1020.7885      8.335      8.404    29.4694    19.1954          0          0  0.000e+00
  1020.7888      8.375      8.443    29.4696    19.1952          0          0  0.000e+00
  1020.7891      8.414      8.483    29.4697    19.1954          0          0  0.000e+00
  1020.7893      8.451      8.520    29.4699    19.1956          0          0  0.000e+00
  1020.7891      8.488      8.558    29.4693    19.1956          0          0  0.000e+00
  1020.7908      8.534      8.604    29.4712    19.1955          0          0  0.000e+00
  1020.7903      8.588      8.658    29.4705    19.1962          0          0  0.000e+00
  1020.7898      8.652      8.723    29.4696    19.1964          0          0  0.000e+00
  1020.7877      8.725      8.797    29.4663    19.1962          0          0  0.000e+00
  1020.7878      8.808      8.880    29.4654    19.1947          0          0  0.000e+00
  1020.7903      8.898      8.971    29.4675    19.1925          0          0  0.000e+00
  1020.7920      8.995      9.069    29.4688    19.1913          0          0  0.000e+00
  1020.7918      9.092      9.167    29.4678    19.1908          0          0  0.000e+00
  1020.7923      9.193      9.268    29.4678    19.1906          0          0  0.000e+00
  1020.7923      9.294      9.370    29.4670    19.1900          0          0  0.000e+00
  1020.7934      9.396      9.474    29.4676    19.1894          0          0  0.000e+00
  1020.7950      9.497      9.575    29.4690    19.1890          0          0  0.000e+00
  1020.7952      9.598      9.677    29.4687    19.1891          0          0  0.000e+00
  1020.7955      9.706      9.786    29.4686    19.1893          0          0  0.000e+00
  1020.7964      9.817      9.898    29.4691    19.1895          0          0  0.000e+00
  1020.7967      9.932     10.013    29.4690    19.1898          0          0  0.000e+00
  1020.7968     10.041     10.123    29.4685    19.1900          0          0  0.000e+00
  1020.7975     10.151     10.234    29.4689    19.1901          0          0  0.000e+00
  1020.7974     10.250     10.334    29.4683    19.1903          0          0  0.000e+00
  1020.7974     10.343     10.428    29.4678    19.1905          0          0  0.000e+00
  1020.7980     10.417     10.503    29.4680    19.1900          0          0  0.000e+00
  1020.7984     10.480     10.566    29.4680    19.1898          0          0  0.000e+00
  1020.7984     10.531     10.617    29.4677    19.1896          0          0  0.000e+00
  1020.7986     10.573     10.660    29.4676    19.1894          0          0  0.000e+00
  1020.7993     10.613     10.700    29.4682    19.1891          0          0  0.000e+00
  1020.7997     10.654     10.741    29.4686    19.1891          0          0  0.000e+00
  1020.7997     10.707     10.794    29.4683    19.1892          0          0  0.000e+00
  1020.8000     10.773     10.862    29.4683    19.1894          0          0  0.000e+00
  1020.8004     10.852     10.941    29.4684    19.1893          0          0  0.000e+00
  1020.8007     10.944     11.034    29.4681    19.1891          0          0  0.000e+00
  1020.8004     11.052     11.143    29.4672    19.1891          0          0  0.000e+00
  1020.8018     11.173     11.265    29.4682    19.1887          0          0  0.000e+00
  1020.8024     11.300     11.393    29.4682    19.1889          0          0  0.000e+00
  1020.8032     11.430     11.524    29.4685    19.1889          0          0  0.000e+00
  1020.8038     11.559     11.654    29.4686    19.1890          0          0  0.000e+00
  1020.8043     11.681     11.777    29.4686    19.1891          0          0  0.000e+00
  1020.8039     11.798     11.895    29.4674    19.1892          0          0  0.000e+00
  1020.8036     11.910     12.007    29.4663    19.1892          0          0  0.000e+00
  1020.8047     12.008     12.107    29.4669    19.1884          0          0  0.000e+00
