data/eDNA/PER-2022-473/473A028.cnv
* Sea-Bird SBE19plus  Data File:
* FileName = C:\Users\RSG_field\Ryan_Perley2022473\CTD\473A028.hex
* Software version 2.3.0 SB_Terminal.dll
* Temperature SN = 7141
* Conductivity SN = 7141
* System UpLoad Time = Aug 16 2022 16:44:53
* <ApplicationData>
* <SeatermAF>
** Platform: M. Perley
** Cruise: Per2022473
** Station:  SAB_Trans_13
** Cast: 01 473A028
** Latitude: N  46 08.6786
** Longitude: W 58 56.3792
** Sounding: 104.8
** Chief Scientist: Ryan Stanley
** Comment: Bottles 493921-43926 - sounding based on plumb line cast 47
# nquan = 8
# nvalues = 4144                                  
# units = specified
# name 0 = density00: Density [density, kg/m^3]
# name 1 = depSM: Depth [salt water, m], lat = 45.00
# name 2 = prdM: Pressure, Strain Gauge [db]
# name 3 = sal00: Salinity, Practical [PSU]
# name 4 = tv290C: Temperature [ITS-90, deg C]
# name 5 = bpos: Bottle Position in Carousel
# name 6 = nbf: Bottles Fired
# name 7 = flag:  0.000e+00
# span 0 =   998.5555,  1027.0802                 
# span 1 =     -0.041,    110.136                 
# span 2 =     -0.041,    111.067                 
# span 3 =     0.1567,    33.5927                 
# span 4 =     1.9692,    20.4120                 
# span 5 =          0,          6                 
# span 6 =          0,          2                 
# span 7 = 0.0000e+00, 0.0000e+00                 
# interval = seconds: 0.25
# start_time = Aug 16 2022 16:23:35 [Instrument's time stamp, header]
# bad_flag = -9.990e-29
*END*
[from data line 1259]
  1026.4103     76.043     76.679    32.6485     2.5061          0          0  0.000e+00
  1026.4090     76.087     76.724    32.6470     2.5100          0          0  0.000e+00
  1026.4062     76.115     76.752    32.6437     2.5130          0          0  0.000e+00
  1026.4047     76.137     76.774    32.6418     2.5148          0          0  0.000e+00
  1026.3965     76.149     76.786    32.6315     2.5157          0          0  0.000e+00
  1026.3944     76.160     76.798    32.6287     2.5139          0          0  0.000e+00
  1026.4002     76.170     76.808    32.6356     2.5114          0          0  0.000e+00
  1026.4003     76.186     76.824    32.6356     2.5108          0          0  0.000e+00
  1026.3946     76.212     76.850    32.6283     2.5105          0          0  0.000e+00
  1026.3975     76.245     76.883    32.6314     2.5087          0          0  0.000e+00
  1026.4007     76.290     76.928    32.6351     2.5073          0          0  0.000e+00
  1026.4056     76.326     76.965    32.6410     2.5072          0          0  0.000e+00
  1026.4163     76.373     77.013    32.6543     2.5088          0          0  0.000e+00
  1026.4175     76.433     77.073    32.6559     2.5130          0          0  0.000e+00
  1026.4167     76.500     77.140    32.6550     2.5177          0          0  0.000e+00
  1026.4165     76.581     77.222    32.6546     2.5219          0          0  0.000e+00
  1026.4174     76.666     77.308    32.6556     2.5254          0          0  0.000e+00
  1026.4170     76.771     77.414    32.6548     2.5286          0          0  0.000e+00
  1026.4168     76.885     77.528    32.6542     2.5314          0          0  0.000e+00
  1026.4193     77.019     77.664    32.6567     2.5336          0          0  0.000e+00
  1026.4196     77.162     77.808    32.6565     2.5357          0          0  0.000e+00
  1026.4199     77.318     77.966    32.6562     2.5378          0          0  0.000e+00
  1026.4251     77.471     78.120    32.6620     2.5394          0          0  0.000e+00
  1026.4325     77.620     78.270    32.6706     2.5422          0          0  0.000e+00
  1026.4375     77.770     78.421    32.6765     2.5472          0          0  0.000e+00
  1026.4405     77.908     78.560    32.6802     2.5541          0          0  0.000e+00
  1026.4392     78.026     78.680    32.6786     2.5619          0          0  0.000e+00
  1026.4350     78.131     78.786    32.6734     2.5687          0          0  0.000e+00
  1026.4328     78.206     78.861    32.6708     2.5733          0          0  0.000e+00
  1026.4322     78.264     78.919    32.6699     2.5764          0          0  0.000e+00
  1026.4311     78.302     78.958    32.6687     2.5790          0          0  0.000e+00
  1026.4299     78.317     78.973    32.6672     2.5808          0          0  0.000e+00
  1026.4293     78.312     78.968    32.6666     2.5821          0          0  0.000e+00
  1026.4257     78.290     78.946    32.6623     2.5829          0          0  0.000e+00
  1026.4256     78.261     78.916    32.6624     2.5824          0          0  0.000e+00
  1026.4263     78.240     78.895    32.6633     2.5817          0          0  0.000e+00
  1026.4261     78.217     78.872    32.6631     2.5814          0          0  0.000e+00
  1026.4260     78.226     78.881    32.6629     2.5811          0          0  0.000e+00
  1026.4265     78.259     78.914    32.6633     2.5806          0          0  0.000e+00
  1026.4219     78.311     78.967    32.6571     2.5801          0          0  0.000e+00
  1026.4239     78.388     79.045    32.6590     2.5777          0          0  0.000e+00
  1026.4334     78.489     79.146    32.6701     2.5761          0          0  0.000e+00
  1026.4369     78.599     79.257    32.6740     2.5776          0          0  0.000e+00
  1026.4364     78.716     79.375    32.6730     2.5810          0          0  0.000e+00
  1026.4357     78.848     79.509    32.6716     2.5841          0          0  0.000e+00
  1026.4354     78.986     79.648    32.6707     2.5862          0          0  0.000e+00
  1026.4361     79.120     79.782    32.6709     2.5875          0          0  0.000e+00
  1026.4378     79.255     79.919    32.6724     2.5887          0          0  0.000e+00
  1026.4400     79.389     80.054    32.6744     2.5900          0          0  0.000e+00
  1026.4443     79.523     80.190    32.6792     2.5916          0          0  0.000e+00
  1026.4473     79.649     80.316    32.6825     2.5940          0          0  0.000e+00
  1026.4484     79.777     80.445    32.6834     2.5969          0          0  0.000e+00
  1026.4506     79.898     80.567    32.6857     2.6000          0          0  0.000e+00
  1026.4516     80.010     80.681    32.6866     2.6029          0          0  0.000e+00
  1026.4517     80.112     80.783    32.6864     2.6059          0          0  0.000e+00
  1026.4524     80.212     80.884    32.6869     2.6080          0          0  0.000e+00
  1026.4524     80.301     80.974    32.6866     2.6099          0          0  0.000e+00
  1026.4533     80.373     81.046    32.6874     2.6116          0          0  0.000e+00
  1026.4528     80.431     81.105    32.6867     2.6129          0          0  0.000e+00
  1026.4529     80.471     81.146    32.6867     2.6138          0          0  0.000e+00
  1026.4530     80.503     81.178    32.6867     2.6145          0          0  0.000e+00
  1026.4523     80.517     81.192    32.6858     2.6151          0          0  0.000e+00
  1026.4509     80.511     81.185    32.6841     2.6154          0          0  0.000e+00
  1026.4511     80.489     81.164    32.6845     2.6153          0          0  0.000e+00
  1026.4526     80.460     81.134    32.6866     2.6153          0          0  0.000e+00
  1026.4518     80.434     81.108    32.6857     2.6161          0          0  0.000e+00
  1026.4499     80.418     81.092    32.6836     2.6171          0          0  0.000e+00
  1026.4493     80.418     81.092    32.6829     2.6174          0          0  0.000e+00
  1026.4485     80.448     81.122    32.6817     2.6173          0          0  0.000e+00
  1026.4459     80.507     81.182    32.6780     2.6166          0          0  0.000e+00
  1026.4507     80.605     81.281    32.6832     2.6147          0          0  0.000e+00
  1026.4652     80.733     81.410    32.7006     2.6143          0          0  0.000e+00
  1026.4727     80.889     81.567    32.7095     2.6187          0          0  0.000e+00
  1026.4833     81.070     81.750    32.7225     2.6261          0          0  0.000e+00
  1026.4945     81.271     81.952    32.7363     2.6367          0          0  0.000e+00
  1026.5093     81.472     82.155    32.7552     2.6500          0          0  0.000e+00
  1026.5039     81.678     82.363    32.7489     2.6668          0          0  0.000e+00
  1026.4975     81.862     82.549    32.7413     2.6808          0          0  0.000e+00
  1026.4987     82.024     82.711    32.7429     2.6904          0          0  0.000e+00
  1026.4999     82.150     82.839    32.7445     2.6989          0          0  0.000e+00
  1026.4973     82.235     82.924    32.7415     2.7063          0          0  0.000e+00
  1026.4954     82.285     82.976    32.7395     2.7117          0          0  0.000e+00
  1026.4932     82.307     82.997    32.7370     2.7158          0          0  0.000e+00
  1026.4900     82.310     83.000    32.7333     2.7187          0          0  0.000e+00
  1026.4863     82.290     82.980    32.7289     2.7199          0          0  0.000e+00
  1026.4825     82.263     82.953    32.7242     2.7197          0          0  0.000e+00
  1026.4803     82.238     82.927    32.7215     2.7180          0          0  0.000e+00
  1026.4822     82.216     82.905    32.7237     2.7157          0          0  0.000e+00
  1026.4791     82.207     82.896    32.7197     2.7139          0          0  0.000e+00
  1026.4818     82.216     82.905    32.7228     2.7116          0          0  0.000e+00
  1026.4846     82.240     82.930    32.7261     2.7102          0          0  0.000e+00
  1026.4821     82.275     82.965    32.7227     2.7099          0          0  0.000e+00
  1026.4848     82.322     83.012    32.7256     2.7088          0          0  0.000e+00
  1026.4949     82.383     83.074    32.7379     2.7084          0          0  0.000e+00
  1026.5048     82.455     83.147    32.7502     2.7118          0          0  0.000e+00
  1026.5053     82.544     83.237    32.7511     2.7186          0          0  0.000e+00
  1026.5033     82.639     83.332    32.7488     2.7253          0          0  0.000e+00
  1026.5030     82.746     83.440    32.7483     2.7307          0          0  0.000e+00
  1026.5030     82.861     83.556    32.7480     2.7352          0          0  0.000e+00
  1026.5077     82.977     83.673    32.7537     2.7395          0          0  0.000e+00
  1026.5140     83.099     83.796    32.7614     2.7446          0          0  0.000e+00
  1026.5198     83.225     83.923    32.7687     2.7517          0          0  0.000e+00
  1026.5272     83.350     84.049    32.7782     2.7605          0          0  0.000e+00
  1026.5344     83.462     84.163    32.7877     2.7715          0          0  0.000e+00
  1026.5324     83.571     84.272    32.7859     2.7836          0          0  0.000e+00
  1026.5352     83.666     84.368    32.7900     2.7947          0          0  0.000e+00
  1026.5380     83.753     84.456    32.7942     2.8054          0          0  0.000e+00
  1026.5360     83.825     84.528    32.7924     2.8157          0          0  0.000e+00
  1026.5320     83.888     84.591    32.7879     2.8242          0          0  0.000e+00
  1026.5306     83.940     84.644    32.7865     2.8305          0          0  0.000e+00
  1026.5295     83.986     84.691    32.7854     2.8350          0          0  0.000e+00
  1026.5270     84.035     84.740    32.7823     2.8386          0          0  0.000e+00
  1026.5225     84.085     84.790    32.7766     2.8410          0          0  0.000e+00
  1026.5210     84.141     84.847    32.7745     2.8417          0          0  0.000e+00
  1026.5277     84.211     84.918    32.7824     2.8407          0          0  0.000e+00
  1026.5740     84.288     84.996    32.8402     2.8430          0          0  0.000e+00
  1026.6027     84.386     85.094    32.8776     2.8610          0          0  0.000e+00
  1026.6076     84.492     85.201    32.8863     2.8898          0          0  0.000e+00
  1026.6049     84.608     85.318    32.8855     2.9202          0          0  0.000e+00
  1026.6080     84.729     85.441    32.8916     2.9467          0          0  0.000e+00
  1026.6615     84.848     85.560    32.9609     2.9732          0          0  0.000e+00
  1026.7004     84.964     85.677    33.0139     3.0159          0          0  0.000e+00
  1026.7447     85.074     85.788    33.0749     3.0704          0          0  0.000e+00
  1026.7821     85.172     85.887    33.1291     3.1387          0          0  0.000e+00
  1026.7997     85.257     85.973    33.1597     3.2168          0          0  0.000e+00
  1026.7530     85.334     86.050    33.1094     3.2924          0          0  0.000e+00
  1026.7453     85.399     86.115    33.1056     3.3457          0          0  0.000e+00
  1026.7382     85.458     86.175    33.1014     3.3879          0          0  0.000e+00
  1026.7240     85.514     86.232    33.0874     3.4231          0          0  0.000e+00
  1026.7234     85.566     86.284    33.0895     3.4500          0          0  0.000e+00
  1026.6854     85.610     86.328    33.0441     3.4717          0          0  0.000e+00
  1026.6455     85.651     86.370    32.9944     3.4779          0          0  0.000e+00
  1026.6256     85.690     86.409    32.9679     3.4673          0          0  0.000e+00
  1026.6562     85.733     86.452    33.0039     3.4491          0          0  0.000e+00
  1026.6396     85.775     86.495    32.9818     3.4405          0          0  0.000e+00
  1026.6782     85.814     86.535    33.0289     3.4305          0          0  0.000e+00
  1026.6857     85.865     86.586    33.0380     3.4301          0          0  0.000e+00
  1026.7112     85.918     86.639    33.0705     3.4367          0          0  0.000e+00
  1026.7679     85.984     86.706    33.1434     3.4538          0          0  0.000e+00
  1026.7617     86.062     86.785    33.1395     3.4896          0          0  0.000e+00
  1026.7610     86.156     86.879    33.1421     3.5237          0          0  0.000e+00
  1026.7596     86.263     86.987    33.1433     3.5535          0          0  0.000e+00
  1026.7547     86.385     87.110    33.1396     3.5796          0          0  0.000e+00
  1026.7507     86.516     87.243    33.1364     3.6009          0          0  0.000e+00
  1026.7468     86.649     87.376    33.1329     3.6186          0          0  0.000e+00
  1026.7425     86.781     87.510    33.1284     3.6323          0          0  0.000e+00
  1026.7357     86.908     87.638    33.1204     3.6428          0          0  0.000e+00
  1026.7325     87.025     87.756    33.1165     3.6498          0          0  0.000e+00
  1026.7327     87.129     87.861    33.1167     3.6543          0          0  0.000e+00
  1026.7335     87.215     87.947    33.1176     3.6580          0          0  0.000e+00
  1026.7337     87.296     88.030    33.1178     3.6616          0          0  0.000e+00
  1026.7343     87.366     88.100    33.1185     3.6648          0          0  0.000e+00
  1026.7322     87.432     88.167    33.1159     3.6675          0          0  0.000e+00
  1026.7338     87.492     88.226    33.1178     3.6694          0          0  0.000e+00
  1026.7357     87.545     88.280    33.1201     3.6713          0          0  0.000e+00
  1026.7423     87.587     88.323    33.1285     3.6737          0          0  0.000e+00
  1026.7358     87.627     88.363    33.1206     3.6780          0          0  0.000e+00
  1026.7162     87.667     88.403    33.0959     3.6799          0          0  0.000e+00
  1026.7118     87.704     88.440    33.0894     3.6741          0          0  0.000e+00
  1026.7163     87.752     88.490    33.0937     3.6658          0          0  0.000e+00
  1026.7241     87.808     88.545    33.1025     3.6595          0          0  0.000e+00
  1026.7516     87.868     88.606    33.1363     3.6568          0          0  0.000e+00
  1026.7861     87.941     88.680    33.1803     3.6649          0          0  0.000e+00
  1026.7843     88.022     88.761    33.1803     3.6865          0          0  0.000e+00
  1026.7718     88.108     88.848    33.1666     3.7072          0          0  0.000e+00
  1026.7720     88.203     88.944    33.1681     3.7221          0          0  0.000e+00
  1026.7742     88.302     89.043    33.1718     3.7340          0          0  0.000e+00
  1026.7727     88.398     89.141    33.1708     3.7456          0          0  0.000e+00
  1026.7706     88.500     89.243    33.1689     3.7562          0          0  0.000e+00
  1026.7743     88.594     89.339    33.1741     3.7651          0          0  0.000e+00
  1026.7880     88.691     89.436    33.1918     3.7742          0          0  0.000e+00
  1026.7992     88.784     89.530    33.2071     3.7877          0          0  0.000e+00
  1026.7937     88.873     89.620    33.2018     3.8051          0          0  0.000e+00
  1026.8020     88.953     89.700    33.2137     3.8200          0          0  0.000e+00
  1026.8045     89.030     89.778    33.2182     3.8354          0          0  0.000e+00
  1026.8135     89.100     89.849    33.2311     3.8510          0          0  0.000e+00
  1026.8192     89.170     89.919    33.2402     3.8688          0          0  0.000e+00
  1026.8308     89.244     89.994    33.2569     3.8885          0          0  0.000e+00
  1026.8299     89.318     90.069    33.2579     3.9095          0          0  0.000e+00
