data/eDNA/PER-2022-473/473A009.cnv
* Sea-Bird SBE19plus  Data File:
* FileName = C:\Users\RSG_field\Ryan_Perley2022473\CTD\473A009.hex
* Software version 2.3.0 SB_Terminal.dll
* Temperature SN = 7141
* Conductivity SN = 7141
* System UpLoad Time = Aug 08 2022 19:37:49
* <ApplicationData>
* <SeatermAF>
** Platform: M. Perley
** Cruise: Per2022473
** Station:  ESI_05
** Cast: 01
** Latitude: N  44 49.3093
** Longitude: W 62 29.1012
** Sounding: 20.3
** Chief Scientist: Ryan Stanley
** Comment: Cast 27
# nquan = 8
# nvalues = 1725                                  
# units = specified
# name 0 = density00: Density [density, kg/m^3]
# name 1 = depSM: Depth [salt water, m], lat = 45.00
# name 2 = prdM: Pressure, Strain Gauge [db]
# name 3 = sal00: Salinity, Practical [PSU]
# name 4 = tv290C: Temperature [ITS-90, deg C]
# name 5 = bpos: Bottle Position in Carousel
# name 6 = nbf: Bottles Fired
# name 7 = flag:  0.000e+00
# span 0 =   999.1113,  1024.4031                 
# span 1 =     -0.099,     19.760                 
# span 2 =     -0.100,     19.923                 
# span 3 =     0.0258,    31.2895                 
# span 4 =     6.8575,    15.0620                 
# span 5 =          0,          6                 
# span 6 =          0,          2                 
# span 7 = 0.0000e+00, 0.0000e+00                 
# interval = seconds: 0.25
# start_time = Aug 08 2022 19:23:48 [Instrument's time stamp, header]
# bad_flag = -9.990e-29
*END*
[from data line 1079]
  1024.3191     19.233     19.391    30.9457     6.9774          0          0  0.000e+00
  1024.3213     19.273     19.432    30.9475     6.9725          0          0  0.000e+00
  1024.3250     19.303     19.462    30.9516     6.9694          0          0  0.000e+00
  1024.3247     19.327     19.487    30.9507     6.9676          0          0  0.000e+00
  1024.3221     19.345     19.505    30.9470     6.9658          0          0  0.000e+00
  1024.3223     19.355     19.514    30.9466     6.9621          0          0  0.000e+00
  1024.3257     19.361     19.521    30.9502     6.9581          0          0  0.000e+00
  1024.3234     19.360     19.520    30.9469     6.9554          0          0  0.000e+00
  1024.3272     19.351     19.510    30.9512     6.9519          0          0  0.000e+00
  1024.3288     19.327     19.487    30.9529     6.9494          0          0  0.000e+00
  1024.3300     19.296     19.454    30.9545     6.9482          0          0  0.000e+00
  1024.3309     19.249     19.407    30.9558     6.9479          0          0  0.000e+00
  1024.3311     19.192     19.350    30.9564     6.9483          0          0  0.000e+00
  1024.3320     19.124     19.281    30.9582     6.9494          0          0  0.000e+00
  1024.3321     19.056     19.213    30.9589     6.9510          0          0  0.000e+00
  1024.3313     18.988     19.145    30.9587     6.9531          0          0  0.000e+00
  1024.3302     18.933     19.089    30.9580     6.9552          0          0  0.000e+00
  1024.3312     18.888     19.043    30.9598     6.9570          0          0  0.000e+00
  1024.3333     18.858     19.013    30.9631     6.9599          0          0  0.000e+00
  1024.3323     18.850     19.006    30.9627     6.9646          0          0  0.000e+00
  1024.3289     18.864     19.019    30.9591     6.9691          0          0  0.000e+00
  1024.3318     18.896     19.052    30.9631     6.9726          0          0  0.000e+00
  1024.3350     18.951     19.107    30.9678     6.9783          0          0  0.000e+00
  1024.3295     19.016     19.172    30.9616     6.9861          0          0  0.000e+00
  1024.3157     19.087     19.244    30.9446     6.9917          0          0  0.000e+00
  1024.3035     19.161     19.319    30.9283     6.9889          0          0  0.000e+00
  1024.3115     19.227     19.385    30.9361     6.9773          0          0  0.000e+00
  1024.3189     19.285     19.444    30.9434     6.9668          0          0  0.000e+00
  1024.3242     19.329     19.488    30.9489     6.9605          0          0  0.000e+00
  1024.3252     19.360     19.520    30.9494     6.9568          0          0  0.000e+00
  1024.3292     19.377     19.537    30.9538     6.9535          0          0  0.000e+00
  1024.3271     19.387     19.546    30.9509     6.9522          0          0  0.000e+00
  1024.3263     19.385     19.544    30.9495     6.9500          0          0  0.000e+00
  1024.3294     19.383     19.542    30.9530     6.9470          0          0  0.000e+00
  1024.3310     19.376     19.536    30.9547     6.9454          0          0  0.000e+00
  1024.3308     19.367     19.526    30.9544     6.9451          0          0  0.000e+00
  1024.3308     19.350     19.509    30.9545     6.9445          0          0  0.000e+00
  1024.3335     19.330     19.489    30.9580     6.9442          0          0  0.000e+00
  1024.3327     19.297     19.456    30.9574     6.9452          0          0  0.000e+00
  1024.3326     19.256     19.415    30.9577     6.9462          0          0  0.000e+00
  1024.3316     19.203     19.362    30.9568     6.9473          1          1  0.000e+00
  1024.3312     19.142     19.300    30.9569     6.9482          1          1  0.000e+00
  1024.3307     19.074     19.231    30.9568     6.9490          1          1  0.000e+00
  1024.3300     19.002     19.158    30.9563     6.9497          1          1  0.000e+00
  1024.3302     18.936     19.092    30.9571     6.9501          1          1  0.000e+00
  1024.3298     18.877     19.032    30.9572     6.9511          1          1  0.000e+00
  1024.3305     18.831     18.986    30.9585     6.9522          1          1  0.000e+00
  1024.3326     18.806     18.961    30.9615     6.9539          1          1  0.000e+00
  1024.3361     18.800     18.954    30.9666     6.9573          1          1  0.000e+00
  1024.3319     18.815     18.970    30.9621     6.9633          1          1  0.000e+00
  1024.3367     18.857     19.012    30.9689     6.9689          1          1  0.000e+00
  1024.3329     18.923     19.078    30.9651     6.9774          1          1  0.000e+00
  1024.3159     19.008     19.165    30.9442     6.9846          1          1  0.000e+00
  1024.3024     19.110     19.267    30.9257     6.9808          1          1  0.000e+00
  1024.3086     19.224     19.382    30.9308     6.9678          1          1  0.000e+00
  1024.3184     19.339     19.498    30.9405     6.9544          1          1  0.000e+00
  1024.3236     19.449     19.610    30.9449     6.9457          1          1  0.000e+00
  1024.3236     19.548     19.709    30.9433     6.9391          1          1  0.000e+00
  1024.3127     19.625     19.787    30.9276     6.9310          1          1  0.000e+00
  1024.3164     19.678     19.840    30.9293     6.9147          1          1  0.000e+00
  1024.3412     19.700     19.862    30.9580     6.8980          1          1  0.000e+00
  1024.3512     19.692     19.854    30.9700     6.8935          1          1  0.000e+00
  1024.3492     19.650     19.812    30.9683     6.8969          1          1  0.000e+00
  1024.3509     19.573     19.735    30.9717     6.9012          1          1  0.000e+00
  1024.3465     19.473     19.633    30.9676     6.9072          1          1  0.000e+00
  1024.3451     19.352     19.511    30.9673     6.9117          1          1  0.000e+00
  1024.3452     19.219     19.378    30.9688     6.9160          1          1  0.000e+00
  1024.3425     19.086     19.243    30.9671     6.9213          1          1  0.000e+00
  1024.3399     18.959     19.115    30.9654     6.9265          1          1  0.000e+00
  1024.3390     18.844     18.999    30.9658     6.9312          1          1  0.000e+00
  1024.3369     18.750     18.904    30.9644     6.9361          1          1  0.000e+00
  1024.3321     18.683     18.837    30.9594     6.9404          1          1  0.000e+00
  1024.3356     18.644     18.797    30.9645     6.9427          1          1  0.000e+00
  1024.3437     18.631     18.784    30.9757     6.9476          1          1  0.000e+00
  1024.3524     18.649     18.803    30.9885     6.9594          1          1  0.000e+00
  1024.3689     18.698     18.852    31.0126     6.9799          1          1  0.000e+00
  1024.3721     18.770     18.924    31.0220     7.0142          1          1  0.000e+00
  1024.3341     18.863     19.018    30.9799     7.0557          1          1  0.000e+00
  1024.2771     18.970     19.126    30.9107     7.0790          1          1  0.000e+00
  1024.2500     19.084     19.241    30.8738     7.0679          1          1  0.000e+00
  1024.2640     19.195     19.353    30.8848     7.0317          1          1  0.000e+00
  1024.2856     19.306     19.465    30.9058     6.9955          1          1  0.000e+00
  1024.3066     19.409     19.569    30.9272     6.9677          1          1  0.000e+00
  1024.3173     19.501     19.662    30.9375     6.9508          1          1  0.000e+00
  1024.3136     19.575     19.736    30.9304     6.9389          1          1  0.000e+00
  1024.3169     19.629     19.790    30.9318     6.9241          1          1  0.000e+00
  1024.3338     19.658     19.820    30.9505     6.9081          1          1  0.000e+00
  1024.3494     19.661     19.823    30.9691     6.9010          1          1  0.000e+00
  1024.3560     19.636     19.798    30.9783     6.9046          1          1  0.000e+00
  1024.3495     19.585     19.746    30.9718     6.9139          1          1  0.000e+00
  1024.3469     19.514     19.675    30.9702     6.9216          1          1  0.000e+00
  1024.3469     19.422     19.582    30.9718     6.9284          1          1  0.000e+00
  1024.3409     19.320     19.479    30.9661     6.9358          1          1  0.000e+00
  1024.3391     19.211     19.369    30.9653     6.9412          1          1  0.000e+00
  1024.3316     19.100     19.257    30.9573     6.9461          1          1  0.000e+00
  1024.3295     18.994     19.150    30.9555     6.9477          1          1  0.000e+00
  1024.3303     18.889     19.044    30.9571     6.9478          1          1  0.000e+00
  1024.3299     18.796     18.951    30.9573     6.9486          1          1  0.000e+00
  1024.3307     18.717     18.871    30.9590     6.9499          1          1  0.000e+00
  1024.3300     18.659     18.812    30.9588     6.9521          1          1  0.000e+00
  1024.3277     18.629     18.782    30.9565     6.9544          1          1  0.000e+00
  1024.3339     18.628     18.781    30.9647     6.9559          1          1  0.000e+00
  1024.3477     18.659     18.812    30.9829     6.9615          1          1  0.000e+00
  1024.4031     18.720     18.874    31.0556     6.9780          1          1  0.000e+00
  1024.3778     18.815     18.969    31.0311     7.0276          1          1  0.000e+00
  1024.2959     18.930     19.086    30.9343     7.0756          1          1  0.000e+00
  1024.2510     19.055     19.212    30.8771     7.0799          1          1  0.000e+00
  1024.2497     19.182     19.340    30.8692     7.0460          1          1  0.000e+00
  1024.2795     19.305     19.464    30.8991     7.0020          1          1  0.000e+00
  1024.3032     19.410     19.570    30.9233     6.9705          1          1  0.000e+00
  1024.3141     19.506     19.666    30.9334     6.9510          1          1  0.000e+00
  1024.3088     19.572     19.734    30.9238     6.9363          1          1  0.000e+00
  1024.3186     19.620     19.782    30.9330     6.9178          1          1  0.000e+00
  1024.3397     19.640     19.802    30.9572     6.9021          1          1  0.000e+00
  1024.3533     19.635     19.797    30.9738     6.8977          1          1  0.000e+00
  1024.3605     19.607     19.769    30.9840     6.9037          1          1  0.000e+00
  1024.3665     19.560     19.721    30.9940     6.9167          1          1  0.000e+00
  1024.3547     19.496     19.657    30.9825     6.9353          1          1  0.000e+00
  1024.3442     19.418     19.578    30.9721     6.9507          1          1  0.000e+00
  1024.3339     19.328     19.487    30.9612     6.9608          1          1  0.000e+00
  1024.3284     19.229     19.387    30.9556     6.9652          1          1  0.000e+00
  1024.3261     19.122     19.279    30.9535     6.9666          1          1  0.000e+00
  1024.3267     19.013     19.169    30.9549     6.9668          1          1  0.000e+00
  1024.3270     18.909     19.065    30.9562     6.9679          1          1  0.000e+00
  1024.3241     18.806     18.961    30.9532     6.9690          1          1  0.000e+00
  1024.3224     18.716     18.870    30.9516     6.9689          1          1  0.000e+00
  1024.3223     18.641     18.794    30.9518     6.9677          1          1  0.000e+00
  1024.3222     18.592     18.745    30.9517     6.9666          1          1  0.000e+00
  1024.3394     18.570     18.723    30.9737     6.9661          1          1  0.000e+00
  1024.3336     18.578     18.731    30.9676     6.9750          1          1  0.000e+00
  1024.3800     18.622     18.775    31.0284     6.9875          1          1  0.000e+00
  1024.3841     18.696     18.850    31.0392     7.0241          1          1  0.000e+00
  1024.3383     18.800     18.954    30.9885     7.0733          1          1  0.000e+00
  1024.2652     18.926     19.082    30.8996     7.1016          1          1  0.000e+00
  1024.2355     19.067     19.224    30.8586     7.0871          1          1  0.000e+00
  1024.2510     19.214     19.372    30.8701     7.0425          1          1  0.000e+00
  1024.2840     19.358     19.518    30.9037     6.9978          1          1  0.000e+00
  1024.3051     19.491     19.651    30.9248     6.9678          1          1  0.000e+00
  1024.3049     19.604     19.766    30.9208     6.9485          1          1  0.000e+00
  1024.3048     19.690     19.852    30.9166     6.9272          1          1  0.000e+00
  1024.3211     19.743     19.906    30.9330     6.9029          1          1  0.000e+00
  1024.3465     19.760     19.923    30.9623     6.8849          1          1  0.000e+00
  1024.3648     19.739     19.901    30.9851     6.8814          1          1  0.000e+00
  1024.3821     19.676     19.838    31.0093     6.8926          1          1  0.000e+00
  1024.3611     19.579     19.740    30.9871     6.9168          1          1  0.000e+00
  1024.3485     19.453     19.613    30.9748     6.9344          1          1  0.000e+00
  1024.3460     19.305     19.464    30.9741     6.9451          1          1  0.000e+00
  1024.3403     19.149     19.306    30.9695     6.9551          1          1  0.000e+00
  1024.3361     18.988     19.145    30.9666     6.9639          1          1  0.000e+00
  1024.3283     18.843     18.998    30.9587     6.9708          1          1  0.000e+00
  1024.3236     18.712     18.866    30.9540     6.9743          1          1  0.000e+00
  1024.3237     18.609     18.762    30.9549     6.9751          1          1  0.000e+00
  1024.3227     18.532     18.684    30.9542     6.9758          1          1  0.000e+00
  1024.3270     18.491     18.643    30.9601     6.9771          1          1  0.000e+00
  1024.3314     18.483     18.635    30.9664     6.9808          1          1  0.000e+00
  1024.3353     18.505     18.657    30.9725     6.9888          1          1  0.000e+00
  1024.3481     18.558     18.711    30.9906     7.0016          1          1  0.000e+00
  1024.3849     18.648     18.802    31.0409     7.0262          1          1  0.000e+00
  1024.3448     18.763     18.917    30.9975     7.0754          1          1  0.000e+00
  1024.2823     18.895     19.051    30.9228     7.1089          1          1  0.000e+00
  1024.2415     19.043     19.199    30.8694     7.1058          1          1  0.000e+00
  1024.2418     19.191     19.349    30.8631     7.0705          1          1  0.000e+00
  1024.2624     19.332     19.491    30.8809     7.0254          1          1  0.000e+00
  1024.2896     19.458     19.618    30.9082     6.9849          1          1  0.000e+00
  1024.2933     19.567     19.728    30.9075     6.9562          1          1  0.000e+00
  1024.2976     19.650     19.812    30.9078     6.9280          1          1  0.000e+00
  1024.3188     19.703     19.865    30.9295     6.8983          1          1  0.000e+00
  1024.3424     19.723     19.885    30.9561     6.8777          1          1  0.000e+00
  1024.3618     19.711     19.874    30.9796     6.8708          1          1  0.000e+00
  1024.3870     19.667     19.829    31.0132     6.8780          1          1  0.000e+00
  1024.3765     19.593     19.754    31.0044     6.9033          1          1  0.000e+00
  1024.3471     19.496     19.657    30.9718     6.9287          1          1  0.000e+00
  1024.3414     19.380     19.539    30.9669     6.9386          1          1  0.000e+00
  1024.3426     19.248     19.407    30.9701     6.9444          1          1  0.000e+00
  1024.3379     19.117     19.274    30.9661     6.9516          1          1  0.000e+00
  1024.3350     18.988     19.145    30.9641     6.9577          1          1  0.000e+00
  1024.3300     18.872     19.027    30.9593     6.9630          1          1  0.000e+00
  1024.3276     18.769     18.924    30.9574     6.9662          1          1  0.000e+00
  1024.3275     18.693     18.847    30.9581     6.9683          1          1  0.000e+00
