data/eDNA/PER-2022-473/473A009.cnv
* Sea-Bird SBE19plus  Data File:
* FileName = C:\Users\RSG_field\Ryan_Perley2022473\CTD\473A009.hex
* Software version 2.3.0 SB_Terminal.dll
* Temperature SN = 7141
* Conductivity SN = 7141
* System UpLoad Time = Aug 08 2022 19:37:49
* <ApplicationData>
* <SeatermAF>
** Platform: M. Perley
** Cruise: Per2022473
** Station:  ESI_05
** Cast: 01
** Latitude: N  44 49.3093
** Longitude: W 62 29.1012
** Sounding: 20.3
** Chief Scientist: Ryan Stanley
** Comment: Cast 27
# nquan = 8
# nvalues = 1725                                  
# units = specified
# name 0 = density00: Density [density, kg/m^3]
# name 1 = depSM: Depth [salt water, m], lat = 45.00
# name 2 = prdM: Pressure, Strain Gauge [db]
# name 3 = sal00: Salinity, Practical [PSU]
# name 4 = tv290C: Temperature [ITS-90, deg C]
# name 5 = bpos: Bottle Position in Carousel
# name 6 = nbf: Bottles Fired
# name 7 = flag:  0.000e+00
# span 0 =   999.1113,  1024.4031                 
# span 1 =     -0.099,     19.760                 
# span 2 =     -0.100,     19.923                 
# span 3 =     0.0258,    31.2895                 
# span 4 =     6.8575,    15.0620                 
# span 5 =          0,          6                 
# span 6 =          0,          2                 
# span 7 = 0.0000e+00, 0.0000e+00                 
# interval = seconds: 0.25
# start_time = Aug 08 2022 19:23:48 [Instrument's time stamp, header]
# bad_flag = -9.990e-29
*END*
[from data line 360]
  1023.4055      1.724      1.738    30.7713    11.4973          0          0  0.000e+00
  1023.3928      1.630      1.644    30.7605    11.5190          0          0  0.000e+00
  1023.4043      1.548      1.560    30.7794    11.5348          0          0  0.000e+00
  1023.4029      1.474      1.486    30.7837    11.5599          0          0  0.000e+00
  1023.3898      1.403      1.414    30.7742    11.5896          0          0  0.000e+00
  1023.3876      1.350      1.361    30.7776    11.6153          0          0  0.000e+00
  1023.3966      1.304      1.315    30.7958    11.6432          0          0  0.000e+00
  1023.3666      1.271      1.281    30.7662    11.6809          0          0  0.000e+00
  1023.3755      1.247      1.257    30.7842    11.7087          0          0  0.000e+00
  1023.3913      1.230      1.240    30.8124    11.7422          0          0  0.000e+00
  1023.3496      1.216      1.226    30.7699    11.7905          0          0  0.000e+00
  1023.3267      1.210      1.220    30.7478    11.8218          0          0  0.000e+00
  1023.3296      1.214      1.224    30.7556    11.8395          0          0  0.000e+00
  1023.3452      1.233      1.243    30.7802    11.8588          0          0  0.000e+00
  1023.3280      1.274      1.285    30.7654    11.8914          0          0  0.000e+00
  1023.2684      1.333      1.343    30.6950    11.9203          0          0  0.000e+00
  1023.3367      1.416      1.428    30.7804    11.9114          0          0  0.000e+00
  1023.4169      1.518      1.530    30.8896    11.9386          0          0  0.000e+00
  1023.3312      1.633      1.646    30.7987    12.0248          0          0  0.000e+00
  1023.3455      1.743      1.757    30.8312    12.0869          0          0  0.000e+00
  1023.3018      1.840      1.855    30.7888    12.1478          0          0  0.000e+00
  1023.2697      1.911      1.927    30.7579    12.1943          0          0  0.000e+00
  1023.2528      1.955      1.971    30.7429    12.2238          0          0  0.000e+00
  1023.2426      1.974      1.990    30.7341    12.2420          0          0  0.000e+00
  1023.2306      1.961      1.977    30.7217    12.2550          0          0  0.000e+00
  1023.2138      1.927      1.943    30.7014    12.2600          0          0  0.000e+00
  1023.1894      1.875      1.891    30.6687    12.2535          0          0  0.000e+00
  1023.1906      1.808      1.823    30.6650    12.2297          0          0  0.000e+00
  1023.2055      1.726      1.740    30.6779    12.2011          0          0  0.000e+00
  1023.2203      1.636      1.649    30.6922    12.1789          0          0  0.000e+00
  1023.2166      1.547      1.559    30.6842    12.1630          0          0  0.000e+00
  1023.2208      1.461      1.473    30.6856    12.1443          0          0  0.000e+00
  1023.2245      1.375      1.386    30.6864    12.1254          0          0  0.000e+00
  1023.2290      1.305      1.316    30.6882    12.1064          0          0  0.000e+00
  1023.2343      1.251      1.261    30.6911    12.0886          0          0  0.000e+00
  1023.2452      1.218      1.228    30.7015    12.0725          0          0  0.000e+00
  1023.2554      1.197      1.207    30.7122    12.0614          0          0  0.000e+00
  1023.2617      1.191      1.200    30.7191    12.0562          0          0  0.000e+00
  1023.2792      1.199      1.209    30.7416    12.0561          0          0  0.000e+00
  1023.2816      1.225      1.236    30.7466    12.0649          0          0  0.000e+00
  1023.2953      1.271      1.281    30.7677    12.0804          0          0  0.000e+00
  1023.2941      1.336      1.347    30.7720    12.1066          0          0  0.000e+00
  1023.2707      1.423      1.434    30.7483    12.1361          0          0  0.000e+00
  1023.2409      1.512      1.524    30.7137    12.1545          0          0  0.000e+00
  1023.2523      1.598      1.611    30.7284    12.1569          0          0  0.000e+00
  1023.2490      1.669      1.682    30.7252    12.1627          0          0  0.000e+00
  1023.2590      1.725      1.739    30.7394    12.1699          0          0  0.000e+00
  1023.2560      1.766      1.781    30.7382    12.1819          0          0  0.000e+00
  1023.2235      1.792      1.806    30.6991    12.1945          0          0  0.000e+00
  1023.2144      1.806      1.821    30.6856    12.1874          0          0  0.000e+00
  1023.2296      1.816      1.831    30.7010    12.1701          0          0  0.000e+00
  1023.2408      1.815      1.830    30.7131    12.1600          0          0  0.000e+00
  1023.2489      1.802      1.817    30.7229    12.1570          0          0  0.000e+00
  1023.2507      1.778      1.792    30.7260    12.1595          0          0  0.000e+00
  1023.2376      1.739      1.753    30.7102    12.1634          0          0  0.000e+00
  1023.2327      1.687      1.700    30.7034    12.1600          0          0  0.000e+00
  1023.2309      1.623      1.636    30.6995    12.1518          0          0  0.000e+00
  1023.2339      1.552      1.565    30.7011    12.1408          0          0  0.000e+00
  1023.2381      1.485      1.497    30.7045    12.1302          0          0  0.000e+00
  1023.2442      1.414      1.426    30.7107    12.1215          0          0  0.000e+00
  1023.2442      1.348      1.359    30.7097    12.1157          0          0  0.000e+00
  1023.2439      1.282      1.292    30.7084    12.1100          0          0  0.000e+00
  1023.2429      1.223      1.233    30.7059    12.1035          0          0  0.000e+00
  1023.2330      1.171      1.181    30.6914    12.0947          0          0  0.000e+00
  1023.2123      1.139      1.148    30.6608    12.0779          0          0  0.000e+00
  1023.2215      1.130      1.139    30.6654    12.0467          0          0  0.000e+00
  1023.2081      1.157      1.166    30.6398    12.0125          0          0  0.000e+00
  1023.2374      1.211      1.221    30.6668    11.9678          0          0  0.000e+00
  1023.2801      1.286      1.296    30.7130    11.9319          0          0  0.000e+00
  1023.2961      1.380      1.392    30.7307    11.9213          0          0  0.000e+00
  1023.2753      1.487      1.499    30.7029    11.9198          0          0  0.000e+00
  1023.3350      1.600      1.613    30.7775    11.9128          0          0  0.000e+00
  1023.3629      1.713      1.727    30.8186    11.9375          0          0  0.000e+00
  1023.3534      1.822      1.837    30.8177    11.9887          0          0  0.000e+00
  1023.3277      1.906      1.922    30.7965    12.0411          0          0  0.000e+00
  1023.3297      1.970      1.986    30.8095    12.0869          0          0  0.000e+00
  1023.2971      2.000      2.017    30.7798    12.1401          0          0  0.000e+00
  1023.2521      1.998      2.015    30.7308    12.1774          0          0  0.000e+00
  1023.2227      1.967      1.984    30.6960    12.1902          0          0  0.000e+00
  1023.1921      1.909      1.925    30.6548    12.1813          0          0  0.000e+00
  1023.1912      1.822      1.837    30.6462    12.1482          0          0  0.000e+00
  1023.2248      1.724      1.738    30.6805    12.1075          0          0  0.000e+00
  1023.2439      1.614      1.628    30.6998    12.0818          0          0  0.000e+00
  1023.2391      1.511      1.523    30.6908    12.0677          0          0  0.000e+00
  1023.2430      1.413      1.425    30.6926    12.0513          0          0  0.000e+00
  1023.2508      1.338      1.349    30.6991    12.0345          0          0  0.000e+00
  1023.2591      1.274      1.285    30.7069    12.0210          0          0  0.000e+00
  1023.2580      1.224      1.234    30.7035    12.0113          0          0  0.000e+00
  1023.2612      1.193      1.202    30.7055    12.0015          0          0  0.000e+00
  1023.2566      1.177      1.186    30.6974    11.9915          0          0  0.000e+00
  1023.2666      1.180      1.190    30.7069    11.9773          0          0  0.000e+00
  1023.2839      1.201      1.211    30.7265    11.9662          0          0  0.000e+00
  1023.2982      1.238      1.248    30.7451    11.9678          0          0  0.000e+00
  1023.2939      1.293      1.304    30.7415    11.9774          0          0  0.000e+00
  1023.3004      1.356      1.367    30.7520    11.9877          0          0  0.000e+00
  1023.2978      1.430      1.442    30.7520    12.0041          0          0  0.000e+00
  1023.2738      1.504      1.517    30.7245    12.0209          0          0  0.000e+00
  1023.2656      1.580      1.592    30.7148    12.0262          0          0  0.000e+00
  1023.2667      1.651      1.664    30.7147    12.0219          0          0  0.000e+00
  1023.2762      1.715      1.729    30.7255    12.0175          0          0  0.000e+00
  1023.2857      1.771      1.786    30.7375    12.0174          0          0  0.000e+00
  1023.2722      1.820      1.835    30.7216    12.0253          0          0  0.000e+00
  1023.2300      1.854      1.869    30.6674    12.0271          0          0  0.000e+00
  1023.2454      1.877      1.893    30.6811    12.0011          0          0  0.000e+00
  1023.2888      1.887      1.902    30.7312    11.9765          0          0  0.000e+00
  1023.2941      1.879      1.895    30.7373    11.9730          0          0  0.000e+00
  1023.2892      1.854      1.869    30.7327    11.9803          0          0  0.000e+00
  1023.3005      1.816      1.831    30.7490    11.9864          0          0  0.000e+00
  1023.2944      1.759      1.773    30.7446    11.9996          0          0  0.000e+00
  1023.2789      1.687      1.700    30.7281    12.0126          0          0  0.000e+00
  1023.2742      1.613      1.627    30.7236    12.0174          0          0  0.000e+00
  1023.2828      1.540      1.553    30.7355    12.0192          0          0  0.000e+00
  1023.2784      1.476      1.488    30.7318    12.0260          0          0  0.000e+00
  1023.2742      1.421      1.432    30.7283    12.0324          0          0  0.000e+00
  1023.2705      1.370      1.381    30.7247    12.0362          0          0  0.000e+00
  1023.2651      1.320      1.331    30.7186    12.0385          0          0  0.000e+00
  1023.2612      1.276      1.287    30.7135    12.0377          0          0  0.000e+00
  1023.2628      1.235      1.245    30.7150    12.0336          0          0  0.000e+00
  1023.2659      1.203      1.213    30.7182    12.0297          0          0  0.000e+00
  1023.2697      1.183      1.193    30.7229    12.0283          0          0  0.000e+00
  1023.2646      1.174      1.183    30.7164    12.0286          0          0  0.000e+00
  1023.2627      1.177      1.186    30.7134    12.0261          0          0  0.000e+00
  1023.2673      1.206      1.216    30.7181    12.0215          0          0  0.000e+00
  1023.2650      1.266      1.276    30.7140    12.0183          0          0  0.000e+00
  1023.2618      1.359      1.370    30.7085    12.0148          0          0  0.000e+00
  1023.2322      1.480      1.492    30.6672    12.0050          0          0  0.000e+00
  1023.2750      1.616      1.629    30.7153    11.9777          0          0  0.000e+00
  1023.3074      1.753      1.768    30.7541    11.9682          0          0  0.000e+00
  1023.3066      1.876      1.892    30.7552    11.9804          0          0  0.000e+00
  1023.3160      1.970      1.986    30.7714    12.0003          0          0  0.000e+00
  1023.3000      2.028      2.044    30.7568    12.0273          0          0  0.000e+00
  1023.2864      2.045      2.062    30.7444    12.0498          0          0  0.000e+00
  1023.2484      2.020      2.037    30.6985    12.0620          0          0  0.000e+00
  1023.2406      1.964      1.980    30.6868    12.0536          0          0  0.000e+00
  1023.2537      1.875      1.891    30.6998    12.0348          0          0  0.000e+00
  1023.2686      1.766      1.781    30.7163    12.0208          0          0  0.000e+00
  1023.2699      1.647      1.661    30.7175    12.0155          0          0  0.000e+00
  1023.2709      1.534      1.546    30.7186    12.0121          0          0  0.000e+00
  1023.2728      1.432      1.444    30.7209    12.0095          0          0  0.000e+00
  1023.2740      1.341      1.352    30.7227    12.0080          0          0  0.000e+00
  1023.2730      1.268      1.278    30.7217    12.0076          0          0  0.000e+00
  1023.2741      1.228      1.238    30.7232    12.0069          0          0  0.000e+00
  1023.2750      1.227      1.237    30.7244    12.0067          0          0  0.000e+00
  1023.2740      1.250      1.260    30.7231    12.0075          0          0  0.000e+00
  1023.2709      1.300      1.310    30.7189    12.0078          0          0  0.000e+00
  1023.2724      1.378      1.389    30.7200    12.0060          0          0  0.000e+00
  1023.2804      1.470      1.482    30.7295    12.0048          0          0  0.000e+00
  1023.2719      1.575      1.588    30.7186    12.0078          0          0  0.000e+00
  1023.2689      1.689      1.702    30.7137    12.0065          0          0  0.000e+00
  1023.2919      1.819      1.834    30.7417    12.0027          0          0  0.000e+00
  1023.2904      1.960      1.976    30.7410    12.0111          0          0  0.000e+00
  1023.2767      2.106      2.124    30.7250    12.0220          0          0  0.000e+00
  1023.2598      2.259      2.277    30.7030    12.0250          0          0  0.000e+00
  1023.2738      2.425      2.445    30.7181    12.0164          0          0  0.000e+00
  1023.3139      2.597      2.618    30.7682    12.0136          0          0  0.000e+00
  1023.2968      2.757      2.780    30.7504    12.0360          0          0  0.000e+00
  1023.2310      2.899      2.923    30.6689    12.0537          0          0  0.000e+00
  1023.1529      3.015      3.039    30.5616    12.0286          0          0  0.000e+00
  1023.1931      3.106      3.131    30.5944    11.9501          0          0  0.000e+00
  1023.2215      3.174      3.200    30.6122    11.8712          0          0  0.000e+00
  1023.1887      3.219      3.246    30.5522    11.7964          0          0  0.000e+00
  1023.2892      3.242      3.268    30.6587    11.6975          0          0  0.000e+00
  1023.3533      3.252      3.279    30.7277    11.6390          0          0  0.000e+00
  1023.3783      3.262      3.288    30.7576    11.6292          0          0  0.000e+00
  1023.3871      3.270      3.297    30.7713    11.6397          0          0  0.000e+00
  1023.3318      3.287      3.314    30.7035    11.6555          0          0  0.000e+00
  1023.3572      3.322      3.349    30.7315    11.6358          0          0  0.000e+00
  1023.4286      3.370      3.397    30.8204    11.6231          0          0  0.000e+00
  1023.4016      3.435      3.464    30.7944    11.6631          0          0  0.000e+00
  1023.2923      3.515      3.544    30.6628    11.7052          0          0  0.000e+00
  1023.1927      3.614      3.643    30.5252    11.6679          0          0  0.000e+00
  1023.2564      3.720      3.750    30.5806    11.5544          0          0  0.000e+00
  1023.3225      3.831      3.862    30.6421    11.4533          0          0  0.000e+00
  1023.3799      3.946      3.979    30.7011    11.3913          0          0  0.000e+00
  1023.4159      4.065      4.098    30.7392    11.3581          0          0  0.000e+00
  1023.4331      4.188      4.222    30.7589    11.3507          0          0  0.000e+00
  1023.4010      4.313      4.348    30.7163    11.3478          0          0  0.000e+00
  1023.4414      4.450      4.486    30.7645    11.3345          0          0  0.000e+00
  1023.3214      4.597      4.635    30.6080    11.3294          0          0  0.000e+00
