data/eDNA/PER-2022-473/473A015.cnv
* Sea-Bird SBE19plus  Data File:
* FileName = C:\Users\RSG_field\Ryan_Perley2022473\CTD\473A015.hex
* Software version 2.3.0 SB_Terminal.dll
* Temperature SN = 7141
* Conductivity SN = 7141
* System UpLoad Time = Aug 10 2022 18:02:24
* <ApplicationData>
* <SeatermAF>
** Platform: M. Perley
** Cruise: Per2022473
** Station:  ESI_11
** Cast: 01
** Latitude: N  44 38.2809
** Longitude: W 62 38.3299
** Sounding: 78.9
** Chief Scientist: Ryan Stanley
** Comment: CastID 473A015 SampleIDs 493841-493846 Cast 33
# nquan = 8
# nvalues = 3171                                  
# units = specified
# name 0 = density00: Density [density, kg/m^3]
# name 1 = depSM: Depth [salt water, m], lat = 45.00
# name 2 = prdM: Pressure, Strain Gauge [db]
# name 3 = sal00: Salinity, Practical [PSU]
# name 4 = tv290C: Temperature [ITS-90, deg C]
# name 5 = bpos: Bottle Position in Carousel
# name 6 = nbf: Bottles Fired
# name 7 = flag:  0.000e+00
# span 0 =   998.8405,  1025.8131                 
# span 1 =     -0.080,     72.173                 
# span 2 =     -0.080,     72.777                 
# span 3 =     0.0404,    32.2687                 
# span 4 =     3.5574,    16.8798                 
# span 5 =          0,          6                 
# span 6 =          0,          2                 
# span 7 = 0.0000e+00, 0.0000e+00                 
# interval = seconds: 0.25
# start_time = Aug 10 2022 17:45:06 [Instrument's time stamp, header]
# bad_flag = -9.990e-29
*END*
[from data line 899]
  1025.4474     42.280     42.630    31.7589     3.5856          0          0  0.000e+00
  1025.4493     42.478     42.830    31.7601     3.5850          0          0  0.000e+00
  1025.4507     42.673     43.027    31.7606     3.5846          0          0  0.000e+00
  1025.4524     42.851     43.207    31.7616     3.5842          0          0  0.000e+00
  1025.4537     43.013     43.369    31.7623     3.5840          0          0  0.000e+00
  1025.4544     43.144     43.502    31.7624     3.5839          0          0  0.000e+00
  1025.4552     43.247     43.605    31.7628     3.5839          0          0  0.000e+00
  1025.4557     43.330     43.689    31.7629     3.5838          0          0  0.000e+00
  1025.4561     43.406     43.766    31.7629     3.5837          0          0  0.000e+00
  1025.4566     43.468     43.829    31.7632     3.5838          0          0  0.000e+00
  1025.4571     43.525     43.885    31.7636     3.5841          0          0  0.000e+00
  1025.4563     43.570     43.931    31.7623     3.5848          0          0  0.000e+00
  1025.4568     43.607     43.969    31.7628     3.5850          0          0  0.000e+00
  1025.4569     43.633     43.995    31.7629     3.5855          0          0  0.000e+00
  1025.4579     43.647     44.008    31.7640     3.5861          0          0  0.000e+00
  1025.4565     43.652     44.014    31.7624     3.5873          0          0  0.000e+00
  1025.4564     43.650     44.012    31.7624     3.5880          0          0  0.000e+00
  1025.4570     43.644     44.006    31.7632     3.5885          0          0  0.000e+00
  1025.4570     43.640     44.002    31.7634     3.5895          0          0  0.000e+00
  1025.4568     43.641     44.003    31.7632     3.5906          0          0  0.000e+00
  1025.4554     43.653     44.015    31.7615     3.5914          0          0  0.000e+00
  1025.4552     43.678     44.040    31.7612     3.5918          0          0  0.000e+00
  1025.4531     43.718     44.080    31.7583     3.5915          0          0  0.000e+00
  1025.4529     43.776     44.139    31.7574     3.5900          0          0  0.000e+00
  1025.4541     43.847     44.210    31.7583     3.5882          0          0  0.000e+00
  1025.4550     43.944     44.309    31.7587     3.5867          0          0  0.000e+00
  1025.4564     44.056     44.421    31.7596     3.5855          0          0  0.000e+00
  1025.4581     44.192     44.559    31.7609     3.5848          0          0  0.000e+00
  1025.4599     44.340     44.708    31.7622     3.5841          0          0  0.000e+00
  1025.4615     44.516     44.885    31.7631     3.5838          0          0  0.000e+00
  1025.4627     44.698     45.069    31.7636     3.5835          0          0  0.000e+00
  1025.4634     44.887     45.259    31.7633     3.5834          0          0  0.000e+00
  1025.4649     45.077     45.451    31.7641     3.5833          0          0  0.000e+00
  1025.4656     45.258     45.633    31.7638     3.5834          0          0  0.000e+00
  1025.4665     45.420     45.797    31.7640     3.5834          0          0  0.000e+00
  1025.4675     45.562     45.940    31.7643     3.5832          0          0  0.000e+00
  1025.4688     45.678     46.057    31.7654     3.5833          0          0  0.000e+00
  1025.4709     45.771     46.151    31.7674     3.5830          0          0  0.000e+00
  1025.4724     45.840     46.220    31.7688     3.5828          0          0  0.000e+00
  1025.4726     45.886     46.266    31.7688     3.5828          0          0  0.000e+00
  1025.4722     45.914     46.295    31.7683     3.5833          0          0  0.000e+00
  1025.4725     45.924     46.305    31.7686     3.5839          0          0  0.000e+00
  1025.4731     45.913     46.294    31.7695     3.5846          0          0  0.000e+00
  1025.4753     45.881     46.262    31.7726     3.5860          0          0  0.000e+00
  1025.4730     45.835     46.215    31.7704     3.5887          0          0  0.000e+00
  1025.4691     45.776     46.156    31.7660     3.5909          0          0  0.000e+00
  1025.4693     45.715     46.094    31.7667     3.5918          0          0  0.000e+00
  1025.4698     45.660     46.039    31.7678     3.5926          0          0  0.000e+00
  1025.4681     45.621     45.999    31.7660     3.5936          0          0  0.000e+00
  1025.4660     45.607     45.985    31.7635     3.5942          0          0  0.000e+00
  1025.4648     45.625     46.003    31.7619     3.5939          0          0  0.000e+00
  1025.4631     45.686     46.065    31.7592     3.5922          0          0  0.000e+00
  1025.4642     45.783     46.163    31.7597     3.5898          0          0  0.000e+00
  1025.4663     45.912     46.293    31.7613     3.5875          0          0  0.000e+00
  1025.4692     46.081     46.463    31.7637     3.5856          0          0  0.000e+00
  1025.4713     46.274     46.658    31.7651     3.5842          0          0  0.000e+00
  1025.4736     46.486     46.871    31.7666     3.5835          0          0  0.000e+00
  1025.4768     46.710     47.098    31.7692     3.5830          0          0  0.000e+00
  1025.4801     46.937     47.327    31.7719     3.5827          0          0  0.000e+00
  1025.4868     47.158     47.549    31.7790     3.5824          0          0  0.000e+00
  1025.4895     47.360     47.753    31.7813     3.5819          0          0  0.000e+00
  1025.4924     47.529     47.923    31.7837     3.5812          0          0  0.000e+00
  1025.4940     47.647     48.043    31.7850     3.5804          0          0  0.000e+00
  1025.4951     47.715     48.111    31.7859     3.5797          0          0  0.000e+00
  1025.4970     47.741     48.137    31.7880     3.5793          0          0  0.000e+00
  1025.4971     47.728     48.124    31.7883     3.5799          0          0  0.000e+00
  1025.4969     47.682     48.078    31.7885     3.5809          0          0  0.000e+00
  1025.4964     47.618     48.013    31.7884     3.5826          0          0  0.000e+00
  1025.4943     47.546     47.940    31.7864     3.5845          0          0  0.000e+00
  1025.4940     47.478     47.872    31.7867     3.5863          0          0  0.000e+00
  1025.4916     47.430     47.824    31.7842     3.5887          0          0  0.000e+00
  1025.4869     47.413     47.807    31.7787     3.5905          0          0  0.000e+00
  1025.4841     47.430     47.824    31.7750     3.5912          0          0  0.000e+00
  1025.4831     47.486     47.881    31.7734     3.5906          0          0  0.000e+00
  1025.4874     47.580     47.975    31.7780     3.5878          0          0  0.000e+00
  1025.4905     47.698     48.094    31.7808     3.5843          0          0  0.000e+00
  1025.4938     47.838     48.235    31.7837     3.5816          0          0  0.000e+00
  1025.4970     47.994     48.393    31.7865     3.5789          0          0  0.000e+00
  1025.5024     48.162     48.561    31.7921     3.5766          0          0  0.000e+00
  1025.5078     48.321     48.722    31.7978     3.5750          0          0  0.000e+00
  1025.5089     48.470     48.873    31.7980     3.5733          0          0  0.000e+00
  1025.5116     48.599     49.003    31.8003     3.5705          0          0  0.000e+00
  1025.5145     48.697     49.101    31.8031     3.5680          0          0  0.000e+00
  1025.5161     48.771     49.176    31.8045     3.5664          0          0  0.000e+00
  1025.5182     48.823     49.229    31.8067     3.5656          0          0  0.000e+00
  1025.5188     48.857     49.263    31.8073     3.5657          0          0  0.000e+00
  1025.5189     48.883     49.288    31.8073     3.5661          0          0  0.000e+00
  1025.5190     48.904     49.310    31.8074     3.5669          0          0  0.000e+00
  1025.5206     48.932     49.339    31.8094     3.5676          0          0  0.000e+00
  1025.5188     48.971     49.377    31.8070     3.5692          0          0  0.000e+00
  1025.5172     49.025     49.432    31.8047     3.5701          0          0  0.000e+00
  1025.5165     49.098     49.505    31.8035     3.5701          0          0  0.000e+00
  1025.5167     49.191     49.600    31.8031     3.5696          0          0  0.000e+00
  1025.5186     49.294     49.703    31.8048     3.5687          0          0  0.000e+00
  1025.5209     49.408     49.819    31.8069     3.5674          0          0  0.000e+00
  1025.5283     49.535     49.946    31.8153     3.5663          0          0  0.000e+00
  1025.5307     49.660     50.072    31.8174     3.5657          0          0  0.000e+00
  1025.5319     49.780     50.194    31.8182     3.5653          0          0  0.000e+00
  1025.5327     49.885     50.300    31.8186     3.5649          0          0  0.000e+00
  1025.5337     49.978     50.393    31.8192     3.5645          0          0  0.000e+00
  1025.5343     50.062     50.478    31.8194     3.5642          0          0  0.000e+00
  1025.5349     50.129     50.546    31.8198     3.5644          0          0  0.000e+00
  1025.5350     50.194     50.611    31.8196     3.5648          0          0  0.000e+00
  1025.5351     50.262     50.679    31.8193     3.5653          0          0  0.000e+00
  1025.5341     50.342     50.761    31.8178     3.5659          0          0  0.000e+00
  1025.5344     50.438     50.857    31.8176     3.5661          0          0  0.000e+00
  1025.5353     50.551     50.971    31.8179     3.5659          0          0  0.000e+00
  1025.5365     50.664     51.085    31.8188     3.5652          0          0  0.000e+00
  1025.5381     50.777     51.199    31.8200     3.5646          0          0  0.000e+00
  1025.5416     50.886     51.309    31.8237     3.5638          0          0  0.000e+00
  1025.5453     50.971     51.395    31.8277     3.5634          0          0  0.000e+00
  1025.5467     51.041     51.465    31.8292     3.5639          0          0  0.000e+00
  1025.5473     51.078     51.503    31.8298     3.5647          0          0  0.000e+00
  1025.5466     51.090     51.514    31.8289     3.5656          0          0  0.000e+00
  1025.5465     51.075     51.499    31.8290     3.5664          0          0  0.000e+00
  1025.5464     51.042     51.466    31.8293     3.5678          0          0  0.000e+00
  1025.5431     51.004     51.428    31.8256     3.5701          0          0  0.000e+00
  1025.5426     50.971     51.395    31.8253     3.5712          0          0  0.000e+00
  1025.5393     50.954     51.377    31.8213     3.5716          0          0  0.000e+00
  1025.5397     50.967     51.390    31.8215     3.5707          0          0  0.000e+00
  1025.5408     51.016     51.439    31.8226     3.5696          0          0  0.000e+00
  1025.5397     51.105     51.529    31.8206     3.5690          0          0  0.000e+00
  1025.5416     51.233     51.659    31.8220     3.5680          0          0  0.000e+00
  1025.5433     51.388     51.815    31.8231     3.5670          0          0  0.000e+00
  1025.5480     51.567     51.995    31.8279     3.5661          0          0  0.000e+00
  1025.5530     51.768     52.199    31.8330     3.5659          0          0  0.000e+00
  1025.5539     51.978     52.410    31.8329     3.5667          0          0  0.000e+00
  1025.5559     52.184     52.618    31.8344     3.5677          0          0  0.000e+00
  1025.5612     52.375     52.810    31.8401     3.5690          0          0  0.000e+00
  1025.5613     52.542     52.979    31.8395     3.5717          0          0  0.000e+00
  1025.5597     52.662     53.100    31.8370     3.5743          0          0  0.000e+00
  1025.5586     52.745     53.183    31.8354     3.5760          0          0  0.000e+00
  1025.5591     52.796     53.235    31.8358     3.5768          0          0  0.000e+00
  1025.5592     52.825     53.264    31.8359     3.5779          0          0  0.000e+00
  1025.5590     52.838     53.277    31.8358     3.5792          0          0  0.000e+00
  1025.5588     52.833     53.272    31.8357     3.5802          0          0  0.000e+00
  1025.5591     52.816     53.255    31.8363     3.5814          0          0  0.000e+00
  1025.5588     52.787     53.226    31.8362     3.5827          0          0  0.000e+00
  1025.5557     52.758     53.197    31.8326     3.5839          0          0  0.000e+00
  1025.5547     52.727     53.165    31.8314     3.5837          0          0  0.000e+00
  1025.5549     52.708     53.146    31.8319     3.5833          0          0  0.000e+00
  1025.5560     52.700     53.138    31.8332     3.5828          0          0  0.000e+00
  1025.5560     52.709     53.147    31.8332     3.5828          0          0  0.000e+00
  1025.5570     52.740     53.179    31.8342     3.5827          0          0  0.000e+00
  1025.5546     52.793     53.232    31.8309     3.5828          0          0  0.000e+00
  1025.5551     52.861     53.301    31.8310     3.5819          0          0  0.000e+00
  1025.5564     52.959     53.399    31.8319     3.5807          0          0  0.000e+00
  1025.5580     53.082     53.523    31.8331     3.5796          0          0  0.000e+00
  1025.5603     53.225     53.668    31.8351     3.5788          0          0  0.000e+00
  1025.5605     53.391     53.835    31.8342     3.5787          0          0  0.000e+00
  1025.5639     53.581     54.027    31.8374     3.5786          0          0  0.000e+00
  1025.5634     53.794     54.242    31.8356     3.5792          0          0  0.000e+00
  1025.5645     54.012     54.461    31.8357     3.5796          0          0  0.000e+00
  1025.5651     54.228     54.679    31.8352     3.5798          0          0  0.000e+00
  1025.5680     54.434     54.886    31.8376     3.5795          0          0  0.000e+00
  1025.5696     54.621     55.076    31.8385     3.5799          0          0  0.000e+00
  1025.5722     54.775     55.231    31.8409     3.5805          0          0  0.000e+00
  1025.5722     54.887     55.344    31.8405     3.5816          0          0  0.000e+00
  1025.5734     54.959     55.417    31.8416     3.5825          0          0  0.000e+00
  1025.5737     54.991     55.449    31.8418     3.5832          0          0  0.000e+00
  1025.5744     54.983     55.440    31.8429     3.5839          0          0  0.000e+00
  1025.5730     54.934     55.391    31.8415     3.5851          0          0  0.000e+00
  1025.5709     54.845     55.301    31.8395     3.5861          0          0  0.000e+00
  1025.5707     54.721     55.176    31.8401     3.5869          0          0  0.000e+00
  1025.5705     54.571     55.025    31.8409     3.5880          0          0  0.000e+00
  1025.5674     54.419     54.871    31.8381     3.5894          0          0  0.000e+00
  1025.5668     54.277     54.728    31.8383     3.5902          0          0  0.000e+00
  1025.5645     54.160     54.611    31.8361     3.5908          0          0  0.000e+00
  1025.5626     54.083     54.532    31.8341     3.5908          0          0  0.000e+00
  1025.5611     54.063     54.512    31.8323     3.5898          0          0  0.000e+00
  1025.5606     54.106     54.556    31.8313     3.5882          0          0  0.000e+00
  1025.5624     54.214     54.665    31.8326     3.5856          0          0  0.000e+00
  1025.5654     54.380     54.832    31.8351     3.5835          0          0  0.000e+00
  1025.5687     54.583     55.037    31.8379     3.5823          0          0  0.000e+00
  1025.5714     54.805     55.261    31.8400     3.5822          0          0  0.000e+00
  1025.5730     55.040     55.498    31.8406     3.5825          0          0  0.000e+00
  1025.5747     55.242     55.702    31.8416     3.5830          0          0  0.000e+00
  1025.5755     55.441     55.902    31.8415     3.5834          0          0  0.000e+00
  1025.5760     55.637     56.100    31.8410     3.5835          0          0  0.000e+00
