data/eDNA/PER-2022-473/473A026.cnv
* Sea-Bird SBE19plus  Data File:
* FileName = C:\Users\RSG_field\Ryan_Perley2022473\CTD\473A026.hex
* Software version 2.3.0 SB_Terminal.dll
* Temperature SN = 7141
* Conductivity SN = 7141
* System UpLoad Time = Aug 16 2022 14:37:42
* <ApplicationData>
* <SeatermAF>
** Platform: M. Perley
** Cruise: Per2022473
** Station:  SAB_Trans_11
** Cast: 01 473A026
** Latitude: N  46 02.3968
** Longitude: W 59 07.3092
** Sounding: 93.5
** Chief Scientist: Ryan Stanley
** Comment: Bottles 493909-43914 - sounding based on plumb line cast 45
# nquan = 8
# nvalues = 3191                                  
# units = specified
# name 0 = density00: Density [density, kg/m^3]
# name 1 = depSM: Depth [salt water, m], lat = 45.00
# name 2 = prdM: Pressure, Strain Gauge [db]
# name 3 = sal00: Salinity, Practical [PSU]
# name 4 = tv290C: Temperature [ITS-90, deg C]
# name 5 = bpos: Bottle Position in Carousel
# name 6 = nbf: Bottles Fired
# name 7 = flag:  0.000e+00
# span 0 =   998.4357,  1026.2319                 
# span 1 =     -0.041,     81.121                 
# span 2 =     -0.042,     81.801                 
# span 3 =     0.1235,    32.3935                 
# span 4 =     2.0868,    20.4955                 
# span 5 =          0,          6                 
# span 6 =          0,          2                 
# span 7 = 0.0000e+00, 0.0000e+00                 
# interval = seconds: 0.25
# start_time = Aug 16 2022 14:21:00 [Instrument's time stamp, header]
# bad_flag = -9.990e-29
*END*
[from data line 1079]
  1025.7879     59.782     60.280    31.9570     2.4163          0          0  0.000e+00
  1025.7923     59.857     60.355    31.9611     2.4071          0          0  0.000e+00
  1025.7985     59.929     60.428    31.9677     2.3994          0          0  0.000e+00
  1025.8027     59.992     60.492    31.9721     2.3945          0          0  0.000e+00
  1025.8024     60.055     60.555    31.9710     2.3915          0          0  0.000e+00
  1025.8031     60.109     60.610    31.9713     2.3884          0          0  0.000e+00
  1025.8079     60.168     60.670    31.9766     2.3849          0          0  0.000e+00
  1025.8048     60.227     60.729    31.9722     2.3836          0          0  0.000e+00
  1025.7976     60.284     60.786    31.9627     2.3807          0          0  0.000e+00
  1025.7973     60.342     60.845    31.9612     2.3737          0          0  0.000e+00
  1025.8019     60.408     60.911    31.9658     2.3652          0          0  0.000e+00
  1025.8041     60.473     60.977    31.9675     2.3582          0          0  0.000e+00
  1025.8079     60.545     61.049    31.9712     2.3522          0          0  0.000e+00
  1025.8118     60.621     61.126    31.9752     2.3475          0          0  0.000e+00
  1025.8157     60.702     61.208    31.9793     2.3446          0          0  0.000e+00
  1025.8179     60.787     61.293    31.9814     2.3433          0          0  0.000e+00
  1025.8152     60.875     61.382    31.9775     2.3425          0          0  0.000e+00
  1025.8108     60.968     61.476    31.9710     2.3393          0          0  0.000e+00
  1025.8143     61.061     61.570    31.9743     2.3330          0          0  0.000e+00
  1025.8160     61.157     61.666    31.9752     2.3264          0          0  0.000e+00
  1025.8187     61.248     61.758    31.9772     2.3183          0          0  0.000e+00
  1025.8249     61.343     61.854    31.9836     2.3090          0          0  0.000e+00
  1025.8300     61.435     61.947    31.9887     2.3014          0          0  0.000e+00
  1025.8346     61.524     62.037    31.9933     2.2959          0          0  0.000e+00
  1025.8376     61.616     62.129    31.9962     2.2924          0          0  0.000e+00
  1025.8392     61.699     62.214    31.9975     2.2902          0          0  0.000e+00
  1025.8407     61.778     62.293    31.9987     2.2888          0          0  0.000e+00
  1025.8421     61.849     62.364    32.0000     2.2879          0          0  0.000e+00
  1025.8417     61.913     62.430    31.9992     2.2877          0          0  0.000e+00
  1025.8422     61.975     62.492    31.9993     2.2872          0          0  0.000e+00
  1025.8427     62.028     62.545    31.9996     2.2863          0          0  0.000e+00
  1025.8442     62.085     62.603    32.0010     2.2849          0          0  0.000e+00
  1025.8467     62.142     62.661    32.0036     2.2833          0          0  0.000e+00
  1025.8497     62.209     62.728    32.0068     2.2818          0          0  0.000e+00
  1025.8540     62.283     62.803    32.0116     2.2803          0          0  0.000e+00
  1025.8595     62.368     62.888    32.0179     2.2791          0          0  0.000e+00
  1025.8647     62.463     62.983    32.0239     2.2791          0          0  0.000e+00
  1025.8656     62.568     63.089    32.0245     2.2805          0          0  0.000e+00
  1025.8677     62.669     63.192    32.0266     2.2821          0          0  0.000e+00
  1025.8681     62.771     63.295    32.0268     2.2841          0          0  0.000e+00
  1025.8684     62.876     63.400    32.0266     2.2858          0          0  0.000e+00
  1025.8681     62.967     63.492    32.0258     2.2870          0          0  0.000e+00
  1025.8679     63.051     63.577    32.0251     2.2876          0          0  0.000e+00
  1025.8692     63.132     63.658    32.0263     2.2873          0          0  0.000e+00
  1025.8724     63.203     63.730    32.0297     2.2866          0          0  0.000e+00
  1025.8755     63.276     63.803    32.0332     2.2866          0          0  0.000e+00
  1025.8759     63.347     63.875    32.0333     2.2871          0          0  0.000e+00
  1025.8754     63.427     63.956    32.0322     2.2864          0          0  0.000e+00
  1025.8735     63.513     64.043    32.0290     2.2838          0          0  0.000e+00
  1025.8750     63.606     64.136    32.0299     2.2787          0          0  0.000e+00
  1025.8761     63.697     64.228    32.0302     2.2731          0          0  0.000e+00
  1025.8791     63.798     64.331    32.0327     2.2669          0          0  0.000e+00
  1025.8849     63.893     64.426    32.0387     2.2603          0          0  0.000e+00
  1025.8927     63.986     64.520    32.0474     2.2549          0          0  0.000e+00
  1025.8968     64.072     64.606    32.0519     2.2522          0          0  0.000e+00
  1025.8979     64.151     64.687    32.0527     2.2512          0          0  0.000e+00
  1025.8963     64.224     64.759    32.0501     2.2501          0          0  0.000e+00
  1025.8980     64.291     64.828    32.0516     2.2482          0          0  0.000e+00
  1025.8994     64.357     64.894    32.0528     2.2463          0          0  0.000e+00
  1025.9003     64.421     64.958    32.0534     2.2449          0          0  0.000e+00
  1025.9013     64.484     65.022    32.0542     2.2439          0          0  0.000e+00
  1025.9016     64.551     65.090    32.0541     2.2433          0          0  0.000e+00
  1025.9023     64.625     65.165    32.0545     2.2427          0          0  0.000e+00
  1025.9027     64.699     65.238    32.0545     2.2421          0          0  0.000e+00
  1025.9021     64.775     65.315    32.0533     2.2411          0          0  0.000e+00
  1025.9053     64.854     65.396    32.0564     2.2384          0          0  0.000e+00
  1025.9072     64.930     65.471    32.0582     2.2358          0          0  0.000e+00
  1025.9085     65.009     65.552    32.0591     2.2332          0          0  0.000e+00
  1025.9101     65.089     65.632    32.0603     2.2301          0          0  0.000e+00
  1025.9087     65.165     65.709    32.0577     2.2266          0          0  0.000e+00
  1025.9101     65.253     65.798    32.0583     2.2199          0          0  0.000e+00
  1025.9155     65.339     65.884    32.0637     2.2106          0          0  0.000e+00
  1025.9242     65.441     65.987    32.0731     2.2007          0          0  0.000e+00
  1025.9331     65.540     66.087    32.0827     2.1925          0          0  0.000e+00
  1025.9389     65.653     66.201    32.0887     2.1858          0          0  0.000e+00
  1025.9413     65.765     66.314    32.0902     2.1771          0          0  0.000e+00
  1025.9438     65.886     66.436    32.0915     2.1649          0          0  0.000e+00
  1025.9435     66.004     66.555    32.0890     2.1501          0          0  0.000e+00
  1025.9514     66.122     66.674    32.0966     2.1328          0          0  0.000e+00
  1025.9605     66.234     66.787    32.1058     2.1161          0          0  0.000e+00
  1025.9710     66.335     66.889    32.1169     2.1025          0          0  0.000e+00
  1025.9862     66.429     66.983    32.1344     2.0921          0          0  0.000e+00
  1026.0019     66.502     67.057    32.1531     2.0868          0          0  0.000e+00
  1026.0147     66.560     67.116    32.1689     2.0879          0          0  0.000e+00
  1026.0123     66.599     67.155    32.1662     2.0937          0          0  0.000e+00
  1026.0107     66.623     67.179    32.1646     2.0990          0          0  0.000e+00
  1026.0094     66.638     67.194    32.1632     2.1031          0          0  0.000e+00
  1026.0030     66.648     67.205    32.1555     2.1065          0          0  0.000e+00
  1025.9985     66.664     67.221    32.1499     2.1080          0          0  0.000e+00
  1025.9956     66.692     67.248    32.1461     2.1079          0          0  0.000e+00
  1025.9960     66.734     67.291    32.1462     2.1067          0          0  0.000e+00
  1025.9952     66.800     67.357    32.1448     2.1056          0          0  0.000e+00
  1025.9984     66.880     67.439    32.1481     2.1048          0          0  0.000e+00
  1026.0164     66.977     67.536    32.1703     2.1066          0          0  0.000e+00
  1026.0192     67.098     67.658    32.1734     2.1105          0          0  0.000e+00
  1026.0199     67.224     67.785    32.1739     2.1142          0          0  0.000e+00
  1026.0159     67.365     67.927    32.1683     2.1168          0          0  0.000e+00
  1026.0141     67.502     68.065    32.1653     2.1170          0          0  0.000e+00
  1026.0157     67.635     68.200    32.1663     2.1155          0          0  0.000e+00
  1026.0180     67.756     68.322    32.1683     2.1141          0          0  0.000e+00
  1026.0197     67.865     68.432    32.1697     2.1133          0          0  0.000e+00
  1026.0215     67.952     68.520    32.1715     2.1129          0          0  0.000e+00
  1026.0225     68.031     68.599    32.1722     2.1130          0          0  0.000e+00
  1026.0232     68.103     68.672    32.1728     2.1134          0          0  0.000e+00
  1026.0238     68.169     68.738    32.1731     2.1138          0          0  0.000e+00
  1026.0241     68.238     68.808    32.1731     2.1143          0          0  0.000e+00
  1026.0244     68.311     68.881    32.1731     2.1146          0          0  0.000e+00
  1026.0249     68.391     68.962    32.1733     2.1149          0          0  0.000e+00
  1026.0246     68.479     69.051    32.1724     2.1152          0          0  0.000e+00
  1026.0257     68.570     69.143    32.1733     2.1152          0          0  0.000e+00
  1026.0262     68.663     69.236    32.1734     2.1153          0          0  0.000e+00
  1026.0284     68.759     69.333    32.1755     2.1154          0          0  0.000e+00
  1026.0302     68.841     69.416    32.1773     2.1160          0          0  0.000e+00
  1026.0300     68.921     69.497    32.1767     2.1171          0          0  0.000e+00
  1026.0301     68.987     69.563    32.1765     2.1178          0          0  0.000e+00
  1026.0312     69.046     69.623    32.1776     2.1184          0          0  0.000e+00
  1026.0311     69.101     69.679    32.1773     2.1193          0          0  0.000e+00
  1026.0315     69.159     69.737    32.1775     2.1199          0          0  0.000e+00
  1026.0324     69.217     69.795    32.1783     2.1207          0          0  0.000e+00
  1026.0329     69.272     69.851    32.1787     2.1216          0          0  0.000e+00
  1026.0334     69.336     69.915    32.1790     2.1226          0          0  0.000e+00
  1026.0343     69.406     69.986    32.1798     2.1233          0          0  0.000e+00
  1026.0352     69.480     70.060    32.1805     2.1241          0          0  0.000e+00
  1026.0359     69.559     70.141    32.1810     2.1250          0          0  0.000e+00
  1026.0353     69.642     70.224    32.1798     2.1257          0          0  0.000e+00
  1026.0367     69.731     70.314    32.1810     2.1259          0          0  0.000e+00
  1026.0407     69.818     70.402    32.1856     2.1264          0          0  0.000e+00
  1026.0434     69.906     70.490    32.1886     2.1278          0          0  0.000e+00
  1026.0463     69.998     70.583    32.1919     2.1298          0          0  0.000e+00
  1026.0484     70.092     70.677    32.1942     2.1324          0          0  0.000e+00
  1026.0501     70.191     70.778    32.1960     2.1352          0          0  0.000e+00
  1026.0508     70.285     70.872    32.1966     2.1382          0          0  0.000e+00
  1026.0521     70.377     70.965    32.1979     2.1408          0          0  0.000e+00
  1026.0519     70.472     71.061    32.1973     2.1434          0          0  0.000e+00
  1026.0524     70.561     71.151    32.1977     2.1454          0          0  0.000e+00
  1026.0580     70.648     71.239    32.2042     2.1474          0          0  0.000e+00
  1026.0623     70.732     71.323    32.2095     2.1506          0          0  0.000e+00
  1026.0633     70.804     71.396    32.2107     2.1550          0          0  0.000e+00
  1026.0638     70.870     71.462    32.2114     2.1592          0          0  0.000e+00
  1026.0632     70.931     71.524    32.2106     2.1628          0          0  0.000e+00
  1026.0671     70.998     71.592    32.2153     2.1657          0          0  0.000e+00
  1026.0667     71.063     71.657    32.2147     2.1690          0          0  0.000e+00
  1026.0707     71.134     71.729    32.2196     2.1722          0          0  0.000e+00
  1026.0711     71.216     71.811    32.2200     2.1759          0          0  0.000e+00
  1026.0705     71.302     71.899    32.2191     2.1793          0          0  0.000e+00
  1026.0730     71.395     71.992    32.2219     2.1819          0          0  0.000e+00
  1026.0806     71.498     72.095    32.2311     2.1845          0          0  0.000e+00
  1026.0896     71.592     72.190    32.2422     2.1891          0          0  0.000e+00
  1026.0919     71.682     72.281    32.2451     2.1960          0          0  0.000e+00
  1026.0915     71.764     72.364    32.2449     2.2033          0          0  0.000e+00
  1026.0884     71.839     72.440    32.2411     2.2093          0          0  0.000e+00
  1026.0963     71.899     72.501    32.2511     2.2138          0          0  0.000e+00
  1026.1041     71.962     72.564    32.2610     2.2196          0          0  0.000e+00
  1026.1024     72.024     72.627    32.2593     2.2270          0          0  0.000e+00
  1026.1029     72.083     72.685    32.2601     2.2336          0          0  0.000e+00
  1026.1024     72.154     72.757    32.2596     2.2391          0          0  0.000e+00
  1026.1109     72.226     72.830    32.2703     2.2437          0          0  0.000e+00
  1026.1162     72.310     72.914    32.2770     2.2498          0          0  0.000e+00
  1026.1147     72.397     73.002    32.2754     2.2569          0          0  0.000e+00
  1026.1149     72.494     73.100    32.2756     2.2628          0          0  0.000e+00
  1026.1231     72.595     73.202    32.2857     2.2675          0          0  0.000e+00
  1026.1349     72.697     73.305    32.3005     2.2738          0          0  0.000e+00
  1026.1381     72.805     73.414    32.3046     2.2825          0          0  0.000e+00
  1026.1341     72.911     73.521    32.2999     2.2914          0          0  0.000e+00
  1026.1341     73.020     73.631    32.2999     2.2980          0          0  0.000e+00
  1026.1708     73.129     73.741    32.3458     2.3043          0          0  0.000e+00
  1026.1678     73.243     73.855    32.3427     2.3184          0          0  0.000e+00
  1026.1618     73.357     73.971    32.3359     2.3321          0          0  0.000e+00
  1026.1698     73.479     74.094    32.3461     2.3415          0          0  0.000e+00
  1026.1755     73.595     74.210    32.3535     2.3514          0          0  0.000e+00
  1026.1619     73.711     74.328    32.3369     2.3616          0          0  0.000e+00
  1026.1726     73.820     74.438    32.3501     2.3671          0          0  0.000e+00
  1026.1602     73.919     74.537    32.3346     2.3723          0          0  0.000e+00
  1026.1658     74.002     74.621    32.3413     2.3746          0          0  0.000e+00
  1026.1832     74.073     74.693    32.3629     2.3773          0          0  0.000e+00
  1026.1882     74.125     74.745    32.3696     2.3847          0          0  0.000e+00
  1026.1844     74.169     74.790    32.3654     2.3938          0          0  0.000e+00
  1026.1790     74.196     74.817    32.3592     2.4004          0          0  0.000e+00
  1026.1736     74.213     74.834    32.3527     2.4042          0          0  0.000e+00
