data/eDNA/PER-2022-473/473A023.cnv
* Sea-Bird SBE19plus  Data File:
* FileName = C:\Users\RSG_field\Ryan_Perley2022473\CTD\473A023.hex
* Software version 2.3.0 SB_Terminal.dll
* Temperature SN = 7141
* Conductivity SN = 7141
* System UpLoad Time = Aug 14 2022 16:56:22
* <ApplicationData>
* <SeatermAF>
** Platform: M. Perley
** Cruise: Per2022473
** Station:  SAB_Trans_06
** Cast: 01
** Latitude: N  46 12.3838
** Longitude: W 59 3.85
** Sounding: 137
** Chief Scientist: Ryan Stanley
** Comment: CastID 473A023 SampleID 493890-493895
** Note that in the first cast bottles 1-3 were not attached the right trigger, and thus didn't fire at depth. The bad cast (41 on the CTD) will be named 473B023 and the cast associted with this AFM (Cast 41) will be 473A023. There was no afm file downloaded for the first mis-cast (Cast 41 and CastID 473B023)
# nquan = 8
# nvalues = 4363                                  
# units = specified
# name 0 = density00: Density [density, kg/m^3]
# name 1 = depSM: Depth [salt water, m], lat = 45.00
# name 2 = prdM: Pressure, Strain Gauge [db]
# name 3 = sal00: Salinity, Practical [PSU]
# name 4 = tv290C: Temperature [ITS-90, deg C]
# name 5 = bpos: Bottle Position in Carousel
# name 6 = nbf: Bottles Fired
# name 7 = flag:  0.000e+00
# span 0 =   998.5957,  1027.3836                 
# span 1 =     -0.126,    130.461                 
# span 2 =     -0.127,    131.570                 
# span 3 =     0.2013,    34.0125                 
# span 4 =     1.6171,    20.6066                 
# span 5 =          0,          6                 
# span 6 =          0,          2                 
# span 7 = 0.0000e+00, 0.0000e+00                 
# interval = seconds: 0.25
# start_time = Aug 14 2022 16:31:21 [Instrument's time stamp, header]
# bad_flag = -9.990e-29
*END*
[from data line 899]
  1025.6343     46.119     46.502    31.8423     2.3775          0          0  0.000e+00
  1025.6423     46.210     46.593    31.8505     2.3641          0          0  0.000e+00
  1025.6476     46.277     46.661    31.8558     2.3553          0          0  0.000e+00
  1025.6508     46.323     46.707    31.8590     2.3493          0          0  0.000e+00
  1025.6544     46.360     46.745    31.8629     2.3453          0          0  0.000e+00
  1025.6562     46.393     46.778    31.8648     2.3433          0          0  0.000e+00
  1025.6581     46.423     46.808    31.8670     2.3430          0          0  0.000e+00
  1025.6565     46.459     46.844    31.8649     2.3439          0          0  0.000e+00
  1025.6560     46.497     46.883    31.8641     2.3449          0          0  0.000e+00
  1025.6502     46.549     46.935    31.8565     2.3451          0          0  0.000e+00
  1025.6483     46.605     46.992    31.8536     2.3426          0          0  0.000e+00
  1025.6510     46.673     47.060    31.8561     2.3382          0          0  0.000e+00
  1025.6554     46.741     47.128    31.8609     2.3348          0          0  0.000e+00
  1025.6493     46.817     47.205    31.8526     2.3323          0          0  0.000e+00
  1025.6282     46.893     47.282    31.8250     2.3244          0          0  0.000e+00
  1025.6336     46.977     47.367    31.8291     2.3017          0          0  0.000e+00
  1025.6481     47.061     47.451    31.8443     2.2758          0          0  0.000e+00
  1025.6605     47.154     47.545    31.8572     2.2547          0          0  0.000e+00
  1025.6708     47.251     47.643    31.8680     2.2387          0          0  0.000e+00
  1025.6800     47.355     47.749    31.8778     2.2273          0          0  0.000e+00
  1025.6860     47.469     47.863    31.8839     2.2201          0          0  0.000e+00
  1025.6899     47.590     47.985    31.8877     2.2161          0          0  0.000e+00
  1025.6927     47.717     48.113    31.8903     2.2139          0          0  0.000e+00
  1025.6948     47.843     48.240    31.8920     2.2121          0          0  0.000e+00
  1025.6954     47.965     48.363    31.8919     2.2106          0          0  0.000e+00
  1025.6889     48.078     48.478    31.8828     2.2076          0          0  0.000e+00
  1025.6893     48.173     48.573    31.8820     2.2005          0          0  0.000e+00
  1025.6948     48.243     48.643    31.8876     2.1917          0          0  0.000e+00
  1025.6983     48.289     48.690    31.8911     2.1847          0          0  0.000e+00
  1025.7036     48.312     48.713    31.8971     2.1795          0          0  0.000e+00
  1025.7186     48.313     48.714    31.9158     2.1777          0          0  0.000e+00
  1025.7207     48.302     48.703    31.9191     2.1840          0          0  0.000e+00
  1025.7171     48.283     48.684    31.9156     2.1940          0          0  0.000e+00
  1025.7103     48.269     48.670    31.9080     2.2034          0          0  0.000e+00
  1025.7019     48.266     48.667    31.8981     2.2096          0          0  0.000e+00
  1025.6966     48.283     48.684    31.8915     2.2115          0          0  0.000e+00
  1025.6914     48.318     48.719    31.8847     2.2101          0          0  0.000e+00
  1025.6867     48.378     48.780    31.8780     2.2050          0          0  0.000e+00
  1025.6955     48.459     48.861    31.8878     2.1973          0          0  0.000e+00
  1025.6906     48.558     48.961    31.8806     2.1924          0          0  0.000e+00
  1025.6847     48.674     49.078    31.8719     2.1856          0          0  0.000e+00
  1025.6821     48.811     49.216    31.8668     2.1744          0          0  0.000e+00
  1025.6720     48.957     49.364    31.8518     2.1591          0          0  0.000e+00
  1025.6895     49.118     49.526    31.8708     2.1367          0          0  0.000e+00
  1025.7100     49.282     49.691    31.8936     2.1173          0          0  0.000e+00
  1025.7213     49.444     49.855    31.9057     2.1063          0          0  0.000e+00
  1025.7274     49.605     50.017    31.9117     2.0998          0          0  0.000e+00
  1025.7348     49.750     50.163    31.9197     2.0947          0          0  0.000e+00
  1025.7418     49.871     50.285    31.9274     2.0915          0          0  0.000e+00
  1025.7442     49.967     50.382    31.9298     2.0902          0          0  0.000e+00
  1025.7462     50.034     50.450    31.9317     2.0892          0          0  0.000e+00
  1025.7473     50.079     50.495    31.9327     2.0882          0          0  0.000e+00
  1025.7528     50.098     50.514    31.9395     2.0876          0          0  0.000e+00
  1025.7535     50.104     50.521    31.9405     2.0894          0          0  0.000e+00
  1025.7504     50.097     50.513    31.9370     2.0936          0          0  0.000e+00
  1025.7503     50.081     50.497    31.9373     2.0977          0          0  0.000e+00
  1025.7479     50.067     50.483    31.9348     2.1024          0          0  0.000e+00
  1025.7460     50.052     50.468    31.9330     2.1070          0          0  0.000e+00
  1025.7401     50.050     50.466    31.9260     2.1112          0          0  0.000e+00
  1025.7348     50.058     50.474    31.9195     2.1122          0          0  0.000e+00
  1025.7375     50.087     50.503    31.9225     2.1101          0          0  0.000e+00
  1025.7418     50.132     50.548    31.9275     2.1095          0          0  0.000e+00
  1025.7309     50.201     50.618    31.9137     2.1107          0          0  0.000e+00
  1025.7325     50.292     50.710    31.9147     2.1058          0          0  0.000e+00
  1025.7330     50.403     50.822    31.9140     2.1005          0          0  0.000e+00
  1025.7291     50.528     50.948    31.9078     2.0938          0          0  0.000e+00
  1025.7270     50.669     51.090    31.9033     2.0812          0          0  0.000e+00
  1025.7189     50.824     51.246    31.8905     2.0626          0          0  0.000e+00
  1025.7366     50.982     51.406    31.9092     2.0357          0          0  0.000e+00
  1025.7468     51.141     51.566    31.9190     2.0137          0          0  0.000e+00
  1025.7392     51.296     51.722    31.9069     1.9948          0          0  0.000e+00
  1025.7559     51.442     51.870    31.9245     1.9697          0          0  0.000e+00
  1025.7728     51.577     52.006    31.9431     1.9494          0          0  0.000e+00
  1025.7978     51.693     52.123    31.9725     1.9369          0          0  0.000e+00
  1025.8159     51.797     52.228    31.9940     1.9313          0          0  0.000e+00
  1025.8191     51.885     52.317    31.9974     1.9309          0          0  0.000e+00
  1025.8185     51.961     52.393    31.9963     1.9319          0          0  0.000e+00
  1025.8187     52.023     52.456    31.9963     1.9327          0          0  0.000e+00
  1025.8188     52.075     52.508    31.9961     1.9330          0          0  0.000e+00
  1025.8186     52.127     52.560    31.9956     1.9334          0          0  0.000e+00
  1025.8177     52.174     52.607    31.9942     1.9336          0          0  0.000e+00
  1025.8182     52.220     52.654    31.9945     1.9337          0          0  0.000e+00
  1025.8180     52.264     52.698    31.9940     1.9338          0          0  0.000e+00
  1025.8186     52.302     52.737    31.9947     1.9340          0          0  0.000e+00
  1025.8203     52.333     52.768    31.9965     1.9345          0          0  0.000e+00
  1025.8214     52.349     52.784    31.9980     1.9360          0          0  0.000e+00
  1025.8236     52.350     52.785    32.0008     1.9374          0          0  0.000e+00
  1025.8270     52.339     52.774    32.0054     1.9400          0          0  0.000e+00
  1025.8256     52.319     52.754    32.0044     1.9461          0          0  0.000e+00
  1025.8190     52.299     52.734    31.9968     1.9532          0          0  0.000e+00
  1025.8151     52.283     52.717    31.9926     1.9591          0          0  0.000e+00
  1025.8124     52.285     52.720    31.9895     1.9614          0          0  0.000e+00
  1025.8069     52.316     52.751    31.9825     1.9624          0          0  0.000e+00
  1025.8023     52.373     52.808    31.9763     1.9611          0          0  0.000e+00
  1025.8052     52.471     52.907    31.9790     1.9572          0          0  0.000e+00
  1025.8041     52.603     53.040    31.9763     1.9528          0          0  0.000e+00
  1025.8055     52.769     53.208    31.9766     1.9469          0          0  0.000e+00
  1025.8117     52.963     53.404    31.9824     1.9384          0          0  0.000e+00
  1025.8146     53.190     53.633    31.9840     1.9299          0          0  0.000e+00
  1025.8095     53.431     53.875    31.9753     1.9202          0          0  0.000e+00
  1025.8167     53.687     54.133    31.9813     1.9045          0          0  0.000e+00
  1025.8291     53.943     54.392    31.9937     1.8872          0          0  0.000e+00
  1025.8370     54.191     54.642    32.0010     1.8742          0          0  0.000e+00
  1025.8392     54.419     54.872    32.0014     1.8633          0          0  0.000e+00
  1025.8414     54.616     55.071    32.0019     1.8509          0          0  0.000e+00
  1025.8482     54.767     55.222    32.0083     1.8375          0          0  0.000e+00
  1025.8560     54.861     55.318    32.0164     1.8254          0          0  0.000e+00
  1025.8638     54.906     55.362    32.0250     1.8160          0          0  0.000e+00
  1025.8763     54.898     55.355    32.0402     1.8104          0          0  0.000e+00
  1025.8865     54.844     55.300    32.0534     1.8116          0          0  0.000e+00
  1025.8848     54.745     55.200    32.0526     1.8207          0          0  0.000e+00
  1025.8760     54.611     55.065    32.0433     1.8306          0          0  0.000e+00
  1025.8752     54.452     54.905    32.0439     1.8375          0          0  0.000e+00
  1025.8729     54.281     54.733    32.0428     1.8456          0          0  0.000e+00
  1025.8659     54.108     54.558    32.0359     1.8551          0          0  0.000e+00
  1025.8607     53.947     54.396    32.0310     1.8627          0          0  0.000e+00
  1025.8550     53.807     54.255    32.0253     1.8690          0          0  0.000e+00
  1025.8516     53.702     54.149    32.0221     1.8733          0          0  0.000e+00
  1025.8503     53.643     54.089    32.0210     1.8769          0          0  0.000e+00
  1025.8488     53.633     54.079    32.0197     1.8807          0          0  0.000e+00
  1025.8457     53.669     54.116    32.0159     1.8854          0          0  0.000e+00
  1025.8429     53.752     54.199    32.0123     1.8898          0          0  0.000e+00
  1025.8405     53.887     54.335    32.0088     1.8933          0          0  0.000e+00
  1025.8389     54.058     54.507    32.0060     1.8951          0          0  0.000e+00
  1025.8346     54.264     54.716    31.9994     1.8951          0          0  0.000e+00
  1025.8278     54.506     54.959    31.9892     1.8919          0          0  0.000e+00
  1025.8219     54.760     55.216    31.9794     1.8807          0          0  0.000e+00
  1025.8431     55.035     55.493    32.0026     1.8624          0          0  0.000e+00
  1025.8503     55.324     55.785    32.0087     1.8501          0          0  0.000e+00
  1025.8556     55.610     56.072    32.0129     1.8424          0          0  0.000e+00
  1025.8664     55.886     56.351    32.0241     1.8348          0          0  0.000e+00
  1025.8850     56.139     56.606    32.0449     1.8246          0          0  0.000e+00
  1025.8946     56.366     56.835    32.0551     1.8197          0          0  0.000e+00
  1025.8972     56.548     57.019    32.0571     1.8176          0          0  0.000e+00
  1025.8932     56.681     57.153    32.0511     1.8151          0          0  0.000e+00
  1025.8930     56.768     57.241    32.0498     1.8095          0          0  0.000e+00
  1025.9001     56.808     57.280    32.0579     1.8025          0          0  0.000e+00
  1025.9122     56.798     57.271    32.0728     1.7990          0          0  0.000e+00
  1025.9167     56.755     57.227    32.0788     1.8019          0          0  0.000e+00
  1025.9134     56.664     57.136    32.0760     1.8092          0          0  0.000e+00
  1025.9068     56.547     57.017    32.0691     1.8169          0          0  0.000e+00
  1025.8986     56.410     56.879    32.0601     1.8220          0          0  0.000e+00
  1025.8932     56.265     56.733    32.0546     1.8263          0          0  0.000e+00
  1025.8907     56.126     56.593    32.0527     1.8311          0          0  0.000e+00
  1025.8856     55.997     56.463    32.0475     1.8355          0          0  0.000e+00
  1025.8821     55.891     56.356    32.0441     1.8390          0          0  0.000e+00
  1025.8761     55.812     56.276    32.0373     1.8419          0          0  0.000e+00
  1025.8694     55.770     56.234    32.0292     1.8431          0          0  0.000e+00
  1025.8653     55.763     56.227    32.0241     1.8423          0          0  0.000e+00
  1025.8638     55.794     56.258    32.0218     1.8400          0          0  0.000e+00
  1025.8649     55.864     56.329    32.0225     1.8367          0          0  0.000e+00
  1025.8668     55.970     56.436    32.0239     1.8334          0          0  0.000e+00
  1025.8713     56.113     56.580    32.0284     1.8295          0          0  0.000e+00
  1025.8817     56.293     56.762    32.0401     1.8268          0          0  0.000e+00
  1025.8888     56.501     56.971    32.0474     1.8244          0          0  0.000e+00
  1025.8912     56.735     57.208    32.0487     1.8201          0          0  0.000e+00
  1025.8900     56.990     57.464    32.0452     1.8143          0          0  0.000e+00
  1025.8969     57.255     57.732    32.0517     1.8088          0          0  0.000e+00
  1025.8920     57.527     58.006    32.0438     1.8065          0          0  0.000e+00
  1025.9037     57.794     58.275    32.0561     1.7984          0          0  0.000e+00
  1025.9417     58.047     58.530    32.1009     1.7859          0          0  0.000e+00
  1025.9763     58.282     58.768    32.1425     1.7830          0          0  0.000e+00
  1025.9808     58.478     58.965    32.1480     1.7945          0          0  0.000e+00
  1025.9716     58.631     59.119    32.1369     1.8090          0          0  0.000e+00
  1025.9666     58.739     59.228    32.1309     1.8192          0          0  0.000e+00
  1025.9631     58.808     59.298    32.1267     1.8257          0          0  0.000e+00
  1025.9608     58.849     59.340    32.1240     1.8299          0          0  0.000e+00
  1025.9591     58.865     59.356    32.1219     1.8328          0          0  0.000e+00
  1025.9574     58.865     59.356    32.1201     1.8352          0          0  0.000e+00
  1025.9542     58.849     59.340    32.1163     1.8367          0          0  0.000e+00
  1025.9520     58.820     59.310    32.1137     1.8371          0          0  0.000e+00
  1025.9520     58.778     59.268    32.1140     1.8367          0          0  0.000e+00
  1025.9507     58.722     59.211    32.1126     1.8364          0          0  0.000e+00
  1025.9409     58.656     59.145    32.1007     1.8358          0          0  0.000e+00
  1025.9300     58.587     59.074    32.0874     1.8341          0          0  0.000e+00
  1025.9420     58.515     59.003    32.1026     1.8318          0          0  0.000e+00
  1025.9367     58.455     58.942    32.0965     1.8335          0          0  0.000e+00
  1025.9332     58.411     58.897    32.0926     1.8352          0          0  0.000e+00
  1025.9214     58.396     58.882    32.0779     1.8362          0          0  0.000e+00
