data/eDNA/PER-2022-473/473A003.cnv
* Sea-Bird SBE19plus  Data File:
* FileName = C:\Users\RSG_field\Ryan_Perley2022473\CTD\473A003.hex
* Software version 2.3.0 SB_Terminal.dll
* Temperature SN = 7141
* Conductivity SN = 7141
* System UpLoad Time = Aug 08 2022 13:28:01
* <ApplicationData>
* <SeatermAF>
** Platform: M. Perley
** Cruise: Per2022473
** Station:  ESI-02
** Cast: 01
** Latitude: N  44 48.1630
** Longitude: W -62 08.6192
** Sounding: 69.2
** Chief Scientist: Ryan Stanley
** Comment: cast 22
# nquan = 8
# nvalues = 3009                                  
# units = specified
# name 0 = density00: Density [density, kg/m^3]
# name 1 = depSM: Depth [salt water, m], lat = 45.00
# name 2 = prdM: Pressure, Strain Gauge [db]
# name 3 = sal00: Salinity, Practical [PSU]
# name 4 = tv290C: Temperature [ITS-90, deg C]
# name 5 = bpos: Bottle Position in Carousel
# name 6 = nbf: Bottles Fired
# name 7 = flag:  0.000e+00
# span 0 =   999.1782,  1025.3495                 
# span 1 =     -0.094,     51.263                 
# span 2 =     -0.094,     51.689                 
# span 3 =     0.0147,    31.6098                 
# span 4 =     3.7690,    14.5559                 
# span 5 =          0,          6                 
# span 6 =          0,          2                 
# span 7 = 0.0000e+00, 0.0000e+00                 
# interval = seconds: 0.25
# start_time = Aug 08 2022 11:46:04 [Instrument's time stamp, header]
# bad_flag = -9.990e-29
*END*
[from data line 2697]
   999.8401     -0.068     -0.069     0.1455     9.7253          6          2  0.000e+00
   999.8392     -0.066     -0.067     0.1444     9.7250          6          2  0.000e+00
   999.8383     -0.067     -0.068     0.1431     9.7247          6          2  0.000e+00
   999.8373     -0.068     -0.069     0.1418     9.7246          6          2  0.000e+00
   999.8363     -0.068     -0.069     0.1406     9.7242          6          2  0.000e+00
   999.8354     -0.066     -0.067     0.1394     9.7238          6          2  0.000e+00
   999.8345     -0.066     -0.067     0.1382     9.7237          6          2  0.000e+00
   999.8338     -0.067     -0.068     0.1373     9.7234          6          2  0.000e+00
   999.8332     -0.065     -0.066     0.1365     9.7232          6          2  0.000e+00
   999.8328     -0.065     -0.066     0.1359     9.7228          6          2  0.000e+00
   999.8324     -0.066     -0.067     0.1355     9.7226          6          2  0.000e+00
   999.8322     -0.066     -0.067     0.1352     9.7224          6          2  0.000e+00
   999.8322     -0.066     -0.067     0.1351     9.7222          6          2  0.000e+00
   999.8436     -0.066     -0.067     0.1496     9.7219          6          2  0.000e+00
   999.9451     -0.068     -0.069     0.2783     9.7216          6          2  0.000e+00
  1000.1768     -0.065     -0.066     0.5728     9.7215          6          2  0.000e+00
  1000.2669     -0.067     -0.068     0.6874     9.7213          6          2  0.000e+00
  1000.3191     -0.065     -0.066     0.7538     9.7211          6          2  0.000e+00
  1000.4636     -0.067     -0.068     0.9378     9.7209          6          2  0.000e+00
  1000.5078     -0.067     -0.068     0.9940     9.7208          6          2  0.000e+00
  1000.4616     -0.066     -0.067     0.9352     9.7204          6          2  0.000e+00
  1000.4032     -0.067     -0.068     0.8607     9.7202          6          2  0.000e+00
  1000.3468     -0.067     -0.068     0.7889     9.7202          6          2  0.000e+00
  1000.2928     -0.068     -0.069     0.7203     9.7204          6          2  0.000e+00
  1000.2418     -0.067     -0.068     0.6555     9.7226          6          2  0.000e+00
  1000.1968     -0.067     -0.068     0.5988     9.7271          6          2  0.000e+00
  1000.1598     -0.067     -0.068     0.5525     9.7334          6          2  0.000e+00
  1000.1289     -0.068     -0.069     0.5139     9.7405          6          2  0.000e+00
  1000.1021     -0.069     -0.070     0.4806     9.7477          6          2  0.000e+00
  1000.0784     -0.069     -0.070     0.4513     9.7548          6          2  0.000e+00
  1000.0587     -0.067     -0.068     0.4270     9.7609          6          2  0.000e+00
  1000.0427     -0.067     -0.068     0.4072     9.7663          6          2  0.000e+00
  1000.0298     -0.067     -0.068     0.3913     9.7709          6          2  0.000e+00
  1000.0209     -0.068     -0.069     0.3804     9.7747          6          2  0.000e+00
  1000.0159     -0.068     -0.069     0.3744     9.7775          6          2  0.000e+00
  1000.0195     -0.067     -0.068     0.3792     9.7801          6          2  0.000e+00
  1000.0290     -0.068     -0.069     0.3915     9.7820          6          2  0.000e+00
  1000.0498     -0.067     -0.068     0.4181     9.7838          6          2  0.000e+00
  1000.1644     -0.066     -0.067     0.5640     9.7853          6          2  0.000e+00
  1000.3092     -0.067     -0.068     0.7485     9.7867          6          2  0.000e+00
  1000.3783     -0.064     -0.064     0.8366     9.7880          6          2  0.000e+00
  1000.4373     -0.065     -0.065     0.9119     9.7893          6          2  0.000e+00
  1000.4826     -0.065     -0.065     0.9697     9.7905          6          2  0.000e+00
  1000.4661     -0.066     -0.067     0.9489     9.7917          6          2  0.000e+00
  1000.4226     -0.065     -0.065     0.8935     9.7928          6          2  0.000e+00
  1000.3754     -0.065     -0.065     0.8335     9.7940          6          2  0.000e+00
  1000.3287     -0.067     -0.068     0.7742     9.7949          6          2  0.000e+00
  1000.2844     -0.067     -0.068     0.7180     9.7972          6          2  0.000e+00
  1000.2431     -0.066     -0.067     0.6658     9.8011          6          2  0.000e+00
  1000.2050     -0.067     -0.068     0.6179     9.8064          6          2  0.000e+00
  1000.1701     -0.066     -0.067     0.5743     9.8129          6          2  0.000e+00
  1000.1392     -0.068     -0.069     0.5358     9.8200          6          2  0.000e+00
  1000.1140     -0.068     -0.069     0.5045     9.8272          6          2  0.000e+00
  1000.0947     -0.069     -0.070     0.4808     9.8340          6          2  0.000e+00
  1000.0804     -0.067     -0.068     0.4633     9.8404          6          2  0.000e+00
  1000.0692     -0.067     -0.068     0.4496     9.8464          6          2  0.000e+00
  1000.0623     -0.068     -0.069     0.4415     9.8517          6          2  0.000e+00
  1000.0607     -0.068     -0.069     0.4400     9.8564          6          2  0.000e+00
  1000.0616     -0.068     -0.069     0.4416     9.8607          6          2  0.000e+00
  1000.0597     -0.067     -0.068     0.4396     9.8645          6          2  0.000e+00
  1000.0561     -0.067     -0.068     0.4354     9.8679          6          2  0.000e+00
  1000.0516     -0.067     -0.068     0.4300     9.8709          6          2  0.000e+00
  1000.0460     -0.066     -0.067     0.4232     9.8736          6          2  0.000e+00
  1000.0398     -0.067     -0.068     0.4156     9.8762          6          2  0.000e+00
  1000.0335     -0.069     -0.070     0.4079     9.8787          6          2  0.000e+00
  1000.0272     -0.067     -0.068     0.4001     9.8808          6          2  0.000e+00
  1000.0203     -0.067     -0.068     0.3916     9.8829          6          2  0.000e+00
  1000.0124     -0.066     -0.067     0.3817     9.8848          6          2  0.000e+00
  1000.0039     -0.067     -0.068     0.3712     9.8865          6          2  0.000e+00
   999.9954     -0.069     -0.070     0.3606     9.8882          6          2  0.000e+00
   999.9861     -0.066     -0.067     0.3489     9.8894          6          2  0.000e+00
   999.9779     -0.066     -0.067     0.3385     9.8906          6          2  0.000e+00
   999.9716     -0.067     -0.068     0.3306     9.8918          6          2  0.000e+00
   999.9658     -0.067     -0.068     0.3235     9.8928          6          2  0.000e+00
   999.9592     -0.067     -0.068     0.3151     9.8937          6          2  0.000e+00
   999.9518     -0.067     -0.068     0.3058     9.8944          6          2  0.000e+00
   999.9446     -0.067     -0.068     0.2967     9.8952          6          2  0.000e+00
   999.9375     -0.066     -0.066     0.2878     9.8958          6          2  0.000e+00
   999.9304     -0.068     -0.069     0.2789     9.8967          6          2  0.000e+00
   999.9240     -0.066     -0.066     0.2708     9.8973          6          2  0.000e+00
   999.9180     -0.068     -0.069     0.2632     9.8977          6          2  0.000e+00
   999.9121     -0.069     -0.070     0.2558     9.8980          6          2  0.000e+00
   999.9069     -0.069     -0.070     0.2492     9.8983          6          2  0.000e+00
   999.9026     -0.068     -0.069     0.2438     9.8984          6          2  0.000e+00
   999.8989     -0.069     -0.070     0.2390     9.8986          6          2  0.000e+00
   999.8958     -0.069     -0.070     0.2352     9.8987          6          2  0.000e+00
   999.8933     -0.069     -0.070     0.2319     9.8987          6          2  0.000e+00
   999.8911     -0.070     -0.071     0.2292     9.8990          6          2  0.000e+00
   999.8895     -0.070     -0.071     0.2272     9.8995          6          2  0.000e+00
   999.8884     -0.068     -0.069     0.2258     9.9001          6          2  0.000e+00
   999.8875     -0.067     -0.068     0.2249     9.9010          6          2  0.000e+00
   999.8872     -0.068     -0.069     0.2246     9.9019          6          2  0.000e+00
   999.8874     -0.067     -0.068     0.2249     9.9027          6          2  0.000e+00
   999.8881     -0.067     -0.068     0.2259     9.9038          6          2  0.000e+00
   999.9107     -0.066     -0.066     0.2547     9.9048          6          2  0.000e+00
   999.9877     -0.068     -0.069     0.3527     9.9055          6          2  0.000e+00
  1000.0833     -0.067     -0.068     0.4743     9.9062          6          2  0.000e+00
  1000.1350     -0.067     -0.067     0.5401     9.9067          6          2  0.000e+00
  1000.1450     -0.067     -0.067     0.5528     9.9069          6          2  0.000e+00
  1000.1662     -0.066     -0.066     0.5799     9.9070          6          2  0.000e+00
  1000.1995     -0.067     -0.067     0.6223     9.9069          6          2  0.000e+00
  1000.2161     -0.067     -0.067     0.6433     9.9066          6          2  0.000e+00
  1000.2041     -0.068     -0.069     0.6280     9.9062          6          2  0.000e+00
  1000.1753     -0.066     -0.066     0.5913     9.9055          6          2  0.000e+00
  1000.1448     -0.068     -0.069     0.5524     9.9052          6          2  0.000e+00
  1000.1173     -0.068     -0.069     0.5173     9.9045          6          2  0.000e+00
  1000.0949     -0.067     -0.067     0.4889     9.9042          6          2  0.000e+00
  1000.0791     -0.068     -0.069     0.4687     9.9038          6          2  0.000e+00
  1000.0695     -0.066     -0.066     0.4565     9.9040          6          2  0.000e+00
  1000.0661     -0.068     -0.069     0.4522     9.9045          6          2  0.000e+00
  1000.0637     -0.068     -0.069     0.4493     9.9054          6          2  0.000e+00
  1000.0638     -0.066     -0.066     0.4495     9.9066          6          2  0.000e+00
  1000.0623     -0.069     -0.070     0.4478     9.9077          6          2  0.000e+00
  1000.0584     -0.067     -0.067     0.4429     9.9088          6          2  0.000e+00
  1000.0517     -0.067     -0.067     0.4345     9.9096          6          2  0.000e+00
  1000.0421     -0.068     -0.069     0.4223     9.9101          6          2  0.000e+00
  1000.0314     -0.069     -0.070     0.4088     9.9105          6          2  0.000e+00
  1000.0212     -0.067     -0.067     0.3959     9.9107          6          2  0.000e+00
  1000.0113     -0.069     -0.070     0.3832     9.9107          6          2  0.000e+00
  1000.0009     -0.067     -0.067     0.3700     9.9109          6          2  0.000e+00
   999.9911     -0.068     -0.069     0.3576     9.9111          6          2  0.000e+00
   999.9824     -0.069     -0.070     0.3466     9.9116          6          2  0.000e+00
   999.9749     -0.067     -0.067     0.3371     9.9120          6          2  0.000e+00
   999.9677     -0.067     -0.067     0.3281     9.9126          6          2  0.000e+00
   999.9614     -0.067     -0.067     0.3201     9.9130          6          2  0.000e+00
   999.9559     -0.067     -0.067     0.3131     9.9134          6          2  0.000e+00
   999.9506     -0.068     -0.069     0.3064     9.9138          6          2  0.000e+00
   999.9451     -0.067     -0.067     0.2995     9.9139          6          2  0.000e+00
   999.9398     -0.067     -0.067     0.2928     9.9139          6          2  0.000e+00
   999.9343     -0.068     -0.069     0.2858     9.9139          6          2  0.000e+00
   999.9279     -0.069     -0.070     0.2776     9.9139          6          2  0.000e+00
   999.9217     -0.068     -0.069     0.2697     9.9139          6          2  0.000e+00
   999.9161     -0.068     -0.069     0.2625     9.9138          6          2  0.000e+00
   999.9110     -0.068     -0.068     0.2561     9.9137          6          2  0.000e+00
   999.9067     -0.068     -0.068     0.2507     9.9137          6          2  0.000e+00
   999.9029     -0.068     -0.068     0.2458     9.9137          6          2  0.000e+00
   999.8992     -0.069     -0.070     0.2411     9.9137          6          2  0.000e+00
   999.8958     -0.069     -0.070     0.2369     9.9138          6          2  0.000e+00
   999.8927     -0.067     -0.067     0.2329     9.9140          6          2  0.000e+00
   999.8894     -0.068     -0.068     0.2288     9.9141          6          2  0.000e+00
   999.8865     -0.070     -0.071     0.2251     9.9143          6          2  0.000e+00
   999.8838     -0.067     -0.067     0.2217     9.9146          6          2  0.000e+00
   999.8812     -0.068     -0.068     0.2184     9.9150          6          2  0.000e+00
   999.8786     -0.068     -0.068     0.2152     9.9152          6          2  0.000e+00
   999.8760     -0.070     -0.071     0.2119     9.9155          6          2  0.000e+00
   999.8734     -0.068     -0.068     0.2085     9.9156          6          2  0.000e+00
   999.8707     -0.069     -0.070     0.2052     9.9159          6          2  0.000e+00
   999.8682     -0.069     -0.070     0.2020     9.9161          6          2  0.000e+00
   999.8659     -0.067     -0.067     0.1991     9.9162          6          2  0.000e+00
   999.8636     -0.067     -0.067     0.1962     9.9161          6          2  0.000e+00
   999.8614     -0.069     -0.070     0.1934     9.9159          6          2  0.000e+00
   999.8596     -0.070     -0.071     0.1911     9.9159          6          2  0.000e+00
   999.8579     -0.069     -0.070     0.1889     9.9155          6          2  0.000e+00
   999.8564     -0.068     -0.068     0.1869     9.9152          6          2  0.000e+00
   999.8551     -0.070     -0.071     0.1853     9.9149          6          2  0.000e+00
   999.8539     -0.070     -0.071     0.1836     9.9145          6          2  0.000e+00
   999.8527     -0.068     -0.068     0.1821     9.9142          6          2  0.000e+00
   999.8515     -0.069     -0.070     0.1805     9.9137          6          2  0.000e+00
   999.8500     -0.068     -0.068     0.1786     9.9133          6          2  0.000e+00
   999.8485     -0.069     -0.070     0.1767     9.9131          6          2  0.000e+00
   999.8466     -0.068     -0.068     0.1742     9.9127          6          2  0.000e+00
   999.8445     -0.070     -0.071     0.1715     9.9123          6          2  0.000e+00
   999.8427     -0.067     -0.067     0.1692     9.9120          6          2  0.000e+00
   999.8410     -0.070     -0.071     0.1670     9.9117          6          2  0.000e+00
   999.8395     -0.068     -0.068     0.1650     9.9113          6          2  0.000e+00
   999.8381     -0.070     -0.071     0.1632     9.9109          6          2  0.000e+00
   999.8369     -0.070     -0.071     0.1617     9.9105          6          2  0.000e+00
   999.8359     -0.070     -0.071     0.1603     9.9100          6          2  0.000e+00
   999.8350     -0.069     -0.069     0.1592     9.9095          6          2  0.000e+00
   999.8345     -0.067     -0.067     0.1585     9.9090          6          2  0.000e+00
   999.8342     -0.069     -0.069     0.1580     9.9086          6          2  0.000e+00
   999.8340     -0.072     -0.073     0.1577     9.9080          6          2  0.000e+00
   999.8340     -0.070     -0.071     0.1576     9.9074          6          2  0.000e+00
   999.8336     -0.068     -0.068     0.1571     9.9069          6          2  0.000e+00
   999.8333     -0.069     -0.069     0.1567     9.9065          6          2  0.000e+00
   999.8330     -0.068     -0.068     0.1562     9.9060          6          2  0.000e+00
   999.8323     -0.069     -0.069     0.1553     9.9056          6          2  0.000e+00
   999.8313     -0.069     -0.069     0.1539     9.9051          6          2  0.000e+00
   999.8298     -0.068     -0.068     0.1520     9.9048          6          2  0.000e+00
