data/eDNA/PER-2022-473/473A030.cnv
* Sea-Bird SBE19plus  Data File:
* FileName = C:\Users\RSG_field\Ryan_Perley2022473\CTD\473A030.hex
* Software version 2.3.0 SB_Terminal.dll
* Temperature SN = 7141
* Conductivity SN = 7141
* System UpLoad Time = Aug 16 2022 19:16:42
* <ApplicationData>
* <SeatermAF>
** Platform: M. Perley
** Cruise: Per2022473
** Station:  SAB_Trans_07
** Cast: 01 473A030
** Latitude: N  46 16.8247
** Longitude: W 59 00.478
** Sounding: 183
** Chief Scientist: Ryan Stanley
** Comment: Bottles 493923-43938 - sounding based on plumb line cast 49
# nquan = 8
# nvalues = 5483                                  
# units = specified
# name 0 = density00: Density [density, kg/m^3]
# name 1 = depSM: Depth [salt water, m], lat = 45.00
# name 2 = prdM: Pressure, Strain Gauge [db]
# name 3 = sal00: Salinity, Practical [PSU]
# name 4 = tv290C: Temperature [ITS-90, deg C]
# name 5 = bpos: Bottle Position in Carousel
# name 6 = nbf: Bottles Fired
# name 7 = flag:  0.000e+00
# span 0 =   998.6495,  1027.6950                 
# span 1 =     -0.035,    169.792                 
# span 2 =     -0.036,    171.252                 
# span 3 =     0.1741,    34.3021                 
# span 4 =     2.2481,    19.6967                 
# span 5 =          0,          6                 
# span 6 =          0,          2                 
# span 7 = 0.0000e+00, 0.0000e+00                 
# interval = seconds: 0.25
# start_time = Aug 16 2022 18:49:14 [Instrument's time stamp, header]
# bad_flag = -9.990e-29
*END*
[from data line 899]
  1025.7738     46.791     47.180    32.0420     2.6696          0          0  0.000e+00
  1025.7740     46.922     47.311    32.0416     2.6713          0          0  0.000e+00
  1025.7682     47.062     47.452    32.0335     2.6718          0          0  0.000e+00
  1025.7696     47.203     47.594    32.0342     2.6685          0          0  0.000e+00
  1025.7622     47.342     47.735    32.0235     2.6633          0          0  0.000e+00
  1025.7397     47.465     47.859    31.9932     2.6502          0          0  0.000e+00
  1025.7440     47.577     47.972    31.9952     2.6226          0          0  0.000e+00
  1025.7622     47.668     48.064    32.0144     2.5923          0          0  0.000e+00
  1025.7786     47.740     48.136    32.0321     2.5685          0          0  0.000e+00
  1025.7906     47.803     48.200    32.0451     2.5524          0          0  0.000e+00
  1025.7977     47.857     48.254    32.0527     2.5422          0          0  0.000e+00
  1025.8018     47.912     48.310    32.0569     2.5361          0          0  0.000e+00
  1025.8035     47.973     48.372    32.0582     2.5321          0          0  0.000e+00
  1025.8036     48.042     48.441    32.0577     2.5289          0          0  0.000e+00
  1025.8024     48.122     48.521    32.0553     2.5254          0          0  0.000e+00
  1025.8021     48.213     48.613    32.0540     2.5211          0          0  0.000e+00
  1025.7972     48.313     48.714    32.0466     2.5156          0          0  0.000e+00
  1025.8000     48.416     48.819    32.0487     2.5078          0          0  0.000e+00
  1025.7988     48.525     48.928    32.0460     2.5007          0          0  0.000e+00
  1025.8041     48.632     49.036    32.0512     2.4926          0          0  0.000e+00
  1025.8098     48.741     49.146    32.0569     2.4858          0          0  0.000e+00
  1025.8122     48.847     49.253    32.0589     2.4814          0          0  0.000e+00
  1025.8153     48.956     49.363    32.0618     2.4781          0          0  0.000e+00
  1025.8177     49.061     49.468    32.0639     2.4755          0          0  0.000e+00
  1025.8194     49.158     49.566    32.0653     2.4737          0          0  0.000e+00
  1025.8222     49.242     49.651    32.0680     2.4708          0          0  0.000e+00
  1025.8253     49.313     49.723    32.0712     2.4677          0          0  0.000e+00
  1025.8270     49.366     49.776    32.0728     2.4656          0          0  0.000e+00
  1025.8289     49.405     49.815    32.0747     2.4642          0          0  0.000e+00
  1025.8296     49.427     49.837    32.0755     2.4637          0          0  0.000e+00
  1025.8388     49.435     49.846    32.0870     2.4642          0          0  0.000e+00
  1025.8386     49.437     49.848    32.0873     2.4697          0          0  0.000e+00
  1025.8309     49.438     49.849    32.0783     2.4764          0          0  0.000e+00
  1025.8315     49.449     49.860    32.0792     2.4795          0          0  0.000e+00
  1025.8261     49.477     49.888    32.0727     2.4833          0          0  0.000e+00
  1025.8130     49.530     49.941    32.0561     2.4846          0          0  0.000e+00
  1025.8161     49.610     50.022    32.0590     2.4783          0          0  0.000e+00
  1025.8224     49.715     50.128    32.0655     2.4713          0          0  0.000e+00
  1025.8262     49.848     50.262    32.0690     2.4666          0          0  0.000e+00
  1025.8284     50.000     50.416    32.0705     2.4632          0          0  0.000e+00
  1025.8308     50.160     50.577    32.0723     2.4602          0          0  0.000e+00
  1025.8306     50.327     50.745    32.0707     2.4573          0          0  0.000e+00
  1025.8308     50.492     50.912    32.0695     2.4528          0          0  0.000e+00
  1025.8282     50.648     51.069    32.0647     2.4469          0          0  0.000e+00
  1025.8279     50.795     51.217    32.0627     2.4377          0          0  0.000e+00
  1025.8381     50.926     51.349    32.0735     2.4262          0          0  0.000e+00
  1025.8467     51.036     51.460    32.0827     2.4178          0          0  0.000e+00
  1025.8522     51.129     51.554    32.0886     2.4133          0          0  0.000e+00
  1025.8553     51.201     51.627    32.0919     2.4111          0          0  0.000e+00
  1025.8555     51.253     51.679    32.0918     2.4103          0          0  0.000e+00
  1025.8557     51.290     51.717    32.0917     2.4095          0          0  0.000e+00
  1025.8565     51.311     51.737    32.0926     2.4088          0          0  0.000e+00
  1025.8665     51.322     51.749    32.1049     2.4088          0          0  0.000e+00
  1025.8651     51.332     51.758    32.1036     2.4137          0          0  0.000e+00
  1025.8586     51.345     51.771    32.0960     2.4195          0          0  0.000e+00
  1025.8536     51.368     51.795    32.0899     2.4222          0          0  0.000e+00
  1025.8493     51.409     51.836    32.0843     2.4227          0          0  0.000e+00
  1025.8457     51.469     51.896    32.0792     2.4202          0          0  0.000e+00
  1025.8500     51.546     51.974    32.0836     2.4147          0          0  0.000e+00
  1025.8540     51.639     52.068    32.0876     2.4102          0          0  0.000e+00
  1025.8531     51.739     52.169    32.0856     2.4072          0          0  0.000e+00
  1025.8545     51.844     52.275    32.0863     2.4036          0          0  0.000e+00
  1025.8594     51.960     52.392    32.0914     2.3993          0          0  0.000e+00
  1025.8661     52.080     52.513    32.0987     2.3964          0          0  0.000e+00
  1025.8663     52.201     52.635    32.0982     2.3954          0          0  0.000e+00
  1025.8691     52.327     52.762    32.1007     2.3934          0          0  0.000e+00
  1025.8736     52.457     52.893    32.1053     2.3901          0          0  0.000e+00
  1025.8774     52.584     53.021    32.1090     2.3873          0          0  0.000e+00
  1025.8807     52.712     53.150    32.1122     2.3849          0          0  0.000e+00
  1025.8826     52.834     53.273    32.1137     2.3835          0          0  0.000e+00
  1025.8841     52.954     53.394    32.1147     2.3827          0          0  0.000e+00
  1025.8817     53.065     53.506    32.1109     2.3821          0          0  0.000e+00
  1025.8786     53.165     53.607    32.1062     2.3794          0          0  0.000e+00
  1025.8958     53.253     53.696    32.1266     2.3728          0          0  0.000e+00
  1025.9018     53.335     53.779    32.1333     2.3692          0          0  0.000e+00
  1025.9030     53.412     53.856    32.1341     2.3667          0          0  0.000e+00
  1025.9100     53.488     53.933    32.1419     2.3620          0          0  0.000e+00
  1025.9140     53.565     54.011    32.1462     2.3591          0          0  0.000e+00
  1025.9167     53.644     54.090    32.1490     2.3576          0          0  0.000e+00
  1025.9143     53.722     54.169    32.1455     2.3570          0          0  0.000e+00
  1025.9074     53.801     54.248    32.1361     2.3547          0          0  0.000e+00
  1025.9069     53.874     54.322    32.1343     2.3469          0          0  0.000e+00
  1025.9149     53.941     54.389    32.1430     2.3368          0          0  0.000e+00
  1025.9244     54.002     54.451    32.1537     2.3288          0          0  0.000e+00
  1025.9303     54.061     54.510    32.1603     2.3246          0          0  0.000e+00
  1025.9338     54.114     54.564    32.1642     2.3225          0          0  0.000e+00
  1025.9396     54.168     54.618    32.1709     2.3206          0          0  0.000e+00
  1025.9477     54.217     54.668    32.1808     2.3201          0          0  0.000e+00
  1025.9652     54.272     54.723    32.2025     2.3225          0          0  0.000e+00
  1025.9824     54.325     54.776    32.2246     2.3313          0          0  0.000e+00
  1025.9896     54.382     54.834    32.2348     2.3470          0          0  0.000e+00
  1025.9851     54.441     54.894    32.2305     2.3643          0          0  0.000e+00
  1025.9655     54.498     54.952    32.2070     2.3783          0          0  0.000e+00
  1025.9464     54.562     55.016    32.1829     2.3813          0          0  0.000e+00
  1025.9423     54.628     55.082    32.1766     2.3725          0          0  0.000e+00
  1025.9503     54.700     55.155    32.1850     2.3595          0          0  0.000e+00
  1025.9567     54.773     55.229    32.1914     2.3487          0          0  0.000e+00
  1025.9609     54.851     55.308    32.1953     2.3395          0          0  0.000e+00
  1025.9643     54.932     55.389    32.1983     2.3310          0          0  0.000e+00
  1025.9664     55.018     55.476    32.1996     2.3229          0          0  0.000e+00
  1025.9695     55.107     55.565    32.2021     2.3150          0          0  0.000e+00
  1025.9720     55.206     55.665    32.2040     2.3077          0          0  0.000e+00
  1025.9740     55.316     55.776    32.2052     2.3009          0          0  0.000e+00
  1025.9759     55.433     55.895    32.2062     2.2941          0          0  0.000e+00
  1025.9799     55.561     56.023    32.2098     2.2873          0          0  0.000e+00
  1025.9837     55.695     56.159    32.2132     2.2810          0          0  0.000e+00
  1025.9883     55.831     56.296    32.2176     2.2753          0          0  0.000e+00
  1025.9943     55.962     56.428    32.2239     2.2709          0          0  0.000e+00
  1026.0016     56.094     56.561    32.2319     2.2683          0          0  0.000e+00
  1026.0213     56.214     56.682    32.2559     2.2680          0          0  0.000e+00
  1026.0429     56.322     56.791    32.2829     2.2756          0          0  0.000e+00
  1026.0447     56.421     56.891    32.2862     2.2926          0          0  0.000e+00
  1026.0391     56.511     56.981    32.2805     2.3109          0          0  0.000e+00
  1026.0278     56.586     57.057    32.2673     2.3251          0          0  0.000e+00
  1026.0226     56.652     57.123    32.2612     2.3328          0          0  0.000e+00
  1026.0168     56.706     57.178    32.2539     2.3361          0          0  0.000e+00
  1026.0121     56.749     57.221    32.2477     2.3358          0          0  0.000e+00
  1026.0123     56.788     57.261    32.2474     2.3325          0          0  0.000e+00
  1026.0133     56.824     57.297    32.2481     2.3287          0          0  0.000e+00
  1026.0137     56.854     57.327    32.2481     2.3252          0          0  0.000e+00
  1026.0175     56.886     57.359    32.2523     2.3218          0          0  0.000e+00
  1026.0212     56.911     57.385    32.2566     2.3202          0          0  0.000e+00
  1026.0225     56.945     57.419    32.2581     2.3204          0          0  0.000e+00
  1026.0209     56.979     57.453    32.2560     2.3217          0          0  0.000e+00
  1026.0172     57.022     57.496    32.2512     2.3222          0          0  0.000e+00
  1026.0153     57.070     57.545    32.2485     2.3212          0          0  0.000e+00
  1026.0176     57.128     57.603    32.2506     2.3184          0          0  0.000e+00
  1026.0039     57.199     57.675    32.2329     2.3155          0          0  0.000e+00
  1025.9927     57.281     57.758    32.2174     2.3057          0          0  0.000e+00
  1026.0070     57.373     57.851    32.2330     2.2885          0          0  0.000e+00
  1026.0238     57.469     57.947    32.2521     2.2742          0          0  0.000e+00
  1026.0314     57.566     58.046    32.2603     2.2666          0          0  0.000e+00
  1026.0357     57.660     58.140    32.2647     2.2625          0          0  0.000e+00
  1026.0382     57.749     58.230    32.2671     2.2605          0          0  0.000e+00
  1026.0411     57.833     58.314    32.2701     2.2594          0          0  0.000e+00
  1026.0473     57.914     58.396    32.2774     2.2588          0          0  0.000e+00
  1026.0504     57.998     58.481    32.2807     2.2588          0          0  0.000e+00
  1026.0520     58.092     58.576    32.2822     2.2586          0          0  0.000e+00
  1026.0546     58.194     58.679    32.2847     2.2578          0          0  0.000e+00
  1026.0571     58.312     58.797    32.2871     2.2570          0          0  0.000e+00
  1026.0603     58.439     58.926    32.2903     2.2562          0          0  0.000e+00
  1026.0641     58.570     59.058    32.2941     2.2557          0          0  0.000e+00
  1026.0691     58.704     59.193    32.2997     2.2558          0          0  0.000e+00
  1026.0697     58.833     59.323    32.2997     2.2573          0          0  0.000e+00
  1026.0691     58.945     59.436    32.2985     2.2583          0          0  0.000e+00
  1026.0696     59.039     59.531    32.2985     2.2581          0          0  0.000e+00
  1026.0707     59.111     59.603    32.2994     2.2574          0          0  0.000e+00
  1026.0712     59.166     59.659    32.2996     2.2568          0          0  0.000e+00
  1026.0718     59.202     59.695    32.3001     2.2562          0          0  0.000e+00
  1026.0731     59.234     59.727    32.3015     2.2557          0          0  0.000e+00
  1026.0767     59.260     59.753    32.3058     2.2562          0          0  0.000e+00
  1026.0710     59.291     59.785    32.2987     2.2581          0          0  0.000e+00
  1026.0708     59.333     59.827    32.2982     2.2574          0          0  0.000e+00
  1026.0726     59.387     59.881    32.3000     2.2562          0          0  0.000e+00
  1026.0745     59.448     59.943    32.3020     2.2556          0          0  0.000e+00
  1026.0766     59.518     60.014    32.3041     2.2552          0          0  0.000e+00
  1026.0793     59.593     60.090    32.3071     2.2559          0          0  0.000e+00
  1026.0802     59.674     60.171    32.3079     2.2572          0          0  0.000e+00
  1026.0835     59.750     60.248    32.3117     2.2589          0          0  0.000e+00
  1026.0826     59.831     60.329    32.3104     2.2614          0          0  0.000e+00
  1026.0866     59.911     60.411    32.3151     2.2639          0          0  0.000e+00
  1026.0863     59.999     60.499    32.3146     2.2675          0          0  0.000e+00
  1026.0865     60.096     60.597    32.3147     2.2712          0          0  0.000e+00
  1026.0889     60.205     60.707    32.3172     2.2744          0          0  0.000e+00
  1026.0781     60.326     60.829    32.3032     2.2761          0          0  0.000e+00
  1026.0695     60.456     60.960    32.2911     2.2707          0          0  0.000e+00
  1026.0863     60.596     61.101    32.3102     2.2594          0          0  0.000e+00
  1026.1118     60.734     61.240    32.3405     2.2510          0          0  0.000e+00
  1026.1290     60.872     61.379    32.3609     2.2481          0          0  0.000e+00
  1026.1365     61.006     61.514    32.3697     2.2501          0          0  0.000e+00
  1026.1434     61.132     61.641    32.3780     2.2540          0          0  0.000e+00
  1026.1431     61.250     61.761    32.3774     2.2588          0          0  0.000e+00
  1026.1477     61.360     61.871    32.3828     2.2621          0          0  0.000e+00
  1026.1558     61.454     61.966    32.3928     2.2661          0          0  0.000e+00
  1026.1631     61.535     62.047    32.4020     2.2726          0          0  0.000e+00
  1026.1614     61.602     62.116    32.4003     2.2808          0          0  0.000e+00
  1026.1559     61.655     62.169    32.3939     2.2889          0          0  0.000e+00
  1026.1584     61.697     62.211    32.3972     2.2939          0          0  0.000e+00
  1026.1582     61.728     62.242    32.3974     2.2991          0          0  0.000e+00
