data/eDNA/PER-2022-473/473A014.cnv
* Sea-Bird SBE19plus  Data File:
* FileName = C:\Users\RSG_field\Ryan_Perley2022473\CTD\473A014.hex
* Software version 2.3.0 SB_Terminal.dll
* Temperature SN = 7141
* Conductivity SN = 7141
* System UpLoad Time = Aug 10 2022 17:21:04
* <ApplicationData>
* <SeatermAF>
** Platform: M. Perley
** Cruise: Per2022473
** Station:  ESI_12
** Cast: 01
** Latitude: N  44 35.2670
** Longitude: W 62 35.8511
** Sounding: 116
** Chief Scientist: Ryan Stanley
** Comment: CastID 473A014 SampleIDs 493834-493840 (blank included)
** Cast 32
# nquan = 8
# nvalues = 3774                                  
# units = specified
# name 0 = density00: Density [density, kg/m^3]
# name 1 = depSM: Depth [salt water, m], lat = 45.00
# name 2 = prdM: Pressure, Strain Gauge [db]
# name 3 = sal00: Salinity, Practical [PSU]
# name 4 = tv290C: Temperature [ITS-90, deg C]
# name 5 = bpos: Bottle Position in Carousel
# name 6 = nbf: Bottles Fired
# name 7 = flag:  0.000e+00
# span 0 =   998.5543,  1026.4042                 
# span 1 =     -0.070,     93.518                 
# span 2 =     -0.071,     94.305                 
# span 3 =     0.0934,    32.9740                 
# span 4 =     3.7260,    19.1996                 
# span 5 =          0,          6                 
# span 6 =          0,          2                 
# span 7 = 0.0000e+00, 0.0000e+00                 
# interval = seconds: 0.25
# start_time = Aug 10 2022 17:00:49 [Instrument's time stamp, header]
# bad_flag = -9.990e-29
*END*
   998.6356     -0.067     -0.068     0.1986    18.6031          0          0  0.000e+00
   998.6349     -0.066     -0.067     0.1979    18.6038          0          0  0.000e+00
   998.6346     -0.065     -0.066     0.1977    18.6043          0          0  0.000e+00
   998.6346     -0.066     -0.067     0.1977    18.6043          0          0  0.000e+00
   998.6344     -0.065     -0.066     0.1974    18.6044          0          0  0.000e+00
   998.6342     -0.065     -0.066     0.1971    18.6043          0          0  0.000e+00
   998.6347     -0.065     -0.066     0.1977    18.6040          0          0  0.000e+00
   998.6351     -0.066     -0.067     0.1982    18.6037          0          0  0.000e+00
   998.6356     -0.067     -0.068     0.1988    18.6034          0          0  0.000e+00
   998.6365     -0.065     -0.066     0.1998    18.6028          0          0  0.000e+00
   998.6377     -0.066     -0.067     0.2012    18.6025          0          0  0.000e+00
   998.6388     -0.066     -0.067     0.2026    18.6021          0          0  0.000e+00
   998.6401     -0.067     -0.068     0.2043    18.6021          0          0  0.000e+00
   998.6412     -0.066     -0.067     0.2056    18.6016          0          0  0.000e+00
   998.6417     -0.065     -0.066     0.2061    18.6014          0          0  0.000e+00
   998.6417     -0.066     -0.067     0.2061    18.6012          0          0  0.000e+00
   998.6412     -0.064     -0.065     0.2054    18.6010          0          0  0.000e+00
   998.6406     -0.067     -0.068     0.2044    18.6004          0          0  0.000e+00
   998.6395     -0.066     -0.067     0.2030    18.6002          0          0  0.000e+00
   998.6383     -0.068     -0.069     0.2014    18.5999          0          0  0.000e+00
   998.6370     -0.067     -0.068     0.1996    18.5994          0          0  0.000e+00
   998.6353     -0.067     -0.068     0.1975    18.6000          0          0  0.000e+00
   998.6337     -0.068     -0.069     0.1955    18.6003          0          0  0.000e+00
   998.6321     -0.068     -0.069     0.1935    18.6005          0          0  0.000e+00
   998.6310     -0.068     -0.069     0.1919    18.6000          0          0  0.000e+00
   998.6300     -0.068     -0.069     0.1905    18.5998          0          0  0.000e+00
   998.6287     -0.069     -0.070     0.1888    18.5997          0          0  0.000e+00
   998.6274     -0.069     -0.070     0.1870    18.5993          0          0  0.000e+00
   998.6262     -0.068     -0.069     0.1853    18.5990          0          0  0.000e+00
   998.6251     -0.067     -0.068     0.1839    18.5987          0          0  0.000e+00
   998.6241     -0.067     -0.068     0.1824    18.5983          0          0  0.000e+00
   998.6229     -0.066     -0.067     0.1810    18.5988          0          0  0.000e+00
   998.6219     -0.067     -0.068     0.1800    18.5994          0          0  0.000e+00
   998.6216     -0.066     -0.067     0.1797    18.6002          0          0  0.000e+00
   998.6220     -0.067     -0.068     0.1803    18.6006          0          0  0.000e+00
   998.6233     -0.067     -0.068     0.1819    18.6003          0          0  0.000e+00
   998.6245     -0.066     -0.067     0.1835    18.6001          0          0  0.000e+00
   998.6268     -0.067     -0.068     0.1863    18.5999          0          0  0.000e+00
   998.6291     -0.065     -0.066     0.1893    18.5998          0          0  0.000e+00
   998.6310     -0.067     -0.068     0.1918    18.5993          0          0  0.000e+00
   998.6335     -0.066     -0.067     0.1949    18.5991          0          0  0.000e+00
   998.6337     -0.066     -0.067     0.1951    18.5987          0          0  0.000e+00
   998.6335     -0.066     -0.067     0.1948    18.5987          0          0  0.000e+00
   998.6327     -0.067     -0.068     0.1936    18.5983          0          0  0.000e+00
   998.6309     -0.067     -0.068     0.1912    18.5980          0          0  0.000e+00
   998.6292     -0.067     -0.068     0.1889    18.5978          0          0  0.000e+00
   998.6261     -0.068     -0.069     0.1849    18.5975          0          0  0.000e+00
   998.6215     -0.067     -0.068     0.1789    18.5974          0          0  0.000e+00
   998.6174     -0.070     -0.071     0.1735    18.5970          0          0  0.000e+00
   998.6143     -0.069     -0.070     0.1694    18.5970          0          0  0.000e+00
   998.6148     -0.069     -0.070     0.1699    18.5966          0          0  0.000e+00
   998.6098     -0.069     -0.070     0.1634    18.5964          0          0  0.000e+00
   998.6069     -0.068     -0.069     0.1595    18.5962          0          0  0.000e+00
   998.5991     -0.069     -0.070     0.1494    18.5958          0          0  0.000e+00
   998.5886     -0.069     -0.070     0.1356    18.5957          0          0  0.000e+00
   998.5834     -0.068     -0.069     0.1287    18.5954          0          0  0.000e+00
   998.5811     -0.069     -0.070     0.1256    18.5950          0          0  0.000e+00
   998.5769     -0.068     -0.069     0.1202    18.5950          0          0  0.000e+00
   998.5734     -0.068     -0.069     0.1156    18.5948          0          0  0.000e+00
   998.5690     -0.068     -0.069     0.1098    18.5946          0          0  0.000e+00
   998.5682     -0.067     -0.068     0.1087    18.5945          0          0  0.000e+00
   998.5674     -0.067     -0.068     0.1076    18.5944          0          0  0.000e+00
   998.5668     -0.066     -0.067     0.1069    18.5945          0          0  0.000e+00
   998.5658     -0.064     -0.065     0.1056    18.5946          0          0  0.000e+00
   998.5650     -0.065     -0.066     0.1046    18.5948          0          0  0.000e+00
   998.5686     -0.066     -0.067     0.1094    18.5951          0          0  0.000e+00
   998.5688     -0.065     -0.066     0.1097    18.5956          0          0  0.000e+00
   998.5657     -0.065     -0.066     0.1060    18.5966          0          0  0.000e+00
   998.5621     -0.066     -0.067     0.1020    18.5996          0          0  0.000e+00
   998.5599     -0.066     -0.067     0.1003    18.6039          0          0  0.000e+00
   998.5583     -0.067     -0.068     0.0990    18.6074          0          0  0.000e+00
   998.5558     -0.066     -0.067     0.0960    18.6082          0          0  0.000e+00
   998.5543     -0.066     -0.067     0.0937    18.6068          0          0  0.000e+00
   998.5545     -0.068     -0.069     0.0934    18.6042          0          0  0.000e+00
   998.5568     -0.070     -0.071     0.0958    18.6023          0          0  0.000e+00
   998.5670     -0.069     -0.070     0.1096    18.6042          0          0  0.000e+00
   998.5813     -0.069     -0.070     0.1297    18.6098          0          0  0.000e+00
   998.5896     -0.070     -0.071     0.1432    18.6206          0          0  0.000e+00
   998.5997     -0.070     -0.071     0.1596    18.6338          0          0  0.000e+00
   998.6073     -0.069     -0.070     0.1727    18.6467          0          0  0.000e+00
   998.6292     -0.070     -0.071     0.2043    18.6587          0          0  0.000e+00
   998.6626     -0.069     -0.070     0.2502    18.6682          0          0  0.000e+00
   998.6708     -0.070     -0.071     0.2627    18.6752          0          0  0.000e+00
   998.7103     -0.068     -0.069     0.3140    18.6750          0          0  0.000e+00
   998.8252     -0.067     -0.068     0.4638    18.6741          0          0  0.000e+00
   999.1695     -0.067     -0.068     0.9134    18.6730          0          0  0.000e+00
   999.3793     -0.068     -0.069     1.1873    18.6707          0          0  0.000e+00
   999.1416     -0.065     -0.066     0.8753    18.6667          0          0  0.000e+00
   999.6973     -0.029     -0.029     1.6016    18.6633          0          0  0.000e+00
  1021.6849      0.326      0.329    30.5289    18.6923          0          0  0.000e+00
  1022.1249      0.773      0.780    31.1467    18.8279          0          0  0.000e+00
  1022.0360      1.105      1.114    31.0632    18.9353          0          0  0.000e+00
  1021.9888      1.419      1.430    31.0174    18.9905          0          0  0.000e+00
  1021.9692      1.717      1.731    30.9983    19.0160          0          0  0.000e+00
  1021.9623      1.988      2.004    30.9917    19.0283          0          0  0.000e+00
  1021.9652      2.262      2.281    30.9957    19.0340          0          0  0.000e+00
  1021.9670      2.455      2.475    30.9974    19.0350          0          0  0.000e+00
  1021.9747      2.625      2.646    31.0070    19.0369          0          0  0.000e+00
  1021.9726      2.599      2.621    31.0065    19.0430          0          0  0.000e+00
  1021.9340      2.480      2.500    30.9589    19.0499          0          0  0.000e+00
  1021.9374      2.349      2.369    30.9642    19.0502          0          0  0.000e+00
  1021.9330      2.208      2.226    30.9565    19.0421          0          0  0.000e+00
  1021.9294      2.076      2.093    30.9499    19.0341          0          0  0.000e+00
  1021.9222      1.971      1.987    30.9396    19.0295          0          0  0.000e+00
  1021.6645      1.890      1.906    30.6013    19.0267          0          0  0.000e+00
  1021.7108      1.838      1.853    30.6617    19.0249          0          0  0.000e+00
  1021.8424      1.808      1.822    30.8340    19.0236          0          0  0.000e+00
  1021.5938      1.790      1.804    30.5079    19.0228          0          0  0.000e+00
  1021.8873      1.792      1.806    30.8926    19.0223          0          0  0.000e+00
  1021.8994      1.800      1.815    30.9084    19.0226          0          0  0.000e+00
  1021.8601      1.833      1.848    30.8570    19.0235          0          0  0.000e+00
  1021.9510      1.874      1.890    30.9766    19.0253          0          0  0.000e+00
  1021.9533      1.927      1.943    30.9797    19.0268          0          0  0.000e+00
  1021.9523      1.982      1.998    30.9788    19.0286          0          0  0.000e+00
  1021.9521      2.038      2.054    30.9784    19.0296          0          0  0.000e+00
  1021.9515      2.088      2.105    30.9776    19.0304          0          0  0.000e+00
  1021.9516      2.124      2.141    30.9777    19.0308          0          0  0.000e+00
  1021.9520      2.148      2.166    30.9781    19.0310          0          0  0.000e+00
  1021.9527      2.165      2.183    30.9789    19.0310          0          0  0.000e+00
  1021.9528      2.185      2.203    30.9789    19.0310          0          0  0.000e+00
  1021.9520      2.206      2.224    30.9779    19.0311          0          0  0.000e+00
  1021.9464      2.237      2.255    30.9704    19.0315          0          0  0.000e+00
  1021.9435      2.271      2.289    30.9668    19.0323          0          0  0.000e+00
  1021.9380      2.313      2.332    30.9595    19.0330          0          0  0.000e+00
  1021.9491      2.356      2.375    30.9740    19.0336          0          0  0.000e+00
  1021.9508      2.392      2.411    30.9762    19.0341          0          0  0.000e+00
  1021.9553      2.408      2.427    30.9820    19.0343          0          0  0.000e+00
  1021.9600      2.393      2.412    30.9881    19.0338          0          0  0.000e+00
  1021.9602      2.344      2.363    30.9886    19.0335          0          0  0.000e+00
  1021.9545      2.260      2.279    30.9814    19.0333          0          0  0.000e+00
  1021.9506      2.150      2.168    30.9771    19.0335          0          0  0.000e+00
  1021.9480      2.024      2.040    30.9745    19.0337          0          0  0.000e+00
  1021.9467      1.890      1.906    30.9736    19.0336          0          0  0.000e+00
  1021.9461      1.772      1.786    30.9732    19.0328          0          0  0.000e+00
  1021.9458      1.693      1.707    30.9729    19.0317          0          0  0.000e+00
  1021.9308      1.665      1.678    30.9532    19.0310          0          0  0.000e+00
  1021.9336      1.706      1.720    30.9565    19.0308          0          0  0.000e+00
  1021.9470      1.809      1.824    30.9737    19.0313          0          0  0.000e+00
  1021.9482      1.950      1.966    30.9752    19.0337          0          0  0.000e+00
  1021.9493      2.088      2.105    30.9770    19.0372          0          0  0.000e+00
  1021.9537      2.214      2.232    30.9828    19.0397          0          0  0.000e+00
  1021.9551      2.307      2.326    30.9845    19.0411          0          0  0.000e+00
  1021.9533      2.381      2.401    30.9824    19.0428          0          0  0.000e+00
  1021.9510      2.432      2.452    30.9800    19.0458          0          0  0.000e+00
  1021.9490      2.455      2.475    30.9782    19.0487          0          0  0.000e+00
  1021.9479      2.450      2.470    30.9772    19.0500          0          0  0.000e+00
  1021.9457      2.415      2.435    30.9746    19.0500          0          0  0.000e+00
  1021.9446      2.356      2.375    30.9734    19.0499          0          0  0.000e+00
  1021.9447      2.278      2.297    30.9739    19.0497          0          0  0.000e+00
  1021.9458      2.186      2.204    30.9754    19.0483          0          0  0.000e+00
  1021.9468      2.093      2.110    30.9768    19.0465          0          0  0.000e+00
  1021.9479      2.009      2.026    30.9779    19.0441          0          0  0.000e+00
  1021.9488      1.940      1.956    30.9787    19.0418          0          0  0.000e+00
  1021.9485      1.879      1.894    30.9781    19.0402          0          0  0.000e+00
  1021.9480      1.837      1.852    30.9772    19.0389          0          0  0.000e+00
  1021.9475      1.815      1.830    30.9763    19.0376          0          0  0.000e+00
  1021.9470      1.818      1.833    30.9755    19.0369          0          0  0.000e+00
  1021.9467      1.862      1.877    30.9745    19.0362          0          0  0.000e+00
  1021.9473      1.944      1.960    30.9747    19.0355          0          0  0.000e+00
  1021.9486      2.057      2.074    30.9755    19.0351          0          0  0.000e+00
  1021.9500      2.185      2.203    30.9764    19.0343          0          0  0.000e+00
  1021.9526      2.314      2.333    30.9789    19.0339          0          0  0.000e+00
  1021.9610      2.419      2.439    30.9892    19.0335          0          0  0.000e+00
  1021.9671      2.488      2.509    30.9965    19.0328          0          0  0.000e+00
  1021.9687      2.518      2.538    30.9989    19.0343          0          0  0.000e+00
  1021.9655      2.517      2.537    30.9963    19.0389          0          0  0.000e+00
  1021.9572      2.489      2.510    30.9872    19.0439          0          0  0.000e+00
  1021.9509      2.435      2.455    30.9801    19.0465          0          0  0.000e+00
  1021.9466      2.369      2.389    30.9751    19.0476          0          0  0.000e+00
  1021.9448      2.301      2.319    30.9734    19.0479          0          0  0.000e+00
  1021.9457      2.238      2.256    30.9745    19.0467          0          0  0.000e+00
  1021.9475      2.192      2.210    30.9765    19.0446          0          0  0.000e+00
  1021.9509      2.153      2.171    30.9804    19.0426          0          0  0.000e+00
  1021.9559      2.116      2.133    30.9867    19.0410          0          0  0.000e+00
  1021.9598      2.075      2.092    30.9917    19.0398          0          0  0.000e+00
  1021.9609      2.023      2.039    30.9932    19.0391          0          0  0.000e+00
  1021.9606      1.965      1.981    30.9931    19.0389          0          0  0.000e+00
  1021.9580      1.910      1.926    30.9902    19.0394          0          0  0.000e+00
  1021.9544      1.857      1.873    30.9858    19.0398          0          0  0.000e+00
