data/eDNA/PER-2022-473/473A002.cnv
* Sea-Bird SBE19plus  Data File:
* FileName = C:\Users\RSG_field\Ryan_Perley2022473\CTD\473A002.hex
* Software version 2.3.0 SB_Terminal.dll
* Temperature SN = 7141
* Conductivity SN = 7141
* System UpLoad Time = Aug 07 2022 13:11:55
* <ApplicationData>
* <SeatermAF>
** Platform: M. Perley
** Cruise: Per2021171
** Station:  ESI-00
** Cast: 01
** Latitude: N  44 51.3183
** Longitude: W 62 30.1652
** Sounding: 16.1
** Chief Scientist: Ryan Stanley
** Comment: Sheet Harbour approach extra station
** Ph bottle left on
# nquan = 8
# nvalues = 1934                                  
# units = specified
# name 0 = density00: Density [density, kg/m^3]
# name 1 = depSM: Depth [salt water, m], lat = 45.00
# name 2 = prdM: Pressure, Strain Gauge [db]
# name 3 = sal00: Salinity, Practical [PSU]
# name 4 = tv290C: Temperature [ITS-90, deg C]
# name 5 = bpos: Bottle Position in Carousel
# name 6 = nbf: Bottles Fired
# name 7 = flag:  0.000e+00
# span 0 =   998.6079,  1024.5391                 
# span 1 =     -0.068,     15.082                 
# span 2 =     -0.069,     15.206                 
# span 3 =     0.0126,    31.8167                 
# span 4 =     6.7625,    17.9916                 
# span 5 =          0,          6                 
# span 6 =          0,          2                 
# span 7 = 0.0000e+00, 0.0000e+00                 
# interval = seconds: 0.25
# start_time = Aug 07 2022 13:00:25 [Instrument's time stamp, header]
# bad_flag = -9.990e-29
*END*
[from data line 1079]
  1022.4827     14.984     15.107    28.7893     7.9093          0          0  0.000e+00
  1022.4823     14.984     15.107    28.7887     7.9084          0          0  0.000e+00
  1022.4817     14.982     15.106    28.7877     7.9075          0          0  0.000e+00
  1022.4811     14.981     15.105    28.7868     7.9066          0          0  0.000e+00
  1022.4804     14.982     15.106    28.7858     7.9057          0          0  0.000e+00
  1022.4798     14.981     15.105    28.7849     7.9048          0          0  0.000e+00
  1022.4793     14.981     15.105    28.7840     7.9039          0          0  0.000e+00
  1022.4785     14.981     15.105    28.7829     7.9030          0          0  0.000e+00
  1022.4778     14.981     15.105    28.7819     7.9022          0          0  0.000e+00
  1022.4771     14.984     15.107    28.7808     7.9014          0          0  0.000e+00
  1022.4765     14.984     15.107    28.7799     7.9004          0          0  0.000e+00
  1022.4759     14.986     15.109    28.7789     7.8994          0          0  0.000e+00
  1022.4751     14.988     15.111    28.7777     7.8987          0          0  0.000e+00
  1022.4742     14.993     15.116    28.7764     7.8977          0          0  0.000e+00
  1022.4736     14.995     15.118    28.7755     7.8966          0          0  0.000e+00
  1022.4722     15.001     15.124    28.7735     7.8958          0          0  0.000e+00
  1022.4700     15.004     15.127    28.7705     7.8948          0          0  0.000e+00
  1022.4662     15.005     15.128    28.7655     7.8939          0          0  0.000e+00
  1022.4590     15.008     15.131    28.7561     7.8930          0          0  0.000e+00
  1022.4469     15.009     15.132    28.7405     7.8919          0          0  0.000e+00
  1022.4322     15.010     15.133    28.7216     7.8907          0          0  0.000e+00
  1022.4147     15.014     15.138    28.6991     7.8897          0          0  0.000e+00
  1022.3935     15.019     15.142    28.6717     7.8883          0          0  0.000e+00
  1022.3708     15.017     15.141    28.6425     7.8869          0          0  0.000e+00
  1022.3550     15.017     15.141    28.6221     7.8851          0          0  0.000e+00
  1022.3477     14.999     15.123    28.6126     7.8834          0          0  0.000e+00
  1022.3458     14.977     15.100    28.6100     7.8819          0          0  0.000e+00
  1022.3471     14.953     15.076    28.6116     7.8802          0          0  0.000e+00
  1022.3501     14.920     15.043    28.6153     7.8786          0          0  0.000e+00
  1022.3530     14.889     15.012    28.6189     7.8770          0          0  0.000e+00
  1022.3531     14.879     15.001    28.6188     7.8758          0          0  0.000e+00
  1022.3507     14.867     14.989    28.6156     7.8746          0          0  0.000e+00
  1022.3492     14.845     14.967    28.6137     7.8734          0          0  0.000e+00
  1022.3488     14.826     14.948    28.6131     7.8723          0          0  0.000e+00
  1022.3484     14.808     14.929    28.6125     7.8710          0          0  0.000e+00
  1022.3479     14.792     14.913    28.6117     7.8697          0          0  0.000e+00
  1022.3475     14.777     14.898    28.6111     7.8684          0          0  0.000e+00
  1022.3472     14.765     14.887    28.6106     7.8674          0          0  0.000e+00
  1022.3463     14.753     14.874    28.6093     7.8662          0          0  0.000e+00
  1022.3458     14.741     14.862    28.6085     7.8652          0          0  0.000e+00
  1022.3447     14.729     14.850    28.6071     7.8643          0          0  0.000e+00
  1022.3443     14.716     14.837    28.6064     7.8631          0          0  0.000e+00
  1022.3437     14.701     14.821    28.6055     7.8620          0          0  0.000e+00
  1022.3431     14.688     14.809    28.6047     7.8610          0          0  0.000e+00
  1022.3427     14.678     14.799    28.6041     7.8600          0          0  0.000e+00
  1022.3424     14.669     14.789    28.6035     7.8588          0          0  0.000e+00
  1022.3413     14.662     14.783    28.6020     7.8579          0          0  0.000e+00
  1022.3408     14.665     14.785    28.6012     7.8569          0          0  0.000e+00
  1022.3402     14.666     14.786    28.6002     7.8559          0          0  0.000e+00
  1022.3399     14.673     14.794    28.5997     7.8548          0          0  0.000e+00
  1022.3390     14.679     14.800    28.5984     7.8540          0          0  0.000e+00
  1022.3387     14.686     14.806    28.5977     7.8529          0          0  0.000e+00
  1022.3383     14.693     14.814    28.5970     7.8519          0          0  0.000e+00
  1022.3380     14.694     14.815    28.5964     7.8509          0          0  0.000e+00
  1022.3373     14.696     14.817    28.5954     7.8500          0          0  0.000e+00
  1022.3371     14.698     14.819    28.5949     7.8488          0          0  0.000e+00
  1022.3366     14.700     14.820    28.5941     7.8478          0          0  0.000e+00
  1022.3366     14.702     14.823    28.5939     7.8469          0          0  0.000e+00
  1022.3361     14.702     14.823    28.5931     7.8458          0          0  0.000e+00
  1022.3356     14.702     14.823    28.5924     7.8448          0          0  0.000e+00
  1022.3349     14.703     14.824    28.5913     7.8439          0          0  0.000e+00
  1022.3347     14.712     14.833    28.5907     7.8428          0          0  0.000e+00
  1022.3342     14.726     14.847    28.5899     7.8418          0          0  0.000e+00
  1022.3342     14.739     14.860    28.5897     7.8408          0          0  0.000e+00
  1022.3339     14.750     14.872    28.5891     7.8399          0          0  0.000e+00
  1022.3340     14.762     14.883    28.5889     7.8388          0          0  0.000e+00
  1022.3341     14.774     14.895    28.5888     7.8377          0          0  0.000e+00
  1022.3339     14.775     14.896    28.5883     7.8368          0          0  0.000e+00
  1022.3330     14.773     14.894    28.5870     7.8358          0          0  0.000e+00
  1022.3330     14.773     14.894    28.5868     7.8347          0          0  0.000e+00
  1022.3325     14.773     14.894    28.5860     7.8337          0          0  0.000e+00
  1022.3318     14.773     14.894    28.5850     7.8327          0          0  0.000e+00
  1022.3311     14.771     14.892    28.5839     7.8318          0          0  0.000e+00
  1022.3306     14.771     14.892    28.5831     7.8307          0          0  0.000e+00
  1022.3301     14.766     14.888    28.5823     7.8296          0          0  0.000e+00
  1022.3292     14.759     14.880    28.5810     7.8287          0          0  0.000e+00
  1022.3285     14.746     14.867    28.5801     7.8276          0          0  0.000e+00
  1022.3280     14.737     14.858    28.5793     7.8266          0          0  0.000e+00
  1022.3271     14.728     14.849    28.5781     7.8256          0          0  0.000e+00
  1022.3263     14.726     14.847    28.5768     7.8247          0          0  0.000e+00
  1022.3259     14.724     14.845    28.5762     7.8236          0          0  0.000e+00
  1022.3254     14.730     14.851    28.5754     7.8225          1          1  0.000e+00
  1022.3252     14.747     14.868    28.5748     7.8215          1          1  0.000e+00
  1022.3246     14.772     14.893    28.5737     7.8205          1          1  0.000e+00
  1022.3242     14.801     14.923    28.5729     7.8196          1          1  0.000e+00
  1022.3239     14.828     14.950    28.5721     7.8185          1          1  0.000e+00
  1022.3213     14.839     14.961    28.5687     7.8176          1          1  0.000e+00
  1022.2749     14.845     14.967    28.5092     7.8165          1          1  0.000e+00
  1022.2694     14.849     14.971    28.5020     7.8152          1          1  0.000e+00
  1022.2681     14.849     14.971    28.5000     7.8139          1          1  0.000e+00
  1022.2671     14.837     14.959    28.4987     7.8124          1          1  0.000e+00
  1022.2660     14.819     14.941    28.4971     7.8111          1          1  0.000e+00
  1022.2650     14.793     14.914    28.4958     7.8098          1          1  0.000e+00
  1022.2637     14.763     14.885    28.4941     7.8087          1          1  0.000e+00
  1022.2631     14.738     14.859    28.4933     7.8075          1          1  0.000e+00
  1022.2619     14.711     14.832    28.4917     7.8063          1          1  0.000e+00
  1022.2611     14.687     14.808    28.4906     7.8051          1          1  0.000e+00
  1022.2600     14.673     14.794    28.4890     7.8038          1          1  0.000e+00
  1022.2591     14.672     14.793    28.4877     7.8028          1          1  0.000e+00
  1022.2581     14.681     14.801    28.4862     7.8016          1          1  0.000e+00
  1022.2569     14.700     14.820    28.4844     7.8006          1          1  0.000e+00
  1022.2562     14.725     14.846    28.4831     7.7994          1          1  0.000e+00
  1022.2559     14.760     14.881    28.4824     7.7983          1          1  0.000e+00
  1022.2548     14.799     14.921    28.4806     7.7973          1          1  0.000e+00
  1022.2543     14.825     14.947    28.4796     7.7961          1          1  0.000e+00
  1022.2535     14.829     14.951    28.4784     7.7951          1          1  0.000e+00
  1022.2530     14.826     14.948    28.4776     7.7939          1          1  0.000e+00
  1022.2524     14.825     14.947    28.4766     7.7929          1          1  0.000e+00
  1022.2512     14.813     14.935    28.4749     7.7917          1          1  0.000e+00
  1022.2502     14.801     14.923    28.4736     7.7907          1          1  0.000e+00
  1022.2495     14.778     14.900    28.4726     7.7896          1          1  0.000e+00
  1022.2487     14.754     14.875    28.4716     7.7884          1          1  0.000e+00
  1022.2479     14.732     14.854    28.4705     7.7873          1          1  0.000e+00
  1022.2472     14.717     14.838    28.4695     7.7861          1          1  0.000e+00
  1022.2461     14.710     14.831    28.4679     7.7850          1          1  0.000e+00
  1022.2452     14.713     14.834    28.4666     7.7839          1          1  0.000e+00
  1022.2447     14.727     14.848    28.4657     7.7828          1          1  0.000e+00
  1022.2442     14.750     14.872    28.4647     7.7816          1          1  0.000e+00
  1022.2438     14.781     14.903    28.4638     7.7805          1          1  0.000e+00
  1022.2436     14.814     14.936    28.4631     7.7794          1          1  0.000e+00
  1022.2433     14.830     14.952    28.4624     7.7781          1          1  0.000e+00
  1022.2426     14.834     14.956    28.4614     7.7770          1          1  0.000e+00
  1022.2421     14.836     14.958    28.4605     7.7759          1          1  0.000e+00
  1022.2414     14.835     14.957    28.4594     7.7747          1          1  0.000e+00
  1022.2412     14.836     14.958    28.4590     7.7735          1          1  0.000e+00
  1022.2405     14.827     14.949    28.4580     7.7724          1          1  0.000e+00
  1022.2403     14.820     14.942    28.4576     7.7711          1          1  0.000e+00
  1022.2398     14.811     14.933    28.4568     7.7698          1          1  0.000e+00
  1022.2393     14.804     14.925    28.4560     7.7686          1          1  0.000e+00
  1022.2389     14.791     14.912    28.4552     7.7673          1          1  0.000e+00
  1022.2382     14.781     14.903    28.4543     7.7660          1          1  0.000e+00
  1022.2376     14.777     14.898    28.4533     7.7650          1          1  0.000e+00
  1022.2372     14.777     14.898    28.4525     7.7637          1          1  0.000e+00
  1022.2367     14.774     14.895    28.4517     7.7625          1          1  0.000e+00
  1022.2360     14.781     14.903    28.4506     7.7612          1          1  0.000e+00
  1022.2359     14.791     14.912    28.4502     7.7598          1          1  0.000e+00
  1022.2357     14.796     14.918    28.4497     7.7586          1          1  0.000e+00
  1022.2353     14.795     14.917    28.4490     7.7573          1          1  0.000e+00
  1022.2348     14.791     14.912    28.4482     7.7560          1          1  0.000e+00
  1022.2347     14.784     14.906    28.4477     7.7546          1          1  0.000e+00
  1022.2342     14.780     14.902    28.4470     7.7532          1          1  0.000e+00
  1022.2338     14.771     14.892    28.4463     7.7520          1          1  0.000e+00
  1022.2335     14.760     14.881    28.4457     7.7506          1          1  0.000e+00
  1022.2332     14.754     14.875    28.4452     7.7493          1          1  0.000e+00
  1022.2330     14.753     14.874    28.4447     7.7480          1          1  0.000e+00
  1022.2331     14.760     14.881    28.4445     7.7467          1          1  0.000e+00
  1022.2336     14.764     14.886    28.4449     7.7452          1          1  0.000e+00
  1022.2340     14.780     14.902    28.4452     7.7439          1          1  0.000e+00
  1022.2343     14.796     14.918    28.4452     7.7424          1          1  0.000e+00
  1022.2342     14.819     14.941    28.4446     7.7411          1          1  0.000e+00
  1022.2338     14.837     14.959    28.4438     7.7397          1          1  0.000e+00
  1022.2338     14.844     14.966    28.4436     7.7384          1          1  0.000e+00
  1022.2337     14.847     14.969    28.4431     7.7368          1          1  0.000e+00
  1022.2335     14.852     14.974    28.4426     7.7355          1          1  0.000e+00
  1022.2334     14.859     14.981    28.4422     7.7339          1          1  0.000e+00
  1022.2334     14.863     14.985    28.4419     7.7326          1          1  0.000e+00
  1022.2332     14.867     14.989    28.4414     7.7311          1          1  0.000e+00
  1022.2333     14.867     14.989    28.4413     7.7296          1          1  0.000e+00
  1022.2334     14.859     14.981    28.4412     7.7281          1          1  0.000e+00
  1022.2332     14.850     14.972    28.4408     7.7267          1          1  0.000e+00
  1022.2333     14.839     14.961    28.4408     7.7252          1          1  0.000e+00
  1022.2332     14.828     14.950    28.4405     7.7238          1          1  0.000e+00
  1022.2333     14.814     14.936    28.4403     7.7223          1          1  0.000e+00
  1022.2330     14.802     14.924    28.4398     7.7207          1          1  0.000e+00
  1022.2329     14.787     14.908    28.4396     7.7193          1          1  0.000e+00
  1022.2331     14.773     14.894    28.4396     7.7177          1          1  0.000e+00
  1022.2330     14.762     14.884    28.4393     7.7161          1          1  0.000e+00
  1022.2334     14.756     14.877    28.4396     7.7146          1          1  0.000e+00
  1022.2332     14.758     14.879    28.4391     7.7133          1          1  0.000e+00
  1022.2334     14.759     14.880    28.4391     7.7116          1          1  0.000e+00
  1022.2336     14.769     14.890    28.4390     7.7102          1          1  0.000e+00
  1022.2337     14.778     14.900    28.4389     7.7086          1          1  0.000e+00
  1022.2341     14.792     14.914    28.4390     7.7069          1          1  0.000e+00
  1022.2342     14.801     14.923    28.4388     7.7054          1          1  0.000e+00
  1022.2344     14.811     14.933    28.4388     7.7040          1          1  0.000e+00
  1022.2346     14.819     14.941    28.4387     7.7024          1          1  0.000e+00
  1022.2348     14.835     14.957    28.4386     7.7008          1          1  0.000e+00
  1022.2350     14.844     14.966    28.4385     7.6992          1          1  0.000e+00
  1022.2350     14.851     14.973    28.4383     7.6977          1          1  0.000e+00
