data/eDNA/PER-2022-473/473A023.cnv
* Sea-Bird SBE19plus  Data File:
* FileName = C:\Users\RSG_field\Ryan_Perley2022473\CTD\473A023.hex
* Software version 2.3.0 SB_Terminal.dll
* Temperature SN = 7141
* Conductivity SN = 7141
* System UpLoad Time = Aug 14 2022 16:56:22
* <ApplicationData>
* <SeatermAF>
** Platform: M. Perley
** Cruise: Per2022473
** Station:  SAB_Trans_06
** Cast: 01
** Latitude: N  46 12.3838
** Longitude: W 59 3.85
** Sounding: 137
** Chief Scientist: Ryan Stanley
** Comment: CastID 473A023 SampleID 493890-493895
** Note that in the first cast bottles 1-3 were not attached the right trigger, and thus didn't fire at depth. The bad cast (41 on the CTD) will be named 473B023 and the cast associted with this AFM (Cast 41) will be 473A023. There was no afm file downloaded for the first mis-cast (Cast 41 and CastID 473B023)
# nquan = 8
# nvalues = 4363                                  
# units = specified
# name 0 = density00: Density [density, kg/m^3]
# name 1 = depSM: Depth [salt water, m], lat = 45.00
# name 2 = prdM: Pressure, Strain Gauge [db]
# name 3 = sal00: Salinity, Practical [PSU]
# name 4 = tv290C: Temperature [ITS-90, deg C]
# name 5 = bpos: Bottle Position in Carousel
# name 6 = nbf: Bottles Fired
# name 7 = flag:  0.000e+00
# span 0 =   998.5957,  1027.3836                 
# span 1 =     -0.126,    130.461                 
# span 2 =     -0.127,    131.570                 
# span 3 =     0.2013,    34.0125                 
# span 4 =     1.6171,    20.6066                 
# span 5 =          0,          6                 
# span 6 =          0,          2                 
# span 7 = 0.0000e+00, 0.0000e+00                 
# interval = seconds: 0.25
# start_time = Aug 14 2022 16:31:21 [Instrument's time stamp, header]
# bad_flag = -9.990e-29
*END*
[from data line 3596]
  1025.8882     55.101     55.560    32.0568     1.8433          1          1  0.000e+00
  1025.8861     55.215     55.674    32.0535     1.8434          1          1  0.000e+00
  1025.8907     55.315     55.776    32.0586     1.8431          1          1  0.000e+00
  1025.8883     55.392     55.853    32.0551     1.8428          1          1  0.000e+00
  1025.8834     55.443     55.904    32.0486     1.8420          1          1  0.000e+00
  1025.8815     55.462     55.923    32.0460     1.8400          1          1  0.000e+00
  1025.8823     55.442     55.903    32.0469     1.8385          1          1  0.000e+00
  1025.8842     55.389     55.849    32.0496     1.8374          1          1  0.000e+00
  1025.8904     55.289     55.749    32.0579     1.8378          1          1  0.000e+00
  1025.8882     55.144     55.602    32.0562     1.8398          1          1  0.000e+00
  1025.8841     54.957     55.414    32.0524     1.8420          1          1  0.000e+00
  1025.8810     54.732     55.188    32.0500     1.8440          1          1  0.000e+00
  1025.8756     54.466     54.919    32.0451     1.8463          1          1  0.000e+00
  1025.8697     54.179     54.630    32.0397     1.8491          1          1  0.000e+00
  1025.8644     53.874     54.322    32.0352     1.8528          1          1  0.000e+00
  1025.8595     53.567     54.013    32.0313     1.8576          1          1  0.000e+00
  1025.8557     53.264     53.707    32.0288     1.8621          1          1  0.000e+00
  1025.8527     52.975     53.415    32.0271     1.8666          1          1  0.000e+00
  1025.8485     52.720     53.158    32.0239     1.8721          1          1  0.000e+00
  1025.8485     52.502     52.938    32.0257     1.8776          1          1  0.000e+00
  1025.8472     52.331     52.766    32.0258     1.8853          1          1  0.000e+00
  1025.8440     52.215     52.649    32.0234     1.8952          1          1  0.000e+00
  1025.8361     52.150     52.583    32.0149     1.9059          1          1  0.000e+00
  1025.8279     52.143     52.577    32.0054     1.9133          1          1  0.000e+00
  1025.8240     52.179     52.613    32.0006     1.9168          1          1  0.000e+00
  1025.8250     52.261     52.695    32.0015     1.9184          1          1  0.000e+00
  1025.8284     52.391     52.827    32.0050     1.9200          1          1  0.000e+00
  1025.8216     52.535     52.971    31.9960     1.9232          1          1  0.000e+00
  1025.8259     52.700     53.138    32.0004     1.9228          1          1  0.000e+00
  1025.8273     52.859     53.298    32.0012     1.9232          1          1  0.000e+00
  1025.8261     53.024     53.465    31.9989     1.9246          1          1  0.000e+00
  1025.8178     53.136     53.578    31.9878     1.9248          1          1  0.000e+00
  1025.8149     53.198     53.641    31.9831     1.9176          1          1  0.000e+00
  1025.8229     53.199     53.642    31.9922     1.9063          1          1  0.000e+00
  1025.8347     53.140     53.582    32.0064     1.8969          1          1  0.000e+00
  1025.8433     53.024     53.465    32.0175     1.8942          1          1  0.000e+00
  1025.8390     52.851     53.290    32.0135     1.8978          1          1  0.000e+00
  1025.8341     52.626     53.063    32.0091     1.9009          1          1  0.000e+00
  1025.8351     52.368     52.803    32.0119     1.9020          1          1  0.000e+00
  1025.8331     52.083     52.516    32.0114     1.9050          1          1  0.000e+00
  1025.8293     51.790     52.221    32.0088     1.9090          1          1  0.000e+00
  1025.8268     51.494     51.921    32.0078     1.9131          1          1  0.000e+00
  1025.8231     51.213     51.638    32.0053     1.9181          1          1  0.000e+00
  1025.8180     50.952     51.375    32.0010     1.9236          1          1  0.000e+00
  1025.8145     50.711     51.132    31.9985     1.9292          1          1  0.000e+00
  1025.8107     50.500     50.920    31.9955     1.9350          1          1  0.000e+00
  1025.8080     50.317     50.735    31.9939     1.9418          1          1  0.000e+00
  1025.8080     50.170     50.587    31.9956     1.9517          1          1  0.000e+00
  1025.7979     50.061     50.477    31.9852     1.9685          1          1  0.000e+00
  1025.7818     49.988     50.403    31.9670     1.9854          1          1  0.000e+00
  1025.7799     49.955     50.370    31.9657     1.9955          1          1  0.000e+00
  1025.7721     49.970     50.385    31.9571     2.0079          1          1  0.000e+00
  1025.7547     50.018     50.433    31.9361     2.0196          1          1  0.000e+00
  1025.7521     50.094     50.510    31.9322     2.0179          1          1  0.000e+00
  1025.7674     50.179     50.596    31.9502     2.0104          1          1  0.000e+00
  1025.7674     50.269     50.687    31.9500     2.0140          1          1  0.000e+00
  1025.7595     50.354     50.772    31.9403     2.0210          1          1  0.000e+00
  1025.7586     50.420     50.838    31.9389     2.0231          1          1  0.000e+00
  1025.7677     50.456     50.875    31.9503     2.0258          1          1  0.000e+00
  1025.7601     50.447     50.866    31.9420     2.0389          1          1  0.000e+00
  1025.7458     50.407     50.826    31.9258     2.0549          1          1  0.000e+00
  1025.7305     50.320     50.738    31.9081     2.0637          1          1  0.000e+00
  1025.7337     50.199     50.616    31.9125     2.0599          1          1  0.000e+00
  1025.7395     50.038     50.454    31.9202     2.0556          1          1  0.000e+00
  1025.7394     49.842     50.256    31.9215     2.0568          1          1  0.000e+00
  1025.7355     49.613     50.025    31.9183     2.0614          1          1  0.000e+00
  1025.7317     49.360     49.770    31.9155     2.0661          1          1  0.000e+00
  1025.7282     49.089     49.497    31.9132     2.0712          1          1  0.000e+00
  1025.7312     48.812     49.218    31.9192     2.0773          1          1  0.000e+00
  1025.7240     48.539     48.942    31.9127     2.0871          1          1  0.000e+00
  1025.7191     48.284     48.685    31.9089     2.0964          1          1  0.000e+00
  1025.7142     48.054     48.453    31.9049     2.1043          1          1  0.000e+00
  1025.7137     47.865     48.262    31.9060     2.1113          1          1  0.000e+00
  1025.7163     47.729     48.125    31.9109     2.1200          1          1  0.000e+00
  1025.7165     47.645     48.041    31.9128     2.1325          1          1  0.000e+00
  1025.6994     47.620     48.015    31.8930     2.1467          1          1  0.000e+00
  1025.7101     47.654     48.049    31.9068     2.1539          1          1  0.000e+00
  1025.7075     47.748     48.144    31.9041     2.1656          1          1  0.000e+00
  1025.6836     47.872     48.269    31.8747     2.1790          1          1  0.000e+00
  1025.6907     48.026     48.424    31.8828     2.1797          1          1  0.000e+00
  1025.6960     48.199     48.599    31.8885     2.1816          1          1  0.000e+00
  1025.6896     48.367     48.769    31.8800     2.1872          1          1  0.000e+00
  1025.6789     48.513     48.916    31.8660     2.1897          1          1  0.000e+00
  1025.6654     48.599     49.003    31.8481     2.1838          1          1  0.000e+00
  1025.6775     48.615     49.019    31.8615     2.1657          1          1  0.000e+00
  1025.6882     48.543     48.946    31.8737     2.1496          1          1  0.000e+00
  1025.7113     48.396     48.798    31.9026     2.1409          1          1  0.000e+00
  1025.7071     48.181     48.581    31.8991     2.1457          1          1  0.000e+00
  1025.7014     47.908     48.306    31.8943     2.1525          1          1  0.000e+00
  1025.7004     47.587     47.982    31.8955     2.1577          1          1  0.000e+00
  1025.6977     47.235     47.627    31.8947     2.1640          1          1  0.000e+00
  1025.6970     46.869     47.258    31.8967     2.1705          1          1  0.000e+00
  1025.6983     46.512     46.898    31.9011     2.1789          1          1  0.000e+00
  1025.6938     46.174     46.557    31.8986     2.1904          1          1  0.000e+00
  1025.6920     45.874     46.254    31.8993     2.2028          1          1  0.000e+00
  1025.7022     45.613     45.991    31.9150     2.2178          1          1  0.000e+00
  1025.7224     45.410     45.787    31.9439     2.2425          1          1  0.000e+00
  1025.7114     45.264     45.639    31.9349     2.2839          1          1  0.000e+00
  1025.6769     45.163     45.538    31.8967     2.3291          1          1  0.000e+00
  1025.6393     45.126     45.501    31.8526     2.3589          1          1  0.000e+00
  1025.6299     45.141     45.515    31.8417     2.3681          1          1  0.000e+00
  1025.6631     45.180     45.555    31.8833     2.3718          1          1  0.000e+00
  1025.7127     45.263     45.638    31.9474     2.3961          1          1  0.000e+00
  1025.6685     45.375     45.752    31.8975     2.4598          1          1  0.000e+00
  1025.5931     45.504     45.881    31.8075     2.5112          1          1  0.000e+00
  1025.5729     45.626     46.004    31.7819     2.5164          1          1  0.000e+00
  1025.6034     45.743     46.123    31.8181     2.5029          1          1  0.000e+00
  1025.5919     45.846     46.226    31.8030     2.5024          1          1  0.000e+00
  1025.5885     45.904     46.285    31.7980     2.4977          1          1  0.000e+00
  1025.5281     45.926     46.307    31.7207     2.4825          1          1  0.000e+00
  1025.5746     45.904     46.285    31.7741     2.4317          1          1  0.000e+00
  1025.6258     45.846     46.226    31.8350     2.3949          1          1  0.000e+00
  1025.6404     45.745     46.125    31.8532     2.3875          1          1  0.000e+00
  1025.6426     45.605     45.984    31.8573     2.3937          1          1  0.000e+00
  1025.6502     45.427     45.804    31.8691     2.4061          1          1  0.000e+00
  1025.6484     45.218     45.594    31.8700     2.4265          1          1  0.000e+00
  1025.6390     44.989     45.363    31.8621     2.4519          1          1  0.000e+00
  1025.6441     44.749     45.120    31.8725     2.4772          1          1  0.000e+00
  1025.6451     44.501     44.870    31.8786     2.5124          1          1  0.000e+00
  1025.6212     44.255     44.622    31.8544     2.5554          1          1  0.000e+00
  1025.6046     44.012     44.377    31.8389     2.5936          1          1  0.000e+00
  1025.6082     43.776     44.139    31.8481     2.6258          1          1  0.000e+00
  1025.6224     43.549     43.910    31.8711     2.6650          1          1  0.000e+00
  1025.6129     43.335     43.694    31.8664     2.7230          1          1  0.000e+00
  1025.5500     43.134     43.492    31.7949     2.7822          1          1  0.000e+00
  1025.5834     42.957     43.313    31.8414     2.8180          1          1  0.000e+00
  1025.6040     42.802     43.157    31.8737     2.8711          1          1  0.000e+00
  1025.5559     42.682     43.035    31.8224     2.9508          1          1  0.000e+00
  1025.5268     42.596     42.949    31.7938     3.0196          1          1  0.000e+00
  1025.5073     42.552     42.905    31.7761     3.0795          1          1  0.000e+00
  1025.4799     42.554     42.907    31.7475     3.1339          1          1  0.000e+00
  1025.4375     42.603     42.956    31.6996     3.1855          1          1  0.000e+00
  1025.3837     42.684     43.037    31.6360     3.2254          1          1  0.000e+00
  1025.3683     42.780     43.135    31.6163     3.2280          1          1  0.000e+00
  1025.3905     42.913     43.268    31.6420     3.2151          1          1  0.000e+00
  1025.3890     43.043     43.400    31.6406     3.2266          1          1  0.000e+00
  1025.3390     43.169     43.527    31.5794     3.2473          1          1  0.000e+00
  1025.3048     43.268     43.627    31.5372     3.2599          1          1  0.000e+00
  1025.3035     43.318     43.677    31.5351     3.2580          1          1  0.000e+00
  1025.3070     43.319     43.678    31.5390     3.2539          1          1  0.000e+00
  1025.3156     43.265     43.623    31.5498     3.2509          1          1  0.000e+00
  1025.3246     43.166     43.524    31.5615     3.2492          1          1  0.000e+00
  1025.3204     43.016     43.372    31.5570     3.2478          1          1  0.000e+00
  1025.3143     42.827     43.182    31.5502     3.2455          1          1  0.000e+00
  1025.3109     42.596     42.949    31.5469     3.2420          1          1  0.000e+00
  1025.3127     42.354     42.705    31.5500     3.2366          1          1  0.000e+00
  1025.3075     42.101     42.450    31.5443     3.2303          1          1  0.000e+00
  1025.2914     41.854     42.200    31.5248     3.2231          1          1  0.000e+00
  1025.2785     41.624     41.968    31.5088     3.2117          1          1  0.000e+00
  1025.2689     41.417     41.760    31.4964     3.1969          1          1  0.000e+00
  1025.2683     41.236     41.577    31.4948     3.1799          1          1  0.000e+00
  1025.2274     41.077     41.417    31.4426     3.1629          1          1  0.000e+00
  1025.2436     40.945     41.284    31.4610     3.1376          1          1  0.000e+00
  1025.2578     40.833     41.171    31.4771     3.1163          1          1  0.000e+00
  1025.2238     40.741     41.079    31.4336     3.1033          1          1  0.000e+00
  1025.2149     40.665     41.002    31.4205     3.0797          1          1  0.000e+00
  1025.2177     40.613     40.950    31.4215     3.0544          1          1  0.000e+00
  1025.2037     40.569     40.905    31.4018     3.0316          1          1  0.000e+00
  1025.2151     40.542     40.878    31.4137     3.0071          1          1  0.000e+00
  1025.1347     40.528     40.864    31.3106     2.9851          1          1  0.000e+00
  1025.0775     40.525     40.861    31.2338     2.9365          1          1  0.000e+00
  1025.0603     40.534     40.870    31.2043     2.8582          1          1  0.000e+00
  1025.0671     40.542     40.878    31.2043     2.7759          1          1  0.000e+00
  1025.0982     40.545     40.881    31.2359     2.7014          1          1  0.000e+00
  1025.1242     40.537     40.873    31.2626     2.6425          1          1  0.000e+00
  1025.1352     40.510     40.846    31.2725     2.6007          1          1  0.000e+00
  1025.1931     40.456     40.791    31.3423     2.5698          1          1  0.000e+00
  1025.3253     40.378     40.712    31.5082     2.5678          1          1  0.000e+00
  1025.3286     40.271     40.604    31.5179     2.6185          1          1  0.000e+00
  1025.2590     40.146     40.478    31.4374     2.6775          1          1  0.000e+00
  1025.2159     40.012     40.344    31.3872     2.7070          1          1  0.000e+00
  1025.1911     39.871     40.201    31.3576     2.7141          1          1  0.000e+00
  1025.1712     39.739     40.068    31.3328     2.7079          1          1  0.000e+00
  1025.1675     39.617     39.945    31.3275     2.6940          1          1  0.000e+00
  1025.1636     39.505     39.833    31.3217     2.6785          1          1  0.000e+00
  1025.1678     39.412     39.738    31.3260     2.6624          1          1  0.000e+00
  1025.1449     39.332     39.657    31.2963     2.6477          1          1  0.000e+00
  1025.1429     39.260     39.586    31.2923     2.6278          1          1  0.000e+00
  1025.1440     39.199     39.524    31.2920     2.6077          1          1  0.000e+00
