data/eDNA/PER-2022-473/473A001.cnv
* Sea-Bird SBE19plus  Data File:
* FileName = C:\Users\RSG_field\Ryan_Perley2022473\CTD\473A001.hex
* Software version 2.3.0 SB_Terminal.dll
* Temperature SN = 7141
* Conductivity SN = 7141
* System UpLoad Time = Aug 06 2022 23:00:42
* <ApplicationData>
* <SeatermAF>
** Platform: M. Perley
** Cruise: Per2021171
** Station:  ESI_01
** Cast: 01
** Latitude: N
** Longitude: W
** Sounding:
** Chief Scientist: Ryan Stanley
** Comment: Connection to AF failed after this cast.
# nquan = 10
# nvalues = 1513                                  
# units = specified
# name 0 = density00: Density [density, kg/m^3]
# name 1 = depSM: Depth [salt water, m], lat = 45.00
# name 2 = prdM: Pressure, Strain Gauge [db]
# name 3 = sal00: Salinity, Practical [PSU]
# name 4 = tv290C: Temperature [ITS-90, deg C]
# name 5 = bpos: Bottle Position in Carousel
# name 6 = nbf: Bottles Fired
# name 7 = wetStar: Fluorescence, WET Labs WETstar [mg/m^3]
# name 8 = upoly0: Upoly 0, Ares turbidity
# name 9 = flag:  0.000e+00
# span 0 =   998.4722,  1024.2488                 
# span 1 =     -0.018,     20.254                 
# span 2 =     -0.018,     20.421                 
# span 3 =     0.0116,    31.2541                 
# span 4 =     7.4374,    18.7073                 
# span 5 =          0,          6                 
# span 6 =          0,          2                 
# span 7 =     2.9435,    16.4302                 
# span 8 =  0.0195315,  4.9870298                 
# span 9 = 0.0000e+00, 0.0000e+00                 
# interval = seconds: 0.25
# start_time = Aug 06 2022 12:34:57 [Instrument's time stamp, header]
# bad_flag = -9.990e-29
*END*
[from data line 289]
  1022.7319      0.957      0.964    30.5406    14.0794          0          0     3.9477  0.1964599  0.000e+00
  1022.7306      0.944      0.952    30.5401    14.0834          0          0     3.9021  0.2022583  0.000e+00
  1022.7268      0.918      0.926    30.5362    14.0872          0          0     4.0003  0.1991302  0.000e+00
  1022.7222      0.886      0.893    30.5313    14.0903          0          0     3.8425  0.2069123  0.000e+00
  1022.7312      0.852      0.859    30.5438    14.0927          0          0     4.0330  0.2004273  0.000e+00
  1022.7488      0.809      0.816    30.5672    14.0939          0          0     3.8448  0.2030976  0.000e+00
  1022.7490      0.767      0.773    30.5689    14.0985          0          0     3.9453  0.1972229  0.000e+00
  1022.7513      0.724      0.730    30.5741    14.1060          0          0     3.9325  0.2038605  0.000e+00
  1022.7554      0.689      0.695    30.5815    14.1131          0          0     4.5357  0.2000458  0.000e+00
  1022.7521      0.671      0.677    30.5790    14.1194          0          0     4.0587  0.2035554  0.000e+00
  1022.7476      0.742      0.748    30.5742    14.1249          0          0     4.0026  0.1996643  0.000e+00
  1022.7248      0.971      0.979    30.5440    14.1277          0          0     3.8565  0.2017243  0.000e+00
  1022.7538      1.171      1.180    30.5780    14.1183          0          0     3.6145  0.2046235  0.000e+00
  1022.7723      1.286      1.297    30.6002    14.1142          0          0     3.7805  0.2024872  0.000e+00
  1022.7632      1.366      1.377    30.5903    14.1231          0          0     3.8062  0.2018769  0.000e+00
  1022.7572      1.430      1.442    30.5835    14.1284          0          0     4.1125  0.2108797  0.000e+00
  1022.7559      1.463      1.475    30.5819    14.1294          0          0     3.7934  0.1962310  0.000e+00
  1022.7614      1.459      1.471    30.5892    14.1296          0          0     3.9336  0.1974517  0.000e+00
  1022.7582      1.417      1.428    30.5861    14.1330          0          0     3.7863  0.1953918  0.000e+00
  1022.7558      1.338      1.349    30.5844    14.1365          0          0     3.8261  0.1987488  0.000e+00
  1022.7540      1.241      1.251    30.5836    14.1405          0          0     3.6449  0.2011902  0.000e+00
  1022.7514      1.140      1.149    30.5818    14.1440          0          0     3.5198  0.1992065  0.000e+00
  1022.7462      1.055      1.064    30.5761    14.1460          0          0     3.4883  0.2067597  0.000e+00
  1022.6326      0.997      1.005    30.4288    14.1449          0          0     3.6110  0.2001984  0.000e+00
  1022.7358      0.973      0.981    30.5622    14.1427          0          0     3.6087  0.2043183  0.000e+00
  1022.7410      0.981      0.989    30.5679    14.1391          0          0     3.6753  0.1949340  0.000e+00
  1022.7435      1.016      1.024    30.5698    14.1343          0          0     3.7583  0.2026398  0.000e+00
  1022.7425      1.071      1.080    30.5668    14.1290          0          0     3.7735  0.2095827  0.000e+00
  1022.7516      1.138      1.147    30.5765    14.1228          0          0     3.7618  0.2037079  0.000e+00
  1022.7572      1.210      1.220    30.5829    14.1214          0          0     3.7384  0.2066072  0.000e+00
  1022.7608      1.277      1.287    30.5880    14.1242          0          0     3.8144  0.2025635  0.000e+00
  1022.7558      1.324      1.335    30.5825    14.1291          0          0     3.8974  0.2034791  0.000e+00
  1022.7554      1.351      1.362    30.5825    14.1315          0          0     3.8062  0.2053101  0.000e+00
  1022.7553      1.354      1.365    30.5827    14.1330          0          0     3.8565  0.2064546  0.000e+00
  1022.7696      1.335      1.346    30.6020    14.1355          0          0     3.8343  0.2034791  0.000e+00
  1022.7590      1.300      1.311    30.5917    14.1476          0          0     3.8857  0.2043183  0.000e+00
  1022.7387      1.264      1.274    30.5676    14.1551          0          0     3.8366  0.1979858  0.000e+00
  1022.7434      1.232      1.242    30.5728    14.1511          0          0     3.8588  0.2080568  0.000e+00
  1022.7489      1.218      1.228    30.5793    14.1484          0          0     3.8775  0.2054627  0.000e+00
  1022.7499      1.226      1.236    30.5806    14.1485          0          0     4.2329  0.2105745  0.000e+00
  1022.7529      1.243      1.253    30.5850    14.1511          0          0     3.9640  0.1990539  0.000e+00
  1022.7438      1.260      1.270    30.5739    14.1541          0          0     3.8670  0.1982910  0.000e+00
  1022.7497      1.272      1.283    30.5810    14.1519          0          0     3.9792  0.1969940  0.000e+00
  1022.7511      1.277      1.287    30.5829    14.1525          0          0     3.9617  0.2050813  0.000e+00
  1022.7507      1.270      1.281    30.5832    14.1557          0          0     3.9652  0.1952392  0.000e+00
  1022.7507      1.254      1.265    30.5842    14.1588          0          0     4.4749  0.2033265  0.000e+00
  1022.7437      1.233      1.243    30.5761    14.1621          0          0     4.0657  0.1970703  0.000e+00
  1022.7410      1.221      1.231    30.5727    14.1621          0          0     4.1277  0.2066072  0.000e+00
  1022.7433      1.220      1.230    30.5752    14.1606          0          0     4.0505  0.1998932  0.000e+00
  1022.7440      1.232      1.242    30.5761    14.1611          0          0     4.2937  0.1973754  0.000e+00
  1022.7371      1.250      1.260    30.5673    14.1617          0          0     4.1370  0.2117189  0.000e+00
  1022.7372      1.266      1.276    30.5670    14.1603          0          0     4.2633  0.2054627  0.000e+00
  1022.7385      1.277      1.287    30.5685    14.1601          0          0     4.1230  0.2031739  0.000e+00
  1022.7435      1.271      1.282    30.5744    14.1576          0          0     4.1102  0.1982147  0.000e+00
  1022.7468      1.252      1.262    30.5785    14.1566          0          0     4.0237  0.1992065  0.000e+00
  1022.7477      1.221      1.231    30.5803    14.1581          0          0     4.0330  0.2020294  0.000e+00
  1022.7424      1.178      1.188    30.5739    14.1591          0          0     3.8682  0.2000458  0.000e+00
  1022.7420      1.131      1.141    30.5733    14.1576          0          0     3.8892  0.2021820  0.000e+00
  1022.7451      1.088      1.097    30.5768    14.1551          0          0     3.9956  0.1978332  0.000e+00
  1022.7468      1.057      1.066    30.5790    14.1542          0          0     3.9395  0.2082856  0.000e+00
  1022.7449      1.047      1.055    30.5769    14.1551          0          0     4.0599  0.1982147  0.000e+00
  1022.7436      1.057      1.066    30.5752    14.1554          0          0     3.9746  0.2007324  0.000e+00
  1022.7451      1.096      1.105    30.5765    14.1535          0          0     3.9652  0.2013428  0.000e+00
  1022.7462      1.158      1.167    30.5771    14.1519          0          0     3.9395  0.1990539  0.000e+00
  1022.7492      1.236      1.246    30.5806    14.1523          0          0     3.8740  0.2136263  0.000e+00
  1022.7540      1.313      1.323    30.5873    14.1556          0          0     3.9512  0.1982147  0.000e+00
  1022.7530      1.380      1.392    30.5870    14.1609          0          0     3.8892  0.2058442  0.000e+00
  1022.7476      1.429      1.441    30.5812    14.1667          0          0     3.9640  0.2056153  0.000e+00
  1022.7341      1.454      1.466    30.5639    14.1681          0          0     3.9933  0.1982147  0.000e+00
  1022.7448      1.454      1.466    30.5764    14.1629          0          0     3.9757  0.2016480  0.000e+00
  1022.7460      1.426      1.438    30.5776    14.1610          0          0     3.9278  0.1923400  0.000e+00
  1022.7511      1.376      1.388    30.5849    14.1621          0          0     3.9956  0.2055390  0.000e+00
  1022.7465      1.313      1.323    30.5803    14.1663          0          0     3.8425  1.9082933  0.000e+00
  1022.7462      1.243      1.253    30.5811    14.1690          0          0     3.7817  0.2065309  0.000e+00
  1022.7472      1.176      1.186    30.5836    14.1720          0          0     3.7630  0.3290608  0.000e+00
  1022.7449      1.113      1.122    30.5820    14.1763          0          0     3.7817  0.1955444  0.000e+00
  1022.7422      1.064      1.072    30.5799    14.1801          0          0     3.8050  0.1980621  0.000e+00
  1022.7386      1.030      1.038    30.5762    14.1830          0          0     3.7419  0.2035554  0.000e+00
  1022.7358      1.013      1.021    30.5727    14.1835          0          0     3.8495  0.1942473  0.000e+00
  1022.7365      1.019      1.027    30.5734    14.1826          0          0     3.8413  0.2008087  0.000e+00
  1022.7396      1.051      1.059    30.5770    14.1816          0          0     3.8004  0.2009613  0.000e+00
  1022.7401      1.095      1.104    30.5778    14.1834          0          0     3.8658  0.2020294  0.000e+00
  1022.7311      1.154      1.163    30.5663    14.1853          0          0     3.8050  0.1953918  0.000e+00
  1022.7353      1.214      1.224    30.5705    14.1820          0          0     3.8822  0.1982147  0.000e+00
  1022.7348      1.272      1.283    30.5688    14.1791          0          0     3.8693  0.2095064  0.000e+00
  1022.7295      1.317      1.328    30.5608    14.1758          0          0     3.9430  0.2081331  0.000e+00
  1022.7353      1.353      1.364    30.5661    14.1685          0          0     4.1359  0.2008087  0.000e+00
  1022.7413      1.375      1.386    30.5723    14.1628          0          0     3.9395  0.2033265  0.000e+00
  1022.7421      1.386      1.397    30.5726    14.1606          0          0     4.0470  0.1982147  0.000e+00
  1022.7447      1.382      1.393    30.5757    14.1592          0          0     3.9325  0.1996643  0.000e+00
  1022.7477      1.365      1.376    30.5798    14.1597          0          0     3.9278  0.1987488  0.000e+00
  1022.7469      1.331      1.342    30.5796    14.1618          0          0     3.8238  0.2037842  0.000e+00
  1022.7470      1.286      1.297    30.5807    14.1646          0          0     3.7945  0.2018006  0.000e+00
  1022.7470      1.237      1.248    30.5818    14.1676          0          0     3.8284  0.1990539  0.000e+00
  1022.7444      1.192      1.202    30.5797    14.1713          0          0     3.7758  0.1995880  0.000e+00
  1022.7372      1.155      1.164    30.5712    14.1738          0          0     3.7922  0.2010376  0.000e+00
  1022.7378      1.127      1.136    30.5718    14.1723          0          0     3.8413  0.1996643  0.000e+00
  1022.7410      1.117      1.126    30.5754    14.1699          0          0     3.8553  0.1988251  0.000e+00
  1022.7441      1.119      1.128    30.5792    14.1694          0          0     3.8892  0.1979095  0.000e+00
  1022.7422      1.129      1.139    30.5773    14.1715          0          0     3.9827  0.1987488  0.000e+00
  1022.7420      1.145      1.155    30.5775    14.1741          0          0     3.9079  0.1959258  0.000e+00
  1022.7410      1.160      1.170    30.5767    14.1763          0          0     3.9114  0.1975280  0.000e+00
  1022.7407      1.173      1.182    30.5768    14.1780          0          0     4.0576  0.2031739  0.000e+00
  1022.7395      1.183      1.193    30.5756    14.1798          0          0     4.0657  0.1994354  0.000e+00
  1022.7390      1.196      1.206    30.5751    14.1807          0          0     3.9886  0.2030213  0.000e+00
  1022.7341      1.215      1.225    30.5687    14.1810          0          0     3.9710  0.2044709  0.000e+00
  1022.7278      1.240      1.250    30.5596    14.1783          0          0     3.9477  0.1978332  0.000e+00
  1022.7286      1.266      1.276    30.5585    14.1705          0          0     3.9909  0.2005035  0.000e+00
  1022.7378      1.289      1.300    30.5678    14.1610          0          0     4.0868  0.2109560  0.000e+00
  1022.7458      1.309      1.320    30.5767    14.1557          0          0     4.0844  0.2028687  0.000e+00
  1022.7470      1.335      1.346    30.5785    14.1572          0          0     4.0213  0.1997406  0.000e+00
  1022.7477      1.391      1.402    30.5799    14.1606          0          0     4.2352  0.2001221  0.000e+00
  1022.7363      1.464      1.476    30.5657    14.1641          0          0     3.9453  0.2047761  0.000e+00
  1022.7332      1.538      1.551    30.5601    14.1601          0          0     4.0295  0.1962310  0.000e+00
  1022.7492      1.605      1.618    30.5784    14.1524          0          0     4.1768  0.1993591  0.000e+00
  1022.7494      1.665      1.678    30.5784    14.1525          0          0     4.1382  0.2005035  0.000e+00
  1022.7431      1.720      1.734    30.5703    14.1542          0          0     4.0587  0.2030213  0.000e+00
  1022.7501      1.771      1.785    30.5782    14.1509          0          0     4.1768  0.2142367  0.000e+00
  1022.7506      1.818      1.833    30.5785    14.1501          0          0     4.3767  0.2028687  0.000e+00
  1022.7500      1.868      1.883    30.5777    14.1513          0          0     4.1172  0.2044709  0.000e+00
  1022.7471      1.921      1.937    30.5739    14.1523          0          0     3.9699  0.2023346  0.000e+00
  1022.7403      1.984      2.000    30.5641    14.1501          0          0     3.7688  0.2067597  0.000e+00
  1022.7578      2.060      2.077    30.5844    14.1428          0          0     3.7676  0.2021057  0.000e+00
  1022.8073      2.149      2.167    30.6492    14.1470          0          0     3.7489  0.2029450  0.000e+00
  1022.8922      2.256      2.274    30.7695    14.1877          0          0     3.8121  0.1998932  0.000e+00
  1022.8334      2.373      2.392    30.7199    14.2910          0          0     3.6975  0.2018769  0.000e+00
  1022.6662      2.504      2.525    30.5275    14.3858          0          0     3.6613  0.2037842  0.000e+00
  1022.5321      2.633      2.655    30.3522    14.3837          0          0     3.5642  0.2024872  0.000e+00
  1022.6457      2.758      2.781    30.4711    14.2792          0          0     3.5607  0.2022583  0.000e+00
  1022.7291      2.882      2.906    30.5583    14.2034          0          0     3.5537  0.2064546  0.000e+00
  1022.5992      3.012      3.036    30.3822    14.1768          0          0     3.5572  0.2057679  0.000e+00
  1022.4756      3.135      3.160    30.1909    14.0618          0          0     3.6274  0.2055390  0.000e+00
  1022.5683      3.264      3.291    30.2499    13.8302          0          0     3.6706  0.2043946  0.000e+00
  1022.6329      3.394      3.422    30.2724    13.5955          0          0     3.7630  0.2021057  0.000e+00
  1022.7806      3.530      3.559    30.4060    13.3723          0          0     3.6601  0.1962310  0.000e+00
  1022.9016      3.667      3.697    30.5211    13.2113          0          0     3.7758  0.1999695  0.000e+00
  1022.7305      3.798      3.829    30.2711    13.0999          0          0     3.5818  0.2050813  0.000e+00
  1022.7790      3.919      3.951    30.2790    12.8813          0          0     3.5888  0.1959258  0.000e+00
  1022.9643      4.027      4.060    30.4568    12.6325          0          0     3.7431  0.1952392  0.000e+00
  1023.1194      4.119      4.153    30.6147    12.4599          0          0     3.8717  0.1980621  0.000e+00
  1023.2073      4.197      4.231    30.7058    12.3687          0          0     4.3767  0.2075227  0.000e+00
  1023.2529      4.259      4.294    30.7541    12.3261          0          0     4.1885  0.2046998  0.000e+00
  1023.2801      4.312      4.348    30.7842    12.3067          0          0     4.0576  0.2009613  0.000e+00
