data/eDNA/PER-2022-473/473A029.cnv
* Sea-Bird SBE19plus  Data File:
* FileName = C:\Users\RSG_field\Ryan_Perley2022473\CTD\473A029.hex
* Software version 2.3.0 SB_Terminal.dll
* Temperature SN = 7141
* Conductivity SN = 7141
* System UpLoad Time = Aug 16 2022 17:54:34
* <ApplicationData>
* <SeatermAF>
** Platform: M. Perley
** Cruise: Per2022473
** Station:  SAB_Trans_14
** Cast: 01 473A029
** Latitude: N  46 11.6974
** Longitude: W 58 51.1420
** Sounding: 236
** Chief Scientist: Ryan Stanley
** Comment: Bottles 493927-43932 - sounding based on plumb line cast 48
# nquan = 8
# nvalues = 6865                                  
# units = specified
# name 0 = density00: Density [density, kg/m^3]
# name 1 = depSM: Depth [salt water, m], lat = 45.00
# name 2 = prdM: Pressure, Strain Gauge [db]
# name 3 = sal00: Salinity, Practical [PSU]
# name 4 = tv290C: Temperature [ITS-90, deg C]
# name 5 = bpos: Bottle Position in Carousel
# name 6 = nbf: Bottles Fired
# name 7 = flag:  0.000e+00
# span 0 =   998.6288,  1027.9960                 
# span 1 =     -0.045,    207.070                 
# span 2 =     -0.045,    208.870                 
# span 3 =     0.1030,    34.6316                 
# span 4 =     1.7588,    20.1287                 
# span 5 =          0,          6                 
# span 6 =          0,          2                 
# span 7 = 0.0000e+00, 0.0000e+00                 
# interval = seconds: 0.25
# start_time = Aug 16 2022 17:20:25 [Instrument's time stamp, header]
# bad_flag = -9.990e-29
*END*
[from data line 4495]
  1027.7536    169.065    170.519    34.4554     7.1225          1          1  0.000e+00
  1027.7470    168.959    170.412    34.4482     7.1261          1          1  0.000e+00
  1027.7473    168.841    170.293    34.4495     7.1270          1          1  0.000e+00
  1027.7394    168.720    170.171    34.4402     7.1278          1          1  0.000e+00
  1027.7367    168.603    170.053    34.4373     7.1264          1          1  0.000e+00
  1027.7342    168.495    169.944    34.4342     7.1237          1          1  0.000e+00
  1027.7342    168.402    169.850    34.4341     7.1200          1          1  0.000e+00
  1027.7306    168.320    169.768    34.4292     7.1160          1          1  0.000e+00
  1027.7205    168.249    169.696    34.4159     7.1113          1          1  0.000e+00
  1027.7229    168.190    169.636    34.4179     7.1034          1          1  0.000e+00
  1027.7240    168.138    169.583    34.4183     7.0956          1          1  0.000e+00
  1027.7155    168.085    169.530    34.4066     7.0892          1          1  0.000e+00
  1027.7189    168.032    169.476    34.4096     7.0805          1          1  0.000e+00
  1027.7201    167.969    169.413    34.4101     7.0724          1          1  0.000e+00
  1027.7290    167.900    169.344    34.4206     7.0657          1          1  0.000e+00
  1027.7355    167.819    169.261    34.4288     7.0632          1          1  0.000e+00
  1027.7274    167.725    169.167    34.4192     7.0636          1          1  0.000e+00
  1027.7299    167.630    169.071    34.4227     7.0621          1          1  0.000e+00
  1027.7325    167.532    168.972    34.4264     7.0611          1          1  0.000e+00
  1027.7282    167.444    168.884    34.4214     7.0613          1          1  0.000e+00
  1027.7239    167.366    168.805    34.4163     7.0603          1          1  0.000e+00
  1027.7248    167.307    168.746    34.4173     7.0582          1          1  0.000e+00
  1027.7151    167.268    168.706    34.4049     7.0560          1          1  0.000e+00
  1027.7004    167.244    168.681    34.3851     7.0496          1          1  0.000e+00
  1027.7072    167.235    168.673    34.3919     7.0389          1          1  0.000e+00
  1027.7008    167.230    168.668    34.3821     7.0295          1          1  0.000e+00
  1027.7094    167.225    168.662    34.3912     7.0191          1          1  0.000e+00
  1027.7153    167.213    168.650    34.3975     7.0124          1          1  0.000e+00
  1027.7201    167.193    168.630    34.4031     7.0087          1          1  0.000e+00
  1027.7210    167.158    168.595    34.4043     7.0076          1          1  0.000e+00
  1027.7264    167.108    168.545    34.4113     7.0075          1          1  0.000e+00
  1027.7265    167.042    168.478    34.4123     7.0096          1          1  0.000e+00
  1027.7226    166.965    168.400    34.4082     7.0120          1          1  0.000e+00
  1027.7196    166.873    168.307    34.4051     7.0133          1          1  0.000e+00
  1027.7199    166.770    168.203    34.4062     7.0135          1          1  0.000e+00
  1027.7192    166.661    168.093    34.4060     7.0139          1          1  0.000e+00
  1027.7178    166.551    167.983    34.4049     7.0141          1          1  0.000e+00
  1027.7181    166.437    167.867    34.4059     7.0141          1          1  0.000e+00
  1027.7157    166.325    167.755    34.4036     7.0144          1          1  0.000e+00
  1027.7129    166.217    167.646    34.4006     7.0139          1          1  0.000e+00
  1027.7122    166.112    167.540    34.4000     7.0124          1          1  0.000e+00
  1027.7108    166.013    167.439    34.3986     7.0107          1          1  0.000e+00
  1027.7068    165.919    167.345    34.3936     7.0086          1          1  0.000e+00
  1027.7054    165.834    167.259    34.3918     7.0054          1          1  0.000e+00
  1027.7023    165.759    167.183    34.3876     7.0017          1          1  0.000e+00
  1027.6940    165.687    167.111    34.3766     6.9967          1          1  0.000e+00
  1027.7062    165.620    167.043    34.3913     6.9901          1          1  0.000e+00
  1027.7117    165.550    166.973    34.3983     6.9881          1          1  0.000e+00
  1027.7019    165.480    166.902    34.3863     6.9884          1          1  0.000e+00
  1027.7008    165.407    166.828    34.3850     6.9863          1          1  0.000e+00
  1027.7035    165.332    166.752    34.3883     6.9832          1          1  0.000e+00
  1027.7064    165.254    166.674    34.3921     6.9812          1          1  0.000e+00
  1027.7079    165.175    166.594    34.3945     6.9810          1          1  0.000e+00
  1027.7053    165.093    166.511    34.3919     6.9821          1          1  0.000e+00
  1027.7021    165.010    166.428    34.3883     6.9823          1          1  0.000e+00
  1027.7009    164.927    166.343    34.3871     6.9813          1          1  0.000e+00
  1027.7003    164.844    166.260    34.3865     6.9800          1          1  0.000e+00
  1027.7010    164.763    166.179    34.3876     6.9787          1          1  0.000e+00
  1027.7008    164.682    166.096    34.3877     6.9775          1          1  0.000e+00
  1027.7007    164.604    166.018    34.3880     6.9775          1          1  0.000e+00
  1027.7008    164.533    165.946    34.3885     6.9771          1          1  0.000e+00
  1027.6989    164.471    165.883    34.3863     6.9766          1          1  0.000e+00
  1027.6924    164.416    165.829    34.3782     6.9755          1          1  0.000e+00
  1027.6854    164.362    165.774    34.3690     6.9719          1          1  0.000e+00
  1027.6905    164.309    165.721    34.3746     6.9658          1          1  0.000e+00
  1027.6971    164.252    165.663    34.3825     6.9611          1          1  0.000e+00
  1027.6985    164.182    165.592    34.3844     6.9592          1          1  0.000e+00
  1027.6896    164.106    165.515    34.3735     6.9589          1          1  0.000e+00
  1027.6983    164.017    165.425    34.3846     6.9562          1          1  0.000e+00
  1027.6851    163.918    165.326    34.3683     6.9559          1          1  0.000e+00
  1027.6806    163.819    165.226    34.3624     6.9519          1          1  0.000e+00
  1027.6909    163.714    165.120    34.3751     6.9459          1          1  0.000e+00
  1027.6931    163.616    165.021    34.3782     6.9440          1          1  0.000e+00
  1027.6914    163.518    164.922    34.3766     6.9440          1          1  0.000e+00
  1027.6881    163.425    164.828    34.3729     6.9438          1          1  0.000e+00
  1027.6857    163.328    164.731    34.3702     6.9426          1          1  0.000e+00
  1027.6841    163.232    164.633    34.3684     6.9410          1          1  0.000e+00
  1027.6844    163.128    164.528    34.3689     6.9383          1          1  0.000e+00
  1027.6906    163.024    164.424    34.3768     6.9352          1          1  0.000e+00
  1027.6931    162.921    164.320    34.3805     6.9346          1          1  0.000e+00
  1027.6913    162.819    164.217    34.3792     6.9361          1          1  0.000e+00
  1027.6910    162.729    164.126    34.3794     6.9373          1          1  0.000e+00
  1027.6906    162.649    164.045    34.3796     6.9379          1          1  0.000e+00
  1027.6859    162.586    163.982    34.3740     6.9380          1          1  0.000e+00
  1027.6847    162.537    163.932    34.3727     6.9375          1          1  0.000e+00
  1027.6815    162.504    163.899    34.3684     6.9358          1          1  0.000e+00
  1027.6735    162.484    163.879    34.3579     6.9330          1          1  0.000e+00
  1027.6661    162.475    163.869    34.3474     6.9269          1          1  0.000e+00
  1027.6723    162.464    163.859    34.3538     6.9184          1          1  0.000e+00
  1027.6773    162.454    163.849    34.3592     6.9118          1          1  0.000e+00
  1027.6812    162.431    163.825    34.3634     6.9078          1          1  0.000e+00
  1027.6849    162.390    163.784    34.3681     6.9062          1          1  0.000e+00
  1027.6861    162.327    163.721    34.3701     6.9064          1          1  0.000e+00
  1027.6880    162.243    163.636    34.3733     6.9077          1          1  0.000e+00
  1027.6854    162.137    163.529    34.3709     6.9099          1          1  0.000e+00
  1027.6836    162.015    163.406    34.3696     6.9115          1          1  0.000e+00
  1027.6814    161.877    163.266    34.3679     6.9126          1          1  0.000e+00
  1027.6803    161.725    163.113    34.3674     6.9127          1          1  0.000e+00
  1027.6785    161.568    162.954    34.3660     6.9128          1          1  0.000e+00
  1027.6773    161.408    162.793    34.3653     6.9123          1          1  0.000e+00
  1027.6764    161.253    162.637    34.3650     6.9116          1          1  0.000e+00
  1027.6758    161.106    162.488    34.3650     6.9109          1          1  0.000e+00
  1027.6751    160.974    162.355    34.3648     6.9102          1          1  0.000e+00
  1027.6741    160.859    162.240    34.3640     6.9095          1          1  0.000e+00
  1027.6727    160.763    162.142    34.3627     6.9086          1          1  0.000e+00
  1027.6709    160.682    162.061    34.3606     6.9074          1          1  0.000e+00
  1027.6714    160.619    161.997    34.3613     6.9056          1          1  0.000e+00
  1027.6714    160.570    161.948    34.3613     6.9037          1          1  0.000e+00
  1027.6713    160.530    161.907    34.3611     6.9023          1          1  0.000e+00
  1027.6697    160.501    161.878    34.3590     6.9007          1          1  0.000e+00
  1027.6727    160.471    161.848    34.3625     6.8987          1          1  0.000e+00
  1027.6711    160.442    161.818    34.3605     6.8979          1          1  0.000e+00
  1027.6678    160.403    161.780    34.3564     6.8966          1          1  0.000e+00
  1027.6695    160.356    161.731    34.3584     6.8943          1          1  0.000e+00
  1027.6733    160.296    161.671    34.3633     6.8927          1          1  0.000e+00
  1027.6741    160.225    161.600    34.3647     6.8928          1          1  0.000e+00
  1027.6738    160.141    161.515    34.3650     6.8938          1          1  0.000e+00
  1027.6700    160.046    161.419    34.3609     6.8949          1          1  0.000e+00
  1027.6692    159.945    161.317    34.3605     6.8948          1          1  0.000e+00
  1027.6695    159.849    161.220    34.3614     6.8945          1          1  0.000e+00
  1027.6681    159.749    161.119    34.3602     6.8944          1          1  0.000e+00
  1027.6673    159.653    161.022    34.3597     6.8939          1          1  0.000e+00
  1027.6667    159.554    160.922    34.3594     6.8933          1          1  0.000e+00
  1027.6659    159.458    160.826    34.3588     6.8927          1          1  0.000e+00
  1027.6659    159.356    160.722    34.3592     6.8919          1          1  0.000e+00
  1027.6656    159.251    160.616    34.3594     6.8911          1          1  0.000e+00
  1027.6649    159.150    160.515    34.3589     6.8906          1          1  0.000e+00
  1027.6632    159.053    160.417    34.3573     6.8901          1          1  0.000e+00
  1027.6631    158.964    160.327    34.3575     6.8890          1          1  0.000e+00
  1027.6608    158.889    160.251    34.3548     6.8878          1          1  0.000e+00
  1027.6623    158.829    160.191    34.3568     6.8861          1          1  0.000e+00
  1027.6634    158.781    160.142    34.3582     6.8849          1          1  0.000e+00
  1027.6626    158.744    160.105    34.3574     6.8843          1          1  0.000e+00
  1027.6601    158.707    160.067    34.3542     6.8837          1          1  0.000e+00
  1027.6592    158.664    160.025    34.3530     6.8822          1          1  0.000e+00
  1027.6627    158.615    159.975    34.3575     6.8805          1          1  0.000e+00
  1027.6643    158.546    159.906    34.3599     6.8801          1          1  0.000e+00
  1027.6644    158.456    159.815    34.3606     6.8809          1          1  0.000e+00
  1027.6630    158.352    159.710    34.3598     6.8821          1          1  0.000e+00
  1027.6618    158.238    159.595    34.3590     6.8831          1          1  0.000e+00
  1027.6608    158.120    159.476    34.3585     6.8837          1          1  0.000e+00
  1027.6595    158.001    159.356    34.3576     6.8840          1          1  0.000e+00
  1027.6576    157.887    159.240    34.3559     6.8840          1          1  0.000e+00
  1027.6569    157.781    159.133    34.3556     6.8834          1          1  0.000e+00
  1027.6561    157.681    159.033    34.3550     6.8827          1          1  0.000e+00
  1027.6558    157.594    158.945    34.3550     6.8818          1          1  0.000e+00
  1027.6557    157.514    158.864    34.3551     6.8808          1          1  0.000e+00
  1027.6553    157.445    158.794    34.3549     6.8799          1          1  0.000e+00
  1027.6547    157.381    158.730    34.3543     6.8789          1          1  0.000e+00
  1027.6550    157.322    158.670    34.3548     6.8778          1          1  0.000e+00
  1027.6550    157.256    158.604    34.3552     6.8773          1          1  0.000e+00
  1027.6553    157.187    158.534    34.3558     6.8766          1          1  0.000e+00
  1027.6562    157.116    158.462    34.3573     6.8764          1          1  0.000e+00
  1027.6562    157.031    158.377    34.3578     6.8768          1          1  0.000e+00
  1027.6552    156.941    158.286    34.3573     6.8774          1          1  0.000e+00
  1027.6538    156.841    158.185    34.3562     6.8779          1          1  0.000e+00
  1027.6541    156.738    158.081    34.3571     6.8780          1          1  0.000e+00
  1027.6534    156.628    157.970    34.3570     6.8784          1          1  0.000e+00
  1027.6517    156.524    157.865    34.3555     6.8789          1          1  0.000e+00
  1027.6511    156.428    157.768    34.3553     6.8788          1          1  0.000e+00
  1027.6504    156.348    157.688    34.3549     6.8785          1          1  0.000e+00
  1027.6499    156.286    157.626    34.3544     6.8780          1          1  0.000e+00
  1027.6498    156.243    157.582    34.3545     6.8775          1          1  0.000e+00
  1027.6497    156.211    157.550    34.3544     6.8768          1          1  0.000e+00
  1027.6495    156.192    157.530    34.3542     6.8762          1          1  0.000e+00
  1027.6488    156.175    157.513    34.3533     6.8755          1          1  0.000e+00
  1027.6496    156.154    157.492    34.3542     6.8747          1          1  0.000e+00
  1027.6501    156.126    157.464    34.3550     6.8742          1          1  0.000e+00
  1027.6500    156.088    157.426    34.3550     6.8740          1          1  0.000e+00
  1027.6504    156.049    157.386    34.3558     6.8740          1          1  0.000e+00
  1027.6510    156.002    157.339    34.3569     6.8742          1          1  0.000e+00
  1027.6503    155.948    157.284    34.3565     6.8749          1          1  0.000e+00
  1027.6494    155.890    157.226    34.3557     6.8755          1          1  0.000e+00
  1027.6489    155.821    157.156    34.3555     6.8758          1          1  0.000e+00
  1027.6485    155.737    157.071    34.3555     6.8760          1          1  0.000e+00
  1027.6476    155.640    156.973    34.3551     6.8765          1          1  0.000e+00
  1027.6468    155.519    156.851    34.3547     6.8764          1          1  0.000e+00
  1027.6460    155.380    156.711    34.3546     6.8764          1          1  0.000e+00
  1027.6453    155.229    156.559    34.3545     6.8761          1          1  0.000e+00
