data/eDNA/PER-2022-473/473A001.cnv
* Sea-Bird SBE19plus  Data File:
* FileName = C:\Users\RSG_field\Ryan_Perley2022473\CTD\473A001.hex
* Software version 2.3.0 SB_Terminal.dll
* Temperature SN = 7141
* Conductivity SN = 7141
* System UpLoad Time = Aug 06 2022 23:00:42
* <ApplicationData>
* <SeatermAF>
** Platform: M. Perley
** Cruise: Per2021171
** Station:  ESI_01
** Cast: 01
** Latitude: N
** Longitude: W
** Sounding:
** Chief Scientist: Ryan Stanley
** Comment: Connection to AF failed after this cast.
# nquan = 10
# nvalues = 1513                                  
# units = specified
# name 0 = density00: Density [density, kg/m^3]
# name 1 = depSM: Depth [salt water, m], lat = 45.00
# name 2 = prdM: Pressure, Strain Gauge [db]
# name 3 = sal00: Salinity, Practical [PSU]
# name 4 = tv290C: Temperature [ITS-90, deg C]
# name 5 = bpos: Bottle Position in Carousel
# name 6 = nbf: Bottles Fired
# name 7 = wetStar: Fluorescence, WET Labs WETstar [mg/m^3]
# name 8 = upoly0: Upoly 0, Ares turbidity
# name 9 = flag:  0.000e+00
# span 0 =   998.4722,  1024.2488                 
# span 1 =     -0.018,     20.254                 
# span 2 =     -0.018,     20.421                 
# span 3 =     0.0116,    31.2541                 
# span 4 =     7.4374,    18.7073                 
# span 5 =          0,          6                 
# span 6 =          0,          2                 
# span 7 =     2.9435,    16.4302                 
# span 8 =  0.0195315,  4.9870298                 
# span 9 = 0.0000e+00, 0.0000e+00                 
# interval = seconds: 0.25
# start_time = Aug 06 2022 12:34:57 [Instrument's time stamp, header]
# bad_flag = -9.990e-29
*END*
[from data line 1154]
  1024.0861     11.986     12.084    30.8836     8.0859          6          2    11.2527  0.2014954  0.000e+00
  1024.0776     11.864     11.961    30.8763     8.1013          6          2     9.6968  0.2030976  0.000e+00
  1024.0706     11.755     11.851    30.8703     8.1143          6          2     7.7142  0.2056153  0.000e+00
  1024.0648     11.657     11.753    30.8652     8.1236          6          2     9.1263  0.1997406  0.000e+00
  1024.0674     11.567     11.662    30.8703     8.1305          6          2     8.7616  0.1976806  0.000e+00
  1024.0671     11.489     11.583    30.8720     8.1398          6          2    10.2824  0.2011902  0.000e+00
  1024.0610     11.414     11.508    30.8667     8.1509          6          2     8.4424  0.2036316  0.000e+00
  1024.0587     11.341     11.434    30.8658     8.1596          6          2     8.8224  0.2020294  0.000e+00
  1024.0706     11.266     11.358    30.8831     8.1688          6          2     9.2935  0.2072938  0.000e+00
  1024.0551     11.181     11.273    30.8668     8.1848          6          2     8.2800  0.1985199  0.000e+00
  1024.0681     11.089     11.180    30.8861     8.1969          6          2     7.8135  0.1985199  0.000e+00
  1024.0598     10.985     11.075    30.8795     8.2151          6          2     7.1320  0.2005798  0.000e+00
  1024.0428     10.865     10.954    30.8616     8.2321          6          2     7.5189  0.2036316  0.000e+00
  1024.0331     10.738     10.826    30.8514     8.2402          6          2     7.7562  0.2035554  0.000e+00
  1024.0334     10.603     10.691    30.8530     8.2427          6          2     7.2536  0.1997406  0.000e+00
  1024.0360     10.468     10.554    30.8577     8.2457          6          2     7.4406  0.2367437  0.000e+00
  1024.0347     10.333     10.418    30.8578     8.2505          6          2     7.1542  0.2008087  0.000e+00
  1024.0390     10.204     10.288    30.8650     8.2560          6          2     7.3798  0.2034028  0.000e+00
  1024.0360     10.094     10.176    30.8634     8.2646          6          2     7.4430  0.2031739  0.000e+00
  1024.0318      9.999     10.081    30.8602     8.2736          6          2     7.8486  0.2016480  0.000e+00
  1024.0324      9.924     10.005    30.8627     8.2807          6          2     7.4909  0.2018006  0.000e+00
  1024.0303      9.862      9.942    30.8618     8.2884          6          2     7.5365  0.2015717  0.000e+00
  1024.0334      9.810      9.890    30.8676     8.2963          6          2     7.6452  0.2064546  0.000e+00
  1024.0352      9.764      9.844    30.8723     8.3080          6          2     6.9754  0.1977569  0.000e+00
  1024.0320      9.716      9.796    30.8713     8.3229          6          2     7.1530  0.2055390  0.000e+00
  1024.0386      9.660      9.739    30.8826     8.3372          6          2     6.7170  0.2054627  0.000e+00
  1024.0364      9.584      9.662    30.8843     8.3588          6          2     7.6616  0.1995880  0.000e+00
  1024.0414      9.485      9.563    30.8956     8.3824          6          2     6.8725  0.2010376  0.000e+00
  1024.0208      9.360      9.437    30.8752     8.4106          6          2     6.7720  0.1998932  0.000e+00
  1023.9923      9.210      9.285    30.8432     8.4293          6          2     6.4294  0.2047761  0.000e+00
  1024.0079      9.036      9.110    30.8650     8.4341          6          2     6.8982  0.1979095  0.000e+00
  1024.0221      8.848      8.921    30.8867     8.4466          6          2     5.8999  0.2010376  0.000e+00
  1024.0370      8.655      8.726    30.9114     8.4713          6          2     5.8964  0.1977569  0.000e+00
  1024.0104      8.463      8.533    30.8853     8.5077          6          2     5.9373  0.2029450  0.000e+00
  1023.9992      8.286      8.354    30.8772     8.5351          6          2     5.6930  0.2000458  0.000e+00
  1023.9848      8.130      8.196    30.8637     8.5561          6          2     5.5141  0.2083619  0.000e+00
  1023.9830      7.997      8.063    30.8650     8.5709          6          2     5.8765  0.2078279  0.000e+00
  1023.9874      7.890      7.955    30.8740     8.5857          6          2     5.6497  0.2014954  0.000e+00
  1023.9993      7.808      7.872    30.8934     8.6057          6          2     5.8695  0.2032502  0.000e+00
  1023.9884      7.753      7.817    30.8855     8.6356          6          2     6.6492  0.2039368  0.000e+00
  1023.9726      7.710      7.773    30.8710     8.6645          6          2     6.6960  0.2057679  0.000e+00
  1023.9703      7.676      7.739    30.8723     8.6862          6          2     6.2938  0.2018006  0.000e+00
  1023.9480      7.648      7.711    30.8477     8.7057          6          2     6.5884  0.2000458  0.000e+00
  1023.9627      7.619      7.681    30.8689     8.7175          6          2     6.2038  0.1973754  0.000e+00
  1023.9615      7.587      7.649    30.8709     8.7344          6          2     6.7790  0.2069886  0.000e+00
  1023.9621      7.542      7.604    30.8756     8.7542          6          2     6.2868  0.2043183  0.000e+00
  1023.9630      7.481      7.542    30.8813     8.7757          6          2     5.5013  0.2075990  0.000e+00
  1023.9530      7.403      7.464    30.8735     8.7993          6          2     5.0933  0.2018769  0.000e+00
  1023.9583      7.304      7.364    30.8849     8.8208          6          2     4.9892  0.1960784  0.000e+00
  1023.9468      7.184      7.243    30.8760     8.8474          6          2     4.6736  0.2010376  0.000e+00
  1023.9421      7.042      7.100    30.8751     8.8695          6          2     4.5380  0.1969177  0.000e+00
  1023.9664      6.884      6.941    30.9111     8.8907          6          2     4.3030  0.2008850  0.000e+00
  1023.9529      6.717      6.772    30.9021     8.9282          6          2     4.1943  0.1995880  0.000e+00
  1023.9305      6.545      6.599    30.8813     8.9635          6          2     3.9418  0.1982147  0.000e+00
  1023.9218      6.373      6.425    30.8761     8.9884          6          2     3.8354  0.2009613  0.000e+00
  1023.9277      6.213      6.264    30.8890     9.0118          6          2     3.8284  0.2037842  0.000e+00
  1023.9137      6.068      6.118    30.8779     9.0422          6          2     3.9944  0.2018769  0.000e+00
  1023.9115      5.940      5.988    30.8813     9.0705          6          2     3.7723  0.2034791  0.000e+00
  1023.8856      5.828      5.876    30.8549     9.1011          6          2     4.1417  0.1989014  0.000e+00
  1023.9439      5.739      5.786    30.9342     9.1228          6          2     4.1452  0.1884489  0.000e+00
  1023.9714      5.660      5.706    30.9809     9.1789          6          2     4.1312  0.2008087  0.000e+00
  1024.0153      5.588      5.634    31.0576     9.2802          6          2     4.5076  0.1993591  0.000e+00
  1024.1215      5.515      5.560    31.2233     9.4276          6          2     4.2680  0.2050050  0.000e+00
  1023.9737      5.435      5.480    31.0776     9.6404          6          2     4.4188  0.2005798  0.000e+00
  1023.8972      5.346      5.390    31.0153     9.8123          6          2     4.3931  0.2064546  0.000e+00
  1023.8641      5.241      5.284    31.0030     9.9546          6          2     4.0248  0.1969940  0.000e+00
  1023.7267      5.122      5.164    30.8547    10.0848          6          2     4.1464  0.1976043  0.000e+00
  1023.8072      4.989      5.030    30.9733    10.1546          6          2     3.9348  0.1996643  0.000e+00
  1023.7599      4.848      4.888    30.9331    10.2472          6          2     3.8530  0.2087434  0.000e+00
  1023.7909      4.708      4.747    30.9950    10.3472          6          2     3.7104  0.1993591  0.000e+00
  1023.6482      4.574      4.612    30.8383    10.4678          6          2     3.5946  0.2060731  0.000e+00
  1023.7033      4.463      4.500    30.9273    10.5491          6          2     3.9699  0.1959258  0.000e+00
  1023.7328      4.370      4.406    30.9869    10.6466          6          2     4.4422  0.2035554  0.000e+00
  1023.8470      4.300      4.335    31.1649    10.7872          6          2     4.3358  0.1998932  0.000e+00
  1023.6993      4.251      4.286    31.0216    10.9966          6          2     4.7823  0.2027924  0.000e+00
  1023.5954      4.211      4.245    30.9243    11.1584          6          2     4.8314  0.2034791  0.000e+00
  1023.5466      4.181      4.216    30.8855    11.2643          6          2     4.8525  0.1959258  0.000e+00
  1023.5688      4.147      4.181    30.9339    11.3507          6          2     4.3556  0.2033265  0.000e+00
  1023.4966      4.104      4.138    30.8653    11.4563          6          2     4.4667  0.1910430  0.000e+00
  1023.4298      4.047      4.080    30.7977    11.5350          6          2     4.2224  0.2067597  0.000e+00
  1023.4055      3.972      4.005    30.7768    11.5788          6          2     3.9699  0.2072175  0.000e+00
  1023.3710      3.887      3.918    30.7389    11.6049          6          2     3.8974  0.2092012  0.000e+00
  1023.3614      3.786      3.817    30.7290    11.6134          6          2     3.8705  0.1976043  0.000e+00
  1023.3629      3.669      3.699    30.7319    11.6142          6          2     3.8471  0.2061494  0.000e+00
  1023.3672      3.533      3.562    30.7384    11.6150          6          2     3.6180  0.1998932  0.000e+00
  1023.3691      3.382      3.410    30.7426    11.6188          6          2     3.4240  0.2044709  0.000e+00
  1023.3834      3.218      3.244    30.7636    11.6259          6          2     3.5759  0.2584115  0.000e+00
  1023.3783      3.049      3.074    30.7620    11.6430          6          2     3.4088  0.2030213  0.000e+00
  1023.3778      2.881      2.904    30.7664    11.6609          6          2     3.6835  0.2009613  0.000e+00
  1023.3790      2.716      2.739    30.7737    11.6812          6          2     3.4380  0.1970703  0.000e+00
  1023.3755      2.562      2.583    30.7755    11.7046          6          2     3.4251  0.2093538  0.000e+00
  1023.3863      2.423      2.443    30.7962    11.7303          6          2     3.5642  0.2010376  0.000e+00
  1023.3775      2.303      2.322    30.7939    11.7662          6          2     3.6730  0.2021820  0.000e+00
  1023.3790      2.208      2.226    30.8047    11.8016          6          2     3.9488  0.1973754  0.000e+00
  1023.4294      2.140      2.157    30.8808    11.8480          6          2     4.2200  0.2067597  0.000e+00
  1023.5932      2.109      2.126    31.1162    11.9500          6          2     4.0646  0.2015717  0.000e+00
  1023.5819      2.102      2.119    31.1564    12.1808          6          2     4.1230  0.2002747  0.000e+00
  1023.5106      2.112      2.130    31.1339    12.4692          6          2     4.2691  0.2018006  0.000e+00
  1023.3013      2.119      2.136    30.9363    12.7663          6          2     4.3849  0.2048524  0.000e+00
  1023.1731      2.112      2.130    30.8203    12.9672          6          2     4.4422  0.2044709  0.000e+00
  1023.1814      2.082      2.099    30.8667    13.1088          6          2     4.3416  0.2011139  0.000e+00
  1023.0522      2.025      2.042    30.7392    13.2648          6          2     4.2645  0.1955444  0.000e+00
  1022.9920      1.936      1.952    30.6884    13.3699          6          2     4.0085  0.2063783  0.000e+00
  1022.9180      1.813      1.828    30.6110    13.4393          6          2     3.6250  0.2003510  0.000e+00
  1022.8856      1.666      1.680    30.5766    13.4656          6          2     3.5198  0.1998932  0.000e+00
  1022.9436      1.509      1.522    30.6539    13.4708          6          2     3.5713  0.2041657  0.000e+00
  1022.9025      1.348      1.359    30.6107    13.5064          6          2     3.4438  0.2101930  0.000e+00
  1022.9255      1.210      1.220    30.6486    13.5345          6          2     3.4158  0.2071412  0.000e+00
  1022.9198      1.100      1.109    30.6523    13.5758          6          2     3.5970  0.2083619  0.000e+00
  1022.8666      1.018      1.027    30.5949    13.6184          6          2     3.7162  0.1953918  0.000e+00
  1022.9810      0.949      0.956    30.7507    13.6461          6          2     3.7957  0.2037842  0.000e+00
  1022.9466      0.885      0.892    30.7334    13.7503          6          2     4.4702  0.2005798  0.000e+00
  1022.9270      0.818      0.825    30.7384    13.8660          6          2     4.2563  0.2072938  0.000e+00
  1022.8227      0.738      0.744    30.6351    13.9861          6          2     4.0482  0.2008087  0.000e+00
  1022.8599      0.647      0.653    30.7021    14.0560          6          2     4.0786  0.2005035  0.000e+00
  1022.7981      0.539      0.544    30.6475    14.1500          6          2     3.7711  0.1840238  0.000e+00
  1022.7000      0.414      0.418    30.5405    14.2237          6          2     3.3959  4.4244297  0.000e+00
  1022.6793      0.271      0.273    30.5180    14.2370          6          2     3.0312  4.9787900  0.000e+00
  1022.7694      0.122      0.123    30.6378    14.2446          6          2     4.7648  4.9789425  0.000e+00
  1022.7012      0.015      0.015    30.5678    14.3121          6          2     6.7895  4.9784848  0.000e+00
  1022.6103      0.010      0.011    30.4607    14.3522          6          2     7.0993  4.9786374  0.000e+00
  1022.5792      0.010      0.011    30.4216    14.3572          6          2     7.1659  4.9870298  0.000e+00
  1022.5451      0.009      0.010    30.3695    14.3276          6          2     7.1530  2.8077363  0.000e+00
  1022.5704      0.009      0.010    30.3824    14.2526          6          2     7.1729  1.7224384  0.000e+00
  1022.4978      0.009      0.010    30.2653    14.1659          6          2     7.0116  1.3795682  0.000e+00
  1022.5450      0.009      0.010    30.2979    14.0573          6          2     7.0525  0.6374456  0.000e+00
  1022.6280      0.007      0.007    30.3666    13.9081          6          2     7.0198  1.1261158  0.000e+00
  1022.6740      0.007      0.007    30.3958    13.7909          6          2     6.9964  1.0309758  0.000e+00
  1022.7041      0.008      0.008    30.4103    13.6961          6          2     6.9076  0.5098039  0.000e+00
  1022.7336      0.007      0.007    30.4259    13.6077          6          2     6.8514  0.8381781  0.000e+00
  1022.7710      0.007      0.007    30.4529    13.5244          6          2     6.9122  0.7935454  0.000e+00
  1022.7829      0.008      0.008    30.4492    13.4494          6          2     6.9438  0.7708858  0.000e+00
  1004.6769      0.009      0.010     6.9216    13.3903          6          2     6.9298  0.7428855  0.000e+00
  1004.4349      0.008      0.008     6.5992    13.3479          6          2     6.9391  0.7336538  0.000e+00
  1004.3051      0.007      0.007     6.4269    13.3278          6          2     6.9707  0.7368582  0.000e+00
  1003.9038      0.007      0.007     5.9043    13.3188          6          2     6.9263  0.7412833  0.000e+00
  1003.3247      0.008      0.008     5.1514    13.3101          6          2     6.9613  0.7341115  0.000e+00
  1002.8630      0.008      0.008     4.5504    13.2980          6          2     6.9859  0.7267872  0.000e+00
  1002.6903      0.009      0.010     4.3238    13.2828          6          2     6.9461  0.7201495  0.000e+00
  1002.4966      0.006      0.006     4.0695    13.2652          6          2     6.9613  0.7257191  0.000e+00
  1002.2869      0.007      0.007     3.7943    13.2456          6          2     6.9309  0.7242695  0.000e+00
  1002.1335      0.006      0.006     3.5919    13.2251          6          2     7.0034  0.7343404  0.000e+00
  1002.0868      0.007      0.007     3.5277    13.2039          6          2     6.9742  0.7318227  0.000e+00
