data/eDNA/PER-2022-473/473A012.cnv
* Sea-Bird SBE19plus  Data File:
* FileName = C:\Users\RSG_field\Ryan_Perley2022473\CTD\473A012.hex
* Software version 2.3.0 SB_Terminal.dll
* Temperature SN = 7141
* Conductivity SN = 7141
* System UpLoad Time = Aug 10 2022 14:45:59
* <ApplicationData>
* <SeatermAF>
** Platform: M. Perley
** Cruise: Per2022473
** Station:  ESI_15
** Cast: 01
** Latitude: N  44 33.4180
** Longitude: W 62 53.2643
** Sounding: 68.9
** Chief Scientist: Ryan Stanley
** Comment: CastID 473A012 Bottles 493822-493827
** Cast 30
# nquan = 8
# nvalues = 2828                                  
# units = specified
# name 0 = density00: Density [density, kg/m^3]
# name 1 = depSM: Depth [salt water, m], lat = 45.00
# name 2 = prdM: Pressure, Strain Gauge [db]
# name 3 = sal00: Salinity, Practical [PSU]
# name 4 = tv290C: Temperature [ITS-90, deg C]
# name 5 = bpos: Bottle Position in Carousel
# name 6 = nbf: Bottles Fired
# name 7 = flag:  0.000e+00
# span 0 =   999.0971,  1025.8322                 
# span 1 =     -0.077,     65.151                 
# span 2 =     -0.078,     65.695                 
# span 3 =     0.0081,    32.2047                 
# span 4 =     3.9067,    15.0657                 
# span 5 =          0,          6                 
# span 6 =          0,          2                 
# span 7 = 0.0000e+00, 0.0000e+00                 
# interval = seconds: 0.25
# start_time = Aug 10 2022 14:29:28 [Instrument's time stamp, header]
# bad_flag = -9.990e-29
*END*
[from data line 2338]
  1024.9051     29.054     29.293    31.2838     4.6354          1          1  0.000e+00
  1024.9019     28.865     29.103    31.2814     4.6396          1          1  0.000e+00
  1024.8974     28.688     28.925    31.2773     4.6445          1          1  0.000e+00
  1024.8946     28.521     28.757    31.2752     4.6480          1          1  0.000e+00
  1024.8917     28.367     28.601    31.2730     4.6516          1          1  0.000e+00
  1024.8900     28.231     28.464    31.2722     4.6556          1          1  0.000e+00
  1024.8836     28.104     28.336    31.2659     4.6628          1          1  0.000e+00
  1024.8772     27.989     28.220    31.2596     4.6718          1          1  0.000e+00
  1024.8669     27.884     28.114    31.2486     4.6817          1          1  0.000e+00
  1024.8617     27.789     28.018    31.2432     4.6872          1          1  0.000e+00
  1024.8540     27.701     27.930    31.2351     4.6950          1          1  0.000e+00
  1024.8474     27.628     27.856    31.2282     4.7024          1          1  0.000e+00
  1024.8433     27.559     27.786    31.2240     4.7068          1          1  0.000e+00
  1024.8409     27.508     27.735    31.2215     4.7090          1          1  0.000e+00
  1024.8382     27.465     27.691    31.2187     4.7111          1          1  0.000e+00
  1024.8329     27.436     27.662    31.2128     4.7162          1          1  0.000e+00
  1024.8270     27.419     27.645    31.2064     4.7230          1          1  0.000e+00
  1024.8223     27.414     27.640    31.2012     4.7287          1          1  0.000e+00
  1024.8183     27.418     27.644    31.1969     4.7338          1          1  0.000e+00
  1024.8154     27.424     27.651    31.1936     4.7382          1          1  0.000e+00
  1024.8130     27.438     27.665    31.1911     4.7416          1          1  0.000e+00
  1024.8104     27.449     27.675    31.1880     4.7441          1          1  0.000e+00
  1024.8083     27.457     27.684    31.1855     4.7454          1          1  0.000e+00
  1024.8087     27.455     27.682    31.1862     4.7461          1          1  0.000e+00
  1024.8088     27.438     27.665    31.1863     4.7460          1          1  0.000e+00
  1024.8087     27.400     27.626    31.1863     4.7452          1          1  0.000e+00
  1024.8091     27.340     27.565    31.1871     4.7445          1          1  0.000e+00
  1024.8082     27.249     27.474    31.1865     4.7446          1          1  0.000e+00
  1024.8076     27.125     27.349    31.1865     4.7448          1          1  0.000e+00
  1024.8071     26.975     27.197    31.1867     4.7448          1          1  0.000e+00
  1024.8065     26.796     27.017    31.1871     4.7452          1          1  0.000e+00
  1024.8050     26.594     26.814    31.1865     4.7457          1          1  0.000e+00
  1024.8034     26.378     26.596    31.1859     4.7463          1          1  0.000e+00
  1024.8020     26.159     26.374    31.1853     4.7465          1          1  0.000e+00
  1024.8005     25.949     26.163    31.1848     4.7465          1          1  0.000e+00
  1024.7996     25.754     25.966    31.1848     4.7466          1          1  0.000e+00
  1024.7985     25.578     25.789    31.1845     4.7468          1          1  0.000e+00
  1024.7963     25.434     25.643    31.1826     4.7470          1          1  0.000e+00
  1024.7943     25.321     25.530    31.1807     4.7470          1          1  0.000e+00
  1024.7915     25.243     25.451    31.1776     4.7467          1          1  0.000e+00
  1024.7888     25.203     25.411    31.1744     4.7460          1          1  0.000e+00
  1024.7889     25.192     25.400    31.1744     4.7450          1          1  0.000e+00
  1024.7878     25.210     25.418    31.1728     4.7444          1          1  0.000e+00
  1024.7870     25.254     25.463    31.1717     4.7460          1          1  0.000e+00
  1024.7845     25.318     25.527    31.1688     4.7502          1          1  0.000e+00
  1024.7810     25.384     25.593    31.1647     4.7562          1          1  0.000e+00
  1024.7775     25.449     25.659    31.1608     4.7619          1          1  0.000e+00
  1024.7733     25.498     25.709    31.1557     4.7664          1          1  0.000e+00
  1024.7708     25.531     25.742    31.1527     4.7687          1          1  0.000e+00
  1024.7707     25.534     25.745    31.1526     4.7692          1          1  0.000e+00
  1024.7700     25.504     25.714    31.1519     4.7693          1          1  0.000e+00
  1024.7708     25.437     25.647    31.1533     4.7688          1          1  0.000e+00
  1024.7721     25.335     25.544    31.1554     4.7681          1          1  0.000e+00
  1024.7710     25.208     25.416    31.1549     4.7690          1          1  0.000e+00
  1024.7692     25.054     25.261    31.1537     4.7704          1          1  0.000e+00
  1024.7685     24.889     25.094    31.1540     4.7716          1          1  0.000e+00
  1024.7675     24.721     24.925    31.1538     4.7728          1          1  0.000e+00
  1024.7672     24.551     24.753    31.1546     4.7742          1          1  0.000e+00
  1024.7648     24.393     24.594    31.1529     4.7766          1          1  0.000e+00
  1024.7627     24.241     24.441    31.1514     4.7783          1          1  0.000e+00
  1024.7628     24.109     24.307    31.1524     4.7795          1          1  0.000e+00
  1024.7603     23.990     24.188    31.1503     4.7814          1          1  0.000e+00
  1024.7594     23.883     24.080    31.1499     4.7826          1          1  0.000e+00
  1024.7594     23.792     23.988    31.1505     4.7833          1          1  0.000e+00
  1024.7592     23.711     23.906    31.1509     4.7846          1          1  0.000e+00
  1024.7605     23.645     23.840    31.1533     4.7868          1          1  0.000e+00
  1024.7578     23.590     23.785    31.1508     4.7917          1          1  0.000e+00
  1024.7535     23.547     23.741    31.1464     4.7968          1          1  0.000e+00
  1024.7517     23.514     23.708    31.1448     4.8005          1          1  0.000e+00
  1024.7502     23.488     23.682    31.1434     4.8036          1          1  0.000e+00
  1024.7487     23.468     23.662    31.1420     4.8065          1          1  0.000e+00
  1024.7470     23.445     23.638    31.1403     4.8092          1          1  0.000e+00
  1024.7443     23.422     23.615    31.1374     4.8114          1          1  0.000e+00
  1024.7426     23.388     23.580    31.1355     4.8125          1          1  0.000e+00
  1024.7436     23.348     23.541    31.1369     4.8120          1          1  0.000e+00
  1024.7439     23.304     23.496    31.1376     4.8119          1          1  0.000e+00
  1024.7430     23.253     23.445    31.1369     4.8125          1          1  0.000e+00
  1024.7424     23.200     23.391    31.1365     4.8130          1          1  0.000e+00
  1024.7423     23.142     23.332    31.1368     4.8132          1          1  0.000e+00
  1024.7418     23.082     23.273    31.1366     4.8136          1          1  0.000e+00
  1024.7413     23.022     23.212    31.1363     4.8140          1          1  0.000e+00
  1024.7410     22.965     23.154    31.1363     4.8143          1          1  0.000e+00
  1024.7406     22.910     23.098    31.1361     4.8144          1          1  0.000e+00
  1024.7405     22.856     23.044    31.1364     4.8147          1          1  0.000e+00
  1024.7409     22.806     22.994    31.1372     4.8150          1          1  0.000e+00
  1024.7405     22.753     22.940    31.1371     4.8158          1          1  0.000e+00
  1024.7386     22.704     22.891    31.1352     4.8169          1          1  0.000e+00
  1024.7379     22.647     22.833    31.1347     4.8170          1          1  0.000e+00
  1024.7385     22.583     22.769    31.1357     4.8165          1          1  0.000e+00
  1024.7384     22.510     22.695    31.1360     4.8164          1          1  0.000e+00
  1024.7377     22.419     22.604    31.1357     4.8165          1          1  0.000e+00
  1024.7383     22.311     22.495    31.1371     4.8167          1          1  0.000e+00
  1024.7390     22.192     22.375    31.1388     4.8176          1          1  0.000e+00
  1024.7384     22.057     22.239    31.1391     4.8194          1          1  0.000e+00
  1024.7370     21.918     22.099    31.1385     4.8223          1          1  0.000e+00
  1024.7346     21.772     21.952    31.1367     4.8252          1          1  0.000e+00
  1024.7311     21.628     21.806    31.1335     4.8275          1          1  0.000e+00
  1024.7319     21.497     21.674    31.1354     4.8286          1          1  0.000e+00
  1024.7310     21.372     21.548    31.1352     4.8303          1          1  0.000e+00
  1024.7305     21.264     21.440    31.1355     4.8323          1          1  0.000e+00
  1024.7297     21.167     21.341    31.1354     4.8344          1          1  0.000e+00
  1024.7285     21.084     21.258    31.1347     4.8371          1          1  0.000e+00
  1024.7283     21.014     21.187    31.1352     4.8394          1          1  0.000e+00
  1024.7298     20.954     21.126    31.1378     4.8425          1          1  0.000e+00
  1024.7331     20.906     21.078    31.1431     4.8487          1          1  0.000e+00
  1024.7297     20.870     21.042    31.1403     4.8582          1          1  0.000e+00
  1024.7228     20.843     21.014    31.1332     4.8686          1          1  0.000e+00
  1024.7168     20.831     21.002    31.1268     4.8774          1          1  0.000e+00
  1024.7136     20.826     20.997    31.1235     4.8834          1          1  0.000e+00
  1024.7121     20.833     21.005    31.1223     4.8885          1          1  0.000e+00
  1024.7094     20.849     21.021    31.1195     4.8931          1          1  0.000e+00
  1024.7060     20.872     21.044    31.1155     4.8969          1          1  0.000e+00
  1024.7051     20.900     21.072    31.1145     4.8990          1          1  0.000e+00
  1024.7044     20.923     21.095    31.1136     4.9003          1          1  0.000e+00
  1024.7029     20.939     21.111    31.1119     4.9013          1          1  0.000e+00
  1024.7028     20.938     21.110    31.1117     4.9015          1          1  0.000e+00
  1024.7032     20.906     21.078    31.1124     4.9015          1          1  0.000e+00
  1024.7036     20.845     21.016    31.1133     4.9014          1          1  0.000e+00
  1024.7039     20.747     20.918    31.1142     4.9019          1          1  0.000e+00
  1024.7013     20.606     20.776    31.1119     4.9028          1          1  0.000e+00
  1024.7010     20.436     20.604    31.1126     4.9029          1          1  0.000e+00
  1024.7017     20.230     20.396    31.1148     4.9030          1          1  0.000e+00
  1024.7012     20.006     20.171    31.1155     4.9040          1          1  0.000e+00
  1024.7000     19.769     19.932    31.1157     4.9056          1          1  0.000e+00
  1024.6992     19.535     19.695    31.1163     4.9074          1          1  0.000e+00
  1024.6977     19.308     19.467    31.1160     4.9099          1          1  0.000e+00
  1024.6954     19.102     19.259    31.1149     4.9131          1          1  0.000e+00
  1024.6923     18.928     19.084    31.1124     4.9168          1          1  0.000e+00
  1024.6897     18.788     18.943    31.1104     4.9199          1          1  0.000e+00
  1024.6881     18.693     18.847    31.1093     4.9219          1          1  0.000e+00
  1024.6912     18.637     18.790    31.1136     4.9234          1          1  0.000e+00
  1024.6876     18.620     18.773    31.1099     4.9279          1          1  0.000e+00
  1024.6869     18.630     18.784    31.1095     4.9321          1          1  0.000e+00
  1024.7103     18.662     18.816    31.1395     4.9370          1          1  0.000e+00
  1024.7617     18.714     18.868    31.2071     4.9590          1          1  0.000e+00
  1024.7521     18.777     18.931    31.2021     5.0147          1          1  0.000e+00
  1024.7348     18.846     19.001    31.1886     5.0802          1          1  0.000e+00
  1024.6848     18.902     19.057    31.1337     5.1423          1          1  0.000e+00
  1024.6513     18.932     19.088    31.0967     5.1827          1          1  0.000e+00
  1024.6313     18.946     19.102    31.0743     5.2040          1          1  0.000e+00
  1024.6227     18.930     19.086    31.0649     5.2136          1          1  0.000e+00
  1024.6077     18.885     19.040    31.0466     5.2170          1          1  0.000e+00
  1024.6041     18.806     18.961    31.0419     5.2117          1          1  0.000e+00
  1024.6179     18.710     18.864    31.0585     5.2018          1          1  0.000e+00
  1024.6216     18.589     18.742    31.0634     5.1981          1          1  0.000e+00
  1024.6208     18.459     18.611    31.0631     5.1978          1          1  0.000e+00
  1024.6241     18.324     18.475    31.0680     5.1976          1          1  0.000e+00
  1024.6233     18.189     18.339    31.0681     5.1992          1          1  0.000e+00
  1024.6214     18.059     18.208    31.0667     5.2014          1          1  0.000e+00
  1024.6220     17.936     18.084    31.0685     5.2032          1          1  0.000e+00
  1024.6208     17.814     17.961    31.0680     5.2056          1          1  0.000e+00
  1024.6204     17.690     17.836    31.0685     5.2082          1          1  0.000e+00
  1024.6212     17.568     17.713    31.0707     5.2109          1          1  0.000e+00
  1024.6227     17.440     17.583    31.0739     5.2144          1          1  0.000e+00
  1024.6211     17.310     17.452    31.0734     5.2198          1          1  0.000e+00
  1024.6157     17.176     17.317    31.0681     5.2262          1          1  0.000e+00
  1024.6129     17.040     17.180    31.0660     5.2300          1          1  0.000e+00
  1024.6109     16.908     17.047    31.0646     5.2327          1          1  0.000e+00
  1024.6115     16.787     16.925    31.0664     5.2346          1          1  0.000e+00
  1024.6115     16.679     16.816    31.0674     5.2374          1          1  0.000e+00
  1024.6145     16.591     16.727    31.0722     5.2408          1          1  0.000e+00
  1024.6221     16.529     16.665    31.0830     5.2467          1          1  0.000e+00
  1024.6443     16.485     16.620    31.1128     5.2578          1          1  0.000e+00
  1024.6372     16.464     16.599    31.1074     5.2820          1          1  0.000e+00
  1024.6441     16.456     16.592    31.1199     5.3086          1          1  0.000e+00
  1024.6322     16.456     16.592    31.1090     5.3388          1          1  0.000e+00
  1024.6124     16.459     16.595    31.0879     5.3676          1          1  0.000e+00
  1024.5960     16.458     16.594    31.0701     5.3876          1          1  0.000e+00
  1024.5876     16.448     16.583    31.0612     5.3991          1          1  0.000e+00
  1024.5798     16.423     16.558    31.0523     5.4053          1          1  0.000e+00
  1024.5700     16.385     16.520    31.0403     5.4069          1          1  0.000e+00
  1024.5698     16.326     16.460    31.0399     5.4031          1          1  0.000e+00
  1024.5820     16.251     16.384    31.0552     5.3989          1          1  0.000e+00
  1024.5871     16.166     16.299    31.0624     5.4008          1          1  0.000e+00
  1024.5840     16.071     16.204    31.0599     5.4066          1          1  0.000e+00
  1024.5814     15.974     16.105    31.0580     5.4123          1          1  0.000e+00
  1024.5815     15.876     16.007    31.0594     5.4175          1          1  0.000e+00
  1024.5759     15.779     15.909    31.0537     5.4232          1          1  0.000e+00
