data/eDNA/PER-2022-473/473A029.cnv
* Sea-Bird SBE19plus  Data File:
* FileName = C:\Users\RSG_field\Ryan_Perley2022473\CTD\473A029.hex
* Software version 2.3.0 SB_Terminal.dll
* Temperature SN = 7141
* Conductivity SN = 7141
* System UpLoad Time = Aug 16 2022 17:54:34
* <ApplicationData>
* <SeatermAF>
** Platform: M. Perley
** Cruise: Per2022473
** Station:  SAB_Trans_14
** Cast: 01 473A029
** Latitude: N  46 11.6974
** Longitude: W 58 51.1420
** Sounding: 236
** Chief Scientist: Ryan Stanley
** Comment: Bottles 493927-43932 - sounding based on plumb line cast 48
# nquan = 8
# nvalues = 6865                                  
# units = specified
# name 0 = density00: Density [density, kg/m^3]
# name 1 = depSM: Depth [salt water, m], lat = 45.00
# name 2 = prdM: Pressure, Strain Gauge [db]
# name 3 = sal00: Salinity, Practical [PSU]
# name 4 = tv290C: Temperature [ITS-90, deg C]
# name 5 = bpos: Bottle Position in Carousel
# name 6 = nbf: Bottles Fired
# name 7 = flag:  0.000e+00
# span 0 =   998.6288,  1027.9960                 
# span 1 =     -0.045,    207.070                 
# span 2 =     -0.045,    208.870                 
# span 3 =     0.1030,    34.6316                 
# span 4 =     1.7588,    20.1287                 
# span 5 =          0,          6                 
# span 6 =          0,          2                 
# span 7 = 0.0000e+00, 0.0000e+00                 
# interval = seconds: 0.25
# start_time = Aug 16 2022 17:20:25 [Instrument's time stamp, header]
# bad_flag = -9.990e-29
*END*
[from data line 5394]
  1026.8900     98.794     99.626    33.3352     4.3487          1          1  0.000e+00
  1026.8798     98.740     99.572    33.3211     4.3372          1          1  0.000e+00
  1026.8605     98.705     99.537    33.2949     4.3218          1          1  0.000e+00
  1026.8495     98.678     99.510    33.2784     4.3003          1          1  0.000e+00
  1026.8527     98.658     99.490    33.2792     4.2753          1          1  0.000e+00
  1026.8634     98.644     99.476    33.2898     4.2536          1          1  0.000e+00
  1026.8789     98.634     99.465    33.3074     4.2379          1          1  0.000e+00
  1026.8814     98.629     99.460    33.3094     4.2294          1          1  0.000e+00
  1026.8974     98.620     99.451    33.3289     4.2248          1          1  0.000e+00
  1026.8879     98.619     99.450    33.3172     4.2259          1          1  0.000e+00
  1026.8845     98.617     99.448    33.3128     4.2250          1          1  0.000e+00
  1026.8771     98.612     99.443    33.3030     4.2217          1          1  0.000e+00
  1026.8743     98.599     99.430    33.2989     4.2162          1          1  0.000e+00
  1026.8838     98.570     99.401    33.3102     4.2097          1          1  0.000e+00
  1026.8867     98.521     99.352    33.3137     4.2071          1          1  0.000e+00
  1026.8905     98.445     99.275    33.3189     4.2066          1          1  0.000e+00
  1026.8956     98.336     99.164    33.3262     4.2085          1          1  0.000e+00
  1026.8931     98.194     99.021    33.3245     4.2128          1          1  0.000e+00
  1026.8858     98.023     98.849    33.3168     4.2164          1          1  0.000e+00
  1026.8774     97.828     98.652    33.3075     4.2174          1          1  0.000e+00
  1026.8758     97.629     98.451    33.3063     4.2149          1          1  0.000e+00
  1026.8727     97.426     98.247    33.3032     4.2119          1          1  0.000e+00
  1026.8708     97.234     98.053    33.3015     4.2083          1          1  0.000e+00
  1026.8695     97.067     97.884    33.3002     4.2042          1          1  0.000e+00
  1026.8683     96.927     97.743    33.2990     4.1998          1          1  0.000e+00
  1026.8679     96.824     97.639    33.2985     4.1952          1          1  0.000e+00
  1026.8682     96.749     97.563    33.2988     4.1908          1          1  0.000e+00
  1026.8633     96.706     97.521    33.2924     4.1869          1          1  0.000e+00
  1026.8598     96.684     97.498    33.2873     4.1815          1          1  0.000e+00
  1026.8583     96.681     97.495    33.2846     4.1749          1          1  0.000e+00
  1026.8604     96.687     97.501    33.2863     4.1683          1          1  0.000e+00
  1026.8654     96.688     97.502    33.2919     4.1627          1          1  0.000e+00
  1026.8673     96.691     97.506    33.2939     4.1596          1          1  0.000e+00
  1026.8677     96.675     97.490    33.2942     4.1577          1          1  0.000e+00
  1026.8717     96.655     97.469    33.2992     4.1567          1          1  0.000e+00
  1026.8715     96.617     97.431    33.2993     4.1573          1          1  0.000e+00
  1026.8678     96.569     97.383    33.2951     4.1587          1          1  0.000e+00
  1026.8676     96.510     97.323    33.2952     4.1588          1          1  0.000e+00
  1026.8679     96.446     97.259    33.2960     4.1590          1          1  0.000e+00
  1026.8663     96.376     97.188    33.2945     4.1596          1          1  0.000e+00
  1026.8655     96.309     97.120    33.2938     4.1596          1          1  0.000e+00
  1026.8606     96.241     97.051    33.2880     4.1593          1          1  0.000e+00
  1026.8598     96.176     96.986    33.2872     4.1577          1          1  0.000e+00
  1026.8609     96.110     96.920    33.2887     4.1555          1          1  0.000e+00
  1026.8620     96.041     96.850    33.2901     4.1535          1          1  0.000e+00
  1026.8582     95.967     96.775    33.2857     4.1526          1          1  0.000e+00
  1026.8552     95.887     96.694    33.2822     4.1506          1          1  0.000e+00
  1026.8530     95.796     96.603    33.2795     4.1473          1          1  0.000e+00
  1026.8495     95.697     96.502    33.2752     4.1436          1          1  0.000e+00
  1026.8452     95.594     96.399    33.2698     4.1390          1          1  0.000e+00
  1026.8476     95.487     96.291    33.2727     4.1334          1          1  0.000e+00
  1026.8481     95.386     96.189    33.2734     4.1297          1          1  0.000e+00
  1026.8439     95.289     96.091    33.2684     4.1270          1          1  0.000e+00
  1026.8495     95.194     95.996    33.2756     4.1237          1          1  0.000e+00
  1026.8487     95.109     95.910    33.2749     4.1221          1          1  0.000e+00
  1026.8409     95.032     95.832    33.2652     4.1204          1          1  0.000e+00
  1026.8426     94.958     95.757    33.2672     4.1163          1          1  0.000e+00
  1026.8461     94.895     95.694    33.2716     4.1130          1          1  0.000e+00
  1026.8249     94.833     95.631    33.2449     4.1101          1          1  0.000e+00
  1026.8343     94.775     95.573    33.2560     4.1018          1          1  0.000e+00
  1026.8457     94.721     95.519    33.2698     4.0952          1          1  0.000e+00
  1026.8201     94.670     95.467    33.2377     4.0938          1          1  0.000e+00
  1026.8216     94.621     95.417    33.2389     4.0863          1          1  0.000e+00
  1026.8407     94.580     95.376    33.2622     4.0783          1          1  0.000e+00
  1026.8222     94.544     95.340    33.2388     4.0759          1          1  0.000e+00
  1026.8159     94.513     95.309    33.2303     4.0701          1          1  0.000e+00
  1026.8188     94.485     95.280    33.2329     4.0609          1          1  0.000e+00
  1026.8233     94.455     95.250    33.2378     4.0535          1          1  0.000e+00
  1026.8280     94.420     95.215    33.2433     4.0491          1          1  0.000e+00
  1026.8177     94.365     95.159    33.2304     4.0464          1          1  0.000e+00
  1026.8258     94.298     95.092    33.2403     4.0414          1          1  0.000e+00
  1026.8201     94.203     94.996    33.2334     4.0389          1          1  0.000e+00
  1026.8225     94.083     94.875    33.2367     4.0357          1          1  0.000e+00
  1026.8231     93.943     94.734    33.2380     4.0331          1          1  0.000e+00
  1026.8181     93.790     94.580    33.2324     4.0317          1          1  0.000e+00
  1026.8148     93.632     94.420    33.2288     4.0290          1          1  0.000e+00
  1026.8103     93.472     94.259    33.2235     4.0252          1          1  0.000e+00
  1026.8103     93.327     94.112    33.2238     4.0201          1          1  0.000e+00
  1026.8119     93.198     93.982    33.2259     4.0153          1          1  0.000e+00
  1026.8026     93.085     93.868    33.2142     4.0108          1          1  0.000e+00
  1026.8037     92.988     93.770    33.2154     4.0045          1          1  0.000e+00
  1026.8003     92.908     93.690    33.2107     3.9975          1          1  0.000e+00
  1026.8029     92.843     93.624    33.2135     3.9902          1          1  0.000e+00
  1026.8064     92.790     93.571    33.2175     3.9846          1          1  0.000e+00
  1026.8045     92.745     93.525    33.2149     3.9809          1          1  0.000e+00
  1026.8055     92.710     93.490    33.2158     3.9772          1          1  0.000e+00
  1026.8070     92.685     93.465    33.2174     3.9740          1          1  0.000e+00
  1026.8106     92.663     93.443    33.2218     3.9717          1          1  0.000e+00
  1026.8107     92.646     93.426    33.2220     3.9713          1          1  0.000e+00
  1026.8094     92.629     93.408    33.2204     3.9715          1          1  0.000e+00
  1026.8119     92.607     93.386    33.2237     3.9713          1          1  0.000e+00
  1026.8099     92.575     93.354    33.2216     3.9723          1          1  0.000e+00
  1026.8092     92.529     93.307    33.2210     3.9728          1          1  0.000e+00
  1026.8102     92.463     93.241    33.2227     3.9733          1          1  0.000e+00
  1026.8089     92.377     93.154    33.2217     3.9742          1          1  0.000e+00
  1026.8077     92.276     93.052    33.2208     3.9750          1          1  0.000e+00
  1026.8070     92.162     92.937    33.2208     3.9756          1          1  0.000e+00
  1026.8051     92.042     92.816    33.2191     3.9762          1          1  0.000e+00
  1026.8035     91.928     92.702    33.2178     3.9763          1          1  0.000e+00
  1026.8023     91.827     92.599    33.2168     3.9759          1          1  0.000e+00
  1026.8002     91.746     92.518    33.2146     3.9751          1          1  0.000e+00
  1026.7982     91.691     92.462    33.2122     3.9734          1          1  0.000e+00
  1026.7981     91.653     92.423    33.2120     3.9710          1          1  0.000e+00
  1026.7966     91.618     92.388    33.2099     3.9682          1          1  0.000e+00
  1026.7961     91.594     92.365    33.2091     3.9650          1          1  0.000e+00
  1026.7961     91.559     92.329    33.2088     3.9618          1          1  0.000e+00
  1026.7995     91.514     92.283    33.2130     3.9591          1          1  0.000e+00
  1026.8029     91.446     92.215    33.2175     3.9582          1          1  0.000e+00
  1026.8006     91.358     92.126    33.2154     3.9592          1          1  0.000e+00
  1026.8005     91.250     92.017    33.2160     3.9600          1          1  0.000e+00
  1026.7987     91.129     91.895    33.2145     3.9609          1          1  0.000e+00
  1026.7978     91.000     91.765    33.2142     3.9614          1          1  0.000e+00
  1026.7959     90.871     91.635    33.2126     3.9617          1          1  0.000e+00
  1026.7937     90.745     91.508    33.2107     3.9616          1          1  0.000e+00
  1026.7929     90.633     91.395    33.2101     3.9608          1          1  0.000e+00
  1026.7904     90.530     91.291    33.2075     3.9595          1          1  0.000e+00
  1026.7897     90.444     91.204    33.2068     3.9575          1          1  0.000e+00
  1026.7895     90.377     91.137    33.2067     3.9550          1          1  0.000e+00
  1026.7879     90.325     91.085    33.2047     3.9529          1          1  0.000e+00
  1026.7865     90.287     91.046    33.2028     3.9507          1          1  0.000e+00
  1026.7859     90.268     91.027    33.2019     3.9480          1          1  0.000e+00
  1026.7841     90.252     91.011    33.1993     3.9451          1          1  0.000e+00
  1026.7856     90.237     90.996    33.2009     3.9419          1          1  0.000e+00
  1026.7905     90.227     90.985    33.2068     3.9393          1          1  0.000e+00
  1026.7917     90.210     90.968    33.2083     3.9391          1          1  0.000e+00
  1026.7883     90.180     90.938    33.2044     3.9399          1          1  0.000e+00
  1026.7894     90.134     90.892    33.2059     3.9393          1          1  0.000e+00
  1026.7875     90.067     90.824    33.2040     3.9390          1          1  0.000e+00
  1026.7872     89.982     90.738    33.2040     3.9387          1          1  0.000e+00
  1026.7851     89.870     90.626    33.2021     3.9388          1          1  0.000e+00
  1026.7824     89.744     90.499    33.1993     3.9384          1          1  0.000e+00
  1026.7745     89.594     90.347    33.1900     3.9366          1          1  0.000e+00
  1026.7676     89.429     90.181    33.1817     3.9321          1          1  0.000e+00
  1026.7594     89.255     90.006    33.1717     3.9256          1          1  0.000e+00
  1026.7452     89.080     89.829    33.1537     3.9162          1          1  0.000e+00
  1026.7544     88.910     89.657    33.1645     3.9027          1          1  0.000e+00
  1026.7586     88.742     89.488    33.1694     3.8926          1          1  0.000e+00
  1026.7552     88.581     89.325    33.1653     3.8859          1          1  0.000e+00
  1026.7444     88.433     89.176    33.1517     3.8784          1          1  0.000e+00
  1026.7407     88.296     89.038    33.1466     3.8685          1          1  0.000e+00
  1026.7279     88.173     88.914    33.1297     3.8571          1          1  0.000e+00
  1026.7137     88.071     88.811    33.1105     3.8417          1          1  0.000e+00
  1026.7139     87.993     88.732    33.1088     3.8224          1          1  0.000e+00
  1026.6904     87.930     88.669    33.0773     3.8037          1          1  0.000e+00
  1026.6464     87.896     88.635    33.0188     3.7770          1          1  0.000e+00
  1026.6327     87.890     88.628    32.9966     3.7365          1          1  0.000e+00
  1026.6447     87.910     88.648    33.0059     3.6907          1          1  0.000e+00
  1026.6589     87.951     88.690    33.0188     3.6524          1          1  0.000e+00
  1026.6737     88.015     88.754    33.0334     3.6227          1          1  0.000e+00
  1026.6968     88.077     88.817    33.0595     3.6022          1          1  0.000e+00
  1026.7047     88.135     88.875    33.0679     3.5921          1          1  0.000e+00
  1026.7149     88.180     88.921    33.0799     3.5872          1          1  0.000e+00
  1026.7215     88.200     88.941    33.0880     3.5873          1          1  0.000e+00
  1026.7204     88.178     88.919    33.0872     3.5905          1          1  0.000e+00
  1026.7091     88.111     88.852    33.0738     3.5937          1          1  0.000e+00
  1026.7021     87.996     88.735    33.0655     3.5929          1          1  0.000e+00
  1026.7105     87.847     88.585    33.0766     3.5896          1          1  0.000e+00
  1026.7006     87.669     88.406    33.0652     3.5892          1          1  0.000e+00
  1026.6990     87.482     88.216    33.0640     3.5863          1          1  0.000e+00
  1026.6924     87.291     88.024    33.0563     3.5827          1          1  0.000e+00
  1026.6906     87.108     87.840    33.0545     3.5774          1          1  0.000e+00
  1026.6912     86.940     87.670    33.0556     3.5721          1          1  0.000e+00
  1026.6900     86.788     87.517    33.0545     3.5674          1          1  0.000e+00
  1026.6870     86.656     87.383    33.0508     3.5628          1          1  0.000e+00
  1026.6814     86.535     87.261    33.0438     3.5571          1          1  0.000e+00
  1026.6803     86.431     87.157    33.0422     3.5497          1          1  0.000e+00
  1026.6832     86.342     87.067    33.0455     3.5419          1          1  0.000e+00
  1026.6587     86.270     86.994    33.0143     3.5359          1          1  0.000e+00
  1026.6113     86.217     86.941    32.9534     3.5224          1          1  0.000e+00
  1026.6131     86.183     86.906    32.9525     3.4934          1          1  0.000e+00
  1026.6146     86.173     86.897    32.9511     3.4657          1          1  0.000e+00
  1026.6042     86.176     86.900    32.9350     3.4404          1          1  0.000e+00
  1026.6053     86.189     86.913    32.9333     3.4147          1          1  0.000e+00
  1026.6187     86.205     86.929    32.9471     3.3909          1          1  0.000e+00
  1026.6320     86.211     86.935    32.9619     3.3743          1          1  0.000e+00
  1026.6426     86.208     86.932    32.9741     3.3652          1          1  0.000e+00
  1026.6574     86.186     86.910    32.9925     3.3621          1          1  0.000e+00
  1026.6493     86.144     86.867    32.9828     3.3643          1          1  0.000e+00
  1026.6405     86.078     86.800    32.9724     3.3657          1          1  0.000e+00
