data/eDNA/PER-2022-473/473A007.cnv
* Sea-Bird SBE19plus  Data File:
* FileName = C:\Users\RSG_field\Ryan_Perley2022473\CTD\473A007.hex
* Software version 2.3.0 SB_Terminal.dll
* Temperature SN = 7141
* Conductivity SN = 7141
* System UpLoad Time = Aug 08 2022 18:20:34
* <ApplicationData>
* <SeatermAF>
** Platform: M. Perley
** Cruise: Per2022473
** Station:  ESI-07
** Cast: 01
** Latitude: N  44 43.3394
** Longitude: W 62 23.4990
** Sounding: 72.6
** Chief Scientist: Ryan Stanley
** Comment:
# nquan = 8
# nvalues = 2782                                  
# units = specified
# name 0 = density00: Density [density, kg/m^3]
# name 1 = depSM: Depth [salt water, m], lat = 45.00
# name 2 = prdM: Pressure, Strain Gauge [db]
# name 3 = sal00: Salinity, Practical [PSU]
# name 4 = tv290C: Temperature [ITS-90, deg C]
# name 5 = bpos: Bottle Position in Carousel
# name 6 = nbf: Bottles Fired
# name 7 = flag:  0.000e+00
# span 0 =   998.5900,  1026.0506                 
# span 1 =     -0.095,     67.998                 
# span 2 =     -0.096,     68.566                 
# span 3 =     0.0350,    32.7666                 
# span 4 =     3.4733,    18.1991                 
# span 5 =          0,          6                 
# span 6 =          0,          2                 
# span 7 = 0.0000e+00, 0.0000e+00                 
# interval = seconds: 0.25
# start_time = Aug 08 2022 17:56:36 [Instrument's time stamp, header]
# bad_flag = -9.990e-29
*END*
[from data line 2697]
   999.0163     -0.062     -0.062     0.1872    16.4390          6          2  0.000e+00
   999.0148     -0.063     -0.063     0.1835    16.4312          6          2  0.000e+00
   999.0145     -0.060     -0.060     0.1816    16.4237          6          2  0.000e+00
   999.0136     -0.062     -0.062     0.1788    16.4164          6          2  0.000e+00
   999.0122     -0.061     -0.061     0.1753    16.4087          6          2  0.000e+00
   999.0104     -0.061     -0.061     0.1714    16.4015          6          2  0.000e+00
   999.0094     -0.060     -0.060     0.1686    16.3943          6          2  0.000e+00
   999.0089     -0.058     -0.059     0.1665    16.3875          6          2  0.000e+00
   999.0078     -0.058     -0.059     0.1634    16.3803          6          2  0.000e+00
   999.0063     -0.060     -0.060     0.1600    16.3732          6          2  0.000e+00
   999.0059     -0.058     -0.059     0.1579    16.3657          6          2  0.000e+00
   998.9998     -0.057     -0.058     0.1484    16.3589          6          2  0.000e+00
   998.9945     -0.055     -0.056     0.1407    16.3551          6          2  0.000e+00
   998.9939     -0.055     -0.056     0.1403    16.3566          6          2  0.000e+00
   998.9932     -0.057     -0.058     0.1409    16.3635          6          2  0.000e+00
   998.9923     -0.057     -0.058     0.1421    16.3744          6          2  0.000e+00
   998.9909     -0.056     -0.057     0.1431    16.3872          6          2  0.000e+00
   998.9911     -0.056     -0.057     0.1455    16.3973          6          2  0.000e+00
   998.9908     -0.056     -0.057     0.1458    16.4007          6          2  0.000e+00
   998.9918     -0.057     -0.058     0.1464    16.3971          6          2  0.000e+00
   998.9953     -0.060     -0.060     0.1493    16.3894          6          2  0.000e+00
   998.9997     -0.057     -0.058     0.1530    16.3803          6          2  0.000e+00
   999.0029     -0.060     -0.060     0.1551    16.3714          6          2  0.000e+00
   999.0039     -0.055     -0.056     0.1546    16.3626          6          2  0.000e+00
   999.0050     -0.055     -0.056     0.1541    16.3538          6          2  0.000e+00
   999.0067     -0.056     -0.057     0.1545    16.3452          6          2  0.000e+00
   999.0075     -0.055     -0.056     0.1536    16.3366          6          2  0.000e+00
   999.0073     -0.056     -0.057     0.1515    16.3282          6          2  0.000e+00
   999.0050     -0.057     -0.058     0.1468    16.3199          6          2  0.000e+00
   999.0028     -0.056     -0.057     0.1421    16.3117          6          2  0.000e+00
   999.0012     -0.053     -0.054     0.1383    16.3037          6          2  0.000e+00
   999.0006     -0.054     -0.055     0.1358    16.2958          6          2  0.000e+00
   999.0021     -0.055     -0.056     0.1362    16.2880          6          2  0.000e+00
   998.9981     -0.055     -0.056     0.1293    16.2805          6          2  0.000e+00
   998.9967     -0.056     -0.057     0.1259    16.2729          6          2  0.000e+00
   998.9992     -0.055     -0.056     0.1276    16.2659          6          2  0.000e+00
   999.0028     -0.054     -0.055     0.1308    16.2586          6          2  0.000e+00
   999.0080     -0.055     -0.056     0.1359    16.2515          6          2  0.000e+00
   999.0112     -0.056     -0.057     0.1386    16.2448          6          2  0.000e+00
   999.0143     -0.058     -0.059     0.1412    16.2381          6          2  0.000e+00
   999.0169     -0.059     -0.060     0.1432    16.2315          6          2  0.000e+00
   999.0219     -0.057     -0.058     0.1483    16.2251          6          2  0.000e+00
   999.0276     -0.057     -0.058     0.1544    16.2193          6          2  0.000e+00
   999.0369     -0.059     -0.060     0.1651    16.2130          6          2  0.000e+00
   999.0420     -0.057     -0.058     0.1705    16.2071          6          2  0.000e+00
   999.0472     -0.057     -0.058     0.1759    16.2011          6          2  0.000e+00
   999.0505     -0.057     -0.058     0.1790    16.1953          6          2  0.000e+00
   999.0515     -0.055     -0.056     0.1790    16.1895          6          2  0.000e+00
   999.0446     -0.054     -0.055     0.1689    16.1839          6          2  0.000e+00
   999.0494     -0.056     -0.057     0.1738    16.1784          6          2  0.000e+00
   999.0510     -0.055     -0.056     0.1750    16.1740          6          2  0.000e+00
   999.3852     -0.056     -0.057     0.6073    16.1697          6          2  0.000e+00
  1000.6595     -0.055     -0.056     2.2642    16.1650          6          2  0.000e+00
  1000.1022     -0.055     -0.056     1.5372    16.1598          6          2  0.000e+00
   999.7656     -0.056     -0.057     1.0982    16.1548          6          2  0.000e+00
   999.6852     -0.057     -0.058     0.9929    16.1506          6          2  0.000e+00
   999.8709     -0.057     -0.058     1.2333    16.1467          6          2  0.000e+00
   999.8805     -0.055     -0.056     1.2451    16.1427          6          2  0.000e+00
   999.7474     -0.056     -0.057     1.0709    16.1381          6          2  0.000e+00
   999.5739     -0.056     -0.057     0.8445    16.1339          6          2  0.000e+00
   999.4729     -0.056     -0.057     0.7126    16.1300          6          2  0.000e+00
  1000.6006     -0.058     -0.059     2.1791    16.1271          6          2  0.000e+00
  1001.3069     -0.058     -0.059     3.0997    16.1254          6          2  0.000e+00
  1000.3729     -0.056     -0.057     1.8818    16.1241          6          2  0.000e+00
   999.8657     -0.057     -0.058     1.2215    16.1234          6          2  0.000e+00
  1000.4600     -0.058     -0.059     1.9951    16.1238          6          2  0.000e+00
  1001.0544     -0.057     -0.058     2.7703    16.1253          6          2  0.000e+00
  1001.2838     -0.056     -0.057     3.0698    16.1266          6          2  0.000e+00
  1001.3859     -0.058     -0.059     3.2032    16.1274          6          2  0.000e+00
  1001.3959     -0.058     -0.059     3.2164    16.1281          6          2  0.000e+00
  1000.7964     -0.056     -0.057     2.4346    16.1284          6          2  0.000e+00
  1000.2819     -0.056     -0.057     1.7643    16.1284          6          2  0.000e+00
  1000.0758     -0.056     -0.057     1.4959    16.1279          6          2  0.000e+00
  1000.0555     -0.057     -0.058     1.4692    16.1269          6          2  0.000e+00
   999.9740     -0.056     -0.057     1.3630    16.1259          6          2  0.000e+00
   999.8653     -0.056     -0.057     1.2213    16.1246          6          2  0.000e+00
   999.7560     -0.056     -0.057     1.0789    16.1232          6          2  0.000e+00
   999.6604     -0.056     -0.057     0.9544    16.1219          6          2  0.000e+00
   999.5789     -0.056     -0.057     0.8483    16.1208          6          2  0.000e+00
   999.5071     -0.056     -0.057     0.7548    16.1197          6          2  0.000e+00
   999.4759     -0.057     -0.058     0.7141    16.1185          6          2  0.000e+00
   999.4440     -0.057     -0.058     0.6725    16.1176          6          2  0.000e+00
   999.3907     -0.058     -0.059     0.6031    16.1164          6          2  0.000e+00
   999.3549     -0.056     -0.057     0.5562    16.1151          6          2  0.000e+00
   999.3137     -0.058     -0.059     0.5026    16.1136          6          2  0.000e+00
