data/eDNA/PER-2022-473/473A011.cnv
* Sea-Bird SBE19plus  Data File:
* FileName = C:\Users\RSG_field\Ryan_Perley2022473\CTD\473A011.hex
* Software version 2.3.0 SB_Terminal.dll
* Temperature SN = 7141
* Conductivity SN = 7141
* System UpLoad Time = Aug 10 2022 14:03:41
* <ApplicationData>
* <SeatermAF>
** Platform: M. Perley
** Cruise: Per2022473
** Station:  ESI_14
** Cast: 01
** Latitude: N  44 36.4309
** Longitude: W 62 55.9254
** Sounding: 34.5
** Chief Scientist: Ryan Stanley
** Comment: CTD cast 29  - we had to tape broken spigot but it worked
** high bottom releif in the area
** SampleIDs - 493816-493821
# nquan = 8
# nvalues = 2051                                  
# units = specified
# name 0 = density00: Density [density, kg/m^3]
# name 1 = depSM: Depth [salt water, m], lat = 45.00
# name 2 = prdM: Pressure, Strain Gauge [db]
# name 3 = sal00: Salinity, Practical [PSU]
# name 4 = tv290C: Temperature [ITS-90, deg C]
# name 5 = bpos: Bottle Position in Carousel
# name 6 = nbf: Bottles Fired
# name 7 = flag:  0.000e+00
# span 0 =   999.0900,  1024.9664                 
# span 1 =     -0.073,     34.959                 
# span 2 =     -0.074,     35.248                 
# span 3 =     0.0082,    31.6796                 
# span 4 =     4.7486,    15.5344                 
# span 5 =          0,          6                 
# span 6 =          0,          2                 
# span 7 = 0.0000e+00, 0.0000e+00                 
# interval = seconds: 0.25
# start_time = Aug 10 2022 13:50:49 [Instrument's time stamp, header]
# bad_flag = -9.990e-29
*END*
[from data line 540]
  1023.4905      7.641      7.704    30.5758    10.2705          0          0  0.000e+00
  1023.5145      7.715      7.779    30.5602    10.0514          0          0  0.000e+00
  1023.4877      7.793      7.857    30.4765     9.8150          0          0  0.000e+00
  1023.5757      7.877      7.941    30.5321     9.5350          0          0  0.000e+00
  1023.7453      7.967      8.032    30.6959     9.2701          0          0  0.000e+00
  1023.8920      8.061      8.127    30.8450     9.0765          0          0  0.000e+00
  1023.9767      8.165      8.232    30.9305     8.9619          0          0  0.000e+00
  1024.0200      8.281      8.349    30.9729     8.8988          0          0  0.000e+00
  1024.0413      8.405      8.474    30.9923     8.8615          0          0  0.000e+00
  1024.0324      8.539      8.609    30.9750     8.8347          0          0  0.000e+00
  1024.0463      8.683      8.754    30.9859     8.8031          0          0  0.000e+00
  1024.0558      8.834      8.906    30.9914     8.7734          0          0  0.000e+00
  1024.0734      8.988      9.062    31.0080     8.7473          0          0  0.000e+00
  1024.0820      9.142      9.217    31.0141     8.7267          0          0  0.000e+00
  1024.0778      9.300      9.376    31.0043     8.7076          0          0  0.000e+00
  1024.0490      9.453      9.530    30.9611     8.6788          0          0  0.000e+00
  1024.0534      9.602      9.681    30.9565     8.6295          0          0  0.000e+00
  1024.1023      9.737      9.817    31.0077     8.5742          0          0  0.000e+00
  1024.1293      9.865      9.946    31.0344     8.5373          0          0  0.000e+00
  1024.1034      9.975     10.057    30.9961     8.5123          0          0  0.000e+00
  1024.1140     10.076     10.159    31.0015     8.4719          0          0  0.000e+00
  1024.1432     10.164     10.247    31.0300     8.4280          0          0  0.000e+00
  1024.1270     10.238     10.322    31.0028     8.3951          0          0  0.000e+00
  1024.1287     10.309     10.394    30.9972     8.3555          0          0  0.000e+00
  1024.1741     10.371     10.456    31.0470     8.3132          0          0  0.000e+00
  1024.1626     10.433     10.519    31.0274     8.2891          0          0  0.000e+00
  1024.1702     10.502     10.588    31.0314     8.2605          0          0  0.000e+00
  1024.1606     10.574     10.661    31.0130     8.2291          0          0  0.000e+00
  1024.1221     10.657     10.744    30.9558     8.1871          0          0  0.000e+00
  1024.1153     10.746     10.834    30.9343     8.1202          0          0  0.000e+00
  1024.1277     10.848     10.937    30.9341     8.0348          0          0  0.000e+00
  1024.1406     10.963     11.053    30.9339     7.9457          0          0  0.000e+00
  1024.1015     11.087     11.178    30.8668     7.8532          0          0  0.000e+00
  1024.1198     11.227     11.319    30.8674     7.7285          0          0  0.000e+00
  1024.2087     11.380     11.473    30.9574     7.6014          0          0  0.000e+00
  1024.2400     11.544     11.639    30.9807     7.5117          0          0  0.000e+00
  1024.1776     11.714     11.810    30.8870     7.4343          0          0  0.000e+00
  1024.2057     11.884     11.982    30.9030     7.3240          0          0  0.000e+00
  1024.2327     12.051     12.150    30.9172     7.2112          0          0  0.000e+00
  1024.2795     12.209     12.309    30.9586     7.1082          0          0  0.000e+00
  1024.2037     12.361     12.463    30.8458     7.0149          0          0  0.000e+00
  1024.2018     12.494     12.597    30.8214     6.8853          0          0  0.000e+00
  1024.2935     12.608     12.712    30.9138     6.7402          0          0  0.000e+00
  1024.3688     12.703     12.807    30.9921     6.6362          0          0  0.000e+00
  1024.4154     12.777     12.882    31.0410     6.5743          0          0  0.000e+00
  1024.4476     12.834     12.940    31.0764     6.5416          0          0  0.000e+00
  1024.4540     12.879     12.984    31.0820     6.5274          0          0  0.000e+00
  1024.4588     12.914     13.020    31.0867     6.5202          0          0  0.000e+00
  1024.4614     12.951     13.057    31.0891     6.5161          0          0  0.000e+00
  1024.4653     12.986     13.092    31.0937     6.5147          0          0  0.000e+00
  1024.4689     13.028     13.135    31.0983     6.5165          0          0  0.000e+00
  1024.5136     13.085     13.193    31.1557     6.5231          0          0  0.000e+00
  1024.4691     13.157     13.266    31.1030     6.5496          0          0  0.000e+00
  1024.4222     13.247     13.355    31.0450     6.5627          0          0  0.000e+00
  1024.4112     13.360     13.470    31.0280     6.5476          0          0  0.000e+00
  1024.4255     13.488     13.599    31.0414     6.5222          0          0  0.000e+00
  1024.4381     13.641     13.753    31.0531     6.5011          0          0  0.000e+00
  1024.4479     13.808     13.922    31.0624     6.4873          0          0  0.000e+00
  1024.4413     13.987     14.102    31.0516     6.4788          0          0  0.000e+00
  1024.4331     14.174     14.291    31.0384     6.4679          0          0  0.000e+00
  1024.4229     14.367     14.485    31.0219     6.4529          0          0  0.000e+00
  1024.3897     14.555     14.674    30.9750     6.4295          0          0  0.000e+00
  1024.3144     14.738     14.859    30.8715     6.3850          0          0  0.000e+00
  1024.3201     14.913     15.035    30.8649     6.3022          0          0  0.000e+00
  1024.3498     15.071     15.195    30.8877     6.2121          0          0  0.000e+00
  1024.4046     15.212     15.337    30.9445     6.1342          0          0  0.000e+00
  1024.4452     15.337     15.463    30.9875     6.0834          0          0  0.000e+00
  1024.4695     15.442     15.569    31.0134     6.0555          0          0  0.000e+00
  1024.4844     15.522     15.650    31.0298     6.0421          0          0  0.000e+00
  1024.4900     15.588     15.716    31.0358     6.0373          0          0  0.000e+00
  1024.4921     15.637     15.765    31.0381     6.0364          0          0  0.000e+00
  1024.4938     15.667     15.795    31.0402     6.0377          0          0  0.000e+00
  1024.4913     15.689     15.818    31.0372     6.0396          0          0  0.000e+00
  1024.5015     15.702     15.831    31.0504     6.0415          0          0  0.000e+00
  1024.4985     15.715     15.845    31.0474     6.0483          0          0  0.000e+00
  1024.4926     15.729     15.858    31.0410     6.0556          0          0  0.000e+00
  1024.4880     15.757     15.886    31.0359     6.0614          0          0  0.000e+00
  1024.4804     15.803     15.933    31.0266     6.0646          0          0  0.000e+00
  1024.4821     15.877     16.008    31.0281     6.0636          0          0  0.000e+00
  1024.4736     15.972     16.103    31.0162     6.0606          0          0  0.000e+00
  1024.4453     16.092     16.224    30.9783     6.0510          0          0  0.000e+00
  1024.4483     16.238     16.371    30.9774     6.0261          0          0  0.000e+00
  1024.4607     16.407     16.542    30.9877     5.9969          0          0  0.000e+00
  1024.4644     16.596     16.733    30.9876     5.9720          0          0  0.000e+00
  1024.4703     16.804     16.942    30.9901     5.9469          0          0  0.000e+00
  1024.4799     17.022     17.162    30.9974     5.9226          0          0  0.000e+00
  1024.4970     17.250     17.392    31.0145     5.9015          0          0  0.000e+00
  1024.4972     17.476     17.620    31.0112     5.8864          0          0  0.000e+00
  1024.4914     17.693     17.839    31.0003     5.8713          0          0  0.000e+00
  1024.5253     17.900     18.047    31.0393     5.8529          0          0  0.000e+00
  1024.5487     18.084     18.233    31.0668     5.8454          0          0  0.000e+00
  1024.5522     18.244     18.395    31.0706     5.8481          0          0  0.000e+00
  1024.5510     18.382     18.534    31.0688     5.8516          0          0  0.000e+00
  1024.5498     18.494     18.646    31.0669     5.8540          0          0  0.000e+00
  1024.5477     18.579     18.732    31.0640     5.8552          0          0  0.000e+00
  1024.5479     18.641     18.794    31.0639     5.8556          0          0  0.000e+00
  1024.5481     18.689     18.842    31.0639     5.8558          0          0  0.000e+00
  1024.5478     18.718     18.872    31.0634     5.8561          0          0  0.000e+00
  1024.5466     18.735     18.889    31.0619     5.8570          0          0  0.000e+00
  1024.5479     18.746     18.900    31.0637     5.8579          0          0  0.000e+00
  1024.5528     18.750     18.904    31.0701     5.8597          0          0  0.000e+00
  1024.5542     18.761     18.915    31.0725     5.8646          0          0  0.000e+00
  1024.5436     18.785     18.940    31.0600     5.8713          0          0  0.000e+00
  1024.5368     18.826     18.981    31.0514     5.8734          0          0  0.000e+00
  1024.5369     18.893     19.049    31.0508     5.8713          0          0  0.000e+00
  1024.5346     18.982     19.139    31.0469     5.8684          0          0  0.000e+00
  1024.5344     19.102     19.259    31.0454     5.8646          0          0  0.000e+00
  1024.5424     19.248     19.407    31.0540     5.8596          0          0  0.000e+00
  1024.5408     19.417     19.577    31.0505     5.8566          0          0  0.000e+00
  1024.5394     19.612     19.773    31.0467     5.8514          0          0  0.000e+00
  1024.5424     19.828     19.991    31.0483     5.8441          0          0  0.000e+00
  1024.5223     20.052     20.217    31.0202     5.8362          0          0  0.000e+00
  1024.5031     20.284     20.451    30.9918     5.8177          0          0  0.000e+00
  1024.4920     20.518     20.687    30.9716     5.7845          0          0  0.000e+00
  1024.5101     20.741     20.912    30.9866     5.7402          0          0  0.000e+00
  1024.5319     20.952     21.124    31.0071     5.6999          0          0  0.000e+00
  1024.5567     21.138     21.312    31.0328     5.6685          0          0  0.000e+00
  1024.5723     21.293     21.469    31.0488     5.6492          0          0  0.000e+00
  1024.5785     21.421     21.598    31.0543     5.6383          0          0  0.000e+00
  1024.5850     21.513     21.690    31.0609     5.6307          0          0  0.000e+00
  1024.5897     21.579     21.757    31.0658     5.6258          0          0  0.000e+00
  1024.5933     21.627     21.805    31.0698     5.6238          0          0  0.000e+00
  1024.5922     21.660     21.838    31.0682     5.6239          0          0  0.000e+00
  1024.5927     21.676     21.854    31.0688     5.6240          0          0  0.000e+00
  1024.5968     21.682     21.861    31.0741     5.6250          0          0  0.000e+00
  1024.6001     21.681     21.860    31.0787     5.6287          0          0  0.000e+00
  1024.5986     21.681     21.860    31.0777     5.6351          0          0  0.000e+00
  1024.5914     21.693     21.871    31.0696     5.6415          0          0  0.000e+00
  1024.5854     21.717     21.896    31.0623     5.6446          0          0  0.000e+00
  1024.5842     21.774     21.954    31.0603     5.6443          0          0  0.000e+00
  1024.5858     21.860     22.040    31.0617     5.6430          0          0  0.000e+00
  1024.5717     21.969     22.150    31.0430     5.6422          0          0  0.000e+00
  1024.5519     22.119     22.301    31.0154     5.6300          0          0  0.000e+00
  1024.5636     22.294     22.478    31.0250     5.6012          0          0  0.000e+00
  1024.5540     22.497     22.683    31.0073     5.5716          0          0  0.000e+00
  1024.5682     22.718     22.905    31.0187     5.5348          0          0  0.000e+00
  1024.6003     22.951     23.140    31.0527     5.4983          0          0  0.000e+00
  1024.6183     23.191     23.382    31.0705     5.4726          0          0  0.000e+00
  1024.6319     23.429     23.622    31.0836     5.4547          0          0  0.000e+00
  1024.6412     23.659     23.854    31.0922     5.4420          0          0  0.000e+00
  1024.6519     23.865     24.062    31.1031     5.4321          0          0  0.000e+00
  1024.6554     24.033     24.231    31.1060     5.4280          0          0  0.000e+00
  1024.6577     24.161     24.360    31.1078     5.4261          0          0  0.000e+00
  1024.6582     24.244     24.444    31.1079     5.4251          0          0  0.000e+00
  1024.6595     24.301     24.501    31.1090     5.4233          0          0  0.000e+00
  1024.6617     24.332     24.533    31.1110     5.4202          0          0  0.000e+00
  1024.6583     24.350     24.551    31.1058     5.4142          0          0  0.000e+00
  1024.6740     24.351     24.552    31.1241     5.4026          0          0  0.000e+00
  1024.6882     24.344     24.545    31.1414     5.3982          0          0  0.000e+00
  1024.6876     24.337     24.537    31.1419     5.4069          0          0  0.000e+00
  1024.6738     24.335     24.536    31.1264     5.4209          0          0  0.000e+00
  1024.6633     24.344     24.545    31.1143     5.4297          0          0  0.000e+00
  1024.6580     24.379     24.580    31.1076     5.4307          0          0  0.000e+00
  1024.6571     24.435     24.637    31.1052     5.4236          0          0  0.000e+00
  1024.6614     24.521     24.723    31.1086     5.4137          0          0  0.000e+00
  1024.6645     24.629     24.832    31.1103     5.4018          0          0  0.000e+00
  1024.6675     24.764     24.968    31.1114     5.3882          0          0  0.000e+00
  1024.6709     24.922     25.127    31.1125     5.3727          0          0  0.000e+00
  1024.6819     25.104     25.311    31.1229     5.3554          0          0  0.000e+00
  1024.6926     25.307     25.515    31.1334     5.3420          0          0  0.000e+00
  1024.6997     25.522     25.732    31.1398     5.3328          0          0  0.000e+00
  1024.6922     25.747     25.960    31.1279     5.3255          0          0  0.000e+00
  1024.7003     25.979     26.193    31.1348     5.3117          0          0  0.000e+00
  1024.7037     26.204     26.421    31.1358     5.2973          0          0  0.000e+00
  1024.6895     26.419     26.636    31.1143     5.2817          0          0  0.000e+00
  1024.6954     26.614     26.833    31.1167     5.2531          0          0  0.000e+00
  1024.7138     26.779     27.000    31.1343     5.2199          0          0  0.000e+00
  1024.7439     26.913     27.135    31.1679     5.1933          0          0  0.000e+00
  1024.7536     27.012     27.235    31.1780     5.1819          0          0  0.000e+00
  1024.7577     27.086     27.310    31.1821     5.1775          0          0  0.000e+00
  1024.7563     27.138     27.362    31.1798     5.1754          0          0  0.000e+00
  1024.7580     27.170     27.394    31.1814     5.1726          0          0  0.000e+00
  1024.7612     27.188     27.412    31.1850     5.1699          0          0  0.000e+00
  1024.7671     27.189     27.414    31.1923     5.1692          0          0  0.000e+00
  1024.7739     27.178     27.402    31.2014     5.1728          0          0  0.000e+00
  1024.7661     27.167     27.391    31.1928     5.1810          0          0  0.000e+00
  1024.7571     27.162     27.386    31.1822     5.1866          0          0  0.000e+00
  1024.7450     27.168     27.392    31.1669     5.1867          0          0  0.000e+00
  1024.7470     27.198     27.422    31.1682     5.1789          0          0  0.000e+00
