data/eDNA/PER-2022-473/473A030.cnv
* Sea-Bird SBE19plus  Data File:
* FileName = C:\Users\RSG_field\Ryan_Perley2022473\CTD\473A030.hex
* Software version 2.3.0 SB_Terminal.dll
* Temperature SN = 7141
* Conductivity SN = 7141
* System UpLoad Time = Aug 16 2022 19:16:42
* <ApplicationData>
* <SeatermAF>
** Platform: M. Perley
** Cruise: Per2022473
** Station:  SAB_Trans_07
** Cast: 01 473A030
** Latitude: N  46 16.8247
** Longitude: W 59 00.478
** Sounding: 183
** Chief Scientist: Ryan Stanley
** Comment: Bottles 493923-43938 - sounding based on plumb line cast 49
# nquan = 8
# nvalues = 5483                                  
# units = specified
# name 0 = density00: Density [density, kg/m^3]
# name 1 = depSM: Depth [salt water, m], lat = 45.00
# name 2 = prdM: Pressure, Strain Gauge [db]
# name 3 = sal00: Salinity, Practical [PSU]
# name 4 = tv290C: Temperature [ITS-90, deg C]
# name 5 = bpos: Bottle Position in Carousel
# name 6 = nbf: Bottles Fired
# name 7 = flag:  0.000e+00
# span 0 =   998.6495,  1027.6950                 
# span 1 =     -0.035,    169.792                 
# span 2 =     -0.036,    171.252                 
# span 3 =     0.1741,    34.3021                 
# span 4 =     2.2481,    19.6967                 
# span 5 =          0,          6                 
# span 6 =          0,          2                 
# span 7 = 0.0000e+00, 0.0000e+00                 
# interval = seconds: 0.25
# start_time = Aug 16 2022 18:49:14 [Instrument's time stamp, header]
# bad_flag = -9.990e-29
*END*
[from data line 4675]
  1025.8218     46.244     46.627    32.0864     2.4824          1          1  0.000e+00
  1025.8059     46.186     46.570    32.0678     2.4913          1          1  0.000e+00
  1025.8064     46.136     46.518    32.0689     2.4936          1          1  0.000e+00
  1025.8161     46.104     46.486    32.0815     2.4948          1          1  0.000e+00
  1025.8179     46.085     46.467    32.0845     2.5022          1          1  0.000e+00
  1025.8191     46.075     46.457    32.0870     2.5116          1          1  0.000e+00
  1025.8152     46.075     46.457    32.0833     2.5231          1          1  0.000e+00
  1025.8052     46.070     46.452    32.0718     2.5341          1          1  0.000e+00
  1025.7990     46.056     46.438    32.0649     2.5401          1          1  0.000e+00
  1025.7951     46.030     46.411    32.0603     2.5425          1          1  0.000e+00
  1025.7955     45.982     46.363    32.0611     2.5430          1          1  0.000e+00
  1025.7946     45.917     46.298    32.0604     2.5432          1          1  0.000e+00
  1025.7924     45.834     46.215    32.0582     2.5429          1          1  0.000e+00
  1025.7918     45.734     46.113    32.0578     2.5414          1          1  0.000e+00
  1025.7843     45.615     45.993    32.0490     2.5391          1          1  0.000e+00
  1025.7908     45.485     45.862    32.0573     2.5334          1          1  0.000e+00
  1025.7928     45.344     45.720    32.0603     2.5296          1          1  0.000e+00
  1025.7922     45.193     45.568    32.0602     2.5279          1          1  0.000e+00
  1025.7937     45.039     45.413    32.0628     2.5265          1          1  0.000e+00
  1025.7958     44.886     45.258    32.0663     2.5261          1          1  0.000e+00
  1025.7962     44.741     45.113    32.0678     2.5275          1          1  0.000e+00
  1025.7982     44.610     44.980    32.0714     2.5303          1          1  0.000e+00
  1025.7951     44.501     44.870    32.0686     2.5347          1          1  0.000e+00
  1025.7967     44.406     44.775    32.0717     2.5396          1          1  0.000e+00
  1025.8010     44.329     44.697    32.0782     2.5464          1          1  0.000e+00
  1025.8029     44.256     44.623    32.0822     2.5582          1          1  0.000e+00
  1025.7967     44.188     44.555    32.0767     2.5763          1          1  0.000e+00
  1025.7835     44.111     44.477    32.0623     2.5936          1          1  0.000e+00
  1025.7735     44.026     44.391    32.0517     2.6063          1          1  0.000e+00
  1025.7651     43.934     44.298    32.0423     2.6134          1          1  0.000e+00
  1025.7609     43.839     44.203    32.0379     2.6161          1          1  0.000e+00
  1025.7599     43.749     44.112    32.0371     2.6157          1          1  0.000e+00
  1025.7620     43.676     44.038    32.0401     2.6149          1          1  0.000e+00
  1025.7634     43.623     43.985    32.0423     2.6150          1          1  0.000e+00
  1025.7672     43.595     43.957    32.0474     2.6171          1          1  0.000e+00
  1025.7622     43.576     43.938    32.0419     2.6237          1          1  0.000e+00
  1025.7549     43.569     43.930    32.0332     2.6281          1          1  0.000e+00
  1025.7504     43.553     43.914    32.0276     2.6274          1          1  0.000e+00
  1025.7560     43.526     43.886    32.0343     2.6227          1          1  0.000e+00
  1025.7572     43.481     43.842    32.0359     2.6212          1          1  0.000e+00
  1025.7573     43.415     43.775    32.0365     2.6211          1          1  0.000e+00
  1025.7579     43.335     43.694    32.0377     2.6210          1          1  0.000e+00
  1025.7596     43.249     43.607    32.0403     2.6216          1          1  0.000e+00
  1025.7578     43.163     43.521    32.0388     2.6236          1          1  0.000e+00
  1025.7561     43.087     43.444    32.0374     2.6258          1          1  0.000e+00
  1025.7551     43.006     43.363    32.0368     2.6270          1          1  0.000e+00
  1025.7541     42.934     43.290    32.0360     2.6279          1          1  0.000e+00
  1025.7531     42.850     43.205    32.0353     2.6285          1          1  0.000e+00
  1025.7524     42.759     43.114    32.0349     2.6284          1          1  0.000e+00
  1025.7508     42.648     43.001    32.0336     2.6283          1          1  0.000e+00
  1025.7493     42.523     42.875    32.0324     2.6283          1          1  0.000e+00
  1025.7478     42.389     42.740    32.0315     2.6287          1          1  0.000e+00
  1025.7476     42.252     42.603    32.0320     2.6290          1          1  0.000e+00
  1025.7465     42.124     42.473    32.0315     2.6297          1          1  0.000e+00
  1025.7436     42.002     42.350    32.0287     2.6308          1          1  0.000e+00
  1025.7410     41.893     42.240    32.0262     2.6322          1          1  0.000e+00
  1025.7389     41.803     42.149    32.0242     2.6336          1          1  0.000e+00
  1025.7413     41.725     42.071    32.0278     2.6347          1          1  0.000e+00
  1025.7488     41.659     42.004    32.0380     2.6383          1          1  0.000e+00
  1025.7459     41.597     41.942    32.0357     2.6480          1          1  0.000e+00
  1025.7419     41.537     41.881    32.0322     2.6601          1          1  0.000e+00
  1025.7484     41.474     41.818    32.0422     2.6739          1          1  0.000e+00
  1025.7304     41.410     41.753    32.0221     2.6938          1          1  0.000e+00
  1025.7151     41.347     41.690    32.0046     2.7070          1          1  0.000e+00
  1025.7143     41.286     41.628    32.0042     2.7092          1          1  0.000e+00
  1025.7184     41.235     41.576    32.0097     2.7102          1          1  0.000e+00
  1025.7193     41.193     41.535    32.0115     2.7142          1          1  0.000e+00
  1025.7132     41.162     41.503    32.0046     2.7193          1          1  0.000e+00
  1025.7203     41.147     41.488    32.0138     2.7218          1          1  0.000e+00
  1025.7212     41.128     41.468    32.0158     2.7282          1          1  0.000e+00
  1025.7199     41.112     41.452    32.0151     2.7371          1          1  0.000e+00
  1025.7122     41.075     41.415    32.0067     2.7467          1          1  0.000e+00
  1025.7048     41.021     41.360    31.9984     2.7529          1          1  0.000e+00
  1025.6990     40.942     41.281    31.9918     2.7548          1          1  0.000e+00
  1025.6973     40.836     41.174    31.9901     2.7533          1          1  0.000e+00
  1025.6912     40.704     41.041    31.9828     2.7499          1          1  0.000e+00
  1025.6923     40.556     40.892    31.9844     2.7425          1          1  0.000e+00
  1025.7052     40.399     40.734    32.0007     2.7350          1          1  0.000e+00
  1025.7075     40.248     40.581    32.0044     2.7337          1          1  0.000e+00
  1025.7066     40.099     40.431    32.0042     2.7351          1          1  0.000e+00
  1025.7084     39.963     40.294    32.0075     2.7366          1          1  0.000e+00
  1025.7042     39.843     40.173    32.0032     2.7390          1          1  0.000e+00
  1025.7061     39.737     40.066    32.0064     2.7407          1          1  0.000e+00
  1025.7110     39.637     39.965    32.0134     2.7435          1          1  0.000e+00
  1025.7256     39.545     39.872    32.0329     2.7499          1          1  0.000e+00
  1025.7169     39.453     39.779    32.0242     2.7661          1          1  0.000e+00
  1025.6914     39.366     39.692    31.9945     2.7825          1          1  0.000e+00
  1025.6856     39.277     39.602    31.9883     2.7874          1          1  0.000e+00
  1025.6833     39.193     39.517    31.9860     2.7885          1          1  0.000e+00
  1025.6827     39.120     39.444    31.9857     2.7883          1          1  0.000e+00
  1025.6806     39.059     39.383    31.9833     2.7877          1          1  0.000e+00
  1025.6758     39.019     39.342    31.9774     2.7869          1          1  0.000e+00
  1025.6670     38.997     39.320    31.9662     2.7842          1          1  0.000e+00
  1025.6602     38.991     39.314    31.9572     2.7789          1          1  0.000e+00
  1025.6873     38.997     39.320    31.9907     2.7743          1          1  0.000e+00
  1025.6718     39.005     39.328    31.9716     2.7780          1          1  0.000e+00
  1025.6702     39.007     39.330    31.9696     2.7777          1          1  0.000e+00
  1025.6729     38.995     39.318    31.9729     2.7763          1          1  0.000e+00
  1025.6657     38.966     39.289    31.9639     2.7759          1          1  0.000e+00
  1025.6680     38.915     39.237    31.9668     2.7727          1          1  0.000e+00
  1025.6677     38.845     39.167    31.9665     2.7695          1          1  0.000e+00
  1025.6765     38.752     39.073    31.9779     2.7672          1          1  0.000e+00
  1025.6818     38.651     38.971    31.9852     2.7683          1          1  0.000e+00
  1025.6804     38.542     38.861    31.9845     2.7721          1          1  0.000e+00
  1025.6745     38.431     38.749    31.9781     2.7753          1          1  0.000e+00
  1025.6687     38.323     38.640    31.9716     2.7764          1          1  0.000e+00
  1025.6670     38.206     38.522    31.9700     2.7753          1          1  0.000e+00
  1025.6656     38.084     38.399    31.9688     2.7737          1          1  0.000e+00
  1025.6628     37.947     38.261    31.9659     2.7717          1          1  0.000e+00
  1025.6592     37.801     38.114    31.9621     2.7689          1          1  0.000e+00
  1025.6584     37.653     37.964    31.9615     2.7655          1          1  0.000e+00
  1025.6596     37.500     37.810    31.9637     2.7631          1          1  0.000e+00
  1025.6627     37.361     37.670    31.9686     2.7644          1          1  0.000e+00
  1025.6599     37.234     37.542    31.9664     2.7698          1          1  0.000e+00
  1025.6539     37.132     37.439    31.9602     2.7767          1          1  0.000e+00
  1025.6419     37.058     37.365    31.9460     2.7815          1          1  0.000e+00
  1025.6613     37.010     37.316    31.9707     2.7823          1          1  0.000e+00
  1025.6682     36.985     37.291    31.9809     2.7952          1          1  0.000e+00
  1025.6396     36.971     37.277    31.9472     2.8151          1          1  0.000e+00
  1025.6438     36.966     37.272    31.9535     2.8244          1          1  0.000e+00
  1025.6340     36.948     37.253    31.9422     2.8335          1          1  0.000e+00
  1025.6247     36.919     37.225    31.9311     2.8379          1          1  0.000e+00
  1025.6386     36.869     37.174    31.9488     2.8364          1          1  0.000e+00
  1025.6367     36.796     37.101    31.9475     2.8434          1          1  0.000e+00
  1025.6255     36.705     37.009    31.9349     2.8521          1          1  0.000e+00
  1025.6145     36.594     36.896    31.9222     2.8557          1          1  0.000e+00
  1025.6155     36.472     36.773    31.9237     2.8517          1          1  0.000e+00
  1025.6269     36.354     36.655    31.9384     2.8480          1          1  0.000e+00
  1025.6311     36.241     36.540    31.9446     2.8509          1          1  0.000e+00
  1025.6329     36.158     36.457    31.9481     2.8582          1          1  0.000e+00
  1025.6296     36.097     36.396    31.9454     2.8678          1          1  0.000e+00
  1025.6092     36.064     36.362    31.9209     2.8778          1          1  0.000e+00
  1025.6119     36.048     36.346    31.9245     2.8787          1          1  0.000e+00
  1025.6130     36.038     36.336    31.9259     2.8770          1          1  0.000e+00
  1025.6171     36.023     36.321    31.9312     2.8783          1          1  0.000e+00
  1025.6246     35.990     36.288    31.9413     2.8824          1          1  0.000e+00
  1025.6328     35.932     36.229    31.9528     2.8908          1          1  0.000e+00
  1025.6064     35.838     36.134    31.9220     2.9080          1          1  0.000e+00
  1025.6017     35.718     36.013    31.9173     2.9128          1          1  0.000e+00
  1025.6016     35.576     35.870    31.9180     2.9125          1          1  0.000e+00
  1025.6047     35.417     35.710    31.9228     2.9126          1          1  0.000e+00
  1025.6189     35.260     35.552    31.9419     2.9155          1          1  0.000e+00
  1025.6234     35.104     35.394    31.9498     2.9279          1          1  0.000e+00
  1025.6139     34.967     35.257    31.9407     2.9476          1          1  0.000e+00
  1025.6085     34.847     35.135    31.9367     2.9664          1          1  0.000e+00
  1025.6028     34.749     35.036    31.9322     2.9854          1          1  0.000e+00
  1025.6023     34.672     34.958    31.9341     3.0056          1          1  0.000e+00
  1025.5827     34.609     34.895    31.9126     3.0312          1          1  0.000e+00
  1025.5763     34.558     34.844    31.9072     3.0527          1          1  0.000e+00
  1025.5658     34.506     34.792    31.8967     3.0747          1          1  0.000e+00
  1025.5494     34.448     34.733    31.8788     3.0965          1          1  0.000e+00
  1025.5279     34.392     34.676    31.8539     3.1120          1          1  0.000e+00
  1025.5213     34.327     34.611    31.8466     3.1179          1          1  0.000e+00
  1025.5175     34.264     34.547    31.8420     3.1164          1          1  0.000e+00
  1025.5264     34.196     34.478    31.8527     3.1071          1          1  0.000e+00
  1025.5324     34.132     34.414    31.8598     3.0996          1          1  0.000e+00
  1025.5370     34.070     34.351    31.8656     3.0967          1          1  0.000e+00
  1025.5356     34.013     34.295    31.8645     3.0998          1          1  0.000e+00
  1025.5263     33.969     34.250    31.8537     3.1062          1          1  0.000e+00
  1025.5167     33.926     34.207    31.8425     3.1115          1          1  0.000e+00
  1025.5148     33.894     34.174    31.8406     3.1141          1          1  0.000e+00
  1025.5087     33.863     34.143    31.8334     3.1156          1          1  0.000e+00
  1025.5050     33.828     34.107    31.8288     3.1147          1          1  0.000e+00
  1025.5023     33.788     34.067    31.8254     3.1122          1          1  0.000e+00
  1025.5058     33.729     34.008    31.8298     3.1091          1          1  0.000e+00
  1025.5080     33.662     33.941    31.8327     3.1070          1          1  0.000e+00
  1025.5077     33.574     33.852    31.8327     3.1057          1          1  0.000e+00
  1025.5083     33.474     33.750    31.8340     3.1048          1          1  0.000e+00
  1025.5124     33.357     33.633    31.8398     3.1044          1          1  0.000e+00
  1025.5150     33.225     33.499    31.8438     3.1040          1          1  0.000e+00
  1025.5124     33.082     33.355    31.8412     3.1030          1          1  0.000e+00
  1025.5031     32.926     33.198    31.8303     3.1013          1          1  0.000e+00
  1025.5016     32.769     33.040    31.8289     3.0971          1          1  0.000e+00
  1025.4919     32.606     32.875    31.8173     3.0923          1          1  0.000e+00
  1025.4840     32.448     32.716    31.8075     3.0860          1          1  0.000e+00
  1025.4752     32.296     32.563    31.7966     3.0782          1          1  0.000e+00
  1025.4733     32.158     32.424    31.7941     3.0691          1          1  0.000e+00
  1025.4669     32.038     32.303    31.7859     3.0605          1          1  0.000e+00
