data/eDNA/PER-2022-473/473A009.cnv
* Sea-Bird SBE19plus  Data File:
* FileName = C:\Users\RSG_field\Ryan_Perley2022473\CTD\473A009.hex
* Software version 2.3.0 SB_Terminal.dll
* Temperature SN = 7141
* Conductivity SN = 7141
* System UpLoad Time = Aug 08 2022 19:37:49
* <ApplicationData>
* <SeatermAF>
** Platform: M. Perley
** Cruise: Per2022473
** Station:  ESI_05
** Cast: 01
** Latitude: N  44 49.3093
** Longitude: W 62 29.1012
** Sounding: 20.3
** Chief Scientist: Ryan Stanley
** Comment: Cast 27
# nquan = 8
# nvalues = 1725                                  
# units = specified
# name 0 = density00: Density [density, kg/m^3]
# name 1 = depSM: Depth [salt water, m], lat = 45.00
# name 2 = prdM: Pressure, Strain Gauge [db]
# name 3 = sal00: Salinity, Practical [PSU]
# name 4 = tv290C: Temperature [ITS-90, deg C]
# name 5 = bpos: Bottle Position in Carousel
# name 6 = nbf: Bottles Fired
# name 7 = flag:  0.000e+00
# span 0 =   999.1113,  1024.4031                 
# span 1 =     -0.099,     19.760                 
# span 2 =     -0.100,     19.923                 
# span 3 =     0.0258,    31.2895                 
# span 4 =     6.8575,    15.0620                 
# span 5 =          0,          6                 
# span 6 =          0,          2                 
# span 7 = 0.0000e+00, 0.0000e+00                 
# interval = seconds: 0.25
# start_time = Aug 08 2022 19:23:48 [Instrument's time stamp, header]
# bad_flag = -9.990e-29
*END*
[from data line 180]
   999.1155     -0.097     -0.098     0.0304    15.0574          0          0  0.000e+00
   999.1158     -0.095     -0.096     0.0308    15.0578          0          0  0.000e+00
   999.1161     -0.095     -0.096     0.0313    15.0583          0          0  0.000e+00
   999.1164     -0.097     -0.098     0.0318    15.0587          0          0  0.000e+00
   999.1165     -0.095     -0.096     0.0320    15.0592          0          0  0.000e+00
   999.1168     -0.095     -0.096     0.0325    15.0599          0          0  0.000e+00
   999.1172     -0.095     -0.096     0.0331    15.0602          0          0  0.000e+00
   999.1174     -0.095     -0.096     0.0334    15.0603          0          0  0.000e+00
   999.1178     -0.094     -0.095     0.0339    15.0602          0          0  0.000e+00
  1008.3026      0.019      0.019    11.9969    15.0564          0          0  0.000e+00
  1021.0900      0.314      0.317    28.5696    14.6714          0          0  0.000e+00
  1021.7829      0.567      0.572    29.1907    13.6070          0          0  0.000e+00
  1022.5660      0.766      0.772    29.9698    12.6675          0          0  0.000e+00
  1023.2469      0.838      0.844    30.7018    12.0548          0          0  0.000e+00
  1023.5419      0.834      0.841    31.0006    11.7072          0          0  0.000e+00
  1023.6040      0.806      0.812    31.0664    11.6446          0          0  0.000e+00
  1023.5541      0.774      0.780    31.0018    11.6426          0          0  0.000e+00
  1023.5099      0.755      0.761    30.9315    11.5842          0          0  0.000e+00
  1023.5663      0.740      0.746    30.9914    11.5290          0          0  0.000e+00
  1023.5994      0.723      0.729    31.0266    11.4961          0          0  0.000e+00
  1023.6164      0.691      0.697    31.0446    11.4783          0          0  0.000e+00
  1023.6193      0.644      0.649    31.0468    11.4703          0          0  0.000e+00
  1023.6364      0.566      0.571    31.0723    11.4836          0          0  0.000e+00
  1023.6366      0.448      0.451    31.0787    11.5075          0          0  0.000e+00
  1023.6090      0.301      0.304    31.0482    11.5254          0          0  0.000e+00
  1023.6517      0.150      0.151    31.1073    11.5394          0          0  0.000e+00
  1023.7702      0.050      0.050    31.2654    11.5605          0          0  0.000e+00
  1023.6452      0.027      0.027    31.1254    11.6510          0          0  0.000e+00
  1023.5531      0.125      0.126    31.0535    11.8539          0          0  0.000e+00
  1023.4326      0.244      0.246    30.9256    11.9735          0          0  0.000e+00
  1023.3328      0.392      0.396    30.8088    12.0278          0          0  0.000e+00
  1023.2855      0.573      0.577    30.7450    12.0204          0          0  0.000e+00
  1023.2920      0.774      0.780    30.7439    11.9853          0          0  0.000e+00
  1023.3223      1.021      1.029    30.7735    11.9512          0          0  0.000e+00
  1023.3470      1.279      1.289    30.7980    11.9267          0          0  0.000e+00
  1023.4375      1.456      1.467    30.9122    11.9202          0          0  0.000e+00
  1023.4551      1.638      1.651    30.9372    11.9341          0          0  0.000e+00
  1023.4288      1.796      1.811    30.9054    11.9474          0          0  0.000e+00
  1023.4084      1.943      1.959    30.8810    11.9593          0          0  0.000e+00
  1023.4051      2.053      2.070    30.8812    11.9809          0          0  0.000e+00
  1023.3997      2.128      2.145    30.8808    12.0106          0          0  0.000e+00
  1023.3971      2.158      2.176    30.8834    12.0360          0          0  0.000e+00
  1023.3932      2.149      2.166    30.8830    12.0558          0          0  0.000e+00
  1023.3881      2.101      2.118    30.8806    12.0719          0          0  0.000e+00
  1023.3811      2.008      2.024    30.8756    12.0867          0          0  0.000e+00
  1023.3744      1.870      1.885    30.8705    12.0985          0          0  0.000e+00
  1023.3605      1.699      1.713    30.8556    12.1069          0          0  0.000e+00
  1023.3511      1.512      1.524    30.8463    12.1142          0          0  0.000e+00
  1023.3483      1.322      1.333    30.8450    12.1194          0          0  0.000e+00
  1023.3573      1.141      1.150    30.8579    12.1200          0          0  0.000e+00
  1023.3750      0.974      0.982    30.8810    12.1173          0          0  0.000e+00
  1023.3940      0.833      0.840    30.9053    12.1129          0          0  0.000e+00
  1023.4108      0.736      0.742    30.9265    12.1083          0          0  0.000e+00
  1023.3790      0.686      0.692    30.8843    12.1023          0          0  0.000e+00
  1023.3439      0.702      0.708    30.8366    12.0921          0          0  0.000e+00
  1023.3104      0.776      0.782    30.7887    12.0744          0          0  0.000e+00
  1023.3125      0.897      0.904    30.7845    12.0483          0          0  0.000e+00
  1023.3339      1.053      1.061    30.8075    12.0331          0          0  0.000e+00
  1023.3512      1.228      1.238    30.8302    12.0384          0          0  0.000e+00
  1023.3659      1.405      1.416    30.8509    12.0506          0          0  0.000e+00
  1023.4521      1.564      1.576    30.9640    12.0625          0          0  0.000e+00
  1023.4828      1.690      1.704    31.0050    12.0717          0          0  0.000e+00
  1023.4406      1.795      1.809    30.9571    12.1017          0          0  0.000e+00
  1023.3724      1.872      1.887    30.8868    12.1779          0          0  0.000e+00
  1023.3392      1.925      1.941    30.8570    12.2333          0          0  0.000e+00
  1023.3238      1.960      1.976    30.8424    12.2569          0          0  0.000e+00
  1023.3053      1.996      2.012    30.8216    12.2705          0          0  0.000e+00
  1023.2996      2.028      2.045    30.8154    12.2761          0          0  0.000e+00
  1023.3075      2.052      2.069    30.8224    12.2633          0          0  0.000e+00
  1023.3366      2.053      2.070    30.8553    12.2437          0          0  0.000e+00
  1023.3862      2.034      2.051    30.9165    12.2317          0          0  0.000e+00
  1023.4129      1.988      2.004    30.9507    12.2294          0          0  0.000e+00
  1023.4256      1.905      1.921    30.9660    12.2228          0          0  0.000e+00
  1023.4424      1.784      1.799    30.9864    12.2147          0          0  0.000e+00
  1023.4283      1.635      1.648    30.9683    12.2113          0          0  0.000e+00
  1023.3912      1.470      1.482    30.9214    12.2113          0          0  0.000e+00
  1023.3614      1.300      1.310    30.8822    12.2039          0          0  0.000e+00
  1023.3458      1.135      1.145    30.8605    12.1930          0          0  0.000e+00
  1023.3413      0.984      0.992    30.8540    12.1866          0          0  0.000e+00
  1023.3385      0.856      0.863    30.8505    12.1843          0          0  0.000e+00
  1023.3361      0.747      0.754    30.8478    12.1831          0          0  0.000e+00
  1023.3323      0.669      0.675    30.8429    12.1812          0          0  0.000e+00
  1023.3239      0.638      0.644    30.8318    12.1792          0          0  0.000e+00
  1023.3117      0.673      0.679    30.8157    12.1784          0          0  0.000e+00
  1023.3007      0.775      0.781    30.8012    12.1802          0          0  0.000e+00
  1023.2942      0.941      0.949    30.7931    12.1850          0          0  0.000e+00
  1023.2899      1.159      1.168    30.7877    12.1908          0          0  0.000e+00
  1023.2792      1.409      1.420    30.7733    12.1950          0          0  0.000e+00
  1023.2803      1.659      1.673    30.7724    12.1913          0          0  0.000e+00
  1023.2899      1.877      1.893    30.7825    12.1872          0          0  0.000e+00
  1023.3583      2.051      2.068    30.8683    12.1810          0          0  0.000e+00
  1023.4195      2.166      2.183    30.9464    12.1805          0          0  0.000e+00
  1023.3916      2.222      2.240    30.9139    12.1966          0          0  0.000e+00
  1023.3287      2.224      2.242    30.8477    12.2590          0          0  0.000e+00
  1023.2871      2.172      2.190    30.8081    12.3162          0          0  0.000e+00
  1023.2742      2.077      2.094    30.7989    12.3447          0          0  0.000e+00
  1023.2643      1.942      1.958    30.7903    12.3588          0          0  0.000e+00
  1023.2459      1.787      1.802    30.7690    12.3652          0          0  0.000e+00
  1023.2460      1.624      1.637    30.7698    12.3642          0          0  0.000e+00
  1023.2507      1.480      1.492    30.7694    12.3338          0          0  0.000e+00
  1023.2704      1.348      1.360    30.7850    12.2898          0          0  0.000e+00
  1023.2998      1.256      1.267    30.8152    12.2549          0          0  0.000e+00
  1023.3496      1.188      1.198    30.8743    12.2318          0          0  0.000e+00
  1023.3919      1.142      1.151    30.9269    12.2227          0          0  0.000e+00
  1023.4065      1.114      1.123    30.9441    12.2152          0          0  0.000e+00
  1023.4228      1.091      1.100    30.9627    12.2038          0          0  0.000e+00
  1023.4254      1.071      1.080    30.9674    12.2096          0          0  0.000e+00
  1023.4064      1.055      1.063    30.9499    12.2385          0          0  0.000e+00
  1023.3822      1.041      1.050    30.9279    12.2765          0          0  0.000e+00
  1023.3453      1.042      1.051    30.8866    12.3028          0          0  0.000e+00
  1023.3086      1.068      1.076    30.8409    12.3106          0          0  0.000e+00
  1023.2887      1.114      1.123    30.8134    12.3042          0          0  0.000e+00
  1023.2892      1.185      1.195    30.8110    12.2930          0          0  0.000e+00
  1023.2976      1.281      1.291    30.8176    12.2774          0          0  0.000e+00
  1023.2957      1.398      1.410    30.8107    12.2617          0          0  0.000e+00
  1023.2857      1.528      1.540    30.7934    12.2468          0          0  0.000e+00
  1023.2843      1.662      1.676    30.7871    12.2309          0          0  0.000e+00
  1023.2956      1.794      1.808    30.7942    12.2035          0          0  0.000e+00
  1023.3296      1.907      1.923    30.8238    12.1459          0          0  0.000e+00
  1023.4250      1.997      2.014    30.9240    12.0519          0          0  0.000e+00
  1023.5834      2.057      2.073    31.1073    11.9647          0          0  0.000e+00
  1023.6388      2.082      2.099    31.1710    11.9330          0          0  0.000e+00
  1023.6592      2.077      2.094    31.1975    11.9335          0          0  0.000e+00
  1023.5852      2.041      2.057    31.1253    12.0306          0          0  0.000e+00
  1023.4888      1.974      1.990    31.0294    12.1487          0          0  0.000e+00
  1023.4177      1.882      1.897    30.9591    12.2364          0          0  0.000e+00
  1023.3693      1.771      1.786    30.9119    12.2971          0          0  0.000e+00
  1023.3296      1.653      1.666    30.8700    12.3332          0          0  0.000e+00
  1023.3006      1.535      1.548    30.8350    12.3403          0          0  0.000e+00
  1023.2901      1.428      1.440    30.8204    12.3330          0          0  0.000e+00
  1023.2724      1.342      1.353    30.7993    12.3380          0          0  0.000e+00
  1023.2711      1.270      1.280    30.7982    12.3390          0          0  0.000e+00
  1023.3133      1.207      1.217    30.8438    12.3008          0          0  0.000e+00
  1023.3617      1.153      1.163    30.8987    12.2680          0          0  0.000e+00
  1023.3781      1.103      1.112    30.9196    12.2652          0          0  0.000e+00
  1023.3632      1.061      1.070    30.9029    12.2751          0          0  0.000e+00
  1023.3428      1.030      1.039    30.8776    12.2782          0          0  0.000e+00
  1023.3363      1.026      1.035    30.8661    12.2652          0          0  0.000e+00
  1023.3145      1.053      1.061    30.8318    12.2401          0          0  0.000e+00
  1023.2531      1.117      1.127    30.7366    12.1750          0          0  0.000e+00
  1023.1867      1.231      1.241    30.6274    12.0785          0          0  0.000e+00
  1023.1587      1.372      1.383    30.5637    11.9647          0          0  0.000e+00
  1023.1577      1.527      1.539    30.5222    11.7966          0          0  0.000e+00
  1023.2654      1.669      1.682    30.6209    11.6271          0          0  0.000e+00
  1023.3624      1.796      1.810    30.7173    11.5053          0          0  0.000e+00
  1023.4392      1.889      1.905    30.7966    11.4220          0          0  0.000e+00
  1023.5144      1.960      1.976    30.8801    11.3657          0          0  0.000e+00
  1023.6594      2.004      2.020    31.0585    11.3303          0          0  0.000e+00
  1023.7955      2.022      2.038    31.2303    11.3160          0          0  0.000e+00
  1023.8182      2.016      2.033    31.2565    11.3024          0          0  0.000e+00
  1023.8430      1.996      2.012    31.2895    11.3066          0          0  0.000e+00
  1023.8021      1.962      1.978    31.2494    11.3607          0          0  0.000e+00
  1023.7346      1.910      1.926    31.1811    11.4406          0          0  0.000e+00
  1023.6432      1.848      1.863    31.0870    11.5418          0          0  0.000e+00
  1023.5745      1.772      1.787    31.0172    11.6211          0          0  0.000e+00
  1023.5216      1.687      1.700    30.9638    11.6825          0          0  0.000e+00
  1023.4857      1.595      1.608    30.9292    11.7306          0          0  0.000e+00
  1023.4634      1.502      1.514    30.9096    11.7677          0          0  0.000e+00
  1023.4527      1.405      1.416    30.9022    11.7924          0          0  0.000e+00
  1023.4508      1.312      1.323    30.9042    11.8089          0          0  0.000e+00
  1023.4573      1.227      1.237    30.9157    11.8204          0          0  0.000e+00
  1023.4462      1.154      1.164    30.9028    11.8246          0          0  0.000e+00
  1023.4153      1.095      1.104    30.8633    11.8247          0          0  0.000e+00
  1023.4021      1.051      1.059    30.8459    11.8216          0          0  0.000e+00
  1023.4024      1.030      1.039    30.8389    11.7895          0          0  0.000e+00
  1023.3959      1.033      1.041    30.8181    11.7366          0          0  0.000e+00
  1023.3581      1.069      1.077    30.7568    11.6831          0          0  0.000e+00
  1023.3703      1.151      1.161    30.7646    11.6511          0          0  0.000e+00
  1023.4273      1.277      1.288    30.8408    11.6660          0          0  0.000e+00
  1023.4263      1.435      1.447    30.8497    11.7137          0          0  0.000e+00
  1023.2360      1.606      1.619    30.6164    11.7693          0          0  0.000e+00
  1023.1861      1.771      1.786    30.5387    11.7161          0          0  0.000e+00
  1023.3009      1.903      1.918    30.6600    11.6043          0          0  0.000e+00
  1023.2978      2.000      2.017    30.6415    11.5431          0          0  0.000e+00
  1023.4022      2.054      2.071    30.7665    11.5030          0          0  0.000e+00
  1023.3663      2.067      2.084    30.7181    11.4941          0          0  0.000e+00
  1023.3785      2.042      2.058    30.7297    11.4755          0          0  0.000e+00
  1023.3908      1.986      2.002    30.7415    11.4563          0          0  0.000e+00
  1023.4113      1.905      1.921    30.7682    11.4554          0          0  0.000e+00
