data/eDNA/PER-2022-473/473A006.cnv
* Sea-Bird SBE19plus  Data File:
* FileName = C:\Users\RSG_field\Ryan_Perley2022473\CTD\473A006.hex
* Software version 2.3.0 SB_Terminal.dll
* Temperature SN = 7141
* Conductivity SN = 7141
* System UpLoad Time = Aug 08 2022 17:30:29
* <ApplicationData>
* <SeatermAF>
** Platform: M. Perley
** Cruise: Per2022473
** Station:  ESI_08
** Cast: 01
** Latitude: N  44 40.2376
** Longitude: W 62 20.9575
** Sounding: 110
** Chief Scientist: Ryan Stanley
** Comment:
# nquan = 8
# nvalues = 3104                                  
# units = specified
# name 0 = density00: Density [density, kg/m^3]
# name 1 = depSM: Depth [salt water, m], lat = 45.00
# name 2 = prdM: Pressure, Strain Gauge [db]
# name 3 = sal00: Salinity, Practical [PSU]
# name 4 = tv290C: Temperature [ITS-90, deg C]
# name 5 = bpos: Bottle Position in Carousel
# name 6 = nbf: Bottles Fired
# name 7 = flag:  0.000e+00
# span 0 =   998.3714,  1026.8591                 
# span 1 =     -0.094,    104.258                 
# span 2 =     -0.095,    105.138                 
# span 3 =     0.0248,    33.7627                 
# span 4 =     4.6387,    19.2819                 
# span 5 =          0,          6                 
# span 6 =          0,          2                 
# span 7 = 0.0000e+00, 0.0000e+00                 
# interval = seconds: 0.25
# start_time = Aug 08 2022 17:08:49 [Instrument's time stamp, header]
# bad_flag = -9.990e-29
*END*
[from data line 2158]
  1026.4304     86.426     87.151    33.0684     5.9887          1          1  0.000e+00
  1026.4338     86.280     87.005    33.0687     5.9582          1          1  0.000e+00
  1026.4530     86.145     86.868    33.0893     5.9294          1          1  0.000e+00
  1026.4632     86.023     86.745    33.1000     5.9116          1          1  0.000e+00
  1026.4349     85.910     86.632    33.0629     5.8984          1          1  0.000e+00
  1026.4477     85.806     86.527    33.0764     5.8779          1          1  0.000e+00
  1026.4275     85.714     86.434    33.0479     5.8552          1          1  0.000e+00
  1026.4362     85.627     86.346    33.0551     5.8277          1          1  0.000e+00
  1026.4245     85.541     86.259    33.0374     5.8059          1          1  0.000e+00
  1026.4435     85.451     86.169    33.0580     5.7808          1          1  0.000e+00
  1026.4702     85.355     86.071    33.0896     5.7622          1          1  0.000e+00
  1026.4725     85.246     85.961    33.0922     5.7566          1          1  0.000e+00
  1026.4709     85.123     85.837    33.0910     5.7567          1          1  0.000e+00
  1026.4279     84.983     85.696    33.0370     5.7550          1          1  0.000e+00
  1026.4475     84.828     85.540    33.0601     5.7373          1          1  0.000e+00
  1026.4539     84.659     85.370    33.0673     5.7257          1          1  0.000e+00
  1026.4467     84.486     85.195    33.0583     5.7196          1          1  0.000e+00
  1026.4321     84.310     85.018    33.0396     5.7115          1          1  0.000e+00
  1026.3763     84.141     84.847    32.9675     5.6960          1          1  0.000e+00
  1026.3602     83.986     84.691    32.9424     5.6587          1          1  0.000e+00
  1026.3872     83.842     84.545    32.9698     5.6087          1          1  0.000e+00
  1026.3744     83.715     84.417    32.9486     5.5709          1          1  0.000e+00
  1026.3353     83.601     84.303    32.8935     5.5300          1          1  0.000e+00
  1026.3348     83.498     84.199    32.8852     5.4750          1          1  0.000e+00
  1026.3568     83.405     84.105    32.9054     5.4200          1          1  0.000e+00
  1026.3473     83.321     84.020    32.8867     5.3721          1          1  0.000e+00
  1026.3396     83.240     83.938    32.8704     5.3245          1          1  0.000e+00
  1026.3267     83.159     83.857    32.8470     5.2730          1          1  0.000e+00
  1026.3684     83.074     83.771    32.8923     5.2195          1          1  0.000e+00
  1026.4076     82.981     83.677    32.9374     5.1856          1          1  0.000e+00
  1026.4019     82.887     83.582    32.9286     5.1705          1          1  0.000e+00
  1026.3783     82.780     83.474    32.8974     5.1564          1          1  0.000e+00
  1026.3203     82.667     83.361    32.8216     5.1340          1          1  0.000e+00
  1026.3489     82.549     83.242    32.8522     5.0916          1          1  0.000e+00
  1026.4061     82.421     83.112    32.9202     5.0564          1          1  0.000e+00
  1026.3879     82.290     82.980    32.8970     5.0499          1          1  0.000e+00
  1026.3801     82.148     82.837    32.8869     5.0422          1          1  0.000e+00
  1026.3693     82.000     82.688    32.8721     5.0280          1          1  0.000e+00
  1026.3474     81.844     82.531    32.8426     5.0091          1          1  0.000e+00
  1026.3429     81.678     82.363    32.8339     4.9812          1          1  0.000e+00
  1026.3420     81.508     82.192    32.8295     4.9512          1          1  0.000e+00
  1026.3379     81.333     82.015    32.8211     4.9205          1          1  0.000e+00
  1026.3365     81.156     81.837    32.8161     4.8902          1          1  0.000e+00
  1026.3305     80.971     81.650    32.8055     4.8608          1          1  0.000e+00
  1026.3406     80.787     81.465    32.8149     4.8300          1          1  0.000e+00
  1026.3561     80.606     81.282    32.8319     4.8036          1          1  0.000e+00
  1026.3554     80.425     81.099    32.8294     4.7849          1          1  0.000e+00
  1026.3663     80.256     80.929    32.8420     4.7692          1          1  0.000e+00
  1026.3682     80.099     80.771    32.8439     4.7591          1          1  0.000e+00
  1026.3689     79.968     80.638    32.8445     4.7510          1          1  0.000e+00
  1026.3542     79.862     80.531    32.8255     4.7438          1          1  0.000e+00
  1026.3439     79.778     80.447    32.8114     4.7317          1          1  0.000e+00
  1026.3577     79.712     80.380    32.8268     4.7139          1          1  0.000e+00
  1026.3654     79.664     80.331    32.8350     4.7014          1          1  0.000e+00
  1026.3700     79.629     80.296    32.8400     4.6939          1          1  0.000e+00
  1026.3769     79.596     80.263    32.8483     4.6896          1          1  0.000e+00
  1026.3777     79.560     80.226    32.8494     4.6888          1          1  0.000e+00
  1026.3785     79.523     80.189    32.8507     4.6896          1          1  0.000e+00
  1026.3832     79.467     80.133    32.8573     4.6915          1          1  0.000e+00
  1026.3825     79.398     80.063    32.8574     4.6962          1          1  0.000e+00
  1026.3824     79.306     79.971    32.8587     4.7020          1          1  0.000e+00
  1026.3777     79.189     79.852    32.8543     4.7082          1          1  0.000e+00
  1026.3714     79.049     79.711    32.8479     4.7130          1          1  0.000e+00
  1026.3679     78.885     79.546    32.8446     4.7150          1          1  0.000e+00
  1026.3679     78.701     79.360    32.8458     4.7156          1          1  0.000e+00
  1026.3682     78.505     79.162    32.8475     4.7168          1          1  0.000e+00
  1026.3675     78.298     78.954    32.8481     4.7186          1          1  0.000e+00
  1026.3654     78.091     78.745    32.8470     4.7210          1          1  0.000e+00
  1026.3657     77.891     78.543    32.8489     4.7231          1          1  0.000e+00
  1026.3647     77.699     78.350    32.8492     4.7261          1          1  0.000e+00
  1026.3623     77.528     78.178    32.8476     4.7296          1          1  0.000e+00
  1026.3595     77.387     78.035    32.8453     4.7328          1          1  0.000e+00
  1026.3602     77.270     77.917    32.8472     4.7350          1          1  0.000e+00
  1026.3597     77.177     77.824    32.8475     4.7378          1          1  0.000e+00
  1026.3600     77.095     77.740    32.8489     4.7414          1          1  0.000e+00
  1026.3604     77.029     77.674    32.8504     4.7454          1          1  0.000e+00
  1026.3804     76.966     77.611    32.8766     4.7502          1          1  0.000e+00
  1026.4048     76.894     77.538    32.9098     4.7648          1          1  0.000e+00
  1026.4017     76.818     77.461    32.9104     4.7934          1          1  0.000e+00
  1026.3748     76.730     77.373    32.8811     4.8232          1          1  0.000e+00
  1026.3439     76.628     77.270    32.8453     4.8416          1          1  0.000e+00
  1026.3305     76.518     77.159    32.8294     4.8445          1          1  0.000e+00
  1026.3659     76.392     77.031    32.8744     4.8405          1          1  0.000e+00
  1026.3582     76.259     76.898    32.8668     4.8501          1          1  0.000e+00
  1026.3676     76.122     76.759    32.8811     4.8616          1          1  0.000e+00
  1026.3652     75.989     76.625    32.8809     4.8762          1          1  0.000e+00
  1026.3558     75.862     76.497    32.8719     4.8909          1          1  0.000e+00
  1026.3573     75.743     76.377    32.8760     4.9027          1          1  0.000e+00
  1026.3589     75.636     76.269    32.8804     4.9147          1          1  0.000e+00
  1026.3674     75.530     76.162    32.8935     4.9269          1          1  0.000e+00
  1026.3617     75.426     76.057    32.8895     4.9450          1          1  0.000e+00
  1026.3480     75.319     75.949    32.8753     4.9620          1          1  0.000e+00
  1026.3320     75.197     75.826    32.8572     4.9722          1          1  0.000e+00
  1026.3422     75.056     75.684    32.8715     4.9755          1          1  0.000e+00
  1026.3563     74.900     75.527    32.8913     4.9835          1          1  0.000e+00
  1026.3459     74.730     75.355    32.8813     4.9986          1          1  0.000e+00
  1026.3324     74.548     75.172    32.8670     5.0103          1          1  0.000e+00
  1026.3262     74.369     74.991    32.8610     5.0162          1          1  0.000e+00
  1026.3255     74.193     74.814    32.8616     5.0190          1          1  0.000e+00
  1026.3241     74.033     74.652    32.8611     5.0217          1          1  0.000e+00
  1026.3230     73.895     74.513    32.8609     5.0240          1          1  0.000e+00
  1026.3213     73.779     74.396    32.8598     5.0262          1          1  0.000e+00
  1026.3183     73.683     74.300    32.8568     5.0278          1          1  0.000e+00
  1026.3140     73.607     74.223    32.8518     5.0281          1          1  0.000e+00
  1026.3134     73.547     74.163    32.8513     5.0267          1          1  0.000e+00
  1026.3135     73.499     74.113    32.8514     5.0250          1          1  0.000e+00
  1026.2959     73.459     74.074    32.8290     5.0222          1          1  0.000e+00
  1026.3025     73.424     74.039    32.8364     5.0141          1          1  0.000e+00
  1026.3029     73.386     74.000    32.8362     5.0073          1          1  0.000e+00
  1026.3056     73.342     73.955    32.8391     5.0021          1          1  0.000e+00
  1026.3028     73.286     73.899    32.8353     4.9979          1          1  0.000e+00
  1026.3054     73.209     73.822    32.8384     4.9938          1          1  0.000e+00
  1026.3078     73.112     73.723    32.8416     4.9908          1          1  0.000e+00
  1026.3069     72.987     73.597    32.8411     4.9896          1          1  0.000e+00
  1026.3004     72.830     73.439    32.8336     4.9887          1          1  0.000e+00
  1026.3014     72.641     73.248    32.8356     4.9856          1          1  0.000e+00
  1026.2972     72.428     73.034    32.8312     4.9828          1          1  0.000e+00
  1026.2934     72.191     72.795    32.8272     4.9791          1          1  0.000e+00
  1026.2902     71.948     72.549    32.8240     4.9741          1          1  0.000e+00
  1026.2907     71.705     72.304    32.8253     4.9689          1          1  0.000e+00
  1026.2903     71.474     72.071    32.8255     4.9641          1          1  0.000e+00
  1026.2881     71.273     71.869    32.8232     4.9601          1          1  0.000e+00
  1026.2847     71.115     71.710    32.8193     4.9558          1          1  0.000e+00
  1026.2749     71.000     71.593    32.8069     4.9506          1          1  0.000e+00
  1026.2691     70.920     71.513    32.7988     4.9422          1          1  0.000e+00
  1026.2738     70.879     71.471    32.8035     4.9316          1          1  0.000e+00
  1026.2602     70.861     71.453    32.7852     4.9222          1          1  0.000e+00
  1026.2631     70.856     71.448    32.7871     4.9102          1          1  0.000e+00
  1026.2599     70.848     71.440    32.7814     4.8978          1          1  0.000e+00
  1026.2652     70.838     71.430    32.7866     4.8869          1          1  0.000e+00
  1026.2743     70.793     71.385    32.7972     4.8789          1          1  0.000e+00
  1026.2832     70.717     71.308    32.8084     4.8759          1          1  0.000e+00
  1026.2886     70.607     71.197    32.8162     4.8778          1          1  0.000e+00
  1026.2781     70.472     71.061    32.8045     4.8829          1          1  0.000e+00
  1026.2724     70.321     70.909    32.7985     4.8846          1          1  0.000e+00
  1026.2695     70.157     70.743    32.7957     4.8841          1          1  0.000e+00
  1026.2647     69.986     70.571    32.7904     4.8826          1          1  0.000e+00
  1026.2672     69.816     70.399    32.7941     4.8799          1          1  0.000e+00
  1026.2676     69.651     70.233    32.7954     4.8786          1          1  0.000e+00
  1026.2637     69.495     70.076    32.7915     4.8784          1          1  0.000e+00
  1026.2600     69.354     69.934    32.7874     4.8773          1          1  0.000e+00
  1026.2557     69.226     69.805    32.7824     4.8750          1          1  0.000e+00
  1026.2557     69.111     69.688    32.7827     4.8715          1          1  0.000e+00
  1026.2556     69.001     69.578    32.7827     4.8680          1          1  0.000e+00
  1026.2445     68.901     69.476    32.7689     4.8650          1          1  0.000e+00
  1026.2414     68.801     69.376    32.7645     4.8578          1          1  0.000e+00
  1026.2516     68.702     69.276    32.7767     4.8488          1          1  0.000e+00
  1026.2608     68.596     69.169    32.7882     4.8441          1          1  0.000e+00
  1026.2501     68.484     69.056    32.7754     4.8443          1          1  0.000e+00
  1026.2283     68.362     68.933    32.7482     4.8408          1          1  0.000e+00
  1026.2115     68.233     68.803    32.7258     4.8268          1          1  0.000e+00
  1026.2283     68.108     68.677    32.7448     4.8057          1          1  0.000e+00
  1026.2423     67.976     68.544    32.7613     4.7920          1          1  0.000e+00
  1026.2480     67.851     68.418    32.7685     4.7865          1          1  0.000e+00
  1026.2389     67.736     68.301    32.7575     4.7847          1          1  0.000e+00
  1026.2387     67.631     68.195    32.7572     4.7804          1          1  0.000e+00
  1026.2282     67.535     68.099    32.7438     4.7748          1          1  0.000e+00
  1026.2271     67.455     68.018    32.7416     4.7651          1          1  0.000e+00
  1026.2245     67.384     67.946    32.7372     4.7542          1          1  0.000e+00
  1026.2313     67.321     67.883    32.7446     4.7431          1          1  0.000e+00
  1026.2400     67.265     67.827    32.7549     4.7355          1          1  0.000e+00
  1026.2423     67.210     67.771    32.7577     4.7325          1          1  0.000e+00
  1026.2463     67.150     67.711    32.7629     4.7318          1          1  0.000e+00
  1026.2478     67.081     67.642    32.7654     4.7329          1          1  0.000e+00
  1026.2512     66.999     67.558    32.7706     4.7356          1          1  0.000e+00
  1026.2460     66.887     67.446    32.7653     4.7401          1          1  0.000e+00
  1026.2465     66.752     67.309    32.7672     4.7436          1          1  0.000e+00
  1026.2472     66.594     67.150    32.7695     4.7476          1          1  0.000e+00
  1026.2431     66.415     66.969    32.7661     4.7526          1          1  0.000e+00
  1026.2417     66.216     66.769    32.7661     4.7566          1          1  0.000e+00
  1026.2460     66.004     66.555    32.7733     4.7608          1          1  0.000e+00
  1026.2420     65.798     66.347    32.7704     4.7677          1          1  0.000e+00
  1026.2451     65.605     66.152    32.7766     4.7747          1          1  0.000e+00
  1026.2438     65.429     65.975    32.7772     4.7840          1          1  0.000e+00
  1026.2359     65.278     65.823    32.7694     4.7940          1          1  0.000e+00
  1026.2362     65.156     65.700    32.7716     4.8013          1          1  0.000e+00
  1026.2424     65.066     65.609    32.7810     4.8093          1          1  0.000e+00
  1026.2461     65.010     65.552    32.7879     4.8223          1          1  0.000e+00
  1026.2253     64.972     65.514    32.7641     4.8380          1          1  0.000e+00
