data/eDNA/PER-2022-473/473A010.cnv
* Sea-Bird SBE19plus  Data File:
* FileName = C:\Users\RSG_field\Ryan_Perley2022473\CTD\473A010.hex
* Software version 2.3.0 SB_Terminal.dll
* Temperature SN = 7141
* Conductivity SN = 7141
* System UpLoad Time = Aug 10 2022 13:25:44
* <ApplicationData>
* <SeatermAF>
** Platform: M. Perley
** Cruise: Per2022473
** Station:  ESI_13
** Cast: 01
** Latitude: N  44 39.4750
** Longitude: W 62 58.5421
** Sounding: 29.6
** Chief Scientist: Ryan Stanley
** Comment: CTD was banged off the door when being pulled up. Spigot broke off
** Cast 28
# nquan = 8
# nvalues = 1773                                  
# units = specified
# name 0 = density00: Density [density, kg/m^3]
# name 1 = depSM: Depth [salt water, m], lat = 45.00
# name 2 = prdM: Pressure, Strain Gauge [db]
# name 3 = sal00: Salinity, Practical [PSU]
# name 4 = tv290C: Temperature [ITS-90, deg C]
# name 5 = bpos: Bottle Position in Carousel
# name 6 = nbf: Bottles Fired
# name 7 = flag:  0.000e+00
# span 0 =   998.8740,  1024.7444                 
# span 1 =     -0.072,     27.574                 
# span 2 =     -0.072,     27.801                 
# span 3 =     0.0086,    31.5508                 
# span 4 =     5.7147,    16.4654                 
# span 5 =          0,          6                 
# span 6 =          0,          2                 
# span 7 = 0.0000e+00, 0.0000e+00                 
# interval = seconds: 0.25
# start_time = Aug 10 2022 13:13:56 [Instrument's time stamp, header]
# bad_flag = -9.990e-29
*END*
[from data line 180]
  1023.4359      0.685      0.691    31.2234    13.1861          0          0  0.000e+00
  1023.3889      0.732      0.738    31.1583    13.1696          0          0  0.000e+00
  1023.3529      0.799      0.805    31.1079    13.1565          0          0  0.000e+00
  1023.3348      0.877      0.884    31.0816    13.1466          0          0  0.000e+00
  1023.3228      0.970      0.978    31.0613    13.1301          0          0  0.000e+00
  1023.3158      1.076      1.085    31.0466    13.1100          0          0  0.000e+00
  1023.3199      1.183      1.193    31.0463    13.0896          0          0  0.000e+00
  1023.3307      1.279      1.289    31.0556    13.0736          0          0  0.000e+00
  1023.3427      1.353      1.364    31.0711    13.0751          0          0  0.000e+00
  1023.3989      1.406      1.417    31.1442    13.0780          0          0  0.000e+00
  1023.5427      1.433      1.445    31.3309    13.0820          0          0  0.000e+00
  1023.6003      1.438      1.449    31.4064    13.0862          0          0  0.000e+00
  1023.6623      1.421      1.432    31.4886    13.0941          0          0  0.000e+00
  1023.6386      1.382      1.393    31.4713    13.1457          0          0  0.000e+00
  1023.5437      1.326      1.337    31.3801    13.2688          0          0  0.000e+00
  1023.4489      1.253      1.264    31.2865    13.3808          0          0  0.000e+00
  1023.3834      1.172      1.181    31.2228    13.4616          0          0  0.000e+00
  1023.3342      1.085      1.094    31.1752    13.5222          0          0  0.000e+00
  1023.2963      0.996      1.004    31.1389    13.5698          0          0  0.000e+00
  1023.2700      0.910      0.917    31.1143    13.6041          0          0  0.000e+00
  1023.2540      0.830      0.837    31.0999    13.6267          0          0  0.000e+00
  1023.2400      0.754      0.760    31.0850    13.6377          0          0  0.000e+00
  1023.2114      0.685      0.691    31.0495    13.6422          0          0  0.000e+00
  1023.1762      0.624      0.629    31.0044    13.6429          0          0  0.000e+00
  1023.1545      0.573      0.577    30.9752    13.6371          0          0  0.000e+00
  1023.1486      0.546      0.551    30.9656    13.6289          0          0  0.000e+00
  1023.1655      0.536      0.540    30.9820    13.6076          0          0  0.000e+00
  1023.1779      0.548      0.553    30.9769    13.5255          0          0  0.000e+00
  1023.1651      0.576      0.581    30.9369    13.4346          0          0  0.000e+00
  1023.1677      0.631      0.636    30.9172    13.3457          0          0  0.000e+00
  1023.1854      0.725      0.731    30.9200    13.2682          0          0  0.000e+00
  1023.2099      0.852      0.859    30.9348    13.2049          0          0  0.000e+00
  1023.2341      0.989      0.997    30.9513    13.1489          0          0  0.000e+00
  1023.2655      1.126      1.135    30.9796    13.1033          0          0  0.000e+00
  1023.2932      1.252      1.262    31.0073    13.0741          0          0  0.000e+00
  1023.3152      1.358      1.369    31.0322    13.0625          0          0  0.000e+00
  1023.3354      1.439      1.451    31.0564    13.0561          0          0  0.000e+00
  1023.4004      1.494      1.506    31.1399    13.0550          0          0  0.000e+00
  1023.5015      1.519      1.532    31.2713    13.0584          0          0  0.000e+00
  1023.5445      1.520      1.533    31.3272    13.0599          0          0  0.000e+00
  1023.5580      1.497      1.509    31.3489    13.0760          0          0  0.000e+00
  1023.4931      1.450      1.462    31.2838    13.1500          0          0  0.000e+00
  1023.4081      1.382      1.393    31.1981    13.2442          0          0  0.000e+00
  1023.3473      1.297      1.307    31.1377    13.3137          0          0  0.000e+00
  1023.3093      1.197      1.207    31.0992    13.3539          0          0  0.000e+00
  1023.2768      1.088      1.097    31.0666    13.3885          0          0  0.000e+00
  1023.2465      0.975      0.982    31.0367    13.4221          0          0  0.000e+00
  1023.2266      0.861      0.868    31.0184    13.4487          0          0  0.000e+00
  1023.2178      0.751      0.757    31.0116    13.4642          0          0  0.000e+00
  1023.2166      0.649      0.654    31.0124    13.4711          0          0  0.000e+00
  1023.2154      0.563      0.568    31.0120    13.4731          0          0  0.000e+00
  1023.1823      0.502      0.506    30.9691    13.4719          0          0  0.000e+00
  1023.1722      0.466      0.470    30.9556    13.4693          0          0  0.000e+00
  1023.1786      0.453      0.457    30.9606    13.4562          0          0  0.000e+00
  1023.1622      0.474      0.478    30.9233    13.3936          0          0  0.000e+00
  1023.1410      0.528      0.533    30.8752    13.3134          0          0  0.000e+00
  1023.1632      0.611      0.616    30.8834    13.2344          0          0  0.000e+00
  1023.1962      0.720      0.726    30.9078    13.1648          0          0  0.000e+00
  1023.2263      0.866      0.874    30.9321    13.1095          0          0  0.000e+00
  1023.2481      1.030      1.038    30.9491    13.0691          0          0  0.000e+00
  1023.2768      1.194      1.204    30.9792    13.0448          0          0  0.000e+00
  1023.2971      1.331      1.342    31.0044    13.0437          0          0  0.000e+00
  1023.3084      1.443      1.455    31.0192    13.0471          0          0  0.000e+00
  1023.3296      1.526      1.538    31.0467    13.0493          0          0  0.000e+00
  1023.2826      1.563      1.576    30.9864    13.0521          0          0  0.000e+00
  1023.2517      1.566      1.579    30.9463    13.0518          0          0  0.000e+00
  1023.2546      1.539      1.552    30.9490    13.0470          0          0  0.000e+00
  1023.2568      1.481      1.493    30.9516    13.0445          0          0  0.000e+00
  1023.2558      1.401      1.412    30.9507    13.0445          0          0  0.000e+00
  1023.2550      1.306      1.317    30.9504    13.0450          0          0  0.000e+00
  1023.2481      1.200      1.210    30.9421    13.0451          0          0  0.000e+00
  1023.2429      1.088      1.097    30.9353    13.0419          0          0  0.000e+00
  1023.2491      0.973      0.981    30.9429    13.0381          0          0  0.000e+00
  1023.2486      0.860      0.867    30.9422    13.0349          0          0  0.000e+00
  1023.2487      0.750      0.756    30.9422    13.0318          0          0  0.000e+00
  1023.2468      0.648      0.653    30.9396    13.0288          0          0  0.000e+00
  1023.2421      0.566      0.571    30.9329    13.0246          0          0  0.000e+00
  1023.2438      0.511      0.516    30.9337    13.0174          0          0  0.000e+00
  1023.2501      0.484      0.488    30.9403    13.0106          0          0  0.000e+00
  1023.2547      0.488      0.492    30.9453    13.0070          0          0  0.000e+00
  1023.2572      0.520      0.524    30.9482    13.0063          0          0  0.000e+00
  1023.2680      0.575      0.580    30.9623    13.0083          0          0  0.000e+00
  1023.2667      0.654      0.660    30.9623    13.0171          0          0  0.000e+00
  1023.2622      0.754      0.760    30.9581    13.0260          0          0  0.000e+00
  1023.2550      0.867      0.875    30.9500    13.0330          0          0  0.000e+00
  1023.2524      0.976      0.984    30.9468    13.0364          0          0  0.000e+00
  1023.2547      1.087      1.096    30.9494    13.0376          0          0  0.000e+00
  1023.2514      1.190      1.199    30.9452    13.0398          0          0  0.000e+00
  1023.2414      1.274      1.285    30.9317    13.0398          0          0  0.000e+00
  1023.2489      1.347      1.358    30.9395    13.0337          0          0  0.000e+00
  1023.2789      1.401      1.412    30.9773    13.0314          0          0  0.000e+00
  1023.2658      1.438      1.449    30.9638    13.0458          0          0  0.000e+00
  1023.2515      1.458      1.470    30.9484    13.0583          0          0  0.000e+00
  1023.2467      1.465      1.477    30.9431    13.0626          0          0  0.000e+00
  1023.2494      1.451      1.463    30.9469    13.0633          0          0  0.000e+00
  1023.2427      1.421      1.432    30.9387    13.0645          0          0  0.000e+00
  1023.2392      1.366      1.377    30.9339    13.0623          0          0  0.000e+00
  1023.2451      1.289      1.300    30.9407    13.0571          0          0  0.000e+00
  1023.2493      1.192      1.202    30.9460    13.0546          0          0  0.000e+00
  1023.2502      1.076      1.085    30.9480    13.0552          0          0  0.000e+00
  1023.2509      0.950      0.958    30.9503    13.0576          0          0  0.000e+00
  1023.2467      0.824      0.831    30.9465    13.0610          0          0  0.000e+00
  1023.2439      0.708      0.714    30.9440    13.0631          0          0  0.000e+00
  1023.2397      0.612      0.617    30.9392    13.0632          0          0  0.000e+00
  1023.2370      0.558      0.563    30.9356    13.0614          0          0  0.000e+00
  1023.2366      0.533      0.537    30.9344    13.0581          0          0  0.000e+00
  1023.2408      0.534      0.538    30.9387    13.0536          0          0  0.000e+00
  1023.2387      0.560      0.565    30.9350    13.0505          0          0  0.000e+00
  1023.2345      0.602      0.607    30.9283    13.0463          0          0  0.000e+00
  1023.2466      0.664      0.669    30.9416    13.0386          0          0  0.000e+00
  1023.2371      0.743      0.750    30.9284    13.0364          0          0  0.000e+00
  1023.2098      0.826      0.833    30.8902    13.0268          0          0  0.000e+00
  1023.2465      0.910      0.917    30.9306    13.0008          0          0  0.000e+00
  1023.2801      0.991      1.000    30.9712    12.9914          0          0  0.000e+00
  1023.2768      1.075      1.084    30.9692    13.0020          0          0  0.000e+00
  1023.2747      1.159      1.168    30.9697    13.0168          0          0  0.000e+00
  1023.2720      1.237      1.248    30.9695    13.0322          0          0  0.000e+00
  1023.2655      1.307      1.318    30.9647    13.0479          0          0  0.000e+00
  1023.2529      1.371      1.382    30.9514    13.0616          0          0  0.000e+00
  1023.2427      1.418      1.429    30.9396    13.0678          0          0  0.000e+00
  1023.2483      1.441      1.453    30.9466    13.0675          0          0  0.000e+00
  1023.2515      1.441      1.453    30.9512    13.0698          0          0  0.000e+00
  1023.2481      1.419      1.430    30.9483    13.0747          0          0  0.000e+00
  1023.2326      1.367      1.378    30.9294    13.0780          0          0  0.000e+00
  1023.2323      1.288      1.299    30.9281    13.0726          0          0  0.000e+00
  1023.2419      1.189      1.198    30.9391    13.0649          0          0  0.000e+00
  1023.2487      1.075      1.084    30.9479    13.0625          0          0  0.000e+00
  1023.2493      0.958      0.965    30.9501    13.0652          0          0  0.000e+00
  1023.2397      0.837      0.844    30.9394    13.0694          0          0  0.000e+00
  1023.2377      0.725      0.731    30.9378    13.0707          0          0  0.000e+00
  1023.2374      0.629      0.634    30.9376    13.0688          0          0  0.000e+00
  1023.2349      0.562      0.567    30.9340    13.0662          0          0  0.000e+00
  1023.2339      0.526      0.530    30.9319    13.0620          0          0  0.000e+00
  1023.2271      0.520      0.524    30.9216    13.0558          0          0  0.000e+00
  1023.2384      0.538      0.542    30.9335    13.0453          0          0  0.000e+00
  1023.2453      0.568      0.572    30.9407    13.0390          0          0  0.000e+00
  1023.2428      0.616      0.621    30.9368    13.0374          0          0  0.000e+00
  1023.2527      0.689      0.695    30.9486    13.0354          0          0  0.000e+00
  1023.2669      0.775      0.782    30.9674    13.0393          0          0  0.000e+00
  1023.2595      0.871      0.878    30.9605    13.0519          0          0  0.000e+00
  1023.2475      0.964      0.972    30.9473    13.0632          0          0  0.000e+00
  1023.2528      1.062      1.071    30.9549    13.0686          0          0  0.000e+00
  1023.2443      1.159      1.168    30.9449    13.0747          0          0  0.000e+00
  1023.2442      1.248      1.258    30.9449    13.0779          0          0  0.000e+00
  1023.2408      1.334      1.345    30.9406    13.0796          0          0  0.000e+00
  1023.2418      1.413      1.425    30.9414    13.0799          0          0  0.000e+00
  1023.2407      1.475      1.487    30.9397    13.0800          0          0  0.000e+00
  1023.2438      1.518      1.531    30.9432    13.0791          0          0  0.000e+00
  1023.2519      1.534      1.547    30.9537    13.0799          0          0  0.000e+00
  1023.2461      1.526      1.538    30.9476    13.0849          0          0  0.000e+00
  1023.2366      1.485      1.498    30.9365    13.0888          0          0  0.000e+00
  1023.2356      1.410      1.422    30.9352    13.0870          0          0  0.000e+00
  1023.2367      1.305      1.316    30.9364    13.0835          0          0  0.000e+00
  1023.2388      1.174      1.183    30.9391    13.0807          0          0  0.000e+00
  1023.2424      1.028      1.036    30.9443    13.0793          0          0  0.000e+00
  1023.2384      0.871      0.878    30.9404    13.0804          0          0  0.000e+00
  1023.2340      0.716      0.722    30.9355    13.0800          0          0  0.000e+00
  1023.2321      0.577      0.582    30.9332    13.0772          0          0  0.000e+00
  1023.2319      0.459      0.463    30.9324    13.0729          0          0  0.000e+00
  1023.2332      0.370      0.373    30.9335    13.0680          0          0  0.000e+00
  1023.2277      0.327      0.330    30.9254    13.0632          0          0  0.000e+00
  1023.2298      0.336      0.339    30.9260    13.0549          0          0  0.000e+00
  1023.2323      0.386      0.389    30.9266    13.0457          0          0  0.000e+00
  1023.2376      0.474      0.478    30.9308    13.0373          0          0  0.000e+00
  1023.2435      0.601      0.606    30.9360    13.0306          0          0  0.000e+00
  1023.2474      0.749      0.755    30.9392    13.0266          0          0  0.000e+00
  1023.2577      0.915      0.923    30.9512    13.0249          0          0  0.000e+00
  1023.2795      1.087      1.096    30.9797    13.0303          0          0  0.000e+00
  1023.2761      1.243      1.253    30.9791    13.0493          0          0  0.000e+00
  1023.2739      1.370      1.381    30.9811    13.0716          0          0  0.000e+00
  1023.2429      1.458      1.470    30.9459    13.0930          0          0  0.000e+00
  1023.2352      1.511      1.523    30.9372    13.0990          0          0  0.000e+00
  1023.2369      1.524      1.536    30.9389    13.0975          0          0  0.000e+00
  1023.2422      1.510      1.522    30.9455    13.0962          0          0  0.000e+00
  1023.2424      1.482      1.494    30.9464    13.0982          0          0  0.000e+00
  1023.2332      1.435      1.446    30.9354    13.1009          0          0  0.000e+00
  1023.2326      1.371      1.382    30.9346    13.0989          0          0  0.000e+00
  1023.2374      1.291      1.302    30.9404    13.0954          0          0  0.000e+00
  1023.2399      1.198      1.208    30.9439    13.0945          0          0  0.000e+00
