data/eDNA/PER-2022-473/473A007.cnv
* Sea-Bird SBE19plus  Data File:
* FileName = C:\Users\RSG_field\Ryan_Perley2022473\CTD\473A007.hex
* Software version 2.3.0 SB_Terminal.dll
* Temperature SN = 7141
* Conductivity SN = 7141
* System UpLoad Time = Aug 08 2022 18:20:34
* <ApplicationData>
* <SeatermAF>
** Platform: M. Perley
** Cruise: Per2022473
** Station:  ESI-07
** Cast: 01
** Latitude: N  44 43.3394
** Longitude: W 62 23.4990
** Sounding: 72.6
** Chief Scientist: Ryan Stanley
** Comment:
# nquan = 8
# nvalues = 2782                                  
# units = specified
# name 0 = density00: Density [density, kg/m^3]
# name 1 = depSM: Depth [salt water, m], lat = 45.00
# name 2 = prdM: Pressure, Strain Gauge [db]
# name 3 = sal00: Salinity, Practical [PSU]
# name 4 = tv290C: Temperature [ITS-90, deg C]
# name 5 = bpos: Bottle Position in Carousel
# name 6 = nbf: Bottles Fired
# name 7 = flag:  0.000e+00
# span 0 =   998.5900,  1026.0506                 
# span 1 =     -0.095,     67.998                 
# span 2 =     -0.096,     68.566                 
# span 3 =     0.0350,    32.7666                 
# span 4 =     3.4733,    18.1991                 
# span 5 =          0,          6                 
# span 6 =          0,          2                 
# span 7 = 0.0000e+00, 0.0000e+00                 
# interval = seconds: 0.25
# start_time = Aug 08 2022 17:56:36 [Instrument's time stamp, header]
# bad_flag = -9.990e-29
*END*
[from data line 1079]
  1025.8549     57.502     57.980    32.2223     3.9303          0          0  0.000e+00
  1025.8479     57.696     58.176    32.2144     3.9478          0          0  0.000e+00
  1025.8393     57.902     58.384    32.2038     3.9589          0          0  0.000e+00
  1025.8347     58.121     58.605    32.1973     3.9642          0          0  0.000e+00
  1025.8336     58.341     58.827    32.1948     3.9657          0          0  0.000e+00
  1025.8359     58.560     59.047    32.1964     3.9654          0          0  0.000e+00
  1025.8364     58.766     59.256    32.1957     3.9648          0          0  0.000e+00
  1025.8159     58.966     59.457    32.1684     3.9626          0          0  0.000e+00
  1025.8047     59.150     59.643    32.1516     3.9495          0          0  0.000e+00
  1025.8170     59.317     59.811    32.1636     3.9288          0          0  0.000e+00
  1025.8320     59.459     59.954    32.1795     3.9116          0          0  0.000e+00
  1025.8404     59.578     60.075    32.1880     3.9015          0          0  0.000e+00
  1025.8466     59.681     60.178    32.1946     3.8960          0          0  0.000e+00
  1025.8498     59.759     60.257    32.1979     3.8933          0          0  0.000e+00
  1025.8526     59.830     60.328    32.2009     3.8925          0          0  0.000e+00
  1025.8540     59.885     60.384    32.2024     3.8930          0          0  0.000e+00
  1025.8545     59.935     60.434    32.2028     3.8942          0          0  0.000e+00
  1025.8557     59.976     60.476    32.2042     3.8955          0          0  0.000e+00
  1025.8555     60.023     60.523    32.2039     3.8972          0          0  0.000e+00
  1025.8555     60.072     60.573    32.2038     3.8986          0          0  0.000e+00
  1025.8563     60.136     60.637    32.2047     3.8998          0          0  0.000e+00
  1025.8591     60.208     60.710    32.2079     3.9011          0          0  0.000e+00
  1025.8624     60.289     60.791    32.2118     3.9032          0          0  0.000e+00
  1025.8669     60.386     60.889    32.2173     3.9063          0          0  0.000e+00
  1025.8715     60.495     61.000    32.2229     3.9106          0          0  0.000e+00
  1025.8870     60.614     61.119    32.2424     3.9161          0          0  0.000e+00
  1025.8716     60.756     61.263    32.2233     3.9261          0          0  0.000e+00
  1025.8601     60.905     61.412    32.2084     3.9292          0          0  0.000e+00
  1025.8415     61.055     61.564    32.1834     3.9237          0          0  0.000e+00
  1025.8364     61.215     61.726    32.1743     3.9090          0          0  0.000e+00
  1025.8319     61.374     61.886    32.1652     3.8883          0          0  0.000e+00
  1025.8541     61.533     62.046    32.1892     3.8645          0          0  0.000e+00
  1025.8724     61.683     62.197    32.2093     3.8478          0          0  0.000e+00
  1025.8696     61.826     62.341    32.2038     3.8389          0          0  0.000e+00
  1025.8724     61.957     62.474    32.2054     3.8290          0          0  0.000e+00
  1025.8972     62.083     62.600    32.2347     3.8191          0          0  0.000e+00
  1025.9104     62.195     62.713    32.2505     3.8187          0          0  0.000e+00
  1025.9364     62.309     62.829    32.2836     3.8273          0          0  0.000e+00
  1025.9381     62.419     62.939    32.2872     3.8444          0          0  0.000e+00
  1025.9480     62.530     63.051    32.3013     3.8636          0          0  0.000e+00
  1025.9507     62.648     63.170    32.3067     3.8854          0          0  0.000e+00
  1025.9705     62.774     63.297    32.3338     3.9089          0          0  0.000e+00
  1025.9619     62.917     63.442    32.3256     3.9377          0          0  0.000e+00
  1025.9634     63.071     63.597    32.3299     3.9636          0          0  0.000e+00
  1025.9515     63.232     63.759    32.3170     3.9878          0          0  0.000e+00
  1025.9392     63.397     63.926    32.3027     4.0057          0          0  0.000e+00
  1025.9258     63.565     64.095    32.2861     4.0161          0          0  0.000e+00
  1025.9195     63.725     64.256    32.2776     4.0196          0          0  0.000e+00
  1025.9363     63.873     64.406    32.2980     4.0195          0          0  0.000e+00
  1025.9278     64.000     64.534    32.2870     4.0236          0          0  0.000e+00
  1025.9267     64.102     64.637    32.2853     4.0262          0          0  0.000e+00
  1025.9289     64.174     64.710    32.2879     4.0273          0          0  0.000e+00
  1025.9304     64.227     64.763    32.2896     4.0290          0          0  0.000e+00
  1025.9312     64.248     64.784    32.2909     4.0318          0          0  0.000e+00
  1025.9276     64.254     64.790    32.2866     4.0346          0          0  0.000e+00
  1025.9287     64.251     64.787    32.2882     4.0359          0          0  0.000e+00
  1025.9311     64.244     64.780    32.2915     4.0375          0          0  0.000e+00
  1025.9291     64.247     64.783    32.2892     4.0401          0          0  0.000e+00
  1025.9288     64.274     64.810    32.2890     4.0420          0          0  0.000e+00
  1025.9295     64.328     64.865    32.2896     4.0433          0          0  0.000e+00
  1025.9334     64.420     64.958    32.2942     4.0449          0          0  0.000e+00
  1025.9526     64.547     65.086    32.3180     4.0479          0          0  0.000e+00
  1025.9674     64.713     65.253    32.3370     4.0585          0          0  0.000e+00
  1025.9748     64.908     65.449    32.3475     4.0769          0          0  0.000e+00
  1025.9608     65.119     65.662    32.3313     4.0980          0          0  0.000e+00
  1025.9489     65.344     65.889    32.3169     4.1130          0          0  0.000e+00
  1025.9446     65.568     66.116    32.3111     4.1207          0          0  0.000e+00
  1025.9441     65.795     66.344    32.3097     4.1253          0          0  0.000e+00
  1025.9484     65.999     66.550    32.3145     4.1291          0          0  0.000e+00
  1025.9516     66.181     66.734    32.3179     4.1332          0          0  0.000e+00
  1025.9549     66.330     66.883    32.3218     4.1385          0          0  0.000e+00
  1025.9557     66.453     67.007    32.3230     4.1458          0          0  0.000e+00
  1025.9559     66.542     67.097    32.3236     4.1528          0          0  0.000e+00
  1025.9480     66.594     67.149    32.3142     4.1595          0          0  0.000e+00
  1025.9441     66.618     67.174    32.3097     4.1630          0          0  0.000e+00
  1025.9440     66.591     67.147    32.3098     4.1638          0          0  0.000e+00
  1025.9426     66.513     67.068    32.3086     4.1646          0          0  0.000e+00
  1025.9455     66.396     66.951    32.3130     4.1651          0          0  0.000e+00
  1025.9460     66.269     66.822    32.3146     4.1671          0          0  0.000e+00
  1025.9396     66.149     66.702    32.3076     4.1695          0          0  0.000e+00
  1025.9365     66.041     66.592    32.3043     4.1694          0          0  0.000e+00
  1025.9365     65.951     66.502    32.3046     4.1678          0          0  0.000e+00
  1025.9345     65.882     66.432    32.3022     4.1660          0          0  0.000e+00
  1025.9315     65.840     66.389    32.2984     4.1632          0          0  0.000e+00
  1025.9328     65.827     66.376    32.2996     4.1593          0          0  0.000e+00
  1025.9293     65.842     66.391    32.2947     4.1554          0          0  0.000e+00
  1025.9369     65.886     66.436    32.3033     4.1505          0          0  0.000e+00
  1025.9439     65.956     66.507    32.3114     4.1485          0          0  0.000e+00
  1025.9369     66.037     66.588    32.3023     4.1496          0          0  0.000e+00
  1025.9452     66.130     66.682    32.3122     4.1488          0          0  0.000e+00
  1025.9466     66.229     66.782    32.3134     4.1499          0          0  0.000e+00
  1025.9420     66.325     66.879    32.3074     4.1522          0          0  0.000e+00
  1025.9414     66.420     66.974    32.3060     4.1522          0          0  0.000e+00
  1025.9459     66.506     67.061    32.3111     4.1514          0          0  0.000e+00
  1025.9433     66.573     67.129    32.3076     4.1523          0          0  0.000e+00
  1025.9406     66.632     67.188    32.3038     4.1522          0          0  0.000e+00
  1025.9399     66.669     67.225    32.3026     4.1509          0          0  0.000e+00
  1025.9394     66.687     67.244    32.3015     4.1489          0          0  0.000e+00
  1025.9444     66.681     67.237    32.3075     4.1467          0          0  0.000e+00
  1025.9489     66.655     67.212    32.3134     4.1468          0          0  0.000e+00
  1025.9460     66.608     67.165    32.3103     4.1491          0          0  0.000e+00
  1025.9445     66.547     67.103    32.3091     4.1509          0          0  0.000e+00
  1025.9444     66.475     67.030    32.3094     4.1519          0          0  0.000e+00
  1025.9441     66.399     66.953    32.3097     4.1530          0          0  0.000e+00
  1025.9426     66.304     66.858    32.3085     4.1541          0          0  0.000e+00
  1025.9415     66.209     66.761    32.3077     4.1549          0          0  0.000e+00
  1025.9410     66.114     66.666    32.3077     4.1552          0          0  0.000e+00
  1025.9381     66.021     66.572    32.3047     4.1554          0          0  0.000e+00
  1025.9361     65.941     66.491    32.3025     4.1544          0          0  0.000e+00
  1025.9329     65.877     66.427    32.2986     4.1525          0          0  0.000e+00
  1025.9286     65.839     66.388    32.2930     4.1491          0          0  0.000e+00
  1025.9307     65.828     66.378    32.2950     4.1443          0          0  0.000e+00
  1025.9302     65.850     66.400    32.2937     4.1394          0          0  0.000e+00
  1025.9318     65.907     66.457    32.2947     4.1345          0          0  0.000e+00
  1025.9349     65.987     66.538    32.2976     4.1301          0          0  0.000e+00
  1025.9374     66.096     66.648    32.2997     4.1272          0          0  0.000e+00
  1025.9385     66.207     66.759    32.3002     4.1251          0          0  0.000e+00
  1025.9407     66.321     66.875    32.3020     4.1234          0          0  0.000e+00
  1025.9424     66.426     66.981    32.3035     4.1226          0          0  0.000e+00
  1025.9423     66.521     67.076    32.3028     4.1223          0          0  0.000e+00
  1025.9415     66.594     67.150    32.3012     4.1220          0          0  0.000e+00
  1025.9422     66.642     67.199    32.3018     4.1212          0          0  0.000e+00
  1025.9450     66.670     67.227    32.3051     4.1208          0          0  0.000e+00
  1025.9457     66.671     67.228    32.3060     4.1215          0          0  0.000e+00
  1025.9445     66.659     67.216    32.3047     4.1228          0          0  0.000e+00
  1025.9441     66.630     67.186    32.3046     4.1236          0          0  0.000e+00
  1025.9444     66.594     67.150    32.3052     4.1245          0          0  0.000e+00
  1025.9442     66.558     67.113    32.3053     4.1255          0          0  0.000e+00
  1025.9434     66.528     67.083    32.3047     4.1268          0          0  0.000e+00
  1025.9428     66.504     67.059    32.3042     4.1279          0          0  0.000e+00
  1025.9424     66.486     67.041    32.3038     4.1283          0          0  0.000e+00
  1025.9448     66.468     67.022    32.3070     4.1287          0          0  0.000e+00
  1025.9430     66.450     67.004    32.3050     4.1299          0          0  0.000e+00
  1025.9430     66.420     66.974    32.3053     4.1305          0          0  0.000e+00
  1025.9448     66.383     66.937    32.3078     4.1312          0          0  0.000e+00
  1025.9419     66.325     66.879    32.3048     4.1329          0          0  0.000e+00
  1025.9394     66.254     66.807    32.3021     4.1336          0          0  0.000e+00
  1025.9385     66.172     66.724    32.3015     4.1331          0          0  0.000e+00
  1025.9382     66.087     66.639    32.3014     4.1323          0          0  0.000e+00
  1025.9382     66.010     66.561    32.3019     4.1317          0          0  0.000e+00
  1025.9380     65.944     66.494    32.3019     4.1312          0          0  0.000e+00
  1025.9406     65.899     66.449    32.3054     4.1306          0          0  0.000e+00
  1025.9520     65.883     66.433    32.3200     4.1315          0          0  0.000e+00
  1025.9479     65.898     66.448    32.3154     4.1368          0          0  0.000e+00
  1025.9366     65.947     66.497    32.3014     4.1413          0          0  0.000e+00
  1025.9252     66.029     66.580    32.2864     4.1402          0          0  0.000e+00
  1025.9282     66.127     66.679    32.2888     4.1335          0          0  0.000e+00
  1025.9887     66.245     66.798    32.3636     4.1283          0          0  0.000e+00
  1025.9835     66.368     66.922    32.3587     4.1462          0          0  0.000e+00
  1025.9743     66.481     67.036    32.3492     4.1685          0          0  0.000e+00
  1025.9651     66.579     67.135    32.3390     4.1845          0          0  0.000e+00
  1025.9568     66.661     67.217    32.3295     4.1953          0          0  0.000e+00
  1025.9495     66.707     67.264    32.3208     4.2015          0          0  0.000e+00
  1025.9468     66.731     67.288    32.3176     4.2041          0          0  0.000e+00
  1025.9462     66.723     67.280    32.3171     4.2049          0          0  0.000e+00
  1025.9448     66.686     67.243    32.3155     4.2053          0          0  0.000e+00
  1025.9449     66.629     67.185    32.3159     4.2049          0          0  0.000e+00
  1025.9441     66.564     67.120    32.3154     4.2048          0          0  0.000e+00
  1025.9431     66.487     67.042    32.3144     4.2046          0          0  0.000e+00
  1025.9428     66.417     66.971    32.3144     4.2040          0          0  0.000e+00
  1025.9416     66.358     66.912    32.3133     4.2035          0          0  0.000e+00
  1025.9395     66.317     66.871    32.3107     4.2025          0          0  0.000e+00
  1025.9338     66.296     66.849    32.3033     4.2006          0          0  0.000e+00
  1025.9338     66.288     66.842    32.3028     4.1960          0          0  0.000e+00
  1025.9326     66.300     66.854    32.3006     4.1910          0          0  0.000e+00
  1025.9334     66.313     66.866    32.3009     4.1856          0          0  0.000e+00
  1025.9338     66.334     66.888    32.3006     4.1805          0          0  0.000e+00
  1025.9361     66.346     66.900    32.3028     4.1757          0          0  0.000e+00
  1025.9447     66.348     66.902    32.3132     4.1719          0          0  0.000e+00
  1025.9394     66.338     66.892    32.3065     4.1717          0          0  0.000e+00
  1025.9352     66.314     66.867    32.3011     4.1702          0          0  0.000e+00
  1025.9351     66.280     66.833    32.3008     4.1666          0          0  0.000e+00
  1025.9410     66.242     66.795    32.3080     4.1633          0          0  0.000e+00
  1025.9426     66.207     66.759    32.3102     4.1623          0          0  0.000e+00
  1025.9387     66.170     66.722    32.3055     4.1626          0          0  0.000e+00
  1025.9280     66.136     66.688    32.2920     4.1612          0          0  0.000e+00
  1025.9184     66.112     66.664    32.2793     4.1550          0          0  0.000e+00
  1025.9174     66.098     66.649    32.2767     4.1440          0          0  0.000e+00
  1025.9187     66.092     66.644    32.2769     4.1321          0          0  0.000e+00
