data/eDNA/PER-2022-473/473A001.cnv
* Sea-Bird SBE19plus  Data File:
* FileName = C:\Users\RSG_field\Ryan_Perley2022473\CTD\473A001.hex
* Software version 2.3.0 SB_Terminal.dll
* Temperature SN = 7141
* Conductivity SN = 7141
* System UpLoad Time = Aug 06 2022 23:00:42
* <ApplicationData>
* <SeatermAF>
** Platform: M. Perley
** Cruise: Per2021171
** Station:  ESI_01
** Cast: 01
** Latitude: N
** Longitude: W
** Sounding:
** Chief Scientist: Ryan Stanley
** Comment: Connection to AF failed after this cast.
# nquan = 10
# nvalues = 1513                                  
# units = specified
# name 0 = density00: Density [density, kg/m^3]
# name 1 = depSM: Depth [salt water, m], lat = 45.00
# name 2 = prdM: Pressure, Strain Gauge [db]
# name 3 = sal00: Salinity, Practical [PSU]
# name 4 = tv290C: Temperature [ITS-90, deg C]
# name 5 = bpos: Bottle Position in Carousel
# name 6 = nbf: Bottles Fired
# name 7 = wetStar: Fluorescence, WET Labs WETstar [mg/m^3]
# name 8 = upoly0: Upoly 0, Ares turbidity
# name 9 = flag:  0.000e+00
# span 0 =   998.4722,  1024.2488                 
# span 1 =     -0.018,     20.254                 
# span 2 =     -0.018,     20.421                 
# span 3 =     0.0116,    31.2541                 
# span 4 =     7.4374,    18.7073                 
# span 5 =          0,          6                 
# span 6 =          0,          2                 
# span 7 =     2.9435,    16.4302                 
# span 8 =  0.0195315,  4.9870298                 
# span 9 = 0.0000e+00, 0.0000e+00                 
# interval = seconds: 0.25
# start_time = Aug 06 2022 12:34:57 [Instrument's time stamp, header]
# bad_flag = -9.990e-29
*END*
   998.4722     -0.012     -0.012     0.0118    18.7073          0          0     7.1659  0.3600366  0.000e+00
   998.4723     -0.012     -0.012     0.0117    18.7071          0          0     7.1589  0.3677424  0.000e+00
   998.4723     -0.012     -0.012     0.0117    18.7069          0          0     7.1566  0.3714809  0.000e+00
   998.4723     -0.012     -0.012     0.0117    18.7069          0          0     7.1601  0.3641566  0.000e+00
   998.4723     -0.012     -0.012     0.0117    18.7068          0          0     7.1414  0.3636225  0.000e+00
   998.4724     -0.012     -0.012     0.0117    18.7065          0          0     7.1601  0.3707179  0.000e+00
   998.4724     -0.012     -0.012     0.0117    18.7064          0          0     7.1671  0.3681239  0.000e+00
   998.4724     -0.012     -0.012     0.0117    18.7064          0          0     7.1425  0.3631647  0.000e+00
   998.4725     -0.012     -0.012     0.0118    18.7062          0          0     7.1227  0.3640040  0.000e+00
   998.4725     -0.012     -0.012     0.0117    18.7060          0          0     7.1530  0.3667506  0.000e+00
   998.4725     -0.012     -0.012     0.0117    18.7059          0          0     7.1706  0.3660639  0.000e+00
   998.4725     -0.012     -0.012     0.0117    18.7058          0          0     7.1262  0.3611810  0.000e+00
   998.4725     -0.013     -0.013     0.0117    18.7058          0          0     7.1379  0.3642329  0.000e+00
   998.4726     -0.012     -0.012     0.0118    18.7055          0          0     7.1530  0.3646143  0.000e+00
   998.4725     -0.013     -0.013     0.0117    18.7057          0          0     7.1332  0.3650721  0.000e+00
   998.4726     -0.013     -0.013     0.0117    18.7054          0          0     7.1449  0.3690394  0.000e+00
   998.4726     -0.012     -0.012     0.0117    18.7053          0          0     7.1262  0.3588922  0.000e+00
   998.4726     -0.012     -0.012     0.0117    18.7051          0          0     7.1647  0.3665980  0.000e+00
   998.4727     -0.012     -0.012     0.0117    18.7051          0          0     7.1671  0.3714809  0.000e+00
   998.4727     -0.011     -0.011     0.0117    18.7051          0          0     7.1250  0.3642329  0.000e+00
   998.4727     -0.013     -0.013     0.0117    18.7048          0          0     7.1484  0.3666743  0.000e+00
   998.4727     -0.014     -0.014     0.0117    18.7047          0          0     7.1449  0.3579004  0.000e+00
   998.4727     -0.014     -0.014     0.0116    18.7045          0          0     7.1425  0.3709468  0.000e+00
   998.4727     -0.012     -0.012     0.0117    18.7047          0          0     7.1729  0.3663691  0.000e+00
   998.4728     -0.013     -0.013     0.0117    18.7045          0          0     7.1624  0.3570611  0.000e+00
   998.4728     -0.012     -0.012     0.0117    18.7044          0          0     7.1437  0.3654536  0.000e+00
   998.4728     -0.013     -0.013     0.0117    18.7043          0          0     7.1530  0.3684291  0.000e+00
   998.4728     -0.016     -0.017     0.0117    18.7043          0          0     7.1297  0.3642329  0.000e+00
   998.4728     -0.013     -0.013     0.0117    18.7041          0          0     7.1402  0.3642329  0.000e+00
   998.4728     -0.014     -0.014     0.0117    18.7041          0          0     7.1706  0.3679713  0.000e+00
   998.4729     -0.011     -0.011     0.0117    18.7039          0          0     7.1577  0.3661402  0.000e+00
   998.4729     -0.014     -0.014     0.0117    18.7037          0          0     7.1472  0.3691920  0.000e+00
   998.4729     -0.015     -0.016     0.0117    18.7037          0          0     7.1379  0.3653010  0.000e+00
   998.4729     -0.013     -0.013     0.0117    18.7037          0          0     7.1507  0.3585107  0.000e+00
   998.4729     -0.013     -0.013     0.0117    18.7036          0          0     7.1589  0.3693446  0.000e+00
   998.4729     -0.014     -0.014     0.0117    18.7036          0          0     7.1858  0.3626307  0.000e+00
   998.4729     -0.014     -0.014     0.0117    18.7035          0          0     7.1542  0.3659113  0.000e+00
   998.4730     -0.014     -0.014     0.0118    18.7035          0          0     7.1776  0.3592737  0.000e+00
   998.4729     -0.013     -0.013     0.0117    18.7037          0          0     7.1367  0.3653010  0.000e+00
   998.4730     -0.014     -0.014     0.0117    18.7035          0          0     7.1355  0.3650721  0.000e+00
   998.4729     -0.014     -0.014     0.0117    18.7035          0          0     7.1530  0.3632410  0.000e+00
   998.4730     -0.013     -0.013     0.0117    18.7031          0          0     7.1834  0.3614862  0.000e+00
   998.4731     -0.013     -0.013     0.0117    18.7030          0          0     7.1659  0.3665980  0.000e+00
   998.4731     -0.013     -0.013     0.0117    18.7029          0          0     7.1215  0.3669795  0.000e+00
   998.4731     -0.013     -0.013     0.0117    18.7026          0          0     7.1332  0.3658350  0.000e+00
   998.4731     -0.012     -0.012     0.0117    18.7024          0          0     7.1566  0.3666743  0.000e+00
   998.4732     -0.013     -0.013     0.0117    18.7021          0          0     7.1460  0.3621729  0.000e+00
   998.4732     -0.015     -0.016     0.0117    18.7019          0          0     7.1577  0.3685054  0.000e+00
   998.4733     -0.012     -0.012     0.0117    18.7017          0          0     7.1530  0.3593500  0.000e+00
   998.4733     -0.012     -0.012     0.0117    18.7016          0          0     7.1519  0.3628595  0.000e+00
   998.4734     -0.012     -0.012     0.0117    18.7013          0          0     7.1799  0.3664454  0.000e+00
   998.4734     -0.014     -0.014     0.0117    18.7012          0          0     7.1729  0.3627070  0.000e+00
   998.4734     -0.014     -0.014     0.0117    18.7012          0          0     7.1671  0.3672084  0.000e+00
   998.4734     -0.014     -0.014     0.0117    18.7010          0          0     7.1741  0.3710994  0.000e+00
   998.4734     -0.013     -0.013     0.0117    18.7009          0          0     7.1227  0.3674372  0.000e+00
   998.4735     -0.013     -0.013     0.0117    18.7005          0          0     7.1460  0.3675135  0.000e+00
   998.4735     -0.015     -0.016     0.0117    18.7006          0          0     7.1402  0.3656825  0.000e+00
   998.4735     -0.016     -0.017     0.0117    18.7004          0          0     7.1215  0.3677424  0.000e+00
   998.4736     -0.014     -0.014     0.0118    18.7004          0          0     7.1332  0.3589685  0.000e+00
   998.4736     -0.015     -0.016     0.0118    18.7004          0          0     7.1542  0.3714809  0.000e+00
   998.4736     -0.015     -0.016     0.0117    18.7002          0          0     7.1659  0.3631647  0.000e+00
   998.4736     -0.014     -0.014     0.0117    18.7000          0          0     7.1530  0.3636988  0.000e+00
   998.4737     -0.013     -0.013     0.0117    18.6999          0          0     7.0923  0.3711757  0.000e+00
   998.4737     -0.016     -0.017     0.0118    18.6995          0          0     7.0923  0.3669795  0.000e+00
   998.4737     -0.015     -0.016     0.0118    18.6995          0          0     7.0946  0.3635462  0.000e+00
   998.4738     -0.012     -0.012     0.0117    18.6994          0          0     7.1180  0.3653773  0.000e+00
   998.4738     -0.013     -0.013     0.0117    18.6992          0          0     7.1425  0.3701839  0.000e+00
   998.4738     -0.015     -0.016     0.0117    18.6994          0          0     7.1203  0.3684291  0.000e+00
   998.4738     -0.013     -0.013     0.0117    18.6990          0          0     7.1390  0.3601892  0.000e+00
   998.4738     -0.015     -0.016     0.0118    18.6991          0          0     7.1449  0.3641566  0.000e+00
   998.4738     -0.013     -0.013     0.0117    18.6991          0          0     7.1460  0.3698787  0.000e+00
   998.4738     -0.015     -0.016     0.0118    18.6990          0          0     7.1086  0.3566796  0.000e+00
   998.4738     -0.018     -0.018     0.0118    18.6989          0          0     7.0981  0.3635462  0.000e+00
   998.4739     -0.016     -0.017     0.0117    18.6986          0          0     7.0969  0.3815518  0.000e+00
   998.4739     -0.015     -0.016     0.0118    18.6988          0          0     7.0946  0.3609522  0.000e+00
   998.4739     -0.014     -0.014     0.0117    18.6987          0          0     7.1145  0.3768978  0.000e+00
   998.4739     -0.016     -0.017     0.0117    18.6987          0          0     7.0876  0.3629358  0.000e+00
   998.4739     -0.015     -0.016     0.0117    18.6985          0          0     7.1180  0.3619440  0.000e+00
   998.4739     -0.015     -0.016     0.0117    18.6983          0          0     7.1250  0.3601892  0.000e+00
   998.4740     -0.013     -0.013     0.0117    18.6982          0          0     7.1028  0.3619440  0.000e+00
   998.4740     -0.014     -0.014     0.0118    18.6980          0          0     7.1086  0.1454185  0.000e+00
   998.4740     -0.013     -0.013     0.0117    18.6979          0          0     7.0958  0.1479362  0.000e+00
   998.4740     -0.013     -0.013     0.0117    18.6981          0          0     7.1308  0.3541619  0.000e+00
   998.4741     -0.013     -0.013     0.0117    18.6978          0          0     7.1004  0.3636225  0.000e+00
   998.4741     -0.015     -0.016     0.0117    18.6977          0          0     7.1203  0.0195315  0.000e+00
   998.4741     -0.013     -0.013     0.0117    18.6977          0          0     7.1145  0.3913176  0.000e+00
   998.4741     -0.013     -0.013     0.0117    18.6976          0          0     7.0736  0.1485466  0.000e+00
   998.4741     -0.014     -0.014     0.0117    18.6975          0          0     7.1472  0.1479362  0.000e+00
   998.4741     -0.014     -0.014     0.0117    18.6975          0          0     7.1086  0.3794156  0.000e+00
   998.4742     -0.012     -0.012     0.0117    18.6973          0          0     7.1180  0.3707179  0.000e+00
   998.4741     -0.014     -0.014     0.0117    18.6973          0          0     7.0946  0.5912871  0.000e+00
   998.4742     -0.014     -0.014     0.0117    18.6973          0          0     7.1379  0.3770504  0.000e+00
   998.4742     -0.014     -0.014     0.0117    18.6971          0          0     7.0841  0.1789883  0.000e+00
   998.4742     -0.015     -0.016     0.0117    18.6971          0          0     7.1285  0.2929732  0.000e+00
   998.4741     -0.014     -0.014     0.0117    18.6972          0          0     7.1227  0.3284504  0.000e+00
   998.4741     -0.015     -0.016     0.0117    18.6973          0          0     7.1355  0.3663691  0.000e+00
   998.4741     -0.016     -0.017     0.0117    18.6974          0          0     7.1449  0.1490043  0.000e+00
   998.4741     -0.013     -0.013     0.0117    18.6974          0          0     7.1203  0.2861830  0.000e+00
   998.4740     -0.014     -0.014     0.0117    18.6978          0          0     7.1250  0.1480125  0.000e+00
   998.4740     -0.015     -0.016     0.0117    18.6981          0          0     7.1168  0.3636225  0.000e+00
   998.4739     -0.015     -0.016     0.0117    18.6985          0          0     7.0899  0.4246586  0.000e+00
   998.4738     -0.015     -0.016     0.0117    18.6991          0          0     7.0572  0.3639277  0.000e+00
   998.4737     -0.014     -0.014     0.0117    18.6994          0          0     7.1250  0.3678950  0.000e+00
   998.4737     -0.013     -0.013     0.0117    18.6996          0          0     7.1355  0.3205921  0.000e+00
   998.4736     -0.014     -0.014     0.0117    18.6999          0          0     7.1203  0.3736934  0.000e+00
   998.4736     -0.016     -0.017     0.0117    18.7000          0          0     7.1425  0.3553826  0.000e+00
   998.4735     -0.014     -0.014     0.0117    18.7004          0          0     7.1320  0.3604944  0.000e+00
   998.4736     -0.013     -0.013     0.0121    18.7016          0          0     7.1133  0.3659876  0.000e+00
   998.4736     -0.015     -0.016     0.0117    18.7002          0          0     7.0958  0.3614862  0.000e+00
   998.4731     -0.015     -0.016     0.0117    18.7025          0          0     7.1379  0.3561456  0.000e+00
   998.4728     -0.014     -0.014     0.0117    18.7041          0          0     7.1191  0.3609522  0.000e+00
   998.4728     -0.014     -0.014     0.0117    18.7041          0          0     7.1308  0.3794919  0.000e+00
   998.4728     -0.014     -0.014     0.0117    18.7041          0          0     7.1227  0.3564508  0.000e+00
   998.4728     -0.014     -0.014     0.0117    18.7041          0          0     7.1320  0.3600366  0.000e+00
   998.4728     -0.012     -0.012     0.0117    18.7043          0          0     7.1110  0.3622492  0.000e+00
   998.4729     -0.013     -0.013     0.0117    18.7039          0          0     7.1075  0.3640040  0.000e+00
  1012.4355      0.082      0.083    18.3785    18.6925          0          0     5.1611  0.3990997  0.000e+00
  1019.8098      0.304      0.306    27.8039    17.8350          0          0     3.5420  4.5777829  0.000e+00
  1021.2621      0.410      0.413    29.2443    16.2969          0          0     3.0242  2.8723583  0.000e+00
  1021.9942      0.468      0.472    29.9499    15.4246          0          0     2.9634  0.3215839  0.000e+00
  1022.3281      0.543      0.548    30.2628    14.9877          0          0     2.9435  2.7337301  0.000e+00
  1022.5200      0.637      0.643    30.4484    14.7561          0          0     2.9786  0.4241245  0.000e+00
  1022.6561      0.731      0.737    30.5914    14.6336          0          0     3.0335  2.2757305  0.000e+00
  1022.7597      0.811      0.818    30.7058    14.5609          0          0     3.3410  0.2103456  0.000e+00
  1022.8457      0.878      0.885    30.8059    14.5197          0          0     3.2042  0.2090486  0.000e+00
  1022.9483      0.923      0.930    30.9325    14.4966          0          0     3.6496  0.2047761  0.000e+00
  1023.0519      0.953      0.961    31.0641    14.4867          0          0     3.3199  0.2007324  0.000e+00
  1023.0827      0.963      0.971    31.1035    14.4848          0          0     3.3491  0.2023346  0.000e+00
  1023.0020      0.967      0.975    30.9975    14.4798          0          0     3.4263  0.2014954  0.000e+00
  1022.9108      0.960      0.968    30.8742    14.4612          0          0     3.3819  0.2026398  0.000e+00
  1022.8573      0.950      0.958    30.7966    14.4307          0          0     3.4053  0.2040131  0.000e+00
  1022.8445      0.938      0.946    30.7691    14.3897          0          0     4.3592  0.2883192  0.000e+00
  1022.8545      0.924      0.931    30.7673    14.3341          0          0     3.8319  0.1963073  0.000e+00
  1022.8888      0.897      0.905    30.7975    14.2800          0          0     3.6145  0.2095064  0.000e+00
  1022.9360      0.869      0.876    30.8475    14.2370          0          0     4.0003  0.2060731  0.000e+00
  1022.9790      0.842      0.849    30.8946    14.2040          0          0     4.0704  0.2021820  0.000e+00
  1023.0061      0.811      0.818    30.9236    14.1804          0          0     3.9734  0.2276646  0.000e+00
  1022.9925      0.799      0.805    30.9021    14.1654          0          0     4.1709  0.2133211  0.000e+00
  1022.9538      0.799      0.805    30.8510    14.1620          0          0     4.0973  0.2054627  0.000e+00
  1022.9316      0.821      0.828    30.8257    14.1756          0          0     3.7630  0.2041657  0.000e+00
  1022.9118      0.845      0.852    30.8091    14.2101          0          0     3.7805  0.2034791  0.000e+00
  1022.9007      0.862      0.869    30.8026    14.2404          0          0     3.6788  0.2017243  0.000e+00
  1022.9038      0.861      0.868    30.8120    14.2606          0          0     3.7080  0.1949340  0.000e+00
  1022.9104      0.830      0.837    30.8241    14.2733          0          0     3.9956  0.8579385  0.000e+00
