data/eDNA/PER-2022-473/473A024.cnv
* Sea-Bird SBE19plus  Data File:
* FileName = C:\Users\RSG_field\Ryan_Perley2022473\CTD\473A024.hex
* Software version 2.3.0 SB_Terminal.dll
* Temperature SN = 7141
* Conductivity SN = 7141
* System UpLoad Time = Aug 16 2022 13:19:48
* <ApplicationData>
* <SeatermAF>
** Platform: M. Perley
** Cruise: Per2022473
** Station:  SAB_Trans_09
** Cast: 01 473A024
** Latitude: N  45 59.6423
** Longitude: W 59 12.1980
** Sounding: 38
** Chief Scientist: Ryan Stanley
** Comment: Bottles 493896-43902 - sounding based on plumb line
# nquan = 8
# nvalues = 2612                                  
# units = specified
# name 0 = density00: Density [density, kg/m^3]
# name 1 = depSM: Depth [salt water, m], lat = 45.00
# name 2 = prdM: Pressure, Strain Gauge [db]
# name 3 = sal00: Salinity, Practical [PSU]
# name 4 = tv290C: Temperature [ITS-90, deg C]
# name 5 = bpos: Bottle Position in Carousel
# name 6 = nbf: Bottles Fired
# name 7 = flag:  0.000e+00
# span 0 =   998.1194,  1025.0829                 
# span 1 =     -0.037,     33.429                 
# span 2 =     -0.037,     33.706                 
# span 3 =     0.0139,    31.7465                 
# span 4 =     5.3642,    20.4984                 
# span 5 =          0,          6                 
# span 6 =          0,          2                 
# span 7 = 0.0000e+00, 0.0000e+00                 
# interval = seconds: 0.25
# start_time = Aug 16 2022 13:05:01 [Instrument's time stamp, header]
# bad_flag = -9.990e-29
*END*
   998.1201     -0.033     -0.033     0.0140    20.4589          0          0  0.000e+00
   998.1201     -0.033     -0.033     0.0140    20.4590          0          0  0.000e+00
   998.1200     -0.032     -0.032     0.0140    20.4592          0          0  0.000e+00
   998.1199     -0.033     -0.033     0.0140    20.4596          0          0  0.000e+00
   998.1200     -0.034     -0.034     0.0140    20.4594          0          0  0.000e+00
   998.1199     -0.035     -0.035     0.0140    20.4599          0          0  0.000e+00
   998.1198     -0.034     -0.034     0.0139    20.4602          0          0  0.000e+00
   998.1198     -0.033     -0.033     0.0140    20.4601          0          0  0.000e+00
   998.1198     -0.033     -0.033     0.0140    20.4602          0          0  0.000e+00
   998.1197     -0.032     -0.032     0.0140    20.4604          0          0  0.000e+00
   998.1198     -0.034     -0.034     0.0140    20.4602          0          0  0.000e+00
   998.1197     -0.034     -0.034     0.0140    20.4604          0          0  0.000e+00
   998.1197     -0.034     -0.034     0.0140    20.4605          0          0  0.000e+00
   998.1197     -0.034     -0.034     0.0140    20.4607          0          0  0.000e+00
   998.1196     -0.032     -0.032     0.0139    20.4610          0          0  0.000e+00
   998.1197     -0.034     -0.034     0.0140    20.4609          0          0  0.000e+00
   998.1197     -0.035     -0.035     0.0140    20.4608          0          0  0.000e+00
   998.1196     -0.035     -0.035     0.0140    20.4610          0          0  0.000e+00
   998.1196     -0.034     -0.034     0.0140    20.4609          0          0  0.000e+00
   998.1196     -0.033     -0.033     0.0139    20.4609          0          0  0.000e+00
   998.1196     -0.034     -0.034     0.0139    20.4611          0          0  0.000e+00
   998.1196     -0.035     -0.035     0.0140    20.4609          0          0  0.000e+00
   998.1196     -0.036     -0.036     0.0139    20.4611          0          0  0.000e+00
   998.1196     -0.035     -0.035     0.0140    20.4612          0          0  0.000e+00
   998.1195     -0.034     -0.034     0.0139    20.4614          0          0  0.000e+00
   998.1196     -0.036     -0.036     0.0140    20.4615          0          0  0.000e+00
   998.1194     -0.035     -0.035     0.0139    20.4617          0          0  0.000e+00
   998.1194     -0.034     -0.034     0.0139    20.4616          0          0  0.000e+00
   998.1194     -0.034     -0.034     0.0139    20.4616          0          0  0.000e+00
   998.1195     -0.034     -0.034     0.0139    20.4613          0          0  0.000e+00
   998.1196     -0.035     -0.035     0.0140    20.4611          0          0  0.000e+00
   998.1245     -0.034     -0.034     0.0202    20.4606          0          0  0.000e+00
   998.3476     -0.033     -0.033     0.3119    20.4599          0          0  0.000e+00
   998.3389     -0.034     -0.034     0.3005    20.4599          0          0  0.000e+00
   998.3851     -0.034     -0.034     0.3611    20.4600          0          0  0.000e+00
   998.4980     -0.034     -0.034     0.5092    20.4604          0          0  0.000e+00
   998.5175     -0.034     -0.034     0.5348    20.4605          0          0  0.000e+00
   998.5028     -0.034     -0.034     0.5158    20.4611          0          0  0.000e+00
   998.5121     -0.034     -0.034     0.5279    20.4612          0          0  0.000e+00
   998.4847     -0.034     -0.034     0.4921    20.4618          0          0  0.000e+00
   998.4557     -0.034     -0.034     0.4544    20.4628          0          0  0.000e+00
   998.4459     -0.034     -0.034     0.4418    20.4636          0          0  0.000e+00
   998.4055     -0.035     -0.035     0.3891    20.4644          0          0  0.000e+00
   998.4033     -0.034     -0.034     0.3865    20.4658          0          0  0.000e+00
   998.4228     -0.035     -0.035     0.4125    20.4672          0          0  0.000e+00
   998.4335     -0.036     -0.036     0.4270    20.4689          0          0  0.000e+00
   998.4405     -0.035     -0.035     0.4366    20.4706          0          0  0.000e+00
   998.4385     -0.035     -0.035     0.4343    20.4717          0          0  0.000e+00
   998.4438     -0.036     -0.036     0.4414    20.4722          0          0  0.000e+00
   998.4456     -0.035     -0.035     0.4440    20.4732          0          0  0.000e+00
   998.4459     -0.035     -0.035     0.4447    20.4743          0          0  0.000e+00
   998.4346     -0.035     -0.035     0.4301    20.4749          0          0  0.000e+00
   998.4403     -0.035     -0.035     0.4374    20.4743          0          0  0.000e+00
   998.4321     -0.034     -0.034     0.4264    20.4731          0          0  0.000e+00
   998.4133     -0.034     -0.034     0.4013    20.4715          0          0  0.000e+00
   998.4113     -0.035     -0.035     0.3983    20.4705          0          0  0.000e+00
   998.3959     -0.036     -0.036     0.3780    20.4697          0          0  0.000e+00
   998.3919     -0.036     -0.036     0.3727    20.4697          0          0  0.000e+00
   998.3872     -0.036     -0.036     0.3665    20.4695          0          0  0.000e+00
   998.3837     -0.035     -0.035     0.3620    20.4701          0          0  0.000e+00
   998.3760     -0.034     -0.034     0.3522    20.4710          0          0  0.000e+00
   998.3669     -0.036     -0.036     0.3406    20.4723          0          0  0.000e+00
   998.3608     -0.035     -0.035     0.3331    20.4739          0          0  0.000e+00
   998.3554     -0.035     -0.035     0.3264    20.4751          0          0  0.000e+00
   998.3443     -0.034     -0.034     0.3121    20.4763          0          0  0.000e+00
   998.3396     -0.037     -0.037     0.3062    20.4771          0          0  0.000e+00
   998.3352     -0.035     -0.035     0.3006    20.4776          0          0  0.000e+00
   998.3301     -0.035     -0.035     0.2940    20.4780          0          0  0.000e+00
   998.3223     -0.035     -0.035     0.2838    20.4779          0          0  0.000e+00
   998.3161     -0.035     -0.035     0.2758    20.4781          0          0  0.000e+00
   998.3088     -0.035     -0.035     0.2663    20.4788          0          0  0.000e+00
   998.3021     -0.035     -0.035     0.2577    20.4793          0          0  0.000e+00
   998.2938     -0.037     -0.037     0.2471    20.4798          0          0  0.000e+00
   998.2864     -0.034     -0.034     0.2374    20.4801          0          0  0.000e+00
   998.2815     -0.035     -0.035     0.2310    20.4805          0          0  0.000e+00
   998.2749     -0.035     -0.035     0.2225    20.4807          0          0  0.000e+00
   998.2696     -0.037     -0.037     0.2157    20.4811          0          0  0.000e+00
   998.2660     -0.036     -0.036     0.2111    20.4816          0          0  0.000e+00
   998.2647     -0.035     -0.035     0.2096    20.4822          0          0  0.000e+00
   998.2636     -0.035     -0.035     0.2082    20.4827          0          0  0.000e+00
   998.2555     -0.035     -0.035     0.1978    20.4831          0          0  0.000e+00
   998.2473     -0.036     -0.036     0.1872    20.4836          0          0  0.000e+00
   998.2398     -0.036     -0.036     0.1774    20.4836          0          0  0.000e+00
   998.2335     -0.035     -0.035     0.1692    20.4838          0          0  0.000e+00
   998.2269     -0.033     -0.033     0.1605    20.4835          0          0  0.000e+00
   998.2214     -0.034     -0.034     0.1531    20.4830          0          0  0.000e+00
   998.2181     -0.035     -0.035     0.1486    20.4824          0          0  0.000e+00
   998.2198     -0.036     -0.036     0.1508    20.4824          0          0  0.000e+00
   998.2311     -0.036     -0.036     0.1654    20.4818          0          0  0.000e+00
   998.2506     -0.034     -0.034     0.1908    20.4809          0          0  0.000e+00
   998.2717     -0.036     -0.036     0.2183    20.4804          0          0  0.000e+00
   998.3152     -0.036     -0.036     0.2752    20.4808          0          0  0.000e+00
   998.3182     -0.035     -0.035     0.2795    20.4817          0          0  0.000e+00
   998.2820     -0.035     -0.035     0.2327    20.4842          0          0  0.000e+00
   998.2675     -0.037     -0.037     0.2145    20.4870          0          0  0.000e+00
   998.2656     -0.037     -0.037     0.2130    20.4903          0          0  0.000e+00
   998.2598     -0.037     -0.037     0.2063    20.4934          0          0  0.000e+00
   998.2525     -0.034     -0.034     0.1975    20.4961          0          0  0.000e+00
   998.2426     -0.035     -0.035     0.1846    20.4968          0          0  0.000e+00
   998.2351     -0.035     -0.035     0.1754    20.4984          0          0  0.000e+00
  1003.5647      0.000      0.000     7.2032    20.4984          0          0  0.000e+00
  1016.0994      0.113      0.114    23.7711    20.4885          0          0  0.000e+00
  1019.0036      0.240      0.242    27.5893    20.4601          0          0  0.000e+00
  1019.7187      0.338      0.341    28.5232    20.4390          0          0  0.000e+00
  1019.8321      0.430      0.433    28.6672    20.4253          0          0  0.000e+00
  1019.8648      0.527      0.531    28.7069    20.4169          0          0  0.000e+00
  1019.8729      0.627      0.632    28.7156    20.4128          0          0  0.000e+00
  1019.8769      0.727      0.733    28.7194    20.4104          0          0  0.000e+00
  1019.8814      0.839      0.846    28.7242    20.4089          0          0  0.000e+00
  1019.8866      0.971      0.979    28.7300    20.4082          0          0  0.000e+00
  1019.7926      1.093      1.102    28.6056    20.4081          0          0  0.000e+00
  1019.8691      1.164      1.174    28.7059    20.4082          0          0  0.000e+00
  1019.7123      1.205      1.215    28.4999    20.4102          0          0  0.000e+00
  1019.7604      1.236      1.246    28.5645    20.4145          0          0  0.000e+00
  1019.9066      1.262      1.272    28.7578    20.4177          0          0  0.000e+00
  1019.9097      1.277      1.288    28.7621    20.4183          0          0  0.000e+00
  1019.9121      1.285      1.295    28.7647    20.4166          0          0  0.000e+00
  1019.9153      1.283      1.293    28.7682    20.4145          0          0  0.000e+00
  1019.9164      1.276      1.287    28.7693    20.4134          0          0  0.000e+00
  1019.9183      1.270      1.280    28.7715    20.4125          0          0  0.000e+00
  1019.9199      1.276      1.287    28.7733    20.4119          0          0  0.000e+00
  1019.9221      1.292      1.303    28.7759    20.4112          0          0  0.000e+00
  1019.9251      1.317      1.327    28.7798    20.4114          0          0  0.000e+00
  1019.9267      1.344      1.355    28.7817    20.4115          0          0  0.000e+00
  1019.9271      1.370      1.381    28.7823    20.4118          0          0  0.000e+00
  1019.9276      1.396      1.408    28.7828    20.4121          0          0  0.000e+00
  1019.9278      1.411      1.423    28.7830    20.4122          0          0  0.000e+00
  1019.9274      1.422      1.433    28.7824    20.4121          0          0  0.000e+00
  1019.9266      1.425      1.436    28.7813    20.4121          0          0  0.000e+00
  1019.9268      1.421      1.432    28.7818    20.4123          0          0  0.000e+00
  1019.9273      1.421      1.432    28.7826    20.4128          0          0  0.000e+00
  1019.9282      1.414      1.426    28.7839    20.4129          0          0  0.000e+00
  1019.9292      1.403      1.414    28.7851    20.4128          0          0  0.000e+00
  1019.9300      1.377      1.388    28.7864    20.4131          0          0  0.000e+00
  1019.9305      1.339      1.350    28.7872    20.4129          0          0  0.000e+00
  1019.9290      1.290      1.301    28.7856    20.4130          0          0  0.000e+00
  1019.9279      1.238      1.248    28.7844    20.4126          0          0  0.000e+00
  1019.9273      1.193      1.202    28.7838    20.4125          0          0  0.000e+00
  1019.9268      1.158      1.167    28.7834    20.4125          0          0  0.000e+00
  1019.9277      1.145      1.154    28.7847    20.4128          0          0  0.000e+00
  1019.9286      1.138      1.147    28.7861    20.4132          0          0  0.000e+00
  1019.9295      1.136      1.146    28.7873    20.4134          0          0  0.000e+00
  1019.9307      1.138      1.147    28.7890    20.4136          0          0  0.000e+00
  1019.9312      1.145      1.154    28.7897    20.4140          0          0  0.000e+00
  1019.9300      1.157      1.166    28.7881    20.4142          0          0  0.000e+00
  1019.9304      1.180      1.190    28.7885    20.4142          0          0  0.000e+00
  1019.9299      1.212      1.222    28.7877    20.4141          0          0  0.000e+00
  1019.9296      1.249      1.259    28.7868    20.4137          0          0  0.000e+00
  1019.9298      1.287      1.298    28.7868    20.4132          0          0  0.000e+00
  1019.9310      1.323      1.334    28.7878    20.4123          0          0  0.000e+00
  1019.9324      1.362      1.373    28.7891    20.4112          0          0  0.000e+00
  1019.9318      1.408      1.419    28.7876    20.4101          0          0  0.000e+00
  1019.9303      1.458      1.470    28.7851    20.4092          0          0  0.000e+00
  1019.9300      1.503      1.516    28.7842    20.4084          0          0  0.000e+00
  1019.9309      1.539      1.552    28.7849    20.4076          0          0  0.000e+00
  1019.9337      1.555      1.568    28.7882    20.4071          0          0  0.000e+00
  1019.9346      1.546      1.558    28.7894    20.4070          0          0  0.000e+00
  1019.9332      1.514      1.526    28.7877    20.4067          0          0  0.000e+00
  1019.9359      1.461      1.473    28.7914    20.4062          0          0  0.000e+00
  1019.9348      1.396      1.408    28.7906    20.4070          0          0  0.000e+00
  1019.9291      1.327      1.338    28.7838    20.4079          0          0  0.000e+00
  1019.9259      1.268      1.278    28.7798    20.4077          0          0  0.000e+00
  1019.9253      1.219      1.229    28.7790    20.4068          0          0  0.000e+00
  1019.9257      1.182      1.192    28.7796    20.4062          0          0  0.000e+00
  1019.9263      1.153      1.163    28.7804    20.4058          0          0  0.000e+00
  1019.9276      1.132      1.142    28.7821    20.4055          0          0  0.000e+00
  1019.9285      1.114      1.123    28.7835    20.4056          0          0  0.000e+00
  1019.9288      1.104      1.113    28.7840    20.4058          0          0  0.000e+00
  1019.9291      1.108      1.117    28.7844    20.4059          0          0  0.000e+00
  1019.9270      1.126      1.135    28.7814    20.4057          0          0  0.000e+00
  1019.9271      1.153      1.163    28.7813    20.4056          0          0  0.000e+00
  1019.9278      1.180      1.190    28.7822    20.4057          0          0  0.000e+00
  1019.9294      1.205      1.215    28.7842    20.4060          0          0  0.000e+00
  1019.9301      1.231      1.241    28.7851    20.4065          0          0  0.000e+00
  1019.9298      1.259      1.270    28.7847    20.4066          0          0  0.000e+00
  1019.9304      1.293      1.304    28.7854    20.4067          0          0  0.000e+00
  1019.9298      1.332      1.342    28.7843    20.4069          0          0  0.000e+00
  1019.9293      1.374      1.385    28.7834    20.4068          0          0  0.000e+00
  1019.9297      1.413      1.425    28.7838    20.4070          0          0  0.000e+00
