data/eDNA/PER-2022-473/473A016.cnv
* Sea-Bird SBE19plus  Data File:
* FileName = C:\Users\RSG_field\Ryan_Perley2022473\CTD\473A016.hex
* Software version 2.3.0 SB_Terminal.dll
* Temperature SN = 7141
* Conductivity SN = 7141
* System UpLoad Time = Aug 10 2022 18:39:09
* <ApplicationData>
* <SeatermAF>
** Platform: M. Perley
** Cruise: Per2022473
** Station:  ESI_10
** Cast: 01
** Latitude: N  44 41.3158
** Longitude: W 62 40.9958
** Sounding: 29.7
** Chief Scientist: Ryan Stanley
** Comment: CastID 473A016 SampleIDs 493847-493852 Cast 34
# nquan = 8
# nvalues = 1977                                  
# units = specified
# name 0 = density00: Density [density, kg/m^3]
# name 1 = depSM: Depth [salt water, m], lat = 45.00
# name 2 = prdM: Pressure, Strain Gauge [db]
# name 3 = sal00: Salinity, Practical [PSU]
# name 4 = tv290C: Temperature [ITS-90, deg C]
# name 5 = bpos: Bottle Position in Carousel
# name 6 = nbf: Bottles Fired
# name 7 = flag:  0.000e+00
# span 0 =   999.1027,  1024.9655                 
# span 1 =     -0.081,     30.208                 
# span 2 =     -0.081,     30.457                 
# span 3 =     0.0894,    31.7850                 
# span 4 =     5.2399,    15.6030                 
# span 5 =          0,          6                 
# span 6 =          0,          2                 
# span 7 = 0.0000e+00, 0.0000e+00                 
# interval = seconds: 0.25
# start_time = Aug 10 2022 18:26:43 [Instrument's time stamp, header]
# bad_flag = -9.990e-29
*END*
[from data line 899]
  1024.8107     29.645     29.890    31.3475     5.9613          0          0  0.000e+00
  1024.8135     29.602     29.846    31.3516     5.9634          0          0  0.000e+00
  1024.8113     29.520     29.764    31.3505     5.9719          0          0  0.000e+00
  1024.8064     29.389     29.631    31.3463     5.9793          0          0  0.000e+00
  1024.8043     29.208     29.449    31.3456     5.9851          0          0  0.000e+00
  1024.8011     28.984     29.223    31.3437     5.9906          0          0  0.000e+00
  1024.7971     28.726     28.963    31.3409     5.9958          0          0  0.000e+00
  1024.7917     28.453     28.687    31.3363     6.0000          0          0  0.000e+00
  1024.7884     28.185     28.418    31.3341     6.0023          0          0  0.000e+00
  1024.7863     27.949     28.180    31.3330     6.0035          0          0  0.000e+00
  1024.7848     27.758     27.987    31.3323     6.0042          0          0  0.000e+00
  1024.7827     27.630     27.858    31.3305     6.0047          0          0  0.000e+00
  1024.7831     27.582     27.810    31.3313     6.0047          0          0  0.000e+00
  1024.7841     27.601     27.829    31.3325     6.0051          0          0  0.000e+00
  1024.7833     27.689     27.918    31.3312     6.0066          0          0  0.000e+00
  1024.7827     27.815     28.045    31.3299     6.0076          0          0  0.000e+00
  1024.7817     27.990     28.221    31.3276     6.0078          0          0  0.000e+00
  1024.7823     28.173     28.405    31.3271     6.0064          0          0  0.000e+00
  1024.7845     28.355     28.589    31.3284     6.0043          0          0  0.000e+00
  1024.7860     28.541     28.776    31.3290     6.0027          0          0  0.000e+00
  1024.7827     28.725     28.962    31.3233     6.0005          0          0  0.000e+00
  1024.7923     28.948     29.187    31.3334     5.9951          0          0  0.000e+00
  1024.7947     29.204     29.445    31.3347     5.9935          0          0  0.000e+00
  1024.7678     29.427     29.670    31.2990     5.9918          0          0  0.000e+00
  1024.7673     29.561     29.805    31.2937     5.9663          0          0  0.000e+00
  1024.7975     29.555     29.799    31.3265     5.9297          0          0  0.000e+00
  1024.8348     29.416     29.659    31.3716     5.9102          0          0  0.000e+00
  1024.8277     29.236     29.477    31.3643     5.9141          0          0  0.000e+00
  1024.8245     29.026     29.266    31.3621     5.9178          0          0  0.000e+00
  1024.8320     28.794     29.032    31.3734     5.9213          0          0  0.000e+00
  1024.8242     28.546     28.781    31.3665     5.9315          0          0  0.000e+00
  1024.8211     28.296     28.529    31.3656     5.9411          0          0  0.000e+00
  1024.8139     28.062     28.294    31.3594     5.9512          0          0  0.000e+00
  1024.8072     27.856     28.086    31.3534     5.9598          0          0  0.000e+00
  1024.8042     27.694     27.922    31.3516     5.9664          0          0  0.000e+00
  1024.8000     27.574     27.801    31.3479     5.9724          0          0  0.000e+00
  1024.7968     27.508     27.735    31.3450     5.9778          0          0  0.000e+00
  1024.7948     27.484     27.710    31.3433     5.9824          0          0  0.000e+00
  1024.7930     27.509     27.736    31.3415     5.9867          0          0  0.000e+00
  1024.7903     27.579     27.807    31.3383     5.9911          0          0  0.000e+00
  1024.7891     27.688     27.917    31.3367     5.9940          0          0  0.000e+00
  1024.7899     27.839     28.069    31.3371     5.9964          0          0  0.000e+00
  1024.7887     28.009     28.241    31.3351     5.9992          0          0  0.000e+00
  1024.7785     28.197     28.430    31.3212     6.0006          0          0  0.000e+00
  1024.7743     28.388     28.622    31.3137     5.9937          0          0  0.000e+00
  1024.7835     28.583     28.819    31.3219     5.9787          0          0  0.000e+00
  1024.7951     28.770     29.007    31.3335     5.9651          0          0  0.000e+00
  1024.7937     28.938     29.177    31.3294     5.9563          0          0  0.000e+00
  1024.7941     29.078     29.318    31.3270     5.9433          0          0  0.000e+00
  1024.8079     29.184     29.425    31.3413     5.9252          0          0  0.000e+00
  1024.8183     29.253     29.494    31.3520     5.9122          0          0  0.000e+00
  1024.8271     29.278     29.520    31.3619     5.9046          0          0  0.000e+00
  1024.8320     29.254     29.495    31.3680     5.9024          0          0  0.000e+00
  1024.8355     29.176     29.416    31.3731     5.9048          0          0  0.000e+00
  1024.8355     29.045     29.285    31.3749     5.9113          0          0  0.000e+00
  1024.8309     28.871     29.110    31.3714     5.9201          0          0  0.000e+00
  1024.8276     28.664     28.900    31.3699     5.9293          0          0  0.000e+00
  1024.8205     28.437     28.671    31.3636     5.9389          0          0  0.000e+00
  1024.8098     28.200     28.433    31.3526     5.9465          0          0  0.000e+00
  1024.8017     27.969     28.200    31.3440     5.9484          0          0  0.000e+00
  1024.8027     27.757     27.986    31.3460     5.9447          0          0  0.000e+00
  1024.8031     27.576     27.803    31.3469     5.9405          0          0  0.000e+00
  1024.8026     27.444     27.671    31.3465     5.9366          0          0  0.000e+00
  1024.8068     27.367     27.593    31.3516     5.9318          0          0  0.000e+00
  1024.8154     27.354     27.580    31.3623     5.9300          0          0  0.000e+00
  1024.8197     27.395     27.621    31.3683     5.9351          0          0  0.000e+00
  1024.8196     27.499     27.725    31.3691     5.9459          0          0  0.000e+00
  1024.8078     27.641     27.869    31.3555     5.9603          0          0  0.000e+00
  1024.8027     27.819     28.048    31.3495     5.9701          0          0  0.000e+00
  1024.7914     28.018     28.249    31.3349     5.9756          0          0  0.000e+00
  1024.7827     28.231     28.464    31.3221     5.9726          0          0  0.000e+00
  1024.7903     28.455     28.690    31.3287     5.9609          0          0  0.000e+00
  1024.7994     28.687     28.924    31.3368     5.9479          0          0  0.000e+00
  1024.8078     28.916     29.155    31.3447     5.9387          0          0  0.000e+00
  1024.7946     29.094     29.334    31.3262     5.9336          0          0  0.000e+00
  1024.7698     29.178     29.419    31.2918     5.9175          0          0  0.000e+00
  1024.8123     29.124     29.364    31.3410     5.8843          0          0  0.000e+00
  1024.8447     28.976     29.215    31.3807     5.8694          0          0  0.000e+00
  1024.8389     28.781     29.019    31.3756     5.8769          0          0  0.000e+00
  1024.8424     28.554     28.790    31.3827     5.8864          0          0  0.000e+00
  1024.8384     28.307     28.541    31.3813     5.9003          0          0  0.000e+00
  1024.8289     28.059     28.291    31.3730     5.9153          0          0  0.000e+00
  1024.8194     27.836     28.065    31.3642     5.9279          0          0  0.000e+00
  1024.8129     27.655     27.884    31.3583     5.9366          0          0  0.000e+00
  1024.8107     27.530     27.758    31.3571     5.9426          0          0  0.000e+00
  1024.8075     27.467     27.693    31.3545     5.9490          0          0  0.000e+00
  1024.8017     27.455     27.682    31.3480     5.9542          0          0  0.000e+00
  1024.8020     27.490     27.717    31.3485     5.9571          0          0  0.000e+00
  1024.8045     27.572     27.799    31.3518     5.9605          0          0  0.000e+00
  1024.7995     27.673     27.902    31.3455     5.9655          0          0  0.000e+00
  1024.8081     27.803     28.032    31.3563     5.9694          0          0  0.000e+00
  1024.8015     27.942     28.172    31.3486     5.9787          0          0  0.000e+00
  1024.7949     28.081     28.312    31.3405     5.9861          0          0  0.000e+00
  1024.7744     28.209     28.442    31.3140     5.9880          0          0  0.000e+00
  1024.7636     28.321     28.555    31.2976     5.9746          0          0  0.000e+00
  1024.6936     28.410     28.645    31.2037     5.9431          0          0  0.000e+00
  1024.7131     28.480     28.715    31.2165     5.8667          0          0  0.000e+00
  1024.7786     28.533     28.769    31.2870     5.7843          0          0  0.000e+00
  1024.8655     28.573     28.809    31.3894     5.7356          0          0  0.000e+00
  1024.8728     28.601     28.837    31.3982     5.7331          0          0  0.000e+00
  1024.8510     28.618     28.854    31.3724     5.7453          0          0  0.000e+00
  1024.8510     28.626     28.863    31.3725     5.7466          0          0  0.000e+00
  1024.8574     28.630     28.866    31.3805     5.7461          0          0  0.000e+00
  1024.8565     28.626     28.863    31.3800     5.7511          0          0  0.000e+00
  1024.8587     28.610     28.846    31.3837     5.7562          0          0  0.000e+00
  1024.8675     28.582     28.818    31.3962     5.7647          0          0  0.000e+00
  1024.8499     28.534     28.770    31.3763     5.7782          0          0  0.000e+00
  1024.8499     28.471     28.706    31.3777     5.7850          0          0  0.000e+00
  1024.8452     28.393     28.628    31.3729     5.7900          0          0  0.000e+00
  1024.8408     28.307     28.541    31.3684     5.7938          0          0  0.000e+00
  1024.8422     28.222     28.454    31.3711     5.7960          0          0  0.000e+00
  1024.8395     28.145     28.378    31.3684     5.7985          0          0  0.000e+00
  1024.8312     28.083     28.314    31.3585     5.7997          0          0  0.000e+00
  1024.8287     28.035     28.266    31.3551     5.7963          0          0  0.000e+00
  1024.8213     28.010     28.241    31.3450     5.7906          0          0  0.000e+00
  1024.8188     28.001     28.232    31.3402     5.7792          0          0  0.000e+00
  1024.8191     28.010     28.241    31.3381     5.7632          0          0  0.000e+00
  1024.8268     28.048     28.279    31.3451     5.7455          0          0  0.000e+00
  1024.8322     28.095     28.327    31.3493     5.7297          0          0  0.000e+00
  1024.8725     28.159     28.391    31.3981     5.7169          0          0  0.000e+00
  1024.9176     28.234     28.467    31.4563     5.7280          0          0  0.000e+00
  1024.8921     28.316     28.550    31.4299     5.7702          0          0  0.000e+00
  1024.8341     28.400     28.634    31.3611     5.8050          0          0  0.000e+00
  1024.8070     28.488     28.723    31.3266     5.8076          0          0  0.000e+00
  1024.8097     28.577     28.813    31.3268     5.7893          0          0  0.000e+00
  1024.8270     28.651     28.887    31.3452     5.7685          0          0  0.000e+00
  1024.8465     28.722     28.959    31.3676     5.7563          0          0  0.000e+00
  1024.8532     28.781     29.019    31.3756     5.7549          0          0  0.000e+00
  1024.8497     28.826     29.064    31.3714     5.7582          0          0  0.000e+00
  1024.8468     28.851     29.089    31.3678     5.7601          0          0  0.000e+00
  1024.8500     28.859     29.097    31.3719     5.7607          0          0  0.000e+00
  1024.8497     28.842     29.080    31.3718     5.7625          0          0  0.000e+00
  1024.8460     28.805     29.042    31.3677     5.7645          0          0  0.000e+00
  1024.8466     28.745     28.983    31.3689     5.7650          0          0  0.000e+00
  1024.8492     28.669     28.906    31.3728     5.7656          0          0  0.000e+00
  1024.8481     28.584     28.820    31.3722     5.7680          0          0  0.000e+00
  1024.8455     28.495     28.730    31.3699     5.7706          0          0  0.000e+00
  1024.8433     28.413     28.648    31.3677     5.7720          0          0  0.000e+00
  1024.8398     28.338     28.572    31.3638     5.7723          0          0  0.000e+00
  1024.8378     28.279     28.512    31.3614     5.7709          0          0  0.000e+00
  1024.8419     28.233     28.466    31.3665     5.7683          0          0  0.000e+00
  1024.8507     28.209     28.442    31.3776     5.7676          0          0  0.000e+00
  1024.8618     28.204     28.436    31.3926     5.7729          0          0  0.000e+00
  1024.8629     28.218     28.451    31.3958     5.7863          0          0  0.000e+00
  1024.8486     28.248     28.481    31.3799     5.8023          0          0  0.000e+00
  1024.8435     28.292     28.525    31.3747     5.8122          0          0  0.000e+00
  1024.8455     28.349     28.583    31.3780     5.8193          0          0  0.000e+00
  1024.8409     28.410     28.645    31.3730     5.8275          0          0  0.000e+00
  1024.8292     28.476     28.711    31.3586     5.8335          0          0  0.000e+00
  1024.8192     28.545     28.781    31.3453     5.8320          0          0  0.000e+00
  1024.8259     28.629     28.865    31.3521     5.8234          0          0  0.000e+00
  1024.8311     28.712     28.949    31.3572     5.8165          0          0  0.000e+00
  1024.8359     28.798     29.036    31.3620     5.8123          0          0  0.000e+00
  1024.8414     28.896     29.134    31.3683     5.8109          0          0  0.000e+00
  1024.8382     28.991     29.231    31.3638     5.8118          0          0  0.000e+00
  1024.8337     29.086     29.326    31.3574     5.8115          0          0  0.000e+00
  1024.8385     29.176     29.417    31.3625     5.8081          0          0  0.000e+00
  1024.8424     29.235     29.476    31.3668     5.8063          0          0  0.000e+00
  1024.8404     29.269     29.511    31.3641     5.8066          0          0  0.000e+00
  1024.8422     29.255     29.497    31.3664     5.8061          0          0  0.000e+00
  1024.8473     29.185     29.426    31.3734     5.8068          0          0  0.000e+00
  1024.8467     29.064     29.304    31.3739     5.8105          0          0  0.000e+00
  1024.8450     28.899     29.138    31.3734     5.8153          0          0  0.000e+00
  1024.8450     28.706     28.943    31.3753     5.8202          0          0  0.000e+00
  1024.8417     28.508     28.743    31.3732     5.8262          0          0  0.000e+00
  1024.8365     28.326     28.559    31.3686     5.8318          0          0  0.000e+00
  1024.8320     28.179     28.412    31.3642     5.8353          0          0  0.000e+00
  1024.8272     28.081     28.312    31.3589     5.8368          0          0  0.000e+00
  1024.8291     28.039     28.271    31.3614     5.8357          0          0  0.000e+00
  1024.8399     28.053     28.285    31.3750     5.8355          0          0  0.000e+00
  1024.8488     28.112     28.344    31.3870     5.8424          0          0  0.000e+00
  1024.8460     28.213     28.446    31.3850     5.8569          0          0  0.000e+00
  1024.8314     28.335     28.569    31.3682     5.8732          0          0  0.000e+00
  1024.8405     28.474     28.709    31.3805     5.8838          0          0  0.000e+00
  1024.8143     28.615     28.851    31.3487     5.8992          0          0  0.000e+00
  1024.8098     28.745     28.983    31.3425     5.9005          0          0  0.000e+00
  1024.8162     28.846     29.084    31.3492     5.8946          0          0  0.000e+00
  1024.8191     28.910     29.148    31.3519     5.8908          0          0  0.000e+00
  1024.8216     28.943     29.181    31.3545     5.8885          0          0  0.000e+00
