data/eDNA/PER-2022-473/473A028.cnv
* Sea-Bird SBE19plus  Data File:
* FileName = C:\Users\RSG_field\Ryan_Perley2022473\CTD\473A028.hex
* Software version 2.3.0 SB_Terminal.dll
* Temperature SN = 7141
* Conductivity SN = 7141
* System UpLoad Time = Aug 16 2022 16:44:53
* <ApplicationData>
* <SeatermAF>
** Platform: M. Perley
** Cruise: Per2022473
** Station:  SAB_Trans_13
** Cast: 01 473A028
** Latitude: N  46 08.6786
** Longitude: W 58 56.3792
** Sounding: 104.8
** Chief Scientist: Ryan Stanley
** Comment: Bottles 493921-43926 - sounding based on plumb line cast 47
# nquan = 8
# nvalues = 4144                                  
# units = specified
# name 0 = density00: Density [density, kg/m^3]
# name 1 = depSM: Depth [salt water, m], lat = 45.00
# name 2 = prdM: Pressure, Strain Gauge [db]
# name 3 = sal00: Salinity, Practical [PSU]
# name 4 = tv290C: Temperature [ITS-90, deg C]
# name 5 = bpos: Bottle Position in Carousel
# name 6 = nbf: Bottles Fired
# name 7 = flag:  0.000e+00
# span 0 =   998.5555,  1027.0802                 
# span 1 =     -0.041,    110.136                 
# span 2 =     -0.041,    111.067                 
# span 3 =     0.1567,    33.5927                 
# span 4 =     1.9692,    20.4120                 
# span 5 =          0,          6                 
# span 6 =          0,          2                 
# span 7 = 0.0000e+00, 0.0000e+00                 
# interval = seconds: 0.25
# start_time = Aug 16 2022 16:23:35 [Instrument's time stamp, header]
# bad_flag = -9.990e-29
*END*
[from data line 1978]
  1027.0766    109.664    110.591    33.5815     4.8867          0          0  0.000e+00
  1027.0740    109.610    110.536    33.5786     4.8867          0          0  0.000e+00
  1027.0750    109.547    110.473    33.5801     4.8861          0          0  0.000e+00
  1027.0753    109.479    110.405    33.5809     4.8858          0          0  0.000e+00
  1027.0752    109.411    110.336    33.5811     4.8861          0          0  0.000e+00
  1027.0747    109.350    110.274    33.5809     4.8864          0          0  0.000e+00
  1027.0747    109.300    110.224    33.5812     4.8865          0          0  0.000e+00
  1027.0743    109.263    110.187    33.5810     4.8867          0          0  0.000e+00
  1027.0726    109.242    110.165    33.5791     4.8869          0          0  0.000e+00
  1027.0737    109.235    110.159    33.5803     4.8865          0          0  0.000e+00
  1027.0748    109.242    110.165    33.5817     4.8861          0          0  0.000e+00
  1027.0749    109.264    110.188    33.5816     4.8861          0          0  0.000e+00
  1027.0752    109.286    110.210    33.5820     4.8861          0          0  0.000e+00
  1027.0754    109.313    110.237    33.5820     4.8862          0          0  0.000e+00
  1027.0758    109.337    110.261    33.5824     4.8863          0          0  0.000e+00
  1027.0763    109.357    110.282    33.5829     4.8865          0          0  0.000e+00
  1027.0760    109.369    110.294    33.5825     4.8866          0          0  0.000e+00
  1027.0766    109.380    110.304    33.5833     4.8870          0          0  0.000e+00
  1027.0761    109.382    110.306    33.5827     4.8874          0          0  0.000e+00
  1027.0756    109.382    110.306    33.5821     4.8875          0          0  0.000e+00
  1027.0757    109.381    110.305    33.5822     4.8876          0          0  0.000e+00
  1027.0755    109.386    110.311    33.5820     4.8876          0          0  0.000e+00
  1027.0747    109.391    110.316    33.5809     4.8875          0          0  0.000e+00
  1027.0743    109.399    110.324    33.5802     4.8870          0          0  0.000e+00
  1027.0738    109.407    110.332    33.5795     4.8866          0          0  0.000e+00
  1027.0735    109.424    110.349    33.5789     4.8858          0          0  0.000e+00
  1027.0739    109.439    110.364    33.5793     4.8852          0          0  0.000e+00
  1027.0742    109.456    110.381    33.5794     4.8844          0          0  0.000e+00
  1027.0744    109.466    110.391    33.5795     4.8839          0          0  0.000e+00
  1027.0743    109.473    110.398    33.5793     4.8835          0          0  0.000e+00
  1027.0747    109.473    110.398    33.5798     4.8829          0          0  0.000e+00
  1027.0752    109.462    110.388    33.5804     4.8829          0          0  0.000e+00
  1027.0753    109.443    110.369    33.5807     4.8828          0          0  0.000e+00
  1027.0756    109.415    110.340    33.5812     4.8831          0          0  0.000e+00
  1027.0751    109.379    110.303    33.5808     4.8835          0          0  0.000e+00
  1027.0755    109.338    110.263    33.5817     4.8841          0          0  0.000e+00
  1027.0741    109.297    110.221    33.5803     4.8848          0          0  0.000e+00
  1027.0734    109.257    110.180    33.5797     4.8851          0          0  0.000e+00
  1027.0729    109.221    110.144    33.5793     4.8851          0          0  0.000e+00
  1027.0729    109.198    110.122    33.5793     4.8849          0          0  0.000e+00
  1027.0725    109.191    110.114    33.5789     4.8848          0          0  0.000e+00
  1027.0726    109.201    110.124    33.5789     4.8843          0          0  0.000e+00
  1027.0727    109.220    110.143    33.5788     4.8838          0          0  0.000e+00
  1027.0728    109.254    110.177    33.5787     4.8832          0          0  0.000e+00
  1027.0734    109.293    110.217    33.5791     4.8825          0          0  0.000e+00
  1027.0748    109.338    110.263    33.5805     4.8822          0          0  0.000e+00
  1027.0759    109.390    110.315    33.5816     4.8821          0          0  0.000e+00
  1027.0759    109.443    110.369    33.5813     4.8825          0          0  0.000e+00
  1027.0756    109.494    110.420    33.5807     4.8829          0          0  0.000e+00
  1027.0759    109.544    110.470    33.5809     4.8832          0          0  0.000e+00
  1027.0766    109.592    110.518    33.5814     4.8832          0          0  0.000e+00
  1027.0770    109.636    110.563    33.5817     4.8834          0          0  0.000e+00
  1027.0786    109.671    110.599    33.5835     4.8838          0          0  0.000e+00
  1027.0779    109.697    110.624    33.5827     4.8847          0          0  0.000e+00
  1027.0774    109.707    110.634    33.5820     4.8853          0          0  0.000e+00
  1027.0770    109.698    110.625    33.5817     4.8855          0          0  0.000e+00
  1027.0765    109.670    110.598    33.5812     4.8856          0          0  0.000e+00
  1027.0761    109.621    110.547    33.5811     4.8856          0          0  0.000e+00
  1027.0753    109.550    110.476    33.5804     4.8858          0          0  0.000e+00
  1027.0753    109.465    110.390    33.5809     4.8857          0          0  0.000e+00
  1027.0749    109.376    110.300    33.5810     4.8857          0          0  0.000e+00
  1027.0744    109.286    110.209    33.5809     4.8860          0          0  0.000e+00
  1027.0737    109.203    110.126    33.5805     4.8862          0          0  0.000e+00
  1027.0730    109.129    110.051    33.5801     4.8861          0          0  0.000e+00
  1027.0727    109.075    109.997    33.5800     4.8860          0          0  0.000e+00
  1027.0726    109.037    109.959    33.5801     4.8857          0          0  0.000e+00
  1027.0720    109.011    109.932    33.5794     4.8856          0          0  0.000e+00
  1027.0726    109.003    109.924    33.5802     4.8851          0          0  0.000e+00
  1027.0731    109.006    109.927    33.5807     4.8847          0          0  0.000e+00
  1027.0732    109.015    109.937    33.5807     4.8846          0          0  0.000e+00
  1027.0734    109.034    109.956    33.5809     4.8845          0          0  0.000e+00
  1027.0738    109.059    109.981    33.5813     4.8843          0          0  0.000e+00
  1027.0734    109.086    110.008    33.5805     4.8844          0          0  0.000e+00
  1027.0730    109.118    110.040    33.5799     4.8843          0          0  0.000e+00
  1027.0734    109.151    110.074    33.5802     4.8841          0          0  0.000e+00
  1027.0747    109.185    110.108    33.5815     4.8838          0          0  0.000e+00
  1027.0755    109.220    110.143    33.5824     4.8839          0          0  0.000e+00
  1027.0755    109.257    110.181    33.5822     4.8844          0          0  0.000e+00
  1027.0758    109.293    110.217    33.5824     4.8848          0          0  0.000e+00
  1027.0759    109.331    110.255    33.5824     4.8851          0          0  0.000e+00
  1027.0759    109.369    110.294    33.5822     4.8855          0          0  0.000e+00
  1027.0757    109.401    110.326    33.5818     4.8858          0          0  0.000e+00
  1027.0757    109.431    110.356    33.5816     4.8858          0          0  0.000e+00
  1027.0753    109.453    110.379    33.5811     4.8859          0          0  0.000e+00
  1027.0759    109.468    110.394    33.5817     4.8857          0          0  0.000e+00
  1027.0760    109.469    110.395    33.5818     4.8857          0          0  0.000e+00
  1027.0759    109.454    110.380    33.5817     4.8857          0          0  0.000e+00
  1027.0762    109.424    110.349    33.5824     4.8858          0          0  0.000e+00
  1027.0763    109.379    110.304    33.5828     4.8861          0          0  0.000e+00
  1027.0748    109.322    110.246    33.5813     4.8869          0          0  0.000e+00
  1027.0743    109.254    110.178    33.5811     4.8869          0          0  0.000e+00
  1027.0742    109.180    110.103    33.5815     4.8870          0          0  0.000e+00
  1027.0742    109.103    110.026    33.5819     4.8871          0          0  0.000e+00
  1027.0735    109.030    109.952    33.5814     4.8874          0          0  0.000e+00
  1027.0727    108.960    109.881    33.5809     4.8875          0          0  0.000e+00
  1027.0723    108.899    109.819    33.5807     4.8875          0          0  0.000e+00
  1027.0720    108.851    109.771    33.5807     4.8873          0          0  0.000e+00
  1027.0716    108.824    109.743    33.5802     4.8871          0          0  0.000e+00
  1027.0717    108.818    109.738    33.5804     4.8865          0          0  0.000e+00
  1027.0725    108.832    109.752    33.5812     4.8861          0          0  0.000e+00
  1027.0730    108.872    109.793    33.5815     4.8857          0          0  0.000e+00
  1027.0737    108.930    109.850    33.5821     4.8857          0          0  0.000e+00
  1027.0739    109.002    109.923    33.5819     4.8858          0          0  0.000e+00
  1027.0746    109.092    110.014    33.5822     4.8857          0          0  0.000e+00
  1027.0751    109.184    110.107    33.5823     4.8858          0          0  0.000e+00
  1027.0756    109.272    110.196    33.5824     4.8860          0          0  0.000e+00
  1027.0755    109.345    110.270    33.5819     4.8861          0          0  0.000e+00
  1027.0757    109.400    110.325    33.5818     4.8861          0          0  0.000e+00
  1027.0758    109.432    110.357    33.5818     4.8862          0          0  0.000e+00
  1027.0763    109.443    110.368    33.5823     4.8860          0          0  0.000e+00
  1027.0764    109.422    110.347    33.5827     4.8862          0          0  0.000e+00
  1027.0764    109.376    110.301    33.5829     4.8865          0          0  0.000e+00
  1027.0759    109.316    110.240    33.5828     4.8869          0          0  0.000e+00
  1027.0757    109.242    110.166    33.5830     4.8873          0          0  0.000e+00
  1027.0748    109.163    110.086    33.5823     4.8876          0          0  0.000e+00
  1027.0742    109.090    110.012    33.5820     4.8879          0          0  0.000e+00
  1027.0740    109.026    109.948    33.5822     4.8879          0          0  0.000e+00
  1027.0740    108.982    109.903    33.5824     4.8881          0          0  0.000e+00
  1027.0733    108.950    109.871    33.5819     4.8883          0          0  0.000e+00
  1027.0731    108.939    109.860    33.5816     4.8883          0          0  0.000e+00
  1027.0725    108.938    109.859    33.5809     4.8882          0          0  0.000e+00
  1027.0726    108.955    109.876    33.5808     4.8878          0          0  0.000e+00
  1027.0736    108.986    109.907    33.5819     4.8872          0          0  0.000e+00
  1027.0732    109.020    109.941    33.5811     4.8870          0          0  0.000e+00
  1027.0721    109.052    109.973    33.5795     4.8867          0          0  0.000e+00
  1027.0728    109.087    110.009    33.5801     4.8860          0          0  0.000e+00
  1027.0733    109.113    110.035    33.5804     4.8853          0          0  0.000e+00
  1027.0735    109.129    110.052    33.5805     4.8849          0          0  0.000e+00
  1027.0736    109.140    110.062    33.5805     4.8844          0          0  0.000e+00
  1027.0734    109.132    110.055    33.5803     4.8842          0          0  0.000e+00
  1027.0741    109.112    110.034    33.5812     4.8840          0          0  0.000e+00
  1027.0761    109.081    110.003    33.5840     4.8842          0          0  0.000e+00
  1027.0754    109.043    109.965    33.5835     4.8851          0          0  0.000e+00
  1027.0739    108.998    109.919    33.5819     4.8862          0          0  0.000e+00
  1027.0723    108.951    109.872    33.5803     4.8867          0          0  0.000e+00
  1027.0720    108.903    109.824    33.5802     4.8866          0          0  0.000e+00
  1027.0721    108.864    109.784    33.5805     4.8862          0          0  0.000e+00
  1027.0719    108.834    109.754    33.5804     4.8860          0          0  0.000e+00
  1027.0707    108.814    109.734    33.5790     4.8858          0          0  0.000e+00
  1027.0691    108.805    109.724    33.5770     4.8853          0          0  0.000e+00
  1027.0696    108.812    109.732    33.5773     4.8841          0          0  0.000e+00
  1027.0688    108.830    109.750    33.5761     4.8828          0          0  0.000e+00
  1027.0682    108.861    109.781    33.5749     4.8815          0          0  0.000e+00
  1027.0687    108.901    109.822    33.5751     4.8797          1          1  0.000e+00
  1027.0705    108.951    109.872    33.5769     4.8783          1          1  0.000e+00
  1027.0715    109.007    109.929    33.5776     4.8775          1          1  0.000e+00
  1027.0713    109.063    109.985    33.5770     4.8774          1          1  0.000e+00
  1027.0715    109.117    110.039    33.5769     4.8769          1          1  0.000e+00
  1027.0696    109.163    110.086    33.5742     4.8764          1          1  0.000e+00
  1027.0688    109.199    110.122    33.5728     4.8752          1          1  0.000e+00
  1027.0696    109.217    110.140    33.5735     4.8737          1          1  0.000e+00
  1027.0704    109.218    110.142    33.5743     4.8726          1          1  0.000e+00
  1027.0716    109.208    110.131    33.5757     4.8720          1          1  0.000e+00
  1027.0744    109.185    110.108    33.5794     4.8721          1          1  0.000e+00
  1027.0733    109.148    110.071    33.5784     4.8731          1          1  0.000e+00
  1027.0720    109.106    110.028    33.5772     4.8740          1          1  0.000e+00
  1027.0711    109.059    109.981    33.5764     4.8745          1          1  0.000e+00
  1027.0702    109.011    109.932    33.5755     4.8743          1          1  0.000e+00
  1027.0703    108.961    109.882    33.5759     4.8741          1          1  0.000e+00
  1027.0704    108.927    109.847    33.5763     4.8740          1          1  0.000e+00
  1027.0697    108.906    109.826    33.5755     4.8741          1          1  0.000e+00
  1027.0699    108.901    109.822    33.5757     4.8738          1          1  0.000e+00
  1027.0688    108.915    109.836    33.5743     4.8737          1          1  0.000e+00
  1027.0677    108.946    109.867    33.5726     4.8733          1          1  0.000e+00
  1027.0695    108.989    109.911    33.5744     4.8720          1          1  0.000e+00
  1027.0706    109.035    109.957    33.5754     4.8714          1          1  0.000e+00
  1027.0706    109.084    110.006    33.5752     4.8711          1          1  0.000e+00
  1027.0715    109.133    110.055    33.5759     4.8710          1          1  0.000e+00
  1027.0728    109.173    110.096    33.5774     4.8710          1          1  0.000e+00
  1027.0733    109.200    110.123    33.5779     4.8716          1          1  0.000e+00
  1027.0734    109.214    110.137    33.5780     4.8723          1          1  0.000e+00
  1027.0736    109.210    110.133    33.5785     4.8731          1          1  0.000e+00
  1027.0726    109.192    110.115    33.5774     4.8737          1          1  0.000e+00
  1027.0720    109.159    110.082    33.5768     4.8740          1          1  0.000e+00
  1027.0709    109.117    110.039    33.5758     4.8743          1          1  0.000e+00
  1027.0703    109.068    109.990    33.5753     4.8744          1          1  0.000e+00
  1027.0698    109.016    109.937    33.5749     4.8741          1          1  0.000e+00
  1027.0696    108.962    109.883    33.5750     4.8738          1          1  0.000e+00
  1027.0698    108.905    109.825    33.5756     4.8736          1          1  0.000e+00
