data/eDNA/PER-2022-473/473A011.cnv
* Sea-Bird SBE19plus  Data File:
* FileName = C:\Users\RSG_field\Ryan_Perley2022473\CTD\473A011.hex
* Software version 2.3.0 SB_Terminal.dll
* Temperature SN = 7141
* Conductivity SN = 7141
* System UpLoad Time = Aug 10 2022 14:03:41
* <ApplicationData>
* <SeatermAF>
** Platform: M. Perley
** Cruise: Per2022473
** Station:  ESI_14
** Cast: 01
** Latitude: N  44 36.4309
** Longitude: W 62 55.9254
** Sounding: 34.5
** Chief Scientist: Ryan Stanley
** Comment: CTD cast 29  - we had to tape broken spigot but it worked
** high bottom releif in the area
** SampleIDs - 493816-493821
# nquan = 8
# nvalues = 2051                                  
# units = specified
# name 0 = density00: Density [density, kg/m^3]
# name 1 = depSM: Depth [salt water, m], lat = 45.00
# name 2 = prdM: Pressure, Strain Gauge [db]
# name 3 = sal00: Salinity, Practical [PSU]
# name 4 = tv290C: Temperature [ITS-90, deg C]
# name 5 = bpos: Bottle Position in Carousel
# name 6 = nbf: Bottles Fired
# name 7 = flag:  0.000e+00
# span 0 =   999.0900,  1024.9664                 
# span 1 =     -0.073,     34.959                 
# span 2 =     -0.074,     35.248                 
# span 3 =     0.0082,    31.6796                 
# span 4 =     4.7486,    15.5344                 
# span 5 =          0,          6                 
# span 6 =          0,          2                 
# span 7 = 0.0000e+00, 0.0000e+00                 
# interval = seconds: 0.25
# start_time = Aug 10 2022 13:50:49 [Instrument's time stamp, header]
# bad_flag = -9.990e-29
*END*
[from data line 1259]
  1024.8415     33.238     33.512    31.2233     4.9718          1          1  0.000e+00
  1024.8434     33.309     33.584    31.2249     4.9684          1          1  0.000e+00
  1024.8462     33.356     33.632    31.2277     4.9652          1          1  0.000e+00
  1024.8491     33.373     33.649    31.2309     4.9627          1          1  0.000e+00
  1024.8516     33.370     33.646    31.2340     4.9619          1          1  0.000e+00
  1024.8527     33.342     33.617    31.2357     4.9628          1          1  0.000e+00
  1024.8529     33.286     33.562    31.2366     4.9654          1          1  0.000e+00
  1024.8492     33.207     33.481    31.2329     4.9690          1          1  0.000e+00
  1024.8471     33.112     33.385    31.2311     4.9715          1          1  0.000e+00
  1024.8464     33.008     33.280    31.2311     4.9735          1          1  0.000e+00
  1024.8455     32.902     33.174    31.2309     4.9757          1          1  0.000e+00
  1024.8439     32.801     33.072    31.2299     4.9785          1          1  0.000e+00
  1024.8418     32.709     32.979    31.2282     4.9811          1          1  0.000e+00
  1024.8397     32.640     32.910    31.2262     4.9834          1          1  0.000e+00
  1024.8376     32.590     32.859    31.2241     4.9854          1          1  0.000e+00
  1024.8326     32.572     32.841    31.2181     4.9869          1          1  0.000e+00
  1024.8313     32.583     32.852    31.2161     4.9852          1          1  0.000e+00
  1024.8349     32.620     32.889    31.2200     4.9815          1          1  0.000e+00
  1024.8384     32.683     32.953    31.2238     4.9796          1          1  0.000e+00
  1024.8399     32.766     33.037    31.2253     4.9801          1          1  0.000e+00
  1024.8380     32.859     33.131    31.2225     4.9818          1          1  0.000e+00
  1024.8359     32.960     33.232    31.2193     4.9826          1          1  0.000e+00
  1024.8374     33.058     33.331    31.2206     4.9812          1          1  0.000e+00
  1024.8393     33.143     33.417    31.2222     4.9796          1          1  0.000e+00
  1024.8405     33.213     33.488    31.2231     4.9788          1          1  0.000e+00
  1024.8411     33.263     33.538    31.2237     4.9785          1          1  0.000e+00
  1024.8407     33.294     33.569    31.2229     4.9786          1          1  0.000e+00
  1024.8409     33.309     33.584    31.2231     4.9781          1          1  0.000e+00
  1024.8431     33.309     33.584    31.2257     4.9773          1          1  0.000e+00
  1024.8438     33.294     33.569    31.2267     4.9776          1          1  0.000e+00
  1024.8447     33.266     33.541    31.2281     4.9787          1          1  0.000e+00
  1024.8426     33.230     33.505    31.2259     4.9806          1          1  0.000e+00
  1024.8412     33.191     33.465    31.2246     4.9817          1          1  0.000e+00
  1024.8412     33.146     33.420    31.2249     4.9822          1          1  0.000e+00
  1024.8411     33.095     33.368    31.2251     4.9829          1          1  0.000e+00
  1024.8402     33.042     33.315    31.2245     4.9836          1          1  0.000e+00
  1024.8393     32.985     33.258    31.2237     4.9840          1          1  0.000e+00
  1024.8392     32.928     33.200    31.2240     4.9844          1          1  0.000e+00
  1024.8388     32.867     33.138    31.2238     4.9847          1          1  0.000e+00
  1024.8382     32.806     33.077    31.2235     4.9851          1          1  0.000e+00
  1024.8371     32.751     33.022    31.2224     4.9853          1          1  0.000e+00
  1024.8362     32.708     32.978    31.2216     4.9852          1          1  0.000e+00
  1024.8366     32.672     32.942    31.2224     4.9851          1          1  0.000e+00
  1024.8363     32.652     32.921    31.2221     4.9859          1          1  0.000e+00
  1024.8359     32.652     32.921    31.2219     4.9873          1          1  0.000e+00
  1024.8347     32.672     32.942    31.2204     4.9889          1          1  0.000e+00
  1024.8334     32.718     32.989    31.2187     4.9902          1          1  0.000e+00
  1024.8335     32.777     33.048    31.2185     4.9906          1          1  0.000e+00
  1024.8340     32.858     33.130    31.2186     4.9906          1          1  0.000e+00
  1024.8321     32.958     33.230    31.2157     4.9907          1          1  0.000e+00
  1024.8333     33.057     33.330    31.2164     4.9891          1          1  0.000e+00
  1024.8348     33.163     33.437    31.2174     4.9869          1          1  0.000e+00
  1024.8263     33.264     33.539    31.2056     4.9836          1          1  0.000e+00
  1024.8328     33.348     33.624    31.2117     4.9717          1          1  0.000e+00
  1024.8445     33.412     33.688    31.2242     4.9578          1          1  0.000e+00
  1024.8522     33.454     33.731    31.2325     4.9494          1          1  0.000e+00
  1024.8568     33.468     33.745    31.2378     4.9456          1          1  0.000e+00
  1024.8595     33.456     33.733    31.2411     4.9447          1          1  0.000e+00
  1024.8624     33.413     33.689    31.2452     4.9461          1          1  0.000e+00
  1024.8640     33.347     33.623    31.2482     4.9508          1          1  0.000e+00
  1024.8565     33.262     33.537    31.2404     4.9594          1          1  0.000e+00
  1024.8510     33.167     33.441    31.2350     4.9662          1          1  0.000e+00
  1024.8479     33.063     33.336    31.2322     4.9699          1          1  0.000e+00
  1024.8461     32.958     33.230    31.2310     4.9727          1          1  0.000e+00
  1024.8447     32.862     33.133    31.2300     4.9750          1          1  0.000e+00
  1024.8426     32.774     33.044    31.2283     4.9773          1          1  0.000e+00
  1024.8403     32.696     32.966    31.2260     4.9794          1          1  0.000e+00
  1024.8381     32.637     32.906    31.2237     4.9804          1          1  0.000e+00
  1024.8368     32.594     32.864    31.2224     4.9806          1          1  0.000e+00
  1024.8405     32.575     32.845    31.2272     4.9803          1          1  0.000e+00
  1024.8401     32.578     32.848    31.2270     4.9830          1          1  0.000e+00
  1024.8369     32.601     32.870    31.2234     4.9874          1          1  0.000e+00
  1024.8348     32.641     32.911    31.2210     4.9908          1          1  0.000e+00
  1024.8318     32.704     32.974    31.2172     4.9933          1          1  0.000e+00
  1024.8314     32.777     33.048    31.2163     4.9939          1          1  0.000e+00
  1024.8329     32.864     33.135    31.2176     4.9938          1          1  0.000e+00
  1024.8329     32.961     33.234    31.2173     4.9947          1          1  0.000e+00
  1024.8307     33.052     33.326    31.2140     4.9961          1          1  0.000e+00
  1024.8303     33.139     33.413    31.2130     4.9954          1          1  0.000e+00
  1024.8313     33.217     33.491    31.2135     4.9929          1          1  0.000e+00
  1024.8331     33.271     33.546    31.2149     4.9897          1          1  0.000e+00
  1024.8359     33.311     33.586    31.2179     4.9865          1          1  0.000e+00
  1024.8366     33.334     33.610    31.2183     4.9846          1          1  0.000e+00
  1024.8377     33.342     33.617    31.2194     4.9827          1          1  0.000e+00
  1024.8413     33.332     33.608    31.2239     4.9815          1          1  0.000e+00
  1024.8441     33.306     33.581    31.2277     4.9822          1          1  0.000e+00
  1024.8424     33.263     33.538    31.2261     4.9851          1          1  0.000e+00
  1024.8397     33.206     33.481    31.2235     4.9883          1          1  0.000e+00
  1024.8380     33.139     33.413    31.2220     4.9905          1          1  0.000e+00
  1024.8369     33.067     33.341    31.2213     4.9921          1          1  0.000e+00
  1024.8359     32.992     33.265    31.2207     4.9937          1          1  0.000e+00
  1024.8352     32.912     33.184    31.2204     4.9949          1          1  0.000e+00
  1024.8336     32.836     33.108    31.2191     4.9961          1          1  0.000e+00
  1024.8327     32.762     33.033    31.2184     4.9966          1          1  0.000e+00
  1024.8315     32.699     32.970    31.2173     4.9966          1          1  0.000e+00
  1024.8294     32.647     32.917    31.2149     4.9962          1          1  0.000e+00
  1024.8297     32.612     32.882    31.2153     4.9946          1          1  0.000e+00
  1024.8310     32.599     32.868    31.2167     4.9927          1          1  0.000e+00
  1024.8320     32.609     32.879    31.2178     4.9915          1          1  0.000e+00
  1024.8303     32.643     32.913    31.2153     4.9908          1          1  0.000e+00
  1024.8318     32.697     32.968    31.2167     4.9893          1          1  0.000e+00
  1024.8350     32.770     33.041    31.2201     4.9878          1          1  0.000e+00
  1024.8339     32.863     33.134    31.2182     4.9885          1          1  0.000e+00
  1024.8309     32.958     33.230    31.2138     4.9884          1          1  0.000e+00
  1024.8305     33.048     33.321    31.2123     4.9852          1          1  0.000e+00
  1024.8339     33.130     33.404    31.2155     4.9798          1          1  0.000e+00
  1024.8386     33.194     33.469    31.2203     4.9748          1          1  0.000e+00
  1024.8416     33.242     33.517    31.2234     4.9717          1          1  0.000e+00
  1024.8424     33.262     33.537    31.2240     4.9699          1          1  0.000e+00
  1024.8425     33.267     33.542    31.2239     4.9677          1          1  0.000e+00
  1024.8487     33.256     33.531    31.2314     4.9650          1          1  0.000e+00
  1024.8517     33.230     33.504    31.2354     4.9660          1          1  0.000e+00
  1024.8483     33.192     33.467    31.2319     4.9700          1          1  0.000e+00
  1024.8446     33.153     33.427    31.2280     4.9735          1          1  0.000e+00
  1024.8427     33.110     33.383    31.2260     4.9751          1          1  0.000e+00
  1024.8425     33.062     33.335    31.2261     4.9757          1          1  0.000e+00
  1024.8418     33.015     33.288    31.2256     4.9763          1          1  0.000e+00
  1024.8416     32.968     33.240    31.2257     4.9766          1          1  0.000e+00
  1024.8412     32.923     33.195    31.2256     4.9771          1          1  0.000e+00
  1024.8399     32.875     33.147    31.2243     4.9777          1          1  0.000e+00
  1024.8370     32.830     33.101    31.2209     4.9777          1          1  0.000e+00
  1024.8377     32.789     33.060    31.2217     4.9758          1          1  0.000e+00
  1024.8371     32.755     33.025    31.2209     4.9735          1          1  0.000e+00
  1024.8393     32.736     33.006    31.2234     4.9701          1          1  0.000e+00
  1024.8408     32.726     32.996    31.2248     4.9672          1          1  0.000e+00
  1024.8422     32.727     32.998    31.2263     4.9647          1          1  0.000e+00
  1024.8428     32.750     33.021    31.2267     4.9625          1          1  0.000e+00
  1024.8439     32.784     33.055    31.2276     4.9609          1          1  0.000e+00
  1024.8463     32.831     33.102    31.2302     4.9595          1          1  0.000e+00
  1024.8469     32.884     33.156    31.2306     4.9593          1          1  0.000e+00
  1024.8455     32.942     33.215    31.2285     4.9596          1          1  0.000e+00
  1024.8447     33.001     33.273    31.2270     4.9583          1          1  0.000e+00
  1024.8470     33.056     33.329    31.2291     4.9556          1          1  0.000e+00
  1024.8487     33.103     33.377    31.2308     4.9533          1          1  0.000e+00
  1024.8488     33.149     33.423    31.2304     4.9514          1          1  0.000e+00
  1024.8509     33.179     33.453    31.2323     4.9479          1          1  0.000e+00
  1024.8542     33.194     33.468    31.2359     4.9443          1          1  0.000e+00
  1024.8569     33.200     33.474    31.2389     4.9422          1          1  0.000e+00
  1024.8602     33.191     33.466    31.2432     4.9419          1          1  0.000e+00
  1024.8610     33.167     33.441    31.2447     4.9445          1          1  0.000e+00
  1024.8579     33.133     33.407    31.2417     4.9495          1          1  0.000e+00
  1024.8539     33.091     33.364    31.2375     4.9537          1          1  0.000e+00
  1024.8508     33.037     33.310    31.2342     4.9561          1          1  0.000e+00
  1024.8502     32.984     33.256    31.2337     4.9564          1          1  0.000e+00
  1024.8503     32.921     33.193    31.2342     4.9559          1          1  0.000e+00
  1024.8505     32.858     33.129    31.2348     4.9553          1          1  0.000e+00
  1024.8502     32.797     33.068    31.2346     4.9548          1          1  0.000e+00
  1024.8493     32.740     33.010    31.2337     4.9541          1          1  0.000e+00
  1024.8494     32.690     32.960    31.2340     4.9527          1          1  0.000e+00
  1024.8497     32.650     32.920    31.2345     4.9512          1          1  0.000e+00
  1024.8507     32.624     32.894    31.2356     4.9500          1          1  0.000e+00
  1024.8512     32.619     32.889    31.2362     4.9492          1          1  0.000e+00
  1024.8522     32.637     32.907    31.2374     4.9491          1          1  0.000e+00
  1024.8514     32.679     32.949    31.2362     4.9499          1          1  0.000e+00
  1024.8513     32.742     33.013    31.2358     4.9505          1          1  0.000e+00
  1024.8604     32.827     33.098    31.2469     4.9516          1          1  0.000e+00
  1024.8577     32.931     33.203    31.2441     4.9602          1          1  0.000e+00
  1024.8447     33.040     33.313    31.2285     4.9712          1          1  0.000e+00
  1024.8341     33.153     33.427    31.2149     4.9745          1          1  0.000e+00
  1024.8397     33.259     33.534    31.2206     4.9691          1          1  0.000e+00
  1024.8475     33.347     33.623    31.2292     4.9638          1          1  0.000e+00
  1024.8457     33.413     33.689    31.2265     4.9641          1          1  0.000e+00
  1024.8440     33.450     33.727    31.2240     4.9632          1          1  0.000e+00
  1024.8501     33.454     33.731    31.2314     4.9603          1          1  0.000e+00
  1024.8536     33.419     33.696    31.2360     4.9603          1          1  0.000e+00
  1024.8525     33.352     33.627    31.2355     4.9639          1          1  0.000e+00
  1024.8498     33.248     33.523    31.2334     4.9688          1          1  0.000e+00
  1024.8460     33.119     33.393    31.2300     4.9735          1          1  0.000e+00
  1024.8432     32.975     33.248    31.2277     4.9771          1          1  0.000e+00
  1024.8414     32.818     33.090    31.2268     4.9799          1          1  0.000e+00
  1024.8386     32.668     32.938    31.2245     4.9824          1          1  0.000e+00
  1024.8369     32.527     32.796    31.2235     4.9843          1          1  0.000e+00
  1024.8342     32.407     32.675    31.2210     4.9858          1          1  0.000e+00
  1024.8334     32.318     32.585    31.2205     4.9862          1          1  0.000e+00
  1024.8309     32.259     32.525    31.2177     4.9863          1          1  0.000e+00
  1024.8325     32.244     32.510    31.2198     4.9856          1          1  0.000e+00
  1024.8329     32.266     32.533    31.2201     4.9856          1          1  0.000e+00
  1024.8358     32.316     32.583    31.2236     4.9870          1          1  0.000e+00
  1024.8342     32.401     32.668    31.2216     4.9901          1          1  0.000e+00
