data/eDNA/PER-2022-473/473A004.cnv
* Sea-Bird SBE19plus  Data File:
* FileName = C:\Users\RSG_field\Ryan_Perley2022473\CTD\473A004.hex
* Software version 2.3.0 SB_Terminal.dll
* Temperature SN = 7141
* Conductivity SN = 7141
* System UpLoad Time = Aug 08 2022 12:53:55
* <ApplicationData>
* <SeatermAF>
** Platform: M. Perley
** Cruise: Per2022473
** Station:  ESI-03
** Cast: 01
** Latitude: N  44 48.1630
** Longitude: W -62 08.6192
** Sounding: 69.2
** Chief Scientist: Ryan Stanley
** Comment: cast 22
# nquan = 8
# nvalues = 2464                                  
# units = specified
# name 0 = density00: Density [density, kg/m^3]
# name 1 = depSM: Depth [salt water, m], lat = 45.00
# name 2 = prdM: Pressure, Strain Gauge [db]
# name 3 = sal00: Salinity, Practical [PSU]
# name 4 = tv290C: Temperature [ITS-90, deg C]
# name 5 = bpos: Bottle Position in Carousel
# name 6 = nbf: Bottles Fired
# name 7 = flag:  0.000e+00
# span 0 =   999.1700,  1026.1351                 
# span 1 =     -0.105,     67.035                 
# span 2 =     -0.106,     67.595                 
# span 3 =     0.0312,    32.5932                 
# span 4 =     3.3851,    15.3395                 
# span 5 =          0,          6                 
# span 6 =          0,          2                 
# span 7 = 0.0000e+00, 0.0000e+00                 
# interval = seconds: 0.25
# start_time = Aug 08 2022 12:39:49 [Instrument's time stamp, header]
# bad_flag = -9.990e-29
*END*
[from data line 2158]
  1024.6452     13.413     13.523    31.1091     5.0902          6          2  0.000e+00
  1024.6543     13.202     13.310    31.1261     5.1218          6          2  0.000e+00
  1024.6923     12.985     13.092    31.1811     5.1627          6          2  0.000e+00
  1024.6782     12.779     12.884    31.1737     5.2292          6          2  0.000e+00
  1024.6525     12.586     12.689    31.1517     5.2969          6          2  0.000e+00
  1024.6189     12.408     12.510    31.1187     5.3566          6          2  0.000e+00
  1024.5846     12.252     12.352    31.0825     5.4012          6          2  0.000e+00
  1024.5843     12.116     12.216    31.0868     5.4281          6          2  0.000e+00
  1024.5638     12.006     12.105    31.0652     5.4546          6          2  0.000e+00
  1024.5646     11.918     12.016    31.0695     5.4740          6          2  0.000e+00
  1024.5851     11.859     11.956    31.0986     5.4931          6          2  0.000e+00
  1024.5607     11.820     11.917    31.0726     5.5266          6          2  0.000e+00
  1024.5436     11.803     11.900    31.0549     5.5529          6          2  0.000e+00
  1024.5407     11.804     11.901    31.0537     5.5707          6          2  0.000e+00
  1024.5342     11.803     11.900    31.0482     5.5889          6          2  0.000e+00
  1024.5320     11.801     11.898    31.0480     5.6068          6          2  0.000e+00
  1024.5327     11.791     11.888    31.0518     5.6262          6          2  0.000e+00
  1024.5206     11.765     11.862    31.0400     5.6498          6          2  0.000e+00
  1024.5068     11.715     11.812    31.0256     5.6690          6          2  0.000e+00
  1024.4947     11.634     11.729    31.0125     5.6813          6          2  0.000e+00
  1024.4715     11.511     11.605    30.9846     5.6858          6          2  0.000e+00
  1024.4643     11.346     11.439    30.9750     5.6755          6          2  0.000e+00
  1024.4804     11.136     11.227    30.9938     5.6570          6          2  0.000e+00
  1024.4993     10.891     10.980    31.0176     5.6456          6          2  0.000e+00
  1024.5063     10.625     10.712    31.0282     5.6472          6          2  0.000e+00
  1024.5128     10.348     10.433    31.0395     5.6568          6          2  0.000e+00
  1024.5221     10.074     10.156    31.0554     5.6743          6          2  0.000e+00
  1024.5215      9.818      9.899    31.0602     5.7017          6          2  0.000e+00
  1024.5033      9.594      9.673    31.0430     5.7332          6          2  0.000e+00
  1024.5053      9.414      9.491    31.0506     5.7603          6          2  0.000e+00
  1024.5517      9.269      9.345    31.1142     5.7878          6          2  0.000e+00
  1024.4966      9.167      9.242    31.0528     5.8402          6          2  0.000e+00
  1024.5415      9.098      9.173    31.1168     5.8856          6          2  0.000e+00
  1024.4915      9.067      9.141    31.0614     5.9370          6          2  0.000e+00
  1024.5359      9.043      9.117    31.1241     5.9799          6          2  0.000e+00
  1024.6390      9.034      9.108    31.2644     6.0437          6          2  0.000e+00
  1024.6374      9.026      9.100    31.2822     6.1727          6          2  0.000e+00
  1024.5593      9.016      9.090    31.2051     6.3148          6          2  0.000e+00
  1024.5091      8.999      9.073    31.1590     6.4268          6          2  0.000e+00
  1024.5439      8.974      9.048    31.2168     6.5125          6          2  0.000e+00
  1024.4798      8.941      9.015    31.1514     6.6112          6          2  0.000e+00
  1024.3809      8.898      8.971    31.0387     6.6903          6          2  0.000e+00
  1024.3532      8.848      8.921    31.0076     6.7139          6          2  0.000e+00
  1024.3773      8.790      8.862    31.0393     6.7187          6          2  0.000e+00
  1024.3162      8.723      8.795    30.9638     6.7289          6          2  0.000e+00
  1024.2748      8.639      8.710    30.9085     6.7093          6          2  0.000e+00
  1024.3616      8.544      8.614    31.0118     6.6628          6          2  0.000e+00
  1024.3524      8.427      8.497    30.9990     6.6515          6          2  0.000e+00
  1024.3750      8.292      8.360    31.0271     6.6420          6          2  0.000e+00
  1024.4390      8.125      8.192    31.1100     6.6469          6          2  0.000e+00
  1024.3976      7.934      8.000    31.0643     6.6824          6          2  0.000e+00
  1024.5908      7.709      7.772    31.3166     6.7172          6          2  0.000e+00
  1024.8569      7.451      7.512    31.6788     6.8559          6          2  0.000e+00
  1024.7945      7.169      7.228    31.6499     7.1479          6          2  0.000e+00
  1024.7601      6.861      6.917    31.6600     7.4512          6          2  0.000e+00
  1024.7107      6.544      6.597    31.6496     7.7394          6          2  0.000e+00
  1024.7677      6.242      6.293    31.7772     8.0342          6          2  0.000e+00
  1024.6662      5.960      6.009    31.7113     8.3691          6          2  0.000e+00
  1024.4898      5.726      5.773    31.5446     8.6703          6          2  0.000e+00
  1024.6389      5.561      5.607    31.7812     8.9039          6          2  0.000e+00
  1024.6896      5.475      5.520    31.9110     9.2300          6          2  0.000e+00
  1024.6274      5.477      5.522    31.9144     9.6391          6          2  0.000e+00
  1024.2642      5.570      5.615    31.5352    10.0555          6          2  0.000e+00
  1024.7422      5.731      5.778    32.2161    10.3755          6          2  0.000e+00
  1024.1441      5.944      5.993    31.5550    10.8685          6          2  0.000e+00
  1024.3301      6.170      6.220    31.8722    11.2209          6          2  0.000e+00
  1023.7529      6.377      6.430    31.2205    11.6234          6          2  0.000e+00
  1023.5497      6.535      6.589    30.9868    11.7484          6          2  0.000e+00
  1023.7205      6.624      6.679    31.2019    11.7289          6          2  0.000e+00
  1023.5408      6.633      6.687    30.9790    11.7667          6          2  0.000e+00
  1023.6589      6.562      6.616    31.1250    11.7381          6          2  0.000e+00
  1023.5742      6.405      6.457    31.0201    11.7521          6          2  0.000e+00
  1023.5367      6.154      6.204    30.9661    11.7216          6          2  0.000e+00
  1023.5135      5.831      5.879    30.9223    11.6538          6          2  0.000e+00
  1023.5046      5.456      5.501    30.8902    11.5547          6          2  0.000e+00
  1023.5331      5.058      5.099    30.9010    11.4315          6          2  0.000e+00
  1023.5699      4.661      4.699    30.9220    11.3049          6          2  0.000e+00
  1023.6781      4.296      4.331    31.0367    11.1874          6          2  0.000e+00
  1023.7166      3.969      4.002    31.0720    11.1150          6          2  0.000e+00
  1023.7906      3.704      3.734    31.1583    11.0687          6          2  0.000e+00
  1024.0162      3.492      3.521    31.4507    11.0731          6          2  0.000e+00
  1023.9826      3.336      3.364    31.4398    11.2121          6          2  0.000e+00
  1023.9117      3.228      3.255    31.3871    11.3788          6          2  0.000e+00
  1023.8647      3.154      3.180    31.3594    11.5195          6          2  0.000e+00
  1023.9015      3.113      3.138    31.4376    11.6514          6          2  0.000e+00
  1024.1142      3.100      3.125    31.7498    11.8143          6          2  0.000e+00
  1024.5276      3.116      3.141    32.3613    12.1443          6          2  0.000e+00
  1024.1269      3.161      3.187    31.9963    12.7646          6          2  0.000e+00
  1023.7103      3.231      3.258    31.5873    13.2799          6          2  0.000e+00
  1023.4542      3.345      3.372    31.3321    13.5794          6          2  0.000e+00
  1023.2497      3.488      3.516    31.1040    13.7244          6          2  0.000e+00
  1023.1475      3.645      3.675    30.9716    13.7278          6          2  0.000e+00
  1023.1602      3.790      3.821    30.9662    13.6468          6          2  0.000e+00
  1023.1824      3.894      3.926    30.9696    13.5507          6          2  0.000e+00
  1023.2593      3.949      3.981    31.0443    13.4554          6          2  0.000e+00
  1023.2968      3.955      3.988    31.0766    13.3916          6          2  0.000e+00
  1023.3336      3.899      3.931    31.1149    13.3541          6          2  0.000e+00
  1023.3938      3.777      3.808    31.1893    13.3377          6          2  0.000e+00
  1023.3933      3.596      3.625    31.1949    13.3580          6          2  0.000e+00
  1023.4311      3.370      3.398    31.2533    13.3897          6          2  0.000e+00
  1023.4974      3.102      3.127    31.3578    13.4565          6          2  0.000e+00
  1023.4313      2.791      2.814    31.3076    13.5865          6          2  0.000e+00
  1023.3657      2.459      2.479    31.2551    13.7048          6          2  0.000e+00
  1023.3268      2.108      2.125    31.2307    13.7966          6          2  0.000e+00
  1023.3156      1.741      1.755    31.2383    13.8728          6          2  0.000e+00
  1023.2870      1.365      1.376    31.2246    13.9533          6          2  0.000e+00
  1023.2256      0.996      1.004    31.1684    14.0338          6          2  0.000e+00
  1023.2358      0.663      0.668    31.1988    14.0915          6          2  0.000e+00
  1023.2352      0.393      0.396    31.2217    14.1747          6          2  0.000e+00
  1023.1852      0.185      0.186    31.1882    14.2881          6          2  0.000e+00
  1023.1715      0.025      0.025    31.2043    14.4106          6          2  0.000e+00
  1023.0509     -0.063     -0.064    31.0911    14.5693          6          2  0.000e+00
  1010.0400      0.028      0.028    14.1883    14.7237          6          2  0.000e+00
  1022.8249      0.273      0.275    30.8710    14.8460          6          2  0.000e+00
  1022.8762      0.597      0.602    30.9751    14.9890          6          2  0.000e+00
  1022.8067      0.963      0.971    30.9172    15.1139          6          2  0.000e+00
  1022.7462      1.304      1.315    30.8583    15.1922          6          2  0.000e+00
  1022.6908      1.597      1.610    30.7945    15.2277          6          2  0.000e+00
  1022.4017      1.826      1.841    30.3982    15.1589          6          2  0.000e+00
  1022.5787      1.936      1.952    30.5225    14.7759          6          2  0.000e+00
  1022.8680      1.966      1.982    30.7817    14.3452          6          2  0.000e+00
  1023.1940      1.967      1.983    31.1245    14.0446          6          2  0.000e+00
  1023.3769      1.949      1.965    31.3425    13.9720          6          2  0.000e+00
  1023.3679      1.877      1.892    31.3581    14.0733          6          2  0.000e+00
  1023.2081      1.776      1.791    31.1904    14.2197          6          2  0.000e+00
  1023.2075      1.683      1.697    31.2121    14.3016          6          2  0.000e+00
  1023.1529      1.599      1.612    31.1679    14.3994          6          2  0.000e+00
  1023.0554      1.522      1.534    31.0665    14.4910          6          2  0.000e+00
  1023.0287      1.421      1.433    31.0481    14.5488          6          2  0.000e+00
  1022.9898      1.295      1.305    31.0152    14.6115          6          2  0.000e+00
  1022.8765      1.149      1.158    30.8905    14.6908          6          2  0.000e+00
  1022.3317      0.973      0.981    30.2090    14.7828          6          2  0.000e+00
  1022.8491      0.790      0.797    30.8932    14.8233          6          2  0.000e+00
  1022.7920      0.638      0.643    30.8181    14.8166          6          2  0.000e+00
  1022.8704      0.528      0.533    30.9124    14.7869          6          2  0.000e+00
  1022.9064      0.462      0.465    30.9561    14.7741          6          2  0.000e+00
  1022.9601      0.434      0.438    31.0350    14.8068          6          2  0.000e+00
  1022.9156      0.430      0.433    31.0012    14.8947          6          2  0.000e+00
  1022.8691      0.466      0.470    30.9650    14.9830          6          2  0.000e+00
  1022.8119      0.545      0.550    30.9118    15.0613          6          2  0.000e+00
  1022.7741      0.664      0.670    30.8772    15.1164          6          2  0.000e+00
  1022.7277      0.790      0.797    30.8224    15.1388          6          2  0.000e+00
  1022.7287      0.857      0.864    30.8174    15.1173          6          2  0.000e+00
  1022.7561      0.898      0.906    30.8441    15.0860          6          2  0.000e+00
  1022.7740      0.942      0.950    30.8628    15.0705          6          2  0.000e+00
  1022.7747      0.977      0.985    30.8626    15.0673          6          2  0.000e+00
  1022.7760      0.982      0.990    30.8637    15.0654          6          2  0.000e+00
  1022.7782      0.941      0.949    30.8658    15.0617          6          2  0.000e+00
  1022.7826      0.860      0.867    30.8710    15.0580          6          2  0.000e+00
  1022.7700      0.750      0.756    30.8552    15.0581          6          2  0.000e+00
  1022.7605      0.583      0.587    30.8423    15.0522          6          2  0.000e+00
  1022.7643      0.362      0.365    30.8451    15.0398          6          2  0.000e+00
  1022.7701      0.089      0.089    30.8507    15.0271          6          2  0.000e+00
  1022.7337     -0.080     -0.081    30.8021    15.0190          6          2  0.000e+00
  1022.7359     -0.069     -0.070    30.8023    15.0096          6          2  0.000e+00
  1022.7675     -0.066     -0.067    30.8328    14.9712          6          2  0.000e+00
  1022.7849     -0.067     -0.068    30.8425    14.9243          6          2  0.000e+00
  1022.7283     -0.066     -0.067    30.7610    14.8950          6          2  0.000e+00
  1022.7686     -0.065     -0.066    30.7985    14.8409          6          2  0.000e+00
  1022.8101     -0.066     -0.067    30.8319    14.7659          6          2  0.000e+00
  1022.8198     -0.065     -0.066    30.8314    14.7174          6          2  0.000e+00
  1022.8380     -0.066     -0.067    30.8433    14.6744          6          2  0.000e+00
  1022.8526     -0.066     -0.067    30.8504    14.6307          6          2  0.000e+00
  1022.8534     -0.065     -0.066    30.8410    14.5925          6          2  0.000e+00
  1022.8640     -0.067     -0.068    30.8449    14.5557          6          2  0.000e+00
  1004.8219     -0.066     -0.067     7.3371    14.5189          6          2  0.000e+00
  1006.0832     -0.066     -0.067     8.9742    14.4862          6          2  0.000e+00
  1003.9975     -0.065     -0.066     6.2527    14.4687          6          2  0.000e+00
  1002.2571     -0.065     -0.066     3.9862    14.4602          6          2  0.000e+00
  1001.4931     -0.067     -0.068     2.9917    14.4516          6          2  0.000e+00
  1001.0577     -0.066     -0.067     2.4246    14.4414          6          2  0.000e+00
  1000.8081     -0.066     -0.067     2.0984    14.4290          6          2  0.000e+00
  1001.8673     -0.064     -0.064     3.4706    14.4149          6          2  0.000e+00
  1001.4138     -0.065     -0.066     2.8787    14.3997          6          2  0.000e+00
  1001.1212     -0.067     -0.068     2.4957    14.3828          6          2  0.000e+00
  1001.7447     -0.065     -0.066     3.3015    14.3647          6          2  0.000e+00
  1001.3487     -0.065     -0.066     2.7838    14.3464          6          2  0.000e+00
  1001.0522     -0.065     -0.066     2.3955    14.3272          6          2  0.000e+00
  1000.8129     -0.065     -0.066     2.0812    14.3070          6          2  0.000e+00
