data/eDNA/PER-2022-473/473A019.cnv
* Sea-Bird SBE19plus  Data File:
* FileName = C:\Users\RSG_field\Ryan_Perley2022473\CTD\473A019.hex
* Software version 2.3.0 SB_Terminal.dll
* Temperature SN = 7141
* Conductivity SN = 7141
* System UpLoad Time = Aug 14 2022 13:34:44
* <ApplicationData>
* <SeatermAF>
** Platform: M. Perley
** Cruise: Per2022473
** Station:  SAB_Trans_02
** Cast: 01
** Latitude: N  45 59.8379
** Longitude: W 59 12.4093
** Sounding: 34.8
** Chief Scientist: Ryan Stanley
** Comment: CastID 473A018 SampleID 493866-493871
** CAST 37 - note that the depth changed while rosette was stationary at 34 m - dropped to 40 on the sounder
# nquan = 8
# nvalues = 1959                                  
# units = specified
# name 0 = density00: Density [density, kg/m^3]
# name 1 = depSM: Depth [salt water, m], lat = 45.00
# name 2 = prdM: Pressure, Strain Gauge [db]
# name 3 = sal00: Salinity, Practical [PSU]
# name 4 = tv290C: Temperature [ITS-90, deg C]
# name 5 = bpos: Bottle Position in Carousel
# name 6 = nbf: Bottles Fired
# name 7 = flag:  0.000e+00
# span 0 =   998.6184,  1025.1613                 
# span 1 =     -0.107,     32.202                 
# span 2 =     -0.108,     32.468                 
# span 3 =     0.4216,    31.6115                 
# span 4 =     4.0609,    19.5894                 
# span 5 =          0,          6                 
# span 6 =          0,          2                 
# span 7 = 0.0000e+00, 0.0000e+00                 
# interval = seconds: 0.25
# start_time = Aug 14 2022 13:22:42 [Instrument's time stamp, header]
# bad_flag = -9.990e-29
*END*
[from data line 720]
  1025.1047     31.671     31.933    31.4502     4.0846          0          0  0.000e+00
  1025.1038     31.721     31.983    31.4491     4.0870          0          0  0.000e+00
  1025.1033     31.769     32.032    31.4482     4.0883          0          0  0.000e+00
  1025.0991     31.815     32.078    31.4428     4.0895          0          0  0.000e+00
  1025.0981     31.855     32.118    31.4413     4.0888          0          0  0.000e+00
  1025.0993     31.885     32.148    31.4425     4.0871          0          0  0.000e+00
  1025.1004     31.899     32.162    31.4437     4.0862          0          0  0.000e+00
  1025.1037     31.890     32.154    31.4478     4.0860          0          0  0.000e+00
  1025.1110     31.861     32.124    31.4575     4.0879          0          0  0.000e+00
  1025.1206     31.803     32.066    31.4707     4.0950          0          0  0.000e+00
  1025.1135     31.722     31.984    31.4638     4.1071          0          0  0.000e+00
  1025.1093     31.620     31.881    31.4604     4.1178          0          0  0.000e+00
  1025.1061     31.500     31.760    31.4582     4.1271          0          0  0.000e+00
  1025.1031     31.373     31.632    31.4562     4.1358          0          0  0.000e+00
  1025.0941     31.249     31.507    31.4466     4.1433          0          0  0.000e+00
  1025.0871     31.137     31.394    31.4388     4.1464          0          0  0.000e+00
  1025.0818     31.039     31.295    31.4327     4.1461          0          0  0.000e+00
  1025.0796     30.966     31.222    31.4300     4.1433          0          0  0.000e+00
  1025.0811     30.924     31.179    31.4316     4.1389          0          0  0.000e+00
  1025.0848     30.919     31.175    31.4358     4.1353          0          0  0.000e+00
  1025.0919     30.954     31.210    31.4443     4.1340          0          0  0.000e+00
  1025.0886     31.026     31.283    31.4400     4.1359          0          0  0.000e+00
  1025.0965     31.120     31.377    31.4496     4.1370          0          0  0.000e+00
  1025.0981     31.246     31.504    31.4514     4.1416          0          0  0.000e+00
  1025.0844     31.393     31.652    31.4341     4.1484          0          0  0.000e+00
  1025.0773     31.547     31.807    31.4241     4.1478          0          0  0.000e+00
  1025.0692     31.701     31.962    31.4123     4.1416          0          0  0.000e+00
  1025.0721     31.834     32.097    31.4138     4.1300          0          0  0.000e+00
  1025.0798     31.937     32.201    31.4214     4.1182          0          0  0.000e+00
  1025.0796     31.995     32.260    31.4197     4.1093          0          0  0.000e+00
  1025.0898     32.014     32.279    31.4313     4.1007          0          0  0.000e+00
  1025.1061     31.975     32.239    31.4516     4.0967          0          0  0.000e+00
  1025.1114     31.891     32.155    31.4595     4.1022          0          0  0.000e+00
  1025.1129     31.765     32.028    31.4634     4.1124          0          0  0.000e+00
  1025.1130     31.611     31.873    31.4659     4.1250          0          0  0.000e+00
  1025.1101     31.441     31.701    31.4651     4.1397          0          0  0.000e+00
  1025.1033     31.270     31.528    31.4594     4.1550          0          0  0.000e+00
  1025.0925     31.106     31.363    31.4484     4.1681          0          0  0.000e+00
  1025.0813     30.963     31.219    31.4362     4.1767          0          0  0.000e+00
  1025.0732     30.849     31.104    31.4270     4.1788          0          0  0.000e+00
  1025.0670     30.773     31.027    31.4194     4.1764          0          0  0.000e+00
  1025.0704     30.741     30.995    31.4232     4.1711          0          0  0.000e+00
  1025.0739     30.749     31.003    31.4269     4.1660          0          0  0.000e+00
  1025.0863     30.800     31.054    31.4419     4.1638          0          0  0.000e+00
  1025.0925     30.880     31.135    31.4497     4.1676          0          0  0.000e+00
  1025.1047     30.984     31.240    31.4656     4.1761          0          0  0.000e+00
  1025.1015     31.114     31.371    31.4629     4.1939          0          0  0.000e+00
  1025.0729     31.248     31.506    31.4282     4.2115          0          0  0.000e+00
  1025.0581     31.387     31.646    31.4091     4.2142          0          0  0.000e+00
  1025.0539     31.511     31.771    31.4021     4.2062          0          0  0.000e+00
  1025.0533     31.614     31.875    31.3993     4.1935          0          0  0.000e+00
  1025.0573     31.695     31.957    31.4018     4.1782          0          0  0.000e+00
  1025.0659     31.746     32.008    31.4105     4.1629          0          0  0.000e+00
  1025.0671     31.767     32.030    31.4104     4.1511          0          0  0.000e+00
  1025.0802     31.758     32.020    31.4258     4.1409          0          0  0.000e+00
  1025.1098     31.725     31.987    31.4629     4.1379          0          0  0.000e+00
  1025.1114     31.672     31.934    31.4668     4.1508          0          0  0.000e+00
  1025.1010     31.598     31.859    31.4563     4.1687          0          0  0.000e+00
  1025.1006     31.509     31.769    31.4581     4.1827          0          0  0.000e+00
  1025.1015     31.412     31.672    31.4616     4.1974          0          0  0.000e+00
  1025.0947     31.307     31.566    31.4558     4.2146          0          0  0.000e+00
  1025.0881     31.206     31.463    31.4501     4.2304          0          0  0.000e+00
  1025.0754     31.104     31.361    31.4362     4.2431          0          0  0.000e+00
  1025.0619     31.008     31.264    31.4207     4.2499          0          0  0.000e+00
  1025.0598     30.926     31.181    31.4185     4.2499          0          0  0.000e+00
  1025.0599     30.859     31.114    31.4187     4.2476          0          0  0.000e+00
  1025.0590     30.814     31.069    31.4175     4.2448          0          0  0.000e+00
  1025.0748     30.798     31.053    31.4372     4.2425          0          0  0.000e+00
  1025.0879     30.810     31.065    31.4544     4.2487          0          0  0.000e+00
  1025.0811     30.855     31.109    31.4476     4.2646          0          0  0.000e+00
  1025.0610     30.925     31.180    31.4236     4.2789          0          0  0.000e+00
  1025.0667     31.021     31.277    31.4308     4.2841          0          0  0.000e+00
  1025.0517     31.139     31.396    31.4120     4.2892          0          0  0.000e+00
  1025.0406     31.284     31.542    31.3970     4.2880          0          0  0.000e+00
  1025.0289     31.431     31.691    31.3801     4.2780          0          0  0.000e+00
  1025.0213     31.580     31.841    31.3671     4.2582          0          0  0.000e+00
  1025.0271     31.715     31.977    31.3702     4.2311          0          0  0.000e+00
  1025.0238     31.826     32.089    31.3618     4.2020          0          0  0.000e+00
  1025.0439     31.903     32.167    31.3827     4.1693          0          0  0.000e+00
  1025.0578     31.943     32.207    31.3968     4.1440          0          0  0.000e+00
  1025.0847     31.938     32.202    31.4288     4.1275          0          0  0.000e+00
  1025.1204     31.883     32.146    31.4739     4.1267          0          0  0.000e+00
  1025.1054     31.782     32.045    31.4578     4.1450          0          0  0.000e+00
  1025.1084     31.642     31.904    31.4645     4.1615          0          0  0.000e+00
  1025.1158     31.472     31.732    31.4771     4.1800          0          0  0.000e+00
  1025.1031     31.284     31.542    31.4654     4.2053          0          0  0.000e+00
  1025.0840     31.090     31.347    31.4451     4.2270          0          0  0.000e+00
  1025.0714     30.900     31.155    31.4321     4.2401          0          0  0.000e+00
  1025.0635     30.727     30.981    31.4240     4.2468          0          0  0.000e+00
  1025.0627     30.583     30.836    31.4241     4.2496          0          0  0.000e+00
  1025.0582     30.479     30.731    31.4193     4.2518          0          0  0.000e+00
  1025.0578     30.418     30.669    31.4193     4.2522          0          0  0.000e+00
  1025.0711     30.404     30.655    31.4364     4.2540          0          0  0.000e+00
  1025.0761     30.427     30.679    31.4436     4.2627          0          0  0.000e+00
  1025.0772     30.508     30.760    31.4462     4.2769          0          0  0.000e+00
  1025.0678     30.620     30.873    31.4359     4.2939          0          0  0.000e+00
  1025.0657     30.760     31.014    31.4342     4.3077          0          0  0.000e+00
  1025.0562     30.922     31.178    31.4228     4.3211          0          0  0.000e+00
  1025.0422     31.104     31.361    31.4051     4.3284          0          0  0.000e+00
  1025.0225     31.285     31.543    31.3789     4.3261          0          0  0.000e+00
  1025.0137     31.458     31.718    31.3648     4.3105          0          0  0.000e+00
  1025.0076     31.601     31.862    31.3530     4.2845          0          0  0.000e+00
  1025.0201     31.704     31.966    31.3640     4.2511          0          0  0.000e+00
  1025.0339     31.760     32.022    31.3771     4.2194          0          0  0.000e+00
  1025.0579     31.767     32.030    31.4041     4.1942          0          0  0.000e+00
  1025.0907     31.730     31.992    31.4443     4.1821          0          0  0.000e+00
  1025.1028     31.648     31.909    31.4608     4.1889          0          0  0.000e+00
  1025.1067     31.530     31.790    31.4686     4.2067          0          0  0.000e+00
  1025.0991     31.389     31.648    31.4628     4.2303          0          0  0.000e+00
  1025.0829     31.232     31.490    31.4464     4.2543          0          0  0.000e+00
  1025.0737     31.076     31.333    31.4379     4.2723          0          0  0.000e+00
  1025.0613     30.924     31.179    31.4250     4.2868          0          0  0.000e+00
  1025.0466     30.792     31.046    31.4084     4.2959          0          0  0.000e+00
  1025.0534     30.680     30.933    31.4179     4.2982          0          0  0.000e+00
  1025.0428     30.593     30.845    31.4057     4.3030          0          0  0.000e+00
  1025.0384     30.539     30.791    31.4005     4.3031          0          0  0.000e+00
  1025.0492     30.509     30.761    31.4138     4.2985          0          0  0.000e+00
  1025.0659     30.517     30.769    31.4348     4.2995          0          0  0.000e+00
  1025.0585     30.549     30.802    31.4265     4.3098          0          0  0.000e+00
  1025.0527     30.608     30.860    31.4201     4.3190          0          0  0.000e+00
  1025.0524     30.688     30.942    31.4200     4.3249          0          0  0.000e+00
  1025.0525     30.780     31.035    31.4203     4.3315          0          0  0.000e+00
  1025.0465     30.894     31.149    31.4131     4.3384          0          0  0.000e+00
  1025.0361     31.018     31.274    31.3995     4.3411          0          0  0.000e+00
  1025.0317     31.147     31.405    31.3926     4.3367          0          0  0.000e+00
  1025.0259     31.279     31.537    31.3835     4.3276          0          0  0.000e+00
  1025.0229     31.405     31.664    31.3773     4.3143          0          0  0.000e+00
  1025.0223     31.522     31.783    31.3736     4.2967          0          0  0.000e+00
  1025.0189     31.616     31.877    31.3659     4.2747          0          0  0.000e+00
  1025.0240     31.687     31.949    31.3685     4.2476          0          0  0.000e+00
  1025.0469     31.725     31.987    31.3938     4.2201          0          0  0.000e+00
  1025.0856     31.715     31.977    31.4407     4.2045          0          0  0.000e+00
  1025.1015     31.658     31.920    31.4618     4.2112          0          0  0.000e+00
  1025.0906     31.547     31.807    31.4511     4.2305          0          0  0.000e+00
  1025.0874     31.395     31.655    31.4502     4.2482          0          0  0.000e+00
  1025.0804     31.207     31.464    31.4448     4.2659          0          0  0.000e+00
  1025.0727     31.006     31.262    31.4383     4.2824          0          0  0.000e+00
  1025.0578     30.800     31.054    31.4225     4.2963          0          0  0.000e+00
  1025.0504     30.600     30.853    31.4154     4.3040          0          0  0.000e+00
  1025.0465     30.425     30.677    31.4119     4.3077          0          0  0.000e+00
  1025.0396     30.289     30.539    31.4043     4.3095          0          0  0.000e+00
  1025.0412     30.189     30.438    31.4067     4.3082          0          0  0.000e+00
  1025.0503     30.141     30.390    31.4183     4.3068          0          0  0.000e+00
  1025.0516     30.141     30.390    31.4204     4.3108          0          0  0.000e+00
  1025.0428     30.187     30.436    31.4100     4.3180          0          0  0.000e+00
  1025.0242     30.278     30.528    31.3875     4.3303          0          0  0.000e+00
  1025.0183     30.399     30.650    31.3802     4.3361          0          0  0.000e+00
  1025.0012     30.549     30.802    31.3581     4.3391          0          0  0.000e+00
  1025.0201     30.723     30.977    31.3805     4.3368          0          0  0.000e+00
  1025.0478     30.907     31.162    31.4139     4.3328          0          0  0.000e+00
  1025.0307     31.092     31.349    31.3917     4.3362          0          0  0.000e+00
  1025.0173     31.266     31.524    31.3730     4.3298          0          0  0.000e+00
  1025.0174     31.418     31.677    31.3700     4.3123          0          0  0.000e+00
  1025.0227     31.531     31.791    31.3733     4.2911          0          0  0.000e+00
  1025.0283     31.609     31.871    31.3771     4.2690          0          0  0.000e+00
  1025.0386     31.648     31.909    31.3873     4.2481          0          0  0.000e+00
  1025.0617     31.649     31.910    31.4143     4.2313          0          0  0.000e+00
  1025.0846     31.608     31.869    31.4428     4.2270          0          0  0.000e+00
  1025.0872     31.528     31.788    31.4478     4.2374          0          0  0.000e+00
  1025.0814     31.410     31.670    31.4432     4.2535          0          0  0.000e+00
  1025.0794     31.268     31.526    31.4436     4.2692          0          0  0.000e+00
  1025.0746     31.101     31.357    31.4409     4.2879          0          0  0.000e+00
  1025.0584     30.927     31.182    31.4240     4.3087          0          0  0.000e+00
  1025.0478     30.744     30.998    31.4137     4.3243          0          0  0.000e+00
  1025.0318     30.567     30.820    31.3961     4.3355          0          0  0.000e+00
  1025.0306     30.404     30.655    31.3958     4.3375          0          0  0.000e+00
  1025.0292     30.266     30.516    31.3948     4.3378          0          0  0.000e+00
  1025.0268     30.161     30.410    31.3926     4.3386          0          0  0.000e+00
  1025.0278     30.099     30.347    31.3941     4.3382          0          0  0.000e+00
  1025.0270     30.080     30.328    31.3930     4.3357          0          0  0.000e+00
  1025.0402     30.111     30.359    31.4098     4.3390          0          0  0.000e+00
  1025.0144     30.191     30.440    31.3800     4.3637          0          0  0.000e+00
  1025.0422     30.311     30.561    31.4170     4.3858          0          0  0.000e+00
  1025.0532     30.461     30.713    31.4358     4.4308          0          0  0.000e+00
  1024.8892     30.635     30.888    31.2363     4.4962          0          0  0.000e+00
  1024.9117     30.825     31.080    31.2605     4.4717          0          0  0.000e+00
  1024.9711     31.022     31.278    31.3271     4.4163          0          0  0.000e+00
  1025.0052     31.208     31.465    31.3643     4.3790          0          0  0.000e+00
