data/eDNA/PER-2022-473/473A010.cnv
* Sea-Bird SBE19plus  Data File:
* FileName = C:\Users\RSG_field\Ryan_Perley2022473\CTD\473A010.hex
* Software version 2.3.0 SB_Terminal.dll
* Temperature SN = 7141
* Conductivity SN = 7141
* System UpLoad Time = Aug 10 2022 13:25:44
* <ApplicationData>
* <SeatermAF>
** Platform: M. Perley
** Cruise: Per2022473
** Station:  ESI_13
** Cast: 01
** Latitude: N  44 39.4750
** Longitude: W 62 58.5421
** Sounding: 29.6
** Chief Scientist: Ryan Stanley
** Comment: CTD was banged off the door when being pulled up. Spigot broke off
** Cast 28
# nquan = 8
# nvalues = 1773                                  
# units = specified
# name 0 = density00: Density [density, kg/m^3]
# name 1 = depSM: Depth [salt water, m], lat = 45.00
# name 2 = prdM: Pressure, Strain Gauge [db]
# name 3 = sal00: Salinity, Practical [PSU]
# name 4 = tv290C: Temperature [ITS-90, deg C]
# name 5 = bpos: Bottle Position in Carousel
# name 6 = nbf: Bottles Fired
# name 7 = flag:  0.000e+00
# span 0 =   998.8740,  1024.7444                 
# span 1 =     -0.072,     27.574                 
# span 2 =     -0.072,     27.801                 
# span 3 =     0.0086,    31.5508                 
# span 4 =     5.7147,    16.4654                 
# span 5 =          0,          6                 
# span 6 =          0,          2                 
# span 7 = 0.0000e+00, 0.0000e+00                 
# interval = seconds: 0.25
# start_time = Aug 10 2022 13:13:56 [Instrument's time stamp, header]
# bad_flag = -9.990e-29
*END*
[from data line 360]
  1023.2314      0.989      0.997    30.9336    13.0925          0          0  0.000e+00
  1023.2313      0.880      0.887    30.9331    13.0881          0          0  0.000e+00
  1023.2336      0.778      0.785    30.9354    13.0833          0          0  0.000e+00
  1023.2353      0.690      0.696    30.9372    13.0796          0          0  0.000e+00
  1023.2319      0.612      0.617    30.9327    13.0771          0          0  0.000e+00
  1023.2329      0.549      0.554    30.9334    13.0734          0          0  0.000e+00
  1023.2318      0.506      0.510    30.9311    13.0692          0          0  0.000e+00
  1023.2307      0.481      0.485    30.9285    13.0636          0          0  0.000e+00
  1023.2299      0.491      0.495    30.9254    13.0557          0          0  0.000e+00
  1023.2326      0.528      0.533    30.9265    13.0469          0          0  0.000e+00
  1023.2094      0.589      0.594    30.8934    13.0361          0          0  0.000e+00
  1023.2189      0.692      0.697    30.8988    13.0110          0          0  0.000e+00
  1023.2588      0.824      0.831    30.9435    12.9862          0          0  0.000e+00
  1023.2420      0.969      0.977    30.9197    12.9812          0          0  0.000e+00
  1023.2589      1.124      1.133    30.9381    12.9712          0          0  0.000e+00
  1023.3022      1.329      1.339    30.9924    12.9693          0          0  0.000e+00
  1023.2949      1.515      1.527    30.9879    12.9937          0          0  0.000e+00
  1023.2934      1.680      1.694    30.9919    13.0213          0          0  0.000e+00
  1023.2800      1.818      1.833    30.9809    13.0495          0          0  0.000e+00
  1023.2626      1.919      1.935    30.9637    13.0733          0          0  0.000e+00
  1023.2493      1.992      2.008    30.9495    13.0871          0          0  0.000e+00
  1023.2446      2.041      2.058    30.9447    13.0932          0          0  0.000e+00
  1023.2210      2.078      2.095    30.9143    13.0944          0          0  0.000e+00
  1023.2276      2.101      2.118    30.9197    13.0825          0          0  0.000e+00
  1023.2370      2.113      2.130    30.9285    13.0692          0          0  0.000e+00
  1023.2463      2.112      2.129    30.9385    13.0612          0          0  0.000e+00
  1023.2528      2.100      2.117    30.9463    13.0586          0          0  0.000e+00
  1023.2540      2.085      2.102    30.9483    13.0605          0          0  0.000e+00
  1023.2597      2.069      2.086    30.9568    13.0642          0          0  0.000e+00
  1023.2591      2.052      2.069    30.9581    13.0720          0          0  0.000e+00
  1023.2568      2.038      2.054    30.9576    13.0817          0          0  0.000e+00
  1023.2501      2.041      2.058    30.9513    13.0909          0          0  0.000e+00
  1023.2420      2.065      2.082    30.9421    13.0971          0          0  0.000e+00
  1023.2210      2.122      2.140    30.9148    13.0975          0          0  0.000e+00
  1023.2248      2.217      2.235    30.9157    13.0840          0          0  0.000e+00
  1023.2234      2.349      2.369    30.9088    13.0669          0          0  0.000e+00
  1023.2367      2.515      2.535    30.9205    13.0485          0          0  0.000e+00
  1023.2476      2.719      2.741    30.9302    13.0353          0          0  0.000e+00
  1023.2477      2.954      2.979    30.9270    13.0278          0          0  0.000e+00
  1023.2214      3.209      3.235    30.8893    13.0190          0          0  0.000e+00
  1023.1511      3.474      3.502    30.7893    12.9885          0          0  0.000e+00
  1023.1199      3.740      3.771    30.7275    12.9086          0          0  0.000e+00
  1023.0698      4.006      4.039    30.6310    12.7866          0          0  0.000e+00
  1023.1421      4.249      4.284    30.6813    12.6166          0          0  0.000e+00
  1023.1906      4.463      4.499    30.7036    12.4554          0          0  0.000e+00
  1023.2533      4.645      4.683    30.7491    12.3125          0          0  0.000e+00
  1023.2971      4.792      4.832    30.7757    12.1913          0          0  0.000e+00
  1023.3530      4.911      4.951    30.8228    12.0893          0          0  0.000e+00
  1023.3930      5.001      5.042    30.8554    12.0110          0          0  0.000e+00
  1023.4297      5.068      5.110    30.8886    11.9525          0          0  0.000e+00
  1023.4605      5.122      5.164    30.9183    11.9114          0          0  0.000e+00
  1023.4803      5.154      5.196    30.9379    11.8869          0          0  0.000e+00
  1023.4919      5.170      5.212    30.9500    11.8751          0          0  0.000e+00
  1023.5033      5.171      5.213    30.9639    11.8718          0          0  0.000e+00
  1023.5007      5.163      5.206    30.9614    11.8752          0          0  0.000e+00
  1023.5016      5.157      5.199    30.9637    11.8799          0          0  0.000e+00
  1023.5059      5.153      5.195    30.9708    11.8866          0          0  0.000e+00
  1023.5057      5.156      5.198    30.9729    11.8971          0          0  0.000e+00
  1023.5078      5.177      5.220    30.9787    11.9104          0          0  0.000e+00
  1023.4920      5.213      5.256    30.9618    11.9259          0          0  0.000e+00
  1023.4550      5.281      5.324    30.9152    11.9324          0          0  0.000e+00
  1023.4868      5.376      5.421    30.9524    11.9191          0          0  0.000e+00
  1023.4400      5.508      5.553    30.8902    11.9139          0          0  0.000e+00
  1023.3855      5.671      5.718    30.8128    11.8874          0          0  0.000e+00
  1023.3290      5.866      5.914    30.7216    11.8142          0          0  0.000e+00
  1023.3511      6.096      6.146    30.7200    11.6903          0          0  0.000e+00
  1023.3037      6.339      6.391    30.6250    11.5493          0          0  0.000e+00
  1023.3175      6.599      6.653    30.5978    11.3586          0          0  0.000e+00
  1023.4222      6.859      6.916    30.6836    11.1484          0          0  0.000e+00
  1023.4504      7.114      7.172    30.6787    10.9697          0          0  0.000e+00
  1023.4571      7.361      7.421    30.6467    10.7922          0          0  0.000e+00
  1023.4748      7.588      7.650    30.6254    10.5954          0          0  0.000e+00
  1023.5224      7.788      7.852    30.6393    10.3812          0          0  0.000e+00
  1023.6062      7.951      8.016    30.7006    10.1672          0          0  0.000e+00
  1023.6589      8.082      8.148    30.7278     9.9773          0          0  0.000e+00
  1023.7203      8.179      8.246    30.7698     9.8022          0          0  0.000e+00
  1023.7120      8.243      8.310    30.7260     9.6414          0          0  0.000e+00
  1023.7915      8.288      8.356    30.7913     9.4617          0          0  0.000e+00
  1023.9279      8.312      8.380    30.9354     9.3090          0          0  0.000e+00
  1024.0240      8.316      8.384    31.0424     9.2285          0          0  0.000e+00
  1024.1509      8.312      8.380    31.2016     9.2130          0          0  0.000e+00
  1024.1672      8.296      8.364    31.2343     9.2719          0          0  0.000e+00
  1024.1723      8.283      8.351    31.2604     9.3698          0          0  0.000e+00
  1024.0902      8.278      8.346    31.1794     9.4889          0          0  0.000e+00
  1023.9867      8.285      8.353    31.0637     9.5725          0          0  0.000e+00
  1023.9644      8.310      8.379    31.0418     9.6060          0          0  0.000e+00
  1023.8896      8.363      8.432    30.9484     9.6197          0          0  0.000e+00
  1023.8600      8.443      8.512    30.9045     9.5924          0          0  0.000e+00
  1023.7358      8.556      8.627    30.7283     9.5112          0          0  0.000e+00
  1023.8069      8.704      8.775    30.7853     9.3452          0          0  0.000e+00
  1023.8466      8.887      8.960    30.8059     9.1975          0          0  0.000e+00
  1023.6665      9.097      9.172    30.5444     9.0449          0          0  0.000e+00
  1023.7766      9.333      9.410    30.6320     8.7753          0          0  0.000e+00
  1023.9037      9.582      9.661    30.7452     8.5226          0          0  0.000e+00
  1023.9567      9.847      9.928    30.7755     8.3293          0          0  0.000e+00
  1023.8948     10.106     10.189    30.6625     8.1511          0          0  0.000e+00
  1023.9952     10.359     10.444    30.7495     7.9310          0          0  0.000e+00
  1024.1186     10.576     10.662    30.8708     7.7351          0          0  0.000e+00
  1024.2092     10.763     10.852    30.9616     7.6008          0          0  0.000e+00
  1024.2720     10.916     11.006    31.0259     7.5156          0          0  0.000e+00
  1024.3040     11.027     11.118    31.0574     7.4658          0          0  0.000e+00
  1024.3262     11.111     11.202    31.0802     7.4370          0          0  0.000e+00
  1024.3369     11.170     11.262    31.0907     7.4209          0          0  0.000e+00
  1024.3333     11.208     11.300    31.0844     7.4122          0          0  0.000e+00
  1024.3418     11.239     11.331    31.0935     7.4035          0          0  0.000e+00
  1024.3442     11.262     11.355    31.0956     7.3985          0          0  0.000e+00
  1024.3485     11.288     11.381    31.1007     7.3968          0          0  0.000e+00
  1024.3456     11.320     11.413    31.0970     7.3982          0          0  0.000e+00
  1024.3346     11.367     11.461    31.0829     7.3992          0          0  0.000e+00
  1024.3320     11.429     11.523    31.0785     7.3953          0          0  0.000e+00
  1024.3361     11.504     11.599    31.0822     7.3888          0          0  0.000e+00
  1024.3395     11.595     11.691    31.0851     7.3837          0          0  0.000e+00
  1024.3296     11.692     11.788    31.0713     7.3798          0          0  0.000e+00
  1024.3344     11.801     11.898    31.0752     7.3711          0          0  0.000e+00
  1024.3457     11.920     12.018    31.0875     7.3632          0          0  0.000e+00
  1024.3469     12.045     12.144    31.0881     7.3612          0          0  0.000e+00
  1024.3464     12.178     12.278    31.0866     7.3612          0          0  0.000e+00
  1024.3452     12.320     12.422    31.0842     7.3609          0          0  0.000e+00
  1024.3240     12.470     12.572    31.0559     7.3584          0          0  0.000e+00
  1024.3277     12.624     12.727    31.0570     7.3427          0          0  0.000e+00
  1024.3365     12.781     12.886    31.0643     7.3255          0          0  0.000e+00
  1024.3334     12.948     13.054    31.0570     7.3116          0          0  0.000e+00
  1024.3432     13.116     13.224    31.0651     7.2909          0          0  0.000e+00
  1024.3449     13.283     13.392    31.0629     7.2722          0          0  0.000e+00
  1024.3336     13.452     13.563    31.0442     7.2516          0          0  0.000e+00
  1024.3360     13.615     13.726    31.0412     7.2218          0          0  0.000e+00
  1024.3453     13.769     13.883    31.0464     7.1880          0          0  0.000e+00
  1024.3697     13.921     14.035    31.0708     7.1540          0          0  0.000e+00
  1024.3407     14.057     14.172    31.0287     7.1270          0          0  0.000e+00
  1024.3323     14.183     14.299    31.0098     7.0829          0          0  0.000e+00
  1024.3670     14.296     14.414    31.0437     7.0246          0          0  0.000e+00
  1024.3994     14.394     14.512    31.0765     6.9778          0          0  0.000e+00
  1024.4069     14.484     14.603    31.0803     6.9459          0          0  0.000e+00
  1024.4207     14.563     14.683    31.0924     6.9166          0          0  0.000e+00
  1024.4347     14.634     14.755    31.1058     6.8921          0          0  0.000e+00
  1024.4363     14.701     14.822    31.1046     6.8743          0          0  0.000e+00
  1024.4148     14.766     14.887    31.0736     6.8546          0          0  0.000e+00
  1024.4371     14.833     14.954    31.0962     6.8217          0          0  0.000e+00
  1024.4628     14.901     15.024    31.1239     6.7941          0          0  0.000e+00
  1024.4706     14.981     15.104    31.1312     6.7801          0          0  0.000e+00
  1024.4709     15.063     15.186    31.1298     6.7728          0          0  0.000e+00
  1024.4639     15.158     15.283    31.1188     6.7631          0          0  0.000e+00
  1024.4693     15.267     15.393    31.1229     6.7500          0          0  0.000e+00
  1024.4758     15.386     15.512    31.1286     6.7385          0          0  0.000e+00
  1024.4814     15.515     15.643    31.1335     6.7300          0          0  0.000e+00
  1024.4802     15.655     15.784    31.1303     6.7241          0          0  0.000e+00
  1024.4795     15.798     15.928    31.1276     6.7181          0          0  0.000e+00
  1024.4682     15.944     16.076    31.1110     6.7100          0          0  0.000e+00
  1024.4763     16.092     16.224    31.1180     6.6950          0          0  0.000e+00
  1024.4796     16.235     16.368    31.1193     6.6821          0          0  0.000e+00
  1024.4770     16.378     16.513    31.1133     6.6703          0          0  0.000e+00
  1024.4860     16.511     16.646    31.1216     6.6556          0          0  0.000e+00
  1024.4941     16.640     16.777    31.1292     6.6446          0          0  0.000e+00
  1024.4984     16.762     16.900    31.1329     6.6375          0          0  0.000e+00
  1024.4993     16.878     17.017    31.1325     6.6326          0          0  0.000e+00
  1024.5038     16.988     17.127    31.1369     6.6281          0          0  0.000e+00
  1024.4991     17.096     17.236    31.1300     6.6262          0          0  0.000e+00
  1024.4986     17.205     17.346    31.1279     6.6216          0          0  0.000e+00
  1024.4993     17.313     17.455    31.1272     6.6154          0          0  0.000e+00
  1024.5011     17.427     17.571    31.1279     6.6095          0          0  0.000e+00
  1024.5032     17.548     17.693    31.1289     6.6034          0          0  0.000e+00
  1024.5029     17.674     17.820    31.1270     6.5985          0          0  0.000e+00
  1024.5062     17.803     17.949    31.1296     6.5931          0          0  0.000e+00
  1024.5105     17.937     18.085    31.1335     6.5892          0          0  0.000e+00
  1024.5130     18.070     18.218    31.1356     6.5871          0          0  0.000e+00
  1024.5165     18.194     18.343    31.1392     6.5865          0          0  0.000e+00
  1024.5138     18.315     18.465    31.1353     6.5876          0          0  0.000e+00
  1024.5018     18.423     18.574    31.1193     6.5873          0          0  0.000e+00
  1024.4801     18.521     18.674    31.0900     6.5793          0          0  0.000e+00
  1024.4823     18.608     18.761    31.0887     6.5568          0          0  0.000e+00
  1024.4998     18.686     18.839    31.1059     6.5286          0          0  0.000e+00
  1024.5129     18.758     18.912    31.1187     6.5071          0          0  0.000e+00
  1024.5124     18.828     18.983    31.1152     6.4916          0          0  0.000e+00
  1024.5180     18.899     19.054    31.1193     6.4750          0          0  0.000e+00
  1024.5258     18.983     19.140    31.1262     6.4591          0          0  0.000e+00
  1024.5282     19.074     19.231    31.1267     6.4463          0          0  0.000e+00
  1024.5247     19.181     19.339    31.1195     6.4332          0          0  0.000e+00
  1024.5298     19.302     19.460    31.1226     6.4162          0          0  0.000e+00
  1024.5368     19.438     19.598    31.1280     6.3994          0          0  0.000e+00
