data/eDNA/PER-2022-473/473A023.cnv
* Sea-Bird SBE19plus  Data File:
* FileName = C:\Users\RSG_field\Ryan_Perley2022473\CTD\473A023.hex
* Software version 2.3.0 SB_Terminal.dll
* Temperature SN = 7141
* Conductivity SN = 7141
* System UpLoad Time = Aug 14 2022 16:56:22
* <ApplicationData>
* <SeatermAF>
** Platform: M. Perley
** Cruise: Per2022473
** Station:  SAB_Trans_06
** Cast: 01
** Latitude: N  46 12.3838
** Longitude: W 59 3.85
** Sounding: 137
** Chief Scientist: Ryan Stanley
** Comment: CastID 473A023 SampleID 493890-493895
** Note that in the first cast bottles 1-3 were not attached the right trigger, and thus didn't fire at depth. The bad cast (41 on the CTD) will be named 473B023 and the cast associted with this AFM (Cast 41) will be 473A023. There was no afm file downloaded for the first mis-cast (Cast 41 and CastID 473B023)
# nquan = 8
# nvalues = 4363                                  
# units = specified
# name 0 = density00: Density [density, kg/m^3]
# name 1 = depSM: Depth [salt water, m], lat = 45.00
# name 2 = prdM: Pressure, Strain Gauge [db]
# name 3 = sal00: Salinity, Practical [PSU]
# name 4 = tv290C: Temperature [ITS-90, deg C]
# name 5 = bpos: Bottle Position in Carousel
# name 6 = nbf: Bottles Fired
# name 7 = flag:  0.000e+00
# span 0 =   998.5957,  1027.3836                 
# span 1 =     -0.126,    130.461                 
# span 2 =     -0.127,    131.570                 
# span 3 =     0.2013,    34.0125                 
# span 4 =     1.6171,    20.6066                 
# span 5 =          0,          6                 
# span 6 =          0,          2                 
# span 7 = 0.0000e+00, 0.0000e+00                 
# interval = seconds: 0.25
# start_time = Aug 14 2022 16:31:21 [Instrument's time stamp, header]
# bad_flag = -9.990e-29
*END*
[from data line 1978]
  1027.3661    128.571    129.664    33.9932     5.9125          0          0  0.000e+00
  1027.3660    128.628    129.721    33.9929     5.9132          0          0  0.000e+00
  1027.3649    128.692    129.786    33.9913     5.9141          0          0  0.000e+00
  1027.3643    128.755    129.850    33.9902     5.9142          0          0  0.000e+00
  1027.3648    128.813    129.908    33.9905     5.9141          0          0  0.000e+00
  1027.3663    128.857    129.953    33.9921     5.9139          0          0  0.000e+00
  1027.3684    128.896    129.992    33.9945     5.9142          0          0  0.000e+00
  1027.3674    128.921    130.017    33.9933     5.9153          0          0  0.000e+00
  1027.3675    128.945    130.041    33.9933     5.9157          0          0  0.000e+00
  1027.3668    128.962    130.059    33.9924     5.9161          0          0  0.000e+00
  1027.3651    128.977    130.073    33.9902     5.9162          0          0  0.000e+00
  1027.3651    128.990    130.086    33.9900     5.9157          0          0  0.000e+00
  1027.3654    129.007    130.103    33.9902     5.9150          0          0  0.000e+00
  1027.3659    129.035    130.132    33.9906     5.9144          0          0  0.000e+00
  1027.3659    129.068    130.166    33.9904     5.9141          0          0  0.000e+00
  1027.3661    129.115    130.213    33.9902     5.9136          0          0  0.000e+00
  1027.3662    129.168    130.266    33.9900     5.9133          0          0  0.000e+00
  1027.3710    129.222    130.321    33.9958     5.9131          0          0  0.000e+00
  1027.3733    129.270    130.369    33.9985     5.9143          0          0  0.000e+00
  1027.3732    129.305    130.404    33.9986     5.9165          0          0  0.000e+00
  1027.3707    129.321    130.420    33.9956     5.9185          0          0  0.000e+00
  1027.3688    129.316    130.416    33.9934     5.9194          0          0  0.000e+00
  1027.3675    129.289    130.388    33.9919     5.9193          0          0  0.000e+00
  1027.3662    129.236    130.335    33.9905     5.9187          0          0  0.000e+00
  1027.3653    129.163    130.261    33.9896     5.9176          0          0  0.000e+00
  1027.3660    129.074    130.171    33.9908     5.9165          0          0  0.000e+00
  1027.3653    128.972    130.068    33.9904     5.9156          0          0  0.000e+00
  1027.3660    128.871    129.967    33.9917     5.9148          0          0  0.000e+00
  1027.3659    128.770    129.865    33.9922     5.9143          0          0  0.000e+00
  1027.3653    128.683    129.777    33.9919     5.9142          0          0  0.000e+00
  1027.3649    128.611    129.705    33.9918     5.9141          0          0  0.000e+00
  1027.3645    128.566    129.659    33.9915     5.9139          0          0  0.000e+00
  1027.3644    128.550    129.642    33.9914     5.9138          0          0  0.000e+00
  1027.3654    128.562    129.655    33.9926     5.9136          0          0  0.000e+00
  1027.3657    128.607    129.700    33.9927     5.9137          0          0  0.000e+00
  1027.3658    128.686    129.779    33.9925     5.9141          0          0  0.000e+00
  1027.3667    128.786    129.881    33.9931     5.9142          0          0  0.000e+00
  1027.3672    128.902    129.998    33.9930     5.9144          0          0  0.000e+00
  1027.3679    129.025    130.122    33.9933     5.9148          0          0  0.000e+00
  1027.3694    129.140    130.238    33.9945     5.9151          0          0  0.000e+00
  1027.3694    129.239    130.338    33.9941     5.9159          0          0  0.000e+00
  1027.3694    129.311    130.411    33.9937     5.9163          0          0  0.000e+00
  1027.3716    129.353    130.452    33.9964     5.9168          0          0  0.000e+00
  1027.3749    129.358    130.458    34.0007     5.9179          0          0  0.000e+00
  1027.3693    129.329    130.429    33.9941     5.9200          0          0  0.000e+00
  1027.3662    129.272    130.371    33.9905     5.9201          0          0  0.000e+00
  1027.3660    129.191    130.290    33.9906     5.9190          0          0  0.000e+00
  1027.3666    129.095    130.192    33.9917     5.9179          0          0  0.000e+00
  1027.3667    128.996    130.093    33.9923     5.9171          0          0  0.000e+00
  1027.3664    128.900    129.996    33.9924     5.9166          0          0  0.000e+00
  1027.3662    128.827    129.922    33.9925     5.9163          0          0  0.000e+00
  1027.3659    128.777    129.872    33.9924     5.9160          0          0  0.000e+00
  1027.3651    128.749    129.844    33.9916     5.9159          0          0  0.000e+00
  1027.3638    128.747    129.842    33.9898     5.9156          0          0  0.000e+00
  1027.3640    128.766    129.861    33.9898     5.9146          0          0  0.000e+00
  1027.3658    128.803    129.898    33.9917     5.9139          0          0  0.000e+00
  1027.3670    128.844    129.939    33.9930     5.9137          0          0  0.000e+00
  1027.3673    128.887    129.983    33.9931     5.9141          0          0  0.000e+00
  1027.3687    128.927    130.024    33.9948     5.9145          0          0  0.000e+00
  1027.3691    128.956    130.052    33.9953     5.9153          0          0  0.000e+00
  1027.3705    128.975    130.072    33.9971     5.9163          0          0  0.000e+00
  1027.3703    128.986    130.082    33.9969     5.9176          0          0  0.000e+00
  1027.3681    128.987    130.083    33.9944     5.9186          0          0  0.000e+00
  1027.3688    128.982    130.078    33.9953     5.9190          0          0  0.000e+00
  1027.3694    128.977    130.074    33.9963     5.9194          0          0  0.000e+00
  1027.3666    128.975    130.072    33.9928     5.9201          0          0  0.000e+00
  1027.3653    128.978    130.075    33.9911     5.9196          0          0  0.000e+00
  1027.3666    128.990    130.087    33.9925     5.9186          0          0  0.000e+00
  1027.3695    129.010    130.107    33.9959     5.9179          0          0  0.000e+00
  1027.3695    129.035    130.132    33.9958     5.9183          0          0  0.000e+00
  1027.3701    129.061    130.158    33.9966     5.9191          0          0  0.000e+00
  1027.3719    129.090    130.187    33.9988     5.9200          0          0  0.000e+00
  1027.3728    129.117    130.215    33.9999     5.9212          0          0  0.000e+00
  1027.3750    129.138    130.235    34.0029     5.9227          0          0  0.000e+00
  1027.3769    129.153    130.251    34.0056     5.9249          0          0  0.000e+00
  1027.3739    129.162    130.260    34.0021     5.9277          0          0  0.000e+00
  1027.3739    129.166    130.264    34.0024     5.9292          0          0  0.000e+00
  1027.3716    129.164    130.262    33.9996     5.9304          0          0  0.000e+00
  1027.3713    129.153    130.251    33.9993     5.9307          0          0  0.000e+00
  1027.3705    129.134    130.232    33.9985     5.9308          0          0  0.000e+00
  1027.3694    129.110    130.208    33.9973     5.9304          0          0  0.000e+00
  1027.3678    129.082    130.180    33.9953     5.9299          0          0  0.000e+00
  1027.3654    129.055    130.152    33.9921     5.9286          0          0  0.000e+00
  1027.3677    129.029    130.126    33.9949     5.9268          0          0  0.000e+00
  1027.3686    129.013    130.110    33.9960     5.9256          0          0  0.000e+00
  1027.3688    129.006    130.103    33.9962     5.9251          0          0  0.000e+00
  1027.3687    129.012    130.109    33.9959     5.9246          0          0  0.000e+00
  1027.3704    129.028    130.125    33.9979     5.9243          0          0  0.000e+00
  1027.3713    129.051    130.148    33.9990     5.9245          0          0  0.000e+00
  1027.3715    129.077    130.175    33.9992     5.9251          0          0  0.000e+00
  1027.3725    129.099    130.197    34.0004     5.9259          0          0  0.000e+00
  1027.3738    129.125    130.223    34.0021     5.9270          0          0  0.000e+00
  1027.3737    129.143    130.241    34.0021     5.9284          0          0  0.000e+00
  1027.3727    129.151    130.249    34.0011     5.9297          0          0  0.000e+00
  1027.3720    129.144    130.242    34.0003     5.9305          0          0  0.000e+00
  1027.3708    129.121    130.218    33.9990     5.9308          0          0  0.000e+00
  1027.3695    129.081    130.179    33.9975     5.9307          0          0  0.000e+00
  1027.3683    129.023    130.120    33.9963     5.9300          0          0  0.000e+00
  1027.3689    128.955    130.052    33.9973     5.9291          0          0  0.000e+00
  1027.3689    128.886    129.982    33.9975     5.9285          0          0  0.000e+00
  1027.3683    128.826    129.921    33.9971     5.9280          0          0  0.000e+00
  1027.3685    128.772    129.867    33.9976     5.9275          0          0  0.000e+00
  1027.3681    128.738    129.832    33.9972     5.9272          0          0  0.000e+00
  1027.3689    128.730    129.825    33.9983     5.9269          0          0  0.000e+00
  1027.3696    128.744    129.839    33.9991     5.9268          0          0  0.000e+00
  1027.3690    128.783    129.878    33.9981     5.9273          0          0  0.000e+00
  1027.3683    128.840    129.935    33.9969     5.9273          0          0  0.000e+00
  1027.3706    128.916    130.012    33.9993     5.9270          0          0  0.000e+00
  1027.3707    128.998    130.094    33.9990     5.9274          0          0  0.000e+00
  1027.3721    129.083    130.180    34.0003     5.9277          0          0  0.000e+00
  1027.3733    129.164    130.262    34.0014     5.9282          0          0  0.000e+00
  1027.3724    129.236    130.335    34.0001     5.9292          0          0  0.000e+00
  1027.3723    129.297    130.396    33.9997     5.9298          0          0  0.000e+00
  1027.3729    129.333    130.432    34.0003     5.9299          0          0  0.000e+00
  1027.3729    129.359    130.459    34.0002     5.9303          0          0  0.000e+00
  1027.3724    129.360    130.460    33.9996     5.9306          0          0  0.000e+00
  1027.3716    129.351    130.451    33.9985     5.9307          0          0  0.000e+00
  1027.3716    129.325    130.425    33.9986     5.9304          0          0  0.000e+00
  1027.3717    129.293    130.392    33.9990     5.9300          0          0  0.000e+00
  1027.3718    129.251    130.350    33.9994     5.9299          0          0  0.000e+00
  1027.3714    129.211    130.309    33.9991     5.9298          0          0  0.000e+00
  1027.3710    129.172    130.270    33.9987     5.9297          0          0  0.000e+00
  1027.3712    129.141    130.239    33.9991     5.9295          0          0  0.000e+00
  1027.3711    129.120    130.217    33.9992     5.9296          0          0  0.000e+00
  1027.3713    129.109    130.207    33.9995     5.9294          0          0  0.000e+00
  1027.3712    129.109    130.207    33.9994     5.9296          0          0  0.000e+00
  1027.3713    129.121    130.219    33.9994     5.9296          0          0  0.000e+00
  1027.3711    129.136    130.234    33.9991     5.9296          0          0  0.000e+00
  1027.3716    129.149    130.247    33.9996     5.9295          0          0  0.000e+00
  1027.3717    129.156    130.254    33.9997     5.9296          0          0  0.000e+00
  1027.3721    129.151    130.249    34.0003     5.9298          0          0  0.000e+00
  1027.3717    129.128    130.226    34.0000     5.9301          0          0  0.000e+00
  1027.3714    129.091    130.189    33.9998     5.9305          0          0  0.000e+00
  1027.3707    129.038    130.135    33.9993     5.9305          0          0  0.000e+00
  1027.3699    128.972    130.069    33.9986     5.9304          0          0  0.000e+00
  1027.3698    128.908    130.004    33.9988     5.9302          0          0  0.000e+00
  1027.3695    128.848    129.944    33.9988     5.9298          0          0  0.000e+00
  1027.3697    128.805    129.900    33.9992     5.9296          0          0  0.000e+00
  1027.3697    128.784    129.878    33.9994     5.9294          0          0  0.000e+00
  1027.3695    128.791    129.886    33.9991     5.9295          0          0  0.000e+00
  1027.3701    128.830    129.926    33.9996     5.9295          0          0  0.000e+00
  1027.3705    128.897    129.993    33.9997     5.9296          0          0  0.000e+00
  1027.3706    128.989    130.086    33.9993     5.9297          0          0  0.000e+00
  1027.3713    129.106    130.204    33.9995     5.9297          0          0  0.000e+00
  1027.3729    129.230    130.329    34.0008     5.9297          0          0  0.000e+00
  1027.3769    129.355    130.455    34.0052     5.9303          0          0  0.000e+00
  1027.3770    129.475    130.576    34.0049     5.9319          0          0  0.000e+00
  1027.3754    129.564    130.666    34.0027     5.9337          0          0  0.000e+00
  1027.3748    129.614    130.716    34.0018     5.9345          0          0  0.000e+00
  1027.3745    129.623    130.725    34.0014     5.9349          0          0  0.000e+00
  1027.3737    129.583    130.685    34.0006     5.9351          0          0  0.000e+00
  1027.3727    129.502    130.603    33.9998     5.9349          0          0  0.000e+00
  1027.3731    129.395    130.495    34.0008     5.9344          0          0  0.000e+00
  1027.3723    129.267    130.366    34.0006     5.9344          0          0  0.000e+00
  1027.3718    129.137    130.235    34.0007     5.9342          0          0  0.000e+00
  1027.3710    129.015    130.112    34.0003     5.9340          0          0  0.000e+00
  1027.3702    128.910    130.006    33.9999     5.9337          0          0  0.000e+00
  1027.3694    128.830    129.926    33.9994     5.9334          0          0  0.000e+00
  1027.3696    128.780    129.874    33.9998     5.9330          0          0  0.000e+00
  1027.3696    128.759    129.854    33.9999     5.9327          0          0  0.000e+00
  1027.3683    128.766    129.860    33.9981     5.9325          0          0  0.000e+00
  1027.3683    128.794    129.889    33.9979     5.9318          0          0  0.000e+00
  1027.3692    128.838    129.933    33.9987     5.9312          0          0  0.000e+00
  1027.3706    128.894    129.990    34.0000     5.9308          0          0  0.000e+00
  1027.3720    128.961    130.057    34.0014     5.9308          0          0  0.000e+00
  1027.3728    129.022    130.119    34.0021     5.9313          0          0  0.000e+00
  1027.3730    129.082    130.179    34.0022     5.9321          0          0  0.000e+00
  1027.3732    129.137    130.235    34.0022     5.9327          0          0  0.000e+00
  1027.3733    129.184    130.282    34.0022     5.9332          0          0  0.000e+00
  1027.3733    129.220    130.318    34.0021     5.9338          0          0  0.000e+00
  1027.3732    129.247    130.346    34.0018     5.9343          0          0  0.000e+00
  1027.3726    129.267    130.367    34.0010     5.9345          0          0  0.000e+00
  1027.3730    129.279    130.378    34.0014     5.9346          0          0  0.000e+00
  1027.3732    129.289    130.388    34.0016     5.9347          0          0  0.000e+00
  1027.3732    129.300    130.400    34.0016     5.9348          0          0  0.000e+00
  1027.3731    129.318    130.418    34.0014     5.9349          0          0  0.000e+00
  1027.3729    129.347    130.447    34.0010     5.9349          0          0  0.000e+00
  1027.3731    129.382    130.482    34.0011     5.9349          0          0  0.000e+00
  1027.3736    129.428    130.528    34.0013     5.9349          0          0  0.000e+00
