data/eDNA/PER-2022-473/473A015.cnv
* Sea-Bird SBE19plus  Data File:
* FileName = C:\Users\RSG_field\Ryan_Perley2022473\CTD\473A015.hex
* Software version 2.3.0 SB_Terminal.dll
* Temperature SN = 7141
* Conductivity SN = 7141
* System UpLoad Time = Aug 10 2022 18:02:24
* <ApplicationData>
* <SeatermAF>
** Platform: M. Perley
** Cruise: Per2022473
** Station:  ESI_11
** Cast: 01
** Latitude: N  44 38.2809
** Longitude: W 62 38.3299
** Sounding: 78.9
** Chief Scientist: Ryan Stanley
** Comment: CastID 473A015 SampleIDs 493841-493846 Cast 33
# nquan = 8
# nvalues = 3171                                  
# units = specified
# name 0 = density00: Density [density, kg/m^3]
# name 1 = depSM: Depth [salt water, m], lat = 45.00
# name 2 = prdM: Pressure, Strain Gauge [db]
# name 3 = sal00: Salinity, Practical [PSU]
# name 4 = tv290C: Temperature [ITS-90, deg C]
# name 5 = bpos: Bottle Position in Carousel
# name 6 = nbf: Bottles Fired
# name 7 = flag:  0.000e+00
# span 0 =   998.8405,  1025.8131                 
# span 1 =     -0.080,     72.173                 
# span 2 =     -0.080,     72.777                 
# span 3 =     0.0404,    32.2687                 
# span 4 =     3.5574,    16.8798                 
# span 5 =          0,          6                 
# span 6 =          0,          2                 
# span 7 = 0.0000e+00, 0.0000e+00                 
# interval = seconds: 0.25
# start_time = Aug 10 2022 17:45:06 [Instrument's time stamp, header]
# bad_flag = -9.990e-29
*END*
[from data line 2158]
  1025.6727     63.430     63.959    31.9497     3.8642          1          1  0.000e+00
  1025.6793     63.272     63.799    31.9583     3.8583          1          1  0.000e+00
  1025.6794     63.072     63.598    31.9591     3.8550          1          1  0.000e+00
  1025.6750     62.829     63.352    31.9548     3.8529          1          1  0.000e+00
  1025.6701     62.564     63.085    31.9499     3.8499          1          1  0.000e+00
  1025.6651     62.279     62.799    31.9448     3.8457          1          1  0.000e+00
  1025.6647     61.997     62.514    31.9452     3.8404          1          1  0.000e+00
  1025.6590     61.719     62.233    31.9390     3.8351          1          1  0.000e+00
  1025.6612     61.455     61.967    31.9427     3.8289          1          1  0.000e+00
  1025.6555     61.205     61.716    31.9364     3.8238          1          1  0.000e+00
  1025.6568     60.983     61.491    31.9386     3.8181          1          1  0.000e+00
  1025.6553     60.785     61.291    31.9374     3.8131          1          1  0.000e+00
  1025.6520     60.623     61.129    31.9335     3.8083          1          1  0.000e+00
  1025.6541     60.495     60.999    31.9363     3.8030          1          1  0.000e+00
  1025.6545     60.422     60.925    31.9367     3.7987          1          1  0.000e+00
  1025.6582     60.395     60.899    31.9412     3.7955          1          1  0.000e+00
  1025.6595     60.407     60.911    31.9426     3.7938          1          1  0.000e+00
  1025.6539     60.462     60.966    31.9351     3.7930          1          1  0.000e+00
  1025.6415     60.562     61.067    31.9185     3.7900          1          1  0.000e+00
  1025.6463     60.709     61.215    31.9226     3.7818          1          1  0.000e+00
  1025.6521     60.879     61.386    31.9281     3.7747          1          1  0.000e+00
  1025.6618     61.060     61.569    31.9388     3.7709          1          1  0.000e+00
  1025.6718     61.245     61.755    31.9503     3.7709          1          1  0.000e+00
  1025.6732     61.415     61.927    31.9515     3.7747          1          1  0.000e+00
  1025.6872     61.549     62.062    31.9691     3.7814          1          1  0.000e+00
  1025.6811     61.629     62.142    31.9621     3.7911          1          1  0.000e+00
  1025.6817     61.643     62.157    31.9638     3.7990          1          1  0.000e+00
  1025.6631     61.573     62.087    31.9415     3.8058          1          1  0.000e+00
  1025.6588     61.435     61.947    31.9370     3.8055          1          1  0.000e+00
  1025.6571     61.221     61.732    31.9357     3.8023          1          1  0.000e+00
  1025.6560     60.947     61.455    31.9356     3.7989          1          1  0.000e+00
  1025.6538     60.619     61.124    31.9343     3.7957          1          1  0.000e+00
  1025.6532     60.265     60.767    31.9352     3.7926          1          1  0.000e+00
  1025.6540     59.906     60.405    31.9381     3.7901          1          1  0.000e+00
  1025.6534     59.558     60.054    31.9393     3.7889          1          1  0.000e+00
  1025.6527     59.243     59.737    31.9402     3.7883          1          1  0.000e+00
  1025.6504     58.968     59.459    31.9390     3.7882          1          1  0.000e+00
  1025.6432     58.739     59.228    31.9312     3.7876          1          1  0.000e+00
  1025.6335     58.569     59.057    31.9195     3.7842          1          1  0.000e+00
  1025.6418     58.462     58.949    31.9299     3.7774          1          1  0.000e+00
  1025.6383     58.416     58.903    31.9253     3.7735          1          1  0.000e+00
  1025.6332     58.399     58.886    31.9184     3.7693          1          1  0.000e+00
  1025.6098     58.440     58.926    31.8879     3.7625          1          1  0.000e+00
  1025.6099     58.502     58.989    31.8859     3.7476          1          1  0.000e+00
  1025.6044     58.613     59.102    31.8763     3.7309          1          1  0.000e+00
  1025.6162     58.751     59.241    31.8884     3.7144          1          1  0.000e+00
  1025.6294     58.888     59.379    31.9029     3.7030          1          1  0.000e+00
  1025.6357     59.008     59.499    31.9094     3.6978          1          1  0.000e+00
  1025.6400     59.105     59.598    31.9141     3.6961          1          1  0.000e+00
  1025.6437     59.162     59.654    31.9185     3.6965          1          1  0.000e+00
  1025.6436     59.179     59.672    31.9184     3.6982          1          1  0.000e+00
  1025.6415     59.156     59.649    31.9161     3.7001          1          1  0.000e+00
  1025.6388     59.093     59.585    31.9133     3.7014          1          1  0.000e+00
  1025.6375     58.995     59.487    31.9122     3.7018          1          1  0.000e+00
  1025.6374     58.864     59.354    31.9128     3.7016          1          1  0.000e+00
  1025.6373     58.712     59.201    31.9137     3.7019          1          1  0.000e+00
  1025.6343     58.549     59.036    31.9109     3.7022          1          1  0.000e+00
  1025.6335     58.382     58.869    31.9109     3.7021          1          1  0.000e+00
  1025.6326     58.216     58.701    31.9107     3.7017          1          1  0.000e+00
  1025.6310     58.047     58.531    31.9096     3.7013          1          1  0.000e+00
  1025.6294     57.883     58.365    31.9085     3.7007          1          1  0.000e+00
  1025.6286     57.721     58.201    31.9084     3.6998          1          1  0.000e+00
  1025.6281     57.562     58.041    31.9086     3.6987          1          1  0.000e+00
  1025.6264     57.410     57.888    31.9072     3.6979          1          1  0.000e+00
  1025.6228     57.263     57.740    31.9035     3.6969          1          1  0.000e+00
  1025.6218     57.124     57.600    31.9028     3.6949          1          1  0.000e+00
  1025.6215     56.995     57.469    31.9029     3.6929          1          1  0.000e+00
  1025.6222     56.885     57.359    31.9043     3.6910          1          1  0.000e+00
  1025.6227     56.791     57.264    31.9053     3.6898          1          1  0.000e+00
  1025.6215     56.722     57.194    31.9041     3.6892          1          1  0.000e+00
  1025.6160     56.674     57.146    31.8973     3.6883          1          1  0.000e+00
  1025.6140     56.656     57.128    31.8947     3.6859          1          1  0.000e+00
  1025.6145     56.659     57.130    31.8950     3.6834          1          1  0.000e+00
  1025.6149     56.684     57.156    31.8951     3.6812          1          1  0.000e+00
  1025.6158     56.730     57.202    31.8958     3.6795          1          1  0.000e+00
  1025.6168     56.797     57.270    31.8965     3.6783          1          1  0.000e+00
  1025.6175     56.872     57.345    31.8968     3.6777          1          1  0.000e+00
  1025.6179     56.951     57.425    31.8968     3.6772          1          1  0.000e+00
  1025.6180     57.018     57.493    31.8965     3.6768          1          1  0.000e+00
  1025.6177     57.070     57.545    31.8957     3.6764          1          1  0.000e+00
  1025.6175     57.092     57.568    31.8953     3.6757          1          1  0.000e+00
  1025.6198     57.075     57.550    31.8983     3.6756          1          1  0.000e+00
  1025.6209     57.016     57.491    31.9000     3.6762          1          1  0.000e+00
  1025.6186     56.911     57.385    31.8980     3.6776          1          1  0.000e+00
  1025.6169     56.765     57.237    31.8968     3.6784          1          1  0.000e+00
  1025.6160     56.591     57.062    31.8967     3.6785          1          1  0.000e+00
  1025.6154     56.400     56.869    31.8971     3.6784          1          1  0.000e+00
  1025.6138     56.201     56.668    31.8963     3.6784          1          1  0.000e+00
  1025.6128     55.996     56.462    31.8962     3.6783          1          1  0.000e+00
  1025.6116     55.800     56.264    31.8958     3.6782          1          1  0.000e+00
  1025.6104     55.620     56.083    31.8954     3.6780          1          1  0.000e+00
  1025.6088     55.454     55.916    31.8943     3.6776          1          1  0.000e+00
  1025.6043     55.313     55.774    31.8894     3.6769          1          1  0.000e+00
  1025.6022     55.188     55.647    31.8873     3.6750          1          1  0.000e+00
  1025.5933     55.088     55.546    31.8762     3.6716          1          1  0.000e+00
  1025.5915     55.008     55.466    31.8739     3.6660          1          1  0.000e+00
  1025.5879     54.951     55.408    31.8690     3.6600          1          1  0.000e+00
  1025.5854     54.916     55.373    31.8652     3.6531          1          1  0.000e+00
  1025.5706     54.899     55.356    31.8459     3.6457          1          1  0.000e+00
  1025.5676     54.902     55.359    31.8406     3.6342          1          1  0.000e+00
  1025.5746     54.912     55.368    31.8480     3.6221          1          1  0.000e+00
  1025.5807     54.936     55.393    31.8545     3.6134          1          1  0.000e+00
  1025.5851     54.957     55.414    31.8593     3.6080          1          1  0.000e+00
  1025.5878     54.977     55.435    31.8623     3.6054          1          1  0.000e+00
  1025.5892     54.989     55.446    31.8638     3.6043          1          1  0.000e+00
  1025.5911     54.983     55.440    31.8662     3.6040          1          1  0.000e+00
  1025.5903     54.958     55.415    31.8654     3.6046          1          1  0.000e+00
  1025.5886     54.908     55.365    31.8637     3.6054          1          1  0.000e+00
  1025.5882     54.833     55.289    31.8636     3.6055          1          1  0.000e+00
  1025.5899     54.748     55.204    31.8663     3.6058          1          1  0.000e+00
  1025.5895     54.662     55.117    31.8665     3.6068          1          1  0.000e+00
  1025.5884     54.582     55.036    31.8657     3.6080          1          1  0.000e+00
  1025.5872     54.515     54.969    31.8647     3.6087          1          1  0.000e+00
  1025.5867     54.463     54.916    31.8643     3.6090          1          1  0.000e+00
  1025.5827     54.434     54.886    31.8594     3.6087          1          1  0.000e+00
  1025.5809     54.414     54.867    31.8571     3.6069          1          1  0.000e+00
  1025.5791     54.410     54.863    31.8546     3.6042          1          1  0.000e+00
  1025.5803     54.412     54.865    31.8557     3.6007          1          1  0.000e+00
  1025.5827     54.407     54.860    31.8583     3.5976          1          1  0.000e+00
  1025.5841     54.392     54.845    31.8600     3.5960          1          1  0.000e+00
  1025.5865     54.352     54.804    31.8632     3.5952          1          1  0.000e+00
  1025.5851     54.283     54.734    31.8619     3.5956          1          1  0.000e+00
  1025.5840     54.178     54.629    31.8611     3.5960          1          1  0.000e+00
  1025.5839     54.040     54.490    31.8619     3.5962          1          1  0.000e+00
  1025.5824     53.885     54.334    31.8609     3.5966          1          1  0.000e+00
  1025.5812     53.711     54.157    31.8605     3.5969          1          1  0.000e+00
  1025.5797     53.535     53.980    31.8596     3.5969          1          1  0.000e+00
  1025.5786     53.368     53.812    31.8592     3.5964          1          1  0.000e+00
  1025.5781     53.219     53.661    31.8595     3.5960          1          1  0.000e+00
  1025.5769     53.089     53.531    31.8586     3.5955          1          1  0.000e+00
  1025.5758     52.987     53.428    31.8578     3.5949          1          1  0.000e+00
  1025.5748     52.901     53.340    31.8569     3.5939          1          1  0.000e+00
  1025.5747     52.835     53.274    31.8570     3.5927          1          1  0.000e+00
  1025.5718     52.781     53.220    31.8536     3.5916          1          1  0.000e+00
  1025.5714     52.737     53.176    31.8531     3.5899          1          1  0.000e+00
  1025.5705     52.699     53.137    31.8521     3.5883          1          1  0.000e+00
  1025.5712     52.666     53.104    31.8530     3.5868          1          1  0.000e+00
  1025.5738     52.636     53.073    31.8563     3.5860          1          1  0.000e+00
  1025.5730     52.615     53.053    31.8555     3.5863          1          1  0.000e+00
  1025.5698     52.598     53.036    31.8515     3.5867          1          1  0.000e+00
  1025.5686     52.596     53.034    31.8500     3.5862          1          1  0.000e+00
  1025.5684     52.603     53.040    31.8496     3.5850          1          1  0.000e+00
  1025.5682     52.619     53.056    31.8491     3.5837          1          1  0.000e+00
  1025.5683     52.637     53.074    31.8490     3.5825          1          1  0.000e+00
  1025.5692     52.655     53.092    31.8499     3.5814          1          1  0.000e+00
  1025.5704     52.661     53.099    31.8513     3.5809          1          1  0.000e+00
  1025.5712     52.653     53.090    31.8524     3.5810          1          1  0.000e+00
  1025.5708     52.627     53.065    31.8521     3.5815          1          1  0.000e+00
  1025.5698     52.575     53.012    31.8511     3.5820          1          1  0.000e+00
  1025.5691     52.494     52.930    31.8508     3.5822          1          1  0.000e+00
  1025.5703     52.391     52.826    31.8529     3.5824          1          1  0.000e+00
  1025.5691     52.270     52.704    31.8522     3.5830          1          1  0.000e+00
  1025.5676     52.133     52.566    31.8513     3.5839          1          1  0.000e+00
  1025.5671     51.994     52.426    31.8514     3.5841          1          1  0.000e+00
  1025.5656     51.852     52.283    31.8505     3.5843          1          1  0.000e+00
  1025.5645     51.723     52.153    31.8498     3.5841          1          1  0.000e+00
  1025.5638     51.600     52.029    31.8496     3.5836          1          1  0.000e+00
  1025.5632     51.494     51.922    31.8494     3.5832          1          1  0.000e+00
  1025.5626     51.392     51.819    31.8493     3.5827          1          1  0.000e+00
  1025.5625     51.299     51.725    31.8496     3.5822          1          1  0.000e+00
  1025.5610     51.209     51.634    31.8482     3.5816          1          1  0.000e+00
  1025.5610     51.118     51.542    31.8486     3.5810          1          1  0.000e+00
  1025.5614     51.031     51.455    31.8497     3.5807          1          1  0.000e+00
  1025.5618     50.942     51.365    31.8506     3.5807          1          1  0.000e+00
  1025.5608     50.860     51.283    31.8499     3.5812          1          1  0.000e+00
  1025.5600     50.777     51.199    31.8494     3.5815          1          1  0.000e+00
  1025.5607     50.705     51.126    31.8508     3.5818          1          1  0.000e+00
  1025.5583     50.644     51.064    31.8482     3.5824          1          1  0.000e+00
  1025.5576     50.602     51.023    31.8476     3.5823          1          1  0.000e+00
  1025.5544     50.583     51.003    31.8437     3.5820          1          1  0.000e+00
  1025.5493     50.587     51.008    31.8370     3.5805          1          1  0.000e+00
  1025.5482     50.609     51.029    31.8352     3.5775          1          1  0.000e+00
  1025.5507     50.652     51.073    31.8377     3.5743          1          1  0.000e+00
  1025.5551     50.702     51.123    31.8427     3.5722          1          1  0.000e+00
  1025.5568     50.749     51.170    31.8445     3.5719          1          1  0.000e+00
  1025.5581     50.788     51.210    31.8460     3.5726          1          1  0.000e+00
  1025.5590     50.807     51.229    31.8471     3.5736          1          1  0.000e+00
  1025.5582     50.800     51.222    31.8464     3.5750          1          1  0.000e+00
  1025.5565     50.745     51.167    31.8446     3.5760          1          1  0.000e+00
