data/eDNA/PER-2022-473/473A019.cnv
* Sea-Bird SBE19plus  Data File:
* FileName = C:\Users\RSG_field\Ryan_Perley2022473\CTD\473A019.hex
* Software version 2.3.0 SB_Terminal.dll
* Temperature SN = 7141
* Conductivity SN = 7141
* System UpLoad Time = Aug 14 2022 13:34:44
* <ApplicationData>
* <SeatermAF>
** Platform: M. Perley
** Cruise: Per2022473
** Station:  SAB_Trans_02
** Cast: 01
** Latitude: N  45 59.8379
** Longitude: W 59 12.4093
** Sounding: 34.8
** Chief Scientist: Ryan Stanley
** Comment: CastID 473A018 SampleID 493866-493871
** CAST 37 - note that the depth changed while rosette was stationary at 34 m - dropped to 40 on the sounder
# nquan = 8
# nvalues = 1959                                  
# units = specified
# name 0 = density00: Density [density, kg/m^3]
# name 1 = depSM: Depth [salt water, m], lat = 45.00
# name 2 = prdM: Pressure, Strain Gauge [db]
# name 3 = sal00: Salinity, Practical [PSU]
# name 4 = tv290C: Temperature [ITS-90, deg C]
# name 5 = bpos: Bottle Position in Carousel
# name 6 = nbf: Bottles Fired
# name 7 = flag:  0.000e+00
# span 0 =   998.6184,  1025.1613                 
# span 1 =     -0.107,     32.202                 
# span 2 =     -0.108,     32.468                 
# span 3 =     0.4216,    31.6115                 
# span 4 =     4.0609,    19.5894                 
# span 5 =          0,          6                 
# span 6 =          0,          2                 
# span 7 = 0.0000e+00, 0.0000e+00                 
# interval = seconds: 0.25
# start_time = Aug 14 2022 13:22:42 [Instrument's time stamp, header]
# bad_flag = -9.990e-29
*END*
[from data line 1259]
  1025.0788     31.787     32.049    31.4181     4.0945          1          1  0.000e+00
  1025.0758     31.717     31.979    31.4150     4.0963          1          1  0.000e+00
  1025.0751     31.655     31.917    31.4146     4.0968          1          1  0.000e+00
  1025.0722     31.612     31.873    31.4111     4.0968          1          1  0.000e+00
  1025.0712     31.584     31.845    31.4098     4.0951          1          1  0.000e+00
  1025.0741     31.578     31.839    31.4132     4.0928          1          1  0.000e+00
  1025.0760     31.590     31.850    31.4154     4.0916          1          1  0.000e+00
  1025.0769     31.621     31.883    31.4163     4.0916          1          1  0.000e+00
  1025.0763     31.668     31.930    31.4153     4.0919          1          1  0.000e+00
  1025.0794     31.722     31.984    31.4189     4.0922          1          1  0.000e+00
  1025.0814     31.781     32.044    31.4213     4.0937          1          1  0.000e+00
  1025.0783     31.843     32.106    31.4174     4.0963          1          1  0.000e+00
  1025.0717     31.910     32.173    31.4088     4.0974          1          1  0.000e+00
  1025.0692     31.969     32.233    31.4050     4.0947          1          1  0.000e+00
  1025.0720     32.025     32.290    31.4075     4.0901          1          1  0.000e+00
  1025.0768     32.062     32.327    31.4129     4.0861          1          1  0.000e+00
  1025.0816     32.086     32.351    31.4186     4.0845          1          1  0.000e+00
  1025.0830     32.091     32.356    31.4205     4.0857          1          1  0.000e+00
  1025.0833     32.086     32.351    31.4212     4.0883          1          1  0.000e+00
  1025.0864     32.063     32.328    31.4257     4.0913          1          1  0.000e+00
  1025.0821     32.032     32.296    31.4210     4.0959          1          1  0.000e+00
  1025.0812     31.990     32.255    31.4205     4.0991          1          1  0.000e+00
  1025.0808     31.946     32.210    31.4206     4.1018          1          1  0.000e+00
  1025.0797     31.902     32.166    31.4198     4.1045          1          1  0.000e+00
  1025.0794     31.862     32.125    31.4199     4.1069          1          1  0.000e+00
  1025.0762     31.829     32.092    31.4164     4.1094          1          1  0.000e+00
  1025.0731     31.802     32.064    31.4128     4.1106          1          1  0.000e+00
  1025.0711     31.781     32.044    31.4103     4.1096          1          1  0.000e+00
  1025.0719     31.772     32.034    31.4111     4.1073          1          1  0.000e+00
  1025.0736     31.772     32.034    31.4130     4.1053          1          1  0.000e+00
  1025.0745     31.773     32.035    31.4139     4.1042          1          1  0.000e+00
  1025.0742     31.785     32.047    31.4135     4.1035          1          1  0.000e+00
  1025.0751     31.796     32.059    31.4145     4.1028          1          1  0.000e+00
  1025.0759     31.810     32.073    31.4153     4.1023          1          1  0.000e+00
  1025.0763     31.822     32.085    31.4157     4.1025          1          1  0.000e+00
  1025.0769     31.832     32.095    31.4165     4.1026          1          1  0.000e+00
  1025.0773     31.843     32.106    31.4170     4.1032          1          1  0.000e+00
  1025.0772     31.849     32.112    31.4169     4.1041          1          1  0.000e+00
  1025.0784     31.854     32.117    31.4184     4.1049          1          1  0.000e+00
  1025.0792     31.849     32.112    31.4197     4.1065          1          1  0.000e+00
  1025.0785     31.847     32.110    31.4191     4.1087          1          1  0.000e+00
  1025.0783     31.845     32.108    31.4191     4.1107          1          1  0.000e+00
  1025.0794     31.843     32.106    31.4208     4.1127          1          1  0.000e+00
  1025.0772     31.842     32.105    31.4184     4.1155          1          1  0.000e+00
  1025.0744     31.850     32.113    31.4150     4.1174          1          1  0.000e+00
  1025.0740     31.864     32.127    31.4144     4.1175          1          1  0.000e+00
  1025.0742     31.887     32.151    31.4145     4.1174          1          1  0.000e+00
  1025.0728     31.915     32.179    31.4125     4.1171          1          1  0.000e+00
  1025.0721     31.952     32.216    31.4113     4.1159          1          1  0.000e+00
  1025.0720     31.991     32.256    31.4107     4.1141          1          1  0.000e+00
  1025.0745     32.026     32.291    31.4134     4.1120          1          1  0.000e+00
  1025.0742     32.064     32.329    31.4127     4.1109          1          1  0.000e+00
  1025.0755     32.091     32.356    31.4140     4.1097          1          1  0.000e+00
  1025.0756     32.107     32.372    31.4140     4.1090          1          1  0.000e+00
  1025.0776     32.113     32.379    31.4163     4.1084          1          1  0.000e+00
  1025.0843     32.105     32.370    31.4249     4.1090          1          1  0.000e+00
  1025.0829     32.084     32.349    31.4237     4.1130          1          1  0.000e+00
  1025.0805     32.056     32.321    31.4214     4.1170          1          1  0.000e+00
  1025.0787     32.020     32.285    31.4198     4.1204          1          1  0.000e+00
  1025.0771     31.983     32.247    31.4182     4.1227          1          1  0.000e+00
  1025.0760     31.946     32.210    31.4173     4.1242          1          1  0.000e+00
  1025.0761     31.916     32.180    31.4178     4.1256          1          1  0.000e+00
  1025.0752     31.898     32.162    31.4169     4.1270          1          1  0.000e+00
  1025.0709     31.890     32.153    31.4117     4.1278          1          1  0.000e+00
  1025.0703     31.895     32.158    31.4108     4.1266          1          1  0.000e+00
  1025.0714     31.910     32.173    31.4118     4.1246          1          1  0.000e+00
  1025.0715     31.936     32.200    31.4115     4.1229          1          1  0.000e+00
  1025.0719     31.966     32.230    31.4117     4.1212          1          1  0.000e+00
  1025.0733     31.997     32.261    31.4130     4.1194          1          1  0.000e+00
  1025.0752     32.022     32.287    31.4151     4.1183          1          1  0.000e+00
  1025.0756     32.037     32.302    31.4155     4.1180          1          1  0.000e+00
  1025.0744     32.041     32.306    31.4140     4.1181          1          1  0.000e+00
  1025.0779     32.035     32.300    31.4184     4.1180          1          1  0.000e+00
  1025.0813     32.016     32.280    31.4229     4.1189          1          1  0.000e+00
  1025.0823     31.990     32.255    31.4247     4.1224          1          1  0.000e+00
  1025.0802     31.952     32.216    31.4228     4.1270          1          1  0.000e+00
  1025.0799     31.910     32.173    31.4233     4.1309          1          1  0.000e+00
  1025.0793     31.868     32.132    31.4232     4.1349          1          1  0.000e+00
  1025.0779     31.829     32.092    31.4221     4.1387          1          1  0.000e+00
  1025.0756     31.795     32.058    31.4199     4.1421          1          1  0.000e+00
  1025.0743     31.773     32.036    31.4187     4.1446          1          1  0.000e+00
  1025.0741     31.763     32.026    31.4187     4.1465          1          1  0.000e+00
  1025.0721     31.766     32.028    31.4164     4.1484          1          1  0.000e+00
  1025.0726     31.777     32.040    31.4171     4.1493          1          1  0.000e+00
  1025.0738     31.803     32.065    31.4186     4.1500          1          1  0.000e+00
  1025.0739     31.833     32.096    31.4186     4.1514          1          1  0.000e+00
  1025.0752     31.874     32.137    31.4202     4.1529          1          1  0.000e+00
  1025.0754     31.919     32.183    31.4205     4.1551          1          1  0.000e+00
  1025.0753     31.968     32.232    31.4203     4.1576          1          1  0.000e+00
  1025.0732     32.015     32.279    31.4178     4.1599          1          1  0.000e+00
  1025.0685     32.058     32.323    31.4117     4.1611          1          1  0.000e+00
  1025.0684     32.095     32.360    31.4113     4.1599          1          1  0.000e+00
  1025.0704     32.127     32.393    31.4133     4.1577          1          1  0.000e+00
  1025.0687     32.148     32.414    31.4109     4.1565          1          1  0.000e+00
  1025.0702     32.165     32.431    31.4123     4.1543          1          1  0.000e+00
  1025.0719     32.174     32.440    31.4143     4.1527          1          1  0.000e+00
  1025.0740     32.176     32.442    31.4168     4.1520          1          1  0.000e+00
  1025.0780     32.173     32.439    31.4220     4.1526          1          1  0.000e+00
  1025.0811     32.162     32.428    31.4262     4.1554          1          1  0.000e+00
  1025.0803     32.148     32.414    31.4259     4.1600          1          1  0.000e+00
  1025.0755     32.131     32.397    31.4206     4.1651          1          1  0.000e+00
  1025.0718     32.111     32.377    31.4163     4.1679          1          1  0.000e+00
  1025.0748     32.090     32.355    31.4205     4.1688          1          1  0.000e+00
  1025.0766     32.065     32.329    31.4231     4.1711          1          1  0.000e+00
  1025.0733     32.036     32.301    31.4196     4.1753          1          1  0.000e+00
  1025.0706     32.008     32.273    31.4168     4.1778          1          1  0.000e+00
  1025.0703     31.980     32.244    31.4166     4.1789          1          1  0.000e+00
  1025.0695     31.953     32.217    31.4158     4.1795          1          1  0.000e+00
  1025.0688     31.930     32.194    31.4152     4.1798          1          1  0.000e+00
  1025.0684     31.911     32.175    31.4148     4.1797          1          1  0.000e+00
  1025.0691     31.894     32.157    31.4157     4.1794          1          1  0.000e+00
  1025.0696     31.884     32.148    31.4164     4.1793          1          1  0.000e+00
  1025.0728     31.879     32.142    31.4205     4.1800          1          1  0.000e+00
  1025.0737     31.883     32.147    31.4219     4.1823          1          1  0.000e+00
  1025.0708     31.896     32.160    31.4185     4.1851          1          1  0.000e+00
  1025.0676     31.917     32.181    31.4146     4.1866          1          1  0.000e+00
  1025.0726     31.943     32.207    31.4207     4.1867          1          1  0.000e+00
  1025.0760     31.976     32.240    31.4252     4.1890          1          1  0.000e+00
  1025.0727     32.019     32.284    31.4212     4.1933          1          1  0.000e+00
  1025.0707     32.058     32.323    31.4189     4.1964          1          1  0.000e+00
  1025.0690     32.100     32.365    31.4166     4.1981          1          1  0.000e+00
  1025.0670     32.138     32.403    31.4141     4.1987          1          1  0.000e+00
  1025.0683     32.171     32.436    31.4154     4.1982          1          1  0.000e+00
  1025.0704     32.194     32.460    31.4178     4.1980          1          1  0.000e+00
  1025.0723     32.202     32.468    31.4203     4.1989          1          1  0.000e+00
  1025.0745     32.201     32.467    31.4233     4.2012          1          1  0.000e+00
  1025.0721     32.184     32.450    31.4208     4.2047          1          1  0.000e+00
  1025.0704     32.157     32.423    31.4193     4.2076          1          1  0.000e+00
  1025.0693     32.117     32.382    31.4184     4.2097          1          1  0.000e+00
  1025.0693     32.069     32.334    31.4189     4.2111          1          1  0.000e+00
  1025.0690     32.024     32.289    31.4189     4.2127          1          1  0.000e+00
  1025.0678     31.982     32.246    31.4179     4.2145          1          1  0.000e+00
  1025.0663     31.947     32.211    31.4164     4.2156          1          1  0.000e+00
  1025.0659     31.919     32.183    31.4161     4.2162          1          1  0.000e+00
  1025.0651     31.903     32.167    31.4152     4.2164          1          1  0.000e+00
  1025.0665     31.899     32.163    31.4170     4.2164          1          1  0.000e+00
  1025.0679     31.905     32.168    31.4188     4.2168          1          1  0.000e+00
  1025.0664     31.918     32.182    31.4170     4.2182          1          1  0.000e+00
  1025.0663     31.936     32.200    31.4168     4.2191          1          1  0.000e+00
  1025.0663     31.915     32.179    31.4170     4.2198          1          1  0.000e+00
  1025.0683     31.888     32.151    31.4198     4.2206          1          1  0.000e+00
  1025.0680     31.855     32.118    31.4199     4.2225          1          1  0.000e+00
  1025.0690     31.818     32.081    31.4216     4.2248          1          1  0.000e+00
  1025.0693     31.785     32.047    31.4226     4.2277          1          1  0.000e+00
  1025.0731     31.739     32.001    31.4281     4.2313          1          1  0.000e+00
  1025.0732     31.694     31.955    31.4293     4.2373          1          1  0.000e+00
  1025.0740     31.635     31.897    31.4315     4.2449          1          1  0.000e+00
  1025.0711     31.576     31.837    31.4293     4.2534          1          1  0.000e+00
  1025.0684     31.506     31.766    31.4274     4.2621          1          1  0.000e+00
  1025.0590     31.431     31.690    31.4170     4.2698          1          1  0.000e+00
  1025.0599     31.358     31.617    31.4190     4.2731          1          1  0.000e+00
  1025.0555     31.306     31.564    31.4142     4.2764          1          1  0.000e+00
  1025.0557     31.254     31.512    31.4150     4.2783          1          1  0.000e+00
  1025.0558     31.203     31.461    31.4156     4.2807          1          1  0.000e+00
  1025.0541     31.150     31.407    31.4142     4.2834          1          1  0.000e+00
  1025.0503     31.088     31.345    31.4101     4.2861          1          1  0.000e+00
  1025.0456     31.033     31.290    31.4048     4.2889          1          1  0.000e+00
  1025.0420     30.965     31.221    31.4008     4.2896          1          1  0.000e+00
  1025.0428     30.894     31.150    31.4022     4.2891          1          1  0.000e+00
  1025.0425     30.816     31.070    31.4022     4.2891          1          1  0.000e+00
  1025.0293     30.733     30.987    31.3862     4.2903          1          1  0.000e+00
  1025.0300     30.648     30.902    31.3873     4.2883          1          1  0.000e+00
  1025.0336     30.571     30.824    31.3921     4.2863          1          1  0.000e+00
  1025.0253     30.496     30.748    31.3821     4.2860          1          1  0.000e+00
  1025.0297     30.440     30.691    31.3879     4.2853          1          1  0.000e+00
  1025.0350     30.392     30.643    31.3950     4.2869          1          1  0.000e+00
  1025.0496     30.360     30.611    31.4148     4.2968          1          1  0.000e+00
  1025.0586     30.345     30.596    31.4299     4.3250          1          1  0.000e+00
  1025.0604     30.346     30.597    31.4381     4.3725          1          1  0.000e+00
  1025.0240     30.354     30.604    31.4001     4.4348          1          1  0.000e+00
  1025.0118     30.362     30.613    31.3916     4.4899          1          1  0.000e+00
  1025.0004     30.376     30.627    31.3843     4.5445          1          1  0.000e+00
  1024.9687     30.383     30.634    31.3518     4.6027          1          1  0.000e+00
  1024.9409     30.386     30.637    31.3232     4.6518          1          1  0.000e+00
  1024.9234     30.379     30.630    31.3062     4.6906          1          1  0.000e+00
  1024.9428     30.344     30.595    31.3355     4.7255          1          1  0.000e+00
  1024.9373     30.289     30.539    31.3359     4.7789          1          1  0.000e+00
  1024.8969     30.200     30.449    31.2937     4.8404          1          1  0.000e+00
  1024.8418     30.071     30.319    31.2311     4.8870          1          1  0.000e+00
