data/eDNA/PER-2022-473/473A014.cnv
* Sea-Bird SBE19plus  Data File:
* FileName = C:\Users\RSG_field\Ryan_Perley2022473\CTD\473A014.hex
* Software version 2.3.0 SB_Terminal.dll
* Temperature SN = 7141
* Conductivity SN = 7141
* System UpLoad Time = Aug 10 2022 17:21:04
* <ApplicationData>
* <SeatermAF>
** Platform: M. Perley
** Cruise: Per2022473
** Station:  ESI_12
** Cast: 01
** Latitude: N  44 35.2670
** Longitude: W 62 35.8511
** Sounding: 116
** Chief Scientist: Ryan Stanley
** Comment: CastID 473A014 SampleIDs 493834-493840 (blank included)
** Cast 32
# nquan = 8
# nvalues = 3774                                  
# units = specified
# name 0 = density00: Density [density, kg/m^3]
# name 1 = depSM: Depth [salt water, m], lat = 45.00
# name 2 = prdM: Pressure, Strain Gauge [db]
# name 3 = sal00: Salinity, Practical [PSU]
# name 4 = tv290C: Temperature [ITS-90, deg C]
# name 5 = bpos: Bottle Position in Carousel
# name 6 = nbf: Bottles Fired
# name 7 = flag:  0.000e+00
# span 0 =   998.5543,  1026.4042                 
# span 1 =     -0.070,     93.518                 
# span 2 =     -0.071,     94.305                 
# span 3 =     0.0934,    32.9740                 
# span 4 =     3.7260,    19.1996                 
# span 5 =          0,          6                 
# span 6 =          0,          2                 
# span 7 = 0.0000e+00, 0.0000e+00                 
# interval = seconds: 0.25
# start_time = Aug 10 2022 17:00:49 [Instrument's time stamp, header]
# bad_flag = -9.990e-29
*END*
[from data line 3236]
  1025.5887     29.442     29.685    32.0401     3.8168          1          1  0.000e+00
  1025.5876     29.404     29.647    32.0389     3.8168          1          1  0.000e+00
  1025.5871     29.337     29.579    32.0386     3.8169          1          1  0.000e+00
  1025.5858     29.246     29.487    32.0376     3.8171          1          1  0.000e+00
  1025.5868     29.124     29.364    32.0396     3.8169          1          1  0.000e+00
  1025.5853     28.973     29.213    32.0386     3.8172          1          1  0.000e+00
  1025.5842     28.793     29.031    32.0383     3.8173          1          1  0.000e+00
  1025.5817     28.590     28.826    32.0363     3.8173          1          1  0.000e+00
  1025.5800     28.382     28.616    32.0355     3.8174          1          1  0.000e+00
  1025.5768     28.177     28.410    32.0326     3.8172          1          1  0.000e+00
  1025.5731     27.995     28.226    32.0289     3.8167          1          1  0.000e+00
  1025.5697     27.843     28.073    32.0255     3.8154          1          1  0.000e+00
  1025.5652     27.733     27.962    32.0203     3.8136          1          1  0.000e+00
  1025.5409     27.664     27.893    31.9897     3.8104          1          1  0.000e+00
  1025.5377     27.629     27.857    31.9850     3.8025          1          1  0.000e+00
  1025.5368     27.634     27.862    31.9829     3.7948          1          1  0.000e+00
  1025.5392     27.658     27.886    31.9850     3.7889          1          1  0.000e+00
  1025.5435     27.707     27.935    31.9899     3.7867          1          1  0.000e+00
  1025.5428     27.751     27.980    31.9888     3.7871          1          1  0.000e+00
  1025.5640     27.795     28.024    32.0155     3.7894          1          1  0.000e+00
  1025.5589     27.820     28.050    32.0104     3.8021          1          1  0.000e+00
  1025.5467     27.808     28.038    31.9967     3.8152          1          1  0.000e+00
  1025.5446     27.759     27.988    31.9953     3.8224          1          1  0.000e+00
  1025.5628     27.659     27.887    32.0194     3.8279          1          1  0.000e+00
  1025.5795     27.529     27.756    32.0430     3.8425          1          1  0.000e+00
  1025.5647     27.374     27.600    32.0281     3.8667          1          1  0.000e+00
  1025.5559     27.202     27.427    32.0206     3.8870          1          1  0.000e+00
  1025.5523     27.034     27.257    32.0189     3.9034          1          1  0.000e+00
  1025.5518     26.868     27.090    32.0211     3.9181          1          1  0.000e+00
  1025.5470     26.720     26.940    32.0178     3.9333          1          1  0.000e+00
  1025.5409     26.586     26.806    32.0126     3.9467          1          1  0.000e+00
  1025.5419     26.471     26.689    32.0159     3.9583          1          1  0.000e+00
  1025.5463     26.376     26.594    32.0237     3.9715          1          1  0.000e+00
  1025.5612     26.297     26.514    32.0448     3.9883          1          1  0.000e+00
  1025.5730     26.236     26.453    32.0631     4.0128          1          1  0.000e+00
  1025.5759     26.192     26.408    32.0709     4.0446          1          1  0.000e+00
  1025.6128     26.163     26.379    32.1222     4.0822          1          1  0.000e+00
  1025.6431     26.156     26.372    32.1677     4.1400          1          1  0.000e+00
  1025.6506     26.155     26.371    32.1869     4.2185          1          1  0.000e+00
  1025.6489     26.166     26.382    32.1960     4.3071          1          1  0.000e+00
  1025.5822     26.175     26.391    32.1233     4.3951          1          1  0.000e+00
  1025.5621     26.186     26.402    32.1061     4.4589          1          1  0.000e+00
  1025.5417     26.182     26.398    32.0870     4.5092          1          1  0.000e+00
  1025.4951     26.161     26.377    32.0335     4.5475          1          1  0.000e+00
  1025.4865     26.110     26.326    32.0250     4.5636          1          1  0.000e+00
  1025.5272     26.023     26.238    32.0782     4.5740          1          1  0.000e+00
  1025.5152     25.900     26.114    32.0673     4.6007          1          1  0.000e+00
  1025.4759     25.741     25.954    32.0219     4.6251          1          1  0.000e+00
  1025.4929     25.554     25.764    32.0456     4.6332          1          1  0.000e+00
  1025.5022     25.359     25.568    32.0600     4.6447          1          1  0.000e+00
  1025.5342     25.155     25.363    32.1041     4.6642          1          1  0.000e+00
  1025.5312     24.962     25.168    32.1061     4.6984          1          1  0.000e+00
  1025.5268     24.785     24.990    32.1066     4.7361          1          1  0.000e+00
  1025.5144     24.641     24.844    32.0970     4.7738          1          1  0.000e+00
  1025.5331     24.520     24.722    32.1261     4.8095          1          1  0.000e+00
  1025.6389     24.441     24.642    32.2662     4.8549          1          1  0.000e+00
  1025.6070     24.391     24.592    32.2393     4.9500          1          1  0.000e+00
  1025.7188     24.373     24.574    32.3945     5.0501          1          1  0.000e+00
  1025.6975     24.377     24.578    32.3872     5.1883          1          1  0.000e+00
  1025.6560     24.403     24.604    32.3563     5.3404          1          1  0.000e+00
  1025.5752     24.441     24.642    32.2724     5.4665          1          1  0.000e+00
  1025.5386     24.480     24.682    32.2388     5.5544          1          1  0.000e+00
  1025.5219     24.515     24.717    32.2276     5.6227          1          1  0.000e+00
  1025.4902     24.545     24.747    32.1958     5.6808          1          1  0.000e+00
  1025.4569     24.550     24.752    32.1600     5.7225          1          1  0.000e+00
  1025.4359     24.531     24.733    32.1371     5.7465          1          1  0.000e+00
  1025.4126     24.480     24.682    32.1095     5.7571          1          1  0.000e+00
  1025.4434     24.396     24.597    32.1488     5.7563          1          1  0.000e+00
  1025.4504     24.283     24.483    32.1599     5.7662          1          1  0.000e+00
  1025.4333     24.145     24.344    32.1416     5.7831          1          1  0.000e+00
  1025.4297     23.996     24.193    32.1392     5.7922          1          1  0.000e+00
  1025.4524     23.838     24.034    32.1700     5.7990          1          1  0.000e+00
  1025.4497     23.681     23.876    32.1701     5.8166          1          1  0.000e+00
  1025.4380     23.530     23.724    32.1590     5.8348          1          1  0.000e+00
  1025.4344     23.387     23.580    32.1573     5.8479          1          1  0.000e+00
  1025.4297     23.255     23.446    32.1537     5.8586          1          1  0.000e+00
  1025.4242     23.124     23.315    32.1490     5.8689          1          1  0.000e+00
  1025.4233     23.005     23.195    32.1502     5.8793          1          1  0.000e+00
  1025.4180     22.887     23.075    32.1456     5.8887          1          1  0.000e+00
  1025.4089     22.773     22.961    32.1363     5.8982          1          1  0.000e+00
  1025.3947     22.661     22.848    32.1199     5.9047          1          1  0.000e+00
  1025.3910     22.552     22.738    32.1163     5.9070          1          1  0.000e+00
  1025.3858     22.451     22.636    32.1103     5.9074          1          1  0.000e+00
  1025.3820     22.356     22.540    32.1061     5.9077          1          1  0.000e+00
  1025.3779     22.276     22.460    32.1015     5.9087          1          1  0.000e+00
  1025.3762     22.215     22.398    32.0999     5.9094          1          1  0.000e+00
  1025.3698     22.168     22.351    32.0921     5.9102          1          1  0.000e+00
  1025.3514     22.148     22.330    32.0691     5.9113          1          1  0.000e+00
  1025.3406     22.138     22.321    32.0560     5.9147          1          1  0.000e+00
  1025.3302     22.146     22.328    32.0435     5.9194          1          1  0.000e+00
  1025.3255     22.153     22.336    32.0383     5.9242          1          1  0.000e+00
  1025.3228     22.165     22.347    32.0352     5.9266          1          1  0.000e+00
  1025.3211     22.168     22.351    32.0332     5.9281          1          1  0.000e+00
  1025.3193     22.156     22.339    32.0311     5.9289          1          1  0.000e+00
  1025.3181     22.128     22.310    32.0295     5.9275          1          1  0.000e+00
  1025.3184     22.081     22.263    32.0298     5.9248          1          1  0.000e+00
  1025.3173     22.012     22.194    32.0285     5.9230          1          1  0.000e+00
  1025.3150     21.933     22.113    32.0258     5.9207          1          1  0.000e+00
  1025.3189     21.835     22.015    32.0307     5.9169          1          1  0.000e+00
  1025.3217     21.728     21.907    32.0345     5.9151          1          1  0.000e+00
  1025.3232     21.615     21.793    32.0371     5.9149          1          1  0.000e+00
  1025.3207     21.508     21.685    32.0348     5.9163          1          1  0.000e+00
  1025.3208     21.398     21.575    32.0357     5.9174          1          1  0.000e+00
  1025.3206     21.299     21.474    32.0363     5.9192          1          1  0.000e+00
  1025.3183     21.201     21.376    32.0343     5.9211          1          1  0.000e+00
  1025.3447     21.102     21.275    32.0687     5.9230          1          1  0.000e+00
  1025.3603     20.997     21.170    32.0913     5.9380          1          1  0.000e+00
  1025.3299     20.879     21.051    32.0575     5.9647          1          1  0.000e+00
  1025.3409     20.752     20.923    32.0748     5.9810          1          1  0.000e+00
  1025.3610     20.612     20.782    32.1039     6.0002          1          1  0.000e+00
  1025.3601     20.458     20.627    32.1090     6.0342          1          1  0.000e+00
  1025.3381     20.303     20.471    32.0874     6.0696          1          1  0.000e+00
  1025.3274     20.137     20.303    32.0797     6.1002          1          1  0.000e+00
  1025.2956     19.983     20.148    32.0440     6.1238          1          1  0.000e+00
  1025.3185     19.835     19.998    32.0756     6.1346          1          1  0.000e+00
  1025.3184     19.712     19.874    32.0794     6.1555          1          1  0.000e+00
  1025.3324     19.616     19.777    32.1015     6.1792          1          1  0.000e+00
  1025.4022     19.551     19.712    32.1964     6.2181          1          1  0.000e+00
  1025.4329     19.522     19.683    32.2493     6.3051          1          1  0.000e+00
  1025.3762     19.520     19.681    32.1971     6.4289          1          1  0.000e+00
  1025.3441     19.555     19.716    32.1747     6.5434          1          1  0.000e+00
  1025.2961     19.616     19.777    32.1299     6.6454          1          1  0.000e+00
  1025.2528     19.677     19.839    32.0885     6.7302          1          1  0.000e+00
  1025.2233     19.754     19.917    32.0618     6.7979          1          1  0.000e+00
  1025.1794     19.820     19.983    32.0145     6.8514          1          1  0.000e+00
  1025.1454     19.875     20.039    31.9763     6.8830          1          1  0.000e+00
  1025.1334     19.902     20.066    31.9629     6.8946          1          1  0.000e+00
  1025.1312     19.895     20.059    31.9606     6.8974          1          1  0.000e+00
  1025.1161     19.842     20.006    31.9415     6.8965          1          1  0.000e+00
  1025.1270     19.745     19.907    31.9546     6.8889          1          1  0.000e+00
  1025.1388     19.607     19.769    31.9699     6.8855          1          1  0.000e+00
  1025.1320     19.427     19.587    31.9631     6.8903          1          1  0.000e+00
  1025.1251     19.228     19.386    31.9562     6.8939          1          1  0.000e+00
  1025.1252     19.007     19.164    31.9577     6.8945          1          1  0.000e+00
  1025.1290     18.781     18.936    31.9640     6.8953          1          1  0.000e+00
  1025.1278     18.556     18.708    31.9646     6.8999          1          1  0.000e+00
  1025.1227     18.334     18.485    31.9603     6.9055          1          1  0.000e+00
  1025.1186     18.124     18.273    31.9572     6.9103          1          1  0.000e+00
  1025.1144     17.930     18.078    31.9539     6.9157          1          1  0.000e+00
  1025.1107     17.756     17.902    31.9511     6.9214          1          1  0.000e+00
  1025.1101     17.607     17.752    31.9522     6.9266          1          1  0.000e+00
  1025.1099     17.489     17.633    31.9541     6.9359          1          1  0.000e+00
  1025.1235     17.402     17.545    31.9747     6.9524          1          1  0.000e+00
  1025.1022     17.361     17.504    31.9540     6.9888          1          1  0.000e+00
  1025.1112     17.352     17.495    31.9721     7.0280          1          1  0.000e+00
  1025.2673     17.379     17.522    32.1796     7.0831          1          1  0.000e+00
  1025.3301     17.445     17.588    32.2854     7.2367          1          1  0.000e+00
  1025.2624     17.534     17.678    32.2391     7.4682          1          1  0.000e+00
  1025.0991     17.633     17.778    32.0709     7.6947          1          1  0.000e+00
  1024.9424     17.734     17.880    31.8969     7.8408          1          1  0.000e+00
  1024.8094     17.824     17.971    31.7371     7.8967          1          1  0.000e+00
  1024.7837     17.893     18.040    31.6995     7.8726          1          1  0.000e+00
  1024.8007     17.944     18.092    31.7106     7.8154          1          1  0.000e+00
  1024.8576     17.951     18.099    31.7736     7.7631          1          1  0.000e+00
  1024.9516     17.922     18.069    31.8894     7.7399          1          1  0.000e+00
  1025.0049     17.843     17.990    31.9632     7.7699          1          1  0.000e+00
  1024.9721     17.727     17.873    31.9352     7.8424          1          1  0.000e+00
  1024.9068     17.572     17.716    31.8648     7.9088          1          1  0.000e+00
  1024.8923     17.385     17.528    31.8540     7.9449          1          1  0.000e+00
  1024.9141     17.175     17.317    31.8878     7.9704          1          1  0.000e+00
  1024.9167     16.950     17.089    31.8993     8.0086          1          1  0.000e+00
  1024.8865     16.726     16.864    31.8705     8.0540          1          1  0.000e+00
  1024.8744     16.502     16.638    31.8626     8.0880          1          1  0.000e+00
  1024.8772     16.300     16.434    31.8730     8.1182          1          1  0.000e+00
  1024.9091     16.109     16.242    31.9209     8.1517          1          1  0.000e+00
  1024.9229     15.950     16.081    31.9490     8.2030          1          1  0.000e+00
  1024.9374     15.818     15.948    31.9802     8.2675          1          1  0.000e+00
  1025.1497     15.722     15.851    32.2693     8.3611          1          1  0.000e+00
  1025.1655     15.664     15.793    32.3321     8.5830          1          1  0.000e+00
  1025.1570     15.641     15.769    32.3774     8.8707          1          1  0.000e+00
  1025.0950     15.651     15.780    32.3634     9.1984          1          1  0.000e+00
  1024.9337     15.683     15.812    32.2288     9.5521          1          1  0.000e+00
  1024.7443     15.741     15.871    32.0500     9.8610          1          1  0.000e+00
  1024.6122     15.812     15.942    31.9274    10.0840          1          1  0.000e+00
  1024.4758     15.882     16.013    31.7857    10.2419          1          1  0.000e+00
  1024.3913     15.943     16.074    31.6950    10.3255          1          1  0.000e+00
  1024.3566     15.985     16.117    31.6566    10.3552          1          1  0.000e+00
  1024.3459     16.006     16.138    31.6433    10.3584          1          1  0.000e+00
  1024.3556     15.987     16.119    31.6544    10.3514          1          1  0.000e+00
