data/eDNA/PER-2022-473/473A008.cnv
* Sea-Bird SBE19plus  Data File:
* FileName = C:\Users\RSG_field\Ryan_Perley2022473\CTD\473A008.hex
* Software version 2.3.0 SB_Terminal.dll
* Temperature SN = 7141
* Conductivity SN = 7141
* System UpLoad Time = Aug 08 2022 18:54:57
* <ApplicationData>
* <SeatermAF>
** Platform: M. Perley
** Cruise: Per2022473
** Station:  ESI-06
** Cast: 01
** Latitude: N  44 46.3308
** Longitude: W 62 26.1203
** Sounding: 40.3
** Chief Scientist: Ryan Stanley
** Comment:
# nquan = 8
# nvalues = 2117                                  
# units = specified
# name 0 = density00: Density [density, kg/m^3]
# name 1 = depSM: Depth [salt water, m], lat = 45.00
# name 2 = prdM: Pressure, Strain Gauge [db]
# name 3 = sal00: Salinity, Practical [PSU]
# name 4 = tv290C: Temperature [ITS-90, deg C]
# name 5 = bpos: Bottle Position in Carousel
# name 6 = nbf: Bottles Fired
# name 7 = flag:  0.000e+00
# span 0 =   998.8335,  1025.2110                 
# span 1 =     -0.101,     38.871                 
# span 2 =     -0.102,     39.193                 
# span 3 =     0.0435,    31.5841                 
# span 4 =     4.4062,    16.8636                 
# span 5 =          0,          6                 
# span 6 =          0,          2                 
# span 7 = 0.0000e+00, 0.0000e+00                 
# interval = seconds: 0.25
# start_time = Aug 08 2022 18:39:55 [Instrument's time stamp, header]
# bad_flag = -9.990e-29
*END*
[from data line 720]
  1024.7221     27.223     27.448    31.1626     5.3654          0          0  0.000e+00
  1024.7618     27.489     27.716    31.2035     5.3108          0          0  0.000e+00
  1024.7877     27.730     27.959    31.2296     5.2737          0          0  0.000e+00
  1024.8003     27.947     28.178    31.2410     5.2500          0          0  0.000e+00
  1024.7762     28.127     28.359    31.2066     5.2296          0          0  0.000e+00
  1024.7746     28.269     28.502    31.1978     5.1868          0          0  0.000e+00
  1024.8157     28.371     28.606    31.2408     5.1266          0          0  0.000e+00
  1024.8546     28.432     28.666    31.2831     5.0802          0          0  0.000e+00
  1024.8785     28.454     28.689    31.3096     5.0534          0          0  0.000e+00
  1024.9207     28.441     28.676    31.3617     5.0439          0          0  0.000e+00
  1024.9305     28.407     28.642    31.3769     5.0633          0          0  0.000e+00
  1024.9185     28.368     28.602    31.3670     5.0994          0          0  0.000e+00
  1024.8809     28.336     28.570    31.3245     5.1345          0          0  0.000e+00
  1024.8734     28.321     28.554    31.3177     5.1538          0          0  0.000e+00
  1024.8581     28.334     28.568    31.3003     5.1684          0          0  0.000e+00
  1024.8275     28.382     28.616    31.2624     5.1758          0          0  0.000e+00
  1024.7903     28.469     28.704    31.2129     5.1611          0          0  0.000e+00
  1024.8083     28.587     28.823    31.2286     5.1156          0          0  0.000e+00
  1024.8336     28.739     28.976    31.2530     5.0661          0          0  0.000e+00
  1024.8657     28.912     29.151    31.2865     5.0232          0          0  0.000e+00
  1024.8864     29.100     29.340    31.3074     4.9926          0          0  0.000e+00
  1024.9007     29.300     29.542    31.3209     4.9681          0          0  0.000e+00
  1024.9188     29.499     29.743    31.3394     4.9445          0          0  0.000e+00
  1024.9324     29.701     29.946    31.3530     4.9268          0          0  0.000e+00
  1024.9408     29.896     30.143    31.3609     4.9152          0          0  0.000e+00
  1024.9468     30.083     30.332    31.3663     4.9072          0          0  0.000e+00
  1024.9525     30.268     30.518    31.3716     4.9016          0          0  0.000e+00
  1024.9561     30.443     30.694    31.3747     4.8988          0          0  0.000e+00
  1024.9532     30.608     30.861    31.3700     4.8980          0          0  0.000e+00
  1024.9521     30.772     31.027    31.3672     4.8950          0          0  0.000e+00
  1024.9590     30.930     31.186    31.3742     4.8894          0          0  0.000e+00
  1024.9643     31.086     31.343    31.3796     4.8864          0          0  0.000e+00
  1024.9628     31.240     31.498    31.3769     4.8868          0          0  0.000e+00
  1024.9636     31.389     31.649    31.3771     4.8869          0          0  0.000e+00
  1024.9621     31.531     31.792    31.3743     4.8867          0          0  0.000e+00
  1024.9628     31.663     31.924    31.3741     4.8853          0          0  0.000e+00
  1024.9653     31.775     32.038    31.3764     4.8833          0          0  0.000e+00
  1024.9677     31.867     32.131    31.3788     4.8824          0          0  0.000e+00
  1024.9667     31.934     32.198    31.3772     4.8829          0          0  0.000e+00
  1024.9679     31.977     32.241    31.3784     4.8825          0          0  0.000e+00
  1024.9715     32.000     32.264    31.3827     4.8826          0          0  0.000e+00
  1024.9716     32.013     32.277    31.3832     4.8846          0          0  0.000e+00
  1024.9660     32.023     32.288    31.3763     4.8873          0          0  0.000e+00
  1024.9667     32.044     32.309    31.3773     4.8881          0          0  0.000e+00
  1024.9656     32.084     32.349    31.3756     4.8887          0          0  0.000e+00
  1024.9613     32.153     32.418    31.3697     4.8881          0          0  0.000e+00
  1024.9603     32.251     32.518    31.3673     4.8842          0          0  0.000e+00
  1024.9638     32.379     32.647    31.3702     4.8786          0          0  0.000e+00
  1024.9632     32.540     32.808    31.3678     4.8734          0          0  0.000e+00
  1024.9669     32.722     32.992    31.3706     4.8667          0          0  0.000e+00
  1024.9714     32.918     33.190    31.3741     4.8598          0          0  0.000e+00
  1024.9706     33.125     33.398    31.3710     4.8533          0          0  0.000e+00
  1024.9733     33.332     33.608    31.3718     4.8432          0          0  0.000e+00
  1024.9799     33.531     33.808    31.3774     4.8310          0          0  0.000e+00
  1024.9844     33.728     34.007    31.3803     4.8187          0          0  0.000e+00
  1024.9943     33.900     34.180    31.3900     4.8057          0          0  0.000e+00
  1024.9997     34.057     34.338    31.3945     4.7948          0          0  0.000e+00
  1025.0075     34.195     34.478    31.4022     4.7850          0          0  0.000e+00
  1025.0110     34.319     34.603    31.4049     4.7780          0          0  0.000e+00
  1025.0187     34.424     34.709    31.4133     4.7722          0          0  0.000e+00
  1025.0183     34.512     34.798    31.4118     4.7694          0          0  0.000e+00
  1025.0205     34.590     34.876    31.4137     4.7667          0          0  0.000e+00
  1025.0222     34.662     34.948    31.4151     4.7644          0          0  0.000e+00
  1025.0211     34.731     35.018    31.4132     4.7630          0          0  0.000e+00
  1025.0187     34.803     35.091    31.4093     4.7595          0          0  0.000e+00
  1025.0221     34.873     35.161    31.4123     4.7526          0          0  0.000e+00
  1025.0265     34.949     35.238    31.4163     4.7454          0          0  0.000e+00
  1025.0250     35.036     35.326    31.4132     4.7395          0          0  0.000e+00
  1025.0193     35.127     35.418    31.4041     4.7289          0          0  0.000e+00
  1025.0280     35.229     35.520    31.4116     4.7076          0          0  0.000e+00
  1025.0375     35.342     35.635    31.4199     4.6845          0          0  0.000e+00
  1025.0486     35.464     35.758    31.4301     4.6606          0          0  0.000e+00
  1025.0650     35.596     35.890    31.4468     4.6365          0          0  0.000e+00
  1025.0776     35.739     36.034    31.4592     4.6166          0          0  0.000e+00
  1025.0883     35.888     36.185    31.4697     4.6007          0          0  0.000e+00
  1025.0939     36.054     36.352    31.4742     4.5880          0          0  0.000e+00
  1025.1040     36.219     36.519    31.4842     4.5744          0          0  0.000e+00
  1025.1132     36.386     36.687    31.4934     4.5635          0          0  0.000e+00
  1025.1189     36.547     36.849    31.4987     4.5571          0          0  0.000e+00
  1025.1225     36.708     37.012    31.5019     4.5537          0          0  0.000e+00
  1025.1222     36.858     37.163    31.5003     4.5516          0          0  0.000e+00
  1025.1212     36.993     37.299    31.4977     4.5472          0          0  0.000e+00
  1025.1248     37.117     37.424    31.5004     4.5384          0          0  0.000e+00
  1025.1384     37.222     37.530    31.5155     4.5277          0          0  0.000e+00
  1025.1335     37.311     37.620    31.5082     4.5233          0          0  0.000e+00
  1025.1367     37.386     37.696    31.5105     4.5128          0          0  0.000e+00
  1025.1468     37.441     37.751    31.5210     4.4980          0          0  0.000e+00
  1025.1574     37.493     37.804    31.5324     4.4853          0          0  0.000e+00
  1025.1632     37.541     37.852    31.5381     4.4758          0          0  0.000e+00
  1025.1699     37.582     37.893    31.5454     4.4688          0          0  0.000e+00
  1025.1753     37.617     37.929    31.5515     4.4643          0          0  0.000e+00
  1025.1804     37.623     37.934    31.5577     4.4629          0          0  0.000e+00
  1025.1804     37.612     37.923    31.5581     4.4656          0          0  0.000e+00
  1025.1737     37.572     37.883    31.5504     4.4694          0          0  0.000e+00
  1025.1750     37.557     37.868    31.5522     4.4706          0          0  0.000e+00
  1025.1720     37.542     37.853    31.5488     4.4717          0          0  0.000e+00
  1025.1740     37.539     37.850    31.5513     4.4722          0          0  0.000e+00
  1025.1723     37.551     37.861    31.5493     4.4738          0          0  0.000e+00
  1025.1717     37.569     37.880    31.5486     4.4751          0          0  0.000e+00
  1025.1653     37.605     37.916    31.5403     4.4744          0          0  0.000e+00
  1025.1672     37.653     37.965    31.5416     4.4679          0          0  0.000e+00
  1025.1738     37.712     38.024    31.5484     4.4598          0          0  0.000e+00
  1025.1749     37.781     38.093    31.5487     4.4539          0          0  0.000e+00
  1025.1770     37.848     38.162    31.5500     4.4473          0          0  0.000e+00
  1025.1834     37.914     38.228    31.5567     4.4394          0          0  0.000e+00
  1025.1869     37.981     38.295    31.5599     4.4334          0          0  0.000e+00
  1025.1913     38.033     38.348    31.5646     4.4282          0          0  0.000e+00
  1025.1958     38.070     38.385    31.5696     4.4249          0          0  0.000e+00
  1025.1984     38.090     38.405    31.5726     4.4242          0          0  0.000e+00
  1025.2036     38.080     38.395    31.5795     4.4255          0          0  0.000e+00
  1025.2008     38.047     38.362    31.5766     4.4297          0          0  0.000e+00
  1025.1967     37.985     38.300    31.5724     4.4341          0          0  0.000e+00
  1025.1970     37.901     38.215    31.5736     4.4362          0          0  0.000e+00
  1025.1942     37.802     38.115    31.5708     4.4381          0          0  0.000e+00
  1025.1950     37.699     38.011    31.5726     4.4396          0          0  0.000e+00
  1025.1944     37.596     37.907    31.5727     4.4416          0          0  0.000e+00
  1025.1906     37.508     37.819    31.5688     4.4440          0          0  0.000e+00
  1025.1866     37.439     37.749    31.5644     4.4453          0          0  0.000e+00
  1025.1846     37.396     37.705    31.5620     4.4448          0          0  0.000e+00
  1025.1850     37.381     37.690    31.5625     4.4438          0          0  0.000e+00
  1025.1867     37.398     37.707    31.5644     4.4430          0          0  0.000e+00
  1025.1875     37.440     37.750    31.5653     4.4441          0          0  0.000e+00
  1025.1781     37.504     37.814    31.5538     4.4496          0          0  0.000e+00
  1025.1746     37.577     37.888    31.5494     4.4530          0          0  0.000e+00
  1025.1739     37.662     37.974    31.5480     4.4534          0          0  0.000e+00
  1025.1751     37.742     38.055    31.5490     4.4528          0          0  0.000e+00
  1025.1718     37.827     38.140    31.5442     4.4519          0          0  0.000e+00
  1025.1779     37.905     38.218    31.5508     4.4469          0          0  0.000e+00
  1025.1796     37.968     38.283    31.5521     4.4429          0          0  0.000e+00
  1025.1820     38.029     38.343    31.5543     4.4394          0          0  0.000e+00
  1025.1823     38.072     38.387    31.5539     4.4354          0          0  0.000e+00
  1025.1880     38.103     38.418    31.5602     4.4291          0          0  0.000e+00
  1025.1956     38.122     38.438    31.5690     4.4247          0          0  0.000e+00
  1025.2015     38.127     38.443    31.5766     4.4257          0          0  0.000e+00
  1025.1985     38.118     38.433    31.5736     4.4320          0          0  0.000e+00
  1025.1929     38.093     38.409    31.5675     4.4382          0          0  0.000e+00
  1025.1902     38.059     38.374    31.5648     4.4417          0          0  0.000e+00
  1025.1875     38.012     38.326    31.5619     4.4438          0          0  0.000e+00
  1025.1877     37.958     38.272    31.5626     4.4446          0          0  0.000e+00
  1025.1878     37.894     38.208    31.5632     4.4452          0          0  0.000e+00
  1025.1871     37.827     38.140    31.5628     4.4458          0          0  0.000e+00
  1025.1863     37.768     38.081    31.5622     4.4468          0          0  0.000e+00
  1025.1870     37.712     38.024    31.5635     4.4475          0          0  0.000e+00
  1025.1842     37.670     37.982    31.5604     4.4491          0          0  0.000e+00
  1025.1819     37.639     37.950    31.5579     4.4504          0          0  0.000e+00
  1025.1805     37.615     37.927    31.5565     4.4528          0          0  0.000e+00
  1025.1796     37.606     37.917    31.5559     4.4561          0          0  0.000e+00
  1025.1766     37.604     37.915    31.5529     4.4621          0          0  0.000e+00
  1025.1712     37.611     37.922    31.5471     4.4705          0          0  0.000e+00
  1025.1652     37.626     37.937    31.5405     4.4783          0          0  0.000e+00
  1025.1616     37.652     37.964    31.5365     4.4835          0          0  0.000e+00
  1025.1585     37.685     37.997    31.5329     4.4872          0          0  0.000e+00
  1025.1552     37.728     38.040    31.5288     4.4903          0          0  0.000e+00
  1025.1498     37.774     38.087    31.5218     4.4906          0          0  0.000e+00
  1025.1506     37.823     38.136    31.5217     4.4848          0          0  0.000e+00
  1025.1563     37.876     38.190    31.5275     4.4753          0          0  0.000e+00
  1025.1628     37.923     38.237    31.5341     4.4656          0          0  0.000e+00
  1025.1718     37.961     38.275    31.5442     4.4578          0          0  0.000e+00
  1025.1755     37.992     38.306    31.5484     4.4554          0          0  0.000e+00
  1025.1778     38.011     38.325    31.5513     4.4561          0          0  0.000e+00
  1025.1774     38.021     38.336    31.5509     4.4581          0          0  0.000e+00
  1025.1759     38.021     38.336    31.5494     4.4603          0          0  0.000e+00
  1025.1752     38.016     38.331    31.5486     4.4611          0          0  0.000e+00
  1025.1743     38.008     38.322    31.5475     4.4615          0          0  0.000e+00
  1025.1742     38.004     38.319    31.5475     4.4613          0          0  0.000e+00
  1025.1745     37.999     38.314    31.5478     4.4608          0          0  0.000e+00
  1025.1721     38.000     38.315    31.5446     4.4601          0          0  0.000e+00
  1025.1730     38.002     38.317    31.5454     4.4574          0          0  0.000e+00
  1025.1756     38.010     38.324    31.5482     4.4536          0          0  0.000e+00
  1025.1771     38.015     38.330    31.5496     4.4504          0          0  0.000e+00
  1025.1800     38.014     38.329    31.5529     4.4474          0          0  0.000e+00
  1025.1831     38.007     38.321    31.5566     4.4455          0          0  0.000e+00
  1025.1817     37.987     38.302    31.5549     4.4450          0          0  0.000e+00
  1025.1840     37.952     38.267    31.5578     4.4440          0          0  0.000e+00
  1025.1845     37.908     38.222    31.5588     4.4437          0          0  0.000e+00
  1025.1883     37.852     38.165    31.5639     4.4437          0          0  0.000e+00
  1025.1877     37.793     38.106    31.5637     4.4463          0          0  0.000e+00
  1025.1853     37.734     38.046    31.5614     4.4492          0          0  0.000e+00
