data/eDNA/PER-2022-473/473A024.cnv
* Sea-Bird SBE19plus  Data File:
* FileName = C:\Users\RSG_field\Ryan_Perley2022473\CTD\473A024.hex
* Software version 2.3.0 SB_Terminal.dll
* Temperature SN = 7141
* Conductivity SN = 7141
* System UpLoad Time = Aug 16 2022 13:19:48
* <ApplicationData>
* <SeatermAF>
** Platform: M. Perley
** Cruise: Per2022473
** Station:  SAB_Trans_09
** Cast: 01 473A024
** Latitude: N  45 59.6423
** Longitude: W 59 12.1980
** Sounding: 38
** Chief Scientist: Ryan Stanley
** Comment: Bottles 493896-43902 - sounding based on plumb line
# nquan = 8
# nvalues = 2612                                  
# units = specified
# name 0 = density00: Density [density, kg/m^3]
# name 1 = depSM: Depth [salt water, m], lat = 45.00
# name 2 = prdM: Pressure, Strain Gauge [db]
# name 3 = sal00: Salinity, Practical [PSU]
# name 4 = tv290C: Temperature [ITS-90, deg C]
# name 5 = bpos: Bottle Position in Carousel
# name 6 = nbf: Bottles Fired
# name 7 = flag:  0.000e+00
# span 0 =   998.1194,  1025.0829                 
# span 1 =     -0.037,     33.429                 
# span 2 =     -0.037,     33.706                 
# span 3 =     0.0139,    31.7465                 
# span 4 =     5.3642,    20.4984                 
# span 5 =          0,          6                 
# span 6 =          0,          2                 
# span 7 = 0.0000e+00, 0.0000e+00                 
# interval = seconds: 0.25
# start_time = Aug 16 2022 13:05:01 [Instrument's time stamp, header]
# bad_flag = -9.990e-29
*END*
[from data line 899]
  1024.9103     33.244     33.518    31.3720     5.4151          0          0  0.000e+00
  1024.9229     33.200     33.475    31.3886     5.4182          0          0  0.000e+00
  1024.9437     33.144     33.418    31.4168     5.4292          0          0  0.000e+00
  1024.9243     33.093     33.367    31.3960     5.4528          0          0  0.000e+00
  1024.9064     33.043     33.316    31.3762     5.4707          0          0  0.000e+00
  1024.8889     33.009     33.282    31.3555     5.4797          0          0  0.000e+00
  1024.8774     32.994     33.266    31.3411     5.4793          0          0  0.000e+00
  1024.8773     32.990     33.263    31.3397     5.4706          0          0  0.000e+00
  1024.8728     33.002     33.275    31.3323     5.4593          0          0  0.000e+00
  1024.8842     33.031     33.304    31.3444     5.4446          0          0  0.000e+00
  1024.8921     33.068     33.341    31.3526     5.4332          0          0  0.000e+00
  1024.8927     33.119     33.392    31.3521     5.4263          0          0  0.000e+00
  1024.8944     33.176     33.450    31.3529     5.4195          0          0  0.000e+00
  1024.8871     33.244     33.518    31.3422     5.4121          0          0  0.000e+00
  1024.8948     33.291     33.567    31.3497     5.3983          0          0  0.000e+00
  1024.9019     33.302     33.577    31.3568     5.3859          0          0  0.000e+00
  1024.9083     33.320     33.595    31.3636     5.3769          0          0  0.000e+00
  1024.9124     33.324     33.600    31.3679     5.3713          0          0  0.000e+00
  1024.9159     33.336     33.611    31.3719     5.3684          0          0  0.000e+00
  1024.9175     33.342     33.618    31.3737     5.3676          0          0  0.000e+00
  1024.9187     33.347     33.622    31.3753     5.3677          0          0  0.000e+00
  1024.9194     33.326     33.602    31.3764     5.3688          0          0  0.000e+00
  1024.9259     33.274     33.549    31.3851     5.3708          0          0  0.000e+00
  1024.9311     33.191     33.465    31.3931     5.3770          0          0  0.000e+00
  1024.9372     33.118     33.391    31.4030     5.3893          0          0  0.000e+00
  1024.9316     33.052     33.325    31.3988     5.4064          0          0  0.000e+00
  1024.9252     32.988     33.261    31.3935     5.4234          0          0  0.000e+00
  1024.9112     32.926     33.198    31.3781     5.4369          0          0  0.000e+00
  1024.8975     32.873     33.144    31.3622     5.4443          0          0  0.000e+00
  1024.8929     32.839     33.110    31.3566     5.4443          0          0  0.000e+00
  1024.8934     32.829     33.101    31.3568     5.4410          0          0  0.000e+00
  1024.8992     32.838     33.109    31.3636     5.4378          0          0  0.000e+00
  1024.8937     32.863     33.135    31.3565     5.4384          0          0  0.000e+00
  1024.8885     32.902     33.174    31.3498     5.4387          0          0  0.000e+00
  1024.8899     32.954     33.227    31.3508     5.4352          0          0  0.000e+00
  1024.8807     33.026     33.299    31.3382     5.4313          0          0  0.000e+00
  1024.8738     33.086     33.359    31.3273     5.4195          0          0  0.000e+00
  1024.8903     33.130     33.404    31.3451     5.3995          0          0  0.000e+00
  1024.9025     33.153     33.427    31.3584     5.3858          0          0  0.000e+00
  1024.9108     33.190     33.464    31.3678     5.3790          0          0  0.000e+00
  1024.9130     33.248     33.523    31.3700     5.3776          0          0  0.000e+00
  1024.9096     33.287     33.562    31.3655     5.3775          0          0  0.000e+00
  1024.9097     33.315     33.590    31.3651     5.3753          0          0  0.000e+00
  1024.9109     33.320     33.595    31.3661     5.3724          0          0  0.000e+00
  1024.9137     33.325     33.601    31.3694     5.3700          0          0  0.000e+00
  1024.9125     33.332     33.607    31.3676     5.3688          0          0  0.000e+00
  1024.9131     33.337     33.613    31.3681     5.3673          0          0  0.000e+00
  1024.9148     33.319     33.594    31.3701     5.3653          0          0  0.000e+00
  1024.9213     33.259     33.533    31.3786     5.3642          0          0  0.000e+00
  1024.9397     33.141     33.415    31.4030     5.3681          0          0  0.000e+00
  1024.9333     33.022     33.295    31.3978     5.3833          0          0  0.000e+00
  1024.9234     32.920     33.192    31.3883     5.3999          0          0  0.000e+00
  1024.9127     32.844     33.116    31.3770     5.4120          0          0  0.000e+00
  1024.9074     32.780     33.051    31.3716     5.4192          0          0  0.000e+00
  1024.8976     32.732     33.002    31.3602     5.4236          0          0  0.000e+00
  1024.8959     32.702     32.972    31.3582     5.4238          0          0  0.000e+00
  1024.8991     32.702     32.972    31.3621     5.4229          0          0  0.000e+00
  1024.9001     32.727     32.998    31.3634     5.4240          0          0  0.000e+00
  1024.8942     32.776     33.047    31.3561     5.4268          0          0  0.000e+00
  1024.9053     32.836     33.107    31.3699     5.4279          0          0  0.000e+00
  1024.9069     32.912     33.184    31.3727     5.4366          0          0  0.000e+00
  1024.8986     32.996     33.268    31.3637     5.4502          0          0  0.000e+00
  1024.8673     33.083     33.356    31.3248     5.4588          0          0  0.000e+00
  1024.8512     33.149     33.423    31.3023     5.4463          0          0  0.000e+00
  1024.8694     33.194     33.468    31.3207     5.4159          0          0  0.000e+00
  1024.9001     33.188     33.462    31.3558     5.3899          0          0  0.000e+00
  1024.9170     33.191     33.465    31.3759     5.3807          0          0  0.000e+00
  1024.9147     33.199     33.474    31.3734     5.3838          0          0  0.000e+00
  1024.9116     33.203     33.478    31.3700     5.3881          0          0  0.000e+00
  1024.9076     33.204     33.479    31.3653     5.3910          0          0  0.000e+00
  1024.9084     33.201     33.476    31.3665     5.3919          0          0  0.000e+00
  1024.9136     33.198     33.473    31.3732     5.3927          0          0  0.000e+00
  1024.9154     33.195     33.469    31.3763     5.3981          0          0  0.000e+00
  1024.9098     33.190     33.464    31.3703     5.4052          0          0  0.000e+00
  1024.9041     33.188     33.462    31.3638     5.4107          0          0  0.000e+00
  1024.9013     33.156     33.430    31.3609     5.4134          0          0  0.000e+00
  1024.9017     33.094     33.368    31.3619     5.4142          0          0  0.000e+00
  1024.9181     33.007     33.280    31.3835     5.4167          0          0  0.000e+00
  1024.9265     32.941     33.213    31.3964     5.4298          0          0  0.000e+00
  1024.9110     32.892     33.164    31.3799     5.4496          0          0  0.000e+00
  1024.8983     32.855     33.126    31.3662     5.4649          0          0  0.000e+00
  1024.8850     32.832     33.104    31.3507     5.4734          0          0  0.000e+00
  1024.8859     32.831     33.103    31.3521     5.4749          0          0  0.000e+00
  1024.8814     32.856     33.127    31.3464     5.4757          0          0  0.000e+00
  1024.8621     32.897     33.169    31.3216     5.4753          0          0  0.000e+00
  1024.8512     32.949     33.221    31.3058     5.4627          0          0  0.000e+00
  1024.8642     33.005     33.278    31.3184     5.4386          0          0  0.000e+00
  1024.8780     33.058     33.331    31.3322     5.4148          0          0  0.000e+00
  1024.8923     33.074     33.347    31.3476     5.3967          0          0  0.000e+00
  1024.9091     33.080     33.354    31.3672     5.3860          0          0  0.000e+00
  1024.9110     33.090     33.364    31.3696     5.3853          0          0  0.000e+00
  1024.9083     33.106     33.380    31.3664     5.3876          0          0  0.000e+00
  1024.9049     33.119     33.392    31.3620     5.3878          0          0  0.000e+00
  1024.9024     33.151     33.426    31.3583     5.3860          0          0  0.000e+00
  1024.9024     33.176     33.450    31.3577     5.3823          0          0  0.000e+00
  1024.9068     33.189     33.463    31.3624     5.3774          0          0  0.000e+00
  1024.9101     33.188     33.462    31.3663     5.3747          0          0  0.000e+00
  1024.9114     33.184     33.459    31.3679     5.3742          0          0  0.000e+00
  1024.9145     33.180     33.454    31.3719     5.3749          0          0  0.000e+00
  1024.9199     33.177     33.451    31.3793     5.3785          0          0  0.000e+00
  1024.9177     33.171     33.445    31.3775     5.3856          0          0  0.000e+00
  1024.9083     33.148     33.422    31.3668     5.3929          0          0  0.000e+00
  1024.9077     33.110     33.384    31.3667     5.3962          0          0  0.000e+00
  1024.9154     33.056     33.329    31.3773     5.3992          0          0  0.000e+00
  1024.9143     33.007     33.280    31.3772     5.4072          0          0  0.000e+00
  1024.9107     32.977     33.249    31.3743     5.4166          0          0  0.000e+00
  1024.8949     32.955     33.228    31.3555     5.4238          0          0  0.000e+00
  1024.8908     32.941     33.213    31.3502     5.4225          0          0  0.000e+00
  1024.8951     32.930     33.202    31.3548     5.4169          0          0  0.000e+00
  1024.8996     32.933     33.205    31.3600     5.4130          0          0  0.000e+00
  1024.8971     32.930     33.202    31.3566     5.4116          0          0  0.000e+00
  1024.9002     32.907     33.179    31.3604     5.4095          0          0  0.000e+00
  1024.9041     32.894     33.166    31.3653     5.4088          0          0  0.000e+00
  1024.9042     32.888     33.159    31.3656     5.4105          0          0  0.000e+00
  1024.9035     32.893     33.165    31.3652     5.4127          0          0  0.000e+00
  1024.8906     32.901     33.173    31.3489     5.4142          0          0  0.000e+00
  1024.8893     32.917     33.189    31.3465     5.4091          0          0  0.000e+00
  1024.8943     32.942     33.214    31.3515     5.4011          0          0  0.000e+00
  1024.8996     32.974     33.247    31.3571     5.3947          0          0  0.000e+00
  1024.9039     33.022     33.295    31.3618     5.3913          0          0  0.000e+00
  1024.9036     33.074     33.347    31.3609     5.3905          0          0  0.000e+00
  1024.9034     33.092     33.366    31.3604     5.3895          0          0  0.000e+00
  1024.9085     33.065     33.338    31.3669     5.3881          0          0  0.000e+00
  1024.9134     32.987     33.260    31.3737     5.3897          0          0  0.000e+00
  1024.9137     32.912     33.184    31.3754     5.3950          0          0  0.000e+00
  1024.9142     32.858     33.129    31.3773     5.4021          0          0  0.000e+00
  1024.9072     32.823     33.094    31.3698     5.4101          0          0  0.000e+00
  1024.9063     32.791     33.062    31.3696     5.4158          0          0  0.000e+00
  1024.9031     32.764     33.034    31.3665     5.4211          0          0  0.000e+00
  1024.8984     32.752     33.023    31.3614     5.4257          0          0  0.000e+00
  1024.8932     32.762     33.033    31.3550     5.4276          0          0  0.000e+00
  1024.8866     32.772     33.043    31.3464     5.4264          0          0  0.000e+00
  1024.8920     32.808     33.079    31.3523     5.4217          0          0  0.000e+00
  1024.8941     32.829     33.101    31.3545     5.4189          0          0  0.000e+00
  1024.8963     32.873     33.144    31.3567     5.4171          0          0  0.000e+00
  1024.8975     32.871     33.142    31.3582     5.4166          0          0  0.000e+00
  1024.8974     32.892     33.164    31.3581     5.4172          0          0  0.000e+00
  1024.8968     32.920     33.193    31.3573     5.4182          0          0  0.000e+00
  1024.8951     32.951     33.224    31.3550     5.4192          0          0  0.000e+00
  1024.8904     32.970     33.243    31.3489     5.4188          0          0  0.000e+00
  1024.8979     32.978     33.250    31.3580     5.4158          0          0  0.000e+00
  1024.8907     32.997     33.269    31.3487     5.4160          0          0  0.000e+00
  1024.8881     33.005     33.278    31.3449     5.4129          0          0  0.000e+00
  1024.8945     33.019     33.292    31.3520     5.4058          0          0  0.000e+00
  1024.8983     33.027     33.300    31.3561     5.4012          0          0  0.000e+00
  1024.9033     33.016     33.289    31.3622     5.3991          0          0  0.000e+00
  1024.9034     33.008     33.281    31.3624     5.3999          0          0  0.000e+00
  1024.9056     32.986     33.259    31.3657     5.4016          0          0  0.000e+00
  1024.9072     32.945     33.217    31.3683     5.4048          0          0  0.000e+00
  1024.9112     32.894     33.166    31.3743     5.4093          0          0  0.000e+00
  1024.9035     32.841     33.112    31.3659     5.4164          0          0  0.000e+00
  1024.8943     32.795     33.066    31.3552     5.4210          0          0  0.000e+00
  1024.8969     32.776     33.047    31.3587     5.4209          0          0  0.000e+00
  1024.8902     32.768     33.039    31.3501     5.4205          0          0  0.000e+00
  1024.8958     32.732     33.002    31.3570     5.4175          0          0  0.000e+00
  1024.9005     32.687     32.957    31.3631     5.4171          0          0  0.000e+00
  1024.9012     32.663     32.933    31.3645     5.4192          0          0  0.000e+00
  1024.8981     32.649     32.919    31.3611     5.4227          0          0  0.000e+00
  1024.8912     32.665     32.935    31.3526     5.4246          0          0  0.000e+00
  1024.8919     32.706     32.977    31.3531     5.4236          0          0  0.000e+00
  1024.8927     32.762     33.033    31.3536     5.4224          0          0  0.000e+00
  1024.8912     32.826     33.097    31.3513     5.4218          0          0  0.000e+00
  1024.8889     32.901     33.173    31.3476     5.4203          0          0  0.000e+00
  1024.8915     32.946     33.218    31.3501     5.4168          0          0  0.000e+00
  1024.8956     32.979     33.251    31.3547     5.4138          0          0  0.000e+00
  1024.8987     33.000     33.273    31.3585     5.4130          0          0  0.000e+00
  1024.8981     33.011     33.283    31.3579     5.4145          0          0  0.000e+00
  1024.8965     33.019     33.292    31.3560     5.4167          0          0  0.000e+00
  1024.8938     33.029     33.302    31.3527     5.4179          0          0  0.000e+00
  1024.8960     33.032     33.305    31.3554     5.4174          0          0  0.000e+00
  1024.8992     33.035     33.308    31.3596     5.4176          0          0  0.000e+00
  1024.8985     33.036     33.309    31.3589     5.4195          0          0  0.000e+00
  1024.8960     33.035     33.308    31.3560     5.4215          0          0  0.000e+00
  1024.8941     33.021     33.294    31.3538     5.4224          0          0  0.000e+00
  1024.8981     32.986     33.259    31.3591     5.4222          0          0  0.000e+00
  1024.9011     32.937     33.210    31.3634     5.4243          0          0  0.000e+00
  1024.9012     32.884     33.156    31.3644     5.4283          0          0  0.000e+00
  1024.9002     32.850     33.122    31.3641     5.4328          0          0  0.000e+00
  1024.8908     32.821     33.092    31.3530     5.4370          0          0  0.000e+00
