data/eDNA/PER-2022-473/473A006.cnv
* Sea-Bird SBE19plus  Data File:
* FileName = C:\Users\RSG_field\Ryan_Perley2022473\CTD\473A006.hex
* Software version 2.3.0 SB_Terminal.dll
* Temperature SN = 7141
* Conductivity SN = 7141
* System UpLoad Time = Aug 08 2022 17:30:29
* <ApplicationData>
* <SeatermAF>
** Platform: M. Perley
** Cruise: Per2022473
** Station:  ESI_08
** Cast: 01
** Latitude: N  44 40.2376
** Longitude: W 62 20.9575
** Sounding: 110
** Chief Scientist: Ryan Stanley
** Comment:
# nquan = 8
# nvalues = 3104                                  
# units = specified
# name 0 = density00: Density [density, kg/m^3]
# name 1 = depSM: Depth [salt water, m], lat = 45.00
# name 2 = prdM: Pressure, Strain Gauge [db]
# name 3 = sal00: Salinity, Practical [PSU]
# name 4 = tv290C: Temperature [ITS-90, deg C]
# name 5 = bpos: Bottle Position in Carousel
# name 6 = nbf: Bottles Fired
# name 7 = flag:  0.000e+00
# span 0 =   998.3714,  1026.8591                 
# span 1 =     -0.094,    104.258                 
# span 2 =     -0.095,    105.138                 
# span 3 =     0.0248,    33.7627                 
# span 4 =     4.6387,    19.2819                 
# span 5 =          0,          6                 
# span 6 =          0,          2                 
# span 7 = 0.0000e+00, 0.0000e+00                 
# interval = seconds: 0.25
# start_time = Aug 08 2022 17:08:49 [Instrument's time stamp, header]
# bad_flag = -9.990e-29
*END*
[from data line 1978]
  1026.7156    103.562    104.436    33.5757     7.4322          1          1  0.000e+00
  1026.7286    103.449    104.322    33.5910     7.4217          1          1  0.000e+00
  1026.7309    103.313    104.185    33.5938     7.4167          1          1  0.000e+00
  1026.7302    103.169    104.039    33.5933     7.4140          1          1  0.000e+00
  1026.7306    103.019    103.888    33.5944     7.4120          1          1  0.000e+00
  1026.7288    102.872    103.740    33.5925     7.4102          1          1  0.000e+00
  1026.7274    102.739    103.606    33.5912     7.4080          1          1  0.000e+00
  1026.7262    102.622    103.487    33.5898     7.4057          1          1  0.000e+00
  1026.7282    102.535    103.400    33.5926     7.4031          1          1  0.000e+00
  1026.7270    102.481    103.345    33.5909     7.4012          1          1  0.000e+00
  1026.7201    102.465    103.329    33.5819     7.3994          1          1  0.000e+00
  1026.7194    102.491    103.356    33.5801     7.3945          1          1  0.000e+00
  1026.7238    102.553    103.418    33.5842     7.3892          1          1  0.000e+00
  1026.7172    102.652    103.518    33.5746     7.3853          1          1  0.000e+00
  1026.7233    102.788    103.655    33.5806     7.3800          1          1  0.000e+00
  1026.7241    102.944    103.813    33.5800     7.3762          1          1  0.000e+00
  1026.7319    103.106    103.976    33.5884     7.3725          1          1  0.000e+00
  1026.7437    103.264    104.136    33.6024     7.3723          1          1  0.000e+00
  1026.7574    103.413    104.285    33.6198     7.3772          1          1  0.000e+00
  1026.7723    103.537    104.410    33.6401     7.3887          1          1  0.000e+00
  1026.7662    103.631    104.506    33.6349     7.4062          1          1  0.000e+00
  1026.7579    103.693    104.568    33.6268     7.4209          1          1  0.000e+00
  1026.7749    103.713    104.588    33.6504     7.4324          1          1  0.000e+00
  1026.7392    103.694    104.569    33.6075     7.4462          1          1  0.000e+00
  1026.7089    103.635    104.510    33.5696     7.4480          1          1  0.000e+00
  1026.7134    103.541    104.415    33.5736     7.4356          1          1  0.000e+00
  1026.7256    103.428    104.300    33.5876     7.4238          1          1  0.000e+00
  1026.7265    103.300    104.172    33.5885     7.4175          1          1  0.000e+00
  1026.7242    103.179    104.050    33.5854     7.4130          1          1  0.000e+00
  1026.7240    103.078    103.947    33.5849     7.4083          1          1  0.000e+00
  1026.7242    102.992    103.861    33.5849     7.4037          1          1  0.000e+00
  1026.7255    102.936    103.804    33.5861     7.3994          1          1  0.000e+00
  1026.7283    102.901    103.769    33.5892     7.3959          1          1  0.000e+00
  1026.7294    102.881    103.750    33.5903     7.3936          1          1  0.000e+00
  1026.7300    102.866    103.733    33.5909     7.3922          1          1  0.000e+00
  1026.7230    102.857    103.725    33.5818     7.3911          1          1  0.000e+00
  1026.7212    102.841    103.709    33.5789     7.3873          1          1  0.000e+00
  1026.7253    102.823    103.691    33.5834     7.3826          1          1  0.000e+00
  1026.7291    102.802    103.669    33.5877     7.3793          1          1  0.000e+00
  1026.7296    102.783    103.650    33.5883     7.3783          1          1  0.000e+00
  1026.7275    102.775    103.643    33.5855     7.3777          1          1  0.000e+00
  1026.7268    102.781    103.648    33.5844     7.3763          1          1  0.000e+00
  1026.7278    102.808    103.676    33.5853     7.3747          1          1  0.000e+00
  1026.7278    102.853    103.721    33.5847     7.3734          1          1  0.000e+00
  1026.7304    102.923    103.791    33.5873     7.3720          1          1  0.000e+00
  1026.7314    103.010    103.879    33.5880     7.3717          1          1  0.000e+00
  1026.7326    103.112    103.982    33.5890     7.3717          1          1  0.000e+00
  1026.7521    103.217    104.088    33.6133     7.3726          1          1  0.000e+00
  1026.7621    103.276    104.147    33.6272     7.3804          1          1  0.000e+00
  1026.7463    103.288    104.159    33.6093     7.3931          1          1  0.000e+00
  1026.7274    103.279    104.151    33.5865     7.3999          1          1  0.000e+00
  1026.7279    103.253    104.124    33.5871     7.3984          1          1  0.000e+00
  1026.7289    103.200    104.070    33.5881     7.3957          1          1  0.000e+00
  1026.7254    103.110    103.980    33.5839     7.3939          1          1  0.000e+00
  1026.7252    102.992    103.861    33.5837     7.3905          1          1  0.000e+00
  1026.7235    102.844    103.712    33.5819     7.3875          1          1  0.000e+00
  1026.7256    102.675    103.541    33.5850     7.3841          1          1  0.000e+00
  1026.7256    102.483    103.348    33.5857     7.3820          1          1  0.000e+00
  1026.7238    102.277    103.140    33.5843     7.3805          1          1  0.000e+00
  1026.7232    102.065    102.926    33.5844     7.3788          1          1  0.000e+00
  1026.7221    101.849    102.708    33.5840     7.3771          1          1  0.000e+00
  1026.7207    101.638    102.495    33.5833     7.3756          1          1  0.000e+00
  1026.7199    101.433    102.289    33.5832     7.3740          1          1  0.000e+00
  1026.7186    101.245    102.098    33.5823     7.3723          1          1  0.000e+00
  1026.7167    101.079    101.932    33.5806     7.3706          1          1  0.000e+00
  1026.7153    100.942    101.794    33.5792     7.3687          1          1  0.000e+00
  1026.7101    100.836    101.687    33.5729     7.3667          1          1  0.000e+00
  1026.6985    100.757    101.606    33.5579     7.3627          1          1  0.000e+00
  1026.6861    100.711    101.560    33.5407     7.3534          1          1  0.000e+00
  1026.6790    100.688    101.537    33.5295     7.3409          1          1  0.000e+00
  1026.6727    100.688    101.537    33.5189     7.3270          1          1  0.000e+00
  1026.6863    100.703    101.552    33.5332     7.3102          1          1  0.000e+00
  1026.6708    100.729    101.579    33.5111     7.2982          1          1  0.000e+00
  1026.6684    100.757    101.606    33.5052     7.2830          1          1  0.000e+00
  1026.6805    100.776    101.626    33.5175     7.2670          1          1  0.000e+00
  1026.6914    100.774    101.624    33.5296     7.2564          1          1  0.000e+00
  1026.6982    100.752    101.601    33.5375     7.2514          1          1  0.000e+00
  1026.7039    100.700    101.549    33.5447     7.2501          1          1  0.000e+00
  1026.7043    100.613    101.461    33.5461     7.2516          1          1  0.000e+00
  1026.7022    100.489    101.336    33.5445     7.2540          1          1  0.000e+00
  1026.6978    100.328    101.174    33.5401     7.2557          1          1  0.000e+00
  1026.6951    100.131    100.975    33.5379     7.2562          1          1  0.000e+00
  1026.6858     99.900    100.742    33.5273     7.2553          1          1  0.000e+00
  1026.6804     99.644    100.483    33.5212     7.2510          1          1  0.000e+00
  1026.6763     99.370    100.208    33.5165     7.2446          1          1  0.000e+00
  1026.6735     99.084     99.919    33.5133     7.2376          1          1  0.000e+00
  1026.6544     98.800     99.632    33.4894     7.2298          1          1  0.000e+00
  1026.6329     98.525     99.355    33.4610     7.2156          1          1  0.000e+00
  1026.6353     98.274     99.102    33.4617     7.1935          1          1  0.000e+00
  1026.6424     98.051     98.877    33.4682     7.1717          1          1  0.000e+00
  1026.6468     97.863     98.688    33.4719     7.1549          1          1  0.000e+00
  1026.6358     97.714     98.537    33.4563     7.1412          1          1  0.000e+00
  1026.6275     97.599     98.422    33.4433     7.1237          1          1  0.000e+00
  1026.6532     97.517     98.338    33.4731     7.1049          1          1  0.000e+00
  1026.6529     97.456     98.277    33.4714     7.0953          1          1  0.000e+00
  1026.6565     97.412     98.232    33.4751     7.0886          1          1  0.000e+00
  1026.6569     97.371     98.192    33.4750     7.0838          1          1  0.000e+00
  1026.6382     97.335     98.155    33.4505     7.0789          1          1  0.000e+00
  1026.6422     97.295     98.115    33.4540     7.0680          1          1  0.000e+00
  1026.6526     97.251     98.070    33.4656     7.0578          1          1  0.000e+00
  1026.6594     97.192     98.011    33.4737     7.0529          1          1  0.000e+00
  1026.6591     97.124     97.942    33.4736     7.0517          1          1  0.000e+00
  1026.6667     97.045     97.862    33.4838     7.0520          1          1  0.000e+00
  1026.6621     96.955     97.771    33.4790     7.0553          1          1  0.000e+00
  1026.6501     96.857     97.673    33.4647     7.0575          1          1  0.000e+00
  1026.6464     96.752     97.567    33.4602     7.0546          1          1  0.000e+00
  1026.6504     96.641     97.455    33.4650     7.0499          1          1  0.000e+00
  1026.6516     96.527     97.340    33.4668     7.0469          1          1  0.000e+00
  1026.6521     96.406     97.217    33.4677     7.0453          1          1  0.000e+00
  1026.6489     96.274     97.085    33.4642     7.0440          1          1  0.000e+00
  1026.6470     96.131     96.940    33.4624     7.0422          1          1  0.000e+00
  1026.6447     95.969     96.777    33.4599     7.0394          1          1  0.000e+00
  1026.6345     95.782     96.589    33.4475     7.0361          1          1  0.000e+00
  1026.6320     95.570     96.375    33.4446     7.0302          1          1  0.000e+00
  1026.6324     95.332     96.134    33.4452     7.0236          1          1  0.000e+00
  1026.6360     95.073     95.873    33.4503     7.0179          1          1  0.000e+00
  1026.6253     94.802     95.600    33.4377     7.0145          1          1  0.000e+00
  1026.6170     94.529     95.325    33.4278     7.0085          1          1  0.000e+00
  1026.6104     94.267     95.060    33.4193     6.9989          1          1  0.000e+00
  1026.6094     94.036     94.827    33.4173     6.9876          1          1  0.000e+00
  1026.6024     93.841     94.630    33.4076     6.9764          1          1  0.000e+00
  1026.5914     93.690     94.479    33.3922     6.9634          1          1  0.000e+00
  1026.5797     93.592     94.379    33.3752     6.9473          1          1  0.000e+00
  1026.5522     93.534     94.321    33.3367     6.9255          1          1  0.000e+00
  1026.5663     93.528     94.315    33.3494     6.8948          1          1  0.000e+00
  1026.5847     93.540     94.327    33.3685     6.8705          1          1  0.000e+00
  1026.6435     93.563     94.350    33.4409     6.8581          1          1  0.000e+00
  1026.6180     93.584     94.372    33.4094     6.8637          1          1  0.000e+00
  1026.5076     93.595     94.382    33.2680     6.8576          1          1  0.000e+00
  1026.5465     93.586     94.374    33.3100     6.8144          1          1  0.000e+00
  1026.5505     93.541     94.328    33.3094     6.7792          1          1  0.000e+00
  1026.5936     93.460     94.247    33.3601     6.7536          1          1  0.000e+00
  1026.6093     93.343     94.128    33.3797     6.7468          1          1  0.000e+00
  1026.6120     93.191     93.975    33.3844     6.7497          1          1  0.000e+00
  1026.6072     93.010     93.792    33.3802     6.7546          1          1  0.000e+00
  1026.5915     92.809     93.590    33.3620     6.7579          1          1  0.000e+00
  1026.5715     92.597     93.376    33.3374     6.7553          1          1  0.000e+00
  1026.5636     92.384     93.161    33.3268     6.7447          1          1  0.000e+00
  1026.5659     92.177     92.953    33.3287     6.7309          1          1  0.000e+00
  1026.5747     91.977     92.751    33.3389     6.7186          1          1  0.000e+00
  1026.5741     91.791     92.563    33.3379     6.7107          1          1  0.000e+00
  1026.5686     91.612     92.383    33.3308     6.7043          1          1  0.000e+00
  1026.5618     91.438     92.207    33.3218     6.6957          1          1  0.000e+00
  1026.5589     91.270     92.037    33.3172     6.6850          1          1  0.000e+00
  1026.5649     91.106     91.873    33.3239     6.6735          1          1  0.000e+00
  1026.5664     90.942     91.707    33.3254     6.6653          1          1  0.000e+00
  1026.5672     90.786     91.550    33.3263     6.6590          1          1  0.000e+00
  1026.5616     90.635     91.397    33.3192     6.6540          1          1  0.000e+00
  1026.5502     90.489     91.250    33.3043     6.6470          1          1  0.000e+00
  1026.5388     90.355     91.114    33.2887     6.6354          1          1  0.000e+00
  1026.5348     90.223     90.982    33.2817     6.6192          1          1  0.000e+00
  1026.5251     90.111     90.868    33.2672     6.6025          1          1  0.000e+00
  1026.5167     90.002     90.758    33.2538     6.5826          1          1  0.000e+00
  1026.5176     89.903     90.659    33.2518     6.5604          1          1  0.000e+00
  1026.5084     89.821     90.576    33.2371     6.5390          1          1  0.000e+00
  1026.4745     89.742     90.496    33.1903     6.5134          1          1  0.000e+00
  1026.5196     89.672     90.426    33.2420     6.4783          1          1  0.000e+00
  1026.5424     89.598     90.351    33.2681     6.4593          1          1  0.000e+00
  1026.5504     89.520     90.273    33.2780     6.4543          1          1  0.000e+00
  1026.5023     89.435     90.186    33.2171     6.4519          1          1  0.000e+00
  1026.4962     89.343     90.094    33.2068     6.4334          1          1  0.000e+00
  1026.5142     89.240     89.990    33.2263     6.4095          1          1  0.000e+00
  1026.5211     89.130     89.879    33.2331     6.3938          1          1  0.000e+00
  1026.5425     89.013     89.761    33.2593     6.3841          1          1  0.000e+00
  1026.5407     88.890     89.636    33.2577     6.3841          1          1  0.000e+00
  1026.5093     88.763     89.509    33.2188     6.3847          1          1  0.000e+00
  1026.5083     88.631     89.376    33.2163     6.3731          1          1  0.000e+00
  1026.5100     88.498     89.242    33.2171     6.3593          1          1  0.000e+00
  1026.4809     88.362     89.104    33.1788     6.3466          1          1  0.000e+00
  1026.4890     88.223     88.964    33.1864     6.3251          1          1  0.000e+00
  1026.4677     88.078     88.818    33.1566     6.3029          1          1  0.000e+00
  1026.4521     87.929     88.668    33.1334     6.2761          1          1  0.000e+00
  1026.4728     87.772     88.509    33.1548     6.2412          1          1  0.000e+00
  1026.4642     87.610     88.346    33.1407     6.2158          1          1  0.000e+00
  1026.4353     87.443     88.178    33.1011     6.1916          1          1  0.000e+00
  1026.3903     87.267     88.000    33.0390     6.1539          1          1  0.000e+00
  1026.4330     87.095     87.826    33.0857     6.1012          1          1  0.000e+00
  1026.4292     86.920     87.650    33.0758     6.0632          1          1  0.000e+00
  1026.4616     86.748     87.476    33.1125     6.0295          1          1  0.000e+00
