data/eDNA/PER-2022-473/473A009.cnv
* Sea-Bird SBE19plus  Data File:
* FileName = C:\Users\RSG_field\Ryan_Perley2022473\CTD\473A009.hex
* Software version 2.3.0 SB_Terminal.dll
* Temperature SN = 7141
* Conductivity SN = 7141
* System UpLoad Time = Aug 08 2022 19:37:49
* <ApplicationData>
* <SeatermAF>
** Platform: M. Perley
** Cruise: Per2022473
** Station:  ESI_05
** Cast: 01
** Latitude: N  44 49.3093
** Longitude: W 62 29.1012
** Sounding: 20.3
** Chief Scientist: Ryan Stanley
** Comment: Cast 27
# nquan = 8
# nvalues = 1725                                  
# units = specified
# name 0 = density00: Density [density, kg/m^3]
# name 1 = depSM: Depth [salt water, m], lat = 45.00
# name 2 = prdM: Pressure, Strain Gauge [db]
# name 3 = sal00: Salinity, Practical [PSU]
# name 4 = tv290C: Temperature [ITS-90, deg C]
# name 5 = bpos: Bottle Position in Carousel
# name 6 = nbf: Bottles Fired
# name 7 = flag:  0.000e+00
# span 0 =   999.1113,  1024.4031                 
# span 1 =     -0.099,     19.760                 
# span 2 =     -0.100,     19.923                 
# span 3 =     0.0258,    31.2895                 
# span 4 =     6.8575,    15.0620                 
# span 5 =          0,          6                 
# span 6 =          0,          2                 
# span 7 = 0.0000e+00, 0.0000e+00                 
# interval = seconds: 0.25
# start_time = Aug 08 2022 19:23:48 [Instrument's time stamp, header]
# bad_flag = -9.990e-29
*END*
[from data line 1259]
  1024.3229     18.617     18.771    30.9529     6.9695          1          1  0.000e+00
  1024.3360     18.619     18.772    30.9695     6.9691          1          1  0.000e+00
  1024.3613     18.643     18.796    31.0030     6.9777          1          1  0.000e+00
  1024.3824     18.693     18.847    31.0341     7.0058          1          1  0.000e+00
  1024.3609     18.760     18.914    31.0139     7.0517          1          1  0.000e+00
  1024.3215     18.842     18.997    30.9701     7.0921          1          1  0.000e+00
  1024.2767     18.931     19.087    30.9160     7.1122          1          1  0.000e+00
  1024.2460     19.029     19.185    30.8749     7.1031          1          1  0.000e+00
  1024.2588     19.125     19.283    30.8849     7.0694          1          1  0.000e+00
  1024.2766     19.216     19.375    30.9013     7.0352          1          1  0.000e+00
  1024.2820     19.298     19.457    30.9030     7.0065          1          1  0.000e+00
  1024.2987     19.364     19.523    30.9194     6.9799          1          1  0.000e+00
  1024.3137     19.413     19.572    30.9348     6.9590          1          1  0.000e+00
  1024.3277     19.445     19.605    30.9502     6.9460          1          1  0.000e+00
  1024.3325     19.458     19.618    30.9555     6.9412          1          1  0.000e+00
  1024.3393     19.461     19.622    30.9640     6.9403          1          1  0.000e+00
  1024.3475     19.451     19.611    30.9750     6.9435          1          1  0.000e+00
  1024.3504     19.435     19.595    30.9804     6.9532          1          1  0.000e+00
  1024.3374     19.413     19.572    30.9661     6.9664          1          1  0.000e+00
  1024.3261     19.387     19.547    30.9532     6.9743          1          1  0.000e+00
  1024.3215     19.358     19.518    30.9477     6.9751          1          1  0.000e+00
  1024.3221     19.321     19.480    30.9481     6.9719          1          1  0.000e+00
  1024.3232     19.277     19.436    30.9492     6.9685          1          1  0.000e+00
  1024.3271     19.222     19.380    30.9541     6.9657          1          1  0.000e+00
  1024.3278     19.158     19.316    30.9552     6.9648          1          1  0.000e+00
  1024.3318     19.082     19.239    30.9608     6.9652          1          1  0.000e+00
  1024.3342     19.000     19.157    30.9648     6.9683          1          1  0.000e+00
  1024.3318     18.919     19.074    30.9632     6.9741          1          1  0.000e+00
  1024.3289     18.842     18.997    30.9608     6.9797          1          1  0.000e+00
  1024.3273     18.774     18.929    30.9600     6.9846          1          1  0.000e+00
  1024.3256     18.720     18.874    30.9589     6.9889          1          1  0.000e+00
  1024.3265     18.691     18.845    30.9609     6.9932          1          1  0.000e+00
  1024.3365     18.685     18.839    30.9747     6.9995          1          1  0.000e+00
  1024.3436     18.712     18.866    30.9859     7.0128          1          1  0.000e+00
  1024.3518     18.766     18.920    30.9993     7.0337          1          1  0.000e+00
  1024.3543     18.848     19.003    31.0068     7.0620          1          1  0.000e+00
  1024.3115     18.956     19.112    30.9574     7.0960          1          1  0.000e+00
  1024.2830     19.077     19.234    30.9229     7.1106          1          1  0.000e+00
  1024.2514     19.203     19.361    30.8809     7.1040          1          1  0.000e+00
  1024.2552     19.325     19.484    30.8800     7.0746          1          1  0.000e+00
  1024.2589     19.431     19.591    30.8781     7.0381          1          1  0.000e+00
  1024.2824     19.516     19.677    30.9011     6.9992          1          1  0.000e+00
  1024.3081     19.580     19.741    30.9282     6.9685          1          1  0.000e+00
  1024.3168     19.613     19.774    30.9361     6.9508          1          1  0.000e+00
  1024.3254     19.626     19.787    30.9450     6.9383          1          1  0.000e+00
  1024.3515     19.608     19.769    30.9771     6.9308          1          1  0.000e+00
  1024.3742     19.565     19.726    31.0075     6.9393          1          1  0.000e+00
  1024.3677     19.497     19.658    31.0039     6.9655          1          1  0.000e+00
  1024.3409     19.412     19.571    30.9752     6.9941          1          1  0.000e+00
  1024.3194     19.304     19.463    30.9509     7.0095          1          1  0.000e+00
  1024.3124     19.189     19.347    30.9431     7.0111          1          1  0.000e+00
  1024.3249     19.066     19.223    30.9591     7.0079          1          1  0.000e+00
  1024.3269     18.950     19.106    30.9631     7.0119          1          1  0.000e+00
  1024.3216     18.842     18.997    30.9581     7.0191          1          1  0.000e+00
  1024.3180     18.752     18.907    30.9550     7.0244          1          1  0.000e+00
  1024.3183     18.683     18.837    30.9564     7.0286          1          1  0.000e+00
  1024.3176     18.643     18.796    30.9567     7.0338          1          1  0.000e+00
  1024.3075     18.632     18.786    30.9447     7.0387          1          1  0.000e+00
  1024.3140     18.649     18.803    30.9530     7.0394          1          1  0.000e+00
  1024.3483     18.691     18.845    30.9972     7.0443          1          1  0.000e+00
  1024.3476     18.762     18.916    31.0002     7.0702          1          1  0.000e+00
  1024.3181     18.855     19.010    30.9674     7.1022          1          1  0.000e+00
  1024.2997     18.963     19.119    30.9463     7.1200          1          1  0.000e+00
  1024.2631     19.078     19.235    30.8999     7.1246          1          1  0.000e+00
  1024.2487     19.193     19.351    30.8781     7.1078          1          1  0.000e+00
  1024.2590     19.301     19.460    30.8852     7.0751          1          1  0.000e+00
  1024.2605     19.394     19.553    30.8807     7.0401          1          1  0.000e+00
  1024.2800     19.466     19.626    30.8987     7.0016          1          1  0.000e+00
  1024.3056     19.510     19.671    30.9257     6.9698          1          1  0.000e+00
  1024.3242     19.535     19.695    30.9461     6.9509          1          1  0.000e+00
  1024.3419     19.530     19.691    30.9674     6.9438          1          1  0.000e+00
  1024.3547     19.506     19.667    30.9845     6.9476          1          1  0.000e+00
  1024.3727     19.457     19.617    31.0102     6.9631          1          1  0.000e+00
  1024.3521     19.394     19.553    30.9892     6.9921          1          1  0.000e+00
  1024.3329     19.316     19.475    30.9691     7.0151          1          1  0.000e+00
  1024.3193     19.235     19.393    30.9544     7.0279          1          1  0.000e+00
  1024.3148     19.148     19.305    30.9500     7.0331          1          1  0.000e+00
  1024.3132     19.067     19.224    30.9486     7.0344          1          1  0.000e+00
  1024.3124     18.991     19.147    30.9483     7.0355          1          1  0.000e+00
  1024.3143     18.924     19.080    30.9512     7.0359          1          1  0.000e+00
  1024.3174     18.873     19.028    30.9556     7.0373          1          1  0.000e+00
  1024.3133     18.835     18.990    30.9513     7.0414          1          1  0.000e+00
  1024.3206     18.812     18.966    30.9614     7.0452          1          1  0.000e+00
  1024.3228     18.805     18.960    30.9655     7.0529          1          1  0.000e+00
  1024.3188     18.814     18.969    30.9622     7.0644          1          1  0.000e+00
  1024.3213     18.834     18.989    30.9670     7.0748          1          1  0.000e+00
  1024.3288     18.871     19.026    30.9785     7.0875          1          1  0.000e+00
  1024.3155     18.920     19.075    30.9644     7.1065          1          1  0.000e+00
  1024.3021     18.976     19.132    30.9495     7.1209          1          1  0.000e+00
  1024.2911     19.041     19.197    30.9363     7.1276          1          1  0.000e+00
  1024.2716     19.108     19.266    30.9109     7.1272          1          1  0.000e+00
  1024.2714     19.179     19.337    30.9080     7.1136          1          1  0.000e+00
  1024.2760     19.246     19.405    30.9104     7.0951          1          1  0.000e+00
  1024.2822     19.312     19.471    30.9148     7.0771          1          1  0.000e+00
  1024.2868     19.368     19.528    30.9177     7.0611          1          1  0.000e+00
  1024.2996     19.421     19.581    30.9312     7.0464          1          1  0.000e+00
  1024.2930     19.463     19.623    30.9208     7.0359          1          1  0.000e+00
  1024.3039     19.494     19.655    30.9323     7.0226          1          1  0.000e+00
  1024.3209     19.510     19.671    30.9522     7.0126          1          1  0.000e+00
  1024.3309     19.508     19.669    30.9650     7.0128          1          1  0.000e+00
  1024.3287     19.485     19.645    30.9636     7.0203          1          1  0.000e+00
  1024.3228     19.440     19.600    30.9577     7.0291          1          1  0.000e+00
  1024.3172     19.370     19.530    30.9521     7.0353          1          1  0.000e+00
  1024.3179     19.288     19.446    30.9541     7.0390          1          1  0.000e+00
  1024.3181     19.189     19.347    30.9556     7.0433          1          1  0.000e+00
  1024.3168     19.083     19.240    30.9555     7.0487          1          1  0.000e+00
  1024.3137     18.973     19.129    30.9532     7.0544          1          1  0.000e+00
  1024.3142     18.866     19.021    30.9552     7.0594          1          1  0.000e+00
  1024.3139     18.774     18.928    30.9564     7.0653          1          1  0.000e+00
  1024.3104     18.705     18.859    30.9535     7.0720          1          1  0.000e+00
  1024.3083     18.656     18.809    30.9519     7.0774          1          1  0.000e+00
  1024.3082     18.644     18.798    30.9527     7.0825          1          1  0.000e+00
  1024.3127     18.657     18.810    30.9594     7.0886          1          1  0.000e+00
  1024.3190     18.703     18.856    30.9686     7.0972          1          1  0.000e+00
  1024.3145     18.782     18.937    30.9648     7.1117          1          1  0.000e+00
  1024.3019     18.884     19.039    30.9506     7.1261          1          1  0.000e+00
  1024.2923     19.005     19.161    30.9389     7.1334          1          1  0.000e+00
  1024.2803     19.136     19.294    30.9230     7.1344          1          1  0.000e+00
  1024.2555     19.270     19.428    30.8893     7.1263          1          1  0.000e+00
  1024.2522     19.397     19.557    30.8802     7.1014          1          1  0.000e+00
  1024.2492     19.512     19.673    30.8701     7.0672          1          1  0.000e+00
  1024.2584     19.604     19.765    30.8743     7.0251          1          1  0.000e+00
  1024.2854     19.668     19.830    30.9010     6.9812          1          1  0.000e+00
  1024.3048     19.705     19.868    30.9199     6.9482          1          1  0.000e+00
  1024.3487     19.709     19.871    30.9720     6.9259          1          1  0.000e+00
  1024.3880     19.675     19.837    31.0228     6.9292          1          1  0.000e+00
  1024.3779     19.599     19.761    31.0156     6.9605          1          1  0.000e+00
  1024.3459     19.489     19.650    30.9811     6.9941          1          1  0.000e+00
  1024.3276     19.354     19.514    30.9615     7.0121          1          1  0.000e+00
  1024.3348     19.205     19.363    30.9730     7.0203          1          1  0.000e+00
  1024.3355     19.053     19.210    30.9767     7.0322          1          1  0.000e+00
  1024.3258     18.912     19.068    30.9678     7.0478          1          1  0.000e+00
  1024.3196     18.796     18.951    30.9628     7.0611          1          1  0.000e+00
  1024.3148     18.709     18.863    30.9591     7.0719          1          1  0.000e+00
  1024.3110     18.656     18.809    30.9560     7.0811          1          1  0.000e+00
  1024.3108     18.636     18.789    30.9572     7.0892          1          1  0.000e+00
  1024.3033     18.645     18.799    30.9490     7.0974          1          1  0.000e+00
  1024.2995     18.671     18.824    30.9448     7.1023          1          1  0.000e+00
  1024.3424     18.725     18.879    30.9998     7.1071          1          1  0.000e+00
  1024.3172     18.791     18.945    30.9718     7.1331          1          1  0.000e+00
  1024.2851     18.870     19.025    30.9341     7.1541          1          1  0.000e+00
  1024.2814     18.953     19.109    30.9290     7.1550          1          1  0.000e+00
  1024.2806     19.041     19.197    30.9266     7.1505          1          1  0.000e+00
  1024.2828     19.128     19.285    30.9280     7.1448          1          1  0.000e+00
  1024.2801     19.216     19.374    30.9231     7.1390          1          1  0.000e+00
  1024.2682     19.294     19.453    30.9062     7.1311          1          1  0.000e+00
  1024.2636     19.368     19.528    30.8968     7.1124          1          1  0.000e+00
  1024.2749     19.430     19.590    30.9066     7.0879          1          1  0.000e+00
  1024.2868     19.480     19.640    30.9182     7.0674          1          1  0.000e+00
  1024.3013     19.510     19.671    30.9339     7.0523          1          1  0.000e+00
  1024.3058     19.526     19.687    30.9381     7.0442          1          1  0.000e+00
  1024.3205     19.518     19.678    30.9562     7.0398          1          1  0.000e+00
  1024.3245     19.490     19.651    30.9620     7.0435          1          1  0.000e+00
  1024.3234     19.420     19.580    30.9625     7.0520          1          1  0.000e+00
  1024.3167     19.300     19.459    30.9562     7.0613          1          1  0.000e+00
  1024.3153     19.127     19.284    30.9567     7.0689          1          1  0.000e+00
  1024.3150     18.949     19.104    30.9585     7.0761          1          1  0.000e+00
  1024.3136     18.767     18.922    30.9592     7.0844          1          1  0.000e+00
  1024.3077     18.590     18.743    30.9543     7.0935          1          1  0.000e+00
  1024.3028     18.420     18.571    30.9502     7.1008          1          1  0.000e+00
  1024.3017     18.257     18.408    30.9508     7.1061          1          1  0.000e+00
  1024.2947     18.112     18.261    30.9436     7.1112          1          1  0.000e+00
  1024.2955     17.977     18.124    30.9458     7.1136          1          1  0.000e+00
  1024.2950     17.854     18.000    30.9463     7.1164          1          1  0.000e+00
  1024.2945     17.749     17.895    30.9468     7.1197          1          1  0.000e+00
  1024.2933     17.657     17.803    30.9465     7.1233          1          1  0.000e+00
  1024.3050     17.577     17.721    30.9627     7.1283          1          1  0.000e+00
  1024.3160     17.510     17.654    30.9790     7.1401          1          1  0.000e+00
  1024.3135     17.454     17.598    30.9799     7.1626          1          1  0.000e+00
  1024.3092     17.404     17.547    30.9794     7.1902          1          1  0.000e+00
  1024.3340     17.359     17.501    31.0153     7.2143          1          1  0.000e+00
  1024.3390     17.319     17.462    31.0294     7.2595          1          1  0.000e+00
  1024.3053     17.282     17.424    30.9960     7.3137          1          1  0.000e+00
  1024.2757     17.237     17.378    30.9654     7.3531          1          1  0.000e+00
  1024.2592     17.189     17.330    30.9486     7.3768          1          1  0.000e+00
  1024.2644     17.134     17.275    30.9583     7.3927          1          1  0.000e+00
  1024.2860     17.064     17.204    30.9899     7.4137          1          1  0.000e+00
  1024.2986     16.984     17.124    31.0128     7.4514          1          1  0.000e+00
  1024.2561     16.891     17.030    30.9673     7.4974          1          1  0.000e+00
