data/eDNA/PER-2022-473/473A019.cnv
* Sea-Bird SBE19plus  Data File:
* FileName = C:\Users\RSG_field\Ryan_Perley2022473\CTD\473A019.hex
* Software version 2.3.0 SB_Terminal.dll
* Temperature SN = 7141
* Conductivity SN = 7141
* System UpLoad Time = Aug 14 2022 13:34:44
* <ApplicationData>
* <SeatermAF>
** Platform: M. Perley
** Cruise: Per2022473
** Station:  SAB_Trans_02
** Cast: 01
** Latitude: N  45 59.8379
** Longitude: W 59 12.4093
** Sounding: 34.8
** Chief Scientist: Ryan Stanley
** Comment: CastID 473A018 SampleID 493866-493871
** CAST 37 - note that the depth changed while rosette was stationary at 34 m - dropped to 40 on the sounder
# nquan = 8
# nvalues = 1959                                  
# units = specified
# name 0 = density00: Density [density, kg/m^3]
# name 1 = depSM: Depth [salt water, m], lat = 45.00
# name 2 = prdM: Pressure, Strain Gauge [db]
# name 3 = sal00: Salinity, Practical [PSU]
# name 4 = tv290C: Temperature [ITS-90, deg C]
# name 5 = bpos: Bottle Position in Carousel
# name 6 = nbf: Bottles Fired
# name 7 = flag:  0.000e+00
# span 0 =   998.6184,  1025.1613                 
# span 1 =     -0.107,     32.202                 
# span 2 =     -0.108,     32.468                 
# span 3 =     0.4216,    31.6115                 
# span 4 =     4.0609,    19.5894                 
# span 5 =          0,          6                 
# span 6 =          0,          2                 
# span 7 = 0.0000e+00, 0.0000e+00                 
# interval = seconds: 0.25
# start_time = Aug 14 2022 13:22:42 [Instrument's time stamp, header]
# bad_flag = -9.990e-29
*END*
   998.6797     -0.107     -0.108     0.5015    19.5541          0          0  0.000e+00
   998.6678     -0.107     -0.108     0.4860    19.5547          0          0  0.000e+00
   998.6487     -0.105     -0.106     0.4611    19.5548          0          0  0.000e+00
   998.6392     -0.107     -0.108     0.4488    19.5552          0          0  0.000e+00
   998.6184     -0.105     -0.106     0.4216    19.5554          0          0  0.000e+00
  1000.3029     -0.093     -0.094     2.6324    19.5557          0          0  0.000e+00
  1008.6591     -0.020     -0.020    13.6554    19.5520          0          0  0.000e+00
  1018.2589      0.104      0.105    26.3046    19.5367          0          0  0.000e+00
  1020.6511      0.219      0.220    29.4442    19.5244          0          0  0.000e+00
  1020.6803      0.335      0.338    29.4741    19.5009          0          0  0.000e+00
  1020.6891      0.466      0.469    29.4767    19.4759          0          0  0.000e+00
  1020.6966      0.601      0.606    29.4766    19.4481          0          0  0.000e+00
  1020.7151      0.727      0.733    29.4910    19.4201          0          0  0.000e+00
  1020.7305      0.843      0.850    29.5038    19.3998          0          0  0.000e+00
  1020.7432      0.953      0.961    29.5152    19.3859          0          0  0.000e+00
  1020.7619      1.049      1.057    29.5362    19.3766          0          0  0.000e+00
  1020.7707      1.144      1.153    29.5455    19.3715          0          0  0.000e+00
  1020.7735      1.155      1.164    29.5484    19.3692          0          0  0.000e+00
  1020.7515      1.114      1.123    29.5230    19.3790          0          0  0.000e+00
  1020.7558      1.087      1.096    29.5320    19.3889          0          0  0.000e+00
  1020.7498      1.073      1.082    29.5236    19.3870          0          0  0.000e+00
  1020.7546      1.082      1.091    29.5272    19.3788          0          0  0.000e+00
  1020.7587      1.105      1.114    29.5300    19.3715          0          0  0.000e+00
  1020.7612      1.133      1.143    29.5315    19.3664          0          0  0.000e+00
  1020.7630      1.164      1.174    29.5326    19.3631          0          0  0.000e+00
  1020.7644      1.198      1.208    29.5335    19.3611          0          0  0.000e+00
  1020.7649      1.238      1.248    29.5339    19.3607          0          0  0.000e+00
  1020.7658      1.289      1.300    29.5352    19.3621          0          0  0.000e+00
  1020.7661      1.355      1.366    29.5365    19.3663          0          0  0.000e+00
  1020.7675      1.436      1.448    29.5406    19.3744          0          0  0.000e+00
  1020.7655      1.517      1.529    29.5412    19.3857          0          0  0.000e+00
  1020.7611      1.585      1.598    29.5367    19.3906          0          0  0.000e+00
  1020.7625      1.627      1.641    29.5374    19.3879          0          0  0.000e+00
  1020.7694      1.646      1.660    29.5443    19.3818          0          0  0.000e+00
  1020.7722      1.637      1.650    29.5474    19.3801          0          0  0.000e+00
  1020.7704      1.594      1.607    29.5450    19.3790          0          0  0.000e+00
  1020.7648      1.530      1.542    29.5371    19.3759          0          0  0.000e+00
  1020.7645      1.451      1.463    29.5353    19.3706          0          0  0.000e+00
  1020.7651      1.372      1.383    29.5350    19.3656          0          0  0.000e+00
  1020.7647      1.299      1.309    29.5342    19.3638          0          0  0.000e+00
  1020.7635      1.245      1.255    29.5333    19.3646          0          0  0.000e+00
  1020.7625      1.208      1.217    29.5328    19.3664          0          0  0.000e+00
  1020.7613      1.191      1.200    29.5326    19.3705          0          0  0.000e+00
  1020.7605      1.189      1.199    29.5331    19.3753          0          0  0.000e+00
  1020.7598      1.205      1.215    29.5335    19.3794          0          0  0.000e+00
  1020.7586      1.233      1.243    29.5329    19.3827          0          0  0.000e+00
  1020.7579      1.264      1.274    29.5327    19.3856          0          0  0.000e+00
  1020.7576      1.290      1.301    29.5328    19.3879          0          0  0.000e+00
  1020.7574      1.310      1.321    29.5331    19.3896          0          0  0.000e+00
  1020.7578      1.321      1.332    29.5339    19.3910          0          0  0.000e+00
  1020.7576      1.326      1.337    29.5339    19.3918          0          0  0.000e+00
  1020.7549      1.330      1.341    29.5306    19.3928          0          0  0.000e+00
  1020.7538      1.335      1.346    29.5294    19.3931          0          0  0.000e+00
  1020.7533      1.339      1.350    29.5287    19.3932          0          0  0.000e+00
  1020.7534      1.346      1.357    29.5287    19.3932          0          0  0.000e+00
  1020.7536      1.354      1.365    29.5291    19.3937          0          0  0.000e+00
  1020.7538      1.359      1.370    29.5295    19.3940          0          0  0.000e+00
  1020.7540      1.365      1.377    29.5299    19.3945          0          0  0.000e+00
  1020.7545      1.371      1.382    29.5305    19.3942          0          0  0.000e+00
  1020.7550      1.379      1.391    29.5309    19.3938          0          0  0.000e+00
  1020.7555      1.387      1.398    29.5313    19.3931          0          0  0.000e+00
  1020.7558      1.390      1.401    29.5316    19.3929          0          0  0.000e+00
  1020.7560      1.387      1.398    29.5319    19.3930          0          0  0.000e+00
  1020.7558      1.382      1.394    29.5318    19.3935          0          0  0.000e+00
  1020.7551      1.380      1.392    29.5310    19.3939          0          0  0.000e+00
  1020.7550      1.377      1.388    29.5309    19.3939          0          0  0.000e+00
  1020.7548      1.379      1.391    29.5307    19.3939          0          0  0.000e+00
  1020.7553      1.385      1.396    29.5311    19.3932          0          0  0.000e+00
  1020.7580      1.396      1.408    29.5334    19.3900          0          0  0.000e+00
  1020.7613      1.414      1.426    29.5364    19.3861          0          0  0.000e+00
  1020.7661      1.434      1.446    29.5407    19.3805          0          0  0.000e+00
  1020.7737      1.450      1.462    29.5488    19.3748          0          0  0.000e+00
  1020.7810      1.450      1.462    29.5574    19.3719          0          0  0.000e+00
  1020.7831      1.439      1.450    29.5604    19.3723          0          0  0.000e+00
  1020.7808      1.412      1.424    29.5578    19.3731          0          0  0.000e+00
  1020.7760      1.377      1.388    29.5513    19.3721          0          0  0.000e+00
  1020.7740      1.338      1.349    29.5479    19.3690          0          0  0.000e+00
  1020.7739      1.300      1.310    29.5464    19.3640          0          0  0.000e+00
  1020.7764      1.259      1.270    29.5481    19.3585          0          0  0.000e+00
  1020.7796      1.222      1.232    29.5513    19.3545          0          0  0.000e+00
  1020.7811      1.183      1.193    29.5531    19.3535          0          0  0.000e+00
  1020.7794      1.153      1.163    29.5515    19.3546          0          0  0.000e+00
  1020.7765      1.131      1.140    29.5481    19.3561          0          0  0.000e+00
  1020.7681      1.128      1.137    29.5379    19.3581          0          0  0.000e+00
  1020.7661      1.150      1.160    29.5354    19.3589          0          0  0.000e+00
  1020.7648      1.189      1.199    29.5341    19.3610          0          0  0.000e+00
  1020.7628      1.241      1.252    29.5324    19.3649          0          0  0.000e+00
  1020.7622      1.301      1.311    29.5325    19.3686          0          0  0.000e+00
  1020.7611      1.363      1.374    29.5318    19.3720          0          0  0.000e+00
  1020.7600      1.428      1.440    29.5310    19.3750          0          0  0.000e+00
  1020.7601      1.491      1.503    29.5307    19.3748          0          0  0.000e+00
  1020.7611      1.550      1.563    29.5308    19.3720          0          0  0.000e+00
  1020.7652      1.599      1.612    29.5339    19.3662          0          0  0.000e+00
  1020.7710      1.628      1.642    29.5396    19.3609          0          0  0.000e+00
  1020.7829      1.641      1.654    29.5540    19.3572          0          0  0.000e+00
  1020.7912      1.631      1.645    29.5645    19.3559          0          0  0.000e+00
  1020.7973      1.605      1.618    29.5722    19.3544          0          0  0.000e+00
  1020.7967      1.560      1.573    29.5731    19.3586          0          0  0.000e+00
  1020.7873      1.497      1.509    29.5652    19.3713          0          0  0.000e+00
  1020.7773      1.434      1.446    29.5565    19.3839          0          0  0.000e+00
  1020.7697      1.371      1.382    29.5501    19.3934          0          0  0.000e+00
  1020.7638      1.316      1.326    29.5450    19.4008          0          0  0.000e+00
  1020.7596      1.262      1.272    29.5416    19.4057          0          0  0.000e+00
  1020.7570      1.214      1.224    29.5395    19.4090          0          0  0.000e+00
  1020.7556      1.168      1.178    29.5385    19.4109          0          0  0.000e+00
  1020.7541      1.128      1.137    29.5371    19.4116          0          0  0.000e+00
  1020.7521      1.096      1.105    29.5344    19.4113          0          0  0.000e+00
  1020.7489      1.075      1.084    29.5300    19.4102          0          0  0.000e+00
  1020.7464      1.069      1.077    29.5262    19.4086          0          0  0.000e+00
  1020.7441      1.078      1.087    29.5227    19.4072          0          0  0.000e+00
  1020.7451      1.106      1.115    29.5231    19.4047          0          0  0.000e+00
  1020.7445      1.153      1.163    29.5186    19.3944          0          0  0.000e+00
  1020.7450      1.215      1.225    29.5146    19.3812          0          0  0.000e+00
  1020.7510      1.277      1.288    29.5189    19.3714          0          0  0.000e+00
  1020.7567      1.343      1.354    29.5239    19.3653          0          0  0.000e+00
  1020.7618      1.405      1.416    29.5285    19.3597          0          0  0.000e+00
  1020.7669      1.454      1.466    29.5333    19.3550          0          0  0.000e+00
  1020.7750      1.495      1.507    29.5425    19.3514          0          0  0.000e+00
  1020.7859      1.525      1.538    29.5559    19.3493          0          0  0.000e+00
  1020.7915      1.551      1.564    29.5629    19.3485          0          0  0.000e+00
  1020.7936      1.572      1.585    29.5651    19.3473          0          0  0.000e+00
  1020.7951      1.590      1.603    29.5674    19.3481          0          0  0.000e+00
  1020.7924      1.606      1.619    29.5656    19.3542          0          0  0.000e+00
  1020.7904      1.619      1.632    29.5644    19.3586          0          0  0.000e+00
  1020.7899      1.620      1.633    29.5646    19.3611          0          0  0.000e+00
  1020.7895      1.608      1.621    29.5648    19.3632          0          0  0.000e+00
  1020.7879      1.584      1.597    29.5642    19.3674          0          0  0.000e+00
  1020.7822      1.544      1.556    29.5596    19.3754          0          0  0.000e+00
  1020.7748      1.483      1.495    29.5534    19.3847          0          0  0.000e+00
  1020.7670      1.411      1.423    29.5466    19.3942          0          0  0.000e+00
  1020.7598      1.328      1.339    29.5404    19.4026          0          0  0.000e+00
  1020.7546      1.241      1.252    29.5362    19.4091          0          0  0.000e+00
  1020.7510      1.161      1.170    29.5333    19.4131          0          0  0.000e+00
  1020.7479      1.086      1.095    29.5304    19.4156          0          0  0.000e+00
  1020.7444      1.026      1.035    29.5264    19.4162          0          0  0.000e+00
  1020.7405      0.988      0.996    29.5215    19.4163          0          0  0.000e+00
  1020.7383      0.974      0.982    29.5186    19.4162          0          0  0.000e+00
  1020.7394      0.986      0.994    29.5186    19.4117          0          0  0.000e+00
  1020.7398      1.017      1.025    29.5138    19.3958          0          0  0.000e+00
  1020.7445      1.065      1.074    29.5132    19.3762          0          0  0.000e+00
  1020.7516      1.124      1.133    29.5170    19.3604          0          0  0.000e+00
  1020.7576      1.193      1.202    29.5211    19.3501          0          0  0.000e+00
  1020.7626      1.264      1.274    29.5252    19.3438          0          0  0.000e+00
  1020.7669      1.333      1.343    29.5289    19.3393          0          0  0.000e+00
  1020.7699      1.401      1.413    29.5314    19.3363          0          0  0.000e+00
  1020.7714      1.474      1.486    29.5325    19.3347          0          0  0.000e+00
  1020.7717      1.539      1.552    29.5325    19.3348          0          0  0.000e+00
  1020.7713      1.598      1.611    29.5322    19.3365          0          0  0.000e+00
  1020.7717      1.652      1.665    29.5329    19.3376          0          0  0.000e+00
  1020.7735      1.694      1.708    29.5350    19.3377          0          0  0.000e+00
  1020.7784      1.724      1.738    29.5412    19.3377          0          0  0.000e+00
  1020.7871      1.733      1.747    29.5526    19.3380          0          0  0.000e+00
  1020.7913      1.726      1.740    29.5583    19.3382          0          0  0.000e+00
  1020.7986      1.704      1.718    29.5683    19.3391          0          0  0.000e+00
  1020.7992      1.665      1.679    29.5710    19.3441          0          0  0.000e+00
  1020.7920      1.610      1.623    29.5653    19.3549          0          0  0.000e+00
  1020.7817      1.540      1.553    29.5564    19.3673          0          0  0.000e+00
  1020.7722      1.465      1.477    29.5480    19.3786          0          0  0.000e+00
  1020.7647      1.377      1.388    29.5413    19.3870          0          0  0.000e+00
  1020.7589      1.285      1.295    29.5363    19.3931          0          0  0.000e+00
  1020.7545      1.187      1.197    29.5325    19.3974          0          0  0.000e+00
  1020.7510      1.093      1.102    29.5293    19.4001          0          0  0.000e+00
  1020.7467      1.009      1.018    29.5247    19.4015          0          0  0.000e+00
  1020.7426      0.934      0.942    29.5199    19.4018          0          0  0.000e+00
  1020.7395      0.879      0.886    29.5158    19.4009          0          0  0.000e+00
  1020.7408      0.852      0.859    29.5171    19.3993          0          0  0.000e+00
  1020.7209      0.854      0.860    29.4878    19.3898          0          0  0.000e+00
  1020.7232      0.894      0.901    29.4838    19.3690          0          0  0.000e+00
  1020.7436      0.966      0.974    29.5020    19.3442          0          0  0.000e+00
  1020.7570      1.074      1.083    29.5140    19.3290          0          0  0.000e+00
  1020.7586      1.198      1.208    29.5134    19.3227          0          0  0.000e+00
  1020.7615      1.321      1.332    29.5144    19.3163          0          0  0.000e+00
  1020.7677      1.431      1.443    29.5199    19.3104          0          0  0.000e+00
  1020.7715      1.527      1.539    29.5234    19.3077          0          0  0.000e+00
  1020.7736      1.597      1.610    29.5258    19.3076          0          0  0.000e+00
  1020.7723      1.649      1.663    29.5243    19.3091          0          0  0.000e+00
  1020.7711      1.682      1.696    29.5229    19.3103          0          0  0.000e+00
  1020.7700      1.700      1.714    29.5213    19.3104          0          0  0.000e+00
  1020.7695      1.704      1.718    29.5204    19.3095          0          0  0.000e+00
