data/eDNA/PER-2022-473/473A017.cnv
* Sea-Bird SBE19plus  Data File:
* FileName = C:\Users\RSG_field\Ryan_Perley2022473\CTD\473A017.hex
* Software version 2.3.0 SB_Terminal.dll
* Temperature SN = 7141
* Conductivity SN = 7141
* System UpLoad Time = Aug 10 2022 19:14:27
* <ApplicationData>
* <SeatermAF>
** Platform: M. Perley
** Cruise: Per2022473
** Station:  ESI_09
** Cast: 01
** Latitude: N  44 44.3742
** Longitude: W 62 43.6238
** Sounding: 16.9
** Chief Scientist: Ryan Stanley
** Comment: CastID 473A017 SampleIDs 493853-493858 Cast 35
# nquan = 8
# nvalues = 1767                                  
# units = specified
# name 0 = density00: Density [density, kg/m^3]
# name 1 = depSM: Depth [salt water, m], lat = 45.00
# name 2 = prdM: Pressure, Strain Gauge [db]
# name 3 = sal00: Salinity, Practical [PSU]
# name 4 = tv290C: Temperature [ITS-90, deg C]
# name 5 = bpos: Bottle Position in Carousel
# name 6 = nbf: Bottles Fired
# name 7 = flag:  0.000e+00
# span 0 =   999.1475,  1024.3244                 
# span 1 =     -0.079,     16.666                 
# span 2 =     -0.079,     16.803                 
# span 3 =     0.0559,    31.1997                 
# span 4 =     7.1688,    15.1036                 
# span 5 =          0,          6                 
# span 6 =          0,          2                 
# span 7 = 0.0000e+00, 0.0000e+00                 
# interval = seconds: 0.25
# start_time = Aug 10 2022 19:03:30 [Instrument's time stamp, header]
# bad_flag = -9.990e-29
*END*
[from data line 1618]
  1023.6940      3.311      3.338    30.8488    10.2062          1          1  0.000e+00
  1023.7352      3.227      3.254    30.9090    10.2383          1          1  0.000e+00
  1023.7860      3.157      3.183    30.9870    10.2965          1          1  0.000e+00
  1023.8480      3.103      3.129    31.0866    10.3887          1          1  0.000e+00
  1023.8341      3.065      3.090    31.1055    10.5580          1          1  0.000e+00
  1023.8481      3.034      3.059    31.1667    10.7555          1          1  0.000e+00
  1023.8080      3.015      3.040    31.1711    11.0076          1          1  0.000e+00
  1023.5190      2.998      3.023    30.8605    11.2801          1          1  0.000e+00
  1023.5717      2.980      3.005    30.9586    11.4125          1          1  0.000e+00
  1023.4948      2.949      2.974    30.8921    11.5541          1          1  0.000e+00
  1023.4032      2.908      2.932    30.8040    11.6824          6          2  0.000e+00
  1023.3188      2.848      2.871    30.7153    11.7675          6          2  0.000e+00
  1023.1814      2.770      2.793    30.5457    11.7979          6          2  0.000e+00
  1023.2554      2.673      2.695    30.6311    11.7518          6          2  0.000e+00
  1023.3034      2.559      2.580    30.6865    11.7214          6          2  0.000e+00
  1023.3211      2.432      2.452    30.7108    11.7247          6          2  0.000e+00
  1023.3385      2.291      2.310    30.7391    11.7462          6          2  0.000e+00
  1023.3091      2.135      2.153    30.7096    11.7782          6          2  0.000e+00
  1023.3343      1.972      1.988    30.7488    11.8038          6          2  0.000e+00
  1023.3181      1.799      1.814    30.7382    11.8430          6          2  0.000e+00
  1023.3171      1.626      1.639    30.7472    11.8829          6          2  0.000e+00
  1023.3166      1.451      1.463    30.7581    11.9275          6          2  0.000e+00
  1023.3014      1.281      1.292    30.7518    11.9798          6          2  0.000e+00
  1023.2819      1.131      1.140    30.7386    12.0271          6          2  0.000e+00
  1023.2807      1.012      1.020    30.7476    12.0685          6          2  0.000e+00
  1023.3184      0.928      0.936    30.8084    12.1180          6          2  0.000e+00
  1023.3173      0.870      0.877    30.8267    12.1995          6          2  0.000e+00
  1023.2388      0.842      0.849    30.7477    12.2919          6          2  0.000e+00
  1023.2288      0.837      0.844    30.7490    12.3510          6          2  0.000e+00
  1023.1736      0.838      0.845    30.6908    12.4050          6          2  0.000e+00
  1023.1139      0.842      0.849    30.6193    12.4284          6          2  0.000e+00
  1023.1528      0.835      0.842    30.6661    12.4140          6          2  0.000e+00
  1023.2112      0.814      0.820    30.7423    12.4169          6          2  0.000e+00
  1023.1596      0.764      0.770    30.6859    12.4583          6          2  0.000e+00
  1023.1850      0.686      0.692    30.7258    12.4857          6          2  0.000e+00
  1023.1259      0.597      0.602    30.6588    12.5217          6          2  0.000e+00
  1023.0769      0.508      0.513    30.5989    12.5338          6          2  0.000e+00
  1023.1089      0.432      0.436    30.6339    12.5058          6          2  0.000e+00
  1023.1834      0.373      0.376    30.7268    12.4906          6          2  0.000e+00
  1023.2723      0.316      0.318    30.8501    12.5244          6          2  0.000e+00
  1023.1461      0.249      0.251    30.7120    12.6250          6          2  0.000e+00
  1023.0761      0.157      0.158    30.6347    12.6764          6          2  0.000e+00
  1023.0777      0.047      0.048    30.6378    12.6777          6          2  0.000e+00
  1023.1051     -0.054     -0.055    30.6753    12.6837          6          2  0.000e+00
  1023.0372     -0.059     -0.059    30.5957    12.7174          6          2  0.000e+00
  1022.9865     -0.059     -0.059    30.5350    12.7370          6          2  0.000e+00
  1022.9939     -0.059     -0.059    30.5393    12.7153          6          2  0.000e+00
  1023.0259     -0.060     -0.060    30.5654    12.6531          6          2  0.000e+00
  1022.9724     -0.058     -0.058    30.4845    12.6047          6          2  0.000e+00
  1023.0025     -0.061     -0.061    30.5080    12.5410          6          2  0.000e+00
  1023.0535     -0.059     -0.059    30.5525    12.4530          6          2  0.000e+00
  1023.0860     -0.059     -0.059    30.5786    12.3871          6          2  0.000e+00
  1023.1048     -0.060     -0.060    30.5911    12.3377          6          2  0.000e+00
  1023.1192     -0.059     -0.059    30.5996    12.2961          6          2  0.000e+00
  1023.1323     -0.058     -0.058    30.6075    12.2585          6          2  0.000e+00
  1023.1488     -0.059     -0.059    30.6207    12.2242          6          2  0.000e+00
  1020.5036     -0.059     -0.059    27.1981    12.1950          6          2  0.000e+00
  1005.9714     -0.060     -0.060     8.3768    12.1725          6          2  0.000e+00
  1006.0834     -0.060     -0.060     8.5184    12.1528          6          2  0.000e+00
  1003.9128     -0.059     -0.059     5.7056    12.1311          6          2  0.000e+00
  1003.2303     -0.061     -0.061     4.8168    12.0911          6          2  0.000e+00
  1002.9428     -0.060     -0.060     4.4379    12.0456          6          2  0.000e+00
  1002.3718     -0.061     -0.061     3.6959    12.0148          6          2  0.000e+00
  1002.1100     -0.062     -0.062     3.3558    12.0004          6          2  0.000e+00
  1001.9173     -0.060     -0.060     3.1062    11.9931          6          2  0.000e+00
  1001.7079     -0.061     -0.061     2.8354    11.9874          6          2  0.000e+00
  1001.5207     -0.060     -0.060     2.5931    11.9809          6          2  0.000e+00
  1002.0968     -0.060     -0.060     3.3347    11.9737          6          2  0.000e+00
  1002.0271     -0.061     -0.061     3.2435    11.9658          6          2  0.000e+00
  1001.7024     -0.061     -0.061     2.8237    11.9571          6          2  0.000e+00
  1001.4419     -0.061     -0.061     2.4866    11.9476          6          2  0.000e+00
  1001.1272     -0.061     -0.061     2.0799    11.9379          6          2  0.000e+00
  1000.8880     -0.060     -0.060     1.7706    11.9275          6          2  0.000e+00
  1000.7465     -0.061     -0.061     1.5870    11.9167          6          2  0.000e+00
  1000.7779     -0.061     -0.061     1.6256    11.9053          6          2  0.000e+00
  1000.9059     -0.059     -0.059     1.7884    11.8937          6          2  0.000e+00
  1001.0172     -0.059     -0.059     1.9297    11.8816          6          2  0.000e+00
  1000.9757     -0.056     -0.057     1.8745    11.8693          6          2  0.000e+00
  1000.8819     -0.055     -0.056     1.7520    11.8564          6          2  0.000e+00
  1000.8471     -0.055     -0.056     1.7052    11.8433          6          2  0.000e+00
  1000.8393     -0.055     -0.056     1.6931    11.8296          6          2  0.000e+00
  1000.8330     -0.054     -0.055     1.6831    11.8161          6          2  0.000e+00
  1000.7778     -0.053     -0.054     1.6100    11.8020          6          2  0.000e+00
  1000.6784     -0.052     -0.053     1.4801    11.7879          6          2  0.000e+00
  1000.6079     -0.054     -0.055     1.3875    11.7735          6          2  0.000e+00
  1000.5620     -0.054     -0.055     1.3265    11.7595          6          2  0.000e+00
  1000.5144     -0.054     -0.055     1.2632    11.7451          6          2  0.000e+00
  1000.5811     -0.053     -0.054     1.3468    11.7305          6          2  0.000e+00
  1000.6951     -0.052     -0.053     1.4911    11.7163          6          2  0.000e+00
  1000.7453     -0.054     -0.055     1.5534    11.7018          6          2  0.000e+00
  1000.7376     -0.054     -0.055     1.5415    11.6876          6          2  0.000e+00
  1000.6532     -0.054     -0.055     1.4310    11.6734          6          2  0.000e+00
  1000.5431     -0.055     -0.056     1.2876    11.6592          6          2  0.000e+00
  1000.4867     -0.054     -0.055     1.2131    11.6450          6          2  0.000e+00
  1000.5061     -0.055     -0.056     1.2360    11.6308          6          2  0.000e+00
  1000.5626     -0.055     -0.056     1.3065    11.6166          6          2  0.000e+00
  1000.5384     -0.053     -0.054     1.2733    11.6024          6          2  0.000e+00
  1000.5422     -0.055     -0.056     1.2762    11.5881          6          2  0.000e+00
  1000.5239     -0.056     -0.057     1.2506    11.5741          6          2  0.000e+00
  1000.4497     -0.055     -0.056     1.1535    11.5600          6          2  0.000e+00
  1000.3795     -0.054     -0.055     1.0614    11.5460          6          2  0.000e+00
  1000.3041     -0.056     -0.057     0.9628    11.5325          6          2  0.000e+00
  1000.2066     -0.056     -0.057     0.8360    11.5193          6          2  0.000e+00
  1000.1411     -0.054     -0.055     0.7503    11.5058          6          2  0.000e+00
  1000.0953     -0.054     -0.055     0.6898    11.4922          6          2  0.000e+00
  1000.0838     -0.053     -0.054     0.6732    11.4789          6          2  0.000e+00
  1000.0651     -0.054     -0.055     0.6473    11.4654          6          2  0.000e+00
  1000.0675     -0.053     -0.054     0.6484    11.4519          6          2  0.000e+00
  1000.0730     -0.053     -0.054     0.6537    11.4391          6          2  0.000e+00
  1000.0478     -0.053     -0.054     0.6197    11.4262          6          2  0.000e+00
  1000.0482     -0.054     -0.055     0.6184    11.4132          6          2  0.000e+00
  1000.0405     -0.053     -0.054     0.6068    11.4005          6          2  0.000e+00
  1000.0059     -0.053     -0.054     0.5609    11.3881          6          2  0.000e+00
   999.9791     -0.052     -0.053     0.5248    11.3756          6          2  0.000e+00
   999.9690     -0.053     -0.054     0.5102    11.3632          6          2  0.000e+00
   999.9996     -0.055     -0.056     0.5476    11.3506          6          2  0.000e+00
  1000.0209     -0.053     -0.054     0.5732    11.3386          6          2  0.000e+00
  1000.0541     -0.054     -0.055     0.6141    11.3268          6          2  0.000e+00
  1000.0707     -0.055     -0.056     0.6337    11.3153          6          2  0.000e+00
  1000.3385     -0.053     -0.054     0.9749    11.3042          6          2  0.000e+00
  1000.8821     -0.053     -0.054     1.6704    11.2930          6          2  0.000e+00
  1000.8645     -0.053     -0.054     1.6462    11.2822          6          2  0.000e+00
  1000.6611     -0.052     -0.053     1.3838    11.2715          6          2  0.000e+00
  1000.4733     -0.053     -0.054     1.1417    11.2611          6          2  0.000e+00
  1000.3468     -0.054     -0.055     0.9782    11.2506          6          2  0.000e+00
  1000.2955     -0.053     -0.054     0.9111    11.2401          6          2  0.000e+00
  1000.2841     -0.053     -0.054     0.8950    11.2295          6          2  0.000e+00
  1000.2489     -0.053     -0.054     0.8486    11.2192          6          2  0.000e+00
  1000.1836     -0.053     -0.054     0.7636    11.2089          6          2  0.000e+00
  1000.1444     -0.054     -0.055     0.7122    11.1990          6          2  0.000e+00
  1000.1075     -0.053     -0.054     0.6636    11.1890          6          2  0.000e+00
  1000.1113     -0.052     -0.053     0.6671    11.1791          6          2  0.000e+00
  1000.2449     -0.054     -0.055     0.8368    11.1695          6          2  0.000e+00
  1000.2036     -0.054     -0.055     0.7826    11.1601          6          2  0.000e+00
  1000.1920     -0.053     -0.054     0.7666    11.1510          6          2  0.000e+00
  1000.1477     -0.054     -0.055     0.7087    11.1421          6          2  0.000e+00
  1000.0932     -0.054     -0.055     0.6378    11.1333          6          2  0.000e+00
  1000.0398     -0.054     -0.055     0.5684    11.1246          6          2  0.000e+00
  1000.0165     -0.054     -0.055     0.5375    11.1163          6          2  0.000e+00
   999.9739     -0.053     -0.054     0.4821    11.1083          6          2  0.000e+00
   999.9283     -0.054     -0.055     0.4228    11.1005          6          2  0.000e+00
   999.8983     -0.055     -0.056     0.3834    11.0929          6          2  0.000e+00
   999.8756     -0.055     -0.056     0.3535    11.0857          6          2  0.000e+00
   999.8637     -0.052     -0.053     0.3374    11.0787          6          2  0.000e+00
   999.8525     -0.053     -0.054     0.3222    11.0717          6          2  0.000e+00
   999.8391     -0.054     -0.055     0.3042    11.0647          6          2  0.000e+00
   999.8278     -0.052     -0.053     0.2890    11.0580          6          2  0.000e+00
   999.8165     -0.053     -0.054     0.2737    11.0513          6          2  0.000e+00
   999.8057     -0.054     -0.055     0.2590    11.0450          6          2  0.000e+00
