data/eDNA/PER-2022-473/473A027.cnv
* Sea-Bird SBE19plus  Data File:
* FileName = C:\Users\RSG_field\Ryan_Perley2022473\CTD\473A027.hex
* Software version 2.3.0 SB_Terminal.dll
* Temperature SN = 7141
* Conductivity SN = 7141
* System UpLoad Time = Aug 16 2022 15:44:44
* <ApplicationData>
* <SeatermAF>
** Platform: M. Perley
** Cruise: Per2022473
** Station:  SAB_Trans_12
** Cast: 01 473A027
** Latitude: N  46 5.3473
** Longitude: W 59 1.8902
** Sounding: 104.8
** Chief Scientist: Ryan Stanley
** Comment: Bottles 493915-43920 - sounding based on plumb line cast 46
# nquan = 8
# nvalues = 3501                                  
# units = specified
# name 0 = density00: Density [density, kg/m^3]
# name 1 = depSM: Depth [salt water, m], lat = 45.00
# name 2 = prdM: Pressure, Strain Gauge [db]
# name 3 = sal00: Salinity, Practical [PSU]
# name 4 = tv290C: Temperature [ITS-90, deg C]
# name 5 = bpos: Bottle Position in Carousel
# name 6 = nbf: Bottles Fired
# name 7 = flag:  0.000e+00
# span 0 =   998.5363,  1026.5585                 
# span 1 =     -0.041,     88.597                 
# span 2 =     -0.041,     89.342                 
# span 3 =     0.0763,    32.8354                 
# span 4 =     1.9282,    20.3640                 
# span 5 =          0,          6                 
# span 6 =          0,          2                 
# span 7 = 0.0000e+00, 0.0000e+00                 
# interval = seconds: 0.25
# start_time = Aug 16 2022 15:26:27 [Instrument's time stamp, header]
# bad_flag = -9.990e-29
*END*
[from data line 2517]
  1026.1661     63.405     63.934    32.3930     2.2552          1          1  0.000e+00
  1026.1666     63.297     63.825    32.3944     2.2572          1          1  0.000e+00
  1026.1616     63.175     63.702    32.3892     2.2598          1          1  0.000e+00
  1026.1567     63.045     63.570    32.3838     2.2606          1          1  0.000e+00
  1026.1542     62.906     63.430    32.3814     2.2593          1          1  0.000e+00
  1026.1535     62.767     63.290    32.3812     2.2574          1          1  0.000e+00
  1026.1536     62.633     63.156    32.3820     2.2555          1          1  0.000e+00
  1026.1516     62.508     63.030    32.3801     2.2541          1          1  0.000e+00
  1026.1507     62.392     62.912    32.3794     2.2524          1          1  0.000e+00
  1026.1497     62.281     62.801    32.3787     2.2504          1          1  0.000e+00
  1026.1479     62.183     62.701    32.3768     2.2483          1          1  0.000e+00
  1026.1492     62.089     62.606    32.3788     2.2462          1          1  0.000e+00
  1026.1501     61.996     62.513    32.3802     2.2446          1          1  0.000e+00
  1026.1461     61.916     62.432    32.3757     2.2438          1          1  0.000e+00
  1026.1414     61.836     62.352    32.3701     2.2423          1          1  0.000e+00
  1026.1335     61.761     62.276    32.3604     2.2394          1          1  0.000e+00
  1026.1276     61.687     62.201    32.3529     2.2338          1          1  0.000e+00
  1026.1317     61.616     62.129    32.3578     2.2266          1          1  0.000e+00
  1026.1287     61.541     62.054    32.3540     2.2212          1          1  0.000e+00
  1026.1176     61.474     61.986    32.3400     2.2162          1          1  0.000e+00
  1026.1284     61.404     61.915    32.3534     2.2098          1          1  0.000e+00
  1026.1225     61.338     61.849    32.3461     2.2068          1          1  0.000e+00
  1026.1081     61.275     61.786    32.3280     2.2029          1          1  0.000e+00
  1026.1119     61.211     61.721    32.3325     2.1954          1          1  0.000e+00
  1026.1136     61.149     61.659    32.3343     2.1894          1          1  0.000e+00
  1026.1071     61.089     61.598    32.3263     2.1861          1          1  0.000e+00
  1026.1004     61.024     61.533    32.3179     2.1818          1          1  0.000e+00
  1026.1011     60.953     61.461    32.3186     2.1753          1          1  0.000e+00
  1026.0983     60.876     61.383    32.3149     2.1693          1          1  0.000e+00
  1026.1038     60.794     61.301    32.3218     2.1641          1          1  0.000e+00
  1026.1076     60.705     61.211    32.3268     2.1615          1          1  0.000e+00
  1026.1109     60.616     61.121    32.3314     2.1610          1          1  0.000e+00
  1026.1047     60.523     61.027    32.3244     2.1620          1          1  0.000e+00
  1026.1071     60.427     60.931    32.3278     2.1613          1          1  0.000e+00
  1026.0995     60.331     60.834    32.3189     2.1614          1          1  0.000e+00
  1026.1003     60.240     60.742    32.3203     2.1595          1          1  0.000e+00
  1026.0955     60.147     60.649    32.3147     2.1580          1          1  0.000e+00
  1026.0937     60.065     60.565    32.3127     2.1552          1          1  0.000e+00
  1026.0991     59.983     60.483    32.3196     2.1521          1          1  0.000e+00
  1026.0994     59.910     60.409    32.3203     2.1507          1          1  0.000e+00
  1026.0988     59.843     60.342    32.3198     2.1494          1          1  0.000e+00
  1026.1034     59.784     60.282    32.3258     2.1485          1          1  0.000e+00
  1026.0997     59.730     60.227    32.3215     2.1485          1          1  0.000e+00
  1026.0889     59.679     60.176    32.3082     2.1477          1          1  0.000e+00
  1026.0731     59.631     60.128    32.2884     2.1434          1          1  0.000e+00
  1026.0803     59.588     60.084    32.2968     2.1349          1          1  0.000e+00
  1026.0880     59.543     60.039    32.3061     2.1289          1          1  0.000e+00
  1026.0945     59.497     59.992    32.3144     2.1268          1          1  0.000e+00
  1026.0840     59.450     59.945    32.3016     2.1278          1          1  0.000e+00
  1026.0702     59.398     59.893    32.2845     2.1259          1          1  0.000e+00
  1026.0757     59.341     59.835    32.2911     2.1199          1          1  0.000e+00
  1026.0750     59.277     59.771    32.2902     2.1152          1          1  0.000e+00
  1026.0696     59.209     59.702    32.2836     2.1122          1          1  0.000e+00
  1026.0672     59.126     59.618    32.2807     2.1080          1          1  0.000e+00
  1026.0737     59.036     59.528    32.2889     2.1039          1          1  0.000e+00
  1026.0679     58.941     59.432    32.2821     2.1022          1          1  0.000e+00
  1026.0659     58.835     59.325    32.2800     2.0996          1          1  0.000e+00
  1026.0656     58.731     59.220    32.2800     2.0970          1          1  0.000e+00
  1026.0595     58.624     59.112    32.2728     2.0946          1          1  0.000e+00
  1026.0621     58.516     59.003    32.2764     2.0911          1          1  0.000e+00
  1026.0589     58.413     58.900    32.2727     2.0883          1          1  0.000e+00
  1026.0578     58.310     58.796    32.2716     2.0858          1          1  0.000e+00
  1026.0493     58.215     58.700    32.2614     2.0833          1          1  0.000e+00
  1026.0565     58.124     58.608    32.2705     2.0786          1          1  0.000e+00
  1026.0625     58.038     58.521    32.2782     2.0753          1          1  0.000e+00
  1026.0654     57.959     58.442    32.2824     2.0755          1          1  0.000e+00
  1026.0592     57.886     58.368    32.2751     2.0765          1          1  0.000e+00
  1026.0579     57.821     58.302    32.2738     2.0759          1          1  0.000e+00
  1026.0386     57.757     58.238    32.2499     2.0748          1          1  0.000e+00
  1026.0450     57.695     58.176    32.2578     2.0693          1          1  0.000e+00
  1026.0457     57.633     58.113    32.2587     2.0651          1          1  0.000e+00
  1026.0430     57.566     58.045    32.2555     2.0621          1          1  0.000e+00
  1026.0329     57.497     57.976    32.2429     2.0592          1          1  0.000e+00
  1026.0337     57.420     57.898    32.2439     2.0546          1          1  0.000e+00
  1026.0361     57.333     57.810    32.2471     2.0502          1          1  0.000e+00
  1026.0433     57.241     57.717    32.2564     2.0480          1          1  0.000e+00
  1026.0412     57.141     57.617    32.2544     2.0482          1          1  0.000e+00
  1026.0470     57.038     57.513    32.2623     2.0490          1          1  0.000e+00
  1026.0399     56.929     57.403    32.2543     2.0505          1          1  0.000e+00
  1026.0397     56.821     57.294    32.2546     2.0512          1          1  0.000e+00
  1026.0363     56.716     57.188    32.2511     2.0514          1          1  0.000e+00
  1026.0291     56.620     57.092    32.2426     2.0508          1          1  0.000e+00
  1026.0305     56.526     56.997    32.2446     2.0475          1          1  0.000e+00
  1026.0288     56.439     56.909    32.2428     2.0455          1          1  0.000e+00
  1026.0272     56.365     56.834    32.2411     2.0432          1          1  0.000e+00
  1026.0286     56.297     56.766    32.2429     2.0404          1          1  0.000e+00
  1026.0267     56.237     56.705    32.2407     2.0381          1          1  0.000e+00
  1026.0188     56.186     56.653    32.2310     2.0359          1          1  0.000e+00
  1026.0199     56.140     56.608    32.2323     2.0324          1          1  0.000e+00
  1026.0123     56.102     56.569    32.2227     2.0295          1          1  0.000e+00
  1026.0115     56.068     56.535    32.2216     2.0259          1          1  0.000e+00
  1026.0086     56.039     56.505    32.2178     2.0225          1          1  0.000e+00
  1026.0131     56.006     56.472    32.2234     2.0199          1          1  0.000e+00
  1026.0159     55.972     56.438    32.2271     2.0192          1          1  0.000e+00
  1026.0144     55.931     56.397    32.2255     2.0196          1          1  0.000e+00
  1026.0048     55.885     56.350    32.2137     2.0201          1          1  0.000e+00
  1025.9961     55.837     56.302    32.2030     2.0182          1          1  0.000e+00
  1026.0063     55.785     56.249    32.2157     2.0145          1          1  0.000e+00
  1026.0028     55.728     56.192    32.2116     2.0139          1          1  0.000e+00
  1026.0035     55.671     56.134    32.2128     2.0133          1          1  0.000e+00
  1025.9980     55.602     56.064    32.2064     2.0133          1          1  0.000e+00
  1025.9975     55.534     55.996    32.2060     2.0119          1          1  0.000e+00
  1025.9954     55.456     55.917    32.2037     2.0108          1          1  0.000e+00
  1025.9927     55.372     55.832    32.2007     2.0093          1          1  0.000e+00
  1025.9930     55.282     55.742    32.2014     2.0074          1          1  0.000e+00
  1025.9928     55.182     55.641    32.2017     2.0057          1          1  0.000e+00
  1025.9905     55.073     55.531    32.1993     2.0050          1          1  0.000e+00
  1025.9916     54.961     55.419    32.2014     2.0045          1          1  0.000e+00
  1025.9855     54.840     55.296    32.1945     2.0052          1          1  0.000e+00
  1025.9847     54.722     55.177    32.1942     2.0053          1          1  0.000e+00
  1025.9755     54.600     55.054    32.1835     2.0056          1          1  0.000e+00
  1025.9786     54.486     54.939    32.1879     2.0045          1          1  0.000e+00
  1025.9774     54.374     54.826    32.1870     2.0036          1          1  0.000e+00
  1025.9747     54.275     54.726    32.1841     2.0034          1          1  0.000e+00
  1025.9745     54.179     54.630    32.1845     2.0026          1          1  0.000e+00
  1025.9798     54.093     54.543    32.1915     2.0017          1          1  0.000e+00
  1025.9738     54.013     54.462    32.1844     2.0010          1          1  0.000e+00
  1025.9673     53.937     54.386    32.1767     1.9999          1          1  0.000e+00
  1025.9660     53.864     54.312    32.1753     1.9977          1          1  0.000e+00
  1025.9661     53.800     54.247    32.1756     1.9958          1          1  0.000e+00
  1025.9431     53.733     54.180    32.1471     1.9942          1          1  0.000e+00
  1025.9227     53.677     54.123    32.1215     1.9891          1          1  0.000e+00
  1025.9330     53.620     54.066    32.1340     1.9815          1          1  0.000e+00
  1025.9356     53.570     54.015    32.1371     1.9776          1          1  0.000e+00
  1025.8967     53.521     53.966    32.0886     1.9748          1          1  0.000e+00
  1025.8700     53.483     53.927    32.0547     1.9661          1          1  0.000e+00
  1025.8616     53.445     53.889    32.0434     1.9545          1          1  0.000e+00
  1025.8721     53.414     53.858    32.0558     1.9441          1          1  0.000e+00
  1025.8622     53.384     53.828    32.0430     1.9376          1          1  0.000e+00
  1025.8678     53.351     53.795    32.0497     1.9328          1          1  0.000e+00
  1025.8633     53.314     53.757    32.0440     1.9302          1          1  0.000e+00
  1025.8713     53.271     53.714    32.0542     1.9282          1          1  0.000e+00
  1025.8755     53.208     53.651    32.0598     1.9285          1          1  0.000e+00
  1025.8710     53.135     53.577    32.0548     1.9307          1          1  0.000e+00
  1025.8642     53.037     53.478    32.0470     1.9323          1          1  0.000e+00
  1025.8653     52.930     53.370    32.0490     1.9325          1          1  0.000e+00
  1025.8633     52.805     53.244    32.0475     1.9347          1          1  0.000e+00
  1025.8614     52.674     53.112    32.0461     1.9369          1          1  0.000e+00
  1025.8597     52.539     52.976    32.0451     1.9406          1          1  0.000e+00
  1025.8549     52.405     52.840    32.0405     1.9473          1          1  0.000e+00
  1025.8480     52.281     52.715    32.0332     1.9531          1          1  0.000e+00
  1025.8418     52.164     52.598    32.0265     1.9572          1          1  0.000e+00
  1025.8396     52.064     52.497    32.0246     1.9598          1          1  0.000e+00
  1025.8410     51.984     52.416    32.0269     1.9618          1          1  0.000e+00
  1025.8375     51.919     52.351    32.0234     1.9665          1          1  0.000e+00
  1025.8326     51.869     52.300    32.0183     1.9746          1          1  0.000e+00
  1025.8278     51.825     52.255    32.0134     1.9832          1          1  0.000e+00
  1025.8253     51.792     52.222    32.0112     1.9922          1          1  0.000e+00
  1025.8149     51.757     52.187    31.9997     2.0048          1          1  0.000e+00
  1025.8087     51.723     52.153    31.9929     2.0140          1          1  0.000e+00
  1025.8038     51.686     52.115    31.9877     2.0205          1          1  0.000e+00
  1025.7994     51.644     52.074    31.9829     2.0261          1          1  0.000e+00
  1025.7964     51.598     52.027    31.9798     2.0304          1          1  0.000e+00
  1025.7939     51.545     51.973    31.9774     2.0343          1          1  0.000e+00
  1025.7922     51.480     51.908    31.9759     2.0371          1          1  0.000e+00
  1025.7902     51.409     51.836    31.9740     2.0400          1          1  0.000e+00
  1025.7877     51.332     51.758    31.9715     2.0422          1          1  0.000e+00
  1025.7863     51.259     51.685    31.9704     2.0441          1          1  0.000e+00
  1025.7856     51.180     51.605    31.9701     2.0452          1          1  0.000e+00
  1025.7849     51.112     51.537    31.9699     2.0466          1          1  0.000e+00
  1025.7824     51.043     51.468    31.9672     2.0484          1          1  0.000e+00
  1025.7836     50.987     51.411    31.9690     2.0477          1          1  0.000e+00
  1025.7836     50.930     51.353    31.9695     2.0492          1          1  0.000e+00
  1025.7806     50.874     51.297    31.9666     2.0549          1          1  0.000e+00
  1025.7769     50.814     51.237    31.9631     2.0634          1          1  0.000e+00
  1025.7685     50.752     51.174    31.9539     2.0729          1          1  0.000e+00
  1025.7633     50.678     51.099    31.9484     2.0792          1          1  0.000e+00
  1025.7668     50.594     51.014    31.9535     2.0820          1          1  0.000e+00
  1025.7894     50.502     50.921    31.9831     2.0905          1          1  0.000e+00
  1025.7618     50.403     50.822    31.9520     2.1209          1          1  0.000e+00
  1025.7557     50.293     50.711    31.9474     2.1454          1          1  0.000e+00
  1025.7336     50.183     50.600    31.9224     2.1671          1          1  0.000e+00
  1025.7530     50.069     50.485    31.9483     2.1789          1          1  0.000e+00
  1025.7322     49.966     50.381    31.9252     2.2020          1          1  0.000e+00
  1025.7184     49.870     50.284    31.9100     2.2188          1          1  0.000e+00
  1025.6968     49.784     50.198    31.8838     2.2221          1          1  0.000e+00
  1025.7037     49.712     50.125    31.8918     2.2093          1          1  0.000e+00
  1025.7285     49.650     50.063    31.9221     2.1988          1          1  0.000e+00
  1025.7692     49.600     50.012    31.9738     2.2042          1          1  0.000e+00
