data/eDNA/PER-2022-473/473A017.cnv
* Sea-Bird SBE19plus  Data File:
* FileName = C:\Users\RSG_field\Ryan_Perley2022473\CTD\473A017.hex
* Software version 2.3.0 SB_Terminal.dll
* Temperature SN = 7141
* Conductivity SN = 7141
* System UpLoad Time = Aug 10 2022 19:14:27
* <ApplicationData>
* <SeatermAF>
** Platform: M. Perley
** Cruise: Per2022473
** Station:  ESI_09
** Cast: 01
** Latitude: N  44 44.3742
** Longitude: W 62 43.6238
** Sounding: 16.9
** Chief Scientist: Ryan Stanley
** Comment: CastID 473A017 SampleIDs 493853-493858 Cast 35
# nquan = 8
# nvalues = 1767                                  
# units = specified
# name 0 = density00: Density [density, kg/m^3]
# name 1 = depSM: Depth [salt water, m], lat = 45.00
# name 2 = prdM: Pressure, Strain Gauge [db]
# name 3 = sal00: Salinity, Practical [PSU]
# name 4 = tv290C: Temperature [ITS-90, deg C]
# name 5 = bpos: Bottle Position in Carousel
# name 6 = nbf: Bottles Fired
# name 7 = flag:  0.000e+00
# span 0 =   999.1475,  1024.3244                 
# span 1 =     -0.079,     16.666                 
# span 2 =     -0.079,     16.803                 
# span 3 =     0.0559,    31.1997                 
# span 4 =     7.1688,    15.1036                 
# span 5 =          0,          6                 
# span 6 =          0,          2                 
# span 7 = 0.0000e+00, 0.0000e+00                 
# interval = seconds: 0.25
# start_time = Aug 10 2022 19:03:30 [Instrument's time stamp, header]
# bad_flag = -9.990e-29
*END*
[from data line 360]
  1023.3987      1.395      1.406    30.9167    12.1493          0          0  0.000e+00
  1023.4692      1.404      1.416    31.0075    12.1484          0          0  0.000e+00
  1023.5101      1.413      1.424    31.0605    12.1500          0          0  0.000e+00
  1023.5113      1.422      1.434    31.0616    12.1486          0          0  0.000e+00
  1023.4688      1.433      1.445    31.0061    12.1460          0          0  0.000e+00
  1023.4472      1.450      1.462    30.9776    12.1434          0          0  0.000e+00
  1023.4661      1.466      1.478    31.0014    12.1410          0          0  0.000e+00
  1023.5261      1.477      1.489    31.0783    12.1396          0          0  0.000e+00
  1023.5815      1.481      1.493    31.1500    12.1405          0          0  0.000e+00
  1023.5926      1.467      1.479    31.1650    12.1433          0          0  0.000e+00
  1023.5998      1.438      1.450    31.1750    12.1452          0          0  0.000e+00
  1023.5824      1.391      1.403    31.1555    12.1568          0          0  0.000e+00
  1023.5447      1.341      1.352    31.1134    12.1832          0          0  0.000e+00
  1023.4980      1.289      1.299    31.0575    12.2002          0          0  0.000e+00
  1023.4718      1.241      1.251    31.0251    12.2048          0          0  0.000e+00
  1023.4602      1.200      1.209    31.0102    12.2035          0          0  0.000e+00
  1023.4423      1.175      1.185    30.9862    12.1993          0          0  0.000e+00
  1023.3979      1.178      1.188    30.9271    12.1922          0          0  0.000e+00
  1023.3259      1.219      1.229    30.8355    12.1983          0          0  0.000e+00
  1023.3072      1.297      1.308    30.8169    12.2235          0          0  0.000e+00
  1023.2977      1.397      1.408    30.8132    12.2612          0          0  0.000e+00
  1023.2758      1.511      1.524    30.7918    12.2930          0          0  0.000e+00
  1023.2611      1.623      1.636    30.7748    12.3038          0          0  0.000e+00
  1023.2713      1.706      1.720    30.7868    12.3010          0          0  0.000e+00
  1023.3614      1.756      1.771    30.9006    12.2920          0          0  0.000e+00
  1023.4549      1.762      1.777    31.0196    12.2853          0          0  0.000e+00
  1023.4990      1.724      1.738    31.0775    12.2881          0          0  0.000e+00
  1023.4338      1.638      1.652    31.0090    12.3517          0          0  0.000e+00
  1023.3378      1.516      1.528    30.9080    12.4429          0          0  0.000e+00
  1023.2759      1.368      1.379    30.8451    12.5098          0          0  0.000e+00
  1023.2267      1.209      1.219    30.7920    12.5489          0          0  0.000e+00
  1023.1737      1.058      1.066    30.7297    12.5706          0          0  0.000e+00
  1023.1666      0.930      0.938    30.7241    12.5823          0          0  0.000e+00
  1023.1124      0.852      0.859    30.6498    12.5625          0          0  0.000e+00
  1023.0953      0.830      0.836    30.6130    12.5014          0          0  0.000e+00
  1023.1185      0.862      0.869    30.6265    12.4339          0          0  0.000e+00
  1023.1370      0.945      0.953    30.6342    12.3691          0          0  0.000e+00
  1023.1676      1.078      1.087    30.6584    12.3088          0          0  0.000e+00
  1023.2048      1.245      1.255    30.6943    12.2617          0          0  0.000e+00
  1023.2311      1.438      1.450    30.7197    12.2311          0          0  0.000e+00
  1023.2605      1.603      1.617    30.7544    12.2216          0          0  0.000e+00
  1023.2720      1.728      1.742    30.7675    12.2170          0          0  0.000e+00
  1023.3280      1.805      1.820    30.8362    12.2041          0          0  0.000e+00
  1023.3780      1.829      1.844    30.8987    12.1964          0          0  0.000e+00
  1023.3821      1.807      1.822    30.9037    12.1950          0          0  0.000e+00
  1023.3508      1.743      1.758    30.8708    12.2241          0          0  0.000e+00
  1023.3166      1.663      1.676    30.8371    12.2657          0          0  0.000e+00
  1023.2987      1.572      1.585    30.8214    12.2950          0          0  0.000e+00
  1023.2908      1.483      1.495    30.8161    12.3131          0          0  0.000e+00
  1023.2663      1.413      1.424    30.7877    12.3242          0          0  0.000e+00
  1023.2497      1.365      1.376    30.7675    12.3287          0          0  0.000e+00
  1023.2431      1.338      1.349    30.7595    12.3298          0          0  0.000e+00
  1023.2463      1.318      1.329    30.7617    12.3215          0          0  0.000e+00
  1023.2562      1.300      1.311    30.7701    12.3028          0          0  0.000e+00
  1023.2713      1.281      1.292    30.7856    12.2854          0          0  0.000e+00
  1023.3014      1.260      1.270    30.8212    12.2718          0          0  0.000e+00
  1023.3398      1.229      1.239    30.8696    12.2661          0          0  0.000e+00
  1023.3539      1.190      1.200    30.8878    12.2652          0          0  0.000e+00
  1023.3589      1.145      1.154    30.8932    12.2598          0          0  0.000e+00
  1023.3646      1.096      1.105    30.9006    12.2590          0          0  0.000e+00
  1023.3516      1.055      1.064    30.8884    12.2768          0          0  0.000e+00
  1023.3161      1.036      1.045    30.8456    12.2888          0          0  0.000e+00
  1023.2658      1.052      1.061    30.7798    12.2854          0          0  0.000e+00
  1023.2236      1.115      1.124    30.7224    12.2746          0          0  0.000e+00
  1023.1920      1.228      1.238    30.6749    12.2495          0          0  0.000e+00
  1023.1963      1.363      1.374    30.6663    12.1934          0          0  0.000e+00
  1023.2669      1.499      1.511    30.7505    12.1679          0          0  0.000e+00
  1023.2904      1.623      1.636    30.7845    12.1862          0          0  0.000e+00
  1023.2821      1.724      1.738    30.7816    12.2217          0          0  0.000e+00
  1023.2798      1.793      1.808    30.7860    12.2540          0          0  0.000e+00
  1023.3057      1.826      1.841    30.8245    12.2761          0          0  0.000e+00
  1023.3103      1.825      1.840    30.8342    12.2918          0          0  0.000e+00
  1023.3118      1.808      1.823    30.8402    12.3084          0          0  0.000e+00
  1023.2995      1.779      1.794    30.8281    12.3232          0          0  0.000e+00
  1023.2739      1.736      1.750    30.8024    12.3525          0          0  0.000e+00
  1023.2445      1.680      1.694    30.7716    12.3814          0          0  0.000e+00
  1023.2297      1.609      1.622    30.7563    12.3955          0          0  0.000e+00
  1023.2228      1.529      1.542    30.7501    12.4045          0          0  0.000e+00
  1023.2172      1.441      1.453    30.7456    12.4134          0          0  0.000e+00
  1023.2163      1.349      1.360    30.7459    12.4179          0          0  0.000e+00
  1023.2178      1.257      1.267    30.7492    12.4208          0          0  0.000e+00
  1023.2209      1.159      1.169    30.7544    12.4233          0          0  0.000e+00
  1023.2193      1.065      1.074    30.7533    12.4255          0          0  0.000e+00
  1023.2060      0.977      0.985    30.7373    12.4278          0          0  0.000e+00
  1023.1976      0.905      0.912    30.7273    12.4295          0          0  0.000e+00
  1023.1916      0.853      0.860    30.7194    12.4277          0          0  0.000e+00
  1023.0850      0.833      0.840    30.5764    12.4052          0          0  0.000e+00
  1023.0177      0.854      0.861    30.4715    12.3307          0          0  0.000e+00
  1022.9758      0.914      0.922    30.3850    12.1957          0          0  0.000e+00
  1023.0493      1.012      1.020    30.4325    11.9981          0          0  0.000e+00
  1023.1954      1.141      1.151    30.5776    11.8165          0          0  0.000e+00
  1023.5486      1.296      1.307    31.0094    11.7193          0          0  0.000e+00
  1023.5906      1.457      1.469    31.0858    11.8190          0          0  0.000e+00
  1023.5045      1.613      1.626    31.0217    12.0224          0          0  0.000e+00
  1023.4103      1.747      1.761    30.9432    12.2062          0          0  0.000e+00
  1023.2530      1.849      1.865    30.7746    12.3524          0          0  0.000e+00
  1023.1209      1.913      1.929    30.6175    12.4098          0          0  0.000e+00
  1023.1454      1.934      1.950    30.6408    12.3752          0          0  0.000e+00
  1023.1901      1.924      1.939    30.6898    12.3389          0          0  0.000e+00
  1023.1974      1.894      1.909    30.6964    12.3262          0          0  0.000e+00
  1023.1930      1.846      1.861    30.6901    12.3225          0          0  0.000e+00
  1023.1993      1.785      1.799    30.6968    12.3156          0          0  0.000e+00
  1023.1999      1.713      1.727    30.6970    12.3113          0          0  0.000e+00
  1023.2045      1.624      1.637    30.7025    12.3074          0          0  0.000e+00
  1023.1927      1.520      1.532    30.6876    12.3060          0          0  0.000e+00
  1023.1734      1.404      1.416    30.6611    12.2965          0          0  0.000e+00
  1023.1568      1.281      1.292    30.6343    12.2710          0          0  0.000e+00
  1023.1671      1.156      1.166    30.6383    12.2290          0          0  0.000e+00
  1023.1733      1.038      1.047    30.6367    12.1860          0          0  0.000e+00
  1023.2087      0.935      0.942    30.6727    12.1427          0          0  0.000e+00
  1023.2082      0.857      0.864    30.6657    12.1142          0          0  0.000e+00
  1023.2065      0.807      0.814    30.6571    12.0852          0          0  0.000e+00
  1023.2110      0.782      0.788    30.6542    12.0480          0          0  0.000e+00
  1023.2066      0.784      0.791    30.6389    12.0072          0          0  0.000e+00
  1023.2281      0.816      0.823    30.6552    11.9592          0          0  0.000e+00
  1023.2975      0.879      0.887    30.7348    11.9187          0          0  0.000e+00
  1023.2936      0.980      0.988    30.7279    11.9137          0          0  0.000e+00
  1023.4611      1.126      1.136    30.9461    11.9266          0          0  0.000e+00
  1023.4194      1.309      1.319    30.9159    12.0309          0          0  0.000e+00
  1023.2955      1.491      1.503    30.7845    12.1557          0          0  0.000e+00
  1023.2005      1.660      1.673    30.6735    12.2082          0          0  0.000e+00
  1023.2028      1.807      1.822    30.6749    12.2052          0          0  0.000e+00
  1023.2014      1.916      1.932    30.6689    12.1902          0          0  0.000e+00
  1023.1752      1.985      2.001    30.6297    12.1694          0          0  0.000e+00
  1023.1995      2.008      2.025    30.6516    12.1304          0          0  0.000e+00
  1023.2283      1.987      2.003    30.6815    12.0992          0          0  0.000e+00
  1023.2589      1.936      1.952    30.7176    12.0837          0          0  0.000e+00
  1023.2824      1.845      1.860    30.7495    12.0881          0          0  0.000e+00
  1023.2728      1.726      1.741    30.7433    12.1107          0          0  0.000e+00
  1023.2662      1.586      1.599    30.7411    12.1347          0          0  0.000e+00
  1023.2581      1.436      1.448    30.7371    12.1576          0          0  0.000e+00
  1023.2513      1.293      1.303    30.7340    12.1784          0          0  0.000e+00
  1023.2517      1.162      1.172    30.7401    12.1981          0          0  0.000e+00
  1023.2372      1.049      1.058    30.7272    12.2199          0          0  0.000e+00
  1023.2274      0.956      0.964    30.7190    12.2364          0          0  0.000e+00
  1023.2311      0.883      0.890    30.7274    12.2495          0          0  0.000e+00
  1023.2389      0.834      0.841    30.7413    12.2646          0          0  0.000e+00
  1023.2990      0.814      0.820    30.8260    12.2937          0          0  0.000e+00
  1023.2682      0.820      0.827    30.8024    12.3611          0          0  0.000e+00
  1023.2049      0.855      0.862    30.7355    12.4232          0          0  0.000e+00
  1023.2241      0.920      0.927    30.7687    12.4595          0          0  0.000e+00
  1023.1997      1.006      1.014    30.7463    12.4994          0          0  0.000e+00
  1023.1760      1.118      1.127    30.7242    12.5371          0          0  0.000e+00
  1023.1300      1.248      1.259    30.6699    12.5613          0          0  0.000e+00
  1023.1570      1.384      1.395    30.7031    12.5581          0          0  0.000e+00
  1023.1446      1.517      1.529    30.6870    12.5605          0          0  0.000e+00
  1023.1302      1.638      1.652    30.6677    12.5609          0          0  0.000e+00
  1023.1357      1.735      1.749    30.6714    12.5489          0          0  0.000e+00
  1023.1466      1.804      1.819    30.6821    12.5368          0          0  0.000e+00
  1023.1558      1.841      1.856    30.6921    12.5300          0          0  0.000e+00
  1023.1571      1.847      1.862    30.6933    12.5282          0          0  0.000e+00
  1023.1582      1.833      1.848    30.6948    12.5277          0          0  0.000e+00
  1023.1631      1.794      1.809    30.7015    12.5287          0          0  0.000e+00
  1023.1607      1.731      1.745    30.6999    12.5334          0          0  0.000e+00
  1023.1579      1.653      1.667    30.6980    12.5381          0          0  0.000e+00
  1023.1583      1.567      1.580    30.7000    12.5424          0          0  0.000e+00
  1023.1542      1.475      1.487    30.6964    12.5472          0          0  0.000e+00
  1023.1507      1.386      1.397    30.6933    12.5509          0          0  0.000e+00
  1023.1496      1.298      1.309    30.6930    12.5531          0          0  0.000e+00
  1023.1495      1.220      1.230    30.6937    12.5550          0          0  0.000e+00
  1023.1486      1.151      1.160    30.6936    12.5578          0          0  0.000e+00
  1023.1466      1.095      1.104    30.6920    12.5604          0          0  0.000e+00
  1023.1431      1.044      1.052    30.6882    12.5624          0          0  0.000e+00
  1023.1398      1.011      1.019    30.6843    12.5628          0          0  0.000e+00
  1023.1441      0.995      1.003    30.6895    12.5611          0          0  0.000e+00
  1023.1502      0.994      1.002    30.6975    12.5615          0          0  0.000e+00
  1023.1603      1.015      1.023    30.7116    12.5665          0          0  0.000e+00
  1023.1813      1.058      1.066    30.7421    12.5813          0          0  0.000e+00
  1023.1502      1.132      1.141    30.7089    12.6113          0          0  0.000e+00
  1023.1239      1.228      1.238    30.6789    12.6302          0          0  0.000e+00
  1023.1191      1.337      1.348    30.6724    12.6312          0          0  0.000e+00
  1023.1238      1.451      1.463    30.6765    12.6260          0          0  0.000e+00
  1023.1245      1.550      1.563    30.6756    12.6214          0          0  0.000e+00
  1023.1350      1.637      1.651    30.6875    12.6169          0          0  0.000e+00
  1023.1384      1.696      1.710    30.6918    12.6177          0          0  0.000e+00
  1023.1336      1.729      1.743    30.6865    12.6220          0          0  0.000e+00
  1023.1316      1.731      1.745    30.6845    12.6242          0          0  0.000e+00
  1023.1321      1.714      1.728    30.6854    12.6248          0          0  0.000e+00
  1023.1311      1.673      1.687    30.6844    12.6258          0          0  0.000e+00
