data/eDNA/PER-2022-473/473A022.cnv
* Sea-Bird SBE19plus  Data File:
* FileName = C:\Users\RSG_field\Ryan_Perley2022473\CTD\473A022.hex
* Software version 2.3.0 SB_Terminal.dll
* Temperature SN = 7141
* Conductivity SN = 7141
* System UpLoad Time = Aug 14 2022 15:44:16
* <ApplicationData>
* <SeatermAF>
** Platform: M. Perley
** Cruise: Per2022473
** Station:  SAB_Trans_05
** Cast: 01
** Latitude: N  46 08.1727
** Longitude: W 59 06.8801
** Sounding: 93.4
** Chief Scientist: Ryan Stanley
** Comment: CastID 473A022 SampleID 493884-493889
** Cast 40
# nquan = 8
# nvalues = 3463                                  
# units = specified
# name 0 = density00: Density [density, kg/m^3]
# name 1 = depSM: Depth [salt water, m], lat = 45.00
# name 2 = prdM: Pressure, Strain Gauge [db]
# name 3 = sal00: Salinity, Practical [PSU]
# name 4 = tv290C: Temperature [ITS-90, deg C]
# name 5 = bpos: Bottle Position in Carousel
# name 6 = nbf: Bottles Fired
# name 7 = flag:  0.000e+00
# span 0 =   998.2894,  1026.6900                 
# span 1 =     -0.124,     88.631                 
# span 2 =     -0.125,     89.376                 
# span 3 =     0.0525,    33.0367                 
# span 4 =     1.7382,    20.6697                 
# span 5 =          0,          6                 
# span 6 =          0,          2                 
# span 7 = 0.0000e+00, 0.0000e+00                 
# interval = seconds: 0.25
# start_time = Aug 14 2022 15:24:56 [Instrument's time stamp, header]
# bad_flag = -9.990e-29
*END*
[from data line 1978]
  1026.6727     88.117     88.857    33.0139     3.4777          1          1  0.000e+00
  1026.6725     88.063     88.802    33.0142     3.4784          1          1  0.000e+00
  1026.6716     87.989     88.729    33.0135     3.4790          1          1  0.000e+00
  1026.6708     87.900     88.639    33.0130     3.4796          1          1  0.000e+00
  1026.6706     87.805     88.543    33.0135     3.4799          1          1  0.000e+00
  1026.6700     87.714     88.451    33.0133     3.4804          1          1  0.000e+00
  1026.6694     87.626     88.362    33.0131     3.4806          1          1  0.000e+00
  1026.6690     87.545     88.281    33.0131     3.4809          1          1  0.000e+00
  1026.6687     87.476     88.211    33.0132     3.4811          1          1  0.000e+00
  1026.6678     87.419     88.153    33.0124     3.4814          1          1  0.000e+00
  1026.6659     87.375     88.108    33.0103     3.4814          1          1  0.000e+00
  1026.6655     87.344     88.077    33.0099     3.4807          1          1  0.000e+00
  1026.6652     87.316     88.050    33.0096     3.4796          1          1  0.000e+00
  1026.6650     87.305     88.038    33.0092     3.4784          1          1  0.000e+00
  1026.6665     87.295     88.028    33.0110     3.4771          1          1  0.000e+00
  1026.6658     87.296     88.029    33.0101     3.4764          1          1  0.000e+00
  1026.6659     87.301     88.035    33.0100     3.4756          1          1  0.000e+00
  1026.6666     87.316     88.050    33.0108     3.4750          1          1  0.000e+00
  1026.6670     87.337     88.071    33.0111     3.4745          1          1  0.000e+00
  1026.6679     87.370     88.104    33.0120     3.4742          1          1  0.000e+00
  1026.6679     87.411     88.145    33.0118     3.4742          1          1  0.000e+00
  1026.6681     87.460     88.195    33.0116     3.4741          1          1  0.000e+00
  1026.6680     87.520     88.255    33.0112     3.4740          1          1  0.000e+00
  1026.6670     87.585     88.320    33.0095     3.4736          1          1  0.000e+00
  1026.6676     87.656     88.392    33.0098     3.4728          1          1  0.000e+00
  1026.6679     87.728     88.465    33.0096     3.4721          1          1  0.000e+00
  1026.6665     87.793     88.531    33.0073     3.4714          1          1  0.000e+00
  1026.6668     87.856     88.594    33.0073     3.4703          1          1  0.000e+00
  1026.6696     87.907     88.645    33.0103     3.4691          1          1  0.000e+00
  1026.6735     87.948     88.687    33.0149     3.4690          1          1  0.000e+00
  1026.6715     87.973     88.712    33.0124     3.4705          1          1  0.000e+00
  1026.6704     87.979     88.718    33.0111     3.4713          1          1  0.000e+00
  1026.6701     87.973     88.712    33.0109     3.4716          1          1  0.000e+00
  1026.6698     87.944     88.683    33.0106     3.4716          1          1  0.000e+00
  1026.6736     87.894     88.633    33.0157     3.4719          1          1  0.000e+00
  1026.6715     87.830     88.567    33.0138     3.4741          1          1  0.000e+00
  1026.6687     87.750     88.487    33.0109     3.4758          1          1  0.000e+00
  1026.6679     87.661     88.397    33.0105     3.4762          1          1  0.000e+00
  1026.6681     87.564     88.300    33.0113     3.4766          1          1  0.000e+00
  1026.6676     87.462     88.196    33.0114     3.4770          1          1  0.000e+00
  1026.6670     87.364     88.098    33.0113     3.4777          1          1  0.000e+00
  1026.6663     87.276     88.009    33.0110     3.4781          1          1  0.000e+00
  1026.6654     87.196     87.928    33.0104     3.4783          1          1  0.000e+00
  1026.6651     87.136     87.868    33.0103     3.4783          1          1  0.000e+00
  1026.6644     87.102     87.834    33.0096     3.4781          1          1  0.000e+00
  1026.6609     87.090     87.821    33.0053     3.4778          1          1  0.000e+00
  1026.6619     87.099     87.831    33.0062     3.4761          1          1  0.000e+00
  1026.6633     87.131     87.863    33.0076     3.4741          1          1  0.000e+00
  1026.6636     87.180     87.912    33.0075     3.4727          1          1  0.000e+00
  1026.6641     87.243     87.976    33.0076     3.4714          1          1  0.000e+00
  1026.6644     87.321     88.054    33.0073     3.4701          1          1  0.000e+00
  1026.6644     87.405     88.140    33.0067     3.4688          1          1  0.000e+00
  1026.6659     87.496     88.231    33.0079     3.4675          1          1  0.000e+00
  1026.6694     87.588     88.324    33.0117     3.4668          1          1  0.000e+00
  1026.6700     87.675     88.411    33.0120     3.4676          1          1  0.000e+00
  1026.6659     87.754     88.491    33.0065     3.4686          1          1  0.000e+00
  1026.6676     87.827     88.565    33.0081     3.4679          1          1  0.000e+00
  1026.6685     87.893     88.632    33.0088     3.4672          1          1  0.000e+00
  1026.6699     87.949     88.688    33.0102     3.4669          1          1  0.000e+00
  1026.6722     87.990     88.729    33.0128     3.4671          1          1  0.000e+00
  1026.6729     88.023     88.762    33.0137     3.4681          1          1  0.000e+00
  1026.6723     88.045     88.785    33.0129     3.4695          1          1  0.000e+00
  1026.6726     88.047     88.787    33.0134     3.4707          1          1  0.000e+00
  1026.6717     88.035     88.775    33.0125     3.4717          1          1  0.000e+00
  1026.6699     88.007     88.746    33.0105     3.4727          1          1  0.000e+00
  1026.6704     87.956     88.695    33.0115     3.4730          1          1  0.000e+00
  1026.6689     87.888     88.626    33.0101     3.4740          1          1  0.000e+00
  1026.6670     87.797     88.534    33.0083     3.4744          1          1  0.000e+00
  1026.6674     87.694     88.431    33.0094     3.4741          1          1  0.000e+00
  1026.6669     87.581     88.316    33.0095     3.4742          1          1  0.000e+00
  1026.6657     87.464     88.199    33.0087     3.4742          1          1  0.000e+00
  1026.6646     87.353     88.086    33.0079     3.4742          1          1  0.000e+00
  1026.6635     87.253     87.986    33.0072     3.4740          1          1  0.000e+00
  1026.6630     87.175     87.907    33.0069     3.4734          1          1  0.000e+00
  1026.6629     87.128     87.860    33.0069     3.4725          1          1  0.000e+00
  1026.6620     87.112     87.844    33.0058     3.4715          1          1  0.000e+00
  1026.6613     87.126     87.857    33.0047     3.4702          1          1  0.000e+00
  1026.6634     87.168     87.900    33.0068     3.4684          1          1  0.000e+00
  1026.6640     87.231     87.963    33.0070     3.4672          1          1  0.000e+00
  1026.6638     87.309     88.042    33.0063     3.4663          1          1  0.000e+00
  1026.6654     87.395     88.129    33.0076     3.4652          1          1  0.000e+00
  1026.6659     87.483     88.218    33.0076     3.4644          1          1  0.000e+00
  1026.6656     87.555     88.291    33.0068     3.4640          1          1  0.000e+00
  1026.6650     87.612     88.348    33.0056     3.4633          1          1  0.000e+00
  1026.6648     87.646     88.383    33.0050     3.4623          1          1  0.000e+00
  1026.6656     87.659     88.395    33.0058     3.4612          1          1  0.000e+00
  1026.6674     87.654     88.390    33.0081     3.4606          1          1  0.000e+00
  1026.6688     87.638     88.374    33.0100     3.4610          1          1  0.000e+00
  1026.6695     87.615     88.351    33.0110     3.4619          1          1  0.000e+00
  1026.6691     87.592     88.328    33.0109     3.4634          1          1  0.000e+00
  1026.6680     87.576     88.312    33.0097     3.4648          1          1  0.000e+00
  1026.6670     87.572     88.308    33.0086     3.4658          1          1  0.000e+00
  1026.6660     87.581     88.316    33.0074     3.4662          1          1  0.000e+00
  1026.6620     87.597     88.332    33.0023     3.4661          1          1  0.000e+00
  1026.6620     87.626     88.362    33.0019     3.4643          1          1  0.000e+00
  1026.6638     87.668     88.404    33.0035     3.4621          1          1  0.000e+00
  1026.6642     87.711     88.448    33.0037     3.4605          1          1  0.000e+00
  1026.6643     87.754     88.491    33.0034     3.4594          1          1  0.000e+00
  1026.6645     87.798     88.536    33.0033     3.4584          1          1  0.000e+00
  1026.6661     87.840     88.578    33.0049     3.4574          1          1  0.000e+00
  1026.6667     87.868     88.606    33.0055     3.4571          1          1  0.000e+00
  1026.6674     87.887     88.625    33.0063     3.4570          1          1  0.000e+00
  1026.6687     87.894     88.632    33.0078     3.4573          1          1  0.000e+00
  1026.6692     87.884     88.622    33.0086     3.4582          1          1  0.000e+00
  1026.6686     87.854     88.592    33.0082     3.4595          1          1  0.000e+00
  1026.6698     87.809     88.546    33.0101     3.4608          1          1  0.000e+00
  1026.6674     87.747     88.484    33.0077     3.4623          1          1  0.000e+00
  1026.6651     87.666     88.402    33.0054     3.4633          1          1  0.000e+00
  1026.6657     87.573     88.309    33.0067     3.4632          1          1  0.000e+00
  1026.6666     87.466     88.201    33.0085     3.4636          1          1  0.000e+00
  1026.6647     87.352     88.085    33.0069     3.4647          1          1  0.000e+00
  1026.6632     87.239     87.972    33.0058     3.4654          1          1  0.000e+00
  1026.6618     87.130     87.862    33.0047     3.4656          1          1  0.000e+00
  1026.6612     87.038     87.769    33.0045     3.4652          1          1  0.000e+00
  1026.6609     86.965     87.695    33.0044     3.4646          1          1  0.000e+00
  1026.6603     86.922     87.652    33.0039     3.4640          1          1  0.000e+00
  1026.6601     86.912     87.642    33.0036     3.4633          1          1  0.000e+00
  1026.6594     86.930     87.660    33.0025     3.4623          1          1  0.000e+00
  1026.6596     86.978     87.708    33.0023     3.4609          1          1  0.000e+00
  1026.6602     87.053     87.784    33.0023     3.4595          1          1  0.000e+00
  1026.6623     87.158     87.890    33.0043     3.4582          1          1  0.000e+00
  1026.6623     87.292     88.026    33.0034     3.4574          1          1  0.000e+00
  1026.6638     87.443     88.177    33.0042     3.4567          1          1  0.000e+00
  1026.6658     87.608     88.344    33.0057     3.4562          1          1  0.000e+00
  1026.6657     87.778     88.515    33.0047     3.4563          1          1  0.000e+00
  1026.6671     87.945     88.683    33.0054     3.4562          1          1  0.000e+00
  1026.6693     88.098     88.838    33.0072     3.4562          1          1  0.000e+00
  1026.6724     88.229     88.970    33.0105     3.4566          1          1  0.000e+00
  1026.6768     88.322     89.064    33.0156     3.4582          1          1  0.000e+00
  1026.6766     88.376     89.119    33.0155     3.4613          1          1  0.000e+00
  1026.6742     88.388     89.130    33.0127     3.4645          1          1  0.000e+00
  1026.6704     88.359     89.101    33.0083     3.4665          1          1  0.000e+00
  1026.6657     88.287     89.029    33.0029     3.4669          1          1  0.000e+00
  1026.6667     88.177     88.918    33.0047     3.4655          1          1  0.000e+00
  1026.6668     88.033     88.772    33.0055     3.4646          1          1  0.000e+00
  1026.6659     87.866     88.604    33.0054     3.4641          1          1  0.000e+00
  1026.6647     87.683     88.419    33.0049     3.4638          1          1  0.000e+00
  1026.6630     87.496     88.231    33.0038     3.4633          1          1  0.000e+00
  1026.6614     87.311     88.044    33.0028     3.4625          1          1  0.000e+00
  1026.6609     87.143     87.875    33.0030     3.4613          1          1  0.000e+00
  1026.6607     86.998     87.728    33.0035     3.4603          1          1  0.000e+00
  1026.6603     86.884     87.614    33.0035     3.4594          1          1  0.000e+00
  1026.6591     86.813     87.542    33.0024     3.4587          1          1  0.000e+00
  1026.6594     86.783     87.511    33.0027     3.4576          1          1  0.000e+00
  1026.6600     86.796     87.525    33.0034     3.4567          1          1  0.000e+00
  1026.6607     86.852     87.581    33.0039     3.4560          1          1  0.000e+00
  1026.6614     86.942     87.672    33.0041     3.4555          1          1  0.000e+00
  1026.6623     87.064     87.795    33.0044     3.4551          1          1  0.000e+00
  1026.6628     87.206     87.938    33.0043     3.4549          1          1  0.000e+00
  1026.6640     87.365     88.099    33.0047     3.4549          1          1  0.000e+00
  1026.6648     87.527     88.262    33.0048     3.4548          1          1  0.000e+00
  1026.6649     87.685     88.421    33.0040     3.4549          1          1  0.000e+00
  1026.6654     87.820     88.557    33.0038     3.4547          1          1  0.000e+00
  1026.6691     87.923     88.662    33.0078     3.4546          1          1  0.000e+00
  1026.6708     87.992     88.732    33.0097     3.4554          1          1  0.000e+00
  1026.6713     88.022     88.762    33.0103     3.4571          1          1  0.000e+00
  1026.6699     88.020     88.759    33.0088     3.4588          1          1  0.000e+00
  1026.6665     87.989     88.728    33.0049     3.4602          1          1  0.000e+00
  1026.6652     87.928     88.666    33.0037     3.4603          1          1  0.000e+00
  1026.6650     87.846     88.584    33.0038     3.4598          1          1  0.000e+00
  1026.6655     87.753     88.490    33.0049     3.4594          1          1  0.000e+00
  1026.6657     87.654     88.391    33.0058     3.4594          1          1  0.000e+00
  1026.6658     87.563     88.299    33.0065     3.4598          1          1  0.000e+00
  1026.6641     87.487     88.222    33.0049     3.4604          1          1  0.000e+00
  1026.6630     87.422     88.156    33.0039     3.4607          1          1  0.000e+00
  1026.6624     87.369     88.103    33.0034     3.4604          1          1  0.000e+00
  1026.6621     87.323     88.057    33.0032     3.4598          1          1  0.000e+00
  1026.6620     87.275     88.008    33.0033     3.4591          1          1  0.000e+00
  1026.6624     87.223     87.955    33.0041     3.4585          1          1  0.000e+00
  1026.6624     87.168     87.900    33.0044     3.4581          1          1  0.000e+00
  1026.6623     87.111     87.843    33.0046     3.4579          1          1  0.000e+00
  1026.6619     87.062     87.793    33.0043     3.4577          1          1  0.000e+00
  1026.6618     87.029     87.760    33.0043     3.4575          1          1  0.000e+00
  1026.6615     87.012     87.743    33.0041     3.4573          1          1  0.000e+00
  1026.6602     87.025     87.755    33.0023     3.4570          1          1  0.000e+00
  1026.6584     87.067     87.798    32.9996     3.4561          1          1  0.000e+00
  1026.6603     87.145     87.877    33.0014     3.4543          1          1  0.000e+00
  1026.6615     87.257     87.990    33.0021     3.4532          1          1  0.000e+00
  1026.6613     87.395     88.129    33.0009     3.4526          1          1  0.000e+00
