data/eDNA/PER-2022-473/473A010.cnv
* Sea-Bird SBE19plus  Data File:
* FileName = C:\Users\RSG_field\Ryan_Perley2022473\CTD\473A010.hex
* Software version 2.3.0 SB_Terminal.dll
* Temperature SN = 7141
* Conductivity SN = 7141
* System UpLoad Time = Aug 10 2022 13:25:44
* <ApplicationData>
* <SeatermAF>
** Platform: M. Perley
** Cruise: Per2022473
** Station:  ESI_13
** Cast: 01
** Latitude: N  44 39.4750
** Longitude: W 62 58.5421
** Sounding: 29.6
** Chief Scientist: Ryan Stanley
** Comment: CTD was banged off the door when being pulled up. Spigot broke off
** Cast 28
# nquan = 8
# nvalues = 1773                                  
# units = specified
# name 0 = density00: Density [density, kg/m^3]
# name 1 = depSM: Depth [salt water, m], lat = 45.00
# name 2 = prdM: Pressure, Strain Gauge [db]
# name 3 = sal00: Salinity, Practical [PSU]
# name 4 = tv290C: Temperature [ITS-90, deg C]
# name 5 = bpos: Bottle Position in Carousel
# name 6 = nbf: Bottles Fired
# name 7 = flag:  0.000e+00
# span 0 =   998.8740,  1024.7444                 
# span 1 =     -0.072,     27.574                 
# span 2 =     -0.072,     27.801                 
# span 3 =     0.0086,    31.5508                 
# span 4 =     5.7147,    16.4654                 
# span 5 =          0,          6                 
# span 6 =          0,          2                 
# span 7 = 0.0000e+00, 0.0000e+00                 
# interval = seconds: 0.25
# start_time = Aug 10 2022 13:13:56 [Instrument's time stamp, header]
# bad_flag = -9.990e-29
*END*
[from data line 540]
  1024.5421     19.744     19.906    31.1285     6.3704          0          0  0.000e+00
  1024.5436     19.906     20.070    31.1269     6.3545          0          0  0.000e+00
  1024.5564     20.068     20.233    31.1395     6.3377          0          0  0.000e+00
  1024.5666     20.227     20.393    31.1497     6.3259          0          0  0.000e+00
  1024.5716     20.376     20.544    31.1542     6.3196          0          0  0.000e+00
  1024.5742     20.518     20.687    31.1561     6.3160          0          0  0.000e+00
  1024.5766     20.650     20.820    31.1579     6.3135          0          0  0.000e+00
  1024.5719     20.766     20.937    31.1510     6.3121          0          0  0.000e+00
  1024.5642     20.874     21.045    31.1401     6.3079          0          0  0.000e+00
  1024.5734     20.973     21.146    31.1496     6.2979          0          0  0.000e+00
  1024.5760     21.066     21.240    31.1511     6.2905          0          0  0.000e+00
  1024.5776     21.157     21.331    31.1517     6.2848          0          0  0.000e+00
  1024.5776     21.245     21.419    31.1503     6.2790          0          0  0.000e+00
  1024.5815     21.330     21.506    31.1539     6.2729          0          0  0.000e+00
  1024.5836     21.417     21.594    31.1552     6.2680          0          0  0.000e+00
  1024.5797     21.508     21.686    31.1491     6.2635          0          0  0.000e+00
  1024.5878     21.603     21.781    31.1577     6.2569          0          0  0.000e+00
  1024.5896     21.698     21.877    31.1588     6.2531          0          0  0.000e+00
  1024.5824     21.796     21.975    31.1488     6.2507          0          0  0.000e+00
  1024.5783     21.897     22.078    31.1420     6.2445          0          0  0.000e+00
  1024.5818     22.007     22.188    31.1441     6.2334          0          0  0.000e+00
  1024.5963     22.120     22.302    31.1601     6.2226          0          0  0.000e+00
  1024.5909     22.242     22.425    31.1519     6.2185          0          0  0.000e+00
  1024.5949     22.371     22.556    31.1554     6.2131          0          0  0.000e+00
  1024.5881     22.512     22.698    31.1449     6.2057          0          0  0.000e+00
  1024.5970     22.662     22.848    31.1537     6.1957          0          0  0.000e+00
  1024.5993     22.814     23.002    31.1545     6.1877          0          0  0.000e+00
  1024.5878     22.972     23.162    31.1379     6.1802          0          0  0.000e+00
  1024.5956     23.129     23.320    31.1447     6.1662          0          0  0.000e+00
  1024.6041     23.283     23.475    31.1524     6.1525          0          0  0.000e+00
  1024.6082     23.435     23.628    31.1552     6.1427          0          0  0.000e+00
  1024.6004     23.578     23.772    31.1431     6.1342          0          0  0.000e+00
  1024.5880     23.706     23.901    31.1244     6.1192          0          0  0.000e+00
  1024.6007     23.830     24.026    31.1358     6.0936          0          0  0.000e+00
  1024.6172     23.937     24.134    31.1526     6.0709          0          0  0.000e+00
  1024.6286     24.030     24.228    31.1642     6.0557          0          0  0.000e+00
  1024.6350     24.119     24.318    31.1704     6.0467          0          0  0.000e+00
  1024.6389     24.195     24.394    31.1741     6.0410          0          0  0.000e+00
  1024.6408     24.268     24.468    31.1756     6.0376          0          0  0.000e+00
  1024.6369     24.334     24.535    31.1698     6.0347          0          0  0.000e+00
  1024.6375     24.401     24.602    31.1694     6.0298          0          0  0.000e+00
  1024.6305     24.468     24.670    31.1592     6.0235          0          0  0.000e+00
  1024.6249     24.534     24.736    31.1499     6.0114          0          0  0.000e+00
  1024.6371     24.611     24.814    31.1622     5.9933          0          0  0.000e+00
  1024.6407     24.693     24.896    31.1641     5.9790          0          0  0.000e+00
  1024.6478     24.786     24.990    31.1706     5.9657          0          0  0.000e+00
  1024.6534     24.892     25.097    31.1753     5.9547          0          0  0.000e+00
  1024.6594     25.012     25.218    31.1809     5.9459          0          0  0.000e+00
  1024.6572     25.145     25.353    31.1763     5.9391          0          0  0.000e+00
  1024.6492     25.294     25.502    31.1639     5.9299          0          0  0.000e+00
  1024.6480     25.457     25.667    31.1589     5.9133          0          0  0.000e+00
  1024.6631     25.627     25.838    31.1739     5.8920          0          0  0.000e+00
  1024.6704     25.804     26.017    31.1796     5.8753          0          0  0.000e+00
  1024.6762     25.987     26.201    31.1837     5.8614          0          0  0.000e+00
  1024.6707     26.169     26.385    31.1737     5.8484          0          0  0.000e+00
  1024.6727     26.346     26.564    31.1723     5.8285          0          0  0.000e+00
  1024.6907     26.519     26.738    31.1903     5.8032          0          0  0.000e+00
  1024.7064     26.676     26.896    31.2065     5.7846          0          0  0.000e+00
  1024.7147     26.822     27.044    31.2147     5.7745          0          0  0.000e+00
  1024.7175     26.949     27.171    31.2166     5.7685          0          0  0.000e+00
  1024.7188     27.060     27.283    31.2169     5.7641          0          0  0.000e+00
  1024.7200     27.157     27.381    31.2171     5.7592          0          0  0.000e+00
  1024.7255     27.238     27.463    31.2228     5.7539          0          0  0.000e+00
  1024.7293     27.237     27.462    31.2273     5.7510          0          0  0.000e+00
  1024.7391     27.205     27.430    31.2398     5.7502          0          0  0.000e+00
  1024.7424     27.157     27.381    31.2450     5.7556          0          0  0.000e+00
  1024.7319     27.098     27.322    31.2334     5.7648          0          0  0.000e+00
  1024.7315     27.051     27.275    31.2341     5.7708          0          0  0.000e+00
  1024.7311     27.007     27.230    31.2347     5.7767          0          0  0.000e+00
  1024.7245     26.967     27.189    31.2276     5.7836          0          0  0.000e+00
  1024.7253     26.934     27.156    31.2295     5.7885          0          0  0.000e+00
  1024.7240     26.914     27.136    31.2288     5.7937          0          0  0.000e+00
  1024.7241     26.899     27.121    31.2301     5.8010          0          0  0.000e+00
  1024.7177     26.890     27.112    31.2233     5.8095          0          0  0.000e+00
  1024.7123     26.894     27.116    31.2173     5.8160          0          0  0.000e+00
  1024.7091     26.901     27.123    31.2138     5.8192          0          0  0.000e+00
  1024.7085     26.911     27.133    31.2131     5.8198          0          0  0.000e+00
  1024.7075     26.927     27.150    31.2118     5.8207          0          0  0.000e+00
  1024.6919     26.945     27.168    31.1919     5.8209          0          0  0.000e+00
  1024.6944     26.964     27.187    31.1938     5.8129          0          0  0.000e+00
  1024.7035     26.985     27.207    31.2035     5.8015          0          0  0.000e+00
  1024.7087     27.005     27.228    31.2089     5.7943          0          0  0.000e+00
  1024.7111     27.028     27.251    31.2112     5.7903          0          0  0.000e+00
  1024.7109     27.051     27.275    31.2104     5.7876          0          0  0.000e+00
  1024.7088     27.076     27.299    31.2072     5.7846          0          0  0.000e+00
  1024.7112     27.104     27.328    31.2094     5.7802          0          0  0.000e+00
  1024.7132     27.136     27.360    31.2112     5.7766          0          0  0.000e+00
  1024.7155     27.169     27.393    31.2135     5.7734          0          0  0.000e+00
  1024.7171     27.200     27.424    31.2151     5.7717          0          0  0.000e+00
  1024.7185     27.229     27.454    31.2165     5.7708          0          0  0.000e+00
  1024.7188     27.253     27.478    31.2168     5.7706          0          0  0.000e+00
  1024.7180     27.273     27.498    31.2156     5.7706          0          0  0.000e+00
  1024.7181     27.282     27.508    31.2157     5.7703          0          0  0.000e+00
  1024.7203     27.281     27.507    31.2183     5.7693          0          0  0.000e+00
  1024.7226     27.269     27.494    31.2214     5.7700          0          0  0.000e+00
  1024.7373     27.242     27.467    31.2406     5.7733          0          0  0.000e+00
  1024.7330     27.208     27.433    31.2370     5.7846          0          0  0.000e+00
  1024.7254     27.162     27.386    31.2295     5.7962          0          0  0.000e+00
  1024.7149     27.111     27.334    31.2177     5.8042          0          0  0.000e+00
  1024.7112     27.059     27.282    31.2137     5.8069          0          0  0.000e+00
  1024.7133     27.011     27.234    31.2167     5.8075          0          0  0.000e+00
  1024.7143     26.969     27.191    31.2185     5.8089          0          0  0.000e+00
  1024.7106     26.936     27.158    31.2142     5.8113          0          0  0.000e+00
  1024.7109     26.916     27.138    31.2149     5.8123          0          0  0.000e+00
  1024.7059     26.904     27.126    31.2089     5.8135          0          0  0.000e+00
  1024.7050     26.904     27.126    31.2075     5.8126          0          0  0.000e+00
  1024.6993     26.910     27.132    31.1999     5.8103          0          0  0.000e+00
  1024.6965     26.926     27.148    31.1955     5.8043          0          0  0.000e+00
  1024.7019     26.941     27.163    31.2009     5.7960          0          0  0.000e+00
  1024.7040     26.964     27.187    31.2025     5.7896          0          0  0.000e+00
  1024.7062     26.986     27.208    31.2043     5.7832          0          0  0.000e+00
  1024.7136     27.013     27.236    31.2126     5.7776          0          0  0.000e+00
  1024.7151     27.041     27.264    31.2141     5.7761          0          0  0.000e+00
  1024.7125     27.070     27.294    31.2106     5.7761          0          0  0.000e+00
  1024.7074     27.105     27.329    31.2037     5.7741          0          0  0.000e+00
  1024.7119     27.138     27.362    31.2085     5.7686          0          0  0.000e+00
  1024.7131     27.178     27.402    31.2089     5.7635          0          0  0.000e+00
  1024.7096     27.218     27.442    31.2035     5.7584          0          0  0.000e+00
  1024.7161     27.260     27.485    31.2103     5.7500          0          0  0.000e+00
  1024.7200     27.297     27.523    31.2139     5.7430          0          0  0.000e+00
  1024.7216     27.333     27.559    31.2151     5.7379          0          0  0.000e+00
  1024.7265     27.363     27.589    31.2203     5.7327          0          0  0.000e+00
  1024.7293     27.381     27.607    31.2233     5.7296          0          0  0.000e+00
  1024.7313     27.389     27.615    31.2256     5.7284          0          0  0.000e+00
  1024.7309     27.383     27.609    31.2251     5.7284          0          0  0.000e+00
  1024.7369     27.361     27.587    31.2328     5.7285          0          0  0.000e+00
  1024.7440     27.324     27.549    31.2426     5.7323          0          0  0.000e+00
  1024.7444     27.272     27.497    31.2448     5.7424          0          0  0.000e+00
  1024.7328     27.209     27.434    31.2323     5.7547          0          0  0.000e+00
  1024.7277     27.135     27.359    31.2275     5.7621          0          0  0.000e+00
  1024.7294     27.063     27.286    31.2308     5.7668          0          0  0.000e+00
  1024.7293     26.987     27.209    31.2319     5.7725          0          0  0.000e+00
  1024.7242     26.921     27.143    31.2269     5.7792          0          0  0.000e+00
  1024.7211     26.864     27.085    31.2240     5.7844          0          0  0.000e+00
  1024.7169     26.822     27.044    31.2196     5.7886          0          0  0.000e+00
  1024.7121     26.800     27.021    31.2140     5.7908          0          0  0.000e+00
  1024.7066     26.795     27.016    31.2069     5.7908          0          0  0.000e+00
  1024.7063     26.810     27.031    31.2061     5.7881          0          0  0.000e+00
  1024.7073     26.842     27.063    31.2067     5.7842          0          0  0.000e+00
  1024.7074     26.886     27.108    31.2060     5.7805          0          0  0.000e+00
  1024.7096     26.942     27.165    31.2078     5.7763          0          0  0.000e+00
  1024.7118     27.006     27.229    31.2097     5.7726          0          0  0.000e+00
  1024.7138     27.071     27.294    31.2113     5.7693          0          0  0.000e+00
  1024.7130     27.138     27.362    31.2095     5.7665          0          0  0.000e+00
  1024.7155     27.199     27.423    31.2116     5.7622          0          0  0.000e+00
  1024.7180     27.254     27.479    31.2140     5.7589          0          0  0.000e+00
  1024.7180     27.301     27.526    31.2134     5.7567          0          0  0.000e+00
  1024.7196     27.336     27.561    31.2149     5.7541          0          0  0.000e+00
  1024.7209     27.356     27.581    31.2161     5.7520          0          0  0.000e+00
  1024.7176     27.368     27.594    31.2116     5.7504          0          0  0.000e+00
  1024.7202     27.364     27.590    31.2143     5.7463          0          0  0.000e+00
  1024.7289     27.355     27.580    31.2249     5.7429          0          0  0.000e+00
  1024.7317     27.337     27.562    31.2288     5.7453          0          0  0.000e+00
  1024.7324     27.311     27.537    31.2306     5.7502          0          0  0.000e+00
  1024.7284     27.278     27.503    31.2267     5.7565          0          0  0.000e+00
  1024.7266     27.240     27.465    31.2254     5.7615          0          0  0.000e+00
  1024.7251     27.199     27.423    31.2243     5.7658          0          0  0.000e+00
  1024.7226     27.151     27.375    31.2219     5.7693          0          0  0.000e+00
  1024.7205     27.099     27.323    31.2201     5.7722          0          0  0.000e+00
  1024.7200     27.046     27.269    31.2201     5.7742          0          0  0.000e+00
  1024.7184     26.993     27.216    31.2186     5.7759          0          0  0.000e+00
  1024.7185     26.938     27.160    31.2191     5.7768          0          0  0.000e+00
  1024.7180     26.891     27.113    31.2191     5.7785          0          0  0.000e+00
  1024.7163     26.852     27.074    31.2175     5.7809          0          0  0.000e+00
  1024.7140     26.826     27.047    31.2149     5.7822          0          0  0.000e+00
  1024.7106     26.814     27.035    31.2107     5.7819          0          0  0.000e+00
  1024.7085     26.816     27.037    31.2077     5.7798          0          0  0.000e+00
  1024.7102     26.838     27.060    31.2092     5.7761          0          0  0.000e+00
  1024.7069     26.879     27.100    31.2042     5.7726          0          0  0.000e+00
  1024.7124     26.932     27.154    31.2101     5.7673          0          0  0.000e+00
  1024.7141     26.998     27.221    31.2113     5.7637          0          0  0.000e+00
  1024.7136     27.071     27.294    31.2098     5.7609          0          0  0.000e+00
  1024.7117     27.143     27.367    31.2065     5.7571          0          0  0.000e+00
  1024.7134     27.219     27.444    31.2074     5.7514          0          0  0.000e+00
  1024.7191     27.283     27.508    31.2133     5.7456          0          0  0.000e+00
  1024.7212     27.337     27.562    31.2150     5.7414          0          0  0.000e+00
  1024.7186     27.373     27.599    31.2110     5.7382          0          0  0.000e+00
  1024.7236     27.395     27.621    31.2164     5.7325          0          0  0.000e+00
  1024.7268     27.401     27.627    31.2198     5.7286          0          0  0.000e+00
