data/eDNA/PER-2022-473/473A029.cnv
* Sea-Bird SBE19plus  Data File:
* FileName = C:\Users\RSG_field\Ryan_Perley2022473\CTD\473A029.hex
* Software version 2.3.0 SB_Terminal.dll
* Temperature SN = 7141
* Conductivity SN = 7141
* System UpLoad Time = Aug 16 2022 17:54:34
* <ApplicationData>
* <SeatermAF>
** Platform: M. Perley
** Cruise: Per2022473
** Station:  SAB_Trans_14
** Cast: 01 473A029
** Latitude: N  46 11.6974
** Longitude: W 58 51.1420
** Sounding: 236
** Chief Scientist: Ryan Stanley
** Comment: Bottles 493927-43932 - sounding based on plumb line cast 48
# nquan = 8
# nvalues = 6865                                  
# units = specified
# name 0 = density00: Density [density, kg/m^3]
# name 1 = depSM: Depth [salt water, m], lat = 45.00
# name 2 = prdM: Pressure, Strain Gauge [db]
# name 3 = sal00: Salinity, Practical [PSU]
# name 4 = tv290C: Temperature [ITS-90, deg C]
# name 5 = bpos: Bottle Position in Carousel
# name 6 = nbf: Bottles Fired
# name 7 = flag:  0.000e+00
# span 0 =   998.6288,  1027.9960                 
# span 1 =     -0.045,    207.070                 
# span 2 =     -0.045,    208.870                 
# span 3 =     0.1030,    34.6316                 
# span 4 =     1.7588,    20.1287                 
# span 5 =          0,          6                 
# span 6 =          0,          2                 
# span 7 = 0.0000e+00, 0.0000e+00                 
# interval = seconds: 0.25
# start_time = Aug 16 2022 17:20:25 [Instrument's time stamp, header]
# bad_flag = -9.990e-29
*END*
[from data line 1798]
  1026.6963     87.659     88.395    33.0491     3.5005          0          0  0.000e+00
  1026.6946     87.728     88.465    33.0470     3.5046          0          0  0.000e+00
  1026.6965     87.776     88.514    33.0494     3.5071          0          0  0.000e+00
  1026.6942     87.805     88.543    33.0468     3.5101          0          0  0.000e+00
  1026.6912     87.817     88.554    33.0431     3.5119          0          0  0.000e+00
  1026.6860     87.815     88.552    33.0366     3.5120          0          0  0.000e+00
  1026.6856     87.805     88.543    33.0360     3.5106          0          0  0.000e+00
  1026.6874     87.792     88.530    33.0380     3.5081          0          0  0.000e+00
  1026.6898     87.781     88.518    33.0410     3.5068          0          0  0.000e+00
  1026.6901     87.780     88.517    33.0413     3.5065          0          0  0.000e+00
  1026.6904     87.791     88.529    33.0416     3.5063          0          0  0.000e+00
  1026.6906     87.818     88.555    33.0417     3.5059          0          0  0.000e+00
  1026.6850     87.864     88.603    33.0343     3.5057          0          0  0.000e+00
  1026.6909     87.926     88.665    33.0412     3.5036          0          0  0.000e+00
  1026.6999     87.998     88.737    33.0519     3.5033          0          0  0.000e+00
  1026.7014     88.086     88.826    33.0537     3.5066          0          0  0.000e+00
  1026.7017     88.193     88.934    33.0539     3.5106          0          0  0.000e+00
  1026.7054     88.310     89.052    33.0583     3.5143          0          0  0.000e+00
  1026.7274     88.438     89.181    33.0859     3.5194          0          0  0.000e+00
  1026.7321     88.571     89.315    33.0924     3.5309          0          0  0.000e+00
  1026.7274     88.713     89.458    33.0873     3.5450          0          0  0.000e+00
  1026.7258     88.860     89.607    33.0859     3.5572          0          0  0.000e+00
  1026.7285     89.019     89.767    33.0896     3.5671          0          0  0.000e+00
  1026.7407     89.183     89.933    33.1051     3.5775          0          0  0.000e+00
  1026.7355     89.354     90.105    33.0993     3.5908          0          0  0.000e+00
  1026.7396     89.527     90.279    33.1048     3.6022          0          0  0.000e+00
  1026.7556     89.696     90.449    33.1253     3.6137          0          0  0.000e+00
  1026.7484     89.846     90.601    33.1172     3.6291          0          0  0.000e+00
  1026.7398     89.969     90.725    33.1072     3.6413          0          0  0.000e+00
  1026.7328     90.057     90.814    33.0988     3.6486          0          0  0.000e+00
  1026.7322     90.112     90.870    33.0982     3.6522          0          0  0.000e+00
  1026.7311     90.133     90.891    33.0969     3.6545          0          0  0.000e+00
  1026.7284     90.120     90.877    33.0938     3.6563          0          0  0.000e+00
  1026.7259     90.080     90.838    33.0910     3.6565          0          0  0.000e+00
  1026.7242     90.018     90.775    33.0891     3.6558          0          0  0.000e+00
  1026.7256     89.944     90.700    33.0912     3.6547          0          0  0.000e+00
  1026.7221     89.860     90.615    33.0871     3.6539          0          0  0.000e+00
  1026.7153     89.771     90.525    33.0788     3.6519          0          0  0.000e+00
  1026.7133     89.682     90.436    33.0763     3.6479          0          0  0.000e+00
  1026.7113     89.612     90.365    33.0737     3.6432          0          0  0.000e+00
  1026.7140     89.567     90.320    33.0768     3.6383          0          0  0.000e+00
  1026.7159     89.554     90.306    33.0788     3.6342          0          0  0.000e+00
  1026.7322     89.591     90.344    33.0986     3.6316          0          0  0.000e+00
  1026.7399     89.676     90.429    33.1083     3.6348          0          0  0.000e+00
  1026.7320     89.806     90.561    33.0983     3.6411          0          0  0.000e+00
  1026.7387     89.966     90.722    33.1063     3.6447          0          0  0.000e+00
  1026.7419     90.158     90.916    33.1098     3.6497          0          0  0.000e+00
  1026.7402     90.376     91.136    33.1070     3.6554          0          0  0.000e+00
  1026.7389     90.605     91.367    33.1046     3.6597          0          0  0.000e+00
  1026.7414     90.843     91.607    33.1067     3.6628          0          0  0.000e+00
  1026.7484     91.083     91.848    33.1145     3.6660          0          0  0.000e+00
  1026.7652     91.309     92.077    33.1348     3.6711          0          0  0.000e+00
  1026.7977     91.512     92.281    33.1759     3.6821          0          0  0.000e+00
  1026.8312     91.668     92.439    33.2199     3.7052          0          0  0.000e+00
  1026.8192     91.771     92.542    33.2084     3.7389          0          0  0.000e+00
  1026.8029     91.832     92.604    33.1911     3.7668          0          0  0.000e+00
  1026.7878     91.865     92.638    33.1743     3.7857          0          0  0.000e+00
  1026.7757     91.872     92.645    33.1603     3.7964          0          0  0.000e+00
  1026.7633     91.862     92.634    33.1453     3.8005          0          0  0.000e+00
  1026.7362     91.833     92.606    33.1112     3.7988          0          0  0.000e+00
  1026.7366     91.795     92.567    33.1105     3.7877          0          0  0.000e+00
  1026.7432     91.754     92.525    33.1175     3.7752          0          0  0.000e+00
  1026.7473     91.720     92.491    33.1218     3.7668          0          0  0.000e+00
  1026.7570     91.696     92.468    33.1333     3.7606          0          0  0.000e+00
  1026.7756     91.693     92.464    33.1565     3.7584          0          0  0.000e+00
  1026.7845     91.712     92.484    33.1682     3.7632          0          0  0.000e+00
  1026.7837     91.757     92.529    33.1681     3.7727          0          0  0.000e+00
  1026.7803     91.824     92.596    33.1645     3.7815          0          0  0.000e+00
  1026.7822     91.906     92.679    33.1673     3.7883          0          0  0.000e+00
  1026.8074     92.010     92.784    33.1993     3.7953          0          0  0.000e+00
  1026.8125     92.120     92.894    33.2069     3.8105          0          0  0.000e+00
  1026.8050     92.244     93.019    33.1990     3.8278          0          0  0.000e+00
  1026.7980     92.379     93.156    33.1911     3.8413          0          0  0.000e+00
  1026.7935     92.518     93.296    33.1857     3.8503          0          0  0.000e+00
  1026.7948     92.668     93.447    33.1872     3.8559          0          0  0.000e+00
  1026.8009     92.823     93.603    33.1946     3.8612          0          0  0.000e+00
  1026.8016     92.985     93.767    33.1953     3.8680          0          0  0.000e+00
  1026.8092     93.148     93.932    33.2047     3.8746          0          0  0.000e+00
  1026.8082     93.309     94.094    33.2037     3.8826          0          0  0.000e+00
  1026.8051     93.470     94.257    33.1996     3.8898          0          0  0.000e+00
  1026.8101     93.622     94.410    33.2057     3.8949          0          0  0.000e+00
  1026.8207     93.754     94.542    33.2190     3.9009          0          0  0.000e+00
  1026.8284     93.861     94.650    33.2294     3.9110          0          0  0.000e+00
  1026.8255     93.940     94.731    33.2268     3.9233          0          0  0.000e+00
  1026.8279     93.993     94.784    33.2309     3.9342          0          0  0.000e+00
  1026.8253     94.027     94.818    33.2287     3.9442          0          0  0.000e+00
  1026.8167     94.033     94.825    33.2189     3.9527          0          0  0.000e+00
  1026.8056     94.018     94.809    33.2056     3.9570          0          0  0.000e+00
  1026.7856     93.980     94.771    33.1806     3.9560          0          0  0.000e+00
  1026.7885     93.930     94.720    33.1835     3.9481          0          0  0.000e+00
  1026.7926     93.870     94.660    33.1880     3.9401          0          0  0.000e+00
  1026.7964     93.810     94.599    33.1923     3.9344          0          0  0.000e+00
  1026.8001     93.756     94.545    33.1968     3.9306          0          0  0.000e+00
  1026.7994     93.718     94.506    33.1960     3.9289          0          0  0.000e+00
  1026.7991     93.700     94.488    33.1956     3.9276          0          0  0.000e+00
  1026.8042     93.712     94.501    33.2018     3.9264          0          0  0.000e+00
  1026.8067     93.760     94.549    33.2046     3.9266          0          0  0.000e+00
  1026.8071     93.834     94.624    33.2049     3.9282          0          0  0.000e+00
  1026.8157     93.936     94.726    33.2154     3.9301          0          0  0.000e+00
  1026.8298     94.071     94.862    33.2329     3.9352          0          0  0.000e+00
  1026.8453     94.232     95.025    33.2528     3.9455          0          0  0.000e+00
  1026.8480     94.414     95.209    33.2570     3.9604          0          0  0.000e+00
  1026.8425     94.606     95.402    33.2509     3.9756          0          0  0.000e+00
  1026.8396     94.812     95.610    33.2477     3.9878          0          0  0.000e+00
  1026.8364     95.010     95.810    33.2436     3.9968          0          0  0.000e+00
  1026.8438     95.203     96.005    33.2527     4.0039          0          0  0.000e+00
  1026.8497     95.380     96.183    33.2602     4.0122          0          0  0.000e+00
  1026.8469     95.539     96.344    33.2570     4.0219          0          0  0.000e+00
  1026.8440     95.674     96.479    33.2535     4.0297          0          0  0.000e+00
  1026.8422     95.788     96.595    33.2513     4.0354          0          0  0.000e+00
  1026.8400     95.881     96.688    33.2485     4.0394          0          0  0.000e+00
  1026.8387     95.955     96.763    33.2467     4.0418          0          0  0.000e+00
  1026.8381     96.009     96.817    33.2458     4.0432          0          0  0.000e+00
  1026.8374     96.047     96.856    33.2449     4.0440          0          0  0.000e+00
  1026.8343     96.070     96.879    33.2408     4.0444          0          0  0.000e+00
  1026.8329     96.082     96.891    33.2389     4.0434          0          0  0.000e+00
  1026.8337     96.092     96.901    33.2397     4.0418          0          0  0.000e+00
  1026.8355     96.106     96.916    33.2416     4.0405          0          0  0.000e+00
  1026.8369     96.135     96.945    33.2432     4.0398          0          0  0.000e+00
  1026.8366     96.180     96.990    33.2426     4.0398          0          0  0.000e+00
  1026.8356     96.236     97.046    33.2409     4.0395          0          0  0.000e+00
  1026.8428     96.304     97.115    33.2495     4.0389          0          0  0.000e+00
  1026.8487     96.377     97.188    33.2567     4.0407          0          0  0.000e+00
  1026.8534     96.455     97.268    33.2627     4.0451          0          0  0.000e+00
  1026.8535     96.530     97.343    33.2632     4.0510          0          0  0.000e+00
  1026.8519     96.598     97.412    33.2615     4.0564          0          0  0.000e+00
  1026.8496     96.665     97.479    33.2588     4.0606          0          0  0.000e+00
  1026.8484     96.723     97.537    33.2572     4.0635          0          0  0.000e+00
  1026.8492     96.781     97.596    33.2582     4.0654          0          0  0.000e+00
  1026.8517     96.837     97.653    33.2612     4.0673          0          0  0.000e+00
  1026.8544     96.898     97.714    33.2646     4.0698          0          0  0.000e+00
  1026.8546     96.970     97.786    33.2648     4.0729          0          0  0.000e+00
  1026.8535     97.047     97.864    33.2634     4.0758          0          0  0.000e+00
  1026.8528     97.138     97.956    33.2622     4.0779          0          0  0.000e+00
  1026.8542     97.247     98.067    33.2635     4.0793          0          0  0.000e+00
  1026.8548     97.359     98.179    33.2638     4.0809          0          0  0.000e+00
  1026.8540     97.478     98.299    33.2623     4.0823          0          0  0.000e+00
  1026.8536     97.594     98.416    33.2612     4.0831          0          0  0.000e+00
  1026.8537     97.709     98.532    33.2608     4.0834          0          0  0.000e+00
  1026.8540     97.820     98.644    33.2604     4.0834          0          0  0.000e+00
  1026.8567     97.924     98.749    33.2632     4.0832          0          0  0.000e+00
  1026.8608     98.022     98.847    33.2678     4.0837          0          0  0.000e+00
  1026.8634     98.116     98.943    33.2708     4.0857          0          0  0.000e+00
  1026.8637     98.202     99.029    33.2710     4.0886          0          0  0.000e+00
  1026.8677     98.280     99.108    33.2760     4.0914          0          0  0.000e+00
  1026.8755     98.358     99.186    33.2858     4.0953          0          0  0.000e+00
  1026.8774     98.424     99.254    33.2887     4.1017          0          0  0.000e+00
  1026.8789     98.489     99.319    33.2911     4.1087          0          0  0.000e+00
  1026.8754     98.549     99.379    33.2872     4.1156          0          0  0.000e+00
  1026.8725     98.596     99.427    33.2840     4.1207          0          0  0.000e+00
  1026.8724     98.640     99.471    33.2841     4.1240          0          0  0.000e+00
  1026.8706     98.670     99.502    33.2819     4.1266          0          0  0.000e+00
  1026.8653     98.697     99.529    33.2754     4.1281          0          0  0.000e+00
  1026.8612     98.720     99.552    33.2700     4.1276          0          0  0.000e+00
  1026.8630     98.745     99.577    33.2718     4.1254          0          0  0.000e+00
  1026.8659     98.770     99.603    33.2750     4.1233          0          0  0.000e+00
  1026.8671     98.809     99.642    33.2761     4.1222          0          0  0.000e+00
  1026.8731     98.861     99.694    33.2833     4.1221          0          0  0.000e+00
  1026.8939     98.935     99.768    33.3095     4.1248          0          0  0.000e+00
  1026.9028     99.028     99.862    33.3215     4.1347          0          0  0.000e+00
  1026.9113     99.149     99.984    33.3330     4.1473          0          0  0.000e+00
  1026.9149     99.289    100.126    33.3390     4.1632          0          0  0.000e+00
  1026.9112     99.448    100.286    33.3354     4.1797          0          0  0.000e+00
  1026.9120     99.617    100.457    33.3373     4.1936          0          0  0.000e+00
  1026.9138     99.791    100.632    33.3402     4.2061          0          0  0.000e+00
  1026.9138     99.960    100.803    33.3408     4.2178          0          0  0.000e+00
  1026.9148    100.111    100.955    33.3425     4.2282          0          0  0.000e+00
  1026.9139    100.234    101.080    33.3419     4.2375          0          0  0.000e+00
  1026.9108    100.334    101.180    33.3384     4.2453          0          0  0.000e+00
  1026.9079    100.418    101.265    33.3351     4.2509          0          0  0.000e+00
  1026.9055    100.490    101.337    33.3321     4.2546          0          0  0.000e+00
  1026.9054    100.567    101.415    33.3318     4.2571          0          0  0.000e+00
  1026.9046    100.645    101.493    33.3307     4.2589          0          0  0.000e+00
  1026.9046    100.725    101.575    33.3303     4.2599          0          0  0.000e+00
  1026.9071    100.802    101.652    33.3332     4.2608          0          0  0.000e+00
  1026.9087    100.876    101.727    33.3349     4.2621          0          0  0.000e+00
  1026.9146    100.947    101.798    33.3422     4.2641          0          0  0.000e+00
  1026.9170    101.005    101.857    33.3453     4.2678          0          0  0.000e+00
  1026.9146    101.057    101.910    33.3425     4.2723          0          0  0.000e+00
