data/eDNA/PER-2022-473/473A027.cnv
* Sea-Bird SBE19plus  Data File:
* FileName = C:\Users\RSG_field\Ryan_Perley2022473\CTD\473A027.hex
* Software version 2.3.0 SB_Terminal.dll
* Temperature SN = 7141
* Conductivity SN = 7141
* System UpLoad Time = Aug 16 2022 15:44:44
* <ApplicationData>
* <SeatermAF>
** Platform: M. Perley
** Cruise: Per2022473
** Station:  SAB_Trans_12
** Cast: 01 473A027
** Latitude: N  46 5.3473
** Longitude: W 59 1.8902
** Sounding: 104.8
** Chief Scientist: Ryan Stanley
** Comment: Bottles 493915-43920 - sounding based on plumb line cast 46
# nquan = 8
# nvalues = 3501                                  
# units = specified
# name 0 = density00: Density [density, kg/m^3]
# name 1 = depSM: Depth [salt water, m], lat = 45.00
# name 2 = prdM: Pressure, Strain Gauge [db]
# name 3 = sal00: Salinity, Practical [PSU]
# name 4 = tv290C: Temperature [ITS-90, deg C]
# name 5 = bpos: Bottle Position in Carousel
# name 6 = nbf: Bottles Fired
# name 7 = flag:  0.000e+00
# span 0 =   998.5363,  1026.5585                 
# span 1 =     -0.041,     88.597                 
# span 2 =     -0.041,     89.342                 
# span 3 =     0.0763,    32.8354                 
# span 4 =     1.9282,    20.3640                 
# span 5 =          0,          6                 
# span 6 =          0,          2                 
# span 7 = 0.0000e+00, 0.0000e+00                 
# interval = seconds: 0.25
# start_time = Aug 16 2022 15:26:27 [Instrument's time stamp, header]
# bad_flag = -9.990e-29
*END*
[from data line 1618]
  1026.5539     87.143     87.875    32.8302     3.1314          0          0  0.000e+00
  1026.5538     87.173     87.906    32.8299     3.1321          0          0  0.000e+00
  1026.5547     87.203     87.935    32.8309     3.1325          0          0  0.000e+00
  1026.5553     87.230     87.962    32.8316     3.1332          0          0  0.000e+00
  1026.5558     87.254     87.987    32.8322     3.1340          0          0  0.000e+00
  1026.5553     87.282     88.015    32.8315     3.1348          0          0  0.000e+00
  1026.5555     87.311     88.045    32.8317     3.1355          0          0  0.000e+00
  1026.5541     87.342     88.076    32.8298     3.1360          0          0  0.000e+00
  1026.5527     87.376     88.110    32.8278     3.1361          0          0  0.000e+00
  1026.5526     87.415     88.149    32.8274     3.1354          0          0  0.000e+00
  1026.5530     87.451     88.186    32.8276     3.1347          0          0  0.000e+00
  1026.5538     87.486     88.221    32.8284     3.1341          0          0  0.000e+00
  1026.5544     87.516     88.251    32.8289     3.1338          0          0  0.000e+00
  1026.5533     87.531     88.266    32.8274     3.1337          0          0  0.000e+00
  1026.5544     87.535     88.270    32.8287     3.1333          0          0  0.000e+00
  1026.5554     87.519     88.254    32.8300     3.1332          0          0  0.000e+00
  1026.5567     87.489     88.224    32.8319     3.1339          0          0  0.000e+00
  1026.5557     87.443     88.177    32.8311     3.1353          0          0  0.000e+00
  1026.5543     87.384     88.118    32.8298     3.1365          0          0  0.000e+00
  1026.5532     87.317     88.050    32.8289     3.1372          0          0  0.000e+00
  1026.5533     87.247     87.979    32.8294     3.1376          0          0  0.000e+00
  1026.5529     87.182     87.914    32.8294     3.1380          0          0  0.000e+00
  1026.5520     87.126     87.857    32.8287     3.1388          0          0  0.000e+00
  1026.5505     87.081     87.813    32.8271     3.1393          0          0  0.000e+00
  1026.5498     87.055     87.786    32.8264     3.1391          0          0  0.000e+00
  1026.5481     87.043     87.774    32.8242     3.1383          0          0  0.000e+00
  1026.5480     87.047     87.778    32.8240     3.1369          0          0  0.000e+00
  1026.5462     87.067     87.799    32.8213     3.1349          0          0  0.000e+00
  1026.5476     87.098     87.830    32.8226     3.1324          0          0  0.000e+00
  1026.5505     87.133     87.865    32.8258     3.1305          0          0  0.000e+00
  1026.5559     87.175     87.907    32.8323     3.1297          0          0  0.000e+00
  1026.5579     87.221     87.954    32.8346     3.1309          0          0  0.000e+00
  1026.5585     87.269     88.002    32.8354     3.1328          0          0  0.000e+00
  1026.5552     87.312     88.046    32.8311     3.1347          0          0  0.000e+00
  1026.5541     87.352     88.085    32.8296     3.1353          0          0  0.000e+00
  1026.5534     87.387     88.121    32.8285     3.1352          0          0  0.000e+00
  1026.5548     87.415     88.150    32.8301     3.1350          0          0  0.000e+00
  1026.5560     87.438     88.172    32.8315     3.1350          0          0  0.000e+00
  1026.5574     87.456     88.190    32.8331     3.1356          0          0  0.000e+00
  1026.5570     87.469     88.204    32.8326     3.1364          0          0  0.000e+00
  1026.5566     87.482     88.217    32.8322     3.1372          0          0  0.000e+00
  1026.5557     87.491     88.225    32.8311     3.1379          0          0  0.000e+00
  1026.5559     87.495     88.230    32.8314     3.1380          0          0  0.000e+00
  1026.5552     87.497     88.232    32.8305     3.1382          0          0  0.000e+00
  1026.5555     87.492     88.227    32.8308     3.1381          0          0  0.000e+00
  1026.5555     87.484     88.219    32.8309     3.1381          0          0  0.000e+00
  1026.5553     87.470     88.205    32.8307     3.1383          0          0  0.000e+00
  1026.5555     87.456     88.190    32.8311     3.1383          0          0  0.000e+00
  1026.5556     87.441     88.175    32.8314     3.1385          0          0  0.000e+00
  1026.5549     87.423     88.157    32.8306     3.1391          0          0  0.000e+00
  1026.5553     87.406     88.140    32.8312     3.1394          0          0  0.000e+00
  1026.5547     87.390     88.124    32.8307     3.1400          0          0  0.000e+00
  1026.5540     87.370     88.104    32.8300     3.1403          0          0  0.000e+00
  1026.5533     87.348     88.081    32.8293     3.1404          0          0  0.000e+00
  1026.5538     87.321     88.054    32.8299     3.1400          0          0  0.000e+00
  1026.5548     87.292     88.026    32.8313     3.1399          0          0  0.000e+00
  1026.5542     87.258     87.991    32.8309     3.1402          0          0  0.000e+00
  1026.5531     87.222     87.955    32.8298     3.1407          0          0  0.000e+00
  1026.5526     87.191     87.923    32.8292     3.1405          0          0  0.000e+00
  1026.5530     87.165     87.897    32.8299     3.1402          0          0  0.000e+00
  1026.5533     87.147     87.879    32.8304     3.1401          0          0  0.000e+00
  1026.5527     87.135     87.867    32.8298     3.1403          0          0  0.000e+00
  1026.5518     87.143     87.875    32.8285     3.1403          0          0  0.000e+00
  1026.5504     87.160     87.892    32.8266     3.1398          0          0  0.000e+00
  1026.5495     87.190     87.922    32.8252     3.1386          0          0  0.000e+00
  1026.5480     87.231     87.964    32.8229     3.1365          0          0  0.000e+00
  1026.5471     87.274     88.007    32.8212     3.1342          0          0  0.000e+00
  1026.5478     87.327     88.061    32.8215     3.1316          0          0  0.000e+00
  1026.5496     87.390     88.124    32.8231     3.1291          0          0  0.000e+00
  1026.5519     87.453     88.187    32.8254     3.1275          0          0  0.000e+00
  1026.5538     87.512     88.247    32.8273     3.1269          0          0  0.000e+00
  1026.5535     87.567     88.303    32.8266     3.1272          0          0  0.000e+00
  1026.5539     87.615     88.351    32.8269     3.1273          0          0  0.000e+00
  1026.5542     87.653     88.389    32.8270     3.1274          0          0  0.000e+00
  1026.5547     87.681     88.417    32.8276     3.1275          0          0  0.000e+00
  1026.5558     87.693     88.430    32.8288     3.1279          0          0  0.000e+00
  1026.5546     87.690     88.427    32.8275     3.1285          0          0  0.000e+00
  1026.5545     87.669     88.405    32.8275     3.1290          0          0  0.000e+00
  1026.5569     87.638     88.374    32.8308     3.1292          0          0  0.000e+00
  1026.5549     87.591     88.327    32.8286     3.1308          0          0  0.000e+00
  1026.5531     87.536     88.272    32.8268     3.1317          0          0  0.000e+00
  1026.5544     87.475     88.210    32.8288     3.1319          0          0  0.000e+00
  1026.5539     87.409     88.143    32.8287     3.1327          0          0  0.000e+00
  1026.5530     87.344     88.078    32.8281     3.1338          0          0  0.000e+00
  1026.5526     87.286     88.019    32.8281     3.1347          0          0  0.000e+00
  1026.5477     87.237     87.970    32.8222     3.1353          0          0  0.000e+00
  1026.5481     87.201     87.934    32.8228     3.1340          0          0  0.000e+00
  1026.5485     87.178     87.910    32.8233     3.1324          0          0  0.000e+00
  1026.5494     87.166     87.898    32.8243     3.1310          0          0  0.000e+00
  1026.5493     87.172     87.904    32.8241     3.1301          0          0  0.000e+00
  1026.5500     87.189     87.921    32.8248     3.1292          0          0  0.000e+00
  1026.5505     87.215     87.948    32.8251     3.1283          0          0  0.000e+00
  1026.5519     87.250     87.983    32.8266     3.1277          0          0  0.000e+00
  1026.5539     87.293     88.026    32.8289     3.1276          0          0  0.000e+00
  1026.5526     87.341     88.075    32.8270     3.1280          0          0  0.000e+00
  1026.5522     87.392     88.126    32.8261     3.1280          0          0  0.000e+00
  1026.5532     87.442     88.177    32.8271     3.1278          0          0  0.000e+00
  1026.5522     87.494     88.229    32.8256     3.1277          0          0  0.000e+00
  1026.5549     87.544     88.279    32.8286     3.1275          0          0  0.000e+00
  1026.5542     87.594     88.329    32.8274     3.1280          0          0  0.000e+00
  1026.5529     87.638     88.374    32.8256     3.1281          0          0  0.000e+00
  1026.5558     87.676     88.413    32.8290     3.1280          0          0  0.000e+00
  1026.5577     87.705     88.442    32.8312     3.1284          0          0  0.000e+00
  1026.5573     87.725     88.462    32.8308     3.1296          0          0  0.000e+00
  1026.5572     87.733     88.470    32.8308     3.1307          0          0  0.000e+00
  1026.5562     87.728     88.465    32.8297     3.1316          0          0  0.000e+00
  1026.5562     87.707     88.444    32.8298     3.1322          0          0  0.000e+00
  1026.5573     87.670     88.407    32.8315     3.1328          0          0  0.000e+00
  1026.5561     87.617     88.353    32.8305     3.1341          0          0  0.000e+00
  1026.5549     87.551     88.287    32.8294     3.1354          0          0  0.000e+00
  1026.5549     87.472     88.207    32.8300     3.1360          0          0  0.000e+00
  1026.5540     87.384     88.118    32.8295     3.1369          0          0  0.000e+00
  1026.5530     87.295     88.028    32.8288     3.1375          0          0  0.000e+00
  1026.5517     87.204     87.936    32.8277     3.1379          0          0  0.000e+00
  1026.5513     87.120     87.852    32.8277     3.1379          0          0  0.000e+00
  1026.5511     87.049     87.780    32.8280     3.1377          0          0  0.000e+00
  1026.5501     86.989     87.720    32.8270     3.1378          0          0  0.000e+00
  1026.5479     86.952     87.683    32.8244     3.1372          0          0  0.000e+00
  1026.5485     86.939     87.669    32.8251     3.1359          0          0  0.000e+00
  1026.5479     86.952     87.683    32.8242     3.1345          0          0  0.000e+00
  1026.5487     86.989     87.720    32.8247     3.1330          0          0  0.000e+00
  1026.5504     87.052     87.783    32.8263     3.1316          0          0  0.000e+00
  1026.5516     87.128     87.860    32.8272     3.1307          0          0  0.000e+00
  1026.5513     87.223     87.955    32.8264     3.1303          0          0  0.000e+00
  1026.5520     87.323     88.057    32.8265     3.1297          0          0  0.000e+00
  1026.5506     87.426     88.161    32.8240     3.1291          0          0  0.000e+00
  1026.5514     87.528     88.263    32.8244     3.1282          0          0  0.000e+00
  1026.5534     87.611     88.347    32.8263     3.1272          0          0  0.000e+00
  1026.5561     87.681     88.417    32.8293     3.1270          0          0  0.000e+00
  1026.5563     87.726     88.463    32.8293     3.1276          0          0  0.000e+00
  1026.5563     87.751     88.488    32.8293     3.1285          0          0  0.000e+00
  1026.5561     87.758     88.495    32.8290     3.1293          0          0  0.000e+00
  1026.5533     87.744     88.482    32.8256     3.1298          0          0  0.000e+00
  1026.5542     87.708     88.445    32.8270     3.1294          0          0  0.000e+00
  1026.5557     87.659     88.395    32.8292     3.1296          0          0  0.000e+00
  1026.5551     87.598     88.334    32.8289     3.1306          0          0  0.000e+00
  1026.5546     87.533     88.269    32.8288     3.1316          0          0  0.000e+00
  1026.5530     87.467     88.201    32.8272     3.1328          0          0  0.000e+00
  1026.5519     87.403     88.137    32.8263     3.1331          0          0  0.000e+00
  1026.5508     87.346     88.079    32.8253     3.1331          0          0  0.000e+00
  1026.5505     87.296     88.029    32.8251     3.1329          0          0  0.000e+00
  1026.5500     87.256     87.989    32.8247     3.1324          0          0  0.000e+00
  1026.5484     87.220     87.952    32.8228     3.1317          0          0  0.000e+00
  1026.5468     87.196     87.929    32.8209     3.1305          0          0  0.000e+00
  1026.5478     87.179     87.912    32.8220     3.1286          0          0  0.000e+00
  1026.5466     87.171     87.903    32.8203     3.1271          0          0  0.000e+00
  1026.5458     87.179     87.912    32.8192     3.1256          0          0  0.000e+00
  1026.5473     87.194     87.927    32.8207     3.1236          0          0  0.000e+00
  1026.5490     87.218     87.950    32.8226     3.1222          0          0  0.000e+00
  1026.5503     87.245     87.978    32.8239     3.1215          0          0  0.000e+00
  1026.5526     87.277     88.010    32.8266     3.1214          0          0  0.000e+00
  1026.5533     87.313     88.046    32.8273     3.1220          0          0  0.000e+00
  1026.5528     87.349     88.083    32.8265     3.1230          0          0  0.000e+00
  1026.5525     87.383     88.117    32.8261     3.1236          0          0  0.000e+00
  1026.5523     87.421     88.155    32.8256     3.1241          0          0  0.000e+00
  1026.5526     87.456     88.191    32.8259     3.1241          0          0  0.000e+00
  1026.5526     87.489     88.224    32.8257     3.1244          0          0  0.000e+00
  1026.5527     87.516     88.251    32.8256     3.1245          0          0  0.000e+00
  1026.5526     87.539     88.274    32.8254     3.1247          0          0  0.000e+00
  1026.5533     87.553     88.288    32.8262     3.1246          0          0  0.000e+00
  1026.5535     87.564     88.300    32.8264     3.1249          0          0  0.000e+00
  1026.5535     87.568     88.303    32.8265     3.1252          0          0  0.000e+00
  1026.5525     87.564     88.300    32.8252     3.1258          0          0  0.000e+00
  1026.5524     87.555     88.290    32.8252     3.1258          0          0  0.000e+00
  1026.5542     87.539     88.274    32.8276     3.1260          0          0  0.000e+00
  1026.5548     87.513     88.249    32.8286     3.1270          0          0  0.000e+00
  1026.5525     87.486     88.221    32.8261     3.1288          0          0  0.000e+00
  1026.5518     87.451     88.185    32.8255     3.1294          0          0  0.000e+00
  1026.5507     87.412     88.146    32.8244     3.1297          0          0  0.000e+00
  1026.5500     87.369     88.103    32.8237     3.1297          0          0  0.000e+00
  1026.5500     87.325     88.058    32.8239     3.1292          0          0  0.000e+00
  1026.5504     87.281     88.014    32.8246     3.1288          0          0  0.000e+00
  1026.5502     87.241     87.974    32.8246     3.1286          0          0  0.000e+00
  1026.5501     87.214     87.946    32.8247     3.1285          0          0  0.000e+00
  1026.5503     87.190     87.922    32.8250     3.1285          0          0  0.000e+00
  1026.5497     87.186     87.918    32.8243     3.1285          0          0  0.000e+00
  1026.5485     87.194     87.927    32.8228     3.1282          0          0  0.000e+00
  1026.5497     87.216     87.948    32.8240     3.1273          0          0  0.000e+00
  1026.5489     87.246     87.979    32.8227     3.1266          0          0  0.000e+00
