data/eDNA/PER-2022-473/473A025.cnv
* Sea-Bird SBE19plus  Data File:
* FileName = C:\Users\RSG_field\Ryan_Perley2022473\CTD\473A025.hex
* Software version 2.3.0 SB_Terminal.dll
* Temperature SN = 7141
* Conductivity SN = 7141
* System UpLoad Time = Aug 16 2022 13:52:06
* <ApplicationData>
* <SeatermAF>
** Platform: M. Perley
** Cruise: Per2022473
** Station:  SAB_Trans_10
** Cast: 01 473A025
** Latitude: N  46 00.2538
** Longitude: W 59 11.2409
** Sounding: 58
** Chief Scientist: Ryan Stanley
** Comment: Bottles 493903-43908 - sounding based on plumb line Cast 44
** Plumb to ~ 58 deployment cable to ~52
# nquan = 8
# nvalues = 2302                                  
# units = specified
# name 0 = density00: Density [density, kg/m^3]
# name 1 = depSM: Depth [salt water, m], lat = 45.00
# name 2 = prdM: Pressure, Strain Gauge [db]
# name 3 = sal00: Salinity, Practical [PSU]
# name 4 = tv290C: Temperature [ITS-90, deg C]
# name 5 = bpos: Bottle Position in Carousel
# name 6 = nbf: Bottles Fired
# name 7 = flag:  0.000e+00
# span 0 =   998.7549,  1025.6510                 
# span 1 =     -0.037,     48.632                 
# span 2 =     -0.037,     49.035                 
# span 3 =     0.1507,    31.9411                 
# span 4 =     3.1797,    20.4965                 
# span 5 =          0,          6                 
# span 6 =          0,          2                 
# span 7 = 0.0000e+00, 0.0000e+00                 
# interval = seconds: 0.25
# start_time = Aug 16 2022 13:38:32 [Instrument's time stamp, header]
# bad_flag = -9.990e-29
*END*
[from data line 720]
  1024.3910     31.551     31.811    30.9075     6.6278          0          0  0.000e+00
  1024.4359     31.668     31.930    30.9543     6.5682          0          0  0.000e+00
  1024.4486     31.797     32.059    30.9639     6.5321          0          0  0.000e+00
  1024.4570     31.933     32.197    30.9690     6.5018          0          0  0.000e+00
  1024.4798     32.073     32.338    30.9923     6.4716          0          0  0.000e+00
  1024.4942     32.209     32.475    31.0062     6.4491          0          0  0.000e+00
  1024.4862     32.338     32.606    30.9922     6.4292          0          0  0.000e+00
  1024.4902     32.455     32.723    30.9924     6.4030          0          0  0.000e+00
  1024.5073     32.560     32.829    31.0092     6.3758          0          0  0.000e+00
  1024.5268     32.653     32.923    31.0303     6.3555          0          0  0.000e+00
  1024.5304     32.734     33.004    31.0326     6.3441          0          0  0.000e+00
  1024.5317     32.802     33.073    31.0323     6.3341          0          0  0.000e+00
  1024.5432     32.858     33.129    31.0450     6.3242          0          0  0.000e+00
  1024.5390     32.911     33.183    31.0387     6.3197          0          0  0.000e+00
  1024.5380     32.962     33.234    31.0361     6.3139          0          0  0.000e+00
  1024.5240     33.017     33.290    31.0169     6.3063          0          0  0.000e+00
  1024.5354     33.076     33.349    31.0285     6.2905          0          0  0.000e+00
  1024.5408     33.138     33.411    31.0330     6.2773          0          0  0.000e+00
  1024.5452     33.211     33.485    31.0365     6.2671          0          0  0.000e+00
  1024.5465     33.286     33.561    31.0363     6.2577          0          0  0.000e+00
  1024.5522     33.367     33.642    31.0420     6.2503          0          0  0.000e+00
  1024.5536     33.453     33.730    31.0421     6.2433          0          0  0.000e+00
  1024.5539     33.541     33.819    31.0408     6.2357          0          0  0.000e+00
  1024.5564     33.629     33.907    31.0423     6.2278          0          0  0.000e+00
  1024.5582     33.721     33.999    31.0428     6.2198          0          0  0.000e+00
  1024.5554     33.816     34.096    31.0375     6.2130          0          0  0.000e+00
  1024.5546     33.915     34.195    31.0346     6.2039          0          0  0.000e+00
  1024.5621     34.014     34.295    31.0417     6.1923          0          0  0.000e+00
  1024.5694     34.114     34.396    31.0491     6.1840          0          0  0.000e+00
  1024.5735     34.208     34.491    31.0530     6.1794          0          0  0.000e+00
  1024.5636     34.299     34.583    31.0394     6.1759          0          0  0.000e+00
  1024.5703     34.378     34.662    31.0461     6.1669          0          0  0.000e+00
  1024.5692     34.437     34.722    31.0428     6.1578          0          0  0.000e+00
  1024.5692     34.484     34.769    31.0412     6.1483          0          0  0.000e+00
  1024.5779     34.517     34.802    31.0503     6.1377          0          0  0.000e+00
  1024.5797     34.542     34.828    31.0514     6.1303          0          0  0.000e+00
  1024.5927     34.560     34.846    31.0670     6.1248          0          0  0.000e+00
  1024.5900     34.581     34.867    31.0635     6.1256          0          0  0.000e+00
  1024.5908     34.616     34.903    31.0647     6.1282          0          0  0.000e+00
  1024.5784     34.659     34.945    31.0492     6.1312          0          0  0.000e+00
  1024.5666     34.722     35.009    31.0334     6.1281          0          0  0.000e+00
  1024.5224     34.803     35.091    30.9747     6.1138          0          0  0.000e+00
  1024.4980     34.901     35.190    30.9360     6.0669          0          0  0.000e+00
  1024.5235     35.013     35.302    30.9560     5.9892          0          0  0.000e+00
  1024.5774     35.136     35.426    31.0117     5.9102          0          0  0.000e+00
  1024.6154     35.269     35.561    31.0503     5.8520          0          0  0.000e+00
  1024.6168     35.409     35.702    31.0456     5.8129          0          0  0.000e+00
  1024.6188     35.551     35.845    31.0413     5.7734          0          0  0.000e+00
  1024.6206     35.691     35.986    31.0359     5.7258          0          0  0.000e+00
  1024.6493     35.830     36.126    31.0630     5.6691          0          0  0.000e+00
  1024.6848     35.959     36.257    31.0998     5.6188          0          0  0.000e+00
  1024.7107     36.087     36.385    31.1269     5.5844          0          0  0.000e+00
  1024.7280     36.202     36.502    31.1449     5.5619          0          0  0.000e+00
  1024.7386     36.313     36.614    31.1558     5.5487          0          0  0.000e+00
  1024.7457     36.416     36.718    31.1630     5.5408          0          0  0.000e+00
  1024.7499     36.510     36.812    31.1670     5.5356          0          0  0.000e+00
  1024.7507     36.589     36.892    31.1670     5.5323          0          0  0.000e+00
  1024.7397     36.652     36.955    31.1519     5.5265          0          0  0.000e+00
  1024.7464     36.696     37.000    31.1576     5.5084          0          0  0.000e+00
  1024.7583     36.729     37.033    31.1694     5.4882          0          0  0.000e+00
  1024.7773     36.747     37.051    31.1917     5.4761          0          0  0.000e+00
  1024.8103     36.754     37.059    31.2335     5.4766          0          0  0.000e+00
  1024.7978     36.751     37.055    31.2206     5.4974          0          0  0.000e+00
  1024.7840     36.746     37.050    31.2063     5.5188          0          0  0.000e+00
  1024.7811     36.743     37.047    31.2051     5.5360          0          0  0.000e+00
  1024.7577     36.751     37.055    31.1782     5.5546          0          0  0.000e+00
  1024.7394     36.768     37.072    31.1556     5.5594          0          0  0.000e+00
  1024.7282     36.807     37.112    31.1397     5.5486          0          0  0.000e+00
  1024.7329     36.864     37.169    31.1425     5.5295          0          0  0.000e+00
  1024.7404     36.940     37.246    31.1486     5.5091          0          0  0.000e+00
  1024.7198     37.041     37.347    31.1192     5.4902          0          0  0.000e+00
  1024.7412     37.161     37.469    31.1396     5.4480          0          0  0.000e+00
  1024.7638     37.304     37.612    31.1611     5.4045          0          0  0.000e+00
  1024.7461     37.460     37.770    31.1319     5.3635          0          0  0.000e+00
  1024.7396     37.633     37.945    31.1138     5.3004          0          0  0.000e+00
  1024.7963     37.807     38.120    31.1717     5.2089          0          0  0.000e+00
  1024.8595     37.987     38.302    31.2389     5.1255          0          0  0.000e+00
  1024.9040     38.162     38.478    31.2865     5.0703          0          0  0.000e+00
  1024.9306     38.330     38.647    31.3147     5.0379          0          0  0.000e+00
  1024.9364     38.482     38.801    31.3187     5.0199          0          0  0.000e+00
  1024.9298     38.614     38.933    31.3069     5.0010          0          0  0.000e+00
  1024.9437     38.727     39.048    31.3196     4.9697          0          0  0.000e+00
  1024.9701     38.811     39.132    31.3480     4.9367          0          0  0.000e+00
  1024.9780     38.868     39.190    31.3544     4.9136          0          0  0.000e+00
  1024.9980     38.891     39.213    31.3768     4.8927          0          0  0.000e+00
  1025.0262     38.889     39.211    31.4109     4.8826          0          0  0.000e+00
  1025.0482     38.863     39.185    31.4399     4.8899          0          0  0.000e+00
  1025.0400     38.818     39.140    31.4339     4.9197          0          0  0.000e+00
  1025.0152     38.764     39.085    31.4076     4.9553          0          0  0.000e+00
  1024.9979     38.711     39.032    31.3895     4.9800          0          0  0.000e+00
  1024.9889     38.666     38.986    31.3804     4.9948          0          0  0.000e+00
  1024.9845     38.649     38.969    31.3765     5.0061          0          0  0.000e+00
  1024.9726     38.659     38.979    31.3630     5.0182          0          0  0.000e+00
  1024.9355     38.708     39.029    31.3175     5.0293          0          0  0.000e+00
  1024.9483     38.799     39.120    31.3341     5.0366          0          0  0.000e+00
  1024.9390     38.932     39.254    31.3226     5.0439          0          0  0.000e+00
  1024.9250     39.105     39.428    31.3044     5.0479          0          0  0.000e+00
  1024.8410     39.299     39.624    31.1945     5.0289          0          0  0.000e+00
  1024.8853     39.501     39.828    31.2366     4.9356          0          0  0.000e+00
  1024.9492     39.711     40.040    31.3028     4.8368          0          0  0.000e+00
  1024.9959     39.915     40.246    31.3501     4.7584          0          0  0.000e+00
  1025.0539     40.102     40.434    31.4142     4.6990          0          0  0.000e+00
  1025.0565     40.259     40.592    31.4126     4.6687          0          0  0.000e+00
  1025.0591     40.386     40.721    31.4111     4.6382          0          0  0.000e+00
  1025.0681     40.479     40.815    31.4164     4.5962          0          0  0.000e+00
  1025.1069     40.548     40.884    31.4591     4.5508          0          0  0.000e+00
  1025.1251     40.603     40.940    31.4781     4.5236          0          0  0.000e+00
  1025.1307     40.649     40.986    31.4826     4.5053          0          0  0.000e+00
  1025.1473     40.695     41.032    31.5011     4.4891          0          0  0.000e+00
  1025.1534     40.741     41.079    31.5075     4.4814          0          0  0.000e+00
  1025.1545     40.792     41.130    31.5083     4.4787          0          0  0.000e+00
  1025.1451     40.847     41.186    31.4959     4.4765          0          0  0.000e+00
  1025.1467     40.910     41.249    31.4965     4.4690          0          0  0.000e+00
  1025.1458     40.975     41.314    31.4938     4.4594          0          0  0.000e+00
  1025.1471     41.040     41.380    31.4932     4.4458          0          0  0.000e+00
  1025.1554     41.108     41.449    31.5010     4.4280          0          0  0.000e+00
  1025.1652     41.165     41.506    31.5110     4.4126          0          0  0.000e+00
  1025.1726     41.219     41.561    31.5186     4.4012          0          0  0.000e+00
  1025.1775     41.268     41.610    31.5236     4.3936          0          0  0.000e+00
  1025.1815     41.313     41.655    31.5276     4.3884          0          0  0.000e+00
  1025.1565     41.351     41.693    31.4954     4.3847          0          0  0.000e+00
  1025.1480     41.387     41.730    31.4823     4.3672          0          0  0.000e+00
  1025.1646     41.425     41.768    31.4989     4.3343          0          0  0.000e+00
  1025.1888     41.467     41.811    31.5254     4.3056          0          0  0.000e+00
  1025.1892     41.523     41.867    31.5230     4.2855          0          0  0.000e+00
  1025.2355     41.594     41.938    31.5790     4.2695          0          0  0.000e+00
  1025.2464     41.679     42.025    31.5931     4.2775          0          0  0.000e+00
  1025.2191     41.788     42.134    31.5610     4.2999          0          0  0.000e+00
  1025.2306     41.911     42.258    31.5764     4.3125          0          0  0.000e+00
  1025.1479     42.053     42.401    31.4731     4.3271          0          0  0.000e+00
  1025.1545     42.208     42.558    31.4764     4.2948          0          0  0.000e+00
  1025.2001     42.373     42.724    31.5266     4.2448          0          0  0.000e+00
  1025.2274     42.542     42.895    31.5564     4.2160          0          0  0.000e+00
  1025.2376     42.702     43.056    31.5668     4.2037          0          0  0.000e+00
  1025.2386     42.852     43.207    31.5664     4.1978          0          0  0.000e+00
  1025.2443     42.990     43.346    31.5721     4.1924          0          0  0.000e+00
  1025.2365     43.102     43.459    31.5609     4.1871          0          0  0.000e+00
  1025.2511     43.193     43.551    31.5776     4.1777          0          0  0.000e+00
  1025.2504     43.257     43.615    31.5758     4.1736          0          0  0.000e+00
  1025.2528     43.298     43.657    31.5783     4.1709          0          0  0.000e+00
  1025.2251     43.313     43.672    31.5425     4.1639          0          0  0.000e+00
  1025.2685     43.307     43.666    31.5943     4.1411          0          0  0.000e+00
  1025.2758     43.287     43.645    31.6033     4.1387          0          0  0.000e+00
  1025.2809     43.252     43.610    31.6105     4.1433          0          0  0.000e+00
  1025.2923     43.211     43.569    31.6265     4.1545          0          0  0.000e+00
  1025.2797     43.175     43.533    31.6135     4.1758          0          0  0.000e+00
  1025.2648     43.147     43.504    31.5971     4.1936          0          0  0.000e+00
  1025.2527     43.132     43.489    31.5833     4.2044          0          0  0.000e+00
  1025.2425     43.140     43.498    31.5709     4.2085          0          0  0.000e+00
  1025.2302     43.182     43.540    31.5549     4.2058          0          0  0.000e+00
  1025.2130     43.256     43.614    31.5313     4.1935          0          0  0.000e+00
  1025.2107     43.364     43.723    31.5244     4.1672          0          0  0.000e+00
  1025.2321     43.512     43.873    31.5460     4.1314          0          0  0.000e+00
  1025.2443     43.697     44.059    31.5566     4.1011          0          0  0.000e+00
  1025.2669     43.917     44.281    31.5804     4.0739          0          0  0.000e+00
  1025.2865     44.152     44.518    31.6015     4.0563          0          0  0.000e+00
  1025.2651     44.411     44.780    31.5720     4.0481          0          0  0.000e+00
  1025.2841     44.673     45.044    31.5916     4.0259          0          0  0.000e+00
  1025.2964     44.936     45.309    31.6031     4.0054          0          0  0.000e+00
  1025.2931     45.187     45.562    31.5955     3.9895          0          0  0.000e+00
  1025.2985     45.418     45.795    31.5983     3.9677          0          0  0.000e+00
  1025.3154     45.608     45.986    31.6153     3.9423          0          0  0.000e+00
  1025.3239     45.743     46.122    31.6227     3.9211          0          0  0.000e+00
  1025.3314     45.819     46.199    31.6294     3.9029          0          0  0.000e+00
  1025.3530     45.841     46.222    31.6542     3.8838          0          0  0.000e+00
  1025.3707     45.813     46.193    31.6757     3.8757          0          0  0.000e+00
  1025.3824     45.743     46.122    31.6914     3.8806          0          0  0.000e+00
  1025.3700     45.641     46.020    31.6781     3.8950          0          0  0.000e+00
  1025.3640     45.511     45.888    31.6727     3.9062          0          0  0.000e+00
  1025.3636     45.374     45.750    31.6742     3.9158          0          0  0.000e+00
  1025.3624     45.237     45.612    31.6750     3.9282          0          0  0.000e+00
  1025.3541     45.118     45.493    31.6671     3.9436          0          0  0.000e+00
  1025.3461     45.023     45.396    31.6594     3.9581          0          0  0.000e+00
  1025.3363     44.965     45.338    31.6490     3.9708          0          0  0.000e+00
  1025.3286     44.948     45.320    31.6405     3.9803          0          0  0.000e+00
  1025.3279     44.981     45.354    31.6403     3.9875          0          0  0.000e+00
  1025.3228     45.062     45.436    31.6346     3.9972          0          0  0.000e+00
  1025.3161     45.191     45.566    31.6265     4.0064          0          0  0.000e+00
