data/eDNA/PER-2022-473/473A016.cnv
* Sea-Bird SBE19plus  Data File:
* FileName = C:\Users\RSG_field\Ryan_Perley2022473\CTD\473A016.hex
* Software version 2.3.0 SB_Terminal.dll
* Temperature SN = 7141
* Conductivity SN = 7141
* System UpLoad Time = Aug 10 2022 18:39:09
* <ApplicationData>
* <SeatermAF>
** Platform: M. Perley
** Cruise: Per2022473
** Station:  ESI_10
** Cast: 01
** Latitude: N  44 41.3158
** Longitude: W 62 40.9958
** Sounding: 29.7
** Chief Scientist: Ryan Stanley
** Comment: CastID 473A016 SampleIDs 493847-493852 Cast 34
# nquan = 8
# nvalues = 1977                                  
# units = specified
# name 0 = density00: Density [density, kg/m^3]
# name 1 = depSM: Depth [salt water, m], lat = 45.00
# name 2 = prdM: Pressure, Strain Gauge [db]
# name 3 = sal00: Salinity, Practical [PSU]
# name 4 = tv290C: Temperature [ITS-90, deg C]
# name 5 = bpos: Bottle Position in Carousel
# name 6 = nbf: Bottles Fired
# name 7 = flag:  0.000e+00
# span 0 =   999.1027,  1024.9655                 
# span 1 =     -0.081,     30.208                 
# span 2 =     -0.081,     30.457                 
# span 3 =     0.0894,    31.7850                 
# span 4 =     5.2399,    15.6030                 
# span 5 =          0,          6                 
# span 6 =          0,          2                 
# span 7 = 0.0000e+00, 0.0000e+00                 
# interval = seconds: 0.25
# start_time = Aug 10 2022 18:26:43 [Instrument's time stamp, header]
# bad_flag = -9.990e-29
*END*
[from data line 1798]
  1023.9256      2.834      2.857    31.6764    12.5142          6          2  0.000e+00
  1023.5807      2.971      2.996    31.3513    13.0037          6          2  0.000e+00
  1023.2331      3.135      3.160    30.9891    13.3531          6          2  0.000e+00
  1022.9459      3.312      3.339    30.6512    13.4898          6          2  0.000e+00
  1022.9304      3.480      3.509    30.6156    13.4326          6          2  0.000e+00
  1022.9692      3.618      3.648    30.6381    13.3270          6          2  0.000e+00
  1022.8927      3.710      3.741    30.5098    13.2129          6          2  0.000e+00
  1022.9394      3.742      3.773    30.5235    13.0270          6          2  0.000e+00
  1023.1890      3.711      3.742    30.7975    12.8300          6          2  0.000e+00
  1023.4125      3.625      3.655    31.0743    12.7792          6          2  0.000e+00
  1023.2849      3.486      3.514    30.9375    12.8893          6          2  0.000e+00
  1023.2512      3.303      3.330    30.9125    12.9595          6          2  0.000e+00
  1023.3051      3.078      3.104    30.9950    13.0059          6          2  0.000e+00
  1023.2682      2.827      2.850    30.9706    13.0929          6          2  0.000e+00
  1023.2300      2.556      2.577    30.9441    13.1780          6          2  0.000e+00
  1023.2548      2.273      2.292    30.9967    13.2522          6          2  0.000e+00
  1023.2368      1.991      2.007    31.0001    13.3509          6          2  0.000e+00
  1023.2024      1.719      1.733    30.9838    13.4556          6          2  0.000e+00
  1023.1364      1.466      1.478    30.9242    13.5506          6          2  0.000e+00
  1023.1166      1.237      1.247    30.9171    13.6174          6          2  0.000e+00
  1023.1510      1.042      1.051    30.9780    13.6762          6          2  0.000e+00
  1023.1132      0.879      0.886    30.9526    13.7631          6          2  0.000e+00
  1023.0809      0.754      0.760    30.9302    13.8354          6          2  0.000e+00
  1023.0771      0.671      0.677    30.9422    13.8981          6          2  0.000e+00
  1023.0562      0.635      0.640    30.9317    13.9606          6          2  0.000e+00
  1023.0295      0.665      0.670    30.9116    14.0164          6          2  0.000e+00
  1022.9857      0.744      0.751    30.8659    14.0605          6          2  0.000e+00
  1023.0794      0.886      0.894    30.9939    14.0884          6          2  0.000e+00
  1023.1287      1.069      1.078    31.0759    14.1607          6          2  0.000e+00
  1023.1410      1.285      1.296    31.1239    14.2856          6          2  0.000e+00
  1022.9434      1.475      1.487    30.9057    14.4324          6          2  0.000e+00
  1022.9935      1.618      1.631    30.9902    14.5081          6          2  0.000e+00
  1022.8404      1.697      1.711    30.8109    14.5818          6          2  0.000e+00
  1022.8455      1.702      1.716    30.8206    14.5933          6          2  0.000e+00
  1022.8595      1.632      1.645    30.8377    14.5878          6          2  0.000e+00
  1022.8375      1.491      1.503    30.8103    14.5891          6          2  0.000e+00
  1022.8446      1.304      1.315    30.8173    14.5765          6          2  0.000e+00
  1022.8268      1.085      1.094    30.7915    14.5618          6          2  0.000e+00
  1022.8063      0.852      0.859    30.7585    14.5329          6          2  0.000e+00
  1022.8241      0.632      0.637    30.7700    14.4852          6          2  0.000e+00
  1022.8517      0.435      0.439    30.7951    14.4412          6          2  0.000e+00
  1022.8753      0.290      0.292    30.8182    14.4100          6          2  0.000e+00
  1022.8869      0.176      0.178    30.8286    14.3896          6          2  0.000e+00
  1022.8908      0.067      0.068    30.8311    14.3782          6          2  0.000e+00
  1022.8873     -0.042     -0.042    30.8253    14.3712          6          2  0.000e+00
  1022.8698     -0.050     -0.051    30.8021    14.3686          6          2  0.000e+00
  1022.7623     -0.050     -0.051    30.6615    14.3644          6          2  0.000e+00
  1022.8351     -0.052     -0.052    30.7527    14.3521          6          2  0.000e+00
  1022.6376     -0.048     -0.049    30.4868    14.3164          6          2  0.000e+00
  1022.6143     -0.052     -0.052    30.4471    14.2803          6          2  0.000e+00
  1022.5888     -0.053     -0.053    30.4081    14.2582          6          2  0.000e+00
  1022.6257     -0.052     -0.052    30.4469    14.2243          6          2  0.000e+00
  1022.6829     -0.052     -0.052    30.5077    14.1731          6          2  0.000e+00
  1022.6684     -0.053     -0.053    30.4802    14.1404          6          2  0.000e+00
  1022.6944     -0.054     -0.054    30.5083    14.1193          6          2  0.000e+00
  1022.6772     -0.053     -0.053    30.4804    14.0976          6          2  0.000e+00
  1022.7497     -0.053     -0.053    30.5680    14.0735          6          2  0.000e+00
  1022.8757     -0.053     -0.053    30.7250    14.0492          6          2  0.000e+00
  1022.9435     -0.052     -0.052    30.8079    14.0305          6          2  0.000e+00
  1022.9456     -0.053     -0.053    30.8061    14.0134          6          2  0.000e+00
  1022.9382     -0.053     -0.053    30.7896    13.9866          6          2  0.000e+00
  1005.1022     -0.052     -0.052     7.5861    13.9562          6          2  0.000e+00
  1002.1147     -0.052     -0.052     3.6949    13.9146          6          2  0.000e+00
  1001.8506     -0.050     -0.051     3.3443    13.8719          6          2  0.000e+00
  1001.7990     -0.052     -0.052     3.2709    13.8372          6          2  0.000e+00
  1001.3180     -0.052     -0.052     2.6429    13.8132          6          2  0.000e+00
  1001.1275     -0.053     -0.053     2.3939    13.8009          6          2  0.000e+00
  1000.9533     -0.051     -0.052     2.1670    13.7934          6          2  0.000e+00
  1000.8410     -0.050     -0.051     2.0202    13.7857          6          2  0.000e+00
  1000.8070     -0.051     -0.052     1.9745    13.7766          6          2  0.000e+00
  1000.7226     -0.053     -0.053     1.8635    13.7662          6          2  0.000e+00
  1001.0938     -0.051     -0.052     2.3418    13.7548          6          2  0.000e+00
  1001.4418     -0.051     -0.052     2.7902    13.7425          6          2  0.000e+00
  1001.3931     -0.050     -0.051     2.7247    13.7294          6          2  0.000e+00
  1001.3899     -0.051     -0.052     2.7179    13.7150          6          2  0.000e+00
  1001.3628     -0.053     -0.053     2.6803    13.7007          6          2  0.000e+00
  1001.1957     -0.051     -0.052     2.4608    13.6837          6          2  0.000e+00
  1001.0628     -0.054     -0.054     2.2852    13.6647          6          2  0.000e+00
  1000.8993     -0.053     -0.053     2.0701    13.6452          6          2  0.000e+00
  1000.7604     -0.053     -0.053     1.8867    13.6244          6          2  0.000e+00
  1000.6702     -0.054     -0.054     1.7664    13.6036          6          2  0.000e+00
  1000.5616     -0.053     -0.053     1.6226    13.5843          6          2  0.000e+00
  1000.5215     -0.054     -0.054     1.5676    13.5660          6          2  0.000e+00
  1000.4709     -0.055     -0.055     1.4992    13.5488          6          2  0.000e+00
  1000.4235     -0.055     -0.055     1.4350    13.5321          6          2  0.000e+00
  1000.4329     -0.054     -0.054     1.4441    13.5148          6          2  0.000e+00
  1000.4930     -0.054     -0.054     1.5186    13.4970          6          2  0.000e+00
  1000.6175     -0.054     -0.054     1.6762    13.4793          6          2  0.000e+00
  1000.7213     -0.051     -0.052     1.8072    13.4612          6          2  0.000e+00
  1000.6992     -0.054     -0.054     1.7755    13.4432          6          2  0.000e+00
  1000.5797     -0.051     -0.052     1.6179    13.4255          6          2  0.000e+00
  1000.4785     -0.050     -0.051     1.4841    13.4075          6          2  0.000e+00
  1000.4302     -0.051     -0.052     1.4186    13.3893          6          2  0.000e+00
  1000.4336     -0.049     -0.050     1.4196    13.3707          6          2  0.000e+00
  1000.4200     -0.050     -0.051     1.3990    13.3522          6          2  0.000e+00
  1000.4038     -0.049     -0.050     1.3748    13.3336          6          2  0.000e+00
  1000.3873     -0.050     -0.051     1.3504    13.3149          6          2  0.000e+00
  1000.3264     -0.049     -0.050     1.2685    13.2964          6          2  0.000e+00
  1000.2955     -0.048     -0.049     1.2255    13.2777          6          2  0.000e+00
  1000.2249     -0.049     -0.050     1.1313    13.2593          6          2  0.000e+00
  1000.1529     -0.048     -0.049     1.0353    13.2407          6          2  0.000e+00
  1000.1251     -0.050     -0.051     0.9963    13.2222          6          2  0.000e+00
  1000.0731     -0.048     -0.049     0.9261    13.2038          6          2  0.000e+00
   999.9990     -0.050     -0.051     0.8277    13.1855          6          2  0.000e+00
   999.9196     -0.050     -0.051     0.7223    13.1672          6          2  0.000e+00
   999.8459     -0.049     -0.050     0.6245    13.1491          6          2  0.000e+00
   999.8254     -0.049     -0.050     0.5952    13.1314          6          2  0.000e+00
   999.9312     -0.051     -0.052     0.7282    13.1133          6          2  0.000e+00
  1000.8767     -0.050     -0.051     1.9443    13.0953          6          2  0.000e+00
  1001.0265     -0.051     -0.052     2.1344    13.0762          6          2  0.000e+00
  1000.8528     -0.050     -0.051     1.9069    13.0571          6          2  0.000e+00
  1000.7392     -0.051     -0.052     1.7571    13.0385          6          2  0.000e+00
  1000.8098     -0.049     -0.050     1.8451    13.0202          6          2  0.000e+00
  1000.8721     -0.050     -0.051     1.9224    13.0018          6          2  0.000e+00
  1001.1047     -0.049     -0.050     2.2196    12.9840          6          2  0.000e+00
  1001.0461     -0.050     -0.051     2.1410    12.9664          6          2  0.000e+00
  1000.8224     -0.048     -0.049     1.8493    12.9489          6          2  0.000e+00
  1000.7793     -0.047     -0.048     1.7908    12.9316          6          2  0.000e+00
  1000.7641     -0.047     -0.048     1.7684    12.9146          6          2  0.000e+00
  1000.7263     -0.049     -0.050     1.7168    12.8978          6          2  0.000e+00
  1000.6532     -0.047     -0.048     1.6197    12.8813          6          2  0.000e+00
  1000.5618     -0.048     -0.049     1.4992    12.8651          6          2  0.000e+00
  1000.5745     -0.047     -0.048     1.5129    12.8492          6          2  0.000e+00
  1000.3837     -0.047     -0.048     1.2643    12.8331          6          2  0.000e+00
  1000.3101     -0.047     -0.048     1.1670    12.8171          6          2  0.000e+00
  1000.2609     -0.048     -0.049     1.1011    12.8018          6          2  0.000e+00
  1000.3091     -0.048     -0.049     1.1606    12.7864          6          2  0.000e+00
  1000.3777     -0.048     -0.049     1.2465    12.7710          6          2  0.000e+00
  1000.2656     -0.048     -0.049     1.0997    12.7557          6          2  0.000e+00
  1000.1950     -0.046     -0.046     1.0063    12.7403          6          2  0.000e+00
  1000.1448     -0.047     -0.048     0.9392    12.7250          6          2  0.000e+00
  1000.1154     -0.047     -0.048     0.8990    12.7101          6          2  0.000e+00
  1000.0902     -0.050     -0.051     0.8642    12.6952          6          2  0.000e+00
  1000.1333     -0.051     -0.052     0.9173    12.6803          6          2  0.000e+00
  1000.1599     -0.048     -0.049     0.9491    12.6657          6          2  0.000e+00
  1000.1629     -0.050     -0.051     0.9507    12.6515          6          2  0.000e+00
  1000.1672     -0.050     -0.051     0.9540    12.6372          6          2  0.000e+00
  1000.2005     -0.049     -0.050     0.9945    12.6230          6          2  0.000e+00
  1000.1833     -0.049     -0.050     0.9702    12.6091          6          2  0.000e+00
  1000.7732     -0.050     -0.051     1.7275    12.5952          6          2  0.000e+00
  1002.8890     -0.049     -0.050     4.4576    12.5816          6          2  0.000e+00
  1003.9942     -0.049     -0.050     5.8858    12.5680          6          2  0.000e+00
  1003.2986     -0.050     -0.051     4.9828    12.5536          6          2  0.000e+00
  1002.1990     -0.048     -0.049     3.5575    12.5340          6          2  0.000e+00
  1002.0082     -0.049     -0.050     3.3082    12.5174          6          2  0.000e+00
  1001.8609     -0.046     -0.046     3.1158    12.5041          6          2  0.000e+00
  1001.5930     -0.046     -0.046     2.7678    12.4919          6          2  0.000e+00
  1001.1425     -0.046     -0.046     2.1850    12.4811          6          2  0.000e+00
  1000.8996     -0.045     -0.045     1.8701    12.4703          6          2  0.000e+00
  1000.7782     -0.045     -0.045     1.7120    12.4598          6          2  0.000e+00
  1000.6773     -0.045     -0.045     1.5805    12.4498          6          2  0.000e+00
  1000.5853     -0.045     -0.045     1.4603    12.4393          6          2  0.000e+00
  1000.6105     -0.047     -0.047     1.4912    12.4288          6          2  0.000e+00
  1000.5549     -0.045     -0.045     1.4179    12.4181          6          2  0.000e+00
  1000.5364     -0.047     -0.047     1.3924    12.4077          6          2  0.000e+00
  1000.4787     -0.046     -0.046     1.3165    12.3975          6          2  0.000e+00
  1000.4327     -0.046     -0.046     1.2557    12.3873          6          2  0.000e+00
  1000.3918     -0.045     -0.045     1.2016    12.3771          6          2  0.000e+00
  1000.3396     -0.048     -0.049     1.1329    12.3669          6          2  0.000e+00
  1000.2262     -0.050     -0.051     0.9855    12.3568          6          2  0.000e+00
  1000.1540     -0.048     -0.049     0.8912    12.3469          6          2  0.000e+00
  1000.1588     -0.049     -0.050     0.8958    12.3372          6          2  0.000e+00
  1000.1908     -0.049     -0.050     0.9355    12.3275          6          2  0.000e+00
  1000.2195     -0.048     -0.049     0.9709    12.3181          6          2  0.000e+00
  1001.3018     -0.050     -0.051     2.3627    12.3093          6          2  0.000e+00
  1001.4038     -0.048     -0.049     2.4929    12.3008          6          2  0.000e+00
  1001.1648     -0.050     -0.051     2.1835    12.2927          6          2  0.000e+00
  1000.9082     -0.048     -0.048     1.8517    12.2849          6          2  0.000e+00
  1000.6886     -0.047     -0.047     1.5679    12.2779          6          2  0.000e+00
  1000.5180     -0.048     -0.048     1.3474    12.2717          6          2  0.000e+00
  1000.3995     -0.049     -0.050     1.1942    12.2666          6          2  0.000e+00
  1000.3360     -0.047     -0.047     1.1118    12.2617          6          2  0.000e+00
  1000.2823     -0.047     -0.047     1.0420    12.2566          6          2  0.000e+00
  1000.1773     -0.046     -0.046     0.9064    12.2513          6          2  0.000e+00
  1000.0908     -0.047     -0.047     0.7945    12.2458          6          2  0.000e+00
  1000.0546     -0.046     -0.046     0.7471    12.2400          6          2  0.000e+00
  1000.0180     -0.046     -0.046     0.6992    12.2342          6          2  0.000e+00
   999.9855     -0.047     -0.047     0.6565    12.2281          6          2  0.000e+00
   999.9635     -0.047     -0.047     0.6274    12.2221          6          2  0.000e+00
