data/eDNA/PER-2022-473/473A012.cnv
* Sea-Bird SBE19plus  Data File:
* FileName = C:\Users\RSG_field\Ryan_Perley2022473\CTD\473A012.hex
* Software version 2.3.0 SB_Terminal.dll
* Temperature SN = 7141
* Conductivity SN = 7141
* System UpLoad Time = Aug 10 2022 14:45:59
* <ApplicationData>
* <SeatermAF>
** Platform: M. Perley
** Cruise: Per2022473
** Station:  ESI_15
** Cast: 01
** Latitude: N  44 33.4180
** Longitude: W 62 53.2643
** Sounding: 68.9
** Chief Scientist: Ryan Stanley
** Comment: CastID 473A012 Bottles 493822-493827
** Cast 30
# nquan = 8
# nvalues = 2828                                  
# units = specified
# name 0 = density00: Density [density, kg/m^3]
# name 1 = depSM: Depth [salt water, m], lat = 45.00
# name 2 = prdM: Pressure, Strain Gauge [db]
# name 3 = sal00: Salinity, Practical [PSU]
# name 4 = tv290C: Temperature [ITS-90, deg C]
# name 5 = bpos: Bottle Position in Carousel
# name 6 = nbf: Bottles Fired
# name 7 = flag:  0.000e+00
# span 0 =   999.0971,  1025.8322                 
# span 1 =     -0.077,     65.151                 
# span 2 =     -0.078,     65.695                 
# span 3 =     0.0081,    32.2047                 
# span 4 =     3.9067,    15.0657                 
# span 5 =          0,          6                 
# span 6 =          0,          2                 
# span 7 = 0.0000e+00, 0.0000e+00                 
# interval = seconds: 0.25
# start_time = Aug 10 2022 14:29:28 [Instrument's time stamp, header]
# bad_flag = -9.990e-29
*END*
[from data line 1798]
  1025.7723     64.789     65.330    32.1187     4.2775          1          1  0.000e+00
  1025.7717     64.834     65.375    32.1190     4.2875          1          1  0.000e+00
  1025.7673     64.869     65.410    32.1142     4.2949          1          1  0.000e+00
  1025.7605     64.890     65.431    32.1062     4.3001          1          1  0.000e+00
  1025.7624     64.899     65.441    32.1087     4.3023          1          1  0.000e+00
  1025.7600     64.894     65.436    32.1061     4.3041          1          1  0.000e+00
  1025.7528     64.871     65.412    32.0972     4.3051          1          1  0.000e+00
  1025.7424     64.830     65.370    32.0843     4.3042          1          1  0.000e+00
  1025.7413     64.772     65.313    32.0828     4.3011          1          1  0.000e+00
  1025.7462     64.701     65.241    32.0890     4.2980          1          1  0.000e+00
  1025.7466     64.615     65.154    32.0897     4.2963          1          1  0.000e+00
  1025.7452     64.523     65.061    32.0885     4.2953          1          1  0.000e+00
  1025.7438     64.426     64.963    32.0871     4.2947          1          1  0.000e+00
  1025.7432     64.330     64.867    32.0869     4.2940          1          1  0.000e+00
  1025.7408     64.242     64.778    32.0844     4.2936          1          1  0.000e+00
  1025.7396     64.168     64.703    32.0832     4.2928          1          1  0.000e+00
  1025.7402     64.113     64.648    32.0841     4.2916          1          1  0.000e+00
  1025.7419     64.077     64.611    32.0863     4.2905          1          1  0.000e+00
  1025.7448     64.063     64.597    32.0900     4.2900          1          1  0.000e+00
  1025.7469     64.078     64.612    32.0926     4.2904          1          1  0.000e+00
  1025.7483     64.113     64.648    32.0942     4.2911          1          1  0.000e+00
  1025.7415     64.169     64.704    32.0855     4.2920          1          1  0.000e+00
  1025.7400     64.248     64.784    32.0831     4.2912          1          1  0.000e+00
  1025.7495     64.337     64.873    32.0943     4.2899          1          1  0.000e+00
  1025.7513     64.436     64.974    32.0960     4.2907          1          1  0.000e+00
  1025.7500     64.536     65.074    32.0939     4.2919          1          1  0.000e+00
  1025.7522     64.633     65.173    32.0963     4.2928          1          1  0.000e+00
  1025.7572     64.713     65.253    32.1023     4.2939          1          1  0.000e+00
  1025.7569     64.776     65.316    32.1018     4.2962          1          1  0.000e+00
  1025.7574     64.813     65.353    32.1025     4.2981          1          1  0.000e+00
  1025.7639     64.831     65.372    32.1107     4.2999          1          1  0.000e+00
  1025.7622     64.825     65.366    32.1090     4.3026          1          1  0.000e+00
  1025.7569     64.800     65.341    32.1028     4.3050          1          1  0.000e+00
  1025.7502     64.754     65.295    32.0948     4.3058          1          1  0.000e+00
  1025.7450     64.695     65.235    32.0884     4.3049          1          1  0.000e+00
  1025.7405     64.627     65.166    32.0829     4.3024          1          1  0.000e+00
  1025.7439     64.559     65.098    32.0871     4.2992          1          1  0.000e+00
  1025.7465     64.494     65.032    32.0905     4.2972          1          1  0.000e+00
  1025.7469     64.433     64.971    32.0913     4.2966          1          1  0.000e+00
  1025.7450     64.380     64.917    32.0892     4.2965          1          1  0.000e+00
  1025.7427     64.340     64.877    32.0865     4.2960          1          1  0.000e+00
  1025.7407     64.307     64.843    32.0840     4.2949          1          1  0.000e+00
  1025.7393     64.284     64.820    32.0822     4.2935          1          1  0.000e+00
  1025.7422     64.267     64.803    32.0858     4.2917          1          1  0.000e+00
  1025.7411     64.259     64.795    32.0843     4.2909          1          1  0.000e+00
  1025.7444     64.254     64.790    32.0884     4.2900          1          1  0.000e+00
  1025.7475     64.260     64.796    32.0922     4.2898          1          1  0.000e+00
  1025.7488     64.269     64.805    32.0939     4.2906          1          1  0.000e+00
  1025.7473     64.283     64.819    32.0921     4.2918          1          1  0.000e+00
  1025.7453     64.303     64.839    32.0895     4.2924          1          1  0.000e+00
  1025.7465     64.331     64.868    32.0908     4.2922          1          1  0.000e+00
  1025.7488     64.367     64.904    32.0935     4.2924          1          1  0.000e+00
  1025.7536     64.411     64.948    32.0995     4.2935          1          1  0.000e+00
  1025.7530     64.459     64.996    32.0987     4.2954          1          1  0.000e+00
  1025.7483     64.510     65.048    32.0927     4.2973          1          1  0.000e+00
  1025.7475     64.565     65.103    32.0914     4.2975          1          1  0.000e+00
  1025.7521     64.611     65.150    32.0969     4.2969          1          1  0.000e+00
  1025.7515     64.648     65.188    32.0959     4.2974          1          1  0.000e+00
  1025.7521     64.673     65.212    32.0967     4.2980          1          1  0.000e+00
  1025.7507     64.680     65.220    32.0948     4.2985          1          1  0.000e+00
  1025.7511     64.671     65.210    32.0955     4.2988          1          1  0.000e+00
  1025.7511     64.642     65.181    32.0957     4.2991          1          1  0.000e+00
  1025.7501     64.599     65.138    32.0947     4.2996          1          1  0.000e+00
  1025.7486     64.545     65.083    32.0933     4.3002          1          1  0.000e+00
  1025.7488     64.485     65.023    32.0938     4.3004          1          1  0.000e+00
  1025.7492     64.425     64.962    32.0947     4.3004          1          1  0.000e+00
  1025.7490     64.368     64.905    32.0948     4.3008          1          1  0.000e+00
  1025.7486     64.329     64.866    32.0946     4.3010          1          1  0.000e+00
  1025.7480     64.309     64.846    32.0940     4.3014          1          1  0.000e+00
  1025.7456     64.309     64.846    32.0910     4.3015          1          1  0.000e+00
  1025.7444     64.335     64.871    32.0892     4.3005          1          1  0.000e+00
  1025.7439     64.377     64.914    32.0882     4.2990          1          1  0.000e+00
  1025.7432     64.438     64.975    32.0868     4.2974          1          1  0.000e+00
  1025.7462     64.503     65.041    32.0899     4.2956          1          1  0.000e+00
  1025.7513     64.569     65.108    32.0958     4.2947          1          1  0.000e+00
  1025.7605     64.624     65.163    32.1072     4.2955          1          1  0.000e+00
  1025.7580     64.661     65.201    32.1041     4.2984          1          1  0.000e+00
  1025.7569     64.677     65.217    32.1030     4.3006          1          1  0.000e+00
  1025.7578     64.671     65.210    32.1043     4.3021          1          1  0.000e+00
  1025.7520     64.636     65.175    32.0974     4.3036          1          1  0.000e+00
  1025.7488     64.582     65.121    32.0937     4.3037          1          1  0.000e+00
  1025.7498     64.513     65.051    32.0953     4.3031          1          1  0.000e+00
  1025.7503     64.434     64.972    32.0964     4.3027          1          1  0.000e+00
  1025.7510     64.351     64.888    32.0977     4.3028          1          1  0.000e+00
  1025.7509     64.270     64.806    32.0981     4.3031          1          1  0.000e+00
  1025.7509     64.197     64.732    32.0987     4.3035          1          1  0.000e+00
  1025.7510     64.141     64.676    32.0992     4.3039          1          1  0.000e+00
  1025.7505     64.104     64.638    32.0989     4.3045          1          1  0.000e+00
  1025.7496     64.089     64.623    32.0979     4.3048          1          1  0.000e+00
  1025.7477     64.096     64.631    32.0954     4.3048          1          1  0.000e+00
  1025.7322     64.127     64.662    32.0755     4.3035          1          1  0.000e+00
  1025.7054     64.182     64.718    32.0407     4.2979          1          1  0.000e+00
  1025.6965     64.253     64.789    32.0272     4.2846          1          1  0.000e+00
  1025.7106     64.338     64.875    32.0426     4.2694          1          1  0.000e+00
  1025.7083     64.434     64.972    32.0378     4.2589          1          1  0.000e+00
  1025.7142     64.534     65.073    32.0437     4.2511          1          1  0.000e+00
  1025.7249     64.630     65.169    32.0560     4.2465          1          1  0.000e+00
  1025.7301     64.710     65.250    32.0618     4.2449          1          1  0.000e+00
  1025.7369     64.772     65.312    32.0701     4.2457          1          1  0.000e+00
  1025.7331     64.815     65.356    32.0655     4.2488          1          1  0.000e+00
  1025.7334     64.832     65.373    32.0659     4.2500          1          1  0.000e+00
  1025.7471     64.828     65.369    32.0834     4.2514          1          1  0.000e+00
  1025.7431     64.800     65.341    32.0791     4.2560          1          1  0.000e+00
  1025.7368     64.752     65.292    32.0720     4.2601          1          1  0.000e+00
  1025.7332     64.682     65.221    32.0681     4.2621          1          1  0.000e+00
  1025.7274     64.602     65.141    32.0613     4.2622          1          1  0.000e+00
  1025.7298     64.513     65.051    32.0647     4.2609          1          1  0.000e+00
  1025.7285     64.421     64.958    32.0636     4.2603          1          1  0.000e+00
  1025.7264     64.331     64.867    32.0613     4.2597          1          1  0.000e+00
  1025.7271     64.248     64.784    32.0626     4.2588          1          1  0.000e+00
  1025.7272     64.174     64.709    32.0631     4.2583          1          1  0.000e+00
  1025.7267     64.106     64.641    32.0628     4.2580          1          1  0.000e+00
  1025.7251     64.051     64.585    32.0611     4.2578          1          1  0.000e+00
  1025.7268     64.001     64.535    32.0635     4.2571          1          1  0.000e+00
  1025.7298     63.963     64.496    32.0674     4.2568          1          1  0.000e+00
  1025.7430     63.941     64.474    32.0843     4.2574          1          1  0.000e+00
  1025.7537     63.934     64.467    32.0983     4.2613          1          1  0.000e+00
  1025.7529     63.934     64.467    32.0982     4.2680          1          1  0.000e+00
  1025.7461     63.877     64.410    32.0907     4.2743          1          1  0.000e+00
  1025.7376     63.811     64.343    32.0808     4.2777          1          1  0.000e+00
  1025.7348     63.749     64.280    32.0777     4.2783          1          1  0.000e+00
  1025.7381     63.721     64.253    32.0821     4.2780          1          1  0.000e+00
  1025.7384     63.710     64.242    32.0824     4.2781          1          1  0.000e+00
  1025.7426     63.715     64.246    32.0878     4.2787          1          1  0.000e+00
  1025.7485     63.733     64.264    32.0954     4.2803          1          1  0.000e+00
  1025.7507     63.747     64.278    32.0984     4.2830          1          1  0.000e+00
  1025.7525     63.751     64.282    32.1011     4.2863          1          1  0.000e+00
  1025.7505     63.741     64.273    32.0990     4.2896          1          1  0.000e+00
  1025.7486     63.723     64.255    32.0971     4.2921          1          1  0.000e+00
  1025.7474     63.680     64.211    32.0961     4.2938          1          1  0.000e+00
  1025.7429     63.598     64.129    32.0910     4.2948          1          1  0.000e+00
  1025.7451     63.472     64.001    32.0945     4.2948          1          1  0.000e+00
  1025.7458     63.311     63.839    32.0964     4.2953          1          1  0.000e+00
  1025.7447     63.120     63.646    32.0962     4.2963          1          1  0.000e+00
  1025.7444     62.903     63.427    32.0974     4.2973          1          1  0.000e+00
  1025.7449     62.668     63.191    32.0994     4.2984          1          1  0.000e+00
  1025.7475     62.435     62.956    32.1043     4.2998          1          1  0.000e+00
  1025.7501     62.204     62.723    32.1092     4.3019          1          1  0.000e+00
  1025.7521     61.985     62.501    32.1134     4.3047          1          1  0.000e+00
  1025.7489     61.792     62.307    32.1110     4.3080          1          1  0.000e+00
  1025.7479     61.627     62.141    32.1110     4.3104          1          1  0.000e+00
  1025.7477     61.497     62.009    32.1117     4.3121          1          1  0.000e+00
  1025.7403     61.389     61.900    32.1032     4.3134          1          1  0.000e+00
  1025.7138     61.315     61.826    32.0701     4.3123          1          1  0.000e+00
  1025.7097     61.271     61.782    32.0641     4.3040          1          1  0.000e+00
  1025.7440     61.266     61.776    32.1061     4.2943          1          1  0.000e+00
  1025.7277     61.282     61.792    32.0855     4.2942          1          1  0.000e+00
  1025.7038     61.311     61.822    32.0550     4.2928          1          1  0.000e+00
  1025.6688     61.359     61.870    32.0095     4.2838          1          1  0.000e+00
  1025.6770     61.415     61.927    32.0171     4.2655          1          1  0.000e+00
  1025.6878     61.469     61.982    32.0284     4.2499          1          1  0.000e+00
  1025.6939     61.513     62.026    32.0346     4.2403          1          1  0.000e+00
  1025.6993     61.538     62.051    32.0405     4.2344          1          1  0.000e+00
  1025.7041     61.535     62.048    32.0462     4.2311          1          1  0.000e+00
  1025.7073     61.505     62.018    32.0502     4.2303          1          1  0.000e+00
  1025.7127     61.430     61.942    32.0576     4.2311          1          1  0.000e+00
  1025.7121     61.314     61.825    32.0578     4.2337          1          1  0.000e+00
  1025.7077     61.164     61.674    32.0535     4.2363          1          1  0.000e+00
  1025.7046     60.976     61.485    32.0509     4.2378          1          1  0.000e+00
  1025.7022     60.769     61.275    32.0493     4.2382          1          1  0.000e+00
  1025.6997     60.536     61.041    32.0474     4.2381          1          1  0.000e+00
  1025.6953     60.289     60.792    32.0433     4.2373          1          1  0.000e+00
  1025.6934     60.038     60.538    32.0421     4.2358          1          1  0.000e+00
  1025.6917     59.785     60.283    32.0413     4.2340          1          1  0.000e+00
  1025.6902     59.540     60.036    32.0407     4.2323          1          1  0.000e+00
  1025.6900     59.318     59.812    32.0415     4.2308          1          1  0.000e+00
  1025.6883     59.124     59.617    32.0403     4.2295          1          1  0.000e+00
  1025.6854     58.961     59.452    32.0376     4.2285          1          1  0.000e+00
  1025.6846     58.830     59.319    32.0371     4.2268          1          1  0.000e+00
  1025.6858     58.733     59.222    32.0389     4.2249          1          1  0.000e+00
  1025.6858     58.680     59.169    32.0391     4.2238          1          1  0.000e+00
  1025.6868     58.669     59.158    32.0403     4.2229          1          1  0.000e+00
  1025.6882     58.683     59.172    32.0419     4.2223          1          1  0.000e+00
  1025.6921     58.721     59.210    32.0467     4.2225          1          1  0.000e+00
  1025.6968     58.787     59.277    32.0524     4.2237          1          1  0.000e+00
  1025.6969     58.877     59.368    32.0521     4.2257          1          1  0.000e+00
  1025.6954     58.980     59.471    32.0499     4.2277          1          1  0.000e+00
  1025.6910     59.083     59.575    32.0439     4.2289          1          1  0.000e+00
  1025.6878     59.175     59.668    32.0392     4.2285          1          1  0.000e+00
