data/eDNA/PER-2022-473/473A013.cnv
* Sea-Bird SBE19plus  Data File:
* FileName = C:\Users\RSG_field\Ryan_Perley2022473\CTD\473A013.hex
* Software version 2.3.0 SB_Terminal.dll
* Temperature SN = 7141
* Conductivity SN = 7141
* System UpLoad Time = Aug 10 2022 15:29:52
* <ApplicationData>
* <SeatermAF>
** Platform: M. Perley
** Cruise: Per2022473
** Station:  ESI_16
** Cast: 01
** Latitude: N  44 30.3821
** Longitude: W 62 50.5517
** Sounding: 110
** Chief Scientist: Ryan Stanley
** Comment: CastID 473A013 Bottles 493828-493833 Cast 31
# nquan = 8
# nvalues = 3926                                  
# units = specified
# name 0 = density00: Density [density, kg/m^3]
# name 1 = depSM: Depth [salt water, m], lat = 45.00
# name 2 = prdM: Pressure, Strain Gauge [db]
# name 3 = sal00: Salinity, Practical [PSU]
# name 4 = tv290C: Temperature [ITS-90, deg C]
# name 5 = bpos: Bottle Position in Carousel
# name 6 = nbf: Bottles Fired
# name 7 = flag:  0.000e+00
# span 0 =   999.1712,  1026.6471                 
# span 1 =     -0.079,     99.023                 
# span 2 =     -0.079,     99.858                 
# span 3 =     0.0458,    33.4216                 
# span 4 =     3.5875,    15.0043                 
# span 5 =          0,          6                 
# span 6 =          0,          2                 
# span 7 = 0.0000e+00, 0.0000e+00                 
# interval = seconds: 0.25
# start_time = Aug 10 2022 15:09:09 [Instrument's time stamp, header]
# bad_flag = -9.990e-29
*END*
[from data line 899]
  1025.3333     28.813     29.051    31.8538     4.8484          0          0  0.000e+00
  1025.2765     28.941     29.180    31.7816     4.8500          0          0  0.000e+00
  1025.2654     29.095     29.335    31.7637     4.8281          0          0  0.000e+00
  1025.2642     29.274     29.516    31.7565     4.7943          0          0  0.000e+00
  1025.2930     29.479     29.722    31.7863     4.7543          0          0  0.000e+00
  1025.3039     29.698     29.943    31.7951     4.7274          0          0  0.000e+00
  1025.2878     29.926     30.173    31.7705     4.7053          0          0  0.000e+00
  1025.2738     30.152     30.401    31.7476     4.6756          0          0  0.000e+00
  1025.2528     30.365     30.616    31.7147     4.6365          0          0  0.000e+00
  1025.2780     30.556     30.808    31.7389     4.5874          0          0  0.000e+00
  1025.3140     30.710     30.964    31.7774     4.5423          0          0  0.000e+00
  1025.3350     30.812     31.067    31.7995     4.5123          0          0  0.000e+00
  1025.3500     30.864     31.119    31.8155     4.4929          0          0  0.000e+00
  1025.3687     30.868     31.123    31.8376     4.4812          0          0  0.000e+00
  1025.3757     30.835     31.089    31.8463     4.4797          0          0  0.000e+00
  1025.3817     30.776     31.030    31.8550     4.4852          0          0  0.000e+00
  1025.3734     30.700     30.953    31.8464     4.4960          0          0  0.000e+00
  1025.3965     30.616     30.869    31.8774     4.5065          0          0  0.000e+00
  1025.3930     30.547     30.800    31.8759     4.5268          0          0  0.000e+00
  1025.3847     30.502     30.754    31.8689     4.5500          0          0  0.000e+00
  1025.3842     30.491     30.743    31.8710     4.5710          0          0  0.000e+00
  1025.3656     30.515     30.767    31.8502     4.5918          0          0  0.000e+00
  1025.3338     30.580     30.833    31.8112     4.6034          0          0  0.000e+00
  1025.3032     30.684     30.937    31.7711     4.5967          0          0  0.000e+00
  1025.3260     30.813     31.068    31.7965     4.5768          0          0  0.000e+00
  1025.2927     30.966     31.222    31.7514     4.5597          0          0  0.000e+00
  1025.3141     31.133     31.391    31.7729     4.5253          0          0  0.000e+00
  1025.3410     31.318     31.577    31.8012     4.4909          0          0  0.000e+00
  1025.3526     31.507     31.767    31.8116     4.4667          0          0  0.000e+00
  1025.3586     31.686     31.948    31.8155     4.4468          0          0  0.000e+00
  1025.3452     31.851     32.114    31.7952     4.4277          0          0  0.000e+00
  1025.3390     31.994     32.259    31.7828     4.3987          0          0  0.000e+00
  1025.3689     32.107     32.372    31.8149     4.3606          0          0  0.000e+00
  1025.3902     32.197     32.463    31.8377     4.3330          0          0  0.000e+00
  1025.4028     32.269     32.535    31.8510     4.3167          0          0  0.000e+00
  1025.4116     32.328     32.595    31.8606     4.3071          0          0  0.000e+00
  1025.4164     32.375     32.642    31.8657     4.3021          0          0  0.000e+00
  1025.4186     32.408     32.675    31.8679     4.2998          0          0  0.000e+00
  1025.4277     32.439     32.708    31.8792     4.2993          0          0  0.000e+00
  1025.4285     32.466     32.734    31.8806     4.3043          0          0  0.000e+00
  1025.4229     32.494     32.762    31.8744     4.3114          0          0  0.000e+00
  1025.4216     32.521     32.790    31.8733     4.3170          0          0  0.000e+00
  1025.4177     32.556     32.825    31.8688     4.3221          0          0  0.000e+00
  1025.4179     32.604     32.873    31.8692     4.3256          0          0  0.000e+00
  1025.4145     32.624     32.894    31.8653     4.3289          0          0  0.000e+00
  1025.4099     32.679     32.949    31.8592     4.3301          0          0  0.000e+00
  1025.4135     32.715     32.985    31.8633     4.3279          0          0  0.000e+00
  1025.4120     32.807     33.078    31.8606     4.3255          0          0  0.000e+00
  1025.4194     32.897     33.169    31.8689     4.3218          0          0  0.000e+00
  1025.4243     33.011     33.284    31.8741     4.3201          0          0  0.000e+00
  1025.4278     33.142     33.416    31.8779     4.3208          0          0  0.000e+00
  1025.4346     33.282     33.557    31.8858     4.3226          0          0  0.000e+00
  1025.4419     33.422     33.698    31.8946     4.3256          0          0  0.000e+00
  1025.4447     33.559     33.836    31.8978     4.3294          0          0  0.000e+00
  1025.4435     33.679     33.957    31.8958     4.3319          0          0  0.000e+00
  1025.4430     33.773     34.052    31.8947     4.3320          0          0  0.000e+00
  1025.4439     33.847     34.127    31.8952     4.3310          0          0  0.000e+00
  1025.4448     33.906     34.186    31.8958     4.3292          0          0  0.000e+00
  1025.4464     33.951     34.232    31.8973     4.3274          0          0  0.000e+00
  1025.4469     33.999     34.280    31.8975     4.3258          0          0  0.000e+00
  1025.4491     34.048     34.329    31.8997     4.3237          0          0  0.000e+00
  1025.4501     34.114     34.396    31.9005     4.3228          0          0  0.000e+00
  1025.4524     34.196     34.479    31.9029     4.3231          0          0  0.000e+00
  1025.4574     34.285     34.569    31.9087     4.3231          0          0  0.000e+00
  1025.4670     34.379     34.664    31.9199     4.3207          0          0  0.000e+00
  1025.4710     34.482     34.767    31.9240     4.3182          0          0  0.000e+00
  1025.4708     34.588     34.874    31.9228     4.3159          0          0  0.000e+00
  1025.4711     34.700     34.987    31.9219     4.3107          0          0  0.000e+00
  1025.4682     34.809     35.097    31.9166     4.3028          0          0  0.000e+00
  1025.4640     34.918     35.207    31.9093     4.2919          0          0  0.000e+00
  1025.4610     35.026     35.316    31.9030     4.2769          0          0  0.000e+00
  1025.4644     35.132     35.423    31.9044     4.2596          0          0  0.000e+00
  1025.4718     35.234     35.525    31.9110     4.2427          0          0  0.000e+00
  1025.4807     35.323     35.615    31.9199     4.2286          0          0  0.000e+00
  1025.4872     35.402     35.695    31.9263     4.2183          0          0  0.000e+00
  1025.4900     35.472     35.766    31.9285     4.2111          0          0  0.000e+00
  1025.4877     35.526     35.820    31.9245     4.2051          0          0  0.000e+00
  1025.4892     35.566     35.860    31.9252     4.1976          0          0  0.000e+00
  1025.4949     35.601     35.895    31.9312     4.1903          0          0  0.000e+00
  1025.5053     35.624     35.919    31.9437     4.1862          0          0  0.000e+00
  1025.5097     35.648     35.943    31.9494     4.1881          0          0  0.000e+00
  1025.5090     35.674     35.969    31.9490     4.1936          0          0  0.000e+00
  1025.5041     35.718     36.014    31.9433     4.1992          0          0  0.000e+00
  1025.4956     35.786     36.082    31.9326     4.2029          0          0  0.000e+00
  1025.4835     35.876     36.173    31.9169     4.2026          0          0  0.000e+00
  1025.4825     35.989     36.286    31.9139     4.1948          0          0  0.000e+00
  1025.4589     36.122     36.421    31.8818     4.1818          0          0  0.000e+00
  1025.4517     36.267     36.568    31.8684     4.1548          0          0  0.000e+00
  1025.4559     36.422     36.724    31.8687     4.1206          0          0  0.000e+00
  1025.4471     36.581     36.884    31.8521     4.0838          0          0  0.000e+00
  1025.4646     36.731     37.035    31.8680     4.0424          0          0  0.000e+00
  1025.4838     36.868     37.173    31.8871     4.0075          0          0  0.000e+00
  1025.4967     36.984     37.290    31.8993     3.9799          0          0  0.000e+00
  1025.5089     37.087     37.394    31.9114     3.9586          0          0  0.000e+00
  1025.5232     37.175     37.483    31.9270     3.9428          0          0  0.000e+00
  1025.5260     37.252     37.561    31.9290     3.9338          0          0  0.000e+00
  1025.5297     37.322     37.631    31.9323     3.9271          0          0  0.000e+00
  1025.5248     37.384     37.693    31.9252     3.9214          0          0  0.000e+00
  1025.5293     37.433     37.742    31.9296     3.9136          0          0  0.000e+00
  1025.5336     37.475     37.785    31.9338     3.9068          0          0  0.000e+00
  1025.5436     37.509     37.819    31.9458     3.9029          0          0  0.000e+00
  1025.5515     37.544     37.855    31.9558     3.9044          0          0  0.000e+00
  1025.5487     37.579     37.890    31.9528     3.9111          0          0  0.000e+00
  1025.5410     37.617     37.928    31.9436     3.9175          0          0  0.000e+00
  1025.5381     37.662     37.973    31.9401     3.9205          0          0  0.000e+00
  1025.5425     37.711     38.023    31.9455     3.9214          0          0  0.000e+00
  1025.5381     37.770     38.082    31.9399     3.9239          0          0  0.000e+00
  1025.5172     37.830     38.143    31.9132     3.9240          0          0  0.000e+00
  1025.5138     37.897     38.211    31.9073     3.9135          0          0  0.000e+00
  1025.5237     37.969     38.283    31.9176     3.8988          0          0  0.000e+00
  1025.5306     38.048     38.363    31.9244     3.8878          0          0  0.000e+00
  1025.5340     38.134     38.450    31.9273     3.8802          0          0  0.000e+00
  1025.5289     38.227     38.543    31.9195     3.8739          0          0  0.000e+00
  1025.5328     38.334     38.651    31.9229     3.8657          0          0  0.000e+00
  1025.5362     38.449     38.767    31.9255     3.8581          0          0  0.000e+00
  1025.5359     38.577     38.897    31.9236     3.8519          0          0  0.000e+00
  1025.5388     38.714     39.035    31.9257     3.8458          0          0  0.000e+00
  1025.5400     38.857     39.179    31.9257     3.8399          0          0  0.000e+00
  1025.5269     39.006     39.329    31.9075     3.8335          0          0  0.000e+00
  1025.5204     39.148     39.472    31.8967     3.8182          0          0  0.000e+00
  1025.5364     39.278     39.603    31.9135     3.7967          0          0  0.000e+00
  1025.5375     39.392     39.718    31.9120     3.7780          0          0  0.000e+00
  1025.5464     39.486     39.813    31.9199     3.7558          0          0  0.000e+00
  1025.5536     39.568     39.895    31.9259     3.7340          0          0  0.000e+00
  1025.5525     39.640     39.968    31.9219     3.7148          0          0  0.000e+00
  1025.5642     39.704     40.033    31.9336     3.6931          0          0  0.000e+00
  1025.5702     39.759     40.089    31.9385     3.6736          0          0  0.000e+00
  1025.5770     39.809     40.139    31.9446     3.6554          0          0  0.000e+00
  1025.5914     39.845     40.175    31.9606     3.6395          0          0  0.000e+00
  1025.6099     39.874     40.204    31.9828     3.6308          0          0  0.000e+00
  1025.6164     39.896     40.227    31.9910     3.6330          0          0  0.000e+00
  1025.6139     39.905     40.235    31.9887     3.6411          0          0  0.000e+00
  1025.6121     39.915     40.246    31.9875     3.6496          0          0  0.000e+00
  1025.6064     39.923     40.253    31.9813     3.6584          0          0  0.000e+00
  1025.6047     39.937     40.267    31.9797     3.6646          0          0  0.000e+00
  1025.6051     39.957     40.288    31.9809     3.6705          0          0  0.000e+00
  1025.6004     39.990     40.321    31.9756     3.6778          0          0  0.000e+00
  1025.5802     40.037     40.369    31.9506     3.6839          0          0  0.000e+00
  1025.5710     40.097     40.429    31.9380     3.6778          0          0  0.000e+00
  1025.5657     40.172     40.505    31.9290     3.6613          0          0  0.000e+00
  1025.5722     40.264     40.598    31.9341     3.6403          0          0  0.000e+00
  1025.5870     40.383     40.717    31.9497     3.6196          0          0  0.000e+00
  1025.5990     40.511     40.847    31.9621     3.6045          0          0  0.000e+00
  1025.6120     40.654     40.991    31.9764     3.5947          0          0  0.000e+00
  1025.6226     40.807     41.145    31.9883     3.5893          0          0  0.000e+00
  1025.6383     40.964     41.303    32.0068     3.5875          0          0  0.000e+00
  1025.6480     41.123     41.464    32.0186     3.5918          0          0  0.000e+00
  1025.6489     41.271     41.613    32.0198     3.6000          0          0  0.000e+00
  1025.6596     41.408     41.751    32.0335     3.6087          0          0  0.000e+00
  1025.6621     41.533     41.877    32.0373     3.6209          0          0  0.000e+00
  1025.6552     41.637     41.982    32.0295     3.6334          0          0  0.000e+00
  1025.6488     41.727     42.073    32.0220     3.6428          0          0  0.000e+00
  1025.6589     41.803     42.150    32.0349     3.6489          0          0  0.000e+00
  1025.6819     41.860     42.206    32.0647     3.6582          0          0  0.000e+00
  1025.6677     41.901     42.248    32.0485     3.6753          0          0  0.000e+00
  1025.6605     41.924     42.272    32.0410     3.6894          0          0  0.000e+00
  1025.6442     41.931     42.278    32.0215     3.6980          0          0  0.000e+00
  1025.6316     41.927     42.275    32.0059     3.6993          0          0  0.000e+00
  1025.6289     41.919     42.266    32.0020     3.6956          0          0  0.000e+00
  1025.6276     41.908     42.256    31.9999     3.6909          0          0  0.000e+00
  1025.6270     41.906     42.254    31.9987     3.6862          0          0  0.000e+00
  1025.6247     41.919     42.266    31.9950     3.6807          0          0  0.000e+00
  1025.6350     41.951     42.298    32.0070     3.6746          0          0  0.000e+00
  1025.6383     42.007     42.355    32.0106     3.6719          0          0  0.000e+00
  1025.6610     42.081     42.430    32.0387     3.6723          0          0  0.000e+00
  1025.6762     42.174     42.524    32.0583     3.6807          0          0  0.000e+00
  1025.6885     42.290     42.640    32.0747     3.6950          0          0  0.000e+00
  1025.6882     42.412     42.763    32.0759     3.7145          0          0  0.000e+00
  1025.6798     42.550     42.902    32.0669     3.7333          0          0  0.000e+00
  1025.6880     42.693     43.047    32.0780     3.7475          0          0  0.000e+00
  1025.6988     42.835     43.190    32.0926     3.7635          0          0  0.000e+00
  1025.7000     42.974     43.330    32.0957     3.7833          0          0  0.000e+00
  1025.6966     43.102     43.459    32.0930     3.8033          0          0  0.000e+00
  1025.6893     43.218     43.576    32.0852     3.8204          0          0  0.000e+00
  1025.6836     43.312     43.671    32.0790     3.8331          0          0  0.000e+00
  1025.6816     43.391     43.751    32.0771     3.8418          0          0  0.000e+00
  1025.6787     43.454     43.814    32.0738     3.8476          0          0  0.000e+00
  1025.6772     43.503     43.863    32.0720     3.8515          0          0  0.000e+00
  1025.6766     43.538     43.899    32.0714     3.8539          0          0  0.000e+00
